"STATION","DATE","LATITUDE","LONGITUDE","ELEVATION","NAME","CDSD","CDSD_ATTRIBUTES","CLDD","CLDD_ATTRIBUTES","DP01","DP01_ATTRIBUTES","DP10","DP10_ATTRIBUTES","DP1X","DP1X_ATTRIBUTES","DT00","DT00_ATTRIBUTES","DT32","DT32_ATTRIBUTES","DX32","DX32_ATTRIBUTES","DX70","DX70_ATTRIBUTES","DX90","DX90_ATTRIBUTES","DYNT","DYNT_ATTRIBUTES","DYXP","DYXP_ATTRIBUTES","DYXT","DYXT_ATTRIBUTES","EMNT","EMNT_ATTRIBUTES","EMXP","EMXP_ATTRIBUTES","EMXT","EMXT_ATTRIBUTES","HDSD","HDSD_ATTRIBUTES","HTDD","HTDD_ATTRIBUTES","PRCP","PRCP_ATTRIBUTES","TAVG","TAVG_ATTRIBUTES","TMAX","TMAX_ATTRIBUTES","TMIN","TMIN_ATTRIBUTES"
"AGE00147707","1878-01","36.8","3.04","38.0","ALGIERS CAP CAXINE, AG","0.0","E","0.0",",E","9",",E","5",",E","1",",E","0",",E","0",",E","0",",E","0",",E","0",",E","18780114","+,,E","18780113",",,E","18780109",",,E","5.0",",E,14,+","46.2",",,E,13,","16.2",",E,09,","","","207.2",",E","96.3",",,,E","11.65",",E","13.99",",,,E","9.30",",,,E"
"AGE00147707","1878-02","36.8","3.04","38.0","ALGIERS CAP CAXINE, AG","0.0","E","0.0",",E","8",",E","5",",E","0",",E","0",",E","0",",E","0",",E","0",",E","0",",E","18780205","+,,E","18780202",",,E","18780214",",,E","7.0",",E,05,+","21.8",",,E,02,","20.1",",E,14,","","","158.9",",E","61.3",",,,E","12.66",",E","15.15",",,,E","10.17",",,,E"
"AGE00147707","1878-03","36.8","3.04","38.0","ALGIERS CAP CAXINE, AG","0.0","E","0.0",",E","6",",E","3",",E","0",",E","0",",E","0",",E","0",",E","1",",E","0",",E","18780319",",,E","18780325",",,E","18780327",",,E","7.6",",E,19,","11.0",",,E,25,","21.8",",E,27,","","","142.2",",E","29.5",",,,E","13.75",",E","16.30",",,,E","11.19",",,,E"
"AGE00147707","1878-04","36.8","3.04","38.0","ALGIERS CAP CAXINE, AG","19.3","E","19.3",",E","1",",E","0",",E","0",",E","0",",E","0",",E","0",",E","11",",E","0",",E","18780401",",,E","18780401",",,E","18780430",",,E","9.7",",E,01,","0.3",",,E,01,","31.0",",E,30,","","","42.4",",E","0.3",",,,E","17.56",",E","20.58",",,,E","14.54",",,,E"
"AGE00147707","1878-05","36.8","3.04","38.0","ALGIERS CAP CAXINE, AG","60.7","E","41.4",",E","3",",E","2",",E","0",",E","0",",E","0",",E","0",",E","17",",E","0",",E","18780519","+,,E","18780502",",,E","18780525",",,E","14.8",",E,19,+","13.9",",,E,02,","31.2",",E,25,","","","2.3",",E","17.7",",,,E","19.59",",E","22.43",",,,E","16.75",",,,E"
"AGE00147707","1878-06","36.8","3.04","38.0","ALGIERS CAP CAXINE, AG","165.2","E","104.5",",E","1",",E","0",",E","0",",E","0",",E","0",",E","0",",E","28",",E","0",",E","18780604","+,,E","18780622",",,E","18780628",",,E","17.0",",E,04,+","1.6",",,E,22,","29.0",",E,28,","","","0.0",",E","1.6",",,,E","21.82",",E","24.33",",,,E","19.30",",,,E"
"AGE00147707","1878-07","36.8","3.04","38.0","ALGIERS CAP CAXINE, AG","346.6","E","181.4",",E","1",",E","0",",E","0",",E","0",",E","0",",E","0",",E","31",",E","2",",E","18780706",",,E","18780731",",,E","18780723",",,E","20.0",",E,06,","0.3",",,E,31,","36.0",",E,23,","0.0","E","0.0",",E","0.5",",,,E","24.19",",E","26.82",",,,E","21.55",",,,E"
"AGE00147707","1878-08","36.8","3.04","38.0","ALGIERS CAP CAXINE, AG","612.3","E","265.7",",E","1",",E","0",",E","0",",E","0",",E","0",",E","0",",E","31",",E","4",",E","18780801",",,E","18780811",",,E","18780831",",,E","21.6",",E,01,","0.7",",,E,11,","39.8",",E,31,","0.0","E","0.0",",E","0.7",",,,E","26.90",",E","29.91",",,,E","23.90",",,,E"
"AGE00147707","1878-09","36.8","3.04","38.0","ALGIERS CAP CAXINE, AG","759.9","E","147.6",",E","2",",E","1",",E","0",",E","0",",E","0",",E","0",",E","30",",E","0",",E","18780925",",,E","18780926",",,E","18780904",",,E","16.6",",E,25,","3.5",",,E,26,","28.1",",E,04,","0.0","E","0.0",",E","5.0",",,,E","23.25",",E","25.51",",,,E","21.00",",,,E"
"AGE00147707","1878-10","36.8","3.04","38.0","ALGIERS CAP CAXINE, AG","865.5","E","105.6",",E","6",",E","5",",E","0",",E","0",",E","0",",E","0",",E","28",",E","2",",E","18781029",",,E","18781009",",,E","18781006",",,E","14.8",",E,29,","18.0",",,E,09,","34.6",",E,06,","3.0","E","3.0",",E","59.5",",,,E","21.64",",E","24.34",",,,E","18.94",",,,E"
"AGE00147707","1878-11","36.8","3.04","38.0","ALGIERS CAP CAXINE, AG","876.1","E","10.6","1,E","15",",E","8",",E","2",",E","0","1,E","0","1,E","0",",E","8",",E","0",",E","18781121",",1,E","18781121",",,E","18781125",",,E","7.0","1,E,21,","35.2",",,E,21,","26.6",",E,25,","87.7","E","84.7",",E","115.2",",,,E","15.74","1,E","19.03",",,,E","12.45","1,,,E"
"AGE00147707","1878-12","36.8","3.04","38.0","ALGIERS CAP CAXINE, AG","880.7","E","4.6",",E","9",",E","3",",E","0",",E","0",",E","0",",E","0",",E","7",",E","0",",E","18781206",",,E","18781211",",,E","18781220",",,E","7.0",",E,06,","5.4",",,E,11,","24.8",",E,20,","196.8","E","109.1",",E","20.7",",,,E","14.96",",E","18.08",",,,E","11.84",",,,E"
"AGE00147707","1879-01","36.8","3.04","38.0","ALGIERS CAP CAXINE, AG","1.3","E","1.3",",E","7",",E","4",",E","0",",E","0",",E","0",",E","0",",E","3",",E","0",",E","18790131",",,E","18790130",",,E","18790122",",,E","9.4",",E,31,","12.1",",,E,30,","27.0",",E,22,","327.0","E","130.2",",E","31.9",",,,E","14.18",",E","17.19",",,,E","11.16",",,,E"
"AGE00147707","1879-02","36.8","3.04","38.0","ALGIERS CAP CAXINE, AG","5.9","E","4.6",",E","5",",E","5",",E","1",",E","0",",E","0",",E","0",",E","3",",E","0",",E","18790226",",,E","18790224",",,E","18790210",",,E","4.2",",E,26,","42.4",",,E,24,","25.8",",E,10,","447.2","E","120.2",",E","77.4",",,,E","14.21",",E","17.04",",,,E","11.38",",,,E"
"AGE00147707","1879-03","36.8","3.04","38.0","ALGIERS CAP CAXINE, AG","9.1","E","3.2",",E","7",",E","5",",E","0",",E","0",",E","0",",E","0",",E","3",",E","0",",E","18790301",",,E","18790321",",,E","18790331",",,E","6.0",",E,01,","11.0",",,E,21,","26.8",",E,31,","587.5","E","140.3",",E","29.9",",,,E","13.91",",E","16.91",",,,E","10.90",",,,E"
"AGE00147707","1879-04","36.8","3.04","38.0","ALGIERS CAP CAXINE, AG","11.8","E","2.7",",E","8",",E","4",",E","0",",E","0",",E","0",",E","0",",E","4",",E","0",",E","18790412",",,E","18790412",",,E","18790427",",,E","9.8",",E,12,","10.6",",,E,12,","23.0",",E,27,","679.2","E","91.7",",E","32.0",",,,E","15.37",",E","18.15",",,,E","12.58",",,,E"
"AGE00147707","1879-05","36.8","3.04","38.0","ALGIERS CAP CAXINE, AG","17.8","E","6.0",",E","6",",E","1",",E","0",",E","0",",E","0",",E","0",",E","5",",E","0",",E","18790504",",,E","18790508",",,E","18790523",",,E","10.2",",E,04,","10.1",",,E,08,","26.0",",E,23,","748.2","E","69.0",",E","15.2",",,,E","16.30",",E","19.03",",,,E","13.57",",,,E"
"AGE00147707","1879-06","36.8","3.04","38.0","ALGIERS CAP CAXINE, AG","130.4","E","112.6",",E","1",",E","0",",E","0",",E","0",",E","0",",E","0",",E","30",",E","3",",E","18790601",",,E","18790621",",,E","18790628",",,E","15.1",",E,01,","0.3",",,E,21,","41.0",",E,28,","748.2","E","0.0",",E","0.3",",,,E","22.09",",E","25.75",",,,E","18.42",",,,E"
"AGE00147707","1879-07","36.8","3.04","38.0","ALGIERS CAP CAXINE, AG","273.2","E","142.8",",E","1",",E","0",",E","0",",E","0",",E","0",",E","0",",E","31",",E","1",",E","18790708",",,E","18790729",",,E","18790714",",,E","18.4",",E,08,","0.3",",,E,29,","33.4",",E,14,","0.0","E","0.0",",E","0.5",",,,E","22.94",",E","25.62",",,,E","20.26",",,,E"
"AGE00147707","1879-08","36.8","3.04","38.0","ALGIERS CAP CAXINE, AG","443.5","E","170.3",",E","6",",E","0",",E","0",",E","0",",E","0",",E","0",",E","31",",E","2",",E","18790803","+,,E","18790814",",,E","18790822",",,E","17.2",",E,03,+","0.8",",,E,14,","32.8",",E,22,","0.0","E","0.0",",E","2.8",",,,E","23.83",",E","27.03",",,,E","20.62",",,,E"
"AGE00147707","1879-09","36.8","3.04","38.0","ALGIERS CAP CAXINE, AG","585.3","E","141.8",",E","7",",E","4",",E","1",",E","0",",E","0",",E","0",",E","28",",E","0",",E","18790928",",,E","18790928",",,E","18790901",",,E","12.8",",E,28,","38.1",",,E,28,","31.8",",E,01,","4.4","E","4.4",",E","60.9",",,,E","22.91",",E","25.63",",,,E","20.19",",,,E"
"AGE00147707","1879-10","36.8","3.04","38.0","ALGIERS CAP CAXINE, AG","643.9","E","58.6",",E","1",",E","0",",E","0",",E","0",",E","0",",E","0",",E","20",",E","0",",E","18791018",",,E","18791025",",,E","18791028",",,E","14.5",",E,18,","0.3",",,E,25,","30.0",",E,28,","10.3","E","5.9",",E","0.7",",,,E","20.03",",E","22.55",",,,E","17.51",",,,E"
"AGE00147707","1879-11","36.8","3.04","38.0","ALGIERS CAP CAXINE, AG","694.6","E","50.7",",E","5",",E","3",",E","0",",E","0",",E","0",",E","0",",E","14",",E","0",",E","18791117",",,E","18791116",",,E","18791125",",,E","10.2",",E,17,","16.6",",,E,16,","29.2",",E,25,","50.0","E","39.7",",E","39.8",",,,E","18.70",",E","21.67",",,,E","15.73",",,,E"
"AGE00147707","1879-12","36.8","3.04","38.0","ALGIERS CAP CAXINE, AG","697.0","E","2.4",",E","12",",E","8",",E","2",",E","0",",E","0",",E","0",",E","2",",E","0",",E","18791215",",,E","18791201",",,E","18791204",",,E","5.2",",E,15,","69.8",",,E,01,","24.8",",E,04,","228.7","E","178.7",",E","187.4",",,,E","12.64",",E","15.79",",,,E","9.49",",,,E"
