"STATION","DATE","LATITUDE","LONGITUDE","ELEVATION","NAME","CDSD","CDSD_ATTRIBUTES","CLDD","CLDD_ATTRIBUTES","DP01","DP01_ATTRIBUTES","DP10","DP10_ATTRIBUTES","DP1X","DP1X_ATTRIBUTES","DSND","DSND_ATTRIBUTES","DSNW","DSNW_ATTRIBUTES","DT00","DT00_ATTRIBUTES","DT32","DT32_ATTRIBUTES","DX32","DX32_ATTRIBUTES","DX70","DX70_ATTRIBUTES","DX90","DX90_ATTRIBUTES","DYNT","DYNT_ATTRIBUTES","DYSD","DYSD_ATTRIBUTES","DYSN","DYSN_ATTRIBUTES","DYXP","DYXP_ATTRIBUTES","DYXT","DYXT_ATTRIBUTES","EMNT","EMNT_ATTRIBUTES","EMSD","EMSD_ATTRIBUTES","EMSN","EMSN_ATTRIBUTES","EMXP","EMXP_ATTRIBUTES","EMXT","EMXT_ATTRIBUTES","HDSD","HDSD_ATTRIBUTES","HTDD","HTDD_ATTRIBUTES","PRCP","PRCP_ATTRIBUTES","SNOW","SNOW_ATTRIBUTES","TAVG","TAVG_ATTRIBUTES","TMAX","TMAX_ATTRIBUTES","TMIN","TMIN_ATTRIBUTES"
"CA005041535","2001-08","50.4167","-98.8","264.0","LANGRUTH WEST, MB CA","","","","","7",",C","1",",C","1",",C","0",",C","0",",C","0","4,C","0","4,C","0","4,C","23","4,C","2","4,C","20010831",",4,C","20010831","+,,C","20010831","+,,C","20010804",",,C","20010804",",4,C","4.5","4,C,31,","0",",,C,31,+","0",",,C,31,+","48.0",",,C,04,","33.5","4,C,04,","","","","","56.1",",,,C","0",",,,C","19.59","6,C","26.24","4,,,C","12.94","4,,,C"
"CA005041535","2001-09","50.4167","-98.8","264.0","LANGRUTH WEST, MB CA","","","3.9",",C","10",",C","4",",C","0",",C","0",",C","0",",C","0",",C","5",",C","0",",C","12",",C","0",",C","20010923",",,C","20010930","+,,C","20010930","+,,C","20010921",",,C","20010929",",,C","-3.0",",C,23,","0",",,C,30,+","0",",,C,30,+","12.6",",,C,21,","28.0",",C,29,","","","156.9",",C","28.6",",,,C","0",",,,C","13.23",",C","20.52",",,,C","5.95",",,,C"
"CA005041535","2001-10","50.4167","-98.8","264.0","LANGRUTH WEST, MB CA","","","0.0",",C","6",",C","2",",C","0",",C","0",",C","0",",C","0",",C","20",",C","0",",C","0",",C","0",",C","20011022",",,C","20011031","+,,C","20011024",",,C","20011031",",,C","20011001",",,C","-8.0",",C,22,","0",",,C,31,+","12",",,C,24,","8.2",",,C,31,","21.0",",C,01,","","","427.6",",C","15.0",",,,C","12",",,,C","4.54",",C","10.05",",,,C","-0.97",",,,C"
"CA005041535","2001-11","50.4167","-98.8","264.0","LANGRUTH WEST, MB CA","","","0.0",",C","2",",C","0",",C","0",",C","0",",C","0",",C","0",",C","26",",C","6",",C","0",",C","0",",C","20011129",",,C","20011130","+,,C","20011122",",,C","20011111",",,C","20011105",",,C","-10.0",",C,29,","0",",,C,30,+","10",",,C,22,","2.0",",,C,11,","19.0",",C,05,","","","527.0",",C","3.0",",,,C","10",",,,C","0.77",",C","5.12",",,,C","-3.58",",,,C"
"CA005041535","2001-12","50.4167","-98.8","264.0","LANGRUTH WEST, MB CA","","","0.0",",C","6",",C","4",",C","0",",C","","","4",",C","11",",C","31",",C","26",",C","0",",C","0",",C","20011223",",,C","","","20011205",",,C","20011205",",,C","20011209",",,C","-25.0",",C,23,","","","150",",,C,05,","15.0",",,C,05,","4.0",",C,09,","","","894.6",",C","36.0",",,,C","360",",,,C","-10.52",",C","-5.39",",,,C","-15.66",",,,C"
"CA005041535","2002-01","50.4167","-98.8","264.0","LANGRUTH WEST, MB CA","0.0","C","0.0",",C","4",",C","4",",C","0",",C","","","4",",C","19",",C","31",",C","24",",C","0",",C","0",",C","20020128",",,C","","","20020125",",,C","20020125",",,C","20020108",",,C","-37.0",",C,28,","","","80",",,C,25,","8.0",",,C,25,","8.5",",C,08,","","","1016.1",",C","21.3",",,,C","213",",,,C","-14.44",",C","-8.97",",,,C","-19.92",",,,C"
"CA005041535","2002-02","50.4167","-98.8","264.0","LANGRUTH WEST, MB CA","0.0","C","0.0",",C","2",",C","0",",C","0",",C","","","0",",C","11",",C","28",",C","16",",C","0",",C","0",",C","20020201",",,C","","","20020227",",,C","20020227",",,C","20020222",",,C","-33.5",",C,01,","","","6",",,C,27,","0.6",",,C,27,","8.0",",C,22,","","","754.3",",C","1.0",",,,C","10",",,,C","-8.61",",C","-2.43",",,,C","-14.79",",,,C"
"CA005041535","2002-03","50.4167","-98.8","264.0","LANGRUTH WEST, MB CA","0.0","C","0.0",",C","10",",C","7",",C","0",",C","","","7",",C","16",",C","31",",C","27",",C","0",",C","0",",C","20020325",",,C","","","20020317","+,,C","20020317","+,,C","20020327",",,C","-30.0",",C,25,","","","60",",,C,17,+","6.0",",,C,17,+","7.5",",C,27,","","","937.6",",C","35.7",",,,C","357",",,,C","-11.91",",C","-5.97",",,,C","-17.85",",,,C"
"CA005041535","2002-04","50.4167","-98.8","264.0","LANGRUTH WEST, MB CA","0.0","C","0.0",",C","6",",C","5",",C","0",",C","0",",C","2",",C","0",",C","24",",C","6",",C","0",",C","0",",C","20020403",",,C","20020430","+,,C","20020416",",,C","20020416",",,C","20020413",",,C","-14.5",",C,03,","0",",,C,30,+","60",",,C,16,","13.7",",,C,16,","20.0",",C,13,","","","499.5",",C","32.7",",,,C","90",",,,C","1.68",",C","7.62",",,,C","-4.25",",,,C"
"CA005041535","2002-05","50.4167","-98.8","264.0","LANGRUTH WEST, MB CA","4.8","C","4.8",",C","8",",C","4",",C","0",",C","0",",C","3",",C","0",",C","18",",C","0",",C","8",",C","0",",C","20020507",",,C","20020531","+,,C","20020504",",,C","20020522",",,C","20020528",",,C","-8.0",",C,07,","0",",,C,31,+","30",",,C,04,","13.7",",,C,22,","29.0",",C,28,","","","318.9",",C","35.8",",,,C","80",",,,C","8.20",",C","15.87",",,,C","0.53",",,,C"
"CA005041535","2002-06","50.4167","-98.8","264.0","LANGRUTH WEST, MB CA","53.9","C","49.1",",C","15",",C","10",",C","2",",C","0",",C","0",",C","0",",C","0",",C","0",",C","22",",C","2",",C","20020602",",,C","20020630","+,,C","20020630","+,,C","20020610",",,C","20020629",",,C","2.5",",C,02,","0",",,C,30,+","0",",,C,30,+","26.4",",,C,10,","33.5",",C,29,","","","63.1",",C","128.0",",,,C","0",",,,C","17.87",",C","24.28",",,,C","11.45",",,,C"
"CA005041535","2002-07","50.4167","-98.8","264.0","LANGRUTH WEST, MB CA","141.0","C","87.1",",C","10",",C","6",",C","0",",C","0",",C","0",",C","0",",C","0",",C","0",",C","30",",C","3",",C","20020704",",,C","20020731","+,,C","20020731","+,,C","20020720",",,C","20020726","+,,C","6.5",",C,04,","0",",,C,31,+","0",",,C,31,+","18.2",",,C,20,","33.5",",C,26,+","15.2","C","15.2",",C","67.8",",,,C","0",",,,C","20.65",",C","27.52",",,,C","13.79",",,,C"
"CA005041535","2002-08","50.4167","-98.8","264.0","LANGRUTH WEST, MB CA","165.3","C","24.3",",C","16",",C","10",",C","1",",C","0",",C","0",",C","0",",C","0",",C","0",",C","24",",C","0",",C","20020818",",,C","20020831","+,,C","20020831","+,,C","20020816",",,C","20020825",",,C","3.0",",C,18,","0",",,C,31,+","0",",,C,31,+","25.8",",,C,16,","30.5",",C,25,","64.8","C","49.6",",C","128.4",",,,C","0",",,,C","17.52",",C","23.73",",,,C","11.31",",,,C"
"CA005041535","2002-09","50.4167","-98.8","264.0","LANGRUTH WEST, MB CA","169.3","C","4.0",",C","8",",C","4",",C","0",",C","0",",C","0",",C","0",",C","6",",C","0",",C","14",",C","0",",C","20020928",",,C","20020930","+,,C","20020930","+,,C","20020904",",,C","20020917",",,C","-9.0",",C,28,","0",",,C,30,+","0",",,C,30,+","13.0",",,C,04,","28.5",",C,17,","235.3","C","170.5",",C","40.6",",,,C","0",",,,C","12.78",",C","19.10",",,,C","6.47",",,,C"
"CA005041535","2002-10","50.4167","-98.8","264.0","LANGRUTH WEST, MB CA","169.3","C","0.0",",C","6",",C","3",",C","0",",C","","","2",",C","0",",C","26",",C","5",",C","1",",C","0",",C","20021030",",,C","","","20021019",",,C","20021019",",,C","20021010",",,C","-15.0",",C,30,","","","50",",,C,19,","5.0",",,C,19,","25.0",",C,10,","803.6","C","568.3",",C","16.5",",,,C","110",",,,C","0.00",",C","5.61",",,,C","-5.61",",,,C"
"CA005041535","2002-11","50.4167","-98.8","264.0","LANGRUTH WEST, MB CA","169.3","C","0.0",",C","3",",C","1",",C","0",",C","","","1",",C","5",",C","30",",C","18",",C","0",",C","0",",C","20021126","+,,C","","","20021109",",,C","20021109",",,C","20021107",",,C","-21.0",",C,26,+","","","50",",,C,09,","5.0",",,C,09,","9.5",",C,07,","1524.3","C","720.7",",C","8.2",",,,C","50",",,,C","-5.69",",C","-1.18",",,,C","-10.20",",,,C"
"CA005041535","2002-12","50.4167","-98.8","264.0","LANGRUTH WEST, MB CA","169.3","C","0.0",",C","6",",C","5",",C","0",",C","","","5",",C","7",",C","31",",C","28",",C","0",",C","0",",C","20021203",",,C","","","20021220",",,C","20021220",",,C","20021210",",,C","-27.5",",C,03,","","","50",",,C,20,","5.0",",,C,20,","4.5",",C,10,","2365.4","C","841.1",",C","19.0",",,,C","190",",,,C","-8.80",",C","-4.60",",,,C","-13.00",",,,C"
"CA005041535","2003-01","50.4167","-98.8","264.0","LANGRUTH WEST, MB CA","0.0","C","0.0",",C","2",",C","2",",C","0",",C","","","2",",C","20",",C","31",",C","28",",C","0",",C","0",",C","20030123",",,C","","","20030126","+,,C","20030126","+,,C","20030107",",,C","-36.0",",C,23,","","","25",",,C,26,+","2.5",",,C,26,+","7.0",",C,07,","3400.5","C","1035.1",",C","5.0",",,,C","50",",,,C","-15.06",",C","-9.92",",,,C","-20.19",",,,C"
"CA005041535","2003-02","50.4167","-98.8","264.0","LANGRUTH WEST, MB CA","0.0","C","0.0",",C","3",",C","3",",C","0",",C","","","3",",C","21",",C","28",",C","28",",C","0",",C","0",",C","20030224",",,C","","","20030217",",,C","20030217",",,C","20030219",",,C","-38.0",",C,24,","","","100",",,C,17,","10.0",",,C,17,","-2.0",",C,19,","4431.6","C","1031.1",",C","17.5",",,,C","175",",,,C","-18.49",",C","-12.64",",,,C","-24.34",",,,C"
"CA005041535","2003-03","50.4167","-98.8","264.0","LANGRUTH WEST, MB CA","0.0","C","0.0",",C","4",",C","3",",C","0",",C","","","1",",C","13",",C","29",",C","13",",C","0",",C","0",",C","20030302",",,C","","","20030305",",,C","20030323",",,C","20030322",",,C","-41.0",",C,02,","","","50",",,C,05,","12.0",",,C,23,","14.5",",C,22,","5255.9","C","824.3",",C","22.4",",,,C","70",",,,C","-8.26",",C","-2.63",",,,C","-13.89",",,,C"
"CA005041535","2003-04","50.4167","-98.8","264.0","LANGRUTH WEST, MB CA","0.0","C","0.0",",C","4",",C","4",",C","0",",C","","","1",",C","0",",C","20",",C","4",",C","4",",C","0",",C","20030405","+,,C","","","20030403",",,C","20030427",",,C","20030409",",,C","-10.0",",C,05,+","","","200",",,C,03,","22.0",",,C,27,","25.0",",C,09,","5653.1","C","397.2",",C","75.2",",,,C","200",",,,C","5.09",",C","12.12",",,,C","-1.93",",,,C"
"CA005041535","2003-05","50.4167","-98.8","264.0","LANGRUTH WEST, MB CA","2.6","C","2.6",",C","7",",C","4",",C","0",",C","0",",C","0",",C","0",",C","5",",C","0",",C","15",",C","0",",C","20030501",",,C","20030531","+,,C","20030531","+,,C","20030529",",,C","20030528","+,,C","-4.5",",C,01,","0",",,C,31,+","0",",,C,31,+","15.4",",,C,29,","28.0",",C,28,+","5840.8","C","187.7",",C","35.9",",,,C","0",",,,C","12.36",",C","20.08",",,,C","4.65",",,,C"
"CA005041535","2003-06","50.4167","-98.8","264.0","LANGRUTH WEST, MB CA","23.9","C","21.3",",C","11",",C","6",",C","0",",C","0",",C","0",",C","0",",C","0",",C","0",",C","23",",C","0",",C","20030601",",,C","20030630","+,,C","20030630","+,,C","20030606",",,C","20030620","+,,C","2.0",",C,01,","0",",,C,30,+","0",",,C,30,+","20.0",",,C,06,","31.0",",C,20,+","5910.6","C","69.8",",C","77.0",",,,C","0",",,,C","16.72",",C","23.73",",,,C","9.70",",,,C"
"CA005041535","2003-07","50.4167","-98.8","264.0","LANGRUTH WEST, MB CA","89.8","C","65.9",",C","9",",C","5",",C","0",",C","0",",C","0",",C","0",",C","0",",C","0",",C","30",",C","5",",C","20030708",",,C","20030731","+,,C","20030731","+,,C","20030714",",,C","20030713",",,C","3.5",",C,08,","0",",,C,31,+","0",",,C,31,+","10.8",",,C,14,","34.0",",C,13,","17.5","C","17.5",",C","42.6",",,,C","0",",,,C","19.89",",C","27.23",",,,C","12.56",",,,C"
"CA005041535","2003-08","50.4167","-98.8","264.0","LANGRUTH WEST, MB CA","222.4","C","132.6",",C","4",",C","4",",C","0",",C","0",",C","0",",C","0",",C","0",",C","0",",C","28",",C","14",",C","20030829","+,,C","20030831","+,,C","20030831","+,,C","20030827","+,,C","20030817",",,C","4.0",",C,29,+","0",",,C,31,+","0",",,C,31,+","16.0",",,C,27,+","39.0",",C,17,","37.4","C","19.9",",C","38.0",",,,C","0",",,,C","21.97",",C","30.48",",,,C","13.45",",,,C"
"CA005041535","2003-09","50.4167","-98.8","264.0","LANGRUTH WEST, MB CA","231.4","C","9.0",",C","8",",C","4",",C","2",",C","0",",C","0",",C","0",",C","6",",C","0",",C","10",",C","0",",C","20030930",",,C","20030930","+,,C","20030930","+,,C","20030921",",,C","20030908",",,C","-3.5",",C,30,","0",",,C,30,+","0",",,C,30,+","39.4",",,C,21,","31.0",",C,08,","242.6","C","205.2",",C","106.9",",,,C","0",",,,C","11.79",",C","18.00",",,,C","5.58",",,,C"
"CA005041535","2003-10","50.4167","-98.8","264.0","LANGRUTH WEST, MB CA","231.4","C","0.0",",C","6",",C","2",",C","0",",C","","","2",",C","0",",C","14",",C","1",",C","4",",C","0",",C","20031001",",,C","","","20031027",",,C","20031027",",,C","20031006",",,C","-7.0",",C,01,","","","100",",,C,27,","12.0",",,C,27,","28.5",",C,06,","602.2","C","359.6",",C","22.4",",,,C","178",",,,C","6.73",",C","13.16",",,,C","0.31",",,,C"
"CA005041535","2003-11","50.4167","-98.8","264.0","LANGRUTH WEST, MB CA","231.4","C","0.0",",C","2",",C","2",",C","0",",C","","","2",",C","7",",C","30",",C","19",",C","0",",C","0",",C","20031124",",,C","","","20031124",",,C","20031124",",,C","20031114",",,C","-23.0",",C,24,","","","100",",,C,24,","10.0",",,C,24,","10.0",",C,14,","1365.9","C","763.7",",C","15.0",",,,C","150",",,,C","-7.13",",C","-1.88",",,,C","-12.37",",,,C"
"CA005041535","2003-12","50.4167","-98.8","264.0","LANGRUTH WEST, MB CA","231.4","C","0.0",",C","3",",C","3",",C","0",",C","","","3",",C","9",",C","31",",C","26",",C","0",",C","0",",C","20031211",",,C","","","20031227",",,C","20031227",",,C","20031220",",,C","-34.0",",C,11,","","","200",",,C,27,","20.0",",,C,27,","7.0",",C,20,","2233.7","C","867.8",",C","37.5",",,,C","375",",,,C","-9.66",",C","-4.48",",,,C","-14.84",",,,C"
"CA005041535","2004-01","50.4167","-98.8","264.0","LANGRUTH WEST, MB CA","0.0","C","0.0",",C","6",",C","6",",C","0",",C","","","6",",C","28",",C","31",",C","31",",C","0",",C","0",",C","20040130",",,C","","","20040113",",,C","20040113",",,C","20040121",",,C","-44.5",",C,30,","","","170",",,C,13,","17.0",",,C,13,","-5.0",",C,21,","3496.0","C","1262.3",",C","58.5",",,,C","585",",,,C","-22.39",",C","-17.37",",,,C","-27.40",",,,C"
"CA005041535","2004-02","50.4167","-98.8","264.0","LANGRUTH WEST, MB CA","0.0","C","0.0",",C","0",",C","0",",C","0",",C","","","0",",C","14",",C","29",",C","24",",C","0",",C","0",",C","20040215",",,C","","","20040219","+,,C","20040219","+,,C","20040227",",,C","-34.5",",C,15,","","","0",",T,C,19,+","0.0",",T,C,19,+","4.5",",C,27,","4357.2","C","861.2",",C","0.0",",T,,C","0",",T,,C","-11.36",",C","-5.95",",,,C","-16.78",",,,C"
"CA005041535","2004-03","50.4167","-98.8","264.0","LANGRUTH WEST, MB CA","0.0","C","0.0",",C","5",",C","2",",C","0",",C","","","0",",C","6",",C","31",",C","14",",C","0",",C","0",",C","20040315",",,C","","","20040312",",,C","20040326",",,C","20040331","+,,C","-23.0",",C,15,","","","20",",,C,12,","19.4",",,C,26,","10.5",",C,31,+","5073.3","C","716.1",",C","34.4",",,,C","46",",,,C","-4.77",",C","0.71",",,,C","-10.24",",,,C"
"CA005041535","2004-04","50.4167","-98.8","264.0","LANGRUTH WEST, MB CA","0.0","C","0.0",",C","4",",C","2",",C","0",",C","0",",C","1",",C","0",",C","25",",C","0",",C","2",",C","0",",C","20040411",",,C","20040430","+,,C","20040415",",,C","20040418",",,C","20040420",",,C","-9.0",",C,11,","0",",,C,30,+","50",",,C,15,","10.0",",,C,18,","22.0",",C,20,","5499.8","C","426.5",",C","17.0",",,,C","50",",,,C","4.12",",C","10.55",",,,C","-2.32",",,,C"
"CA005041535","2004-05","50.4167","-98.8","264.0","LANGRUTH WEST, MB CA","0.0","C","0.0",",C","12",",C","12",",C","3",",C","0","4,C","2",",C","0",",C","16",",C","0",",C","2",",C","0",",C","20040502",",,C","20040531","+,4,C","20040512",",,C","20040529",",,C","20040518",",,C","-7.0",",C,02,","0","4,,C,31,+","290",",,C,12,","55.0",",,C,29,","25.0",",C,18,","5836.6","C","336.8",",C","173.3",",,,C","390",",,,C","7.47",",C","13.27",",,,C","1.66",",,,C"
"CA005041535","2004-06","50.4167","-98.8","264.0","LANGRUTH WEST, MB CA","10.3","C","10.3",",C","7",",C","5",",C","0",",C","0",",C","0",",C","0",",C","0",",C","0",",C","10",",C","0",",C","20040609",",,C","20040630","+,,C","20040630","+,,C","20040606",",,C","20040629",",,C","3.0",",C,09,","0",",,C,30,+","0",",,C,30,+","12.0",",,C,06,","30.0",",C,29,","5961.4","C","124.8",",C","29.4",",,,C","0",",,,C","14.52",",C","19.55",",,,C","9.48",",,,C"
"CA005041535","2004-07","50.4167","-98.8","264.0","LANGRUTH WEST, MB CA","54.4","C","44.1",",C","5",",C","4",",C","0",",C","0",",C","0",",C","0",",C","0",",C","0",",C","22",",C","0",",C","20040723",",,C","20040731","+,,C","20040731","+,,C","20040708",",,C","20040718",",,C","5.0",",C,23,","0",",,C,31,+","0",",,C,31,+","21.8",",,C,08,","31.0",",C,18,","50.9","C","50.9",",C","51.0",",,,C","0",",,,C","18.11",",C","23.89",",,,C","12.34",",,,C"
"CA005041535","2004-08","50.4167","-98.8","264.0","LANGRUTH WEST, MB CA","57.0","C","2.6",",C","12",",C","9",",C","1",",C","0",",C","0",",C","0",",C","0",",C","0",",C","12",",C","0",",C","20040820",",,C","20040831","+,,C","20040831","+,,C","20040808",",,C","20040807",",,C","2.0",",C,20,","0",",,C,31,+","0",",,C,31,+","48.2",",,C,08,","26.0",",C,07,","172.1","C","121.2",",C","143.2",",,,C","0",",,,C","14.51",",C","20.21",",,,C","8.81",",,,C"
"CA005041535","2004-09","50.4167","-98.8","264.0","LANGRUTH WEST, MB CA","64.5","C","7.5",",C","8",",C","4",",C","0",",C","0",",C","0",",C","0",",C","0",",C","0",",C","12",",C","0",",C","20040929","+,,C","20040930","+,,C","20040930","+,,C","20040913",",,C","20040919",",,C","2.0",",C,29,+","0",",,C,30,+","0",",,C,30,+","14.2",",,C,13,","30.0",",C,19,","305.3","C","133.2",",C","35.8",",,,C","0",",,,C","14.14",",C","19.97",",,,C","8.32",",,,C"
"CA005041535","2004-10","50.4167","-98.8","264.0","LANGRUTH WEST, MB CA","64.7","C","0.2",",C","7",",C","6",",C","0",",C","0",",C","0",",C","0",",C","15",",C","0",",C","6",",C","0",",C","20041018",",,C","20041031","+,,C","20041031","+,,C","20041020",",,C","20041006",",,C","-8.5",",C,18,","0",",,C,31,+","0",",,C,31,+","20.2",",,C,20,","28.5",",C,06,","697.5","C","392.2",",C","59.8",",,,C","0",",,,C","5.69",",C","11.13",",,,C","0.24",",,,C"
"CA005041535","2004-11","50.4167","-98.8","264.0","LANGRUTH WEST, MB CA","64.7","C","0.0",",C","1",",C","1",",C","0",",C","0",",C","0",",C","0",",C","26",",C","5",",C","0",",C","0",",C","20041124",",,C","20041130","+,,C","20041128",",,C","20041122",",,C","20041115","+,,C","-13.5",",C,24,","0",",,C,30,+","0",",T,C,28,","7.8",",,C,22,","13.5",",C,15,+","1243.7","C","546.2",",C","7.8",",,,C","0",",T,,C","0.13",",C","5.13",",,,C","-4.88",",,,C"
"CA005041535","2004-12","50.4167","-98.8","264.0","LANGRUTH WEST, MB CA","64.7","C","0.0",",C","4",",C","4",",C","0",",C","","","4",",C","16",",C","31",",C","25",",C","0",",C","0",",C","20041223",",,C","","","20041230",",,C","20041230",",,C","20041217",",,C","-35.0",",C,23,","","","250",",,C,30,","25.0",",,C,30,","6.0",",C,17,","2248.0","C","1004.3",",C","47.5",",,,C","475",",,,C","-14.06",",C","-8.60",",,,C","-19.53",",,,C"
"CA005041535","2005-01","50.4167","-98.8","264.0","LANGRUTH WEST, MB CA","0.0","","0.0",",C","5",",C","5",",C","1",",C","","","5",",C","26",",C","31",",C","29",",C","0",",C","0",",C","20050116",",,C","","","20050101",",,C","20050101",",,C","20050128",",,C","-42.0",",C,16,","","","350",",,C,01,","35.0",",,C,01,","1.5",",C,28,","3427.6","","1179.6",",C","65.0",",,,C","650",",,,C","-19.72",",C","-13.39",",,,C","-26.05",",,,C"
