"STATION","DATE","LATITUDE","LONGITUDE","ELEVATION","NAME","CDSD","CDSD_ATTRIBUTES","CLDD","CLDD_ATTRIBUTES","DP01","DP01_ATTRIBUTES","DP10","DP10_ATTRIBUTES","DP1X","DP1X_ATTRIBUTES","DSND","DSND_ATTRIBUTES","DSNW","DSNW_ATTRIBUTES","DT00","DT00_ATTRIBUTES","DT32","DT32_ATTRIBUTES","DX32","DX32_ATTRIBUTES","DX70","DX70_ATTRIBUTES","DX90","DX90_ATTRIBUTES","DYFG","DYFG_ATTRIBUTES","DYNT","DYNT_ATTRIBUTES","DYSD","DYSD_ATTRIBUTES","DYSN","DYSN_ATTRIBUTES","DYTS","DYTS_ATTRIBUTES","DYXP","DYXP_ATTRIBUTES","DYXT","DYXT_ATTRIBUTES","EMNT","EMNT_ATTRIBUTES","EMSD","EMSD_ATTRIBUTES","EMSN","EMSN_ATTRIBUTES","EMXP","EMXP_ATTRIBUTES","EMXT","EMXT_ATTRIBUTES","HDSD","HDSD_ATTRIBUTES","HTDD","HTDD_ATTRIBUTES","PRCP","PRCP_ATTRIBUTES","SNOW","SNOW_ATTRIBUTES","TAVG","TAVG_ATTRIBUTES","TMAX","TMAX_ATTRIBUTES","TMIN","TMIN_ATTRIBUTES","WDFG","WDFG_ATTRIBUTES","WSFG","WSFG_ATTRIBUTES"
"FMW00040306","1948-09","9.512778","138.133333","17.1","YAP ISLAND CAROLINE ISLANDS, FM FM","","","272.1",",X","23",",X","16",",X","4",",X","0","2,X","0",",X","0",",X","0",",X","0",",X","30",",X","4",",X","","","19480926",",,X","19480930","+,2,X","19480930","+,,X","","","19480922",",,X","19480929","+,,X","21.1",",X,26,","0","2,,X,30,+","0",",,X,30,+","110.0",",,X,22,","32.2",",X,29,+","","","0.0",",X","299.5",",,,X","0",",,,X","27.40",",X","30.72",",,,X","24.08",",,,X","","","",""
"FMW00040306","1948-10","9.512778","138.133333","17.1","YAP ISLAND CAROLINE ISLANDS, FM FM","","","270.2",",X","27",",X","18",",X","3",",X","0",",X","0",",X","0",",X","0",",X","0",",X","31",",X","3",",X","","","19481011",",,X","19481031","+,,X","19481031","+,,X","","","19481006",",,X","19481020","+,,X","22.2",",X,11,","0",",,X,31,+","0",",,X,31,+","46.5",",,X,06,","32.2",",X,20,+","","","0.0",",X","291.3",",,,X","0",",,,X","27.05",",X","30.27",",,,X","23.83",",,,X","","","",""
"FMW00040306","1948-11","9.512778","138.133333","17.1","YAP ISLAND CAROLINE ISLANDS, FM FM","","","267.0",",X","20",",X","16",",X","4",",X","","","","","0",",X","0",",X","0",",X","30",",X","3",",X","","","19481101",",,X","","","","","","","19481101",",,X","19481111",",,X","22.2",",X,01,","","","","","80.8",",,X,01,","33.3",",X,11,","","","0.0",",X","331.0",",,,X","","","27.23",",X","30.02",",,,X","24.44",",,,X","","","",""
"FMW00040306","1948-12","9.512778","138.133333","17.1","YAP ISLAND CAROLINE ISLANDS, FM FM","","","261.3",",X","19",",X","11",",X","3",",X","","","","","0",",X","0",",X","0",",X","31",",X","0",",X","","","19481204",",,X","","","","","","","19481211",",,X","19481207",",,X","21.7",",X,04,","","","","","195.6",",,X,11,","31.7",",X,07,","","","0.0",",X","397.4",",,,X","","","26.76",",X","29.15",",,,X","24.37",",,,X","","","",""
"FMW00040306","1949-01","9.512778","138.133333","17.1","YAP ISLAND CAROLINE ISLANDS, FM FM","257.9","X","257.9",",X","26",",X","13",",X","2",",X","","","","","0",",X","0",",X","0",",X","31",",X","1",",X","","","19490112",",,X","","","","","","","19490113",",,X","19490119",",,X","21.7",",X,12,","","","","","40.1",",,X,13,","32.2",",X,19,","","","0.0",",X","209.5",",,,X","","","26.65",",X","29.20",",,,X","24.11",",,,X","45",",X","15.6",",X"
"FMW00040306","1949-02","9.512778","138.133333","17.1","YAP ISLAND CAROLINE ISLANDS, FM FM","501.1","X","243.2",",X","18",",X","10",",X","1",",X","","","","","0",",X","0",",X","0",",X","28",",X","0",",X","","","19490202",",,X","","","","","","","19490201",",,X","19490224","+,,X","21.7",",X,02,","","","","","31.8",",,X,01,","31.1",",X,24,+","","","0.0",",X","101.6",",,,X","","","27.02",",X","29.66",",,,X","24.37",",,,X","68","1,X","16.5","1,X"
"FMW00040306","1949-03","9.512778","138.133333","17.1","YAP ISLAND CAROLINE ISLANDS, FM FM","787.0","X","285.9",",X","21","1,X","11","1,X","1","1,X","","","","","0",",X","0",",X","0",",X","31",",X","0",",X","","","19490316",",,X","","","","","","","19490309",",1,X","19490328","+,,X","22.8",",X,16,","","","","","26.4","1,,X,09,","31.7",",X,28,+","","","0.0",",X","106.5","1,,,X","","","27.55",",X","30.62",",,,X","24.49",",,,X","","","",""
"FMW00040306","1949-04","9.512778","138.133333","17.1","YAP ISLAND CAROLINE ISLANDS, FM FM","1084.2","X","297.2",",X","15","2,X","7","2,X","1","2,X","","","","","0",",X","0",",X","0",",X","30",",X","8",",X","","","19490422",",,X","","","","","","","19490430",",2,X","19490426","+,,X","21.1",",X,22,","","","","","80.5","2,,X,30,","33.9",",X,26,+","","","0.0",",X","131.6","2,,,X","","","28.24",",X","31.54",",,,X","24.93",",,,X","","","",""
"FMW00040306","1949-05","9.512778","138.133333","17.1","YAP ISLAND CAROLINE ISLANDS, FM FM","1387.3","X","303.1",",X","19",",X","14",",X","2",",X","","","0",",X","0",",X","0",",X","0",",X","31",",X","4",",X","","","19490525",",,X","","","19490531","+,,X","","","19490525",",,X","19490521",",,X","23.3",",X,25,","","","0",",,X,31,+","50.0",",,X,25,","32.8",",X,21,","","","0.0",",X","168.2",",,,X","0",",,,X","28.11",",X","31.01",",,,X","25.21",",,,X","45","1,X","15.2","1,X"
"FMW00040306","1949-06","9.512778","138.133333","17.1","YAP ISLAND CAROLINE ISLANDS, FM FM","1666.4","X","279.1",",X","25",",X","16",",X","4",",X","0",",X","0",",X","0",",X","0",",X","0",",X","30",",X","5",",X","","","19490624",",,X","19490630","+,,X","19490630","+,,X","2","","19490613",",,X","19490621","+,,X","21.1",",X,24,","0",",,X,30,+","0",",,X,30,+","95.8",",,X,13,","32.2",",X,21,+","","","0.0",",X","290.7",",,,X","0",",,,X","27.64",",X","30.66",",,,X","24.61",",,,X","113",",X","13.4",",X"
"FMW00040306","1949-07","9.512778","138.133333","17.1","YAP ISLAND CAROLINE ISLANDS, FM FM","1964.8","X","298.4",",X","22",",X","15",",X","0",",X","0",",X","0",",X","0",",X","0",",X","0",",X","31",",X","12",",X","","","19490718",",,X","19490731","+,,X","19490731","+,,X","1","","19490731",",,X","19490724","+,,X","22.8",",X,18,","0",",,X,31,+","0",",,X,31,+","16.3",",,X,31,","33.3",",X,24,+","0.0","X","0.0",",X","126.9",",,,X","0",",,,X","27.96",",X","31.43",",,,X","24.49",",,,X","113","5,X","14.3","5,X"
"FMW00040306","1949-08","9.512778","138.133333","17.1","YAP ISLAND CAROLINE ISLANDS, FM FM","2246.8","X","282.0",",X","22",",X","16",",X","3",",X","0",",X","0",",X","0",",X","0",",X","0",",X","31",",X","3",",X","1","","19490806",",,X","19490831","+,,X","19490831","+,,X","4","","19490827",",,X","19490805",",,X","21.1",",X,06,","0",",,X,31,+","0",",,X,31,+","38.9",",,X,27,","33.9",",X,05,","0.0","X","0.0",",X","193.7",",,,X","0",",,,X","27.43",",X","30.59",",,,X","24.27",",,,X","158",",X","13.0",",X"
"FMW00040306","1949-09","9.512778","138.133333","17.1","YAP ISLAND CAROLINE ISLANDS, FM FM","2517.8","X","271.0",",X","22",",X","18",",X","6",",X","0",",X","0",",X","0",",X","0",",X","0",",X","30",",X","2",",X","","","19490922",",,X","19490930","+,,X","19490930","+,,X","2","","19490928",",,X","19490904",",,X","22.8",",X,22,","0",",,X,30,+","0",",,X,30,+","129.0",",,X,28,","32.8",",X,04,","0.0","X","0.0",",X","496.9",",,,X","0",",,,X","27.37",",X","30.35",",,,X","24.38",",,,X","203","2,X","17.4","2,X"
"FMW00040306","1949-10","9.512778","138.133333","17.1","YAP ISLAND CAROLINE ISLANDS, FM FM","2804.3","X","286.5",",X","23",",X","18",",X","5",",X","0",",X","0",",X","0",",X","0",",X","0",",X","31",",X","10",",X","","","19491011",",,X","19491031","+,,X","19491031","+,,X","2","","19491020",",,X","19491012",",,X","22.2",",X,11,","0",",,X,31,+","0",",,X,31,+","88.6",",,X,20,","32.8",",X,12,","0.0","X","0.0",",X","390.8",",,,X","0",",,,X","27.58",",X","30.87",",,,X","24.28",",,,X","23",",X","16.1",",X"
"FMW00040306","1949-11","9.512778","138.133333","17.1","YAP ISLAND CAROLINE ISLANDS, FM FM","3102.0","X","297.7",",X","27",",X","13",",X","1",",X","0",",X","0",",X","0",",X","0",",X","0",",X","30",",X","11",",X","","","19491115","+,,X","19491130","+,,X","19491130","+,,X","2","","19491107",",,X","19491112","+,,X","23.9",",X,15,+","0",",,X,30,+","0",",,X,30,+","30.7",",,X,07,","32.8",",X,12,+","0.0","X","0.0",",X","154.6",",,,X","0",",,,X","28.26",",X","31.24",",,,X","25.27",",,,X","45","1,X","15.2","1,X"
"FMW00040306","1949-12","9.512778","138.133333","17.1","YAP ISLAND CAROLINE ISLANDS, FM FM","3397.8","X","295.8",",X","22",",X","14",",X","2",",X","0",",X","0",",X","0",",X","0",",X","0",",X","31",",X","3",",X","","","19491207","+,,X","19491231","+,,X","19491231","+,,X","1","","19491208",",,X","19491211",",,X","22.8",",X,07,+","0",",,X,31,+","0",",,X,31,+","56.6",",,X,08,","32.8",",X,11,","0.0","X","0.0",",X","191.3",",,,X","0",",,,X","27.87",",X","30.55",",,,X","25.20",",,,X","45",",X","19.7",",X"
"FMW00040306","1950-01","9.512778","138.133333","17.1","YAP ISLAND CAROLINE ISLANDS, FM FM","293.8","X","293.8",",X","18","1,X","11","1,X","1","1,X","0",",X","0",",X","0",",X","0",",X","0",",X","31",",X","2",",X","","","19500111",",,X","19500131","+,,X","19500131","+,,X","","","19500131",",1,X","19500123","+,,X","22.2",",X,11,","0",",,X,31,+","0",",,X,31,+","66.3","1,,X,31,","32.2",",X,23,+","0.0","X","0.0",",X","175.7","1,,,X","0",",,,X","27.81",",X","30.83",",,,X","24.79",",,,X","68",",X","14.3",",X"
"FMW00040306","1950-02","9.512778","138.133333","17.1","YAP ISLAND CAROLINE ISLANDS, FM FM","556.3","X","262.5",",X","9",",X","5",",X","0",",X","","","","","0",",X","0",",X","0",",X","28",",X","2",",X","","","19500226","+,,X","","","","","","","19500225",",,X","19500221",",,X","21.7",",X,26,+","","","","","9.1",",,X,25,","33.3",",X,21,","0.0","X","0.0",",X","27.4",",,,X","","","27.71",",X","30.60",",,,X","24.81",",,,X","45",",X","13.4",",X"
"FMW00040306","1950-03","9.512778","138.133333","17.1","YAP ISLAND CAROLINE ISLANDS, FM FM","848.8","X","292.5",",X","22",",X","15",",X","6",",X","0",",X","0",",X","0",",X","0",",X","0",",X","31",",X","1",",X","","","19500312",",,X","19500331","+,,X","19500331","+,,X","","","19500312",",,X","19500310",",,X","22.2",",X,12,","0",",,X,31,+","0",",,X,31,+","88.4",",,X,12,","32.2",",X,10,","0.0","X","0.0",",X","418.1",",,,X","0",",,,X","27.77",",X","30.82",",,,X","24.72",",,,X","45",",X","15.6",",X"
"FMW00040306","1950-04","9.512778","138.133333","17.1","YAP ISLAND CAROLINE ISLANDS, FM FM","1150.6","X","301.8",",X","22","1,X","13","1,X","0","1,X","","","","","0",",X","0",",X","0",",X","30",",X","13",",X","","","19500414",",,X","","","","","","","19500422",",1,X","19500419",",,X","21.7",",X,14,","","","","","23.1","1,,X,22,","33.3",",X,19,","0.0","X","0.0",",X","108.1","1,,,X","","","28.39",",X","31.74",",,,X","25.04",",,,X","90","1,X","15.2","1,X"
"FMW00040306","1950-05","9.512778","138.133333","17.1","YAP ISLAND CAROLINE ISLANDS, FM FM","1444.5","X","293.9","1,X","26","3,X","11","3,X","0","3,X","","","","","0","1,X","0","1,X","0","1,X","30","1,X","10","1,X","","","19500528",",1,X","","","","","","","19500521",",3,X","19500516",",1,X","21.1","1,X,28,","","","","","23.6","3,,X,21,","33.3","1,X,16,","0.0","X","0.0","1,X","146.4","3,,,X","","","28.13","1,X","31.43","1,,,X","24.83","1,,,X","203","2,X","13.4","2,X"
"FMW00040306","1950-06","9.512778","138.133333","17.1","YAP ISLAND CAROLINE ISLANDS, FM FM","1728.2","X","283.7",",X","24",",X","18",",X","4",",X","0",",X","0",",X","0",",X","0",",X","0",",X","30",",X","12",",X","","","19500607","+,,X","19500630","+,,X","19500630","+,,X","","","19500630",",,X","19500627","+,,X","22.2",",X,07,+","0",",,X,30,+","0",",,X,30,+","57.4",",,X,30,","32.8",",X,27,+","0.0","X","0.0",",X","314.3",",,,X","0",",,,X","27.79",",X","31.33",",,,X","24.25",",,,X","90","2,X","12.5","2,X"
"FMW00040306","1950-07","9.512778","138.133333","17.1","YAP ISLAND CAROLINE ISLANDS, FM FM","2016.4","X","288.2",",X","17",",X","12",",X","4",",X","0","1,X","0","1,X","0",",X","0",",X","0",",X","31",",X","8",",X","","","19500706",",,X","19500725",",1,X","19500731","+,1,X","","","19500729",",,X","19500717",",,X","22.2",",X,06,","0","1,T,X,25,","0","1,,X,31,+","56.9",",,X,29,","35.6",",X,17,","0.0","X","0.0",",X","226.7",",,,X","0","1,,,X","27.63",",X","31.10",",,,X","24.16",",,,X","270","4,X","10.3","4,X"
"FMW00040306","1950-08","9.512778","138.133333","17.1","YAP ISLAND CAROLINE ISLANDS, FM FM","2311.9","X","295.5",",X","22",",X","18",",X","3",",X","0",",X","0",",X","0",",X","0",",X","0",",X","31",",X","12",",X","","","19500830","+,,X","19500831","+,,X","19500831","+,,X","","","19500812",",,X","19500820",",,X","22.2",",X,30,+","0",",,X,31,+","0",",,X,31,+","75.2",",,X,12,","33.9",",X,20,","0.0","X","0.0",",X","268.1",",,,X","0",",,,X","27.86",",X","31.32",",,,X","24.41",",,,X","248",",X","9.8",",X"
"FMW00040306","1950-09","9.512778","138.133333","17.1","YAP ISLAND CAROLINE ISLANDS, FM FM","2588.8","X","276.9",",X","22",",X","16",",X","5",",X","","","","","0",",X","0",",X","0",",X","30",",X","2",",X","","","19500911",",,X","","","","","1","","19500924",",,X","19500927",",,X","22.2",",X,11,","","","","","59.7",",,X,24,","32.8",",X,27,","0.0","X","0.0",",X","377.4",",,,X","","","27.56",",X","30.98",",,,X","24.14",",,,X","","","",""
"FMW00040306","1950-10","9.512778","138.133333","17.1","YAP ISLAND CAROLINE ISLANDS, FM FM","2875.8","X","287.0",",X","20",",X","15",",X","2",",X","0",",X","0",",X","0",",X","0",",X","0",",X","31",",X","8",",X","","","19501029","+,,X","19501031","+,,X","19501031","+,,X","","","19501007",",,X","19501016",",,X","22.2",",X,29,+","0",",,X,31,+","0",",,X,31,+","58.2",",,X,07,","33.9",",X,16,","0.0","X","0.0",",X","307.6",",,,X","0",",,,X","27.59",",X","31.20",",,,X","23.98",",,,X","180","3,X","16.1","3,X"
"FMW00040306","1950-11","9.512778","138.133333","17.1","YAP ISLAND CAROLINE ISLANDS, FM FM","3156.9","X","281.1",",X","21",",X","18",",X","6",",X","0",",X","0",",X","0",",X","0",",X","0",",X","30",",X","11",",X","","","19501106","+,,X","19501130","+,,X","19501130","+,,X","","","19501122",",,X","19501123","+,,X","22.2",",X,06,+","0",",,X,30,+","0",",,X,30,+","59.7",",,X,22,","32.8",",X,23,+","0.0","X","0.0",",X","396.0",",,,X","0",",,,X","27.70",",X","31.28",",,,X","24.12",",,,X","158","1,X","22.4","1,X"
"FMW00040306","1950-12","9.512778","138.133333","17.1","YAP ISLAND CAROLINE ISLANDS, FM FM","3441.7","X","284.8",",X","23",",X","11",",X","4",",X","0",",X","0",",X","0",",X","0",",X","0",",X","31",",X","6",",X","","","19501220",",,X","19501231","+,,X","19501231","+,,X","1","","19501220",",,X","19501215",",,X","22.8",",X,20,","0",",,X,31,+","0",",,X,31,+","81.0",",,X,20,","33.3",",X,15,","0.0","X","0.0",",X","286.8",",,,X","0",",,,X","27.52",",X","30.65",",,,X","24.39",",,,X","","","13.0","1,X"
"FMW00040306","1951-01","9.512778","138.133333","17.1","YAP ISLAND CAROLINE ISLANDS, FM FM","240.5","","240.5","4,X","19","5,X","13","5,X","1","5,X","","","","","0","4,X","0","4,X","0","4,X","27","4,X","0","4,X","","","19510124",",4,X","","","","","1","","19510124",",5,X","19510114",",4,X","22.8","4,X,24,","","","","","26.9","5,,X,24,","31.1","4,X,14,","0.0","","0.0","4,X","148.8","5,,,X","","","27.24","4,X","29.87","4,,,X","24.61","4,,,X","45","5,X","15.6","5,X"
"FMW00040306","1951-02","9.512778","138.133333","17.1","YAP ISLAND CAROLINE ISLANDS, FM FM","492.6","","252.1",",X","18",",X","14",",X","4",",X","0",",X","0",",X","0",",X","0",",X","0",",X","28",",X","2",",X","","","19510207",",,X","19510228","+,,X","19510228","+,,X","","","19510218",",,X","19510206","+,,X","22.2",",X,07,","0",",,X,28,+","0",",,X,28,+","50.5",",,X,18,","32.2",",X,06,+","0.0","","0.0",",X","275.4",",,,X","0",",,,X","27.34",",X","30.71",",,,X","23.96",",,,X","68","4,X","13.0","4,X"
"FMW00040306","1951-03","9.512778","138.133333","17.1","YAP ISLAND CAROLINE ISLANDS, FM FM","767.0","","274.4",",X","21",",X","6",",X","1",",X","0",",X","0",",X","0",",X","0",",X","0",",X","31",",X","1",",X","","","19510304",",,X","19510331","+,,X","19510331","+,,X","","","19510303",",,X","19510328",",,X","21.7",",X,04,","0",",,X,31,+","0",",,X,31,+","52.8",",,X,03,","32.2",",X,28,","0.0","","0.0",",X","87.8",",,,X","0",",,,X","27.19",",X","30.49",",,,X","23.88",",,,X","45","1,X","12.1","1,X"
"FMW00040306","1951-04","9.512778","138.133333","17.1","YAP ISLAND CAROLINE ISLANDS, FM FM","1056.2","","289.2",",X","14",",X","7",",X","1",",X","0",",X","0",",X","0",",X","0",",X","0",",X","30",",X","6",",X","","","19510403",",,X","19510430","+,,X","19510430","+,,X","","","19510430",",,X","19510419",",,X","22.2",",X,03,","0",",,X,30,+","0",",,X,30,+","39.6",",,X,30,","36.1",",X,19,","0.0","","0.0",",X","100.9",",,,X","0",",,,X","27.97",",X","31.45",",,,X","24.50",",,,X","90","2,X","12.1","2,X"
"FMW00040306","1951-05","9.512778","138.133333","17.1","YAP ISLAND CAROLINE ISLANDS, FM FM","1345.1","","288.9",",X","19",",X","15",",X","3",",X","0",",X","0",",X","0",",X","0",",X","0",",X","31",",X","8",",X","","","19510507",",,X","19510531","+,,X","19510531","+,,X","","","19510527",",,X","19510530",",,X","21.7",",X,07,","0",",,X,31,+","0",",,X,31,+","42.2",",,X,27,","33.9",",X,30,","0.0","","0.0",",X","202.6",",,,X","0",",,,X","27.65",",X","31.07",",,,X","24.24",",,,X","45","2,X","22.8","2,X"
