"STATION","DATE","LATITUDE","LONGITUDE","ELEVATION","NAME","CDSD","CDSD_ATTRIBUTES","CLDD","CLDD_ATTRIBUTES","DP01","DP01_ATTRIBUTES","DP10","DP10_ATTRIBUTES","DP1X","DP1X_ATTRIBUTES","DT00","DT00_ATTRIBUTES","DT32","DT32_ATTRIBUTES","DX32","DX32_ATTRIBUTES","DX70","DX70_ATTRIBUTES","DX90","DX90_ATTRIBUTES","DYNT","DYNT_ATTRIBUTES","DYXP","DYXP_ATTRIBUTES","DYXT","DYXT_ATTRIBUTES","EMNT","EMNT_ATTRIBUTES","EMXP","EMXP_ATTRIBUTES","EMXT","EMXT_ATTRIBUTES","HDSD","HDSD_ATTRIBUTES","HTDD","HTDD_ATTRIBUTES","PRCP","PRCP_ATTRIBUTES","TAVG","TAVG_ATTRIBUTES","TMAX","TMAX_ATTRIBUTES","TMIN","TMIN_ATTRIBUTES"
"FR000007354","1901-01","46.86","1.7217","155.0","DEOLS CHATEAUROUX AERODROME DE, FR","0.0","I","0.0","2,I","11",",I","4",",I","0",",I","0","1,I","15","1,I","2","1,I","0","1,I","0","1,I","19010106",",1,I","19010127",",,I","19010119",",1,I","-11.5","1,I,06,","7.5",",,I,27,","12.0","1,I,19,","","","424.7","1,I","29.0",",,,I","3.61","2,I","6.62","1,,,I","0.60","1,,,I"
"FR000007354","1901-02","46.86","1.7217","155.0","DEOLS CHATEAUROUX AERODROME DE, FR","0.0","I","0.0",",I","8",",I","4",",I","0",",I","0",",I","22",",I","6",",I","0",",I","0",",I","19010216",",,I","19010205",",,I","19010226",",,I","-12.0",",I,16,","4.0",",,I,05,","12.0",",I,26,","","","527.6",",I","18.2",",,,I","-0.51",",I","3.14",",,,I","-4.16",",,,I"
"FR000007354","1901-03","46.86","1.7217","155.0","DEOLS CHATEAUROUX AERODROME DE, FR","0.0","I","0.0",",I","18",",I","11",",I","0",",I","0",",I","10",",I","0",",I","0",",I","0",",I","19010328",",,I","19010306",",,I","19010331",",,I","-5.5",",I,28,","6.0",",,I,06,","17.0",",I,31,","","","409.6",",I","52.7",",,,I","5.12",",I","8.66",",,,I","1.58",",,,I"
"FR000007354","1901-04","46.86","1.7217","155.0","DEOLS CHATEAUROUX AERODROME DE, FR","0.0","I","0.0",",I","15",",I","7",",I","0",",I","0",",I","0",",I","0",",I","5",",I","0",",I","19010418",",,I","19010401",",,I","19010424",",,I","1.0",",I,18,","17.8",",,I,01,","23.5",",I,24,","","","196.5",",I","69.7",",,,I","11.78",",I","16.63",",,,I","6.93",",,,I"
"FR000007354","1901-05","46.86","1.7217","155.0","DEOLS CHATEAUROUX AERODROME DE, FR","15.1","I","15.1",",I","10",",I","9",",I","0",",I","0",",I","0",",I","0",",I","18",",I","0",",I","19010519","+,,I","19010528",",,I","19010531",",,I","5.0",",I,19,+","12.0",",,I,28,","29.5",",I,31,","","","106.7",",I","53.0",",,,I","15.38",",I","21.71",",,,I","9.05",",,,I"
"FR000007354","1901-06","46.86","1.7217","155.0","DEOLS CHATEAUROUX AERODROME DE, FR","72.9","I","57.8",",I","5",",I","4",",I","0",",I","0",",I","0",",I","0",",I","23",",I","4",",I","19010619",",,I","19010630",",,I","19010622",",,I","6.0",",I,19,","14.0",",,I,30,","35.0",",I,22,","","","28.7",",I","29.5",",,,I","19.30",",I","25.78",",,,I","12.82",",,,I"
"FR000007354","1901-07","46.86","1.7217","155.0","DEOLS CHATEAUROUX AERODROME DE, FR","176.4","I","103.5",",I","13",",I","10",",I","1",",I","0",",I","0",",I","0",",I","26",",I","6",",I","19010728","+,,I","19010721",",,I","19010721",",,I","11.5",",I,28,+","27.0",",,I,21,","36.5",",I,21,","11.1","I","11.1",",I","123.8",",,,I","21.31",",I","27.48",",,,I","15.15",",,,I"
"FR000007354","1901-08","46.86","1.7217","155.0","DEOLS CHATEAUROUX AERODROME DE, FR","241.1","I","64.7",",I","3",",I","1",",I","0",",I","0",",I","0",",I","0",",I","28",",I","1",",I","19010830",",,I","19010815",",,I","19010824",",,I","8.5",",I,30,","5.5",",,I,15,","33.5",",I,24,","25.8","I","14.7",",I","8.0",",,,I","19.94",",I","26.47",",,,I","13.42",",,,I"
"FR000007354","1901-09","46.86","1.7217","155.0","DEOLS CHATEAUROUX AERODROME DE, FR","258.2","I","17.1",",I","11",",I","7",",I","2",",I","0",",I","0",",I","0",",I","14",",I","0",",I","19010919",",,I","19010921",",,I","19010908",",,I","7.5",",I,19,","39.3",",,I,21,","31.0",",I,08,","87.6","I","61.8",",I","114.2",",,,I","16.84",",I","21.77",",,,I","11.92",",,,I"
"FR000007354","1901-10","46.86","1.7217","155.0","DEOLS CHATEAUROUX AERODROME DE, FR","258.2","I","0.0",",I","11",",I","7",",I","0",",I","0",",I","0",",I","0",",I","0",",I","0",",I","19011014",",,I","19011002",",,I","19011001",",,I","2.0",",I,14,","13.5",",,I,02,","20.0",",I,01,","312.7","I","225.1",",I","42.2",",,,I","11.07",",I","15.47",",,,I","6.68",",,,I"
"FR000007354","1901-11","46.86","1.7217","155.0","DEOLS CHATEAUROUX AERODROME DE, FR","258.2","I","0.0","5,I","5",",I","1",",I","0",",I","0","3,I","16","3,I","1","3,I","0","3,I","0","3,I","19011126","+,3,I","19011114",",,I","19011101",",3,I","-6.0","3,I,26,+","6.3",",,I,14,","16.5","3,I,01,","684.8","I","372.1","3,I","11.7",",,,I","3.41","5,I","7.39","3,,,I","-0.57","3,,,I"
"FR000007354","1901-12","46.86","1.7217","155.0","DEOLS CHATEAUROUX AERODROME DE, FR","258.2","I","0.0",",I","15",",I","9",",I","0",",I","0",",I","13",",I","0",",I","0",",I","0",",I","19011222",",,I","19011211",",,I","19011231",",,I","-7.0",",I,22,","16.5",",,I,11,","13.5",",I,31,","1142.9","I","458.1",",I","76.5",",,,I","3.56",",I","5.92",",,,I","1.19",",,,I"
"FR000007354","1902-01","46.86","1.7217","155.0","DEOLS CHATEAUROUX AERODROME DE, FR","","","","","11",",I","7",",I","0",",I","0","4,I","17","4,I","1","4,I","0","4,I","0","4,I","19020116",",4,I","19020127",",,I","19020103","+,4,I","-5.5","4,I,16,","17.2",",,I,27,","11.5","4,I,03,+","","","","","43.0",",,,I","3.08","7,I","6.07","4,,,I","0.09","4,,,I"
"FR000007354","1902-02","46.86","1.7217","155.0","DEOLS CHATEAUROUX AERODROME DE, FR","","","0.0",",I","7",",I","4",",I","0",",I","0",",I","16",",I","1",",I","0",",I","0",",I","19020217","+,,I","19020208",",,I","19020223",",,I","-7.0",",I,17,+","15.0",",,I,08,","16.5",",I,23,","","","407.8",",I","29.7",",,,I","3.77",",I","7.27",",,,I","0.27",",,,I"
"FR000007354","1902-03","46.86","1.7217","155.0","DEOLS CHATEAUROUX AERODROME DE, FR","","","0.0",",I","13",",I","6",",I","0",",I","0",",I","5",",I","0",",I","0",",I","0",",I","19020318","+,,I","19020327",",,I","19020319",",,I","0.0",",I,18,+","20.5",",,I,27,","19.0",",I,19,","","","306.6",",I","68.3",",,,I","8.44",",I","13.05",",,,I","3.84",",,,I"
"FR000007354","1902-04","46.86","1.7217","155.0","DEOLS CHATEAUROUX AERODROME DE, FR","","","0.0",",I","10",",I","6",",I","0",",I","0",",I","2",",I","0",",I","3",",I","0",",I","19020408","+,,I","19020420",",,I","19020419",",,I","0.0",",I,08,+","4.5",",,I,20,","24.0",",I,19,","","","200.7",",I","26.0",",,,I","11.64",",I","16.65",",,,I","6.63",",,,I"
"FR000007354","1902-05","46.86","1.7217","155.0","DEOLS CHATEAUROUX AERODROME DE, FR","","","5.8",",I","14",",I","8",",I","0",",I","0",",I","1",",I","0",",I","6",",I","0",",I","19020508",",,I","19020531",",,I","19020528",",,I","0.0",",I,08,","12.5",",,I,31,","29.5",",I,28,","","","213.3",",I","52.2",",,,I","11.64",",I","16.87",",,,I","6.40",",,,I"
"FR000007354","1902-06","46.86","1.7217","155.0","DEOLS CHATEAUROUX AERODROME DE, FR","","","29.0",",I","16",",I","9",",I","0",",I","0",",I","0",",I","0",",I","17",",I","0",",I","19020615","+,,I","19020620",",,I","19020627",",,I","6.0",",I,15,+","15.2",",,I,20,","30.5",",I,27,","","","78.2",",I","75.0",",,,I","16.69",",I","22.48",",,,I","10.90",",,,I"
"FR000007354","1902-07","46.86","1.7217","155.0","DEOLS CHATEAUROUX AERODROME DE, FR","","","99.8",",I","3",",I","2",",I","0",",I","0",",I","0",",I","0",",I","29",",I","6",",I","19020723","+,,I","19020721",",,I","19020714",",,I","9.0",",I,23,+","15.3",",,I,21,","37.5",",I,14,","16.4","I","16.4",",I","21.5",",,,I","21.02",",I","27.90",",,,I","14.15",",,,I"
"FR000007354","1902-08","46.86","1.7217","155.0","DEOLS CHATEAUROUX AERODROME DE, FR","","","47.3",",I","8",",I","3",",I","0",",I","0",",I","0",",I","0",",I","28",",I","2",",I","19020827","+,,I","19020830",",,I","19020816",",,I","9.0",",I,27,+","7.5",",,I,30,","35.0",",I,16,","32.2","I","15.8",",I","26.7",",,,I","19.35",",I","25.82",",,,I","12.87",",,,I"
"FR000007354","1902-09","46.86","1.7217","155.0","DEOLS CHATEAUROUX AERODROME DE, FR","","","16.1",",I","9",",I","6",",I","0",",I","0",",I","0",",I","0",",I","13",",I","0",",I","19020930",",,I","19020904",",,I","19020902",",,I","3.5",",I,30,","22.5",",,I,04,","32.0",",I,02,","108.8","I","76.6",",I","62.5",",,,I","16.32",",I","21.28",",,,I","11.35",",,,I"
"FR000007354","1902-10","46.86","1.7217","155.0","DEOLS CHATEAUROUX AERODROME DE, FR","","","0.0",",I","10",",I","7",",I","0",",I","0",",I","1",",I","0",",I","2",",I","0",",I","19021026",",,I","19021016",",,I","19021010","+,,I","-1.0",",I,26,","9.8",",,I,16,","23.5",",I,10,+","348.1","I","239.3",",I","39.0",",,,I","10.61",",I","14.66",",,,I","6.56",",,,I"
"FR000007354","1902-11","46.86","1.7217","155.0","DEOLS CHATEAUROUX AERODROME DE, FR","","","0.0","4,I","14",",I","6",",I","0",",I","0","2,I","7","2,I","2","2,I","0","2,I","0","2,I","19021121",",2,I","19021107",",,I","19021106",",2,I","-8.0","2,I,21,","8.8",",,I,07,","20.0","2,I,06,","626.8","I","278.7","2,I","47.7",",,,I","7.20","4,I","10.71","2,,,I","3.68","2,,,I"
"FR000007354","1902-12","46.86","1.7217","155.0","DEOLS CHATEAUROUX AERODROME DE, FR","","","","","11",",I","9",",I","0",",I","0","3,I","13","3,I","5","3,I","0","3,I","0","3,I","19021208",",3,I","19021210",",,I","19021217",",3,I","-7.5","3,I,08,","12.2",",,I,10,","13.0","3,I,17,","","","","","61.5",",,,I","3.46","6,I","6.36","3,,,I","0.55","3,,,I"
"FR000007354","1903-01","46.86","1.7217","155.0","DEOLS CHATEAUROUX AERODROME DE, FR","0.0","I","0.0","3,I","9",",I","5",",I","0",",I","0","2,I","13","2,I","2","2,I","0","2,I","0","2,I","19030115",",2,I","19030111",",,I","19030109",",2,I","-9.0","2,I,15,","6.5",",,I,11,","15.5","2,I,09,","","","381.1","2,I","30.2",",,,I","4.63","3,I","8.60","2,,,I","0.66","2,,,I"
"FR000007354","1903-02","46.86","1.7217","155.0","DEOLS CHATEAUROUX AERODROME DE, FR","0.0","I","0.0",",I","3",",I","1",",I","0",",I","0",",I","10",",I","0",",I","1",",I","0",",I","19030218",",,I","19030201",",,I","19030221",",,I","-6.0",",I,18,","7.0",",,I,01,","21.5",",I,21,","","","336.3",",I","9.0",",,,I","6.32",",I","11.02",",,,I","1.63",",,,I"
"FR000007354","1903-03","46.86","1.7217","155.0","DEOLS CHATEAUROUX AERODROME DE, FR","0.0","I","0.0",",I","12",",I","6",",I","0",",I","0",",I","9",",I","0",",I","3",",I","0",",I","19030310",",,I","19030303",",,I","19030325",",,I","-2.5",",I,10,","17.5",",,I,03,","27.0",",I,25,","","","300.3",",I","43.5",",,,I","8.65",",I","14.00",",,,I","3.29",",,,I"
"FR000007354","1903-04","46.86","1.7217","155.0","DEOLS CHATEAUROUX AERODROME DE, FR","0.0","I","0.0",",I","13",",I","9",",I","0",",I","0",",I","8",",I","0",",I","0",",I","0",",I","19030418",",,I","19030402",",,I","19030429","+,,I","-2.5",",I,18,","13.3",",,I,02,","18.5",",I,29,+","","","312.0",",I","68.0",",,,I","7.93",",I","13.00",",,,I","2.87",",,,I"
"FR000007354","1903-05","46.86","1.7217","155.0","DEOLS CHATEAUROUX AERODROME DE, FR","20.3","I","20.3",",I","14",",I","11",",I","0",",I","0",",I","0",",I","0",",I","10",",I","0",",I","19030519","+,,I","19030506",",,I","19030523",",,I","4.0",",I,19,+","8.5",",,I,06,","30.5",",I,23,","","","133.1",",I","55.0",",,,I","14.69",",I","20.84",",,,I","8.55",",,,I"
"FR000007354","1903-06","46.86","1.7217","155.0","DEOLS CHATEAUROUX AERODROME DE, FR","39.6","I","19.3",",I","7",",I","6",",I","0",",I","0",",I","0",",I","0",",I","18",",I","1",",I","19030609",",,I","19030621",",,I","19030628",",,I","5.0",",I,09,","8.2",",,I,21,","33.5",",I,28,","","","82.0",",I","36.0",",,,I","16.24",",I","21.90",",,,I","10.58",",,,I"
"FR000007354","1903-07","46.86","1.7217","155.0","DEOLS CHATEAUROUX AERODROME DE, FR","81.8","I","42.2",",I","13",",I","5",",I","0",",I","0",",I","0",",I","0",",I","28",",I","2",",I","19030707",",,I","19030717",",,I","19030702",",,I","8.0",",I,07,","19.0",",,I,17,","33.5",",I,02,","19.7","I","19.7",",I","56.3",",,,I","19.06",",I","25.10",",,,I","13.02",",,,I"
"FR000007354","1903-08","46.86","1.7217","155.0","DEOLS CHATEAUROUX AERODROME DE, FR","108.3","I","26.5",",I","9",",I","7",",I","1",",I","0",",I","0",",I","0",",I","23",",I","1",",I","19030827","+,,I","19030823",",,I","19030808",",,I","9.0",",I,27,+","31.3",",,I,23,","34.0",",I,08,","43.3","I","23.6",",I","112.5",",,,I","18.43",",I","23.95",",,,I","12.90",",,,I"
"FR000007354","1903-09","46.86","1.7217","155.0","DEOLS CHATEAUROUX AERODROME DE, FR","134.1","I","25.8",",I","7",",I","5",",I","0",",I","0",",I","0",",I","0",",I","16",",I","2",",I","19030917",",,I","19030927",",,I","19030901",",,I","4.5",",I,17,","16.0",",,I,27,","33.0",",I,01,","117.9","I","74.6",",I","52.5",",,,I","16.71",",I","22.22",",,,I","11.20",",,,I"
"FR000007354","1903-10","46.86","1.7217","155.0","DEOLS CHATEAUROUX AERODROME DE, FR","134.6","I","0.5",",I","16",",I","8",",I","0",",I","0",",I","0",",I","0",",I","4",",I","0",",I","19031024",",,I","19031001",",,I","19031007",",,I","3.5",",I,24,","23.0",",,I,01,","26.0",",I,07,","277.2","I","159.3",",I","82.8",",,,I","13.21",",I","17.19",",,,I","9.23",",,,I"
"FR000007354","1903-11","46.86","1.7217","155.0","DEOLS CHATEAUROUX AERODROME DE, FR","134.6","I","0.0","2,I","9",",I","7",",I","0",",I","0","1,I","2","1,I","0","1,I","0","1,I","0","1,I","19031108",",1,I","19031128",",,I","19031109",",1,I","-0.5","1,I,08,","6.8",",,I,28,","14.5","1,I,09,","583.3","I","306.1","1,I","36.6",",,,I","7.29","2,I","10.17","1,,,I","4.41","1,,,I"
"FR000007354","1903-12","46.86","1.7217","155.0","DEOLS CHATEAUROUX AERODROME DE, FR","134.6","I","0.0",",I","10",",I","4",",I","0",",I","0",",I","19",",I","5",",I","0",",I","0",",I","19031230",",,I","19031205",",,I","19031220",",,I","-5.0",",I,30,","21.0",",,I,05,","13.5",",I,20,","1068.4","I","485.1",",I","38.3",",,,I","2.69",",I","5.42",",,,I","-0.05",",,,I"
"FR000007354","1904-01","46.86","1.7217","155.0","DEOLS CHATEAUROUX AERODROME DE, FR","0.0","I","0.0","2,I","10",",I","7",",I","0",",I","0","1,I","19","1,I","2","1,I","0","1,I","0","1,I","19040126","+,1,I","19040105",",,I","19040130",",1,I","-5.0","1,I,26,+","13.0",",,I,05,","12.5","1,I,30,","1506.8","I","438.4","1,I","54.2",",,,I","3.13","2,I","6.22","1,,,I","0.03","1,,,I"
"FR000007354","1904-02","46.86","1.7217","155.0","DEOLS CHATEAUROUX AERODROME DE, FR","0.0","I","0.0",",I","15",",I","10",",I","0",",I","0",",I","9",",I","2",",I","0",",I","0",",I","19040229",",,I","19040214",",,I","19040210",",,I","-6.0",",I,29,","22.0",",,I,14,","12.5",",I,10,","1903.5","I","396.7",",I","105.3",",,,I","4.66",",I","7.55",",,,I","1.76",",,,I"
"FR000007354","1904-03","46.86","1.7217","155.0","DEOLS CHATEAUROUX AERODROME DE, FR","0.0","I","0.0","2,I","11",",I","4",",I","0",",I","0","1,I","9","1,I","0","1,I","0","1,I","0","1,I","19040301",",1,I","19040309",",,I","19040321",",1,I","-4.5","1,I,01,","7.8",",,I,09,","17.0","1,I,21,","2253.4","I","349.9","1,I","32.0",",,,I","6.19","2,I","10.80","1,,,I","1.58","1,,,I"
"FR000007354","1904-04","46.86","1.7217","155.0","DEOLS CHATEAUROUX AERODROME DE, FR","0.0","I","0.0",",I","9",",I","5",",I","0",",I","0",",I","0",",I","0",",I","3",",I","0",",I","19040426","+,,I","19040407",",,I","19040412",",,I","2.0",",I,26,+","10.8",",,I,07,","27.0",",I,12,","2463.4","I","210.0",",I","38.3",",,,I","11.33",",I","16.32",",,,I","6.35",",,,I"
"FR000007354","1904-05","46.86","1.7217","155.0","DEOLS CHATEAUROUX AERODROME DE, FR","18.8","I","18.8",",I","12",",I","9",",I","1",",I","0",",I","0",",I","0",",I","14",",I","1",",I","19040505",",,I","19040519",",,I","19040516",",,I","4.0",",I,05,","26.2",",,I,19,","33.5",",I,16,","2555.3","I","91.9",",I","85.9",",,,I","15.98",",I","21.74",",,,I","10.21",",,,I"
"FR000007354","1904-06","46.86","1.7217","155.0","DEOLS CHATEAUROUX AERODROME DE, FR","42.6","I","23.8",",I","14",",I","8",",I","0",",I","0",",I","0",",I","0",",I","22",",I","1",",I","19040602",",,I","19040626",",,I","19040617",",,I","8.5",",I,02,","13.7",",,I,26,","35.0",",I,17,","2586.8","I","31.5",",I","73.8",",,,I","18.08",",I","24.30",",,,I","11.85",",,,I"
"FR000007354","1904-07","46.86","1.7217","155.0","DEOLS CHATEAUROUX AERODROME DE, FR","194.3","I","151.7",",I","6",",I","4",",I","0",",I","0",",I","0",",I","0",",I","31",",I","13",",I","19040703",",,I","19040725",",,I","19040718","+,,I","10.5",",I,03,","17.0",",,I,25,","38.5",",I,18,+","2.7","I","2.7",",I","37.5",",,,I","23.14",",I","30.40",",,,I","15.87",",,,I"
"FR000007354","1904-08","46.86","1.7217","155.0","DEOLS CHATEAUROUX AERODROME DE, FR","281.6","I","87.3",",I","9",",I","6",",I","0",",I","0",",I","0",",I","0",",I","28",",I","4",",I","19040825",",,I","19040823",",,I","19040804",",,I","7.5",",I,25,","7.3",",,I,23,","36.5",",I,04,","17.4","I","14.7",",I","30.3",",,,I","20.68",",I","27.21",",,,I","14.15",",,,I"
"FR000007354","1904-09","46.86","1.7217","155.0","DEOLS CHATEAUROUX AERODROME DE, FR","286.0","I","4.4",",I","11",",I","5",",I","0",",I","0",",I","0",",I","0",",I","12",",I","0",",I","19040920",",,I","19040912",",,I","19040905",",,I","3.5",",I,20,","12.5",",,I,12,","29.0",",I,05,","126.8","I","109.4",",I","48.3",",,,I","14.83",",I","20.37",",,,I","9.30",",,,I"
"FR000007354","1904-10","46.86","1.7217","155.0","DEOLS CHATEAUROUX AERODROME DE, FR","286.2","I","0.2",",I","5",",I","2",",I","0",",I","0",",I","1",",I","0",",I","3",",I","0",",I","19041010",",,I","19041007","+,,I","19041024","+,,I","-0.5",",I,10,","5.0",",,I,07,+","23.0",",I,24,+","332.3","I","205.5",",I","12.2",",,,I","11.71",",I","16.29",",,,I","7.13",",,,I"
"FR000007354","1904-11","46.86","1.7217","155.0","DEOLS CHATEAUROUX AERODROME DE, FR","286.2","I","0.0",",I","7",",I","2",",I","0",",I","0",",I","14",",I","3",",I","0",",I","0",",I","19041129",",,I","19041122",",,I","19041111",",,I","-8.0",",I,29,","10.8",",,I,22,","16.5",",I,11,","732.3","I","400.0",",I","21.0",",,,I","5.00",",I","8.65",",,,I","1.35",",,,I"
"FR000007354","1904-12","46.86","1.7217","155.0","DEOLS CHATEAUROUX AERODROME DE, FR","286.2","I","0.0","3,I","12",",I","6",",I","0",",I","0","2,I","10","2,I","0","1,I","0","1,I","0","1,I","19041225",",2,I","19041212",",,I","19041207",",1,I","-3.0","2,I,25,","15.5",",,I,12,","14.0","1,I,07,","1104.4","I","372.1","1,I","55.3",",,,I","5.18","3,I","7.90","1,,,I","2.47","2,,,I"
"FR000007354","1905-01","46.86","1.7217","155.0","DEOLS CHATEAUROUX AERODROME DE, FR","0.0","I","0.0","1,I","12",",I","7",",I","0",",I","0",",I","18",",I","2","1,I","0","1,I","0","1,I","19050103",",,I","19050117",",,I","19050107",",1,I","-14.0",",I,03,","13.3",",,I,17,","12.0","1,I,07,","1577.9","I","473.5","1,I","44.4",",,,I","2.47","1,I","5.85","1,,,I","-0.90",",,,I"
"FR000007354","1905-02","46.86","1.7217","155.0","DEOLS CHATEAUROUX AERODROME DE, FR","0.0","I","0.0",",I","7",",I","3",",I","0",",I","0",",I","13",",I","0",",I","0",",I","0",",I","19050210",",,I","19050227",",,I","19050205",",,I","-3.5",",I,10,","5.5",",,I,27,","11.5",",I,05,","1973.2","I","395.3",",I","16.2",",,,I","4.21",",I","7.52",",,,I","0.91",",,,I"
"FR000007354","1905-03","46.86","1.7217","155.0","DEOLS CHATEAUROUX AERODROME DE, FR","0.0","I","0.0",",I","18",",I","8",",I","0",",I","0",",I","3",",I","0",",I","1",",I","0",",I","19050305","+,,I","19050328",",,I","19050330",",,I","-0.5",",I,05,+","9.3",",,I,28,","25.5",",I,30,","2271.8","I","298.6",",I","57.0",",,,I","8.70",",I","12.85",",,,I","4.55",",,,I"
"FR000007354","1905-04","46.86","1.7217","155.0","DEOLS CHATEAUROUX AERODROME DE, FR","0.0","I","0.0",",I","11",",I","8",",I","0",",I","0",",I","0",",I","0",",I","3",",I","0",",I","19050407",",,I","19050421",",,I","19050410",",,I","0.5",",I,07,","17.5",",,I,21,","22.5",",I,10,","2485.8","I","214.0",",I","59.2",",,,I","11.20",",I","16.15",",,,I","6.25",",,,I"
"FR000007354","1905-05","46.86","1.7217","155.0","DEOLS CHATEAUROUX AERODROME DE, FR","3.3","I","3.3",",I","12",",I","6",",I","0",",I","0",",I","0",",I","0",",I","9",",I","0",",I","19050524",",,I","19050506",",,I","19050530",",,I","2.0",",I,24,","15.3",",,I,06,","30.0",",I,30,","2659.0","I","173.2",",I","62.0",",,,I","12.85",",I","18.15",",,,I","7.56",",,,I"
"FR000007354","1905-06","46.86","1.7217","155.0","DEOLS CHATEAUROUX AERODROME DE, FR","36.5","I","33.2",",I","10",",I","7",",I","1",",I","0",",I","0",",I","0",",I","25",",I","0",",I","19050608",",,I","19050630",",,I","19050627",",,I","7.5",",I,08,","31.0",",,I,30,","31.0",",I,27,","2684.4","I","25.4",",I","73.8",",,,I","18.59",",I","25.00",",,,I","12.18",",,,I"
"FR000007354","1905-07","46.86","1.7217","155.0","DEOLS CHATEAUROUX AERODROME DE, FR","134.3","I","97.8",",I","5",",I","3",",I","0",",I","0",",I","0",",I","0",",I","31",",I","5",",I","19050720",",,I","19050728",",,I","19050727",",,I","9.5",",I,20,","9.0",",,I,28,","36.5",",I,27,","2.2","I","2.2",",I","25.5",",,,I","21.42",",I","28.87",",,,I","13.97",",,,I"
"FR000007354","1905-08","46.86","1.7217","155.0","DEOLS CHATEAUROUX AERODROME DE, FR","162.3","I","28.0",",I","15",",I","9",",I","1",",I","0",",I","0",",I","0",",I","24",",I","1",",I","19050812",",,I","19050828",",,I","19050803",",,I","8.0",",I,12,","34.0",",,I,28,","34.0",",I,03,","41.0","I","38.8",",I","113.0",",,,I","17.98",",I","24.10",",,,I","11.87",",,,I"
"FR000007354","1905-09","46.86","1.7217","155.0","DEOLS CHATEAUROUX AERODROME DE, FR","172.7","I","10.4",",I","13",",I","11",",I","0",",I","0",",I","0",",I","0",",I","8",",I","0",",I","19050916",",,I","19050919",",,I","19050911",",,I","6.0",",I,16,","12.0",",,I,19,","29.0",",I,11,","146.4","I","105.4",",I","75.0",",,,I","15.17",",I","20.43",",,,I","9.90",",,,I"
"FR000007354","1905-10","46.86","1.7217","155.0","DEOLS CHATEAUROUX AERODROME DE, FR","172.7","I","0.0",",I","11",",I","7",",I","0",",I","0",",I","13",",I","0",",I","0",",I","0",",I","19051027","+,,I","19051002",",,I","19051005",",,I","-5.0",",I,27,+","9.0",",,I,02,","16.5",",I,05,","492.0","I","345.6",",I","41.2",",,,I","7.19",",I","12.77",",,,I","1.60",",,,I"
"FR000007354","1905-11","46.86","1.7217","155.0","DEOLS CHATEAUROUX AERODROME DE, FR","172.7","I","0.0",",I","17",",I","11",",I","0",",I","0",",I","6",",I","0",",I","0",",I","0",",I","19051118",",,I","19051118",",,I","19051126",",,I","-5.5",",I,18,","15.0",",,I,18,","16.5",",I,26,","854.0","I","362.0",",I","93.5",",,,I","6.27",",I","10.00",",,,I","2.53",",,,I"
"FR000007354","1905-12","46.86","1.7217","155.0","DEOLS CHATEAUROUX AERODROME DE, FR","","","","","10",",I","6",",I","0",",I","0","3,I","14","3,I","2","3,I","0","3,I","0","3,I","19051226",",3,I","19051209",",,I","19051228","+,3,I","-5.5","3,I,26,","15.8",",,I,09,","13.0","3,I,28,+","","","","","45.5",",,,I","3.50","6,I","6.89","3,,,I","0.11","3,,,I"
"FR000007354","1906-01","46.86","1.7217","155.0","DEOLS CHATEAUROUX AERODROME DE, FR","0.0","I","0.0",",I","18",",I","12",",I","0",",I","0",",I","12",",I","2",",I","0",",I","0",",I","19060125",",,I","19060101",",,I","19060105",",,I","-9.5",",I,25,","21.3",",,I,01,","13.0",",I,05,","","","426.6",",I","106.0",",,,I","4.57",",I","8.15",",,,I","1.00",",,,I"
"FR000007354","1906-02","46.86","1.7217","155.0","DEOLS CHATEAUROUX AERODROME DE, FR","0.0","I","0.0",",I","17",",I","13",",I","0",",I","0",",I","13",",I","0",",I","0",",I","0",",I","19060222",",,I","19060226",",,I","19060225",",,I","-5.0",",I,22,","23.3",",,I,26,","13.0",",I,25,","","","404.8",",I","106.0",",,,I","3.88",",I","7.02",",,,I","0.73",",,,I"
"FR000007354","1906-03","46.86","1.7217","155.0","DEOLS CHATEAUROUX AERODROME DE, FR","0.0","I","0.0",",I","10",",I","6",",I","0",",I","0",",I","10",",I","0",",I","3",",I","0",",I","19060324",",,I","19060302",",,I","19060318",",,I","-5.0",",I,24,","19.8",",,I,02,","25.0",",I,18,","","","340.1",",I","48.5",",,,I","7.36",",I","13.05",",,,I","1.68",",,,I"
"FR000007354","1906-04","46.86","1.7217","155.0","DEOLS CHATEAUROUX AERODROME DE, FR","0.0","I","0.0","2,I","14",",I","10",",I","0",",I","0","1,I","2","1,I","0","1,I","6","1,I","0","1,I","19060402","+,1,I","19060418",",,I","19060417",",1,I","-1.5","1,I,02,+","23.3",",,I,18,","25.0","1,I,17,","","","220.1","1,I","66.7",",,,I","10.45","2,I","16.64","1,,,I","4.26","1,,,I"
"FR000007354","1906-05","46.86","1.7217","155.0","DEOLS CHATEAUROUX AERODROME DE, FR","18.8","I","18.8",",I","15",",I","10",",I","0",",I","0",",I","0",",I","0",",I","16",",I","1",",I","19060501",",,I","19060504",",,I","19060531",",,I","3.0",",I,01,","23.3",",,I,04,","33.0",",I,31,","","","130.2",",I","65.5",",,,I","14.74",",I","21.16",",,,I","8.32",",,,I"
"FR000007354","1906-06","46.86","1.7217","155.0","DEOLS CHATEAUROUX AERODROME DE, FR","62.4","I","43.6",",I","5",",I","1",",I","0",",I","0",",I","0",",I","0",",I","25",",I","4",",I","19060603",",,I","19060616",",,I","19060628","+,,I","5.5",",I,03,","5.8",",,I,16,","33.5",",I,28,+","","","42.6",",I","11.7",",,,I","18.37",",I","25.20",",,,I","11.53",",,,I"
"FR000007354","1906-07","46.86","1.7217","155.0","DEOLS CHATEAUROUX AERODROME DE, FR","157.5","I","95.1",",I","4",",I","2",",I","1",",I","0",",I","0",",I","0",",I","29",",I","4",",I","19060702","+,,I","19060704",",,I","19060730",",,I","8.0",",I,02,+","26.0",",,I,04,","35.0",",I,30,","13.4","I","13.4",",I","46.2",",,,I","20.97",",I","27.55",",,,I","14.39",",,,I"
"FR000007354","1906-08","46.86","1.7217","155.0","DEOLS CHATEAUROUX AERODROME DE, FR","264.6","I","107.1",",I","3",",I","2",",I","1",",I","0",",I","0",",I","0",",I","29",",I","8",",I","19060821","+,,I","19060814",",,I","19060802",",,I","9.5",",I,21,+","25.8",",,I,14,","40.5",",I,02,","17.1","I","3.7",",I","35.5",",,,I","21.67",",I","28.77",",,,I","14.56",",,,I"
"FR000007354","1906-09","46.86","1.7217","155.0","DEOLS CHATEAUROUX AERODROME DE, FR","310.8","I","46.2",",I","7",",I","4",",I","0",",I","0",",I","0",",I","0",",I","15",",I","3",",I","19060926",",,I","19060915",",,I","19060901",",,I","3.0",",I,26,","12.5",",,I,15,","38.0",",I,01,","113.0","I","95.9",",I","35.7",",,,I","16.68",",I","23.17",",,,I","10.18",",,,I"
"FR000007354","1906-10","46.86","1.7217","155.0","DEOLS CHATEAUROUX AERODROME DE, FR","312.6","I","1.8",",I","10",",I","6",",I","0",",I","0",",I","0",",I","0",",I","11",",I","0",",I","19061015",",,I","19061013",",,I","19061022",",,I","5.0",",I,15,","13.8",",,I,13,","25.0",",I,22,","233.8","I","120.8",",I","61.3",",,,I","14.49",",I","18.69",",,,I","10.29",",,,I"
"FR000007354","1906-11","46.86","1.7217","155.0","DEOLS CHATEAUROUX AERODROME DE, FR","312.6","I","0.0","2,I","16",",I","9",",I","1",",I","0","1,I","4","1,I","0","1,I","0","1,I","0","1,I","19061114",",1,I","19061101",",,I","19061109",",1,I","-3.5","1,I,14,","28.0",",,I,01,","14.5","1,I,09,","534.9","I","301.1","1,I","98.8",",,,I","7.57","2,I","9.97","1,,,I","5.17","1,,,I"
"FR000007354","1906-12","46.86","1.7217","155.0","DEOLS CHATEAUROUX AERODROME DE, FR","312.6","I","0.0","2,I","13",",I","10",",I","0",",I","0","1,I","17","1,I","4","1,I","0","1,I","0","1,I","19061231",",1,I","19061226",",,I","19061205",",1,I","-10.0","1,I,31,","15.8",",,I,26,","11.5","1,I,05,","1028.8","I","493.9","1,I","85.2",",,,I","1.52","2,I","3.90","1,,,I","-0.87","1,,,I"
"FR000007354","1907-01","46.86","1.7217","155.0","DEOLS CHATEAUROUX AERODROME DE, FR","0.0","I","0.0","2,I","13",",I","6",",I","0",",I","0","1,I","16","1,I","2","1,I","0","1,I","0","1,I","19070124",",1,I","19070102",",,I","19070102",",1,I","-10.5","1,I,24,","7.8",",,I,02,","10.5","1,I,02,","1491.2","I","462.4","1,I","35.7",",,,I","2.18","2,I","4.68","1,,,I","-0.32","1,,,I"
"FR000007354","1907-02","46.86","1.7217","155.0","DEOLS CHATEAUROUX AERODROME DE, FR","0.0","I","0.0",",I","10",",I","6",",I","1",",I","0",",I","17",",I","5",",I","0",",I","0",",I","19070204","+,,I","19070220",",,I","19070228",",,I","-9.5",",I,04,+","26.0",",,I,20,","10.5",",I,28,","1952.8","I","461.6",",I","67.0",",,,I","1.85",",I","4.75",",,,I","-1.05",",,,I"
"FR000007354","1907-03","46.86","1.7217","155.0","DEOLS CHATEAUROUX AERODROME DE, FR","0.0","I","0.0",",I","9",",I","3",",I","0",",I","0",",I","10",",I","0",",I","1",",I","0",",I","19070312",",,I","19070311",",,I","19070331",",,I","-2.5",",I,12,","12.0",",,I,11,","22.5",",I,31,","2296.6","I","343.8",",I","36.7",",,,I","7.24",",I","12.60",",,,I","1.89",",,,I"
"FR000007354","1907-04","46.86","1.7217","155.0","DEOLS CHATEAUROUX AERODROME DE, FR","0.0","I","0.0",",I","9",",I","6",",I","0",",I","0",",I","2",",I","0",",I","3",",I","0",",I","19070420","+,,I","19070430",",,I","19070425",",,I","0.0",",I,20,+","10.8",",,I,30,","24.5",",I,25,","2550.8","I","254.2",",I","51.3",",,,I","9.86",",I","14.83",",,,I","4.88",",,,I"
"FR000007354","1907-05","46.86","1.7217","155.0","DEOLS CHATEAUROUX AERODROME DE, FR","10.8","I","10.8",",I","16",",I","11",",I","0",",I","0",",I","0",",I","0",",I","13",",I","0",",I","19070520","+,,I","19070527",",,I","19070511",",,I","1.5",",I,20,+","9.3",",,I,27,","30.0",",I,11,","2677.5","I","126.7",",I","65.0",",,,I","14.60",",I","19.82",",,,I","9.37",",,,I"
"FR000007354","1907-06","46.86","1.7217","155.0","DEOLS CHATEAUROUX AERODROME DE, FR","17.8","I","7.0",",I","11",",I","4",",I","0",",I","0",",I","0",",I","0",",I","16",",I","0",",I","19070617",",,I","19070612",",,I","19070609",",,I","8.0",",I,17,","13.8",",,I,12,","30.0",",I,09,","2733.0","I","55.5",",I","43.0",",,,I","16.72",",I","21.90",",,,I","11.53",",,,I"
"FR000007354","1907-07","46.86","1.7217","155.0","DEOLS CHATEAUROUX AERODROME DE, FR","59.1","I","41.3",",I","7",",I","4",",I","0",",I","0",",I","0",",I","0",",I","24",",I","1",",I","19070712",",,I","19070701",",,I","19070729",",,I","7.5",",I,12,","15.3",",,I,01,","33.0",",I,29,","34.4","I","34.4",",I","28.5",",,,I","18.56",",I","24.55",",,,I","12.56",",,,I"
"FR000007354","1907-08","46.86","1.7217","155.0","DEOLS CHATEAUROUX AERODROME DE, FR","127.6","I","68.5",",I","4",",I","2",",I","0",",I","0",",I","0",",I","0",",I","30",",I","2",",I","19070821",",,I","19070815",",,I","19070804",",,I","8.5",",I,21,","8.5",",,I,15,","36.0",",I,04,","47.2","I","12.8",",I","13.5",",,,I","20.13",",I","26.92",",,,I","13.34",",,,I"
"FR000007354","1907-09","46.86","1.7217","155.0","DEOLS CHATEAUROUX AERODROME DE, FR","153.9","I","26.3",",I","9",",I","7",",I","0",",I","0",",I","0",",I","0",",I","23",",I","0",",I","19070917",",,I","19070901",",,I","19070909",",,I","7.0",",I,17,","23.0",",,I,01,","31.5",",I,09,","82.0","I","34.8",",I","64.3",",,,I","18.05",",I","24.38",",,,I","11.72",",,,I"
"FR000007354","1907-10","46.86","1.7217","155.0","DEOLS CHATEAUROUX AERODROME DE, FR","153.9","I","0.0",",I","24",",I","16",",I","1",",I","0",",I","0",",I","0",",I","2",",I","0",",I","19071028",",,I","19071003",",,I","19071012",",,I","3.5",",I,28,","41.5",",,I,03,","22.0",",I,12,","252.1","I","170.1",",I","132.7",",,,I","12.85",",I","16.02",",,,I","9.68",",,,I"
"FR000007354","1907-11","46.86","1.7217","155.0","DEOLS CHATEAUROUX AERODROME DE, FR","153.9","I","0.0",",I","9",",I","8",",I","0",",I","0",",I","2",",I","0",",I","0",",I","0",",I","19071122",",,I","19071112",",,I","19071108","+,,I","-3.0",",I,22,","20.2",",,I,12,","16.5",",I,08,+","545.6","I","293.5",",I","48.8",",,,I","8.55",",I","11.52",",,,I","5.58",",,,I"
"FR000007354","1907-12","46.86","1.7217","155.0","DEOLS CHATEAUROUX AERODROME DE, FR","153.9","I","0.0","4,I","14",",I","8",",I","0",",I","0","2,I","4","2,I","0","2,I","0","2,I","0","2,I","19071217","+,2,I","19071208",",,I","19071205",",2,I","-1.5","2,I,17,+","10.3",",,I,08,","13.5","2,I,05,","854.3","I","308.7","2,I","57.3",",,,I","6.94","4,I","9.81","2,,,I","4.07","2,,,I"
"FR000007354","1908-01","46.86","1.7217","155.0","DEOLS CHATEAUROUX AERODROME DE, FR","0.0","I","0.0","4,I","6",",I","3",",I","0",",I","0","2,I","23","2,I","3","2,I","0","2,I","0","2,I","19080111",",2,I","19080108",",,I","19080116",",2,I","-8.5","2,I,11,","6.5",",,I,08,","11.0","2,I,16,","1320.0","I","465.7","2,I","15.5",",,,I","1.26","4,I","4.50","2,,,I","-1.98","2,,,I"
"FR000007354","1908-02","46.86","1.7217","155.0","DEOLS CHATEAUROUX AERODROME DE, FR","0.0","I","0.0",",I","14",",I","10",",I","0",",I","0",",I","9",",I","0",",I","0",",I","0",",I","19080207",",,I","19080217",",,I","19080223","+,,I","-4.5",",I,07,","10.0",",,I,17,","12.0",",I,23,+","1707.7","I","387.7",",I","57.2",",,,I","4.97",",I","7.74",",,,I","2.19",",,,I"
"FR000007354","1908-03","46.86","1.7217","155.0","DEOLS CHATEAUROUX AERODROME DE, FR","0.0","I","0.0",",I","14",",I","8",",I","0",",I","0",",I","10",",I","0",",I","0",",I","0",",I","19080316",",,I","19080322","+,,I","19080328",",,I","-3.5",",I,16,","7.0",",,I,22,+","15.0",",I,28,","2097.5","I","389.8",",I","50.2",",,,I","5.76",",I","9.94",",,,I","1.58",",,,I"
"FR000007354","1908-04","46.86","1.7217","155.0","DEOLS CHATEAUROUX AERODROME DE, FR","0.0","I","0.0",",I","13",",I","9",",I","0",",I","0",",I","2",",I","0",",I","1",",I","0",",I","19080421",",,I","19080401",",,I","19080430",",,I","-1.5",",I,21,","11.3",",,I,01,","22.5",",I,30,","2377.7","I","280.2",",I","55.8",",,,I","8.99",",I","13.45",",,,I","4.53",",,,I"
"FR000007354","1908-05","46.86","1.7217","155.0","DEOLS CHATEAUROUX AERODROME DE, FR","15.5","I","15.5","2,I","8",",I","7",",I","2",",I","0","1,I","0","1,I","0","1,I","18","1,I","0","1,I","19080525",",1,I","19080512",",,I","19080521",",1,I","5.0","1,I,25,","48.5",",,I,12,","31.0","1,I,21,","2445.4","I","67.7","1,I","104.5",",,,I","16.63","2,I","22.62","1,,,I","10.65","1,,,I"
"FR000007354","1908-06","46.86","1.7217","155.0","DEOLS CHATEAUROUX AERODROME DE, FR","75.7","I","60.2",",I","7",",I","5",",I","1",",I","0",",I","0",",I","0",",I","24",",I","0",",I","19080607",",,I","19080620",",,I","19080604",",,I","7.0",",I,07,","32.3",",,I,20,","32.0",",I,04,","2474.6","I","29.2",",I","68.0",",,,I","19.37",",I","25.23",",,,I","13.50",",,,I"
"FR000007354","1908-07","46.86","1.7217","155.0","DEOLS CHATEAUROUX AERODROME DE, FR","132.2","I","56.5",",I","9",",I","7",",I","0",",I","0",",I","0",",I","0",",I","25",",I","1",",I","19080722",",,I","19080715",",,I","19080711",",,I","10.0",",I,22,","13.8",",,I,15,","34.0",",I,11,","19.1","I","19.1",",I","56.0",",,,I","19.54",",I","24.98",",,,I","14.10",",,,I"
"FR000007354","1908-08","46.86","1.7217","155.0","DEOLS CHATEAUROUX AERODROME DE, FR","156.6","I","24.4",",I","8",",I","5",",I","0",",I","0",",I","0",",I","0",",I","24",",I","0",",I","19080812",",,I","19080806",",,I","19080820",",,I","9.0",",I,12,","17.3",",,I,06,","32.0",",I,20,","43.8","I","24.7",",I","71.3",",,,I","18.32",",I","24.03",",,,I","12.61",",,,I"
"FR000007354","1908-09","46.86","1.7217","155.0","DEOLS CHATEAUROUX AERODROME DE, FR","164.5","I","7.9",",I","11",",I","5",",I","1",",I","0",",I","0",",I","0",",I","15",",I","0",",I","19080914","+,,I","19080921",",,I","19080919","+,,I","5.5",",I,14,+","32.5",",,I,21,","28.0",",I,19,+","117.0","I","73.2",",I","62.3",",,,I","16.16",",I","21.52",",,,I","10.80",",,,I"
"FR000007354","1908-10","46.86","1.7217","155.0","DEOLS CHATEAUROUX AERODROME DE, FR","166.7","I","2.2",",I","5",",I","2",",I","0",",I","0",",I","3",",I","0",",I","16",",I","0",",I","19081024",",,I","19081021",",,I","19081004","+,,I","-3.0",",I,24,","21.0",",,I,21,","27.0",",I,04,+","260.7","I","143.7",",I","42.0",",,,I","13.77",",I","19.60",",,,I","7.94",",,,I"
"FR000007354","1908-11","46.86","1.7217","155.0","DEOLS CHATEAUROUX AERODROME DE, FR","166.7","I","0.0",",I","11",",I","6",",I","0",",I","0",",I","7",",I","0",",I","0",",I","0",",I","19081110",",,I","19081119",",,I","19081101",",,I","-3.0",",I,10,","12.0",",,I,19,","19.0",",I,01,","609.9","I","349.2",",I","42.2",",,,I","6.69",",I","10.28",",,,I","3.10",",,,I"
"FR000007354","1908-12","46.86","1.7217","155.0","DEOLS CHATEAUROUX AERODROME DE, FR","166.7","I","0.0","4,I","15",",I","8",",I","0",",I","0","2,I","12","2,I","4","2,I","0","2,I","0","2,I","19081229",",2,I","19081228",",,I","19081214",",2,I","-9.0","2,I,29,","11.0",",,I,28,","13.0","2,I,14,","991.6","I","381.7","2,I","61.5",",,,I","4.04","4,I","6.76","2,,,I","1.33","2,,,I"
"FR000007354","1909-01","46.86","1.7217","155.0","DEOLS CHATEAUROUX AERODROME DE, FR","0.0","I","0.0",",I","10",",I","8",",I","0",",I","0",",I","21",",I","5",",I","0",",I","0",",I","19090129","+,,I","19090112",",,I","19090113",",,I","-7.0",",I,29,+","17.6",",,I,12,","11.5",",I,13,","1511.4","I","519.8",",I","64.6",",,,I","1.56",",I","3.84",",,,I","-0.71",",,,I"
"FR000007354","1909-02","46.86","1.7217","155.0","DEOLS CHATEAUROUX AERODROME DE, FR","0.0","I","0.0",",I","4",",I","2",",I","0",",I","0",",I","24",",I","4",",I","0",",I","0",",I","19090225","+,,I","19090212",",,I","19090220",",,I","-6.0",",I,25,+","4.8",",,I,12,","12.0",",I,20,","1971.0","I","459.6",",I","11.2",",,,I","1.92",",I","5.68",",,,I","-1.84",",,,I"
"FR000007354","1909-03","46.86","1.7217","155.0","DEOLS CHATEAUROUX AERODROME DE, FR","0.0","I","0.0",",I","21",",I","14",",I","0",",I","0",",I","11",",I","0",",I","0",",I","0",",I","19090301",",,I","19090310",",,I","19090328",",,I","-6.5",",I,01,","12.1",",,I,10,","18.0",",I,28,","2356.6","I","385.6",",I","83.8",",,,I","5.90",",I","9.68",",,,I","2.11",",,,I"
"FR000007354","1909-04","46.86","1.7217","155.0","DEOLS CHATEAUROUX AERODROME DE, FR","0.7","I","0.7",",I","5",",I","4",",I","0",",I","0",",I","3",",I","0",",I","11",",I","0",",I","19090404",",,I","19090426",",,I","19090424","+,,I","-1.5",",I,04,","7.4",",,I,26,","26.5",",I,24,+","2527.3","I","170.7",",I","23.7",",,,I","12.67",",I","18.98",",,,I","6.35",",,,I"
"FR000007354","1909-05","46.86","1.7217","155.0","DEOLS CHATEAUROUX AERODROME DE, FR","20.2","I","19.5",",I","8",",I","4",",I","0",",I","0",",I","1",",I","0",",I","17",",I","0",",I","19090502",",,I","19090525",",,I","19090523","+,,I","-0.5",",I,02,","14.0",",,I,25,","32.0",",I,23,+","2642.4","I","115.1",",I","41.6",",,,I","15.25",",I","22.68",",,,I","7.82",",,,I"
"FR000007354","1909-06","46.86","1.7217","155.0","DEOLS CHATEAUROUX AERODROME DE, FR","33.7","I","13.5",",I","14",",I","12",",I","0",",I","0",",I","0",",I","0",",I","16",",I","0",",I","19090612",",,I","19090622",",,I","19090601",",,I","5.5",",I,12,","10.5",",,I,22,","31.5",",I,01,","2716.6","I","74.2",",I","72.3",",,,I","16.31",",I","21.90",",,,I","10.72",",,,I"
"FR000007354","1909-07","46.86","1.7217","155.0","DEOLS CHATEAUROUX AERODROME DE, FR","54.8","I","21.1",",I","7",",I","4",",I","0",",I","0",",I","0",",I","0",",I","21",",I","0",",I","19090702",",,I","19090711",",,I","19090721","+,,I","8.0",",I,02,","17.8",",,I,11,","29.0",",I,21,+","42.2","I","42.2",",I","46.1",",,,I","17.65",",I","23.26",",,,I","12.05",",,,I"
"FR000007354","1909-08","46.86","1.7217","155.0","DEOLS CHATEAUROUX AERODROME DE, FR","116.8","I","62.0",",I","9",",I","6",",I","1",",I","0",",I","0",",I","0",",I","26",",I","2",",I","19090804",",,I","19090810",",,I","19090815",",,I","8.0",",I,04,","32.4",",,I,10,","33.0",",I,15,","65.3","I","23.1",",I","93.6",",,,I","19.59",",I","26.00",",,,I","13.18",",,,I"
"FR000007354","1909-09","46.86","1.7217","155.0","DEOLS CHATEAUROUX AERODROME DE, FR","116.8","I","0.0",",I","10",",I","8",",I","1",",I","0",",I","0",",I","0",",I","11",",I","0",",I","19090920",",,I","19090910",",,I","19090921",",,I","6.0",",I,20,","25.6",",,I,10,","25.0",",I,21,","178.5","I","113.2",",I","104.2",",,,I","14.56",",I","19.93",",,,I","9.18",",,,I"
"FR000007354","1909-10","46.86","1.7217","155.0","DEOLS CHATEAUROUX AERODROME DE, FR","116.8","I","0.0",",I","13",",I","8",",I","0",",I","0",",I","0",",I","0",",I","4",",I","0",",I","19091025",",,I","19091001",",,I","19091011",",,I","3.5",",I,25,","17.4",",,I,01,","23.0",",I,11,","326.6","I","148.1",",I","63.9",",,,I","13.56",",I","17.87",",,,I","9.24",",,,I"
"FR000007354","1909-11","46.86","1.7217","155.0","DEOLS CHATEAUROUX AERODROME DE, FR","116.8","I","0.0","2,I","9",",I","4",",I","0",",I","0","1,I","12","1,I","1","1,I","0","1,I","0","1,I","19091124",",1,I","19091115",",,I","19091104",",1,I","-4.5","1,I,24,","15.6",",,I,15,","12.5","1,I,04,","725.7","I","399.1","1,I","31.7",",,,I","4.13","2,I","6.67","1,,,I","1.58","1,,,I"
"FR000007354","1909-12","46.86","1.7217","155.0","DEOLS CHATEAUROUX AERODROME DE, FR","116.8","I","0.0","4,I","21",",I","14",",I","0",",I","0","2,I","11","2,I","1","2,I","0","2,I","0","2,I","19091213",",2,I","19091204",",,I","19091222",",2,I","-3.5","2,I,13,","23.8",",,I,04,","18.5","2,I,22,","1104.4","I","378.7","2,I","127.3",",,,I","4.54","4,I","7.10","2,,,I","1.98","2,,,I"
"FR000007354","1910-01","46.86","1.7217","155.0","DEOLS CHATEAUROUX AERODROME DE, FR","","","","","17",",I","12",",I","1",",I","0","3,I","14","3,I","0","3,I","0","3,I","0","3,I","19100123",",3,I","19100120",",,I","19100128",",3,I","-2.5","3,I,23,","48.7",",,I,20,","11.5","3,I,28,","","","","","123.5",",,,I","4.10","6,I","6.41","3,,,I","1.79","3,,,I"
"FR000007354","1910-02","46.86","1.7217","155.0","DEOLS CHATEAUROUX AERODROME DE, FR","","","0.0",",I","19",",I","13",",I","0",",I","0",",I","8",",I","1",",I","0",",I","0",",I","19100202",",,I","19100222",",,I","19100222",",,I","-4.5",",I,02,","15.1",",,I,22,","17.0",",I,22,","","","358.8",",I","114.6",",,,I","5.52",",I","8.20",",,,I","2.84",",,,I"
"FR000007354","1910-03","46.86","1.7217","155.0","DEOLS CHATEAUROUX AERODROME DE, FR","","","0.0",",I","5",",I","4",",I","0",",I","0",",I","7",",I","0",",I","0",",I","0",",I","19100320",",,I","19100318",",,I","19100309",",,I","-1.5",",I,20,","11.4",",,I,18,","20.0",",I,09,","","","330.8",",I","26.6",",,,I","7.66",",I","12.95",",,,I","2.37",",,,I"
"FR000007354","1910-04","46.86","1.7217","155.0","DEOLS CHATEAUROUX AERODROME DE, FR","","","0.0",",I","15",",I","7",",I","0",",I","0",",I","1",",I","0",",I","0",",I","0",",I","19100401",",,I","19100414",",,I","19100413",",,I","-2.0",",I,01,","8.7",",,I,14,","20.5",",I,13,","","","260.0",",I","43.4",",,,I","9.67",",I","14.48",",,,I","4.85",",,,I"
"FR000007354","1910-05","46.86","1.7217","155.0","DEOLS CHATEAUROUX AERODROME DE, FR","","","1.6",",I","22",",I","14",",I","1",",I","0",",I","1",",I","0",",I","7",",I","0",",I","19100510",",,I","19100512",",,I","19100523",",,I","0.0",",I,10,","54.1",",,I,12,","25.0",",I,23,","","","181.4",",I","134.0",",,,I","12.53",",I","16.92",",,,I","8.15",",,,I"
"FR000007354","1910-06","46.86","1.7217","155.0","DEOLS CHATEAUROUX AERODROME DE, FR","","","14.4",",I","17",",I","14",",I","1",",I","0",",I","0",",I","0",",I","15",",I","0",",I","19100615","+,,I","19100609",",,I","19100608",",,I","9.0",",I,15,+","26.7",",,I,09,","30.0",",I,08,","","","43.9",",I","193.9",",,,I","17.35",",I","22.17",",,,I","12.53",",,,I"
"FR000007354","1910-07","46.86","1.7217","155.0","DEOLS CHATEAUROUX AERODROME DE, FR","","","27.8",",I","18",",I","11",",I","0",",I","0",",I","0",",I","0",",I","21",",I","0",",I","19100709",",,I","19100713",",,I","19100728","+,,I","8.0",",I,09,","14.3",",,I,13,","29.0",",I,28,+","43.4","I","43.4",",I","83.7",",,,I","17.83",",I","23.06",",,,I","12.60",",,,I"
"FR000007354","1910-08","46.86","1.7217","155.0","DEOLS CHATEAUROUX AERODROME DE, FR","","","29.8",",I","11",",I","7",",I","1",",I","0",",I","0",",I","0",",I","23",",I","0",",I","19100807",",,I","19100809",",,I","19100821","+,,I","10.0",",I,07,","31.7",",,I,09,","29.5",",I,21,+","69.0","I","25.6",",I","78.4",",,,I","18.47",",I","23.74",",,,I","13.19",",,,I"
"FR000007354","1910-09","46.86","1.7217","155.0","DEOLS CHATEAUROUX AERODROME DE, FR","","","5.2",",I","3",",I","0",",I","0",",I","0",",I","0",",I","0",",I","6",",I","0",",I","19100923",",,I","19100920",",,I","19100929","+,,I","4.0",",I,23,","1.6",",,I,20,","26.5",",I,29,+","174.7","I","105.7",",I","3.5",",,,I","14.98",",I","20.18",",,,I","9.78",",,,I"
"FR000007354","1910-10","46.86","1.7217","155.0","DEOLS CHATEAUROUX AERODROME DE, FR","","","0.9","2,I","11",",I","8",",I","1",",I","0","1,I","0","1,I","0","1,I","3","1,I","0","1,I","19101023",",1,I","19101030",",,I","19101001",",1,I","3.0","1,I,23,","31.5",",,I,30,","26.0","1,I,01,","339.3","I","164.6","1,I","101.7",",,,I","12.75","2,I","17.63","1,,,I","7.87","1,,,I"
"FR000007354","1910-11","46.86","1.7217","155.0","DEOLS CHATEAUROUX AERODROME DE, FR","","","0.0",",I","25",",I","20",",I","0",",I","0",",I","4",",I","0",",I","0",",I","0",",I","19101122",",,I","19101117",",,I","19101113",",,I","-2.0",",I,22,","19.8",",,I,17,","14.5",",I,13,","687.3","I","348.0",",I","219.0",",,,I","6.73",",I","9.53",",,,I","3.93",",,,I"
"FR000007354","1910-12","46.86","1.7217","155.0","DEOLS CHATEAUROUX AERODROME DE, FR","","","0.0","2,I","18",",I","12",",I","0",",I","0","1,I","7","1,I","2","1,I","0","1,I","0","1,I","19101229",",1,I","19101215",",,I","19101204",",1,I","-5.5","1,I,29,","10.4",",,I,15,","15.0","1,I,04,","1034.7","I","347.4","1,I","73.2",",,,I","6.20","2,I","8.67","1,,,I","3.73","1,,,I"
"FR000007354","1911-01","46.86","1.7217","155.0","DEOLS CHATEAUROUX AERODROME DE, FR","0.0","I","0.0","2,I","7",",I","5",",I","0",",I","0","1,I","27","1,I","5","1,I","0","1,I","0","1,I","19110115",",1,I","19110102",",,I","19110127",",1,I","-7.0","1,I,15,","5.4",",,I,02,","8.0","1,I,27,","1574.6","I","539.9","1,I","20.0",",,,I","-0.20","2,I","1.90","1,,,I","-2.30","1,,,I"
"FR000007354","1911-02","46.86","1.7217","155.0","DEOLS CHATEAUROUX AERODROME DE, FR","0.0","I","0.0",",I","8",",I","2",",I","0",",I","0",",I","16",",I","0",",I","0",",I","0",",I","19110201",",,I","19110225",",,I","19110222",",,I","-7.5",",I,01,","6.7",",,I,25,","14.5",",I,22,","1976.4","I","401.8",",I","17.9",",,,I","3.98",",I","8.11",",,,I","-0.14",",,,I"
"FR000007354","1911-03","46.86","1.7217","155.0","DEOLS CHATEAUROUX AERODROME DE, FR","0.0","I","0.0",",I","17",",I","7",",I","0",",I","0",",I","11",",I","0",",I","0",",I","0",",I","19110327",",,I","19110322",",,I","19110331","+,,I","-2.5",",I,27,","6.0",",,I,22,","19.0",",I,31,+","2314.5","I","338.1",",I","42.7",",,,I","7.43",",I","12.05",",,,I","2.81",",,,I"
"FR000007354","1911-04","46.86","1.7217","155.0","DEOLS CHATEAUROUX AERODROME DE, FR","0.0","I","0.0",",I","10",",I","4",",I","0",",I","0",",I","8",",I","0",",I","4",",I","0",",I","19110407","+,,I","19110401",",,I","19110418",",,I","-3.5",",I,07,+","9.6",",,I,01,","24.5",",I,18,","2586.0","I","271.5",",I","35.7",",,,I","9.28",",I","14.97",",,,I","3.60",",,,I"
"FR000007354","1911-05","46.86","1.7217","155.0","DEOLS CHATEAUROUX AERODROME DE, FR","7.1","I","7.1",",I","9",",I","7",",I","0",",I","0",",I","0",",I","0",",I","13",",I","0",",I","19110502",",,I","19110527",",,I","19110526",",,I","3.5",",I,02,","12.6",",,I,27,","29.0",",I,26,","2701.4","I","115.4",",I","55.6",",,,I","14.84",",I","20.61",",,,I","9.06",",,,I"
"FR000007354","1911-06","46.86","1.7217","155.0","DEOLS CHATEAUROUX AERODROME DE, FR","41.2","I","34.1",",I","12",",I","8",",I","0",",I","0",",I","0",",I","0",",I","22",",I","1",",I","19110611",",,I","19110610",",,I","19110608",",,I","7.5",",I,11,","19.4",",,I,10,","33.0",",I,08,","2734.2","I","32.8",",I","74.6",",,,I","18.38",",I","23.97",",,,I","12.78",",,,I"
"FR000007354","1911-07","46.86","1.7217","155.0","DEOLS CHATEAUROUX AERODROME DE, FR","199.6","I","158.4",",I","3",",I","2",",I","0",",I","0",",I","0",",I","0",",I","31",",I","13",",I","19110704","+,,I","19110725",",,I","19110723",",,I","8.5",",I,04,+","8.0",",,I,25,","38.5",",I,23,","5.2","I","5.2",",I","13.0",",,,I","23.27",",I","31.32",",,,I","15.23",",,,I"
"FR000007354","1911-08","46.86","1.7217","155.0","DEOLS CHATEAUROUX AERODROME DE, FR","365.0","I","165.4",",I","3",",I","3",",I","0",",I","0",",I","0",",I","0",",I","31",",I","13",",I","19110831",",,I","19110821",",,I","19110809",",,I","11.0",",I,31,","12.3",",,I,21,","37.5",",I,09,","5.2","I","0.0",",I","26.0",",,,I","23.67",",I","31.19",",,,I","16.15",",,,I"
"FR000007354","1911-09","46.86","1.7217","155.0","DEOLS CHATEAUROUX AERODROME DE, FR","453.8","I","88.8",",I","9",",I","7",",I","0",",I","0",",I","0",",I","0",",I","20",",I","11",",I","19110923",",,I","19110930",",,I","19110905",",,I","5.5",",I,23,","6.6",",,I,30,","37.0",",I,05,","55.9","I","50.7",",I","36.9",",,,I","19.60",",I","26.58",",,,I","12.62",",,,I"
"FR000007354","1911-10","46.86","1.7217","155.0","DEOLS CHATEAUROUX AERODROME DE, FR","453.8","I","0.0",",I","17",",I","13",",I","1",",I","0",",I","0",",I","0",",I","4",",I","0",",I","19111002",",,I","19111027",",,I","19111012",",,I","2.0",",I,02,","42.0",",,I,27,","23.0",",I,12,","245.5","I","189.6",",I","155.4",",,,I","12.22",",I","16.18",",,,I","8.26",",,,I"
"FR000007354","1911-11","46.86","1.7217","155.0","DEOLS CHATEAUROUX AERODROME DE, FR","453.8","I","0.0",",I","14",",I","9",",I","0",",I","0",",I","3",",I","0",",I","0",",I","0",",I","19111114","+,,I","19111121",",,I","19111105",",,I","0.0",",I,14,+","20.7",",,I,21,","16.0",",I,05,","563.0","I","317.5",",I","111.1",",,,I","7.75",",I","10.75",",,,I","4.75",",,,I"
"FR000007354","1911-12","46.86","1.7217","155.0","DEOLS CHATEAUROUX AERODROME DE, FR","453.8","I","0.0",",I","21",",I","13",",I","0",",I","0",",I","1",",I","0",",I","0",",I","0",",I","19111208",",,I","19111207",",,I","19111219","+,,I","0.0",",I,08,","15.0",",,I,07,","13.5",",I,19,+","900.3","I","337.3",",I","87.9",",,,I","7.45",",I","9.71",",,,I","5.19",",,,I"
"FR000007354","1912-01","46.86","1.7217","155.0","DEOLS CHATEAUROUX AERODROME DE, FR","0.0","I","0.0","4,I","12",",I","5",",I","0",",I","0","2,I","6","2,I","0","2,I","0","2,I","0","2,I","19120129",",2,I","19120123",",,I","19120119",",2,I","-4.5","2,I,29,","18.5",",,I,23,","13.0","2,I,19,","1246.5","I","346.2","2,I","76.5",",,,I","5.31","4,I","8.24","2,,,I","2.38","2,,,I"
"FR000007354","1912-02","46.86","1.7217","155.0","DEOLS CHATEAUROUX AERODROME DE, FR","0.0","I","0.0","2,I","11",",I","6",",I","0",",I","0","1,I","4","1,I","1","1,I","0","1,I","0","1,I","19120204",",1,I","19120202",",,I","19120223",",1,I","-11.5","1,I,04,","13.3",",,I,02,","18.0","1,I,23,","1515.7","I","269.2","1,I","58.1",",,,I","7.91","2,I","12.04","1,,,I","3.79","1,,,I"
"FR000007354","1912-03","46.86","1.7217","155.0","DEOLS CHATEAUROUX AERODROME DE, FR","0.0","I","0.0",",I","19",",I","11",",I","0",",I","0",",I","0",",I","0",",I","2",",I","0",",I","19120316",",,I","19120305",",,I","19120327",",,I","1.0",",I,16,","19.7",",,I,05,","22.0",",I,27,","1787.8","I","272.1",",I","111.5",",,,I","9.56",",I","13.63",",,,I","5.48",",,,I"
"FR000007354","1912-04","46.86","1.7217","155.0","DEOLS CHATEAUROUX AERODROME DE, FR","0.0","I","0.0",",I","6",",I","2",",I","0",",I","0",",I","3",",I","0",",I","2",",I","0",",I","19120410",",,I","19120401",",,I","19120426",",,I","-0.5",",I,10,","4.9",",,I,01,","22.5",",I,26,","2038.5","I","250.7",",I","15.3",",,,I","9.98",",I","15.80",",,,I","4.15",",,,I"
"FR000007354","1912-05","46.86","1.7217","155.0","DEOLS CHATEAUROUX AERODROME DE, FR","25.8","I","25.8",",I","9",",I","3",",I","0",",I","0",",I","0",",I","0",",I","16",",I","1",",I","19120501",",,I","19120521",",,I","19120512",",,I","1.5",",I,01,","22.3",",,I,21,","33.0",",I,12,","2136.4","I","97.9",",I","42.9",",,,I","16.01",",I","22.21",",,,I","9.81",",,,I"
"FR000007354","1912-06","46.86","1.7217","155.0","DEOLS CHATEAUROUX AERODROME DE, FR","42.9","I","17.1",",I","16",",I","9",",I","1",",I","0",",I","0",",I","0",",I","19",",I","1",",I","19120602",",,I","19120601",",,I","19120619",",,I","8.5",",I,02,","29.8",",,I,01,","34.0",",I,19,","2191.5","I","55.1",",I","113.1",",,,I","17.07",",I","22.52",",,,I","11.62",",,,I"
"FR000007354","1912-07","46.86","1.7217","155.0","DEOLS CHATEAUROUX AERODROME DE, FR","100.7","I","57.8",",I","11",",I","9",",I","0",",I","0",",I","0",",I","0",",I","25",",I","2",",I","19120722",",,I","19120706",",,I","19120712",",,I","9.5",",I,22,","16.0",",,I,06,","34.5",",I,12,","19.7","I","19.7",",I","69.9",",,,I","19.56",",I","25.15",",,,I","13.98",",,,I"
"FR000007354","1912-08","46.86","1.7217","155.0","DEOLS CHATEAUROUX AERODROME DE, FR","102.9","I","2.2",",I","19",",I","14",",I","1",",I","0",",I","0",",I","0",",I","7",",I","0",",I","19120814",",,I","19120830",",,I","19120829",",,I","9.0",",I,14,","26.6",",,I,30,","27.0",",I,29,","90.9","I","71.2",",I","142.8",",,,I","16.10",",I","20.26",",,,I","11.95",",,,I"
"FR000007354","1912-09","46.86","1.7217","155.0","DEOLS CHATEAUROUX AERODROME DE, FR","102.9","I","0.0",",I","6",",I","4",",I","1",",I","0",",I","0",",I","0",",I","0",",I","0",",I","19120927",",,I","19120928",",,I","19120918",",,I","2.0",",I,27,","35.5",",,I,28,","21.0",",I,18,","270.9","I","180.0",",I","53.4",",,,I","12.33",",I","17.42",",,,I","7.25",",,,I"
"FR000007354","1912-10","46.86","1.7217","155.0","DEOLS CHATEAUROUX AERODROME DE, FR","102.9","I","0.0","2,I","13",",I","10",",I","1",",I","0","1,I","4","1,I","0","1,I","0","1,I","0","1,I","19121007","+,1,I","19121030",",,I","19121027","+,1,I","-1.5","1,I,07,+","38.3",",,I,30,","20.5","1,I,27,+","505.3","I","234.4","1,I","131.4",",,,I","10.38","2,I","14.93","1,,,I","5.82","1,,,I"
"FR000007354","1912-11","46.86","1.7217","155.0","DEOLS CHATEAUROUX AERODROME DE, FR","102.9","I","0.0",",I","16",",I","11",",I","0",",I","0",",I","8",",I","0",",I","0",",I","0",",I","19121124",",,I","19121129",",,I","19121109",",,I","-2.5",",I,24,","8.6",",,I,29,","15.0",",I,09,","893.0","I","387.7",",I","56.5",",,,I","5.41",",I","8.05",",,,I","2.77",",,,I"
"FR000007354","1912-12","46.86","1.7217","155.0","DEOLS CHATEAUROUX AERODROME DE, FR","102.9","I","0.0","2,I","10",",I","4",",I","0",",I","0","1,I","10","1,I","0","1,I","0","1,I","0","1,I","19121205",",1,I","19121217",",,I","19121228","+,1,I","-3.0","1,I,05,","10.3",",,I,17,","14.0","1,I,28,+","1246.2","I","353.2","1,I","35.9",",,,I","6.19","2,I","9.65","1,,,I","2.73","1,,,I"
"FR000007354","1913-01","46.86","1.7217","155.0","DEOLS CHATEAUROUX AERODROME DE, FR","0.0","I","0.0",",I","21",",I","14",",I","0",",I","0",",I","1",",I","0",",I","0",",I","0",",I","19130101",",,I","19130131",",,I","19130104",",,I","-2.0",",I,01,","14.0",",,I,31,","13.0",",I,04,","1596.5","I","350.3",",I","101.3",",,,I","7.03",",I","9.85",",,,I","4.21",",,,I"
"FR000007354","1913-02","46.86","1.7217","155.0","DEOLS CHATEAUROUX AERODROME DE, FR","0.0","I","0.0",",I","8",",I","5",",I","0",",I","0",",I","15",",I","0",",I","0",",I","0",",I","19130219",",,I","19130202",",,I","19130225","+,,I","-5.0",",I,19,","9.0",",,I,02,","14.0",",I,25,+","1972.1","I","375.6",",I","35.6",",,,I","4.92",",I","9.04",",,,I","0.80",",,,I"
"FR000007354","1913-03","46.86","1.7217","155.0","DEOLS CHATEAUROUX AERODROME DE, FR","0.0","I","0.0",",I","11",",I","8",",I","0",",I","0",",I","4",",I","0",",I","0",",I","0",",I","19130302",",,I","19130330",",,I","19130322",",,I","-3.0",",I,02,","24.9",",,I,30,","20.0",",I,22,","2271.9","I","299.8",",I","92.9",",,,I","8.66",",I","12.89",",,,I","4.44",",,,I"
"FR000007354","1913-04","46.86","1.7217","155.0","DEOLS CHATEAUROUX AERODROME DE, FR","3.1","I","3.1",",I","17",",I","9",",I","0",",I","0",",I","3",",I","0",",I","3",",I","0",",I","19130413",",,I","19130419",",,I","19130429",",,I","-2.5",",I,13,","17.1",",,I,19,","26.5",",I,29,","2517.0","I","245.1",",I","84.2",",,,I","10.27",",I","14.37",",,,I","6.17",",,,I"
"FR000007354","1913-05","46.86","1.7217","155.0","DEOLS CHATEAUROUX AERODROME DE, FR","21.4","I","18.3",",I","16",",I","13",",I","0",",I","0",",I","0",",I","0",",I","12",",I","0",",I","19130506",",,I","19130530",",,I","19130529",",,I","3.0",",I,06,","15.3",",,I,30,","31.0",",I,29,","2654.1","I","137.1",",I","97.7",",,,I","14.50",",I","19.81",",,,I","9.19",",,,I"
"FR000007354","1913-06","46.86","1.7217","155.0","DEOLS CHATEAUROUX AERODROME DE, FR","43.2","I","21.8",",I","8",",I","4",",I","0",",I","0",",I","0",",I","0",",I","20",",I","0",",I","19130607",",,I","19130605",",,I","19130615",",,I","7.5",",I,07,","6.3",",,I,05,","31.0",",I,15,","2699.8","I","45.7",",I","21.4",",,,I","17.53",",I","22.93",",,,I","12.13",",,,I"
"FR000007354","1913-07","46.86","1.7217","155.0","DEOLS CHATEAUROUX AERODROME DE, FR","66.2","I","23.0",",I","12",",I","4",",I","0",",I","0",",I","0",",I","0",",I","22",",I","0",",I","19130709",",,I","19130708",",,I","19130729",",,I","8.5",",I,09,","19.8",",,I,08,","30.5",",I,29,","35.1","I","35.1",",I","46.8",",,,I","17.94",",I","23.40",",,,I","12.48",",,,I"
"FR000007354","1913-08","46.86","1.7217","155.0","DEOLS CHATEAUROUX AERODROME DE, FR","107.8","I","41.6",",I","9",",I","5",",I","1",",I","0",",I","0",",I","0",",I","26",",I","0",",I","19130807",",,I","19130806",",,I","19130827",",,I","9.0",",I,07,","33.6",",,I,06,","31.0",",I,27,","53.8","I","18.7",",I","87.8",",,,I","19.07",",I","24.73",",,,I","13.42",",,,I"
"FR000007354","1913-09","46.86","1.7217","155.0","DEOLS CHATEAUROUX AERODROME DE, FR","117.1","I","9.3",",I","11",",I","5",",I","0",",I","0",",I","0",",I","0",",I","16",",I","0",",I","19130918","+,,I","19130914",",,I","19130903",",,I","7.0",",I,18,+","16.6",",,I,14,","28.0",",I,03,","116.1","I","62.3",",I","44.5",",,,I","16.57",",I","21.72",",,,I","11.42",",,,I"
"FR000007354","1913-10","46.86","1.7217","155.0","DEOLS CHATEAUROUX AERODROME DE, FR","117.1","I","0.0","2,I","14",",I","8",",I","0",",I","0","1,I","0","1,I","0","1,I","3","1,I","0","1,I","19131015",",1,I","19131022",",,I","19131028",",1,I","3.0","1,I,15,","14.6",",,I,22,","23.0","1,I,28,","250.5","I","134.4","1,I","68.7",",,,I","13.73","2,I","18.37","1,,,I","9.08","1,,,I"
"FR000007354","1913-11","46.86","1.7217","155.0","DEOLS CHATEAUROUX AERODROME DE, FR","117.1","I","0.0","2,I","16",",I","8",",I","0",",I","0","1,I","0","1,I","0","1,I","0","1,I","0","1,I","19131130","+,1,I","19131101",",,I","19131110",",1,I","2.5","1,I,30,+","8.7",",,I,01,","19.5","1,I,10,","485.1","I","234.6","1,I","46.8",",,,I","10.01","2,I","12.55","1,,,I","7.47","1,,,I"
"FR000007354","1913-12","46.86","1.7217","155.0","DEOLS CHATEAUROUX AERODROME DE, FR","","","","","10",",I","6",",I","1",",I","0","4,I","15","4,I","1","4,I","0","4,I","0","4,I","19131222",",4,I","19131206",",,I","19131206",",4,I","-5.5","4,I,22,","37.6",",,I,06,","12.0","4,I,06,","","","","","76.3",",,,I","2.93","8,I","5.70","4,,,I","0.15","4,,,I"
"FR000007354","1914-01","46.86","1.7217","155.0","DEOLS CHATEAUROUX AERODROME DE, FR","0.0","I","0.0","2,I","8",",I","5",",I","0",",I","0","1,I","23","1,I","14","1,I","0","1,I","0","1,I","19140118",",1,I","19140106",",,I","19140131",",1,I","-14.0","1,I,18,","12.7",",,I,06,","10.0","1,I,31,","","","565.4","1,I","31.9",",,,I","-1.04","2,I","2.03","1,,,I","-4.12","1,,,I"
"FR000007354","1914-02","46.86","1.7217","155.0","DEOLS CHATEAUROUX AERODROME DE, FR","0.0","I","0.0",",I","9",",I","6",",I","0",",I","0",",I","8",",I","0",",I","0",",I","0",",I","19140204","+,,I","19140222",",,I","19140215",",,I","-1.5",",I,04,+","13.2",",,I,22,","18.0",",I,15,","","","299.3",",I","42.0",",,,I","7.64",",I","11.82",",,,I","3.46",",,,I"
"FR000007354","1914-03","46.86","1.7217","155.0","DEOLS CHATEAUROUX AERODROME DE, FR","0.0","I","0.0",",I","20",",I","14",",I","0",",I","0",",I","3",",I","0",",I","1",",I","0",",I","19140303",",,I","19140307",",,I","19140331",",,I","-1.0",",I,03,","16.3",",,I,07,","22.0",",I,31,","","","311.8",",I","104.8",",,,I","8.27",",I","11.98",",,,I","4.56",",,,I"
"FR000007354","1914-04","46.86","1.7217","155.0","DEOLS CHATEAUROUX AERODROME DE, FR","0.0","I","0.0",",I","9",",I","6",",I","0",",I","0",",I","0",",I","0",",I","7",",I","0",",I","19140427","+,,I","19140430",",,I","19140428",",,I","3.5",",I,27,+","9.0",",,I,30,","25.0",",I,28,","","","160.5",",I","41.0",",,,I","12.98",",I","18.75",",,,I","7.22",",,,I"
"FR000007354","1914-05","46.86","1.7217","155.0","DEOLS CHATEAUROUX AERODROME DE, FR","7.9","I","7.9",",I","12",",I","7",",I","0",",I","0",",I","0",",I","0",",I","8",",I","0",",I","19140530",",,I","19140524",",,I","19140522",",,I","4.0",",I,30,","24.2",",,I,24,","30.5",",I,22,","","","148.2",",I","58.7",",,,I","13.81",",I","18.68",",,,I","8.94",",,,I"
"FR000007354","1914-06","46.86","1.7217","155.0","DEOLS CHATEAUROUX AERODROME DE, FR","30.4","I","22.5",",I","8",",I","5",",I","0",",I","0",",I","0",",I","0",",I","18",",I","1",",I","19140610",",,I","19140601",",,I","19140630",",,I","6.0",",I,10,","13.4",",,I,01,","33.0",",I,30,","","","63.0",",I","39.5",",,,I","16.98",",I","22.92",",,,I","11.05",",,,I"
"FR000007354","1914-07","46.86","1.7217","155.0","DEOLS CHATEAUROUX AERODROME DE, FR","66.4","I","36.0",",I","16",",I","12",",I","0",",I","0",",I","0",",I","0",",I","23",",I","1",",I","19140707",",,I","19140715",",,I","19140701",",,I","10.0",",I,07,","20.0",",,I,15,","35.5",",I,01,","22.8","I","22.8",",I","96.4",",,,I","18.76",",I","23.87",",,,I","13.65",",,,I"
"FR000007354","1914-08","46.86","1.7217","155.0","DEOLS CHATEAUROUX AERODROME DE, FR","138.1","I","71.7",",I","7",",I","4",",I","0",",I","0",",I","0",",I","0",",I","29",",I","5",",I","19140807",",,I","19140803",",,I","19140814",",,I","11.0",",I,07,","14.4",",,I,03,","34.5",",I,14,","31.0","I","8.2",",I","34.9",",,,I","20.38",",I","26.10",",,,I","14.66",",,,I"
"FR000007354","1914-09","46.86","1.7217","155.0","DEOLS CHATEAUROUX AERODROME DE, FR","164.5","I","26.4",",I","13",",I","6",",I","0",",I","0",",I","0",",I","0",",I","11",",I","0",",I","19140921",",,I","19140908",",,I","19140904",",,I","4.5",",I,21,","15.6",",,I,08,","31.0",",I,04,","116.4","I","85.4",",I","58.6",",,,I","16.37",",I","21.45",",,,I","11.28",",,,I"
"FR000007354","1914-10","46.86","1.7217","155.0","DEOLS CHATEAUROUX AERODROME DE, FR","164.5","I","0.0",",I","9",",I","8",",I","0",",I","0",",I","0",",I","0",",I","0",",I","0",",I","19141012",",,I","19141014",",,I","19141024",",,I","0.5",",I,12,","13.6",",,I,14,","20.5",",I,24,","344.2","I","227.8",",I","53.5",",,,I","10.98",",I","15.15",",,,I","6.82",",,,I"
"FR000007354","1914-11","46.86","1.7217","155.0","DEOLS CHATEAUROUX AERODROME DE, FR","","","","","13",",I","7",",I","0",",I","0","3,I","7","3,I","0","3,I","0","3,I","0","3,I","19141120",",3,I","19141116",",,I","19141105",",3,I","-5.5","3,I,20,","9.1",",,I,16,","17.5","3,I,05,","","","","","39.1",",,,I","6.08","6,I","9.31","3,,,I","2.85","3,,,I"
"FR000007354","1914-12","46.86","1.7217","155.0","DEOLS CHATEAUROUX AERODROME DE, FR","","","0.0",",I","20",",I","11",",I","0",",I","0",",I","4",",I","0",",I","0",",I","0",",I","19141226",",,I","19141211",",,I","19141207",",,I","-4.5",",I,26,","11.8",",,I,11,","17.0",",I,07,","","","354.6",",I","66.6",",,,I","6.90",",I","9.26",",,,I","4.53",",,,I"
"FR000007354","1915-01","46.86","1.7217","155.0","DEOLS CHATEAUROUX AERODROME DE, FR","0.0","I","0.0","4,I","16",",I","14",",I","0",",I","0","2,I","10","2,I","2","2,I","0","2,I","0","2,I","19150130","+,2,I","19150121",",,I","19150107",",2,I","-7.0","2,I,30,+","15.3",",,I,21,","12.0","2,I,07,","","","395.5","2,I","80.4",",,,I","3.77","4,I","5.91","2,,,I","1.62","2,,,I"
"FR000007354","1915-02","46.86","1.7217","155.0","DEOLS CHATEAUROUX AERODROME DE, FR","0.0","I","0.0",",I","17",",I","9",",I","0",",I","0",",I","6",",I","0",",I","0",",I","0",",I","19150227","+,,I","19150212",",,I","19150204",",,I","-2.0",",I,27,+","12.3",",,I,12,","14.0",",I,04,","","","372.6",",I","74.7",",,,I","5.03",",I","8.04",",,,I","2.02",",,,I"
"FR000007354","1915-03","46.86","1.7217","155.0","DEOLS CHATEAUROUX AERODROME DE, FR","0.0","I","0.0","2,I","10",",I","4",",I","0",",I","0","1,I","12","1,I","0","1,I","0","1,I","0","1,I","19150310",",1,I","19150327",",,I","19150318",",1,I","-4.5","1,I,10,","9.2",",,I,27,","17.0","1,I,18,","","","353.9","1,I","32.2",",,,I","6.10","2,I","10.48","1,,,I","1.72","1,,,I"
"FR000007354","1915-04","46.86","1.7217","155.0","DEOLS CHATEAUROUX AERODROME DE, FR","0.0","I","0.0",",I","13",",I","7",",I","0",",I","0",",I","2",",I","0",",I","2",",I","0",",I","19150401",",,I","19150408",",,I","19150430",",,I","-2.0",",I,01,","24.1",",,I,08,","23.0",",I,30,","","","261.7",",I","87.1",",,,I","9.61",",I","14.75",",,,I","4.47",",,,I"
"FR000007354","1915-05","46.86","1.7217","155.0","DEOLS CHATEAUROUX AERODROME DE, FR","17.9","I","17.9",",I","14",",I","9",",I","0",",I","0",",I","0",",I","0",",I","20",",I","0",",I","19150529","+,,I","19150505",",,I","19150526",",,I","7.5",",I,29,+","21.4",",,I,05,","29.5",",I,26,","","","62.2",",I","75.6",",,,I","16.90",",I","22.29",",,,I","11.52",",,,I"
"FR000007354","1915-06","46.86","1.7217","155.0","DEOLS CHATEAUROUX AERODROME DE, FR","65.9","I","48.0",",I","12",",I","6",",I","0",",I","0",",I","0",",I","0",",I","25",",I","1",",I","19150620",",,I","19150610",",,I","19150607",",,I","9.5",",I,20,","11.4",",,I,10,","32.5",",I,07,","","","21.7",",I","58.8",",,,I","19.21",",I","24.47",",,,I","13.95",",,,I"
"FR000007354","1915-07","46.86","1.7217","155.0","DEOLS CHATEAUROUX AERODROME DE, FR","91.7","I","25.8",",I","10",",I","7",",I","0",",I","0",",I","0",",I","0",",I","24",",I","0",",I","19150701",",,I","19150715",",,I","19150704",",,I","9.5",",I,01,","23.4",",,I,15,","31.0",",I,04,","21.4","I","21.4",",I","73.8",",,,I","18.48",",I","23.98",",,,I","12.97",",,,I"
"FR000007354","1915-08","46.86","1.7217","155.0","DEOLS CHATEAUROUX AERODROME DE, FR","126.0","I","34.3",",I","9",",I","6",",I","0",",I","0",",I","0",",I","0",",I","27",",I","0",",I","19150831",",,I","19150802",",,I","19150809",",,I","7.5",",I,31,","23.5",",,I,02,","31.5",",I,09,","48.1","I","26.7",",I","54.0",",,,I","18.58",",I","24.29",",,,I","12.87",",,,I"
"FR000007354","1915-09","46.86","1.7217","155.0","DEOLS CHATEAUROUX AERODROME DE, FR","141.3","I","15.3",",I","9",",I","8",",I","2",",I","0",",I","0",",I","0",",I","18",",I","0",",I","19150930",",,I","19150927","+,,I","19150923",",,I","2.5",",I,30,","34.3",",,I,27,+","29.0",",I,23,","132.6","I","84.5",",I","130.3",",,,I","16.03",",I","21.63",",,,I","10.42",",,,I"
"FR000007354","1915-10","46.86","1.7217","155.0","DEOLS CHATEAUROUX AERODROME DE, FR","141.3","I","0.0",",I","9",",I","2",",I","0",",I","0",",I","1",",I","0",",I","0",",I","0",",I","19151028",",,I","19151011",",,I","19151011",",,I","0.0",",I,28,","12.3",",,I,11,","20.0",",I,11,","402.4","I","269.8",",I","32.6",",,,I","9.63",",I","13.34",",,,I","5.92",",,,I"
"FR000007354","1915-11","46.86","1.7217","155.0","DEOLS CHATEAUROUX AERODROME DE, FR","141.3","I","0.0",",I","12",",I","9",",I","0",",I","0",",I","13",",I","3",",I","0",",I","0",",I","19151128",",,I","19151102",",,I","19151112",",,I","-8.0",",I,28,","23.7",",,I,02,","14.0",",I,12,","831.6","I","429.2",",I","78.5",",,,I","4.03",",I","6.60",",,,I","1.45",",,,I"
"FR000007354","1915-12","46.86","1.7217","155.0","DEOLS CHATEAUROUX AERODROME DE, FR","141.3","I","0.0","2,I","22",",I","11",",I","0",",I","0","1,I","5","1,I","1","1,I","0","1,I","0","1,I","19151215",",1,I","19151222",",,I","19151210",",1,I","-4.0","1,I,15,","15.0",",,I,22,","16.0","1,I,10,","1124.8","I","293.2","1,I","113.1",",,,I","8.11","2,I","10.32","1,,,I","5.90","1,,,I"
"FR000007354","1916-01","46.86","1.7217","155.0","DEOLS CHATEAUROUX AERODROME DE, FR","0.0","I","0.0",",I","10",",I","3",",I","0",",I","0",",I","5",",I","0",",I","0",",I","0",",I","19160117","+,,I","19160102",",,I","19160101",",,I","-2.0",",I,17,+","5.1",",,I,02,","13.5",",I,01,","1474.4","I","349.6",",I","21.5",",,,I","7.06",",I","9.39",",,,I","4.73",",,,I"
"FR000007354","1916-02","46.86","1.7217","155.0","DEOLS CHATEAUROUX AERODROME DE, FR","0.0","I","0.0",",I","22",",I","16",",I","0",",I","0",",I","8",",I","0",",I","0",",I","0",",I","19160224",",,I","19160216",",,I","19160219",",,I","-4.0",",I,24,","12.2",",,I,16,","12.5",",I,19,","1857.6","I","383.2",",I","103.2",",,,I","5.12",",I","7.90",",,,I","2.34",",,,I"
"FR000007354","1916-03","46.86","1.7217","155.0","DEOLS CHATEAUROUX AERODROME DE, FR","0.0","I","0.0",",I","19",",I","12",",I","0",",I","0",",I","8",",I","0",",I","0",",I","0",",I","19160310","+,,I","19160320",",,I","19160319","+,,I","-3.5",",I,10,+","9.8",",,I,20,","18.0",",I,19,+","2209.4","I","351.8",",I","77.3",",,,I","6.98",",I","11.08",",,,I","2.89",",,,I"
"FR000007354","1916-04","46.86","1.7217","155.0","DEOLS CHATEAUROUX AERODROME DE, FR","0.0","I","0.0","2,I","15",",I","9",",I","0",",I","0","1,I","0","1,I","0","1,I","5","1,I","0","1,I","19160416","+,1,I","19160422",",,I","19160427",",1,I","1.0","1,I,16,+","9.9",",,I,22,","26.0","1,I,27,","2432.0","I","222.6","1,I","53.9",",,,I","10.38","2,I","15.45","1,,,I","5.31","1,,,I"
"FR000007354","1916-05","46.86","1.7217","155.0","DEOLS CHATEAUROUX AERODROME DE, FR","7.2","I","7.2",",I","12",",I","9",",I","1",",I","0",",I","0",",I","0",",I","14",",I","0",",I","19160509",",,I","19160525",",,I","19160519",",,I","5.0",",I,09,","38.8",",,I,25,","28.5",",I,19,","2529.0","I","97.0",",I","94.4",",,,I","15.44",",I","20.79",",,,I","10.08",",,,I"
"FR000007354","1916-06","46.86","1.7217","155.0","DEOLS CHATEAUROUX AERODROME DE, FR","8.3","I","1.1",",I","18",",I","11",",I","0",",I","0",",I","0",",I","0",",I","7",",I","0",",I","19160604",",,I","19160603",",,I","19160622",",,I","5.0",",I,04,","12.6",",,I,03,","27.0",",I,22,","2637.3","I","108.3",",I","62.4",",,,I","14.76",",I","19.72",",,,I","9.80",",,,I"
"FR000007354","1916-07","46.86","1.7217","155.0","DEOLS CHATEAUROUX AERODROME DE, FR","40.5","I","32.2",",I","8",",I","4",",I","0",",I","0",",I","0",",I","0",",I","27",",I","0",",I","19160706",",,I","19160703",",,I","19160731",",,I","10.0",",I,06,","18.2",",,I,03,","31.0",",I,31,","17.7","I","17.7",",I","48.3",",,,I","18.80",",I","24.19",",,,I","13.40",",,,I"
"FR000007354","1916-08","46.86","1.7217","155.0","DEOLS CHATEAUROUX AERODROME DE, FR","102.2","I","61.7",",I","10",",I","5",",I","0",",I","0",",I","0",",I","0",",I","28",",I","2",",I","19160831","+,,I","19160825",",,I","19160802",",,I","10.0",",I,31,+","20.1",",,I,25,","34.0",",I,02,","29.9","I","12.2",",I","45.0",",,,I","19.93",",I","25.89",",,,I","13.97",",,,I"
"FR000007354","1916-09","46.86","1.7217","155.0","DEOLS CHATEAUROUX AERODROME DE, FR","102.6","I","0.4",",I","12",",I","4",",I","0",",I","0",",I","0",",I","0",",I","11",",I","0",",I","19160916",",,I","19160919",",,I","19160926","+,,I","4.0",",I,16,","15.5",",,I,19,","25.0",",I,26,+","125.3","I","95.4",",I","47.6",",,,I","15.17",",I","20.07",",,,I","10.27",",,,I"
"FR000007354","1916-10","46.86","1.7217","155.0","DEOLS CHATEAUROUX AERODROME DE, FR","102.6","I","0.0",",I","15",",I","9",",I","0",",I","0",",I","2",",I","0",",I","4",",I","0",",I","19161021",",,I","19161019",",,I","19161006",",,I","-2.5",",I,21,","9.9",",,I,19,","23.0",",I,06,","331.4","I","206.1",",I","55.1",",,,I","11.69",",I","15.69",",,,I","7.68",",,,I"
"FR000007354","1916-11","46.86","1.7217","155.0","DEOLS CHATEAUROUX AERODROME DE, FR","102.6","I","0.0",",I","14",",I","11",",I","0",",I","0",",I","9",",I","0",",I","0",",I","0",",I","19161117",",,I","19161118",",,I","19161104",",,I","-4.0",",I,17,","24.7",",,I,18,","20.5",",I,04,","675.9","I","344.5",",I","104.4",",,,I","6.85",",I","10.17",",,,I","3.53",",,,I"
"FR000007354","1916-12","46.86","1.7217","155.0","DEOLS CHATEAUROUX AERODROME DE, FR","102.6","I","0.0",",I","20",",I","10",",I","0",",I","0",",I","4",",I","0",",I","0",",I","0",",I","19161220",",,I","19161225",",,I","19161226",",,I","-5.0",",I,20,","10.5",",,I,25,","14.5",",I,26,","1083.5","I","407.6",",I","68.1",",,,I","5.19",",I","7.39",",,,I","2.98",",,,I"
"FR000007354","1917-01","46.86","1.7217","155.0","DEOLS CHATEAUROUX AERODROME DE, FR","0.0","I","0.0","3,I","11",",I","4",",I","1",",I","0","2,I","18","2,I","8","2,I","0","2,I","0","2,I","19170130",",2,I","19170108",",,I","19170101",",2,I","-11.0","2,I,30,","26.8",",,I,08,","10.0","2,I,01,","1572.3","I","488.8","2,I","44.4",",,,I","0.84","3,I","2.79","2,,,I","-1.12","2,,,I"
"FR000007354","1917-02","46.86","1.7217","155.0","DEOLS CHATEAUROUX AERODROME DE, FR","0.0","I","0.0",",I","5",",I","3",",I","0",",I","0",",I","16",",I","7",",I","0",",I","0",",I","19170204",",,I","19170221",",,I","19170225","+,,I","-13.5",",I,04,","9.4",",,I,21,","12.5",",I,25,+","2052.1","I","479.8",",I","18.6",",,,I","1.20",",I","5.20",",,,I","-2.80",",,,I"
"FR000007354","1917-03","46.86","1.7217","155.0","DEOLS CHATEAUROUX AERODROME DE, FR","0.0","I","0.0",",I","16",",I","12",",I","0",",I","0",",I","16",",I","0",",I","0",",I","0",",I","19170303",",,I","19170330",",,I","19170311",",,I","-3.5",",I,03,","23.5",",,I,30,","19.5",",I,11,","2464.7","I","412.6",",I","117.2",",,,I","5.02",",I","8.73",",,,I","1.32",",,,I"
"FR000007354","1917-04","46.86","1.7217","155.0","DEOLS CHATEAUROUX AERODROME DE, FR","0.0","I","0.0",",I","14",",I","7",",I","0",",I","0",",I","2",",I","0",",I","2",",I","0",",I","19170418","+,,I","19170418",",,I","19170430","+,,I","0.0",",I,18,+","6.0",",,I,18,","24.0",",I,30,+","2791.9","I","327.2",",I","38.8",",,,I","7.43",",I","12.47",",,,I","2.38",",,,I"
"FR000007354","1917-05","46.86","1.7217","155.0","DEOLS CHATEAUROUX AERODROME DE, FR","18.1","I","18.1",",I","13",",I","10",",I","0",",I","0",",I","0",",I","0",",I","16",",I","0",",I","19170529",",,I","19170508",",,I","19170526",",,I","7.5",",I,29,","16.5",",,I,08,","29.5",",I,26,","2847.8","I","55.9",",I","76.8",",,,I","17.11",",I","22.35",",,,I","11.87",",,,I"
"FR000007354","1917-06","46.86","1.7217","155.0","DEOLS CHATEAUROUX AERODROME DE, FR","79.3","I","61.2",",I","9",",I","4",",I","0",",I","0",",I","0",",I","0",",I","25",",I","3",",I","19170623",",,I","19170621",",,I","19170616",",,I","9.5",",I,23,","12.8",",,I,21,","33.5",",I,16,","2862.7","I","14.9",",I","33.5",",,,I","19.88",",I","25.72",",,,I","14.03",",,,I"
"FR000007354","1917-07","46.86","1.7217","155.0","DEOLS CHATEAUROUX AERODROME DE, FR","143.7","I","64.4",",I","9",",I","3",",I","0",",I","0",",I","0",",I","0",",I","28",",I","1",",I","19170706",",,I","19170715",",,I","19170728",",,I","10.0",",I,06,","11.0",",,I,15,","33.5",",I,28,","12.5","I","12.5",",I","30.2",",,,I","20.01",",I","25.66",",,,I","14.35",",,,I"
"FR000007354","1917-08","46.86","1.7217","155.0","DEOLS CHATEAUROUX AERODROME DE, FR","159.7","I","16.0",",I","13",",I","7",",I","1",",I","0",",I","0",",I","0",",I","20",",I","0",",I","19170821","+,,I","19170813",",,I","19170822",",,I","10.5",",I,21,+","27.4",",,I,13,","31.5",",I,22,","44.6","I","32.1",",I","77.9",",,,I","17.81",",I","22.53",",,,I","13.10",",,,I"
"FR000007354","1917-09","46.86","1.7217","155.0","DEOLS CHATEAUROUX AERODROME DE, FR","168.6","I","8.9",",I","3",",I","2",",I","0",",I","0",",I","0",",I","0",",I","19",",I","0",",I","19170922",",,I","19170907",",,I","19170919",",,I","7.0",",I,22,","20.3",",,I,07,","30.0",",I,19,","89.3","I","44.7",",I","31.9",",,,I","17.14",",I","22.35",",,,I","11.93",",,,I"
"FR000007354","1917-10","46.86","1.7217","155.0","DEOLS CHATEAUROUX AERODROME DE, FR","169.0","I","0.4",",I","17",",I","10",",I","1",",I","0",",I","1",",I","0",",I","2",",I","0",",I","19171029",",,I","19171013",",,I","19171002",",,I","-1.0",",I,29,","39.6",",,I,13,","26.5",",I,02,","351.3","I","262.0",",I","131.4",",,,I","9.90",",I","13.65",",,,I","6.15",",,,I"
"FR000007354","1917-11","46.86","1.7217","155.0","DEOLS CHATEAUROUX AERODROME DE, FR","169.0","I","0.0","4,I","13",",I","8",",I","0",",I","0","2,I","3","2,I","0","2,I","0","2,I","0","2,I","19171116","+,2,I","19171101",",,I","19171102",",2,I","-0.5","2,I,16,+","10.2",",,I,01,","16.5","2,I,02,","623.7","I","272.4","2,I","49.2",",,,I","7.72","4,I","10.20","2,,,I","5.25","2,,,I"
"FR000007354","1917-12","46.86","1.7217","155.0","DEOLS CHATEAUROUX AERODROME DE, FR","169.0","I","0.0",",I","9",",I","4",",I","0",",I","0",",I","25",",I","10",",I","0",",I","0",",I","19171230",",,I","19171218",",,I","19171201",",,I","-13.5",",I,30,","8.0",",,I,18,","10.0",",I,01,","1211.5","I","587.8",",I","30.3",",,,I","-0.63",",I","2.13",",,,I","-3.39",",,,I"
"FR000007354","1918-01","46.86","1.7217","155.0","DEOLS CHATEAUROUX AERODROME DE, FR","0.0","I","0.0","4,I","9",",I","5",",I","0",",I","0","2,I","17","2,I","3","2,I","0","2,I","0","2,I","19180104",",2,I","19180108",",,I","19180117",",2,I","-13.0","2,I,04,","15.5",",,I,08,","16.0","2,I,17,","1576.0","I","364.5","2,I","41.3",",,,I","4.42","4,I","8.91","2,,,I","-0.07","2,,,I"
"FR000007354","1918-02","46.86","1.7217","155.0","DEOLS CHATEAUROUX AERODROME DE, FR","0.0","I","0.0","1,I","7",",I","4",",I","0",",I","0","1,I","9","1,I","0",",I","0",",I","0",",I","19180217",",1,I","19180228",",,I","19180212","+,,I","-7.0","1,I,17,","8.0",",,I,28,","15.0",",I,12,+","1906.5","I","330.5",",I","24.0",",,,I","6.08","1,I","10.21",",,,I","1.94","1,,,I"
"FR000007354","1918-03","46.86","1.7217","155.0","DEOLS CHATEAUROUX AERODROME DE, FR","0.0","I","0.0","1,I","8",",I","6",",I","0",",I","0",",I","11",",I","0","1,I","0","1,I","0","1,I","19180304",",,I","19180330","+,,I","19180324",",1,I","-3.5",",I,04,","4.3",",,I,30,+","20.5","1,I,24,","2229.0","I","322.5","1,I","22.1",",,,I","7.54","1,I","13.10","1,,,I","1.98",",,,I"
"FR000007354","1918-04","46.86","1.7217","155.0","DEOLS CHATEAUROUX AERODROME DE, FR","0.0","I","0.0",",I","16",",I","9",",I","0",",I","0",",I","3",",I","0",",I","0",",I","0",",I","19180421","+,,I","19180413",",,I","19180426",",,I","-1.5",",I,21,+","10.6",",,I,13,","19.5",",I,26,","2524.7","I","295.7",",I","70.1",",,,I","8.48",",I","12.47",",,,I","4.48",",,,I"
"FR000007354","1918-05","46.86","1.7217","155.0","DEOLS CHATEAUROUX AERODROME DE, FR","14.7","I","14.7",",I","8",",I","5",",I","0",",I","0",",I","0",",I","0",",I","15",",I","0",",I","19180502",",,I","19180507",",,I","19180521",",,I","4.5",",I,02,","17.9",",,I,07,","29.5",",I,21,","2619.9","I","95.2",",I","55.6",",,,I","15.73",",I","21.18",",,,I","10.29",",,,I"
"FR000007354","1918-06","46.86","1.7217","155.0","DEOLS CHATEAUROUX AERODROME DE, FR","19.0","I","4.3",",I","6",",I","4",",I","0",",I","0",",I","0",",I","0",",I","20",",I","0",",I","19180624","+,,I","19180619",",,I","19180609",",,I","7.5",",I,24,+","13.3",",,I,19,","28.5",",I,09,","2673.4","I","53.5",",I","29.2",",,,I","16.69",",I","22.93",",,,I","10.45",",,,I"
"FR000007354","1918-07","46.86","1.7217","155.0","DEOLS CHATEAUROUX AERODROME DE, FR","79.4","I","60.4",",I","8",",I","4",",I","0",",I","0",",I","0",",I","0",",I","28",",I","5",",I","19180704",",,I","19180718",",,I","19180717",",,I","8.0",",I,04,","6.4",",,I,18,","35.0",",I,17,","18.2","I","18.2",",I","21.9",",,,I","19.69",",I","26.19",",,,I","13.19",",,,I"
"FR000007354","1918-08","46.86","1.7217","155.0","DEOLS CHATEAUROUX AERODROME DE, FR","144.7","I","65.3",",I","7",",I","3",",I","0",",I","0",",I","0",",I","0",",I","30",",I","4",",I","19180830",",,I","19180802",",,I","19180822",",,I","9.5",",I,30,","15.1",",,I,02,","36.0",",I,22,","30.6","I","12.4",",I","27.9",",,,I","20.04",",I","26.13",",,,I","13.95",",,,I"
"FR000007354","1918-09","46.86","1.7217","155.0","DEOLS CHATEAUROUX AERODROME DE, FR","158.1","I","13.4",",I","17",",I","11",",I","2",",I","0",",I","0",",I","0",",I","12",",I","0",",I","19180924",",,I","19180905",",,I","19180904",",,I","7.0",",I,24,","44.2",",,I,05,","30.0",",I,04,","111.8","I","81.2",",I","166.4",",,,I","16.08",",I","20.65",",,,I","11.50",",,,I"
"FR000007354","1918-10","46.86","1.7217","155.0","DEOLS CHATEAUROUX AERODROME DE, FR","158.1","I","0.0",",I","12",",I","4",",I","0",",I","0",",I","0",",I","0",",I","0",",I","0",",I","19181029",",,I","19181024",",,I","19181007",",,I","0.5",",I,29,","5.1",",,I,24,","17.5",",I,07,","379.6","I","267.8",",I","25.5",",,,I","9.69",",I","13.60",",,,I","5.79",",,,I"
"FR000007354","1918-11","46.86","1.7217","155.0","DEOLS CHATEAUROUX AERODROME DE, FR","158.1","I","0.0","1,I","11",",I","9",",I","0",",I","0","1,I","10","1,I","0",",I","0",",I","0",",I","19181118",",1,I","19181127",",,I","19181101",",,I","-4.0","1,I,18,","13.2",",,I,27,","16.0",",I,01,","726.5","I","346.9",",I","71.1",",,,I","6.39","1,I","9.58",",,,I","3.19","1,,,I"
"FR000007354","1918-12","46.86","1.7217","155.0","DEOLS CHATEAUROUX AERODROME DE, FR","","","","","22",",I","9",",I","0",",I","0","3,I","4","3,I","0","4,I","0","4,I","0","4,I","19181227",",3,I","19181223",",,I","19181206",",4,I","-1.5","3,I,27,","20.0",",,I,23,","16.0","4,I,06,","","","","","100.6",",,,I","7.76","6,I","10.28","4,,,I","5.25","3,,,I"
"FR000007354","1919-01","46.86","1.7217","155.0","DEOLS CHATEAUROUX AERODROME DE, FR","0.0","I","0.0",",I","18",",I","10",",I","0",",I","0",",I","11",",I","2",",I","0",",I","0",",I","19190125","+,,I","19190113",",,I","19190115",",,I","-4.0",",I,25,+","9.7",",,I,13,","13.0",",I,15,","","","460.6",",I","54.8",",,,I","3.48",",I","5.24",",,,I","1.71",",,,I"
"FR000007354","1919-02","46.86","1.7217","155.0","DEOLS CHATEAUROUX AERODROME DE, FR","0.0","I","0.0","4,I","15",",I","12",",I","0",",I","0","2,I","12","2,I","3","2,I","0","2,I","0","2,I","19190209",",2,I","19190223",",,I","19190216",",2,I","-8.0","2,I,09,","17.3",",,I,23,","15.0","2,I,16,","","","324.5","2,I","81.9",",,,I","4.87","4,I","8.37","2,,,I","1.37","2,,,I"
"FR000007354","1919-03","46.86","1.7217","155.0","DEOLS CHATEAUROUX AERODROME DE, FR","0.0","I","0.0",",I","25",",I","14",",I","1",",I","0",",I","2",",I","0",",I","0",",I","0",",I","19190307","+,,I","19190330",",,I","19190311",",,I","0.0",",I,07,+","26.6",",,I,30,","17.5",",I,11,","","","349.9",",I","129.3",",,,I","7.05",",I","10.21",",,,I","3.88",",,,I"
"FR000007354","1919-04","46.86","1.7217","155.0","DEOLS CHATEAUROUX AERODROME DE, FR","0.0","I","0.0",",I","15",",I","7",",I","0",",I","0",",I","4",",I","0",",I","0",",I","0",",I","19190429","+,,I","19190415",",,I","19190419",",,I","-0.5",",I,29,+","17.6",",,I,15,","18.5",",I,19,","","","304.5",",I","50.3",",,,I","8.18",",I","12.52",",,,I","3.85",",,,I"
"FR000007354","1919-05","46.86","1.7217","155.0","DEOLS CHATEAUROUX AERODROME DE, FR","5.1","I","5.1",",I","10",",I","5",",I","0",",I","0",",I","0",",I","0",",I","19",",I","0",",I","19190501",",,I","19190515",",,I","19190514",",,I","5.0",",I,01,","9.6",",,I,15,","29.5",",I,14,","","","81.7",",I","35.7",",,,I","15.86",",I","21.34",",,,I","10.39",",,,I"
"FR000007354","1919-06","46.86","1.7217","155.0","DEOLS CHATEAUROUX AERODROME DE, FR","52.7","I","47.6",",I","4",",I","3",",I","0",",I","0",",I","0",",I","0",",I","20",",I","0",",I","19190604",",,I","19190625",",,I","19190611","+,,I","5.5",",I,04,","19.2",",,I,25,","31.5",",I,11,+","","","49.8",",I","35.3",",,,I","18.26",",I","24.20",",,,I","12.32",",,,I"
"FR000007354","1919-07","46.86","1.7217","155.0","DEOLS CHATEAUROUX AERODROME DE, FR","62.8","I","10.1",",I","14",",I","7",",I","1",",I","0",",I","0",",I","0",",I","18",",I","0",",I","19190716",",,I","19190708",",,I","19190718",",,I","7.5",",I,16,","60.4",",,I,08,","28.5",",I,18,","52.7","I","52.7",",I","127.6",",,,I","16.96",",I","22.16",",,,I","11.76",",,,I"
"FR000007354","1919-08","46.86","1.7217","155.0","DEOLS CHATEAUROUX AERODROME DE, FR","143.9","I","81.1",",I","5",",I","3",",I","0",",I","0",",I","0",",I","0",",I","27",",I","3",",I","19190830",",,I","19190826",",,I","19190813","+,,I","8.5",",I,30,","6.8",",,I,26,","33.5",",I,13,+","62.1","I","9.4",",I","20.3",",,,I","20.65",",I","26.84",",,,I","14.45",",,,I"
"FR000007354","1919-09","46.86","1.7217","155.0","DEOLS CHATEAUROUX AERODROME DE, FR","179.3","I","35.4","2,I","7",",I","4",",I","1",",I","0","1,I","0","1,I","0","1,I","20","1,I","1","1,I","19190921",",1,I","19190928",",,I","19190911",",1,I","4.5","1,I,21,","33.3",",,I,28,","33.0","1,I,11,","115.6","I","53.5","1,I","59.8",",,,I","17.55","2,I","23.07","1,,,I","12.03","1,,,I"
"FR000007354","1919-10","46.86","1.7217","155.0","DEOLS CHATEAUROUX AERODROME DE, FR","179.3","I","0.0",",I","10",",I","5",",I","0",",I","0",",I","6",",I","0",",I","2",",I","0",",I","19191023",",,I","19191030",",,I","19191006","+,,I","-1.0",",I,23,","12.2",",,I,30,","22.0",",I,06,+","422.7","I","307.1",",I","36.5",",,,I","8.43",",I","12.79",",,,I","4.06",",,,I"
"FR000007354","1919-11","46.86","1.7217","155.0","DEOLS CHATEAUROUX AERODROME DE, FR","","","","","21",",I","17",",I","1",",I","0","3,I","8","3,I","1","3,I","0","3,I","0","3,I","19191112",",3,I","19191115",",,I","19191124",",3,I","-2.5","3,I,12,","30.3",",,I,15,","11.5","3,I,24,","","","","","158.1",",,,I","5.04","6,I","7.31","3,,,I","2.76","3,,,I"
"FR000007354","1919-12","46.86","1.7217","155.0","DEOLS CHATEAUROUX AERODROME DE, FR","","","0.0",",I","19",",I","10",",I","0",",I","0",",I","2",",I","0",",I","0",",I","0",",I","19191211","+,,I","19191206",",,I","19191229",",,I","-2.5",",I,11,+","16.9",",,I,06,","14.0",",I,29,","","","361.1",",I","81.9",",,,I","6.69",",I","8.47",",,,I","4.90",",,,I"
"FR000007354","1920-01","46.86","1.7217","155.0","DEOLS CHATEAUROUX AERODROME DE, FR","0.0","I","0.0","4,I","18",",I","10",",I","0",",I","0","2,I","7","2,I","0","2,I","0","2,I","0","2,I","19200103",",2,I","19200112",",,I","19200128",",2,I","-1.5","2,I,03,","8.5",",,I,12,","15.0","2,I,28,","","","338.5","2,I","60.5",",,,I","5.93","4,I","8.72","2,,,I","3.14","2,,,I"
"FR000007354","1920-02","46.86","1.7217","155.0","DEOLS CHATEAUROUX AERODROME DE, FR","0.0","I","0.0",",I","6",",I","1",",I","0",",I","0",",I","10",",I","0",",I","0",",I","0",",I","19200205",",,I","19200226",",,I","19200225","+,,I","-3.0",",I,05,","3.0",",,I,26,","17.0",",I,25,+","","","332.7",",I","6.5",",,,I","6.86",",I","11.60",",,,I","2.12",",,,I"
"FR000007354","1920-03","46.86","1.7217","155.0","DEOLS CHATEAUROUX AERODROME DE, FR","0.0","I","0.0","2,I","9",",I","6",",I","0",",I","0","1,I","2","1,I","0","1,I","2","1,I","0","1,I","19200310",",1,I","19200315",",,I","19200305","+,1,I","-2.5","1,I,10,","15.2",",,I,15,","21.5","1,I,05,+","","","264.9","1,I","51.1",",,,I","9.34","2,I","14.25","1,,,I","4.43","1,,,I"
"FR000007354","1920-04","46.86","1.7217","155.0","DEOLS CHATEAUROUX AERODROME DE, FR","0.0","I","0.0",",I","18",",I","11",",I","0",",I","0",",I","0",",I","0",",I","1",",I","0",",I","19200422",",,I","19200410",",,I","19200408",",,I","2.5",",I,22,","12.1",",,I,10,","23.0",",I,08,","","","216.7",",I","94.7",",,,I","11.11",",I","15.53",",,,I","6.68",",,,I"
"FR000007354","1920-05","46.86","1.7217","155.0","DEOLS CHATEAUROUX AERODROME DE, FR","12.5","I","12.5",",I","12",",I","7",",I","0",",I","0",",I","0",",I","0",",I","16",",I","0",",I","19200505",",,I","19200520",",,I","19200511",",,I","3.0",",I,05,","21.8",",,I,20,","28.5",",I,11,","","","97.1",",I","60.9",",,,I","15.60",",I","21.15",",,,I","10.06",",,,I"
"FR000007354","1920-06","46.86","1.7217","155.0","DEOLS CHATEAUROUX AERODROME DE, FR","46.8","I","34.3",",I","8",",I","4",",I","0",",I","0",",I","0",",I","0",",I","23",",I","0",",I","19200607",",,I","19200617",",,I","19200629",",,I","4.5",",I,07,","25.0",",,I,17,","32.0",",I,29,","","","46.7",",I","61.6",",,,I","17.92",",I","23.92",",,,I","11.92",",,,I"
"FR000007354","1920-07","46.86","1.7217","155.0","DEOLS CHATEAUROUX AERODROME DE, FR","85.9","I","39.1",",I","13",",I","9",",I","0",",I","0",",I","0",",I","0",",I","23",",I","0",",I","19200728",",,I","19200718",",,I","19200717",",,I","7.5",",I,28,","17.5",",,I,18,","31.5",",I,17,","25.7","I","25.7",",I","82.1",",,,I","18.77",",I","24.40",",,,I","13.13",",,,I"
"FR000007354","1920-08","46.86","1.7217","155.0","DEOLS CHATEAUROUX AERODROME DE, FR","99.2","I","13.3",",I","7",",I","5",",I","1",",I","0",",I","0",",I","0",",I","21",",I","0",",I","19200831",",,I","19200814",",,I","19200818",",,I","7.0",",I,31,","29.2",",,I,14,","28.5",",I,18,","73.4","I","47.7",",I","67.3",",,,I","17.23",",I","22.81",",,,I","11.65",",,,I"
"FR000007354","1920-09","46.86","1.7217","155.0","DEOLS CHATEAUROUX AERODROME DE, FR","101.0","I","1.8",",I","8",",I","4",",I","0",",I","0",",I","0",",I","0",",I","13",",I","0",",I","19200922",",,I","19200924",",,I","19200913","+,,I","5.5",",I,22,","13.1",",,I,24,","26.0",",I,13,+","156.1","I","82.7",",I","36.0",",,,I","15.63",",I","20.75",",,,I","10.52",",,,I"
"FR000007354","1920-10","46.86","1.7217","155.0","DEOLS CHATEAUROUX AERODROME DE, FR","101.7","I","0.7","2,I","11",",I","4",",I","0",",I","0","1,I","2","1,I","0","1,I","2","1,I","0","1,I","19201030","+,1,I","19201017",",,I","19201005",",1,I","0.0","1,I,30,+","15.2",",,I,17,","26.5","1,I,05,","333.9","I","177.8","1,I","34.2",",,,I","12.25","2,I","17.02","1,,,I","7.48","1,,,I"
"FR000007354","1920-11","46.86","1.7217","155.0","DEOLS CHATEAUROUX AERODROME DE, FR","101.7","I","0.0","4,I","8",",I","1",",I","0",",I","0","2,I","8","2,I","0","2,I","0","2,I","0","2,I","19201123","+,2,I","19201116",",,I","19201115",",2,I","-4.5","2,I,23,+","6.0",",,I,16,","14.5","2,I,15,","681.6","I","347.7","2,I","16.2",",,,I","5.21","4,I","8.34","2,,,I","2.07","2,,,I"
"FR000007354","1920-12","46.86","1.7217","155.0","DEOLS CHATEAUROUX AERODROME DE, FR","101.7","I","0.0","4,I","13",",I","8",",I","0",",I","0","2,I","10","2,I","6","2,I","0","2,I","0","2,I","19201218",",2,I","19201214",",,I","19201229",",2,I","-15.5","2,I,18,","13.2",",,I,14,","17.5","2,I,29,","1074.8","I","393.2","2,I","61.2",",,,I","3.57","4,I","6.34","2,,,I","0.79","2,,,I"
"FR000007354","1921-01","46.86","1.7217","155.0","DEOLS CHATEAUROUX AERODROME DE, FR","0.0","I","0.0","5,I","19",",I","7",",I","0",",I","0","3,I","3","3,I","0","3,I","0","3,I","0","3,I","19210117",",3,I","19210127",",,I","19210101",",3,I","-5.5","3,I,17,","8.8",",,I,27,","16.5","3,I,01,","1376.5","I","301.7","3,I","50.9",",,,I","6.82","5,I","9.25","3,,,I","4.39","3,,,I"
"FR000007354","1921-02","46.86","1.7217","155.0","DEOLS CHATEAUROUX AERODROME DE, FR","0.0","I","0.0",",I","4",",I","3",",I","0",",I","0",",I","14",",I","0",",I","0",",I","0",",I","19210214",",,I","19210226","+,,I","19210224","+,,I","-4.5",",I,14,","3.0",",,I,26,+","15.0",",I,24,+","1777.8","I","401.3",",I","9.9",",,,I","4.00",",I","7.30",",,,I","0.70",",,,I"
"FR000007354","1921-03","46.86","1.7217","155.0","DEOLS CHATEAUROUX AERODROME DE, FR","0.0","I","0.0",",I","9",",I","2",",I","0",",I","0",",I","10",",I","0",",I","0",",I","0",",I","19210309",",,I","19210315",",,I","19210325",",,I","-3.0",",I,09,","10.0",",,I,15,","20.5",",I,25,","2097.6","I","319.8",",I","23.7",",,,I","8.02",",I","13.85",",,,I","2.18",",,,I"
"FR000007354","1921-04","46.86","1.7217","155.0","DEOLS CHATEAUROUX AERODROME DE, FR","0.0","I","0.0",",I","7",",I","4",",I","0",",I","0",",I","3",",I","0",",I","3",",I","0",",I","19210416",",,I","19210417",",,I","19210413",",,I","-2.0",",I,16,","16.0",",,I,17,","22.5",",I,13,","2349.1","I","251.5",",I","35.0",",,,I","9.95",",I","15.80",",,,I","4.10",",,,I"
"FR000007354","1921-05","46.86","1.7217","155.0","DEOLS CHATEAUROUX AERODROME DE, FR","6.7","I","6.7",",I","14",",I","8",",I","1",",I","0",",I","0",",I","0",",I","12",",I","0",",I","19210506",",,I","19210508",",,I","19210522",",,I","4.5",",I,06,","26.0",",,I,08,","27.5",",I,22,","2449.3","I","100.2",",I","84.6",",,,I","15.31",",I","20.34",",,,I","10.29",",,,I"
"FR000007354","1921-06","46.86","1.7217","155.0","DEOLS CHATEAUROUX AERODROME DE, FR","49.3","I","42.6",",I","9",",I","4",",I","0",",I","0",",I","0",",I","0",",I","29",",I","1",",I","19210622","+,,I","19210628",",,I","19210627",",,I","8.5",",I,22,+","18.4",",,I,28,","32.5",",I,27,","2467.1","I","17.8",",I","54.3",",,,I","19.16",",I","25.73",",,,I","12.58",",,,I"
"FR000007354","1921-07","46.86","1.7217","155.0","DEOLS CHATEAUROUX AERODROME DE, FR","196.6","I","147.3",",I","3",",I","0",",I","0",",I","0",",I","0",",I","0",",I","31",",I","10",",I","19210705",",,I","19210714",",,I","19210712",",,I","10.0",",I,05,","1.9",",,I,14,","37.5",",I,12,","0.8","I","0.8",",I","5.2",",,,I","23.06",",I","30.21",",,,I","15.90",",,,I"
"FR000007354","1921-08","46.86","1.7217","155.0","DEOLS CHATEAUROUX AERODROME DE, FR","244.0","I","47.4",",I","13",",I","8",",I","0",",I","0",",I","0",",I","0",",I","24",",I","1",",I","19210831","+,,I","19210817",",,I","19210801",",,I","8.5",",I,31,+","17.4",",,I,17,","32.5",",I,01,","26.0","I","25.2",",I","63.7",",,,I","19.05",",I","24.34",",,,I","13.76",",,,I"
"FR000007354","1921-09","46.86","1.7217","155.0","DEOLS CHATEAUROUX AERODROME DE, FR","273.3","I","29.3",",I","5",",I","3",",I","0",",I","0",",I","0",",I","0",",I","27",",I","0",",I","19210930",",,I","19210918",",,I","19210915",",,I","4.5",",I,30,","22.5",",,I,18,","31.0",",I,15,","52.6","I","26.6",",I","38.4",",,,I","18.43",",I","24.22",",,,I","12.63",",,,I"
"FR000007354","1921-10","46.86","1.7217","155.0","DEOLS CHATEAUROUX AERODROME DE, FR","288.6","I","15.3",",I","4",",I","1",",I","0",",I","0",",I","0",",I","0",",I","19",",I","0",",I","19211026",",,I","19211024",",,I","19211005",",,I","1.5",",I,26,","4.3",",,I,24,","30.0",",I,05,","154.0","I","101.4",",I","6.0",",,,I","15.56",",I","21.18",",,,I","9.94",",,,I"
"FR000007354","1921-11","46.86","1.7217","155.0","DEOLS CHATEAUROUX AERODROME DE, FR","288.6","I","0.0","2,I","7",",I","4",",I","0",",I","0","1,I","11","1,I","0","1,I","0","1,I","0","1,I","19211111",",1,I","19211104",",,I","19211101",",1,I","-5.5","1,I,11,","17.2",",,I,04,","16.0","1,I,01,","503.8","I","349.8","1,I","31.6",",,,I","5.72","2,I","9.59","1,,,I","1.84","1,,,I"
"FR000007354","1921-12","46.86","1.7217","155.0","DEOLS CHATEAUROUX AERODROME DE, FR","288.6","I","0.0","2,I","17",",I","7",",I","0",",I","0","1,I","7","1,I","3","1,I","0","1,I","0","1,I","19211207",",1,I","19211229",",,I","19211202",",1,I","-6.5","1,I,07,","10.3",",,I,29,","14.5","1,I,02,","904.7","I","400.9","1,I","44.9",",,,I","4.59","2,I","6.75","1,,,I","2.43","1,,,I"
"FR000007354","1922-01","46.86","1.7217","155.0","DEOLS CHATEAUROUX AERODROME DE, FR","0.0","I","0.0","4,I","16",",I","12",",I","0",",I","0","2,I","12","2,I","1","2,I","0","2,I","0","2,I","19220115",",2,I","19220103",",,I","19220125",",2,I","-7.0","2,I,15,","12.8",",,I,03,","12.5","2,I,25,","1272.7","I","368.0","2,I","88.8",",,,I","4.68","4,I","7.43","2,,,I","1.93","2,,,I"
"FR000007354","1922-02","46.86","1.7217","155.0","DEOLS CHATEAUROUX AERODROME DE, FR","0.0","I","0.0","3,I","13",",I","6",",I","0",",I","0","2,I","8","2,I","1","2,I","0","2,I","0","2,I","19220208",",2,I","19220202",",,I","19220225",",2,I","-9.0","2,I,08,","12.1",",,I,02,","18.5","2,I,25,","1579.8","I","307.1","2,I","43.4",",,,I","5.86","3,I","9.88","2,,,I","1.83","2,,,I"
"FR000007354","1922-03","46.86","1.7217","155.0","DEOLS CHATEAUROUX AERODROME DE, FR","0.0","I","0.0","3,I","18",",I","10",",I","0",",I","0","2,I","4","2,I","0","2,I","1","2,I","0","2,I","19220324",",2,I","19220320",",,I","19220313",",2,I","-2.0","2,I,24,","14.0",",,I,20,","22.0","2,I,13,","1877.6","I","297.8","2,I","81.3",",,,I","7.70","3,I","11.88","2,,,I","3.52","2,,,I"
"FR000007354","1922-04","46.86","1.7217","155.0","DEOLS CHATEAUROUX AERODROME DE, FR","0.0","I","0.0","2,I","22",",I","15",",I","0",",I","0","1,I","0","1,I","0","1,I","2","1,I","0","1,I","19220406",",1,I","19220426",",,I","19220414",",1,I","0.5","1,I,06,","23.6",",,I,26,","23.5","1,I,14,","2128.4","I","250.8","1,I","136.6",",,,I","9.45","2,I","13.19","1,,,I","5.71","1,,,I"
"FR000007354","1922-05","46.86","1.7217","155.0","DEOLS CHATEAUROUX AERODROME DE, FR","49.5","I","49.5",",I","8",",I","3",",I","0",",I","0",",I","0",",I","0",",I","21",",I","4",",I","19220503",",,I","19220502",",,I","19220524",",,I","3.5",",I,03,","4.0",",,I,02,","34.0",",I,24,","2204.5","I","76.1",",I","16.7",",,,I","17.48",",I","24.44",",,,I","10.52",",,,I"
"FR000007354","1922-06","46.86","1.7217","155.0","DEOLS CHATEAUROUX AERODROME DE, FR","80.3","I","30.8",",I","13",",I","8",",I","0",",I","0",",I","0",",I","0",",I","22",",I","0",",I","19220619",",,I","19220614",",,I","19220605","+,,I","7.5",",I,19,","11.1",",,I,14,","30.0",",I,05,+","2238.3","I","33.8",",I","51.1",",,,I","18.23",",I","23.82",",,,I","12.65",",,,I"
"FR000007354","1922-07","46.86","1.7217","155.0","DEOLS CHATEAUROUX AERODROME DE, FR","110.6","I","30.3",",I","9",",I","4",",I","0",",I","0",",I","0",",I","0",",I","24",",I","1",",I","19220719","+,,I","19220728",",,I","19220721",",,I","8.5",",I,19,+","12.1",",,I,28,","33.0",",I,21,","30.6","I","30.6",",I","36.1",",,,I","18.32",",I","24.27",",,,I","12.37",",,,I"
"FR000007354","1922-08","46.86","1.7217","155.0","DEOLS CHATEAUROUX AERODROME DE, FR","142.9","I","32.3",",I","10",",I","7",",I","1",",I","0",",I","0",",I","0",",I","25",",I","1",",I","19220824",",,I","19220829",",,I","19220821",",,I","8.0",",I,24,","63.8",",,I,29,","33.0",",I,21,","48.0","I","17.4",",I","97.6",",,,I","18.81",",I","24.55",",,,I","13.08",",,,I"
"FR000007354","1922-09","46.86","1.7217","155.0","DEOLS CHATEAUROUX AERODROME DE, FR","146.4","I","3.5",",I","10",",I","5",",I","0",",I","0",",I","0",",I","0",",I","5",",I","0",",I","19220930",",,I","19220913",",,I","19220923","+,,I","4.5",",I,30,","11.3",",,I,13,","28.0",",I,23,+","165.5","I","117.5",",I","39.6",",,,I","14.53",",I","19.18",",,,I","9.88",",,,I"
"FR000007354","1922-10","46.86","1.7217","155.0","DEOLS CHATEAUROUX AERODROME DE, FR","146.4","I","0.0","2,I","17",",I","11",",I","0",",I","0","1,I","1","1,I","0","1,I","1","1,I","0","1,I","19221025",",1,I","19221022",",,I","19221004",",1,I","-1.5","1,I,25,","18.5",",,I,22,","22.0","1,I,04,","424.4","I","258.9","1,I","77.7",",,,I","9.30","2,I","12.58","1,,,I","6.02","1,,,I"
"FR000007354","1922-11","46.86","1.7217","155.0","DEOLS CHATEAUROUX AERODROME DE, FR","146.4","I","0.0",",I","13",",I","7",",I","0",",I","0",",I","10",",I","0",",I","0",",I","0",",I","19221128","+,,I","19221108",",,I","19221103",",,I","-4.0",",I,28,+","10.6",",,I,08,","14.5",",I,03,","823.4","I","399.0",",I","49.9",",,,I","5.03",",I","7.95",",,,I","2.12",",,,I"
"FR000007354","1922-12","46.86","1.7217","155.0","DEOLS CHATEAUROUX AERODROME DE, FR","146.4","I","0.0","2,I","13",",I","8",",I","0",",I","0","1,I","7","1,I","0","1,I","0","1,I","0","1,I","19221214",",1,I","19221230",",,I","19221218",",1,I","-4.5","1,I,14,","18.6",",,I,30,","11.5","1,I,18,","1221.8","I","398.4","1,I","80.5",",,,I","4.55","2,I","6.98","1,,,I","2.12","1,,,I"
"FR000007354","1923-01","46.86","1.7217","155.0","DEOLS CHATEAUROUX AERODROME DE, FR","0.0","I","0.0","2,I","18",",I","9",",I","0",",I","0","1,I","11","1,I","0","1,I","0","1,I","0","1,I","19230124","+,1,I","19230107",",,I","19230103",",1,I","-2.5","1,I,24,+","12.2",",,I,07,","9.5","1,I,03,","1648.0","I","426.2","1,I","61.7",",,,I","3.65","2,I","5.68","1,,,I","1.62","1,,,I"
"FR000007354","1923-02","46.86","1.7217","155.0","DEOLS CHATEAUROUX AERODROME DE, FR","0.0","I","0.0",",I","22",",I","8",",I","0",",I","0",",I","2",",I","0",",I","0",",I","0",",I","19230206",",,I","19230226",",,I","19230208",",,I","-2.0",",I,06,","12.6",",,I,26,","14.5",",I,08,","1954.1","I","306.1",",I","68.7",",,,I","7.40",",I","10.21",",,,I","4.59",",,,I"
"FR000007354","1923-03","46.86","1.7217","155.0","DEOLS CHATEAUROUX AERODROME DE, FR","0.0","I","0.0",",I","15",",I","6",",I","0",",I","0",",I","3",",I","0",",I","0",",I","0",",I","19230311",",,I","19230302",",,I","19230327",",,I","-0.5",",I,11,","15.3",",,I,02,","20.5",",I,27,","2264.4","I","310.3",",I","65.6",",,,I","8.32",",I","11.87",",,,I","4.77",",,,I"
"FR000007354","1923-04","46.86","1.7217","155.0","DEOLS CHATEAUROUX AERODROME DE, FR","0.0","I","0.0",",I","13",",I","6",",I","0",",I","0",",I","0",",I","0",",I","1",",I","0",",I","19230409",",,I","19230416",",,I","19230411",",,I","1.5",",I,09,","8.8",",,I,16,","24.0",",I,11,","2476.9","I","212.5",",I","35.6",",,,I","11.25",",I","16.40",",,,I","6.10",",,,I"
"FR000007354","1923-05","46.86","1.7217","155.0","DEOLS CHATEAUROUX AERODROME DE, FR","18.3","I","18.3",",I","15",",I","8",",I","0",",I","0",",I","0",",I","0",",I","10",",I","0",",I","19230513","+,,I","19230516",",,I","19230505",",,I","3.5",",I,13,+","12.6",",,I,16,","31.0",",I,05,","2627.7","I","150.8",",I","75.0",",,,I","14.06",",I","19.58",",,,I","8.53",",,,I"
"FR000007354","1923-06","46.86","1.7217","155.0","DEOLS CHATEAUROUX AERODROME DE, FR","25.1","I","6.8",",I","6",",I","1",",I","0",",I","0",",I","0",",I","0",",I","16",",I","0",",I","19230618",",,I","19230616",",,I","19230630","+,,I","4.5",",I,18,","5.7",",,I,16,","28.0",",I,30,+","2720.7","I","93.0",",I","10.9",",,,I","15.46",",I","21.28",",,,I","9.63",",,,I"
"FR000007354","1923-07","46.86","1.7217","155.0","DEOLS CHATEAUROUX AERODROME DE, FR","126.1","I","101.0",",I","9",",I","3",",I","0",",I","0",",I","0",",I","0",",I","30",",I","4",",I","19230702",",,I","19230715",",,I","19230706",",,I","10.0",",I,02,","3.4",",,I,15,","35.2",",I,06,","2.2","I","2.2",",I","20.2",",,,I","21.52",",I","27.35",",,,I","15.69",",,,I"
"FR000007354","1923-08","46.86","1.7217","155.0","DEOLS CHATEAUROUX AERODROME DE, FR","206.3","I","80.2",",I","6",",I","3",",I","0",",I","0",",I","0",",I","0",",I","27",",I","7",",I","19230831",",,I","19230831","+,,I","19230809",",,I","7.5",",I,31,","5.0",",,I,31,+","38.8",",I,09,","23.4","I","21.2",",I","18.1",",,,I","20.24",",I","27.26",",,,I","13.21",",,,I"
"FR000007354","1923-09","46.86","1.7217","155.0","DEOLS CHATEAUROUX AERODROME DE, FR","222.7","I","16.4",",I","10",",I","4",",I","0",",I","0",",I","0",",I","0",",I","16",",I","0",",I","19230903",",,I","19230917",",,I","19230912",",,I","6.3",",I,03,","12.2",",,I,17,","31.5",",I,12,","105.1","I","81.7",",I","31.0",",,,I","16.16",",I","21.97",",,,I","10.34",",,,I"
"FR000007354","1923-10","46.86","1.7217","155.0","DEOLS CHATEAUROUX AERODROME DE, FR","224.6","I","1.9","4,I","17",",I","11",",I","1",",I","0","2,I","0","2,I","0","2,I","3","2,I","0","2,I","19231017",",2,I","19231023",",,I","19231019",",2,I","0.9","2,I,17,","26.2",",,I,23,","26.1","2,I,19,","255.8","I","150.7","2,I","87.3",",,,I","12.97","4,I","16.76","2,,,I","9.18","2,,,I"
"FR000007354","1923-11","46.86","1.7217","155.0","DEOLS CHATEAUROUX AERODROME DE, FR","224.6","I","0.0","3,I","17",",I","7",",I","0",",I","0","2,I","6","2,I","2","1,I","0","1,I","0","1,I","19231124",",2,I","19231127",",,I","19231101",",1,I","-2.2","2,I,24,","13.2",",,I,27,","18.5","1,I,01,","606.4","I","350.6","1,I","60.0",",,,I","5.31","3,I","7.86","1,,,I","2.76","2,,,I"
"FR000007354","1923-12","46.86","1.7217","155.0","DEOLS CHATEAUROUX AERODROME DE, FR","224.6","I","0.0","3,I","20",",I","8",",I","0",",I","0","1,I","8","1,I","0","2,I","0","2,I","0","2,I","19231202",",1,I","19231224",",,I","19231227","+,2,I","-3.0","1,I,02,","8.2",",,I,24,","11.0","2,I,27,+","1002.3","I","395.9","2,I","58.8",",,,I","4.20","3,I","6.64","2,,,I","1.75","1,,,I"
"FR000007354","1924-01","46.86","1.7217","155.0","DEOLS CHATEAUROUX AERODROME DE, FR","0.0","I","0.0","4,I","13",",I","5",",I","0",",I","0","2,I","7","2,I","0","2,I","0","2,I","0","2,I","19240107",",2,I","19240108",",,I","19240114",",2,I","-4.6","2,I,07,","4.6",",,I,08,","14.0","2,I,14,","1357.3","I","355.0","2,I","25.2",",,,I","5.16","4,I","8.21","2,,,I","2.10","2,,,I"
"FR000007354","1924-02","46.86","1.7217","155.0","DEOLS CHATEAUROUX AERODROME DE, FR","0.0","I","0.0","4,I","12",",I","5",",I","0",",I","0","2,I","18","2,I","3","2,I","0","2,I","0","2,I","19240221",",2,I","19240209",",,I","19240210",",2,I","-9.0","2,I,21,","8.0",",,I,09,","11.0","2,I,10,","1775.0","I","417.7","2,I","35.1",",,,I","1.72","4,I","4.75","2,,,I","-1.31","2,,,I"
"FR000007354","1924-03","46.86","1.7217","155.0","DEOLS CHATEAUROUX AERODROME DE, FR","0.0","I","0.0",",I","11",",I","10",",I","0",",I","0",",I","15",",I","0",",I","0",",I","0",",I","19240316","+,,I","19240304",",,I","19240316",",,I","-3.0",",I,16,+","20.5",",,I,04,","17.5",",I,16,","2115.6","I","340.6",",I","64.6",",,,I","7.35",",I","12.16",",,,I","2.53",",,,I"
"FR000007354","1924-04","46.86","1.7217","155.0","DEOLS CHATEAUROUX AERODROME DE, FR","0.0","I","0.0",",I","15",",I","7",",I","0",",I","0",",I","1",",I","0",",I","4",",I","0",",I","19240405",",,I","19240415",",,I","19240422",",,I","-0.8",",I,05,","20.6",",,I,15,","24.3",",I,22,","2359.5","I","243.9",",I","72.0",",,,I","10.20",",I","14.67",",,,I","5.73",",,,I"
"FR000007354","1924-05","46.86","1.7217","155.0","DEOLS CHATEAUROUX AERODROME DE, FR","16.4","I","16.4",",I","14",",I","6",",I","0",",I","0",",I","0",",I","0",",I","14",",I","0",",I","19240510","+,,I","19240522",",,I","19240514",",,I","4.3",",I,10,+","19.2",",,I,22,","30.5",",I,14,","2460.8","I","101.3",",I","66.5",",,,I","15.59",",I","20.33",",,,I","10.85",",,,I"
"FR000007354","1924-06","46.86","1.7217","155.0","DEOLS CHATEAUROUX AERODROME DE, FR","34.4","I","18.0",",I","7",",I","5",",I","0",",I","0",",I","0",",I","0",",I","17",",I","0",",I","19240615",",,I","19240613",",,I","19240627",",,I","6.8",",I,15,","8.9",",,I,13,","30.2",",I,27,","2519.7","I","58.9",",I","30.4",",,,I","16.97",",I","22.26",",,,I","11.68",",,,I"
"FR000007354","1924-07","46.86","1.7217","155.0","DEOLS CHATEAUROUX AERODROME DE, FR","69.1","I","34.7",",I","11",",I","6",",I","0",",I","0",",I","0",",I","0",",I","21",",I","2",",I","19240720",",,I","19240729",",,I","19240712",",,I","9.8",",I,20,","17.8",",,I,29,","35.2",",I,12,","15.0","I","15.0",",I","52.3",",,,I","18.97",",I","24.13",",,,I","13.81",",,,I"
"FR000007354","1924-08","46.86","1.7217","155.0","DEOLS CHATEAUROUX AERODROME DE, FR","82.9","I","13.8",",I","18",",I","8",",I","1",",I","0",",I","0",",I","0",",I","15",",I","0",",I","19240826",",,I","19240815",",,I","19240806",",,I","7.3",",I,26,","27.2",",,I,15,","31.3",",I,06,","75.8","I","60.8",",I","78.0",",,,I","16.82",",I","21.41",",,,I","12.23",",,,I"
"FR000007354","1924-09","46.86","1.7217","155.0","DEOLS CHATEAUROUX AERODROME DE, FR","94.8","I","11.9",",I","15",",I","9",",I","0",",I","0",",I","0",",I","0",",I","12",",I","0",",I","19240911",",,I","19240907",",,I","19240919",",,I","5.0",",I,11,","9.4",",,I,07,","28.2",",I,19,","158.5","I","82.7",",I","46.0",",,,I","15.97",",I","20.74",",,,I","11.21",",,,I"
"FR000007354","1924-10","46.86","1.7217","155.0","DEOLS CHATEAUROUX AERODROME DE, FR","94.8","I","0.0","2,I","12",",I","6",",I","0",",I","0","1,I","0","1,I","0","1,I","5","1,I","0","1,I","19241003",",1,I","19241005",",,I","19241012",",1,I","5.6","1,I,03,","11.1",",,I,05,","23.9","1,I,12,","324.2","I","165.7","1,I","47.5",",,,I","12.58","2,I","16.31","1,,,I","8.86","1,,,I"
"FR000007354","1924-11","46.86","1.7217","155.0","DEOLS CHATEAUROUX AERODROME DE, FR","94.8","I","0.0","2,I","14",",I","9",",I","0",",I","0","1,I","4","1,I","0","1,I","0","1,I","0","1,I","19241119",",1,I","19241105",",,I","19241126",",1,I","-7.0","1,I,19,","17.3",",,I,05,","20.1","1,I,26,","627.2","I","303.0","1,I","74.7",",,,I","7.66","2,I","11.12","1,,,I","4.19","1,,,I"
"FR000007354","1924-12","46.86","1.7217","155.0","DEOLS CHATEAUROUX AERODROME DE, FR","94.8","I","0.0","2,I","12",",I","5",",I","0",",I","0","1,I","12","1,I","4","1,I","0","1,I","0","1,I","19241222",",1,I","19241228",",,I","19241217",",1,I","-4.2","1,I,22,","8.0",",,I,28,","13.7","1,I,17,","1026.5","I","399.3","1,I","34.2",",,,I","4.58","2,I","7.42","1,,,I","1.74","1,,,I"
"FR000007354","1925-01","46.86","1.7217","155.0","DEOLS CHATEAUROUX AERODROME DE, FR","0.0","I","0.0","2,I","0",",I","0",",I","0",",I","0","1,I","11","1,I","1","1,I","0","1,I","0","1,I","19250112",",1,I","19250131","+,,I","19250122","+,1,I","-5.0","1,I,12,","0.0",",,I,31,+","14.0","1,I,22,+","1400.4","I","373.9","1,I","0.0",",,,I","5.33","2,I","8.48","1,,,I","2.18","1,,,I"
"FR000007354","1925-02","46.86","1.7217","155.0","DEOLS CHATEAUROUX AERODROME DE, FR","0.0","I","0.0","2,I","17",",I","15",",I","0",",I","0","1,I","8","1,I","0","1,I","0","1,I","0","1,I","19250203",",1,I","19250226",",,I","19250211",",1,I","-3.4","1,I,03,","22.0",",,I,26,","16.7","1,I,11,","1733.8","I","333.4","1,I","114.8",",,,I","5.49","2,I","9.04","1,,,I","1.94","1,,,I"
"FR000007354","1925-03","46.86","1.7217","155.0","DEOLS CHATEAUROUX AERODROME DE, FR","0.0","I","0.0",",I","14",",I","5",",I","0",",I","0",",I","17",",I","0",",I","0",",I","0",",I","19250314",",,I","19250303",",,I","19250331",",,I","-4.2",",I,14,","9.0",",,I,03,","15.8",",I,31,","2185.9","I","452.1",",I","42.8",",,,I","3.75",",I","7.34",",,,I","0.16",",,,I"
"FR000007354","1925-04","46.86","1.7217","155.0","DEOLS CHATEAUROUX AERODROME DE, FR","0.0","I","0.0",",I","17",",I","5",",I","0",",I","0",",I","0",",I","0",",I","0",",I","0",",I","19250418",",,I","19250428",",,I","19250419",",,I","1.4",",I,18,","4.3",",,I,28,","19.5",",I,19,","2436.0","I","250.1",",I","30.2",",,,I","10.00",",I","14.35",",,,I","5.64",",,,I"
"FR000007354","1925-05","46.86","1.7217","155.0","DEOLS CHATEAUROUX AERODROME DE, FR","2.3","I","2.3",",I","17",",I","4",",I","0",",I","0",",I","0",",I","0",",I","7",",I","0",",I","19250502",",,I","19250527",",,I","19250517",",,I","2.4",",I,02,","4.0",",,I,27,","26.9",",I,17,","2599.7","I","163.7",",I","30.4",",,,I","13.13",",I","18.00",",,,I","8.26",",,,I"
"FR000007354","1925-06","46.86","1.7217","155.0","DEOLS CHATEAUROUX AERODROME DE, FR","37.8","I","35.5",",I","5",",I","0",",I","0",",I","0",",I","0",",I","0",",I","19",",I","0",",I","19250626",",,I","19250625",",,I","19250606",",,I","5.7",",I,26,","2.3",",,I,25,","31.8",",I,06,","2660.5","I","60.8",",I","5.5",",,,I","17.49",",I","23.86",",,,I","11.12",",,,I"
"FR000007354","1925-07","46.86","1.7217","155.0","DEOLS CHATEAUROUX AERODROME DE, FR","74.4","I","36.6",",I","18",",I","8",",I","1",",I","0",",I","0",",I","0",",I","21",",I","1",",I","19250710",",,I","19250722",",,I","19250716",",,I","8.2",",I,10,","34.4",",,I,22,","32.3",",I,16,","24.8","I","24.8",",I","75.9",",,,I","18.71",",I","23.49",",,,I","13.94",",,,I"
"FR000007354","1925-08","46.86","1.7217","155.0","DEOLS CHATEAUROUX AERODROME DE, FR","99.4","I","25.0",",I","15",",I","9",",I","1",",I","0",",I","0",",I","0",",I","20",",I","0",",I","19250803",",,I","19250824",",,I","19250809",",,I","7.1",",I,03,","45.9",",,I,24,","31.2",",I,09,","59.7","I","34.9",",I","91.4",",,,I","18.01",",I","23.20",",,,I","12.83",",,,I"
"FR000007354","1925-09","46.86","1.7217","155.0","DEOLS CHATEAUROUX AERODROME DE, FR","102.1","I","2.7",",I","15",",I","7",",I","0",",I","0",",I","0",",I","0",",I","4",",I","0",",I","19250914",",,I","19250923",",,I","19250919",",,I","2.2",",I,14,","6.2",",,I,23,","28.0",",I,19,","219.9","I","160.2",",I","37.2",",,,I","13.08",",I","18.11",",,,I","8.06",",,,I"
"FR000007354","1925-10","46.86","1.7217","155.0","DEOLS CHATEAUROUX AERODROME DE, FR","102.4","I","0.3",",I","11",",I","5",",I","0",",I","0",",I","3",",I","0",",I","3",",I","0",",I","19251017",",,I","19251027",",,I","19251021",",,I","-3.5",",I,17,","17.2",",,I,27,","25.0",",I,21,","412.6","I","192.7",",I","57.3",",,,I","12.13",",I","16.89",",,,I","7.36",",,,I"
"FR000007354","1925-11","46.86","1.7217","155.0","DEOLS CHATEAUROUX AERODROME DE, FR","102.4","I","0.0",",I","14",",I","7",",I","1",",I","0",",I","15",",I","0",",I","0",",I","0",",I","19251128",",,I","19251108",",,I","19251103",",,I","-5.0",",I,28,","28.7",",,I,08,","18.5",",I,03,","828.0","I","415.4",",I","93.5",",,,I","4.49",",I","7.17",",,,I","1.80",",,,I"
"FR000007354","1925-12","46.86","1.7217","155.0","DEOLS CHATEAUROUX AERODROME DE, FR","102.4","I","0.0","2,I","17",",I","13",",I","1",",I","0","1,I","12","1,I","0","1,I","0","1,I","0","1,I","19251217",",1,I","19251225",",,I","19251230",",1,I","-9.6","1,I,17,","29.8",",,I,25,","15.9","1,I,30,","1230.5","I","402.5","1,I","102.8",",,,I","4.72","2,I","8.01","1,,,I","1.43","1,,,I"
"FR000007354","1926-01","46.86","1.7217","155.0","DEOLS CHATEAUROUX AERODROME DE, FR","0.0","I","0.0",",I","17",",I","7",",I","0",",I","0",",I","11",",I","3",",I","0",",I","0",",I","19260115",",,I","19260102",",,I","19260127",",,I","-12.0",",I,15,","7.7",",,I,02,","15.1",",I,27,","1654.2","I","423.7",",I","44.9",",,,I","4.66",",I","7.96",",,,I","1.36",",,,I"
"FR000007354","1926-02","46.86","1.7217","155.0","DEOLS CHATEAUROUX AERODROME DE, FR","0.0","I","0.0",",I","15",",I","5",",I","0",",I","0",",I","1",",I","0",",I","0",",I","0",",I","19260214",",,I","19260206",",,I","19260205",",,I","-0.8",",I,14,","20.0",",,I,06,","18.0",",I,05,","1900.6","I","246.4",",I","46.9",",,,I","9.53",",I","13.28",",,,I","5.79",",,,I"
"FR000007354","1926-03","46.86","1.7217","155.0","DEOLS CHATEAUROUX AERODROME DE, FR","0.0","I","0.0",",I","11",",I","4",",I","0",",I","0",",I","4",",I","0",",I","0",",I","0",",I","19260311",",,I","19260329",",,I","19260331",",,I","-1.0",",I,11,","5.3",",,I,29,","17.2",",I,31,","2230.6","I","330.0",",I","26.7",",,,I","7.69",",I","11.83",",,,I","3.54",",,,I"
"FR000007354","1926-04","46.86","1.7217","155.0","DEOLS CHATEAUROUX AERODROME DE, FR","0.3","I","0.3",",I","13",",I","9",",I","0",",I","0",",I","0",",I","0",",I","9",",I","0",",I","19260410",",,I","19260425",",,I","19260403",",,I","1.0",",I,10,","10.5",",,I,25,","27.2",",I,03,","2436.7","I","206.1",",I","60.2",",,,I","11.48",",I","17.11",",,,I","5.84",",,,I"
"FR000007354","1926-05","46.86","1.7217","155.0","DEOLS CHATEAUROUX AERODROME DE, FR","0.7","I","0.4",",I","14",",I","7",",I","1",",I","0",",I","1",",I","0",",I","9",",I","0",",I","19260507",",,I","19260516",",,I","19260526",",,I","-1.0",",I,07,","25.9",",,I,16,","26.1",",I,26,","2608.6","I","171.9",",I","59.1",",,,I","12.80",",I","17.65",",,,I","7.95",",,,I"
"FR000007354","1926-06","46.86","1.7217","155.0","DEOLS CHATEAUROUX AERODROME DE, FR","9.4","I","8.7",",I","15",",I","13",",I","0",",I","0",",I","0",",I","0",",I","14",",I","0",",I","19260606",",,I","19260603",",,I","19260630",",,I","7.4",",I,06,","21.2",",,I,03,","27.7",",I,30,","2692.1","I","83.5",",I","116.2",",,,I","15.84",",I","20.79",",,,I","10.88",",,,I"
"FR000007354","1926-07","46.86","1.7217","155.0","DEOLS CHATEAUROUX AERODROME DE, FR","64.7","I","55.3",",I","10",",I","3",",I","0",",I","0",",I","0",",I","0",",I","28",",I","1",",I","19260728",",,I","19260707",",,I","19260718",",,I","8.2",",I,28,","17.0",",,I,07,","36.3",",I,18,","13.5","I","13.5",",I","31.9",",,,I","19.68",",I","25.40",",,,I","13.96",",,,I"
"FR000007354","1926-08","46.86","1.7217","155.0","DEOLS CHATEAUROUX AERODROME DE, FR","136.0","I","71.3",",I","5",",I","2",",I","0",",I","0",",I","0",",I","0",",I","30",",I","5",",I","19260808",",,I","19260816",",,I","19260816",",,I","8.5",",I,08,","8.5",",,I,16,","34.9",",I,16,","20.6","I","7.1",",I","17.0",",,,I","20.40",",I","27.33",",,,I","13.48",",,,I"
"FR000007354","1926-09","46.86","1.7217","155.0","DEOLS CHATEAUROUX AERODROME DE, FR","184.9","I","48.9",",I","4",",I","2",",I","0",",I","0",",I","0",",I","0",",I","26",",I","4",",I","19260930",",,I","19260901",",,I","19260910",",,I","2.8",",I,30,","4.7",",,I,01,","33.7",",I,10,","56.1","I","35.5",",I","12.7",",,,I","18.78",",I","25.60",",,,I","11.97",",,,I"
"FR000007354","1926-10","46.86","1.7217","155.0","DEOLS CHATEAUROUX AERODROME DE, FR","185.4","I","0.5","2,I","16",",I","10",",I","0",",I","0","1,I","1","1,I","0","1,I","8","1,I","0","1,I","19261027",",1,I","19261031",",,I","19261006",",1,I","-1.7","1,I,27,","19.6",",,I,31,","27.9","1,I,06,","212.4","I","156.3","1,I","95.7",",,,I","12.93","2,I","17.88","1,,,I","7.98","1,,,I"
"FR000007354","1926-11","46.86","1.7217","155.0","DEOLS CHATEAUROUX AERODROME DE, FR","185.4","I","0.0","2,I","15",",I","11",",I","0",",I","0","1,I","0","1,I","0","1,I","0","1,I","0","1,I","19261126",",1,I","19261129",",,I","19261116",",1,I","1.0","1,I,26,","11.9",",,I,29,","20.2","1,I,16,","482.9","I","270.5","1,I","65.2",",,,I","8.79","2,I","12.66","1,,,I","4.91","1,,,I"
"FR000007354","1926-12","46.86","1.7217","155.0","DEOLS CHATEAUROUX AERODROME DE, FR","185.4","I","0.0","2,I","11",",I","3",",I","0",",I","0","1,I","21","1,I","4","1,I","0","1,I","0","1,I","19261226",",1,I","19261203",",,I","19261220",",1,I","-9.2","1,I,26,","4.6",",,I,03,","8.4","1,I,20,","988.8","I","505.9","1,I","21.5",",,,I","0.99","2,I","3.70","1,,,I","-1.71","1,,,I"
"FR000007354","1927-01","46.86","1.7217","155.0","DEOLS CHATEAUROUX AERODROME DE, FR","0.0","I","0.0",",I","17",",I","11",",I","0",",I","0",",I","9",",I","0",",I","0",",I","0",",I","19270118","+,,I","19270106",",,I","19270126",",,I","-1.3",",I,18,+","16.2",",,I,06,","14.9",",I,26,","1406.5","I","417.7",",I","64.9",",,,I","4.86",",I","7.63",",,,I","2.09",",,,I"
"FR000007354","1927-02","46.86","1.7217","155.0","DEOLS CHATEAUROUX AERODROME DE, FR","0.0","I","0.0","2,I","12",",I","6",",I","0",",I","0","1,I","14","1,I","0","1,I","0","1,I","0","1,I","19270209",",1,I","19270225",",,I","19270222",",1,I","-6.4","1,I,09,","14.7",",,I,25,","17.1","1,I,22,","1741.0","I","334.5","1,I","47.4",",,,I","5.29","2,I","9.91","1,,,I","0.67","1,,,I"
"FR000007354","1927-03","46.86","1.7217","155.0","DEOLS CHATEAUROUX AERODROME DE, FR","0.0","I","0.0",",I","22",",I","19",",I","0",",I","0",",I","1",",I","0",",I","0",",I","0",",I","19270315",",,I","19270325",",,I","19270321",",,I","-1.2",",I,15,","14.7",",,I,25,","20.2",",I,21,","2041.8","I","300.8",",I","119.0",",,,I","8.63",",I","12.07",",,,I","5.19",",,,I"
"FR000007354","1927-04","46.86","1.7217","155.0","DEOLS CHATEAUROUX AERODROME DE, FR","0.0","I","0.0",",I","18",",I","13",",I","0",",I","0",",I","0",",I","0",",I","5",",I","0",",I","19270402",",,I","19270430",",,I","19270422",",,I","1.2",",I,02,","10.0",",,I,30,","25.2",",I,22,","2249.8","I","208.0",",I","88.7",",,,I","11.40",",I","16.16",",,,I","6.64",",,,I"
"FR000007354","1927-05","46.86","1.7217","155.0","DEOLS CHATEAUROUX AERODROME DE, FR","5.4","I","5.4",",I","10",",I","7",",I","0",",I","0",",I","0",",I","0",",I","18",",I","0",",I","19270514",",,I","19270531",",,I","19270530",",,I","2.3",",I,14,","15.6",",,I,31,","28.2",",I,30,","2340.8","I","91.0",",I","60.7",",,,I","15.57",",I","21.29",",,,I","9.85",",,,I"
"FR000007354","1927-06","46.86","1.7217","155.0","DEOLS CHATEAUROUX AERODROME DE, FR","16.4","I","11.0",",I","13",",I","9",",I","1",",I","0",",I","0",",I","0",",I","14",",I","0",",I","19270607",",,I","19270630",",,I","19270616",",,I","7.6",",I,07,","26.0",",,I,30,","30.8",",I,16,","2402.3","I","61.5",",I","85.5",",,,I","16.65",",I","21.79",",,,I","11.51",",,,I"
"FR000007354","1927-07","46.86","1.7217","155.0","DEOLS CHATEAUROUX AERODROME DE, FR","50.3","I","33.9",",I","13",",I","9",",I","0",",I","0",",I","0",",I","0",",I","24",",I","0",",I","19270714",",,I","19270709",",,I","19270704",",,I","9.2",",I,14,","17.4",",,I,09,","29.8",",I,04,","27.3","I","27.3",",I","95.0",",,,I","18.55",",I","23.54",",,,I","13.55",",,,I"
"FR000007354","1927-08","46.86","1.7217","155.0","DEOLS CHATEAUROUX AERODROME DE, FR","78.9","I","28.6",",I","18",",I","11",",I","0",",I","0",",I","0",",I","0",",I","20",",I","0",",I","19270828",",,I","19270801",",,I","19270830",",,I","9.2",",I,28,","13.6",",,I,01,","29.7",",I,30,","56.9","I","29.6",",I","77.9",",,,I","18.30",",I","23.09",",,,I","13.51",",,,I"
"FR000007354","1927-09","46.86","1.7217","155.0","DEOLS CHATEAUROUX AERODROME DE, FR","96.7","I","17.8",",I","16",",I","9",",I","0",",I","0",",I","0",",I","0",",I","10",",I","0",",I","19270929",",,I","19270929",",,I","19270921",",,I","4.4",",I,29,","13.4",",,I,29,","31.2",",I,21,","143.6","I","86.7",",I","86.9",",,,I","16.04",",I","20.06",",,,I","12.01",",,,I"
"FR000007354","1927-10","46.86","1.7217","155.0","DEOLS CHATEAUROUX AERODROME DE, FR","96.7","I","0.0",",I","7",",I","2",",I","0",",I","0",",I","0",",I","0",",I","5",",I","0",",I","19271017",",,I","19271022",",,I","19271028",",,I","0.2",",I,17,","19.0",",,I,22,","24.4",",I,28,","345.4","I","201.8",",I","27.4",",,,I","11.82",",I","16.76",",,,I","6.88",",,,I"
"FR000007354","1927-11","46.86","1.7217","155.0","DEOLS CHATEAUROUX AERODROME DE, FR","96.7","I","0.0","4,I","12",",I","9",",I","0",",I","0","2,I","6","2,I","0","2,I","1","2,I","0","2,I","19271114",",2,I","19271109",",,I","19271103",",2,I","-4.1","2,I,14,","25.0",",,I,09,","22.0","2,I,03,","645.7","I","300.3","2,I","77.0",",,,I","6.78","4,I","9.99","2,,,I","3.56","2,,,I"
"FR000007354","1927-12","46.86","1.7217","155.0","DEOLS CHATEAUROUX AERODROME DE, FR","96.7","I","0.0","5,I","12",",I","6",",I","0",",I","0","3,I","11","3,I","2","3,I","0","3,I","0","3,I","19271218",",3,I","19271222",",,I","19271205",",3,I","-12.2","3,I,18,","9.8",",,I,22,","16.4","3,I,05,","1029.7","I","384.0","3,I","34.6",",,,I","3.43","5,I","6.23","3,,,I","0.64","3,,,I"
"FR000007354","1928-01","46.86","1.7217","155.0","DEOLS CHATEAUROUX AERODROME DE, FR","0.0","I","0.0",",I","19",",I","10",",I","0",",I","0",",I","5",",I","0",",I","0",",I","0",",I","19280102",",,I","19280116",",,I","19280121",",,I","-4.3",",I,02,","10.0",",,I,16,","12.2",",I,21,","1415.8","I","386.1",",I","61.4",",,,I","5.88",",I","8.43",",,,I","3.33",",,,I"
"FR000007354","1928-02","46.86","1.7217","155.0","DEOLS CHATEAUROUX AERODROME DE, FR","0.0","I","0.0",",I","11",",I","7",",I","0",",I","0",",I","10",",I","0",",I","0",",I","0",",I","19280207",",,I","19280213",",,I","19280226",",,I","-2.4",",I,07,","17.2",",,I,13,","16.2",",I,26,","1741.6","I","325.8",",I","54.3",",,,I","7.10",",I","11.55",",,,I","2.65",",,,I"
"FR000007354","1928-03","46.86","1.7217","155.0","DEOLS CHATEAUROUX AERODROME DE, FR","0.0","I","0.0","2,I","12",",I","9",",I","0",",I","0","1,I","5","1,I","0","1,I","0","1,I","0","1,I","19280314",",1,I","19280325",",,I","19280305",",1,I","-4.7","1,I,14,","17.0",",,I,25,","18.0","1,I,05,","2024.3","I","282.7","1,I","87.4",",,,I","8.52","2,I","12.95","1,,,I","4.09","1,,,I"
"FR000007354","1928-04","46.86","1.7217","155.0","DEOLS CHATEAUROUX AERODROME DE, FR","0.0","I","0.0",",I","14",",I","12",",I","0",",I","0",",I","2",",I","0",",I","4",",I","0",",I","19280423",",,I","19280429",",,I","19280425",",,I","-1.8",",I,23,","13.5",",,I,29,","24.0",",I,25,","2272.1","I","247.8",",I","94.8",",,,I","10.07",",I","15.18",",,,I","4.96",",,,I"
"FR000007354","1928-05","46.86","1.7217","155.0","DEOLS CHATEAUROUX AERODROME DE, FR","2.4","I","2.4",",I","16",",I","14",",I","0",",I","0",",I","2",",I","0",",I","7",",I","0",",I","19280511",",,I","19280504",",,I","19280528",",,I","-1.4",",I,11,","23.5",",,I,04,","28.4",",I,28,","2456.6","I","184.5",",I","109.4",",,,I","12.46",",I","17.82",",,,I","7.10",",,,I"
"FR000007354","1928-06","46.86","1.7217","155.0","DEOLS CHATEAUROUX AERODROME DE, FR","23.1","I","20.7",",I","9",",I","3",",I","0",",I","0",",I","0",",I","0",",I","19",",I","0",",I","19280618","+,,I","19280609",",,I","19280625",",,I","6.0",",I,18,+","6.6",",,I,09,","31.1",",I,25,","2496.5","I","39.9",",I","19.9",",,,I","17.69",",I","23.80",",,,I","11.59",",,,I"
"FR000007354","1928-07","46.86","1.7217","155.0","DEOLS CHATEAUROUX AERODROME DE, FR","158.2","I","135.1",",I","4",",I","2",",I","1",",I","0",",I","0",",I","0",",I","31",",I","11",",I","19280701",",,I","19280728",",,I","19280715",",,I","9.5",",I,01,","43.0",",,I,28,","38.0",",I,15,","0.8","I","0.8",",I","48.4",",,,I","22.67",",I","30.69",",,,I","14.64",",,,I"
"FR000007354","1928-08","46.86","1.7217","155.0","DEOLS CHATEAUROUX AERODROME DE, FR","235.5","I","77.3",",I","11",",I","4",",I","0",",I","0",",I","0",",I","0",",I","30",",I","4",",I","19280831",",,I","19280803",",,I","19280803",",,I","7.2",",I,31,","14.8",",,I,03,","35.9",",I,03,","13.6","I","12.8",",I","44.0",",,,I","20.41",",I","27.16",",,,I","13.66",",,,I"
"FR000007354","1928-09","46.86","1.7217","155.0","DEOLS CHATEAUROUX AERODROME DE, FR","254.4","I","18.9",",I","2",",I","1",",I","0",",I","0",",I","0",",I","0",",I","25",",I","2",",I","19280925","+,,I","19280929",",,I","19280908",",,I","2.0",",I,25,+","8.5",",,I,29,","33.0",",I,08,","69.0","I","55.4",",I","9.4",",,,I","17.11",",I","24.70",",,,I","9.52",",,,I"
"FR000007354","1928-10","46.86","1.7217","155.0","DEOLS CHATEAUROUX AERODROME DE, FR","254.4","I","0.0",",I","17",",I","11",",I","0",",I","0",",I","0",",I","0",",I","5",",I","0",",I","19281002",",,I","19281015",",,I","19281004",",,I","2.0",",I,02,","12.5",",,I,15,","25.1",",I,04,","247.8","I","178.8",",I","80.8",",,,I","12.57",",I","16.85",",,,I","8.29",",,,I"
"FR000007354","1928-11","46.86","1.7217","155.0","DEOLS CHATEAUROUX AERODROME DE, FR","254.4","I","0.0","2,I","20",",I","12",",I","0",",I","0","1,I","1","1,I","0","1,I","0","1,I","0","1,I","19281111",",1,I","19281115",",,I","19281121",",1,I","0.0","1,I,11,","14.6",",,I,15,","21.0","1,I,21,","501.7","I","253.9","1,I","86.6",",,,I","9.27","2,I","12.44","1,,,I","6.10","1,,,I"
"FR000007354","1928-12","46.86","1.7217","155.0","DEOLS CHATEAUROUX AERODROME DE, FR","254.4","I","0.0","2,I","0",",I","0",",I","0",",I","0","1,I","5","1,I","0","1,I","0","1,I","0","1,I","19281215",",1,I","19281231","+,,I","19281227",",1,I","-5.3","1,I,15,","0.0",",,I,31,+","11.7","1,I,27,","904.4","I","402.7","1,I","0.0",",,,I","4.43","2,I","6.44","1,,,I","2.43","1,,,I"
"FR000007354","1929-01","46.86","1.7217","155.0","DEOLS CHATEAUROUX AERODROME DE, FR","0.0","I","0.0","2,I","9",",I","6",",I","0",",I","0","1,I","24","1,I","3","1,I","0","1,I","0","1,I","19290117",",1,I","19290129",",,I","19290130",",1,I","-10.6","1,I,17,","8.0",",,I,29,","16.0","1,I,30,","1420.9","I","516.5","1,I","32.1",",,,I","0.68","2,I","3.83","1,,,I","-2.46","1,,,I"
"FR000007354","1929-02","46.86","1.7217","155.0","DEOLS CHATEAUROUX AERODROME DE, FR","0.0","I","0.0","4,I","5",",I","2",",I","0",",I","2","2,I","21","2,I","3","2,I","0","2,I","0","2,I","19290214",",2,I","19290212",",,I","19290224","+,2,I","-22.8","2,I,14,","8.0",",,I,12,","16.0","2,I,24,+","1846.4","I","425.5","2,I","16.2",",,,I","0.49","4,I","6.29","2,,,I","-5.31","2,,,I"
"FR000007354","1929-03","46.86","1.7217","155.0","DEOLS CHATEAUROUX AERODROME DE, FR","0.0","I","0.0",",I","0",",I","0",",I","0",",I","0",",I","15",",I","0",",I","8",",I","0",",I","19290303",",,I","19290331","+,,I","19290318",",,I","-7.4",",I,03,","0.0",",,I,31,+","23.1",",I,18,","2157.9","I","311.5",",I","0.0",",,,I","8.28",",I","15.70",",,,I","0.86",",,,I"
"FR000007354","1929-04","46.86","1.7217","155.0","DEOLS CHATEAUROUX AERODROME DE, FR","0.0","I","0.0",",I","6",",I","4",",I","0",",I","0",",I","9",",I","0",",I","2",",I","0",",I","19290407",",,I","19290415",",,I","19290419",",,I","-4.2",",I,07,","15.6",",,I,15,","24.7",",I,19,","2455.4","I","297.5",",I","35.1",",,,I","8.42",",I","14.85",",,,I","1.98",",,,I"
"FR000007354","1929-05","46.86","1.7217","155.0","DEOLS CHATEAUROUX AERODROME DE, FR","10.7","I","10.7",",I","14",",I","10",",I","0",",I","0",",I","0",",I","0",",I","14",",I","0",",I","19290510",",,I","19290515",",,I","19290523",",,I","2.4",",I,10,","17.8",",,I,15,","30.0",",I,23,","2594.6","I","139.2",",I","70.7",",,,I","14.19",",I","20.50",",,,I","7.88",",,,I"
"FR000007354","1929-06","46.86","1.7217","155.0","DEOLS CHATEAUROUX AERODROME DE, FR","34.5","I","23.8",",I","14",",I","9",",I","0",",I","0",",I","0",",I","0",",I","19",",I","0",",I","19290628",",,I","19290629",",,I","19290619",",,I","6.7",",I,28,","14.2",",,I,29,","31.2",",I,19,","2649.0","I","54.4",",I","93.3",",,,I","17.31",",I","22.73",",,,I","11.89",",,,I"
"FR000007354","1929-07","46.86","1.7217","155.0","DEOLS CHATEAUROUX AERODROME DE, FR","128.8","I","94.3",",I","11",",I","7",",I","0",",I","0",",I","0",",I","0",",I","28",",I","8",",I","19290709",",,I","19290703",",,I","19290723",",,I","8.6",",I,09,","10.3",",,I,03,","36.2",",I,23,","11.8","I","11.8",",I","46.2",",,,I","20.99",",I","27.39",",,,I","14.59",",,,I"
"FR000007354","1929-08","46.86","1.7217","155.0","DEOLS CHATEAUROUX AERODROME DE, FR","187.7","I","58.9",",I","1",",I","1",",I","0",",I","0",",I","0",",I","0",",I","30",",I","3",",I","19290810",",,I","19290807",",,I","19290831",",,I","7.9",",I,10,","6.1",",,I,07,","36.5",",I,31,","30.8","I","19.0",",I","6.2",",,,I","19.62",",I","26.96",",,,I","12.27",",,,I"
"FR000007354","1929-09","46.86","1.7217","155.0","DEOLS CHATEAUROUX AERODROME DE, FR","273.6","I","85.9",",I","4",",I","1",",I","0",",I","0",",I","0",",I","0",",I","29",",I","9",",I","19290928",",,I","19290917",",,I","19290902",",,I","5.1",",I,28,","3.2",",,I,17,","36.7",",I,02,","52.3","I","21.5",",I","6.7",",,,I","20.48",",I","28.48",",,,I","12.48",",,,I"
"FR000007354","1929-10","46.86","1.7217","155.0","DEOLS CHATEAUROUX AERODROME DE, FR","276.8","I","3.2","2,I","18",",I","13",",I","1",",I","0","1,I","1","1,I","0","1,I","6","1,I","0","1,I","19291028",",1,I","19291004",",,I","19291004",",1,I","-2.0","1,I,28,","25.9",",,I,04,","27.6","1,I,04,","237.1","I","184.8","1,I","107.3",",,,I","12.30","2,I","17.07","1,,,I","7.52","1,,,I"
"FR000007354","1929-11","46.86","1.7217","155.0","DEOLS CHATEAUROUX AERODROME DE, FR","276.8","I","0.0",",I","16",",I","10",",I","0",",I","0",",I","7",",I","0",",I","0",",I","0",",I","19291115",",,I","19291123",",,I","19291125",",,I","-2.5",",I,15,","21.3",",,I,23,","18.2",",I,25,","552.3","I","315.2",",I","81.5",",,,I","7.83",",I","11.80",",,,I","3.85",",,,I"
"FR000007354","1929-12","46.86","1.7217","155.0","DEOLS CHATEAUROUX AERODROME DE, FR","276.8","I","0.0","2,I","24",",I","12",",I","1",",I","0","1,I","4","1,I","0","1,I","0","1,I","0","1,I","19291220",",1,I","19291221",",,I","19291205","+,1,I","-7.4","1,I,20,","26.0",",,I,21,","14.2","1,I,05,+","869.3","I","317.0","1,I","108.7",",,,I","7.30","2,I","10.28","1,,,I","4.33","1,,,I"
"FR000007354","1930-01","46.86","1.7217","155.0","DEOLS CHATEAUROUX AERODROME DE, FR","0.0","I","0.0","2,I","16",",I","6",",I","0",",I","0","1,I","3","1,I","0","1,I","0","1,I","0","1,I","19300120",",1,I","19300105",",,I","19300114",",1,I","-1.4","1,I,20,","20.9",",,I,05,","15.7","1,I,14,","1199.3","I","330.0","1,I","73.1",",,,I","7.00","2,I","11.17","1,,,I","2.84","1,,,I"
"FR000007354","1930-02","46.86","1.7217","155.0","DEOLS CHATEAUROUX AERODROME DE, FR","0.0","I","0.0","2,I","11",",I","3",",I","0",",I","0","1,I","15","1,I","0","1,I","0","1,I","0","1,I","19300212",",1,I","19300203",",,I","19300225",",1,I","-5.0","1,I,12,","7.3",",,I,03,","13.9","1,I,25,","1589.5","I","390.2","1,I","24.0",",,,I","3.27","2,I","6.93","1,,,I","-0.40","1,,,I"
"FR000007354","1930-03","46.86","1.7217","155.0","DEOLS CHATEAUROUX AERODROME DE, FR","0.0","I","0.0","2,I","18",",I","13",",I","0",",I","0","1,I","4","1,I","0","1,I","1","1,I","0","1,I","19300321",",1,I","19300314",",,I","19300328",",1,I","-2.7","1,I,21,","18.7",",,I,14,","22.4","1,I,28,","1896.0","I","306.5","1,I","105.9",",,,I","7.77","2,I","12.43","1,,,I","3.10","1,,,I"
"FR000007354","1930-04","46.86","1.7217","155.0","DEOLS CHATEAUROUX AERODROME DE, FR","0.0","I","0.0",",I","16",",I","10",",I","0",",I","0",",I","1",",I","0",",I","4",",I","0",",I","19300420",",,I","19300417",",,I","19300401",",,I","-1.5",",I,20,","12.2",",,I,17,","25.1",",I,01,","2101.4","I","205.4",",I","74.3",",,,I","11.49",",I","16.57",",,,I","6.40",",,,I"
"FR000007354","1930-05","46.86","1.7217","155.0","DEOLS CHATEAUROUX AERODROME DE, FR","0.6","I","0.6",",I","16",",I","7",",I","0",",I","0",",I","0",",I","0",",I","4",",I","0",",I","19300519",",,I","19300522",",,I","19300517",",,I","4.0",",I,19,","15.8",",,I,22,","25.0",",I,17,","2260.8","I","159.4",",I","67.3",",,,I","13.21",",I","17.68",",,,I","8.75",",,,I"
"FR000007354","1930-06","46.86","1.7217","155.0","DEOLS CHATEAUROUX AERODROME DE, FR","44.3","I","43.7",",I","12",",I","5",",I","1",",I","0",",I","0",",I","0",",I","25",",I","0",",I","19300601",",,I","19300626",",,I","19300630",",,I","9.1",",I,01,","37.3",",,I,26,","31.2",",I,30,","2274.6","I","13.8",",I","72.3",",,,I","19.33",",I","24.45",",,,I","14.21",",,,I"
"FR000007354","1930-07","46.86","1.7217","155.0","DEOLS CHATEAUROUX AERODROME DE, FR","79.3","I","35.0",",I","13",",I","8",",I","2",",I","0",",I","0",",I","0",",I","22",",I","0",",I","19300713",",,I","19300717",",,I","19300705","+,,I","9.5",",I,13,","32.4",",,I,17,","29.2",",I,05,+","29.7","I","29.7",",I","130.7",",,,I","18.50",",I","23.26",",,,I","13.75",",,,I"
"FR000007354","1930-08","46.86","1.7217","155.0","DEOLS CHATEAUROUX AERODROME DE, FR","134.4","I","55.1",",I","14",",I","4",",I","0",",I","0",",I","0",",I","0",",I","19",",I","6",",I","19300820",",,I","19300804",",,I","19300829",",,I","8.6",",I,20,","11.7",",,I,04,","35.0",",I,29,","60.6","I","30.9",",I","38.6",",,,I","19.11",",I","24.61",",,,I","13.62",",,,I"
"FR000007354","1930-09","46.86","1.7217","155.0","DEOLS CHATEAUROUX AERODROME DE, FR","157.5","I","23.1",",I","12",",I","3",",I","0",",I","0",",I","0",",I","0",",I","15",",I","1",",I","19300927",",,I","19300911",",,I","19300905",",,I","3.0",",I,27,","9.2",",,I,11,","33.1",",I,05,","131.9","I","71.3",",I","29.9",",,,I","16.73",",I","21.70",",,,I","11.76",",,,I"
"FR000007354","1930-10","46.86","1.7217","155.0","DEOLS CHATEAUROUX AERODROME DE, FR","157.6","I","0.1",",I","18",",I","10",",I","1",",I","0",",I","0",",I","0",",I","5",",I","0",",I","19301027",",,I","19301005",",,I","19301015",",,I","0.8",",I,27,","36.9",",,I,05,","28.0",",I,15,","300.4","I","168.5",",I","137.5",",,,I","12.90",",I","16.76",",,,I","9.04",",,,I"
"FR000007354","1930-11","46.86","1.7217","155.0","DEOLS CHATEAUROUX AERODROME DE, FR","157.6","I","0.0","2,I","22",",I","17",",I","2",",I","0","1,I","4","1,I","0","1,I","0","1,I","0","1,I","19301114","+,1,I","19301102",",,I","19301121",",1,I","-1.2","1,I,14,+","28.2",",,I,02,","18.9","1,I,21,","539.4","I","239.0","1,I","176.7",",,,I","9.78","2,I","13.24","1,,,I","6.32","1,,,I"
"FR000007354","1930-12","46.86","1.7217","155.0","DEOLS CHATEAUROUX AERODROME DE, FR","157.6","I","0.0","2,I","16",",I","8",",I","0",",I","0","1,I","7","1,I","0","1,I","0","1,I","0","1,I","19301219",",1,I","19301230",",,I","19301202",",1,I","-3.8","1,I,19,","13.6",",,I,30,","16.1","1,I,02,","917.0","I","377.6","1,I","66.9",",,,I","5.39","2,I","8.31","1,,,I","2.47","1,,,I"
"FR000007354","1931-01","46.86","1.7217","155.0","DEOLS CHATEAUROUX AERODROME DE, FR","0.0","I","0.0",",I","18",",I","10",",I","0",",I","0",",I","12",",I","2",",I","0",",I","0",",I","19310111",",,I","19310101",",,I","19310103",",,I","-7.2",",I,11,","11.7",",,I,01,","13.2",",I,03,","1365.7","I","448.7",",I","65.1",",,,I","3.86",",I","6.49",",,,I","1.23",",,,I"
"FR000007354","1931-02","46.86","1.7217","155.0","DEOLS CHATEAUROUX AERODROME DE, FR","0.0","I","0.0",",I","13",",I","9",",I","0",",I","0",",I","13",",I","0",",I","0",",I","0",",I","19310225",",,I","19310212",",,I","19310210",",,I","-2.2",",I,25,","16.8",",,I,12,","12.4",",I,10,","1767.8","I","402.1",",I","77.5",",,,I","3.97",",I","7.00",",,,I","0.95",",,,I"
"FR000007354","1931-03","46.86","1.7217","155.0","DEOLS CHATEAUROUX AERODROME DE, FR","0.0","I","0.0","2,I","10",",I","6",",I","0",",I","0","1,I","9","1,I","0","1,I","0","1,I","0","1,I","19310311",",1,I","19310306",",,I","19310327",",1,I","-7.2","1,I,11,","14.4",",,I,06,","19.3","1,I,27,","2080.5","I","312.7","1,I","47.8",",,,I","7.49","2,I","12.57","1,,,I","2.40","1,,,I"
"FR000007354","1931-04","46.86","1.7217","155.0","DEOLS CHATEAUROUX AERODROME DE, FR","0.0","I","0.0",",I","12",",I","8",",I","0",",I","0",",I","2",",I","0",",I","3",",I","0",",I","19310401",",,I","19310417",",,I","19310412",",,I","-0.4",",I,01,","9.9",",,I,17,","23.2",",I,12,","2337.5","I","257.0",",I","43.4",",,,I","9.77",",I","14.54",",,,I","5.00",",,,I"
"FR000007354","1931-05","46.86","1.7217","155.0","DEOLS CHATEAUROUX AERODROME DE, FR","9.7","I","9.7","2,I","16",",I","13",",I","1",",I","0","1,I","0","1,I","0","1,I","11","1,I","0","1,I","19310505",",1,I","19310519",",,I","19310526",",1,I","3.4","1,I,05,","28.4",",,I,19,","29.2","1,I,26,","2450.4","I","112.9","1,I","122.0",",,,I","14.64","2,I","19.84","1,,,I","9.45","1,,,I"
"FR000007354","1931-06","46.86","1.7217","155.0","DEOLS CHATEAUROUX AERODROME DE, FR","63.2","I","53.5",",I","9",",I","6",",I","0",",I","0",",I","0",",I","0",",I","26",",I","1",",I","19310621","+,,I","19310617",",,I","19310611",",,I","9.0",",I,21,+","9.6",",,I,17,","33.8",",I,11,","2478.1","I","27.7",",I","42.1",",,,I","19.19",",I","25.35",",,,I","13.03",",,,I"
"FR000007354","1931-07","46.86","1.7217","155.0","DEOLS CHATEAUROUX AERODROME DE, FR","94.8","I","31.6",",I","15",",I","6",",I","0",",I","0",",I","0",",I","0",",I","23",",I","0",",I","19310722",",,I","19310724",",,I","19310712",",,I","8.8",",I,22,","14.0",",,I,24,","31.4",",I,12,","30.6","I","30.6",",I","56.2",",,,I","18.37",",I","23.89",",,,I","12.84",",,,I"
"FR000007354","1931-08","46.86","1.7217","155.0","DEOLS CHATEAUROUX AERODROME DE, FR","120.8","I","26.0",",I","21",",I","15",",I","1",",I","0",",I","0",",I","0",",I","18",",I","0",",I","19310826",",,I","19310822",",,I","19310819",",,I","6.5",",I,26,","27.2",",,I,22,","30.5",",I,19,","74.3","I","43.7",",I","127.0",",,,I","17.76",",I","22.35",",,,I","13.18",",,,I"
"FR000007354","1931-09","46.86","1.7217","155.0","DEOLS CHATEAUROUX AERODROME DE, FR","122.7","I","1.9",",I","7",",I","2",",I","0",",I","0",",I","0",",I","0",",I","3",",I","0",",I","19310924",",,I","19310904",",,I","19310902",",,I","1.4",",I,24,","13.0",",,I,04,","27.2",",I,02,","238.4","I","164.1",",I","22.8",",,,I","12.93",",I","18.31",",,,I","7.54",",,,I"
"FR000007354","1931-10","46.86","1.7217","155.0","DEOLS CHATEAUROUX AERODROME DE, FR","122.7","I","0.0","2,I","8",",I","3",",I","0",",I","0","1,I","2","1,I","0","1,I","7","1,I","0","1,I","19311028",",1,I","19311023",",,I","19311005",",1,I","-4.0","1,I,28,","5.7",",,I,23,","27.8","1,I,05,","427.6","I","189.2","1,I","15.7",",,,I","11.76","2,I","17.46","1,,,I","6.07","1,,,I"
"FR000007354","1931-11","46.86","1.7217","155.0","DEOLS CHATEAUROUX AERODROME DE, FR","122.7","I","0.0","2,I","15",",I","8",",I","0",",I","0","1,I","2","1,I","0","1,I","2","1,I","0","1,I","19311101",",1,I","19311105",",,I","19311104",",1,I","-1.0","1,I,01,","15.6",",,I,05,","21.8","1,I,04,","693.8","I","266.2","1,I","63.9",",,,I","8.77","2,I","12.56","1,,,I","4.98","1,,,I"
"FR000007354","1931-12","46.86","1.7217","155.0","DEOLS CHATEAUROUX AERODROME DE, FR","122.7","I","0.0","4,I","7",",I","4",",I","0",",I","0","2,I","17","2,I","4","2,I","0","2,I","0","2,I","19311223",",2,I","19311228",",,I","19311204",",2,I","-10.0","2,I,23,","9.9",",,I,28,","14.8","2,I,04,","1144.1","I","450.3","2,I","28.9",",,,I","1.78","4,I","4.80","2,,,I","-1.24","2,,,I"
"FR000007354","1932-01","46.86","1.7217","155.0","DEOLS CHATEAUROUX AERODROME DE, FR","0.0","I","0.0",",I","10",",I","4",",I","0",",I","0",",I","10",",I","2",",I","0",",I","0",",I","19320101",",,I","19320107",",,I","19320116",",,I","-7.4",",I,01,","10.3",",,I,07,","14.8",",I,16,","1543.3","I","399.2",",I","29.5",",,,I","5.45",",I","8.97",",,,I","1.94",",,,I"
"FR000007354","1932-02","46.86","1.7217","155.0","DEOLS CHATEAUROUX AERODROME DE, FR","0.0","I","0.0","3,I","3",",I","1",",I","0",",I","0","2,I","22","2,I","2","2,I","0","2,I","0","2,I","19320212",",2,I","19320209",",,I","19320207",",2,I","-13.7","2,I,12,","2.5",",,I,09,","10.5","2,I,07,","2010.1","I","466.8","2,I","5.3",",,,I","0.20","3,I","4.47","2,,,I","-4.07","2,,,I"
"FR000007354","1932-03","46.86","1.7217","155.0","DEOLS CHATEAUROUX AERODROME DE, FR","0.0","I","0.0","2,I","11",",I","9",",I","0",",I","0","1,I","16","1,I","0","1,I","0","1,I","0","1,I","19320320",",1,I","19320309",",,I","19320316",",1,I","-4.6","1,I,20,","20.2",",,I,09,","20.4","1,I,16,","2344.3","I","334.2","1,I","65.2",",,,I","6.73","2,I","12.62","1,,,I","0.85","1,,,I"
"FR000007354","1932-04","46.86","1.7217","155.0","DEOLS CHATEAUROUX AERODROME DE, FR","0.0","I","0.0",",I","19",",I","11",",I","1",",I","0",",I","2",",I","0",",I","0",",I","0",",I","19320413",",,I","19320430",",,I","19320410",",,I","-1.2",",I,13,","28.0",",,I,30,","19.6",",I,10,","2631.1","I","286.8",",I","104.4",",,,I","8.77",",I","13.09",",,,I","4.46",",,,I"
"FR000007354","1932-05","46.86","1.7217","155.0","DEOLS CHATEAUROUX AERODROME DE, FR","11.5","I","11.5",",I","17",",I","10",",I","0",",I","0",",I","0",",I","0",",I","7",",I","0",",I","19320508",",,I","19320524",",,I","19320520",",,I","2.0",",I,08,","14.9",",,I,24,","31.2",",I,20,","2801.8","I","170.7",",I","82.7",",,,I","13.20",",I","17.56",",,,I","8.83",",,,I"
"FR000007354","1932-06","46.86","1.7217","155.0","DEOLS CHATEAUROUX AERODROME DE, FR","27.6","I","16.1",",I","11",",I","5",",I","1",",I","0",",I","0",",I","0",",I","19",",I","0",",I","19320609",",,I","19320605",",,I","19320627",",,I","6.0",",I,09,","62.0",",,I,05,","31.0",",I,27,","2857.7","I","55.9",",I","101.8",",,,I","17.01",",I","22.59",",,,I","11.42",",,,I"
"FR000007354","1932-07","46.86","1.7217","155.0","DEOLS CHATEAUROUX AERODROME DE, FR","46.3","I","18.7",",I","16",",I","13",",I","1",",I","0",",I","0",",I","0",",I","22",",I","0",",I","19320724",",,I","19320712",",,I","19320730",",,I","6.6",",I,24,","28.0",",,I,12,","31.0",",I,30,","39.8","I","39.8",",I","142.1",",,,I","17.65",",I","23.05",",,,I","12.25",",,,I"
"FR000007354","1932-08","46.86","1.7217","155.0","DEOLS CHATEAUROUX AERODROME DE, FR","153.2","I","106.9",",I","10",",I","5",",I","0",",I","0",",I","0",",I","0",",I","30",",I","5",",I","19320802",",,I","19320826",",,I","19320818",",,I","10.4",",I,02,","9.1",",,I,26,","35.0",",I,18,","46.4","I","6.6",",I","33.4",",,,I","21.57",",I","27.75",",,,I","15.39",",,,I"
"FR000007354","1932-09","46.86","1.7217","155.0","DEOLS CHATEAUROUX AERODROME DE, FR","172.1","I","18.9",",I","12",",I","10",",I","0",",I","0",",I","0",",I","0",",I","23",",I","0",",I","19320930",",,I","19320917",",,I","19320916",",,I","7.2",",I,30,","25.1",",,I,17,","30.8",",I,16,","89.0","I","42.6",",I","88.4",",,,I","17.54",",I","22.58",",,,I","12.50",",,,I"
"FR000007354","1932-10","46.86","1.7217","155.0","DEOLS CHATEAUROUX AERODROME DE, FR","172.1","I","0.0",",I","19",",I","9",",I","0",",I","0",",I","0",",I","0",",I","3",",I","0",",I","19321005",",,I","19321014",",,I","19321022","+,,I","0.1",",I,05,","17.8",",,I,14,","23.0",",I,22,+","297.7","I","208.7",",I","75.6",",,,I","11.60",",I","15.53",",,,I","7.67",",,,I"
"FR000007354","1932-11","46.86","1.7217","155.0","DEOLS CHATEAUROUX AERODROME DE, FR","172.1","I","0.0","2,I","9",",I","3",",I","0",",I","0","1,I","2","1,I","0","1,I","0","1,I","0","1,I","19321122",",1,I","19321126",",,I","19321105",",1,I","-1.6","1,I,22,","9.1",",,I,26,","20.2","1,I,05,","575.6","I","277.9","1,I","29.5",",,,I","8.39","2,I","11.92","1,,,I","4.86","1,,,I"
"FR000007354","1932-12","46.86","1.7217","155.0","DEOLS CHATEAUROUX AERODROME DE, FR","172.1","I","0.0","2,I","13",",I","5",",I","0",",I","0","1,I","5","1,I","0","1,I","0","1,I","0","1,I","19321205",",1,I","19321213",",,I","19321220",",1,I","-3.6","1,I,05,","19.2",",,I,13,","18.0","1,I,20,","931.0","I","355.4","1,I","42.6",",,,I","5.96","2,I","9.18","1,,,I","2.73","1,,,I"
"FR000007354","1933-01","46.86","1.7217","155.0","DEOLS CHATEAUROUX AERODROME DE, FR","0.0","I","0.0",",I","12",",I","2",",I","0",",I","0",",I","18",",I","5",",I","0",",I","0",",I","19330126",",,I","19330129",",,I","19330103",",,I","-11.0",",I,26,","3.8",",,I,29,","15.2",",I,03,","1430.7","I","499.7",",I","16.0",",,,I","2.21",",I","5.43",",,,I","-1.01",",,,I"
"FR000007354","1933-02","46.86","1.7217","155.0","DEOLS CHATEAUROUX AERODROME DE, FR","0.0","I","0.0","2,I","14",",I","8",",I","0",",I","0","1,I","13","1,I","2","1,I","0","1,I","0","1,I","19330224",",1,I","19330227",",,I","19330226",",1,I","-9.6","1,I,24,","10.1",",,I,27,","13.4","1,I,26,","1802.1","I","371.4","1,I","55.7",",,,I","4.11","2,I","7.49","1,,,I","0.73","1,,,I"
"FR000007354","1933-03","46.86","1.7217","155.0","DEOLS CHATEAUROUX AERODROME DE, FR","0.0","I","0.0",",I","9",",I","3",",I","0",",I","0",",I","5",",I","0",",I","0",",I","0",",I","19330322","+,,I","19330317",",,I","19330329",",,I","-1.2",",I,22,+","4.1",",,I,17,","20.3",",I,29,","2097.0","I","294.9",",I","20.0",",,,I","8.82",",I","14.36",",,,I","3.28",",,,I"
"FR000007354","1933-04","46.86","1.7217","155.0","DEOLS CHATEAUROUX AERODROME DE, FR","0.0","I","0.0",",I","7",",I","4",",I","0",",I","0",",I","6",",I","0",",I","8",",I","0",",I","19330423","+,,I","19330418",",,I","19330411",",,I","-1.4",",I,23,+","8.9",",,I,18,","27.6",",I,11,","2321.2","I","224.2",",I","23.8",",,,I","10.86",",I","17.69",",,,I","4.03",",,,I"
"FR000007354","1933-05","46.86","1.7217","155.0","DEOLS CHATEAUROUX AERODROME DE, FR","1.4","I","1.4",",I","15",",I","9",",I","0",",I","0",",I","0",",I","0",",I","11",",I","0",",I","19330504",",,I","19330506",",,I","19330522",",,I","4.0",",I,04,","11.9",",,I,06,","27.2",",I,22,","2442.5","I","121.3",",I","56.1",",,,I","14.46",",I","19.75",",,,I","9.18",",,,I"
"FR000007354","1933-06","46.86","1.7217","155.0","DEOLS CHATEAUROUX AERODROME DE, FR","18.7","I","17.3",",I","15",",I","10",",I","0",",I","0",",I","0",",I","0",",I","13",",I","0",",I","19330614",",,I","19330624",",,I","19330607",",,I","7.4",",I,14,","17.6",",,I,24,","30.6",",I,07,","2514.3","I","71.8",",I","92.8",",,,I","16.52",",I","21.96",",,,I","11.07",",,,I"
"FR000007354","1933-07","46.86","1.7217","155.0","DEOLS CHATEAUROUX AERODROME DE, FR","97.0","I","78.3",",I","4",",I","2",",I","0",",I","0",",I","0",",I","0",",I","28",",I","4",",I","19330718",",,I","19330708",",,I","19330727",",,I","9.8",",I,18,","6.9",",,I,08,","36.6",",I,27,","4.8","I","4.8",",I","13.3",",,,I","20.70",",I","26.95",",,,I","14.46",",,,I"
"FR000007354","1933-08","46.86","1.7217","155.0","DEOLS CHATEAUROUX AERODROME DE, FR","201.2","I","104.2",",I","5",",I","4",",I","0",",I","0",",I","0",",I","0",",I","30",",I","10",",I","19330825",",,I","19330816",",,I","19330810",",,I","10.2",",I,25,","24.2",",,I,16,","36.8",",I,10,","9.7","I","4.9",",I","38.9",",,,I","21.54",",I","28.87",",,,I","14.20",",,,I"
"FR000007354","1933-09","46.86","1.7217","155.0","DEOLS CHATEAUROUX AERODROME DE, FR","218.8","I","17.6",",I","13",",I","11",",I","2",",I","0",",I","0",",I","0",",I","17",",I","0",",I","19330915",",,I","19330911",",,I","19330906","+,,I","7.4",",I,15,","34.0",",,I,11,","31.0",",I,06,+","55.9","I","46.2",",I","147.2",",,,I","17.38",",I","22.67",",,,I","12.09",",,,I"
"FR000007354","1933-10","46.86","1.7217","155.0","DEOLS CHATEAUROUX AERODROME DE, FR","219.4","I","0.6",",I","16",",I","14",",I","0",",I","0",",I","0",",I","0",",I","5",",I","0",",I","19331028",",,I","19331027",",,I","19331001",",,I","0.4",",I,28,","23.3",",,I,27,","26.8",",I,01,","235.8","I","179.9",",I","106.2",",,,I","12.55",",I","16.48",",,,I","8.62",",,,I"
"FR000007354","1933-11","46.86","1.7217","155.0","DEOLS CHATEAUROUX AERODROME DE, FR","219.4","I","0.0","2,I","11",",I","5",",I","0",",I","0","1,I","3","1,I","0","1,I","0","1,I","0","1,I","19331128",",1,I","19331107",",,I","19331121",",1,I","-4.0","1,I,28,","11.1",",,I,07,","18.8","1,I,21,","596.0","I","360.2","1,I","41.1",",,,I","5.43","2,I","8.23","1,,,I","2.62","1,,,I"
"FR000007354","1933-12","46.86","1.7217","155.0","DEOLS CHATEAUROUX AERODROME DE, FR","219.4","I","0.0","2,I","5",",I","4",",I","0",",I","0","1,I","26","1,I","10","1,I","0","1,I","0","1,I","19331218",",1,I","19331226",",,I","19331206",",1,I","-12.8","1,I,18,","5.2",",,I,26,","11.2","1,I,06,","1159.4","I","563.4","1,I","19.5",",,,I","-1.01","2,I","1.61","1,,,I","-3.63","1,,,I"
"FR000007354","1934-01","46.86","1.7217","155.0","DEOLS CHATEAUROUX AERODROME DE, FR","0.0","I","0.0","2,I","14",",I","6",",I","0",",I","0","1,I","14","1,I","1","1,I","0","1,I","0","1,I","19340108",",1,I","19340114",",,I","19340112",",1,I","-5.0","1,I,08,","10.7",",,I,14,","12.2","1,I,12,","1583.7","I","424.3","1,I","42.8",",,,I","3.71","2,I","6.71","1,,,I","0.71","1,,,I"
"FR000007354","1934-02","46.86","1.7217","155.0","DEOLS CHATEAUROUX AERODROME DE, FR","0.0","I","0.0","2,I","3",",I","2",",I","0",",I","0","1,I","23","1,I","2","1,I","0","1,I","0","1,I","19340203",",1,I","19340225",",,I","19340214",",1,I","-7.0","1,I,03,","15.3",",,I,25,","15.2","1,I,14,","2006.2","I","422.5","1,I","28.6",",,,I","2.10","2,I","6.68","1,,,I","-2.47","1,,,I"
"FR000007354","1934-03","46.86","1.7217","155.0","DEOLS CHATEAUROUX AERODROME DE, FR","0.0","I","0.0",",I","14",",I","9",",I","0",",I","0",",I","7",",I","0",",I","0",",I","0",",I","19340308",",,I","19340319",",,I","19340331","+,,I","-2.2",",I,08,","20.2",",,I,19,","19.8",",I,31,+","2358.2","I","352.0",",I","80.9",",,,I","6.98",",I","11.61",",,,I","2.35",",,,I"
"FR000007354","1934-04","46.86","1.7217","155.0","DEOLS CHATEAUROUX AERODROME DE, FR","3.0","I","3.0",",I","12",",I","8",",I","0",",I","0",",I","0",",I","0",",I","6",",I","0",",I","19340410",",,I","19340430",",,I","19340415",",,I","1.4",",I,10,","10.7",",,I,30,","29.4",",I,15,","2546.6","I","188.4",",I","59.7",",,,I","12.15",",I","17.74",",,,I","6.57",",,,I"
"FR000007354","1934-05","46.86","1.7217","155.0","DEOLS CHATEAUROUX AERODROME DE, FR","7.3","I","4.3",",I","7",",I","2",",I","0",",I","0",",I","0",",I","0",",I","16",",I","0",",I","19340518",",,I","19340503",",,I","19340512",",,I","1.2",",I,18,","16.2",",,I,03,","28.8",",I,12,","2667.4","I","120.8",",I","31.8",",,,I","14.57",",I","21.39",",,,I","7.76",",,,I"
"FR000007354","1934-06","46.86","1.7217","155.0","DEOLS CHATEAUROUX AERODROME DE, FR","32.0","I","24.7",",I","7",",I","6",",I","0",",I","0",",I","0",",I","0",",I","23",",I","2",",I","19340613",",,I","19340624",",,I","19340618",",,I","6.6",",I,13,","10.7",",,I,24,","32.6",",I,18,","2704.3","I","36.9",",I","29.0",",,,I","17.93",",I","24.53",",,,I","11.32",",,,I"
"FR000007354","1934-07","46.86","1.7217","155.0","DEOLS CHATEAUROUX AERODROME DE, FR","131.6","I","99.6",",I","9",",I","4",",I","0",",I","0",",I","0",",I","0",",I","31",",I","9",",I","19340705",",,I","19340723",",,I","19340707",",,I","9.6",",I,05,","6.6",",,I,23,","35.8",",I,07,","0.2","I","0.2",",I","25.2",",,,I","21.54",",I","28.71",",,,I","14.37",",,,I"
"FR000007354","1934-08","46.86","1.7217","155.0","DEOLS CHATEAUROUX AERODROME DE, FR","151.6","I","20.0",",I","12",",I","5",",I","1",",I","0",",I","0",",I","0",",I","23",",I","0",",I","19340831",",,I","19340806",",,I","19340819",",,I","9.3",",I,31,","34.0",",,I,06,","29.8",",I,19,","27.5","I","27.3",",I","66.4",",,,I","18.10",",I","23.87",",,,I","12.32",",,,I"
"FR000007354","1934-09","46.86","1.7217","155.0","DEOLS CHATEAUROUX AERODROME DE, FR","184.4","I","32.8",",I","8",",I","3",",I","0",",I","0",",I","0",",I","0",",I","22",",I","1",",I","19340902",",,I","19340929",",,I","19340907",",,I","7.6",",I,02,","6.6",",,I,29,","35.8",",I,07,","56.0","I","28.5",",I","23.4",",,,I","18.48",",I","24.67",",,,I","12.29",",,,I"
"FR000007354","1934-10","46.86","1.7217","155.0","DEOLS CHATEAUROUX AERODROME DE, FR","185.2","I","0.8",",I","11",",I","5",",I","0",",I","0",",I","1",",I","0",",I","4",",I","0",",I","19341016",",,I","19341015",",,I","19341001",",,I","0.0",",I,16,","14.6",",,I,15,","23.9",",I,01,","235.9","I","179.9",",I","48.7",",,,I","12.55",",I","16.60",",,,I","8.51",",,,I"
"FR000007354","1934-11","46.86","1.7217","155.0","DEOLS CHATEAUROUX AERODROME DE, FR","185.2","I","0.0",",I","11",",I","4",",I","0",",I","0",",I","10",",I","1",",I","0",",I","0",",I","19341123",",,I","19341103",",,I","19341104",",,I","-5.0",",I,23,","17.7",",,I,03,","14.9",",I,04,","645.8","I","409.9",",I","54.8",",,,I","4.67",",I","7.62",",,,I","1.72",",,,I"
"FR000007354","1934-12","46.86","1.7217","155.0","DEOLS CHATEAUROUX AERODROME DE, FR","185.2","I","0.0",",I","15",",I","11",",I","0",",I","0",",I","3",",I","0",",I","0",",I","0",",I","19341201",",,I","19341209",",,I","19341208",",,I","-2.4",",I,01,","17.0",",,I,09,","16.2",",I,08,","957.7","I","311.9",",I","85.3",",,,I","8.27",",I","11.12",",,,I","5.42",",,,I"
"FR000007354","1935-01","46.86","1.7217","155.0","DEOLS CHATEAUROUX AERODROME DE, FR","0.0","I","0.0","4,I","15",",I","4",",I","0",",I","0","2,I","15","2,I","3","2,I","0","2,I","0","2,I","19350131",",2,I","19350101",",,I","19350101",",2,I","-7.2","2,I,31,","9.3",",,I,01,","10.6","2,I,01,","1380.7","I","423.0","2,I","41.4",",,,I","2.55","4,I","4.87","2,,,I","0.23","2,,,I"
"FR000007354","1935-02","46.86","1.7217","155.0","DEOLS CHATEAUROUX AERODROME DE, FR","0.0","I","0.0","2,I","14",",I","9",",I","0",",I","0","1,I","8","1,I","1","1,I","0","1,I","0","1,I","19350210",",1,I","19350222",",,I","19350220",",1,I","-9.3","1,I,10,","20.2",",,I,22,","16.0","1,I,20,","1705.8","I","325.1","1,I","72.5",",,,I","5.54","2,I","8.72","1,,,I","2.37","1,,,I"
"FR000007354","1935-03","46.86","1.7217","155.0","DEOLS CHATEAUROUX AERODROME DE, FR","0.0","I","0.0",",I","6",",I","2",",I","0",",I","0",",I","13",",I","1",",I","1",",I","0",",I","19350309",",,I","19350310",",,I","19350327",",,I","-6.6",",I,09,","11.8",",,I,10,","21.7",",I,27,","2076.1","I","370.3",",I","26.6",",,,I","6.39",",I","11.55",",,,I","1.23",",,,I"
"FR000007354","1935-04","46.86","1.7217","155.0","DEOLS CHATEAUROUX AERODROME DE, FR","0.0","I","0.0",",I","19",",I","13",",I","0",",I","0",",I","2",",I","0",",I","0",",I","0",",I","19350404",",,I","19350423",",,I","19350410",",,I","-2.8",",I,04,","12.0",",,I,23,","21.0",",I,10,","2343.1","I","267.0",",I","82.9",",,,I","9.43",",I","13.12",",,,I","5.74",",,,I"
"FR000007354","1935-05","46.86","1.7217","155.0","DEOLS CHATEAUROUX AERODROME DE, FR","0.0","I","0.0",",I","14",",I","9",",I","0",",I","0",",I","0",",I","0",",I","3",",I","0",",I","19350520","+,,I","19350528",",,I","19350503",",,I","1.2",",I,20,+","20.3",",,I,28,","22.8",",I,03,","2530.8","I","187.7",",I","105.5",",,,I","12.28",",I","17.34",",,,I","7.22",",,,I"
"FR000007354","1935-06","46.86","1.7217","155.0","DEOLS CHATEAUROUX AERODROME DE, FR","55.7","I","55.7",",I","16",",I","8",",I","0",",I","0",",I","0",",I","0",",I","18",",I","1",",I","19350616",",,I","19350601",",,I","19350630",",,I","8.7",",I,16,","18.8",",,I,01,","34.3",",I,30,","2577.9","I","47.1",",I","82.0",",,,I","18.62",",I","24.18",",,,I","13.06",",,,I"
"FR000007354","1935-07","46.86","1.7217","155.0","DEOLS CHATEAUROUX AERODROME DE, FR","123.5","I","67.8",",I","5",",I","4",",I","1",",I","0",",I","0",",I","0",",I","29",",I","2",",I","19350731",",,I","19350713",",,I","19350725",",,I","8.6",",I,31,","53.1",",,I,13,","33.4",",I,25,","7.3","I","7.3",",I","71.9",",,,I","20.29",",I","26.37",",,,I","14.20",",,,I"
"FR000007354","1935-08","46.86","1.7217","155.0","DEOLS CHATEAUROUX AERODROME DE, FR","170.2","I","46.7",",I","11",",I","8",",I","3",",I","0",",I","0",",I","0",",I","24",",I","1",",I","19350830",",,I","19350823",",,I","19350822",",,I","6.4",",I,30,","37.0",",,I,23,","32.5",",I,22,","36.3","I","29.0",",I","143.5",",,,I","18.90",",I","25.15",",,,I","12.66",",,,I"
"FR000007354","1935-09","46.86","1.7217","155.0","DEOLS CHATEAUROUX AERODROME DE, FR","178.6","I","8.4",",I","14",",I","7",",I","0",",I","0",",I","0",",I","0",",I","12",",I","0",",I","19350911",",,I","19350912",",,I","19350921",",,I","5.6",",I,11,","22.8",",,I,12,","30.6",",I,21,","97.0","I","60.7",",I","77.4",",,,I","16.59",",I","21.74",",,,I","11.44",",,,I"
"FR000007354","1935-10","46.86","1.7217","155.0","DEOLS CHATEAUROUX AERODROME DE, FR","178.6","I","0.0",",I","14",",I","7",",I","0",",I","0",",I","2",",I","0",",I","0",",I","0",",I","19351022",",,I","19351028",",,I","19351017","+,,I","-1.8",",I,22,","4.9",",,I,28,","19.0",",I,17,+","334.4","I","237.4",",I","33.8",",,,I","10.68",",I","14.96",",,,I","6.39",",,,I"
"FR000007354","1935-11","46.86","1.7217","155.0","DEOLS CHATEAUROUX AERODROME DE, FR","178.6","I","0.0",",I","17",",I","9",",I","0",",I","0",",I","4",",I","1",",I","0",",I","0",",I","19351125",",,I","19351105",",,I","19351102",",,I","-4.7",",I,25,","11.0",",,I,05,","20.8",",I,02,","661.4","I","327.0",",I","58.7",",,,I","7.43",",I","11.46",",,,I","3.40",",,,I"
"FR000007354","1935-12","46.86","1.7217","155.0","DEOLS CHATEAUROUX AERODROME DE, FR","178.6","I","0.0","4,I","21",",I","13",",I","0",",I","0","2,I","11","2,I","1","2,I","0","2,I","0","2,I","19351222",",2,I","19351217",",,I","19351228",",2,I","-7.2","2,I,22,","23.8",",,I,17,","13.8","2,I,28,","1031.2","I","369.8","2,I","109.0",",,,I","4.44","4,I","7.33","2,,,I","1.54","2,,,I"
"FR000007354","1936-01","46.86","1.7217","155.0","DEOLS CHATEAUROUX AERODROME DE, FR","0.0","I","0.0","4,I","19",",I","10",",I","0",",I","0","2,I","5","2,I","0","2,I","0","2,I","0","2,I","19360118",",2,I","19360102",",,I","19360109",",2,I","-2.0","2,I,18,","14.2",",,I,02,","14.2","2,I,09,","1322.0","I","290.8","2,I","80.2",",,,I","7.46","4,I","10.82","2,,,I","4.11","2,,,I"
"FR000007354","1936-02","46.86","1.7217","155.0","DEOLS CHATEAUROUX AERODROME DE, FR","0.0","I","0.0",",I","16",",I","9",",I","0",",I","0",",I","11",",I","0",",I","0",",I","0",",I","19360208",",,I","19360201",",,I","19360221",",,I","-6.4",",I,08,","12.5",",,I,01,","18.0",",I,21,","1693.1","I","371.1",",I","60.8",",,,I","5.54",",I","9.42",",,,I","1.66",",,,I"
"FR000007354","1936-03","46.86","1.7217","155.0","DEOLS CHATEAUROUX AERODROME DE, FR","0.0","I","0.0",",I","12",",I","6",",I","0",",I","0",",I","9",",I","0",",I","0",",I","0",",I","19360314",",,I","19360303",",,I","19360321",",,I","-3.5",",I,14,","18.1",",,I,03,","20.0",",I,21,","2009.7","I","316.6",",I","64.2",",,,I","8.12",",I","13.12",",,,I","3.12",",,,I"
"FR000007354","1936-04","46.86","1.7217","155.0","DEOLS CHATEAUROUX AERODROME DE, FR","0.0","I","0.0","2,I","12",",I","7",",I","1",",I","0","1,I","6","1,I","0","1,I","1","1,I","0","1,I","19360419",",1,I","19360403",",,I","19360403",",1,I","-2.1","1,I,19,","27.0",",,I,03,","21.6","1,I,03,","2273.5","I","263.8","1,I","69.9",",,,I","8.97","2,I","14.39","1,,,I","3.54","1,,,I"
"FR000007354","1936-05","46.86","1.7217","155.0","DEOLS CHATEAUROUX AERODROME DE, FR","2.2","I","2.2",",I","11",",I","3",",I","0",",I","0",",I","0",",I","0",",I","15",",I","0",",I","19360522",",,I","19360507",",,I","19360518",",,I","3.6",",I,22,","8.6",",,I,07,","28.0",",I,18,","2385.0","I","111.5",",I","27.0",",,,I","14.81",",I","20.89",",,,I","8.72",",,,I"
"FR000007354","1936-06","46.86","1.7217","155.0","DEOLS CHATEAUROUX AERODROME DE, FR","30.9","I","28.7",",I","12",",I","7",",I","0",",I","0",",I","0",",I","0",",I","22",",I","0",",I","19360601",",,I","19360630",",,I","19360620",",,I","1.2",",I,01,","19.4",",,I,30,","30.3",",I,20,","2452.7","I","67.7",",I","62.6",",,,I","17.03",",I","23.06",",,,I","11.00",",,,I"
"FR000007354","1936-07","46.86","1.7217","155.0","DEOLS CHATEAUROUX AERODROME DE, FR","49.9","I","19.0",",I","21",",I","12",",I","0",",I","0",",I","0",",I","0",",I","13",",I","1",",I","19360731",",,I","19360720",",,I","19360717",",,I","8.4",",I,31,","23.6",",,I,20,","32.2",",I,17,","57.9","I","57.9",",I","112.7",",,,I","17.08",",I","21.51",",,,I","12.65",",,,I"
"FR000007354","1936-08","46.86","1.7217","155.0","DEOLS CHATEAUROUX AERODROME DE, FR","85.0","I","35.1",",I","9",",I","6",",I","0",",I","0",",I","0",",I","0",",I","24",",I","0",",I","19360824","+,,I","19360816",",,I","19360828",",,I","8.8",",I,24,+","14.3",",,I,16,","30.1",",I,28,","79.5","I","21.6",",I","57.1",",,,I","18.77",",I","24.61",",,,I","12.93",",,,I"
"FR000007354","1936-09","46.86","1.7217","155.0","DEOLS CHATEAUROUX AERODROME DE, FR","102.6","I","17.6",",I","19",",I","8",",I","0",",I","0",",I","1",",I","0",",I","18",",I","0",",I","19360930",",,I","19360919",",,I","19360902",",,I","0.0",",I,30,","17.1",",,I,19,","31.0",",I,02,","144.3","I","64.8",",I","76.1",",,,I","16.76",",I","21.85",",,,I","11.67",",,,I"
"FR000007354","1936-10","46.86","1.7217","155.0","DEOLS CHATEAUROUX AERODROME DE, FR","102.6","I","0.0",",I","10",",I","4",",I","0",",I","0",",I","6",",I","0",",I","0",",I","0",",I","19361009",",,I","19361026",",,I","19361004",",,I","-3.0",",I,09,","7.1",",,I,26,","19.8",",I,04,","446.8","I","302.5",",I","23.7",",,,I","8.58",",I","13.66",",,,I","3.49",",,,I"
"FR000007354","1936-11","46.86","1.7217","155.0","DEOLS CHATEAUROUX AERODROME DE, FR","102.6","I","0.0",",I","18",",I","7",",I","0",",I","0",",I","5",",I","0",",I","0",",I","0",",I","19361129",",,I","19361111",",,I","19361112",",,I","-2.2",",I,29,","7.6",",,I,11,","14.2",",I,12,","800.8","I","354.0",",I","42.2",",,,I","6.53",",I","9.75",",,,I","3.32",",,,I"
"FR000007354","1936-12","46.86","1.7217","155.0","DEOLS CHATEAUROUX AERODROME DE, FR","102.6","I","0.0",",I","10",",I","1",",I","0",",I","0",",I","12",",I","2",",I","0",",I","0",",I","19361210",",,I","19361206",",,I","19361218",",,I","-4.4",",I,10,","3.3",",,I,06,","15.0",",I,18,","1231.4","I","430.6",",I","10.0",",,,I","4.44",",I","7.07",",,,I","1.81",",,,I"
"FR000007354","1937-01","46.86","1.7217","155.0","DEOLS CHATEAUROUX AERODROME DE, FR","0.0","I","0.0",",I","19",",I","8",",I","0",",I","0",",I","6",",I","0",",I","0",",I","0",",I","19370110",",,I","19370118",",,I","19370123",",,I","-3.8",",I,10,","10.3",",,I,18,","17.4",",I,23,","1591.5","I","360.1",",I","53.1",",,,I","6.72",",I","10.20",",,,I","3.24",",,,I"
"FR000007354","1937-02","46.86","1.7217","155.0","DEOLS CHATEAUROUX AERODROME DE, FR","0.0","I","0.0","2,I","22",",I","13",",I","0",",I","0","1,I","1","1,I","0","1,I","0","1,I","0","1,I","19370212",",1,I","19370222",",,I","19370205",",1,I","-0.4","1,I,12,","15.3",",,I,22,","14.8","1,I,05,","1861.4","I","269.9","1,I","104.3",",,,I","7.89","2,I","10.92","1,,,I","4.87","1,,,I"
"FR000007354","1937-03","46.86","1.7217","155.0","DEOLS CHATEAUROUX AERODROME DE, FR","0.0","I","0.0",",I","23",",I","10",",I","0",",I","0",",I","9",",I","0",",I","0",",I","0",",I","19370303",",,I","19370317",",,I","19370316",",,I","-3.0",",I,03,","14.7",",,I,17,","17.0",",I,16,","2230.6","I","369.2",",I","96.2",",,,I","6.42",",I","10.75",",,,I","2.10",",,,I"
"FR000007354","1937-04","46.86","1.7217","155.0","DEOLS CHATEAUROUX AERODROME DE, FR","0.0","I","0.0",",I","16",",I","10",",I","0",",I","0",",I","0",",I","0",",I","1",",I","0",",I","19370427","+,,I","19370413",",,I","19370409",",,I","0.2",",I,27,+","14.7",",,I,13,","22.2",",I,09,","2467.4","I","236.8",",I","75.1",",,,I","10.44",",I","15.08",",,,I","5.80",",,,I"
"FR000007354","1937-05","46.86","1.7217","155.0","DEOLS CHATEAUROUX AERODROME DE, FR","13.9","I","13.9",",I","11",",I","7",",I","1",",I","0",",I","0",",I","0",",I","13",",I","0",",I","19370522",",,I","19370520",",,I","19370530",",,I","5.5",",I,22,","31.0",",,I,20,","31.2",",I,30,","2564.0","I","96.6",",I","89.1",",,,I","15.66",",I","21.19",",,,I","10.14",",,,I"
"FR000007354","1937-06","46.86","1.7217","155.0","DEOLS CHATEAUROUX AERODROME DE, FR","39.5","I","25.6",",I","7",",I","3",",I","0",",I","0",",I","0",",I","0",",I","22",",I","0",",I","19370626",",,I","19370611",",,I","19370606",",,I","6.4",",I,26,","6.8",",,I,11,","29.4",",I,06,","2617.4","I","53.4",",I","20.0",",,,I","17.41",",I","23.27",",,,I","11.54",",,,I"
"FR000007354","1937-07","46.86","1.7217","155.0","DEOLS CHATEAUROUX AERODROME DE, FR","90.9","I","51.4",",I","3",",I","1",",I","0",",I","0",",I","0",",I","0",",I","30",",I","1",",I","19370726",",,I","19370714",",,I","19370703",",,I","8.6",",I,26,","3.1",",,I,14,","32.3",",I,03,","11.2","I","11.2",",I","4.5",",,,I","19.63",",I","26.54",",,,I","12.73",",,,I"
"FR000007354","1937-08","46.86","1.7217","155.0","DEOLS CHATEAUROUX AERODROME DE, FR","156.0","I","65.1",",I","5",",I","4",",I","0",",I","0",",I","0",",I","0",",I","30",",I","4",",I","19370824",",,I","19370807",",,I","19370807",",,I","8.0",",I,24,","7.4",",,I,07,","36.6",",I,07,","24.7","I","13.5",",I","23.5",",,,I","20.00",",I","27.07",",,,I","12.92",",,,I"
"FR000007354","1937-09","46.86","1.7217","155.0","DEOLS CHATEAUROUX AERODROME DE, FR","179.9","I","23.9",",I","12",",I","8",",I","0",",I","0",",I","0",",I","0",",I","16",",I","1",",I","19370922",",,I","19370913",",,I","19370906",",,I","4.8",",I,22,","16.3",",,I,13,","32.2",",I,06,","111.6","I","86.9",",I","72.6",",,,I","16.24",",I","21.96",",,,I","10.51",",,,I"
"FR000007354","1937-10","46.86","1.7217","155.0","DEOLS CHATEAUROUX AERODROME DE, FR","179.9","I","0.0",",I","12",",I","6",",I","0",",I","0",",I","0",",I","0",",I","3",",I","0",",I","19371014",",,I","19371027",",,I","19371001",",,I","1.0",",I,14,","20.7",",,I,27,","24.8",",I,01,","299.0","I","187.4",",I","70.0",",,,I","12.29",",I","17.01",",,,I","7.57",",,,I"
"FR000007354","1937-11","46.86","1.7217","155.0","DEOLS CHATEAUROUX AERODROME DE, FR","179.9","I","0.0","2,I","10",",I","7",",I","0",",I","0","1,I","9","1,I","0","1,I","0","1,I","0","1,I","19371129",",1,I","19371118",",,I","19371107",",1,I","-3.8","1,I,29,","15.3",",,I,18,","18.1","1,I,07,","628.2","I","329.2","1,I","49.5",",,,I","6.63","2,I","11.06","1,,,I","2.20","1,,,I"
"FR000007354","1937-12","46.86","1.7217","155.0","DEOLS CHATEAUROUX AERODROME DE, FR","","","","","17",",I","11",",I","0",",I","0","3,I","10","3,I","2","3,I","0","3,I","0","3,I","19371230",",3,I","19371208",",,I","19371201",",3,I","-6.2","3,I,30,","15.0",",,I,08,","10.5","3,I,01,","","","","","64.8",",,,I","3.48","6,I","5.49","3,,,I","1.48","3,,,I"
"FR000007354","1938-01","46.86","1.7217","155.0","DEOLS CHATEAUROUX AERODROME DE, FR","0.0","I","0.0",",I","20",",I","10",",I","0",",I","0",",I","10",",I","5",",I","0",",I","0",",I","19380106",",,I","19380129",",,I","19380113",",,I","-16.2",",I,06,","15.0",",,I,29,","13.5",",I,13,","","","430.7",",I","74.1",",,,I","4.44",",I","7.01",",,,I","1.87",",,,I"
"FR000007354","1938-02","46.86","1.7217","155.0","DEOLS CHATEAUROUX AERODROME DE, FR","0.0","I","0.0",",I","7",",I","2",",I","0",",I","0",",I","16",",I","2",",I","0",",I","0",",I","19380217",",,I","19380210",",,I","19380226",",,I","-5.3",",I,17,","4.1",",,I,10,","16.2",",I,26,","","","386.6",",I","14.0",",,,I","4.53",",I","8.93",",,,I","0.13",",,,I"
"FR000007354","1938-03","46.86","1.7217","155.0","DEOLS CHATEAUROUX AERODROME DE, FR","0.0","I","0.0",",I","3",",I","1",",I","0",",I","0",",I","8",",I","0",",I","1",",I","0",",I","19380314",",,I","19380325",",,I","19380320",",,I","-2.2",",I,14,","9.1",",,I,25,","21.3",",I,20,","","","271.7",",I","11.1",",,,I","9.57",",I","16.68",",,,I","2.45",",,,I"
"FR000007354","1938-04","46.86","1.7217","155.0","DEOLS CHATEAUROUX AERODROME DE, FR","0.0","I","0.0",",I","2",",I","1",",I","0",",I","0",",I","9",",I","0",",I","3",",I","0",",I","19380422",",,I","19380430",",,I","19380402",",,I","-1.8",",I,22,","4.5",",,I,30,","23.6",",I,02,","","","304.6",",I","6.5",",,,I","8.18",",I","14.07",",,,I","2.28",",,,I"
"FR000007354","1938-05","46.86","1.7217","155.0","DEOLS CHATEAUROUX AERODROME DE, FR","0.0","I","0.0",",I","16",",I","10",",I","0",",I","0",",I","0",",I","0",",I","4",",I","0",",I","19380501",",,I","19380516",",,I","19380514",",,I","2.0",",I,01,","12.0",",,I,16,","27.2",",I,14,","","","204.5",",I","84.0",",,,I","11.74",",I","16.62",",,,I","6.85",",,,I"
"FR000007354","1938-06","46.86","1.7217","155.0","DEOLS CHATEAUROUX AERODROME DE, FR","32.3","I","32.3",",I","11",",I","8",",I","0",",I","0",",I","0",",I","0",",I","20",",I","1",",I","19380603",",,I","19380621",",,I","19380625",",,I","5.2",",I,03,","8.4",",,I,21,","34.3",",I,25,","","","55.4",",I","51.0",",,,I","17.57",",I","23.53",",,,I","11.60",",,,I"
"FR000007354","1938-07","46.86","1.7217","155.0","DEOLS CHATEAUROUX AERODROME DE, FR","56.1","I","23.8",",I","12",",I","10",",I","1",",I","0",",I","0",",I","0",",I","18",",I","1",",I","19380703",",,I","19380707",",,I","19380731",",,I","9.0",",I,03,","34.5",",,I,07,","32.4",",I,31,","46.9","I","46.9",",I","111.1",",,,I","17.59",",I","22.81",",,,I","12.36",",,,I"
"FR000007354","1938-08","46.86","1.7217","155.0","DEOLS CHATEAUROUX AERODROME DE, FR","94.4","I","38.3",",I","14",",I","9",",I","1",",I","0",",I","0",",I","0",",I","22",",I","1",",I","19380828","+,,I","19380804",",,I","19380801",",,I","8.2",",I,28,+","28.0",",,I,04,","32.8",",I,01,","82.9","I","36.0",",I","91.5",",,,I","18.41",",I","23.28",",,,I","13.53",",,,I"
"FR000007354","1938-09","46.86","1.7217","155.0","DEOLS CHATEAUROUX AERODROME DE, FR","101.0","I","6.6",",I","12",",I","8",",I","0",",I","0",",I","0",",I","0",",I","11",",I","0",",I","19380917",",,I","19380925",",,I","19380923",",,I","5.2",",I,17,","22.1",",,I,25,","27.2",",I,23,","159.9","I","77.0",",I","96.5",",,,I","15.99",",I","20.47",",,,I","11.50",",,,I"
"FR000007354","1938-10","46.86","1.7217","155.0","DEOLS CHATEAUROUX AERODROME DE, FR","101.0","I","0.0",",I","12",",I","6",",I","0",",I","0",",I","0",",I","0",",I","0",",I","0",",I","19381026",",,I","19381027",",,I","19381022","+,,I","1.4",",I,26,","5.8",",,I,27,","20.2",",I,22,+","370.3","I","210.4",",I","35.1",",,,I","11.55",",I","15.82",",,,I","7.28",",,,I"
"FR000007354","1938-11","46.86","1.7217","155.0","DEOLS CHATEAUROUX AERODROME DE, FR","101.0","I","0.0",",I","17",",I","9",",I","0",",I","0",",I","1",",I","0",",I","0",",I","0",",I","19381130",",,I","19381128",",,I","19381112","+,,I","0.0",",I,30,","18.2",",,I,28,","20.5",",I,12,+","611.6","I","241.3",",I","90.0",",,,I","10.29",",I","13.74",",,,I","6.84",",,,I"
"FR000007354","1938-12","46.86","1.7217","155.0","DEOLS CHATEAUROUX AERODROME DE, FR","101.0","I","0.0","3,I","18",",I","8",",I","0",",I","0","2,I","12","2,I","7","2,I","0","2,I","0","2,I","19381221",",2,I","19381205",",,I","19381211",",2,I","-13.7","2,I,21,","8.5",",,I,05,","17.8","2,I,11,","1039.3","I","427.7","2,I","59.6",",,,I","2.89","3,I","6.36","2,,,I","-0.58","2,,,I"
"FR000007354","1939-01","46.86","1.7217","155.0","DEOLS CHATEAUROUX AERODROME DE, FR","0.0","I","0.0",",I","20",",I","12",",I","1",",I","0",",I","6",",I","0",",I","0",",I","0",",I","19390128",",,I","19390117",",,I","19390117",",,I","-3.6",",I,28,","26.1",",,I,17,","16.9",",I,17,","1416.2","I","376.9",",I","114.8",",,,I","6.17",",I","8.74",",,,I","3.61",",,,I"
"FR000007354","1939-02","46.86","1.7217","155.0","DEOLS CHATEAUROUX AERODROME DE, FR","0.0","I","0.0",",I","13",",I","7",",I","0",",I","0",",I","12",",I","0",",I","0",",I","0",",I","19390206",",,I","19390223",",,I","19390208",",,I","-5.2",",I,06,","20.2",",,I,23,","14.8",",I,08,","1796.9","I","380.7",",I","51.8",",,,I","4.74",",I","8.63",",,,I","0.84",",,,I"
"FR000007354","1939-03","46.86","1.7217","155.0","DEOLS CHATEAUROUX AERODROME DE, FR","0.0","I","0.0",",I","15",",I","8",",I","0",",I","0",",I","6",",I","0",",I","0",",I","0",",I","19390319",",,I","19390307",",,I","19390303",",,I","-3.4",",I,19,","8.1",",,I,07,","19.5",",I,03,","2188.1","I","391.2",",I","48.6",",,,I","5.71",",I","9.21",",,,I","2.22",",,,I"
"FR000007354","1939-04","46.86","1.7217","155.0","DEOLS CHATEAUROUX AERODROME DE, FR","0.2","I","0.2",",I","11",",I","5",",I","0",",I","0",",I","1",",I","0",",I","5",",I","0",",I","19390430",",,I","19390426",",,I","19390411",",,I","-1.0",",I,30,","22.6",",,I,26,","26.0",",I,11,","2412.5","I","224.4",",I","65.6",",,,I","10.86",",I","15.53",",,,I","6.19",",,,I"
"FR000007354","1939-05","46.86","1.7217","155.0","DEOLS CHATEAUROUX AERODROME DE, FR","0.2","I","0.0",",I","10",",I","8",",I","0",",I","0",",I","0",",I","0",",I","4",",I","0",",I","19390501",",,I","19390515",",,I","19390525","+,,I","1.4",",I,01,","21.8",",,I,15,","23.0",",I,25,+","2601.7","I","189.2",",I","78.4",",,,I","12.23",",I","16.85",",,,I","7.61",",,,I"
"FR000007354","1939-06","46.86","1.7217","155.0","DEOLS CHATEAUROUX AERODROME DE, FR","28.0","I","27.8",",I","12",",I","9",",I","0",",I","0",",I","0",",I","0",",I","19",",I","0",",I","19390614",",,I","19390628",",,I","19390606",",,I","3.5",",I,14,","16.4",",,I,28,","31.2",",I,06,","2660.7","I","59.0",",I","79.8",",,,I","17.29",",I","22.92",",,,I","11.67",",,,I"
"FR000007354","1939-07","46.86","1.7217","155.0","DEOLS CHATEAUROUX AERODROME DE, FR","40.8","I","12.8",",I","14",",I","7",",I","0",",I","0",",I","0",",I","0",",I","22",",I","0",",I","19390703",",,I","19390724",",,I","19390708",",,I","7.2",",I,03,","13.4",",,I,24,","29.8",",I,08,","41.8","I","41.8",",I","62.6",",,,I","17.40",",I","22.65",",,,I","12.15",",,,I"
"FR000007354","1939-08","46.86","1.7217","155.0","DEOLS CHATEAUROUX AERODROME DE, FR","72.6","I","31.8",",I","8",",I","5",",I","0",",I","0",",I","0",",I","0",",I","24",",I","0",",I","19390805",",,I","19390807",",,I","19390829",",,I","8.7",",I,05,","22.5",",,I,07,","29.8",",I,29,","67.1","I","25.3",",I","57.4",",,,I","18.54",",I","23.77",",,,I","13.32",",,,I"
"FR000007354","1939-09","46.86","1.7217","155.0","DEOLS CHATEAUROUX AERODROME DE, FR","89.9","I","17.3",",I","9",",I","8",",I","0",",I","0",",I","0",",I","0",",I","10",",I","0",",I","19390928",",,I","19390903",",,I","19390902",",,I","2.4",",I,28,","11.6",",,I,03,","29.3",",I,02,","168.8","I","101.7",",I","50.5",",,,I","15.52",",I","20.63",",,,I","10.41",",,,I"
"FR000007354","1939-10","46.86","1.7217","155.0","DEOLS CHATEAUROUX AERODROME DE, FR","90.0","I","0.1",",I","24",",I","17",",I","1",",I","0",",I","1",",I","0",",I","2",",I","0",",I","19391028",",,I","19391004",",,I","19391018",",,I","-1.8",",I,28,","38.6",",,I,04,","21.7",",I,18,","395.6","I","226.8",",I","181.4",",,,I","11.02",",I","14.15",",,,I","7.89",",,,I"
"FR000007354","1939-11","46.86","1.7217","155.0","DEOLS CHATEAUROUX AERODROME DE, FR","90.0","I","0.0",",I","18",",I","10",",I","0",",I","0",",I","4",",I","0",",I","1",",I","0",",I","19391123",",,I","19391103",",,I","19391107",",,I","-4.8",",I,23,","24.3",",,I,03,","22.4",",I,07,","655.0","I","259.4",",I","92.2",",,,I","9.69",",I","12.64",",,,I","6.73",",,,I"
"FR000007354","1939-12","46.86","1.7217","155.0","DEOLS CHATEAUROUX AERODROME DE, FR","90.0","I","0.0","2,I","13",",I","6",",I","0",",I","0","1,I","17","1,I","1","1,I","0","1,I","0","1,I","19391231",",1,I","19391218",",,I","19391209",",1,I","-12.8","1,I,31,","15.9",",,I,18,","12.9","1,I,09,","1118.7","I","463.7","1,I","57.5",",,,I","2.55","2,I","5.25","1,,,I","-0.15","1,,,I"
"FR000007354","1940-01","46.86","1.7217","155.0","DEOLS CHATEAUROUX AERODROME DE, FR","0.0","I","0.0","5,I","11",",I","6",",I","1",",I","0","3,I","19","3,I","11","3,I","0","3,I","0","3,I","19400124",",3,I","19400131",",,I","19400107",",3,I","-17.4","3,I,24,","26.1",",,I,31,","10.7","3,I,07,","1644.6","I","525.9","3,I","61.4",",,,I","-1.92","5,I","2.69","3,,,I","-6.52","3,,,I"
"FR000007354","1940-02","46.86","1.7217","155.0","DEOLS CHATEAUROUX AERODROME DE, FR","0.0","I","0.0",",I","13",",I","7",",I","0",",I","0",",I","8",",I","3",",I","0",",I","0",",I","19400215",",,I","19400209",",,I","19400229",",,I","-9.0",",I,15,","22.1",",,I,09,","19.8",",I,29,","1997.7","I","353.1",",I","87.8",",,,I","6.16",",I","10.24",",,,I","2.08",",,,I"
"FR000007354","1940-03","46.86","1.7217","155.0","DEOLS CHATEAUROUX AERODROME DE, FR","0.0","I","0.0",",I","13",",I","7",",I","0",",I","0",",I","13",",I","0",",I","1",",I","0",",I","19400308",",,I","19400312",",,I","19400318",",,I","-5.4",",I,08,","10.0",",,I,12,","26.3",",I,18,","2318.1","I","320.4",",I","48.5",",,,I","8.00",",I","13.19",",,,I","2.81",",,,I"
"FR000007354","1940-04","46.86","1.7217","155.0","DEOLS CHATEAUROUX AERODROME DE, FR","0.0","I","0.0","2,I","20",",I","11",",I","1",",I","0","1,I","1","1,I","0","1,I","4","1,I","0","1,I","19400412",",1,I","19400429",",,I","19400422",",1,I","0.0","1,I,12,","33.8",",,I,29,","24.6","1,I,22,","2549.8","I","231.7","1,I","128.0",",,,I","10.27","2,I","14.48","1,,,I","6.07","1,,,I"
"FR000007354","1940-05","46.86","1.7217","155.0","DEOLS CHATEAUROUX AERODROME DE, FR","1.4","I","1.4",",I","9",",I","7",",I","0",",I","0",",I","0",",I","0",",I","12",",I","0",",I","19400518",",,I","19400521",",,I","19400525",",,I","3.0",",I,18,","10.5",",,I,21,","28.7",",I,25,","2669.9","I","120.1",",I","48.0",",,,I","14.50",",I","20.49",",,,I","8.52",",,,I"
"FR000007354","1940-06","46.86","1.7217","155.0","DEOLS CHATEAUROUX AERODROME DE, FR","37.1","I","35.7",",I","","","","","","","0",",I","0",",I","0",",I","26",",I","0",",I","19400601",",,I","","","19400609",",,I","9.0",",I,01,","","","30.5",",I,09,","2684.3","I","14.4",",I","","","19.04",",I","24.80",",,,I","13.28",",,,I"
"FR000007354","1940-07","46.86","1.7217","155.0","DEOLS CHATEAUROUX AERODROME DE, FR","61.2","I","24.1",",I","","","","","","","0",",I","0",",I","0",",I","25",",I","0",",I","19400729","+,,I","","","19400702",",,I","10.0",",I,29,+","","","30.0",",I,02,","26.4","I","26.4",",I","","","18.26",",I","23.23",",,,I","13.29",",,,I"
"FR000007354","1940-08","46.86","1.7217","155.0","DEOLS CHATEAUROUX AERODROME DE, FR","98.5","I","37.3",",I","","","","","","","0",",I","0",",I","0",",I","27",",I","0",",I","19400825",",,I","","","19400805","+,,I","7.5",",I,25,","","","32.0",",I,05,+","53.8","I","27.4",",I","","","18.65",",I","24.84",",,,I","12.47",",,,I"
"FR000007354","1940-09","46.86","1.7217","155.0","DEOLS CHATEAUROUX AERODROME DE, FR","125.5","I","27.0",",I","12",",I","5",",I","0",",I","0",",I","0",",I","0",",I","13",",I","0",",I","19400930",",,I","19400914",",,I","19400907",",,I","5.8",",I,30,","19.5",",,I,14,","31.5",",I,07,","131.8","I","78.0",",I","71.0",",,,I","16.63",",I","21.77",",,,I","11.49",",,,I"
"FR000007354","1940-10","46.86","1.7217","155.0","DEOLS CHATEAUROUX AERODROME DE, FR","125.8","I","0.3","2,I","17",",I","7",",I","0",",I","0","1,I","4","1,I","0","1,I","5","1,I","0","1,I","19401030",",1,I","19401002",",,I","19401018",",1,I","-4.8","1,I,30,","12.4",",,I,02,","23.5","1,I,18,","330.7","I","198.9","1,I","66.2",",,,I","11.44","2,I","16.02","1,,,I","6.86","1,,,I"
"FR000007354","1940-11","46.86","1.7217","155.0","DEOLS CHATEAUROUX AERODROME DE, FR","125.8","I","0.0",",I","18",",I","10",",I","0",",I","0",",I","6",",I","0",",I","0",",I","0",",I","19401124",",,I","19401111",",,I","19401104",",,I","-3.7",",I,24,","14.1",",,I,11,","19.2",",I,04,","636.9","I","306.2",",I","77.0",",,,I","8.13",",I","11.35",",,,I","4.90",",,,I"
"FR000007354","1940-12","46.86","1.7217","155.0","DEOLS CHATEAUROUX AERODROME DE, FR","125.8","I","0.0",",I","17",",I","8",",I","0",",I","0",",I","17",",I","6",",I","0",",I","0",",I","19401225",",,I","19401209",",,I","19401231",",,I","-11.4",",I,25,","14.0",",,I,09,","10.4",",I,31,","1171.4","I","534.5",",I","73.9",",,,I","1.09",",I","3.95",",,,I","-1.76",",,,I"
"FR000007354","1941-01","46.86","1.7217","155.0","DEOLS CHATEAUROUX AERODROME DE, FR","0.0","I","0.0","2,I","18",",I","12",",I","0",",I","0","1,I","17","1,I","14","1,I","0","1,I","0","1,I","19410114",",1,I","19410119",",,I","19410120",",1,I","-13.0","1,I,14,","18.8",",,I,19,","13.9","1,I,20,","1692.2","I","520.8","1,I","106.3",",,,I","0.42","2,I","3.44","1,,,I","-2.60","1,,,I"
"FR000007354","1941-02","46.86","1.7217","155.0","DEOLS CHATEAUROUX AERODROME DE, FR","0.0","I","0.0","2,I","21",",I","12",",I","1",",I","0","1,I","11","1,I","2","1,I","0","1,I","0","1,I","19410206",",1,I","19410202",",,I","19410227",",1,I","-9.6","1,I,06,","26.1",",,I,02,","14.8","1,I,27,","2039.3","I","347.1","1,I","107.8",",,,I","4.84","2,I","8.47","1,,,I","1.21","1,,,I"
"FR000007354","1941-03","46.86","1.7217","155.0","DEOLS CHATEAUROUX AERODROME DE, FR","0.0","I","0.0",",I","11",",I","6",",I","0",",I","0",",I","5",",I","0",",I","0",",I","0",",I","19410321","+,,I","19410330",",,I","19410315",",,I","-2.8",",I,21,+","15.6",",,I,30,","17.6",",I,15,","2361.3","I","322.0",",I","47.3",",,,I","7.95",",I","12.85",",,,I","3.04",",,,I"
"FR000007354","1941-04","46.86","1.7217","155.0","DEOLS CHATEAUROUX AERODROME DE, FR","0.0","I","0.0","2,I","11",",I","9",",I","0",",I","0","1,I","4","1,I","0","1,I","1","1,I","0","1,I","19410409",",1,I","19410425",",,I","19410423",",1,I","-1.9","1,I,09,","15.3",",,I,25,","22.1","1,I,23,","2636.3","I","275.0","1,I","72.3",",,,I","8.42","2,I","13.70","1,,,I","3.14","1,,,I"
"FR000007354","1941-05","46.86","1.7217","155.0","DEOLS CHATEAUROUX AERODROME DE, FR","0.0","I","0.0",",I","13",",I","9",",I","0",",I","0",",I","1",",I","0",",I","0",",I","0",",I","19410505",",,I","19410528",",,I","19410531",",,I","-1.0",",I,05,","19.1",",,I,28,","19.9",",I,31,","2880.0","I","243.7",",I","85.0",",,,I","10.47",",I","15.48",",,,I","5.46",",,,I"
"FR000007354","1941-06","46.86","1.7217","155.0","DEOLS CHATEAUROUX AERODROME DE, FR","38.4","I","38.4",",I","10",",I","4",",I","0",",I","0",",I","0",",I","0",",I","19",",I","2",",I","19410614",",,I","19410612",",,I","19410622",",,I","5.8",",I,14,","23.0",",,I,12,","32.6",",I,22,","2935.5","I","55.5",",I","39.3",",,,I","17.77",",I","22.92",",,,I","12.61",",,,I"
"FR000007354","1941-07","46.86","1.7217","155.0","DEOLS CHATEAUROUX AERODROME DE, FR","108.0","I","69.6",",I","12",",I","9",",I","0",",I","0",",I","0",",I","0",",I","23",",I","5",",I","19410721",",,I","19410729",",,I","19410725","+,,I","8.3",",I,21,","14.8",",,I,29,","35.0",",I,25,+","19.3","I","19.3",",I","79.1",",,,I","19.95",",I","25.80",",,,I","14.11",",,,I"
"FR000007354","1941-08","46.86","1.7217","155.0","DEOLS CHATEAUROUX AERODROME DE, FR","122.3","I","14.3",",I","19",",I","9",",I","0",",I","0",",I","0",",I","0",",I","12",",I","0",",I","19410801",",,I","19410830",",,I","19410823",",,I","8.5",",I,01,","18.8",",,I,30,","30.0",",I,23,","72.8","I","53.5",",I","94.7",",,,I","17.07",",I","21.46",",,,I","12.67",",,,I"
"FR000007354","1941-09","46.86","1.7217","155.0","DEOLS CHATEAUROUX AERODROME DE, FR","127.9","I","5.6",",I","7",",I","2",",I","0",",I","0",",I","0",",I","0",",I","19",",I","0",",I","19410917",",,I","19410906",",,I","19410905",",,I","4.2",",I,17,","6.8",",,I,06,","27.4",",I,05,","150.2","I","77.4",",I","18.5",",,,I","15.94",",I","21.97",",,,I","9.90",",,,I"
"FR000007354","1941-10","46.86","1.7217","155.0","DEOLS CHATEAUROUX AERODROME DE, FR","129.6","I","1.7",",I","9",",I","5",",I","1",",I","0",",I","2",",I","0",",I","4",",I","0",",I","19411030",",,I","19411004",",,I","19411007",",,I","-0.8",",I,30,","26.2",",,I,04,","27.0",",I,07,","381.3","I","231.1",",I","56.0",",,,I","10.93",",I","15.32",",,,I","6.55",",,,I"
"FR000007354","1941-11","46.86","1.7217","155.0","DEOLS CHATEAUROUX AERODROME DE, FR","129.6","I","0.0",",I","14",",I","7",",I","0",",I","0",",I","5",",I","0",",I","0",",I","0",",I","19411104",",,I","19411112",",,I","19411110",",,I","-6.1",",I,04,","12.9",",,I,12,","20.8",",I,10,","715.7","I","334.4",",I","56.5",",,,I","7.19",",I","10.83",",,,I","3.55",",,,I"
"FR000007354","1941-12","46.86","1.7217","155.0","DEOLS CHATEAUROUX AERODROME DE, FR","129.6","I","0.0",",I","10",",I","4",",I","0",",I","0",",I","13",",I","2",",I","0",",I","0",",I","19411230","+,,I","19411207",",,I","19411215",",,I","-9.0",",I,30,+","13.1",",,I,07,","14.8",",I,15,","1178.2","I","462.5",",I","31.0",",,,I","3.41",",I","6.29",",,,I","0.54",",,,I"
"FR000007354","1942-01","46.86","1.7217","155.0","DEOLS CHATEAUROUX AERODROME DE, FR","0.0","I","0.0","5,I","20",",I","11",",I","0",",I","2","3,I","22","3,I","7","2,I","0","2,I","0","2,I","19420123","+,3,I","19420124",",,I","19420124",",2,I","-18.8","3,I,23,+","17.2",",,I,24,","8.8","2,I,24,","1669.4","I","491.2","2,I","96.6",",,,I","-0.95","5,I","2.44","2,,,I","-4.34","3,,,I"
"FR000007354","1942-02","46.86","1.7217","155.0","DEOLS CHATEAUROUX AERODROME DE, FR","0.0","I","0.0","5,I","16",",I","5",",I","0",",I","0","2,I","23","2,I","8","3,I","0","3,I","0","3,I","19420209",",2,I","19420201",",,I","19420223",",3,I","-11.8","2,I,09,","8.2",",,I,01,","8.9","3,I,23,","2113.5","I","444.1","3,I","45.3",",,,I","-0.73","5,I","2.17","3,,,I","-3.63","2,,,I"
"FR000007354","1942-03","46.86","1.7217","155.0","DEOLS CHATEAUROUX AERODROME DE, FR","0.0","I","0.0","2,I","14",",I","9",",I","0",",I","0","1,I","5","1,I","0","1,I","0","1,I","0","1,I","19420309",",1,I","19420306",",,I","19420326",",1,I","-2.0","1,I,09,","24.1",",,I,06,","20.8","1,I,26,","2352.0","I","238.5","1,I","86.6",",,,I","9.90","2,I","14.78","1,,,I","5.02","1,,,I"
"FR000007354","1942-04","46.86","1.7217","155.0","DEOLS CHATEAUROUX AERODROME DE, FR","0.0","I","0.0",",I","12",",I","7",",I","0",",I","0",",I","0",",I","0",",I","3",",I","0",",I","19420403",",,I","19420428",",,I","19420412",",,I","0.8",",I,03,","22.9",",,I,28,","23.4",",I,12,","2551.1","I","199.1",",I","70.3",",,,I","11.70",",I","16.93",",,,I","6.46",",,,I"
"FR000007354","1942-05","46.86","1.7217","155.0","DEOLS CHATEAUROUX AERODROME DE, FR","4.3","I","4.3",",I","15",",I","12",",I","0",",I","0",",I","0",",I","0",",I","7",",I","0",",I","19420505",",,I","19420527",",,I","19420520",",,I","1.8",",I,05,","15.5",",,I,27,","31.2",",I,20,","2694.2","I","143.1",",I","89.2",",,,I","13.86",",I","19.07",",,,I","8.65",",,,I"
"FR000007354","1942-06","46.86","1.7217","155.0","DEOLS CHATEAUROUX AERODROME DE, FR","32.8","I","28.5",",I","10",",I","5",",I","2",",I","0",",I","0",",I","0",",I","20",",I","0",",I","19420618",",,I","19420611",",,I","19420606",",,I","6.4",",I,18,","36.9",",,I,11,","31.6",",I,06,","2753.5","I","59.3",",I","107.8",",,,I","17.31",",I","23.33",",,,I","11.28",",,,I"
"FR000007354","1942-07","46.86","1.7217","155.0","DEOLS CHATEAUROUX AERODROME DE, FR","58.0","I","25.2",",I","8",",I","4",",I","0",",I","0",",I","0",",I","0",",I","23",",I","0",",I","19420718",",,I","19420705",",,I","19420731",",,I","8.9",",I,18,","21.2",",,I,05,","29.8",",I,31,","37.8","I","37.8",",I","40.1",",,,I","17.92",",I","22.90",",,,I","12.95",",,,I"
"FR000007354","1942-08","46.86","1.7217","155.0","DEOLS CHATEAUROUX AERODROME DE, FR","100.9","I","42.9",",I","10",",I","7",",I","1",",I","0",",I","0",",I","0",",I","25",",I","0",",I","19420806",",,I","19420819",",,I","19420827",",,I","6.4",",I,06,","44.3",",,I,19,","31.9",",I,27,","67.4","I","29.6",",I","89.6",",,,I","18.76",",I","24.67",",,,I","12.85",",,,I"
"FR000007354","1942-09","46.86","1.7217","155.0","DEOLS CHATEAUROUX AERODROME DE, FR","120.8","I","19.9",",I","12",",I","7",",I","1",",I","0",",I","0",",I","0",",I","17",",I","0",",I","19420917",",,I","19420929",",,I","19420911",",,I","4.8",",I,17,","26.4",",,I,29,","31.9",",I,11,","148.3","I","80.9",",I","70.4",",,,I","16.30",",I","21.42",",,,I","11.18",",,,I"
"FR000007354","1942-10","46.86","1.7217","155.0","DEOLS CHATEAUROUX AERODROME DE, FR","126.4","I","5.6",",I","16",",I","7",",I","1",",I","0",",I","0",",I","0",",I","6",",I","0",",I","19421012",",,I","19421030",",,I","19421001",",,I","3.8",",I,12,","36.0",",,I,30,","27.2",",I,01,","303.2","I","154.9",",I","91.9",",,,I","13.52",",I","17.17",",,,I","9.87",",,,I"
"FR000007354","1942-11","46.86","1.7217","155.0","DEOLS CHATEAUROUX AERODROME DE, FR","126.4","I","0.0",",I","4",",I","2",",I","0",",I","0",",I","8",",I","0",",I","0",",I","0",",I","19421126",",,I","19421107",",,I","19421105",",,I","-6.7",",I,26,","2.6",",,I,07,","16.6",",I,05,","699.9","I","396.7",",I","7.8",",,,I","5.11",",I","8.14",",,,I","2.07",",,,I"
"FR000007354","1942-12","46.86","1.7217","155.0","DEOLS CHATEAUROUX AERODROME DE, FR","126.4","I","0.0","2,I","12",",I","10",",I","0",",I","0","1,I","10","1,I","0","1,I","0","1,I","0","1,I","19421229","+,1,I","19421214",",,I","19421213",",1,I","-3.0","1,I,29,+","6.4",",,I,14,","16.0","1,I,13,","1070.4","I","370.5","1,I","49.3",",,,I","5.34","2,I","8.55","1,,,I","2.12","1,,,I"
"FR000007354","1943-01","46.86","1.7217","155.0","DEOLS CHATEAUROUX AERODROME DE, FR","0.0","I","0.0","2,I","19",",I","12",",I","0",",I","0","1,I","5","1,I","0","1,I","0","1,I","0","1,I","19430109",",1,I","19430109",",,I","19430121",",1,I","-3.5","1,I,09,","13.1",",,I,09,","15.8","1,I,21,","1411.0","I","340.6","1,I","84.1",",,,I","6.54","2,I","10.25","1,,,I","2.83","1,,,I"
"FR000007354","1943-02","46.86","1.7217","155.0","DEOLS CHATEAUROUX AERODROME DE, FR","0.0","I","0.0",",I","12",",I","5",",I","0",",I","0",",I","10",",I","0",",I","0",",I","0",",I","19430222",",,I","19430215",",,I","19430223",",,I","-2.9",",I,22,","8.8",",,I,15,","18.8",",I,23,","1761.0","I","350.0",",I","36.1",",,,I","5.83",",I","9.91",",,,I","1.75",",,,I"
"FR000007354","1943-03","46.86","1.7217","155.0","DEOLS CHATEAUROUX AERODROME DE, FR","0.0","I","0.0",",I","6",",I","2",",I","0",",I","0",",I","6",",I","0",",I","2",",I","0",",I","19430301",",,I","19430324",",,I","19430323",",,I","-3.2",",I,01,","6.1",",,I,24,","21.4",",I,23,","2047.5","I","286.5",",I","15.0",",,,I","9.09",",I","15.70",",,,I","2.48",",,,I"
"FR000007354","1943-04","46.86","1.7217","155.0","DEOLS CHATEAUROUX AERODROME DE, FR","0.0","I","0.0",",I","7",",I","5",",I","0",",I","0",",I","1",",I","0",",I","7",",I","0",",I","19430409",",,I","19430422",",,I","19430418",",,I","0.0",",I,09,","9.0",",,I,22,","24.0",",I,18,","2200.7","I","153.2",",I","27.7",",,,I","13.23",",I","18.80",",,,I","7.65",",,,I"
"FR000007354","1943-05","46.86","1.7217","155.0","DEOLS CHATEAUROUX AERODROME DE, FR","20.0","I","20.0",",I","14",",I","9",",I","0",",I","0",",I","0",",I","0",",I","15",",I","0",",I","19430510",",,I","19430508",",,I","19430514",",,I","3.5",",I,10,","12.9",",,I,08,","30.5",",I,14,","2301.8","I","101.1",",I","64.5",",,,I","15.72",",I","20.92",",,,I","10.52",",,,I"
"FR000007354","1943-06","46.86","1.7217","155.0","DEOLS CHATEAUROUX AERODROME DE, FR","47.3","I","27.3",",I","8",",I","5",",I","0",",I","0",",I","0",",I","0",",I","21",",I","0",",I","19430615",",,I","19430616",",,I","19430620",",,I","8.0",",I,15,","17.0",",,I,16,","31.5",",I,20,","2340.6","I","38.8",",I","48.5",",,,I","17.95",",I","23.88",",,,I","12.02",",,,I"
"FR000007354","1943-07","46.86","1.7217","155.0","DEOLS CHATEAUROUX AERODROME DE, FR","143.8","I","96.5",",I","12",",I","6",",I","0",",I","0",",I","0",",I","0",",I","29",",I","4",",I","19430709",",,I","19430718",",,I","19430731",",,I","10.0",",I,09,","25.0",",,I,18,","35.0",",I,31,","5.6","I","5.6",",I","92.1",",,,I","21.27",",I","27.50",",,,I","15.03",",,,I"
"FR000007354","1943-08","46.86","1.7217","155.0","DEOLS CHATEAUROUX AERODROME DE, FR","205.0","I","61.2",",I","6",",I","4",",I","1",",I","0",",I","0",",I","0",",I","29",",I","3",",I","19430824","+,,I","19430803",",,I","19430818",",,I","11.0",",I,24,+","36.5",",,I,03,","36.5",",I,18,","11.8","I","6.2",",I","68.2",",,,I","20.10",",I","25.39",",,,I","14.82",",,,I"
"FR000007354","1943-09","46.86","1.7217","155.0","DEOLS CHATEAUROUX AERODROME DE, FR","223.5","I","18.5",",I","9",",I","7",",I","1",",I","0",",I","0",",I","0",",I","18",",I","0",",I","19430928",",,I","19430924",",,I","19430912",",,I","4.5",",I,28,","34.0",",,I,24,","30.0",",I,12,","80.8","I","69.0",",I","95.1",",,,I","16.65",",I","21.42",",,,I","11.88",",,,I"
"FR000007354","1943-10","46.86","1.7217","155.0","DEOLS CHATEAUROUX AERODROME DE, FR","223.5","I","0.0","2,I","11",",I","4",",I","0",",I","0","1,I","0","1,I","0","1,I","0","1,I","0","1,I","19431030",",1,I","19431025",",,I","19431020",",1,I","3.5","1,I,30,","14.6",",,I,25,","21.0","1,I,20,","237.5","I","156.7","1,I","48.4",",,,I","12.96","2,I","17.25","1,,,I","8.67","1,,,I"
"FR000007354","1943-11","46.86","1.7217","155.0","DEOLS CHATEAUROUX AERODROME DE, FR","223.5","I","0.0","1,I","14",",I","8",",I","0",",I","0","1,I","7","1,I","0","1,I","0","1,I","0","1,I","19431119",",1,I","19431123",",,I","19431104","+,1,I","-2.0","1,I,19,","18.5",",,I,23,","15.5","1,I,04,+","593.7","I","356.2","1,I","78.3",",,,I","6.05","1,I","8.48","1,,,I","3.62","1,,,I"
"FR000007354","1943-12","46.86","1.7217","155.0","DEOLS CHATEAUROUX AERODROME DE, FR","223.5","I","0.0","2,I","11",",I","3",",I","0",",I","0","1,I","11","1,I","0","1,I","0","1,I","0","1,I","19431226",",1,I","19431221",",,I","19431219",",1,I","-1.5","1,I,26,","5.7",",,I,21,","13.5","1,I,19,","1006.9","I","413.2","1,I","19.8",",,,I","4.02","2,I","6.43","1,,,I","1.60","1,,,I"
"FR000007354","1944-01","46.86","1.7217","155.0","DEOLS CHATEAUROUX AERODROME DE, FR","0.0","I","0.0","4,I","16",",I","6",",I","0",",I","0","2,I","8","2,I","0","2,I","0","2,I","0","2,I","19440107","+,2,I","19440123","+,,I","19440109",",2,I","-5.5","2,I,07,+","5.2",",,I,23,+","13.0","2,I,09,","1342.6","I","335.7","2,I","33.6",",,,I","5.78","4,I","8.60","2,,,I","2.97","2,,,I"
"FR000007354","1944-02","46.86","1.7217","155.0","DEOLS CHATEAUROUX AERODROME DE, FR","0.0","I","0.0",",I","14",",I","6",",I","0",",I","0",",I","20",",I","4",",I","0",",I","0",",I","19440224",",,I","19440228",",,I","19440203",",,I","-6.0",",I,24,","23.0",",,I,28,","11.5",",I,03,","1817.0","I","474.4",",I","66.1",",,,I","1.97",",I","4.71",",,,I","-0.76",",,,I"
"FR000007354","1944-03","46.86","1.7217","155.0","DEOLS CHATEAUROUX AERODROME DE, FR","0.0","I","0.0",",I","4",",I","1",",I","0",",I","0",",I","14",",I","0",",I","0",",I","0",",I","19440301",",,I","19440314",",,I","19440330",",,I","-5.5",",I,01,","3.2",",,I,14,","20.0",",I,30,","2212.8","I","395.8",",I","6.3",",,,I","5.56",",I","10.82",",,,I","0.31",",,,I"
"FR000007354","1944-04","46.86","1.7217","155.0","DEOLS CHATEAUROUX AERODROME DE, FR","0.0","I","0.0",",I","7",",I","3",",I","0",",I","0",",I","0",",I","0",",I","5",",I","0",",I","19440401",",,I","19440405",",,I","19440424",",,I","2.0",",I,01,","8.3",",,I,05,","25.0",",I,24,","2387.5","I","174.7",",I","22.1",",,,I","12.51",",I","18.15",",,,I","6.87",",,,I"
"FR000007354","1944-05","46.86","1.7217","155.0","DEOLS CHATEAUROUX AERODROME DE, FR","24.0","I","24.0",",I","6",",I","5",",I","0",",I","0",",I","0",",I","0",",I","17",",I","1",",I","19440508",",,I","19440521",",,I","19440529",",,I","2.0",",I,08,","13.5",",,I,21,","34.5",",I,29,","2515.1","I","127.6",",I","38.7",",,,I","14.99",",I","21.98",",,,I","8.00",",,,I"
"FR000007354","1944-06","46.86","1.7217","155.0","DEOLS CHATEAUROUX AERODROME DE, FR","42.1","I","18.1",",I","7",",I","4",",I","0",",I","0",",I","0",",I","0",",I","22",",I","0",",I","19440607",",,I","19440610",",,I","19440629",",,I","7.5",",I,07,","6.8",",,I,10,","29.0",",I,29,","2558.7","I","43.6",",I","19.7",",,,I","17.48",",I","23.07",",,,I","11.90",",,,I"
"FR000007354","1944-07","46.86","1.7217","155.0","DEOLS CHATEAUROUX AERODROME DE, FR","104.6","I","62.5",",I","12",",I","9",",I","0",",I","0",",I","0",",I","0",",I","27",",I","1",",I","19440713",",,I","19440705",",,I","19440702",",,I","10.5",",I,13,","19.8",",,I,05,","33.0",",I,02,","6.8","I","6.8",",I","82.5",",,,I","20.13",",I","25.74",",,,I","14.52",",,,I"
"FR000007354","1944-08","46.86","1.7217","155.0","DEOLS CHATEAUROUX AERODROME DE, FR","227.1","I","122.5",",I","9",",I","6",",I","1",",I","0",",I","0",",I","0",",I","30",",I","5",",I","19440825",",,I","19440821",",,I","19440815","+,,I","13.5",",I,25,","32.0",",,I,21,","34.0",",I,15,+","7.9","I","1.1",",I","80.1",",,,I","22.25",",I","28.10",",,,I","16.40",",,,I"
"FR000007354","1944-09","46.86","1.7217","155.0","DEOLS CHATEAUROUX AERODROME DE, FR","230.8","I","3.7",",I","12",",I","6",",I","1",",I","0",",I","0",",I","0",",I","10",",I","0",",I","19440929",",,I","19440907",",,I","19440915",",,I","5.0",",I,29,","35.4",",,I,07,","25.5",",I,15,","89.6","I","81.7",",I","74.4",",,,I","15.73",",I","20.25",",,,I","11.22",",,,I"
"FR000007354","1944-10","46.86","1.7217","155.0","DEOLS CHATEAUROUX AERODROME DE, FR","230.8","I","0.0","2,I","20",",I","11",",I","0",",I","0","1,I","0","1,I","0","1,I","0","1,I","0","1,I","19441003",",1,I","19441016",",,I","19441011",",1,I","1.3","1,I,03,","15.5",",,I,16,","18.6","1,I,11,","309.6","I","220.0","1,I","91.6",",,,I","10.68","2,I","13.85","1,,,I","7.52","1,,,I"
"FR000007354","1944-11","46.86","1.7217","155.0","DEOLS CHATEAUROUX AERODROME DE, FR","230.8","I","0.0","2,I","19",",I","15",",I","1",",I","0","1,I","6","1,I","0","1,I","0","1,I","0","1,I","19441128",",1,I","19441122",",,I","19441119",",1,I","-2.0","1,I,28,","28.6",",,I,22,","18.9","1,I,19,","627.0","I","317.4","1,I","143.0",",,,I","7.08","2,I","10.62","1,,,I","3.54","1,,,I"
"FR000007354","1944-12","46.86","1.7217","155.0","DEOLS CHATEAUROUX AERODROME DE, FR","230.8","I","0.0",",I","9",",I","8",",I","0",",I","0",",I","10",",I","1",",I","0",",I","0",",I","19441228",",,I","19441205",",,I","19441218","+,,I","-9.0",",I,28,","21.8",",,I,05,","12.8",",I,18,+","1085.6","I","458.6",",I","80.7",",,,I","3.54",",I","6.49",",,,I","0.59",",,,I"
"FR000007354","1945-01","46.86","1.7217","155.0","DEOLS CHATEAUROUX AERODROME DE, FR","0.0","I","0.0","2,I","17",",I","9",",I","0",",I","0","1,I","27","1,I","10","1,I","0","1,I","0","1,I","19450116",",1,I","19450125",",,I","19450131",",1,I","-14.9","1,I,16,","12.1",",,I,25,","8.6","1,I,31,","1685.6","I","600.0","1,I","59.9",",,,I","-2.35","2,I","0.57","1,,,I","-5.26","1,,,I"
"FR000007354","1945-02","46.86","1.7217","155.0","DEOLS CHATEAUROUX AERODROME DE, FR","0.0","I","0.0",",I","11",",I","6",",I","0",",I","0",",I","6",",I","0",",I","0",",I","0",",I","19450224",",,I","19450211",",,I","19450215","+,,I","-2.7",",I,24,","13.5",",,I,11,","13.0",",I,15,+","1993.2","I","307.6",",I","42.6",",,,I","7.35",",I","10.93",",,,I","3.76",",,,I"
"FR000007354","1945-03","46.86","1.7217","155.0","DEOLS CHATEAUROUX AERODROME DE, FR","0.0","I","0.0",",I","5",",I","3",",I","0",",I","0",",I","8",",I","0",",I","2",",I","0",",I","19450319",",,I","19450328",",,I","19450323",",,I","-3.2",",I,19,","7.8",",,I,28,","23.2",",I,23,","2304.7","I","311.5",",I","19.4",",,,I","8.29",",I","13.94",",,,I","2.63",",,,I"
"FR000007354","1945-04","46.86","1.7217","155.0","DEOLS CHATEAUROUX AERODROME DE, FR","0.4","I","0.4",",I","6",",I","2",",I","0",",I","0",",I","1",",I","0",",I","11",",I","0",",I","19450430",",,I","19450426",",,I","19450418","+,,I","-0.3",",I,30,","4.6",",,I,26,","28.0",",I,18,+","2483.2","I","178.5",",I","12.5",",,,I","12.40",",I","18.79",",,,I","6.01",",,,I"
"FR000007354","1945-05","46.86","1.7217","155.0","DEOLS CHATEAUROUX AERODROME DE, FR","19.6","I","19.2",",I","14",",I","9",",I","0",",I","0",",I","1",",I","0",",I","16",",I","0",",I","19450503",",,I","19450520",",,I","19450516",",,I","-0.6",",I,03,","15.3",",,I,20,","31.4",",I,16,","2596.1","I","112.9",",I","72.9",",,,I","15.31",",I","21.20",",,,I","9.42",",,,I"
"FR000007354","1945-06","46.86","1.7217","155.0","DEOLS CHATEAUROUX AERODROME DE, FR","58.0","I","38.4",",I","5",",I","3",",I","0",",I","0",",I","0",",I","0",",I","26",",I","2",",I","19450614",",,I","19450607",",,I","19450623",",,I","5.4",",I,14,","8.6",",,I,07,","32.5",",I,23,","2634.4","I","38.3",",I","17.4",",,,I","18.34",",I","25.13",",,,I","11.54",",,,I"
"FR000007354","1945-07","46.86","1.7217","155.0","DEOLS CHATEAUROUX AERODROME DE, FR","130.1","I","72.1",",I","3",",I","1",",I","0",",I","0",",I","0",",I","0",",I","29",",I","5",",I","19450704",",,I","19450709",",,I","19450718",",,I","6.7",",I,04,","7.9",",,I,09,","36.6",",I,18,","16.2","I","16.2",",I","10.1",",,,I","20.14",",I","27.22",",,,I","13.06",",,,I"
"FR000007354","1945-08","46.86","1.7217","155.0","DEOLS CHATEAUROUX AERODROME DE, FR","168.5","I","38.4",",I","8",",I","3",",I","1",",I","0",",I","0",",I","0",",I","28",",I","1",",I","19450817",",,I","19450829",",,I","19450827",",,I","7.7",",I,17,","66.1",",,I,29,","35.2",",I,27,","31.7","I","15.5",",I","83.5",",,,I","19.07",",I","25.41",",,,I","12.74",",,,I"
"FR000007354","1945-09","46.86","1.7217","155.0","DEOLS CHATEAUROUX AERODROME DE, FR","186.5","I","18.0",",I","7",",I","4",",I","0",",I","0",",I","0",",I","0",",I","19",",I","1",",I","19450930",",,I","19450924",",,I","19450917",",,I","4.0",",I,30,","16.0",",,I,24,","34.4",",I,17,","86.9","I","55.2",",I","35.4",",,,I","17.09",",I","22.16",",,,I","12.02",",,,I"
"FR000007354","1945-10","46.86","1.7217","155.0","DEOLS CHATEAUROUX AERODROME DE, FR","186.5","I","0.0",",I","5",",I","3",",I","1",",I","0",",I","1",",I","0",",I","10",",I","0",",I","19451006",",,I","19451028",",,I","19451010",",,I","-0.9",",I,06,","33.0",",,I,28,","25.4",",I,10,","272.2","I","185.3",",I","55.7",",,,I","12.35",",I","18.09",",,,I","6.62",",,,I"
"FR000007354","1945-11","46.86","1.7217","155.0","DEOLS CHATEAUROUX AERODROME DE, FR","186.5","I","0.0",",I","6",",I","4",",I","0",",I","0",",I","10",",I","0",",I","0",",I","0",",I","19451130",",,I","19451112",",,I","19451121","+,,I","-3.2",",I,30,","8.1",",,I,12,","18.0",",I,21,+","628.6","I","356.4",",I","23.1",",,,I","6.45",",I","10.73",",,,I","2.17",",,,I"
"FR000007354","1945-12","46.86","1.7217","155.0","DEOLS CHATEAUROUX AERODROME DE, FR","186.5","I","0.0","2,I","15",",I","11",",I","0",",I","0","1,I","12","1,I","3","1,I","0","1,I","0","1,I","19451209",",1,I","19451228",",,I","19451202",",1,I","-10.5","1,I,09,","13.0",",,I,28,","16.6","1,I,02,","1031.4","I","402.8","1,I","69.6",",,,I","4.63","2,I","8.28","1,,,I","0.98","1,,,I"
"FR000007354","1946-01","46.86","1.7217","155.0","DEOLS CHATEAUROUX AERODROME DE, FR","0.0","I","0.0","2,I","8",",I","4",",I","0",",I","0","1,I","23","1,I","2","1,I","0","1,I","0","1,I","19460107",",1,I","19460129",",,I","19460111",",1,I","-11.0","1,I,07,","6.3",",,I,29,","14.5","1,I,11,","1542.6","I","511.2","1,I","21.0",",,,I","0.90","2,I","4.83","1,,,I","-3.03","1,,,I"
"FR000007354","1946-02","46.86","1.7217","155.0","DEOLS CHATEAUROUX AERODROME DE, FR","0.0","I","0.0",",I","16",",I","9",",I","0",",I","0",",I","5",",I","0",",I","0",",I","0",",I","19460222",",,I","19460201",",,I","19460226",",,I","-4.0",",I,22,","9.8",",,I,01,","13.7",",I,26,","1870.4","I","327.8",",I","72.1",",,,I","6.63",",I","9.60",",,,I","3.65",",,,I"
"FR000007354","1946-03","46.86","1.7217","155.0","DEOLS CHATEAUROUX AERODROME DE, FR","0.0","I","0.0",",I","11",",I","7",",I","1",",I","0",",I","14",",I","1",",I","4",",I","0",",I","19460302",",,I","19460313",",,I","19460328",",,I","-4.1",",I,02,","31.9",",,I,13,","22.9",",I,28,","2223.2","I","352.8",",I","63.0",",,,I","6.95",",I","11.77",",,,I","2.13",",,,I"
"FR000007354","1946-04","46.86","1.7217","155.0","DEOLS CHATEAUROUX AERODROME DE, FR","0.0","I","0.0",",I","7",",I","3",",I","0",",I","0",",I","1",",I","0",",I","8",",I","0",",I","19460424",",,I","19460404",",,I","19460403",",,I","-0.8",",I,24,","9.7",",,I,04,","25.0",",I,03,","2430.4","I","207.2",",I","24.0",",,,I","11.43",",I","18.32",",,,I","4.53",",,,I"
"FR000007354","1946-05","46.86","1.7217","155.0","DEOLS CHATEAUROUX AERODROME DE, FR","0.0","I","0.0",",I","23",",I","15",",I","0",",I","0",",I","0",",I","0",",I","5",",I","0",",I","19460517","+,,I","19460528",",,I","19460510",",,I","4.2",",I,17,+","22.6",",,I,28,","22.4",",I,10,","2588.3","I","157.9",",I","130.5",",,,I","13.24",",I","17.96",",,,I","8.52",",,,I"
"FR000007354","1946-06","46.86","1.7217","155.0","DEOLS CHATEAUROUX AERODROME DE, FR","10.9","I","10.9",",I","14",",I","9",",I","0",",I","0",",I","0",",I","0",",I","11",",I","0",",I","19460615",",,I","19460625",",,I","19460630",",,I","5.5",",I,15,","9.0",",,I,25,","29.1",",I,30,","2676.3","I","88.0",",I","50.9",",,,I","15.77",",I","21.10",",,,I","10.43",",,,I"
"FR000007354","1946-07","46.86","1.7217","155.0","DEOLS CHATEAUROUX AERODROME DE, FR","74.0","I","63.1",",I","8",",I","1",",I","0",",I","0",",I","0",",I","0",",I","25",",I","4",",I","19460708",",,I","19460704",",,I","19460703",",,I","9.0",",I,08,","16.6",",,I,04,","35.1",",I,03,","30.0","I","30.0",",I","22.5",",,,I","19.40",",I","25.56",",,,I","13.24",",,,I"
"FR000007354","1946-08","46.86","1.7217","155.0","DEOLS CHATEAUROUX AERODROME DE, FR","97.1","I","23.1",",I","13",",I","5",",I","0",",I","0",",I","0",",I","0",",I","20",",I","2",",I","19460822",",,I","19460828",",,I","19460804",",,I","4.8",",I,22,","18.5",",,I,28,","33.9",",I,04,","80.6","I","50.6",",I","46.2",",,,I","17.45",",I","23.30",",,,I","11.59",",,,I"
"FR000007354","1946-09","46.86","1.7217","155.0","DEOLS CHATEAUROUX AERODROME DE, FR","103.2","I","6.1",",I","9",",I","8",",I","0",",I","0",",I","0",",I","0",",I","19",",I","0",",I","19460922",",,I","19460908",",,I","19460928",",,I","5.4",",I,22,","11.8",",,I,08,","29.6",",I,28,","141.6","I","61.0",",I","47.3",",,,I","16.50",",I","22.06",",,,I","10.95",",,,I"
"FR000007354","1946-10","46.86","1.7217","155.0","DEOLS CHATEAUROUX AERODROME DE, FR","107.7","I","4.5",",I","6",",I","5",",I","0",",I","0",",I","5",",I","0",",I","5",",I","0",",I","19461012",",,I","19461021",",,I","19461003",",,I","-2.0",",I,12,","11.7",",,I,21,","28.9",",I,03,","363.0","I","221.4",",I","29.5",",,,I","11.34",",I","16.66",",,,I","6.01",",,,I"
"FR000007354","1946-11","46.86","1.7217","155.0","DEOLS CHATEAUROUX AERODROME DE, FR","107.7","I","0.0",",I","16",",I","6",",I","0",",I","0",",I","9",",I","0",",I","0",",I","0",",I","19461113",",,I","19461130",",,I","19461104",",,I","-5.2",",I,13,","6.5",",,I,30,","18.4",",I,04,","698.2","I","335.2",",I","44.1",",,,I","7.16",",I","11.09",",,,I","3.22",",,,I"
"FR000007354","1946-12","46.86","1.7217","155.0","DEOLS CHATEAUROUX AERODROME DE, FR","107.7","I","0.0","2,I","17",",I","11",",I","0",",I","0","1,I","14","1,I","6","1,I","0","1,I","0","1,I","19461220",",1,I","19461202",",,I","19461202",",1,I","-15.2","1,I,20,","14.8",",,I,02,","12.3","1,I,02,","1184.9","I","486.7","1,I","69.6",",,,I","1.42","2,I","4.74","1,,,I","-1.90","1,,,I"
"FR000007354","1947-01","46.86","1.7217","155.0","DEOLS CHATEAUROUX AERODROME DE, FR","0.0","I","0.0",",I","13",",I","5",",I","0",",I","0",",I","20",",I","6",",I","0",",I","0",",I","19470128",",,I","19470111",",,I","19470116",",,I","-15.1",",I,28,","15.5",",,I,11,","18.3",",I,16,","1700.3","I","515.4",",I","42.1",",,,I","1.71",",I","5.75",",,,I","-2.33",",,,I"
"FR000007354","1947-02","46.86","1.7217","155.0","DEOLS CHATEAUROUX AERODROME DE, FR","0.0","I","0.0",",I","14",",I","7",",I","0",",I","0",",I","18",",I","2",",I","0",",I","0",",I","19470226",",,I","19470220",",,I","19470221","+,,I","-7.5",",I,26,","14.4",",,I,20,","13.0",",I,21,+","2148.2","I","447.9",",I","73.6",",,,I","2.34",",I","6.06",",,,I","-1.39",",,,I"
"FR000007354","1947-03","46.86","1.7217","155.0","DEOLS CHATEAUROUX AERODROME DE, FR","0.0","I","0.0",",I","21",",I","10",",I","0",",I","0",",I","9",",I","0",",I","2",",I","0",",I","19470302",",,I","19470304",",,I","19470317",",,I","-5.7",",I,02,","12.8",",,I,04,","23.2",",I,17,","2442.2","I","294.0",",I","84.8",",,,I","8.85",",I","13.67",",,,I","4.03",",,,I"
"FR000007354","1947-04","46.86","1.7217","155.0","DEOLS CHATEAUROUX AERODROME DE, FR","1.1","I","1.1",",I","9",",I","4",",I","0",",I","0",",I","0",",I","0",",I","9",",I","0",",I","19470411","+,,I","19470404",",,I","19470425",",,I","0.4",",I,11,+","14.7",",,I,04,","29.0",",I,25,","2614.3","I","172.1",",I","37.2",",,,I","12.63",",I","18.60",",,,I","6.66",",,,I"
"FR000007354","1947-05","46.86","1.7217","155.0","DEOLS CHATEAUROUX AERODROME DE, FR","30.1","I","29.0",",I","12",",I","7",",I","0",",I","0",",I","0",",I","0",",I","17",",I","0",",I","19470505",",,I","19470502",",,I","19470531",",,I","3.4",",I,05,","21.5",",,I,02,","31.0",",I,31,","2711.8","I","97.5",",I","63.1",",,,I","16.12",",I","21.87",",,,I","10.37",",,,I"
"FR000007354","1947-06","46.86","1.7217","155.0","DEOLS CHATEAUROUX AERODROME DE, FR","86.8","I","56.7",",I","7",",I","4",",I","0",",I","0",",I","0",",I","0",",I","23",",I","4",",I","19470623",",,I","19470614",",,I","19470626",",,I","7.6",",I,23,","15.5",",,I,14,","37.7",",I,26,","2751.6","I","39.8",",I","35.0",",,,I","18.89",",I","25.12",",,,I","12.67",",,,I"
"FR000007354","1947-07","46.86","1.7217","155.0","DEOLS CHATEAUROUX AERODROME DE, FR","201.0","I","114.2",",I","6",",I","1",",I","0",",I","0",",I","0",",I","0",",I","28",",I","11",",I","19470713",",,I","19470710",",,I","19470728",",,I","10.0",",I,13,","8.5",",,I,10,","40.2",",I,28,","12.1","I","12.1",",I","15.0",",,,I","21.63",",I","28.60",",,,I","14.66",",,,I"
"FR000007354","1947-08","46.86","1.7217","155.0","DEOLS CHATEAUROUX AERODROME DE, FR","322.6","I","121.6",",I","10",",I","5",",I","0",",I","0",",I","0",",I","0",",I","31",",I","8",",I","19470831",",,I","19470822",",,I","19470801",",,I","10.9",",I,31,","14.0",",,I,22,","39.2",",I,01,","12.1","I","0.0",",I","34.6",",,,I","22.26",",I","29.10",",,,I","15.41",",,,I"
"FR000007354","1947-09","46.86","1.7217","155.0","DEOLS CHATEAUROUX AERODROME DE, FR","388.8","I","66.2",",I","6",",I","2",",I","0",",I","0",",I","0",",I","0",",I","24",",I","5",",I","19470924",",,I","19470901",",,I","19470913",",,I","4.6",",I,24,","15.7",",,I,01,","34.0",",I,13,","56.4","I","44.3",",I","34.4",",,,I","19.06",",I","25.20",",,,I","12.92",",,,I"
"FR000007354","1947-10","46.86","1.7217","155.0","DEOLS CHATEAUROUX AERODROME DE, FR","390.2","I","1.4",",I","4",",I","3",",I","0",",I","0",",I","3",",I","0",",I","13",",I","0",",I","19471029",",,I","19471031",",,I","19471005",",,I","-4.9",",I,29,","9.0",",,I,31,","27.6",",I,05,","230.1","I","173.7",",I","19.7",",,,I","12.77",",I","19.32",",,,I","6.23",",,,I"
"FR000007354","1947-11","46.86","1.7217","155.0","DEOLS CHATEAUROUX AERODROME DE, FR","390.2","I","0.0",",I","13",",I","7",",I","0",",I","0",",I","6",",I","0",",I","0",",I","0",",I","19471130",",,I","19471115",",,I","19471121",",,I","-3.1",",I,30,","12.1",",,I,15,","20.4",",I,21,","509.1","I","279.0",",I","52.8",",,,I","9.03",",I","12.53",",,,I","5.54",",,,I"
"FR000007354","1947-12","46.86","1.7217","155.0","DEOLS CHATEAUROUX AERODROME DE, FR","390.2","I","0.0","2,I","14",",I","9",",I","1",",I","0","1,I","11","1,I","0","1,I","0","1,I","0","1,I","19471219",",1,I","19471228",",,I","19471228",",1,I","-4.8","1,I,19,","43.8",",,I,28,","14.1","1,I,28,","904.8","I","395.7","1,I","79.5",",,,I","4.54","2,I","7.35","1,,,I","1.73","1,,,I"
"FR000007354","1948-01","46.86","1.7217","155.0","DEOLS CHATEAUROUX AERODROME DE, FR","0.0","I","0.0",",I","22",",I","13",",I","0",",I","0",",I","6",",I","0",",I","0",",I","0",",I","19480121",",,I","19480114",",,I","19480104",",,I","-0.8",",I,21,","16.7",",,I,14,","16.4",",I,04,","1261.0","I","356.2",",I","88.9",",,,I","6.84",",I","10.36",",,,I","3.33",",,,I"
"FR000007354","1948-02","46.86","1.7217","155.0","DEOLS CHATEAUROUX AERODROME DE, FR","0.0","I","0.0",",I","8",",I","3",",I","0",",I","0",",I","11",",I","4",",I","0",",I","0",",I","19480223",",,I","19480203",",,I","19480203",",,I","-13.6",",I,23,","6.7",",,I,03,","17.6",",I,03,","1655.7","I","394.7",",I","18.8",",,,I","4.72",",I","8.84",",,,I","0.61",",,,I"
"FR000007354","1948-03","46.86","1.7217","155.0","DEOLS CHATEAUROUX AERODROME DE, FR","0.0","I","0.0",",I","6",",I","3",",I","0",",I","0",",I","3",",I","0",",I","6",",I","0",",I","19480319",",,I","19480316",",,I","19480314",",,I","-1.2",",I,19,","8.0",",,I,16,","23.0",",I,14,","1891.5","I","235.8",",I","22.7",",,,I","10.73",",I","17.32",",,,I","4.14",",,,I"
"FR000007354","1948-04","46.86","1.7217","155.0","DEOLS CHATEAUROUX AERODROME DE, FR","0.0","I","0.0",",I","17",",I","11",",I","0",",I","0",",I","0",",I","0",",I","3",",I","0",",I","19480410",",,I","19480404",",,I","19480428",",,I","0.4",",I,10,","14.6",",,I,04,","21.7",",I,28,","2104.6","I","213.1",",I","70.6",",,,I","11.23",",I","16.25",",,,I","6.21",",,,I"
"FR000007354","1948-05","46.86","1.7217","155.0","DEOLS CHATEAUROUX AERODROME DE, FR","5.2","I","5.2",",I","15",",I","8",",I","0",",I","0",",I","0",",I","0",",I","11",",I","0",",I","19480504",",,I","19480527",",,I","19480516",",,I","1.0",",I,04,","25.3",",,I,27,","27.2",",I,16,","2229.6","I","125.0",",I","76.2",",,,I","14.47",",I","19.64",",,,I","9.29",",,,I"
"FR000007354","1948-06","46.86","1.7217","155.0","DEOLS CHATEAUROUX AERODROME DE, FR","20.1","I","14.9",",I","11",",I","7",",I","1",",I","0",",I","0",",I","0",",I","14",",I","0",",I","19480605",",,I","19480609",",,I","19480609",",,I","6.2",",I,05,","37.6",",,I,09,","30.9",",I,09,","2309.1","I","79.5",",I","91.4",",,,I","16.18",",I","20.70",",,,I","11.66",",,,I"
"FR000007354","1948-07","46.86","1.7217","155.0","DEOLS CHATEAUROUX AERODROME DE, FR","62.0","I","41.9",",I","9",",I","4",",I","0",",I","0",",I","0",",I","0",",I","15",",I","3",",I","19480710",",,I","19480717",",,I","19480728",",,I","4.0",",I,10,","5.4",",,I,17,","32.9",",I,28,","69.6","I","69.6",",I","23.2",",,,I","17.44",",I","22.85",",,,I","12.03",",,,I"
"FR000007354","1948-08","46.86","1.7217","155.0","DEOLS CHATEAUROUX AERODROME DE, FR","95.4","I","33.4",",I","16",",I","7",",I","0",",I","0",",I","0",",I","0",",I","24",",I","0",",I","19480830",",,I","19480807",",,I","19480801",",,I","8.1",",I,30,","16.5",",,I,07,","31.0",",I,01,","98.0","I","28.4",",I","84.0",",,,I","18.49",",I","23.50",",,,I","13.49",",,,I"
"FR000007354","1948-09","46.86","1.7217","155.0","DEOLS CHATEAUROUX AERODROME DE, FR","103.5","I","8.1",",I","6",",I","5",",I","0",",I","0",",I","0",",I","0",",I","14",",I","0",",I","19480922",",,I","19480905",",,I","19480928",",,I","2.8",",I,22,","6.7",",,I,05,","28.8",",I,28,","184.4","I","86.4",",I","23.3",",,,I","15.72",",I","21.27",",,,I","10.18",",,,I"
"FR000007354","1948-10","46.86","1.7217","155.0","DEOLS CHATEAUROUX AERODROME DE, FR","103.5","I","0.0","3,I","7",",I","2",",I","0",",I","0","1,I","2","1,I","0","2,I","5","2,I","0","2,I","19481028",",1,I","19481017",",,I","19481003",",2,I","-3.4","1,I,28,","6.8",",,I,17,","27.3","2,I,03,","370.1","I","185.7","2,I","16.1",",,,I","11.53","3,I","17.93","2,,,I","5.13","1,,,I"
"FR000007354","1948-11","46.86","1.7217","155.0","DEOLS CHATEAUROUX AERODROME DE, FR","103.5","I","0.0","5,I","11",",I","6",",I","0",",I","0","3,I","8","3,I","0","2,I","2","2,I","0","2,I","19481128",",3,I","19481107",",,I","19481114",",2,I","-6.7","3,I,28,","9.0",",,I,07,","22.3","2,I,14,","648.5","I","278.4","2,I","36.6",",,,I","7.27","5,I","12.67","2,,,I","1.86","3,,,I"
"FR000007354","1948-12","46.86","1.7217","155.0","DEOLS CHATEAUROUX AERODROME DE, FR","103.5","I","0.0","2,I","15",",I","5",",I","0",",I","0","1,I","16","1,I","1","1,I","0","1,I","0","1,I","19481225",",1,I","19481211",",,I","19481214",",1,I","-7.8","1,I,25,","11.2",",,I,11,","18.2","1,I,14,","1040.3","I","391.8","1,I","48.5",",,,I","4.88","2,I","9.40","1,,,I","0.36","1,,,I"
"FR000007354","1949-01","46.86","1.7217","155.0","DEOLS CHATEAUROUX AERODROME DE, FR","0.0","I","0.0",",I","10",",I","3",",I","0",",I","0",",I","13",",I","0",",I","0",",I","0",",I","19490130",",,I","19490114",",,I","19490126",",,I","-6.0",",I,30,","12.3",",,I,14,","13.8",",I,26,","1461.7","I","421.4",",I","31.2",",,,I","4.74",",I","8.32",",,,I","1.15",",,,I"
"FR000007354","1949-02","46.86","1.7217","155.0","DEOLS CHATEAUROUX AERODROME DE, FR","0.0","I","0.0",",I","6",",I","1",",I","0",",I","0",",I","19",",I","0",",I","0",",I","0",",I","19490204",",,I","19490212",",,I","19490218",",,I","-8.2",",I,04,","3.8",",,I,12,","18.0",",I,18,","1840.2","I","378.5",",I","10.8",",,,I","4.81",",I","10.75",",,,I","-1.12",",,,I"
"FR000007354","1949-03","46.86","1.7217","155.0","DEOLS CHATEAUROUX AERODROME DE, FR","0.0","I","0.0",",I","7",",I","4",",I","0",",I","0",",I","12",",I","0",",I","4",",I","0",",I","19490303",",,I","19490304",",,I","19490330",",,I","-7.6",",I,03,","9.7",",,I,04,","22.2",",I,30,","2200.9","I","360.7",",I","29.7",",,,I","6.70",",I","12.13",",,,I","1.26",",,,I"
"FR000007354","1949-04","46.86","1.7217","155.0","DEOLS CHATEAUROUX AERODROME DE, FR","2.3","I","2.3",",I","8",",I","5",",I","0",",I","0",",I","2",",I","0",",I","13",",I","0",",I","19490409",",,I","19490406",",,I","19490415",",,I","-1.5",",I,09,","8.6",",,I,06,","29.1",",I,15,","2361.1","I","160.2",",I","30.3",",,,I","13.07",",I","19.71",",,,I","6.43",",,,I"
"FR000007354","1949-05","46.86","1.7217","155.0","DEOLS CHATEAUROUX AERODROME DE, FR","2.3","I","0.0",",I","12",",I","5",",I","0",",I","0",",I","0",",I","0",",I","4",",I","0",",I","19490510",",,I","19490505",",,I","19490528",",,I","1.8",",I,10,","8.8",",,I,05,","28.0",",I,28,","2537.3","I","176.2",",I","41.6",",,,I","12.65",",I","18.02",",,,I","7.28",",,,I"
"FR000007354","1949-06","46.86","1.7217","155.0","DEOLS CHATEAUROUX AERODROME DE, FR","18.2","I","15.9",",I","8",",I","4",",I","1",",I","0",",I","0",",I","0",",I","21",",I","0",",I","19490602",",,I","19490608",",,I","19490629",",,I","3.9",",I,02,","30.0",",,I,08,","30.8",",I,29,","2590.5","I","53.2",",I","70.7",",,,I","17.09",",I","23.62",",,,I","10.56",",,,I"
"FR000007354","1949-07","46.86","1.7217","155.0","DEOLS CHATEAUROUX AERODROME DE, FR","113.7","I","95.5",",I","3",",I","2",",I","0",",I","0",",I","0",",I","0",",I","31",",I","6",",I","19490721","+,,I","19490718",",,I","19490712",",,I","9.5",",I,21,+","19.3",",,I,18,","37.2",",I,12,","1.5","I","1.5",",I","22.8",",,,I","21.36",",I","29.07",",,,I","13.65",",,,I"
"FR000007354","1949-08","46.86","1.7217","155.0","DEOLS CHATEAUROUX AERODROME DE, FR","183.5","I","69.8",",I","6",",I","4",",I","1",",I","0",",I","0",",I","0",",I","31",",I","4",",I","19490813",",,I","19490826",",,I","19490807",",,I","8.6",",I,13,","35.6",",,I,26,","33.7",",I,07,","10.5","I","9.0",",I","52.9",",,,I","20.30",",I","27.18",",,,I","13.41",",,,I"
"FR000007354","1949-09","46.86","1.7217","155.0","DEOLS CHATEAUROUX AERODROME DE, FR","239.2","I","55.7",",I","11",",I","9",",I","2",",I","0",",I","0",",I","0",",I","25",",I","1",",I","19490910",",,I","19490923",",,I","19490904",",,I","11.4",",I,10,","45.6",",,I,23,","34.0",",I,04,","14.8","I","4.3",",I","161.3",",,,I","20.04",",I","25.00",",,,I","15.09",",,,I"
"FR000007354","1949-10","46.86","1.7217","155.0","DEOLS CHATEAUROUX AERODROME DE, FR","241.2","I","2.0",",I","10",",I","6",",I","0",",I","0",",I","4",",I","0",",I","12",",I","0",",I","19491030",",,I","19491021",",,I","19491014",",,I","-4.0",",I,30,","6.8",",,I,21,","25.2",",I,14,","146.0","I","131.2",",I","39.1",",,,I","14.16",",I","18.76",",,,I","9.57",",,,I"
"FR000007354","1949-11","46.86","1.7217","155.0","DEOLS CHATEAUROUX AERODROME DE, FR","241.2","I","0.0","2,I","17",",I","12",",I","0",",I","0","1,I","6","1,I","0","1,I","0","1,I","0","1,I","19491103",",1,I","19491106",",,I","19491111",",1,I","-5.0","1,I,03,","22.4",",,I,06,","15.8","1,I,11,","486.3","I","340.3","1,I","96.2",",,,I","6.30","2,I","9.64","1,,,I","2.96","1,,,I"
"FR000007354","1949-12","46.86","1.7217","155.0","DEOLS CHATEAUROUX AERODROME DE, FR","241.2","I","0.0","2,I","12",",I","7",",I","0",",I","0","1,I","9","1,I","0","1,I","0","1,I","0","1,I","19491214",",1,I","19491208",",,I","19491207",",1,I","-5.0","1,I,14,","11.6",",,I,08,","14.2","1,I,07,","881.8","I","395.5","1,I","44.6",",,,I","4.80","2,I","7.82","1,,,I","1.78","1,,,I"
"FR000007354","1950-01","46.86","1.7217","155.0","DEOLS CHATEAUROUX AERODROME DE, FR","0.0","I","0.0",",I","8",",I","2",",I","0",",I","0",",I","16",",I","4",",I","0",",I","0",",I","19500121",",,I","19500116",",,I","19500109",",,I","-8.2",",I,21,","3.5",",,I,16,","14.0",",I,09,","1367.4","I","485.6",",I","14.2",",,,I","2.67",",I","5.76",",,,I","-0.42",",,,I"
"FR000007354","1950-02","46.86","1.7217","155.0","DEOLS CHATEAUROUX AERODROME DE, FR","0.0","I","0.0","2,I","17",",I","9",",I","0",",I","0","1,I","4","1,I","0","1,I","0","1,I","0","1,I","19500228",",1,I","19500206",",,I","19500218","+,1,I","-6.0","1,I,28,","14.7",",,I,06,","20.0","1,I,18,+","1648.8","I","281.4","1,I","77.4",",,,I","7.43","2,I","11.74","1,,,I","3.12","1,,,I"
"FR000007354","1950-03","46.86","1.7217","155.0","DEOLS CHATEAUROUX AERODROME DE, FR","0.0","I","0.0",",I","4",",I","3",",I","0",",I","0",",I","6",",I","0",",I","0",",I","0",",I","19500303",",,I","19500317",",,I","19500318",",,I","-5.0",",I,03,","5.0",",,I,17,","20.4",",I,18,","1967.2","I","318.4",",I","12.4",",,,I","8.06",",I","13.79",",,,I","2.33",",,,I"
"FR000007354","1950-04","46.86","1.7217","155.0","DEOLS CHATEAUROUX AERODROME DE, FR","0.0","I","0.0",",I","17",",I","10",",I","0",",I","0",",I","0",",I","0",",I","3",",I","0",",I","19500425","+,,I","19500411",",,I","19500430",",,I","0.4",",I,25,+","15.2",",,I,11,","23.3",",I,30,","2250.3","I","283.1",",I","78.0",",,,I","8.90",",I","13.48",",,,I","4.32",",,,I"
"FR000007354","1950-05","46.86","1.7217","155.0","DEOLS CHATEAUROUX AERODROME DE, FR","3.9","I","3.9",",I","15",",I","7",",I","0",",I","0",",I","0",",I","0",",I","16",",I","0",",I","19500506",",,I","19500521",",,I","19500520",",,I","1.6",",I,06,","20.5",",,I,21,","27.3",",I,20,","2354.4","I","104.1",",I","84.9",",,,I","15.10",",I","21.17",",,,I","9.03",",,,I"
"FR000007354","1950-06","46.86","1.7217","155.0","DEOLS CHATEAUROUX AERODROME DE, FR","66.3","I","62.4",",I","11",",I","5",",I","1",",I","0",",I","0",",I","0",",I","26",",I","1",",I","19500622",",,I","19500606",",,I","19500629",",,I","9.1",",I,22,","33.0",",,I,06,","33.2",",I,29,","2370.2","I","15.8",",I","66.9",",,,I","19.89",",I","26.00",",,,I","13.78",",,,I"
"FR000007354","1950-07","46.86","1.7217","155.0","DEOLS CHATEAUROUX AERODROME DE, FR","145.7","I","79.4",",I","8",",I","6",",I","0",",I","0",",I","0",",I","0",",I","31",",I","2",",I","19500718",",,I","19500704",",,I","19500709",",,I","10.0",",I,18,","7.8",",,I,04,","36.4",",I,09,","3.2","I","3.2",",I","36.7",",,,I","20.79",",I","27.22",",,,I","14.36",",,,I"
"FR000007354","1950-08","46.86","1.7217","155.0","DEOLS CHATEAUROUX AERODROME DE, FR","186.4","I","40.7",",I","13",",I","8",",I","0",",I","0",",I","0",",I","0",",I","26",",I","1",",I","19500804",",,I","19500810",",,I","19500822",",,I","8.8",",I,04,","8.6",",,I,10,","33.0",",I,22,","21.7","I","18.5",",I","53.0",",,,I","19.05",",I","24.85",",,,I","13.24",",,,I"
"FR000007354","1950-09","46.86","1.7217","155.0","DEOLS CHATEAUROUX AERODROME DE, FR","191.7","I","5.3",",I","15",",I","6",",I","0",",I","0",",I","0",",I","0",",I","12",",I","0",",I","19500928",",,I","19500915",",,I","19500911",",,I","3.9",",I,28,","10.3",",,I,15,","29.2",",I,11,","117.8","I","96.1",",I","45.5",",,,I","15.31",",I","20.00",",,,I","10.61",",,,I"
"FR000007354","1950-10","46.86","1.7217","155.0","DEOLS CHATEAUROUX AERODROME DE, FR","191.7","I","0.0","2,I","11",",I","6",",I","0",",I","0","1,I","3","1,I","0","1,I","4","1,I","0","1,I","19501029",",1,I","19501023",",,I","19501006","+,1,I","-4.0","1,I,29,","9.2",",,I,23,","24.0","1,I,06,+","309.9","I","192.1","1,I","37.7",",,,I","11.64","2,I","15.98","1,,,I","7.29","1,,,I"
"FR000007354","1950-11","46.86","1.7217","155.0","DEOLS CHATEAUROUX AERODROME DE, FR","191.7","I","0.0",",I","22",",I","14",",I","0",",I","0",",I","3",",I","0",",I","0",",I","0",",I","19501108",",,I","19501125",",,I","19501110",",,I","-2.8",",I,08,","23.7",",,I,25,","20.4",",I,10,","603.9","I","294.0",",I","155.2",",,,I","8.53",",I","11.78",",,,I","5.29",",,,I"
"FR000007354","1950-12","46.86","1.7217","155.0","DEOLS CHATEAUROUX AERODROME DE, FR","191.7","I","0.0",",I","18",",I","8",",I","0",",I","0",",I","22",",I","8",",I","0",",I","0",",I","19501231",",,I","19501202",",,I","19501202",",,I","-9.2",",I,31,","23.9",",,I,02,","13.9",",I,02,","1140.6","I","536.7",",I","73.1",",,,I","1.02",",I","3.62",",,,I","-1.58",",,,I"
"FR000007354","1951-01","46.86","1.7217","155.0","DEOLS CHATEAUROUX AERODROME DE, FR","0.0","I","0.0",",I","17",",I","8",",I","0",",I","0",",I","8",",I","0",",I","0",",I","0",",I","19510104",",,I","19510101",",,I","19510106","+,,I","-3.7",",I,04,","10.3",",,I,01,","14.2",",I,06,+","1547.4","I","406.8",",I","47.1",",,,I","5.21",",I","8.39",",,,I","2.04",",,,I"
"FR000007354","1951-02","46.86","1.7217","155.0","DEOLS CHATEAUROUX AERODROME DE, FR","0.0","I","0.0",",I","20",",I","12",",I","0",",I","0",",I","8",",I","0",",I","0",",I","0",",I","19510202",",,I","19510217",",,I","19510208",",,I","-4.8",",I,02,","14.3",",,I,17,","13.1",",I,08,","1916.2","I","368.8",",I","85.3",",,,I","5.16",",I","8.88",",,,I","1.45",",,,I"
"FR000007354","1951-03","46.86","1.7217","155.0","DEOLS CHATEAUROUX AERODROME DE, FR","0.0","I","0.0",",I","19",",I","11",",I","0",",I","0",",I","9",",I","0",",I","0",",I","0",",I","19510306",",,I","19510308",",,I","19510323","+,,I","-4.9",",I,06,","24.7",",,I,08,","19.9",",I,23,+","2282.9","I","366.7",",I","87.7",",,,I","6.50",",I","10.45",",,,I","2.55",",,,I"
"FR000007354","1951-04","46.86","1.7217","155.0","DEOLS CHATEAUROUX AERODROME DE, FR","0.0","I","0.0",",I","13",",I","7",",I","0",",I","0",",I","3",",I","0",",I","4",",I","0",",I","19510415",",,I","19510407",",,I","19510424",",,I","-1.0",",I,15,","11.5",",,I,07,","24.1",",I,24,","2531.1","I","248.2",",I","47.5",",,,I","10.06",",I","14.97",",,,I","5.15",",,,I"
"FR000007354","1951-05","46.86","1.7217","155.0","DEOLS CHATEAUROUX AERODROME DE, FR","1.5","I","1.5",",I","22",",I","14",",I","0",",I","0",",I","0",",I","0",",I","2",",I","0",",I","19510518",",,I","19510521",",,I","19510523",",,I","1.2",",I,18,","16.0",",,I,21,","28.1",",I,23,","2726.7","I","195.6",",I","105.8",",,,I","12.07",",I","16.66",",,,I","7.49",",,,I"
"FR000007354","1951-06","46.86","1.7217","155.0","DEOLS CHATEAUROUX AERODROME DE, FR","8.0","I","6.5",",I","19",",I","14",",I","0",",I","0",",I","0",",I","0",",I","16",",I","0",",I","19510620",",,I","19510616",",,I","19510614",",,I","8.7",",I,20,","15.8",",,I,16,","30.4",",I,14,","2786.8","I","60.1",",I","117.7",",,,I","16.55",",I","21.04",",,,I","12.05",",,,I"
"FR000007354","1951-07","46.86","1.7217","155.0","DEOLS CHATEAUROUX AERODROME DE, FR","44.0","I","36.0",",I","10",",I","6",",I","0",",I","0",",I","0",",I","0",",I","27",",I","0",",I","19510725",",,I","19510708",",,I","19510729",",,I","7.1",",I,25,","8.6",",,I,08,","30.2",",I,29,","26.7","I","26.7",",I","42.4",",,,I","18.63",",I","24.86",",,,I","12.40",",,,I"
"FR000007354","1951-08","46.86","1.7217","155.0","DEOLS CHATEAUROUX AERODROME DE, FR","60.7","I","16.7",",I","11",",I","7",",I","0",",I","0",",I","0",",I","0",",I","21",",I","0",",I","19510814",",,I","19510808",",,I","19510828",",,I","8.0",",I,14,","12.1",",,I,08,","28.9",",I,28,","66.4","I","39.7",",I","49.1",",,,I","17.59",",I","22.68",",,,I","12.50",",,,I"
"FR000007354","1951-09","46.86","1.7217","155.0","DEOLS CHATEAUROUX AERODROME DE, FR","92.2","I","31.5",",I","9",",I","5",",I","0",",I","0",",I","0",",I","0",",I","14",",I","0",",I","19510921",",,I","19510923",",,I","19510909",",,I","4.4",",I,21,","12.3",",,I,23,","28.9",",I,09,","139.8","I","73.4",",I","48.5",",,,I","16.94",",I","21.94",",,,I","11.94",",,,I"
"FR000007354","1951-10","46.86","1.7217","155.0","DEOLS CHATEAUROUX AERODROME DE, FR","92.2","I","0.0",",I","12",",I","6",",I","0",",I","0",",I","1",",I","0",",I","1",",I","0",",I","19511017",",,I","19511021",",,I","19511002",",,I","-0.2",",I,17,","5.3",",,I,21,","24.2",",I,02,","382.9","I","243.1",",I","33.6",",,,I","10.49",",I","14.48",",,,I","6.50",",,,I"
"FR000007354","1951-11","46.86","1.7217","155.0","DEOLS CHATEAUROUX AERODROME DE, FR","92.2","I","0.0","2,I","16",",I","11",",I","0",",I","0","1,I","3","1,I","0","1,I","0","1,I","0","1,I","19511128",",1,I","19511110",",,I","19511105",",1,I","-2.2","1,I,28,","12.2",",,I,10,","20.4","1,I,05,","633.5","I","250.6","1,I","74.7",",,,I","9.35","2,I","12.64","1,,,I","6.06","1,,,I"
"FR000007354","1951-12","46.86","1.7217","155.0","DEOLS CHATEAUROUX AERODROME DE, FR","92.2","I","0.0","2,I","11",",I","5",",I","0",",I","0","1,I","12","1,I","0","1,I","0","1,I","0","1,I","19511212",",1,I","19511209",",,I","19511220",",1,I","-3.1","1,I,12,","8.0",",,I,09,","13.6","1,I,20,","1019.3","I","385.8","1,I","33.8",",,,I","5.13","2,I","9.08","1,,,I","1.17","1,,,I"
"FR000007354","1952-01","46.86","1.7217","155.0","DEOLS CHATEAUROUX AERODROME DE, FR","0.0","I","0.0","2,I","22",",I","10",",I","0",",I","0","1,I","12","1,I","2","1,I","0","1,I","0","1,I","19520126",",1,I","19520110",",,I","19520111",",1,I","-7.8","1,I,26,","16.3",",,I,10,","10.5","1,I,11,","1465.2","I","445.9","1,I","92.2",",,,I","3.06","2,I","5.79","1,,,I","0.33","1,,,I"
"FR000007354","1952-02","46.86","1.7217","155.0","DEOLS CHATEAUROUX AERODROME DE, FR","0.0","I","0.0",",I","13",",I","7",",I","0",",I","0",",I","16",",I","0",",I","0",",I","0",",I","19520217",",,I","19520211",",,I","19520228",",,I","-6.3",",I,17,","22.3",",,I,11,","12.1",",I,28,","1919.7","I","454.5",",I","70.2",",,,I","2.66",",I","5.69",",,,I","-0.36",",,,I"
"FR000007354","1952-03","46.86","1.7217","155.0","DEOLS CHATEAUROUX AERODROME DE, FR","0.0","I","0.0","1,I","21",",I","10",",I","0",",I","0","1,I","5","1,I","0",",I","0",",I","0",",I","19520327","+,1,I","19520331",",,I","19520303",",,I","-1.1","1,I,27,+","18.3",",,I,31,","19.4",",I,03,","2193.8","I","274.1",",I","92.2",",,,I","9.26","1,I","13.29",",,,I","5.22","1,,,I"
"FR000007354","1952-04","46.86","1.7217","155.0","DEOLS CHATEAUROUX AERODROME DE, FR","0.0","I","0.0","1,I","8",",I","0",",I","0",",I","0",",I","3",",I","0","1,I","11","1,I","0","1,I","19520404",",,I","19520412",",,I","19520419",",1,I","-0.9",",I,04,","1.8",",,I,12,","26.2","1,I,19,","2348.6","I","154.8","1,I","8.1",",,,I","12.88","1,I","19.05","1,,,I","6.71",",,,I"
"FR000007354","1952-05","46.86","1.7217","155.0","DEOLS CHATEAUROUX AERODROME DE, FR","4.7","I","4.7",",I","11",",I","10",",I","0",",I","0",",I","0",",I","0",",I","19",",I","0",",I","19520522",",,I","19520531",",,I","19520517",",,I","5.5",",I,22,","17.3",",,I,31,","28.0",",I,17,","2436.6","I","88.0",",I","78.5",",,,I","15.65",",I","21.88",",,,I","9.41",",,,I"
"FR000007354","1952-06","46.86","1.7217","155.0","DEOLS CHATEAUROUX AERODROME DE, FR","50.4","I","45.7",",I","7",",I","2",",I","0",",I","0",",I","0",",I","0",",I","25",",I","3",",I","19520604",",,I","19520605",",,I","19520630",",,I","7.6",",I,04,","4.1",",,I,05,","36.5",",I,30,","2465.9","I","29.3",",I","14.0",",,,I","18.88",",I","25.67",",,,I","12.09",",,,I"
"FR000007354","1952-07","46.86","1.7217","155.0","DEOLS CHATEAUROUX AERODROME DE, FR","147.0","I","96.6",",I","4",",I","3",",I","0",",I","0",",I","0",",I","0",",I","30",",I","4",",I","19520729",",,I","19520707",",,I","19520701",",,I","8.1",",I,29,","7.9",",,I,07,","38.2",",I,01,","8.8","I","8.8",",I","18.4",",,,I","21.16",",I","27.92",",,,I","14.41",",,,I"
"FR000007354","1952-08","46.86","1.7217","155.0","DEOLS CHATEAUROUX AERODROME DE, FR","213.7","I","66.7",",I","14",",I","8",",I","0",",I","0",",I","0",",I","0",",I","28",",I","5",",I","19520822",",,I","19520805",",,I","19520811","+,,I","8.1",",I,22,","9.6",",,I,05,","32.8",",I,11,+","21.6","I","12.8",",I","53.6",",,,I","20.07",",I","25.93",",,,I","14.22",",,,I"
"FR000007354","1952-09","46.86","1.7217","155.0","DEOLS CHATEAUROUX AERODROME DE, FR","214.2","I","0.5","2,I","20",",I","13",",I","0",",I","0","1,I","0","1,I","0","1,I","6","1,I","0","1,I","19520913",",1,I","19520925",",,I","19520901",",1,I","4.5","1,I,13,","18.0",",,I,25,","23.8","1,I,01,","168.6","I","147.0","1,I","127.0",",,,I","13.24","2,I","17.50","1,,,I","8.97","1,,,I"
"FR000007354","1952-10","46.86","1.7217","155.0","DEOLS CHATEAUROUX AERODROME DE, FR","214.2","I","0.0",",I","18",",I","13",",I","0",",I","0",",I","0",",I","0",",I","1",",I","0",",I","19521012",",,I","19521022",",,I","19521028",",,I","0.7",",I,12,","22.6",",,I,22,","21.8",",I,28,","369.7","I","201.1",",I","174.0",",,,I","11.85",",I","15.35",",,,I","8.34",",,,I"
"FR000007354","1952-11","46.86","1.7217","155.0","DEOLS CHATEAUROUX AERODROME DE, FR","214.2","I","0.0",",I","20",",I","12",",I","0",",I","0",",I","9",",I","1",",I","0",",I","0",",I","19521116",",,I","19521125",",,I","19521130",",,I","-3.0",",I,16,","13.7",",,I,25,","17.1",",I,30,","741.3","I","371.6",",I","111.5",",,,I","5.95",",I","8.92",",,,I","2.97",",,,I"
"FR000007354","1952-12","46.86","1.7217","155.0","DEOLS CHATEAUROUX AERODROME DE, FR","214.2","I","0.0","4,I","20",",I","10",",I","1",",I","0","2,I","11","2,I","1","2,I","0","2,I","0","2,I","19521210",",2,I","19521216",",,I","19521201",",2,I","-5.3","2,I,10,","37.9",",,I,16,","14.5","2,I,01,","1126.4","I","385.1","2,I","110.5",",,,I","4.18","4,I","6.77","2,,,I","1.59","2,,,I"
"FR000007354","1953-01","46.86","1.7217","155.0","DEOLS CHATEAUROUX AERODROME DE, FR","0.0","I","0.0",",I","5",",I","3",",I","0",",I","0",",I","23",",I","8",",I","0",",I","0",",I","19530109",",,I","19530103",",,I","19530130",",,I","-8.7",",I,09,","5.1",",,I,03,","13.0",",I,30,","1687.4","I","561.0",",I","15.4",",,,I","0.24",",I","2.40",",,,I","-1.93",",,,I"
"FR000007354","1953-02","46.86","1.7217","155.0","DEOLS CHATEAUROUX AERODROME DE, FR","0.0","I","0.0",",I","11",",I","6",",I","0",",I","0",",I","20",",I","4",",I","0",",I","0",",I","19530208",",,I","19530207",",,I","19530228",",,I","-17.0",",I,08,","10.2",",,I,07,","15.5",",I,28,","2130.8","I","443.4",",I","40.4",",,,I","2.50",",I","6.17",",,,I","-1.18",",,,I"
"FR000007354","1953-03","46.86","1.7217","155.0","DEOLS CHATEAUROUX AERODROME DE, FR","0.0","I","0.0",",I","1",",I","1",",I","0",",I","0",",I","16",",I","0",",I","3",",I","0",",I","19530315",",,I","19530330",",,I","19530330",",,I","-2.0",",I,15,","3.6",",,I,30,","23.1",",I,30,","2425.4","I","294.6",",I","3.8",",,,I","8.83",",I","15.71",",,,I","1.95",",,,I"
"FR000007354","1953-04","46.86","1.7217","155.0","DEOLS CHATEAUROUX AERODROME DE, FR","0.0","I","0.0","2,I","14",",I","5",",I","0",",I","0","1,I","0","1,I","0","1,I","7","1,I","0","1,I","19530415",",1,I","19530403",",,I","19530403",",1,I","0.1","1,I,15,","6.9",",,I,03,","24.2","1,I,03,","2618.6","I","193.2","1,I","33.0",",,,I","11.52","2,I","17.14","1,,,I","5.90","1,,,I"
"FR000007354","1953-05","46.86","1.7217","155.0","DEOLS CHATEAUROUX AERODROME DE, FR","17.7","I","17.7",",I","7",",I","5",",I","0",",I","0",",I","0",",I","0",",I","17",",I","0",",I","19530511",",,I","19530516",",,I","19530525",",,I","1.2",",I,11,","21.0",",,I,16,","30.3",",I,25,","2722.5","I","103.9",",I","42.5",",,,I","15.55",",I","21.26",",,,I","9.85",",,,I"
"FR000007354","1953-06","46.86","1.7217","155.0","DEOLS CHATEAUROUX AERODROME DE, FR","39.3","I","21.6",",I","16",",I","7",",I","0",",I","0",",I","0",",I","0",",I","16",",I","0",",I","19530603",",,I","19530630",",,I","19530620",",,I","4.8",",I,03,","14.3",",,I,30,","28.2",",I,20,","2799.7","I","77.2",",I","64.6",",,,I","16.48",",I","21.52",",,,I","11.43",",,,I"
"FR000007354","1953-07","46.86","1.7217","155.0","DEOLS CHATEAUROUX AERODROME DE, FR","67.1","I","27.8",",I","13",",I","7",",I","1",",I","0",",I","0",",I","0",",I","23",",I","1",",I","19530711",",,I","19530703",",,I","19530725",",,I","9.1",",I,11,","42.9",",,I,03,","32.8",",I,25,","16.7","I","16.7",",I","86.8",",,,I","18.69",",I","23.47",",,,I","13.91",",,,I"
"FR000007354","1953-08","46.86","1.7217","155.0","DEOLS CHATEAUROUX AERODROME DE, FR","127.4","I","60.3",",I","5",",I","5",",I","0",",I","0",",I","0",",I","0",",I","28",",I","2",",I","19530828",",,I","19530802",",,I","19530812",",,I","9.1",",I,28,","7.9",",,I,02,","33.9",",I,12,","31.0","I","14.3",",I","29.2",",,,I","19.82",",I","26.46",",,,I","13.17",",,,I"
"FR000007354","1953-09","46.86","1.7217","155.0","DEOLS CHATEAUROUX AERODROME DE, FR","151.4","I","24.0",",I","11",",I","5",",I","0",",I","0",",I","0",",I","0",",I","18",",I","2",",I","19530929",",,I","19530918",",,I","19530901",",,I","5.1",",I,29,","24.6",",,I,18,","34.5",",I,01,","91.8","I","60.8",",I","49.4",",,,I","17.11",",I","22.81",",,,I","11.40",",,,I"
"FR000007354","1953-10","46.86","1.7217","155.0","DEOLS CHATEAUROUX AERODROME DE, FR","151.4","I","0.0",",I","14",",I","11",",I","0",",I","0",",I","0",",I","0",",I","3",",I","0",",I","19531010",",,I","19531014",",,I","19531002",",,I","2.0",",I,10,","14.4",",,I,14,","23.7",",I,02,","268.5","I","176.7",",I","82.1",",,,I","12.63",",I","16.98",",,,I","8.28",",,,I"
"FR000007354","1953-11","46.86","1.7217","155.0","DEOLS CHATEAUROUX AERODROME DE, FR","151.4","I","0.0",",I","6",",I","6",",I","0",",I","0",",I","12",",I","0",",I","0",",I","0",",I","19531109",",,I","19531105",",,I","19531130",",,I","-2.4",",I,09,","9.9",",,I,05,","18.4",",I,30,","637.3","I","368.8",",I","31.7",",,,I","6.04",",I","10.20",",,,I","1.88",",,,I"
"FR000007354","1953-12","46.86","1.7217","155.0","DEOLS CHATEAUROUX AERODROME DE, FR","151.4","I","0.0","4,I","8",",I","3",",I","0",",I","0","2,I","5","2,I","0","2,I","0","2,I","0","2,I","19531231",",2,I","19531214",",,I","19531203",",2,I","-4.1","2,I,31,","12.2",",,I,14,","20.3","2,I,03,","906.2","I","268.9","2,I","30.7",",,,I","7.90","4,I","11.62","2,,,I","4.18","2,,,I"
"FR000007354","1954-01","46.86","1.7217","155.0","DEOLS CHATEAUROUX AERODROME DE, FR","0.0","I","0.0","4,I","10",",I","3",",I","0",",I","0","2,I","17","2,I","3","2,I","0","2,I","0","2,I","19540131",",2,I","19540113",",,I","19540115",",2,I","-10.5","2,I,31,","11.4",",,I,13,","12.7","2,I,15,","1329.4","I","423.2","2,I","26.7",",,,I","2.44","4,I","5.62","2,,,I","-0.75","2,,,I"
"FR000007354","1954-02","46.86","1.7217","155.0","DEOLS CHATEAUROUX AERODROME DE, FR","0.0","I","0.0","2,I","15",",I","9",",I","0",",I","0","1,I","12","1,I","5","1,I","0","1,I","0","1,I","19540202",",1,I","19540219",",,I","19540223",",1,I","-13.2","1,I,02,","9.6",",,I,19,","13.4","1,I,23,","1745.4","I","416.0","1,I","48.9",",,,I","2.38","2,I","5.58","1,,,I","-0.83","1,,,I"
"FR000007354","1954-03","46.86","1.7217","155.0","DEOLS CHATEAUROUX AERODROME DE, FR","0.0","I","0.0",",I","12",",I","9",",I","0",",I","0",",I","1",",I","0",",I","1",",I","0",",I","19540306",",,I","19540323",",,I","19540322",",,I","-1.6",",I,06,","15.5",",,I,23,","21.2",",I,22,","2054.8","I","309.4",",I","83.1",",,,I","8.35",",I","12.66",",,,I","4.04",",,,I"
"FR000007354","1954-04","46.86","1.7217","155.0","DEOLS CHATEAUROUX AERODROME DE, FR","0.0","I","0.0",",I","2",",I","1",",I","0",",I","0",",I","2",",I","0",",I","1",",I","0",",I","19540420",",,I","19540401",",,I","19540425",",,I","-0.8",",I,20,","15.0",",,I,01,","21.6",",I,25,","2320.5","I","265.7",",I","16.9",",,,I","9.48",",I","14.89",",,,I","4.06",",,,I"
"FR000007354","1954-05","46.86","1.7217","155.0","DEOLS CHATEAUROUX AERODROME DE, FR","9.1","I","9.1",",I","9",",I","6",",I","0",",I","0",",I","0",",I","0",",I","10",",I","0",",I","19540507",",,I","19540514",",,I","19540527","+,,I","3.0",",I,07,","16.8",",,I,14,","28.6",",I,27,+","2475.4","I","154.9",",I","55.1",",,,I","13.63",",I","18.66",",,,I","8.60",",,,I"
"FR000007354","1954-06","46.86","1.7217","155.0","DEOLS CHATEAUROUX AERODROME DE, FR","21.2","I","12.1",",I","5",",I","2",",I","0",",I","0",",I","0",",I","0",",I","19",",I","0",",I","19540628",",,I","19540612",",,I","19540619",",,I","7.9",",I,28,","18.6",",,I,12,","30.4",",I,19,","2531.1","I","55.7",",I","27.6",",,,I","16.88",",I","22.06",",,,I","11.70",",,,I"
"FR000007354","1954-07","46.86","1.7217","155.0","DEOLS CHATEAUROUX AERODROME DE, FR","37.3","I","16.1",",I","8",",I","4",",I","0",",I","0",",I","0",",I","0",",I","20",",I","0",",I","19540708",",,I","19540731",",,I","19540725",",,I","8.0",",I,08,","8.4",",,I,31,","31.4",",I,25,","44.2","I","44.2",",I","24.6",",,,I","17.43",",I","22.55",",,,I","12.31",",,,I"
"FR000007354","1954-08","46.86","1.7217","155.0","DEOLS CHATEAUROUX AERODROME DE, FR","60.4","I","23.1",",I","10",",I","5",",I","0",",I","0",",I","0",",I","0",",I","18",",I","1",",I","19540820","+,,I","19540814",",,I","19540803",",,I","10.2",",I,20,+","18.3",",,I,14,","35.1",",I,03,","84.2","I","40.0",",I","58.8",",,,I","17.79",",I","22.52",",,,I","13.06",",,,I"
"FR000007354","1954-09","46.86","1.7217","155.0","DEOLS CHATEAUROUX AERODROME DE, FR","78.1","I","17.7",",I","8",",I","4",",I","0",",I","0",",I","0",",I","0",",I","14",",I","0",",I","19540923",",,I","19540928",",,I","19540901",",,I","3.3",",I,23,","12.7",",,I,28,","27.9",",I,01,","152.8","I","68.6",",I","31.9",",,,I","16.64",",I","21.04",",,,I","12.24",",,,I"
"FR000007354","1954-10","46.86","1.7217","155.0","DEOLS CHATEAUROUX AERODROME DE, FR","78.1","I","0.0",",I","8",",I","4",",I","0",",I","0",",I","0",",I","0",",I","6",",I","0",",I","19541012",",,I","19541009",",,I","19541018",",,I","2.6",",I,12,","5.1",",,I,09,","27.5",",I,18,","309.3","I","156.5",",I","21.0",",,,I","13.29",",I","17.90",",,,I","8.67",",,,I"
"FR000007354","1954-11","46.86","1.7217","155.0","DEOLS CHATEAUROUX AERODROME DE, FR","78.1","I","0.0","2,I","9",",I","3",",I","0",",I","0","1,I","6","1,I","0","1,I","0","1,I","0","1,I","19541120",",1,I","19541107",",,I","19541107",",1,I","-2.0","1,I,20,","15.4",",,I,07,","19.7","1,I,07,","598.5","I","289.2","1,I","26.5",",,,I","8.25","2,I","12.15","1,,,I","4.34","1,,,I"
"FR000007354","1954-12","46.86","1.7217","155.0","DEOLS CHATEAUROUX AERODROME DE, FR","78.1","I","0.0","1,I","12",",I","5",",I","0",",I","0","1,I","2","1,I","0",",I","0",",I","0",",I","19541220",",1,I","19541205",",,I","19541215",",,I","-1.5","1,I,20,","15.7",",,I,05,","13.2",",I,15,","947.6","I","349.1",",I","38.5",",,,I","6.66","1,I","8.94",",,,I","4.39","1,,,I"
"FR000007354","1955-01","46.86","1.7217","155.0","DEOLS CHATEAUROUX AERODROME DE, FR","0.0","I","0.0","5,I","17",",I","13",",I","0",",I","0","2,I","8","2,I","0","3,I","0","3,I","0","3,I","19550103",",2,I","19550111",",,I","19550129",",3,I","-4.7","2,I,03,","18.1",",,I,11,","14.8","3,I,29,","1287.9","I","340.3","3,I","126.3",",,,I","5.27","5,I","8.47","3,,,I","2.08","2,,,I"
"FR000007354","1955-02","46.86","1.7217","155.0","DEOLS CHATEAUROUX AERODROME DE, FR","0.0","I","0.0",",I","16",",I","13",",I","2",",I","0",",I","11",",I","0",",I","0",",I","0",",I","19550220",",,I","19550205",",,I","19550201",",,I","-5.0",",I,20,","29.7",",,I,05,","12.9",",I,01,","1681.1","I","393.2",",I","156.0",",,,I","4.29",",I","7.20",",,,I","1.39",",,,I"
"FR000007354","1955-03","46.86","1.7217","155.0","DEOLS CHATEAUROUX AERODROME DE, FR","0.7","I","0.7",",I","11",",I","4",",I","0",",I","0",",I","22",",I","0",",I","1",",I","0",",I","19550307",",,I","19550327",",,I","19550325",",,I","-5.1",",I,07,","24.2",",,I,27,","28.0",",I,25,","2105.9","I","424.8",",I","61.7",",,,I","4.65",",I","9.09",",,,I","0.21",",,,I"
"FR000007354","1955-04","46.86","1.7217","155.0","DEOLS CHATEAUROUX AERODROME DE, FR","2.9","I","2.2",",I","2",",I","0",",I","0",",I","0",",I","2",",I","0",",I","5",",I","0",",I","19550401",",,I","19550411","+,,I","19550429",",,I","-1.1",",I,01,","0.5",",,I,11,+","31.0",",I,29,","2322.5","I","216.6",",I","1.4",",,,I","11.19",",I","17.66",",,,I","4.71",",,,I"
"FR000007354","1955-05","46.86","1.7217","155.0","DEOLS CHATEAUROUX AERODROME DE, FR","4.0","I","1.1",",I","8",",I","3",",I","0",",I","0",",I","0",",I","0",",I","9",",I","0",",I","19550519",",,I","19550511",",,I","19550525",",,I","2.4",",I,19,","13.5",",,I,11,","26.3",",I,25,","2471.4","I","148.9",",I","28.6",",,,I","13.56",",I","19.19",",,,I","7.94",",,,I"
"FR000007354","1955-06","46.86","1.7217","155.0","DEOLS CHATEAUROUX AERODROME DE, FR","27.6","I","23.6",",I","12",",I","8",",I","0",",I","0",",I","0",",I","0",",I","22",",I","0",",I","19550614","+,,I","19550620",",,I","19550606",",,I","8.0",",I,14,+","22.1",",,I,20,","28.8",",I,06,","2511.6","I","40.2",",I","123.3",",,,I","17.78",",I","22.76",",,,I","12.80",",,,I"
"FR000007354","1955-07","46.86","1.7217","155.0","DEOLS CHATEAUROUX AERODROME DE, FR","95.0","I","67.4",",I","11",",I","3",",I","1",",I","0",",I","0",",I","0",",I","30",",I","2",",I","19550706",",,I","19550711",",,I","19550717",",,I","10.8",",I,06,","26.9",",,I,11,","33.0",",I,17,","6.1","I","6.1",",I","48.3",",,,I","20.31",",I","25.67",",,,I","14.95",",,,I"
"FR000007354","1955-08","46.86","1.7217","155.0","DEOLS CHATEAUROUX AERODROME DE, FR","169.8","I","74.8",",I","3",",I","1",",I","0",",I","0",",I","0",",I","0",",I","31",",I","1",",I","19550809",",,I","19550830",",,I","19550821",",,I","9.1",",I,09,","7.9",",,I,30,","32.3",",I,21,","13.1","I","7.0",",I","10.0",",,,I","20.52",",I","26.93",",,,I","14.11",",,,I"
"FR000007354","1955-09","46.86","1.7217","155.0","DEOLS CHATEAUROUX AERODROME DE, FR","187.9","I","18.1",",I","6",",I","4",",I","0",",I","0",",I","0",",I","0",",I","16",",I","0",",I","19550915",",,I","19550914",",,I","19550922","+,,I","5.8",",I,15,","13.4",",,I,14,","27.9",",I,22,+","85.3","I","72.2",",I","31.4",",,,I","16.53",",I","22.03",",,,I","11.03",",,,I"
"FR000007354","1955-10","46.86","1.7217","155.0","DEOLS CHATEAUROUX AERODROME DE, FR","187.9","I","0.0",",I","4",",I","1",",I","0",",I","0",",I","4",",I","0",",I","3",",I","0",",I","19551030",",,I","19551020",",,I","19551012",",,I","-3.0",",I,30,","5.1",",,I,20,","22.4",",I,12,","321.7","I","236.4",",I","7.8",",,,I","10.71",",I","15.50",",,,I","5.92",",,,I"
"FR000007354","1955-11","46.86","1.7217","155.0","DEOLS CHATEAUROUX AERODROME DE, FR","187.9","I","0.0",",I","9",",I","4",",I","0",",I","0",",I","11",",I","0",",I","2",",I","0",",I","19551128",",,I","19551129",",,I","19551106",",,I","-7.0",",I,28,","16.0",",,I,29,","23.5",",I,06,","662.8","I","341.1",",I","44.0",",,,I","6.96",",I","11.49",",,,I","2.44",",,,I"
"FR000007354","1955-12","46.86","1.7217","155.0","DEOLS CHATEAUROUX AERODROME DE, FR","187.9","I","0.0","2,I","20",",I","13",",I","0",",I","0","1,I","2","1,I","0","1,I","0","1,I","0","1,I","19551207",",1,I","19551218",",,I","19551214","+,1,I","-2.7","1,I,07,","8.9",",,I,18,","13.1","1,I,14,+","973.0","I","310.2","1,I","82.3",",,,I","7.60","2,I","9.98","1,,,I","5.21","1,,,I"
"FR000007354","1956-01","46.86","1.7217","155.0","DEOLS CHATEAUROUX AERODROME DE, FR","0.0","I","0.0","4,I","18",",I","12",",I","1",",I","0","3,I","10","3,I","0","2,I","0","2,I","0","2,I","19560120","+,3,I","19560131",",,I","19560127",",2,I","-3.9","3,I,20,+","33.5",",,I,31,","12.5","2,I,27,","1336.9","I","363.9","2,I","143.8",",,,I","4.83","4,I","7.75","2,,,I","1.91","3,,,I"
"FR000007354","1956-02","46.86","1.7217","155.0","DEOLS CHATEAUROUX AERODROME DE, FR","0.0","I","0.0","2,I","9",",I","3",",I","0",",I","0","1,I","27","1,I","12","2,I","0","2,I","0","2,I","19560202",",1,I","19560208",",,I","19560229",",2,I","-13.7","1,I,02,","3.3",",,I,08,","6.0","2,I,29,","1944.7","I","607.8","2,I","16.0",",,,I","-4.28","2,I","-0.21","2,,,I","-8.35","1,,,I"
"FR000007354","1956-03","46.86","1.7217","155.0","DEOLS CHATEAUROUX AERODROME DE, FR","0.0","I","0.0",",I","10",",I","5",",I","0",",I","0",",I","9",",I","0",",I","0",",I","0",",I","19560314","+,,I","19560323",",,I","19560329",",,I","-4.7",",I,14,+","8.9",",,I,23,","20.1",",I,29,","2281.8","I","337.1",",I","32.1",",,,I","7.46",",I","12.65",",,,I","2.26",",,,I"
"FR000007354","1956-04","46.86","1.7217","155.0","DEOLS CHATEAUROUX AERODROME DE, FR","0.0","I","0.0",",I","9",",I","5",",I","0",",I","0",",I","4",",I","0",",I","2",",I","0",",I","19560408",",,I","19560414",",,I","19560411",",,I","-2.4",",I,08,","23.8",",,I,14,","23.8",",I,11,","2565.6","I","283.8",",I","63.1",",,,I","8.87",",I","13.88",",,,I","3.87",",,,I"
"FR000007354","1956-05","46.86","1.7217","155.0","DEOLS CHATEAUROUX AERODROME DE, FR","4.0","I","4.0",",I","7",",I","5",",I","0",",I","0",",I","0",",I","0",",I","14",",I","0",",I","19560521",",,I","19560531",",,I","19560507",",,I","4.5",",I,21,","17.0",",,I,31,","27.5",",I,07,","2669.5","I","103.9",",I","49.8",",,,I","15.11",",I","20.78",",,,I","9.44",",,,I"
"FR000007354","1956-06","46.86","1.7217","155.0","DEOLS CHATEAUROUX AERODROME DE, FR","6.0","I","2.0",",I","12",",I","7",",I","0",",I","0",",I","0",",I","0",",I","6",",I","0",",I","19560611",",,I","19560605",",,I","19560630",",,I","7.2",",I,11,","21.1",",,I,05,","27.5",",I,30,","2769.7","I","100.2",",I","88.7",",,,I","15.06",",I","19.54",",,,I","10.58",",,,I"
"FR000007354","1956-07","46.86","1.7217","155.0","DEOLS CHATEAUROUX AERODROME DE, FR","33.0","I","27.0",",I","11",",I","7",",I","0",",I","0",",I","0",",I","0",",I","22",",I","0",",I","19560712",",,I","19560713",",,I","19560708",",,I","8.7",",I,12,","21.6",",,I,13,","29.6",",I,08,","28.4","I","28.4",",I","76.0",",,,I","18.29",",I","23.22",",,,I","13.36",",,,I"
"FR000007354","1956-08","46.86","1.7217","155.0","DEOLS CHATEAUROUX AERODROME DE, FR","45.0","I","12.0",",I","16",",I","7",",I","0",",I","0",",I","0",",I","0",",I","15",",I","1",",I","19560805",",,I","19560824",",,I","19560809",",,I","8.1",",I,05,","22.6",",,I,24,","33.4",",I,09,","85.7","I","57.3",",I","76.9",",,,I","16.87",",I","21.84",",,,I","11.91",",,,I"
"FR000007354","1956-09","46.86","1.7217","155.0","DEOLS CHATEAUROUX AERODROME DE, FR","53.5","I","8.5",",I","10",",I","8",",I","0",",I","0",",I","0",",I","0",",I","20",",I","0",",I","19560919",",,I","19560925",",,I","19560915",",,I","8.4",",I,19,","21.3",",,I,25,","27.0",",I,15,","125.4","I","39.7",",I","84.6",",,,I","17.29",",I","22.36",",,,I","12.22",",,,I"
"FR000007354","1956-10","46.86","1.7217","155.0","DEOLS CHATEAUROUX AERODROME DE, FR","54.9","I","1.4",",I","12",",I","4",",I","0",",I","0",",I","0",",I","0",",I","1",",I","0",",I","19561026",",,I","19561002",",,I","19561001",",,I","0.5",",I,26,","6.6",",,I,02,","26.7",",I,01,","361.7","I","236.3",",I","29.5",",,,I","10.75",",I","15.23",",,,I","6.27",",,,I"
"FR000007354","1956-11","46.86","1.7217","155.0","DEOLS CHATEAUROUX AERODROME DE, FR","54.9","I","0.0","4,I","12",",I","6",",I","0",",I","0","2,I","10","2,I","2","2,I","0","2,I","0","2,I","19561124",",2,I","19561111",",,I","19561108",",2,I","-6.7","2,I,24,","11.9",",,I,11,","15.4","2,I,08,","721.4","I","359.7","2,I","40.3",",,,I","4.66","4,I","7.99","2,,,I","1.34","2,,,I"
"FR000007354","1956-12","46.86","1.7217","155.0","DEOLS CHATEAUROUX AERODROME DE, FR","54.9","I","0.0",",I","10",",I","3",",I","0",",I","0",",I","6",",I","1",",I","0",",I","0",",I","19561225",",,I","19561228",",,I","19561217",",,I","-4.1",",I,25,","13.5",",,I,28,","17.0",",I,17,","1105.0","I","383.6",",I","26.9",",,,I","5.96",",I","8.43",",,,I","3.49",",,,I"
"FR000007354","1957-01","46.86","1.7217","155.0","DEOLS CHATEAUROUX AERODROME DE, FR","0.0","I","0.0","2,I","10",",I","2",",I","0",",I","0","1,I","16","1,I","3","1,I","0","1,I","0","1,I","19570120",",1,I","19570125",",,I","19570131",",1,I","-10.2","1,I,20,","6.4",",,I,25,","12.9","1,I,31,","1564.5","I","459.5","1,I","18.4",",,,I","2.61","2,I","6.14","1,,,I","-0.92","1,,,I"
"FR000007354","1957-02","46.86","1.7217","155.0","DEOLS CHATEAUROUX AERODROME DE, FR","0.0","I","0.0","2,I","16",",I","9",",I","0",",I","0","1,I","2","1,I","0","1,I","0","1,I","0","1,I","19570221",",1,I","19570213",",,I","19570201",",1,I","-2.8","1,I,21,","23.8",",,I,13,","17.5","1,I,01,","1836.1","I","271.6","1,I","119.1",",,,I","7.94","2,I","11.31","1,,,I","4.56","1,,,I"
"FR000007354","1957-03","46.86","1.7217","155.0","DEOLS CHATEAUROUX AERODROME DE, FR","0.0","I","0.0",",I","9",",I","5",",I","0",",I","0",",I","1",",I","0",",I","2",",I","0",",I","19570302",",,I","19570307",",,I","19570311",",,I","-0.7",",I,02,","12.2",",,I,07,","22.5",",I,11,","2058.6","I","222.5",",I","35.5",",,,I","11.16",",I","16.43",",,,I","5.89",",,,I"
"FR000007354","1957-04","46.86","1.7217","155.0","DEOLS CHATEAUROUX AERODROME DE, FR","0.0","I","0.0",",I","8",",I","3",",I","0",",I","0",",I","3",",I","0",",I","4",",I","0",",I","19570412",",,I","19570426",",,I","19570422",",,I","-0.9",",I,12,","9.9",",,I,26,","23.0",",I,22,","2290.7","I","232.1",",I","24.9",",,,I","10.60",",I","16.23",",,,I","4.96",",,,I"
"FR000007354","1957-05","46.86","1.7217","155.0","DEOLS CHATEAUROUX AERODROME DE, FR","0.0","I","0.0",",I","7",",I","5",",I","0",",I","0",",I","0",",I","0",",I","2",",I","0",",I","19570507",",,I","19570515",",,I","19570531",",,I","0.4",",I,07,","7.9",",,I,15,","24.0",",I,31,","2496.4","I","205.7",",I","27.7",",,,I","11.70",",I","17.08",",,,I","6.32",",,,I"
"FR000007354","1957-06","46.86","1.7217","155.0","DEOLS CHATEAUROUX AERODROME DE, FR","39.0","I","39.0",",I","14",",I","8",",I","0",",I","0",",I","0",",I","0",",I","21",",I","2",",I","19570612","+,,I","19570624",",,I","19570630",",,I","6.2",",I,12,+","16.8",",,I,24,","34.4",",I,30,","2538.8","I","42.4",",I","90.0",",,,I","18.22",",I","23.81",",,,I","12.64",",,,I"
"FR000007354","1957-07","46.86","1.7217","155.0","DEOLS CHATEAUROUX AERODROME DE, FR","101.8","I","62.8",",I","14",",I","5",",I","0",",I","0",",I","0",",I","0",",I","20",",I","5",",I","19570731","+,,I","19570719",",,I","19570705",",,I","11.4",",I,31,+","11.2",",,I,19,","35.7",",I,05,","28.1","I","28.1",",I","53.6",",,,I","19.45",",I","24.33",",,,I","14.58",",,,I"
"FR000007354","1957-08","46.86","1.7217","155.0","DEOLS CHATEAUROUX AERODROME DE, FR","144.7","I","42.9",",I","10",",I","7",",I","0",",I","0",",I","0",",I","0",",I","23",",I","1",",I","19570829",",,I","19570808",",,I","19570807",",,I","7.6",",I,29,","18.3",",,I,08,","32.4",",I,07,","66.2","I","38.1",",I","45.8",",,,I","18.49",",I","23.62",",,,I","13.35",",,,I"
"FR000007354","1957-09","46.86","1.7217","155.0","DEOLS CHATEAUROUX AERODROME DE, FR","153.9","I","9.2",",I","13",",I","6",",I","0",",I","0",",I","0",",I","0",",I","15",",I","0",",I","19570916",",,I","19570908",",,I","19570906",",,I","5.4",",I,16,","16.2",",,I,08,","27.3",",I,06,","152.4","I","86.2",",I","68.6",",,,I","15.76",",I","20.20",",,,I","11.33",",,,I"
"FR000007354","1957-10","46.86","1.7217","155.0","DEOLS CHATEAUROUX AERODROME DE, FR","153.9","I","0.0",",I","7",",I","5",",I","0",",I","0",",I","0",",I","0",",I","8",",I","0",",I","19571023",",,I","19571019",",,I","19571009",",,I","2.1",",I,23,","18.8",",,I,19,","24.9",",I,09,","331.8","I","179.4",",I","43.9",",,,I","12.55",",I","17.17",",,,I","7.92",",,,I"
"FR000007354","1957-11","46.86","1.7217","155.0","DEOLS CHATEAUROUX AERODROME DE, FR","153.9","I","0.0","2,I","8",",I","4",",I","0",",I","0","1,I","4","1,I","0","1,I","0","1,I","0","1,I","19571126",",1,I","19571104",",,I","19571115",",1,I","-2.0","1,I,26,","15.2",",,I,04,","17.6","1,I,15,","664.4","I","332.6","1,I","35.6",",,,I","6.34","2,I","8.67","1,,,I","4.02","1,,,I"
"FR000007354","1957-12","46.86","1.7217","155.0","DEOLS CHATEAUROUX AERODROME DE, FR","153.9","I","0.0",",I","9",",I","4",",I","0",",I","0",",I","14",",I","1",",I","0",",I","0",",I","19571202",",,I","19571207",",,I","19571213","+,,I","-4.7",",I,02,","9.9",",,I,07,","11.8",",I,13,+","1121.2","I","456.8",",I","36.4",",,,I","3.60",",I","6.19",",,,I","1.01",",,,I"
"FR000007354","1958-01","46.86","1.7217","155.0","DEOLS CHATEAUROUX AERODROME DE, FR","0.0","I","0.0","2,I","16",",I","10",",I","1",",I","0","1,I","12","1,I","0","1,I","0","1,I","0","1,I","19580123",",1,I","19580110",",,I","19580127",",1,I","-2.8","1,I,23,","26.4",",,I,10,","14.7","1,I,27,","1520.9","I","399.7","1,I","103.9",",,,I","4.54","2,I","7.17","1,,,I","1.91","1,,,I"
"FR000007354","1958-02","46.86","1.7217","155.0","DEOLS CHATEAUROUX AERODROME DE, FR","0.0","I","0.0","4,I","17",",I","8",",I","0",",I","0","2,I","9","2,I","0","2,I","1","2,I","0","2,I","19580202",",2,I","19580207",",,I","19580215",",2,I","-4.3","2,I,02,","15.0",",,I,07,","21.2","2,I,15,","1780.5","I","259.6","2,I","68.7",",,,I","7.36","4,I","10.86","2,,,I","3.87","2,,,I"
"FR000007354","1958-03","46.86","1.7217","155.0","DEOLS CHATEAUROUX AERODROME DE, FR","0.0","I","0.0",",I","18",",I","8",",I","0",",I","0",",I","13",",I","0",",I","0",",I","0",",I","19580311",",,I","19580317",",,I","19580329",",,I","-4.6",",I,11,","13.0",",,I,17,","18.1",",I,29,","2169.8","I","389.3",",I","69.0",",,,I","5.77",",I","9.45",",,,I","2.10",",,,I"
"FR000007354","1958-04","46.86","1.7217","155.0","DEOLS CHATEAUROUX AERODROME DE, FR","0.0","I","0.0","2,I","10",",I","5",",I","0",",I","0","1,I","2","1,I","0","1,I","1","1,I","0","1,I","19580411",",1,I","19580404",",,I","19580421",",1,I","-1.9","1,I,11,","12.9",",,I,04,","22.0","1,I,21,","2438.0","I","268.2","1,I","41.3",",,,I","8.71","2,I","12.65","1,,,I","4.78","1,,,I"
"FR000007354","1958-05","46.86","1.7217","155.0","DEOLS CHATEAUROUX AERODROME DE, FR","8.5","I","8.5",",I","16",",I","14",",I","0",",I","0",",I","0",",I","0",",I","11",",I","0",",I","19580517",",,I","19580515",",,I","19580507",",,I","3.7",",I,17,","22.8",",,I,15,","28.4",",I,07,","2562.6","I","124.6",",I","150.0",",,,I","14.59",",I","19.26",",,,I","9.91",",,,I"
"FR000007354","1958-06","46.86","1.7217","155.0","DEOLS CHATEAUROUX AERODROME DE, FR","15.8","I","7.3",",I","17",",I","10",",I","0",",I","0",",I","0",",I","0",",I","10",",I","0",",I","19580614",",,I","19580627",",,I","19580616",",,I","8.0",",I,14,","16.7",",,I,27,","29.0",",I,16,","2642.8","I","80.2",",I","116.7",",,,I","15.90",",I","20.13",",,,I","11.68",",,,I"
"FR000007354","1958-07","46.86","1.7217","155.0","DEOLS CHATEAUROUX AERODROME DE, FR","47.1","I","31.3",",I","14",",I","9",",I","1",",I","0",",I","0",",I","0",",I","21",",I","0",",I","19580717",",,I","19580715",",,I","19580719",",,I","9.3",",I,17,","46.2",",,I,15,","30.5",",I,19,","32.6","I","32.6",",I","115.8",",,,I","18.29",",I","22.56",",,,I","14.02",",,,I"
"FR000007354","1958-08","46.86","1.7217","155.0","DEOLS CHATEAUROUX AERODROME DE, FR","85.8","I","38.7",",I","14",",I","10",",I","2",",I","0",",I","0",",I","0",",I","18",",I","0",",I","19580827",",,I","19580830",",,I","19580809",",,I","10.1",",I,27,","36.3",",,I,30,","28.7",",I,09,","61.0","I","28.4",",I","148.5",",,,I","18.66",",I","22.45",",,,I","14.87",",,,I"
"FR000007354","1958-09","46.86","1.7217","155.0","DEOLS CHATEAUROUX AERODROME DE, FR","116.3","I","30.5",",I","6",",I","5",",I","1",",I","0",",I","0",",I","0",",I","18",",I","0",",I","19580927",",,I","19580903",",,I","19580914",",,I","5.3",",I,27,","42.4",",,I,03,","30.5",",I,14,","104.0","I","43.0",",I","82.4",",,,I","17.92",",I","22.68",",,,I","13.15",",,,I"
"FR000007354","1958-10","46.86","1.7217","155.0","DEOLS CHATEAUROUX AERODROME DE, FR","116.3","I","0.0","2,I","14",",I","10",",I","0",",I","0","1,I","0","1,I","0","1,I","2","1,I","0","1,I","19581030",",1,I","19581004",",,I","19581003",",1,I","3.0","1,I,30,","11.7",",,I,04,","23.1","1,I,03,","307.8","I","203.8","1,I","57.8",",,,I","11.39","2,I","14.88","1,,,I","7.91","1,,,I"
"FR000007354","1958-11","46.86","1.7217","155.0","DEOLS CHATEAUROUX AERODROME DE, FR","116.3","I","0.0","4,I","10",",I","7",",I","0",",I","0","2,I","0","2,I","0","2,I","0","2,I","0","2,I","19581128",",2,I","19581123",",,I","19581108",",2,I","0.7","2,I,28,","23.1",",,I,23,","13.7","2,I,08,","621.9","I","314.1","2,I","82.6",",,,I","6.37","4,I","8.62","2,,,I","4.11","2,,,I"
"FR000007354","1958-12","46.86","1.7217","155.0","DEOLS CHATEAUROUX AERODROME DE, FR","116.3","I","0.0",",I","16",",I","9",",I","0",",I","0",",I","8",",I","1",",I","0",",I","0",",I","19581204",",,I","19581212",",,I","19581219",",,I","-5.7",",I,04,","22.3",",,I,12,","15.0",",I,19,","1030.0","I","408.1",",I","109.7",",,,I","5.17",",I","7.78",",,,I","2.56",",,,I"
"FR000007354","1959-01","46.86","1.7217","155.0","DEOLS CHATEAUROUX AERODROME DE, FR","0.0","I","0.0","4,I","14",",I","11",",I","0",",I","0","2,I","17","2,I","1","2,I","0","2,I","0","2,I","19590130",",2,I","19590106",",,I","19590120",",2,I","-4.3","2,I,30,","12.5",",,I,06,","14.5","2,I,20,","1424.8","I","394.8","2,I","86.3",",,,I","3.82","4,I","7.34","2,,,I","0.29","2,,,I"
"FR000007354","1959-02","46.86","1.7217","155.0","DEOLS CHATEAUROUX AERODROME DE, FR","0.0","I","0.0",",I","5",",I","1",",I","0",",I","0",",I","10",",I","0",",I","0",",I","0",",I","19590203",",,I","19590222",",,I","19590226",",,I","-3.8",",I,03,","2.5",",,I,22,","19.1",",I,26,","1782.5","I","357.7",",I","7.0",",,,I","5.56",",I","10.24",",,,I","0.88",",,,I"
"FR000007354","1959-03","46.86","1.7217","155.0","DEOLS CHATEAUROUX AERODROME DE, FR","0.0","I","0.0",",I","15",",I","5",",I","0",",I","0",",I","3",",I","0",",I","0",",I","0",",I","19590320",",,I","19590303",",,I","19590323",",,I","-1.2",",I,20,","8.4",",,I,03,","18.9",",I,23,","2062.2","I","279.7",",I","38.1",",,,I","9.31",",I","13.50",",,,I","5.12",",,,I"
"FR000007354","1959-04","46.86","1.7217","155.0","DEOLS CHATEAUROUX AERODROME DE, FR","0.0","I","0.0","2,I","16",",I","13",",I","0",",I","0","1,I","0","1,I","0","1,I","7","1,I","0","1,I","19590401",",1,I","19590429",",,I","19590413",",1,I","0.4","1,I,01,","17.8",",,I,29,","24.5","1,I,13,","2261.7","I","199.5","1,I","107.0",",,,I","11.14","2,I","15.70","1,,,I","6.59","1,,,I"
"FR000007354","1959-05","46.86","1.7217","155.0","DEOLS CHATEAUROUX AERODROME DE, FR","0.7","I","0.7",",I","10",",I","6",",I","0",",I","0",",I","0",",I","0",",I","14",",I","0",",I","19590503",",,I","19590522",",,I","19590511",",,I","2.9",",I,03,","20.5",",,I,22,","25.6",",I,11,","2360.9","I","99.2",",I","65.3",",,,I","15.15",",I","20.59",",,,I","9.72",",,,I"
"FR000007354","1959-06","46.86","1.7217","155.0","DEOLS CHATEAUROUX AERODROME DE, FR","25.3","I","24.6",",I","8",",I","3",",I","0",",I","0",",I","0",",I","0",",I","20",",I","0",",I","19590610",",,I","19590619",",,I","19590618",",,I","5.9",",I,10,","20.3",",,I,19,","29.6",",I,18,","2405.9","I","45.0",",I","49.9",",,,I","17.65",",I","23.07",",,,I","12.23",",,,I"
"FR000007354","1959-07","46.86","1.7217","155.0","DEOLS CHATEAUROUX AERODROME DE, FR","125.3","I","100.0",",I","2",",I","2",",I","0",",I","0",",I","0",",I","0",",I","31",",I","6",",I","19590701",",,I","19590729",",,I","19590709",",,I","9.5",",I,01,","6.4",",,I,29,","35.1",",I,09,","6.1","I","6.1",",I","10.2",",,,I","21.36",",I","28.08",",,,I","14.64",",,,I"
"FR000007354","1959-08","46.86","1.7217","155.0","DEOLS CHATEAUROUX AERODROME DE, FR","168.6","I","43.3",",I","7",",I","5",",I","0",",I","0",",I","0",",I","0",",I","30",",I","0",",I","19590831","+,,I","19590809",",,I","19590807",",,I","9.0",",I,31,+","10.9",",,I,09,","32.1",",I,07,","20.1","I","14.0",",I","40.6",",,,I","19.28",",I","24.83",",,,I","13.73",",,,I"
"FR000007354","1959-09","46.86","1.7217","155.0","DEOLS CHATEAUROUX AERODROME DE, FR","189.3","I","20.7",",I","5",",I","0",",I","0",",I","0",",I","0",",I","0",",I","28",",I","0",",I","19590902",",,I","19590913","+,,I","19590911",",,I","8.5",",I,02,","1.8",",,I,13,+","28.5",",I,11,","37.6","I","17.5",",I","6.1",",,,I","18.44",",I","24.72",",,,I","12.16",",,,I"
"FR000007354","1959-10","46.86","1.7217","155.0","DEOLS CHATEAUROUX AERODROME DE, FR","190.4","I","1.1",",I","10",",I","6",",I","0",",I","0",",I","1",",I","0",",I","8",",I","0",",I","19591030",",,I","19591027",",,I","19591001",",,I","-0.2",",I,30,","16.0",",,I,27,","25.2",",I,01,","211.8","I","174.2",",I","64.5",",,,I","12.75",",I","17.76",",,,I","7.74",",,,I"
"FR000007354","1959-11","46.86","1.7217","155.0","DEOLS CHATEAUROUX AERODROME DE, FR","190.4","I","0.0",",I","10",",I","6",",I","0",",I","0",",I","1",",I","0",",I","0",",I","0",",I","19591109",",,I","19591111",",,I","19591119",",,I","-1.3",",I,09,","12.2",",,I,11,","19.8",",I,19,","535.2","I","323.4",",I","60.2",",,,I","7.55",",I","10.45",",,,I","4.65",",,,I"
"FR000007354","1959-12","46.86","1.7217","155.0","DEOLS CHATEAUROUX AERODROME DE, FR","190.4","I","0.0",",I","18",",I","10",",I","0",",I","0",",I","1",",I","0",",I","0",",I","0",",I","19591215",",,I","19591229","+,,I","19591231","+,,I","-2.2",",I,15,","13.2",",,I,29,+","13.0",",I,31,+","895.5","I","360.3",",I","93.7",",,,I","6.71",",I","9.17",",,,I","4.25",",,,I"
"FR000007354","1960-01","46.86","1.7217","155.0","DEOLS CHATEAUROUX AERODROME DE, FR","0.0","I","0.0","4,I","14",",I","9",",I","0",",I","0","2,I","14","2,I","5","2,I","0","2,I","0","2,I","19600116",",2,I","19600113",",,I","19600122",",2,I","-12.7","2,I,16,","13.0",",,I,13,","15.2","2,I,22,","1283.0","I","387.5","2,I","74.7",",,,I","3.91","4,I","7.17","2,,,I","0.65","2,,,I"
"FR000007354","1960-02","46.86","1.7217","155.0","DEOLS CHATEAUROUX AERODROME DE, FR","0.0","I","0.0",",I","17",",I","7",",I","0",",I","0",",I","6",",I","1",",I","1",",I","0",",I","19600209",",,I","19600218",",,I","19600228",",,I","-7.7",",I,09,","13.7",",,I,18,","21.9",",I,28,","1646.8","I","363.8",",I","48.6",",,,I","5.79",",I","9.24",",,,I","2.33",",,,I"
"FR000007354","1960-03","46.86","1.7217","155.0","DEOLS CHATEAUROUX AERODROME DE, FR","0.0","I","0.0",",I","16",",I","13",",I","0",",I","0",",I","3",",I","0",",I","0",",I","0",",I","19600321",",,I","19600310",",,I","19600324",",,I","-1.3",",I,21,","14.0",",,I,10,","17.4",",I,24,","1938.5","I","291.7",",I","82.9",",,,I","8.92",",I","12.65",",,,I","5.20",",,,I"
"FR000007354","1960-04","46.86","1.7217","155.0","DEOLS CHATEAUROUX AERODROME DE, FR","0.0","I","0.0",",I","7",",I","4",",I","0",",I","0",",I","0",",I","0",",I","2",",I","0",",I","19600430",",,I","19600403",",,I","19600407",",,I","0.5",",I,30,","11.6",",,I,03,","26.2",",I,07,","2179.8","I","241.3",",I","33.9",",,,I","10.29",",I","14.91",",,,I","5.67",",,,I"
"FR000007354","1960-05","46.86","1.7217","155.0","DEOLS CHATEAUROUX AERODROME DE, FR","2.3","I","2.3",",I","12",",I","10",",I","0",",I","0",",I","0",",I","0",",I","15",",I","0",",I","19600501",",,I","19600518",",,I","19600510",",,I","1.2",",I,01,","16.2",",,I,18,","26.3",",I,10,","2286.7","I","106.9",",I","71.1",",,,I","14.96",",I","20.25",",,,I","9.67",",,,I"
"FR000007354","1960-06","46.86","1.7217","155.0","DEOLS CHATEAUROUX AERODROME DE, FR","31.6","I","29.3",",I","10",",I","10",",I","0",",I","0",",I","0",",I","0",",I","20",",I","0",",I","19600630",",,I","19600623",",,I","19600622",",,I","7.3",",I,30,","6.8",",,I,23,","31.2",",I,22,","2326.2","I","39.5",",I","42.0",",,,I","17.99",",I","23.27",",,,I","12.72",",,,I"
"FR000007354","1960-07","46.86","1.7217","155.0","DEOLS CHATEAUROUX AERODROME DE, FR","38.0","I","6.4",",I","15",",I","9",",I","0",",I","0",",I","0",",I","0",",I","22",",I","0",",I","19600701",",,I","19600731",",,I","19600729",",,I","7.7",",I,01,","12.4",",,I,31,","29.3",",I,29,","43.2","I","43.2",",I","59.1",",,,I","17.14",",I","21.85",",,,I","12.43",",,,I"
"FR000007354","1960-08","46.86","1.7217","155.0","DEOLS CHATEAUROUX AERODROME DE, FR","52.4","I","14.4",",I","12",",I","5",",I","1",",I","0",",I","0",",I","0",",I","18",",I","0",",I","19600813",",,I","19600825",",,I","19600822",",,I","7.2",",I,13,","27.9",",,I,25,","29.4",",I,22,","92.9","I","49.7",",I","84.4",",,,I","17.19",",I","21.82",",,,I","12.56",",,,I"
"FR000007354","1960-09","46.86","1.7217","155.0","DEOLS CHATEAUROUX AERODROME DE, FR","52.4","I","0.0",",I","16",",I","9",",I","0",",I","0",",I","0",",I","0",",I","8",",I","0",",I","19600922",",,I","19600915",",,I","19600911",",,I","5.6",",I,22,","20.9",",,I,15,","25.5",",I,11,","208.3","I","115.4",",I","77.7",",,,I","14.49",",I","18.55",",,,I","10.42",",,,I"
"FR000007354","1960-10","46.86","1.7217","155.0","DEOLS CHATEAUROUX AERODROME DE, FR","52.4","I","0.0",",I","24",",I","13",",I","2",",I","0",",I","2",",I","0",",I","1",",I","0",",I","19601018",",,I","19601022",",,I","19601002",",,I","-0.8",",I,18,","36.6",",,I,22,","23.6",",I,02,","420.8","I","212.5",",I","161.6",",,,I","11.48",",I","14.84",",,,I","8.12",",,,I"
"FR000007354","1960-11","46.86","1.7217","155.0","DEOLS CHATEAUROUX AERODROME DE, FR","52.4","I","0.0",",I","15",",I","10",",I","0",",I","0",",I","3",",I","0",",I","0",",I","0",",I","19601108",",,I","19601118",",,I","19601101",",,I","-1.1",",I,08,","20.3",",,I,18,","17.8",",I,01,","711.7","I","290.9",",I","77.4",",,,I","8.64",",I","11.52",",,,I","5.75",",,,I"
"FR000007354","1960-12","46.86","1.7217","155.0","DEOLS CHATEAUROUX AERODROME DE, FR","52.4","I","0.0",",I","14",",I","9",",I","0",",I","0",",I","17",",I","5",",I","0",",I","0",",I","19601215",",,I","19601204",",,I","19601201",",,I","-5.0",",I,15,","17.7",",,I,04,","12.2",",I,01,","1189.2","I","477.5",",I","66.6",",,,I","2.93",",I","5.09",",,,I","0.77",",,,I"
"FR000007354","1961-01","46.86","1.7217","155.0","DEOLS CHATEAUROUX AERODROME DE, FR","0.0","I","0.0","2,I","19",",I","10",",I","0",",I","0","1,I","9","1,I","0","1,I","0","1,I","0","1,I","19610113",",1,I","19610102",",,I","19610130",",1,I","-4.4","1,I,13,","23.3",",,I,02,","11.2","1,I,30,","1600.3","I","411.1","1,I","95.5",",,,I","4.09","2,I","6.72","1,,,I","1.47","1,,,I"
"FR000007354","1961-02","46.86","1.7217","155.0","DEOLS CHATEAUROUX AERODROME DE, FR","0.0","I","0.0",",I","9",",I","4",",I","0",",I","0",",I","2",",I","0",",I","0",",I","0",",I","19610221",",,I","19610227",",,I","19610227",",,I","-0.6",",I,21,","13.2",",,I,27,","18.8",",I,27,","1875.4","I","275.1",",I","33.3",",,,I","8.51",",I","12.75",",,,I","4.27",",,,I"
"FR000007354","1961-03","46.86","1.7217","155.0","DEOLS CHATEAUROUX AERODROME DE, FR","0.0","I","0.0",",I","4",",I","1",",I","0",",I","0",",I","9",",I","0",",I","1",",I","0",",I","19610329","+,,I","19610331",",,I","19610317",",,I","-2.2",",I,29,+","4.6",",,I,31,","21.6",",I,17,","2183.9","I","308.5",",I","7.5",",,,I","8.38",",I","14.05",",,,I","2.71",",,,I"
"FR000007354","1961-04","46.86","1.7217","155.0","DEOLS CHATEAUROUX AERODROME DE, FR","0.0","I","0.0",",I","14",",I","8",",I","0",",I","0",",I","0",",I","0",",I","5",",I","0",",I","19610412","+,,I","19610419",",,I","19610409","+,,I","3.3",",I,12,+","13.9",",,I,19,","23.9",",I,09,+","2363.9","I","180.0",",I","55.7",",,,I","12.33",",I","17.05",",,,I","7.61",",,,I"
"FR000007354","1961-05","46.86","1.7217","155.0","DEOLS CHATEAUROUX AERODROME DE, FR","1.4","I","1.4",",I","10",",I","7",",I","0",",I","0",",I","0",",I","0",",I","4",",I","0",",I","19610529",",,I","19610531",",,I","19610504",",,I","0.6",",I,29,","14.0",",,I,31,","26.7",",I,04,","2547.2","I","183.3",",I","55.8",",,,I","12.47",",I","17.48",",,,I","7.45",",,,I"
"FR000007354","1961-06","46.86","1.7217","155.0","DEOLS CHATEAUROUX AERODROME DE, FR","26.2","I","24.8",",I","9",",I","6",",I","0",",I","0",",I","0",",I","0",",I","16",",I","0",",I","19610610",",,I","19610608",",,I","19610625",",,I","6.1",",I,10,","12.2",",,I,08,","31.7",",I,25,","2618.9","I","71.7",",I","45.8",",,,I","16.77",",I","22.06",",,,I","11.47",",,,I"
"FR000007354","1961-07","46.86","1.7217","155.0","DEOLS CHATEAUROUX AERODROME DE, FR","51.9","I","25.7",",I","9",",I","9",",I","1",",I","0",",I","0",",I","0",",I","24",",I","2",",I","19610706",",,I","19610718",",,I","19610702",",,I","7.8",",I,06,","25.7",",,I,18,","32.8",",I,02,","37.3","I","37.3",",I","92.9",",,,I","17.96",",I","23.41",",,,I","12.51",",,,I"
"FR000007354","1961-08","46.86","1.7217","155.0","DEOLS CHATEAUROUX AERODROME DE, FR","81.6","I","29.7",",I","2",",I","2",",I","0",",I","0",",I","0",",I","0",",I","23",",I","2",",I","19610818","+,,I","19610807",",,I","19610829",",,I","7.8",",I,18,+","15.3",",,I,07,","35.6",",I,29,","83.3","I","46.0",",I","19.6",",,,I","17.80",",I","23.63",",,,I","11.98",",,,I"
"FR000007354","1961-09","46.86","1.7217","155.0","DEOLS CHATEAUROUX AERODROME DE, FR","132.3","I","50.7",",I","10",",I","6",",I","1",",I","0",",I","0",",I","0",",I","25",",I","3",",I","19610910","+,,I","19610929",",,I","19610918",",,I","8.9",",I,10,+","25.6",",,I,29,","33.9",",I,18,","101.3","I","18.0",",I","60.0",",,,I","19.42",",I","25.36",",,,I","13.48",",,,I"
"FR000007354","1961-10","46.86","1.7217","155.0","DEOLS CHATEAUROUX AERODROME DE, FR","132.3","I","0.0","2,I","12",",I","8",",I","0",",I","0","1,I","0","1,I","0","1,I","4","1,I","0","1,I","19611021",",1,I","19611024",",,I","19611010",",1,I","3.3","1,I,21,","7.8",",,I,24,","25.0","1,I,10,","258.8","I","157.5","1,I","50.7",",,,I","12.78","2,I","16.84","1,,,I","8.71","1,,,I"
"FR000007354","1961-11","46.86","1.7217","155.0","DEOLS CHATEAUROUX AERODROME DE, FR","132.3","I","0.0",",I","13",",I","6",",I","1",",I","0",",I","1",",I","0",",I","0",",I","0",",I","19611105",",,I","19611113",",,I","19611126",",,I","-1.7",",I,05,","31.7",",,I,13,","14.3",",I,26,","624.0","I","365.2",",I","99.8",",,,I","6.16",",I","8.53",",,,I","3.79",",,,I"
"FR000007354","1961-12","46.86","1.7217","155.0","DEOLS CHATEAUROUX AERODROME DE, FR","132.3","I","0.0","5,I","16",",I","8",",I","0",",I","0","3,I","11","3,I","5","2,I","0","2,I","0","2,I","19611220","+,3,I","19611210",",,I","19611204",",2,I","-8.9","3,I,20,+","17.7",",,I,10,","16.0","2,I,04,","977.7","I","353.7","2,I","82.7",",,,I","4.73","5,I","7.66","2,,,I","1.80","3,,,I"
"FR000007354","1962-01","46.86","1.7217","155.0","DEOLS CHATEAUROUX AERODROME DE, FR","0.0","I","0.0","1,I","15",",I","8",",I","1",",I","0",",I","11",",I","3","1,I","0","1,I","0","1,I","19620131",",,I","19620112",",,I","19620110",",1,I","-7.8",",I,31,","29.5",",,I,12,","12.7","1,I,10,","1376.8","I","399.1","1,I","83.0",",,,I","5.00","1,I","7.49","1,,,I","2.51",",,,I"
"FR000007354","1962-02","46.86","1.7217","155.0","DEOLS CHATEAUROUX AERODROME DE, FR","0.0","I","0.0","1,I","12",",I","3",",I","0",",I","0","1,I","18","1,I","0",",I","0",",I","0",",I","19620225",",1,I","19620213",",,I","19620206",",,I","-6.1","1,I,25,","7.4",",,I,13,","11.1",",I,06,","1781.8","I","405.0",",I","28.2",",,,I","3.30","1,I","6.72",",,,I","-0.12","1,,,I"
"FR000007354","1962-03","46.86","1.7217","155.0","DEOLS CHATEAUROUX AERODROME DE, FR","0.0","I","0.0","3,I","13",",I","10",",I","1",",I","0","1,I","22","1,I","0","2,I","0","2,I","0","2,I","19620314",",1,I","19620326",",,I","19620330",",2,I","-5.6","1,I,14,","29.7",",,I,26,","14.5","2,I,30,","2199.0","I","417.2","2,I","122.2",",,,I","3.42","3,I","7.20","2,,,I","-0.37","1,,,I"
"FR000007354","1962-04","46.86","1.7217","155.0","DEOLS CHATEAUROUX AERODROME DE, FR","0.0","I","0.0",",I","12",",I","8",",I","1",",I","0",",I","2",",I","0",",I","4",",I","0",",I","19620407","+,,I","19620417",",,I","19620425",",,I","0.0",",I,07,+","29.9",",,I,17,","24.4",",I,25,","2465.3","I","266.3",",I","75.2",",,,I","9.46",",I","13.71",",,,I","5.20",",,,I"
"FR000007354","1962-05","46.86","1.7217","155.0","DEOLS CHATEAUROUX AERODROME DE, FR","0.0","I","0.0",",I","21",",I","11",",I","0",",I","0",",I","0",",I","0",",I","2",",I","0",",I","19620501",",,I","19620517",",,I","19620507",",,I","1.7",",I,01,","23.6",",,I,17,","24.4",",I,07,","2676.0","I","210.7",",I","111.4",",,,I","11.54",",I","15.48",",,,I","7.59",",,,I"
"FR000007354","1962-06","46.86","1.7217","155.0","DEOLS CHATEAUROUX AERODROME DE, FR","7.6","I","7.6",",I","4",",I","3",",I","0",",I","0",",I","0",",I","0",",I","17",",I","0",",I","19620602",",,I","19620610",",,I","19620623",",,I","3.3",",I,02,","6.3",",,I,10,","27.8",",I,23,","2770.4","I","94.4",",I","14.6",",,,I","15.44",",I","21.46",",,,I","9.41",",,,I"
"FR000007354","1962-07","46.86","1.7217","155.0","DEOLS CHATEAUROUX AERODROME DE, FR","30.4","I","22.8",",I","12",",I","4",",I","0",",I","0",",I","0",",I","0",",I","26",",I","0",",I","19620707",",,I","19620704",",,I","19620725",",,I","7.2",",I,07,","9.4",",,I,04,","31.7",",I,25,","43.9","I","43.9",",I","34.3",",,,I","17.65",",I","23.36",",,,I","11.95",",,,I"
"FR000007354","1962-08","46.86","1.7217","155.0","DEOLS CHATEAUROUX AERODROME DE, FR","59.8","I","29.4",",I","7",",I","2",",I","0",",I","0",",I","0",",I","0",",I","29",",I","1",",I","19620828",",,I","19620817",",,I","19620813",",,I","7.8",",I,28,","18.8",",,I,17,","32.2",",I,13,","63.4","I","19.5",",I","32.6",",,,I","18.65",",I","24.95",",,,I","12.35",",,,I"
"FR000007354","1962-09","46.86","1.7217","155.0","DEOLS CHATEAUROUX AERODROME DE, FR","70.8","I","11.0",",I","6",",I","4",",I","0",",I","0",",I","0",",I","0",",I","13",",I","0",",I","19620919",",,I","19620925","+,,I","19620910","+,,I","1.1",",I,19,","11.7",",,I,25,+","29.4",",I,10,+","170.9","I","107.5",",I","38.3",",,,I","15.12",",I","20.99",",,,I","9.24",",,,I"
"FR000007354","1962-10","46.86","1.7217","155.0","DEOLS CHATEAUROUX AERODROME DE, FR","72.5","I","1.7",",I","4",",I","4",",I","0",",I","0",",I","1",",I","0",",I","6",",I","0",",I","19621030",",,I","19621026",",,I","19621002",",,I","-1.1",",I,30,","25.2",",,I,26,","26.7",",I,02,","379.2","I","208.3",",I","39.1",",,,I","11.67",",I","17.31",",,,I","6.03",",,,I"
"FR000007354","1962-11","46.86","1.7217","155.0","DEOLS CHATEAUROUX AERODROME DE, FR","72.5","I","0.0",",I","16",",I","14",",I","1",",I","0",",I","9",",I","0",",I","0",",I","0",",I","19621116",",,I","19621105",",,I","19621103",",,I","-3.9",",I,16,","35.2",",,I,05,","17.2",",I,03,","770.2","I","391.0",",I","131.9",",,,I","5.30",",I","8.24",",,,I","2.36",",,,I"
"FR000007354","1962-12","46.86","1.7217","155.0","DEOLS CHATEAUROUX AERODROME DE, FR","72.5","I","0.0","3,I","15",",I","10",",I","0",",I","0","2,I","18","2,I","4","2,I","0","2,I","0","2,I","19621228",",2,I","19621215",",,I","19621215",",2,I","-12.8","2,I,28,","14.7",",,I,15,","10.8","2,I,15,","1237.7","I","467.5","2,I","76.5",",,,I","1.50","3,I","5.27","2,,,I","-2.28","2,,,I"
"FR000007354","1963-01","46.86","1.7217","155.0","DEOLS CHATEAUROUX AERODROME DE, FR","0.0","I","0.0","2,I","8",",I","5",",I","0",",I","0","1,I","21","1,I","17","1,I","0","1,I","0","1,I","19630119",",1,I","19630104",",,I","19630105",",1,I","-13.3","1,I,19,","9.6",",,I,04,","8.9","1,I,05,","1843.8","I","606.1","1,I","33.5",",,,I","-2.55","2,I","0.63","1,,,I","-5.72","1,,,I"
"FR000007354","1963-02","46.86","1.7217","155.0","DEOLS CHATEAUROUX AERODROME DE, FR","0.0","I","0.0",",I","11",",I","6",",I","0",",I","0",",I","24",",I","8",",I","0",",I","0",",I","19630205",",,I","19630220",",,I","19630206",",,I","-15.0",",I,05,","7.3",",,I,20,","10.6",",I,06,","2386.1","I","542.3",",I","34.6",",,,I","-1.03",",I","3.24",",,,I","-5.31",",,,I"
"FR000007354","1963-03","46.86","1.7217","155.0","DEOLS CHATEAUROUX AERODROME DE, FR","0.0","I","0.0",",I","17",",I","12",",I","0",",I","0",",I","10",",I","0",",I","0",",I","0",",I","19630325",",,I","19630326",",,I","19630307","+,,I","-5.0",",I,25,","21.5",",,I,26,","18.3",",I,07,+","2746.3","I","360.2",",I","96.6",",,,I","6.71",",I","11.03",",,,I","2.40",",,,I"
"FR000007354","1963-04","46.86","1.7217","155.0","DEOLS CHATEAUROUX AERODROME DE, FR","0.0","I","0.0",",I","14",",I","9",",I","0",",I","0",",I","2",",I","0",",I","1",",I","0",",I","19630403","+,,I","19630404",",,I","19630429",",,I","-1.1",",I,03,+","13.5",",,I,04,","21.1",",I,29,","2994.9","I","248.6",",I","61.3",",,,I","10.05",",I","14.41",",,,I","5.69",",,,I"
"FR000007354","1963-05","46.86","1.7217","155.0","DEOLS CHATEAUROUX AERODROME DE, FR","0.0","I","0.0",",I","13",",I","10",",I","0",",I","0",",I","0",",I","0",",I","6",",I","0",",I","19630505",",,I","19630521",",,I","19630531",",,I","2.8",",I,05,","10.7",",,I,21,","25.0",",I,31,","3177.4","I","182.5",",I","57.6",",,,I","12.45",",I","17.12",",,,I","7.77",",,,I"
"FR000007354","1963-06","46.86","1.7217","155.0","DEOLS CHATEAUROUX AERODROME DE, FR","4.2","I","4.2",",I","13",",I","6",",I","1",",I","0",",I","0",",I","0",",I","11",",I","0",",I","19630624","+,,I","19630627",",,I","19630621",",,I","7.2",",I,24,+","38.6",",,I,27,","27.8",",I,21,","3253.6","I","76.2",",I","97.4",",,,I","15.93",",I","20.32",",,,I","11.55",",,,I"
"FR000007354","1963-07","46.86","1.7217","155.0","DEOLS CHATEAUROUX AERODROME DE, FR","33.3","I","29.1",",I","5",",I","4",",I","1",",I","0",",I","0",",I","0",",I","27",",I","1",",I","19630726",",,I","19630722",",,I","19630722",",,I","9.4",",I,26,","48.3",",,I,22,","32.2",",I,22,","31.3","I","31.3",",I","71.1",",,,I","18.26",",I","24.03",",,,I","12.50",",,,I"
"FR000007354","1963-08","46.86","1.7217","155.0","DEOLS CHATEAUROUX AERODROME DE, FR","42.2","I","8.9",",I","20",",I","12",",I","1",",I","0",",I","0",",I","0",",I","10",",I","0",",I","19630830","+,,I","19630802",",,I","19630801",",,I","8.3",",I,30,+","42.6",",,I,02,","30.5",",I,01,","91.1","I","59.8",",I","114.4",",,,I","16.69",",I","20.46",",,,I","12.92",",,,I"
"FR000007354","1963-09","46.86","1.7217","155.0","DEOLS CHATEAUROUX AERODROME DE, FR","43.9","I","1.7",",I","9",",I","4",",I","0",",I","0",",I","0",",I","0",",I","8",",I","0",",I","19630929",",,I","19630923",",,I","19630917",",,I","3.9",",I,29,","19.5",",,I,23,","25.7",",I,17,","190.1","I","99.0",",I","39.9",",,,I","15.09",",I","18.89",",,,I","11.29",",,,I"
"FR000007354","1963-10","46.86","1.7217","155.0","DEOLS CHATEAUROUX AERODROME DE, FR","43.9","I","0.0",",I","7",",I","6",",I","0",",I","0",",I","0",",I","0",",I","5",",I","0",",I","19631030",",,I","19631030",",,I","19631023",",,I","0.6",",I,30,","11.1",",,I,30,","23.3",",I,23,","401.1","I","211.0",",I","46.7",",,,I","11.53",",I","15.84",",,,I","7.22",",,,I"
"FR000007354","1963-11","46.86","1.7217","155.0","DEOLS CHATEAUROUX AERODROME DE, FR","43.9","I","0.0","4,I","18",",I","13",",I","0",",I","0","2,I","3","2,I","0","2,I","0","2,I","0","2,I","19631128","+,2,I","19631110",",,I","19631110",",2,I","-0.6","2,I,28,+","16.3",",,I,10,","20.0","2,I,10,","617.0","I","215.9","2,I","107.6",",,,I","9.69","4,I","13.51","2,,,I","5.87","2,,,I"
"FR000007354","1963-12","46.86","1.7217","155.0","DEOLS CHATEAUROUX AERODROME DE, FR","43.9","I","0.0","4,I","3",",I","1",",I","0",",I","0","2,I","16","2,I","8","2,I","0","2,I","0","2,I","19631225",",2,I","19631219",",,I","19631204","+,2,I","-10.6","2,I,25,","4.3",",,I,19,","12.2","2,I,04,+","1071.5","I","454.5","2,I","7.3",",,,I","1.22","4,I","4.44","2,,,I","-2.00","2,,,I"
"FR000007354","1964-01","46.86","1.7217","155.0","DEOLS CHATEAUROUX AERODROME DE, FR","0.0","I","0.0","2,I","6",",I","3",",I","0",",I","0","1,I","25","1,I","7","1,I","0","1,I","0","1,I","19640124",",1,I","19640128",",,I","19640114",",1,I","-6.7","1,I,24,","6.6",",,I,28,","13.9","1,I,14,","1593.0","I","521.5","1,I","17.0",",,,I","0.31","2,I","3.01","1,,,I","-2.38","1,,,I"
"FR000007354","1964-02","46.86","1.7217","155.0","DEOLS CHATEAUROUX AERODROME DE, FR","0.0","I","0.0","2,I","13",",I","9",",I","0",",I","0","1,I","8","1,I","0","1,I","0","1,I","0","1,I","19640207",",1,I","19640215",",,I","19640223",",1,I","-3.9","1,I,07,","18.2",",,I,15,","15.0","1,I,23,","1936.7","I","343.7","1,I","88.0",",,,I","5.57","2,I","8.55","1,,,I","2.59","1,,,I"
"FR000007354","1964-03","46.86","1.7217","155.0","DEOLS CHATEAUROUX AERODROME DE, FR","0.0","I","0.0",",I","15",",I","8",",I","0",",I","0",",I","10",",I","2",",I","0",",I","0",",I","19640308","+,,I","19640324",",,I","19640314",",,I","-4.4",",I,08,+","20.7",",,I,24,","17.2",",I,14,","2312.0","I","375.3",",I","75.0",",,,I","6.23",",I","9.57",",,,I","2.89",",,,I"
"FR000007354","1964-04","46.86","1.7217","155.0","DEOLS CHATEAUROUX AERODROME DE, FR","0.0","I","0.0",",I","15",",I","8",",I","1",",I","0",",I","2",",I","0",",I","2",",I","0",",I","19640408","+,,I","19640418",",,I","19640416",",,I","0.0",",I,08,+","42.6",",,I,18,","24.4",",I,16,","2563.1","I","251.1",",I","110.6",",,,I","9.96",",I","14.72",",,,I","5.20",",,,I"
"FR000007354","1964-05","46.86","1.7217","155.0","DEOLS CHATEAUROUX AERODROME DE, FR","2.2","I","2.2",",I","8",",I","6",",I","0",",I","0",",I","0",",I","0",",I","11",",I","0",",I","19640509",",,I","19640503",",,I","19640512",",,I","3.3",",I,09,","10.2",",,I,03,","27.2",",I,12,","2689.3","I","126.2",",I","35.8",",,,I","14.33",",I","19.51",",,,I","9.16",",,,I"
"FR000007354","1964-06","46.86","1.7217","155.0","DEOLS CHATEAUROUX AERODROME DE, FR","13.9","I","11.7",",I","6",",I","3",",I","0",",I","0",",I","0",",I","0",",I","18",",I","1",",I","19640622",",,I","19640601",",,I","19640612",",,I","4.4",",I,22,","16.0",",,I,01,","32.8",",I,12,","2753.3","I","64.0",",I","36.5",",,,I","16.59",",I","22.38",",,,I","10.80",",,,I"
"FR000007354","1964-07","46.86","1.7217","155.0","DEOLS CHATEAUROUX AERODROME DE, FR","93.2","I","79.3",",I","5",",I","1",",I","0",",I","0",",I","0",",I","0",",I","28",",I","6",",I","19640707",",,I","19640709",",,I","19640717",",,I","7.2",",I,07,","13.2",",,I,09,","36.1",",I,17,","15.7","I","15.7",",I","17.3",",,,I","20.39",",I","27.50",",,,I","13.27",",,,I"
"FR000007354","1964-08","46.86","1.7217","155.0","DEOLS CHATEAUROUX AERODROME DE, FR","143.2","I","50.0",",I","5",",I","3",",I","0",",I","0",",I","0",",I","0",",I","29",",I","4",",I","19640812",",,I","19640818",",,I","19640826",",,I","6.7",",I,12,","7.9",",,I,18,","35.0",",I,26,","43.2","I","27.5",",I","19.5",",,,I","19.06",",I","25.23",",,,I","12.89",",,,I"
"FR000007354","1964-09","46.86","1.7217","155.0","DEOLS CHATEAUROUX AERODROME DE, FR","171.6","I","28.4",",I","10",",I","8",",I","1",",I","0",",I","0",",I","0",",I","19",",I","1",",I","19640922",",,I","19640915",",,I","19640913",",,I","5.0",",I,22,","33.3",",,I,15,","32.2",",I,13,","83.9","I","40.7",",I","66.7",",,,I","17.92",",I","23.36",",,,I","12.48",",,,I"
"FR000007354","1964-10","46.86","1.7217","155.0","DEOLS CHATEAUROUX AERODROME DE, FR","172.1","I","0.5","2,I","8",",I","6",",I","0",",I","0","1,I","4","1,I","0","1,I","5","1,I","0","1,I","19641025",",1,I","19641009",",,I","19641001",",1,I","-2.8","1,I,25,","9.1",",,I,09,","23.3","1,I,01,","339.8","I","255.9","1,I","35.7",",,,I","9.40","2,I","13.31","1,,,I","5.50","1,,,I"
"FR000007354","1964-11","46.86","1.7217","155.0","DEOLS CHATEAUROUX AERODROME DE, FR","172.1","I","0.0","2,I","10",",I","4",",I","0",",I","0","1,I","3","1,I","0","1,I","0","1,I","0","1,I","19641108",",1,I","19641104",",,I","19641114",",1,I","-2.2","1,I,08,","6.8",",,I,04,","15.0","1,I,14,","676.6","I","336.8","1,I","25.9",",,,I","6.48","2,I","8.87","1,,,I","4.09","1,,,I"
"FR000007354","1964-12","46.86","1.7217","155.0","DEOLS CHATEAUROUX AERODROME DE, FR","172.1","I","0.0",",I","10",",I","6",",I","0",",I","0",",I","18",",I","2",",I","0",",I","0",",I","19641229",",,I","19641227",",,I","19641209","+,,I","-11.7",",I,29,","10.9",",,I,27,","13.9",",I,09,+","1156.0","I","479.4",",I","39.4",",,,I","2.87",",I","5.98",",,,I","-0.25",",,,I"
"FR000007354","1965-01","46.86","1.7217","155.0","DEOLS CHATEAUROUX AERODROME DE, FR","","","","","19",",I","12",",I","0",",I","0","4,I","17","4,I","0","3,I","0","3,I","0","3,I","19650106","+,4,I","19650118",",,I","19650131",",3,I","-4.4","4,I,06,+","18.1",",,I,18,","13.9","3,I,31,","","","","","90.1",",,,I","3.58","6,I","6.72","3,,,I","0.45","4,,,I"
"FR000007354","1965-02","46.86","1.7217","155.0","DEOLS CHATEAUROUX AERODROME DE, FR","","","0.0","1,I","5",",I","1",",I","0",",I","0",",I","21",",I","2","1,I","0","1,I","0","1,I","19650210",",,I","19650213",",,I","19650223",",1,I","-5.6",",I,10,","4.3",",,I,13,","10.0","1,I,23,","","","464.7","1,I","8.5",",,,I","1.20","1,I","4.17","1,,,I","-1.78",",,,I"
"FR000007354","1965-03","46.86","1.7217","155.0","DEOLS CHATEAUROUX AERODROME DE, FR","","","0.0",",I","12",",I","8",",I","0",",I","0",",I","10",",I","2",",I","2",",I","0",",I","19650303",",,I","19650318",",,I","19650330","+,,I","-10.0",",I,03,","8.4",",,I,18,","21.1",",I,30,+","","","350.5",",I","52.1",",,,I","7.03",",I","11.25",",,,I","2.80",",,,I"
"FR000007354","1965-04","46.86","1.7217","155.0","DEOLS CHATEAUROUX AERODROME DE, FR","","","0.0","2,I","19",",I","10",",I","1",",I","0","1,I","0","1,I","0","1,I","0","1,I","0","1,I","19650422",",1,I","19650405",",,I","19650430",",1,I","0.6","1,I,22,","31.5",",,I,05,","20.0","1,I,30,","","","259.4","1,I","98.7",",,,I","9.08","2,I","13.23","1,,,I","4.93","1,,,I"
"FR000007354","1965-05","46.86","1.7217","155.0","DEOLS CHATEAUROUX AERODROME DE, FR","","","0.0",",I","14",",I","8",",I","0",",I","0",",I","0",",I","0",",I","3",",I","0",",I","19650521",",,I","19650529",",,I","19650514",",,I","1.1",",I,21,","8.9",",,I,29,","27.2",",I,14,","","","183.9",",I","48.5",",,,I","12.40",",I","16.74",",,,I","8.06",",,,I"
"FR000007354","1965-06","46.86","1.7217","155.0","DEOLS CHATEAUROUX AERODROME DE, FR","","","12.8",",I","9",",I","5",",I","0",",I","0",",I","0",",I","0",",I","17",",I","0",",I","19650608","+,,I","19650621",",,I","19650630",",,I","5.6",",I,08,+","24.7",",,I,21,","28.9",",I,30,","","","93.8",",I","47.4",",,,I","15.63",",I","20.89",",,,I","10.38",",,,I"
"FR000007354","1965-07","46.86","1.7217","155.0","DEOLS CHATEAUROUX AERODROME DE, FR","","","8.6",",I","12",",I","8",",I","0",",I","0",",I","0",",I","0",",I","16",",I","0",",I","19650705",",,I","19650730",",,I","19650713",",,I","6.1",",I,05,","21.1",",,I,30,","31.1",",I,13,","59.0","I","59.0",",I","77.4",",,,I","16.71",",I","21.75",",,,I","11.67",",,,I"
"FR000007354","1965-08","46.86","1.7217","155.0","DEOLS CHATEAUROUX AERODROME DE, FR","","","7.2",",I","13",",I","7",",I","0",",I","0",",I","0",",I","0",",I","15",",I","0",",I","19650809",",,I","19650813",",,I","19650805",",,I","7.2",",I,09,","22.3",",,I,13,","28.9",",I,05,","128.8","I","69.8",",I","66.3",",,,I","16.31",",I","21.12",",,,I","11.51",",,,I"
"FR000007354","1965-09","46.86","1.7217","155.0","DEOLS CHATEAUROUX AERODROME DE, FR","","","1.1",",I","15",",I","11",",I","2",",I","0",",I","0",",I","0",",I","7",",I","0",",I","19650927","+,,I","19650902",",,I","19650924",",,I","5.0",",I,27,+","56.4",",,I,02,","26.1",",I,24,","280.8","I","152.0",",I","173.3",",,,I","13.30",",I","17.43",",,,I","9.17",",,,I"
"FR000007354","1965-10","46.86","1.7217","155.0","DEOLS CHATEAUROUX AERODROME DE, FR","","","0.0",",I","3",",I","2",",I","0",",I","0",",I","0",",I","0",",I","9",",I","0",",I","19651030",",,I","19651015",",,I","19651005",",,I","1.7",",I,30,","8.9",",,I,15,","25.5",",I,05,","451.6","I","170.8",",I","11.9",",,,I","12.82",",I","18.01",",,,I","7.64",",,,I"
"FR000007354","1965-11","46.86","1.7217","155.0","DEOLS CHATEAUROUX AERODROME DE, FR","","","0.0","4,I","21",",I","13",",I","0",",I","0","2,I","6","2,I","0","2,I","0","2,I","0","2,I","19651114",",2,I","19651121",",,I","19651107",",2,I","-6.1","2,I,14,","17.3",",,I,21,","17.8","2,I,07,","744.4","I","292.8","2,I","106.3",",,,I","6.87","4,I","10.04","2,,,I","3.71","2,,,I"
"FR000007354","1965-12","46.86","1.7217","155.0","DEOLS CHATEAUROUX AERODROME DE, FR","","","","","23",",I","16",",I","0",",I","0","3,I","9","3,I","0","3,I","0","3,I","0","3,I","19651229",",3,I","19651231",",,I","19651219",",3,I","-6.7","3,I,29,","14.8",",,I,31,","14.4","3,I,19,","","","","","109.5",",,,I","5.30","6,I","8.59","3,,,I","2.02","3,,,I"
"FR000007354","1966-01","46.86","1.7217","155.0","DEOLS CHATEAUROUX AERODROME DE, FR","0.0","I","0.0","2,I","12",",I","6",",I","0",",I","0","1,I","16","1,I","6","1,I","0","1,I","0","1,I","19660118",",1,I","19660111",",,I","19660131",",1,I","-16.1","1,I,18,","17.5",",,I,11,","15.6","1,I,31,","","","470.3","1,I","72.1",",,,I","2.01","2,I","5.32","1,,,I","-1.30","1,,,I"
"FR000007354","1966-02","46.86","1.7217","155.0","DEOLS CHATEAUROUX AERODROME DE, FR","0.0","I","0.0",",I","20",",I","12",",I","1",",I","0",",I","3",",I","0",",I","0",",I","0",",I","19660215","+,,I","19660208",",,I","19660225",",,I","-1.1",",I,15,+","25.9",",,I,08,","18.3",",I,25,","","","280.5",",I","116.5",",,,I","8.32",",I","11.99",",,,I","4.64",",,,I"
"FR000007354","1966-03","46.86","1.7217","155.0","DEOLS CHATEAUROUX AERODROME DE, FR","0.0","I","0.0",",I","8",",I","5",",I","0",",I","0",",I","15",",I","0",",I","0",",I","0",",I","19660330",",,I","19660326",",,I","19660308",",,I","-2.8",",I,30,","10.7",",,I,26,","15.0",",I,08,","","","392.6",",I","37.2",",,,I","5.67",",I","10.22",",,,I","1.11",",,,I"
"FR000007354","1966-04","46.86","1.7217","155.0","DEOLS CHATEAUROUX AERODROME DE, FR","0.0","I","0.0",",I","18",",I","10",",I","0",",I","0",",I","0",",I","0",",I","2",",I","0",",I","19660401",",,I","19660410",",,I","19660430","+,,I","0.6",",I,01,","16.0",",,I,10,","21.1",",I,30,+","","","208.1",",I","81.9",",,,I","11.40",",I","15.97",",,,I","6.82",",,,I"
"FR000007354","1966-05","46.86","1.7217","155.0","DEOLS CHATEAUROUX AERODROME DE, FR","0.0","I","0.0",",I","11",",I","5",",I","0",",I","0",",I","0",",I","0",",I","7",",I","0",",I","19660508",",,I","19660512",",,I","19660522",",,I","2.8",",I,08,","16.0",",,I,12,","26.7",",I,22,","","","172.2",",I","49.8",",,,I","12.78",",I","17.80",",,,I","7.75",",,,I"
"FR000007354","1966-06","46.86","1.7217","155.0","DEOLS CHATEAUROUX AERODROME DE, FR","11.6","I","11.6",",I","11",",I","8",",I","0",",I","0",",I","0",",I","0",",I","18",",I","0",",I","19660601",",,I","19660618",",,I","19660616","+,,I","6.1",",I,01,","18.7",",,I,18,","28.3",",I,16,+","","","59.1",",I","55.8",",,,I","16.75",",I","22.13",",,,I","11.38",",,,I"
"FR000007354","1966-07","46.86","1.7217","155.0","DEOLS CHATEAUROUX AERODROME DE, FR","25.2","I","13.6",",I","13",",I","6",",I","1",",I","0",",I","0",",I","0",",I","18",",I","0",",I","19660726",",,I","19660719",",,I","19660710","+,,I","8.3",",I,26,","37.5",",,I,19,","28.9",",I,10,+","57.1","I","57.1",",I","72.3",",,,I","16.93",",I","21.81",",,,I","12.05",",,,I"
"FR000007354","1966-08","46.86","1.7217","155.0","DEOLS CHATEAUROUX AERODROME DE, FR","52.8","I","27.6",",I","9",",I","5",",I","0",",I","0",",I","0",",I","0",",I","20",",I","0",",I","19660826",",,I","19660803",",,I","19660812",",,I","5.6",",I,26,","19.5",",,I,03,","31.7",",I,12,","105.2","I","48.1",",I","63.9",",,,I","17.67",",I","22.85",",,,I","12.50",",,,I"
"FR000007354","1966-09","46.86","1.7217","155.0","DEOLS CHATEAUROUX AERODROME DE, FR","72.7","I","19.9",",I","5",",I","2",",I","0",",I","0",",I","0",",I","0",",I","24",",I","1",",I","19660917",",,I","19660915",",,I","19660908",",,I","5.6",",I,17,","5.1",",,I,15,","32.2",",I,08,","150.9","I","45.7",",I","11.0",",,,I","17.47",",I","23.71",",,,I","11.23",",,,I"
"FR000007354","1966-10","46.86","1.7217","155.0","DEOLS CHATEAUROUX AERODROME DE, FR","76.1","I","3.4","2,I","21",",I","8",",I","1",",I","0","1,I","2","1,I","0","1,I","6","1,I","0","1,I","19661031",",1,I","19661004",",,I","19661003",",1,I","-0.6","1,I,31,","40.7",",,I,04,","26.7","1,I,03,","278.1","I","127.2","1,I","91.0",",,,I","14.01","2,I","17.67","1,,,I","10.36","1,,,I"
"FR000007354","1966-11","46.86","1.7217","155.0","DEOLS CHATEAUROUX AERODROME DE, FR","76.1","I","0.0","2,I","17",",I","13",",I","0",",I","0","1,I","9","1,I","0","1,I","0","1,I","0","1,I","19661126","+,1,I","19661108",",,I","19661106",",1,I","-3.3","1,I,26,+","10.1",",,I,08,","19.4","1,I,06,","644.0","I","365.9","1,I","60.6",",,,I","5.26","2,I","8.60","1,,,I","1.91","1,,,I"
"FR000007354","1966-12","46.86","1.7217","155.0","DEOLS CHATEAUROUX AERODROME DE, FR","76.1","I","0.0",",I","23",",I","13",",I","0",",I","0",",I","6",",I","0",",I","0",",I","0",",I","19661211",",,I","19661206",",,I","19661229",",,I","-8.3",",I,11,","19.2",",,I,06,","12.0",",I,29,","1033.3","I","389.3",",I","100.9",",,,I","5.77",",I","8.43",",,,I","3.12",",,,I"
"FR000007354","1967-01","46.86","1.7217","155.0","DEOLS CHATEAUROUX AERODROME DE, FR","0.0","I","0.0","2,I","11",",I","5",",I","0",",I","0","1,I","12","1,I","4","1,I","0","1,I","0","1,I","19670111",",1,I","19670102",",,I","19670130",",1,I","-11.2","1,I,11,","11.7",",,I,02,","18.3","1,I,30,","1458.9","I","425.6","1,I","43.9",",,,I","3.80","2,I","7.19","1,,,I","0.40","1,,,I"
"FR000007354","1967-02","46.86","1.7217","155.0","DEOLS CHATEAUROUX AERODROME DE, FR","0.0","I","0.0",",I","12",",I","10",",I","0",",I","0",",I","9",",I","0",",I","0",",I","0",",I","19670211",",,I","19670219",",,I","19670225",",,I","-5.3",",I,11,","23.7",",,I,19,","16.8",",I,25,","1790.2","I","331.3",",I","91.5",",,,I","6.50",",I","10.31",",,,I","2.70",",,,I"
"FR000007354","1967-03","46.86","1.7217","155.0","DEOLS CHATEAUROUX AERODROME DE, FR","0.0","I","0.0",",I","15",",I","5",",I","0",",I","0",",I","3",",I","0",",I","1",",I","0",",I","19670317","+,,I","19670301",",,I","19670325",",,I","-1.0",",I,17,+","21.3",",,I,01,","21.6",",I,25,","2091.9","I","301.7",",I","57.4",",,,I","8.60",",I","12.92",",,,I","4.29",",,,I"
"FR000007354","1967-04","46.86","1.7217","155.0","DEOLS CHATEAUROUX AERODROME DE, FR","0.0","I","0.0",",I","9",",I","1",",I","0",",I","0",",I","2",",I","0",",I","3",",I","0",",I","19670402",",,I","19670423",",,I","19670430",",,I","-1.2",",I,02,","4.9",",,I,23,","24.2",",I,30,","2352.9","I","261.0",",I","14.2",",,,I","9.63",",I","15.41",",,,I","3.85",",,,I"
"FR000007354","1967-05","46.86","1.7217","155.0","DEOLS CHATEAUROUX AERODROME DE, FR","2.0","I","2.0",",I","22",",I","16",",I","0",",I","0",",I","0",",I","0",",I","10",",I","0",",I","19670503",",,I","19670524",",,I","19670527",",,I","1.2",",I,03,","18.1",",,I,24,","31.1",",I,27,","2503.3","I","150.4",",I","131.2",",,,I","13.55",",I","19.50",",,,I","7.59",",,,I"
"FR000007354","1967-06","46.86","1.7217","155.0","DEOLS CHATEAUROUX AERODROME DE, FR","23.0","I","21.0",",I","6",",I","2",",I","0",",I","0",",I","0",",I","0",",I","21",",I","1",",I","19670602",",,I","19670627",",,I","19670623",",,I","5.1",",I,02,","8.8",",,I,27,","33.9",",I,23,","2582.2","I","78.9",",I","18.0",",,,I","16.40",",I","23.19",",,,I","9.61",",,,I"
"FR000007354","1967-07","46.86","1.7217","155.0","DEOLS CHATEAUROUX AERODROME DE, FR","99.4","I","76.4",",I","6",",I","1",",I","0",",I","0",",I","0",",I","0",",I","29",",I","5",",I","19670709",",,I","19670702",",,I","19670718",",,I","6.7",",I,09,","4.8",",,I,02,","32.5",",I,18,","9.6","I","9.6",",I","7.5",",,,I","20.49",",I","27.51",",,,I","13.47",",,,I"
"FR000007354","1967-08","46.86","1.7217","155.0","DEOLS CHATEAUROUX AERODROME DE, FR","125.5","I","26.1",",I","9",",I","5",",I","0",",I","0",",I","0",",I","0",",I","28",",I","0",",I","19670806",",,I","19670812",",,I","19670801",",,I","4.5",",I,06,","15.5",",,I,12,","32.0",",I,01,","34.9","I","25.3",",I","46.6",",,,I","18.36",",I","24.64",",,,I","12.07",",,,I"
"FR000007354","1967-09","46.86","1.7217","155.0","DEOLS CHATEAUROUX AERODROME DE, FR","130.8","I","5.3",",I","15",",I","11",",I","0",",I","0",",I","0",",I","0",",I","10",",I","0",",I","19670910",",,I","19670912",",,I","19670924",",,I","5.5",",I,10,","24.2",",,I,12,","27.9",",I,24,","132.1","I","97.2",",I","111.6",",,,I","15.27",",I","20.25",",,,I","10.29",",,,I"
"FR000007354","1967-10","46.86","1.7217","155.0","DEOLS CHATEAUROUX AERODROME DE, FR","131.3","I","0.5",",I","18",",I","10",",I","0",",I","0",",I","0",",I","0",",I","7",",I","0",",I","19671019",",,I","19671021",",,I","19671011",",,I","2.1",",I,19,","9.9",",,I,21,","26.0",",I,11,","273.6","I","141.5",",I","73.1",",,,I","13.78",",I","18.22",",,,I","9.35",",,,I"
"FR000007354","1967-11","46.86","1.7217","155.0","DEOLS CHATEAUROUX AERODROME DE, FR","131.3","I","0.0",",I","12",",I","6",",I","0",",I","0",",I","3",",I","0",",I","0",",I","0",",I","19671127",",,I","19671114",",,I","19671109",",,I","-2.0",",I,27,","20.0",",,I,14,","17.0",",I,09,","616.6","I","343.0",",I","66.4",",,,I","6.90",",I","9.91",",,,I","3.89",",,,I"
"FR000007354","1967-12","46.86","1.7217","155.0","DEOLS CHATEAUROUX AERODROME DE, FR","131.3","I","0.0","2,I","15",",I","7",",I","0",",I","0","1,I","13","1,I","3","1,I","0","1,I","0","1,I","19671210",",1,I","19671223",",,I","19671223",",1,I","-17.0","1,I,10,","17.9",",,I,23,","12.9","1,I,23,","1076.8","I","460.2","1,I","84.0",",,,I","2.09","2,I","4.80","1,,,I","-0.63","1,,,I"
"FR000007354","1968-01","46.86","1.7217","155.0","DEOLS CHATEAUROUX AERODROME DE, FR","0.0","I","0.0","2,I","16",",I","11",",I","0",",I","0","1,I","15","1,I","1","1,I","0","1,I","0","1,I","19680113",",1,I","19680106",",,I","19680116",",1,I","-7.9","1,I,13,","14.1",",,I,06,","14.8","1,I,16,","1496.4","I","419.6","1,I","72.3",",,,I","3.77","2,I","7.22","1,,,I","0.32","1,,,I"
"FR000007354","1968-02","46.86","1.7217","155.0","DEOLS CHATEAUROUX AERODROME DE, FR","0.0","I","0.0","2,I","15",",I","9",",I","0",",I","0","1,I","10","1,I","0","1,I","0","1,I","0","1,I","19680229",",1,I","19680208",",,I","19680214",",1,I","-4.2","1,I,29,","15.4",",,I,08,","15.1","1,I,14,","1870.5","I","374.1","1,I","65.2",",,,I","4.51","2,I","8.39","1,,,I","0.64","1,,,I"
"FR000007354","1968-03","46.86","1.7217","155.0","DEOLS CHATEAUROUX AERODROME DE, FR","0.0","I","0.0",",I","9",",I","3",",I","0",",I","0",",I","7",",I","0",",I","3",",I","0",",I","19680302",",,I","19680315",",,I","19680328",",,I","-3.9",",I,02,","12.9",",,I,15,","24.0",",I,28,","2217.5","I","347.0",",I","31.6",",,,I","7.14",",I","11.37",",,,I","2.91",",,,I"
"FR000007354","1968-04","46.86","1.7217","155.0","DEOLS CHATEAUROUX AERODROME DE, FR","0.0","I","0.0",",I","15",",I","9",",I","0",",I","0",",I","6",",I","0",",I","6",",I","0",",I","19680413","+,,I","19680427",",,I","19680420",",,I","-2.0",",I,13,+","11.8",",,I,27,","26.9",",I,20,","2470.8","I","253.3",",I","56.4",",,,I","9.89",",I","15.47",",,,I","4.31",",,,I"
"FR000007354","1968-05","46.86","1.7217","155.0","DEOLS CHATEAUROUX AERODROME DE, FR","0.0","I","0.0",",I","15",",I","8",",I","0",",I","0",",I","0",",I","0",",I","4",",I","0",",I","19680513",",,I","19680503",",,I","19680528",",,I","0.8",",I,13,","14.2",",,I,03,","23.0",",I,28,","2672.6","I","201.8",",I","55.9",",,,I","11.82",",I","16.94",",,,I","6.71",",,,I"
"FR000007354","1968-06","46.86","1.7217","155.0","DEOLS CHATEAUROUX AERODROME DE, FR","17.2","I","17.2",",I","8",",I","6",",I","0",",I","0",",I","0",",I","0",",I","16",",I","1",",I","19680615",",,I","19680602",",,I","19680630",",,I","7.6",",I,15,","18.6",",,I,02,","33.8",",I,30,","2751.9","I","79.3",",I","53.6",",,,I","16.26",",I","21.81",",,,I","10.71",",,,I"
"FR000007354","1968-07","46.86","1.7217","155.0","DEOLS CHATEAUROUX AERODROME DE, FR","53.3","I","36.1",",I","10",",I","6",",I","0",",I","0",",I","0",",I","0",",I","25",",I","2",",I","19680722","+,,I","19680716",",,I","19680701",",,I","8.1",",I,22,+","24.8",",,I,16,","36.1",",I,01,","37.6","I","37.6",",I","58.3",",,,I","18.29",",I","24.09",",,,I","12.48",",,,I"
"FR000007354","1968-08","46.86","1.7217","155.0","DEOLS CHATEAUROUX AERODROME DE, FR","66.6","I","13.3",",I","14",",I","12",",I","3",",I","0",",I","0",",I","0",",I","19",",I","0",",I","19680819",",,I","19680829",",,I","19680822",",,I","7.0",",I,19,","43.0",",,I,29,","29.0",",I,22,","75.0","I","37.4",",I","188.3",",,,I","17.55",",I","22.40",",,,I","12.70",",,,I"
"FR000007354","1968-09","46.86","1.7217","155.0","DEOLS CHATEAUROUX AERODROME DE, FR","68.8","I","2.2",",I","16",",I","9",",I","0",",I","0",",I","0",",I","0",",I","9",",I","0",",I","19680925",",,I","19680903",",,I","19680927",",,I","6.2",",I,25,","16.7",",,I,03,","26.0",",I,27,","155.3","I","80.3",",I","88.6",",,,I","15.73",",I","20.47",",,,I","10.99",",,,I"
"FR000007354","1968-10","46.86","1.7217","155.0","DEOLS CHATEAUROUX AERODROME DE, FR","68.9","I","0.1",",I","9",",I","6",",I","0",",I","0",",I","0",",I","0",",I","8",",I","0",",I","19681016",",,I","19681014",",,I","19681012",",,I","4.2",",I,16,","9.3",",,I,14,","24.2",",I,12,","291.0","I","135.7",",I","41.7",",,,I","13.96",",I","18.68",",,,I","9.24",",,,I"
"FR000007354","1968-11","46.86","1.7217","155.0","DEOLS CHATEAUROUX AERODROME DE, FR","68.9","I","0.0","2,I","9",",I","4",",I","0",",I","0","1,I","8","1,I","1","1,I","0","1,I","0","1,I","19681118",",1,I","19681101",",,I","19681101",",1,I","-4.9","1,I,18,","14.0",",,I,01,","19.1","1,I,01,","619.0","I","328.0","1,I","41.9",",,,I","6.42","2,I","10.22","1,,,I","2.63","1,,,I"
"FR000007354","1968-12","46.86","1.7217","155.0","DEOLS CHATEAUROUX AERODROME DE, FR","","","","","17",",I","10",",I","0",",I","0","4,I","11","4,I","3","4,I","0","4,I","0","4,I","19681214",",4,I","19681223",",,I","19681201",",4,I","-7.2","4,I,14,","22.0",",,I,23,","14.2","4,I,01,","","","","","99.3",",,,I","3.19","7,I","6.04","4,,,I","0.35","4,,,I"
"FR000007354","1969-01","46.86","1.7217","155.0","DEOLS CHATEAUROUX AERODROME DE, FR","0.0","I","0.0",",I","13",",I","5",",I","0",",I","0",",I","6",",I","1",",I","0",",I","0",",I","19690101",",,I","19690128",",,I","19690121",",,I","-6.7",",I,01,","11.2",",,I,28,","15.2",",I,21,","","","402.8",",I","39.2",",,,I","5.34",",I","8.75",",,,I","1.93",",,,I"
"FR000007354","1969-02","46.86","1.7217","155.0","DEOLS CHATEAUROUX AERODROME DE, FR","0.0","I","0.0","2,I","17",",I","4",",I","0",",I","0","1,I","15","1,I","3","1,I","0","1,I","0","1,I","19690215",",1,I","19690218",",,I","19690221",",1,I","-7.9","1,I,15,","7.3",",,I,18,","16.2","1,I,21,","","","407.1","1,I","34.4",",,,I","2.64","2,I","6.07","1,,,I","-0.80","1,,,I"
"FR000007354","1969-03","46.86","1.7217","155.0","DEOLS CHATEAUROUX AERODROME DE, FR","0.0","I","0.0",",I","18",",I","10",",I","0",",I","0",",I","10",",I","0",",I","0",",I","0",",I","19690329",",,I","19690313",",,I","19690319",",,I","-3.8",",I,29,","23.6",",,I,13,","17.2",",I,19,","","","341.5",",I","82.1",",,,I","7.32",",I","11.13",",,,I","3.50",",,,I"
"FR000007354","1969-04","46.86","1.7217","155.0","DEOLS CHATEAUROUX AERODROME DE, FR","0.0","I","0.0",",I","10",",I","5",",I","0",",I","0",",I","4",",I","0",",I","2",",I","0",",I","19690404",",,I","19690421",",,I","19690409",",,I","-0.4",",I,04,","12.5",",,I,21,","23.1",",I,09,","","","246.9",",I","41.3",",,,I","10.10",",I","14.82",",,,I","5.39",",,,I"
"FR000007354","1969-05","46.86","1.7217","155.0","DEOLS CHATEAUROUX AERODROME DE, FR","5.9","I","5.9",",I","16",",I","11",",I","0",",I","0",",I","0",",I","0",",I","8",",I","0",",I","19690519",",,I","19690502",",,I","19690512",",,I","0.8",",I,19,","13.2",",,I,02,","29.7",",I,12,","","","152.6",",I","80.9",",,,I","13.60",",I","19.04",",,,I","8.16",",,,I"
"FR000007354","1969-06","46.86","1.7217","155.0","DEOLS CHATEAUROUX AERODROME DE, FR","10.6","I","4.7",",I","14",",I","6",",I","0",",I","0",",I","0",",I","0",",I","15",",I","0",",I","19690605",",,I","19690623",",,I","19690610",",,I","3.0",",I,05,","16.4",",,I,23,","26.4",",I,10,","","","95.3",",I","56.4",",,,I","15.31",",I","20.43",",,,I","10.19",",,,I"
"FR000007354","1969-07","46.86","1.7217","155.0","DEOLS CHATEAUROUX AERODROME DE, FR","86.8","I","76.2",",I","5",",I","2",",I","0",",I","0",",I","0",",I","0",",I","25",",I","2",",I","19690710",",,I","19690708",",,I","19690728",",,I","6.3",",I,10,","5.8",",,I,08,","32.7",",I,28,","24.4","I","24.4",",I","11.5",",,,I","20.01",",I","26.40",",,,I","13.61",",,,I"
"FR000007354","1969-08","46.86","1.7217","155.0","DEOLS CHATEAUROUX AERODROME DE, FR","139.0","I","52.2",",I","14",",I","6",",I","0",",I","0",",I","0",",I","0",",I","23",",I","1",",I","19690825",",,I","19690811",",,I","19690808",",,I","7.8",",I,25,","19.6",",,I,11,","32.9",",I,08,","62.0","I","37.6",",I","46.4",",,,I","18.80",",I","24.82",",,,I","12.79",",,,I"
"FR000007354","1969-09","46.86","1.7217","155.0","DEOLS CHATEAUROUX AERODROME DE, FR","143.7","I","4.7",",I","14",",I","9",",I","0",",I","0",",I","0",",I","0",",I","14",",I","0",",I","19690921",",,I","19690902",",,I","19690911",",,I","5.6",",I,21,","22.8",",,I,02,","28.4",",I,11,","131.4","I","69.4",",I","75.4",",,,I","16.18",",I","21.25",",,,I","11.10",",,,I"
"FR000007354","1969-10","46.86","1.7217","155.0","DEOLS CHATEAUROUX AERODROME DE, FR","143.7","I","0.0",",I","3",",I","1",",I","0",",I","0",",I","0",",I","0",",I","11",",I","0",",I","19691031",",,I","19691018",",,I","19691006",",,I","0.1",",I,31,","3.3",",,I,18,","25.1",",I,06,","290.3","I","158.9",",I","6.8",",,,I","13.21",",I","18.94",",,,I","7.48",",,,I"
"FR000007354","1969-11","46.86","1.7217","155.0","DEOLS CHATEAUROUX AERODROME DE, FR","143.7","I","0.0",",I","21",",I","13",",I","0",",I","0",",I","7",",I","1",",I","0",",I","0",",I","19691130",",,I","19691123",",,I","19691111",",,I","-5.5",",I,30,","14.3",",,I,23,","18.1",",I,11,","628.5","I","338.2",",I","123.2",",,,I","7.06",",I","10.44",",,,I","3.68",",,,I"
"FR000007354","1969-12","46.86","1.7217","155.0","DEOLS CHATEAUROUX AERODROME DE, FR","143.7","I","0.0","4,I","11",",I","7",",I","0",",I","0","2,I","22","2,I","10","2,I","0","2,I","0","2,I","19691207",",2,I","19691203",",,I","19691203",",2,I","-12.0","2,I,07,","16.1",",,I,03,","11.1","2,I,03,","1115.1","I","486.6","2,I","49.8",",,,I","0.50","4,I","3.35","2,,,I","-2.35","2,,,I"
"FR000007354","1970-01","46.86","1.7217","155.0","DEOLS CHATEAUROUX AERODROME DE, FR","0.0","I","0.0","2,I","15",",I","7",",I","0",",I","0","1,I","11","1,I","3","1,I","0","1,I","0","1,I","19700106",",1,I","19700104",",,I","19700110",",1,I","-11.1","1,I,06,","18.4",",,I,04,","16.8","1,I,10,","1529.7","I","414.6","1,I","68.7",",,,I","4.06","2,I","7.37","1,,,I","0.75","1,,,I"
"FR000007354","1970-02","46.86","1.7217","155.0","DEOLS CHATEAUROUX AERODROME DE, FR","0.0","I","0.0",",I","22",",I","18",",I","0",",I","0",",I","10",",I","0",",I","0",",I","0",",I","19700216",",,I","19700210",",,I","19700202",",,I","-5.0",",I,16,","19.5",",,I,10,","11.3",",I,02,","1895.5","I","365.8",",I","139.9",",,,I","5.27",",I","7.97",",,,I","2.56",",,,I"
"FR000007354","1970-03","46.86","1.7217","155.0","DEOLS CHATEAUROUX AERODROME DE, FR","0.0","I","0.0",",I","21",",I","11",",I","0",",I","0",",I","11",",I","0",",I","0",",I","0",",I","19700311",",,I","19700317",",,I","19700321",",,I","-4.8",",I,11,","8.4",",,I,17,","16.3",",I,21,","2312.7","I","417.2",",I","70.9",",,,I","4.88",",I","8.24",",,,I","1.51",",,,I"
"FR000007354","1970-04","46.86","1.7217","155.0","DEOLS CHATEAUROUX AERODROME DE, FR","0.0","I","0.0",",I","17",",I","11",",I","0",",I","0",",I","3",",I","0",",I","2",",I","0",",I","19700403",",,I","19700411",",,I","19700417",",,I","-1.9",",I,03,","16.2",",,I,11,","24.0",",I,17,","2621.5","I","308.8",",I","69.2",",,,I","8.04",",I","12.03",",,,I","4.05",",,,I"
"FR000007354","1970-05","46.86","1.7217","155.0","DEOLS CHATEAUROUX AERODROME DE, FR","0.0","I","0.0",",I","5",",I","3",",I","0",",I","0",",I","0",",I","0",",I","10",",I","0",",I","19700509",",,I","19700515",",,I","19700514",",,I","4.0",",I,09,","11.7",",,I,15,","25.4",",I,14,","2762.4","I","140.9",",I","29.0",",,,I","13.79",",I","19.53",",,,I","8.05",",,,I"
"FR000007354","1970-06","46.86","1.7217","155.0","DEOLS CHATEAUROUX AERODROME DE, FR","25.7","I","25.7",",I","15",",I","9",",I","0",",I","0",",I","0",",I","0",",I","24",",I","0",",I","19700630",",,I","19700617",",,I","19700626",",,I","7.0",",I,30,","9.6",",,I,17,","30.1",",I,26,","2790.2","I","27.8",",I","61.3",",,,I","18.26",",I","23.63",",,,I","12.89",",,,I"
"FR000007354","1970-07","46.86","1.7217","155.0","DEOLS CHATEAUROUX AERODROME DE, FR","59.9","I","34.2",",I","13",",I","5",",I","0",",I","0",",I","0",",I","0",",I","22",",I","1",",I","19700704",",,I","19700728",",,I","19700728",",,I","8.0",",I,04,","6.5",",,I,28,","32.6",",I,28,","31.5","I","31.5",",I","33.7",",,,I","18.42",",I","24.05",",,,I","12.79",",,,I"
"FR000007354","1970-08","46.86","1.7217","155.0","DEOLS CHATEAUROUX AERODROME DE, FR","102.0","I","42.1",",I","13",",I","7",",I","1",",I","0",",I","0",",I","0",",I","24",",I","0",",I","19700818",",,I","19700807",",,I","19700803",",,I","6.9",",I,18,","28.0",",,I,07,","32.1",",I,03,","62.2","I","30.7",",I","82.8",",,,I","18.70",",I","24.19",",,,I","13.22",",,,I"
"FR000007354","1970-09","46.86","1.7217","155.0","DEOLS CHATEAUROUX AERODROME DE, FR","113.7","I","11.7",",I","8",",I","4",",I","0",",I","0",",I","0",",I","0",",I","22",",I","0",",I","19700917",",,I","19700910",",,I","19700907",",,I","6.3",",I,17,","14.8",",,I,10,","31.0",",I,07,","106.6","I","44.4",",I","34.0",",,,I","17.24",",I","23.12",",,,I","11.36",",,,I"
"FR000007354","1970-10","46.86","1.7217","155.0","DEOLS CHATEAUROUX AERODROME DE, FR","114.5","I","0.8",",I","6",",I","4",",I","0",",I","0",",I","2",",I","0",",I","4",",I","0",",I","19701030","+,,I","19701006",",,I","19701012",",,I","-0.1",",I,30,+","10.7",",,I,06,","24.3",",I,12,","333.4","I","226.8",",I","31.5",",,,I","11.04",",I","15.91",",,,I","6.18",",,,I"
"FR000007354","1970-11","46.86","1.7217","155.0","DEOLS CHATEAUROUX AERODROME DE, FR","114.5","I","0.0",",I","16",",I","5",",I","0",",I","0",",I","1",",I","0",",I","1",",I","0",",I","19701116",",,I","19701117",",,I","19701102",",,I","-3.8",",I,16,","12.5",",,I,17,","21.3",",I,02,","618.1","I","284.7",",I","55.0",",,,I","8.84",",I","13.14",",,,I","4.55",",,,I"
"FR000007354","1970-12","46.86","1.7217","155.0","DEOLS CHATEAUROUX AERODROME DE, FR","114.5","I","0.0",",I","11",",I","4",",I","0",",I","0",",I","18",",I","10",",I","0",",I","0",",I","19701229",",,I","19701212",",,I","19701212",",,I","-9.0",",I,29,","5.9",",,I,12,","13.0",",I,12,","1135.6","I","517.5",",I","23.0",",,,I","1.64",",I","4.26",",,,I","-0.98",",,,I"
"FR000007354","1971-01","46.86","1.7217","155.0","DEOLS CHATEAUROUX AERODROME DE, FR","0.0","I","0.0",",I","18",",I","6",",I","0",",I","0",",I","15",",I","5",",I","0",",I","0",",I","19710105",",,I","19710119",",,I","19710123",",,I","-16.9",",I,05,","13.5",",,I,19,","15.4",",I,23,","1597.8","I","462.2",",I","56.2",",,,I","3.42",",I","7.18",",,,I","-0.33",",,,I"
"FR000007354","1971-02","46.86","1.7217","155.0","DEOLS CHATEAUROUX AERODROME DE, FR","0.0","I","0.0",",I","10",",I","6",",I","0",",I","0",",I","14",",I","0",",I","0",",I","0",",I","19710203",",,I","19710215",",,I","19710212",",,I","-6.9",",I,03,","17.9",",,I,15,","13.0",",I,12,","2010.3","I","412.5",",I","39.3",",,,I","3.60",",I","7.11",",,,I","0.10",",,,I"
"FR000007354","1971-03","46.86","1.7217","155.0","DEOLS CHATEAUROUX AERODROME DE, FR","0.0","I","0.0",",I","14",",I","4",",I","0",",I","0",",I","17",",I","4",",I","0",",I","0",",I","19710307","+,,I","19710325",",,I","19710313",",,I","-8.4",",I,07,+","13.6",",,I,25,","16.9",",I,13,","2459.8","I","449.5",",I","40.2",",,,I","3.83",",I","8.10",",,,I","-0.44",",,,I"
"FR000007354","1971-04","46.86","1.7217","155.0","DEOLS CHATEAUROUX AERODROME DE, FR","0.0","I","0.0",",I","10",",I","5",",I","0",",I","0",",I","0",",I","0",",I","4",",I","0",",I","19710429",",,I","19710423",",,I","19710414",",,I","0.9",",I,29,","10.3",",,I,23,","24.1",",I,14,","2662.0","I","202.2",",I","41.3",",,,I","11.59",",I","17.58",",,,I","5.60",",,,I"
"FR000007354","1971-05","46.86","1.7217","155.0","DEOLS CHATEAUROUX AERODROME DE, FR","2.6","I","2.6",",I","18",",I","11",",I","1",",I","0",",I","0",",I","0",",I","12",",I","0",",I","19710504",",,I","19710516",",,I","19710512",",,I","2.9",",I,04,","37.2",",,I,16,","26.2",",I,12,","2776.3","I","114.3",",I","140.7",",,,I","14.73",",I","19.85",",,,I","9.60",",,,I"
"FR000007354","1971-06","46.86","1.7217","155.0","DEOLS CHATEAUROUX AERODROME DE, FR","6.3","I","3.7",",I","13",",I","9",",I","0",",I","0",",I","0",",I","0",",I","10",",I","0",",I","19710618",",,I","19710615",",,I","19710604",",,I","5.8",",I,18,","21.1",",,I,15,","26.6",",I,04,","2870.6","I","94.3",",I","84.5",",,,I","15.31",",I","19.57",",,,I","11.05",",,,I"
"FR000007354","1971-07","46.86","1.7217","155.0","DEOLS CHATEAUROUX AERODROME DE, FR","77.9","I","71.6",",I","8",",I","4",",I","0",",I","0",",I","0",",I","0",",I","31",",I","5",",I","19710702",",,I","19710723",",,I","19710711",",,I","9.6",",I,02,","7.0",",,I,23,","33.0",",I,11,","6.3","I","6.3",",I","28.2",",,,I","20.44",",I","26.85",",,,I","14.02",",,,I"
"FR000007354","1971-08","46.86","1.7217","155.0","DEOLS CHATEAUROUX AERODROME DE, FR","104.5","I","26.6",",I","16",",I","10",",I","0",",I","0",",I","0",",I","0",",I","25",",I","0",",I","19710829","+,,I","19710821",",,I","19710817",",,I","7.8",",I,29,+","15.5",",,I,21,","31.2",",I,17,","27.8","I","21.5",",I","70.6",",,,I","18.50",",I","23.97",",,,I","13.03",",,,I"
"FR000007354","1971-09","46.86","1.7217","155.0","DEOLS CHATEAUROUX AERODROME DE, FR","112.9","I","8.4",",I","5",",I","4",",I","0",",I","0",",I","0",",I","0",",I","15",",I","0",",I","19710918",",,I","19710911",",,I","19710908",",,I","3.8",",I,18,","12.3",",,I,11,","28.7",",I,08,","107.9","I","80.1",",I","30.5",",,,I","15.94",",I","21.85",",,,I","10.03",",,,I"
"FR000007354","1971-10","46.86","1.7217","155.0","DEOLS CHATEAUROUX AERODROME DE, FR","112.9","I","0.0",",I","6",",I","4",",I","0",",I","0",",I","1",",I","0",",I","7",",I","0",",I","19711016",",,I","19711013",",,I","19711002",",,I","-1.0",",I,16,","8.0",",,I,13,","25.3",",I,02,","303.3","I","195.4",",I","20.4",",,,I","12.03",",I","17.89",",,,I","6.17",",,,I"
"FR000007354","1971-11","46.86","1.7217","155.0","DEOLS CHATEAUROUX AERODROME DE, FR","112.9","I","0.0","2,I","15",",I","9",",I","0",",I","0","1,I","7","1,I","0","1,I","0","1,I","0","1,I","19711125","+,1,I","19711130",",,I","19711104",",1,I","-2.1","1,I,25,+","9.4",",,I,30,","18.0","1,I,04,","687.0","I","383.7","1,I","56.4",",,,I","4.69","2,I","8.07","1,,,I","1.31","1,,,I"
"FR000007354","1971-12","46.86","1.7217","155.0","DEOLS CHATEAUROUX AERODROME DE, FR","112.9","I","0.0","4,I","8",",I","1",",I","0",",I","0","2,I","14","2,I","1","2,I","0","2,I","0","2,I","19711215",",2,I","19711202",",,I","19711226",",2,I","-5.2","2,I,15,","8.7",",,I,02,","13.7","2,I,26,","1072.9","I","385.9","2,I","13.4",",,,I","3.94","4,I","6.82","2,,,I","1.07","2,,,I"
"FR000007354","1972-01","46.86","1.7217","155.0","DEOLS CHATEAUROUX AERODROME DE, FR","0.0","I","0.0","3,I","21",",I","7",",I","0",",I","0","2,I","14","2,I","0","2,I","0","2,I","0","2,I","19720131",",2,I","19720102",",,I","19720111",",2,I","-8.9","2,I,31,","10.4",",,I,02,","12.9","2,I,11,","1483.0","I","410.1","2,I","61.0",",,,I","3.57","3,I","6.86","2,,,I","0.29","2,,,I"
"FR000007354","1972-02","46.86","1.7217","155.0","DEOLS CHATEAUROUX AERODROME DE, FR","0.0","I","0.0",",I","15",",I","9",",I","0",",I","0",",I","3",",I","0",",I","0",",I","0",",I","19720215",",,I","19720213",",,I","19720203",",,I","-2.1",",I,15,","21.2",",,I,13,","15.0",",I,03,","1836.8","I","353.8",",I","69.1",",,,I","6.13",",I","9.78",",,,I","2.49",",,,I"
"FR000007354","1972-03","46.86","1.7217","155.0","DEOLS CHATEAUROUX AERODROME DE, FR","0.0","I","0.0",",I","14",",I","6",",I","0",",I","0",",I","3",",I","0",",I","0",",I","0",",I","19720308",",,I","19720303",",,I","19720319",",,I","-0.1",",I,08,","13.0",",,I,03,","20.1",",I,19,","2134.6","I","297.8",",I","41.7",",,,I","8.73",",I","13.94",",,,I","3.52",",,,I"
"FR000007354","1972-04","46.86","1.7217","155.0","DEOLS CHATEAUROUX AERODROME DE, FR","0.0","I","0.0",",I","11",",I","3",",I","0",",I","0",",I","2",",I","0",",I","0",",I","0",",I","19720426","+,,I","19720410",",,I","19720430",",,I","-0.2",",I,26,+","9.8",",,I,10,","17.8",",I,30,","2406.1","I","271.5",",I","30.7",",,,I","9.28",",I","13.12",",,,I","5.44",",,,I"
"FR000007354","1972-05","46.86","1.7217","155.0","DEOLS CHATEAUROUX AERODROME DE, FR","0.0","I","0.0",",I","17",",I","5",",I","0",",I","0",",I","0",",I","0",",I","3",",I","0",",I","19720517",",,I","19720522",",,I","19720508",",,I","2.0",",I,17,","15.4",",,I,22,","22.8",",I,08,","2593.5","I","187.4",",I","46.7",",,,I","12.29",",I","16.98",",,,I","7.59",",,,I"
"FR000007354","1972-06","46.86","1.7217","155.0","DEOLS CHATEAUROUX AERODROME DE, FR","2.9","I","2.9",",I","9",",I","5",",I","0",",I","0",",I","0",",I","0",",I","8",",I","0",",I","19720611",",,I","19720605",",,I","19720626",",,I","5.0",",I,11,","18.4",",,I,05,","28.7",",I,26,","2718.1","I","124.6",",I","45.6",",,,I","14.28",",I","19.57",",,,I","8.98",",,,I"
"FR000007354","1972-07","46.86","1.7217","155.0","DEOLS CHATEAUROUX AERODROME DE, FR","47.8","I","44.9",",I","8",",I","5",",I","0",",I","0",",I","0",",I","0",",I","23",",I","0",",I","19720729",",,I","19720719",",,I","19720708",",,I","7.0",",I,29,","18.4",",,I,19,","31.2",",I,08,","33.7","I","33.7",",I","36.4",",,,I","18.70",",I","24.91",",,,I","12.48",",,,I"
"FR000007354","1972-08","46.86","1.7217","155.0","DEOLS CHATEAUROUX AERODROME DE, FR","62.8","I","15.0",",I","13",",I","8",",I","0",",I","0",",I","0",",I","0",",I","17",",I","0",",I","19720824","+,,I","19720807",",,I","19720806",",,I","7.5",",I,24,+","12.8",",,I,07,","29.8",",I,06,","83.2","I","49.5",",I","58.0",",,,I","17.22",",I","22.36",",,,I","12.07",",,,I"
"FR000007354","1972-09","46.86","1.7217","155.0","DEOLS CHATEAUROUX AERODROME DE, FR","64.0","I","1.2",",I","8",",I","4",",I","0",",I","0",",I","0",",I","0",",I","11",",I","0",",I","19720930",",,I","19720906",",,I","19720909","+,,I","2.9",",I,30,","12.5",",,I,06,","25.0",",I,09,+","238.8","I","155.6",",I","27.0",",,,I","13.19",",I","18.89",",,,I","7.48",",,,I"
"FR000007354","1972-10","46.86","1.7217","155.0","DEOLS CHATEAUROUX AERODROME DE, FR","64.0","I","0.0",",I","6",",I","3",",I","0",",I","0",",I","3",",I","0",",I","7",",I","0",",I","19721020",",,I","19721027",",,I","19721009",",,I","-1.4",",I,20,","6.0",",,I,27,","23.8",",I,09,","471.6","I","232.8",",I","17.9",",,,I","10.82",",I","16.57",",,,I","5.08",",,,I"
"FR000007354","1972-11","46.86","1.7217","155.0","DEOLS CHATEAUROUX AERODROME DE, FR","64.0","I","0.0","2,I","15",",I","12",",I","0",",I","0","1,I","5","1,I","0","1,I","0","1,I","0","1,I","19721128",",1,I","19721122",",,I","19721101",",1,I","-4.1","1,I,28,","23.0",",,I,22,","18.3","1,I,01,","791.1","I","319.5","1,I","103.2",",,,I","6.96","2,I","10.67","1,,,I","3.24","1,,,I"
"FR000007354","1972-12","46.86","1.7217","155.0","DEOLS CHATEAUROUX AERODROME DE, FR","64.0","I","0.0",",I","9",",I","5",",I","0",",I","0",",I","15",",I","2",",I","0",",I","0",",I","19721222",",,I","19721207",",,I","19721206",",,I","-5.0",",I,22,","9.5",",,I,07,","13.0",",I,06,","1235.5","I","444.4",",I","35.8",",,,I","4.00",",I","7.36",",,,I","0.63",",,,I"
"FR000007354","1973-01","46.86","1.7217","155.0","DEOLS CHATEAUROUX AERODROME DE, FR","0.0","I","0.0","2,I","12",",I","4",",I","0",",I","0","1,I","13","1,I","2","1,I","0","1,I","0","1,I","19730102",",1,I","19730127",",,I","19730127",",1,I","-6.9","1,I,02,","16.5",",,I,27,","10.0","1,I,27,","1691.4","I","455.9","1,I","44.6",",,,I","2.46","2,I","4.82","1,,,I","0.09","1,,,I"
"FR000007354","1973-02","46.86","1.7217","155.0","DEOLS CHATEAUROUX AERODROME DE, FR","0.0","I","0.0",",I","12",",I","7",",I","0",",I","0",",I","12",",I","0",",I","0",",I","0",",I","19730228",",,I","19730212",",,I","19730209",",,I","-4.9",",I,28,","18.4",",,I,12,","10.0",",I,09,","2127.6","I","436.2",",I","59.5",",,,I","2.75",",I","5.62",",,,I","-0.11",",,,I"
"FR000007354","1973-03","46.86","1.7217","155.0","DEOLS CHATEAUROUX AERODROME DE, FR","0.0","I","0.0",",I","4",",I","1",",I","0",",I","0",",I","19",",I","0",",I","0",",I","0",",I","19730301",",,I","19730324",",,I","19730323",",,I","-4.1",",I,01,","13.8",",,I,24,","19.8",",I,23,","2509.7","I","382.1",",I","16.9",",,,I","6.01",",I","12.05",",,,I","-0.04",",,,I"
"FR000007354","1973-04","46.86","1.7217","155.0","DEOLS CHATEAUROUX AERODROME DE, FR","0.0","I","0.0",",I","11",",I","3",",I","0",",I","0",",I","9",",I","0",",I","1",",I","0",",I","19730404",",,I","19730428",",,I","19730430",",,I","-2.9",",I,04,","4.6",",,I,28,","24.0",",I,30,","2825.8","I","316.1",",I","20.3",",,,I","7.80",",I","13.07",",,,I","2.52",",,,I"
"FR000007354","1973-05","46.86","1.7217","155.0","DEOLS CHATEAUROUX AERODROME DE, FR","0.5","I","0.5",",I","16",",I","10",",I","0",",I","0",",I","0",",I","0",",I","12",",I","0",",I","19730511",",,I","19730531",",,I","19730527",",,I","1.8",",I,11,","18.7",",,I,31,","27.1",",I,27,","2954.4","I","128.6",",I","85.2",",,,I","14.20",",I","19.60",",,,I","8.80",",,,I"
"FR000007354","1973-06","46.86","1.7217","155.0","DEOLS CHATEAUROUX AERODROME DE, FR","19.7","I","19.2",",I","5",",I","4",",I","1",",I","0",",I","0",",I","0",",I","24",",I","0",",I","19730603",",,I","19730601",",,I","19730626",",,I","5.9",",I,03,","26.0",",,I,01,","31.3",",I,26,","3001.2","I","46.8",",I","42.6",",,,I","17.41",",I","23.45",",,,I","11.37",",,,I"
"FR000007354","1973-07","46.86","1.7217","155.0","DEOLS CHATEAUROUX AERODROME DE, FR","53.6","I","33.9",",I","14",",I","6",",I","0",",I","0",",I","0",",I","0",",I","22",",I","1",",I","19730726",",,I","19730723",",,I","19730704",",,I","8.8",",I,26,","20.1",",,I,23,","32.7",",I,04,","28.5","I","28.5",",I","62.3",",,,I","18.51",",I","23.56",",,,I","13.45",",,,I"
"FR000007354","1973-08","46.86","1.7217","155.0","DEOLS CHATEAUROUX AERODROME DE, FR","142.6","I","89.0",",I","8",",I","6",",I","0",",I","0",",I","0",",I","0",",I","29",",I","0",",I","19730809",",,I","19730803",",,I","19730814",",,I","5.9",",I,09,","8.0",",,I,03,","31.9",",I,14,","38.2","I","9.7",",I","34.2",",,,I","20.89",",I","26.90",",,,I","14.88",",,,I"
"FR000007354","1973-09","46.86","1.7217","155.0","DEOLS CHATEAUROUX AERODROME DE, FR","186.6","I","44.0",",I","9",",I","5",",I","0",",I","0",",I","0",",I","0",",I","19",",I","2",",I","19730924",",,I","19730917",",,I","19730904",",,I","3.2",",I,24,","18.0",",,I,17,","32.6",",I,04,","101.2","I","63.0",",I","40.3",",,,I","17.70",",I","23.76",",,,I","11.65",",,,I"
"FR000007354","1973-10","46.86","1.7217","155.0","DEOLS CHATEAUROUX AERODROME DE, FR","186.6","I","0.0",",I","12",",I","5",",I","0",",I","0",",I","3",",I","0",",I","1",",I","0",",I","19731027",",,I","19731003",",,I","19731005",",,I","-1.1",",I,27,","23.4",",,I,03,","24.0",",I,05,","355.8","I","254.6",",I","66.9",",,,I","10.12",",I","14.55",",,,I","5.69",",,,I"
"FR000007354","1973-11","46.86","1.7217","155.0","DEOLS CHATEAUROUX AERODROME DE, FR","186.6","I","0.0",",I","11",",I","4",",I","0",",I","0",",I","11",",I","0",",I","0",",I","0",",I","19731128",",,I","19731128",",,I","19731101",",,I","-6.0",",I,28,","16.3",",,I,28,","19.6",",I,01,","710.6","I","354.8",",I","34.8",",,,I","6.51",",I","10.91",",,,I","2.10",",,,I"
"FR000007354","1973-12","46.86","1.7217","155.0","DEOLS CHATEAUROUX AERODROME DE, FR","","","","","18",",I","7",",I","0",",I","0","4,I","13","4,I","1","4,I","0","4,I","0","4,I","19731203",",4,I","19731223",",,I","19731220",",4,I","-9.6","4,I,03,","11.5",",,I,23,","14.0","4,I,20,","","","","","63.7",",,,I","3.12","8,I","6.24","4,,,I","0.00","4,,,I"
"FR000007354","1974-01","46.86","1.7217","155.0","DEOLS CHATEAUROUX AERODROME DE, FR","0.0","I","0.0",",I","16",",I","7",",I","0",",I","0",",I","4",",I","0",",I","0",",I","0",",I","19740103",",,I","19740128",",,I","19740128","+,,I","-3.0",",I,03,","11.1",",,I,28,","15.0",",I,28,+","","","355.7",",I","48.7",",,,I","6.86",",I","10.15",",,,I","3.57",",,,I"
"FR000007354","1974-02","46.86","1.7217","155.0","DEOLS CHATEAUROUX AERODROME DE, FR","0.0","I","0.0",",I","14",",I","3",",I","0",",I","0",",I","6",",I","0",",I","0",",I","0",",I","19740226",",,I","19740205",",,I","19740211",",,I","-2.3",",I,26,","12.1",",,I,05,","16.4",",I,11,","","","356.3",",I","32.5",",,,I","5.61",",I","9.00",",,,I","2.22",",,,I"
"FR000007354","1974-03","46.86","1.7217","155.0","DEOLS CHATEAUROUX AERODROME DE, FR","0.0","I","0.0","2,I","14",",I","9",",I","1",",I","0","1,I","9","1,I","0","1,I","0","1,I","0","1,I","19740306",",1,I","19740319",",,I","19740325",",1,I","-5.4","1,I,06,","25.6",",,I,19,","19.7","1,I,25,","","","314.1","1,I","96.5",",,,I","7.56","2,I","11.52","1,,,I","3.61","1,,,I"
"FR000007354","1974-04","46.86","1.7217","155.0","DEOLS CHATEAUROUX AERODROME DE, FR","0.0","I","0.0",",I","8",",I","5",",I","0",",I","0",",I","1",",I","0",",I","1",",I","0",",I","19740428",",,I","19740403",",,I","19740409",",,I","-0.2",",I,28,","20.2",",,I,03,","21.3",",I,09,","","","259.5",",I","51.3",",,,I","9.68",",I","15.16",",,,I","4.21",",,,I"
"FR000007354","1974-05","46.86","1.7217","155.0","DEOLS CHATEAUROUX AERODROME DE, FR","0.1","I","0.1",",I","13",",I","9",",I","0",",I","0",",I","1",",I","0",",I","8",",I","0",",I","19740508",",,I","19740505",",,I","19740519",",,I","-0.2",",I,08,","8.6",",,I,05,","25.1",",I,19,","","","178.8",",I","45.5",",,,I","12.57",",I","17.92",",,,I","7.22",",,,I"
"FR000007354","1974-06","46.86","1.7217","155.0","DEOLS CHATEAUROUX AERODROME DE, FR","8.3","I","8.2",",I","14",",I","9",",I","0",",I","0",",I","0",",I","0",",I","17",",I","0",",I","19740619",",,I","19740629",",,I","19740622",",,I","6.5",",I,19,","10.6",",,I,29,","28.8",",I,22,","","","69.0",",I","63.0",",,,I","16.31",",I","22.18",",,,I","10.43",",,,I"
"FR000007354","1974-07","46.86","1.7217","155.0","DEOLS CHATEAUROUX AERODROME DE, FR","30.6","I","22.3",",I","6",",I","3",",I","0",",I","0",",I","0",",I","0",",I","23",",I","1",",I","19740726",",,I","19740701",",,I","19740729",",,I","6.5",",I,26,","6.5",",,I,01,","32.5",",I,29,","31.7","I","31.7",",I","16.0",",,,I","18.03",",I","24.29",",,,I","11.76",",,,I"
"FR000007354","1974-08","46.86","1.7217","155.0","DEOLS CHATEAUROUX AERODROME DE, FR","88.9","I","58.3",",I","10",",I","5",",I","0",",I","0",",I","0",",I","0",",I","29",",I","5",",I","19740828",",,I","19740803",",,I","19740816",",,I","7.5",",I,28,","7.4",",,I,03,","37.3",",I,16,","50.2","I","18.5",",I","29.3",",,,I","19.62",",I","26.07",",,,I","13.17",",,,I"
"FR000007354","1974-09","46.86","1.7217","155.0","DEOLS CHATEAUROUX AERODROME DE, FR","98.0","I","9.1",",I","17",",I","9",",I","0",",I","0",",I","0",",I","0",",I","7",",I","0",",I","19740930",",,I","19740918",",,I","19740912",",,I","4.9",",I,30,","11.3",",,I,18,","29.4",",I,12,","162.7","I","112.5",",I","67.8",",,,I","14.89",",I","19.19",",,,I","10.59",",,,I"
"FR000007354","1974-10","46.86","1.7217","155.0","DEOLS CHATEAUROUX AERODROME DE, FR","98.0","I","0.0",",I","21",",I","11",",I","0",",I","0",",I","1",",I","0",",I","0",",I","0",",I","19741015",",,I","19741023",",,I","19741005",",,I","-0.6",",I,15,","13.3",",,I,23,","13.9",",I,05,","486.9","I","324.2",",I","88.8",",,,I","7.87",",I","10.85",",,,I","4.89",",,,I"
"FR000007354","1974-11","46.86","1.7217","155.0","DEOLS CHATEAUROUX AERODROME DE, FR","98.0","I","0.0",",I","22",",I","8",",I","0",",I","0",",I","2",",I","0",",I","0",",I","0",",I","19741107",",,I","19741126",",,I","19741115",",,I","-3.1",",I,07,","8.8",",,I,26,","17.9",",I,15,","790.3","I","303.4",",I","55.6",",,,I","8.22",",I","11.25",",,,I","5.18",",,,I"
"FR000007354","1974-12","46.86","1.7217","155.0","DEOLS CHATEAUROUX AERODROME DE, FR","98.0","I","0.0","2,I","15",",I","4",",I","0",",I","0","1,I","5","1,I","0","1,I","0","1,I","0","1,I","19741231",",1,I","19741224",",,I","19741225",",1,I","-4.0","1,I,31,","5.8",",,I,24,","13.7","1,I,25,","1116.0","I","325.7","1,I","31.9",",,,I","7.08","2,I","10.04","1,,,I","4.11","1,,,I"
"FR000007354","1975-01","46.86","1.7217","155.0","DEOLS CHATEAUROUX AERODROME DE, FR","0.0","I","0.0",",I","15",",I","7",",I","0",",I","0",",I","7",",I","1",",I","0",",I","0",",I","19750102",",,I","19750117",",,I","19750115",",,I","-4.1",",I,02,","10.6",",,I,17,","17.4",",I,15,","1488.1","I","372.1",",I","50.9",",,,I","6.33",",I","9.51",",,,I","3.15",",,,I"
"FR000007354","1975-02","46.86","1.7217","155.0","DEOLS CHATEAUROUX AERODROME DE, FR","0.0","I","0.0",",I","4",",I","1",",I","0",",I","0",",I","16",",I","0",",I","0",",I","0",",I","19750221",",,I","19750211",",,I","19750228",",,I","-3.4",",I,21,","3.5",",,I,11,","16.9",",I,28,","1836.6","I","348.5",",I","7.3",",,,I","5.89",",I","11.44",",,,I","0.34",",,,I"
"FR000007354","1975-03","46.86","1.7217","155.0","DEOLS CHATEAUROUX AERODROME DE, FR","0.0","I","0.0",",I","20",",I","9",",I","0",",I","0",",I","10",",I","0",",I","0",",I","0",",I","19750329",",,I","19750330",",,I","19750301",",,I","-3.8",",I,29,","16.9",",,I,30,","16.3",",I,01,","2240.7","I","404.1",",I","79.8",",,,I","5.30",",I","8.65",",,,I","1.95",",,,I"
"FR000007354","1975-04","46.86","1.7217","155.0","DEOLS CHATEAUROUX AERODROME DE, FR","0.0","I","0.0",",I","15",",I","10",",I","0",",I","0",",I","6",",I","0",",I","5",",I","0",",I","19750406",",,I","19750402",",,I","19750428",",,I","-3.0",",I,06,","10.8",",,I,02,","23.3",",I,28,","2511.0","I","270.3",",I","53.2",",,,I","9.32",",I","14.02",",,,I","4.63",",,,I"
"FR000007354","1975-05","46.86","1.7217","155.0","DEOLS CHATEAUROUX AERODROME DE, FR","2.4","I","2.4","2,I","16",",I","9",",I","0",",I","0","1,I","0","1,I","0","1,I","4","1,I","0","1,I","19750501",",1,I","19750530",",,I","19750520",",1,I","2.1","1,I,01,","18.8",",,I,30,","28.0","1,I,20,","2699.3","I","188.3","1,I","95.6",",,,I","11.89","2,I","16.54","1,,,I","7.23","1,,,I"
"FR000007354","1975-06","46.86","1.7217","155.0","DEOLS CHATEAUROUX AERODROME DE, FR","14.4","I","12.0",",I","10",",I","4",",I","0",",I","0",",I","0",",I","0",",I","15",",I","0",",I","19750603",",,I","19750627",",,I","19750613",",,I","3.1",",I,03,","21.1",",,I,27,","28.1",",I,13,","2782.9","I","83.6",",I","49.6",",,,I","15.95",",I","21.42",",,,I","10.48",",,,I"
"FR000007354","1975-07","46.86","1.7217","155.0","DEOLS CHATEAUROUX AERODROME DE, FR","50.0","I","35.6",",I","9",",I","5",",I","0",",I","0",",I","0",",I","0",",I","28",",I","2",",I","19750702",",,I","19750704",",,I","19750731",",,I","5.8",",I,02,","15.1",",,I,04,","33.5",",I,31,","18.8","I","18.8",",I","42.6",",,,I","18.87",",I","25.25",",,,I","12.50",",,,I"
"FR000007354","1975-08","46.86","1.7217","155.0","DEOLS CHATEAUROUX AERODROME DE, FR","143.4","I","93.4",",I","7",",I","3",",I","0",",I","0",",I","0",",I","0",",I","28",",I","6",",I","19750824",",,I","19750821",",,I","19750804",",,I","8.6",",I,24,","5.6",",,I,21,","37.0",",I,04,","32.8","I","14.0",",I","17.3",",,,I","20.89",",I","27.08",",,,I","14.70",",,,I"
"FR000007354","1975-09","46.86","1.7217","155.0","DEOLS CHATEAUROUX AERODROME DE, FR","147.0","I","3.6",",I","18",",I","11",",I","2",",I","0",",I","0",",I","0",",I","12",",I","0",",I","19750915",",,I","19750917",",,I","19750929",",,I","7.1",",I,15,","58.6",",,I,17,","25.9",",I,29,","105.1","I","72.3",",I","204.4",",,,I","16.04",",I","20.39",",,,I","11.70",",,,I"
"FR000007354","1975-10","46.86","1.7217","155.0","DEOLS CHATEAUROUX AERODROME DE, FR","147.0","I","0.0",",I","10",",I","4",",I","0",",I","0",",I","0",",I","0",",I","0",",I","0",",I","19751028","+,,I","19751001",",,I","19751002",",,I","2.0",",I,28,+","5.8",",,I,01,","20.7",",I,02,","360.1","I","255.0",",I","24.8",",,,I","10.11",",I","14.44",",,,I","5.78",",,,I"
"FR000007354","1975-11","46.86","1.7217","155.0","DEOLS CHATEAUROUX AERODROME DE, FR","147.0","I","0.0","2,I","19",",I","11",",I","0",",I","0","1,I","7","1,I","0","1,I","0","1,I","0","1,I","19751122",",1,I","19751116",",,I","19751113",",1,I","-2.1","1,I,22,","12.3",",,I,16,","15.5","1,I,13,","686.6","I","326.5","1,I","95.0",",,,I","6.72","2,I","10.00","1,,,I","3.44","1,,,I"
"FR000007354","1975-12","46.86","1.7217","155.0","DEOLS CHATEAUROUX AERODROME DE, FR","147.0","I","0.0","2,I","7",",I","5",",I","0",",I","0","1,I","20","1,I","2","1,I","0","1,I","0","1,I","19751220",",1,I","19751202",",,I","19751202",",1,I","-8.3","1,I,20,","25.1",",,I,02,","11.3","1,I,02,","1175.6","I","489.0","1,I","41.2",",,,I","1.52","2,I","3.70","1,,,I","-0.67","1,,,I"
"FR000007354","1976-01","46.86","1.7217","155.0","DEOLS CHATEAUROUX AERODROME DE, FR","0.0","I","0.0","4,I","12",",I","5",",I","0",",I","0","2,I","14","2,I","0","2,I","0","2,I","0","2,I","19760129",",2,I","19760131",",,I","19760103",",2,I","-5.0","2,I,29,","6.1",",,I,31,","10.9","2,I,03,","1584.5","I","408.9","2,I","25.0",",,,I","3.28","4,I","5.96","2,,,I","0.60","2,,,I"
"FR000007354","1976-02","46.86","1.7217","155.0","DEOLS CHATEAUROUX AERODROME DE, FR","0.0","I","0.0","2,I","14",",I","6",",I","0",",I","0","1,I","12","1,I","2","1,I","0","1,I","0","1,I","19760201",",1,I","19760212",",,I","19760229",",1,I","-3.0","1,I,01,","22.2",",,I,12,","17.7","1,I,29,","1939.6","I","355.1","1,I","57.2",",,,I","5.21","2,I","9.48","1,,,I","0.94","1,,,I"
"FR000007354","1976-03","46.86","1.7217","155.0","DEOLS CHATEAUROUX AERODROME DE, FR","0.0","I","0.0",",I","7",",I","3",",I","0",",I","0",",I","9",",I","0",",I","0",",I","0",",I","19760309",",,I","19760322",",,I","19760329",",,I","-5.4",",I,09,","8.6",",,I,22,","21.0",",I,29,","2311.3","I","371.7",",I","26.4",",,,I","6.34",",I","11.47",",,,I","1.22",",,,I"
"FR000007354","1976-04","46.86","1.7217","155.0","DEOLS CHATEAUROUX AERODROME DE, FR","0.0","I","0.0",",I","9",",I","3",",I","0",",I","0",",I","4",",I","0",",I","4",",I","0",",I","19760424",",,I","19760404",",,I","19760401",",,I","-0.9",",I,24,","19.5",",,I,04,","24.2",",I,01,","2582.1","I","270.8",",I","41.1",",,,I","9.31",",I","14.83",",,,I","3.78",",,,I"
"FR000007354","1976-05","46.86","1.7217","155.0","DEOLS CHATEAUROUX AERODROME DE, FR","2.5","I","2.5",",I","8",",I","4",",I","0",",I","0",",I","0",",I","0",",I","11",",I","0",",I","19760501",",,I","19760503",",,I","19760507",",,I","1.0",",I,01,","7.3",",,I,03,","28.1",",I,07,","2717.9","I","135.8",",I","26.1",",,,I","14.03",",I","20.05",",,,I","8.02",",,,I"
"FR000007354","1976-06","46.86","1.7217","155.0","DEOLS CHATEAUROUX AERODROME DE, FR","94.4","I","91.9",",I","1",",I","0",",I","0",",I","0",",I","0",",I","0",",I","26",",I","8",",I","19760605",",,I","19760614",",,I","19760628",",,I","4.4",",I,05,","1.1",",,I,14,","35.3",",I,28,","2747.8","I","29.9",",I","1.1",",,,I","20.40",",I","28.21",",,,I","12.59",",,,I"
"FR000007354","1976-07","46.86","1.7217","155.0","DEOLS CHATEAUROUX AERODROME DE, FR","190.3","I","95.9",",I","10",",I","7",",I","0",",I","0",",I","0",",I","0",",I","30",",I","5",",I","19760722",",,I","19760704",",,I","19760701",",,I","7.9",",I,22,","15.4",",,I,04,","34.6",",I,01,","10.2","I","10.2",",I","59.4",",,,I","21.10",",I","27.24",",,,I","14.96",",,,I"
"FR000007354","1976-08","46.86","1.7217","155.0","DEOLS CHATEAUROUX AERODROME DE, FR","260.8","I","70.5",",I","3",",I","1",",I","1",",I","0",",I","0",",I","0",",I","29",",I","0",",I","19760802",",,I","19760829",",,I","19760826","+,,I","7.8",",I,02,","29.7",",,I,29,","30.8",",I,26,+","18.2","I","8.0",",I","32.6",",,,I","20.35",",I","27.33",",,,I","13.36",",,,I"
"FR000007354","1976-09","46.86","1.7217","155.0","DEOLS CHATEAUROUX AERODROME DE, FR","263.6","I","2.8",",I","13",",I","8",",I","0",",I","0",",I","0",",I","0",",I","12",",I","0",",I","19760904",",,I","19760911",",,I","19760908",",,I","5.4",",I,04,","23.9",",,I,11,","26.4",",I,08,","122.3","I","104.1",",I","106.2",",,,I","14.96",",I","19.84",",,,I","10.08",",,,I"
"FR000007354","1976-10","46.86","1.7217","155.0","DEOLS CHATEAUROUX AERODROME DE, FR","264.0","I","0.4",",I","20",",I","13",",I","0",",I","0",",I","0",",I","0",",I","6",",I","0",",I","19761017",",,I","19761019",",,I","19761008",",,I","1.2",",I,17,","14.5",",,I,19,","26.1",",I,08,","311.2","I","188.9",",I","87.4",",,,I","12.25",",I","16.05",",,,I","8.46",",,,I"
"FR000007354","1976-11","46.86","1.7217","155.0","DEOLS CHATEAUROUX AERODROME DE, FR","264.0","I","0.0","2,I","16",",I","9",",I","0",",I","0","1,I","4","1,I","0","1,I","0","1,I","0","1,I","19761122",",1,I","19761130",",,I","19761106",",1,I","-4.2","1,I,22,","23.2",",,I,30,","15.0","1,I,06,","655.3","I","344.1","1,I","81.3",",,,I","6.12","2,I","9.06","1,,,I","3.18","1,,,I"
"FR000007354","1976-12","46.86","1.7217","155.0","DEOLS CHATEAUROUX AERODROME DE, FR","264.0","I","0.0","2,I","12",",I","9",",I","0",",I","0","1,I","17","1,I","2","1,I","0","1,I","0","1,I","19761228",",1,I","19761201",",,I","19761231",",1,I","-5.0","1,I,28,","20.3",",,I,01,","14.1","1,I,31,","1097.6","I","442.3","1,I","88.9",",,,I","3.16","2,I","5.74","1,,,I","0.59","1,,,I"
"FR000007354","1977-01","46.86","1.7217","155.0","DEOLS CHATEAUROUX AERODROME DE, FR","0.0","I","0.0","2,I","13",",I","11",",I","0",",I","0","1,I","11","1,I","0","1,I","0","1,I","0","1,I","19770117",",1,I","19770113",",,I","19770125","+,1,I","-4.1","1,I,17,","11.0",",,I,13,","13.1","1,I,25,+","1514.4","I","416.8","1,I","72.0",",,,I","3.92","2,I","6.26","1,,,I","1.59","1,,,I"
"FR000007354","1977-02","46.86","1.7217","155.0","DEOLS CHATEAUROUX AERODROME DE, FR","0.0","I","0.0",",I","22",",I","13",",I","0",",I","0",",I","4",",I","0",",I","0",",I","0",",I","19770201",",,I","19770216",",,I","19770207",",,I","-5.8",",I,01,","21.9",",,I,16,","13.4",",I,07,","1821.8","I","307.4",",I","165.2",",,,I","7.35",",I","10.05",",,,I","4.66",",,,I"
"FR000007354","1977-03","46.86","1.7217","155.0","DEOLS CHATEAUROUX AERODROME DE, FR","0.0","I","0.0","2,I","15",",I","10",",I","0",",I","0","1,I","4","1,I","0","1,I","1","1,I","0","1,I","19770331",",1,I","19770327",",,I","19770316",",1,I","-4.8","1,I,31,","9.2",",,I,27,","22.4","1,I,16,","2094.8","I","273.0","1,I","56.3",",,,I","8.88","2,I","13.72","1,,,I","4.03","1,,,I"
"FR000007354","1977-04","46.86","1.7217","155.0","DEOLS CHATEAUROUX AERODROME DE, FR","0.0","I","0.0",",I","14",",I","5",",I","0",",I","0",",I","5",",I","0",",I","2",",I","0",",I","19770409",",,I","19770402",",,I","19770426",",,I","-3.8",",I,09,","8.2",",,I,02,","23.1",",I,26,","2384.2","I","289.4",",I","41.4",",,,I","8.69",",I","13.23",",,,I","4.14",",,,I"
"FR000007354","1977-05","46.86","1.7217","155.0","DEOLS CHATEAUROUX AERODROME DE, FR","0.0","I","0.0",",I","20",",I","14",",I","3",",I","0",",I","0",",I","0",",I","5",",I","0",",I","19770501",",,I","19770519",",,I","19770525",",,I","3.0",",I,01,","32.6",",,I,19,","23.7",",I,25,","2549.6","I","165.4",",I","183.4",",,,I","13.00",",I","17.18",",,,I","8.82",",,,I"
"FR000007354","1977-06","46.86","1.7217","155.0","DEOLS CHATEAUROUX AERODROME DE, FR","1.9","I","1.9",",I","14",",I","11",",I","1",",I","0",",I","0",",I","0",",I","8",",I","0",",I","19770601",",,I","19770620",",,I","19770612",",,I","6.8",",I,01,","39.7",",,I,20,","26.3",",I,12,","2643.0","I","93.4",",I","133.4",",,,I","15.28",",I","19.62",",,,I","10.95",",,,I"
"FR000007354","1977-07","46.86","1.7217","155.0","DEOLS CHATEAUROUX AERODROME DE, FR","36.3","I","34.4",",I","12",",I","7",",I","0",",I","0",",I","0",",I","0",",I","21",",I","0",",I","19770701",",,I","19770727",",,I","19770711",",,I","8.9",",I,01,","18.4",",,I,27,","29.1",",I,11,","37.1","I","37.1",",I","98.0",",,,I","18.25",",I","23.03",",,,I","13.46",",,,I"
"FR000007354","1977-08","46.86","1.7217","155.0","DEOLS CHATEAUROUX AERODROME DE, FR","45.8","I","9.5",",I","16",",I","6",",I","0",",I","0",",I","0",",I","0",",I","21",",I","0",",I","19770802",",,I","19770816",",,I","19770816",",,I","8.1",",I,02,","9.7",",,I,16,","26.5",",I,16,","83.3","I","46.2",",I","47.4",",,,I","17.15",",I","22.23",",,,I","12.07",",,,I"
"FR000007354","1977-09","46.86","1.7217","155.0","DEOLS CHATEAUROUX AERODROME DE, FR","47.4","I","1.6",",I","4",",I","1",",I","0",",I","0",",I","0",",I","0",",I","17",",I","0",",I","19770919",",,I","19770924",",,I","19770912",",,I","3.1",",I,19,","4.4",",,I,24,","28.2",",I,12,","184.5","I","101.2",",I","6.9",",,,I","15.01",",I","20.75",",,,I","9.28",",,,I"
"FR000007354","1977-10","46.86","1.7217","155.0","DEOLS CHATEAUROUX AERODROME DE, FR","49.1","I","1.7",",I","14",",I","8",",I","1",",I","0",",I","0",",I","0",",I","5",",I","0",",I","19771012",",,I","19771006",",,I","19771021",",,I","2.2",",I,12,","38.6",",,I,06,","24.9",",I,21,","344.9","I","160.4",",I","96.5",",,,I","13.21",",I","17.69",",,,I","8.74",",,,I"
"FR000007354","1977-11","46.86","1.7217","155.0","DEOLS CHATEAUROUX AERODROME DE, FR","49.1","I","0.0","2,I","16",",I","8",",I","0",",I","0","1,I","8","1,I","1","1,I","0","1,I","0","1,I","19771129","+,1,I","19771113",",,I","19771110",",1,I","-4.1","1,I,29,+","14.2",",,I,13,","20.1","1,I,10,","666.2","I","321.3","1,I","64.1",",,,I","6.97","2,I","10.37","1,,,I","3.58","1,,,I"
"FR000007354","1977-12","46.86","1.7217","155.0","DEOLS CHATEAUROUX AERODROME DE, FR","49.1","I","0.0","4,I","15",",I","8",",I","0",",I","0","2,I","11","2,I","0","2,I","0","2,I","0","2,I","19771220",",2,I","19771211",",,I","19771224",",2,I","-4.7","2,I,20,","14.2",",,I,11,","14.7","2,I,24,","1028.8","I","362.6","2,I","60.6",",,,I","5.12","4,I","8.59","2,,,I","1.66","2,,,I"
"FR000007354","1978-01","46.86","1.7217","155.0","DEOLS CHATEAUROUX AERODROME DE, FR","0.0","I","0.0","2,I","16",",I","5",",I","0",",I","0","1,I","13","1,I","0","1,I","0","1,I","0","1,I","19780107",",1,I","19780123",",,I","19780124",",1,I","-4.9","1,I,07,","22.1",",,I,23,","11.2","1,I,24,","1461.7","I","432.9","1,I","78.2",",,,I","3.38","2,I","6.05","1,,,I","0.71","1,,,I"
"FR000007354","1978-02","46.86","1.7217","155.0","DEOLS CHATEAUROUX AERODROME DE, FR","0.0","I","0.0","2,I","16",",I","10",",I","0",",I","0","1,I","8","1,I","2","1,I","0","1,I","0","1,I","19780212",",1,I","19780216",",,I","19780223",",1,I","-8.1","1,I,12,","11.3",",,I,16,","18.4","1,I,23,","1795.6","I","333.9","1,I","73.4",",,,I","5.35","2,I","9.08","1,,,I","1.63","1,,,I"
"FR000007354","1978-03","46.86","1.7217","155.0","DEOLS CHATEAUROUX AERODROME DE, FR","0.0","I","0.0",",I","19",",I","12",",I","1",",I","0",",I","2",",I","0",",I","1",",I","0",",I","19780307",",,I","19780329",",,I","19780328",",,I","-0.3",",I,07,","32.4",",,I,29,","22.2",",I,28,","2127.3","I","331.7",",I","130.3",",,,I","7.63",",I","11.53",",,,I","3.74",",,,I"
"FR000007354","1978-04","46.86","1.7217","155.0","DEOLS CHATEAUROUX AERODROME DE, FR","0.0","I","0.0",",I","20",",I","9",",I","0",",I","0",",I","6",",I","0",",I","0",",I","0",",I","19780411",",,I","19780418",",,I","19780423",",,I","-1.9",",I,11,","18.4",",,I,18,","18.2",",I,23,","2433.0","I","305.7",",I","87.5",",,,I","8.14",",I","12.24",",,,I","4.04",",,,I"
"FR000007354","1978-05","46.86","1.7217","155.0","DEOLS CHATEAUROUX AERODROME DE, FR","0.9","I","0.9",",I","13",",I","9",",I","0",",I","0",",I","0",",I","0",",I","6",",I","0",",I","19780507",",,I","19780518",",,I","19780530",",,I","3.1",",I,07,","10.2",",,I,18,","26.9",",I,30,","2612.2","I","179.2",",I","56.1",",,,I","12.58",",I","16.91",",,,I","8.25",",,,I"
"FR000007354","1978-06","46.86","1.7217","155.0","DEOLS CHATEAUROUX AERODROME DE, FR","8.8","I","7.9",",I","14",",I","9",",I","0",",I","0",",I","0",",I","0",",I","13",",I","0",",I","19780614",",,I","19780602",",,I","19780602",",,I","6.3",",I,14,","24.1",",,I,02,","26.9",",I,02,","2700.7","I","88.5",",I","67.9",",,,I","15.65",",I","20.32",",,,I","10.97",",,,I"
"FR000007354","1978-07","46.86","1.7217","155.0","DEOLS CHATEAUROUX AERODROME DE, FR","32.6","I","23.8","2,I","8",",I","5",",I","1",",I","0","1,I","0","1,I","0","1,I","20","1,I","0","1,I","19780707",",1,I","19780730",",,I","19780729",",1,I","8.9","1,I,07,","29.2",",,I,30,","32.1","1,I,29,","39.9","I","39.9","1,I","60.6",",,,I","17.82","2,I","23.16","1,,,I","12.48","1,,,I"
"FR000007354","1978-08","46.86","1.7217","155.0","DEOLS CHATEAUROUX AERODROME DE, FR","45.4","I","12.8",",I","4",",I","1",",I","0",",I","0",",I","0",",I","0",",I","23",",I","0",",I","19780831",",,I","19780808",",,I","19780822",",,I","7.1",",I,31,","3.8",",,I,08,","29.8",",I,22,","89.7","I","49.8",",I","5.5",",,,I","17.14",",I","22.89",",,,I","11.39",",,,I"
"FR000007354","1978-09","46.86","1.7217","155.0","DEOLS CHATEAUROUX AERODROME DE, FR","50.7","I","5.3",",I","9",",I","3",",I","0",",I","0",",I","0",",I","0",",I","18",",I","0",",I","19780921",",,I","19780906",",,I","19780917",",,I","3.9",",I,21,","16.9",",,I,06,","28.8",",I,17,","173.4","I","83.7",",I","31.2",",,,I","15.72",",I","21.74",",,,I","9.70",",,,I"
"FR000007354","1978-10","46.86","1.7217","155.0","DEOLS CHATEAUROUX AERODROME DE, FR","51.0","I","0.3",",I","3",",I","2",",I","0",",I","0",",I","1",",I","0",",I","8",",I","0",",I","19781031",",,I","19781001",",,I","19781011","+,,I","-0.8",",I,31,","10.4",",,I,01,","27.0",",I,11,+","387.2","I","213.8",",I","18.4",",,,I","11.45",",I","17.38",",,,I","5.51",",,,I"
"FR000007354","1978-11","46.86","1.7217","155.0","DEOLS CHATEAUROUX AERODROME DE, FR","51.0","I","0.0",",I","8",",I","4",",I","0",",I","0",",I","16",",I","1",",I","0",",I","0",",I","19781130",",,I","19781120",",,I","19781107",",,I","-5.9",",I,30,","5.7",",,I,20,","19.0",",I,07,","753.9","I","366.7",",I","20.7",",,,I","6.11",",I","11.16",",,,I","1.06",",,,I"
"FR000007354","1978-12","46.86","1.7217","155.0","DEOLS CHATEAUROUX AERODROME DE, FR","51.0","I","0.0","3,I","18",",I","14",",I","0",",I","0","2,I","11","2,I","1","1,I","0","1,I","0","1,I","19781201",",2,I","19781230",",,I","19781210",",1,I","-6.0","2,I,01,","13.7",",,I,30,","19.1","1,I,10,","1083.7","I","329.8","1,I","105.7",",,,I","6.38","3,I","9.40","1,,,I","3.35","2,,,I"
"FR000007354","1979-01","46.86","1.7217","155.0","DEOLS CHATEAUROUX AERODROME DE, FR","0.0","I","0.0","5,I","12",",I","6",",I","0",",I","0","2,I","22","2,I","4","3,I","0","3,I","0","3,I","19790102",",2,I","19790104",",,I","19790120",",3,I","-9.0","2,I,02,","16.5",",,I,04,","10.4","3,I,20,","1544.1","I","460.4","3,I","67.9",",,,I","0.71","5,I","4.08","3,,,I","-2.67","2,,,I"
"FR000007354","1979-02","46.86","1.7217","155.0","DEOLS CHATEAUROUX AERODROME DE, FR","0.0","I","0.0","4,I","16",",I","14",",I","0",",I","0","2,I","14","2,I","2","2,I","0","2,I","0","2,I","19790226",",2,I","19790209",",,I","19790210",",2,I","-4.0","2,I,26,","20.1",",,I,09,","13.1","2,I,10,","1868.3","I","324.2","2,I","124.4",",,,I","4.83","4,I","7.80","2,,,I","1.86","2,,,I"
"FR000007354","1979-03","46.86","1.7217","155.0","DEOLS CHATEAUROUX AERODROME DE, FR","0.0","I","0.0",",I","26",",I","18",",I","0",",I","0",",I","3",",I","0",",I","0",",I","0",",I","19790301",",,I","19790327",",,I","19790324",",,I","-3.3",",I,01,","18.6",",,I,27,","15.0",",I,24,","2215.8","I","347.5",",I","134.3",",,,I","7.12",",I","10.20",",,,I","4.05",",,,I"
"FR000007354","1979-04","46.86","1.7217","155.0","DEOLS CHATEAUROUX AERODROME DE, FR","0.0","I","0.0",",I","19",",I","12",",I","0",",I","0",",I","1",",I","0",",I","0",",I","0",",I","19790407",",,I","19790423",",,I","19790413",",,I","-1.1",",I,07,","11.8",",,I,23,","20.5",",I,13,","2497.7","I","281.9",",I","74.8",",,,I","8.94",",I","12.85",",,,I","5.02",",,,I"
"FR000007354","1979-05","46.86","1.7217","155.0","DEOLS CHATEAUROUX AERODROME DE, FR","4.6","I","4.6",",I","19",",I","12",",I","0",",I","0",",I","1",",I","0",",I","7",",I","0",",I","19790505",",,I","19790517",",,I","19790515",",,I","-0.1",",I,05,","15.0",",,I,17,","27.2",",I,15,","2682.4","I","184.7",",I","78.6",",,,I","12.52",",I","17.42",",,,I","7.62",",,,I"
"FR000007354","1979-06","46.86","1.7217","155.0","DEOLS CHATEAUROUX AERODROME DE, FR","13.0","I","8.4",",I","13",",I","6",",I","0",",I","0",",I","0",",I","0",",I","16",",I","0",",I","19790616",",,I","19790610",",,I","19790621",",,I","7.1",",I,16,","12.9",",,I,10,","26.1",",I,21,","2736.3","I","53.9",",I","58.0",",,,I","16.82",",I","21.47",",,,I","12.17",",,,I"
"FR000007354","1979-07","46.86","1.7217","155.0","DEOLS CHATEAUROUX AERODROME DE, FR","51.0","I","38.0",",I","4",",I","3",",I","1",",I","0",",I","0",",I","0",",I","27",",I","0",",I","19790702",",,I","19790711",",,I","19790727",",,I","6.5",",I,02,","34.5",",,I,11,","30.7",",I,27,","28.5","I","28.5",",I","60.5",",,,I","18.64",",I","24.96",",,,I","12.31",",,,I"
"FR000007354","1979-08","46.86","1.7217","155.0","DEOLS CHATEAUROUX AERODROME DE, FR","68.6","I","17.6",",I","12",",I","5",",I","0",",I","0",",I","0",",I","0",",I","15",",I","0",",I","19790829",",,I","19790817",",,I","19790805",",,I","7.9",",I,29,","20.3",",,I,17,","29.7",",I,05,","78.0","I","49.5",",I","56.0",",,,I","17.30",",I","22.03",",,,I","12.58",",,,I"
"FR000007354","1979-09","46.86","1.7217","155.0","DEOLS CHATEAUROUX AERODROME DE, FR","81.4","I","12.8",",I","4",",I","3",",I","0",",I","0",",I","0",",I","0",",I","18",",I","0",",I","19790924",",,I","19790920",",,I","19790901",",,I","3.9",",I,24,","10.0",",,I,20,","29.9",",I,01,","160.9","I","82.9",",I","23.6",",,,I","16.00",",I","21.46",",,,I","10.54",",,,I"
"FR000007354","1979-10","46.86","1.7217","155.0","DEOLS CHATEAUROUX AERODROME DE, FR","82.5","I","1.1",",I","18",",I","10",",I","0",",I","0",",I","0",",I","0",",I","6",",I","0",",I","19791030",",,I","19791025",",,I","19791008",",,I","2.8",",I,30,","22.0",",,I,25,","25.0",",I,08,","336.7","I","175.8",",I","102.2",",,,I","12.70",",I","16.77",",,,I","8.63",",,,I"
"FR000007354","1979-11","46.86","1.7217","155.0","DEOLS CHATEAUROUX AERODROME DE, FR","82.5","I","0.0","2,I","11",",I","6",",I","0",",I","0","1,I","8","1,I","0","1,I","0","1,I","0","1,I","19791123",",1,I","19791112",",,I","19791104",",1,I","-4.0","1,I,23,","24.6",",,I,12,","16.1","1,I,04,","668.4","I","331.7","1,I","53.3",",,,I","6.62","2,I","10.34","1,,,I","2.90","1,,,I"
"FR000007354","1979-12","46.86","1.7217","155.0","DEOLS CHATEAUROUX AERODROME DE, FR","82.5","I","0.0","2,I","18",",I","11",",I","1",",I","0","1,I","8","1,I","1","1,I","0","1,I","0","1,I","19791222",",1,I","19791214",",,I","19791206",",1,I","-4.0","1,I,22,","30.5",",,I,14,","18.0","1,I,06,","1024.6","I","356.2","1,I","124.4",",,,I","6.11","2,I","9.65","1,,,I","2.57","1,,,I"
"FR000007354","1980-01","46.86","1.7217","155.0","DEOLS CHATEAUROUX AERODROME DE, FR","0.0","I","0.0","2,I","14",",I","8",",I","0",",I","0","1,I","18","1,I","4","1,I","0","1,I","0","1,I","19800114",",1,I","19800123",",,I","19800130",",1,I","-8.2","1,I,14,","21.6",",,I,23,","12.0","1,I,30,","1495.4","I","470.8","1,I","71.7",",,,I","2.08","2,I","4.95","1,,,I","-0.79","1,,,I"
"FR000007354","1980-02","46.86","1.7217","155.0","DEOLS CHATEAUROUX AERODROME DE, FR","0.0","I","0.0","2,I","12",",I","8",",I","0",",I","0","1,I","8","1,I","0","1,I","0","1,I","0","1,I","19800225",",1,I","19800203",",,I","19800209",",1,I","-1.8","1,I,25,","20.4",",,I,03,","16.1","1,I,09,","1807.7","I","312.3","1,I","73.7",",,,I","6.61","2,I","9.96","1,,,I","3.26","1,,,I"
"FR000007354","1980-03","46.86","1.7217","155.0","DEOLS CHATEAUROUX AERODROME DE, FR","0.0","I","0.0","2,I","19",",I","13",",I","0",",I","0","1,I","6","1,I","0","1,I","0","1,I","0","1,I","19800305",",1,I","19800306",",,I","19800327",",1,I","-3.6","1,I,05,","12.7",",,I,06,","17.7","1,I,27,","2157.2","I","349.5","1,I","98.8",",,,I","6.24","2,I","10.11","1,,,I","2.38","1,,,I"
"FR000007354","1980-04","46.86","1.7217","155.0","DEOLS CHATEAUROUX AERODROME DE, FR","0.0","I","0.0",",I","8",",I","1",",I","0",",I","0",",I","3",",I","0",",I","0",",I","0",",I","19800410",",,I","19800416",",,I","19800414",",,I","-0.2",",I,10,","2.5",",,I,16,","21.0",",I,14,","2449.6","I","292.4",",I","10.2",",,,I","8.59",",I","13.47",",,,I","3.70",",,,I"
"FR000007354","1980-05","46.86","1.7217","155.0","DEOLS CHATEAUROUX AERODROME DE, FR","0.0","I","0.0",",I","13",",I","9",",I","0",",I","0",",I","0",",I","0",",I","3",",I","0",",I","19800510",",,I","19800513",",,I","19800512",",,I","1.9",",I,10,","13.0",",,I,13,","25.2",",I,12,","2640.1","I","190.5",",I","80.7",",,,I","12.19",",I","17.48",",,,I","6.89",",,,I"
"FR000007354","1980-06","46.86","1.7217","155.0","DEOLS CHATEAUROUX AERODROME DE, FR","2.7","I","2.7",",I","20",",I","10",",I","0",",I","0",",I","0",",I","0",",I","8",",I","0",",I","19800602",",,I","19800623",",,I","19800605",",,I","4.6",",I,02,","9.7",",,I,23,","26.4",",I,05,","2734.2","I","94.1",",I","68.4",",,,I","15.29",",I","19.83",",,,I","10.75",",,,I"
"FR000007354","1980-07","46.86","1.7217","155.0","DEOLS CHATEAUROUX AERODROME DE, FR","20.5","I","17.8",",I","14",",I","11",",I","0",",I","0",",I","0",",I","0",",I","21",",I","1",",I","19800717",",,I","19800720",",,I","19800725",",,I","6.2",",I,17,","20.2",",,I,20,","33.1",",I,25,","53.6","I","53.6",",I","77.6",",,,I","17.18",",I","22.93",",,,I","11.42",",,,I"
"FR000007354","1980-08","46.86","1.7217","155.0","DEOLS CHATEAUROUX AERODROME DE, FR","63.2","I","42.7",",I","10",",I","4",",I","1",",I","0",",I","0",",I","0",",I","29",",I","1",",I","19800824",",,I","19800826",",,I","19800802",",,I","7.0",",I,24,","32.3",",,I,26,","32.4",",I,02,","66.7","I","13.1",",I","65.7",",,,I","19.29",",I","24.62",",,,I","13.95",",,,I"
"FR000007354","1980-09","46.86","1.7217","155.0","DEOLS CHATEAUROUX AERODROME DE, FR","73.4","I","10.2",",I","6",",I","2",",I","0",",I","0",",I","0",",I","0",",I","24",",I","0",",I","19800915",",,I","19800920",",,I","19800907",",,I","8.0",",I,15,","25.1",",,I,20,","28.2",",I,07,","102.4","I","35.7",",I","41.2",",,,I","17.48",",I","23.21",",,,I","11.75",",,,I"
"FR000007354","1980-10","46.86","1.7217","155.0","DEOLS CHATEAUROUX AERODROME DE, FR","73.4","I","0.0",",I","14",",I","8",",I","0",",I","0",",I","2",",I","0",",I","1",",I","0",",I","19801019",",,I","19801011",",,I","19801028",",,I","-0.3",",I,19,","18.9",",,I,11,","22.5",",I,28,","336.3","I","233.9",",I","74.4",",,,I","10.79",",I","15.13",",,,I","6.45",",,,I"
"FR000007354","1980-11","46.86","1.7217","155.0","DEOLS CHATEAUROUX AERODROME DE, FR","73.4","I","0.0","2,I","11",",I","4",",I","0",",I","0","1,I","13","1,I","0","1,I","0","1,I","0","1,I","19801107",",1,I","19801125",",,I","19801117",",1,I","-5.3","1,I,07,","12.0",",,I,25,","18.0","1,I,17,","703.4","I","367.1","1,I","42.1",",,,I","5.18","2,I","8.82","1,,,I","1.54","1,,,I"
"FR000007354","1980-12","46.86","1.7217","155.0","DEOLS CHATEAUROUX AERODROME DE, FR","73.4","I","0.0","2,I","18",",I","7",",I","0",",I","0","1,I","18","1,I","3","1,I","0","1,I","0","1,I","19801209",",1,I","19801226",",,I","19801214",",1,I","-7.5","1,I,09,","8.0",",,I,26,","12.8","1,I,14,","1164.9","I","461.5","1,I","43.1",",,,I","2.53","2,I","5.72","1,,,I","-0.65","1,,,I"
"FR000007354","1981-01","46.86","1.7217","155.0","DEOLS CHATEAUROUX AERODROME DE, FR","0.0","I","0.0",",I","15",",I","11",",I","0",",I","0",",I","16",",I","0",",I","0",",I","0",",I","19810114",",,I","19810103",",,I","19810104",",,I","-5.0",",I,14,","14.0",",,I,03,","10.5",",I,04,","1629.3","I","464.4",",I","84.3",",,,I","3.35",",I","6.41",",,,I","0.29",",,,I"
"FR000007354","1981-02","46.86","1.7217","155.0","DEOLS CHATEAUROUX AERODROME DE, FR","0.0","I","0.0",",I","10",",I","5",",I","0",",I","0",",I","19",",I","0",",I","0",",I","0",",I","19810214",",,I","19810203",",,I","19810228",",,I","-5.7",",I,14,","11.3",",,I,03,","9.7",",I,28,","2074.2","I","444.9",",I","38.5",",,,I","2.44",",I","5.76",",,,I","-0.87",",,,I"
"FR000007354","1981-03","46.86","1.7217","155.0","DEOLS CHATEAUROUX AERODROME DE, FR","0.0","I","0.0",",I","21",",I","13",",I","0",",I","0",",I","1",",I","0",",I","1",",I","0",",I","19810318",",,I","19810312",",,I","19810325",",,I","-0.8",",I,18,","15.6",",,I,12,","23.5",",I,25,","2326.7","I","252.5",",I","87.1",",,,I","10.19",",I","13.69",",,,I","6.68",",,,I"
"FR000007354","1981-04","46.86","1.7217","155.0","DEOLS CHATEAUROUX AERODROME DE, FR","0.0","I","0.0",",I","7",",I","1",",I","0",",I","0",",I","2",",I","0",",I","5",",I","0",",I","19810424","+,,I","19810425",",,I","19810414","+,,I","-0.9",",I,24,+","3.3",",,I,25,","23.3",",I,14,+","2562.1","I","235.4",",I","12.7",",,,I","10.49",",I","15.32",",,,I","5.65",",,,I"
"FR000007354","1981-05","46.86","1.7217","155.0","DEOLS CHATEAUROUX AERODROME DE, FR","2.9","I","2.9",",I","20",",I","12",",I","1",",I","0",",I","0",",I","0",",I","7",",I","0",",I","19810503",",,I","19810512",",,I","19810519",",,I","2.2",",I,03,","37.8",",,I,12,","27.8",",I,19,","2729.6","I","167.5",",I","158.7",",,,I","13.02",",I","17.50",",,,I","8.55",",,,I"
"FR000007354","1981-06","46.86","1.7217","155.0","DEOLS CHATEAUROUX AERODROME DE, FR","10.6","I","7.7",",I","10",",I","6",",I","0",",I","0",",I","0",",I","0",",I","10",",I","0",",I","19810629",",,I","19810627",",,I","19810615",",,I","5.7",",I,29,","21.8",",,I,27,","30.4",",I,15,","2825.5","I","95.9",",I","77.0",",,,I","15.39",",I","20.07",",,,I","10.72",",,,I"
"FR000007354","1981-07","46.86","1.7217","155.0","DEOLS CHATEAUROUX AERODROME DE, FR","35.8","I","25.2",",I","13",",I","3",",I","0",",I","0",",I","0",",I","0",",I","21",",I","1",",I","19810719",",,I","19810702",",,I","19810731",",,I","7.5",",I,19,","7.6",",,I,02,","32.5",",I,31,","39.8","I","39.8",",I","27.0",",,,I","17.86",",I","23.18",",,,I","12.54",",,,I"
"FR000007354","1981-08","46.86","1.7217","155.0","DEOLS CHATEAUROUX AERODROME DE, FR","85.6","I","49.8",",I","5",",I","2",",I","0",",I","0",",I","0",",I","0",",I","27",",I","1",",I","19810818",",,I","19810820",",,I","19810805",",,I","8.0",",I,18,","7.4",",,I,20,","33.7",",I,05,","62.3","I","22.5",",I","15.4",",,,I","19.21",",I","25.01",",,,I","13.42",",,,I"
"FR000007354","1981-09","46.86","1.7217","155.0","DEOLS CHATEAUROUX AERODROME DE, FR","94.9","I","9.3",",I","10",",I","5",",I","1",",I","0",",I","0",",I","0",",I","15",",I","0",",I","19810929",",,I","19810921",",,I","19810910",",,I","5.1",",I,29,","48.5",",,I,21,","27.3",",I,10,","120.0","I","57.7",",I","83.2",",,,I","16.72",",I","21.44",",,,I","12.00",",,,I"
"FR000007354","1981-10","46.86","1.7217","155.0","DEOLS CHATEAUROUX AERODROME DE, FR","95.0","I","0.1","2,I","21",",I","12",",I","2",",I","0","1,I","0","1,I","0","1,I","2","1,I","0","1,I","19811027",",1,I","19811029",",,I","19811017",",1,I","0.1","1,I,27,","43.0",",,I,29,","24.8","1,I,17,","309.2","I","189.2","1,I","162.2",",,,I","11.82","2,I","15.39","1,,,I","8.24","1,,,I"
"FR000007354","1981-11","46.86","1.7217","155.0","DEOLS CHATEAUROUX AERODROME DE, FR","95.0","I","0.0",",I","7",",I","2",",I","0",",I","0",",I","11",",I","0",",I","0",",I","0",",I","19811110",",,I","19811127",",,I","19811122",",,I","-3.7",",I,10,","8.3",",,I,27,","17.2",",I,22,","657.3","I","348.1",",I","24.2",",,,I","6.73",",I","10.54",",,,I","2.91",",,,I"
"FR000007354","1981-12","46.86","1.7217","155.0","DEOLS CHATEAUROUX AERODROME DE, FR","95.0","I","0.0",",I","21",",I","17",",I","0",",I","0",",I","8",",I","0",",I","0",",I","0",",I","19811226",",,I","19811216",",,I","19811230",",,I","-3.6",",I,26,","16.4",",,I,16,","14.1",",I,30,","1068.9","I","411.6",",I","116.9",",,,I","5.05",",I","8.00",",,,I","2.11",",,,I"
"FR000007354","1982-01","46.86","1.7217","155.0","DEOLS CHATEAUROUX AERODROME DE, FR","0.0","I","0.0","5,I","16",",I","7",",I","0",",I","0","3,I","7","3,I","0","3,I","0","3,I","0","3,I","19820107",",3,I","19820108",",,I","19820116",",3,I","-2.9","3,I,07,","24.1",",,I,08,","16.5","3,I,16,","1376.9","I","308.0","3,I","85.6",",,,I","6.36","5,I","9.65","3,,,I","3.08","3,,,I"
"FR000007354","1982-02","46.86","1.7217","155.0","DEOLS CHATEAUROUX AERODROME DE, FR","0.0","I","0.0",",I","11",",I","4",",I","0",",I","0",",I","7",",I","0",",I","0",",I","0",",I","19820224",",,I","19820213",",,I","19820210",",,I","-4.3",",I,24,","6.4",",,I,13,","16.0",",I,10,","1721.6","I","344.7",",I","27.0",",,,I","6.02",",I","9.83",",,,I","2.21",",,,I"
"FR000007354","1982-03","46.86","1.7217","155.0","DEOLS CHATEAUROUX AERODROME DE, FR","0.0","I","0.0","2,I","13",",I","11",",I","0",",I","0","1,I","7","1,I","0","1,I","0","1,I","0","1,I","19820307",",1,I","19820330",",,I","19820327",",1,I","-2.5","1,I,07,","14.9",",,I,30,","17.4","1,I,27,","2055.7","I","334.1","1,I","70.1",",,,I","6.86","2,I","11.25","1,,,I","2.48","1,,,I"
"FR000007354","1982-04","46.86","1.7217","155.0","DEOLS CHATEAUROUX AERODROME DE, FR","0.0","I","0.0",",I","3",",I","2",",I","0",",I","0",",I","2",",I","0",",I","1",",I","0",",I","19820401",",,I","19820401",",,I","19820405",",,I","-0.5",",I,01,","20.1",",,I,01,","21.1",",I,05,","2324.4","I","268.7",",I","25.7",",,,I","9.38",",I","15.01",",,,I","3.74",",,,I"
"FR000007354","1982-05","46.86","1.7217","155.0","DEOLS CHATEAUROUX AERODROME DE, FR","4.0","I","4.0",",I","13",",I","6",",I","0",",I","0",",I","0",",I","0",",I","15",",I","0",",I","19820510",",,I","19820516",",,I","19820514",",,I","0.1",",I,10,","7.5",",,I,16,","27.2",",I,14,","2458.1","I","133.7",",I","38.5",",,,I","14.15",",I","19.74",",,,I","8.56",",,,I"
"FR000007354","1982-06","46.86","1.7217","155.0","DEOLS CHATEAUROUX AERODROME DE, FR","36.9","I","32.9",",I","13",",I","5",",I","0",",I","0",",I","0",",I","0",",I","24",",I","0",",I","19820620",",,I","19820617",",,I","19820609",",,I","8.2",",I,20,","6.7",",,I,17,","29.6",",I,09,","2483.2","I","25.1",",I","32.6",",,,I","18.59",",I","24.04",",,,I","13.14",",,,I"
"FR000007354","1982-07","46.86","1.7217","155.0","DEOLS CHATEAUROUX AERODROME DE, FR","126.4","I","89.5",",I","8",",I","2",",I","0",",I","0",",I","0",",I","0",",I","30",",I","3",",I","19820705","+,,I","19820723",",,I","19820711",",,I","10.4",",I,05,+","7.4",",,I,23,","34.1",",I,11,","2.4","I","2.4",",I","19.3",",,,I","21.14",",I","27.28",",,,I","15.00",",,,I"
"FR000007354","1982-08","46.86","1.7217","155.0","DEOLS CHATEAUROUX AERODROME DE, FR","149.8","I","23.4",",I","10",",I","5",",I","1",",I","0",",I","0",",I","0",",I","26",",I","0",",I","19820821",",,I","19820806",",,I","19820812",",,I","7.1",",I,21,","31.5",",,I,06,","31.5",",I,12,","26.1","I","23.7",",I","72.8",",,,I","18.32",",I","23.48",",,,I","13.17",",,,I"
"FR000007354","1982-09","46.86","1.7217","155.0","DEOLS CHATEAUROUX AERODROME DE, FR","188.8","I","39.0",",I","10",",I","6",",I","1",",I","0",",I","0",",I","0",",I","22",",I","0",",I","19820901",",,I","19820925",",,I","19820904",",,I","7.1",",I,01,","27.8",",,I,25,","32.0",",I,04,","63.5","I","37.4",",I","78.5",",,,I","18.39",",I","24.06",",,,I","12.71",",,,I"
"FR000007354","1982-10","46.86","1.7217","155.0","DEOLS CHATEAUROUX AERODROME DE, FR","188.8","I","0.0",",I","18",",I","12",",I","0",",I","0",",I","0",",I","0",",I","2",",I","0",",I","19821024",",,I","19821013",",,I","19821002",",,I","2.2",",I,24,","19.1",",,I,13,","21.6",",I,02,","268.5","I","205.0",",I","131.9",",,,I","11.72",",I","15.46",",,,I","7.98",",,,I"
"FR000007354","1982-11","46.86","1.7217","155.0","DEOLS CHATEAUROUX AERODROME DE, FR","188.8","I","0.0",",I","12",",I","5",",I","0",",I","0",",I","2",",I","0",",I","1",",I","0",",I","19821121",",,I","19821114",",,I","19821101",",,I","-1.0",",I,21,","12.1",",,I,14,","21.2",",I,01,","546.6","I","278.1",",I","49.2",",,,I","9.06",",I","12.57",",,,I","5.56",",,,I"
"FR000007354","1982-12","46.86","1.7217","155.0","DEOLS CHATEAUROUX AERODROME DE, FR","188.8","I","0.0","2,I","21",",I","16",",I","0",",I","0","1,I","8","1,I","2","1,I","0","1,I","0","1,I","19821231",",1,I","19821220",",,I","19821207",",1,I","-2.9","1,I,31,","23.9",",,I,20,","13.1","1,I,07,","932.5","I","385.9","1,I","153.0",",,,I","5.10","2,I","7.44","1,,,I","2.76","1,,,I"
"FR000007354","1983-01","46.86","1.7217","155.0","DEOLS CHATEAUROUX AERODROME DE, FR","0.0","I","0.0",",I","13",",I","5",",I","0",",I","0",",I","11",",I","0",",I","0",",I","0",",I","19830121",",,I","19830129",",,I","19830126",",,I","-4.9",",I,21,","6.1",",,I,29,","14.2",",I,26,","1330.4","I","397.9",",I","30.0",",,,I","5.50",",I","8.74",",,,I","2.26",",,,I"
"FR000007354","1983-02","46.86","1.7217","155.0","DEOLS CHATEAUROUX AERODROME DE, FR","0.0","I","0.0",",I","16",",I","9",",I","0",",I","0",",I","16",",I","4",",I","0",",I","0",",I","19830219",",,I","19830224",",,I","19830225",",,I","-5.1",",I,19,","14.8",",,I,24,","12.9",",I,25,","1764.7","I","434.3",",I","64.3",",,,I","2.82",",I","5.86",",,,I","-0.22",",,,I"
"FR000007354","1983-03","46.86","1.7217","155.0","DEOLS CHATEAUROUX AERODROME DE, FR","0.0","I","0.0",",I","13",",I","5",",I","0",",I","0",",I","7",",I","0",",I","0",",I","0",",I","19830306",",,I","19830314",",,I","19830313",",,I","-3.8",",I,06,","12.7",",,I,14,","19.9",",I,13,","2110.3","I","345.6",",I","48.1",",,,I","7.19",",I","11.38",",,,I","2.99",",,,I"
"FR000007354","1983-04","46.86","1.7217","155.0","DEOLS CHATEAUROUX AERODROME DE, FR","0.0","I","0.0",",I","23",",I","17",",I","0",",I","0",",I","3",",I","0",",I","2",",I","0",",I","19830413",",,I","19830405",",,I","19830420",",,I","-2.0",",I,13,","21.0",",,I,05,","22.1",",I,20,","2381.7","I","271.4",",I","147.2",",,,I","9.29",",I","13.96",",,,I","4.61",",,,I"
"FR000007354","1983-05","46.86","1.7217","155.0","DEOLS CHATEAUROUX AERODROME DE, FR","1.2","I","1.2",",I","21",",I","16",",I","0",",I","0",",I","0",",I","0",",I","3",",I","0",",I","19830528",",,I","19830510",",,I","19830531",",,I","4.3",",I,28,","16.9",",,I,10,","25.6",",I,31,","2578.7","I","197.0",",I","103.6",",,,I","12.01",",I","16.45",",,,I","7.57",",,,I"
"FR000007354","1983-06","46.86","1.7217","155.0","DEOLS CHATEAUROUX AERODROME DE, FR","38.0","I","36.8",",I","6",",I","3",",I","0",",I","0",",I","0",",I","0",",I","20",",I","0",",I","19830615",",,I","19830625",",,I","19830607",",,I","6.7",",I,15,","13.6",",,I,25,","31.2",",I,07,","2618.7","I","40.0",",I","27.2",",,,I","18.23",",I","23.53",",,,I","12.92",",,,I"
"FR000007354","1983-07","46.86","1.7217","155.0","DEOLS CHATEAUROUX AERODROME DE, FR","189.2","I","151.2",",I","10",",I","5",",I","0",",I","0",",I","0",",I","0",",I","31",",I","7",",I","19830702",",,I","19830718",",,I","19830711",",,I","10.4",",I,02,","23.1",",,I,18,","34.2",",I,11,","1.6","I","1.6",",I","58.5",",,,I","23.16",",I","29.63",",,,I","16.69",",,,I"
"FR000007354","1983-08","46.86","1.7217","155.0","DEOLS CHATEAUROUX AERODROME DE, FR","242.4","I","53.2",",I","12",",I","8",",I","1",",I","0",",I","0",",I","0",",I","26",",I","0",",I","19830803",",,I","19830823",",,I","19830809",",,I","8.5",",I,03,","26.8",",,I,23,","30.8",",I,09,","14.3","I","12.7",",I","63.8",",,,I","19.64",",I","24.93",",,,I","14.35",",,,I"
"FR000007354","1983-09","46.86","1.7217","155.0","DEOLS CHATEAUROUX AERODROME DE, FR","250.9","I","8.5",",I","9",",I","7",",I","0",",I","0",",I","0",",I","0",",I","13",",I","0",",I","19830917",",,I","19830901",",,I","19830924",",,I","7.8",",I,17,","12.9",",,I,01,","30.0",",I,24,","68.0","I","53.7",",I","51.8",",,,I","16.83",",I","21.90",",,,I","11.75",",,,I"
"FR000007354","1983-10","46.86","1.7217","155.0","DEOLS CHATEAUROUX AERODROME DE, FR","254.1","I","3.2",",I","9",",I","5",",I","0",",I","0",",I","5",",I","0",",I","5",",I","0",",I","19831025",",,I","19831015",",,I","19831003",",,I","-1.2",",I,25,","17.9",",,I,15,","27.3",",I,03,","277.6","I","209.6",",I","38.8",",,,I","11.67",",I","16.41",",,,I","6.94",",,,I"
"FR000007354","1983-11","46.86","1.7217","155.0","DEOLS CHATEAUROUX AERODROME DE, FR","254.1","I","0.0",",I","6",",I","4",",I","0",",I","0",",I","9",",I","0",",I","0",",I","0",",I","19831116",",,I","19831126",",,I","19831108",",,I","-5.4",",I,16,","20.7",",,I,26,","20.2",",I,08,","610.7","I","333.1",",I","39.1",",,,I","7.23",",I","11.18",",,,I","3.28",",,,I"
"FR000007354","1983-12","46.86","1.7217","155.0","DEOLS CHATEAUROUX AERODROME DE, FR","254.1","I","0.0",",I","11",",I","7",",I","0",",I","0",",I","17",",I","1",",I","0",",I","0",",I","19831214",",,I","19831209",",,I","19831224",",,I","-6.9",",I,14,","9.0",",,I,09,","16.2",",I,24,","1060.8","I","450.1",",I","47.6",",,,I","3.81",",I","7.15",",,,I","0.47",",,,I"
"FR000007354","1984-01","46.86","1.7217","155.0","DEOLS CHATEAUROUX AERODROME DE, FR","0.0","I","0.0","4,I","24",",I","17",",I","0",",I","0","2,I","7","2,I","0","2,I","0","2,I","0","2,I","19840109",",2,I","19840123",",,I","19840123",",2,I","-3.1","2,I,09,","12.3",",,I,23,","11.9","2,I,23,","1427.9","I","367.1","2,I","106.2",",,,I","4.82","4,I","7.60","2,,,I","2.03","2,,,I"
"FR000007354","1984-02","46.86","1.7217","155.0","DEOLS CHATEAUROUX AERODROME DE, FR","0.0","I","0.0",",I","13",",I","5",",I","0",",I","0",",I","12",",I","0",",I","0",",I","0",",I","19840219",",,I","19840222",",,I","19840208",",,I","-6.2",",I,19,","8.0",",,I,22,","12.3",",I,08,","1850.9","I","423.0",",I","35.9",",,,I","3.75",",I","7.02",",,,I","0.48",",,,I"
"FR000007354","1984-03","46.86","1.7217","155.0","DEOLS CHATEAUROUX AERODROME DE, FR","0.0","I","0.0",",I","9",",I","7",",I","0",",I","0",",I","16",",I","0",",I","0",",I","0",",I","19840310",",,I","19840331",",,I","19840323",",,I","-4.2",",I,10,","9.9",",,I,31,","14.4",",I,23,","2234.6","I","383.7",",I","38.0",",,,I","5.96",",I","10.92",",,,I","0.99",",,,I"
"FR000007354","1984-04","46.86","1.7217","155.0","DEOLS CHATEAUROUX AERODROME DE, FR","0.0","I","0.0",",I","3",",I","1",",I","0",",I","0",",I","4",",I","0",",I","9",",I","0",",I","19840403",",,I","19840401",",,I","19840424",",,I","-2.3",",I,03,","5.1",",,I,01,","26.3",",I,24,","2496.2","I","261.6",",I","7.2",",,,I","9.61",",I","16.26",",,,I","2.96",",,,I"
"FR000007354","1984-05","46.86","1.7217","155.0","DEOLS CHATEAUROUX AERODROME DE, FR","0.0","I","0.0",",I","20",",I","12",",I","0",",I","0",",I","0",",I","0",",I","0",",I","0",",I","19840508",",,I","19840528",",,I","19840531",",,I","1.9",",I,08,","13.0",",,I,28,","20.2",",I,31,","2732.7","I","236.5",",I","102.6",",,,I","10.70",",I","14.78",",,,I","6.63",",,,I"
"FR000007354","1984-06","46.86","1.7217","155.0","DEOLS CHATEAUROUX AERODROME DE, FR","12.2","I","12.2",",I","10",",I","6",",I","0",",I","0",",I","0",",I","0",",I","19",",I","0",",I","19840604",",,I","19840607",",,I","19840620",",,I","3.7",",I,04,","12.8",",,I,07,","28.3",",I,20,","2809.6","I","76.9",",I","41.3",",,,I","16.18",",I","21.76",",,,I","10.59",",,,I"
"FR000007354","1984-07","46.86","1.7217","155.0","DEOLS CHATEAUROUX AERODROME DE, FR","63.0","I","50.8",",I","3",",I","2",",I","0",",I","0",",I","0",",I","0",",I","31",",I","4",",I","19840705",",,I","19840731",",,I","19840723",",,I","6.0",",I,05,","12.6",",,I,31,","34.5",",I,23,","19.3","I","19.3",",I","21.0",",,,I","19.35",",I","26.76",",,,I","11.93",",,,I"
"FR000007354","1984-08","46.86","1.7217","155.0","DEOLS CHATEAUROUX AERODROME DE, FR","89.9","I","26.9",",I","10",",I","6",",I","0",",I","0",",I","0",",I","0",",I","26",",I","0",",I","19840807",",,I","19840807",",,I","19840821",",,I","8.6",",I,07,","22.7",",,I,07,","30.8",",I,21,","36.7","I","17.4",",I","70.6",",,,I","18.64",",I","24.13",",,,I","13.15",",,,I"
"FR000007354","1984-09","46.86","1.7217","155.0","DEOLS CHATEAUROUX AERODROME DE, FR","100.9","I","11.0","2,I","17",",I","11",",I","0",",I","0","1,I","0","1,I","0","1,I","5","1,I","1","1,I","19840907",",1,I","19840904",",,I","19840902",",1,I","5.0","1,I,07,","18.8",",,I,04,","32.2","1,I,02,","147.4","I","110.7","1,I","85.1",",,,I","14.81","2,I","19.14","1,,,I","10.47","1,,,I"
"FR000007354","1984-10","46.86","1.7217","155.0","DEOLS CHATEAUROUX AERODROME DE, FR","100.9","I","0.0",",I","12",",I","7",",I","1",",I","0",",I","0",",I","0",",I","0",",I","0",",I","19841028",",,I","19841001",",,I","19841030",",,I","3.4",",I,28,","28.4",",,I,01,","20.4",",I,30,","341.5","I","194.1",",I","87.9",",,,I","12.07",",I","15.86",",,,I","8.28",",,,I"
"FR000007354","1984-11","46.86","1.7217","155.0","DEOLS CHATEAUROUX AERODROME DE, FR","100.9","I","0.0",",I","21",",I","16",",I","0",",I","0",",I","2",",I","0",",I","1",",I","0",",I","19841128",",,I","19841116",",,I","19841101",",,I","-1.8",",I,28,","18.4",",,I,16,","21.6",",I,01,","586.2","I","244.7",",I","119.9",",,,I","10.18",",I","14.00",",,,I","6.35",",,,I"
"FR000007354","1984-12","46.86","1.7217","155.0","DEOLS CHATEAUROUX AERODROME DE, FR","100.9","I","0.0","2,I","14",",I","8",",I","0",",I","0","1,I","9","1,I","0","1,I","0","1,I","0","1,I","19841230",",1,I","19841203",",,I","19841201",",1,I","-4.0","1,I,30,","11.9",",,I,03,","13.8","1,I,01,","982.7","I","396.5","1,I","51.0",",,,I","4.61","2,I","7.87","1,,,I","1.34","1,,,I"
"FR000007354","1985-01","46.86","1.7217","155.0","DEOLS CHATEAUROUX AERODROME DE, FR","","","","","21",",I","6",",I","0",",I","2","3,I","17","3,I","12","3,I","0","3,I","0","3,I","19850116",",3,I","19850122",",,I","19850121",",3,I","-22.8","3,I,16,","12.0",",,I,22,","12.1","3,I,21,","","","","","45.8",",,,I","-1.52","6,I","1.75","3,,,I","-4.78","3,,,I"
"FR000007354","1985-02","46.86","1.7217","155.0","DEOLS CHATEAUROUX AERODROME DE, FR","","","0.0","4,I","8",",I","6",",I","0",",I","0","2,I","15","2,I","0","2,I","0","2,I","0","2,I","19850220",",2,I","19850214",",,I","19850206",",2,I","-8.1","2,I,20,","18.8",",,I,14,","15.7","2,I,06,","","","327.7","2,I","59.0",",,,I","4.58","4,I","9.17","2,,,I","0.00","2,,,I"
"FR000007354","1985-03","46.86","1.7217","155.0","DEOLS CHATEAUROUX AERODROME DE, FR","","","0.0",",I","16",",I","7",",I","0",",I","0",",I","14",",I","0",",I","0",",I","0",",I","19850319",",,I","19850315",",,I","19850330",",,I","-4.6",",I,19,","7.2",",,I,15,","17.5",",I,30,","","","396.6",",I","39.9",",,,I","5.54",",I","9.75",",,,I","1.34",",,,I"
"FR000007354","1985-04","46.86","1.7217","155.0","DEOLS CHATEAUROUX AERODROME DE, FR","","","0.0",",I","14",",I","10",",I","0",",I","0",",I","1",",I","0",",I","3",",I","0",",I","19850427",",,I","19850408",",,I","19850404",",,I","-1.3",",I,27,","10.7",",,I,08,","24.9",",I,04,","","","232.5",",I","70.0",",,,I","10.58",",I","15.63",",,,I","5.54",",,,I"
"FR000007354","1985-05","46.86","1.7217","155.0","DEOLS CHATEAUROUX AERODROME DE, FR","","","1.9",",I","17",",I","11",",I","1",",I","0",",I","0",",I","0",",I","6",",I","0",",I","19850503",",,I","19850506",",,I","19850526",",,I","3.3",",I,03,","39.7",",,I,06,","27.5",",I,26,","","","174.8",",I","106.4",",,,I","12.76",",I","17.08",",,,I","8.43",",,,I"
"FR000007354","1985-06","46.86","1.7217","155.0","DEOLS CHATEAUROUX AERODROME DE, FR","","","10.9",",I","11",",I","7",",I","1",",I","0",",I","0",",I","0",",I","10",",I","0",",I","19850608",",,I","19850619",",,I","19850630",",,I","5.3",",I,08,","31.1",",,I,19,","28.1",",I,30,","","","92.0",",I","81.7",",,,I","15.63",",I","20.33",",,,I","10.93",",,,I"
"FR000007354","1985-07","46.86","1.7217","155.0","DEOLS CHATEAUROUX AERODROME DE, FR","","","55.4",",I","7",",I","2",",I","0",",I","0",",I","0",",I","0",",I","30",",I","1",",I","19850721",",,I","19850728",",,I","19850725",",,I","9.5",",I,21,","12.5",",,I,28,","35.0",",I,25,","4.2","I","4.2",",I","30.1",",,,I","19.98",",I","25.80",",,,I","14.16",",,,I"
"FR000007354","1985-08","46.86","1.7217","155.0","DEOLS CHATEAUROUX AERODROME DE, FR","","","17.8",",I","12",",I","5",",I","0",",I","0",",I","0",",I","0",",I","23",",I","0",",I","19850827",",,I","19850811",",,I","19850821",",,I","7.3",",I,27,","8.6",",,I,11,","30.0",",I,21,","39.3","I","35.1",",I","35.2",",,,I","17.77",",I","23.43",",,,I","12.12",",,,I"
"FR000007354","1985-09","46.86","1.7217","155.0","DEOLS CHATEAUROUX AERODROME DE, FR","","","33.4",",I","4",",I","2",",I","0",",I","0",",I","0",",I","0",",I","24",",I","0",",I","19850914",",,I","19850915",",,I","19850912",",,I","5.2",",I,14,","4.4",",,I,15,","30.6",",I,12,","80.3","I","41.0",",I","9.7",",,,I","18.08",",I","25.22",",,,I","10.94",",,,I"
"FR000007354","1985-10","46.86","1.7217","155.0","DEOLS CHATEAUROUX AERODROME DE, FR","","","10.6",",I","4",",I","0",",I","0",",I","0",",I","0",",I","0",",I","9",",I","0",",I","19851031",",,I","19851007",",,I","19851002","+,,I","1.0",",I,31,","1.0",",,I,07,","29.5",",I,02,+","272.8","I","192.5",",I","2.6",",,,I","12.46",",I","18.52",",,,I","6.41",",,,I"
"FR000007354","1985-11","46.86","1.7217","155.0","DEOLS CHATEAUROUX AERODROME DE, FR","","","0.0","2,I","14",",I","7",",I","0",",I","0","1,I","16","1,I","4","1,I","0","1,I","0","1,I","19851116",",1,I","19851105",",,I","19851108",",1,I","-5.4","1,I,16,","11.5",",,I,05,","19.4","1,I,08,","689.7","I","416.9","1,I","53.0",",,,I","3.68","2,I","7.01","1,,,I","0.36","1,,,I"
"FR000007354","1985-12","46.86","1.7217","155.0","DEOLS CHATEAUROUX AERODROME DE, FR","","","0.0","2,I","11",",I","6",",I","0",",I","0","1,I","11","1,I","3","1,I","0","1,I","0","1,I","19851231",",1,I","19851227",",,I","19851202",",1,I","-14.3","1,I,31,","14.1",",,I,27,","18.9","1,I,02,","1071.7","I","382.0","1,I","56.4",",,,I","5.09","2,I","8.52","1,,,I","1.66","1,,,I"
"FR000007354","1986-01","46.86","1.7217","155.0","DEOLS CHATEAUROUX AERODROME DE, FR","0.0","I","0.0",",I","20",",I","13",",I","0",",I","0",",I","10",",I","0",",I","0",",I","0",",I","19860127",",,I","19860123",",,I","19860114",",,I","-6.1",",I,27,","11.2",",,I,23,","11.6",",I,14,","1499.6","I","427.9",",I","79.0",",,,I","4.53",",I","7.26",",,,I","1.80",",,,I"
"FR000007354","1986-02","46.86","1.7217","155.0","DEOLS CHATEAUROUX AERODROME DE, FR","0.0","I","0.0","2,I","13",",I","7",",I","0",",I","0","1,I","23","1,I","6","1,I","0","1,I","0","1,I","19860210",",1,I","19860223",",,I","19860228",",1,I","-13.2","1,I,10,","20.8",",,I,23,","10.9","1,I,28,","1999.1","I","499.5","1,I","78.5",",,,I","-0.66","2,I","2.69","1,,,I","-4.00","1,,,I"
"FR000007354","1986-03","46.86","1.7217","155.0","DEOLS CHATEAUROUX AERODROME DE, FR","0.0","I","0.0",",I","15",",I","12",",I","0",",I","0",",I","11",",I","0",",I","0",",I","0",",I","19860310",",,I","19860331",",,I","19860316",",,I","-3.5",",I,10,","15.0",",,I,31,","17.5",",I,16,","2367.4","I","368.3",",I","82.4",",,,I","6.45",",I","10.81",",,,I","2.09",",,,I"
"FR000007354","1986-04","46.86","1.7217","155.0","DEOLS CHATEAUROUX AERODROME DE, FR","0.0","I","0.0",",I","22",",I","13",",I","0",",I","0",",I","5",",I","0",",I","0",",I","0",",I","19860412",",,I","19860406",",,I","19860430",",,I","-3.9",",I,12,","14.8",",,I,06,","16.9",",I,30,","2706.6","I","339.2",",I","93.9",",,,I","7.03",",I","10.81",",,,I","3.24",",,,I"
"FR000007354","1986-05","46.86","1.7217","155.0","DEOLS CHATEAUROUX AERODROME DE, FR","3.8","I","3.8",",I","15",",I","9",",I","0",",I","0",",I","0",",I","0",",I","10",",I","0",",I","19860507",",,I","19860512",",,I","19860512",",,I","4.2",",I,07,","14.6",",,I,12,","26.1",",I,12,","2839.9","I","133.3",",I","83.6",",,,I","14.15",",I","19.00",",,,I","9.31",",,,I"
"FR000007354","1986-06","46.86","1.7217","155.0","DEOLS CHATEAUROUX AERODROME DE, FR","58.4","I","54.6",",I","8",",I","1",",I","0",",I","0",",I","0",",I","0",",I","19",",I","3",",I","19860607",",,I","19860605",",,I","19860628",",,I","4.0",",I,07,","4.3",",,I,05,","35.6",",I,28,","2902.5","I","62.6",",I","11.5",",,,I","18.07",",I","23.43",",,,I","12.70",",,,I"
"FR000007354","1986-07","46.86","1.7217","155.0","DEOLS CHATEAUROUX AERODROME DE, FR","111.9","I","53.5",",I","3",",I","1",",I","0",",I","0",",I","0",",I","0",",I","29",",I","0",",I","19860708",",,I","19860706",",,I","19860728",",,I","9.1",",I,08,","8.7",",,I,06,","31.8",",I,28,","13.9","I","13.9",",I","11.3",",,,I","19.61",",I","25.62",",,,I","13.60",",,,I"
"FR000007354","1986-08","46.86","1.7217","155.0","DEOLS CHATEAUROUX AERODROME DE, FR","149.3","I","37.4",",I","10",",I","5",",I","0",",I","0",",I","0",",I","0",",I","21",",I","1",",I","19860831",",,I","19860822",",,I","19860803",",,I","5.5",",I,31,","19.2",",,I,22,","36.3",",I,03,","56.3","I","42.4",",I","59.3",",,,I","18.17",",I","23.74",",,,I","12.61",",,,I"
"FR000007354","1986-09","46.86","1.7217","155.0","DEOLS CHATEAUROUX AERODROME DE, FR","157.8","I","8.5",",I","8",",I","7",",I","1",",I","0",",I","0",",I","0",",I","11",",I","0",",I","19860927",",,I","19860924",",,I","19860915",",,I","5.0",",I,27,","26.2",",,I,24,","27.7",",I,15,","169.0","I","112.7",",I","97.8",",,,I","14.86",",I","20.24",",,,I","9.47",",,,I"
"FR000007354","1986-10","46.86","1.7217","155.0","DEOLS CHATEAUROUX AERODROME DE, FR","162.9","I","5.1",",I","15",",I","8",",I","1",",I","0",",I","0",",I","0",",I","10",",I","0",",I","19861030",",,I","19861015",",,I","19861003",",,I","2.6",",I,30,","25.8",",,I,15,","27.1",",I,03,","300.6","I","131.6",",I","77.2",",,,I","14.25",",I","18.67",",,,I","9.84",",,,I"
"FR000007354","1986-11","46.86","1.7217","155.0","DEOLS CHATEAUROUX AERODROME DE, FR","162.9","I","0.0",",I","13",",I","6",",I","0",",I","0",",I","6",",I","0",",I","0",",I","0",",I","19861104",",,I","19861113",",,I","19861114",",,I","-1.9",",I,04,","23.0",",,I,13,","19.2",",I,14,","605.6","I","305.0",",I","57.2",",,,I","8.17",",I","11.77",",,,I","4.56",",,,I"
"FR000007354","1986-12","46.86","1.7217","155.0","DEOLS CHATEAUROUX AERODROME DE, FR","162.9","I","0.0",",I","12",",I","5",",I","0",",I","0",",I","11",",I","0",",I","0",",I","0",",I","19861203",",,I","19861225",",,I","19861208",",,I","-3.4",",I,03,","15.0",",,I,25,","16.0",",I,08,","1003.2","I","397.6",",I","47.2",",,,I","5.51",",I","9.11",",,,I","1.90",",,,I"
"FR000007354","1987-01","46.86","1.7217","155.0","DEOLS CHATEAUROUX AERODROME DE, FR","","","","","9",",I","4",",I","0",",I","0","4,I","25","4,I","13","4,I","0","4,I","0","4,I","19870117",",4,I","19870113",",,I","19870101",",4,I","-17.1","4,I,17,","7.4",",,I,13,","13.3","4,I,01,","","","","","23.8",",,,I","-2.82","7,I","-0.26","4,,,I","-5.39","4,,,I"
"FR000007354","1987-02","46.86","1.7217","155.0","DEOLS CHATEAUROUX AERODROME DE, FR","","","0.0",",I","17",",I","5",",I","0",",I","0",",I","12",",I","3",",I","0",",I","0",",I","19870201",",,I","19870202",",,I","19870228","+,,I","-5.5",",I,01,","13.6",",,I,02,","14.0",",I,28,+","","","408.7",",I","44.9",",,,I","3.74",",I","6.05",",,,I","1.42",",,,I"
"FR000007354","1987-03","46.86","1.7217","155.0","DEOLS CHATEAUROUX AERODROME DE, FR","","","0.0","2,I","14",",I","8",",I","0",",I","0","1,I","11","1,I","0","1,I","0","1,I","0","1,I","19870315",",1,I","19870327",",,I","19870325",",1,I","-5.1","1,I,15,","8.2",",,I,27,","13.5","1,I,25,","","","371.2","1,I","39.8",",,,I","5.55","2,I","9.45","1,,,I","1.65","1,,,I"
"FR000007354","1987-04","46.86","1.7217","155.0","DEOLS CHATEAUROUX AERODROME DE, FR","","","0.0",",I","11",",I","6",",I","0",",I","0",",I","0",",I","0",",I","7",",I","0",",I","19870422",",,I","19870403",",,I","19870428",",,I","2.4",",I,22,","13.6",",,I,03,","26.5",",I,28,","","","181.4",",I","40.4",",,,I","12.29",",I","17.64",",,,I","6.93",",,,I"
"FR000007354","1987-05","46.86","1.7217","155.0","DEOLS CHATEAUROUX AERODROME DE, FR","","","0.0",",I","11",",I","6",",I","0",",I","0",",I","0",",I","0",",I","8",",I","0",",I","19870504",",,I","19870514",",,I","19870509",",,I","2.0",",I,04,","20.8",",,I,14,","25.3",",I,09,","","","194.5",",I","49.6",",,,I","12.06",",I","17.28",",,,I","6.84",",,,I"
"FR000007354","1987-06","46.86","1.7217","155.0","DEOLS CHATEAUROUX AERODROME DE, FR","","","18.8",",I","19",",I","8",",I","0",",I","0",",I","0",",I","0",",I","8",",I","0",",I","19870610",",,I","19870612",",,I","19870629",",,I","6.3",",I,10,","16.4",",,I,12,","31.7",",I,29,","","","89.8",",I","78.2",",,,I","15.97",",I","19.92",",,,I","12.01",",,,I"
"FR000007354","1987-07","46.86","1.7217","155.0","DEOLS CHATEAUROUX AERODROME DE, FR","","","53.5",",I","11",",I","8",",I","2",",I","0",",I","0",",I","0",",I","21",",I","0",",I","19870726",",,I","19870720",",,I","19870706",",,I","9.8",",I,26,","26.4",",,I,20,","30.9",",I,06,","21.2","I","21.2",",I","99.0",",,,I","19.38",",I","24.27",",,,I","14.48",",,,I"
"FR000007354","1987-08","46.86","1.7217","155.0","DEOLS CHATEAUROUX AERODROME DE, FR","","","58.4",",I","7",",I","4",",I","0",",I","0",",I","0",",I","0",",I","24",",I","1",",I","19870806",",,I","19870824",",,I","19870821",",,I","7.0",",I,06,","14.2",",,I,24,","35.2",",I,21,","45.7","I","24.5",",I","35.0",",,,I","19.43",",I","24.71",",,,I","14.14",",,,I"
"FR000007354","1987-09","46.86","1.7217","155.0","DEOLS CHATEAUROUX AERODROME DE, FR","","","66.8",",I","7",",I","6",",I","1",",I","0",",I","0",",I","0",",I","18",",I","2",",I","19870930",",,I","19870925",",,I","19870917",",,I","4.1",",I,30,","33.6",",,I,25,","34.0",",I,17,","95.6","I","49.9",",I","80.8",",,,I","18.90",",I","23.77",",,,I","14.02",",,,I"
"FR000007354","1987-10","46.86","1.7217","155.0","DEOLS CHATEAUROUX AERODROME DE, FR","","","0.0",",I","18",",I","12",",I","1",",I","0",",I","0",",I","0",",I","3",",I","0",",I","19871019",",,I","19871005",",,I","19871004",",,I","4.1",",I,19,","41.4",",,I,05,","23.4",",I,04,","253.0","I","157.4",",I","129.2",",,,I","13.26",",I","16.99",",,,I","9.53",",,,I"
"FR000007354","1987-11","46.86","1.7217","155.0","DEOLS CHATEAUROUX AERODROME DE, FR","","","0.0","4,I","15",",I","8",",I","0",",I","0","2,I","2","2,I","0","2,I","0","2,I","0","2,I","19871129",",2,I","19871112",",,I","19871116",",2,I","-1.8","2,I,29,","16.4",",,I,12,","15.7","2,I,16,","527.7","I","274.7","2,I","74.8",",,,I","7.42","4,I","10.36","2,,,I","4.48","2,,,I"
"FR000007354","1987-12","46.86","1.7217","155.0","DEOLS CHATEAUROUX AERODROME DE, FR","","","0.0","2,I","9",",I","5",",I","0",",I","0","1,I","6","1,I","2","1,I","0","1,I","0","1,I","19871210",",1,I","19871217",",,I","19871217",",1,I","-4.7","1,I,10,","19.6",",,I,17,","15.5","1,I,17,","885.4","I","357.7","1,I","60.1",",,,I","5.79","2,I","8.63","1,,,I","2.96","1,,,I"
"FR000007354","1988-01","46.86","1.7217","155.0","DEOLS CHATEAUROUX AERODROME DE, FR","0.0","I","0.0",",I","26",",I","17",",I","0",",I","0",",I","2",",I","0",",I","0",",I","0",",I","19880112",",,I","19880116",",,I","19880105",",,I","-1.6",",I,12,","17.0",",,I,16,","15.5",",I,05,","1219.5","I","334.1",",I","149.0",",,,I","7.56",",I","10.30",",,,I","4.82",",,,I"
"FR000007354","1988-02","46.86","1.7217","155.0","DEOLS CHATEAUROUX AERODROME DE, FR","0.0","I","0.0",",I","15",",I","9",",I","0",",I","0",",I","11",",I","0",",I","0",",I","0",",I","19880226",",,I","19880211",",,I","19880214",",,I","-1.8",",I,26,","16.8",",,I,11,","15.4",",I,14,","1588.5","I","369.0",",I","70.6",",,,I","5.61",",I","8.98",",,,I","2.24",",,,I"
"FR000007354","1988-03","46.86","1.7217","155.0","DEOLS CHATEAUROUX AERODROME DE, FR","0.0","I","0.0",",I","16",",I","9",",I","1",",I","0",",I","7",",I","0",",I","0",",I","0",",I","19880303",",,I","19880317",",,I","19880320",",,I","-4.2",",I,03,","27.6",",,I,17,","15.5",",I,20,","1933.6","I","345.1",",I","101.4",",,,I","7.20",",I","10.34",",,,I","4.06",",,,I"
"FR000007354","1988-04","46.86","1.7217","155.0","DEOLS CHATEAUROUX AERODROME DE, FR","0.0","I","0.0",",I","10",",I","6",",I","0",",I","0",",I","0",",I","0",",I","2",",I","0",",I","19880401",",,I","19880419",",,I","19880418",",,I","1.0",",I,01,","12.0",",,I,19,","23.0",",I,18,","2145.2","I","211.6",",I","42.2",",,,I","11.28",",I","16.24",",,,I","6.32",",,,I"
"FR000007354","1988-05","46.86","1.7217","155.0","DEOLS CHATEAUROUX AERODROME DE, FR","1.8","I","1.8",",I","17",",I","12",",I","0",",I","0",",I","0",",I","0",",I","8",",I","0",",I","19880521",",,I","19880513",",,I","19880507",",,I","4.6",",I,21,","24.0",",,I,13,","26.3",",I,07,","2251.1","I","105.9",",I","92.2",",,,I","14.97",",I","19.06",",,,I","10.88",",,,I"
"FR000007354","1988-06","46.86","1.7217","155.0","DEOLS CHATEAUROUX AERODROME DE, FR","10.4","I","8.6",",I","6",",I","5",",I","0",",I","0",",I","0",",I","0",",I","18",",I","0",",I","19880608",",,I","19880630",",,I","19880622",",,I","6.0",",I,08,","24.8",",,I,30,","27.1",",I,22,","2306.6","I","55.5",",I","72.4",",,,I","16.77",",I","21.75",",,,I","11.79",",,,I"
"FR000007354","1988-07","46.86","1.7217","155.0","DEOLS CHATEAUROUX AERODROME DE, FR","34.2","I","23.8",",I","9",",I","6",",I","0",",I","0",",I","0",",I","0",",I","23",",I","0",",I","19880716",",,I","19880704",",,I","19880723",",,I","8.2",",I,16,","21.8",",,I,04,","31.7",",I,23,","26.6","I","26.6",",I","64.8",",,,I","18.24",",I","23.50",",,,I","12.98",",,,I"
"FR000007354","1988-08","46.86","1.7217","155.0","DEOLS CHATEAUROUX AERODROME DE, FR","91.3","I","57.1",",I","3",",I","2",",I","0",",I","0",",I","0",",I","0",",I","28",",I","0",",I","19880823",",,I","19880819",",,I","19880801",",,I","6.7",",I,23,","8.0",",,I,19,","31.2",",I,01,","49.9","I","23.3",",I","12.0",",,,I","19.43",",I","25.25",",,,I","13.60",",,,I"
"FR000007354","1988-09","46.86","1.7217","155.0","DEOLS CHATEAUROUX AERODROME DE, FR","108.1","I","16.8",",I","10",",I","4",",I","0",",I","0",",I","0",",I","0",",I","15",",I","0",",I","19880930",",,I","19880915","+,,I","19880908","+,,I","5.6",",I,30,","4.6",",,I,15,+","30.2",",I,08,+","118.6","I","68.7",",I","24.0",",,,I","16.60",",I","21.19",",,,I","12.01",",,,I"
"FR000007354","1988-10","46.86","1.7217","155.0","DEOLS CHATEAUROUX AERODROME DE, FR","108.8","I","0.7",",I","13",",I","5",",I","0",",I","0",",I","0",",I","0",",I","8",",I","0",",I","19881031",",,I","19881002",",,I","19881017",",,I","0.3",",I,31,","25.0",",,I,02,","25.1",",I,17,","271.4","I","152.8",",I","64.2",",,,I","13.43",",I","17.94",",,,I","8.91",",,,I"
"FR000007354","1988-11","46.86","1.7217","155.0","DEOLS CHATEAUROUX AERODROME DE, FR","108.8","I","0.0","2,I","7",",I","3",",I","0",",I","0","1,I","13","1,I","0","1,I","0","1,I","0","1,I","19881123",",1,I","19881129",",,I","19881111",",1,I","-6.3","1,I,23,","10.2",",,I,29,","18.7","1,I,11,","622.7","I","351.3","1,I","28.2",",,,I","5.93","2,I","10.34","1,,,I","1.51","1,,,I"
"FR000007354","1988-12","46.86","1.7217","155.0","DEOLS CHATEAUROUX AERODROME DE, FR","108.8","I","0.0","2,I","8",",I","5",",I","0",",I","0","1,I","4","1,I","0","1,I","0","1,I","0","1,I","19881208",",1,I","19881205",",,I","19881205",",1,I","-1.7","1,I,08,","12.0",",,I,05,","13.6","1,I,05,","988.7","I","366.0","1,I","36.0",",,,I","5.80","2,I","8.33","1,,,I","3.26","1,,,I"
"FR000007354","1989-01","46.86","1.7217","155.0","DEOLS CHATEAUROUX AERODROME DE, FR","0.0","I","0.0",",I","7",",I","2",",I","0",",I","0",",I","16",",I","0",",I","0",",I","0",",I","19890125",",,I","19890104",",,I","19890112",",,I","-4.4",",I,25,","9.8",",,I,04,","12.8",",I,12,","1437.1","I","448.4",",I","21.0",",,,I","3.87",",I","7.17",",,,I","0.56",",,,I"
"FR000007354","1989-02","46.86","1.7217","155.0","DEOLS CHATEAUROUX AERODROME DE, FR","0.0","I","0.0",",I","12",",I","4",",I","0",",I","0",",I","13",",I","0",",I","0",",I","0",",I","19890203",",,I","19890225",",,I","19890219",",,I","-5.7",",I,03,","8.0",",,I,25,","18.2",",I,19,","1781.5","I","344.4",",I","36.0",",,,I","6.03",",I","10.40",",,,I","1.67",",,,I"
"FR000007354","1989-03","46.86","1.7217","155.0","DEOLS CHATEAUROUX AERODROME DE, FR","0.0","I","0.0","2,I","10",",I","5",",I","0",",I","0","1,I","2","1,I","0","1,I","6","1,I","0","1,I","19890319",",1,I","19890315",",,I","19890328",",1,I","-0.9","1,I,19,","11.8",",,I,15,","24.3","1,I,28,","2021.5","I","240.0","1,I","45.8",",,,I","10.07","2,I","15.52","1,,,I","4.62","1,,,I"
"FR000007354","1989-04","46.86","1.7217","155.0","DEOLS CHATEAUROUX AERODROME DE, FR","0.0","I","0.0","2,I","18",",I","13",",I","0",",I","0","1,I","0","1,I","0","1,I","0","1,I","0","1,I","19890429",",1,I","19890403",",,I","19890424",",1,I","1.2","1,I,29,","17.4",",,I,03,","20.2","1,I,24,","2285.3","I","263.8","1,I","101.3",",,,I","8.93","2,I","12.98","1,,,I","4.88","1,,,I"
"FR000007354","1989-05","46.86","1.7217","155.0","DEOLS CHATEAUROUX AERODROME DE, FR","20.1","I","20.1",",I","5",",I","1",",I","0",",I","0",",I","0",",I","0",",I","22",",I","0",",I","19890501",",,I","19890512",",,I","19890524",",,I","2.7",",I,01,","7.0",",,I,12,","29.5",",I,24,","2355.9","I","70.6",",I","12.2",",,,I","16.70",",I","23.28",",,,I","10.13",",,,I"
"FR000007354","1989-06","46.86","1.7217","155.0","DEOLS CHATEAUROUX AERODROME DE, FR","58.1","I","38.0",",I","9",",I","5",",I","0",",I","0",",I","0",",I","0",",I","20",",I","0",",I","19890603",",,I","19890610",",,I","19890620",",,I","4.4",",I,03,","8.0",",,I,10,","30.9",",I,20,","2419.6","I","63.7",",I","28.2",",,,I","17.48",",I","23.52",",,,I","11.43",",,,I"
"FR000007354","1989-07","46.86","1.7217","155.0","DEOLS CHATEAUROUX AERODROME DE, FR","139.2","I","81.1",",I","8",",I","6",",I","3",",I","0",",I","0",",I","0",",I","27",",I","3",",I","19890703",",,I","19890723",",,I","19890722",",,I","10.5",",I,03,","31.8",",,I,23,","34.6",",I,22,","5.2","I","5.2",",I","109.6",",,,I","20.78",",I","26.43",",,,I","15.13",",,,I"
"FR000007354","1989-08","46.86","1.7217","155.0","DEOLS CHATEAUROUX AERODROME DE, FR","199.4","I","60.2",",I","9",",I","5",",I","0",",I","0",",I","0",",I","0",",I","30",",I","0",",I","19890829",",,I","19890816",",,I","19890815",",,I","8.5",",I,29,","14.2",",,I,16,","30.5",",I,15,","15.3","I","10.1",",I","37.2",",,,I","19.95",",I","25.72",",,,I","14.18",",,,I"
"FR000007354","1989-09","46.86","1.7217","155.0","DEOLS CHATEAUROUX AERODROME DE, FR","216.2","I","16.8",",I","4",",I","1",",I","0",",I","0",",I","0",",I","0",",I","18",",I","0",",I","19890924",",,I","19890918",",,I","19890918",",,I","6.3",",I,24,","9.4",",,I,18,","29.9",",I,18,","72.1","I","56.8",",I","12.6",",,,I","17.00",",I","22.75",",,,I","11.25",",,,I"
"FR000007354","1989-10","46.86","1.7217","155.0","DEOLS CHATEAUROUX AERODROME DE, FR","217.8","I","1.6",",I","9",",I","2",",I","0",",I","0",",I","0",",I","0",",I","11",",I","0",",I","19891011",",,I","19891028",",,I","19891022",",,I","2.7",",I,11,","7.4",",,I,28,","27.5",",I,22,","207.4","I","135.3",",I","19.2",",,,I","14.02",",I","19.44",",,,I","8.60",",,,I"
"FR000007354","1989-11","46.86","1.7217","155.0","DEOLS CHATEAUROUX AERODROME DE, FR","217.8","I","0.0","2,I","6",",I","6",",I","0",",I","0","1,I","9","1,I","0","1,I","0","1,I","0","1,I","19891126",",1,I","19891104",",,I","19891101",",1,I","-5.9","1,I,26,","13.0",",,I,04,","19.2","1,I,01,","536.5","I","329.1","1,I","45.6",",,,I","6.78","2,I","11.04","1,,,I","2.52","1,,,I"
"FR000007354","1989-12","46.86","1.7217","155.0","DEOLS CHATEAUROUX AERODROME DE, FR","217.8","I","0.0",",I","10",",I","7",",I","0",",I","0",",I","15",",I","3",",I","0",",I","0",",I","19891210",",,I","19891214",",,I","19891216",",,I","-6.0",",I,10,","21.2",",,I,14,","20.5",",I,16,","932.7","I","396.2",",I","76.2",",,,I","5.55",",I","9.35",",,,I","1.75",",,,I"
"FR000007354","1990-01","46.86","1.7217","155.0","DEOLS CHATEAUROUX AERODROME DE, FR","0.0","I","0.0","2,I","12",",I","7",",I","0",",I","0","1,I","9","1,I","0","1,I","0","1,I","0","1,I","19900119",",1,I","19900125",",,I","19900125",",1,I","-3.8","1,I,19,","7.4",",,I,25,","13.9","1,I,25,","1294.4","I","361.7","1,I","35.6",",,,I","5.78","2,I","9.22","1,,,I","2.35","1,,,I"
"FR000007354","1990-02","46.86","1.7217","155.0","DEOLS CHATEAUROUX AERODROME DE, FR","0.0","I","0.0",",I","13",",I","10",",I","1",",I","0",",I","2",",I","0",",I","2",",I","0",",I","19900209","+,,I","19900213",",,I","19900224",",,I","-0.9",",I,09,+","28.2",",,I,13,","22.9",",I,24,","1534.6","I","240.2",",I","99.4",",,,I","9.75",",I","13.98",",,,I","5.53",",,,I"
"FR000007354","1990-03","46.86","1.7217","155.0","DEOLS CHATEAUROUX AERODROME DE, FR","0.0","I","0.0",",I","2",",I","1",",I","0",",I","0",",I","7",",I","0",",I","3",",I","0",",I","19900304","+,,I","19900325",",,I","19900317",",,I","-2.4",",I,04,+","3.0",",,I,25,","23.6",",I,17,","1822.4","I","287.8",",I","4.8",",,,I","9.05",",I","14.74",",,,I","3.36",",,,I"
"FR000007354","1990-04","46.86","1.7217","155.0","DEOLS CHATEAUROUX AERODROME DE, FR","0.0","I","0.0",",I","13",",I","7",",I","0",",I","0",",I","1",",I","0",",I","3",",I","0",",I","19900410",",,I","19900414",",,I","19900430",",,I","-0.3",",I,10,","12.2",",,I,14,","22.9",",I,30,","2075.6","I","253.2",",I","39.8",",,,I","9.89",",I","14.52",",,,I","5.26",",,,I"
"FR000007354","1990-05","46.86","1.7217","155.0","DEOLS CHATEAUROUX AERODROME DE, FR","2.9","I","2.9",",I","9",",I","2",",I","0",",I","0",",I","0",",I","0",",I","22",",I","0",",I","19900527",",,I","19900521",",,I","19900503",",,I","6.3",",I,27,","4.2",",,I,21,","26.9",",I,03,","2129.5","I","53.9",",I","15.6",",,,I","16.69",",I","22.70",",,,I","10.67",",,,I"
"FR000007354","1990-06","46.86","1.7217","155.0","DEOLS CHATEAUROUX AERODROME DE, FR","23.1","I","20.2",",I","9",",I","6",",I","0",",I","0",",I","0",",I","0",",I","12",",I","0",",I","19900610",",,I","19900607",",,I","19900626",",,I","6.6",",I,10,","19.0",",,I,07,","29.9",",I,26,","2199.3","I","69.8",",I","50.2",",,,I","16.68",",I","21.41",",,,I","11.95",",,,I"
"FR000007354","1990-07","46.86","1.7217","155.0","DEOLS CHATEAUROUX AERODROME DE, FR","116.1","I","93.0",",I","7",",I","4",",I","0",",I","0",",I","0",",I","0",",I","26",",I","4",",I","19900710",",,I","19900727",",,I","19900721",",,I","8.0",",I,10,","24.6",",,I,27,","36.8",",I,21,","21.2","I","21.2",",I","42.3",",,,I","20.65",",I","27.24",",,,I","14.06",",,,I"
"FR000007354","1990-08","46.86","1.7217","155.0","DEOLS CHATEAUROUX AERODROME DE, FR","228.5","I","112.4",",I","6",",I","2",",I","0",",I","0",",I","0",",I","0",",I","29",",I","8",",I","19900808",",,I","19900830",",,I","19900804",",,I","10.0",",I,08,","23.0",",,I,30,","37.0",",I,04,","30.6","I","9.4",",I","35.0",",,,I","21.65",",I","28.14",",,,I","15.17",",,,I"
"FR000007354","1990-09","46.86","1.7217","155.0","DEOLS CHATEAUROUX AERODROME DE, FR","233.9","I","5.4",",I","5",",I","3",",I","0",",I","0",",I","0",",I","0",",I","20",",I","0",",I","19900928",",,I","19900929",",,I","19900903",",,I","4.1",",I,28,","10.6",",,I,29,","27.1",",I,03,","98.8","I","68.2",",I","25.2",",,,I","16.24",",I","22.24",",,,I","10.23",",,,I"
"FR000007354","1990-10","46.86","1.7217","155.0","DEOLS CHATEAUROUX AERODROME DE, FR","236.4","I","2.5",",I","13",",I","7",",I","0",",I","0",",I","0",",I","0",",I","8",",I","0",",I","19901009",",,I","19901028",",,I","19901013",",,I","2.0",",I,09,","18.2",",,I,28,","26.4",",I,13,","233.3","I","134.5",",I","59.2",",,,I","14.07",",I","18.58",",,,I","9.57",",,,I"
"FR000007354","1990-11","46.86","1.7217","155.0","DEOLS CHATEAUROUX AERODROME DE, FR","236.4","I","0.0",",I","13",",I","8",",I","0",",I","0",",I","3",",I","0",",I","0",",I","0",",I","19901106",",,I","19901120",",,I","19901113",",,I","-1.1",",I,06,","12.0",",,I,20,","16.1",",I,13,","555.1","I","321.8",",I","56.0",",,,I","7.61",",I","10.17",",,,I","5.05",",,,I"
"FR000007354","1990-12","46.86","1.7217","155.0","DEOLS CHATEAUROUX AERODROME DE, FR","236.4","I","0.0",",I","12",",I","7",",I","0",",I","0",",I","17",",I","0",",I","0",",I","0",",I","19901218","+,,I","19901229",",,I","19901229",",,I","-5.3",",I,18,+","7.0",",,I,29,","14.4",",I,29,","1024.2","I","469.1",",I","44.6",",,,I","3.20",",I","5.93",",,,I","0.47",",,,I"
"FR000007354","1991-01","46.86","1.7217","155.0","DEOLS CHATEAUROUX AERODROME DE, FR","0.0","I","0.0","4,I","13",",I","7",",I","0",",I","0","2,I","11","2,I","5","2,I","0","2,I","0","2,I","19910130",",2,I","19910106",",,I","19910110",",2,I","-7.4","2,I,30,","11.8",",,I,06,","15.9","2,I,10,","1416.8","I","392.6","2,I","55.4",",,,I","4.12","4,I","6.68","2,,,I","1.56","2,,,I"
"FR000007354","1991-02","46.86","1.7217","155.0","DEOLS CHATEAUROUX AERODROME DE, FR","0.0","I","0.0",",I","11",",I","4",",I","0",",I","0",",I","17",",I","8",",I","0",",I","0",",I","19910214",",,I","19910209",",,I","19910224",",,I","-12.1",",I,14,","12.8",",,I,09,","20.5",",I,24,","1886.6","I","469.8",",I","39.6",",,,I","1.55",",I","5.89",",,,I","-2.78",",,,I"
"FR000007354","1991-03","46.86","1.7217","155.0","DEOLS CHATEAUROUX AERODROME DE, FR","0.0","I","0.0",",I","11",",I","5",",I","0",",I","0",",I","2",",I","0",",I","0",",I","0",",I","19910330",",,I","19910306",",,I","19910306",",,I","-1.7",",I,30,","12.2",",,I,06,","20.0",",I,06,","2141.5","I","254.9",",I","37.4",",,,I","10.11",",I","14.12",",,,I","6.10",",,,I"
"FR000007354","1991-04","46.86","1.7217","155.0","DEOLS CHATEAUROUX AERODROME DE, FR","0.0","I","0.0",",I","11",",I","5",",I","0",",I","0",",I","2",",I","0",",I","4",",I","0",",I","19910421",",,I","19910430",",,I","19910411",",,I","-3.5",",I,21,","12.4",",,I,30,","24.7",",I,11,","2409.6","I","268.1",",I","42.0",",,,I","9.40",",I","14.79",",,,I","4.00",",,,I"
"FR000007354","1991-05","46.86","1.7217","155.0","DEOLS CHATEAUROUX AERODROME DE, FR","0.4","I","0.4",",I","8",",I","2",",I","0",",I","0",",I","0",",I","0",",I","9",",I","0",",I","19910518",",,I","19910501",",,I","19910531",",,I","2.5",",I,18,","6.6",",,I,01,","26.4",",I,31,","2604.6","I","195.0",",I","19.0",",,,I","12.06",",I","17.32",",,,I","6.79",",,,I"
"FR000007354","1991-06","46.86","1.7217","155.0","DEOLS CHATEAUROUX AERODROME DE, FR","5.4","I","5.0",",I","15",",I","7",",I","0",",I","0",",I","0",",I","0",",I","9",",I","0",",I","19910618",",,I","19910607",",,I","19910630",",,I","7.6",",I,18,","10.8",",,I,07,","26.2",",I,30,","2687.8","I","83.2",",I","52.8",",,,I","15.72",",I","20.17",",,,I","11.28",",,,I"
"FR000007354","1991-07","46.86","1.7217","155.0","DEOLS CHATEAUROUX AERODROME DE, FR","72.7","I","67.3",",I","10",",I","6",",I","0",",I","0",",I","0",",I","0",",I","29",",I","2",",I","19910727",",,I","19910730",",,I","19910711",",,I","10.7",",I,27,","22.4",",,I,30,","35.6",",I,11,","8.5","I","8.5",",I","82.6",",,,I","20.23",",I","26.42",",,,I","14.04",",,,I"
"FR000007354","1991-08","46.86","1.7217","155.0","DEOLS CHATEAUROUX AERODROME DE, FR","174.3","I","101.6",",I","6",",I","4",",I","0",",I","0",",I","0",",I","0",",I","30",",I","2",",I","19910819",",,I","19910831",",,I","19910821",",,I","10.9",",I,19,","23.1",",,I,31,","33.0",",I,21,","10.8","I","2.3",",I","34.3",",,,I","21.54",",I","28.16",",,,I","14.91",",,,I"
"FR000007354","1991-09","46.86","1.7217","155.0","DEOLS CHATEAUROUX AERODROME DE, FR","217.9","I","43.6",",I","9",",I","6",",I","1",",I","0",",I","0",",I","0",",I","22",",I","0",",I","19910908",",,I","19910911",",,I","19910904",",,I","8.6",",I,08,","37.8",",,I,11,","30.9",",I,04,","40.8","I","30.0",",I","99.4",",,,I","18.79",",I","24.04",",,,I","13.53",",,,I"
"FR000007354","1991-10","46.86","1.7217","155.0","DEOLS CHATEAUROUX AERODROME DE, FR","217.9","I","0.0",",I","16",",I","6",",I","0",",I","0",",I","1",",I","0",",I","1",",I","0",",I","19911023",",,I","19911011",",,I","19911004",",,I","-0.6",",I,23,","16.8",",,I,11,","21.2",",I,04,","275.7","I","234.9",",I","58.0",",,,I","10.76",",I","14.95",",,,I","6.56",",,,I"
"FR000007354","1991-11","46.86","1.7217","155.0","DEOLS CHATEAUROUX AERODROME DE, FR","217.9","I","0.0",",I","16",",I","9",",I","0",",I","0",",I","6",",I","0",",I","0",",I","0",",I","19911123",",,I","19911112",",,I","19911101",",,I","-4.3",",I,23,","18.2",",,I,12,","19.6",",I,01,","618.1","I","342.4",",I","76.8",",,,I","6.92",",I","10.28",",,,I","3.56",",,,I"
"FR000007354","1991-12","46.86","1.7217","155.0","DEOLS CHATEAUROUX AERODROME DE, FR","217.9","I","0.0","2,I","7",",I","1",",I","0",",I","0","1,I","18","1,I","1","1,I","0","1,I","0","1,I","19911214",",1,I","19911219",",,I","19911222",",1,I","-6.2","1,I,14,","6.2",",,I,19,","12.4","1,I,22,","1079.7","I","461.6","1,I","11.2",",,,I","2.55","2,I","5.60","1,,,I","-0.49","1,,,I"
"FR000007354","1992-01","46.86","1.7217","155.0","DEOLS CHATEAUROUX AERODROME DE, FR","0.0","I","0.0","2,I","5",",I","1",",I","0",",I","0","1,I","20","1,I","3","1,I","0","1,I","0","1,I","19920123",",1,I","19920109",",,I","19920108",",1,I","-7.4","1,I,23,","3.8",",,I,09,","14.6","1,I,08,","1557.3","I","477.6","1,I","6.0",",,,I","1.94","2,I","5.26","1,,,I","-1.38","1,,,I"
"FR000007354","1992-02","46.86","1.7217","155.0","DEOLS CHATEAUROUX AERODROME DE, FR","0.0","I","0.0",",I","7",",I","2",",I","0",",I","0",",I","15",",I","0",",I","0",",I","0",",I","19920219",",,I","19920215",",,I","19920212",",,I","-6.3",",I,19,","6.2",",,I,15,","17.8",",I,12,","1947.4","I","390.1",",I","19.6",",,,I","4.88",",I","9.39",",,,I","0.37",",,,I"
"FR000007354","1992-03","46.86","1.7217","155.0","DEOLS CHATEAUROUX AERODROME DE, FR","0.0","I","0.0",",I","12",",I","5",",I","0",",I","0",",I","3",",I","0",",I","0",",I","0",",I","19920303",",,I","19920326",",,I","19920304",",,I","-1.0",",I,03,","14.8",",,I,26,","19.3",",I,04,","2254.6","I","307.2",",I","37.2",",,,I","8.42",",I","12.54",",,,I","4.30",",,,I"
"FR000007354","1992-04","46.86","1.7217","155.0","DEOLS CHATEAUROUX AERODROME DE, FR","0.0","I","0.0",",I","11",",I","4",",I","0",",I","0",",I","2",",I","0",",I","3",",I","0",",I","19920417",",,I","19920403",",,I","19920424",",,I","-0.8",",I,17,","22.2",",,I,03,","24.2",",I,24,","2506.2","I","251.6",",I","51.4",",,,I","9.95",",I","15.07",",,,I","4.82",",,,I"
"FR000007354","1992-05","46.86","1.7217","155.0","DEOLS CHATEAUROUX AERODROME DE, FR","16.7","I","16.7",",I","8",",I","5",",I","0",",I","0",",I","0",",I","0",",I","16",",I","0",",I","19920503",",,I","19920527",",,I","19920515",",,I","3.3",",I,03,","14.0",",,I,27,","30.8",",I,15,","2594.2","I","88.0",",I","43.2",",,,I","16.03",",I","22.25",",,,I","9.81",",,,I"
"FR000007354","1992-06","46.86","1.7217","155.0","DEOLS CHATEAUROUX AERODROME DE, FR","36.4","I","19.7",",I","16",",I","11",",I","0",",I","0",",I","0",",I","0",",I","14",",I","0",",I","19920620",",,I","19920604",",,I","19920629",",,I","6.8",",I,20,","22.4",",,I,04,","29.8",",I,29,","2655.6","I","61.4",",I","76.6",",,,I","16.94",",I","21.71",",,,I","12.18",",,,I"
"FR000007354","1992-07","46.86","1.7217","155.0","DEOLS CHATEAUROUX AERODROME DE, FR","105.0","I","68.6",",I","11",",I","7",",I","1",",I","0",",I","0",",I","0",",I","26",",I","3",",I","19920728",",,I","19920704",",,I","19920720",",,I","12.1",",I,28,","29.4",",,I,04,","34.0",",I,20,","14.8","I","14.8",",I","60.0",",,,I","20.07",",I","25.43",",,,I","14.71",",,,I"
"FR000007354","1992-08","46.86","1.7217","155.0","DEOLS CHATEAUROUX AERODROME DE, FR","178.3","I","73.3","2,I","10",",I","9",",I","2",",I","0","1,I","0","1,I","0","1,I","26","1,I","3","1,I","19920815",",1,I","19920810",",,I","19920807",",1,I","10.2","1,I,15,","38.4",",,I,10,","36.2","1,I,07,","27.1","I","12.3","1,I","157.0",",,,I","20.64","2,I","26.03","1,,,I","15.26","1,,,I"
"FR000007354","1992-09","46.86","1.7217","155.0","DEOLS CHATEAUROUX AERODROME DE, FR","181.4","I","3.1",",I","11",",I","4",",I","0",",I","0",",I","0",",I","0",",I","13",",I","0",",I","19920905",",,I","19920921",",,I","19920917",",,I","5.3",",I,05,","18.2",",,I,21,","29.3",",I,17,","104.2","I","77.1",",I","38.8",",,,I","15.87",",I","21.19",",,,I","10.54",",,,I"
"FR000007354","1992-10","46.86","1.7217","155.0","DEOLS CHATEAUROUX AERODROME DE, FR","181.4","I","0.0",",I","19",",I","16",",I","1",",I","0",",I","0",",I","0",",I","0",",I","0",",I","19921017",",,I","19921002",",,I","19921001",",,I","0.6",",I,17,","27.0",",,I,02,","18.6",",I,01,","376.1","I","271.9",",I","135.2",",,,I","9.56",",I","12.71",",,,I","6.41",",,,I"
"FR000007354","1992-11","46.86","1.7217","155.0","DEOLS CHATEAUROUX AERODROME DE, FR","181.4","I","0.0",",I","20",",I","12",",I","0",",I","0",",I","2",",I","0",",I","0",",I","0",",I","19921102",",,I","19921120",",,I","19921130",",,I","-1.2",",I,02,","18.6",",,I,20,","17.5",",I,30,","629.4","I","253.3",",I","118.8",",,,I","9.89",",I","13.26",",,,I","6.52",",,,I"
"FR000007354","1992-12","46.86","1.7217","155.0","DEOLS CHATEAUROUX AERODROME DE, FR","181.4","I","0.0","4,I","12",",I","6",",I","0",",I","0","2,I","7","2,I","2","2,I","0","2,I","0","2,I","19921230",",2,I","19921203",",,I","19921218",",2,I","-5.9","2,I,30,","12.0",",,I,03,","15.5","2,I,18,","971.4","I","342.0","2,I","53.6",",,,I","5.52","4,I","8.30","2,,,I","2.74","2,,,I"
"FR000007354","1993-01","46.86","1.7217","155.0","DEOLS CHATEAUROUX AERODROME DE, FR","0.0","I","0.0","2,I","8",",I","2",",I","0",",I","0","1,I","6","1,I","3","1,I","0","1,I","0","1,I","19930103",",1,I","19930110",",,I","19930113",",1,I","-10.0","1,I,03,","6.2",",,I,10,","16.7","1,I,13,","1317.5","I","346.1","1,I","17.0",",,,I","6.47","2,I","9.81","1,,,I","3.13","1,,,I"
"FR000007354","1993-02","46.86","1.7217","155.0","DEOLS CHATEAUROUX AERODROME DE, FR","0.0","I","0.0",",I","2",",I","1",",I","0",",I","0",",I","21",",I","1",",I","0",",I","0",",I","19930224",",,I","19930226",",,I","19930215",",,I","-5.9",",I,24,","5.8",",,I,26,","12.7",",I,15,","1747.0","I","429.5",",I","6.6",",,,I","2.99",",I","6.82",",,,I","-0.83",",,,I"
"FR000007354","1993-03","46.86","1.7217","155.0","DEOLS CHATEAUROUX AERODROME DE, FR","0.0","I","0.0",",I","3",",I","3",",I","0",",I","0",",I","13",",I","0",",I","2",",I","0",",I","19930305",",,I","19930331",",,I","19930331",",,I","-4.0",",I,05,","6.2",",,I,31,","23.3",",I,31,","2076.0","I","329.0",",I","16.2",",,,I","7.72",",I","13.18",",,,I","2.26",",,,I"
"FR000007354","1993-04","46.86","1.7217","155.0","DEOLS CHATEAUROUX AERODROME DE, FR","0.0","I","0.0",",I","17",",I","9",",I","0",",I","0",",I","1",",I","0",",I","3",",I","0",",I","19930402",",,I","19930428",",,I","19930420",",,I","0.0",",I,02,","14.4",",,I,28,","25.7",",I,20,","2295.2","I","219.2",",I","81.2",",,,I","11.03",",I","15.76",",,,I","6.29",",,,I"
"FR000007354","1993-05","46.86","1.7217","155.0","DEOLS CHATEAUROUX AERODROME DE, FR","4.1","I","4.1",",I","14",",I","10",",I","2",",I","0",",I","0",",I","0",",I","8",",I","0",",I","19930506",",,I","19930518",",,I","19930525",",,I","6.0",",I,06,","44.8",",,I,18,","27.2",",I,25,","2414.6","I","119.4",",I","118.0",",,,I","14.61",",I","19.58",",,,I","9.65",",,,I"
"FR000007354","1993-06","46.86","1.7217","155.0","DEOLS CHATEAUROUX AERODROME DE, FR","29.7","I","25.6",",I","12",",I","11",",I","0",",I","0",",I","0",",I","0",",I","21",",I","0",",I","19930601",",,I","19930619",",,I","19930609",",,I","8.9",",I,01,","25.0",",,I,19,","29.3",",I,09,","2454.4","I","39.8",",I","108.4",",,,I","17.86",",I","22.84",",,,I","12.88",",,,I"
"FR000007354","1993-07","46.86","1.7217","155.0","DEOLS CHATEAUROUX AERODROME DE, FR","68.7","I","39.0",",I","6",",I","5",",I","0",",I","0",",I","0",",I","0",",I","22",",I","0",",I","19930713",",,I","19930720",",,I","19930729",",,I","8.4",",I,13,","10.8",",,I,20,","30.5",",I,29,","29.2","I","29.2",",I","40.0",",,,I","18.65",",I","23.92",",,,I","13.38",",,,I"
"FR000007354","1993-08","46.86","1.7217","155.0","DEOLS CHATEAUROUX AERODROME DE, FR","119.6","I","50.9","2,I","7",",I","3",",I","0",",I","0","1,I","0","1,I","0","1,I","27","1,I","1","1,I","19930830",",1,I","19930822",",,I","19930821",",1,I","6.2","1,I,30,","24.0",",,I,22,","32.7","1,I,21,","59.8","I","30.6","1,I","45.0",",,,I","19.08","2,I","25.44","1,,,I","12.71","1,,,I"
"FR000007354","1993-09","46.86","1.7217","155.0","DEOLS CHATEAUROUX AERODROME DE, FR","121.9","I","2.3",",I","18",",I","15",",I","1",",I","0",",I","0",",I","0",",I","8",",I","0",",I","19930928",",,I","19930921",",,I","19930920",",,I","6.3",",I,28,","57.4",",,I,21,","26.6",",I,20,","161.9","I","102.1",",I","191.6",",,,I","15.01",",I","19.19",",,,I","10.82",",,,I"
"FR000007354","1993-10","46.86","1.7217","155.0","DEOLS CHATEAUROUX AERODROME DE, FR","121.9","I","0.0",",I","18",",I","11",",I","0",",I","0",",I","0",",I","0",",I","1",",I","0",",I","19931028",",,I","19931013",",,I","19931011",",,I","2.0",",I,28,","19.8",",,I,13,","22.5",",I,11,","405.5","I","243.6",",I","88.6",",,,I","10.48",",I","13.51",",,,I","7.45",",,,I"
"FR000007354","1993-11","46.86","1.7217","155.0","DEOLS CHATEAUROUX AERODROME DE, FR","121.9","I","0.0","2,I","8",",I","2",",I","0",",I","0","1,I","15","1,I","5","1,I","0","1,I","0","1,I","19931121",",1,I","19931130",",,I","19931102",",1,I","-8.5","1,I,21,","6.0",",,I,30,","19.4","1,I,02,","813.3","I","407.8","1,I","18.6",",,,I","4.06","2,I","7.66","1,,,I","0.45","1,,,I"
"FR000007354","1993-12","46.86","1.7217","155.0","DEOLS CHATEAUROUX AERODROME DE, FR","121.9","I","0.0","4,I","17",",I","13",",I","0",",I","0","2,I","3","2,I","1","2,I","0","2,I","0","2,I","19931227",",2,I","19931231",",,I","19931220",",2,I","-4.1","2,I,27,","20.6",",,I,31,","14.0","2,I,20,","1141.6","I","328.3","2,I","86.8",",,,I","6.27","4,I","9.01","2,,,I","3.53","2,,,I"
"FR000007354","1994-01","46.86","1.7217","155.0","DEOLS CHATEAUROUX AERODROME DE, FR","0.0","I","0.0","2,I","18",",I","9",",I","0",",I","0","1,I","6","1,I","1","1,I","0","1,I","0","1,I","19940119",",1,I","19940110",",,I","19940112",",1,I","-6.4","1,I,19,","14.4",",,I,10,","13.8","1,I,12,","1494.3","I","352.7","1,I","72.8",",,,I","5.98","2,I","8.54","1,,,I","3.41","1,,,I"
"FR000007354","1994-02","46.86","1.7217","155.0","DEOLS CHATEAUROUX AERODROME DE, FR","0.0","I","0.0","2,I","16",",I","13",",I","0",",I","0","1,I","9","1,I","0","1,I","1","1,I","0","1,I","19940214",",1,I","19940211",",,I","19940226",",1,I","-3.3","1,I,14,","8.8",",,I,11,","22.0","1,I,26,","1811.7","I","317.4","1,I","73.8",",,,I","6.17","2,I","9.77","1,,,I","2.57","1,,,I"
"FR000007354","1994-03","46.86","1.7217","155.0","DEOLS CHATEAUROUX AERODROME DE, FR","0.0","I","0.0",",I","9",",I","5",",I","0",",I","0",",I","0",",I","0",",I","2",",I","0",",I","19940327","+,,I","19940330",",,I","19940330",",,I","0.3",",I,27,+","9.2",",,I,30,","23.9",",I,30,","2064.2","I","252.5",",I","29.6",",,,I","10.19",",I","14.46",",,,I","5.91",",,,I"
"FR000007354","1994-04","46.86","1.7217","155.0","DEOLS CHATEAUROUX AERODROME DE, FR","0.1","I","0.1",",I","18",",I","12",",I","0",",I","0",",I","3",",I","0",",I","4",",I","0",",I","19940415",",,I","19940417",",,I","19940430",",,I","-1.7",",I,15,","13.4",",,I,17,","26.8",",I,30,","2333.5","I","269.3",",I","101.4",",,,I","9.36",",I","13.84",",,,I","4.88",",,,I"
"FR000007354","1994-05","46.86","1.7217","155.0","DEOLS CHATEAUROUX AERODROME DE, FR","0.1","I","0.0",",I","16",",I","12",",I","1",",I","0",",I","0",",I","0",",I","10",",I","0",",I","19940509",",,I","19940511",",,I","19940503",",,I","5.0",",I,09,","25.4",",,I,11,","25.7",",I,03,","2444.7","I","111.2",",I","107.6",",,,I","14.75",",I","20.06",",,,I","9.43",",,,I"
"FR000007354","1994-06","46.86","1.7217","155.0","DEOLS CHATEAUROUX AERODROME DE, FR","29.4","I","29.3",",I","9",",I","6",",I","1",",I","0",",I","0",",I","0",",I","19",",I","1",",I","19940610",",,I","19940625",",,I","19940624",",,I","6.2",",I,10,","37.0",",,I,25,","32.8",",I,24,","2493.9","I","49.2",",I","77.4",",,,I","17.67",",I","23.22",",,,I","12.12",",,,I"
"FR000007354","1994-07","46.86","1.7217","155.0","DEOLS CHATEAUROUX AERODROME DE, FR","158.0","I","128.6",",I","6",",I","4",",I","0",",I","0",",I","0",",I","0",",I","31",",I","4",",I","19940709",",,I","19940717",",,I","19940701",",,I","10.6",",I,09,","15.3",",,I,17,","33.6",",I,01,","3.6","I","3.6",",I","31.9",",,,I","22.36",",I","28.27",",,,I","16.45",",,,I"
"FR000007354","1994-08","46.86","1.7217","155.0","DEOLS CHATEAUROUX AERODROME DE, FR","233.1","I","75.1",",I","13",",I","5",",I","0",",I","0",",I","0",",I","0",",I","28",",I","3",",I","19940829",",,I","19940807",",,I","19940803",",,I","10.8",",I,29,","18.2",",,I,07,","34.3",",I,03,","11.1","I","7.5",",I","62.8",",,,I","20.51",",I","25.74",",,,I","15.29",",,,I"
"FR000007354","1994-09","46.86","1.7217","155.0","DEOLS CHATEAUROUX AERODROME DE, FR","236.7","I","3.6",",I","17",",I","14",",I","0",",I","0",",I","0",",I","0",",I","6",",I","0",",I","19940919",",,I","19940923",",,I","19940906",",,I","4.2",",I,19,","17.0",",,I,23,","26.0",",I,06,","104.0","I","92.9",",I","140.2",",,,I","15.36",",I","19.29",",,,I","11.43",",,,I"
"FR000007354","1994-10","46.86","1.7217","155.0","DEOLS CHATEAUROUX AERODROME DE, FR","236.7","I","0.0",",I","14",",I","6",",I","0",",I","0",",I","0",",I","0",",I","6",",I","0",",I","19941006","+,,I","19941019",",,I","19941014",",,I","2.8",",I,06,+","16.4",",,I,19,","23.5",",I,14,","268.2","I","164.2",",I","52.0",",,,I","13.04",",I","17.18",",,,I","8.90",",,,I"
"FR000007354","1994-11","46.86","1.7217","155.0","DEOLS CHATEAUROUX AERODROME DE, FR","236.7","I","0.0",",I","9",",I","4",",I","0",",I","0",",I","0",",I","0",",I","1",",I","0",",I","19941124",",,I","19941104",",,I","19941103",",,I","2.6",",I,24,","24.6",",,I,04,","23.0",",I,03,","492.8","I","224.6",",I","58.2",",,,I","10.85",",I","13.90",",,,I","7.79",",,,I"
"FR000007354","1994-12","46.86","1.7217","155.0","DEOLS CHATEAUROUX AERODROME DE, FR","236.7","I","0.0","2,I","15",",I","9",",I","0",",I","0","1,I","4","1,I","0","1,I","0","1,I","0","1,I","19941226",",1,I","19941204",",,I","19941203",",1,I","-2.9","1,I,26,","10.6",",,I,04,","16.2","1,I,03,","814.8","I","322.0","1,I","69.6",",,,I","7.29","2,I","9.98","1,,,I","4.60","1,,,I"
"FR000007354","1995-01","46.86","1.7217","155.0","DEOLS CHATEAUROUX AERODROME DE, FR","0.0","I","0.0","2,I","19",",I","14",",I","0",",I","0","1,I","12","1,I","0","1,I","0","1,I","0","1,I","19950105",",1,I","19950122","+,,I","19950122",",1,I","-6.3","1,I,05,","10.6",",,I,22,+","14.1","1,I,22,","1198.7","I","383.9","1,I","85.4",",,,I","5.08","2,I","8.30","1,,,I","1.85","1,,,I"
"FR000007354","1995-02","46.86","1.7217","155.0","DEOLS CHATEAUROUX AERODROME DE, FR","0.0","I","0.0",",I","17",",I","11",",I","0",",I","0",",I","3",",I","0",",I","0",",I","0",",I","19950222",",,I","19950224",",,I","19950220",",,I","-2.6",",I,22,","11.6",",,I,24,","18.1",",I,20,","1477.3","I","278.6",",I","77.0",",,,I","8.38",",I","11.60",",,,I","5.17",",,,I"
"FR000007354","1995-03","46.86","1.7217","155.0","DEOLS CHATEAUROUX AERODROME DE, FR","0.0","I","0.0",",I","12",",I","9",",I","0",",I","0",",I","10",",I","0",",I","0",",I","0",",I","19950328",",,I","19950319",",,I","19950323",",,I","-2.6",",I,28,","21.8",",,I,19,","19.3",",I,23,","1824.7","I","347.4",",I","82.0",",,,I","7.13",",I","11.94",",,,I","2.31",",,,I"
"FR000007354","1995-04","46.86","1.7217","155.0","DEOLS CHATEAUROUX AERODROME DE, FR","0.0","I","0.0",",I","10",",I","5",",I","0",",I","0",",I","0",",I","0",",I","2",",I","0",",I","19950409",",,I","19950425",",,I","19950403",",,I","1.0",",I,09,","21.6",",,I,25,","22.4",",I,03,","2068.9","I","244.2",",I","61.4",",,,I","10.19",",I","14.46",",,,I","5.93",",,,I"
"FR000007354","1995-05","46.86","1.7217","155.0","DEOLS CHATEAUROUX AERODROME DE, FR","5.5","I","5.5",",I","10",",I","7",",I","0",",I","0",",I","0",",I","0",",I","10",",I","0",",I","19950515",",,I","19950512",",,I","19950528",",,I","1.7",",I,15,","20.0",",,I,12,","29.1",",I,28,","2199.6","I","130.7",",I","64.0",",,,I","14.30",",I","19.89",",,,I","8.70",",,,I"
"FR000007354","1995-06","46.86","1.7217","155.0","DEOLS CHATEAUROUX AERODROME DE, FR","36.6","I","31.1",",I","8",",I","3",",I","0",",I","0",",I","0",",I","0",",I","13",",I","1",",I","19950615",",,I","19950608",",,I","19950630",",,I","5.7",",I,15,","9.8",",,I,08,","32.9",",I,30,","2284.5","I","84.9",",I","27.0",",,,I","16.54",",I","22.19",",,,I","10.89",",,,I"
"FR000007354","1995-07","46.86","1.7217","155.0","DEOLS CHATEAUROUX AERODROME DE, FR","140.8","I","104.2","2,I","9",",I","5",",I","0",",I","0","1,I","0","1,I","0","1,I","29","1,I","6","1,I","19950724","+,1,I","19950710",",,I","19950720",",1,I","11.8","1,I,24,+","20.0",",,I,10,","35.7","1,I,20,","1.3","I","1.3","1,I","58.8",",,,I","22.00","2,I","27.92","1,,,I","16.08","1,,,I"
"FR000007354","1995-08","46.86","1.7217","155.0","DEOLS CHATEAUROUX AERODROME DE, FR","239.1","I","98.3",",I","7",",I","3",",I","1",",I","0",",I","0",",I","0",",I","28",",I","3",",I","19950829",",,I","19950823",",,I","19950802",",,I","8.0",",I,29,","38.0",",,I,23,","34.1",",I,02,","14.0","I","12.7",",I","53.6",",,,I","21.09",",I","27.18",",,,I","15.01",",,,I"
"FR000007354","1995-09","46.86","1.7217","155.0","DEOLS CHATEAUROUX AERODROME DE, FR","239.6","I","0.5",",I","14",",I","9",",I","0",",I","0",",I","0",",I","0",",I","7",",I","0",",I","19950929",",,I","19950919",",,I","19950906",",,I","3.3",",I,29,","25.2",",,I,19,","23.4",",I,06,","118.4","I","104.4",",I","89.4",",,,I","14.87",",I","19.21",",,,I","10.53",",,,I"
"FR000007354","1995-10","46.86","1.7217","155.0","DEOLS CHATEAUROUX AERODROME DE, FR","242.1","I","2.5",",I","10",",I","6",",I","0",",I","0",",I","0",",I","0",",I","17",",I","0",",I","19951022",",,I","19951029",",,I","19951009",",,I","4.5",",I,22,","14.8",",,I,29,","26.7",",I,09,","196.7","I","78.3",",I","43.8",",,,I","15.89",",I","20.83",",,,I","10.94",",,,I"
"FR000007354","1995-11","46.86","1.7217","155.0","DEOLS CHATEAUROUX AERODROME DE, FR","242.1","I","0.0",",I","7",",I","7",",I","0",",I","0",",I","8",",I","0",",I","0",",I","0",",I","19951119",",,I","19951116",",,I","19951111",",,I","-4.1",",I,19,","16.6",",,I,16,","20.6",",I,11,","527.5","I","330.8",",I","54.6",",,,I","7.31",",I","11.37",",,,I","3.24",",,,I"
"FR000007354","1995-12","46.86","1.7217","155.0","DEOLS CHATEAUROUX AERODROME DE, FR","242.1","I","0.0","2,I","13",",I","6",",I","1",",I","0","1,I","14","1,I","4","1,I","0","1,I","0","1,I","19951207",",1,I","19951224",",,I","19951222",",1,I","-3.9","1,I,07,","51.6",",,I,24,","15.2","1,I,22,","940.9","I","413.4","1,I","103.5",",,,I","4.09","2,I","6.81","1,,,I","1.37","1,,,I"
"FR000007354","1996-01","46.86","1.7217","155.0","DEOLS CHATEAUROUX AERODROME DE, FR","0.0","I","0.0","2,I","11",",I","9",",I","0",",I","0","1,I","6","1,I","0","1,I","0","1,I","0","1,I","19960131",",1,I","19960110",",,I","19960114",",1,I","-2.7","1,I,31,","14.0",",,I,10,","15.3","1,I,14,","1295.9","I","355.0","1,I","80.6",",,,I","6.01","2,I","9.08","1,,,I","2.94","1,,,I"
"FR000007354","1996-02","46.86","1.7217","155.0","DEOLS CHATEAUROUX AERODROME DE, FR","0.0","I","0.0","4,I","15",",I","4",",I","0",",I","0","2,I","12","2,I","1","2,I","0","2,I","0","2,I","19960222",",2,I","19960212",",,I","19960225",",2,I","-10.6","2,I,22,","11.0",",,I,12,","15.0","2,I,25,","1662.7","I","366.8","2,I","47.2",",,,I","3.54","4,I","6.34","2,,,I","0.75","2,,,I"
"FR000007354","1996-03","46.86","1.7217","155.0","DEOLS CHATEAUROUX AERODROME DE, FR","0.0","I","0.0",",I","5",",I","3",",I","0",",I","0",",I","12",",I","0",",I","2",",I","0",",I","19960312",",,I","19960326",",,I","19960324",",,I","-3.2",",I,12,","9.8",",,I,26,","24.5",",I,24,","2015.0","I","352.3",",I","19.8",",,,I","6.97",",I","11.88",",,,I","2.06",",,,I"
"FR000007354","1996-04","46.86","1.7217","155.0","DEOLS CHATEAUROUX AERODROME DE, FR","0.0","I","0.0",",I","6",",I","2",",I","0",",I","0",",I","4",",I","0",",I","5",",I","0",",I","19960404",",,I","19960416",",,I","19960421",",,I","-2.3",",I,04,","3.4",",,I,16,","25.3",",I,21,","2245.5","I","230.5",",I","11.0",",,,I","10.65",",I","16.68",",,,I","4.61",",,,I"
"FR000007354","1996-05","46.86","1.7217","155.0","DEOLS CHATEAUROUX AERODROME DE, FR","1.9","I","1.9",",I","16",",I","7",",I","0",",I","0",",I","0",",I","0",",I","7",",I","0",",I","19960511",",,I","19960525",",,I","19960530",",,I","3.8",",I,11,","22.0",",,I,25,","30.0",",I,30,","2409.9","I","164.4",",I","84.0",",,,I","13.09",",I","17.91",",,,I","8.27",",,,I"
"FR000007354","1996-06","46.86","1.7217","155.0","DEOLS CHATEAUROUX AERODROME DE, FR","42.1","I","40.2",",I","5",",I","2",",I","0",",I","0",",I","0",",I","0",",I","23",",I","1",",I","19960630",",,I","19960610",",,I","19960607",",,I","8.2",",I,30,","23.2",",,I,10,","32.3",",I,07,","2447.4","I","37.5",",I","32.2",",,,I","18.42",",I","24.45",",,,I","12.39",",,,I"
"FR000007354","1996-07","46.86","1.7217","155.0","DEOLS CHATEAUROUX AERODROME DE, FR","98.4","I","56.3",",I","8",",I","3",",I","0",",I","0",",I","0",",I","0",",I","22",",I","1",",I","19960708",",,I","19960705",",,I","19960722",",,I","7.8",",I,08,","8.2",",,I,05,","34.2",",I,22,","24.7","I","24.7",",I","24.0",",,,I","19.35",",I","25.47",",,,I","13.23",",,,I"
"FR000007354","1996-08","46.86","1.7217","155.0","DEOLS CHATEAUROUX AERODROME DE, FR","129.4","I","31.0",",I","11",",I","7",",I","0",",I","0",",I","0",",I","0",",I","24",",I","0",",I","19960831",",,I","19960821",",,I","19960819",",,I","8.0",",I,31,","17.8",",,I,21,","31.3",",I,19,","45.5","I","20.8",",I","64.8",",,,I","18.66",",I","24.06",",,,I","13.26",",,,I"
"FR000007354","1996-09","46.86","1.7217","155.0","DEOLS CHATEAUROUX AERODROME DE, FR","130.4","I","1.0",",I","6",",I","5",",I","0",",I","0",",I","0",",I","0",",I","10",",I","0",",I","19960914",",,I","19960930",",,I","19960905",",,I","4.8",",I,14,","15.0",",,I,30,","25.6",",I,05,","164.0","I","118.5",",I","41.4",",,,I","14.42",",I","20.28",",,,I","8.55",",,,I"
"FR000007354","1996-10","46.86","1.7217","155.0","DEOLS CHATEAUROUX AERODROME DE, FR","130.4","I","0.0",",I","10",",I","4",",I","0",",I","0",",I","1",",I","0",",I","3",",I","0",",I","19961031",",,I","19961001",",,I","19961024",",,I","-0.2",",I,31,","14.0",",,I,01,","22.9",",I,24,","357.7","I","193.7",",I","40.0",",,,I","12.08",",I","16.56",",,,I","7.61",",,,I"
"FR000007354","1996-11","46.86","1.7217","155.0","DEOLS CHATEAUROUX AERODROME DE, FR","130.4","I","0.0",",I","17",",I","11",",I","0",",I","0",",I","4",",I","0",",I","0",",I","0",",I","19961124",",,I","19961129",",,I","19961107",",,I","-2.4",",I,24,","24.2",",,I,29,","15.5",",I,07,","695.4","I","337.7",",I","123.8",",,,I","7.08",",I","9.96",",,,I","4.19",",,,I"
"FR000007354","1996-12","46.86","1.7217","155.0","DEOLS CHATEAUROUX AERODROME DE, FR","","","","","13",",I","11",",I","1",",I","0","3,I","15","3,I","5","3,I","0","3,I","0","3,I","19961230",",3,I","19961204",",,I","19961217",",3,I","-11.2","3,I,30,","27.0",",,I,04,","14.0","3,I,17,","","","","","95.2",",,,I","2.80","6,I","5.75","3,,,I","-0.16","3,,,I"
"FR000007354","1997-01","46.86","1.7217","155.0","DEOLS CHATEAUROUX AERODROME DE, FR","0.0","I","0.0",",I","6",",I","3",",I","0",",I","0",",I","20",",I","8",",I","0",",I","0",",I","19970102",",,I","19970104",",,I","19970122",",,I","-11.8",",I,02,","9.2",",,I,04,","13.3",",I,22,","","","548.7",",I","20.6",",,,I","0.63",",I","3.31",",,,I","-2.05",",,,I"
"FR000007354","1997-02","46.86","1.7217","155.0","DEOLS CHATEAUROUX AERODROME DE, FR","0.0","I","0.0",",I","13",",I","7",",I","0",",I","0",",I","8",",I","0",",I","1",",I","0",",I","19970207",",,I","19970213",",,I","19970228",",,I","-2.9",",I,07,","16.2",",,I,13,","21.4",",I,28,","","","296.4",",I","61.6",",,,I","7.75",",I","12.21",",,,I","3.28",",,,I"
"FR000007354","1997-03","46.86","1.7217","155.0","DEOLS CHATEAUROUX AERODROME DE, FR","0.0","I","0.0",",I","5",",I","2",",I","0",",I","0",",I","2",",I","0",",I","1",",I","0",",I","19970329",",,I","19970318",",,I","19970304",",,I","-0.4",",I,29,","5.4",",,I,18,","22.0",",I,04,","","","270.0",",I","10.2",",,,I","9.62",",I","14.94",",,,I","4.31",",,,I"
"FR000007354","1997-04","46.86","1.7217","155.0","DEOLS CHATEAUROUX AERODROME DE, FR","0.0","I","0.0",",I","4",",I","2",",I","0",",I","0",",I","4",",I","0",",I","3",",I","0",",I","19970423",",,I","19970426",",,I","19970410",",,I","-0.9",",I,23,","12.2",",,I,26,","22.4",",I,10,","","","244.1",",I","17.4",",,,I","10.20",",I","17.17",",,,I","3.23",",,,I"
"FR000007354","1997-05","46.86","1.7217","155.0","DEOLS CHATEAUROUX AERODROME DE, FR","0.7","I","0.7",",I","15",",I","13",",I","1",",I","0",",I","0",",I","0",",I","14",",I","0",",I","19970508",",,I","19970513",",,I","19970530",",,I","1.2",",I,08,","29.2",",,I,13,","26.5",",I,30,","","","116.5",",I","118.0",",,,I","14.60",",I","20.05",",,,I","9.14",",,,I"
"FR000007354","1997-06","46.86","1.7217","155.0","DEOLS CHATEAUROUX AERODROME DE, FR","19.9","I","19.2",",I","19",",I","12",",I","0",",I","0",",I","0",",I","0",",I","17",",I","0",",I","19970603",",,I","19970627",",,I","19970610",",,I","8.8",",I,03,","16.8",",,I,27,","28.9",",I,10,","","","58.5",",I","104.8",",,,I","17.02",",I","21.67",",,,I","12.38",",,,I"
"FR000007354","1997-07","46.86","1.7217","155.0","DEOLS CHATEAUROUX AERODROME DE, FR","73.5","I","53.6",",I","12",",I","4",",I","0",",I","0",",I","0",",I","0",",I","25",",I","0",",I","19970703",",,I","19970702",",,I","19970729",",,I","9.3",",I,03,","15.4",",,I,02,","30.8",",I,29,","19.1","I","19.1",",I","43.0",",,,I","19.44",",I","24.88",",,,I","14.01",",,,I"
"FR000007354","1997-08","46.86","1.7217","155.0","DEOLS CHATEAUROUX AERODROME DE, FR","218.3","I","144.8",",I","10",",I","6",",I","2",",I","0",",I","0",",I","0",",I","30",",I","4",",I","19970801",",,I","19970805",",,I","19970810","+,,I","11.8",",I,01,","40.0",",,I,05,","33.4",",I,10,+","20.7","I","1.6",",I","127.0",",,,I","22.95",",I","28.34",",,,I","17.57",",,,I"
"FR000007354","1997-09","46.86","1.7217","155.0","DEOLS CHATEAUROUX AERODROME DE, FR","226.6","I","8.3",",I","3",",I","2",",I","0",",I","0",",I","0",",I","0",",I","26",",I","0",",I","19970915",",,I","19970912",",,I","19970911",",,I","5.3",",I,15,","13.2",",,I,12,","28.1",",I,11,","53.0","I","32.3",",I","23.0",",,,I","17.53",",I","24.07",",,,I","11.00",",,,I"
"FR000007354","1997-10","46.86","1.7217","155.0","DEOLS CHATEAUROUX AERODROME DE, FR","228.7","I","2.1",",I","10",",I","5",",I","0",",I","0",",I","4",",I","0",",I","10",",I","0",",I","19971030",",,I","19971010",",,I","19971001",",,I","-5.2",",I,30,","13.4",",,I,10,","26.3",",I,01,","237.1","I","184.1",",I","45.0",",,,I","12.46",",I","17.35",",,,I","7.58",",,,I"
"FR000007354","1997-11","46.86","1.7217","155.0","DEOLS CHATEAUROUX AERODROME DE, FR","228.7","I","0.0",",I","16",",I","10",",I","0",",I","0",",I","3",",I","0",",I","0",",I","0",",I","19971101",",,I","19971106",",,I","19971116",",,I","-3.5",",I,01,","19.8",",,I,06,","17.0",",I,16,","513.8","I","276.7",",I","115.2",",,,I","9.11",",I","12.59",",,,I","5.63",",,,I"
"FR000007354","1997-12","46.86","1.7217","155.0","DEOLS CHATEAUROUX AERODROME DE, FR","228.7","I","0.0","2,I","13",",I","5",",I","0",",I","0","1,I","9","1,I","0","1,I","0","1,I","0","1,I","19971207",",1,I","19971218",",,I","19971225",",1,I","-3.5","1,I,07,","24.8",",,I,18,","16.6","1,I,25,","877.1","I","363.3","1,I","58.8",",,,I","5.95","2,I","8.76","1,,,I","3.14","1,,,I"
"FR000007354","1998-01","46.86","1.7217","155.0","DEOLS CHATEAUROUX AERODROME DE, FR","0.0","I","0.0",",I","11",",I","8",",I","0",",I","0",",I","13",",I","2",",I","0",",I","0",",I","19980124",",,I","19980118",",,I","19980113",",,I","-3.5",",I,24,","19.0",",,I,18,","16.2",",I,13,","1290.6","I","413.5",",I","81.4",",,,I","4.99",",I","7.97",",,,I","2.02",",,,I"
"FR000007354","1998-02","46.86","1.7217","155.0","DEOLS CHATEAUROUX AERODROME DE, FR","0.0","I","0.0",",I","6",",I","2",",I","0",",I","0",",I","14",",I","1",",I","1",",I","0",",I","19980205",",,I","19980221",",,I","19980220",",,I","-7.1",",I,05,","8.2",",,I,21,","22.2",",I,20,","1644.0","I","353.4",",I","15.2",",,,I","5.71",",I","11.26",",,,I","0.16",",,,I"
"FR000007354","1998-03","46.86","1.7217","155.0","DEOLS CHATEAUROUX AERODROME DE, FR","0.0","I","0.0",",I","6",",I","5",",I","0",",I","0",",I","6",",I","0",",I","1",",I","0",",I","19980310",",,I","19980308",",,I","19980329",",,I","-3.9",",I,10,","16.6",",,I,08,","22.4",",I,29,","1945.8","I","301.8",",I","32.8",",,,I","8.60",",I","13.27",",,,I","3.92",",,,I"
"FR000007354","1998-04","46.86","1.7217","155.0","DEOLS CHATEAUROUX AERODROME DE, FR","0.0","I","0.0",",I","26",",I","17",",I","1",",I","0",",I","0",",I","0",",I","1",",I","0",",I","19980414",",,I","19980406",",,I","19980422",",,I","0.1",",I,14,","27.0",",,I,06,","24.2",",I,22,","2207.6","I","261.8",",I","193.0",",,,I","9.61",",I","13.06",",,,I","6.15",",,,I"
"FR000007354","1998-05","46.86","1.7217","155.0","DEOLS CHATEAUROUX AERODROME DE, FR","11.2","I","11.2",",I","4",",I","3",",I","0",",I","0",",I","0",",I","0",",I","17",",I","0",",I","19980505",",,I","19980526",",,I","19980511",",,I","4.2",",I,05,","12.6",",,I,26,","28.3",",I,11,","2308.9","I","101.3",",I","23.6",",,,I","15.43",",I","21.23",",,,I","9.62",",,,I"
"FR000007354","1998-06","46.86","1.7217","155.0","DEOLS CHATEAUROUX AERODROME DE, FR","43.0","I","31.8",",I","8",",I","1",",I","0",",I","0",",I","0",",I","0",",I","23",",I","1",",I","19980601",",,I","19980601",",,I","19980620",",,I","6.5",",I,01,","8.0",",,I,01,","35.0",",I,20,","2350.7","I","41.8",",I","16.6",",,,I","18.00",",I","23.77",",,,I","12.23",",,,I"
"FR000007354","1998-07","46.86","1.7217","155.0","DEOLS CHATEAUROUX AERODROME DE, FR","84.9","I","41.9",",I","13",",I","6",",I","1",",I","0",",I","0",",I","0",",I","27",",I","2",",I","19980714",",,I","19980702",",,I","19980720",",,I","8.3",",I,14,","30.4",",,I,02,","36.3",",I,20,","14.8","I","14.8",",I","67.2",",,,I","19.21",",I","24.47",",,,I","13.94",",,,I"
"FR000007354","1998-08","46.86","1.7217","155.0","DEOLS CHATEAUROUX AERODROME DE, FR","167.6","I","82.7",",I","5",",I","3",",I","0",",I","0",",I","0",",I","0",",I","25",",I","5",",I","19980830",",,I","19980822",",,I","19980810",",,I","7.3",",I,30,","4.8",",,I,22,","37.1",",I,10,","32.5","I","17.7",",I","17.8",",,,I","20.43",",I","27.11",",,,I","13.75",",,,I"
"FR000007354","1998-09","46.86","1.7217","155.0","DEOLS CHATEAUROUX AERODROME DE, FR","185.1","I","17.5",",I","20",",I","8",",I","0",",I","0",",I","0",",I","0",",I","17",",I","0",",I","19980913",",,I","19980911",",,I","19980901",",,I","6.8",",I,13,","9.6",",,I,11,","28.5",",I,01,","96.2","I","63.7",",I","64.6",",,,I","16.79",",I","21.37",",,,I","12.22",",,,I"
"FR000007354","1998-10","46.86","1.7217","155.0","DEOLS CHATEAUROUX AERODROME DE, FR","185.1","I","0.0",",I","18",",I","10",",I","0",",I","0",",I","0",",I","0",",I","0",",I","0",",I","19981020",",,I","19981024",",,I","19981016",",,I","3.6",",I,20,","21.2",",,I,24,","21.0",",I,16,","290.9","I","194.7",",I","101.6",",,,I","12.05",",I","15.16",",,,I","8.94",",,,I"
"FR000007354","1998-11","46.86","1.7217","155.0","DEOLS CHATEAUROUX AERODROME DE, FR","185.1","I","0.0",",I","16",",I","8",",I","0",",I","0",",I","9",",I","1",",I","0",",I","0",",I","19981124",",,I","19981109",",,I","19981109",",,I","-8.7",",I,24,","10.4",",,I,09,","17.1",",I,09,","687.2","I","396.3",",I","55.0",",,,I","5.12",",I","8.82",",,,I","1.43",",,,I"
"FR000007354","1998-12","46.86","1.7217","155.0","DEOLS CHATEAUROUX AERODROME DE, FR","185.1","I","0.0",",I","12",",I","6",",I","0",",I","0",",I","8",",I","0",",I","0",",I","0",",I","19981207",",,I","19981209",",,I","19981227",",,I","-4.8",",I,07,","8.6",",,I,09,","15.3",",I,27,","1096.9","I","409.7",",I","48.0",",,,I","5.12",",I","8.21",",,,I","2.02",",,,I"
"FR000007354","1999-01","46.86","1.7217","155.0","DEOLS CHATEAUROUX AERODROME DE, FR","0.0","I","0.0","2,I","13",",I","6",",I","0",",I","0","1,I","6","1,I","1","1,I","0","1,I","0","1,I","19990112",",1,I","19990126",",,I","19990105",",1,I","-10.3","1,I,12,","10.6",",,I,26,","18.5","1,I,05,","1452.5","I","355.6","1,I","49.8",",,,I","5.95","2,I","9.39","1,,,I","2.51","1,,,I"
"FR000007354","1999-02","46.86","1.7217","155.0","DEOLS CHATEAUROUX AERODROME DE, FR","0.0","I","0.0",",I","15",",I","5",",I","0",",I","0",",I","10",",I","0",",I","0",",I","0",",I","19990213",",,I","19990208",",,I","19990224",",,I","-6.3",",I,13,","22.2",",,I,08,","12.3",",I,24,","1843.8","I","391.3",",I","74.6",",,,I","4.36",",I","7.26",",,,I","1.46",",,,I"
"FR000007354","1999-03","46.86","1.7217","155.0","DEOLS CHATEAUROUX AERODROME DE, FR","0.0","I","0.0",",I","13",",I","4",",I","0",",I","0",",I","1",",I","0",",I","0",",I","0",",I","19990321",",,I","19990308",",,I","19990331",",,I","-0.3",",I,21,","20.6",",,I,08,","20.4",",I,31,","2138.2","I","294.4",",I","50.8",",,,I","8.84",",I","13.34",",,,I","4.33",",,,I"
"FR000007354","1999-04","46.86","1.7217","155.0","DEOLS CHATEAUROUX AERODROME DE, FR","0.0","I","0.0",",I","19",",I","9",",I","0",",I","0",",I","1",",I","0",",I","3",",I","0",",I","19990415",",,I","19990412",",,I","19990401",",,I","0.0",",I,15,","12.8",",,I,12,","22.9",",I,01,","2362.4","I","224.2",",I","90.8",",,,I","10.86",",I","15.45",",,,I","6.26",",,,I"
"FR000007354","1999-05","46.86","1.7217","155.0","DEOLS CHATEAUROUX AERODROME DE, FR","13.2","I","13.2",",I","15",",I","9",",I","0",",I","0",",I","0",",I","0",",I","15",",I","0",",I","19990518",",,I","19990517",",,I","19990529",",,I","5.7",",I,18,","14.0",",,I,17,","28.3",",I,29,","2437.4","I","75.0",",I","59.6",",,,I","16.34",",I","21.24",",,,I","11.45",",,,I"
"FR000007354","1999-06","46.86","1.7217","155.0","DEOLS CHATEAUROUX AERODROME DE, FR","32.6","I","19.4",",I","8",",I","4",",I","0",",I","0",",I","0",",I","0",",I","18",",I","0",",I","19990623",",,I","19990626","+,,I","19990625",",,I","7.6",",I,23,","3.8",",,I,26,+","31.0",",I,25,","2491.5","I","54.1",",I","19.8",",,,I","17.17",",I","22.50",",,,I","11.85",",,,I"
"FR000007354","1999-07","46.86","1.7217","155.0","DEOLS CHATEAUROUX AERODROME DE, FR","127.8","I","95.2",",I","4",",I","3",",I","1",",I","0",",I","0",",I","0",",I","29",",I","1",",I","19990724",",,I","19990727",",,I","19990702",",,I","9.6",",I,24,","44.2",",,I,27,","34.8",",I,02,","4.5","I","4.5",",I","69.2",",,,I","21.26",",I","27.25",",,,I","15.26",",,,I"
"FR000007354","1999-08","46.86","1.7217","155.0","DEOLS CHATEAUROUX AERODROME DE, FR","199.2","I","71.4",",I","11",",I","5",",I","0",",I","0",",I","0",",I","0",",I","30",",I","1",",I","19990820",",,I","19990825",",,I","19990825",",,I","10.0",",I,20,","10.2",",,I,25,","36.1",",I,25,","8.4","I","3.9",",I","55.0",",,,I","20.51",",I","25.90",",,,I","15.13",",,,I"
"FR000007354","1999-09","46.86","1.7217","155.0","DEOLS CHATEAUROUX AERODROME DE, FR","228.2","I","29.0",",I","15",",I","12",",I","3",",I","0",",I","0",",I","0",",I","18",",I","0",",I","19990916",",,I","19990929",",,I","19990911",",,I","8.3",",I,16,","42.4",",,I,29,","31.0",",I,11,","32.9","I","24.5",",I","180.2",",,,I","18.48",",I","23.34",",,,I","13.62",",,,I"
"FR000007354","1999-10","46.86","1.7217","155.0","DEOLS CHATEAUROUX AERODROME DE, FR","228.2","I","0.0",",I","11",",I","6",",I","0",",I","0",",I","0",",I","0",",I","3",",I","0",",I","19991005",",,I","19991020",",,I","19991030",",,I","2.8",",I,05,","19.2",",,I,20,","22.3",",I,30,","195.3","I","162.4",",I","66.8",",,,I","13.10",",I","17.04",",,,I","9.15",",,,I"
"FR000007354","1999-11","46.86","1.7217","155.0","DEOLS CHATEAUROUX AERODROME DE, FR","228.2","I","0.0",",I","10",",I","4",",I","0",",I","0",",I","6",",I","0",",I","0",",I","0",",I","19991116",",,I","19991102",",,I","19991101",",,I","-4.6",",I,16,","22.2",",,I,02,","20.8",",I,01,","567.4","I","372.1",",I","59.0",",,,I","5.93",",I","9.45",",,,I","2.41",",,,I"
"FR000007354","1999-12","46.86","1.7217","155.0","DEOLS CHATEAUROUX AERODROME DE, FR","228.2","I","0.0",",I","22",",I","15",",I","1",",I","0",",I","11",",I","0",",I","0",",I","0",",I","19991221",",,I","19991227",",,I","19991226",",,I","-4.4",",I,21,","33.2",",,I,27,","13.2",",I,26,","968.1","I","400.7",",I","136.8",",,,I","5.41",",I","8.50",",,,I","2.32",",,,I"
