"STATION","DATE","LATITUDE","LONGITUDE","ELEVATION","NAME","CDSD","CDSD_ATTRIBUTES","CLDD","CLDD_ATTRIBUTES","DP01","DP01_ATTRIBUTES","DP10","DP10_ATTRIBUTES","DP1X","DP1X_ATTRIBUTES","DT00","DT00_ATTRIBUTES","DT32","DT32_ATTRIBUTES","DX32","DX32_ATTRIBUTES","DX70","DX70_ATTRIBUTES","DX90","DX90_ATTRIBUTES","DYNT","DYNT_ATTRIBUTES","DYXP","DYXP_ATTRIBUTES","DYXT","DYXT_ATTRIBUTES","EMNT","EMNT_ATTRIBUTES","EMXP","EMXP_ATTRIBUTES","EMXT","EMXT_ATTRIBUTES","HDSD","HDSD_ATTRIBUTES","HTDD","HTDD_ATTRIBUTES","PRCP","PRCP_ATTRIBUTES","TAVG","TAVG_ATTRIBUTES","TMAX","TMAX_ATTRIBUTES","TMIN","TMIN_ATTRIBUTES"
"GME00126298","1994-02","48.0928","11.65","542.0","MUNCHEN PERLACH, GM","","","0.0",",E","11",",E","7",",E","0",",E","0",",E","17",",E","6",",E","0",",E","0",",E","19940216",",,E","19940211",",,E","19940226",",,E","-12.5",",E,16,","8.0",",,E,11,","18.0",",E,26,","","","468.5",",E","38.9",",,,E","1.60",",E","5.58",",,,E","-2.38",",,,E"
"GME00126298","1994-03","48.0928","11.65","542.0","MUNCHEN PERLACH, GM","","","0.0",",E","22",",E","12",",E","0",",E","0",",E","2",",E","0",",E","0",",E","0",",E","19940305",",,E","19940325",",,E","19940330",",,E","-1.0",",E,05,","20.5",",,E,25,","19.5",",E,30,","","","290.1",",E","98.7",",,,E","8.97",",E","12.94",",,,E","5.01",",,,E"
"GME00126298","1994-04","48.0928","11.65","542.0","MUNCHEN PERLACH, GM","","","0.0",",E","17",",E","8",",E","1",",E","0",",E","3",",E","0",",E","3",",E","0",",E","19940404",",,E","19940412",",,E","19940430",",,E","-1.8",",E,04,","42.0",",,E,12,","24.2",",E,30,","","","321.3",",E","122.6",",,,E","7.62",",E","12.24",",,,E","3.00",",,,E"
"GME00126298","1994-05","48.0928","11.65","542.0","MUNCHEN PERLACH, GM","","","0.0",",E","17",",E","12",",E","0",",E","0",",E","0",",E","0",",E","6",",E","0",",E","19940506",",,E","19940510",",,E","19940516",",,E","2.8",",E,06,","11.7",",,E,10,","24.4",",E,16,","","","148.0",",E","75.3",",,,E","13.56",",E","18.57",",,,E","8.55",",,,E"
"GME00126298","1994-06","48.0928","11.65","542.0","MUNCHEN PERLACH, GM","","","43.2",",E","14",",E","9",",E","0",",E","0",",E","0",",E","0",",E","18",",E","0",",E","19940606",",,E","19940619",",,E","19940627",",,E","5.5",",E,06,","20.7",",,E,19,","31.5",",E,27,","","","74.3",",E","72.5",",,,E","17.30",",E","22.47",",,,E","12.12",",,,E"
"GME00126298","1994-07","48.0928","11.65","542.0","MUNCHEN PERLACH, GM","","","102.4",",E","14",",E","10",",E","0",",E","0",",E","0",",E","0",",E","30",",E","1",",E","19940722",",,E","19940706",",,E","19940704",",,E","13.9",",E,22,","21.2",",,E,06,","33.0",",E,04,","2.1","","2.1",",E","83.1",",,,E","21.57",",E","27.44",",,,E","15.69",",,,E"
"GME00126298","1994-08","48.0928","11.65","542.0","MUNCHEN PERLACH, GM","","","75.1",",E","15",",E","8",",E","1",",E","0",",E","0",",E","0",",E","24",",E","1",",E","19940816",",,E","19940824",",,E","19940805",",,E","8.5",",E,16,","30.0",",,E,24,","34.0",",E,05,","22.5","","20.4",",E","82.1",",,,E","20.10",",E","25.10",",,,E","15.09",",,,E"
"GME00126298","1994-09","48.0928","11.65","542.0","MUNCHEN PERLACH, GM","","","4.4",",E","19",",E","13",",E","0",",E","0",",E","0",",E","0",",E","9",",E","0",",E","19940920",",,E","19940906",",,E","19940912",",,E","2.8",",E,20,","11.0",",,E,06,","26.0",",E,12,","133.4","","110.9",",E","85.4",",,,E","14.78",",E","18.88",",,,E","10.69",",,,E"
"GME00126298","1994-10","48.0928","11.65","542.0","MUNCHEN PERLACH, GM","","","0.0",",E","12",",E","6",",E","0",",E","0",",E","10",",E","0",",E","1",",E","0",",E","19941007",",,E","19941028",",,E","19941031",",,E","-2.8",",E,07,","11.7",",,E,28,","22.0",",E,31,","431.4","","298.0",",E","42.3",",,,E","8.72",",E","13.89",",,,E","3.55",",,,E"
"GME00126298","1994-11","48.0928","11.65","542.0","MUNCHEN PERLACH, GM","","","0.0",",E","12",",E","5",",E","0",",E","0",",E","0",",E","0",",E","1",",E","0",",E","19941128",",,E","19941110",",,E","19941105",",,E","1.5",",E,28,","22.4",",,E,10,","22.3",",E,05,","728.3","","296.9",",E","66.2",",,,E","8.44",",E","11.30",",,,E","5.58",",,,E"
"GME00126298","1994-12","48.0928","11.65","542.0","MUNCHEN PERLACH, GM","","","0.0",",E","19",",E","11",",E","0",",E","0",",E","17",",E","4",",E","0",",E","0",",E","19941224",",,E","19941209",",,E","19941229",",,E","-5.4",",E,24,","13.5",",,E,09,","13.6",",E,29,","1193.9","","465.6",",E","75.7",",,,E","3.31",",E","6.19",",,,E","0.44",",,,E"
"GME00126298","1995-01","48.0928","11.65","542.0","MUNCHEN PERLACH, GM","0.0","E","0.0",",E","16",",E","9",",E","0",",E","0",",E","25",",E","11",",E","0",",E","0",",E","19950107",",,E","19950110",",,E","19950126","+,,E","-16.5",",E,07,","9.1",",,E,10,","14.0",",E,26,+","1781.8","E","587.9",",E","58.2",",,,E","-0.63",",E","3.03",",,,E","-4.29",",,,E"
"GME00126298","1995-02","48.0928","11.65","542.0","MUNCHEN PERLACH, GM","0.0","E","0.0",",E","14",",E","8",",E","0",",E","0",",E","13",",E","0",",E","0",",E","0",",E","19950213",",,E","19950225",",,E","19950221",",,E","-2.2",",E,13,","10.6",",,E,25,","17.2",",E,21,","2149.0","E","367.2",",E","63.4",",,,E","5.22",",E","9.84",",,,E","0.59",",,,E"
"GME00126298","1995-03","48.0928","11.65","542.0","MUNCHEN PERLACH, GM","0.0","E","0.0",",E","15",",E","11",",E","1",",E","0",",E","22",",E","0",",E","0",",E","0",",E","19950311","+,,E","19950319",",,E","19950324",",,E","-4.8",",E,11,+","39.1",",,E,19,","16.5",",E,24,","2611.3","E","462.3",",E","109.7",",,,E","3.42",",E","7.61",",,,E","-0.77",",,,E"
"GME00126298","1995-04","48.0928","11.65","542.0","MUNCHEN PERLACH, GM","0.0","E","0.0",",E","16",",E","8",",E","0",",E","0",",E","1",",E","0",",E","3",",E","0",",E","19950409",",,E","19950401",",,E","19950424",",,E","-1.0",",E,09,","13.6",",,E,01,","24.0",",E,24,","2873.0","E","261.7",",E","65.0",",,,E","9.61",",E","13.63",",,,E","5.59",",,,E"
"GME00126298","1995-05","48.0928","11.65","542.0","MUNCHEN PERLACH, GM","1.3","E","1.3",",E","11",",E","7",",E","2",",E","0",",E","0",",E","0",",E","9",",E","0",",E","19950504",",,E","19950513",",,E","19950529",",,E","3.0",",E,04,","38.1",",,E,13,","26.5",",E,29,","3027.1","E","154.1",",E","117.5",",,,E","13.41",",E","18.29",",,,E","8.52",",,,E"
"GME00126298","1995-06","48.0928","11.65","542.0","MUNCHEN PERLACH, GM","6.1","E","4.8",",E","20",",E","16",",E","2",",E","0",",E","0",",E","0",",E","9",",E","0",",E","19950610",",,E","19950601",",,E","19950630",",,E","4.1",",E,10,","56.2",",,E,01,","27.0",",E,30,","3157.8","E","130.7",",E","165.5",",,,E","14.14",",E","18.36",",,,E","9.92",",,,E"
"GME00126298","1995-07","48.0928","11.65","542.0","MUNCHEN PERLACH, GM","85.8","E","79.7",",E","13",",E","10",",E","2",",E","0",",E","0",",E","0",",E","28",",E","1",",E","19950707",",,E","19950727",",,E","19950722",",,E","10.2",",E,07,","44.7",",,E,27,","33.1",",E,22,","4.7","E","4.7",",E","178.6",",,,E","20.75",",E","26.27",",,,E","15.23",",,,E"
"GME00126298","1995-08","48.0928","11.65","542.0","MUNCHEN PERLACH, GM","112.8","E","27.0",",E","16",",E","14",",E","0",",E","0",",E","0",",E","0",",E","18",",E","0",",E","19950831",",,E","19950814",",,E","19950810","+,,E","7.5",",E,31,","22.7",",,E,14,","28.5",",E,10,+","52.5","E","47.8",",E","155.7",",,,E","17.66",",E","22.27",",,,E","13.05",",,,E"
"GME00126298","1995-09","48.0928","11.65","542.0","MUNCHEN PERLACH, GM","112.8","E","0.0",",E","14",",E","7",",E","1",",E","0",",E","0",",E","0",",E","3",",E","0",",E","19950930",",,E","19950927",",,E","19950907",",,E","3.5",",E,30,","26.3",",,E,27,","24.5",",E,07,","213.3","E","160.8",",E","76.1",",,,E","12.97",",E","17.23",",,,E","8.71",",,,E"
"GME00126298","1995-10","48.0928","11.65","542.0","MUNCHEN PERLACH, GM","112.8","E","0.0",",E","9",",E","3",",E","0",",E","0",",E","1",",E","0",",E","5",",E","0",",E","19951025",",,E","19951005",",,E","19951005","+,,E","0.0",",E,25,","7.4",",,E,05,","23.0",",E,05,+","388.4","E","175.1",",E","19.0",",,,E","12.68",",E","16.93",",,,E","8.44",",,,E"
"GME00126298","1995-11","48.0928","11.65","542.0","MUNCHEN PERLACH, GM","112.8","E","0.0",",E","11",",E","7",",E","1",",E","0",",E","17",",E","3",",E","0",",E","0",",E","19951122",",,E","19951116",",,E","19951101",",,E","-9.0",",E,22,","40.1",",,E,16,","13.0",",E,01,","869.2","E","480.8",",E","100.9",",,,E","2.31",",E","5.10",",,,E","-0.48",",,,E"
"GME00126298","1995-12","48.0928","11.65","542.0","MUNCHEN PERLACH, GM","112.8","E","0.0",",E","17",",E","13",",E","0",",E","0",",E","25",",E","16",",E","0",",E","0",",E","19951228",",,E","19951224",",,E","19951223",",,E","-13.0",",E,28,","22.5",",,E,24,","12.5",",E,23,","1467.9","E","598.7",",E","113.9",",,,E","-0.98",",E","1.03",",,,E","-2.99",",,,E"
"GME00126298","1996-01","48.0928","11.65","542.0","MUNCHEN PERLACH, GM","0.0","E","0.0",",E","4",",E","4",",E","0",",E","0",",E","30",",E","22",",E","0",",E","0",",E","19960106",",,E","19960127",",,E","19960108",",,E","-9.5",",E,06,","12.5",",,E,27,","5.2",",E,08,","2121.7","E","653.8",",E","28.8",",,,E","-2.76",",E","-0.85",",,,E","-4.67",",,,E"
"GME00126298","1996-02","48.0928","11.65","542.0","MUNCHEN PERLACH, GM","0.0","E","0.0",",E","13",",E","5",",E","0",",E","0",",E","27",",E","9",",E","0",",E","0",",E","19960206",",,E","19960215",",,E","19960226","+,,E","-13.5",",E,06,","9.6",",,E,15,","12.0",",E,26,+","2695.7","E","574.0",",E","32.0",",,,E","-1.46",",E","2.62",",,,E","-5.54",",,,E"
"GME00126298","1996-03","48.0928","11.65","542.0","MUNCHEN PERLACH, GM","0.0","E","0.0",",E","13",",E","5",",E","0",",E","0",",E","23",",E","6",",E","0",",E","0",",E","19960313",",,E","19960326",",,E","19960326",",,E","-10.5",",E,13,","11.6",",,E,26,","16.4",",E,26,","3213.1","E","517.4",",E","43.6",",,,E","1.64",",E","5.54",",,,E","-2.25",",,,E"
"GME00126298","1996-04","48.0928","11.65","542.0","MUNCHEN PERLACH, GM","2.2","E","2.2",",E","12",",E","6",",E","0",",E","0",",E","7",",E","0",",E","5",",E","0",",E","19960401",",,E","19960404","+,,E","19960423",",,E","-2.5",",E,01,","6.0",",,E,04,+","27.0",",E,23,","3495.5","E","282.4",",E","34.8",",,,E","8.99",",E","13.75",",,,E","4.23",",,,E"
"GME00126298","1996-05","48.0928","11.65","542.0","MUNCHEN PERLACH, GM","2.8","E","0.6",",E","17",",E","13",",E","0",",E","0",",E","0",",E","0",",E","8",",E","0",",E","19960529","+,,E","19960513",",,E","19960531",",,E","4.0",",E,29,+","23.1",",,E,13,","28.0",",E,31,","3665.7","E","170.2",",E","148.4",",,,E","12.86",",E","17.47",",,,E","8.25",",,,E"
"GME00126298","1996-06","48.0928","11.65","542.0","MUNCHEN PERLACH, GM","33.1","E","30.3",",E","11",",E","10",",E","0",",E","0",",E","0",",E","0",",E","19",",E","0",",E","19960624",",,E","19960622",",,E","19960608",",,E","6.0",",E,24,","18.1",",,E,22,","30.5",",E,08,","3728.6","E","62.9",",E","76.9",",,,E","17.25",",E","22.41",",,,E","12.08",",,,E"
"GME00126298","1996-07","48.0928","11.65","542.0","MUNCHEN PERLACH, GM","54.1","E","21.0",",E","16",",E","13",",E","2",",E","0",",E","0",",E","0",",E","18",",E","0",",E","19960709",",,E","19960708",",,E","19960723",",,E","7.0",",E,09,","34.1",",,E,08,","30.0",",E,23,","67.7","E","67.7",",E","133.3",",,,E","16.83",",E","21.97",",,,E","11.69",",,,E"
"GME00126298","1996-08","48.0928","11.65","542.0","MUNCHEN PERLACH, GM","64.8","E","10.7",",E","20",",E","13",",E","0",",E","0",",E","0",",E","0",",E","16",",E","0",",E","19960805",",,E","19960807",",,E","19960801",",,E","8.0",",E,05,","22.2",",,E,07,","29.0",",E,01,","127.2","E","59.5",",E","145.6",",,,E","16.76",",E","21.58",",,,E","11.94",",,,E"
"GME00126298","1996-09","48.0928","11.65","542.0","MUNCHEN PERLACH, GM","64.8","E","0.0",",E","16",",E","12",",E","0",",E","0",",E","0",",E","0",",E","1",",E","0",",E","19960917",",,E","19960913",",,E","19960930",",,E","2.0",",E,17,","19.9",",,E,13,","23.0",",E,30,","348.7","E","221.5",",E","87.8",",,,E","10.95",",E","14.69",",,,E","7.20",",,,E"
"GME00126298","1996-10","48.0928","11.65","542.0","MUNCHEN PERLACH, GM","64.8","E","0.0",",E","18",",E","12",",E","0",",E","0",",E","3",",E","0",",E","1",",E","0",",E","19961024",",,E","19961002",",,E","19961001",",,E","-1.0",",E,24,","16.6",",,E,02,","22.4",",E,01,","629.2","E","280.5",",E","80.5",",,,E","9.28",",E","13.56",",,,E","5.00",",,,E"
"GME00126298","1996-11","48.0928","11.65","542.0","MUNCHEN PERLACH, GM","64.8","E","0.0",",E","14",",E","9",",E","0",",E","0",",E","8",",E","0",",E","0",",E","0",",E","19961123",",,E","19961113",",,E","19961104",",,E","-5.3",",E,23,","19.0",",,E,13,","20.2",",E,04,","1031.3","E","402.1",",E","72.1",",,,E","4.93",",E","8.19",",,,E","1.67",",,,E"
"GME00126298","1996-12","48.0928","11.65","542.0","MUNCHEN PERLACH, GM","64.8","E","0.0",",E","13",",E","5",",E","0",",E","1",",E","28",",E","17",",E","0",",E","0",",E","19961229",",,E","19961220",",,E","19961218",",,E","-19.4",",E,29,","12.1",",,E,20,","9.4",",E,18,","1681.0","E","649.7",",E","49.5",",,,E","-2.62",",E","-0.30",",,,E","-4.95",",,,E"
"GME00126298","1997-01","48.0928","11.65","542.0","MUNCHEN PERLACH, GM","0.0","","0.0",",E","3",",E","0",",E","0",",E","0",",E","31",",E","17",",E","0",",E","0",",E","19970102",",,E","19970120",",,E","19970124",",,E","-13.9",",E,02,","1.1",",,E,20,","7.7",",E,24,","2341.8","","660.8",",E","2.7",",,,E","-2.98",",E","-0.56",",,,E","-5.40",",,,E"
