"STATION","DATE","LATITUDE","LONGITUDE","ELEVATION","NAME","DP01","DP01_ATTRIBUTES","DP10","DP10_ATTRIBUTES","DP1X","DP1X_ATTRIBUTES","DYXP","DYXP_ATTRIBUTES","EMXP","EMXP_ATTRIBUTES","PRCP","PRCP_ATTRIBUTES"
"IN001040801","1928-05","14.12","79.2","167.0","PULLAMPET, IN","0",",I","0",",I","0",",I","19280531","+,,I","0.0",",,I,31,+","0.0",",,,I"
"IN001040801","1928-06","14.12","79.2","167.0","PULLAMPET, IN","12",",I","8",",I","2",",I","19280629",",,I","52.1",",,I,29,","119.2",",,,I"
"IN001040801","1928-07","14.12","79.2","167.0","PULLAMPET, IN","11",",I","7",",I","2",",I","19280706",",,I","52.3",",,I,06,","120.2",",,,I"
"IN001040801","1928-08","14.12","79.2","167.0","PULLAMPET, IN","9",",I","7",",I","0",",I","19280807",",,I","23.4",",,I,07,","82.7",",,,I"
"IN001040801","1928-09","14.12","79.2","167.0","PULLAMPET, IN","12",",I","9",",I","0",",I","19280909",",,I","16.3",",,I,09,","69.7",",,,I"
"IN001040801","1928-10","14.12","79.2","167.0","PULLAMPET, IN","11",",I","8",",I","1",",I","19281021",",,I","70.6",",,I,21,","130.9",",,,I"
"IN001040801","1928-11","14.12","79.2","167.0","PULLAMPET, IN","2",",I","2",",I","1",",I","19281112",",,I","44.7",",,I,12,","47.2",",,,I"
"IN001040801","1928-12","14.12","79.2","167.0","PULLAMPET, IN","7",",I","4",",I","1",",I","19281204",",,I","74.2",",,I,04,","105.9",",,,I"
"IN001040801","1929-01","14.12","79.2","167.0","PULLAMPET, IN","1",",I","1",",I","0",",I","19290108",",,I","17.8",",,I,08,","17.8",",,,I"
"IN001040801","1929-02","14.12","79.2","167.0","PULLAMPET, IN","1",",I","0",",I","0",",I","19290209",",,I","0.5",",,I,09,","0.5",",,,I"
"IN001040801","1929-03","14.12","79.2","167.0","PULLAMPET, IN","0",",I","0",",I","0",",I","19290331","+,,I","0.0",",,I,31,+","0.0",",,,I"
"IN001040801","1929-04","14.12","79.2","167.0","PULLAMPET, IN","5",",I","4",",I","0",",I","19290416",",,I","21.6",",,I,16,","53.6",",,,I"
"IN001040801","1929-05","14.12","79.2","167.0","PULLAMPET, IN","4",",I","3",",I","0",",I","19290509",",,I","10.7",",,I,09,","20.4",",,,I"
"IN001040801","1929-06","14.12","79.2","167.0","PULLAMPET, IN","8",",I","5",",I","2",",I","19290615",",,I","30.5",",,I,15,","99.3",",,,I"
"IN001040801","1929-07","14.12","79.2","167.0","PULLAMPET, IN","4",",I","4",",I","0",",I","19290728",",,I","20.3",",,I,28,","37.1",",,,I"
"IN001040801","1929-08","14.12","79.2","167.0","PULLAMPET, IN","4",",I","3",",I","0",",I","19290818",",,I","4.3",",,I,18,","12.1",",,,I"
"IN001040801","1929-09","14.12","79.2","167.0","PULLAMPET, IN","10",",I","10",",I","2",",I","19290927",",,I","44.5",",,I,27,","180.9",",,,I"
"IN001040801","1929-10","14.12","79.2","167.0","PULLAMPET, IN","9",",I","9",",I","3",",I","19291029",",,I","39.4",",,I,29,","147.1",",,,I"
"IN001040801","1929-11","14.12","79.2","167.0","PULLAMPET, IN","7",",I","7",",I","3",",I","19291105",",,I","34.3",",,I,05,","126.6",",,,I"
"IN001040801","1929-12","14.12","79.2","167.0","PULLAMPET, IN","4",",I","3",",I","1",",I","19291203",",,I","26.7",",,I,03,","65.8",",,,I"
"IN001040801","1930-01","14.12","79.2","167.0","PULLAMPET, IN","2",",I","2",",I","0",",I","19300108",",,I","17.3",",,I,08,","22.6",",,,I"
"IN001040801","1930-02","14.12","79.2","167.0","PULLAMPET, IN","2",",I","1",",I","0",",I","19300208",",,I","8.9",",,I,08,","9.2",",,,I"
"IN001040801","1930-03","14.12","79.2","167.0","PULLAMPET, IN","0",",I","0",",I","0",",I","19300331","+,,I","0.0",",,I,31,+","0.0",",,,I"
"IN001040801","1930-04","14.12","79.2","167.0","PULLAMPET, IN","1",",I","1",",I","0",",I","19300407",",,I","2.8",",,I,07,","2.8",",,,I"
"IN001040801","1930-05","14.12","79.2","167.0","PULLAMPET, IN","5",",I","5",",I","3",",I","19300508",",,I","228.6",",,I,08,","380.0",",,,I"
"IN001040801","1930-06","14.12","79.2","167.0","PULLAMPET, IN","5",",I","5",",I","1",",I","19300611",",,I","55.9",",,I,11,","105.8",",,,I"
"IN001040801","1930-07","14.12","79.2","167.0","PULLAMPET, IN","3",",I","3",",I","0",",I","19300726",",,I","15.5",",,I,26,","36.0",",,,I"
"IN001040801","1930-08","14.12","79.2","167.0","PULLAMPET, IN","1",",I","1",",I","1",",I","19300830",",,I","25.4",",,I,30,","25.4",",,,I"
"IN001040801","1930-09","14.12","79.2","167.0","PULLAMPET, IN","6",",I","6",",I","1",",I","19300906",",,I","25.4",",,I,06,","77.0",",,,I"
"IN001040801","1930-10","14.12","79.2","167.0","PULLAMPET, IN","11",",I","10",",I","5",",I","19301026",",,I","101.6",",,I,26,","351.8",",,,I"
"IN001040801","1930-11","14.12","79.2","167.0","PULLAMPET, IN","7",",I","6",",I","3",",I","19301130",",,I","73.7",",,I,30,","162.7",",,,I"
"IN001040801","1930-12","14.12","79.2","167.0","PULLAMPET, IN","6",",I","6",",I","2",",I","19301226",",,I","38.1",",,I,26,","91.7",",,,I"
"IN001040801","1931-01","14.12","79.2","167.0","PULLAMPET, IN","0",",I","0",",I","0",",I","19310131","+,,I","0.0",",,I,31,+","0.0",",,,I"
"IN001040801","1931-02","14.12","79.2","167.0","PULLAMPET, IN","0",",I","0",",I","0",",I","19310228","+,,I","0.0",",,I,28,+","0.0",",,,I"
"IN001040801","1931-03","14.12","79.2","167.0","PULLAMPET, IN","0",",I","0",",I","0",",I","19310331","+,,I","0.0",",,I,31,+","0.0",",,,I"
"IN001040801","1931-04","14.12","79.2","167.0","PULLAMPET, IN","0",",I","0",",I","0",",I","19310430","+,,I","0.0",",,I,30,+","0.0",",,,I"
"IN001040801","1931-05","14.12","79.2","167.0","PULLAMPET, IN","2",",I","2",",I","1",",I","19310529",",,I","25.4",",,I,29,","29.5",",,,I"
"IN001040801","1931-06","14.12","79.2","167.0","PULLAMPET, IN","7",",I","7",",I","1",",I","19310627",",,I","28.4",",,I,27,","60.9",",,,I"
"IN001040801","1931-07","14.12","79.2","167.0","PULLAMPET, IN","6",",I","6",",I","1",",I","19310722",",,I","33.5",",,I,22,","110.3",",,,I"
"IN001040801","1931-08","14.12","79.2","167.0","PULLAMPET, IN","1",",I","1",",I","0",",I","19310803",",,I","12.7",",,I,03,","12.7",",,,I"
"IN001040801","1931-09","14.12","79.2","167.0","PULLAMPET, IN","5",",I","4",",I","3",",I","19310920",",,I","48.0",",,I,20,","131.8",",,,I"
"IN001040801","1931-10","14.12","79.2","167.0","PULLAMPET, IN","9",",I","9",",I","3",",I","19311004",",,I","55.9",",,I,04,","205.6",",,,I"
"IN001040801","1931-11","14.12","79.2","167.0","PULLAMPET, IN","4",",I","4",",I","2",",I","19311108",",,I","48.3",",,I,08,","123.4",",,,I"
"IN001040801","1931-12","14.12","79.2","167.0","PULLAMPET, IN","3",",I","3",",I","1",",I","19311221",",,I","30.5",",,I,21,","61.0",",,,I"
"IN001040801","1932-01","14.12","79.2","167.0","PULLAMPET, IN","0",",I","0",",I","0",",I","19320131","+,,I","0.0",",,I,31,+","0.0",",,,I"
"IN001040801","1932-02","14.12","79.2","167.0","PULLAMPET, IN","1",",I","1",",I","1",",I","19320223",",,I","38.1",",,I,23,","38.1",",,,I"
"IN001040801","1932-03","14.12","79.2","167.0","PULLAMPET, IN","0",",I","0",",I","0",",I","19320331","+,,I","0.0",",,I,31,+","0.0",",,,I"
"IN001040801","1932-04","14.12","79.2","167.0","PULLAMPET, IN","1",",I","1",",I","0",",I","19320420",",,I","2.5",",,I,20,","2.5",",,,I"
"IN001040801","1932-05","14.12","79.2","167.0","PULLAMPET, IN","3",",I","2",",I","0",",I","19320519",",,I","7.6",",,I,19,","16.7",",,,I"
"IN001040801","1932-06","14.12","79.2","167.0","PULLAMPET, IN","2",",I","2",",I","1",",I","19320604",",,I","80.0",",,I,04,","86.9",",,,I"
"IN001040801","1932-07","14.12","79.2","167.0","PULLAMPET, IN","9",",I","8",",I","0",",I","19320701",",,I","14.0",",,I,01,","58.2",",,,I"
"IN001040801","1932-08","14.12","79.2","167.0","PULLAMPET, IN","4",",I","4",",I","2",",I","19320831",",,I","55.9",",,I,31,","104.7",",,,I"
"IN001040801","1932-09","14.12","79.2","167.0","PULLAMPET, IN","3",",I","3",",I","0",",I","19320902",",,I","11.4",",,I,02,","20.5",",,,I"
"IN001040801","1932-10","14.12","79.2","167.0","PULLAMPET, IN","8",",I","8",",I","0",",I","19321012",",,I","9.7",",,I,12,","50.3",",,,I"
"IN001040801","1932-11","14.12","79.2","167.0","PULLAMPET, IN","9",",I","9",",I","1",",I","19321125",",,I","38.1",",,I,25,","132.0",",,,I"
"IN001040801","1932-12","14.12","79.2","167.0","PULLAMPET, IN","1",",I","1",",I","0",",I","19321215",",,I","6.4",",,I,15,","6.4",",,,I"
"IN001040801","1933-01","14.12","79.2","167.0","PULLAMPET, IN","0",",I","0",",I","0",",I","19330131","+,,I","0.0",",,I,31,+","0.0",",,,I"
"IN001040801","1933-02","14.12","79.2","167.0","PULLAMPET, IN","0",",I","0",",I","0",",I","19330228","+,,I","0.0",",,I,28,+","0.0",",,,I"
"IN001040801","1933-03","14.12","79.2","167.0","PULLAMPET, IN","1",",I","1",",I","0",",I","19330313",",,I","8.9",",,I,13,","8.9",",,,I"
"IN001040801","1933-04","14.12","79.2","167.0","PULLAMPET, IN","1",",I","1",",I","0",",I","19330412",",,I","10.4",",,I,12,","10.4",",,,I"
"IN001040801","1933-05","14.12","79.2","167.0","PULLAMPET, IN","3",",I","3",",I","0",",I","19330519",",,I","8.9",",,I,19,","18.3",",,,I"
"IN001040801","1933-06","14.12","79.2","167.0","PULLAMPET, IN","1",",I","1",",I","0",",I","19330605",",,I","19.8",",,I,05,","19.8",",,,I"
"IN001040801","1933-07","14.12","79.2","167.0","PULLAMPET, IN","3",",I","3",",I","0",",I","19330730",",,I","14.0",",,I,30,","25.7",",,,I"
"IN001040801","1933-08","14.12","79.2","167.0","PULLAMPET, IN","6",",I","6",",I","2",",I","19330814",",,I","55.4",",,I,14,","134.8",",,,I"
"IN001040801","1933-09","14.12","79.2","167.0","PULLAMPET, IN","6",",I","6",",I","0",",I","19330907",",,I","12.7",",,I,07,","48.8",",,,I"
"IN001040801","1933-10","14.12","79.2","167.0","PULLAMPET, IN","9",",I","9",",I","1",",I","19331011",",,I","25.9",",,I,11,","113.0",",,,I"
"IN001040801","1933-11","14.12","79.2","167.0","PULLAMPET, IN","3",",I","3",",I","1",",I","19331118",",,I","34.0",",,I,18,","68.8",",,,I"
"IN001040801","1933-12","14.12","79.2","167.0","PULLAMPET, IN","3",",I","3",",I","2",",I","19331216",",,I","63.5",",,I,16,","116.3",",,,I"
"IN001040801","1934-01","14.12","79.2","167.0","PULLAMPET, IN","1",",I","1",",I","0",",I","19340110",",,I","8.9",",,I,10,","8.9",",,,I"
"IN001040801","1934-02","14.12","79.2","167.0","PULLAMPET, IN","0",",I","0",",I","0",",I","19340228","+,,I","0.0",",,I,28,+","0.0",",,,I"
"IN001040801","1934-03","14.12","79.2","167.0","PULLAMPET, IN","0",",I","0",",I","0",",I","19340331","+,,I","0.0",",,I,31,+","0.0",",,,I"
"IN001040801","1934-04","14.12","79.2","167.0","PULLAMPET, IN","0",",I","0",",I","0",",I","19340430","+,,I","0.0",",,I,30,+","0.0",",,,I"
"IN001040801","1934-05","14.12","79.2","167.0","PULLAMPET, IN","1",",I","1",",I","0",",I","19340502",",,I","6.6",",,I,02,","6.6",",,,I"
"IN001040801","1934-06","14.12","79.2","167.0","PULLAMPET, IN","9",",I","7",",I","1",",I","19340608",",,I","25.9",",,I,08,","82.3",",,,I"
"IN001040801","1934-07","14.12","79.2","167.0","PULLAMPET, IN","8",",I","6",",I","3",",I","19340730",",,I","102.4",",,I,30,","245.4",",,,I"
"IN001040801","1934-08","14.12","79.2","167.0","PULLAMPET, IN","5",",I","5",",I","0",",I","19340829",",,I","20.8",",,I,29,","43.2",",,,I"
"IN001040801","1934-09","14.12","79.2","167.0","PULLAMPET, IN","3",",I","2",",I","0",",I","19340904",",,I","19.1",",,I,04,","23.1",",,,I"
"IN001040801","1934-10","14.12","79.2","167.0","PULLAMPET, IN","7",",I","7",",I","2",",I","19341029",",,I","33.5",",,I,29,","120.6",",,,I"
"IN001040801","1934-11","14.12","79.2","167.0","PULLAMPET, IN","5",",I","5",",I","1",",I","19341102",",,I","30.5",",,I,02,","55.5",",,,I"
"IN001040801","1934-12","14.12","79.2","167.0","PULLAMPET, IN","2",",I","2",",I","0",",I","19341206",",,I","6.1",",,I,06,","8.6",",,,I"
"IN001040801","1935-01","14.12","79.2","167.0","PULLAMPET, IN","1",",I","1",",I","0",",I","19350109",",,I","7.6",",,I,09,","7.6",",,,I"
"IN001040801","1935-02","14.12","79.2","167.0","PULLAMPET, IN","0",",I","0",",I","0",",I","19350228","+,,I","0.0",",,I,28,+","0.0",",,,I"
"IN001040801","1935-03","14.12","79.2","167.0","PULLAMPET, IN","0",",I","0",",I","0",",I","19350331","+,,I","0.0",",,I,31,+","0.0",",,,I"
"IN001040801","1935-04","14.12","79.2","167.0","PULLAMPET, IN","3",",I","2",",I","0",",I","19350420",",,I","3.6",",,I,20,","7.9",",,,I"
"IN001040801","1935-05","14.12","79.2","167.0","PULLAMPET, IN","1",",I","1",",I","0",",I","19350513",",,I","22.1",",,I,13,","22.1",",,,I"
"IN001040801","1935-06","14.12","79.2","167.0","PULLAMPET, IN","7",",I","6",",I","0",",I","19350613",",,I","24.9",",,I,13,","82.1",",,,I"
"IN001040801","1935-07","14.12","79.2","167.0","PULLAMPET, IN","7",",I","7",",I","2",",I","19350702",",,I","46.5",",,I,02,","119.4",",,,I"
"IN001040801","1935-08","14.12","79.2","167.0","PULLAMPET, IN","6",",I","6",",I","2",",I","19350824",",,I","57.4",",,I,24,","114.6",",,,I"
"IN001040801","1935-09","14.12","79.2","167.0","PULLAMPET, IN","7",",I","5",",I","3",",I","19350903",",,I","52.1",",,I,03,","137.3",",,,I"
"IN001040801","1935-10","14.12","79.2","167.0","PULLAMPET, IN","10",",I","10",",I","2",",I","19351018",",,I","73.7",",,I,18,","175.8",",,,I"
"IN001040801","1935-11","14.12","79.2","167.0","PULLAMPET, IN","2",",I","2",",I","0",",I","19351115",",,I","18.0",",,I,15,","33.0",",,,I"
"IN001040801","1935-12","14.12","79.2","167.0","PULLAMPET, IN","1",",I","1",",I","0",",I","19351225",",,I","7.6",",,I,25,","7.6",",,,I"
"IN001040801","1936-01","14.12","79.2","167.0","PULLAMPET, IN","0",",I","0",",I","0",",I","19360131","+,,I","0.0",",,I,31,+","0.0",",,,I"
"IN001040801","1936-02","14.12","79.2","167.0","PULLAMPET, IN","2",",I","1",",I","0",",I","19360207",",,I","4.1",",,I,07,","5.4",",,,I"
"IN001040801","1936-03","14.12","79.2","167.0","PULLAMPET, IN","1",",I","1",",I","0",",I","19360331",",,I","22.9",",,I,31,","22.9",",,,I"
"IN001040801","1936-04","14.12","79.2","167.0","PULLAMPET, IN","1",",I","1",",I","0",",I","19360401",",,I","6.1",",,I,01,","6.1",",,,I"
"IN001040801","1936-05","14.12","79.2","167.0","PULLAMPET, IN","6",",I","6",",I","0",",I","19360522",",,I","6.9",",,I,22,","30.0",",,,I"
"IN001040801","1936-06","14.12","79.2","167.0","PULLAMPET, IN","8",",I","8",",I","0",",I","19360625",",,I","16.8",",,I,25,","68.2",",,,I"
"IN001040801","1936-07","14.12","79.2","167.0","PULLAMPET, IN","6",",I","5",",I","2",",I","19360711",",,I","43.2",",,I,11,","98.0",",,,I"
"IN001040801","1936-08","14.12","79.2","167.0","PULLAMPET, IN","3",",I","3",",I","0",",I","19360815",",,I","15.2",",,I,15,","30.4",",,,I"
"IN001040801","1936-09","14.12","79.2","167.0","PULLAMPET, IN","4",",I","4",",I","2",",I","19360911",",,I","78.7",",,I,11,","144.4",",,,I"
"IN001040801","1936-10","14.12","79.2","167.0","PULLAMPET, IN","2",",I","1",",I","1",",I","19361008",",,I","25.4",",,I,08,","26.7",",,,I"
"IN001040801","1936-11","14.12","79.2","167.0","PULLAMPET, IN","13",",I","13",",I","1",",I","19361106",",,I","77.5",",,I,06,","190.5",",,,I"
"IN001040801","1936-12","14.12","79.2","167.0","PULLAMPET, IN","1",",I","1",",I","1",",I","19361209",",,I","25.7",",,I,09,","25.7",",,,I"
"IN001040801","1937-01","14.12","79.2","167.0","PULLAMPET, IN","0",",I","0",",I","0",",I","19370131","+,,I","0.0",",,I,31,+","0.0",",,,I"
"IN001040801","1937-02","14.12","79.2","167.0","PULLAMPET, IN","0",",I","0",",I","0",",I","19370228","+,,I","0.0",",,I,28,+","0.0",",,,I"
"IN001040801","1937-03","14.12","79.2","167.0","PULLAMPET, IN","0",",I","0",",I","0",",I","19370331","+,,I","0.0",",,I,31,+","0.0",",,,I"
"IN001040801","1937-04","14.12","79.2","167.0","PULLAMPET, IN","3",",I","3",",I","0",",I","19370417",",,I","24.4",",,I,17,","48.6",",,,I"
"IN001040801","1937-05","14.12","79.2","167.0","PULLAMPET, IN","1",",I","1",",I","0",",I","19370530",",,I","16.5",",,I,30,","16.5",",,,I"
"IN001040801","1937-06","14.12","79.2","167.0","PULLAMPET, IN","2",",I","2",",I","0",",I","19370617",",,I","7.6",",,I,17,","14.7",",,,I"
"IN001040801","1937-07","14.12","79.2","167.0","PULLAMPET, IN","10",",I","9",",I","2",",I","19370721",",,I","38.1",",,I,21,","111.8",",,,I"
"IN001040801","1937-08","14.12","79.2","167.0","PULLAMPET, IN","3",",I","3",",I","1",",I","19370819",",,I","27.9",",,I,19,","55.9",",,,I"
"IN001040801","1937-09","14.12","79.2","167.0","PULLAMPET, IN","7",",I","7",",I","2",",I","19370925",",,I","47.0",",,I,25,","144.5",",,,I"
"IN001040801","1937-10","14.12","79.2","167.0","PULLAMPET, IN","4",",I","4",",I","3",",I","19371002","+,,I","55.9",",,I,02,+","148.7",",,,I"
"IN001040801","1937-11","14.12","79.2","167.0","PULLAMPET, IN","6",",I","6",",I","4",",I","19371116",",,I","66.0",",,I,16,","179.0",",,,I"
"IN001040801","1937-12","14.12","79.2","167.0","PULLAMPET, IN","2",",I","2",",I","1",",I","19371211",",,I","35.6",",,I,11,","45.8",",,,I"
"IN001040801","1938-01","14.12","79.2","167.0","PULLAMPET, IN","0",",I","0",",I","0",",I","19380131","+,,I","0.0",",,I,31,+","0.0",",,,I"
"IN001040801","1938-02","14.12","79.2","167.0","PULLAMPET, IN","0",",I","0",",I","0",",I","19380228","+,,I","0.0",",,I,28,+","0.0",",,,I"
"IN001040801","1938-03","14.12","79.2","167.0","PULLAMPET, IN","0",",I","0",",I","0",",I","19380331","+,,I","0.0",",,I,31,+","0.0",",,,I"
"IN001040801","1938-04","14.12","79.2","167.0","PULLAMPET, IN","0",",I","0",",I","0",",I","19380430","+,,I","0.0",",,I,30,+","0.0",",,,I"
"IN001040801","1938-05","14.12","79.2","167.0","PULLAMPET, IN","5",",I","4",",I","0",",I","19380527",",,I","24.6",",,I,27,","45.2",",,,I"
"IN001040801","1938-06","14.12","79.2","167.0","PULLAMPET, IN","4",",I","2",",I","1",",I","19380602",",,I","81.3",",,I,02,","96.8",",,,I"
"IN001040801","1938-07","14.12","79.2","167.0","PULLAMPET, IN","5",",I","5",",I","1",",I","19380720",",,I","26.7",",,I,20,","75.8",",,,I"
"IN001040801","1938-08","14.12","79.2","167.0","PULLAMPET, IN","11",",I","11",",I","2",",I","19380820",",,I","45.7",",,I,20,","158.9",",,,I"
"IN001040801","1938-09","14.12","79.2","167.0","PULLAMPET, IN","8",",I","7",",I","3",",I","19380919",",,I","80.0",",,I,19,","221.2",",,,I"
"IN001040801","1938-10","14.12","79.2","167.0","PULLAMPET, IN","1",",I","1",",I","1",",I","19381028",",,I","55.9",",,I,28,","55.9",",,,I"
"IN001040801","1938-11","14.12","79.2","167.0","PULLAMPET, IN","0",",I","0",",I","0",",I","19381130","+,,I","0.0",",,I,30,+","0.0",",,,I"
"IN001040801","1938-12","14.12","79.2","167.0","PULLAMPET, IN","0",",I","0",",I","0",",I","19381231","+,,I","0.0",",,I,31,+","0.0",",,,I"
"IN001040801","1939-01","14.12","79.2","167.0","PULLAMPET, IN","2",",I","2",",I","0",",I","19390112",",,I","22.9",",,I,12,","36.9",",,,I"
"IN001040801","1939-02","14.12","79.2","167.0","PULLAMPET, IN","0",",I","0",",I","0",",I","19390228","+,,I","0.0",",,I,28,+","0.0",",,,I"
"IN001040801","1939-03","14.12","79.2","167.0","PULLAMPET, IN","1",",I","1",",I","1",",I","19390318",",,I","25.4",",,I,18,","25.4",",,,I"
"IN001040801","1939-04","14.12","79.2","167.0","PULLAMPET, IN","3",",I","3",",I","1",",I","19390415",",,I","66.0",",,I,15,","102.9",",,,I"
"IN001040801","1939-05","14.12","79.2","167.0","PULLAMPET, IN","1",",I","1",",I","0",",I","19390529",",,I","16.5",",,I,29,","16.5",",,,I"
"IN001040801","1939-06","14.12","79.2","167.0","PULLAMPET, IN","3",",I","3",",I","0",",I","19390617",",,I","21.6",",,I,17,","50.9",",,,I"
"IN001040801","1939-07","14.12","79.2","167.0","PULLAMPET, IN","3",",I","2",",I","0",",I","19390703",",,I","12.7",",,I,03,","23.9",",,,I"
"IN001040801","1939-09","14.12","79.2","167.0","PULLAMPET, IN","4",",I","4",",I","2",",I","19390915",",,I","68.6",",,I,15,","116.9",",,,I"
"IN001040801","1939-10","14.12","79.2","167.0","PULLAMPET, IN","10",",I","10",",I","5",",I","19391021",",,I","78.7",",,I,21,","259.1",",,,I"
"IN001040801","1939-11","14.12","79.2","167.0","PULLAMPET, IN","8",",I","8",",I","4",",I","19391116",",,I","78.7",",,I,16,","235.1",",,,I"
"IN001040801","1939-12","14.12","79.2","167.0","PULLAMPET, IN","0",",I","0",",I","0",",I","19391231","+,,I","0.0",",,I,31,+","0.0",",,,I"
"IN001040801","1940-01","14.12","79.2","167.0","PULLAMPET, IN","0",",I","0",",I","0",",I","19400131","+,,I","0.0",",,I,31,+","0.0",",,,I"
"IN001040801","1940-02","14.12","79.2","167.0","PULLAMPET, IN","0",",I","0",",I","0",",I","19400229","+,,I","0.0",",,I,29,+","0.0",",,,I"
"IN001040801","1940-03","14.12","79.2","167.0","PULLAMPET, IN","1",",I","1",",I","0",",I","19400312",",,I","8.9",",,I,12,","8.9",",,,I"
"IN001040801","1940-04","14.12","79.2","167.0","PULLAMPET, IN","1",",I","1",",I","1",",I","19400424",",,I","31.8",",,I,24,","31.8",",,,I"
"IN001040801","1940-05","14.12","79.2","167.0","PULLAMPET, IN","4",",I","4",",I","2",",I","19400520",",,I","78.7",",,I,20,","134.6",",,,I"
"IN001040801","1940-06","14.12","79.2","167.0","PULLAMPET, IN","1",",I","1",",I","0",",I","19400607",",,I","22.9",",,I,07,","22.9",",,,I"
"IN001040801","1940-07","14.12","79.2","167.0","PULLAMPET, IN","2",",I","2",",I","1",",I","19400722",",,I","66.0",",,I,22,","69.8",",,,I"
"IN001040801","1940-08","14.12","79.2","167.0","PULLAMPET, IN","6",",I","6",",I","2",",I","19400812",",,I","43.2",",,I,12,","98.2",",,,I"
"IN001040801","1940-09","14.12","79.2","167.0","PULLAMPET, IN","4",",I","4",",I","3",",I","19400913",",,I","78.7",",,I,13,","160.0",",,,I"
"IN001040801","1940-10","14.12","79.2","167.0","PULLAMPET, IN","9",",I","9",",I","3",",I","19401031",",,I","50.0",",,I,31,","186.3",",,,I"
"IN001040801","1940-11","14.12","79.2","167.0","PULLAMPET, IN","13",",I","13",",I","6",",I","19401112",",,I","80.3",",,I,12,","392.6",",,,I"
"IN001040801","1940-12","14.12","79.2","167.0","PULLAMPET, IN","2",",I","2",",I","0",",I","19401213",",,I","9.9",",,I,13,","16.5",",,,I"
"IN001040801","1941-01","14.12","79.2","167.0","PULLAMPET, IN","0",",I","0",",I","0",",I","19410131","+,,I","0.0",",,I,31,+","0.0",",,,I"
"IN001040801","1941-02","14.12","79.2","167.0","PULLAMPET, IN","0",",I","0",",I","0",",I","19410228","+,,I","0.0",",,I,28,+","0.0",",,,I"
"IN001040801","1941-03","14.12","79.2","167.0","PULLAMPET, IN","0",",I","0",",I","0",",I","19410331","+,,I","0.0",",,I,31,+","0.0",",,,I"
"IN001040801","1941-04","14.12","79.2","167.0","PULLAMPET, IN","2",",I","2",",I","0",",I","19410423",",,I","14.2",",,I,23,","23.3",",,,I"
"IN001040801","1941-05","14.12","79.2","167.0","PULLAMPET, IN","2",",I","2",",I","0",",I","19410528",",,I","6.4",",,I,28,","10.5",",,,I"
"IN001040801","1941-06","14.12","79.2","167.0","PULLAMPET, IN","2",",I","2",",I","1",",I","19410611",",,I","34.8",",,I,11,","42.7",",,,I"
"IN001040801","1941-07","14.12","79.2","167.0","PULLAMPET, IN","1",",I","1",",I","0",",I","19410731",",,I","6.4",",,I,31,","6.4",",,,I"
"IN001040801","1941-08","14.12","79.2","167.0","PULLAMPET, IN","3",",I","3",",I","0",",I","19410802",",,I","18.5",",,I,02,","46.2",",,,I"
"IN001040801","1941-09","14.12","79.2","167.0","PULLAMPET, IN","10",",I","10",",I","3",",I","19410919",",,I","54.9",",,I,19,","247.9",",,,I"
"IN001040801","1941-10","14.12","79.2","167.0","PULLAMPET, IN","8",",I","8",",I","4",",I","19411007","+,,I","40.6",",,I,07,+","191.4",",,,I"
"IN001040801","1941-11","14.12","79.2","167.0","PULLAMPET, IN","7",",I","6",",I","4",",I","19411121",",,I","51.6",",,I,21,","170.5",",,,I"
"IN001040801","1941-12","14.12","79.2","167.0","PULLAMPET, IN","6",",I","6",",I","2",",I","19411214",",,I","63.0",",,I,14,","155.0",",,,I"
"IN001040801","1942-01","14.12","79.2","167.0","PULLAMPET, IN","0",",I","0",",I","0",",I","19420131","+,,I","0.0",",,I,31,+","0.0",",,,I"
"IN001040801","1942-02","14.12","79.2","167.0","PULLAMPET, IN","0",",I","0",",I","0",",I","19420228","+,,I","0.0",",,I,28,+","0.0",",,,I"
"IN001040801","1942-03","14.12","79.2","167.0","PULLAMPET, IN","0",",I","0",",I","0",",I","19420331","+,,I","0.0",",,I,31,+","0.0",",,,I"
"IN001040801","1942-04","14.12","79.2","167.0","PULLAMPET, IN","0",",I","0",",I","0",",I","19420430","+,,I","0.0",",,I,30,+","0.0",",,,I"
"IN001040801","1942-05","14.12","79.2","167.0","PULLAMPET, IN","1",",I","1",",I","0",",I","19420514",",,I","9.1",",,I,14,","9.1",",,,I"
"IN001040801","1942-06","14.12","79.2","167.0","PULLAMPET, IN","4",",I","4",",I","0",",I","19420610",",,I","20.3",",,I,10,","50.0",",,,I"
"IN001040801","1942-07","14.12","79.2","167.0","PULLAMPET, IN","0",",I","0",",I","0",",I","19420731","+,,I","0.0",",,I,31,+","0.0",",,,I"
"IN001040801","1942-08","14.12","79.2","167.0","PULLAMPET, IN","11",",I","11",",I","1",",I","19420808",",,I","49.5",",,I,08,","137.7",",,,I"
"IN001040801","1942-09","14.12","79.2","167.0","PULLAMPET, IN","5",",I","5",",I","2",",I","19420929",",,I","109.2",",,I,29,","187.9",",,,I"
"IN001040801","1942-10","14.12","79.2","167.0","PULLAMPET, IN","6",",I","5",",I","0",",I","19421009",",,I","18.3",",,I,09,","55.0",",,,I"
"IN001040801","1942-11","14.12","79.2","167.0","PULLAMPET, IN","8",",I","8",",I","3",",I","19421111",",,I","69.9",",,I,11,","167.8",",,,I"
"IN001040801","1942-12","14.12","79.2","167.0","PULLAMPET, IN","9",",I","8",",I","1",",I","19421221",",,I","37.6",",,I,21,","105.1",",,,I"
"IN001040801","1943-01","14.12","79.2","167.0","PULLAMPET, IN","2",",I","2",",I","0",",I","19430110",",,I","7.4",",,I,10,","14.5",",,,I"
"IN001040801","1943-02","14.12","79.2","167.0","PULLAMPET, IN","0",",I","0",",I","0",",I","19430228","+,,I","0.0",",,I,28,+","0.0",",,,I"
"IN001040801","1943-03","14.12","79.2","167.0","PULLAMPET, IN","0",",I","0",",I","0",",I","19430331","+,,I","0.0",",,I,31,+","0.0",",,,I"
"IN001040801","1943-04","14.12","79.2","167.0","PULLAMPET, IN","4",",I","3",",I","0",",I","19430427",",,I","10.2",",,I,27,","20.8",",,,I"
"IN001040801","1943-05","14.12","79.2","167.0","PULLAMPET, IN","7",",I","7",",I","4",",I","19430519",",,I","130.8",",,I,19,","330.6",",,,I"
"IN001040801","1943-06","14.12","79.2","167.0","PULLAMPET, IN","1",",I","1",",I","0",",I","19430619",",,I","2.5",",,I,19,","2.5",",,,I"
"IN001040801","1943-07","14.12","79.2","167.0","PULLAMPET, IN","8",",I","8",",I","2",",I","19430706",",,I","139.7",",,I,06,","199.7",",,,I"
"IN001040801","1943-08","14.12","79.2","167.0","PULLAMPET, IN","7",",I","6",",I","0",",I","19430827",",,I","13.5",",,I,27,","55.9",",,,I"
"IN001040801","1943-09","14.12","79.2","167.0","PULLAMPET, IN","6",",I","6",",I","2",",I","19430906",",,I","34.3",",,I,06,","95.3",",,,I"
"IN001040801","1943-10","14.12","79.2","167.0","PULLAMPET, IN","18",",I","17",",I","7",",I","19431010",",,I","110.7",",,I,10,","543.9",",,,I"
"IN001040801","1943-11","14.12","79.2","167.0","PULLAMPET, IN","6",",I","6",",I","1",",I","19431122",",,I","68.6",",,I,22,","156.2",",,,I"
"IN001040801","1943-12","14.12","79.2","167.0","PULLAMPET, IN","2",",I","2",",I","0",",I","19431223",",,I","15.5",",,I,23,","19.6",",,,I"
"IN001040801","1944-01","14.12","79.2","167.0","PULLAMPET, IN","0",",I","0",",I","0",",I","19440131","+,,I","0.0",",,I,31,+","0.0",",,,I"
"IN001040801","1944-02","14.12","79.2","167.0","PULLAMPET, IN","0",",I","0",",I","0",",I","19440229","+,,I","0.0",",,I,29,+","0.0",",,,I"
"IN001040801","1944-03","14.12","79.2","167.0","PULLAMPET, IN","2",",I","2",",I","2",",I","19440306",",,I","51.6",",,I,06,","77.0",",,,I"
"IN001040801","1944-04","14.12","79.2","167.0","PULLAMPET, IN","2",",I","1",",I","0",",I","19440404",",,I","11.4",",,I,04,","13.2",",,,I"
"IN001040801","1944-05","14.12","79.2","167.0","PULLAMPET, IN","2",",I","2",",I","0",",I","19440530",",,I","9.7",",,I,30,","18.1",",,,I"
"IN001040801","1944-06","14.12","79.2","167.0","PULLAMPET, IN","8",",I","7",",I","2",",I","19440609",",,I","36.1",",,I,09,","108.4",",,,I"
"IN001040801","1944-08","14.12","79.2","167.0","PULLAMPET, IN","7",",I","6",",I","0",",I","19440810",",,I","21.3",",,I,10,","75.4",",,,I"
"IN001040801","1944-09","14.12","79.2","167.0","PULLAMPET, IN","6",",I","5",",I","3",",I","19440908",",,I","50.8",",,I,08,","156.0",",,,I"
"IN001040801","1944-10","14.12","79.2","167.0","PULLAMPET, IN","8",",I","6",",I","1",",I","19441026",",,I","71.1",",,I,26,","113.5",",,,I"
"IN001040801","1944-11","14.12","79.2","167.0","PULLAMPET, IN","17",",I","16",",I","1",",I","19441118",",,I","101.6",",,I,18,","281.8",",,,I"
"IN001040801","1944-12","14.12","79.2","167.0","PULLAMPET, IN","2",",I","1",",I","0",",I","19441203",",,I","2.5",",,I,03,","3.8",",,,I"
"IN001040801","1945-01","14.12","79.2","167.0","PULLAMPET, IN","0",",I","0",",I","0",",I","19450131","+,,I","0.0",",,I,31,+","0.0",",,,I"
"IN001040801","1945-02","14.12","79.2","167.0","PULLAMPET, IN","0",",I","0",",I","0",",I","19450228","+,,I","0.0",",,I,28,+","0.0",",,,I"
"IN001040801","1945-03","14.12","79.2","167.0","PULLAMPET, IN","0",",I","0",",I","0",",I","19450331","+,,I","0.0",",,I,31,+","0.0",",,,I"
"IN001040801","1945-04","14.12","79.2","167.0","PULLAMPET, IN","1",",I","1",",I","0",",I","19450402",",,I","11.4",",,I,02,","11.4",",,,I"
"IN001040801","1945-05","14.12","79.2","167.0","PULLAMPET, IN","2",",I","2",",I","0",",I","19450526",",,I","20.3",",,I,26,","26.7",",,,I"
"IN001040801","1945-06","14.12","79.2","167.0","PULLAMPET, IN","4",",I","4",",I","0",",I","19450609",",,I","13.5",",,I,09,","25.7",",,,I"
"IN001040801","1945-07","14.12","79.2","167.0","PULLAMPET, IN","9",",I","9",",I","4",",I","19450727","+,,I","40.6",",,I,27,+","174.9",",,,I"
"IN001040801","1945-08","14.12","79.2","167.0","PULLAMPET, IN","3",",I","3",",I","0",",I","19450801",",,I","18.8",",,I,01,","37.1",",,,I"
"IN001040801","1945-09","14.12","79.2","167.0","PULLAMPET, IN","4",",I","3",",I","1",",I","19450906",",,I","25.4",",,I,06,","45.7",",,,I"
"IN001040801","1945-10","14.12","79.2","167.0","PULLAMPET, IN","4",",I","4",",I","0",",I","19451014",",,I","16.5",",,I,14,","27.1",",,,I"
"IN001040801","1945-11","14.12","79.2","167.0","PULLAMPET, IN","5",",I","5",",I","2",",I","19451109",",,I","47.0",",,I,09,","113.6",",,,I"
"IN001040801","1945-12","14.12","79.2","167.0","PULLAMPET, IN","0",",I","0",",I","0",",I","19451231","+,,I","0.0",",,I,31,+","0.0",",,,I"
"IN001040801","1946-01","14.12","79.2","167.0","PULLAMPET, IN","0",",I","0",",I","0",",I","19460131","+,,I","0.0",",,I,31,+","0.0",",,,I"
"IN001040801","1946-02","14.12","79.2","167.0","PULLAMPET, IN","0",",I","0",",I","0",",I","19460228","+,,I","0.0",",,I,28,+","0.0",",,,I"
"IN001040801","1946-03","14.12","79.2","167.0","PULLAMPET, IN","0",",I","0",",I","0",",I","19460331","+,,I","0.0",",,I,31,+","0.0",",,,I"
"IN001040801","1946-04","14.12","79.2","167.0","PULLAMPET, IN","1",",I","1",",I","0",",I","19460412",",,I","16.5",",,I,12,","16.5",",,,I"
"IN001040801","1946-05","14.12","79.2","167.0","PULLAMPET, IN","1",",I","1",",I","0",",I","19460527",",,I","14.0",",,I,27,","14.0",",,,I"
"IN001040801","1946-06","14.12","79.2","167.0","PULLAMPET, IN","4",",I","4",",I","0",",I","19460613",",,I","8.4",",,I,13,","26.4",",,,I"
"IN001040801","1946-07","14.12","79.2","167.0","PULLAMPET, IN","5",",I","4",",I","0",",I","19460721",",,I","7.9",",,I,21,","21.0",",,,I"
"IN001040801","1946-08","14.12","79.2","167.0","PULLAMPET, IN","6",",I","6",",I","1",",I","19460811",",,I","32.3",",,I,11,","83.6",",,,I"
"IN001040801","1946-09","14.12","79.2","167.0","PULLAMPET, IN","6",",I","6",",I","2",",I","19460905",",,I","31.8",",,I,05,","81.6",",,,I"
"IN001040801","1946-10","14.12","79.2","167.0","PULLAMPET, IN","6",",I","6",",I","1",",I","19461004",",,I","31.8",",,I,04,","73.8",",,,I"
"IN001040801","1946-11","14.12","79.2","167.0","PULLAMPET, IN","13",",I","12",",I","5",",I","19461103",",,I","92.7",",,I,03,","414.8",",,,I"
"IN001040801","1946-12","14.12","79.2","167.0","PULLAMPET, IN","13",",I","12",",I","6",",I","19461206",",,I","154.2",",,I,06,","451.4",",,,I"
"IN001040801","1947-01","14.12","79.2","167.0","PULLAMPET, IN","6",",I","5",",I","0",",I","19470104",",,I","21.8",",,I,04,","56.6",",,,I"
"IN001040801","1947-02","14.12","79.2","167.0","PULLAMPET, IN","0",",I","0",",I","0",",I","19470228","+,,I","0.0",",,I,28,+","0.0",",,,I"
"IN001040801","1947-03","14.12","79.2","167.0","PULLAMPET, IN","0",",I","0",",I","0",",I","19470331","+,,I","0.0",",,I,31,+","0.0",",,,I"
"IN001040801","1947-04","14.12","79.2","167.0","PULLAMPET, IN","2",",I","2",",I","0",",I","19470416",",,I","10.7",",,I,16,","16.8",",,,I"
"IN001040801","1947-05","14.12","79.2","167.0","PULLAMPET, IN","2",",I","1",",I","0",",I","19470515",",,I","7.6",",,I,15,","8.4",",,,I"
"IN001040801","1947-06","14.12","79.2","167.0","PULLAMPET, IN","2",",I","2",",I","1",",I","19470621",",,I","31.0",",,I,21,","46.7",",,,I"
"IN001040801","1947-07","14.12","79.2","167.0","PULLAMPET, IN","3",",I","3",",I","0",",I","19470712",",,I","6.9",",,I,12,","13.0",",,,I"
"IN001040801","1947-08","14.12","79.2","167.0","PULLAMPET, IN","7",",I","7",",I","0",",I","19470822",",,I","22.9",",,I,22,","79.4",",,,I"
"IN001040801","1947-09","14.12","79.2","167.0","PULLAMPET, IN","5",",I","5",",I","1",",I","19470906",",,I","30.0",",,I,06,","65.3",",,,I"
"IN001040801","1947-10","14.12","79.2","167.0","PULLAMPET, IN","7",",I","7",",I","3",",I","19471013",",,I","68.6",",,I,13,","206.9",",,,I"
"IN001040801","1947-11","14.12","79.2","167.0","PULLAMPET, IN","0",",I","0",",I","0",",I","19471130","+,,I","0.0",",,I,30,+","0.0",",,,I"
"IN001040801","1947-12","14.12","79.2","167.0","PULLAMPET, IN","1",",I","1",",I","0",",I","19471214",",,I","15.2",",,I,14,","15.2",",,,I"
"IN001040801","1948-01","14.12","79.2","167.0","PULLAMPET, IN","0",",I","0",",I","0",",I","19480131","+,,I","0.0",",,I,31,+","0.0",",,,I"
"IN001040801","1948-02","14.12","79.2","167.0","PULLAMPET, IN","0",",I","0",",I","0",",I","19480229","+,,I","0.0",",,I,29,+","0.0",",,,I"
"IN001040801","1948-03","14.12","79.2","167.0","PULLAMPET, IN","0",",I","0",",I","0",",I","19480331","+,,I","0.0",",,I,31,+","0.0",",,,I"
"IN001040801","1948-04","14.12","79.2","167.0","PULLAMPET, IN","4",",I","3",",I","1",",I","19480427",",,I","31.8",",,I,27,","50.8",",,,I"
"IN001040801","1948-05","14.12","79.2","167.0","PULLAMPET, IN","1",",I","1",",I","0",",I","19480505",",,I","18.3",",,I,05,","18.3",",,,I"
"IN001040801","1948-06","14.12","79.2","167.0","PULLAMPET, IN","1",",I","1",",I","0",",I","19480612",",,I","11.7",",,I,12,","11.7",",,,I"
"IN001040801","1948-07","14.12","79.2","167.0","PULLAMPET, IN","2",",I","2",",I","1",",I","19480712",",,I","38.1",",,I,12,","41.9",",,,I"
"IN001040801","1948-08","14.12","79.2","167.0","PULLAMPET, IN","5",",I","5",",I","2",",I","19480814",",,I","61.0",",,I,14,","149.3",",,,I"
"IN001040801","1948-09","14.12","79.2","167.0","PULLAMPET, IN","3",",I","3",",I","1",",I","19480915",",,I","48.3",",,I,15,","68.1",",,,I"
"IN001040801","1948-10","14.12","79.2","167.0","PULLAMPET, IN","4",",I","4",",I","0",",I","19481013",",,I","17.8",",,I,13,","49.6",",,,I"
"IN001040801","1948-11","14.12","79.2","167.0","PULLAMPET, IN","8",",I","6",",I","2",",I","19481117","+,,I","29.2",",,I,17,+","119.5",",,,I"
"IN001040801","1949-01","14.12","79.2","167.0","PULLAMPET, IN","0",",I","0",",I","0",",I","19490131","+,,I","0.0",",,I,31,+","0.0",",,,I"
"IN001040801","1949-02","14.12","79.2","167.0","PULLAMPET, IN","0",",I","0",",I","0",",I","19490228","+,,I","0.0",",,I,28,+","0.0",",,,I"
"IN001040801","1949-03","14.12","79.2","167.0","PULLAMPET, IN","0",",I","0",",I","0",",I","19490331","+,,I","0.0",",,I,31,+","0.0",",,,I"
"IN001040801","1949-04","14.12","79.2","167.0","PULLAMPET, IN","1",",I","1",",I","0",",I","19490404",",,I","2.5",",,I,04,","2.5",",,,I"
"IN001040801","1949-05","14.12","79.2","167.0","PULLAMPET, IN","3",",I","3",",I","3",",I","19490522",",,I","50.8",",,I,22,","104.1",",,,I"
"IN001040801","1949-06","14.12","79.2","167.0","PULLAMPET, IN","5",",I","5",",I","1",",I","19490602",",,I","50.8",",,I,02,","97.8",",,,I"
"IN001040801","1949-07","14.12","79.2","167.0","PULLAMPET, IN","4",",I","4",",I","0",",I","19490730",",,I","22.9",",,I,30,","57.4",",,,I"
"IN001040801","1949-08","14.12","79.2","167.0","PULLAMPET, IN","4",",I","4",",I","3",",I","19490826",",,I","137.2",",,I,26,","196.9",",,,I"
"IN001040801","1949-09","14.12","79.2","167.0","PULLAMPET, IN","0",",I","0",",I","0",",I","19490930","+,,I","0.0",",,I,30,+","0.0",",,,I"
"IN001040801","1949-11","14.12","79.2","167.0","PULLAMPET, IN","3",",I","3",",I","1",",I","19491117",",,I","66.0",",,I,17,","80.3",",,,I"
"IN001040801","1949-12","14.12","79.2","167.0","PULLAMPET, IN","0",",I","0",",I","0",",I","19491231","+,,I","0.0",",,I,31,+","0.0",",,,I"
"IN001040801","1950-01","14.12","79.2","167.0","PULLAMPET, IN","0",",I","0",",I","0",",I","19500131","+,,I","0.0",",,I,31,+","0.0",",,,I"
"IN001040801","1950-02","14.12","79.2","167.0","PULLAMPET, IN","1",",I","1",",I","0",",I","19500223",",,I","5.1",",,I,23,","5.1",",,,I"
"IN001040801","1950-03","14.12","79.2","167.0","PULLAMPET, IN","0",",I","0",",I","0",",I","19500331","+,,I","0.0",",,I,31,+","0.0",",,,I"
"IN001040801","1950-04","14.12","79.2","167.0","PULLAMPET, IN","0",",I","0",",I","0",",I","19500430","+,,I","0.0",",,I,30,+","0.0",",,,I"
"IN001040801","1950-05","14.12","79.2","167.0","PULLAMPET, IN","1",",I","0",",I","0",",I","19500528",",,I","1.0",",,I,28,","1.0",",,,I"
"IN001040801","1950-06","14.12","79.2","167.0","PULLAMPET, IN","1",",I","1",",I","0",",I","19500615",",,I","2.5",",,I,15,","2.5",",,,I"
"IN001040801","1950-07","14.12","79.2","167.0","PULLAMPET, IN","5",",I","5",",I","1",",I","19500731",",,I","56.4",",,I,31,","94.8",",,,I"
"IN001040801","1950-08","14.12","79.2","167.0","PULLAMPET, IN","10",",I","8",",I","1",",I","19500828",",,I","27.9",",,I,28,","95.1",",,,I"
"IN001040801","1950-09","14.12","79.2","167.0","PULLAMPET, IN","13",",I","12",",I","2",",I","19500925",",,I","32.0",",,I,25,","156.9",",,,I"
"IN001040801","1950-10","14.12","79.2","167.0","PULLAMPET, IN","5",",I","5",",I","2",",I","19501018",",,I","57.2",",,I,18,","113.0",",,,I"
"IN001040801","1950-11","14.12","79.2","167.0","PULLAMPET, IN","3",",I","3",",I","1",",I","19501114",",,I","36.8",",,I,14,","51.0",",,,I"
"IN001040801","1950-12","14.12","79.2","167.0","PULLAMPET, IN","0",",I","0",",I","0",",I","19501231","+,,I","0.0",",,I,31,+","0.0",",,,I"
"IN001040801","1951-01","14.12","79.2","167.0","PULLAMPET, IN","0",",I","0",",I","0",",I","19510131","+,,I","0.0",",,I,31,+","0.0",",,,I"
"IN001040801","1951-02","14.12","79.2","167.0","PULLAMPET, IN","0",",I","0",",I","0",",I","19510228","+,,I","0.0",",,I,28,+","0.0",",,,I"
"IN001040801","1951-03","14.12","79.2","167.0","PULLAMPET, IN","0",",I","0",",I","0",",I","19510331","+,,I","0.0",",,I,31,+","0.0",",,,I"
"IN001040801","1951-04","14.12","79.2","167.0","PULLAMPET, IN","3",",I","3",",I","1",",I","19510404",",,I","48.8",",,I,04,","61.2",",,,I"
"IN001040801","1951-05","14.12","79.2","167.0","PULLAMPET, IN","5",",I","5",",I","0",",I","19510513",",,I","12.2",",,I,13,","30.7",",,,I"
"IN001040801","1951-06","14.12","79.2","167.0","PULLAMPET, IN","6",",I","5",",I","1",",I","19510602",",,I","42.2",",,I,02,","90.5",",,,I"
"IN001040801","1951-07","14.12","79.2","167.0","PULLAMPET, IN","7",",I","7",",I","0",",I","19510708",",,I","24.1",",,I,08,","61.2",",,,I"
"IN001040801","1951-08","14.12","79.2","167.0","PULLAMPET, IN","9",",I","8",",I","1",",I","19510822",",,I","25.4",",,I,22,","65.8",",,,I"
"IN001040801","1951-09","14.12","79.2","167.0","PULLAMPET, IN","4",",I","4",",I","0",",I","19510928","+,,I","6.9",",,I,28,+","21.7",",,,I"
"IN001040801","1951-10","14.12","79.2","167.0","PULLAMPET, IN","4",",I","4",",I","1",",I","19511001",",,I","30.5",",,I,01,","70.1",",,,I"
"IN001040801","1951-11","14.12","79.2","167.0","PULLAMPET, IN","7",",I","7",",I","1",",I","19511119",",,I","25.9",",,I,19,","68.9",",,,I"
"IN001040801","1951-12","14.12","79.2","167.0","PULLAMPET, IN","0",",I","0",",I","0",",I","19511231","+,,I","0.0",",,I,31,+","0.0",",,,I"
"IN001040801","1952-01","14.12","79.2","167.0","PULLAMPET, IN","0",",I","0",",I","0",",I","19520131","+,,I","0.0",",,I,31,+","0.0",",,,I"
"IN001040801","1952-02","14.12","79.2","167.0","PULLAMPET, IN","0",",I","0",",I","0",",I","19520229","+,,I","0.0",",,I,29,+","0.0",",,,I"
"IN001040801","1952-03","14.12","79.2","167.0","PULLAMPET, IN","0",",I","0",",I","0",",I","19520331","+,,I","0.0",",,I,31,+","0.0",",,,I"
"IN001040801","1952-04","14.12","79.2","167.0","PULLAMPET, IN","1",",I","1",",I","0",",I","19520428",",,I","10.2",",,I,28,","10.2",",,,I"
"IN001040801","1952-05","14.12","79.2","167.0","PULLAMPET, IN","4",",I","4",",I","2",",I","19520523",",,I","83.8",",,I,23,","180.8",",,,I"
"IN001040801","1952-06","14.12","79.2","167.0","PULLAMPET, IN","4",",I","4",",I","0",",I","19520617",",,I","22.6",",,I,17,","45.2",",,,I"
"IN001040801","1952-07","14.12","79.2","167.0","PULLAMPET, IN","6",",I","5",",I","2",",I","19520717",",,I","48.8",",,I,17,","109.3",",,,I"
"IN001040801","1952-08","14.12","79.2","167.0","PULLAMPET, IN","8",",I","7",",I","0",",I","19520830",",,I","24.1",",,I,30,","81.3",",,,I"
"IN001040801","1952-09","14.12","79.2","167.0","PULLAMPET, IN","4",",I","4",",I","0",",I","19520909",",,I","16.5",",,I,09,","48.3",",,,I"
"IN001040801","1952-10","14.12","79.2","167.0","PULLAMPET, IN","7",",I","6",",I","3",",I","19521012",",,I","63.0",",,I,12,","145.4",",,,I"
"IN001040801","1952-11","14.12","79.2","167.0","PULLAMPET, IN","7",",I","7",",I","1",",I","19521119",",,I","25.9",",,I,19,","79.1",",,,I"
"IN001040801","1952-12","14.12","79.2","167.0","PULLAMPET, IN","8",",I","7",",I","2",",I","19521208",",,I","109.2",",,I,08,","238.2",",,,I"
"IN001040801","1953-01","14.12","79.2","167.0","PULLAMPET, IN","0",",I","0",",I","0",",I","19530131","+,,I","0.0",",,I,31,+","0.0",",,,I"
"IN001040801","1953-02","14.12","79.2","167.0","PULLAMPET, IN","0",",I","0",",I","0",",I","19530228","+,,I","0.0",",,I,28,+","0.0",",,,I"
"IN001040801","1953-03","14.12","79.2","167.0","PULLAMPET, IN","0",",I","0",",I","0",",I","19530331","+,,I","0.0",",,I,31,+","0.0",",,,I"
"IN001040801","1953-04","14.12","79.2","167.0","PULLAMPET, IN","1",",I","1",",I","0",",I","19530411",",,I","11.9",",,I,11,","11.9",",,,I"
"IN001040801","1953-05","14.12","79.2","167.0","PULLAMPET, IN","0",",I","0",",I","0",",I","19530531","+,,I","0.0",",,I,31,+","0.0",",,,I"
"IN001040801","1953-06","14.12","79.2","167.0","PULLAMPET, IN","3",",I","2",",I","0",",I","19530605",",,I","17.8",",,I,05,","27.5",",,,I"
"IN001040801","1953-07","14.12","79.2","167.0","PULLAMPET, IN","11",",I","11",",I","3",",I","19530716",",,I","43.4",",,I,16,","177.1",",,,I"
"IN001040801","1953-08","14.12","79.2","167.0","PULLAMPET, IN","6",",I","6",",I","2",",I","19530808",",,I","81.3",",,I,08,","167.3",",,,I"
"IN001040801","1953-09","14.12","79.2","167.0","PULLAMPET, IN","4",",I","4",",I","1",",I","19530917",",,I","43.7",",,I,17,","63.0",",,,I"
"IN001040801","1953-10","14.12","79.2","167.0","PULLAMPET, IN","16",",I","16",",I","3",",I","19531022",",,I","80.8",",,I,22,","276.2",",,,I"
"IN001040801","1953-11","14.12","79.2","167.0","PULLAMPET, IN","2",",I","2",",I","0",",I","19531127",",,I","24.4",",,I,27,","34.6",",,,I"
"IN001040801","1953-12","14.12","79.2","167.0","PULLAMPET, IN","0",",I","0",",I","0",",I","19531231","+,,I","0.0",",,I,31,+","0.0",",,,I"
"IN001040801","1954-01","14.12","79.2","167.0","PULLAMPET, IN","2",",I","2",",I","0",",I","19540106",",,I","7.6",",,I,06,","13.4",",,,I"
"IN001040801","1954-02","14.12","79.2","167.0","PULLAMPET, IN","0",",I","0",",I","0",",I","19540228","+,,I","0.0",",,I,28,+","0.0",",,,I"
"IN001040801","1954-03","14.12","79.2","167.0","PULLAMPET, IN","1",",I","1",",I","0",",I","19540325",",,I","24.6",",,I,25,","24.6",",,,I"
"IN001040801","1954-04","14.12","79.2","167.0","PULLAMPET, IN","0",",I","0",",I","0",",I","19540430","+,,I","0.0",",,I,30,+","0.0",",,,I"
"IN001040801","1954-05","14.12","79.2","167.0","PULLAMPET, IN","3",",I","3",",I","0",",I","19540513",",,I","18.5",",,I,13,","27.1",",,,I"
"IN001040801","1954-06","14.12","79.2","167.0","PULLAMPET, IN","5",",I","5",",I","2",",I","19540630",",,I","39.4",",,I,30,","115.8",",,,I"
"IN001040801","1954-07","14.12","79.2","167.0","PULLAMPET, IN","10",",I","10",",I","2",",I","19540723",",,I","82.6",",,I,23,","185.5",",,,I"
"IN001040801","1954-08","14.12","79.2","167.0","PULLAMPET, IN","10",",I","9",",I","0",",I","19540822",",,I","13.0",",,I,22,","56.5",",,,I"
"IN001040801","1954-09","14.12","79.2","167.0","PULLAMPET, IN","6",",I","6",",I","2",",I","19540926",",,I","42.2",",,I,26,","110.0",",,,I"
"IN001040801","1954-10","14.12","79.2","167.0","PULLAMPET, IN","10",",I","10",",I","2",",I","19541022",",,I","114.3",",,I,22,","269.2",",,,I"
"IN001040801","1954-11","14.12","79.2","167.0","PULLAMPET, IN","0",",I","0",",I","0",",I","19541130","+,,I","0.0",",,I,30,+","0.0",",,,I"
"IN001040801","1954-12","14.12","79.2","167.0","PULLAMPET, IN","7",",I","7",",I","2",",I","19541215",",,I","57.4",",,I,15,","137.7",",,,I"
"IN001040801","1955-01","14.12","79.2","167.0","PULLAMPET, IN","1",",I","1",",I","0",",I","19550104",",,I","10.2",",,I,04,","10.2",",,,I"
"IN001040801","1955-02","14.12","79.2","167.0","PULLAMPET, IN","0",",I","0",",I","0",",I","19550228","+,,I","0.0",",,I,28,+","0.0",",,,I"
"IN001040801","1955-03","14.12","79.2","167.0","PULLAMPET, IN","0",",I","0",",I","0",",I","19550331","+,,I","0.0",",,I,31,+","0.0",",,,I"
"IN001040801","1955-04","14.12","79.2","167.0","PULLAMPET, IN","0",",I","0",",I","0",",I","19550430","+,,I","0.0",",,I,30,+","0.0",",,,I"
"IN001040801","1955-05","14.12","79.2","167.0","PULLAMPET, IN","5",",I","4",",I","2",",I","19550518",",,I","74.4",",,I,18,","137.4",",,,I"
"IN001040801","1955-06","14.12","79.2","167.0","PULLAMPET, IN","2",",I","2",",I","0",",I","19550611",",,I","22.9",",,I,11,","25.7",",,,I"
"IN001040801","1955-07","14.12","79.2","167.0","PULLAMPET, IN","4",",I","4",",I","3",",I","19550714",",,I","44.7",",,I,14,","132.4",",,,I"
"IN001040801","1955-08","14.12","79.2","167.0","PULLAMPET, IN","7",",I","7",",I","1",",I","19550812",",,I","74.9",",,I,12,","116.0",",,,I"
"IN001040801","1955-09","14.12","79.2","167.0","PULLAMPET, IN","5",",I","5",",I","0",",I","19550912",",,I","18.0",",,I,12,","65.2",",,,I"
"IN001040801","1955-10","14.12","79.2","167.0","PULLAMPET, IN","4",",I","4",",I","2",",I","19551005",",,I","36.8",",,I,05,","88.9",",,,I"
"IN001040801","1955-11","14.12","79.2","167.0","PULLAMPET, IN","6",",I","6",",I","2",",I","19551123",",,I","67.3",",,I,23,","132.5",",,,I"
"IN001040801","1955-12","14.12","79.2","167.0","PULLAMPET, IN","3",",I","3",",I","0",",I","19551201",",,I","17.8",",,I,01,","44.7",",,,I"
"IN001040801","1956-01","14.12","79.2","167.0","PULLAMPET, IN","0",",I","0",",I","0",",I","19560131","+,,I","0.0",",,I,31,+","0.0",",,,I"
"IN001040801","1956-02","14.12","79.2","167.0","PULLAMPET, IN","0",",I","0",",I","0",",I","19560229","+,,I","0.0",",,I,29,+","0.0",",,,I"
"IN001040801","1956-03","14.12","79.2","167.0","PULLAMPET, IN","0",",I","0",",I","0",",I","19560331","+,,I","0.0",",,I,31,+","0.0",",,,I"
"IN001040801","1956-04","14.12","79.2","167.0","PULLAMPET, IN","1",",I","1",",I","1",",I","19560430",",,I","80.0",",,I,30,","80.0",",,,I"
"IN001040801","1956-05","14.12","79.2","167.0","PULLAMPET, IN","4",",I","4",",I","0",",I","19560526",",,I","16.5",",,I,26,","51.3",",,,I"
"IN001040801","1956-06","14.12","79.2","167.0","PULLAMPET, IN","8",",I","7",",I","3",",I","19560624",",,I","46.5",",,I,24,","153.3",",,,I"
"IN001040801","1956-07","14.12","79.2","167.0","PULLAMPET, IN","5",",I","5",",I","1",",I","19560725",",,I","76.2",",,I,25,","104.1",",,,I"
"IN001040801","1956-08","14.12","79.2","167.0","PULLAMPET, IN","5",",I","3",",I","0",",I","19560815",",,I","19.8",",,I,15,","39.9",",,,I"
"IN001040801","1956-09","14.12","79.2","167.0","PULLAMPET, IN","7",",I","6",",I","3",",I","19560919",",,I","66.0",",,I,19,","189.2",",,,I"
"IN001040801","1956-10","14.12","79.2","167.0","PULLAMPET, IN","11",",I","11",",I","2",",I","19561030",",,I","78.7",",,I,30,","224.0",",,,I"
"IN001040801","1956-11","14.12","79.2","167.0","PULLAMPET, IN","9",",I","9",",I","1",",I","19561121",",,I","47.0",",,I,21,","103.5",",,,I"
"IN001040801","1956-12","14.12","79.2","167.0","PULLAMPET, IN","2",",I","2",",I","0",",I","19561202",",,I","24.6",",,I,02,","39.8",",,,I"
"IN001040801","1957-01","14.12","79.2","167.0","PULLAMPET, IN","0",",I","0",",I","0",",I","19570131","+,,I","0.0",",,I,31,+","0.0",",,,I"
"IN001040801","1957-02","14.12","79.2","167.0","PULLAMPET, IN","0",",I","0",",I","0",",I","19570228","+,,I","0.0",",,I,28,+","0.0",",,,I"
"IN001040801","1957-03","14.12","79.2","167.0","PULLAMPET, IN","1",",I","1",",I","1",",I","19570308",",,I","25.9",",,I,08,","25.9",",,,I"
"IN001040801","1957-04","14.12","79.2","167.0","PULLAMPET, IN","1",",I","1",",I","0",",I","19570424",",,I","19.1",",,I,24,","19.1",",,,I"
"IN001040801","1957-05","14.12","79.2","167.0","PULLAMPET, IN","1",",I","1",",I","0",",I","19570524",",,I","18.5",",,I,24,","18.5",",,,I"
"IN001040801","1957-06","14.12","79.2","167.0","PULLAMPET, IN","6",",I","6",",I","1",",I","19570603",",,I","62.2",",,I,03,","132.5",",,,I"
"IN001040801","1957-07","14.12","79.2","167.0","PULLAMPET, IN","5",",I","5",",I","1",",I","19570727",",,I","28.2",",,I,27,","67.6",",,,I"
"IN001040801","1957-08","14.12","79.2","167.0","PULLAMPET, IN","9",",I","9",",I","2",",I","19570816",",,I","37.6",",,I,16,","120.1",",,,I"
"IN001040801","1957-09","14.12","79.2","167.0","PULLAMPET, IN","5",",I","3",",I","0",",I","19570908",",,I","20.8",",,I,08,","42.3",",,,I"
"IN001040801","1957-10","14.12","79.2","167.0","PULLAMPET, IN","9",",I","9",",I","3",",I","19571015",",,I","53.1",",,I,15,","138.5",",,,I"
"IN001040801","1957-11","14.12","79.2","167.0","PULLAMPET, IN","6",",I","6",",I","3",",I","19571105",",,I","76.2",",,I,05,","162.7",",,,I"
"IN001040801","1957-12","14.12","79.2","167.0","PULLAMPET, IN","0",",I","0",",I","0",",I","19571231","+,,I","0.0",",,I,31,+","0.0",",,,I"
"IN001040801","1958-01","14.12","79.2","167.0","PULLAMPET, IN","1",",I","1",",I","0",",I","19580103",",,I","11.2",",,I,03,","11.2",",,,I"
"IN001040801","1958-02","14.12","79.2","167.0","PULLAMPET, IN","0",",I","0",",I","0",",I","19580228","+,,I","0.0",",,I,28,+","0.0",",,,I"
"IN001040801","1958-04","14.12","79.2","167.0","PULLAMPET, IN","1",",I","1",",I","0",",I","19580413",",,I","11.7",",,I,13,","11.7",",,,I"
"IN001040801","1958-07","14.12","79.2","167.0","PULLAMPET, IN","7",",I","6",",I","0",",I","19580703",",,I","15.7",",,I,03,","56.1",",,,I"
"IN001040801","1958-08","14.12","79.2","167.0","PULLAMPET, IN","9",",I","9",",I","0",",I","19580814",",,I","16.5",",,I,14,","95.4",",,,I"
"IN001040801","1958-09","14.12","79.2","167.0","PULLAMPET, IN","5",",I","5",",I","3",",I","19580916",",,I","73.7",",,I,16,","156.0",",,,I"
"IN001040801","1958-10","14.12","79.2","167.0","PULLAMPET, IN","9",",I","9",",I","5",",I","19581008",",,I","90.2",",,I,08,","339.9",",,,I"
"IN001040801","1958-11","14.12","79.2","167.0","PULLAMPET, IN","7",",I","7",",I","2",",I","19581121",",,I","33.0",",,I,21,","131.0",",,,I"
"IN001040801","1958-12","14.12","79.2","167.0","PULLAMPET, IN","3",",I","3",",I","0",",I","19581209",",,I","16.0",",,I,09,","32.5",",,,I"
"IN001040801","1959-01","14.12","79.2","167.0","PULLAMPET, IN","0",",I","0",",I","0",",I","19590131","+,,I","0.0",",,I,31,+","0.0",",,,I"
"IN001040801","1959-02","14.12","79.2","167.0","PULLAMPET, IN","0",",I","0",",I","0",",I","19590228","+,,I","0.0",",,I,28,+","0.0",",,,I"
"IN001040801","1959-03","14.12","79.2","167.0","PULLAMPET, IN","0",",I","0",",I","0",",I","19590331","+,,I","0.0",",,I,31,+","0.0",",,,I"
"IN001040801","1959-04","14.12","79.2","167.0","PULLAMPET, IN","1",",I","1",",I","1",",I","19590419",",,I","61.0",",,I,19,","61.0",",,,I"
"IN001040801","1959-05","14.12","79.2","167.0","PULLAMPET, IN","1",",I","1",",I","0",",I","19590531",",,I","7.6",",,I,31,","7.6",",,,I"
"IN001040801","1959-06","14.12","79.2","167.0","PULLAMPET, IN","6",",I","6",",I","0",",I","19590624","+,,I","22.9",",,I,24,+","86.5",",,,I"
"IN001040801","1959-07","14.12","79.2","167.0","PULLAMPET, IN","7",",I","7",",I","0",",I","19590723",",,I","24.1",",,I,23,","86.0",",,,I"
"IN001040801","1959-08","14.12","79.2","167.0","PULLAMPET, IN","2",",I","2",",I","1",",I","19590826",",,I","25.9",",,I,26,","39.9",",,,I"
"IN001040801","1959-09","14.12","79.2","167.0","PULLAMPET, IN","7",",I","7",",I","2",",I","19590927",",,I","44.5",",,I,27,","148.9",",,,I"
"IN001040801","1959-10","14.12","79.2","167.0","PULLAMPET, IN","10",",I","10",",I","2",",I","19591028",",,I","72.4",",,I,28,","209.9",",,,I"
"IN001040801","1959-11","14.12","79.2","167.0","PULLAMPET, IN","3",",I","3",",I","2",",I","19591129",",,I","74.9",",,I,29,","120.6",",,,I"
"IN001040801","1959-12","14.12","79.2","167.0","PULLAMPET, IN","2",",I","2",",I","0",",I","19591201",",,I","12.7",",,I,01,","15.2",",,,I"
"IN001040801","1960-01","14.12","79.2","167.0","PULLAMPET, IN","0",",I","0",",I","0",",I","19600131","+,,I","0.0",",,I,31,+","0.0",",,,I"
"IN001040801","1960-02","14.12","79.2","167.0","PULLAMPET, IN","0",",I","0",",I","0",",I","19600229","+,,I","0.0",",,I,29,+","0.0",",,,I"
"IN001040801","1960-03","14.12","79.2","167.0","PULLAMPET, IN","0",",I","0",",I","0",",I","19600331","+,,I","0.0",",,I,31,+","0.0",",,,I"
"IN001040801","1960-04","14.12","79.2","167.0","PULLAMPET, IN","0",",I","0",",I","0",",I","19600430","+,,I","0.0",",,I,30,+","0.0",",,,I"
"IN001040801","1960-05","14.12","79.2","167.0","PULLAMPET, IN","0",",I","0",",I","0",",I","19600531","+,,I","0.0",",,I,31,+","0.0",",,,I"
"IN001040801","1960-06","14.12","79.2","167.0","PULLAMPET, IN","3",",I","3",",I","1",",I","19600608",",,I","31.7",",,I,08,","46.9",",,,I"
"IN001040801","1960-07","14.12","79.2","167.0","PULLAMPET, IN","4",",I","4",",I","1",",I","19600709",",,I","38.1",",,I,09,","83.8",",,,I"
"IN001040801","1960-08","14.12","79.2","167.0","PULLAMPET, IN","2",",I","1",",I","0",",I","19600831",",,I","12.7",",,I,31,","14.0",",,,I"
"IN001040801","1960-09","14.12","79.2","167.0","PULLAMPET, IN","13",",I","13",",I","4",",I","19600917",",,I","73.7",",,I,17,","287.8",",,,I"
"IN001040801","1960-10","14.12","79.2","167.0","PULLAMPET, IN","4",",I","4",",I","0",",I","19601025",",,I","12.7",",,I,25,","34.6",",,,I"
"IN001040801","1960-11","14.12","79.2","167.0","PULLAMPET, IN","13",",I","13",",I","2",",I","19601121",",,I","73.7",",,I,21,","243.8",",,,I"
"IN001040801","1960-12","14.12","79.2","167.0","PULLAMPET, IN","0",",I","0",",I","0",",I","19601231","+,,I","0.0",",,I,31,+","0.0",",,,I"
"IN001040801","1961-01","14.12","79.2","167.0","PULLAMPET, IN","0",",I","0",",I","0",",I","19610131","+,,I","0.0",",,I,31,+","0.0",",,,I"
"IN001040801","1961-02","14.12","79.2","167.0","PULLAMPET, IN","1",",I","1",",I","0",",I","19610215",",,I","8.4",",,I,15,","8.4",",,,I"
"IN001040801","1961-03","14.12","79.2","167.0","PULLAMPET, IN","0",",I","0",",I","0",",I","19610331","+,,I","0.0",",,I,31,+","0.0",",,,I"
"IN001040801","1961-04","14.12","79.2","167.0","PULLAMPET, IN","0",",I","0",",I","0",",I","19610430","+,,I","0.0",",,I,30,+","0.0",",,,I"
"IN001040801","1961-05","14.12","79.2","167.0","PULLAMPET, IN","3",",I","3",",I","0",",I","19610527",",,I","15.0",",,I,27,","31.8",",,,I"
"IN001040801","1961-06","14.12","79.2","167.0","PULLAMPET, IN","4",",I","4",",I","1",",I","19610605",",,I","38.1",",,I,05,","71.1",",,,I"
"IN001040801","1961-07","14.12","79.2","167.0","PULLAMPET, IN","5",",I","5",",I","0",",I","19610722",",,I","15.2",",,I,22,","42.4",",,,I"
"IN001040801","1961-08","14.12","79.2","167.0","PULLAMPET, IN","10",",I","10",",I","2",",I","19610829",",,I","30.5",",,I,29,","117.1",",,,I"
"IN001040801","1961-09","14.12","79.2","167.0","PULLAMPET, IN","6",",I","6",",I","0",",I","19610906",",,I","17.8",",,I,06,","44.0",",,,I"
"IN001040801","1961-10","14.12","79.2","167.0","PULLAMPET, IN","6",",I","6",",I","3",",I","19611029","+,,I","29.2",",,I,29,+","113.0",",,,I"
"IN001040801","1961-11","14.12","79.2","167.0","PULLAMPET, IN","7",",I","7",",I","4",",I","19611102",",,I","31.7",",,I,02,","134.5",",,,I"
"IN001040801","1961-12","14.12","79.2","167.0","PULLAMPET, IN","0",",I","0",",I","0",",I","19611231","+,,I","0.0",",,I,31,+","0.0",",,,I"
"IN001040801","1962-01","14.12","79.2","167.0","PULLAMPET, IN","0",",I","0",",I","0",",I","19620131","+,,I","0.0",",,I,31,+","0.0",",,,I"
"IN001040801","1962-02","14.12","79.2","167.0","PULLAMPET, IN","0",",I","0",",I","0",",I","19620228","+,,I","0.0",",,I,28,+","0.0",",,,I"
"IN001040801","1962-03","14.12","79.2","167.0","PULLAMPET, IN","0",",I","0",",I","0",",I","19620331","+,,I","0.0",",,I,31,+","0.0",",,,I"
"IN001040801","1962-04","14.12","79.2","167.0","PULLAMPET, IN","1",",I","1",",I","0",",I","19620414",",,I","10.2",",,I,14,","10.2",",,,I"
"IN001040801","1962-05","14.12","79.2","167.0","PULLAMPET, IN","2",",I","2",",I","0",",I","19620516",",,I","11.4",",,I,16,","20.3",",,,I"
"IN001040801","1962-06","14.12","79.2","167.0","PULLAMPET, IN","1",",I","1",",I","0",",I","19620626",",,I","17.8",",,I,26,","17.8",",,,I"
"IN001040801","1962-07","14.12","79.2","167.0","PULLAMPET, IN","0",",I","0",",I","0",",I","19620731","+,,I","0.0",",,I,31,+","0.0",",,,I"
"IN001040801","1962-08","14.12","79.2","167.0","PULLAMPET, IN","4",",I","4",",I","0",",I","19620823",",,I","13.2",",,I,23,","45.9",",,,I"
"IN001040801","1962-09","14.12","79.2","167.0","PULLAMPET, IN","4",",I","4",",I","2",",I","19620905",",,I","61.0",",,I,05,","134.1",",,,I"
"IN001040801","1962-10","14.12","79.2","167.0","PULLAMPET, IN","12",",I","12",",I","6",",I","19621025",",,I","68.6",",,I,25,","363.0",",,,I"
"IN001040801","1962-11","14.12","79.2","167.0","PULLAMPET, IN","0",",I","0",",I","0",",I","19621130","+,,I","0.0",",,I,30,+","0.0",",,,I"
