"STATION","DATE","LATITUDE","LONGITUDE","ELEVATION","NAME","DP01","DP01_ATTRIBUTES","DP10","DP10_ATTRIBUTES","DP1X","DP1X_ATTRIBUTES","DYXP","DYXP_ATTRIBUTES","EMXP","EMXP_ATTRIBUTES","PRCP","PRCP_ATTRIBUTES"
"IN010020200","1901-01","11.87","75.37","12.0","CANNANORE, IN","0",",I","0",",I","0",",I","19010131","+,,I","0.0",",,I,31,+","0.0",",,,I"
"IN010020200","1901-02","11.87","75.37","12.0","CANNANORE, IN","0",",I","0",",I","0",",I","19010228","+,,I","0.0",",,I,28,+","0.0",",,,I"
"IN010020200","1901-03","11.87","75.37","12.0","CANNANORE, IN","3",",I","3",",I","0",",I","19010318",",,I","12.7",",,I,18,","26.9",",,,I"
"IN010020200","1901-04","11.87","75.37","12.0","CANNANORE, IN","5",",I","5",",I","2",",I","19010427",",,I","93.2",",,I,27,","166.1",",,,I"
"IN010020200","1901-05","11.87","75.37","12.0","CANNANORE, IN","10",",I","8",",I","1",",I","19010526",",,I","28.4",",,I,26,","102.0",",,,I"
"IN010020200","1901-06","11.87","75.37","12.0","CANNANORE, IN","25",",I","25",",I","17",",I","19010608",",,I","113.8",",,I,08,","1079.9",",,,I"
"IN010020200","1901-07","11.87","75.37","12.0","CANNANORE, IN","30",",I","29",",I","13",",I","19010709",",,I","151.4",",,I,09,","871.4",",,,I"
"IN010020200","1901-08","11.87","75.37","12.0","CANNANORE, IN","27",",I","22",",I","5",",I","19010806",",,I","63.0",",,I,06,","461.5",",,,I"
"IN010020200","1901-09","11.87","75.37","12.0","CANNANORE, IN","12",",I","6",",I","3",",I","19010920",",,I","113.8",",,I,20,","250.7",",,,I"
"IN010020200","1901-10","11.87","75.37","12.0","CANNANORE, IN","11",",I","9",",I","2",",I","19011006",",,I","216.2",",,I,06,","318.7",",,,I"
"IN010020200","1901-11","11.87","75.37","12.0","CANNANORE, IN","13",",I","10",",I","5",",I","19011116",",,I","88.9",",,I,16,","349.0",",,,I"
"IN010020200","1901-12","11.87","75.37","12.0","CANNANORE, IN","3",",I","2",",I","1",",I","19011211",",,I","42.2",",,I,11,","58.2",",,,I"
"IN010020200","1902-01","11.87","75.37","12.0","CANNANORE, IN","1",",I","0",",I","0",",I","19020107",",,I","1.5",",,I,07,","1.5",",,,I"
"IN010020200","1902-02","11.87","75.37","12.0","CANNANORE, IN","1",",I","0",",I","0",",I","19020215",",,I","1.5",",,I,15,","1.5",",,,I"
"IN010020200","1902-03","11.87","75.37","12.0","CANNANORE, IN","1",",I","1",",I","0",",I","19020329",",,I","2.5",",,I,29,","2.5",",,,I"
"IN010020200","1902-04","11.87","75.37","12.0","CANNANORE, IN","2",",I","2",",I","0",",I","19020403",",,I","3.8",",,I,03,","7.4",",,,I"
"IN010020200","1902-05","11.87","75.37","12.0","CANNANORE, IN","7",",I","6",",I","1",",I","19020507",",,I","27.2",",,I,07,","100.1",",,,I"
"IN010020200","1902-06","11.87","75.37","12.0","CANNANORE, IN","21",",I","16",",I","7",",I","19020609",",,I","132.6",",,I,09,","540.5",",,,I"
"IN010020200","1902-07","11.87","75.37","12.0","CANNANORE, IN","31",",I","29",",I","18",",I","19020710",",,I","135.6",",,I,10,","1425.0",",,,I"
"IN010020200","1902-08","11.87","75.37","12.0","CANNANORE, IN","20",",I","14",",I","6",",I","19020831",",,I","90.7",",,I,31,","421.9",",,,I"
"IN010020200","1902-09","11.87","75.37","12.0","CANNANORE, IN","23",",I","20",",I","6",",I","19020909",",,I","96.5",",,I,09,","528.4",",,,I"
"IN010020200","1902-10","11.87","75.37","12.0","CANNANORE, IN","14",",I","9",",I","3",",I","19021029",",,I","63.2",",,I,29,","245.5",",,,I"
"IN010020200","1902-11","11.87","75.37","12.0","CANNANORE, IN","6",",I","5",",I","0",",I","19021103",",,I","11.9",",,I,03,","37.8",",,,I"
"IN010020200","1902-12","11.87","75.37","12.0","CANNANORE, IN","6",",I","5",",I","2",",I","19021206",",,I","50.3",",,I,06,","104.9",",,,I"
"IN010020200","1903-01","11.87","75.37","12.0","CANNANORE, IN","0",",I","0",",I","0",",I","19030131","+,,I","0.0",",,I,31,+","0.0",",,,I"
"IN010020200","1903-02","11.87","75.37","12.0","CANNANORE, IN","0",",I","0",",I","0",",I","19030228","+,,I","0.0",",,I,28,+","0.0",",,,I"
"IN010020200","1903-03","11.87","75.37","12.0","CANNANORE, IN","0",",I","0",",I","0",",I","19030331","+,,I","0.0",",,I,31,+","0.0",",,,I"
"IN010020200","1903-04","11.87","75.37","12.0","CANNANORE, IN","2",",I","0",",I","0",",I","19030408",",,I","0.5",",,I,08,","0.8",",,,I"
"IN010020200","1903-05","11.87","75.37","12.0","CANNANORE, IN","19",",I","16",",I","5",",I","19030521",",,I","67.8",",,I,21,","293.6",",,,I"
"IN010020200","1903-06","11.87","75.37","12.0","CANNANORE, IN","23",",I","21",",I","8",",I","19030627",",,I","120.7",",,I,27,","742.2",",,,I"
"IN010020200","1903-07","11.87","75.37","12.0","CANNANORE, IN","31",",I","31",",I","20",",I","19030712",",,I","155.2",",,I,12,","1423.4",",,,I"
"IN010020200","1903-08","11.87","75.37","12.0","CANNANORE, IN","27",",I","22",",I","4",",I","19030821",",,I","47.8",",,I,21,","358.3",",,,I"
"IN010020200","1903-09","11.87","75.37","12.0","CANNANORE, IN","25",",I","20",",I","3",",I","19030918",",,I","31.5",",,I,18,","244.5",",,,I"
"IN010020200","1903-10","11.87","75.37","12.0","CANNANORE, IN","13",",I","9",",I","2",",I","19031002",",,I","69.9",",,I,02,","183.4",",,,I"
"IN010020200","1903-11","11.87","75.37","12.0","CANNANORE, IN","9",",I","6",",I","2",",I","19031113",",,I","46.7",",,I,13,","124.1",",,,I"
"IN010020200","1903-12","11.87","75.37","12.0","CANNANORE, IN","5",",I","2",",I","0",",I","19031204",",,I","24.1",",,I,04,","31.5",",,,I"
"IN010020200","1904-01","11.87","75.37","12.0","CANNANORE, IN","0",",I","0",",I","0",",I","19040131","+,,I","0.0",",,I,31,+","0.0",",,,I"
"IN010020200","1904-02","11.87","75.37","12.0","CANNANORE, IN","0",",I","0",",I","0",",I","19040229","+,,I","0.0",",,I,29,+","0.0",",,,I"
"IN010020200","1904-03","11.87","75.37","12.0","CANNANORE, IN","2",",I","1",",I","0",",I","19040313",",,I","2.5",",,I,13,","4.8",",,,I"
"IN010020200","1904-04","11.87","75.37","12.0","CANNANORE, IN","5",",I","2",",I","0",",I","19040410",",,I","13.2",",,I,10,","17.3",",,,I"
"IN010020200","1904-05","11.87","75.37","12.0","CANNANORE, IN","14",",I","10",",I","4",",I","19040526",",,I","116.8",",,I,26,","358.0",",,,I"
"IN010020200","1904-06","11.87","75.37","12.0","CANNANORE, IN","30",",I","28",",I","22",",I","19040606",",,I","117.6",",,I,06,","1376.5",",,,I"
"IN010020200","1904-07","11.87","75.37","12.0","CANNANORE, IN","30",",I","29",",I","12",",I","19040703",",,I","191.8",",,I,03,","992.5",",,,I"
"IN010020200","1904-08","11.87","75.37","12.0","CANNANORE, IN","18",",I","14",",I","5",",I","19040809",",,I","76.2",",,I,09,","360.8",",,,I"
"IN010020200","1904-09","11.87","75.37","12.0","CANNANORE, IN","22",",I","15",",I","2",",I","19040916",",,I","32.0",",,I,16,","212.7",",,,I"
"IN010020200","1904-10","11.87","75.37","12.0","CANNANORE, IN","15",",I","13",",I","4",",I","19041009",",,I","81.5",",,I,09,","336.1",",,,I"
"IN010020200","1904-11","11.87","75.37","12.0","CANNANORE, IN","0",",I","0",",I","0",",I","19041130","+,,I","0.0",",,I,30,+","0.0",",,,I"
"IN010020200","1904-12","11.87","75.37","12.0","CANNANORE, IN","0",",I","0",",I","0",",I","19041231","+,,I","0.0",",,I,31,+","0.0",",,,I"
"IN010020200","1905-01","11.87","75.37","12.0","CANNANORE, IN","0",",I","0",",I","0",",I","19050131","+,,I","0.0",",,I,31,+","0.0",",,,I"
"IN010020200","1905-02","11.87","75.37","12.0","CANNANORE, IN","0",",I","0",",I","0",",I","19050228","+,,I","0.0",",,I,28,+","0.0",",,,I"
"IN010020200","1905-03","11.87","75.37","12.0","CANNANORE, IN","0",",I","0",",I","0",",I","19050331","+,,I","0.0",",,I,31,+","0.0",",,,I"
"IN010020200","1905-04","11.87","75.37","12.0","CANNANORE, IN","0",",I","0",",I","0",",I","19050430","+,,I","0.0",",,I,30,+","0.0",",,,I"
"IN010020200","1905-05","11.87","75.37","12.0","CANNANORE, IN","14",",I","9",",I","2",",I","19050519",",,I","57.2",",,I,19,","183.5",",,,I"
"IN010020200","1905-06","11.87","75.37","12.0","CANNANORE, IN","23",",I","22",",I","14",",I","19050620",",,I","193.3",",,I,20,","1198.7",",,,I"
"IN010020200","1905-07","11.87","75.37","12.0","CANNANORE, IN","30",",I","29",",I","13",",I","19050715",",,I","121.4",",,I,15,","981.3",",,,I"
"IN010020200","1905-08","11.87","75.37","12.0","CANNANORE, IN","27",",I","23",",I","5",",I","19050813",",,I","62.7",",,I,13,","409.9",",,,I"
"IN010020200","1905-09","11.87","75.37","12.0","CANNANORE, IN","14",",I","11",",I","2",",I","19050906",",,I","61.0",",,I,06,","187.5",",,,I"
"IN010020200","1905-10","11.87","75.37","12.0","CANNANORE, IN","17",",I","16",",I","2",",I","19051015",",,I","101.6",",,I,15,","280.9",",,,I"
"IN010020200","1905-11","11.87","75.37","12.0","CANNANORE, IN","4",",I","3",",I","0",",I","19051126",",,I","23.1",",,I,26,","39.3",",,,I"
"IN010020200","1905-12","11.87","75.37","12.0","CANNANORE, IN","0",",I","0",",I","0",",I","19051231","+,,I","0.0",",,I,31,+","0.0",",,,I"
"IN010020200","1906-01","11.87","75.37","12.0","CANNANORE, IN","2",",I","2",",I","0",",I","19060119",",,I","21.6",",,I,19,","28.0",",,,I"
"IN010020200","1906-02","11.87","75.37","12.0","CANNANORE, IN","0",",I","0",",I","0",",I","19060228","+,,I","0.0",",,I,28,+","0.0",",,,I"
"IN010020200","1906-03","11.87","75.37","12.0","CANNANORE, IN","0",",I","0",",I","0",",I","19060331","+,,I","0.0",",,I,31,+","0.0",",,,I"
"IN010020200","1906-04","11.87","75.37","12.0","CANNANORE, IN","1",",I","0",",I","0",",I","19060430",",,I","1.8",",,I,30,","1.8",",,,I"
"IN010020200","1906-05","11.87","75.37","12.0","CANNANORE, IN","11",",I","5",",I","1",",I","19060506",",,I","52.1",",,I,06,","107.6",",,,I"
"IN010020200","1906-06","11.87","75.37","12.0","CANNANORE, IN","26",",I","22",",I","5",",I","19060620",",,I","103.1",",,I,20,","532.3",",,,I"
"IN010020200","1906-07","11.87","75.37","12.0","CANNANORE, IN","31",",I","31",",I","16",",I","19060721",",,I","115.8",",,I,21,","1107.4",",,,I"
"IN010020200","1906-08","11.87","75.37","12.0","CANNANORE, IN","24",",I","22",",I","5",",I","19060825",",,I","65.3",",,I,25,","393.3",",,,I"
"IN010020200","1906-09","11.87","75.37","12.0","CANNANORE, IN","19",",I","12",",I","1",",I","19060913",",,I","35.8",",,I,13,","144.9",",,,I"
"IN010020200","1906-10","11.87","75.37","12.0","CANNANORE, IN","15",",I","11",",I","2",",I","19061023",",,I","36.1",",,I,23,","142.7",",,,I"
"IN010020200","1906-11","11.87","75.37","12.0","CANNANORE, IN","6",",I","3",",I","0",",I","19061104",",,I","21.1",",,I,04,","33.9",",,,I"
"IN010020200","1906-12","11.87","75.37","12.0","CANNANORE, IN","1",",I","0",",I","0",",I","19061229",",,I","0.3",",,I,29,","0.3",",,,I"
"IN010020200","1907-01","11.87","75.37","12.0","CANNANORE, IN","1",",I","0",",I","0",",I","19070110",",,I","1.3",",,I,10,","1.3",",,,I"
"IN010020200","1907-02","11.87","75.37","12.0","CANNANORE, IN","0",",I","0",",I","0",",I","19070228","+,,I","0.0",",,I,28,+","0.0",",,,I"
"IN010020200","1907-03","11.87","75.37","12.0","CANNANORE, IN","1",",I","0",",I","0",",I","19070315",",,I","2.0",",,I,15,","2.0",",,,I"
"IN010020200","1907-04","11.87","75.37","12.0","CANNANORE, IN","8",",I","6",",I","1",",I","19070426",",,I","50.8",",,I,26,","109.2",",,,I"
"IN010020200","1907-05","11.87","75.37","12.0","CANNANORE, IN","7",",I","3",",I","0",",I","19070511",",,I","6.6",",,I,11,","18.4",",,,I"
"IN010020200","1907-06","11.87","75.37","12.0","CANNANORE, IN","28",",I","27",",I","17",",I","19070612",",,I","145.3",",,I,12,","1219.2",",,,I"
"IN010020200","1907-07","11.87","75.37","12.0","CANNANORE, IN","28",",I","27",",I","13",",I","19070720",",,I","133.4",",,I,20,","995.0",",,,I"
"IN010020200","1907-08","11.87","75.37","12.0","CANNANORE, IN","31",",I","31",",I","21",",I","19070802",",,I","105.4",",,I,02,","1336.9",",,,I"
"IN010020200","1907-09","11.87","75.37","12.0","CANNANORE, IN","12",",I","10",",I","1",",I","19070925",",,I","45.2",",,I,25,","140.2",",,,I"
"IN010020200","1907-10","11.87","75.37","12.0","CANNANORE, IN","7",",I","5",",I","0",",I","19071025",",,I","20.6",",,I,25,","73.5",",,,I"
"IN010020200","1907-11","11.87","75.37","12.0","CANNANORE, IN","10",",I","7",",I","3",",I","19071109",",,I","132.1",",,I,09,","309.2",",,,I"
"IN010020200","1907-12","11.87","75.37","12.0","CANNANORE, IN","5",",I","2",",I","1",",I","19071213",",,I","36.8",",,I,13,","52.8",",,,I"
"IN010020200","1908-01","11.87","75.37","12.0","CANNANORE, IN","0",",I","0",",I","0",",I","19080131","+,,I","0.0",",,I,31,+","0.0",",,,I"
"IN010020200","1908-02","11.87","75.37","12.0","CANNANORE, IN","1",",I","1",",I","0",",I","19080225",",,I","5.8",",,I,25,","5.8",",,,I"
"IN010020200","1908-03","11.87","75.37","12.0","CANNANORE, IN","1",",I","0",",I","0",",I","19080325",",,I","0.8",",,I,25,","0.8",",,,I"
"IN010020200","1908-04","11.87","75.37","12.0","CANNANORE, IN","6",",I","3",",I","1",",I","19080416",",,I","45.0",",,I,16,","61.0",",,,I"
"IN010020200","1908-05","11.87","75.37","12.0","CANNANORE, IN","8",",I","5",",I","2",",I","19080507",",,I","44.5",",,I,07,","121.7",",,,I"
"IN010020200","1908-06","11.87","75.37","12.0","CANNANORE, IN","24",",I","22",",I","15",",I","19080612",",,I","117.1",",,I,12,","944.5",",,,I"
"IN010020200","1908-07","11.87","75.37","12.0","CANNANORE, IN","31",",I","31",",I","23",",I","19080716",",,I","127.8",",,I,16,","1670.7",",,,I"
"IN010020200","1908-08","11.87","75.37","12.0","CANNANORE, IN","30",",I","27",",I","8",",I","19080829",",,I","91.2",",,I,29,","586.7",",,,I"
"IN010020200","1908-09","11.87","75.37","12.0","CANNANORE, IN","12",",I","5",",I","0",",I","19080914",",,I","13.2",",,I,14,","56.0",",,,I"
"IN010020200","1908-10","11.87","75.37","12.0","CANNANORE, IN","11",",I","9",",I","2",",I","19081029",",,I","45.5",",,I,29,","133.1",",,,I"
"IN010020200","1908-11","11.87","75.37","12.0","CANNANORE, IN","1",",I","1",",I","0",",I","19081107",",,I","15.2",",,I,07,","15.2",",,,I"
"IN010020200","1908-12","11.87","75.37","12.0","CANNANORE, IN","1",",I","1",",I","0",",I","19081226",",,I","6.9",",,I,26,","6.9",",,,I"
"IN010020200","1909-01","11.87","75.37","12.0","CANNANORE, IN","3",",I","3",",I","0",",I","19090101",",,I","10.9",",,I,01,","31.8",",,,I"
"IN010020200","1909-02","11.87","75.37","12.0","CANNANORE, IN","0",",I","0",",I","0",",I","19090228","+,,I","0.0",",,I,28,+","0.0",",,,I"
"IN010020200","1909-03","11.87","75.37","12.0","CANNANORE, IN","0",",I","0",",I","0",",I","19090331","+,,I","0.0",",,I,31,+","0.0",",,,I"
"IN010020200","1909-04","11.87","75.37","12.0","CANNANORE, IN","3",",I","2",",I","0",",I","19090403",",,I","15.2",",,I,03,","20.8",",,,I"
"IN010020200","1909-05","11.87","75.37","12.0","CANNANORE, IN","11",",I","8",",I","6",",I","19090507",",,I","273.1",",,I,07,","780.9",",,,I"
"IN010020200","1909-06","11.87","75.37","12.0","CANNANORE, IN","27",",I","23",",I","12",",I","19090605",",,I","108.0",",,I,05,","783.6",",,,I"
"IN010020200","1909-07","11.87","75.37","12.0","CANNANORE, IN","31",",I","31",",I","21",",I","19090705",",,I","128.3",",,I,05,","1407.4",",,,I"
"IN010020200","1909-08","11.87","75.37","12.0","CANNANORE, IN","21",",I","13",",I","5",",I","19090802",",,I","77.2",",,I,02,","311.2",",,,I"
"IN010020200","1909-09","11.87","75.37","12.0","CANNANORE, IN","21",",I","14",",I","2",",I","19090904",",,I","52.8",",,I,04,","234.2",",,,I"
"IN010020200","1909-10","11.87","75.37","12.0","CANNANORE, IN","10",",I","7",",I","1",",I","19091017",",,I","40.9",",,I,17,","96.2",",,,I"
"IN010020200","1909-11","11.87","75.37","12.0","CANNANORE, IN","6",",I","5",",I","2",",I","19091105",",,I","33.8",",,I,05,","84.6",",,,I"
"IN010020200","1909-12","11.87","75.37","12.0","CANNANORE, IN","1",",I","0",",I","0",",I","19091214",",,I","1.0",",,I,14,","1.0",",,,I"
"IN010020200","1910-01","11.87","75.37","12.0","CANNANORE, IN","0",",I","0",",I","0",",I","19100131","+,,I","0.0",",,I,31,+","0.0",",,,I"
"IN010020200","1910-02","11.87","75.37","12.0","CANNANORE, IN","0",",I","0",",I","0",",I","19100228","+,,I","0.0",",,I,28,+","0.0",",,,I"
"IN010020200","1910-03","11.87","75.37","12.0","CANNANORE, IN","0",",I","0",",I","0",",I","19100331","+,,I","0.0",",,I,31,+","0.0",",,,I"
"IN010020200","1910-04","11.87","75.37","12.0","CANNANORE, IN","4",",I","2",",I","0",",I","19100421",",,I","6.1",",,I,21,","12.7",",,,I"
"IN010020200","1910-05","11.87","75.37","12.0","CANNANORE, IN","10",",I","6",",I","3",",I","19100511",",,I","43.2",",,I,11,","141.2",",,,I"
"IN010020200","1910-06","11.87","75.37","12.0","CANNANORE, IN","27",",I","27",",I","20",",I","19100621",",,I","94.5",",,I,21,","1195.5",",,,I"
"IN010020200","1910-07","11.87","75.37","12.0","CANNANORE, IN","23",",I","17",",I","5",",I","19100704",",,I","95.3",",,I,04,","429.4",",,,I"
"IN010020200","1910-08","11.87","75.37","12.0","CANNANORE, IN","30",",I","20",",I","8",",I","19100810",",,I","74.2",",,I,10,","427.5",",,,I"
"IN010020200","1910-09","11.87","75.37","12.0","CANNANORE, IN","26",",I","20",",I","3",",I","19100904",",,I","42.9",",,I,04,","239.6",",,,I"
"IN010020200","1910-10","11.87","75.37","12.0","CANNANORE, IN","15",",I","12",",I","3",",I","19101015",",,I","48.0",",,I,15,","201.2",",,,I"
"IN010020200","1910-11","11.87","75.37","12.0","CANNANORE, IN","7",",I","6",",I","1",",I","19101125",",,I","35.6",",,I,25,","97.7",",,,I"
"IN010020200","1910-12","11.87","75.37","12.0","CANNANORE, IN","0",",I","0",",I","0",",I","19101231","+,,I","0.0",",,I,31,+","0.0",",,,I"
"IN010020200","1911-01","11.87","75.37","12.0","CANNANORE, IN","0",",I","0",",I","0",",I","19110131","+,,I","0.0",",,I,31,+","0.0",",,,I"
"IN010020200","1911-02","11.87","75.37","12.0","CANNANORE, IN","0",",I","0",",I","0",",I","19110228","+,,I","0.0",",,I,28,+","0.0",",,,I"
"IN010020200","1911-03","11.87","75.37","12.0","CANNANORE, IN","0",",I","0",",I","0",",I","19110331","+,,I","0.0",",,I,31,+","0.0",",,,I"
"IN010020200","1911-04","11.87","75.37","12.0","CANNANORE, IN","0",",I","0",",I","0",",I","19110430","+,,I","0.0",",,I,30,+","0.0",",,,I"
"IN010020200","1911-05","11.87","75.37","12.0","CANNANORE, IN","11",",I","10",",I","2",",I","19110523",",,I","27.7",",,I,23,","106.3",",,,I"
"IN010020200","1911-06","11.87","75.37","12.0","CANNANORE, IN","22",",I","21",",I","15",",I","19110618",",,I","155.4",",,I,18,","1164.7",",,,I"
"IN010020200","1911-07","11.87","75.37","12.0","CANNANORE, IN","29",",I","26",",I","8",",I","19110719",",,I","111.8",",,I,19,","638.5",",,,I"
"IN010020200","1911-08","11.87","75.37","12.0","CANNANORE, IN","23",",I","14",",I","2",",I","19110822",",,I","97.8",",,I,22,","299.3",",,,I"
"IN010020200","1911-09","11.87","75.37","12.0","CANNANORE, IN","6",",I","2",",I","0",",I","19110924",",,I","4.8",",,I,24,","11.7",",,,I"
"IN010020200","1911-10","11.87","75.37","12.0","CANNANORE, IN","11",",I","10",",I","3",",I","19111006",",,I","61.5",",,I,06,","216.0",",,,I"
"IN010020200","1911-11","11.87","75.37","12.0","CANNANORE, IN","7",",I","5",",I","1",",I","19111123",",,I","59.4",",,I,23,","99.8",",,,I"
"IN010020200","1911-12","11.87","75.37","12.0","CANNANORE, IN","3",",I","1",",I","1",",I","19111207",",,I","60.5",",,I,07,","61.6",",,,I"
"IN010020200","1912-01","11.87","75.37","12.0","CANNANORE, IN","0",",I","0",",I","0",",I","19120131","+,,I","0.0",",,I,31,+","0.0",",,,I"
"IN010020200","1912-02","11.87","75.37","12.0","CANNANORE, IN","0",",I","0",",I","0",",I","19120229","+,,I","0.0",",,I,29,+","0.0",",,,I"
"IN010020200","1912-03","11.87","75.37","12.0","CANNANORE, IN","1",",I","1",",I","0",",I","19120325",",,I","3.3",",,I,25,","3.3",",,,I"
"IN010020200","1912-04","11.87","75.37","12.0","CANNANORE, IN","6",",I","4",",I","0",",I","19120429",",,I","13.5",",,I,29,","48.1",",,,I"
"IN010020200","1912-05","11.87","75.37","12.0","CANNANORE, IN","13",",I","9",",I","5",",I","19120502",",,I","95.3",",,I,02,","249.3",",,,I"
"IN010020200","1912-06","11.87","75.37","12.0","CANNANORE, IN","29",",I","29",",I","15",",I","19120620",",,I","161.0",",,I,20,","1304.4",",,,I"
"IN010020200","1912-07","11.87","75.37","12.0","CANNANORE, IN","31",",I","31",",I","13",",I","19120725",",,I","115.8",",,I,25,","1024.0",",,,I"
"IN010020200","1912-08","11.87","75.37","12.0","CANNANORE, IN","31",",I","27",",I","14",",I","19120818",",,I","190.5",",,I,18,","958.8",",,,I"
"IN010020200","1912-09","11.87","75.37","12.0","CANNANORE, IN","13",",I","10",",I","1",",I","19120929",",,I","35.8",",,I,29,","115.4",",,,I"
"IN010020200","1912-10","11.87","75.37","12.0","CANNANORE, IN","18",",I","13",",I","4",",I","19121003",",,I","90.7",",,I,03,","325.1",",,,I"
"IN010020200","1912-11","11.87","75.37","12.0","CANNANORE, IN","5",",I","5",",I","1",",I","19121121",",,I","26.2",",,I,21,","40.6",",,,I"
"IN010020200","1912-12","11.87","75.37","12.0","CANNANORE, IN","0",",I","0",",I","0",",I","19121231","+,,I","0.0",",,I,31,+","0.0",",,,I"
"IN010020200","1913-01","11.87","75.37","12.0","CANNANORE, IN","0",",I","0",",I","0",",I","19130131","+,,I","0.0",",,I,31,+","0.0",",,,I"
"IN010020200","1913-02","11.87","75.37","12.0","CANNANORE, IN","0",",I","0",",I","0",",I","19130228","+,,I","0.0",",,I,28,+","0.0",",,,I"
"IN010020200","1913-03","11.87","75.37","12.0","CANNANORE, IN","0",",I","0",",I","0",",I","19130331","+,,I","0.0",",,I,31,+","0.0",",,,I"
"IN010020200","1913-04","11.87","75.37","12.0","CANNANORE, IN","3",",I","2",",I","0",",I","19130428",",,I","19.6",",,I,28,","25.7",",,,I"
"IN010020200","1913-05","11.87","75.37","12.0","CANNANORE, IN","13",",I","12",",I","5",",I","19130505",",,I","94.5",",,I,05,","309.4",",,,I"
"IN010020200","1913-06","11.87","75.37","12.0","CANNANORE, IN","26",",I","23",",I","9",",I","19130607",",,I","111.8",",,I,07,","640.4",",,,I"
"IN010020200","1913-07","11.87","75.37","12.0","CANNANORE, IN","28",",I","26",",I","12",",I","19130715",",,I","95.3",",,I,15,","785.4",",,,I"
"IN010020200","1913-08","11.87","75.37","12.0","CANNANORE, IN","24",",I","17",",I","2",",I","19130821",",,I","56.4",",,I,21,","254.1",",,,I"
"IN010020200","1913-09","11.87","75.37","12.0","CANNANORE, IN","11",",I","8",",I","4",",I","19130922",",,I","70.4",",,I,22,","194.7",",,,I"
"IN010020200","1913-10","11.87","75.37","12.0","CANNANORE, IN","17",",I","16",",I","8",",I","19131012",",,I","68.8",",,I,12,","441.1",",,,I"
"IN010020200","1913-11","11.87","75.37","12.0","CANNANORE, IN","3",",I","0",",I","0",",I","19131101",",,I","1.5",",,I,01,","3.1",",,,I"
"IN010020200","1913-12","11.87","75.37","12.0","CANNANORE, IN","3",",I","2",",I","2",",I","19131205",",,I","33.0",",,I,05,","58.9",",,,I"
"IN010020200","1914-01","11.87","75.37","12.0","CANNANORE, IN","0",",I","0",",I","0",",I","19140131","+,,I","0.0",",,I,31,+","0.0",",,,I"
"IN010020200","1914-02","11.87","75.37","12.0","CANNANORE, IN","0",",I","0",",I","0",",I","19140228","+,,I","0.0",",,I,28,+","0.0",",,,I"
"IN010020200","1914-03","11.87","75.37","12.0","CANNANORE, IN","0",",I","0",",I","0",",I","19140331","+,,I","0.0",",,I,31,+","0.0",",,,I"
"IN010020200","1914-04","11.87","75.37","12.0","CANNANORE, IN","0",",I","0",",I","0",",I","19140430","+,,I","0.0",",,I,30,+","0.0",",,,I"
"IN010020200","1914-05","11.87","75.37","12.0","CANNANORE, IN","7",",I","4",",I","0",",I","19140510",",,I","13.0",",,I,10,","36.5",",,,I"
"IN010020200","1914-06","11.87","75.37","12.0","CANNANORE, IN","25",",I","24",",I","12",",I","19140605",",,I","85.9",",,I,05,","788.6",",,,I"
"IN010020200","1914-07","11.87","75.37","12.0","CANNANORE, IN","31",",I","31",",I","21",",I","19140725",",,I","149.9",",,I,25,","1300.3",",,,I"
"IN010020200","1914-08","11.87","75.37","12.0","CANNANORE, IN","28",",I","24",",I","7",",I","19140818",",,I","83.1",",,I,18,","597.3",",,,I"
"IN010020200","1914-09","11.87","75.37","12.0","CANNANORE, IN","16",",I","15",",I","2",",I","19140906",",,I","49.5",",,I,06,","240.8",",,,I"
"IN010020200","1914-10","11.87","75.37","12.0","CANNANORE, IN","21",",I","14",",I","3",",I","19141025",",,I","114.8",",,I,25,","315.6",",,,I"
"IN010020200","1914-11","11.87","75.37","12.0","CANNANORE, IN","4",",I","2",",I","1",",I","19141103",",,I","50.3",",,I,03,","58.7",",,,I"
"IN010020200","1914-12","11.87","75.37","12.0","CANNANORE, IN","9",",I","2",",I","0",",I","19141207",",,I","17.0",",,I,07,","28.3",",,,I"
"IN010020200","1915-01","11.87","75.37","12.0","CANNANORE, IN","0",",I","0",",I","0",",I","19150131","+,,I","0.0",",,I,31,+","0.0",",,,I"
"IN010020200","1915-02","11.87","75.37","12.0","CANNANORE, IN","1",",I","0",",I","0",",I","19150226",",,I","1.3",",,I,26,","1.3",",,,I"
"IN010020200","1915-03","11.87","75.37","12.0","CANNANORE, IN","1",",I","1",",I","0",",I","19150302",",,I","2.5",",,I,02,","2.5",",,,I"
"IN010020200","1915-04","11.87","75.37","12.0","CANNANORE, IN","4",",I","1",",I","0",",I","19150416",",,I","6.6",",,I,16,","9.7",",,,I"
"IN010020200","1915-05","11.87","75.37","12.0","CANNANORE, IN","14",",I","7",",I","0",",I","19150516",",,I","24.1",",,I,16,","93.5",",,,I"
"IN010020200","1915-06","11.87","75.37","12.0","CANNANORE, IN","23",",I","20",",I","10",",I","19150624",",,I","145.0",",,I,24,","734.9",",,,I"
"IN010020200","1915-07","11.87","75.37","12.0","CANNANORE, IN","25",",I","20",",I","14",",I","19150721",",,I","217.2",",,I,21,","895.6",",,,I"
"IN010020200","1915-08","11.87","75.37","12.0","CANNANORE, IN","20",",I","17",",I","5",",I","19150805",",,I","119.9",",,I,05,","429.8",",,,I"
"IN010020200","1915-09","11.87","75.37","12.0","CANNANORE, IN","19",",I","17",",I","7",",I","19150930",",,I","59.7",",,I,30,","408.9",",,,I"
"IN010020200","1915-10","11.87","75.37","12.0","CANNANORE, IN","14",",I","9",",I","1",",I","19151005",",,I","33.0",",,I,05,","117.2",",,,I"
"IN010020200","1915-11","11.87","75.37","12.0","CANNANORE, IN","12",",I","8",",I","1",",I","19151127",",,I","39.9",",,I,27,","121.8",",,,I"
"IN010020200","1915-12","11.87","75.37","12.0","CANNANORE, IN","1",",I","0",",I","0",",I","19151226",",,I","0.8",",,I,26,","0.8",",,,I"
"IN010020200","1916-01","11.87","75.37","12.0","CANNANORE, IN","0",",I","0",",I","0",",I","19160131","+,,I","0.0",",,I,31,+","0.0",",,,I"
"IN010020200","1916-02","11.87","75.37","12.0","CANNANORE, IN","0",",I","0",",I","0",",I","19160229","+,,I","0.0",",,I,29,+","0.0",",,,I"
"IN010020200","1916-03","11.87","75.37","12.0","CANNANORE, IN","1",",I","0",",I","0",",I","19160329",",,I","0.8",",,I,29,","0.8",",,,I"
"IN010020200","1916-04","11.87","75.37","12.0","CANNANORE, IN","2",",I","2",",I","0",",I","19160410",",,I","7.4",",,I,10,","12.0",",,,I"
"IN010020200","1916-05","11.87","75.37","12.0","CANNANORE, IN","15",",I","9",",I","2",",I","19160521",",,I","30.2",",,I,21,","163.3",",,,I"
"IN010020200","1916-06","11.87","75.37","12.0","CANNANORE, IN","30",",I","30",",I","22",",I","19160620",",,I","131.8",",,I,20,","1392.7",",,,I"
"IN010020200","1916-07","11.87","75.37","12.0","CANNANORE, IN","30",",I","22",",I","8",",I","19160726",",,I","81.0",",,I,26,","553.0",",,,I"
"IN010020200","1916-08","11.87","75.37","12.0","CANNANORE, IN","25",",I","20",",I","3",",I","19160807",",,I","60.5",",,I,07,","362.2",",,,I"
"IN010020200","1916-09","11.87","75.37","12.0","CANNANORE, IN","26",",I","23",",I","3",",I","19160919",",,I","69.9",",,I,19,","362.5",",,,I"
"IN010020200","1916-10","11.87","75.37","12.0","CANNANORE, IN","20",",I","18",",I","5",",I","19161018",",,I","110.7",",,I,18,","430.4",",,,I"
"IN010020200","1916-11","11.87","75.37","12.0","CANNANORE, IN","10",",I","6",",I","0",",I","19161101",",,I","23.6",",,I,01,","81.3",",,,I"
"IN010020200","1916-12","11.87","75.37","12.0","CANNANORE, IN","1",",I","1",",I","0",",I","19161204",",,I","4.6",",,I,04,","4.6",",,,I"
"IN010020200","1917-01","11.87","75.37","12.0","CANNANORE, IN","0",",I","0",",I","0",",I","19170131","+,,I","0.0",",,I,31,+","0.0",",,,I"
"IN010020200","1917-02","11.87","75.37","12.0","CANNANORE, IN","4",",I","3",",I","2",",I","19170204",",,I","87.1",",,I,04,","121.1",",,,I"
"IN010020200","1917-03","11.87","75.37","12.0","CANNANORE, IN","0",",I","0",",I","0",",I","19170331","+,,I","0.0",",,I,31,+","0.0",",,,I"
"IN010020200","1917-04","11.87","75.37","12.0","CANNANORE, IN","3",",I","0",",I","0",",I","19170404",",,I","2.0",",,I,04,","4.3",",,,I"
"IN010020200","1917-05","11.87","75.37","12.0","CANNANORE, IN","2",",I","1",",I","1",",I","19170530",",,I","67.3",",,I,30,","68.1",",,,I"
"IN010020200","1917-06","11.87","75.37","12.0","CANNANORE, IN","30",",I","27",",I","18",",I","19170614",",,I","91.7",",,I,14,","974.2",",,,I"
"IN010020200","1917-07","11.87","75.37","12.0","CANNANORE, IN","23",",I","18",",I","9",",I","19170721",",,I","76.7",",,I,21,","493.1",",,,I"
"IN010020200","1917-08","11.87","75.37","12.0","CANNANORE, IN","28",",I","22",",I","4",",I","19170808",",,I","52.1",",,I,08,","376.2",",,,I"
"IN010020200","1917-09","11.87","75.37","12.0","CANNANORE, IN","22",",I","16",",I","3",",I","19170929",",,I","68.8",",,I,29,","313.6",",,,I"
"IN010020200","1917-10","11.87","75.37","12.0","CANNANORE, IN","20",",I","17",",I","6",",I","19171022",",,I","56.4",",,I,22,","351.2",",,,I"
"IN010020200","1917-11","11.87","75.37","12.0","CANNANORE, IN","11",",I","6",",I","1",",I","19171127",",,I","26.2",",,I,27,","82.3",",,,I"
"IN010020200","1917-12","11.87","75.37","12.0","CANNANORE, IN","0",",I","0",",I","0",",I","19171231","+,,I","0.0",",,I,31,+","0.0",",,,I"
"IN010020200","1918-01","11.87","75.37","12.0","CANNANORE, IN","1",",I","0",",I","0",",I","19180127",",,I","0.5",",,I,27,","0.5",",,,I"
"IN010020200","1918-02","11.87","75.37","12.0","CANNANORE, IN","2",",I","1",",I","0",",I","19180223",",,I","6.4",",,I,23,","7.9",",,,I"
"IN010020200","1918-03","11.87","75.37","12.0","CANNANORE, IN","2",",I","2",",I","0",",I","19180329",",,I","3.6",",,I,29,","6.1",",,,I"
"IN010020200","1918-04","11.87","75.37","12.0","CANNANORE, IN","0",",I","0",",I","0",",I","19180430","+,,I","0.0",",,I,30,+","0.0",",,,I"
"IN010020200","1918-05","11.87","75.37","12.0","CANNANORE, IN","24",",I","22",",I","12",",I","19180517",",,I","119.9",",,I,17,","789.0",",,,I"
"IN010020200","1918-06","11.87","75.37","12.0","CANNANORE, IN","28",",I","27",",I","9",",I","19180628",",,I","81.8",",,I,28,","712.9",",,,I"
"IN010020200","1918-07","11.87","75.37","12.0","CANNANORE, IN","18",",I","16",",I","4",",I","19180701",",,I","48.3",",,I,01,","232.6",",,,I"
"IN010020200","1918-08","11.87","75.37","12.0","CANNANORE, IN","27",",I","25",",I","3",",I","19180810",",,I","54.1",",,I,10,","358.4",",,,I"
"IN010020200","1918-09","11.87","75.37","12.0","CANNANORE, IN","13",",I","9",",I","1",",I","19180928",",,I","104.9",",,I,28,","171.4",",,,I"
"IN010020200","1918-10","11.87","75.37","12.0","CANNANORE, IN","15",",I","7",",I","1",",I","19181019",",,I","86.4",",,I,19,","147.6",",,,I"
"IN010020200","1918-11","11.87","75.37","12.0","CANNANORE, IN","17",",I","12",",I","2",",I","19181122",",,I","82.6",",,I,22,","227.0",",,,I"
"IN010020200","1918-12","11.87","75.37","12.0","CANNANORE, IN","1",",I","1",",I","0",",I","19181204",",,I","2.5",",,I,04,","2.5",",,,I"
"IN010020200","1919-01","11.87","75.37","12.0","CANNANORE, IN","0",",I","0",",I","0",",I","19190131","+,,I","0.0",",,I,31,+","0.0",",,,I"
"IN010020200","1919-02","11.87","75.37","12.0","CANNANORE, IN","0",",I","0",",I","0",",I","19190228","+,,I","0.0",",,I,28,+","0.0",",,,I"
"IN010020200","1919-03","11.87","75.37","12.0","CANNANORE, IN","0",",I","0",",I","0",",I","19190331","+,,I","0.0",",,I,31,+","0.0",",,,I"
"IN010020200","1919-04","11.87","75.37","12.0","CANNANORE, IN","1",",I","0",",I","0",",I","19190422",",,I","1.5",",,I,22,","1.5",",,,I"
"IN010020200","1919-05","11.87","75.37","12.0","CANNANORE, IN","13",",I","10",",I","3",",I","19190530",",,I","40.1",",,I,30,","196.1",",,,I"
"IN010020200","1919-06","11.87","75.37","12.0","CANNANORE, IN","28",",I","24",",I","9",",I","19190627",",,I","78.2",",,I,27,","629.2",",,,I"
"IN010020200","1919-07","11.87","75.37","12.0","CANNANORE, IN","28",",I","24",",I","12",",I","19190710",",,I","201.9",",,I,10,","833.7",",,,I"
"IN010020200","1919-08","11.87","75.37","12.0","CANNANORE, IN","28",",I","25",",I","10",",I","19190802",",,I","76.7",",,I,02,","624.0",",,,I"
"IN010020200","1919-09","11.87","75.37","12.0","CANNANORE, IN","16",",I","12",",I","4",",I","19190926",",,I","110.5",",,I,26,","343.6",",,,I"
"IN010020200","1919-10","11.87","75.37","12.0","CANNANORE, IN","14",",I","9",",I","3",",I","19191001",",,I","62.2",",,I,01,","179.5",",,,I"
"IN010020200","1919-11","11.87","75.37","12.0","CANNANORE, IN","14",",I","9",",I","3",",I","19191103",",,I","78.7",",,I,03,","208.4",",,,I"
"IN010020200","1919-12","11.87","75.37","12.0","CANNANORE, IN","3",",I","3",",I","0",",I","19191208",",,I","9.9",",,I,08,","19.5",",,,I"
"IN010020200","1920-01","11.87","75.37","12.0","CANNANORE, IN","1",",I","1",",I","0",",I","19200128",",,I","8.1",",,I,28,","8.1",",,,I"
"IN010020200","1920-02","11.87","75.37","12.0","CANNANORE, IN","0",",I","0",",I","0",",I","19200229","+,,I","0.0",",,I,29,+","0.0",",,,I"
"IN010020200","1920-03","11.87","75.37","12.0","CANNANORE, IN","0",",I","0",",I","0",",I","19200331","+,,I","0.0",",,I,31,+","0.0",",,,I"
"IN010020200","1920-04","11.87","75.37","12.0","CANNANORE, IN","5",",I","5",",I","0",",I","19200424",",,I","15.7",",,I,24,","34.2",",,,I"
"IN010020200","1920-05","11.87","75.37","12.0","CANNANORE, IN","5",",I","4",",I","2",",I","19200531",",,I","54.4",",,I,31,","103.7",",,,I"
"IN010020200","1920-06","11.87","75.37","12.0","CANNANORE, IN","26",",I","26",",I","16",",I","19200623",",,I","244.6",",,I,23,","1670.3",",,,I"
"IN010020200","1920-07","11.87","75.37","12.0","CANNANORE, IN","31",",I","31",",I","16",",I","19200710",",,I","119.4",",,I,10,","1156.6",",,,I"
"IN010020200","1920-08","11.87","75.37","12.0","CANNANORE, IN","26",",I","19",",I","3",",I","19200801",",,I","43.2",",,I,01,","298.1",",,,I"
"IN010020200","1920-09","11.87","75.37","12.0","CANNANORE, IN","15",",I","11",",I","0",",I","19200928",",,I","18.0",",,I,28,","96.6",",,,I"
"IN010020200","1920-10","11.87","75.37","12.0","CANNANORE, IN","13",",I","9",",I","4",",I","19201009",",,I","78.7",",,I,09,","279.6",",,,I"
"IN010020200","1920-11","11.87","75.37","12.0","CANNANORE, IN","7",",I","7",",I","2",",I","19201124",",,I","83.3",",,I,24,","194.7",",,,I"
"IN010020200","1920-12","11.87","75.37","12.0","CANNANORE, IN","0",",I","0",",I","0",",I","19201231","+,,I","0.0",",,I,31,+","0.0",",,,I"
"IN010020200","1921-01","11.87","75.37","12.0","CANNANORE, IN","4",",I","2",",I","0",",I","19210122",",,I","9.4",",,I,22,","13.5",",,,I"
"IN010020200","1921-02","11.87","75.37","12.0","CANNANORE, IN","0",",I","0",",I","0",",I","19210228","+,,I","0.0",",,I,28,+","0.0",",,,I"
"IN010020200","1921-03","11.87","75.37","12.0","CANNANORE, IN","0",",I","0",",I","0",",I","19210331","+,,I","0.0",",,I,31,+","0.0",",,,I"
"IN010020200","1921-04","11.87","75.37","12.0","CANNANORE, IN","9",",I","6",",I","1",",I","19210412",",,I","33.0",",,I,12,","77.2",",,,I"
"IN010020200","1921-05","11.87","75.37","12.0","CANNANORE, IN","7",",I","5",",I","1",",I","19210526",",,I","34.3",",,I,26,","71.8",",,,I"
"IN010020200","1921-06","11.87","75.37","12.0","CANNANORE, IN","24",",I","21",",I","11",",I","19210615",",,I","74.2",",,I,15,","681.4",",,,I"
"IN010020200","1921-07","11.87","75.37","12.0","CANNANORE, IN","28",",I","23",",I","11",",I","19210730",",,I","105.9",",,I,30,","700.3",",,,I"
"IN010020200","1921-08","11.87","75.37","12.0","CANNANORE, IN","25",",I","23",",I","12",",I","19210801",",,I","123.2",",,I,01,","947.1",",,,I"
"IN010020200","1921-09","11.87","75.37","12.0","CANNANORE, IN","18",",I","13",",I","0",",I","19210906",",,I","22.9",",,I,06,","148.1",",,,I"
"IN010020200","1921-10","11.87","75.37","12.0","CANNANORE, IN","11",",I","10",",I","3",",I","19211015",",,I","30.5",",,I,15,","178.2",",,,I"
"IN010020200","1921-11","11.87","75.37","12.0","CANNANORE, IN","6",",I","6",",I","2",",I","19211101",",,I","100.3",",,I,01,","188.7",",,,I"
"IN010020200","1921-12","11.87","75.37","12.0","CANNANORE, IN","0",",I","0",",I","0",",I","19211231","+,,I","0.0",",,I,31,+","0.0",",,,I"
"IN010020200","1922-01","11.87","75.37","12.0","CANNANORE, IN","0",",I","0",",I","0",",I","19220131","+,,I","0.0",",,I,31,+","0.0",",,,I"
"IN010020200","1922-02","11.87","75.37","12.0","CANNANORE, IN","0",",I","0",",I","0",",I","19220228","+,,I","0.0",",,I,28,+","0.0",",,,I"
"IN010020200","1922-03","11.87","75.37","12.0","CANNANORE, IN","0",",I","0",",I","0",",I","19220331","+,,I","0.0",",,I,31,+","0.0",",,,I"
"IN010020200","1922-04","11.87","75.37","12.0","CANNANORE, IN","9",",I","4",",I","1",",I","19220429",",,I","46.0",",,I,29,","78.6",",,,I"
"IN010020200","1922-05","11.87","75.37","12.0","CANNANORE, IN","14",",I","11",",I","2",",I","19220528",",,I","45.7",",,I,28,","211.1",",,,I"
"IN010020200","1922-06","11.87","75.37","12.0","CANNANORE, IN","29",",I","26",",I","12",",I","19220628",",,I","128.3",",,I,28,","917.0",",,,I"
"IN010020200","1922-07","11.87","75.37","12.0","CANNANORE, IN","31",",I","29",",I","17",",I","19220708",",,I","271.8",",,I,08,","1656.9",",,,I"
"IN010020200","1922-08","11.87","75.37","12.0","CANNANORE, IN","29",",I","26",",I","5",",I","19220816",",,I","57.2",",,I,16,","402.4",",,,I"
"IN010020200","1922-09","11.87","75.37","12.0","CANNANORE, IN","22",",I","18",",I","1",",I","19220915",",,I","26.7",",,I,15,","201.2",",,,I"
"IN010020200","1922-10","11.87","75.37","12.0","CANNANORE, IN","13",",I","10",",I","2",",I","19221004",",,I","34.3",",,I,04,","127.1",",,,I"
"IN010020200","1922-11","11.87","75.37","12.0","CANNANORE, IN","12",",I","11",",I","3",",I","19221113",",,I","64.0",",,I,13,","205.4",",,,I"
"IN010020200","1922-12","11.87","75.37","12.0","CANNANORE, IN","2",",I","0",",I","0",",I","19221202",",,I","1.8",",,I,02,","3.1",",,,I"
"IN010020200","1923-01","11.87","75.37","12.0","CANNANORE, IN","2",",I","0",",I","0",",I","19230112",",,I","2.0",",,I,12,","2.5",",,,I"
"IN010020200","1923-02","11.87","75.37","12.0","CANNANORE, IN","0",",I","0",",I","0",",I","19230228","+,,I","0.0",",,I,28,+","0.0",",,,I"
"IN010020200","1923-03","11.87","75.37","12.0","CANNANORE, IN","5",",I","4",",I","0",",I","19230316",",,I","13.7",",,I,16,","32.8",",,,I"
"IN010020200","1923-04","11.87","75.37","12.0","CANNANORE, IN","1",",I","0",",I","0",",I","19230413",",,I","1.0",",,I,13,","1.0",",,,I"
"IN010020200","1923-05","11.87","75.37","12.0","CANNANORE, IN","4",",I","3",",I","2",",I","19230526",",,I","71.1",",,I,26,","102.6",",,,I"
"IN010020200","1923-06","11.87","75.37","12.0","CANNANORE, IN","23",",I","22",",I","12",",I","19230619",",,I","132.8",",,I,19,","810.0",",,,I"
"IN010020200","1923-07","11.87","75.37","12.0","CANNANORE, IN","30",",I","30",",I","18",",I","19230724",",,I","165.1",",,I,24,","1259.0",",,,I"
"IN010020200","1923-08","11.87","75.37","12.0","CANNANORE, IN","30",",I","25",",I","17",",I","19230815",",,I","143.0",",,I,15,","1292.0",",,,I"
"IN010020200","1923-09","11.87","75.37","12.0","CANNANORE, IN","19",",I","14",",I","1",",I","19230922",",,I","60.5",",,I,22,","191.8",",,,I"
"IN010020200","1923-10","11.87","75.37","12.0","CANNANORE, IN","9",",I","7",",I","0",",I","19231018",",,I","22.9",",,I,18,","70.1",",,,I"
"IN010020200","1923-11","11.87","75.37","12.0","CANNANORE, IN","2",",I","2",",I","1",",I","19231103",",,I","53.1",",,I,03,","67.8",",,,I"
"IN010020200","1923-12","11.87","75.37","12.0","CANNANORE, IN","2",",I","1",",I","0",",I","19231203",",,I","3.6",",,I,03,","4.1",",,,I"
"IN010020200","1924-01","11.87","75.37","12.0","CANNANORE, IN","1",",I","0",",I","0",",I","19240109",",,I","0.8",",,I,09,","0.8",",,,I"
"IN010020200","1924-02","11.87","75.37","12.0","CANNANORE, IN","0",",I","0",",I","0",",I","19240229","+,,I","0.0",",,I,29,+","0.0",",,,I"
"IN010020200","1924-03","11.87","75.37","12.0","CANNANORE, IN","1",",I","1",",I","1",",I","19240322",",,I","41.4",",,I,22,","41.4",",,,I"
"IN010020200","1924-04","11.87","75.37","12.0","CANNANORE, IN","8",",I","8",",I","1",",I","19240402",",,I","31.2",",,I,02,","86.9",",,,I"
"IN010020200","1924-05","11.87","75.37","12.0","CANNANORE, IN","12",",I","10",",I","2",",I","19240518",",,I","36.8",",,I,18,","131.4",",,,I"
"IN010020200","1924-06","11.87","75.37","12.0","CANNANORE, IN","30",",I","27",",I","17",",I","19240604",",,I","359.7",",,I,04,","1374.0",",,,I"
"IN010020200","1924-07","11.87","75.37","12.0","CANNANORE, IN","31",",I","30",",I","20",",I","19240717",",,I","262.9",",,I,17,","1741.8",",,,I"
"IN010020200","1924-08","11.87","75.37","12.0","CANNANORE, IN","28",",I","24",",I","9",",I","19240816",",,I","88.9",",,I,16,","672.7",",,,I"
"IN010020200","1924-09","11.87","75.37","12.0","CANNANORE, IN","14",",I","11",",I","2",",I","19240903",",,I","44.5",",,I,03,","166.1",",,,I"
"IN010020200","1924-10","11.87","75.37","12.0","CANNANORE, IN","7",",I","7",",I","1",",I","19241027",",,I","31.0",",,I,27,","69.1",",,,I"
"IN010020200","1924-11","11.87","75.37","12.0","CANNANORE, IN","6",",I","6",",I","0",",I","19241105","+,,I","12.7",",,I,05,+","46.6",",,,I"
"IN010020200","1924-12","11.87","75.37","12.0","CANNANORE, IN","0",",I","0",",I","0",",I","19241231","+,,I","0.0",",,I,31,+","0.0",",,,I"
"IN010020200","1925-01","11.87","75.37","12.0","CANNANORE, IN","0",",I","0",",I","0",",I","19250131","+,,I","0.0",",,I,31,+","0.0",",,,I"
"IN010020200","1925-02","11.87","75.37","12.0","CANNANORE, IN","0",",I","0",",I","0",",I","19250228","+,,I","0.0",",,I,28,+","0.0",",,,I"
"IN010020200","1925-03","11.87","75.37","12.0","CANNANORE, IN","2",",I","2",",I","1",",I","19250318",",,I","74.4",",,I,18,","78.5",",,,I"
"IN010020200","1925-04","11.87","75.37","12.0","CANNANORE, IN","8",",I","5",",I","0",",I","19250423",",,I","8.9",",,I,23,","27.0",",,,I"
"IN010020200","1925-05","11.87","75.37","12.0","CANNANORE, IN","15",",I","14",",I","2",",I","19250530",",,I","73.2",",,I,30,","205.4",",,,I"
"IN010020200","1925-06","11.87","75.37","12.0","CANNANORE, IN","24",",I","21",",I","12",",I","19250626",",,I","134.6",",,I,26,","1110.5",",,,I"
"IN010020200","1925-07","11.87","75.37","12.0","CANNANORE, IN","24",",I","22",",I","12",",I","19250718",",,I","177.8",",,I,18,","1083.1",",,,I"
"IN010020200","1925-08","11.87","75.37","12.0","CANNANORE, IN","29",",I","26",",I","12",",I","19250808",",,I","87.6",",,I,08,","849.6",",,,I"
"IN010020200","1925-09","11.87","75.37","12.0","CANNANORE, IN","6",",I","5",",I","2",",I","19250929",",,I","134.6",",,I,29,","230.9",",,,I"
"IN010020200","1925-10","11.87","75.37","12.0","CANNANORE, IN","22",",I","16",",I","4",",I","19251009",",,I","50.5",",,I,09,","278.7",",,,I"
"IN010020200","1925-11","11.87","75.37","12.0","CANNANORE, IN","4",",I","3",",I","2",",I","19251111",",,I","94.0",",,I,11,","146.0",",,,I"
"IN010020200","1925-12","11.87","75.37","12.0","CANNANORE, IN","6",",I","6",",I","1",",I","19251210",",,I","27.9",",,I,10,","91.0",",,,I"
"IN010020200","1926-01","11.87","75.37","12.0","CANNANORE, IN","2",",I","2",",I","0",",I","19260127",",,I","10.2",",,I,27,","12.7",",,,I"
"IN010020200","1926-02","11.87","75.37","12.0","CANNANORE, IN","0",",I","0",",I","0",",I","19260228","+,,I","0.0",",,I,28,+","0.0",",,,I"
"IN010020200","1926-03","11.87","75.37","12.0","CANNANORE, IN","0",",I","0",",I","0",",I","19260331","+,,I","0.0",",,I,31,+","0.0",",,,I"
"IN010020200","1926-04","11.87","75.37","12.0","CANNANORE, IN","2",",I","1",",I","0",",I","19260421",",,I","9.4",",,I,21,","11.2",",,,I"
"IN010020200","1926-05","11.87","75.37","12.0","CANNANORE, IN","5",",I","4",",I","1",",I","19260521",",,I","49.8",",,I,21,","81.6",",,,I"
"IN010020200","1926-06","11.87","75.37","12.0","CANNANORE, IN","24",",I","20",",I","13",",I","19260624",",,I","144.3",",,I,24,","930.6",",,,I"
"IN010020200","1926-07","11.87","75.37","12.0","CANNANORE, IN","28",",I","27",",I","12",",I","19260708",",,I","132.1",",,I,08,","1042.7",",,,I"
"IN010020200","1926-08","11.87","75.37","12.0","CANNANORE, IN","29",",I","23",",I","8",",I","19260802",",,I","67.3",",,I,02,","484.9",",,,I"
"IN010020200","1926-09","11.87","75.37","12.0","CANNANORE, IN","20",",I","19",",I","3",",I","19260915",",,I","84.1",",,I,15,","311.2",",,,I"
"IN010020200","1926-10","11.87","75.37","12.0","CANNANORE, IN","13",",I","8",",I","2",",I","19261019",",,I","30.0",",,I,19,","135.4",",,,I"
"IN010020200","1926-11","11.87","75.37","12.0","CANNANORE, IN","6",",I","3",",I","1",",I","19261102",",,I","38.9",",,I,02,","70.9",",,,I"
"IN010020200","1926-12","11.87","75.37","12.0","CANNANORE, IN","0",",I","0",",I","0",",I","19261231","+,,I","0.0",",,I,31,+","0.0",",,,I"
"IN010020200","1927-01","11.87","75.37","12.0","CANNANORE, IN","0",",I","0",",I","0",",I","19270131","+,,I","0.0",",,I,31,+","0.0",",,,I"
"IN010020200","1927-02","11.87","75.37","12.0","CANNANORE, IN","0",",I","0",",I","0",",I","19270228","+,,I","0.0",",,I,28,+","0.0",",,,I"
"IN010020200","1927-03","11.87","75.37","12.0","CANNANORE, IN","2",",I","1",",I","0",",I","19270309",",,I","13.0",",,I,09,","15.3",",,,I"
"IN010020200","1927-04","11.87","75.37","12.0","CANNANORE, IN","3",",I","3",",I","1",",I","19270429",",,I","36.6",",,I,29,","53.9",",,,I"
"IN010020200","1927-05","11.87","75.37","12.0","CANNANORE, IN","11",",I","8",",I","4",",I","19270520",",,I","50.3",",,I,20,","232.8",",,,I"
"IN010020200","1927-06","11.87","75.37","12.0","CANNANORE, IN","27",",I","22",",I","12",",I","19270603",",,I","124.5",",,I,03,","807.5",",,,I"
"IN010020200","1927-07","11.87","75.37","12.0","CANNANORE, IN","31",",I","31",",I","20",",I","19270702",",,I","112.8",",,I,02,","1199.5",",,,I"
"IN010020200","1927-08","11.87","75.37","12.0","CANNANORE, IN","26",",I","20",",I","8",",I","19270813",",,I","67.3",",,I,13,","423.4",",,,I"
"IN010020200","1927-09","11.87","75.37","12.0","CANNANORE, IN","16",",I","13",",I","4",",I","19270918",",,I","78.0",",,I,18,","383.8",",,,I"
"IN010020200","1927-10","11.87","75.37","12.0","CANNANORE, IN","8",",I","7",",I","1",",I","19271001",",,I","37.3",",,I,01,","88.6",",,,I"
"IN010020200","1927-11","11.87","75.37","12.0","CANNANORE, IN","6",",I","4",",I","1",",I","19271109",",,I","26.7",",,I,09,","61.5",",,,I"
"IN010020200","1927-12","11.87","75.37","12.0","CANNANORE, IN","0",",I","0",",I","0",",I","19271231","+,,I","0.0",",,I,31,+","0.0",",,,I"
"IN010020200","1928-01","11.87","75.37","12.0","CANNANORE, IN","0",",I","0",",I","0",",I","19280131","+,,I","0.0",",,I,31,+","0.0",",,,I"
"IN010020200","1928-02","11.87","75.37","12.0","CANNANORE, IN","4",",I","4",",I","1",",I","19280207",",,I","44.2",",,I,07,","78.0",",,,I"
"IN010020200","1928-03","11.87","75.37","12.0","CANNANORE, IN","1",",I","1",",I","0",",I","19280331",",,I","6.4",",,I,31,","6.4",",,,I"
"IN010020200","1928-04","11.87","75.37","12.0","CANNANORE, IN","4",",I","3",",I","0",",I","19280426",",,I","5.1",",,I,26,","13.7",",,,I"
"IN010020200","1928-05","11.87","75.37","12.0","CANNANORE, IN","7",",I","5",",I","1",",I","19280516",",,I","68.6",",,I,16,","98.9",",,,I"
"IN010020200","1928-06","11.87","75.37","12.0","CANNANORE, IN","29",",I","23",",I","11",",I","19280605",",,I","104.9",",,I,05,","703.1",",,,I"
"IN010020200","1928-07","11.87","75.37","12.0","CANNANORE, IN","26",",I","21",",I","7",",I","19280710",",,I","83.3",",,I,10,","514.5",",,,I"
"IN010020200","1928-08","11.87","75.37","12.0","CANNANORE, IN","31",",I","29",",I","6",",I","19280802",",,I","113.8",",,I,02,","602.9",",,,I"
"IN010020200","1928-09","11.87","75.37","12.0","CANNANORE, IN","9",",I","6",",I","2",",I","19280917",",,I","31.8",",,I,17,","100.7",",,,I"
"IN010020200","1928-10","11.87","75.37","12.0","CANNANORE, IN","20",",I","12",",I","1",",I","19281020",",,I","34.5",",,I,20,","165.9",",,,I"
"IN010020200","1928-11","11.87","75.37","12.0","CANNANORE, IN","5",",I","4",",I","0",",I","19281114",",,I","20.6",",,I,14,","54.9",",,,I"
"IN010020200","1928-12","11.87","75.37","12.0","CANNANORE, IN","2",",I","2",",I","0",",I","19281204",",,I","18.5",",,I,04,","30.4",",,,I"
"IN010020200","1929-01","11.87","75.37","12.0","CANNANORE, IN","0",",I","0",",I","0",",I","19290131","+,,I","0.0",",,I,31,+","0.0",",,,I"
"IN010020200","1929-02","11.87","75.37","12.0","CANNANORE, IN","0",",I","0",",I","0",",I","19290228","+,,I","0.0",",,I,28,+","0.0",",,,I"
"IN010020200","1929-03","11.87","75.37","12.0","CANNANORE, IN","4",",I","2",",I","0",",I","19290325",",,I","6.6",",,I,25,","12.0",",,,I"
"IN010020200","1929-04","11.87","75.37","12.0","CANNANORE, IN","10",",I","5",",I","3",",I","19290410",",,I","46.2",",,I,10,","142.8",",,,I"
"IN010020200","1929-05","11.87","75.37","12.0","CANNANORE, IN","8",",I","6",",I","3",",I","19290531",",,I","35.1",",,I,31,","147.6",",,,I"
"IN010020200","1929-06","11.87","75.37","12.0","CANNANORE, IN","30",",I","27",",I","21",",I","19290625",",,I","111.3",",,I,25,","1231.9",",,,I"
"IN010020200","1929-07","11.87","75.37","12.0","CANNANORE, IN","31",",I","28",",I","13",",I","19290706",",,I","110.5",",,I,06,","882.9",",,,I"
"IN010020200","1929-08","11.87","75.37","12.0","CANNANORE, IN","29",",I","22",",I","4",",I","19290819",",,I","37.8",",,I,19,","362.0",",,,I"
"IN010020200","1929-09","11.87","75.37","12.0","CANNANORE, IN","14",",I","14",",I","4",",I","19290928",",,I","47.0",",,I,28,","270.9",",,,I"
"IN010020200","1929-10","11.87","75.37","12.0","CANNANORE, IN","15",",I","13",",I","6",",I","19291008",",,I","77.5",",,I,08,","401.7",",,,I"
"IN010020200","1929-11","11.87","75.37","12.0","CANNANORE, IN","4",",I","3",",I","0",",I","19291106",",,I","22.1",",,I,06,","39.3",",,,I"
"IN010020200","1929-12","11.87","75.37","12.0","CANNANORE, IN","0",",I","0",",I","0",",I","19291231","+,,I","0.0",",,I,31,+","0.0",",,,I"
"IN010020200","1930-01","11.87","75.37","12.0","CANNANORE, IN","1",",I","1",",I","0",",I","19300109",",,I","5.8",",,I,09,","5.8",",,,I"
"IN010020200","1930-02","11.87","75.37","12.0","CANNANORE, IN","0",",I","0",",I","0",",I","19300228","+,,I","0.0",",,I,28,+","0.0",",,,I"
"IN010020200","1930-03","11.87","75.37","12.0","CANNANORE, IN","1",",I","1",",I","0",",I","19300328",",,I","3.3",",,I,28,","3.3",",,,I"
"IN010020200","1930-04","11.87","75.37","12.0","CANNANORE, IN","4",",I","2",",I","1",",I","19300420",",,I","38.1",",,I,20,","47.7",",,,I"
"IN010020200","1930-05","11.87","75.37","12.0","CANNANORE, IN","11",",I","9",",I","4",",I","19300510",",,I","170.9",",,I,10,","399.6",",,,I"
"IN010020200","1930-06","11.87","75.37","12.0","CANNANORE, IN","23",",I","20",",I","11",",I","19300627",",,I","153.7",",,I,27,","748.5",",,,I"
"IN010020200","1930-07","11.87","75.37","12.0","CANNANORE, IN","28",",I","27",",I","9",",I","19300720",",,I","131.6",",,I,20,","757.7",",,,I"
"IN010020200","1930-08","11.87","75.37","12.0","CANNANORE, IN","20",",I","12",",I","2",",I","19300801",",,I","104.6",",,I,01,","278.3",",,,I"
"IN010020200","1930-09","11.87","75.37","12.0","CANNANORE, IN","17",",I","14",",I","3",",I","19300904",",,I","76.2",",,I,04,","247.8",",,,I"
"IN010020200","1930-10","11.87","75.37","12.0","CANNANORE, IN","18",",I","14",",I","4",",I","19301001",",,I","62.5",",,I,01,","299.4",",,,I"
"IN010020200","1930-11","11.87","75.37","12.0","CANNANORE, IN","8",",I","7",",I","0",",I","19301103",",,I","18.5",",,I,03,","57.1",",,,I"
"IN010020200","1930-12","11.87","75.37","12.0","CANNANORE, IN","2",",I","1",",I","0",",I","19301202",",,I","15.5",",,I,02,","16.3",",,,I"
"IN010020200","1931-01","11.87","75.37","12.0","CANNANORE, IN","0",",I","0",",I","0",",I","19310131","+,,I","0.0",",,I,31,+","0.0",",,,I"
"IN010020200","1931-02","11.87","75.37","12.0","CANNANORE, IN","0",",I","0",",I","0",",I","19310228","+,,I","0.0",",,I,28,+","0.0",",,,I"
"IN010020200","1931-03","11.87","75.37","12.0","CANNANORE, IN","0",",I","0",",I","0",",I","19310331","+,,I","0.0",",,I,31,+","0.0",",,,I"
"IN010020200","1931-04","11.87","75.37","12.0","CANNANORE, IN","6",",I","4",",I","0",",I","19310417",",,I","22.4",",,I,17,","61.0",",,,I"
"IN010020200","1931-05","11.87","75.37","12.0","CANNANORE, IN","12",",I","7",",I","0",",I","19310524",",,I","23.6",",,I,24,","78.4",",,,I"
"IN010020200","1931-06","11.87","75.37","12.0","CANNANORE, IN","28",",I","26",",I","12",",I","19310606",",,I","69.6",",,I,06,","718.3",",,,I"
"IN010020200","1931-07","11.87","75.37","12.0","CANNANORE, IN","31",",I","30",",I","16",",I","19310718",",,I","95.3",",,I,18,","990.5",",,,I"
"IN010020200","1931-08","11.87","75.37","12.0","CANNANORE, IN","31",",I","30",",I","20",",I","19310819",",,I","100.6",",,I,19,","1321.1",",,,I"
"IN010020200","1931-09","11.87","75.37","12.0","CANNANORE, IN","15",",I","13",",I","2",",I","19310922",",,I","36.6",",,I,22,","147.3",",,,I"
"IN010020200","1931-10","11.87","75.37","12.0","CANNANORE, IN","10",",I","7",",I","1",",I","19311007",",,I","26.7",",,I,07,","102.4",",,,I"
"IN010020200","1932-01","11.87","75.37","12.0","CANNANORE, IN","0",",I","0",",I","0",",I","19320131","+,,I","0.0",",,I,31,+","0.0",",,,I"
"IN010020200","1932-02","11.87","75.37","12.0","CANNANORE, IN","0",",I","0",",I","0",",I","19320229","+,,I","0.0",",,I,29,+","0.0",",,,I"
"IN010020200","1932-03","11.87","75.37","12.0","CANNANORE, IN","0",",I","0",",I","0",",I","19320331","+,,I","0.0",",,I,31,+","0.0",",,,I"
"IN010020200","1932-04","11.87","75.37","12.0","CANNANORE, IN","7",",I","4",",I","1",",I","19320414",",,I","53.3",",,I,14,","66.3",",,,I"
"IN010020200","1932-05","11.87","75.37","12.0","CANNANORE, IN","17",",I","16",",I","12",",I","19320520",",,I","141.7",",,I,20,","847.7",",,,I"
"IN010020200","1932-06","11.87","75.37","12.0","CANNANORE, IN","25",",I","24",",I","5",",I","19320617",",,I","57.7",",,I,17,","450.8",",,,I"
"IN010020200","1932-07","11.87","75.37","12.0","CANNANORE, IN","31",",I","28",",I","14",",I","19320705",",,I","109.2",",,I,05,","837.8",",,,I"
"IN010020200","1932-08","11.87","75.37","12.0","CANNANORE, IN","18",",I","17",",I","5",",I","19320819",",,I","65.3",",,I,19,","352.3",",,,I"
"IN010020200","1932-09","11.87","75.37","12.0","CANNANORE, IN","25",",I","24",",I","5",",I","19320903",",,I","53.6",",,I,03,","365.8",",,,I"
"IN010020200","1932-10","11.87","75.37","12.0","CANNANORE, IN","21",",I","18",",I","9",",I","19321025",",,I","123.2",",,I,25,","576.8",",,,I"
"IN010020200","1932-11","11.87","75.37","12.0","CANNANORE, IN","15",",I","11",",I","2",",I","19321110",",,I","40.6",",,I,10,","136.5",",,,I"
"IN010020200","1932-12","11.87","75.37","12.0","CANNANORE, IN","1",",I","0",",I","0",",I","19321203",",,I","1.5",",,I,03,","1.5",",,,I"
"IN010020200","1933-01","11.87","75.37","12.0","CANNANORE, IN","0",",I","0",",I","0",",I","19330131","+,,I","0.0",",,I,31,+","0.0",",,,I"
"IN010020200","1933-02","11.87","75.37","12.0","CANNANORE, IN","0",",I","0",",I","0",",I","19330228","+,,I","0.0",",,I,28,+","0.0",",,,I"
"IN010020200","1933-03","11.87","75.37","12.0","CANNANORE, IN","0",",I","0",",I","0",",I","19330331","+,,I","0.0",",,I,31,+","0.0",",,,I"
"IN010020200","1933-04","11.87","75.37","12.0","CANNANORE, IN","6",",I","5",",I","3",",I","19330410",",,I","45.2",",,I,10,","132.1",",,,I"
"IN010020200","1933-05","11.87","75.37","12.0","CANNANORE, IN","20",",I","16",",I","8",",I","19330519",",,I","107.2",",,I,19,","582.0",",,,I"
"IN010020200","1933-06","11.87","75.37","12.0","CANNANORE, IN","29",",I","26",",I","17",",I","19330630",",,I","137.7",",,I,30,","1036.8",",,,I"
"IN010020200","1933-07","11.87","75.37","12.0","CANNANORE, IN","28",",I","28",",I","15",",I","19330701",",,I","149.9",",,I,01,","1186.3",",,,I"
"IN010020200","1933-08","11.87","75.37","12.0","CANNANORE, IN","21",",I","20",",I","7",",I","19330805",",,I","84.8",",,I,05,","510.6",",,,I"
"IN010020200","1933-09","11.87","75.37","12.0","CANNANORE, IN","21",",I","20",",I","4",",I","19330907",",,I","45.5",",,I,07,","354.5",",,,I"
"IN010020200","1933-10","11.87","75.37","12.0","CANNANORE, IN","18",",I","16",",I","8",",I","19331001",",,I","90.2",",,I,01,","458.6",",,,I"
"IN010020200","1933-11","11.87","75.37","12.0","CANNANORE, IN","5",",I","1",",I","0",",I","19331114",",,I","15.0",",,I,14,","17.3",",,,I"
"IN010020200","1933-12","11.87","75.37","12.0","CANNANORE, IN","2",",I","2",",I","0",",I","19331218",",,I","5.6",",,I,18,","8.6",",,,I"
"IN010020200","1934-01","11.87","75.37","12.0","CANNANORE, IN","1",",I","0",",I","0",",I","19340110",",,I","1.8",",,I,10,","1.8",",,,I"
"IN010020200","1934-02","11.87","75.37","12.0","CANNANORE, IN","0",",I","0",",I","0",",I","19340228","+,,I","0.0",",,I,28,+","0.0",",,,I"
"IN010020200","1934-03","11.87","75.37","12.0","CANNANORE, IN","0",",I","0",",I","0",",I","19340331","+,,I","0.0",",,I,31,+","0.0",",,,I"
"IN010020200","1934-04","11.87","75.37","12.0","CANNANORE, IN","1",",I","1",",I","0",",I","19340412",",,I","2.5",",,I,12,","2.5",",,,I"
"IN010020200","1934-05","11.87","75.37","12.0","CANNANORE, IN","3",",I","1",",I","0",",I","19340510",",,I","4.6",",,I,10,","7.4",",,,I"
"IN010020200","1934-06","11.87","75.37","12.0","CANNANORE, IN","25",",I","22",",I","17",",I","19340626",",,I","162.1",",,I,26,","1190.5",",,,I"
"IN010020200","1934-07","11.87","75.37","12.0","CANNANORE, IN","25",",I","25",",I","7",",I","19340729",",,I","76.2",",,I,29,","553.5",",,,I"
"IN010020200","1934-08","11.87","75.37","12.0","CANNANORE, IN","26",",I","23",",I","5",",I","19340815",",,I","126.0",",,I,15,","541.7",",,,I"
"IN010020200","1934-09","11.87","75.37","12.0","CANNANORE, IN","6",",I","6",",I","0",",I","19340907",",,I","13.7",",,I,07,","59.8",",,,I"
"IN010020200","1934-10","11.87","75.37","12.0","CANNANORE, IN","10",",I","9",",I","4",",I","19341012",",,I","75.7",",,I,12,","225.8",",,,I"
"IN010020200","1934-11","11.87","75.37","12.0","CANNANORE, IN","4",",I","3",",I","1",",I","19341101",",,I","97.5",",,I,01,","127.0",",,,I"
"IN010020200","1934-12","11.87","75.37","12.0","CANNANORE, IN","0",",I","0",",I","0",",I","19341231","+,,I","0.0",",,I,31,+","0.0",",,,I"
"IN010020200","1935-01","11.87","75.37","12.0","CANNANORE, IN","1",",I","0",",I","0",",I","19350131",",,I","1.5",",,I,31,","1.5",",,,I"
"IN010020200","1935-02","11.87","75.37","12.0","CANNANORE, IN","0",",I","0",",I","0",",I","19350228","+,,I","0.0",",,I,28,+","0.0",",,,I"
"IN010020200","1935-03","11.87","75.37","12.0","CANNANORE, IN","1",",I","0",",I","0",",I","19350311",",,I","1.3",",,I,11,","1.3",",,,I"
"IN010020200","1935-04","11.87","75.37","12.0","CANNANORE, IN","3",",I","2",",I","1",",I","19350403",",,I","30.0",",,I,03,","35.1",",,,I"
"IN010020200","1935-05","11.87","75.37","12.0","CANNANORE, IN","6",",I","4",",I","0",",I","19350516",",,I","12.4",",,I,16,","25.3",",,,I"
"IN010020200","1935-06","11.87","75.37","12.0","CANNANORE, IN","27",",I","24",",I","8",",I","19350617",",,I","133.4",",,I,17,","652.3",",,,I"
"IN010020200","1935-07","11.87","75.37","12.0","CANNANORE, IN","30",",I","29",",I","15",",I","19350705",",,I","88.4",",,I,05,","951.6",",,,I"
"IN010020200","1935-08","11.87","75.37","12.0","CANNANORE, IN","21",",I","17",",I","5",",I","19350812",",,I","54.4",",,I,12,","292.6",",,,I"
"IN010020200","1935-09","11.87","75.37","12.0","CANNANORE, IN","17",",I","16",",I","3",",I","19350909",",,I","82.3",",,I,09,","304.2",",,,I"
"IN010020200","1935-10","11.87","75.37","12.0","CANNANORE, IN","15",",I","11",",I","1",",I","19351020",",,I","142.2",",,I,20,","246.3",",,,I"
"IN010020200","1935-11","11.87","75.37","12.0","CANNANORE, IN","6",",I","1",",I","0",",I","19351113",",,I","2.5",",,I,13,","5.7",",,,I"
"IN010020200","1935-12","11.87","75.37","12.0","CANNANORE, IN","1",",I","0",",I","0",",I","19351226",",,I","1.0",",,I,26,","1.0",",,,I"
"IN010020200","1936-01","11.87","75.37","12.0","CANNANORE, IN","0",",I","0",",I","0",",I","19360131","+,,I","0.0",",,I,31,+","0.0",",,,I"
"IN010020200","1936-02","11.87","75.37","12.0","CANNANORE, IN","0",",I","0",",I","0",",I","19360229","+,,I","0.0",",,I,29,+","0.0",",,,I"
"IN010020200","1936-03","11.87","75.37","12.0","CANNANORE, IN","4",",I","2",",I","2",",I","19360328",",,I","54.4",",,I,28,","80.6",",,,I"
"IN010020200","1936-04","11.87","75.37","12.0","CANNANORE, IN","2",",I","2",",I","1",",I","19360401",",,I","47.0",",,I,01,","55.9",",,,I"
"IN010020200","1936-05","11.87","75.37","12.0","CANNANORE, IN","14",",I","12",",I","2",",I","19360522",",,I","257.8",",,I,22,","400.2",",,,I"
"IN010020200","1936-06","11.87","75.37","12.0","CANNANORE, IN","29",",I","29",",I","13",",I","19360630",",,I","108.0",",,I,30,","891.6",",,,I"
"IN010020200","1936-07","11.87","75.37","12.0","CANNANORE, IN","31",",I","29",",I","17",",I","19360702",",,I","113.5",",,I,02,","997.9",",,,I"
"IN010020200","1936-08","11.87","75.37","12.0","CANNANORE, IN","26",",I","21",",I","5",",I","19360806",",,I","88.4",",,I,06,","445.6",",,,I"
"IN010020200","1936-09","11.87","75.37","12.0","CANNANORE, IN","15",",I","12",",I","1",",I","19360930",",,I","146.3",",,I,30,","242.5",",,,I"
"IN010020200","1936-10","11.87","75.37","12.0","CANNANORE, IN","6",",I","5",",I","3",",I","19361001",",,I","53.3",",,I,01,","122.9",",,,I"
"IN010020200","1936-11","11.87","75.37","12.0","CANNANORE, IN","13",",I","6",",I","2",",I","19361109",",,I","41.9",",,I,09,","112.2",",,,I"
"IN010020200","1936-12","11.87","75.37","12.0","CANNANORE, IN","1",",I","0",",I","0",",I","19361219",",,I","0.8",",,I,19,","0.8",",,,I"
"IN010020200","1937-01","11.87","75.37","12.0","CANNANORE, IN","0",",I","0",",I","0",",I","19370131","+,,I","0.0",",,I,31,+","0.0",",,,I"
"IN010020200","1937-02","11.87","75.37","12.0","CANNANORE, IN","0",",I","0",",I","0",",I","19370228","+,,I","0.0",",,I,28,+","0.0",",,,I"
"IN010020200","1937-03","11.87","75.37","12.0","CANNANORE, IN","0",",I","0",",I","0",",I","19370331","+,,I","0.0",",,I,31,+","0.0",",,,I"
"IN010020200","1937-04","11.87","75.37","12.0","CANNANORE, IN","5",",I","5",",I","1",",I","19370422",",,I","28.2",",,I,22,","88.6",",,,I"
"IN010020200","1937-05","11.87","75.37","12.0","CANNANORE, IN","8",",I","5",",I","1",",I","19370524",",,I","54.1",",,I,24,","108.3",",,,I"
"IN010020200","1937-06","11.87","75.37","12.0","CANNANORE, IN","24",",I","24",",I","9",",I","19370618",",,I","96.5",",,I,18,","603.1",",,,I"
"IN010020200","1937-07","11.87","75.37","12.0","CANNANORE, IN","31",",I","31",",I","22",",I","19370711",",,I","108.5",",,I,11,","1511.1",",,,I"
"IN010020200","1937-08","11.87","75.37","12.0","CANNANORE, IN","12",",I","10",",I","4",",I","19370808",",,I","84.1",",,I,08,","289.9",",,,I"
"IN010020200","1937-09","11.87","75.37","12.0","CANNANORE, IN","13",",I","10",",I","3",",I","19370912",",,I","51.6",",,I,12,","189.4",",,,I"
"IN010020200","1937-10","11.87","75.37","12.0","CANNANORE, IN","11",",I","10",",I","5",",I","19371002",",,I","192.5",",,I,02,","463.8",",,,I"
"IN010020200","1937-11","11.87","75.37","12.0","CANNANORE, IN","3",",I","1",",I","0",",I","19371115",",,I","6.9",",,I,15,","9.7",",,,I"
"IN010020200","1937-12","11.87","75.37","12.0","CANNANORE, IN","0",",I","0",",I","0",",I","19371231","+,,I","0.0",",,I,31,+","0.0",",,,I"
"IN010020200","1938-01","11.87","75.37","12.0","CANNANORE, IN","0",",I","0",",I","0",",I","19380131","+,,I","0.0",",,I,31,+","0.0",",,,I"
"IN010020200","1938-02","11.87","75.37","12.0","CANNANORE, IN","0",",I","0",",I","0",",I","19380228","+,,I","0.0",",,I,28,+","0.0",",,,I"
"IN010020200","1938-03","11.87","75.37","12.0","CANNANORE, IN","2",",I","1",",I","1",",I","19380331",",,I","41.4",",,I,31,","41.9",",,,I"
"IN010020200","1938-04","11.87","75.37","12.0","CANNANORE, IN","9",",I","8",",I","0",",I","19380427",",,I","23.1",",,I,27,","82.9",",,,I"
"IN010020200","1938-05","11.87","75.37","12.0","CANNANORE, IN","13",",I","8",",I","3",",I","19380527",",,I","79.2",",,I,27,","256.0",",,,I"
"IN010020200","1938-06","11.87","75.37","12.0","CANNANORE, IN","30",",I","29",",I","17",",I","19380607",",,I","89.4",",,I,07,","997.3",",,,I"
"IN010020200","1938-07","11.87","75.37","12.0","CANNANORE, IN","29",",I","27",",I","12",",I","19380703",",,I","154.9",",,I,03,","902.8",",,,I"
"IN010020200","1938-08","11.87","75.37","12.0","CANNANORE, IN","27",",I","19",",I","1",",I","19380822",",,I","38.1",",,I,22,","256.0",",,,I"
"IN010020200","1938-09","11.87","75.37","12.0","CANNANORE, IN","15",",I","12",",I","4",",I","19380928",",,I","38.4",",,I,28,","232.3",",,,I"
"IN010020200","1938-10","11.87","75.37","12.0","CANNANORE, IN","11",",I","9",",I","1",",I","19381002",",,I","38.1",",,I,02,","132.9",",,,I"
"IN010020200","1938-11","11.87","75.37","12.0","CANNANORE, IN","5",",I","4",",I","1",",I","19381107",",,I","57.9",",,I,07,","93.9",",,,I"
"IN010020200","1938-12","11.87","75.37","12.0","CANNANORE, IN","0",",I","0",",I","0",",I","19381231","+,,I","0.0",",,I,31,+","0.0",",,,I"
"IN010020200","1939-01","11.87","75.37","12.0","CANNANORE, IN","0",",I","0",",I","0",",I","19390131","+,,I","0.0",",,I,31,+","0.0",",,,I"
"IN010020200","1939-02","11.87","75.37","12.0","CANNANORE, IN","0",",I","0",",I","0",",I","19390228","+,,I","0.0",",,I,28,+","0.0",",,,I"
"IN010020200","1939-03","11.87","75.37","12.0","CANNANORE, IN","0",",I","0",",I","0",",I","19390331","+,,I","0.0",",,I,31,+","0.0",",,,I"
"IN010020200","1939-04","11.87","75.37","12.0","CANNANORE, IN","6",",I","3",",I","2",",I","19390416",",,I","76.2",",,I,16,","112.5",",,,I"
"IN010020200","1939-05","11.87","75.37","12.0","CANNANORE, IN","4",",I","0",",I","0",",I","19390526",",,I","1.5",",,I,26,","3.8",",,,I"
"IN010020200","1939-06","11.87","75.37","12.0","CANNANORE, IN","25",",I","24",",I","13",",I","19390607",",,I","90.2",",,I,07,","787.8",",,,I"
"IN010020200","1939-07","11.87","75.37","12.0","CANNANORE, IN","30",",I","29",",I","12",",I","19390724",",,I","106.7",",,I,24,","989.2",",,,I"
"IN010020200","1939-08","11.87","75.37","12.0","CANNANORE, IN","19",",I","17",",I","5",",I","19390831",",,I","49.5",",,I,31,","286.6",",,,I"
"IN010020200","1939-09","11.87","75.37","12.0","CANNANORE, IN","12",",I","11",",I","0",",I","19390925",",,I","13.5",",,I,25,","72.4",",,,I"
"IN010020200","1939-10","11.87","75.37","12.0","CANNANORE, IN","13",",I","11",",I","2",",I","19391018",",,I","30.5",",,I,18,","175.4",",,,I"
"IN010020200","1939-11","11.87","75.37","12.0","CANNANORE, IN","8",",I","6",",I","3",",I","19391120",",,I","129.5",",,I,20,","253.9",",,,I"
"IN010020200","1939-12","11.87","75.37","12.0","CANNANORE, IN","0",",I","0",",I","0",",I","19391231","+,,I","0.0",",,I,31,+","0.0",",,,I"
"IN010020200","1940-01","11.87","75.37","12.0","CANNANORE, IN","0",",I","0",",I","0",",I","19400131","+,,I","0.0",",,I,31,+","0.0",",,,I"
"IN010020200","1940-02","11.87","75.37","12.0","CANNANORE, IN","0",",I","0",",I","0",",I","19400229","+,,I","0.0",",,I,29,+","0.0",",,,I"
"IN010020200","1940-03","11.87","75.37","12.0","CANNANORE, IN","0",",I","0",",I","0",",I","19400331","+,,I","0.0",",,I,31,+","0.0",",,,I"
"IN010020200","1940-04","11.87","75.37","12.0","CANNANORE, IN","5",",I","3",",I","0",",I","19400429",",,I","18.8",",,I,29,","42.9",",,,I"
"IN010020200","1940-05","11.87","75.37","12.0","CANNANORE, IN","9",",I","6",",I","3",",I","19400521",",,I","52.1",",,I,21,","174.4",",,,I"
"IN010020200","1940-06","11.87","75.37","12.0","CANNANORE, IN","24",",I","23",",I","11",",I","19400624",",,I","67.6",",,I,24,","610.6",",,,I"
"IN010020200","1940-07","11.87","75.37","12.0","CANNANORE, IN","31",",I","28",",I","15",",I","19400714",",,I","116.6",",,I,14,","1059.6",",,,I"
"IN010020200","1940-08","11.87","75.37","12.0","CANNANORE, IN","29",",I","27",",I","14",",I","19400813",",,I","118.6",",,I,13,","870.4",",,,I"
"IN010020200","1940-09","11.87","75.37","12.0","CANNANORE, IN","5",",I","2",",I","0",",I","19400919",",,I","17.8",",,I,19,","30.5",",,,I"
"IN010020200","1940-10","11.87","75.37","12.0","CANNANORE, IN","12",",I","8",",I","1",",I","19401011",",,I","34.3",",,I,11,","131.5",",,,I"
"IN010020200","1940-11","11.87","75.37","12.0","CANNANORE, IN","13",",I","11",",I","4",",I","19401126",",,I","111.8",",,I,26,","317.8",",,,I"
"IN010020200","1940-12","11.87","75.37","12.0","CANNANORE, IN","3",",I","1",",I","0",",I","19401212",",,I","3.0",",,I,12,","4.3",",,,I"
"IN010020200","1941-01","11.87","75.37","12.0","CANNANORE, IN","1",",I","1",",I","0",",I","19410109",",,I","16.0",",,I,09,","16.0",",,,I"
"IN010020200","1941-02","11.87","75.37","12.0","CANNANORE, IN","0",",I","0",",I","0",",I","19410228","+,,I","0.0",",,I,28,+","0.0",",,,I"
"IN010020200","1941-03","11.87","75.37","12.0","CANNANORE, IN","0",",I","0",",I","0",",I","19410331","+,,I","0.0",",,I,31,+","0.0",",,,I"
"IN010020200","1941-04","11.87","75.37","12.0","CANNANORE, IN","3",",I","3",",I","2",",I","19410411",",,I","49.5",",,I,11,","91.4",",,,I"
"IN010020200","1941-05","11.87","75.37","12.0","CANNANORE, IN","15",",I","10",",I","4",",I","19410527",",,I","53.3",",,I,27,","229.4",",,,I"
"IN010020200","1941-06","11.87","75.37","12.0","CANNANORE, IN","29",",I","28",",I","14",",I","19410610",",,I","273.1",",,I,10,","1095.4",",,,I"
"IN010020200","1941-07","11.87","75.37","12.0","CANNANORE, IN","23",",I","21",",I","7",",I","19410706",",,I","36.1",",,I,06,","373.8",",,,I"
"IN010020200","1941-08","11.87","75.37","12.0","CANNANORE, IN","27",",I","19",",I","5",",I","19410811",",,I","52.3",",,I,11,","328.0",",,,I"
"IN010020200","1941-09","11.87","75.37","12.0","CANNANORE, IN","18",",I","11",",I","1",",I","19410924",",,I","38.6",",,I,24,","145.3",",,,I"
"IN010020200","1941-10","11.87","75.37","12.0","CANNANORE, IN","8",",I","8",",I","2",",I","19411003",",,I","77.0",",,I,03,","174.4",",,,I"
"IN010020200","1941-11","11.87","75.37","12.0","CANNANORE, IN","10",",I","7",",I","2",",I","19411118",",,I","75.2",",,I,18,","210.7",",,,I"
"IN010020200","1941-12","11.87","75.37","12.0","CANNANORE, IN","3",",I","2",",I","1",",I","19411204",",,I","56.9",",,I,04,","67.9",",,,I"
"IN010020200","1942-01","11.87","75.37","12.0","CANNANORE, IN","0",",I","0",",I","0",",I","19420131","+,,I","0.0",",,I,31,+","0.0",",,,I"
"IN010020200","1942-02","11.87","75.37","12.0","CANNANORE, IN","0",",I","0",",I","0",",I","19420228","+,,I","0.0",",,I,28,+","0.0",",,,I"
"IN010020200","1942-03","11.87","75.37","12.0","CANNANORE, IN","0",",I","0",",I","0",",I","19420331","+,,I","0.0",",,I,31,+","0.0",",,,I"
"IN010020200","1942-04","11.87","75.37","12.0","CANNANORE, IN","9",",I","6",",I","2",",I","19420425",",,I","55.4",",,I,25,","133.8",",,,I"
"IN010020200","1942-05","11.87","75.37","12.0","CANNANORE, IN","13",",I","10",",I","1",",I","19420521",",,I","26.9",",,I,21,","88.8",",,,I"
"IN010020200","1942-06","11.87","75.37","12.0","CANNANORE, IN","24",",I","23",",I","19",",I","19420620",",,I","165.6",",,I,20,","1349.5",",,,I"
"IN010020200","1942-07","11.87","75.37","12.0","CANNANORE, IN","31",",I","28",",I","15",",I","19420701",",,I","86.4",",,I,01,","879.4",",,,I"
"IN010020200","1942-08","11.87","75.37","12.0","CANNANORE, IN","21",",I","19",",I","3",",I","19420822",",,I","66.0",",,I,22,","339.3",",,,I"
"IN010020200","1942-09","11.87","75.37","12.0","CANNANORE, IN","10",",I","8",",I","0",",I","19420910",",,I","22.9",",,I,10,","81.8",",,,I"
"IN010020200","1942-10","11.87","75.37","12.0","CANNANORE, IN","8",",I","7",",I","2",",I","19421006",",,I","49.0",",,I,06,","124.9",",,,I"
"IN010020200","1942-11","11.87","75.37","12.0","CANNANORE, IN","3",",I","3",",I","0",",I","19421102",",,I","22.4",",,I,02,","50.1",",,,I"
"IN010020200","1942-12","11.87","75.37","12.0","CANNANORE, IN","5",",I","0",",I","0",",I","19421220",",,I","2.0",",,I,20,","5.1",",,,I"
"IN010020200","1943-01","11.87","75.37","12.0","CANNANORE, IN","3",",I","1",",I","0",",I","19430106",",,I","14.0",",,I,06,","16.5",",,,I"
"IN010020200","1943-02","11.87","75.37","12.0","CANNANORE, IN","1",",I","1",",I","1",",I","19430214",",,I","27.9",",,I,14,","27.9",",,,I"
"IN010020200","1943-03","11.87","75.37","12.0","CANNANORE, IN","0",",I","0",",I","0",",I","19430331","+,,I","0.0",",,I,31,+","0.0",",,,I"
"IN010020200","1943-04","11.87","75.37","12.0","CANNANORE, IN","3",",I","1",",I","0",",I","19430427",",,I","6.9",",,I,27,","10.4",",,,I"
"IN010020200","1943-05","11.87","75.37","12.0","CANNANORE, IN","20",",I","18",",I","6",",I","19430522",",,I","81.3",",,I,22,","550.4",",,,I"
"IN010020200","1943-06","11.87","75.37","12.0","CANNANORE, IN","30",",I","30",",I","19",",I","19430629",",,I","77.2",",,I,29,","1045.5",",,,I"
"IN010020200","1943-07","11.87","75.37","12.0","CANNANORE, IN","31",",I","29",",I","14",",I","19430707",",,I","77.7",",,I,07,","883.1",",,,I"
"IN010020200","1943-08","11.87","75.37","12.0","CANNANORE, IN","22",",I","19",",I","2",",I","19430818",",,I","41.1",",,I,18,","189.1",",,,I"
"IN010020200","1943-09","11.87","75.37","12.0","CANNANORE, IN","27",",I","22",",I","3",",I","19430906",",,I","52.1",",,I,06,","261.2",",,,I"
"IN010020200","1943-10","11.87","75.37","12.0","CANNANORE, IN","21",",I","19",",I","4",",I","19431011",",,I","34.3",",,I,11,","264.1",",,,I"
"IN010020200","1943-11","11.87","75.37","12.0","CANNANORE, IN","9",",I","7",",I","1",",I","19431117",",,I","75.4",",,I,17,","139.5",",,,I"
"IN010020200","1943-12","11.87","75.37","12.0","CANNANORE, IN","0",",I","0",",I","0",",I","19431231","+,,I","0.0",",,I,31,+","0.0",",,,I"
"IN010020200","1944-01","11.87","75.37","12.0","CANNANORE, IN","0",",I","0",",I","0",",I","19440131","+,,I","0.0",",,I,31,+","0.0",",,,I"
"IN010020200","1944-02","11.87","75.37","12.0","CANNANORE, IN","1",",I","1",",I","0",",I","19440222",",,I","9.7",",,I,22,","9.7",",,,I"
"IN010020200","1944-03","11.87","75.37","12.0","CANNANORE, IN","0",",I","0",",I","0",",I","19440331","+,,I","0.0",",,I,31,+","0.0",",,,I"
"IN010020200","1944-04","11.87","75.37","12.0","CANNANORE, IN","3",",I","2",",I","0",",I","19440426",",,I","7.9",",,I,26,","12.5",",,,I"
"IN010020200","1944-05","11.87","75.37","12.0","CANNANORE, IN","16",",I","14",",I","0",",I","19440507",",,I","24.4",",,I,07,","156.3",",,,I"
"IN010020200","1944-06","11.87","75.37","12.0","CANNANORE, IN","27",",I","24",",I","7",",I","19440624",",,I","80.3",",,I,24,","563.5",",,,I"
"IN010020200","1944-07","11.87","75.37","12.0","CANNANORE, IN","28",",I","24",",I","10",",I","19440721",",,I","78.2",",,I,21,","658.4",",,,I"
"IN010020200","1944-08","11.87","75.37","12.0","CANNANORE, IN","17",",I","15",",I","6",",I","19440819",",,I","64.0",",,I,19,","327.4",",,,I"
"IN010020200","1944-09","11.87","75.37","12.0","CANNANORE, IN","6",",I","3",",I","0",",I","19440920",",,I","10.7",",,I,20,","30.3",",,,I"
"IN010020200","1944-10","11.87","75.37","12.0","CANNANORE, IN","17",",I","17",",I","1",",I","19441031",",,I","26.4",",,I,31,","143.8",",,,I"
"IN010020200","1944-11","11.87","75.37","12.0","CANNANORE, IN","12",",I","11",",I","1",",I","19441116",",,I","37.6",",,I,16,","106.0",",,,I"
"IN010020200","1944-12","11.87","75.37","12.0","CANNANORE, IN","5",",I","4",",I","0",",I","19441206",",,I","11.4",",,I,06,","27.3",",,,I"
"IN010020200","1945-01","11.87","75.37","12.0","CANNANORE, IN","0",",I","0",",I","0",",I","19450131","+,,I","0.0",",,I,31,+","0.0",",,,I"
"IN010020200","1945-02","11.87","75.37","12.0","CANNANORE, IN","0",",I","0",",I","0",",I","19450228","+,,I","0.0",",,I,28,+","0.0",",,,I"
"IN010020200","1945-03","11.87","75.37","12.0","CANNANORE, IN","0",",I","0",",I","0",",I","19450331","+,,I","0.0",",,I,31,+","0.0",",,,I"
"IN010020200","1945-04","11.87","75.37","12.0","CANNANORE, IN","4",",I","2",",I","0",",I","19450408",",,I","3.0",",,I,08,","9.0",",,,I"
"IN010020200","1945-05","11.87","75.37","12.0","CANNANORE, IN","2",",I","1",",I","0",",I","19450520",",,I","3.8",",,I,20,","5.1",",,,I"
"IN010020200","1945-06","11.87","75.37","12.0","CANNANORE, IN","28",",I","24",",I","12",",I","19450608",",,I","130.0",",,I,08,","816.2",",,,I"
"IN010020200","1945-07","11.87","75.37","12.0","CANNANORE, IN","28",",I","24",",I","15",",I","19450709",",,I","107.2",",,I,09,","922.8",",,,I"
"IN010020200","1945-08","11.87","75.37","12.0","CANNANORE, IN","27",",I","23",",I","4",",I","19450819",",,I","59.2",",,I,19,","315.9",",,,I"
"IN010020200","1945-09","11.87","75.37","12.0","CANNANORE, IN","21",",I","15",",I","2",",I","19450923","+,,I","29.0",",,I,23,+","183.6",",,,I"
"IN010020200","1945-10","11.87","75.37","12.0","CANNANORE, IN","8",",I","4",",I","1",",I","19451018",",,I","51.3",",,I,18,","71.2",",,,I"
"IN010020200","1945-11","11.87","75.37","12.0","CANNANORE, IN","6",",I","5",",I","2",",I","19451115",",,I","46.5",",,I,15,","106.7",",,,I"
"IN010020200","1945-12","11.87","75.37","12.0","CANNANORE, IN","0",",I","0",",I","0",",I","19451231","+,,I","0.0",",,I,31,+","0.0",",,,I"
"IN010020200","1946-01","11.87","75.37","12.0","CANNANORE, IN","0",",I","0",",I","0",",I","19460131","+,,I","0.0",",,I,31,+","0.0",",,,I"
"IN010020200","1946-02","11.87","75.37","12.0","CANNANORE, IN","0",",I","0",",I","0",",I","19460228","+,,I","0.0",",,I,28,+","0.0",",,,I"
"IN010020200","1946-03","11.87","75.37","12.0","CANNANORE, IN","3",",I","2",",I","1",",I","19460317",",,I","63.5",",,I,17,","67.5",",,,I"
"IN010020200","1946-04","11.87","75.37","12.0","CANNANORE, IN","4",",I","4",",I","2",",I","19460423",",,I","74.7",",,I,23,","164.3",",,,I"
"IN010020200","1946-05","11.87","75.37","12.0","CANNANORE, IN","4",",I","3",",I","1",",I","19460527",",,I","51.3",",,I,27,","84.1",",,,I"
"IN010020200","1946-06","11.87","75.37","12.0","CANNANORE, IN","29",",I","28",",I","15",",I","19460626",",,I","86.1",",,I,26,","1132.6",",,,I"
"IN010020200","1946-07","11.87","75.37","12.0","CANNANORE, IN","28",",I","25",",I","15",",I","19460709",",,I","107.2",",,I,09,","938.0",",,,I"
"IN010020200","1946-08","11.87","75.37","12.0","CANNANORE, IN","30",",I","27",",I","10",",I","19460823","+,,I","76.2",",,I,23,+","682.9",",,,I"
"IN010020200","1946-09","11.87","75.37","12.0","CANNANORE, IN","13",",I","10",",I","4",",I","19460929",",,I","75.7",",,I,29,","219.4",",,,I"
"IN010020200","1946-10","11.87","75.37","12.0","CANNANORE, IN","15",",I","7",",I","3",",I","19461026",",,I","48.8",",,I,26,","184.7",",,,I"
"IN010020200","1946-11","11.87","75.37","12.0","CANNANORE, IN","12",",I","9",",I","2",",I","19461117",",,I","66.3",",,I,17,","225.2",",,,I"
"IN010020200","1946-12","11.87","75.37","12.0","CANNANORE, IN","7",",I","6",",I","1",",I","19461208",",,I","30.5",",,I,08,","89.2",",,,I"
"IN010020200","1947-01","11.87","75.37","12.0","CANNANORE, IN","1","2,I","0","2,I","0","2,I","19470105",",2,I","0.3","2,,I,05,","0.3","2,,,I"
"IN010020200","1947-02","11.87","75.37","12.0","CANNANORE, IN","0","2,I","0","2,I","0","2,I","19470228","+,2,I","0.0","2,,I,28,+","0.0","2,,,I"
"IN010020200","1947-03","11.87","75.37","12.0","CANNANORE, IN","5","2,I","4","2,I","0","2,I","19470330",",2,I","15.5","2,,I,30,","30.8","2,,,I"
"IN010020200","1947-04","11.87","75.37","12.0","CANNANORE, IN","10","3,I","8","3,I","1","3,I","19470412",",3,I","35.1","3,,I,12,","96.0","3,,,I"
"IN010020200","1947-05","11.87","75.37","12.0","CANNANORE, IN","5","2,I","3","2,I","1","2,I","19470518",",2,I","75.2","2,,I,18,","92.5","2,,,I"
"IN010020200","1947-06","11.87","75.37","12.0","CANNANORE, IN","25","2,I","24","2,I","9","2,I","19470630",",2,I","97.5","2,,I,30,","726.9","2,,,I"
"IN010020200","1947-07","11.87","75.37","12.0","CANNANORE, IN","27","2,I","25","2,I","9","2,I","19470719",",2,I","174.0","2,,I,19,","815.0","2,,,I"
"IN010020200","1947-08","11.87","75.37","12.0","CANNANORE, IN","24","2,I","23","2,I","9","2,I","19470822",",2,I","173.5","2,,I,22,","751.6","2,,,I"
"IN010020200","1947-09","11.87","75.37","12.0","CANNANORE, IN","24","2,I","19","2,I","10","2,I","19470908",",2,I","132.3","2,,I,08,","648.3","2,,,I"
"IN010020200","1947-10","11.87","75.37","12.0","CANNANORE, IN","4","2,I","1","2,I","0","2,I","19471021",",2,I","14.2","2,,I,21,","16.7","2,,,I"
"IN010020200","1947-11","11.87","75.37","12.0","CANNANORE, IN","1","2,I","1","2,I","0","2,I","19471113",",2,I","4.1","2,,I,13,","4.1","2,,,I"
"IN010020200","1947-12","11.87","75.37","12.0","CANNANORE, IN","2","2,I","2","2,I","1","2,I","19471216",",2,I","51.1","2,,I,16,","62.8","2,,,I"
"IN010020200","1948-01","11.87","75.37","12.0","CANNANORE, IN","3",",I","1",",I","1",",I","19480124",",,I","47.8",",,I,24,","49.9",",,,I"
"IN010020200","1948-02","11.87","75.37","12.0","CANNANORE, IN","0",",I","0",",I","0",",I","19480229","+,,I","0.0",",,I,29,+","0.0",",,,I"
"IN010020200","1948-03","11.87","75.37","12.0","CANNANORE, IN","0",",I","0",",I","0",",I","19480331","+,,I","0.0",",,I,31,+","0.0",",,,I"
"IN010020200","1948-04","11.87","75.37","12.0","CANNANORE, IN","9",",I","6",",I","2",",I","19480414",",,I","32.8",",,I,14,","105.8",",,,I"
"IN010020200","1948-05","11.87","75.37","12.0","CANNANORE, IN","10",",I","5",",I","3",",I","19480530",",,I","95.5",",,I,30,","189.3",",,,I"
"IN010020200","1948-06","11.87","75.37","12.0","CANNANORE, IN","24",",I","21",",I","16",",I","19480614",",,I","188.0",",,I,14,","1162.8",",,,I"
"IN010020200","1948-07","11.87","75.37","12.0","CANNANORE, IN","31",",I","28",",I","10",",I","19480728",",,I","156.2",",,I,28,","854.8",",,,I"
"IN010020200","1948-08","11.87","75.37","12.0","CANNANORE, IN","28",",I","25",",I","5",",I","19480809",",,I","59.7",",,I,09,","421.0",",,,I"
"IN010020200","1948-09","11.87","75.37","12.0","CANNANORE, IN","19",",I","15",",I","3",",I","19480903",",,I","77.2",",,I,03,","279.4",",,,I"
"IN010020200","1948-10","11.87","75.37","12.0","CANNANORE, IN","6",",I","4",",I","1",",I","19481022",",,I","99.1",",,I,22,","140.1",",,,I"
"IN010020200","1948-11","11.87","75.37","12.0","CANNANORE, IN","8",",I","6",",I","2",",I","19481110",",,I","59.7",",,I,10,","133.4",",,,I"
"IN010020200","1948-12","11.87","75.37","12.0","CANNANORE, IN","0",",I","0",",I","0",",I","19481231","+,,I","0.0",",,I,31,+","0.0",",,,I"
"IN010020200","1949-01","11.87","75.37","12.0","CANNANORE, IN","0",",I","0",",I","0",",I","19490131","+,,I","0.0",",,I,31,+","0.0",",,,I"
"IN010020200","1949-02","11.87","75.37","12.0","CANNANORE, IN","0",",I","0",",I","0",",I","19490228","+,,I","0.0",",,I,28,+","0.0",",,,I"
"IN010020200","1949-03","11.87","75.37","12.0","CANNANORE, IN","0",",I","0",",I","0",",I","19490331","+,,I","0.0",",,I,31,+","0.0",",,,I"
"IN010020200","1949-04","11.87","75.37","12.0","CANNANORE, IN","4",",I","4",",I","0",",I","19490404",",,I","15.5",",,I,04,","45.6",",,,I"
"IN010020200","1949-06","11.87","75.37","12.0","CANNANORE, IN","29",",I","27",",I","12",",I","19490626",",,I","86.6",",,I,26,","775.2",",,,I"
"IN010020200","1949-07","11.87","75.37","12.0","CANNANORE, IN","28",",I","25",",I","18",",I","19490716",",,I","194.3",",,I,16,","1179.1",",,,I"
"IN010020200","1949-08","11.87","75.37","12.0","CANNANORE, IN","26",",I","21",",I","7",",I","19490804",",,I","233.7",",,I,04,","686.8",",,,I"
"IN010020200","1949-09","11.87","75.37","12.0","CANNANORE, IN","26",",I","21",",I","4",",I","19490919",",,I","50.8",",,I,19,","366.9",",,,I"
"IN010020200","1949-10","11.87","75.37","12.0","CANNANORE, IN","11",",I","8",",I","3",",I","19491022",",,I","84.8",",,I,22,","207.7",",,,I"
"IN010020200","1949-11","11.87","75.37","12.0","CANNANORE, IN","1",",I","1",",I","0",",I","19491119",",,I","3.3",",,I,19,","3.3",",,,I"
"IN010020200","1949-12","11.87","75.37","12.0","CANNANORE, IN","0",",I","0",",I","0",",I","19491231","+,,I","0.0",",,I,31,+","0.0",",,,I"
"IN010020200","1950-01","11.87","75.37","12.0","CANNANORE, IN","0",",I","0",",I","0",",I","19500131","+,,I","0.0",",,I,31,+","0.0",",,,I"
"IN010020200","1950-02","11.87","75.37","12.0","CANNANORE, IN","0",",I","0",",I","0",",I","19500228","+,,I","0.0",",,I,28,+","0.0",",,,I"
"IN010020200","1950-03","11.87","75.37","12.0","CANNANORE, IN","0",",I","0",",I","0",",I","19500331","+,,I","0.0",",,I,31,+","0.0",",,,I"
"IN010020200","1950-04","11.87","75.37","12.0","CANNANORE, IN","2",",I","0",",I","0",",I","19500410","+,,I","0.5",",,I,10,+","1.0",",,,I"
"IN010020200","1950-06","11.87","75.37","12.0","CANNANORE, IN","25",",I","21",",I","12",",I","19500602",",,I","103.1",",,I,02,","757.0",",,,I"
"IN010020200","1950-07","11.87","75.37","12.0","CANNANORE, IN","30",",I","28",",I","18",",I","19500723",",,I","118.6",",,I,23,","1338.7",",,,I"
"IN010020200","1950-08","11.87","75.37","12.0","CANNANORE, IN","23",",I","18",",I","2",",I","19500808",",,I","122.2",",,I,08,","375.9",",,,I"
"IN010020200","1950-09","11.87","75.37","12.0","CANNANORE, IN","25",",I","22",",I","7",",I","19500903",",,I","81.8",",,I,03,","524.3",",,,I"
"IN010020200","1950-10","11.87","75.37","12.0","CANNANORE, IN","8",",I","8",",I","3",",I","19501014",",,I","53.6",",,I,14,","180.4",",,,I"
"IN010020200","1950-11","11.87","75.37","12.0","CANNANORE, IN","7",",I","5",",I","2",",I","19501112",",,I","52.8",",,I,12,","128.3",",,,I"
"IN010020200","1950-12","11.87","75.37","12.0","CANNANORE, IN","1",",I","0",",I","0",",I","19501212",",,I","1.3",",,I,12,","1.3",",,,I"
"IN010020200","1951-01","11.87","75.37","12.0","CANNANORE, IN","0",",I","0",",I","0",",I","19510131","+,,I","0.0",",,I,31,+","0.0",",,,I"
"IN010020200","1951-02","11.87","75.37","12.0","CANNANORE, IN","0",",I","0",",I","0",",I","19510228","+,,I","0.0",",,I,28,+","0.0",",,,I"
"IN010020200","1951-03","11.87","75.37","12.0","CANNANORE, IN","0",",I","0",",I","0",",I","19510331","+,,I","0.0",",,I,31,+","0.0",",,,I"
"IN010020200","1951-04","11.87","75.37","12.0","CANNANORE, IN","8",",I","6",",I","2",",I","19510412",",,I","29.0",",,I,12,","114.1",",,,I"
"IN010020200","1951-05","11.87","75.37","12.0","CANNANORE, IN","7",",I","4",",I","1",",I","19510520",",,I","37.3",",,I,20,","78.6",",,,I"
"IN010020200","1951-06","11.87","75.37","12.0","CANNANORE, IN","29",",I","28",",I","11",",I","19510609",",,I","157.5",",,I,09,","947.4",",,,I"
"IN010020200","1951-07","11.87","75.37","12.0","CANNANORE, IN","28",",I","25",",I","13",",I","19510723",",,I","111.0",",,I,23,","859.1",",,,I"
"IN010020200","1951-08","11.87","75.37","12.0","CANNANORE, IN","21",",I","18",",I","0",",I","19510817",",,I","21.8",",,I,17,","172.1",",,,I"
"IN010020200","1951-09","11.87","75.37","12.0","CANNANORE, IN","12",",I","9",",I","2",",I","19510930",",,I","116.8",",,I,30,","231.0",",,,I"
"IN010020200","1951-10","11.87","75.37","12.0","CANNANORE, IN","9",",I","5",",I","2",",I","19511006",",,I","40.1",",,I,06,","88.6",",,,I"
"IN010020200","1951-11","11.87","75.37","12.0","CANNANORE, IN","10",",I","9",",I","2",",I","19511121",",,I","42.4",",,I,21,","123.3",",,,I"
"IN010020200","1951-12","11.87","75.37","12.0","CANNANORE, IN","1",",I","1",",I","1",",I","19511201",",,I","46.2",",,I,01,","46.2",",,,I"
"IN010020200","1952-01","11.87","75.37","12.0","CANNANORE, IN","0",",I","0",",I","0",",I","19520131","+,,I","0.0",",,I,31,+","0.0",",,,I"
"IN010020200","1952-02","11.87","75.37","12.0","CANNANORE, IN","2",",I","2",",I","0",",I","19520225",",,I","5.1",",,I,25,","8.7",",,,I"
"IN010020200","1952-03","11.87","75.37","12.0","CANNANORE, IN","0",",I","0",",I","0",",I","19520331","+,,I","0.0",",,I,31,+","0.0",",,,I"
"IN010020200","1952-04","11.87","75.37","12.0","CANNANORE, IN","6",",I","5",",I","0",",I","19520430",",,I","12.7",",,I,30,","31.7",",,,I"
"IN010020200","1952-05","11.87","75.37","12.0","CANNANORE, IN","13",",I","7",",I","1",",I","19520506",",,I","39.6",",,I,06,","99.5",",,,I"
"IN010020200","1952-06","11.87","75.37","12.0","CANNANORE, IN","28",",I","27",",I","15",",I","19520629",",,I","101.9",",,I,29,","903.2",",,,I"
"IN010020200","1952-07","11.87","75.37","12.0","CANNANORE, IN","29",",I","26",",I","12",",I","19520706",",,I","67.1",",,I,06,","656.8",",,,I"
"IN010020200","1952-08","11.87","75.37","12.0","CANNANORE, IN","28",",I","25",",I","6",",I","19520813",",,I","34.5",",,I,13,","384.5",",,,I"
"IN010020200","1952-09","11.87","75.37","12.0","CANNANORE, IN","4",",I","3",",I","0",",I","19520908",",,I","6.9",",,I,08,","17.6",",,,I"
"IN010020200","1952-10","11.87","75.37","12.0","CANNANORE, IN","13",",I","11",",I","4",",I","19521005",",,I","37.1",",,I,05,","215.7",",,,I"
"IN010020200","1952-11","11.87","75.37","12.0","CANNANORE, IN","0",",I","0",",I","0",",I","19521130","+,,I","0.0",",,I,30,+","0.0",",,,I"
"IN010020200","1952-12","11.87","75.37","12.0","CANNANORE, IN","4",",I","4",",I","0",",I","19521213",",,I","14.5",",,I,13,","39.4",",,,I"
"IN010020200","1953-01","11.87","75.37","12.0","CANNANORE, IN","0",",I","0",",I","0",",I","19530131","+,,I","0.0",",,I,31,+","0.0",",,,I"
"IN010020200","1953-02","11.87","75.37","12.0","CANNANORE, IN","1",",I","1",",I","0",",I","19530222",",,I","16.8",",,I,22,","16.8",",,,I"
"IN010020200","1953-03","11.87","75.37","12.0","CANNANORE, IN","1",",I","0",",I","0",",I","19530311",",,I","0.3",",,I,11,","0.3",",,,I"
"IN010020200","1953-04","11.87","75.37","12.0","CANNANORE, IN","3",",I","2",",I","0",",I","19530415",",,I","4.1",",,I,15,","8.7",",,,I"
"IN010020200","1953-05","11.87","75.37","12.0","CANNANORE, IN","4",",I","3",",I","2",",I","19530530",",,I","33.5",",,I,30,","69.8",",,,I"
"IN010020200","1953-06","11.87","75.37","12.0","CANNANORE, IN","19",",I","17",",I","5",",I","19530618",",,I","43.7",",,I,18,","317.1",",,,I"
"IN010020200","1953-07","11.87","75.37","12.0","CANNANORE, IN","30",",I","28",",I","19",",I","19530703",",,I","190.5",",,I,03,","1663.5",",,,I"
"IN010020200","1953-08","11.87","75.37","12.0","CANNANORE, IN","22",",I","15",",I","5",",I","19530801",",,I","50.8",",,I,01,","302.9",",,,I"
"IN010020200","1953-09","11.87","75.37","12.0","CANNANORE, IN","12",",I","5",",I","0",",I","19530905",",,I","20.3",",,I,05,","56.0",",,,I"
"IN010020200","1953-10","11.87","75.37","12.0","CANNANORE, IN","20",",I","17",",I","5",",I","19531012",",,I","141.2",",,I,12,","510.2",",,,I"
"IN010020200","1953-11","11.87","75.37","12.0","CANNANORE, IN","0",",I","0",",I","0",",I","19531130","+,,I","0.0",",,I,30,+","0.0",",,,I"
"IN010020200","1953-12","11.87","75.37","12.0","CANNANORE, IN","0",",I","0",",I","0",",I","19531231","+,,I","0.0",",,I,31,+","0.0",",,,I"
"IN010020200","1954-01","11.87","75.37","12.0","CANNANORE, IN","1",",I","0",",I","0",",I","19540107",",,I","0.5",",,I,07,","0.5",",,,I"
"IN010020200","1954-02","11.87","75.37","12.0","CANNANORE, IN","0",",I","0",",I","0",",I","19540228","+,,I","0.0",",,I,28,+","0.0",",,,I"
"IN010020200","1954-03","11.87","75.37","12.0","CANNANORE, IN","3",",I","2",",I","0",",I","19540317",",,I","11.4",",,I,17,","18.5",",,,I"
"IN010020200","1954-04","11.87","75.37","12.0","CANNANORE, IN","5",",I","5",",I","1",",I","19540423",",,I","53.1",",,I,23,","96.6",",,,I"
"IN010020200","1954-05","11.87","75.37","12.0","CANNANORE, IN","12",",I","4",",I","3",",I","19540513",",,I","63.8",",,I,13,","175.2",",,,I"
"IN010020200","1954-06","11.87","75.37","12.0","CANNANORE, IN","29",",I","26",",I","21",",I","19540605",",,I","126.7",",,I,05,","1549.1",",,,I"
"IN010020200","1954-07","11.87","75.37","12.0","CANNANORE, IN","29",",I","25",",I","15",",I","19540717",",,I","104.6",",,I,17,","889.4",",,,I"
"IN010020200","1954-08","11.87","75.37","12.0","CANNANORE, IN","21",",I","15",",I","8",",I","19540804",",,I","116.6",",,I,04,","605.4",",,,I"
"IN010020200","1954-09","11.87","75.37","12.0","CANNANORE, IN","18",",I","15",",I","2",",I","19540906",",,I","38.1",",,I,06,","241.9",",,,I"
"IN010020200","1954-10","11.87","75.37","12.0","CANNANORE, IN","14",",I","11",",I","1",",I","19541018",",,I","35.1",",,I,18,","102.0",",,,I"
"IN010020200","1954-11","11.87","75.37","12.0","CANNANORE, IN","0",",I","0",",I","0",",I","19541130","+,,I","0.0",",,I,30,+","0.0",",,,I"
"IN010020200","1954-12","11.87","75.37","12.0","CANNANORE, IN","2",",I","1",",I","0",",I","19541216",",,I","6.4",",,I,16,","6.9",",,,I"
"IN010020200","1955-01","11.87","75.37","12.0","CANNANORE, IN","0",",I","0",",I","0",",I","19550131","+,,I","0.0",",,I,31,+","0.0",",,,I"
"IN010020200","1955-02","11.87","75.37","12.0","CANNANORE, IN","0",",I","0",",I","0",",I","19550228","+,,I","0.0",",,I,28,+","0.0",",,,I"
"IN010020200","1955-03","11.87","75.37","12.0","CANNANORE, IN","0",",I","0",",I","0",",I","19550331","+,,I","0.0",",,I,31,+","0.0",",,,I"
"IN010020200","1955-04","11.87","75.37","12.0","CANNANORE, IN","6",",I","3",",I","1",",I","19550411",",,I","52.1",",,I,11,","79.8",",,,I"
"IN010020200","1955-05","11.87","75.37","12.0","CANNANORE, IN","18",",I","16",",I","7",",I","19550530",",,I","126.5",",,I,30,","587.6",",,,I"
"IN010020200","1955-06","11.87","75.37","12.0","CANNANORE, IN","28",",I","27",",I","17",",I","19550618",",,I","74.2",",,I,18,","976.9",",,,I"
"IN010020200","1955-07","11.87","75.37","12.0","CANNANORE, IN","27",",I","24",",I","9",",I","19550715",",,I","82.6",",,I,15,","609.5",",,,I"
"IN010020200","1955-08","11.87","75.37","12.0","CANNANORE, IN","23",",I","18",",I","5",",I","19550813",",,I","33.0",",,I,13,","330.0",",,,I"
"IN010020200","1955-09","11.87","75.37","12.0","CANNANORE, IN","20",",I","16",",I","8",",I","19550929",",,I","66.8",",,I,29,","456.6",",,,I"
"IN010020200","1955-10","11.87","75.37","12.0","CANNANORE, IN","19",",I","19",",I","6",",I","19551001",",,I","70.9",",,I,01,","400.3",",,,I"
"IN010020200","1955-11","11.87","75.37","12.0","CANNANORE, IN","3",",I","3",",I","1",",I","19551103",",,I","25.4",",,I,03,","43.6",",,,I"
"IN010020200","1955-12","11.87","75.37","12.0","CANNANORE, IN","0",",I","0",",I","0",",I","19551231","+,,I","0.0",",,I,31,+","0.0",",,,I"
"IN010020200","1956-01","11.87","75.37","12.0","CANNANORE, IN","0",",I","0",",I","0",",I","19560131","+,,I","0.0",",,I,31,+","0.0",",,,I"
"IN010020200","1956-02","11.87","75.37","12.0","CANNANORE, IN","0",",I","0",",I","0",",I","19560229","+,,I","0.0",",,I,29,+","0.0",",,,I"
"IN010020200","1956-03","11.87","75.37","12.0","CANNANORE, IN","0",",I","0",",I","0",",I","19560331","+,,I","0.0",",,I,31,+","0.0",",,,I"
"IN010020200","1956-04","11.87","75.37","12.0","CANNANORE, IN","5",",I","5",",I","2",",I","19560413",",,I","33.0",",,I,13,","111.0",",,,I"
"IN010020200","1956-05","11.87","75.37","12.0","CANNANORE, IN","17",",I","17",",I","12",",I","19560527",",,I","143.0",",,I,27,","738.8",",,,I"
"IN010020200","1956-06","11.87","75.37","12.0","CANNANORE, IN","30",",I","28",",I","13",",I","19560620",",,I","119.4",",,I,20,","1066.8",",,,I"
"IN010020200","1956-07","11.87","75.37","12.0","CANNANORE, IN","27",",I","24",",I","6",",I","19560701",",,I","71.1",",,I,01,","483.0",",,,I"
"IN010020200","1956-08","11.87","75.37","12.0","CANNANORE, IN","15",",I","14",",I","3",",I","19560816",",,I","43.7",",,I,16,","222.1",",,,I"
"IN010020200","1956-09","11.87","75.37","12.0","CANNANORE, IN","19",",I","14",",I","2",",I","19560925",",,I","26.7",",,I,25,","203.3",",,,I"
"IN010020200","1956-10","11.87","75.37","12.0","CANNANORE, IN","19",",I","17",",I","3",",I","19561006",",,I","48.3",",,I,06,","228.4",",,,I"
"IN010020200","1956-11","11.87","75.37","12.0","CANNANORE, IN","5",",I","5",",I","0",",I","19561110",",,I","18.5",",,I,10,","53.0",",,,I"
"IN010020200","1956-12","11.87","75.37","12.0","CANNANORE, IN","0",",I","0",",I","0",",I","19561231","+,,I","0.0",",,I,31,+","0.0",",,,I"
"IN010020200","1957-01","11.87","75.37","12.0","CANNANORE, IN","0",",I","0",",I","0",",I","19570131","+,,I","0.0",",,I,31,+","0.0",",,,I"
"IN010020200","1957-02","11.87","75.37","12.0","CANNANORE, IN","0",",I","0",",I","0",",I","19570228","+,,I","0.0",",,I,28,+","0.0",",,,I"
"IN010020200","1957-03","11.87","75.37","12.0","CANNANORE, IN","0",",I","0",",I","0",",I","19570331","+,,I","0.0",",,I,31,+","0.0",",,,I"
"IN010020200","1957-04","11.87","75.37","12.0","CANNANORE, IN","0",",I","0",",I","0",",I","19570430","+,,I","0.0",",,I,30,+","0.0",",,,I"
"IN010020200","1957-05","11.87","75.37","12.0","CANNANORE, IN","10",",I","9",",I","4",",I","19570522",",,I","63.8",",,I,22,","243.0",",,,I"
"IN010020200","1957-06","11.87","75.37","12.0","CANNANORE, IN","28",",I","27",",I","16",",I","19570605",",,I","112.3",",,I,05,","1092.9",",,,I"
"IN010020200","1957-07","11.87","75.37","12.0","CANNANORE, IN","29",",I","26",",I","14",",I","19570710",",,I","191.0",",,I,10,","1323.7",",,,I"
"IN010020200","1957-08","11.87","75.37","12.0","CANNANORE, IN","28",",I","23",",I","6",",I","19570825",",,I","92.7",",,I,25,","522.2",",,,I"
"IN010020200","1957-09","11.87","75.37","12.0","CANNANORE, IN","5",",I","5",",I","0",",I","19570912",",,I","9.7",",,I,12,","30.0",",,,I"
"IN010020200","1957-10","11.87","75.37","12.0","CANNANORE, IN","15",",I","9",",I","2",",I","19571021",",,I","33.3",",,I,21,","117.1",",,,I"
"IN010020200","1957-11","11.87","75.37","12.0","CANNANORE, IN","7",",I","5",",I","2",",I","19571108",",,I","57.2",",,I,08,","114.6",",,,I"
"IN010020200","1957-12","11.87","75.37","12.0","CANNANORE, IN","1",",I","1",",I","1",",I","19571231",",,I","59.4",",,I,31,","59.4",",,,I"
"IN010020200","1958-01","11.87","75.37","12.0","CANNANORE, IN","0",",I","0",",I","0",",I","19580131","+,,I","0.0",",,I,31,+","0.0",",,,I"
"IN010020200","1958-02","11.87","75.37","12.0","CANNANORE, IN","0",",I","0",",I","0",",I","19580228","+,,I","0.0",",,I,28,+","0.0",",,,I"
"IN010020200","1958-03","11.87","75.37","12.0","CANNANORE, IN","0",",I","0",",I","0",",I","19580331","+,,I","0.0",",,I,31,+","0.0",",,,I"
"IN010020200","1958-04","11.87","75.37","12.0","CANNANORE, IN","5",",I","4",",I","0",",I","19580424",",,I","15.5",",,I,24,","41.4",",,,I"
"IN010020200","1958-05","11.87","75.37","12.0","CANNANORE, IN","16",",I","14",",I","4",",I","19580512",",,I","74.2",",,I,12,","279.1",",,,I"
"IN010020200","1958-06","11.87","75.37","12.0","CANNANORE, IN","18",",I","17",",I","15",",I","19580628",",,I","241.3",",,I,28,","1273.9",",,,I"
"IN010020200","1958-07","11.87","75.37","12.0","CANNANORE, IN","30",",I","28",",I","13",",I","19580712",",,I","128.5",",,I,12,","853.4",",,,I"
"IN010020200","1958-08","11.87","75.37","12.0","CANNANORE, IN","28",",I","26",",I","5",",I","19580806",",,I","67.6",",,I,06,","518.2",",,,I"
"IN010020200","1958-09","11.87","75.37","12.0","CANNANORE, IN","15",",I","11",",I","0",",I","19580911",",,I","14.2",",,I,11,","72.5",",,,I"
"IN010020200","1958-10","11.87","75.37","12.0","CANNANORE, IN","4",",I","4",",I","0",",I","19581031",",,I","14.0",",,I,31,","32.0",",,,I"
"IN010020200","1958-11","11.87","75.37","12.0","CANNANORE, IN","5",",I","4",",I","2",",I","19581122",",,I","86.4",",,I,22,","153.3",",,,I"
"IN010020200","1958-12","11.87","75.37","12.0","CANNANORE, IN","0",",I","0",",I","0",",I","19581231","+,,I","0.0",",,I,31,+","0.0",",,,I"
"IN010020200","1959-01","11.87","75.37","12.0","CANNANORE, IN","0",",I","0",",I","0",",I","19590131","+,,I","0.0",",,I,31,+","0.0",",,,I"
"IN010020200","1959-02","11.87","75.37","12.0","CANNANORE, IN","0",",I","0",",I","0",",I","19590228","+,,I","0.0",",,I,28,+","0.0",",,,I"
"IN010020200","1959-03","11.87","75.37","12.0","CANNANORE, IN","0",",I","0",",I","0",",I","19590331","+,,I","0.0",",,I,31,+","0.0",",,,I"
"IN010020200","1959-04","11.87","75.37","12.0","CANNANORE, IN","7",",I","6",",I","1",",I","19590414",",,I","44.5",",,I,14,","99.4",",,,I"
"IN010020200","1959-05","11.87","75.37","12.0","CANNANORE, IN","20",",I","17",",I","3",",I","19590519",",,I","85.9",",,I,19,","323.8",",,,I"
"IN010020200","1959-06","11.87","75.37","12.0","CANNANORE, IN","23",",I","23",",I","11",",I","19590624",",,I","103.1",",,I,24,","841.8",",,,I"
"IN010020200","1959-07","11.87","75.37","12.0","CANNANORE, IN","31",",I","31",",I","21",",I","19590710",",,I","130.1",",,I,10,","1780.5",",,,I"
"IN010020200","1959-08","11.87","75.37","12.0","CANNANORE, IN","23",",I","23",",I","9",",I","19590822",",,I","129.5",",,I,22,","646.1",",,,I"
"IN010020200","1959-09","11.87","75.37","12.0","CANNANORE, IN","24",",I","20",",I","8",",I","19590901",",,I","47.7",",,I,01,","374.7",",,,I"
"IN010020200","1959-10","11.87","75.37","12.0","CANNANORE, IN","9",",I","9",",I","1",",I","19591027",",,I","27.4",",,I,27,","87.7",",,,I"
"IN010020200","1959-11","11.87","75.37","12.0","CANNANORE, IN","7",",I","7",",I","2",",I","19591107",",,I","29.7",",,I,07,","112.8",",,,I"
"IN010020200","1959-12","11.87","75.37","12.0","CANNANORE, IN","0",",I","0",",I","0",",I","19591231","+,,I","0.0",",,I,31,+","0.0",",,,I"
"IN010020200","1960-01","11.87","75.37","12.0","CANNANORE, IN","0",",I","0",",I","0",",I","19600131","+,,I","0.0",",,I,31,+","0.0",",,,I"
"IN010020200","1960-02","11.87","75.37","12.0","CANNANORE, IN","0",",I","0",",I","0",",I","19600229","+,,I","0.0",",,I,29,+","0.0",",,,I"
"IN010020200","1960-03","11.87","75.37","12.0","CANNANORE, IN","1",",I","1",",I","0",",I","19600315",",,I","16.5",",,I,15,","16.5",",,,I"
"IN010020200","1960-04","11.87","75.37","12.0","CANNANORE, IN","9",",I","7",",I","2",",I","19600426",",,I","35.6",",,I,26,","114.9",",,,I"
"IN010020200","1960-05","11.87","75.37","12.0","CANNANORE, IN","24",",I","24",",I","8",",I","19600517",",,I","107.7",",,I,17,","620.1",",,,I"
"IN010020200","1960-06","11.87","75.37","12.0","CANNANORE, IN","27",",I","26",",I","11",",I","19600612",",,I","110.2",",,I,12,","892.4",",,,I"
"IN010020200","1960-07","11.87","75.37","12.0","CANNANORE, IN","20",",I","19",",I","12",",I","19600727",",,I","118.6",",,I,27,","912.5",",,,I"
"IN010020200","1960-08","11.87","75.37","12.0","CANNANORE, IN","20",",I","20",",I","6",",I","19600804",",,I","82.5",",,I,04,","389.3",",,,I"
"IN010020200","1960-09","11.87","75.37","12.0","CANNANORE, IN","19",",I","18",",I","1",",I","19600922",",,I","37.3",",,I,22,","185.4",",,,I"
"IN010020200","1960-10","11.87","75.37","12.0","CANNANORE, IN","9",",I","9",",I","1",",I","19601028",",,I","41.9",",,I,28,","117.5",",,,I"
"IN010020200","1960-11","11.87","75.37","12.0","CANNANORE, IN","19",",I","15",",I","4",",I","19601101",",,I","116.6",",,I,01,","370.5",",,,I"
"IN010020200","1960-12","11.87","75.37","12.0","CANNANORE, IN","0",",I","0",",I","0",",I","19601231","+,,I","0.0",",,I,31,+","0.0",",,,I"
"IN010020200","1961-01","11.87","75.37","12.0","CANNANORE, IN","0",",I","0",",I","0",",I","19610131","+,,I","0.0",",,I,31,+","0.0",",,,I"
"IN010020200","1961-02","11.87","75.37","12.0","CANNANORE, IN","1",",I","1",",I","0",",I","19610216",",,I","7.1",",,I,16,","7.1",",,,I"
"IN010020200","1961-03","11.87","75.37","12.0","CANNANORE, IN","0",",I","0",",I","0",",I","19610331","+,,I","0.0",",,I,31,+","0.0",",,,I"
"IN010020200","1961-04","11.87","75.37","12.0","CANNANORE, IN","3",",I","2",",I","0",",I","19610423",",,I","10.9",",,I,23,","22.1",",,,I"
"IN010020200","1961-05","11.87","75.37","12.0","CANNANORE, IN","14",",I","14",",I","9",",I","19610529",",,I","90.9",",,I,29,","571.1",",,,I"
"IN010020200","1961-06","11.87","75.37","12.0","CANNANORE, IN","30",",I","28",",I","15",",I","19610613",",,I","174.0",",,I,13,","1257.1",",,,I"
"IN010020200","1961-07","11.87","75.37","12.0","CANNANORE, IN","31",",I","29",",I","23",",I","19610721",",,I","143.0",",,I,21,","1479.5",",,,I"
"IN010020200","1961-08","11.87","75.37","12.0","CANNANORE, IN","29",",I","28",",I","18",",I","19610815",",,I","106.4",",,I,15,","1172.8",",,,I"
"IN010020200","1961-09","11.87","75.37","12.0","CANNANORE, IN","25",",I","24",",I","10",",I","19610930",",,I","105.7",",,I,30,","753.9",",,,I"
"IN010020200","1961-10","11.87","75.37","12.0","CANNANORE, IN","14",",I","13",",I","4",",I","19611029",",,I","96.5",",,I,29,","306.9",",,,I"
"IN010020200","1961-11","11.87","75.37","12.0","CANNANORE, IN","3",",I","3",",I","1",",I","19611102",",,I","52.1",",,I,02,","64.9",",,,I"
"IN010020200","1961-12","11.87","75.37","12.0","CANNANORE, IN","1",",I","1",",I","0",",I","19611201",",,I","25.1",",,I,01,","25.1",",,,I"
"IN010020200","1962-01","11.87","75.37","12.0","CANNANORE, IN","1",",I","1",",I","0",",I","19620126",",,I","15.2",",,I,26,","15.2",",,,I"
"IN010020200","1962-02","11.87","75.37","12.0","CANNANORE, IN","1",",I","1",",I","1",",I","19620227",",,I","27.7",",,I,27,","27.7",",,,I"
"IN010020200","1962-03","11.87","75.37","12.0","CANNANORE, IN","0",",I","0",",I","0",",I","19620331","+,,I","0.0",",,I,31,+","0.0",",,,I"
"IN010020200","1962-04","11.87","75.37","12.0","CANNANORE, IN","4",",I","4",",I","0",",I","19620405",",,I","17.3",",,I,05,","29.8",",,,I"
"IN010020200","1962-05","11.87","75.37","12.0","CANNANORE, IN","21",",I","19",",I","9",",I","19620519",",,I","208.3",",,I,19,","657.4",",,,I"
"IN010020200","1962-06","11.87","75.37","12.0","CANNANORE, IN","19",",I","18",",I","7",",I","19620614",",,I","76.2",",,I,14,","455.6",",,,I"
"IN010020200","1962-07","11.87","75.37","12.0","CANNANORE, IN","30",",I","27",",I","17",",I","19620708",",,I","134.1",",,I,08,","1234.0",",,,I"
"IN010020200","1962-08","11.87","75.37","12.0","CANNANORE, IN","23",",I","21",",I","13",",I","19620807",",,I","95.5",",,I,07,","849.9",",,,I"
"IN010020200","1962-09","11.87","75.37","12.0","CANNANORE, IN","16",",I","11",",I","4",",I","19620906",",,I","43.2",",,I,06,","211.4",",,,I"
"IN010020200","1962-10","11.87","75.37","12.0","CANNANORE, IN","23",",I","19",",I","7",",I","19621015",",,I","71.1",",,I,15,","455.1",",,,I"
"IN010020200","1962-11","11.87","75.37","12.0","CANNANORE, IN","0",",I","0",",I","0",",I","19621101",",,I","0.1",",,I,01,","0.1",",,,I"
"IN010020200","1962-12","11.87","75.37","12.0","CANNANORE, IN","5",",I","5",",I","0",",I","19621202",",,I","17.3",",,I,02,","47.7",",,,I"
"IN010020200","1963-01","11.87","75.37","12.0","CANNANORE, IN","2",",I","2",",I","1",",I","19630112",",,I","28.2",",,I,12,","32.7",",,,I"
"IN010020200","1963-02","11.87","75.37","12.0","CANNANORE, IN","1",",I","1",",I","0",",I","19630223",",,I","3.3",",,I,23,","3.3",",,,I"
"IN010020200","1963-03","11.87","75.37","12.0","CANNANORE, IN","1",",I","0",",I","0",",I","19630325",",,I","2.0",",,I,25,","2.0",",,,I"
"IN010020200","1963-05","11.87","75.37","12.0","CANNANORE, IN","6",",I","1",",I","0",",I","19630520",",,I","3.0",",,I,20,","7.8",",,,I"
"IN010020200","1963-06","11.87","75.37","12.0","CANNANORE, IN","28",",I","23",",I","9",",I","19630606",",,I","81.3",",,I,06,","695.0",",,,I"
"IN010020200","1963-07","11.87","75.37","12.0","CANNANORE, IN","28",",I","23",",I","15",",I","19630730",",,I","97.0",",,I,30,","982.8",",,,I"
"IN010020200","1963-08","11.87","75.37","12.0","CANNANORE, IN","28",",I","26",",I","10",",I","19630813",",,I","95.0",",,I,13,","739.3",",,,I"
"IN010020200","1963-09","11.87","75.37","12.0","CANNANORE, IN","14",",I","9",",I","0",",I","19630906",",,I","13.1",",,I,06,","81.7",",,,I"
"IN010020200","1963-10","11.87","75.37","12.0","CANNANORE, IN","5",",I","5",",I","3",",I","19631023",",,I","96.1",",,I,23,","218.3",",,,I"
"IN010020200","1963-11","11.87","75.37","12.0","CANNANORE, IN","1",",I","1",",I","0",",I","19631130",",,I","15.0",",,I,30,","15.0",",,,I"
"IN010020200","1963-12","11.87","75.37","12.0","CANNANORE, IN","3",",I","1",",I","0",",I","19631201",",,I","9.0",",,I,01,","11.2",",,,I"
"IN010020200","1964-01","11.87","75.37","12.0","CANNANORE, IN","0",",I","0",",I","0",",I","19640131","+,,I","0.0",",,I,31,+","0.0",",,,I"
"IN010020200","1964-02","11.87","75.37","12.0","CANNANORE, IN","0",",I","0",",I","0",",I","19640229","+,,I","0.0",",,I,29,+","0.0",",,,I"
"IN010020200","1964-03","11.87","75.37","12.0","CANNANORE, IN","1",",I","1",",I","0",",I","19640323",",,I","4.1",",,I,23,","4.1",",,,I"
"IN010020200","1964-04","11.87","75.37","12.0","CANNANORE, IN","3",",I","1",",I","0",",I","19640428",",,I","24.9",",,I,28,","27.7",",,,I"
"IN010020200","1964-05","11.87","75.37","12.0","CANNANORE, IN","4",",I","2",",I","0",",I","19640518","+,,I","3.6",",,I,18,+","8.6",",,,I"
"IN010020200","1964-06","11.87","75.37","12.0","CANNANORE, IN","25",",I","19",",I","6",",I","19640624",",,I","75.6",",,I,24,","391.2",",,,I"
"IN010020200","1964-07","11.87","75.37","12.0","CANNANORE, IN","27",",I","22",",I","9",",I","19640703",",,I","101.2",",,I,03,","639.4",",,,I"
"IN010020200","1964-08","11.87","75.37","12.0","CANNANORE, IN","25",",I","23",",I","10",",I","19640825",",,I","70.8",",,I,25,","617.2",",,,I"
"IN010020200","1964-09","11.87","75.37","12.0","CANNANORE, IN","11",",I","11",",I","4",",I","19640910",",,I","57.0",",,I,10,","252.6",",,,I"
"IN010020200","1964-10","11.87","75.37","12.0","CANNANORE, IN","7",",I","3",",I","1",",I","19641029",",,I","36.8",",,I,29,","68.4",",,,I"
"IN010020200","1964-11","11.87","75.37","12.0","CANNANORE, IN","0",",I","0",",I","0",",I","19641105",",,I","0.2",",,I,05,","0.5",",,,I"
"IN010020200","1964-12","11.87","75.37","12.0","CANNANORE, IN","3",",I","2",",I","0",",I","19641225",",,I","8.0",",,I,25,","14.3",",,,I"
"IN010020200","1965-01","11.87","75.37","12.0","CANNANORE, IN","0",",I","0",",I","0",",I","19650131","+,,I","0.0",",,I,31,+","0.0",",,,I"
"IN010020200","1965-02","11.87","75.37","12.0","CANNANORE, IN","0",",I","0",",I","0",",I","19650228","+,,I","0.0",",,I,28,+","0.0",",,,I"
"IN010020200","1965-03","11.87","75.37","12.0","CANNANORE, IN","0",",I","0",",I","0",",I","19650331","+,,I","0.0",",,I,31,+","0.0",",,,I"
"IN010020200","1965-04","11.87","75.37","12.0","CANNANORE, IN","2",",I","2",",I","0",",I","19650416",",,I","17.6",",,I,16,","20.6",",,,I"
"IN010020200","1965-05","11.87","75.37","12.0","CANNANORE, IN","9",",I","6",",I","0",",I","19650525",",,I","22.0",",,I,25,","83.0",",,,I"
"IN010020200","1965-06","11.87","75.37","12.0","CANNANORE, IN","27",",I","26",",I","15",",I","19650616",",,I","75.4",",,I,16,","803.6",",,,I"
"IN010020200","1965-07","11.87","75.37","12.0","CANNANORE, IN","22",",I","20",",I","11",",I","19650731",",,I","116.6",",,I,31,","739.0",",,,I"
"IN010020200","1965-08","11.87","75.37","12.0","CANNANORE, IN","17",",I","14",",I","5",",I","19650826",",,I","70.0",",,I,26,","370.8",",,,I"
"IN010020200","1965-09","11.87","75.37","12.0","CANNANORE, IN","15",",I","14",",I","0",",I","19650904",",,I","23.0",",,I,04,","161.0",",,,I"
"IN010020200","1965-10","11.87","75.37","12.0","CANNANORE, IN","8",",I","7",",I","0",",I","19651030",",,I","19.0",",,I,30,","76.2",",,,I"
"IN010020200","1965-11","11.87","75.37","12.0","CANNANORE, IN","5",",I","4",",I","1",",I","19651124",",,I","29.0",",,I,24,","42.0",",,,I"
"IN010020200","1965-12","11.87","75.37","12.0","CANNANORE, IN","4",",I","4",",I","1",",I","19651209",",,I","71.9",",,I,09,","113.9",",,,I"
"IN010020200","1966-01","11.87","75.37","12.0","CANNANORE, IN","0",",I","0",",I","0",",I","19660131","+,,I","0.0",",,I,31,+","0.0",",,,I"
"IN010020200","1966-02","11.87","75.37","12.0","CANNANORE, IN","0",",I","0",",I","0",",I","19660228","+,,I","0.0",",,I,28,+","0.0",",,,I"
"IN010020200","1966-03","11.87","75.37","12.0","CANNANORE, IN","2",",I","1",",I","0",",I","19660315",",,I","3.1",",,I,15,","4.6",",,,I"
"IN010020200","1966-04","11.87","75.37","12.0","CANNANORE, IN","0",",I","0",",I","0",",I","19660430","+,,I","0.0",",,I,30,+","0.0",",,,I"
"IN010020200","1966-05","11.87","75.37","12.0","CANNANORE, IN","4",",I","4",",I","2",",I","19660502",",,I","81.0",",,I,02,","176.3",",,,I"
"IN010020200","1966-06","11.87","75.37","12.0","CANNANORE, IN","21",",I","19",",I","12",",I","19660604",",,I","91.0",",,I,04,","724.4",",,,I"
"IN010020200","1966-07","11.87","75.37","12.0","CANNANORE, IN","29",",I","26",",I","7",",I","19660704",",,I","77.0",",,I,04,","617.4",",,,I"
"IN010020200","1966-08","11.87","75.37","12.0","CANNANORE, IN","16",",I","15",",I","4",",I","19660801",",,I","44.0",",,I,01,","239.4",",,,I"
"IN010020200","1966-09","11.87","75.37","12.0","CANNANORE, IN","8",",I","7",",I","3",",I","19660930",",,I","58.0",",,I,30,","180.2",",,,I"
"IN010020200","1966-10","11.87","75.37","12.0","CANNANORE, IN","14",",I","12",",I","4",",I","19661002",",,I","85.0",",,I,02,","341.6",",,,I"
"IN010020200","1966-11","11.87","75.37","12.0","CANNANORE, IN","5",",I","5",",I","3",",I","19661111",",,I","114.6",",,I,11,","217.4",",,,I"
"IN010020200","1966-12","11.87","75.37","12.0","CANNANORE, IN","0",",I","0",",I","0",",I","19661231","+,,I","0.0",",,I,31,+","0.0",",,,I"
"IN010020200","1967-01","11.87","75.37","12.0","CANNANORE, IN","0",",I","0",",I","0",",I","19670131","+,,I","0.0",",,I,31,+","0.0",",,,I"
"IN010020200","1967-02","11.87","75.37","12.0","CANNANORE, IN","0",",I","0",",I","0",",I","19670228","+,,I","0.0",",,I,28,+","0.0",",,,I"
"IN010020200","1967-03","11.87","75.37","12.0","CANNANORE, IN","0",",I","0",",I","0",",I","19670331","+,,I","0.0",",,I,31,+","0.0",",,,I"
"IN010020200","1967-04","11.87","75.37","12.0","CANNANORE, IN","0",",I","0",",I","0",",I","19670430","+,,I","0.0",",,I,30,+","0.0",",,,I"
"IN010020200","1967-05","11.87","75.37","12.0","CANNANORE, IN","6",",I","5",",I","2",",I","19670516",",,I","46.2",",,I,16,","117.2",",,,I"
"IN010020200","1967-06","11.87","75.37","12.0","CANNANORE, IN","20",",I","18",",I","6",",I","19670629",",,I","116.4",",,I,29,","610.8",",,,I"
"IN010020200","1967-07","11.87","75.37","12.0","CANNANORE, IN","31",",I","31",",I","16",",I","19670705",",,I","148.8",",,I,05,","1117.3",",,,I"
"IN010020200","1967-08","11.87","75.37","12.0","CANNANORE, IN","27",",I","23",",I","11",",I","19670823",",,I","151.8",",,I,23,","783.6",",,,I"
"IN010020200","1967-09","11.87","75.37","12.0","CANNANORE, IN","8",",I","7",",I","2",",I","19670930",",,I","69.0",",,I,30,","136.4",",,,I"
"IN010020200","1967-10","11.87","75.37","12.0","CANNANORE, IN","6",",I","6",",I","0",",I","19671018",",,I","24.8",",,I,18,","53.8",",,,I"
"IN010020200","1967-11","11.87","75.37","12.0","CANNANORE, IN","3",",I","2",",I","1",",I","19671103",",,I","29.4",",,I,03,","44.4",",,,I"
"IN010020200","1967-12","11.87","75.37","12.0","CANNANORE, IN","0",",I","0",",I","0",",I","19671231","+,,I","0.0",",,I,31,+","0.0",",,,I"
"IN010020200","1968-01","11.87","75.37","12.0","CANNANORE, IN","0",",I","0",",I","0",",I","19680131","+,,I","0.0",",,I,31,+","0.0",",,,I"
"IN010020200","1968-02","11.87","75.37","12.0","CANNANORE, IN","0",",I","0",",I","0",",I","19680229","+,,I","0.0",",,I,29,+","0.0",",,,I"
"IN010020200","1968-03","11.87","75.37","12.0","CANNANORE, IN","2",",I","2",",I","0",",I","19680319",",,I","13.2",",,I,19,","17.2",",,,I"
"IN010020200","1968-04","11.87","75.37","12.0","CANNANORE, IN","5",",I","5",",I","2",",I","19680420",",,I","30.4",",,I,20,","82.4",",,,I"
"IN010020200","1968-05","11.87","75.37","12.0","CANNANORE, IN","4",",I","3",",I","0",",I","19680531",",,I","19.0",",,I,31,","47.6",",,,I"
"IN010020200","1968-06","11.87","75.37","12.0","CANNANORE, IN","24",",I","22",",I","14",",I","19680614",",,I","71.0",",,I,14,","833.0",",,,I"
"IN010020200","1968-08","11.87","75.37","12.0","CANNANORE, IN","22",",I","18",",I","2",",I","19680813",",,I","87.4",",,I,13,","297.8",",,,I"
"IN010020200","1968-09","11.87","75.37","12.0","CANNANORE, IN","8",",I","7",",I","1",",I","19680929",",,I","75.0",",,I,29,","140.1",",,,I"
"IN010020200","1968-10","11.87","75.37","12.0","CANNANORE, IN","8",",I","7",",I","1",",I","19681002",",,I","30.0",",,I,02,","79.2",",,,I"
"IN010020200","1968-11","11.87","75.37","12.0","CANNANORE, IN","0",",I","0",",I","0",",I","19681130","+,,I","0.0",",,I,30,+","0.0",",,,I"
"IN010020200","1968-12","11.87","75.37","12.0","CANNANORE, IN","0",",I","0",",I","0",",I","19681231","+,,I","0.0",",,I,31,+","0.0",",,,I"
"IN010020200","1969-01","11.87","75.37","12.0","CANNANORE, IN","0",",I","0",",I","0",",I","19690131","+,,I","0.0",",,I,31,+","0.0",",,,I"
"IN010020200","1969-02","11.87","75.37","12.0","CANNANORE, IN","0",",I","0",",I","0",",I","19690228","+,,I","0.0",",,I,28,+","0.0",",,,I"
"IN010020200","1969-03","11.87","75.37","12.0","CANNANORE, IN","0",",I","0",",I","0",",I","19690331","+,,I","0.0",",,I,31,+","0.0",",,,I"
"IN010020200","1969-04","11.87","75.37","12.0","CANNANORE, IN","3",",I","2",",I","1",",I","19690418",",,I","115.0",",,I,18,","120.0",",,,I"
"IN010020200","1969-05","11.87","75.37","12.0","CANNANORE, IN","6",",I","5",",I","1",",I","19690525",",,I","42.0",",,I,25,","89.0",",,,I"
"IN010020200","1969-06","11.87","75.37","12.0","CANNANORE, IN","24",",I","23",",I","13",",I","19690623",",,I","101.0",",,I,23,","695.8",",,,I"
"IN010020200","1969-07","11.87","75.37","12.0","CANNANORE, IN","29",",I","29",",I","16",",I","19690724",",,I","134.1",",,I,24,","1078.1",",,,I"
"IN010020200","1969-08","11.87","75.37","12.0","CANNANORE, IN","18",",I","18",",I","2",",I","19690808","+,,I","26.0",",,I,08,+","300.2",",,,I"
"IN010020200","1969-09","11.87","75.37","12.0","CANNANORE, IN","14",",I","14",",I","5",",I","19690903",",,I","83.2",",,I,03,","305.0",",,,I"
"IN010020200","1969-10","11.87","75.37","12.0","CANNANORE, IN","11",",I","10",",I","3",",I","19691009",",,I","103.0",",,I,09,","262.4",",,,I"
"IN010020200","1969-11","11.87","75.37","12.0","CANNANORE, IN","6",",I","5",",I","2",",I","19691124",",,I","70.4",",,I,24,","186.4",",,,I"
"IN010020200","1969-12","11.87","75.37","12.0","CANNANORE, IN","2",",I","1",",I","1",",I","19691214",",,I","140.4",",,I,14,","142.0",",,,I"
"IN010020200","1970-01","11.87","75.37","12.0","CANNANORE, IN","0",",I","0",",I","0",",I","19700131","+,,I","0.0",",,I,31,+","0.0",",,,I"
"IN010020200","1970-02","11.87","75.37","12.0","CANNANORE, IN","0",",I","0",",I","0",",I","19700228","+,,I","0.0",",,I,28,+","0.0",",,,I"
"IN010020200","1970-09","11.87","75.37","12.0","CANNANORE, IN","10",",I","6",",I","0",",I","19700904",",,I","6.1",",,I,04,","33.5",",,,I"
"IN010020200","1970-10","11.87","75.37","12.0","CANNANORE, IN","11",",I","1",",I","0",",I","19701019",",,I","9.7",",,I,19,","18.5",",,,I"
"IN010020200","1970-11","11.87","75.37","12.0","CANNANORE, IN","5",",I","0",",I","0",",I","19701121",",,I","0.6",",,I,21,","2.6",",,,I"
"IN010020200","1970-12","11.87","75.37","12.0","CANNANORE, IN","0",",I","0",",I","0",",I","19701231","+,,I","0.0",",,I,31,+","0.0",",,,I"
