"STATION","DATE","LATITUDE","LONGITUDE","ELEVATION","NAME","DP01","DP01_ATTRIBUTES","DP10","DP10_ATTRIBUTES","DP1X","DP1X_ATTRIBUTES","DYXP","DYXP_ATTRIBUTES","EMXP","EMXP_ATTRIBUTES","PRCP","PRCP_ATTRIBUTES"
"IN023440400","1901-01","29.58","80.22","1646.0","PITHORAGARH, IN","8",",I","8",",I","2",",I","19010115","+,,I","25.4",",,I,15,+","106.6",",,,I"
"IN023440400","1901-02","29.58","80.22","1646.0","PITHORAGARH, IN","5",",I","5",",I","0",",I","19010220",",,I","24.1",",,I,20,","69.9",",,,I"
"IN023440400","1901-03","29.58","80.22","1646.0","PITHORAGARH, IN","3",",I","2",",I","0",",I","19010320",",,I","4.3",",,I,20,","8.1",",,,I"
"IN023440400","1901-04","29.58","80.22","1646.0","PITHORAGARH, IN","0",",I","0",",I","0",",I","19010430","+,,I","0.0",",,I,30,+","0.0",",,,I"
"IN023440400","1901-05","29.58","80.22","1646.0","PITHORAGARH, IN","8",",I","6",",I","0",",I","19010506",",,I","17.8",",,I,06,","73.6",",,,I"
"IN023440400","1901-06","29.58","80.22","1646.0","PITHORAGARH, IN","7",",I","5",",I","0",",I","19010614",",,I","14.0",",,I,14,","51.4",",,,I"
"IN023440400","1901-07","29.58","80.22","1646.0","PITHORAGARH, IN","16",",I","14",",I","6",",I","19010712",",,I","50.8",",,I,12,","317.8",",,,I"
"IN023440400","1901-08","29.58","80.22","1646.0","PITHORAGARH, IN","23",",I","17",",I","9",",I","19010829",",,I","59.2",",,I,29,","384.2",",,,I"
"IN023440400","1901-09","29.58","80.22","1646.0","PITHORAGARH, IN","9",",I","9",",I","2",",I","19010925",",,I","101.6",",,I,25,","196.0",",,,I"
"IN023440400","1901-10","29.58","80.22","1646.0","PITHORAGARH, IN","1",",I","0",",I","0",",I","19011004",",,I","1.8",",,I,04,","1.8",",,,I"
"IN023440400","1901-11","29.58","80.22","1646.0","PITHORAGARH, IN","0",",I","0",",I","0",",I","19011130","+,,I","0.0",",,I,30,+","0.0",",,,I"
"IN023440400","1901-12","29.58","80.22","1646.0","PITHORAGARH, IN","2",",I","2",",I","0",",I","19011228",",,I","20.3",",,I,28,","37.6",",,,I"
"IN023440400","1902-01","29.58","80.22","1646.0","PITHORAGARH, IN","0",",I","0",",I","0",",I","19020131","+,,I","0.0",",,I,31,+","0.0",",,,I"
"IN023440400","1902-02","29.58","80.22","1646.0","PITHORAGARH, IN","1",",I","1",",I","0",",I","19020221",",,I","6.1",",,I,21,","6.1",",,,I"
"IN023440400","1902-03","29.58","80.22","1646.0","PITHORAGARH, IN","2",",I","1",",I","0",",I","19020319",",,I","11.9",",,I,19,","13.2",",,,I"
"IN023440400","1902-04","29.58","80.22","1646.0","PITHORAGARH, IN","4",",I","4",",I","0",",I","19020425",",,I","10.7",",,I,25,","31.3",",,,I"
"IN023440400","1902-05","29.58","80.22","1646.0","PITHORAGARH, IN","10",",I","7",",I","0",",I","19020510",",,I","18.3",",,I,10,","82.8",",,,I"
"IN023440400","1902-06","29.58","80.22","1646.0","PITHORAGARH, IN","7",",I","7",",I","2",",I","19020604",",,I","35.6",",,I,04,","106.5",",,,I"
"IN023440400","1902-07","29.58","80.22","1646.0","PITHORAGARH, IN","23",",I","22",",I","4",",I","19020726",",,I","83.8",",,I,26,","411.8",",,,I"
"IN023440400","1902-08","29.58","80.22","1646.0","PITHORAGARH, IN","11",",I","11",",I","2",",I","19020809",",,I","45.7",",,I,09,","198.2",",,,I"
"IN023440400","1902-09","29.58","80.22","1646.0","PITHORAGARH, IN","7",",I","6",",I","2",",I","19020923",",,I","96.5",",,I,23,","172.6",",,,I"
"IN023440400","1902-10","29.58","80.22","1646.0","PITHORAGARH, IN","5",",I","4",",I","0",",I","19021003",",,I","20.3",",,I,03,","57.6",",,,I"
"IN023440400","1902-11","29.58","80.22","1646.0","PITHORAGARH, IN","0",",I","0",",I","0",",I","19021130","+,,I","0.0",",,I,30,+","0.0",",,,I"
"IN023440400","1902-12","29.58","80.22","1646.0","PITHORAGARH, IN","0",",I","0",",I","0",",I","19021231","+,,I","0.0",",,I,31,+","0.0",",,,I"
"IN023440400","1903-01","29.58","80.22","1646.0","PITHORAGARH, IN","4",",I","4",",I","1",",I","19030126",",,I","30.2",",,I,26,","54.1",",,,I"
"IN023440400","1903-02","29.58","80.22","1646.0","PITHORAGARH, IN","5",",I","3",",I","0",",I","19030217",",,I","7.9",",,I,17,","17.3",",,,I"
"IN023440400","1903-03","29.58","80.22","1646.0","PITHORAGARH, IN","7",",I","6",",I","0",",I","19030321",",,I","18.8",",,I,21,","60.5",",,,I"
"IN023440400","1903-04","29.58","80.22","1646.0","PITHORAGARH, IN","1",",I","1",",I","0",",I","19030410",",,I","8.9",",,I,10,","8.9",",,,I"
"IN023440400","1903-05","29.58","80.22","1646.0","PITHORAGARH, IN","7",",I","6",",I","0",",I","19030527",",,I","17.5",",,I,27,","52.2",",,,I"
"IN023440400","1903-06","29.58","80.22","1646.0","PITHORAGARH, IN","16",",I","13",",I","2",",I","19030614","+,,I","27.9",",,I,14,+","174.0",",,,I"
"IN023440400","1903-07","29.58","80.22","1646.0","PITHORAGARH, IN","15",",I","13",",I","0",",I","19030730",",,I","19.1",",,I,30,","115.2",",,,I"
"IN023440400","1903-08","29.58","80.22","1646.0","PITHORAGARH, IN","16",",I","13",",I","3",",I","19030813",",,I","48.3",",,I,13,","238.2",",,,I"
"IN023440400","1903-09","29.58","80.22","1646.0","PITHORAGARH, IN","8",",I","7",",I","2",",I","19030916",",,I","39.4",",,I,16,","109.5",",,,I"
"IN023440400","1903-10","29.58","80.22","1646.0","PITHORAGARH, IN","4",",I","4",",I","2",",I","19031010",",,I","40.6",",,I,10,","84.7",",,,I"
"IN023440400","1903-11","29.58","80.22","1646.0","PITHORAGARH, IN","0",",I","0",",I","0",",I","19031130","+,,I","0.0",",,I,30,+","0.0",",,,I"
"IN023440400","1903-12","29.58","80.22","1646.0","PITHORAGARH, IN","2",",I","2",",I","0",",I","19031227",",,I","11.9",",,I,27,","17.5",",,,I"
"IN023440400","1904-01","29.58","80.22","1646.0","PITHORAGARH, IN","4",",I","3",",I","0",",I","19040119",",,I","22.1",",,I,19,","38.6",",,,I"
"IN023440400","1904-02","29.58","80.22","1646.0","PITHORAGARH, IN","0",",I","0",",I","0",",I","19040229","+,,I","0.0",",,I,29,+","0.0",",,,I"
"IN023440400","1904-03","29.58","80.22","1646.0","PITHORAGARH, IN","7",",I","6",",I","1",",I","19040304",",,I","27.9",",,I,04,","60.2",",,,I"
"IN023440400","1904-04","29.58","80.22","1646.0","PITHORAGARH, IN","2",",I","1",",I","0",",I","19040409",",,I","9.1",",,I,09,","11.4",",,,I"
"IN023440400","1904-05","29.58","80.22","1646.0","PITHORAGARH, IN","10",",I","9",",I","0",",I","19040515",",,I","18.0",",,I,15,","71.6",",,,I"
"IN023440400","1904-06","29.58","80.22","1646.0","PITHORAGARH, IN","18",",I","13",",I","3",",I","19040622",",,I","84.6",",,I,22,","273.0",",,,I"
"IN023440400","1904-07","29.58","80.22","1646.0","PITHORAGARH, IN","20",",I","20",",I","2",",I","19040729",",,I","58.4",",,I,29,","281.5",",,,I"
"IN023440400","1904-08","29.58","80.22","1646.0","PITHORAGARH, IN","23",",I","19",",I","2",",I","19040822",",,I","54.6",",,I,22,","279.6",",,,I"
"IN023440400","1904-09","29.58","80.22","1646.0","PITHORAGARH, IN","9",",I","6",",I","1",",I","19040917",",,I","48.3",",,I,17,","82.5",",,,I"
"IN023440400","1904-10","29.58","80.22","1646.0","PITHORAGARH, IN","1",",I","0",",I","0",",I","19041030",",,I","1.0",",,I,30,","1.0",",,,I"
"IN023440400","1904-11","29.58","80.22","1646.0","PITHORAGARH, IN","3",",I","2",",I","0",",I","19041115",",,I","21.3",",,I,15,","30.9",",,,I"
"IN023440400","1904-12","29.58","80.22","1646.0","PITHORAGARH, IN","2",",I","2",",I","0",",I","19041218",",,I","16.0",",,I,18,","26.2",",,,I"
"IN023440400","1905-01","29.58","80.22","1646.0","PITHORAGARH, IN","7",",I","6",",I","1",",I","19050122",",,I","45.0",",,I,22,","85.1",",,,I"
"IN023440400","1905-02","29.58","80.22","1646.0","PITHORAGARH, IN","11",",I","9",",I","0",",I","19050217",",,I","22.1",",,I,17,","84.1",",,,I"
"IN023440400","1905-03","29.58","80.22","1646.0","PITHORAGARH, IN","8",",I","5",",I","0",",I","19050309","+,,I","17.5",",,I,09,+","58.7",",,,I"
"IN023440400","1905-04","29.58","80.22","1646.0","PITHORAGARH, IN","3",",I","2",",I","0",",I","19050413",",,I","6.1",",,I,13,","11.7",",,,I"
"IN023440400","1905-05","29.58","80.22","1646.0","PITHORAGARH, IN","17",",I","13",",I","0",",I","19050514",",,I","23.9",",,I,14,","120.9",",,,I"
"IN023440400","1905-06","29.58","80.22","1646.0","PITHORAGARH, IN","19",",I","15",",I","2",",I","19050622",",,I","68.6",",,I,22,","185.0",",,,I"
"IN023440400","1905-07","29.58","80.22","1646.0","PITHORAGARH, IN","23",",I","17",",I","2",",I","19050702",",,I","27.9",",,I,02,","190.9",",,,I"
"IN023440400","1905-08","29.58","80.22","1646.0","PITHORAGARH, IN","16",",I","14",",I","4",",I","19050812",",,I","53.3",",,I,12,","247.7",",,,I"
"IN023440400","1905-09","29.58","80.22","1646.0","PITHORAGARH, IN","8",",I","5",",I","0",",I","19050911",",,I","19.1",",,I,11,","69.1",",,,I"
"IN023440400","1905-10","29.58","80.22","1646.0","PITHORAGARH, IN","0",",I","0",",I","0",",I","19051031","+,,I","0.0",",,I,31,+","0.0",",,,I"
"IN023440400","1905-11","29.58","80.22","1646.0","PITHORAGARH, IN","0",",I","0",",I","0",",I","19051130","+,,I","0.0",",,I,30,+","0.0",",,,I"
"IN023440400","1905-12","29.58","80.22","1646.0","PITHORAGARH, IN","3",",I","2",",I","0",",I","19051229",",,I","5.6",",,I,29,","8.7",",,,I"
"IN023440400","1906-01","29.58","80.22","1646.0","PITHORAGARH, IN","4",",I","4",",I","0",",I","19060109",",,I","8.1",",,I,09,","23.1",",,,I"
"IN023440400","1906-02","29.58","80.22","1646.0","PITHORAGARH, IN","10",",I","8",",I","2",",I","19060216",",,I","30.0",",,I,16,","110.7",",,,I"
"IN023440400","1906-03","29.58","80.22","1646.0","PITHORAGARH, IN","2",",I","2",",I","0",",I","19060312",",,I","5.1",",,I,12,","8.4",",,,I"
"IN023440400","1906-04","29.58","80.22","1646.0","PITHORAGARH, IN","2",",I","1",",I","0",",I","19060401",",,I","8.1",",,I,01,","9.4",",,,I"
"IN023440400","1906-05","29.58","80.22","1646.0","PITHORAGARH, IN","7",",I","6",",I","0",",I","19060511",",,I","21.6",",,I,11,","77.3",",,,I"
"IN023440400","1906-06","29.58","80.22","1646.0","PITHORAGARH, IN","13",",I","10",",I","0",",I","19060621",",,I","19.1",",,I,21,","90.5",",,,I"
"IN023440400","1906-07","29.58","80.22","1646.0","PITHORAGARH, IN","19",",I","14",",I","2",",I","19060717",",,I","68.6",",,I,17,","247.7",",,,I"
"IN023440400","1906-08","29.58","80.22","1646.0","PITHORAGARH, IN","21",",I","16",",I","5",",I","19060803",",,I","62.2",",,I,03,","369.6",",,,I"
"IN023440400","1906-09","29.58","80.22","1646.0","PITHORAGARH, IN","15",",I","12",",I","2",",I","19060916",",,I","33.0",",,I,16,","162.7",",,,I"
"IN023440400","1906-10","29.58","80.22","1646.0","PITHORAGARH, IN","1",",I","1",",I","0",",I","19061010",",,I","9.9",",,I,10,","9.9",",,,I"
"IN023440400","1906-11","29.58","80.22","1646.0","PITHORAGARH, IN","0",",I","0",",I","0",",I","19061130","+,,I","0.0",",,I,30,+","0.0",",,,I"
"IN023440400","1906-12","29.58","80.22","1646.0","PITHORAGARH, IN","1",",I","1",",I","0",",I","19061219",",,I","14.0",",,I,19,","14.0",",,,I"
"IN023440400","1907-01","29.58","80.22","1646.0","PITHORAGARH, IN","3",",I","3",",I","0",",I","19070110",",,I","21.6",",,I,10,","31.7",",,,I"
"IN023440400","1907-02","29.58","80.22","1646.0","PITHORAGARH, IN","11",",I","11",",I","1",",I","19070206",",,I","50.8",",,I,06,","129.7",",,,I"
"IN023440400","1907-03","29.58","80.22","1646.0","PITHORAGARH, IN","9",",I","8",",I","2",",I","19070322",",,I","53.3",",,I,22,","132.6",",,,I"
"IN023440400","1907-04","29.58","80.22","1646.0","PITHORAGARH, IN","8",",I","5",",I","0",",I","19070418",",,I","7.4",",,I,18,","30.0",",,,I"
"IN023440400","1907-05","29.58","80.22","1646.0","PITHORAGARH, IN","7",",I","6",",I","0",",I","19070527",",,I","20.8",",,I,27,","69.4",",,,I"
"IN023440400","1907-06","29.58","80.22","1646.0","PITHORAGARH, IN","11",",I","7",",I","0",",I","19070622",",,I","21.6",",,I,22,","72.8",",,,I"
"IN023440400","1907-07","29.58","80.22","1646.0","PITHORAGARH, IN","12",",I","11",",I","3",",I","19070724",",,I","57.4",",,I,24,","219.4",",,,I"
"IN023440400","1907-08","29.58","80.22","1646.0","PITHORAGARH, IN","16",",I","13",",I","2",",I","19070802",",,I","29.2",",,I,02,","188.0",",,,I"
"IN023440400","1907-09","29.58","80.22","1646.0","PITHORAGARH, IN","6",",I","5",",I","0",",I","19070916",",,I","14.0",",,I,16,","39.7",",,,I"
"IN023440400","1907-10","29.58","80.22","1646.0","PITHORAGARH, IN","0",",I","0",",I","0",",I","19071031","+,,I","0.0",",,I,31,+","0.0",",,,I"
"IN023440400","1907-11","29.58","80.22","1646.0","PITHORAGARH, IN","0",",I","0",",I","0",",I","19071130","+,,I","0.0",",,I,30,+","0.0",",,,I"
"IN023440400","1907-12","29.58","80.22","1646.0","PITHORAGARH, IN","0",",I","0",",I","0",",I","19071231","+,,I","0.0",",,I,31,+","0.0",",,,I"
"IN023440400","1908-01","29.58","80.22","1646.0","PITHORAGARH, IN","4",",I","3",",I","1",",I","19080112",",,I","27.9",",,I,12,","46.8",",,,I"
"IN023440400","1908-02","29.58","80.22","1646.0","PITHORAGARH, IN","5",",I","4",",I","1",",I","19080201",",,I","38.4",",,I,01,","78.6",",,,I"
"IN023440400","1908-03","29.58","80.22","1646.0","PITHORAGARH, IN","0",",I","0",",I","0",",I","19080331","+,,I","0.0",",,I,31,+","0.0",",,,I"
"IN023440400","1908-04","29.58","80.22","1646.0","PITHORAGARH, IN","3",",I","1",",I","0",",I","19080413",",,I","8.1",",,I,13,","11.7",",,,I"
"IN023440400","1908-05","29.58","80.22","1646.0","PITHORAGARH, IN","5",",I","3",",I","1",",I","19080510",",,I","40.6",",,I,10,","58.8",",,,I"
"IN023440400","1908-06","29.58","80.22","1646.0","PITHORAGARH, IN","10",",I","8",",I","1",",I","19080619",",,I","47.0",",,I,19,","142.2",",,,I"
"IN023440400","1908-07","29.58","80.22","1646.0","PITHORAGARH, IN","19",",I","18",",I","6",",I","19080731",",,I","38.1",",,I,31,","330.0",",,,I"
"IN023440400","1908-08","29.58","80.22","1646.0","PITHORAGARH, IN","26",",I","21",",I","2",",I","19080815",",,I","33.3",",,I,15,","288.5",",,,I"
"IN023440400","1908-09","29.58","80.22","1646.0","PITHORAGARH, IN","4",",I","4",",I","0",",I","19080908",",,I","15.2",",,I,08,","32.4",",,,I"
"IN023440400","1908-10","29.58","80.22","1646.0","PITHORAGARH, IN","0",",I","0",",I","0",",I","19081031","+,,I","0.0",",,I,31,+","0.0",",,,I"
"IN023440400","1908-11","29.58","80.22","1646.0","PITHORAGARH, IN","0",",I","0",",I","0",",I","19081130","+,,I","0.0",",,I,30,+","0.0",",,,I"
"IN023440400","1908-12","29.58","80.22","1646.0","PITHORAGARH, IN","1",",I","0",",I","0",",I","19081225",",,I","0.5",",,I,25,","0.5",",,,I"
"IN023440400","1909-01","29.58","80.22","1646.0","PITHORAGARH, IN","6",",I","5",",I","0",",I","19090110",",,I","17.3",",,I,10,","55.7",",,,I"
"IN023440400","1909-02","29.58","80.22","1646.0","PITHORAGARH, IN","4",",I","2",",I","0",",I","19090223",",,I","8.9",",,I,23,","20.1",",,,I"
"IN023440400","1909-03","29.58","80.22","1646.0","PITHORAGARH, IN","1",",I","0",",I","0",",I","19090318",",,I","1.0",",,I,18,","1.0",",,,I"
"IN023440400","1909-04","29.58","80.22","1646.0","PITHORAGARH, IN","10",",I","9",",I","0",",I","19090426",",,I","11.7",",,I,26,","72.6",",,,I"
"IN023440400","1909-05","29.58","80.22","1646.0","PITHORAGARH, IN","8",",I","3",",I","0",",I","19090531",",,I","5.3",",,I,31,","20.0",",,,I"
"IN023440400","1909-06","29.58","80.22","1646.0","PITHORAGARH, IN","18",",I","15",",I","5",",I","19090628",",,I","61.0",",,I,28,","260.3",",,,I"
"IN023440400","1909-07","29.58","80.22","1646.0","PITHORAGARH, IN","22",",I","22",",I","3",",I","19090723",",,I","49.0",",,I,23,","330.6",",,,I"
"IN023440400","1909-08","29.58","80.22","1646.0","PITHORAGARH, IN","25",",I","21",",I","1",",I","19090805",",,I","26.2",",,I,05,","219.0",",,,I"
"IN023440400","1909-09","29.58","80.22","1646.0","PITHORAGARH, IN","4",",I","3",",I","0",",I","19090901",",,I","12.2",",,I,01,","26.7",",,,I"
"IN023440400","1909-10","29.58","80.22","1646.0","PITHORAGARH, IN","1",",I","0",",I","0",",I","19091002",",,I","2.0",",,I,02,","2.0",",,,I"
"IN023440400","1909-11","29.58","80.22","1646.0","PITHORAGARH, IN","0",",I","0",",I","0",",I","19091130","+,,I","0.0",",,I,30,+","0.0",",,,I"
"IN023440400","1909-12","29.58","80.22","1646.0","PITHORAGARH, IN","5",",I","4",",I","1",",I","19091226",",,I","25.4",",,I,26,","67.1",",,,I"
"IN023440400","1910-01","29.58","80.22","1646.0","PITHORAGARH, IN","2",",I","2",",I","0",",I","19100117",",,I","15.7",",,I,17,","19.3",",,,I"
"IN023440400","1910-02","29.58","80.22","1646.0","PITHORAGARH, IN","3",",I","2",",I","1",",I","19100214",",,I","30.5",",,I,14,","46.8",",,,I"
"IN023440400","1910-03","29.58","80.22","1646.0","PITHORAGARH, IN","3",",I","2",",I","0",",I","19100329",",,I","5.3",",,I,29,","9.6",",,,I"
"IN023440400","1910-04","29.58","80.22","1646.0","PITHORAGARH, IN","2",",I","2",",I","0",",I","19100423",",,I","5.6",",,I,23,","8.1",",,,I"
"IN023440400","1910-05","29.58","80.22","1646.0","PITHORAGARH, IN","8",",I","7",",I","1",",I","19100528",",,I","26.4",",,I,28,","85.1",",,,I"
"IN023440400","1910-06","29.58","80.22","1646.0","PITHORAGARH, IN","18",",I","15",",I","0",",I","19100616","+,,I","22.9",",,I,16,+","174.0",",,,I"
"IN023440400","1910-07","29.58","80.22","1646.0","PITHORAGARH, IN","25",",I","23",",I","7",",I","19100726",",,I","46.5",",,I,26,","431.4",",,,I"
"IN023440400","1910-08","29.58","80.22","1646.0","PITHORAGARH, IN","23",",I","18",",I","1",",I","19100817",",,I","33.0",",,I,17,","210.7",",,,I"
"IN023440400","1910-09","29.58","80.22","1646.0","PITHORAGARH, IN","13",",I","12",",I","3",",I","19100922",",,I","58.9",",,I,22,","205.2",",,,I"
"IN023440400","1910-10","29.58","80.22","1646.0","PITHORAGARH, IN","3",",I","3",",I","3",",I","19101003",",,I","72.9",",,I,03,","156.7",",,,I"
"IN023440400","1910-11","29.58","80.22","1646.0","PITHORAGARH, IN","1",",I","1",",I","0",",I","19101113",",,I","20.3",",,I,13,","20.3",",,,I"
"IN023440400","1910-12","29.58","80.22","1646.0","PITHORAGARH, IN","1",",I","1",",I","0",",I","19101219",",,I","3.8",",,I,19,","3.8",",,,I"
"IN023440400","1911-01","29.58","80.22","1646.0","PITHORAGARH, IN","9",",I","8",",I","2",",I","19110104",",,I","40.1",",,I,04,","138.4",",,,I"
"IN023440400","1911-02","29.58","80.22","1646.0","PITHORAGARH, IN","1",",I","0",",I","0",",I","19110201",",,I","1.5",",,I,01,","1.5",",,,I"
"IN023440400","1911-03","29.58","80.22","1646.0","PITHORAGARH, IN","10",",I","9",",I","0",",I","19110318",",,I","20.3",",,I,18,","86.7",",,,I"
"IN023440400","1911-04","29.58","80.22","1646.0","PITHORAGARH, IN","2",",I","2",",I","0",",I","19110403",",,I","9.1",",,I,03,","12.1",",,,I"
"IN023440400","1911-05","29.58","80.22","1646.0","PITHORAGARH, IN","5",",I","3",",I","0",",I","19110523",",,I","24.1",",,I,23,","50.7",",,,I"
"IN023440400","1911-06","29.58","80.22","1646.0","PITHORAGARH, IN","14",",I","13",",I","3",",I","19110603",",,I","31.8",",,I,03,","214.3",",,,I"
"IN023440400","1911-07","29.58","80.22","1646.0","PITHORAGARH, IN","14",",I","11",",I","2",",I","19110709",",,I","38.4",",,I,09,","152.7",",,,I"
"IN023440400","1911-08","29.58","80.22","1646.0","PITHORAGARH, IN","22",",I","19",",I","1",",I","19110811",",,I","36.8",",,I,11,","217.9",",,,I"
"IN023440400","1911-09","29.58","80.22","1646.0","PITHORAGARH, IN","14",",I","12",",I","4",",I","19110908",",,I","44.5",",,I,08,","189.8",",,,I"
"IN023440400","1911-10","29.58","80.22","1646.0","PITHORAGARH, IN","0",",I","0",",I","0",",I","19111031","+,,I","0.0",",,I,31,+","0.0",",,,I"
"IN023440400","1911-11","29.58","80.22","1646.0","PITHORAGARH, IN","4",",I","4",",I","0",",I","19111119",",,I","19.6",",,I,19,","36.1",",,,I"
"IN023440400","1911-12","29.58","80.22","1646.0","PITHORAGARH, IN","0",",I","0",",I","0",",I","19111231","+,,I","0.0",",,I,31,+","0.0",",,,I"
"IN023440400","1912-01","29.58","80.22","1646.0","PITHORAGARH, IN","6",",I","3",",I","1",",I","19120122",",,I","28.2",",,I,22,","59.5",",,,I"
"IN023440400","1912-02","29.58","80.22","1646.0","PITHORAGARH, IN","2",",I","2",",I","0",",I","19120201",",,I","12.7",",,I,01,","17.3",",,,I"
"IN023440400","1912-03","29.58","80.22","1646.0","PITHORAGARH, IN","3",",I","3",",I","0",",I","19120327",",,I","19.8",",,I,27,","42.7",",,,I"
"IN023440400","1912-04","29.58","80.22","1646.0","PITHORAGARH, IN","4",",I","3",",I","0",",I","19120425",",,I","8.9",",,I,25,","18.1",",,,I"
"IN023440400","1912-05","29.58","80.22","1646.0","PITHORAGARH, IN","9",",I","6",",I","1",",I","19120528",",,I","28.7",",,I,28,","63.7",",,,I"
"IN023440400","1912-06","29.58","80.22","1646.0","PITHORAGARH, IN","12",",I","10",",I","0",",I","19120622",",,I","21.1",",,I,22,","125.1",",,,I"
"IN023440400","1912-07","29.58","80.22","1646.0","PITHORAGARH, IN","19",",I","17",",I","4",",I","19120721",",,I","61.5",",,I,21,","314.7",",,,I"
"IN023440400","1912-08","29.58","80.22","1646.0","PITHORAGARH, IN","17",",I","14",",I","3",",I","19120803",",,I","43.2",",,I,03,","229.2",",,,I"
"IN023440400","1912-09","29.58","80.22","1646.0","PITHORAGARH, IN","9",",I","9",",I","4",",I","19120908",",,I","53.6",",,I,08,","224.2",",,,I"
"IN023440400","1912-10","29.58","80.22","1646.0","PITHORAGARH, IN","2",",I","0",",I","0",",I","19121025",",,I","1.3",",,I,25,","1.8",",,,I"
"IN023440400","1912-11","29.58","80.22","1646.0","PITHORAGARH, IN","2",",I","2",",I","1",",I","19121124",",,I","31.8",",,I,24,","36.6",",,,I"
"IN023440400","1912-12","29.58","80.22","1646.0","PITHORAGARH, IN","3",",I","2",",I","0",",I","19121220","+,,I","4.8",",,I,20,+","10.4",",,,I"
"IN023440400","1913-01","29.58","80.22","1646.0","PITHORAGARH, IN","2",",I","2",",I","0",",I","19130122",",,I","5.1",",,I,22,","9.4",",,,I"
"IN023440400","1913-02","29.58","80.22","1646.0","PITHORAGARH, IN","8",",I","7",",I","1",",I","19130217",",,I","26.7",",,I,17,","78.3",",,,I"
"IN023440400","1913-03","29.58","80.22","1646.0","PITHORAGARH, IN","5",",I","3",",I","1",",I","19130304",",,I","25.7",",,I,04,","40.7",",,,I"
"IN023440400","1913-04","29.58","80.22","1646.0","PITHORAGARH, IN","1",",I","1",",I","0",",I","19130406",",,I","7.6",",,I,06,","7.6",",,,I"
"IN023440400","1913-05","29.58","80.22","1646.0","PITHORAGARH, IN","15",",I","12",",I","0",",I","19130506",",,I","17.8",",,I,06,","129.2",",,,I"
"IN023440400","1913-06","29.58","80.22","1646.0","PITHORAGARH, IN","13",",I","11",",I","5",",I","19130613",",,I","73.7",",,I,13,","331.0",",,,I"
"IN023440400","1913-07","29.58","80.22","1646.0","PITHORAGARH, IN","14",",I","11",",I","2",",I","19130723",",,I","37.3",",,I,23,","164.0",",,,I"
"IN023440400","1913-08","29.58","80.22","1646.0","PITHORAGARH, IN","12",",I","10",",I","2",",I","19130822",",,I","36.1",",,I,22,","168.8",",,,I"
"IN023440400","1913-09","29.58","80.22","1646.0","PITHORAGARH, IN","3",",I","2",",I","0",",I","19130906",",,I","17.8",",,I,06,","22.6",",,,I"
"IN023440400","1913-10","29.58","80.22","1646.0","PITHORAGARH, IN","1",",I","0",",I","0",",I","19131028",",,I","1.8",",,I,28,","1.8",",,,I"
"IN023440400","1913-11","29.58","80.22","1646.0","PITHORAGARH, IN","3",",I","0",",I","0",",I","19131105","+,,I","2.3",",,I,05,+","5.4",",,,I"
"IN023440400","1913-12","29.58","80.22","1646.0","PITHORAGARH, IN","3",",I","2",",I","0",",I","19131212",",,I","19.8",",,I,12,","25.1",",,,I"
"IN023440400","1914-01","29.58","80.22","1646.0","PITHORAGARH, IN","0",",I","0",",I","0",",I","19140131","+,,I","0.0",",,I,31,+","0.0",",,,I"
"IN023440400","1914-02","29.58","80.22","1646.0","PITHORAGARH, IN","9",",I","9",",I","0",",I","19140218",",,I","17.8",",,I,18,","81.9",",,,I"
"IN023440400","1914-03","29.58","80.22","1646.0","PITHORAGARH, IN","8",",I","7",",I","1",",I","19140303",",,I","43.2",",,I,03,","87.9",",,,I"
"IN023440400","1914-04","29.58","80.22","1646.0","PITHORAGARH, IN","5",",I","3",",I","0",",I","19140407",",,I","16.0",",,I,07,","34.3",",,,I"
"IN023440400","1914-05","29.58","80.22","1646.0","PITHORAGARH, IN","9",",I","7",",I","1",",I","19140502",",,I","28.7",",,I,02,","76.5",",,,I"
"IN023440400","1914-06","29.58","80.22","1646.0","PITHORAGARH, IN","13",",I","7",",I","1",",I","19140621",",,I","84.3",",,I,21,","123.9",",,,I"
"IN023440400","1914-07","29.58","80.22","1646.0","PITHORAGARH, IN","29",",I","22",",I","7",",I","19140712",",,I","88.4",",,I,12,","493.7",",,,I"
"IN023440400","1914-08","29.58","80.22","1646.0","PITHORAGARH, IN","17",",I","12",",I","6",",I","19140805",",,I","38.1",",,I,05,","255.3",",,,I"
"IN023440400","1914-09","29.58","80.22","1646.0","PITHORAGARH, IN","16",",I","13",",I","5",",I","19140919",",,I","148.3",",,I,19,","460.4",",,,I"
"IN023440400","1914-10","29.58","80.22","1646.0","PITHORAGARH, IN","2",",I","0",",I","0",",I","19141008",",,I","2.3",",,I,08,","3.3",",,,I"
"IN023440400","1914-11","29.58","80.22","1646.0","PITHORAGARH, IN","3",",I","1",",I","1",",I","19141118",",,I","25.7",",,I,18,","27.8",",,,I"
"IN023440400","1914-12","29.58","80.22","1646.0","PITHORAGARH, IN","0",",I","0",",I","0",",I","19141231","+,,I","0.0",",,I,31,+","0.0",",,,I"
"IN023440400","1915-01","29.58","80.22","1646.0","PITHORAGARH, IN","1",",I","1",",I","0",",I","19150108",",,I","14.2",",,I,08,","14.2",",,,I"
"IN023440400","1915-02","29.58","80.22","1646.0","PITHORAGARH, IN","5",",I","4",",I","1",",I","19150209",",,I","44.2",",,I,09,","90.0",",,,I"
"IN023440400","1915-03","29.58","80.22","1646.0","PITHORAGARH, IN","10",",I","9",",I","0",",I","19150311",",,I","22.9",",,I,11,","76.9",",,,I"
"IN023440400","1915-04","29.58","80.22","1646.0","PITHORAGARH, IN","6",",I","3",",I","0",",I","19150408",",,I","10.7",",,I,08,","23.9",",,,I"
"IN023440400","1915-05","29.58","80.22","1646.0","PITHORAGARH, IN","12",",I","8",",I","0",",I","19150511",",,I","21.3",",,I,11,","76.3",",,,I"
"IN023440400","1915-06","29.58","80.22","1646.0","PITHORAGARH, IN","14",",I","12",",I","2",",I","19150624",",,I","31.5",",,I,24,","171.7",",,,I"
"IN023440400","1915-07","29.58","80.22","1646.0","PITHORAGARH, IN","20",",I","17",",I","4",",I","19150715","+,,I","49.5",",,I,15,+","290.7",",,,I"
"IN023440400","1915-08","29.58","80.22","1646.0","PITHORAGARH, IN","23",",I","20",",I","5",",I","19150812",",,I","40.1",",,I,12,","346.6",",,,I"
"IN023440400","1915-09","29.58","80.22","1646.0","PITHORAGARH, IN","12",",I","8",",I","0",",I","19150914",",,I","23.6",",,I,14,","105.7",",,,I"
"IN023440400","1915-10","29.58","80.22","1646.0","PITHORAGARH, IN","0",",I","0",",I","0",",I","19151031","+,,I","0.0",",,I,31,+","0.0",",,,I"
"IN023440400","1915-11","29.58","80.22","1646.0","PITHORAGARH, IN","0",",I","0",",I","0",",I","19151130","+,,I","0.0",",,I,30,+","0.0",",,,I"
"IN023440400","1915-12","29.58","80.22","1646.0","PITHORAGARH, IN","1",",I","1",",I","0",",I","19151216",",,I","10.4",",,I,16,","10.4",",,,I"
"IN023440400","1916-01","29.58","80.22","1646.0","PITHORAGARH, IN","0",",I","0",",I","0",",I","19160131","+,,I","0.0",",,I,31,+","0.0",",,,I"
"IN023440400","1916-02","29.58","80.22","1646.0","PITHORAGARH, IN","3",",I","1",",I","0",",I","19160206",",,I","5.1",",,I,06,","6.4",",,,I"
"IN023440400","1916-03","29.58","80.22","1646.0","PITHORAGARH, IN","1",",I","0",",I","0",",I","19160319",",,I","0.3",",,I,19,","0.3",",,,I"
"IN023440400","1916-04","29.58","80.22","1646.0","PITHORAGARH, IN","6",",I","3",",I","0",",I","19160420",",,I","10.2",",,I,20,","20.1",",,,I"
"IN023440400","1916-05","29.58","80.22","1646.0","PITHORAGARH, IN","4",",I","3",",I","1",",I","19160510",",,I","26.2",",,I,10,","36.6",",,,I"
"IN023440400","1916-06","29.58","80.22","1646.0","PITHORAGARH, IN","21",",I","14",",I","4",",I","19160607",",,I","53.6",",,I,07,","241.5",",,,I"
"IN023440400","1916-07","29.58","80.22","1646.0","PITHORAGARH, IN","23",",I","18",",I","3",",I","19160729",",,I","59.2",",,I,29,","280.3",",,,I"
"IN023440400","1916-08","29.58","80.22","1646.0","PITHORAGARH, IN","19",",I","12",",I","3",",I","19160807",",,I","53.6",",,I,07,","205.7",",,,I"
"IN023440400","1916-09","29.58","80.22","1646.0","PITHORAGARH, IN","13",",I","11",",I","2",",I","19160915",",,I","29.2",",,I,15,","179.9",",,,I"
"IN023440400","1916-10","29.58","80.22","1646.0","PITHORAGARH, IN","6",",I","3",",I","0",",I","19161005",",,I","17.0",",,I,05,","36.1",",,,I"
"IN023440400","1916-11","29.58","80.22","1646.0","PITHORAGARH, IN","0",",I","0",",I","0",",I","19161130","+,,I","0.0",",,I,30,+","0.0",",,,I"
"IN023440400","1916-12","29.58","80.22","1646.0","PITHORAGARH, IN","0",",I","0",",I","0",",I","19161231","+,,I","0.0",",,I,31,+","0.0",",,,I"
"IN023440400","1917-01","29.58","80.22","1646.0","PITHORAGARH, IN","2",",I","0",",I","0",",I","19170128",",,I","1.3",",,I,28,","2.1",",,,I"
"IN023440400","1917-02","29.58","80.22","1646.0","PITHORAGARH, IN","2",",I","1",",I","0",",I","19170223",",,I","6.4",",,I,23,","7.9",",,,I"
"IN023440400","1917-03","29.58","80.22","1646.0","PITHORAGARH, IN","6",",I","4",",I","0",",I","19170302",",,I","17.3",",,I,02,","45.2",",,,I"
"IN023440400","1917-04","29.58","80.22","1646.0","PITHORAGARH, IN","8",",I","6",",I","0",",I","19170422",",,I","12.7",",,I,22,","43.9",",,,I"
"IN023440400","1917-05","29.58","80.22","1646.0","PITHORAGARH, IN","18",",I","10",",I","0",",I","19170520",",,I","19.3",",,I,20,","114.3",",,,I"
"IN023440400","1917-06","29.58","80.22","1646.0","PITHORAGARH, IN","22",",I","16",",I","2",",I","19170620",",,I","63.8",",,I,20,","270.8",",,,I"
"IN023440400","1917-07","29.58","80.22","1646.0","PITHORAGARH, IN","19",",I","17",",I","2",",I","19170711",",,I","42.2",",,I,11,","234.7",",,,I"
"IN023440400","1917-08","29.58","80.22","1646.0","PITHORAGARH, IN","19",",I","16",",I","4",",I","19170822",",,I","61.0",",,I,22,","267.4",",,,I"
"IN023440400","1917-09","29.58","80.22","1646.0","PITHORAGARH, IN","22",",I","17",",I","1",",I","19170919",",,I","34.3",",,I,19,","211.8",",,,I"
"IN023440400","1917-10","29.58","80.22","1646.0","PITHORAGARH, IN","8",",I","6",",I","0",",I","19171030",",,I","20.3",",,I,30,","52.4",",,,I"
"IN023440400","1917-11","29.58","80.22","1646.0","PITHORAGARH, IN","0",",I","0",",I","0",",I","19171130","+,,I","0.0",",,I,30,+","0.0",",,,I"
"IN023440400","1917-12","29.58","80.22","1646.0","PITHORAGARH, IN","1",",I","1",",I","0",",I","19171220",",,I","24.6",",,I,20,","24.6",",,,I"
"IN023440400","1918-01","29.58","80.22","1646.0","PITHORAGARH, IN","2",",I","2",",I","0",",I","19180124",",,I","10.2",",,I,24,","17.6",",,,I"
"IN023440400","1918-02","29.58","80.22","1646.0","PITHORAGARH, IN","0",",I","0",",I","0",",I","19180228","+,,I","0.0",",,I,28,+","0.0",",,,I"
"IN023440400","1918-03","29.58","80.22","1646.0","PITHORAGARH, IN","5",",I","4",",I","0",",I","19180321",",,I","18.5",",,I,21,","38.4",",,,I"
"IN023440400","1918-04","29.58","80.22","1646.0","PITHORAGARH, IN","5",",I","4",",I","0",",I","19180406",",,I","22.9",",,I,06,","59.7",",,,I"
"IN023440400","1918-05","29.58","80.22","1646.0","PITHORAGARH, IN","6",",I","5",",I","1",",I","19180514",",,I","28.4",",,I,14,","65.2",",,,I"
"IN023440400","1918-06","29.58","80.22","1646.0","PITHORAGARH, IN","16",",I","13",",I","2",",I","19180611",",,I","57.4",",,I,11,","234.3",",,,I"
"IN023440400","1918-07","29.58","80.22","1646.0","PITHORAGARH, IN","18",",I","16",",I","1",",I","19180711",",,I","41.7",",,I,11,","174.3",",,,I"
"IN023440400","1918-08","29.58","80.22","1646.0","PITHORAGARH, IN","20",",I","18",",I","7",",I","19180802",",,I","103.6",",,I,02,","470.5",",,,I"
"IN023440400","1918-09","29.58","80.22","1646.0","PITHORAGARH, IN","8",",I","5",",I","0",",I","19180904","+,,I","22.9",",,I,04,+","74.7",",,,I"
"IN023440400","1918-10","29.58","80.22","1646.0","PITHORAGARH, IN","0",",I","0",",I","0",",I","19181031","+,,I","0.0",",,I,31,+","0.0",",,,I"
"IN023440400","1918-11","29.58","80.22","1646.0","PITHORAGARH, IN","2",",I","2",",I","0",",I","19181130","+,,I","2.5",",,I,30,+","5.0",",,,I"
"IN023440400","1918-12","29.58","80.22","1646.0","PITHORAGARH, IN","0",",I","0",",I","0",",I","19181231","+,,I","0.0",",,I,31,+","0.0",",,,I"
"IN023440400","1919-01","29.58","80.22","1646.0","PITHORAGARH, IN","6",",I","6",",I","1",",I","19190130",",,I","48.3",",,I,30,","113.3",",,,I"
"IN023440400","1919-02","29.58","80.22","1646.0","PITHORAGARH, IN","2",",I","2",",I","0",",I","19190217",",,I","22.9",",,I,17,","42.7",",,,I"
"IN023440400","1919-03","29.58","80.22","1646.0","PITHORAGARH, IN","3",",I","2",",I","0",",I","19190324",",,I","11.7",",,I,24,","24.4",",,,I"
"IN023440400","1919-04","29.58","80.22","1646.0","PITHORAGARH, IN","6",",I","5",",I","0",",I","19190425",",,I","21.6",",,I,25,","45.3",",,,I"
"IN023440400","1919-05","29.58","80.22","1646.0","PITHORAGARH, IN","6",",I","4",",I","0",",I","19190516","+,,I","5.1",",,I,16,+","19.4",",,,I"
"IN023440400","1919-06","29.58","80.22","1646.0","PITHORAGARH, IN","18",",I","18",",I","8",",I","19190612",",,I","69.9",",,I,12,","473.6",",,,I"
"IN023440400","1919-07","29.58","80.22","1646.0","PITHORAGARH, IN","19",",I","19",",I","6",",I","19190713",",,I","64.8",",,I,13,","431.6",",,,I"
"IN023440400","1919-08","29.58","80.22","1646.0","PITHORAGARH, IN","18",",I","18",",I","6",",I","19190817",",,I","101.9",",,I,17,","413.1",",,,I"
"IN023440400","1919-09","29.58","80.22","1646.0","PITHORAGARH, IN","9",",I","9",",I","9",",I","19190902",",,I","49.8",",,I,02,","333.7",",,,I"
"IN023440400","1919-10","29.58","80.22","1646.0","PITHORAGARH, IN","2",",I","2",",I","0",",I","19191005",",,I","19.1",",,I,05,","22.9",",,,I"
"IN023440400","1919-11","29.58","80.22","1646.0","PITHORAGARH, IN","0",",I","0",",I","0",",I","19191130","+,,I","0.0",",,I,30,+","0.0",",,,I"
"IN023440400","1919-12","29.58","80.22","1646.0","PITHORAGARH, IN","0",",I","0",",I","0",",I","19191231","+,,I","0.0",",,I,31,+","0.0",",,,I"
"IN023440400","1920-01","29.58","80.22","1646.0","PITHORAGARH, IN","0",",I","0",",I","0",",I","19200131","+,,I","0.0",",,I,31,+","0.0",",,,I"
"IN023440400","1920-02","29.58","80.22","1646.0","PITHORAGARH, IN","4",",I","4",",I","0",",I","19200208","+,,I","8.9",",,I,08,+","31.8",",,,I"
"IN023440400","1920-03","29.58","80.22","1646.0","PITHORAGARH, IN","11",",I","11",",I","0",",I","19200323",",,I","12.7",",,I,23,","95.5",",,,I"
"IN023440400","1920-04","29.58","80.22","1646.0","PITHORAGARH, IN","0",",I","0",",I","0",",I","19200430","+,,I","0.0",",,I,30,+","0.0",",,,I"
"IN023440400","1920-05","29.58","80.22","1646.0","PITHORAGARH, IN","7",",I","7",",I","2",",I","19200509",",,I","40.1",",,I,09,","127.0",",,,I"
"IN023440400","1920-06","29.58","80.22","1646.0","PITHORAGARH, IN","10",",I","9",",I","2",",I","19200625",",,I","53.3",",,I,25,","181.8",",,,I"
"IN023440400","1920-07","29.58","80.22","1646.0","PITHORAGARH, IN","27",",I","25",",I","2",",I","19200703","+,,I","25.4",",,I,03,+","236.0",",,,I"
"IN023440400","1920-08","29.58","80.22","1646.0","PITHORAGARH, IN","10",",I","9",",I","4",",I","19200823",",,I","68.1",",,I,23,","226.6",",,,I"
"IN023440400","1920-09","29.58","80.22","1646.0","PITHORAGARH, IN","5",",I","5",",I","0",",I","19200914",",,I","20.6",",,I,14,","60.7",",,,I"
"IN023440400","1920-10","29.58","80.22","1646.0","PITHORAGARH, IN","2",",I","2",",I","0",",I","19201016",",,I","20.3",",,I,16,","32.5",",,,I"
"IN023440400","1920-11","29.58","80.22","1646.0","PITHORAGARH, IN","0",",I","0",",I","0",",I","19201130","+,,I","0.0",",,I,30,+","0.0",",,,I"
"IN023440400","1920-12","29.58","80.22","1646.0","PITHORAGARH, IN","0",",I","0",",I","0",",I","19201231","+,,I","0.0",",,I,31,+","0.0",",,,I"
"IN023440400","1921-01","29.58","80.22","1646.0","PITHORAGARH, IN","4",",I","4",",I","1",",I","19210120",",,I","35.8",",,I,20,","86.1",",,,I"
"IN023440400","1921-02","29.58","80.22","1646.0","PITHORAGARH, IN","1",",I","0",",I","0",",I","19210206",",,I","2.3",",,I,06,","2.3",",,,I"
"IN023440400","1921-03","29.58","80.22","1646.0","PITHORAGARH, IN","2",",I","2",",I","0",",I","19210318",",,I","7.6",",,I,18,","13.4",",,,I"
"IN023440400","1921-04","29.58","80.22","1646.0","PITHORAGARH, IN","5",",I","4",",I","1",",I","19210422",",,I","44.7",",,I,22,","65.7",",,,I"
"IN023440400","1921-05","29.58","80.22","1646.0","PITHORAGARH, IN","1",",I","1",",I","0",",I","19210528",",,I","3.3",",,I,28,","3.3",",,,I"
"IN023440400","1921-06","29.58","80.22","1646.0","PITHORAGARH, IN","5",",I","4",",I","3",",I","19210626",",,I","200.7",",,I,26,","334.0",",,,I"
"IN023440400","1921-07","29.58","80.22","1646.0","PITHORAGARH, IN","10",",I","9",",I","6",",I","19210729",",,I","45.7",",,I,29,","245.8",",,,I"
"IN023440400","1921-08","29.58","80.22","1646.0","PITHORAGARH, IN","4",",I","4",",I","4",",I","19210827",",,I","175.5",",,I,27,","551.2",",,,I"
"IN023440400","1921-09","29.58","80.22","1646.0","PITHORAGARH, IN","14",",I","11",",I","3",",I","19210915",",,I","52.6",",,I,15,","216.8",",,,I"
"IN023440400","1921-10","29.58","80.22","1646.0","PITHORAGARH, IN","8",",I","7",",I","1",",I","19211016",",,I","26.7",",,I,16,","64.7",",,,I"
"IN023440400","1921-11","29.58","80.22","1646.0","PITHORAGARH, IN","0",",I","0",",I","0",",I","19211130","+,,I","0.0",",,I,30,+","0.0",",,,I"
"IN023440400","1921-12","29.58","80.22","1646.0","PITHORAGARH, IN","0",",I","0",",I","0",",I","19211231","+,,I","0.0",",,I,31,+","0.0",",,,I"
"IN023440400","1922-01","29.58","80.22","1646.0","PITHORAGARH, IN","2",",I","2",",I","0",",I","19220119",",,I","21.3",",,I,19,","30.4",",,,I"
"IN023440400","1922-02","29.58","80.22","1646.0","PITHORAGARH, IN","0",",I","0",",I","0",",I","19220228","+,,I","0.0",",,I,28,+","0.0",",,,I"
"IN023440400","1922-03","29.58","80.22","1646.0","PITHORAGARH, IN","0",",I","0",",I","0",",I","19220331","+,,I","0.0",",,I,31,+","0.0",",,,I"
"IN023440400","1922-04","29.58","80.22","1646.0","PITHORAGARH, IN","2",",I","2",",I","0",",I","19220423",",,I","7.9",",,I,23,","11.2",",,,I"
"IN023440400","1922-05","29.58","80.22","1646.0","PITHORAGARH, IN","0",",I","0",",I","0",",I","19220531","+,,I","0.0",",,I,31,+","0.0",",,,I"
"IN023440400","1922-06","29.58","80.22","1646.0","PITHORAGARH, IN","7",",I","7",",I","1",",I","19220605",",,I","26.7",",,I,05,","96.6",",,,I"
"IN023440400","1922-07","29.58","80.22","1646.0","PITHORAGARH, IN","18",",I","17",",I","4",",I","19220720",",,I","40.4",",,I,20,","296.1",",,,I"
"IN023440400","1922-08","29.58","80.22","1646.0","PITHORAGARH, IN","23",",I","21",",I","11",",I","19220802",",,I","116.1",",,I,02,","581.8",",,,I"
"IN023440400","1922-09","29.58","80.22","1646.0","PITHORAGARH, IN","15",",I","14",",I","2",",I","19220920",",,I","50.8",",,I,20,","179.3",",,,I"
"IN023440400","1922-10","29.58","80.22","1646.0","PITHORAGARH, IN","1",",I","1",",I","0",",I","19221004",",,I","13.0",",,I,04,","13.0",",,,I"
"IN023440400","1922-11","29.58","80.22","1646.0","PITHORAGARH, IN","1",",I","1",",I","0",",I","19221101",",,I","10.2",",,I,01,","10.2",",,,I"
"IN023440400","1922-12","29.58","80.22","1646.0","PITHORAGARH, IN","1",",I","1",",I","1",",I","19221223",",,I","29.2",",,I,23,","29.2",",,,I"
"IN023440400","1923-01","29.58","80.22","1646.0","PITHORAGARH, IN","2",",I","2",",I","0",",I","19230113",",,I","23.9",",,I,13,","28.2",",,,I"
"IN023440400","1923-02","29.58","80.22","1646.0","PITHORAGARH, IN","6",",I","5",",I","3",",I","19230224",",,I","36.8",",,I,24,","112.2",",,,I"
"IN023440400","1923-03","29.58","80.22","1646.0","PITHORAGARH, IN","1",",I","1",",I","0",",I","19230317",",,I","7.9",",,I,17,","7.9",",,,I"
"IN023440400","1923-04","29.58","80.22","1646.0","PITHORAGARH, IN","2",",I","2",",I","0",",I","19230402",",,I","13.2",",,I,02,","17.5",",,,I"
"IN023440400","1923-05","29.58","80.22","1646.0","PITHORAGARH, IN","4",",I","3",",I","0",",I","19230512",",,I","10.4",",,I,12,","22.8",",,,I"
"IN023440400","1923-06","29.58","80.22","1646.0","PITHORAGARH, IN","6",",I","5",",I","1",",I","19230620",",,I","25.9",",,I,20,","77.5",",,,I"
"IN023440400","1923-07","29.58","80.22","1646.0","PITHORAGARH, IN","16",",I","12",",I","1",",I","19230718",",,I","30.7",",,I,18,","160.5",",,,I"
"IN023440400","1923-08","29.58","80.22","1646.0","PITHORAGARH, IN","21",",I","19",",I","5",",I","19230804",",,I","44.5",",,I,04,","309.4",",,,I"
"IN023440400","1923-09","29.58","80.22","1646.0","PITHORAGARH, IN","9",",I","8",",I","4",",I","19230924",",,I","64.0",",,I,24,","299.2",",,,I"
"IN023440400","1923-10","29.58","80.22","1646.0","PITHORAGARH, IN","4",",I","3",",I","1",",I","19231001",",,I","35.6",",,I,01,","44.7",",,,I"
"IN023440400","1923-11","29.58","80.22","1646.0","PITHORAGARH, IN","0",",I","0",",I","0",",I","19231130","+,,I","0.0",",,I,30,+","0.0",",,,I"
"IN023440400","1923-12","29.58","80.22","1646.0","PITHORAGARH, IN","2",",I","2",",I","1",",I","19231203",",,I","50.8",",,I,03,","67.3",",,,I"
"IN023440400","1924-01","29.58","80.22","1646.0","PITHORAGARH, IN","3",",I","3",",I","0",",I","19240113",",,I","19.1",",,I,13,","41.2",",,,I"
"IN023440400","1924-02","29.58","80.22","1646.0","PITHORAGARH, IN","5",",I","5",",I","1",",I","19240204",",,I","25.4",",,I,04,","61.6",",,,I"
"IN023440400","1924-03","29.58","80.22","1646.0","PITHORAGARH, IN","3",",I","2",",I","0",",I","19240325",",,I","2.8",",,I,25,","6.3",",,,I"
"IN023440400","1924-04","29.58","80.22","1646.0","PITHORAGARH, IN","0",",I","0",",I","0",",I","19240430","+,,I","0.0",",,I,30,+","0.0",",,,I"
"IN023440400","1924-05","29.58","80.22","1646.0","PITHORAGARH, IN","5",",I","3",",I","0",",I","19240503",",,I","11.4",",,I,03,","25.7",",,,I"
"IN023440400","1924-06","29.58","80.22","1646.0","PITHORAGARH, IN","5",",I","5",",I","0",",I","19240628",",,I","6.9",",,I,28,","25.5",",,,I"
"IN023440400","1924-07","29.58","80.22","1646.0","PITHORAGARH, IN","20",",I","17",",I","3",",I","19240701",",,I","66.0",",,I,01,","262.8",",,,I"
"IN023440400","1924-08","29.58","80.22","1646.0","PITHORAGARH, IN","18",",I","18",",I","5",",I","19240806",",,I","44.5",",,I,06,","317.3",",,,I"
"IN023440400","1924-09","29.58","80.22","1646.0","PITHORAGARH, IN","13",",I","10",",I","3",",I","19240905",",,I","85.3",",,I,05,","224.0",",,,I"
"IN023440400","1924-10","29.58","80.22","1646.0","PITHORAGARH, IN","2",",I","2",",I","1",",I","19241015",",,I","94.0",",,I,15,","106.7",",,,I"
"IN023440400","1924-11","29.58","80.22","1646.0","PITHORAGARH, IN","0",",I","0",",I","0",",I","19241130","+,,I","0.0",",,I,30,+","0.0",",,,I"
"IN023440400","1924-12","29.58","80.22","1646.0","PITHORAGARH, IN","3",",I","3",",I","1",",I","19241210",",,I","36.8",",,I,10,","66.0",",,,I"
"IN023440400","1925-01","29.58","80.22","1646.0","PITHORAGARH, IN","4",",I","3",",I","2",",I","19250118",",,I","39.4",",,I,18,","80.1",",,,I"
"IN023440400","1925-02","29.58","80.22","1646.0","PITHORAGARH, IN","2",",I","2",",I","0",",I","19250228",",,I","17.8",",,I,28,","22.9",",,,I"
"IN023440400","1925-03","29.58","80.22","1646.0","PITHORAGARH, IN","1",",I","1",",I","0",",I","19250320",",,I","6.4",",,I,20,","6.4",",,,I"
"IN023440400","1925-04","29.58","80.22","1646.0","PITHORAGARH, IN","6",",I","4",",I","0",",I","19250412",",,I","23.9",",,I,12,","57.8",",,,I"
"IN023440400","1925-05","29.58","80.22","1646.0","PITHORAGARH, IN","6",",I","4",",I","1",",I","19250530",",,I","50.8",",,I,30,","100.9",",,,I"
"IN023440400","1925-06","29.58","80.22","1646.0","PITHORAGARH, IN","17",",I","15",",I","4",",I","19250608",",,I","72.4",",,I,08,","271.5",",,,I"
"IN023440400","1925-07","29.58","80.22","1646.0","PITHORAGARH, IN","27",",I","20",",I","6",",I","19250714",",,I","38.6",",,I,14,","334.8",",,,I"
"IN023440400","1925-08","29.58","80.22","1646.0","PITHORAGARH, IN","11",",I","10",",I","3",",I","19250828",",,I","73.4",",,I,28,","274.3",",,,I"
"IN023440400","1925-09","29.58","80.22","1646.0","PITHORAGARH, IN","8",",I","3",",I","0",",I","19250906",",,I","21.6",",,I,06,","58.1",",,,I"
"IN023440400","1925-10","29.58","80.22","1646.0","PITHORAGARH, IN","4",",I","3",",I","1",",I","19251016",",,I","36.8",",,I,16,","54.4",",,,I"
"IN023440400","1925-11","29.58","80.22","1646.0","PITHORAGARH, IN","3",",I","2",",I","0",",I","19251106",",,I","24.1",",,I,06,","29.9",",,,I"
"IN023440400","1925-12","29.58","80.22","1646.0","PITHORAGARH, IN","0",",I","0",",I","0",",I","19251231","+,,I","0.0",",,I,31,+","0.0",",,,I"
"IN023440400","1926-01","29.58","80.22","1646.0","PITHORAGARH, IN","2",",I","2",",I","0",",I","19260113","+,,I","3.8",",,I,13,+","7.6",",,,I"
"IN023440400","1926-02","29.58","80.22","1646.0","PITHORAGARH, IN","2",",I","1",",I","1",",I","19260204",",,I","28.2",",,I,04,","29.7",",,,I"
"IN023440400","1926-03","29.58","80.22","1646.0","PITHORAGARH, IN","13",",I","10",",I","1",",I","19260308",",,I","55.6",",,I,08,","139.4",",,,I"
"IN023440400","1926-04","29.58","80.22","1646.0","PITHORAGARH, IN","6",",I","6",",I","0",",I","19260420",",,I","8.4",",,I,20,","32.2",",,,I"
"IN023440400","1926-05","29.58","80.22","1646.0","PITHORAGARH, IN","10",",I","7",",I","2",",I","19260507",",,I","48.3",",,I,07,","111.2",",,,I"
"IN023440400","1926-06","29.58","80.22","1646.0","PITHORAGARH, IN","7",",I","6",",I","1",",I","19260619",",,I","29.2",",,I,19,","83.8",",,,I"
"IN023440400","1926-07","29.58","80.22","1646.0","PITHORAGARH, IN","17",",I","15",",I","4",",I","19260714",",,I","87.6",",,I,14,","292.9",",,,I"
"IN023440400","1926-08","29.58","80.22","1646.0","PITHORAGARH, IN","21",",I","18",",I","3",",I","19260813",",,I","58.2",",,I,13,","291.0",",,,I"
"IN023440400","1926-09","29.58","80.22","1646.0","PITHORAGARH, IN","15",",I","7",",I","0",",I","19260910",",,I","14.5",",,I,10,","72.0",",,,I"
"IN023440400","1926-10","29.58","80.22","1646.0","PITHORAGARH, IN","1",",I","1",",I","0",",I","19261006",",,I","6.9",",,I,06,","6.9",",,,I"
"IN023440400","1926-11","29.58","80.22","1646.0","PITHORAGARH, IN","2",",I","2",",I","0",",I","19261113",",,I","3.0",",,I,13,","5.8",",,,I"
"IN023440400","1926-12","29.58","80.22","1646.0","PITHORAGARH, IN","0",",I","0",",I","0",",I","19261231","+,,I","0.0",",,I,31,+","0.0",",,,I"
"IN023440400","1927-01","29.58","80.22","1646.0","PITHORAGARH, IN","1",",I","1",",I","0",",I","19270131",",,I","4.6",",,I,31,","4.6",",,,I"
"IN023440400","1927-02","29.58","80.22","1646.0","PITHORAGARH, IN","10",",I","7",",I","2",",I","19270222",",,I","31.5",",,I,22,","108.5",",,,I"
"IN023440400","1927-03","29.58","80.22","1646.0","PITHORAGARH, IN","4",",I","4",",I","0",",I","19270306",",,I","23.6",",,I,06,","50.8",",,,I"
"IN023440400","1927-04","29.58","80.22","1646.0","PITHORAGARH, IN","4",",I","2",",I","0",",I","19270410",",,I","11.9",",,I,10,","18.0",",,,I"
"IN023440400","1927-05","29.58","80.22","1646.0","PITHORAGARH, IN","6",",I","4",",I","2",",I","19270503",",,I","35.8",",,I,03,","84.7",",,,I"
"IN023440400","1927-06","29.58","80.22","1646.0","PITHORAGARH, IN","5",",I","3",",I","3",",I","19270621",",,I","152.9",",,I,21,","361.4",",,,I"
"IN023440400","1927-07","29.58","80.22","1646.0","PITHORAGARH, IN","15",",I","13",",I","3",",I","19270722",",,I","77.5",",,I,22,","289.1",",,,I"
"IN023440400","1927-08","29.58","80.22","1646.0","PITHORAGARH, IN","23",",I","21",",I","3",",I","19270823",",,I","62.5",",,I,23,","287.3",",,,I"
"IN023440400","1927-09","29.58","80.22","1646.0","PITHORAGARH, IN","6",",I","6",",I","1",",I","19270910",",,I","55.6",",,I,10,","150.4",",,,I"
"IN023440400","1927-10","29.58","80.22","1646.0","PITHORAGARH, IN","4",",I","4",",I","1",",I","19271006",",,I","43.4",",,I,06,","77.9",",,,I"
"IN023440400","1927-11","29.58","80.22","1646.0","PITHORAGARH, IN","4",",I","4",",I","1",",I","19271114",",,I","42.2",",,I,14,","90.2",",,,I"
"IN023440400","1927-12","29.58","80.22","1646.0","PITHORAGARH, IN","2",",I","2",",I","0",",I","19271231",",,I","9.9",",,I,31,","12.9",",,,I"
"IN023440400","1928-01","29.58","80.22","1646.0","PITHORAGARH, IN","6",",I","5",",I","1",",I","19280124",",,I","41.4",",,I,24,","78.5",",,,I"
"IN023440400","1928-02","29.58","80.22","1646.0","PITHORAGARH, IN","8",",I","8",",I","2",",I","19280202",",,I","61.7",",,I,02,","164.3",",,,I"
"IN023440400","1928-03","29.58","80.22","1646.0","PITHORAGARH, IN","6",",I","3",",I","0",",I","19280328",",,I","20.3",",,I,28,","29.4",",,,I"
"IN023440400","1928-04","29.58","80.22","1646.0","PITHORAGARH, IN","7",",I","5",",I","0",",I","19280418",",,I","15.7",",,I,18,","43.1",",,,I"
"IN023440400","1928-05","29.58","80.22","1646.0","PITHORAGARH, IN","4",",I","2",",I","0",",I","19280509",",,I","7.9",",,I,09,","13.2",",,,I"
"IN023440400","1928-06","29.58","80.22","1646.0","PITHORAGARH, IN","10",",I","9",",I","2",",I","19280630",",,I","56.4",",,I,30,","164.6",",,,I"
"IN023440400","1928-07","29.58","80.22","1646.0","PITHORAGARH, IN","14",",I","14",",I","4",",I","19280708",",,I","44.5",",,I,08,","257.3",",,,I"
"IN023440400","1928-08","29.58","80.22","1646.0","PITHORAGARH, IN","10",",I","8",",I","0",",I","19280814",",,I","24.1",",,I,14,","116.1",",,,I"
"IN023440400","1928-09","29.58","80.22","1646.0","PITHORAGARH, IN","2",",I","1",",I","0",",I","19280905",",,I","8.1",",,I,05,","10.1",",,,I"
"IN023440400","1928-10","29.58","80.22","1646.0","PITHORAGARH, IN","0",",I","0",",I","0",",I","19281031","+,,I","0.0",",,I,31,+","0.0",",,,I"
"IN023440400","1928-11","29.58","80.22","1646.0","PITHORAGARH, IN","2",",I","1",",I","0",",I","19281130",",,I","5.8",",,I,30,","6.3",",,,I"
"IN023440400","1928-12","29.58","80.22","1646.0","PITHORAGARH, IN","2",",I","1",",I","0",",I","19281202",",,I","9.7",",,I,02,","11.2",",,,I"
"IN023440400","1929-01","29.58","80.22","1646.0","PITHORAGARH, IN","1",",I","1",",I","0",",I","19290116",",,I","4.8",",,I,16,","4.8",",,,I"
"IN023440400","1929-02","29.58","80.22","1646.0","PITHORAGARH, IN","5",",I","4",",I","0",",I","19290228",",,I","4.3",",,I,28,","14.6",",,,I"
"IN023440400","1929-03","29.58","80.22","1646.0","PITHORAGARH, IN","4",",I","4",",I","1",",I","19290316",",,I","45.0",",,I,16,","56.4",",,,I"
"IN023440400","1929-04","29.58","80.22","1646.0","PITHORAGARH, IN","6",",I","5",",I","0",",I","19290413",",,I","12.7",",,I,13,","32.4",",,,I"
"IN023440400","1929-05","29.58","80.22","1646.0","PITHORAGARH, IN","5",",I","3",",I","0",",I","19290515",",,I","6.6",",,I,15,","16.0",",,,I"
"IN023440400","1929-06","29.58","80.22","1646.0","PITHORAGARH, IN","19",",I","15",",I","3",",I","19290612",",,I","35.6",",,I,12,","226.9",",,,I"
"IN023440400","1929-07","29.58","80.22","1646.0","PITHORAGARH, IN","19",",I","17",",I","5",",I","19290731",",,I","45.7",",,I,31,","316.6",",,,I"
"IN023440400","1929-08","29.58","80.22","1646.0","PITHORAGARH, IN","22",",I","18",",I","5",",I","19290819",",,I","46.5",",,I,19,","317.6",",,,I"
"IN023440400","1929-09","29.58","80.22","1646.0","PITHORAGARH, IN","9",",I","7",",I","1",",I","19290901",",,I","36.8",",,I,01,","100.9",",,,I"
"IN023440400","1929-10","29.58","80.22","1646.0","PITHORAGARH, IN","6",",I","5",",I","0",",I","19291009",",,I","19.3",",,I,09,","57.4",",,,I"
"IN023440400","1929-11","29.58","80.22","1646.0","PITHORAGARH, IN","0",",I","0",",I","0",",I","19291130","+,,I","0.0",",,I,30,+","0.0",",,,I"
"IN023440400","1929-12","29.58","80.22","1646.0","PITHORAGARH, IN","11",",I","9",",I","2",",I","19291214",",,I","36.6",",,I,14,","134.1",",,,I"
"IN023440400","1930-01","29.58","80.22","1646.0","PITHORAGARH, IN","0",",I","0",",I","0",",I","19300131","+,,I","0.0",",,I,31,+","0.0",",,,I"
"IN023440400","1930-02","29.58","80.22","1646.0","PITHORAGARH, IN","6",",I","5",",I","1",",I","19300201",",,I","40.9",",,I,01,","72.9",",,,I"
"IN023440400","1930-03","29.58","80.22","1646.0","PITHORAGARH, IN","3",",I","3",",I","0",",I","19300308",",,I","21.1",",,I,08,","28.5",",,,I"
"IN023440400","1930-04","29.58","80.22","1646.0","PITHORAGARH, IN","5",",I","4",",I","0",",I","19300408",",,I","21.6",",,I,08,","40.4",",,,I"
"IN023440400","1930-05","29.58","80.22","1646.0","PITHORAGARH, IN","13",",I","11",",I","0",",I","19300513",",,I","18.5",",,I,13,","88.0",",,,I"
"IN023440400","1930-06","29.58","80.22","1646.0","PITHORAGARH, IN","16",",I","13",",I","0",",I","19300617",",,I","23.9",",,I,17,","172.3",",,,I"
"IN023440400","1930-07","29.58","80.22","1646.0","PITHORAGARH, IN","23",",I","16",",I","3",",I","19300722",",,I","78.7",",,I,22,","297.5",",,,I"
"IN023440400","1930-08","29.58","80.22","1646.0","PITHORAGARH, IN","15",",I","13",",I","1",",I","19300820",",,I","45.2",",,I,20,","148.1",",,,I"
"IN023440400","1930-09","29.58","80.22","1646.0","PITHORAGARH, IN","7",",I","5",",I","0",",I","19300915",",,I","22.6",",,I,15,","75.2",",,,I"
"IN023440400","1930-10","29.58","80.22","1646.0","PITHORAGARH, IN","5",",I","4",",I","0",",I","19301014",",,I","17.3",",,I,14,","42.2",",,,I"
"IN023440400","1930-11","29.58","80.22","1646.0","PITHORAGARH, IN","3",",I","1",",I","0",",I","19301101",",,I","2.5",",,I,01,","4.3",",,,I"
"IN023440400","1930-12","29.58","80.22","1646.0","PITHORAGARH, IN","0",",I","0",",I","0",",I","19301231","+,,I","0.0",",,I,31,+","0.0",",,,I"
"IN023440400","1931-01","29.58","80.22","1646.0","PITHORAGARH, IN","1",",I","1",",I","0",",I","19310124",",,I","5.3",",,I,24,","5.3",",,,I"
"IN023440400","1931-02","29.58","80.22","1646.0","PITHORAGARH, IN","12",",I","8",",I","0",",I","19310208",",,I","21.8",",,I,08,","95.4",",,,I"
"IN023440400","1931-03","29.58","80.22","1646.0","PITHORAGARH, IN","3",",I","3",",I","1",",I","19310304",",,I","33.0",",,I,04,","62.8",",,,I"
"IN023440400","1931-04","29.58","80.22","1646.0","PITHORAGARH, IN","3",",I","1",",I","0",",I","19310412",",,I","3.0",",,I,12,","4.8",",,,I"
"IN023440400","1931-05","29.58","80.22","1646.0","PITHORAGARH, IN","9",",I","8",",I","0",",I","19310509",",,I","23.6",",,I,09,","85.8",",,,I"
"IN023440400","1931-06","29.58","80.22","1646.0","PITHORAGARH, IN","6",",I","5",",I","0",",I","19310628",",,I","6.9",",,I,28,","27.5",",,,I"
"IN023440400","1931-07","29.58","80.22","1646.0","PITHORAGARH, IN","24",",I","20",",I","1",",I","19310721",",,I","25.4",",,I,21,","191.5",",,,I"
"IN023440400","1931-08","29.58","80.22","1646.0","PITHORAGARH, IN","18",",I","12",",I","0",",I","19310821",",,I","21.6",",,I,21,","146.1",",,,I"
"IN023440400","1931-09","29.58","80.22","1646.0","PITHORAGARH, IN","16",",I","14",",I","5",",I","19310906",",,I","58.7",",,I,06,","305.2",",,,I"
"IN023440400","1931-10","29.58","80.22","1646.0","PITHORAGARH, IN","5",",I","4",",I","2",",I","19311016",",,I","61.7",",,I,16,","124.4",",,,I"
"IN023440400","1931-11","29.58","80.22","1646.0","PITHORAGARH, IN","1",",I","1",",I","0",",I","19311105",",,I","3.3",",,I,05,","3.3",",,,I"
"IN023440400","1931-12","29.58","80.22","1646.0","PITHORAGARH, IN","0",",I","0",",I","0",",I","19311231","+,,I","0.0",",,I,31,+","0.0",",,,I"
"IN023440400","1932-01","29.58","80.22","1646.0","PITHORAGARH, IN","0",",I","0",",I","0",",I","19320131","+,,I","0.0",",,I,31,+","0.0",",,,I"
"IN023440400","1932-02","29.58","80.22","1646.0","PITHORAGARH, IN","1",",I","1",",I","0",",I","19320204",",,I","8.6",",,I,04,","8.6",",,,I"
"IN023440400","1932-03","29.58","80.22","1646.0","PITHORAGARH, IN","4",",I","1",",I","0",",I","19320325",",,I","14.5",",,I,25,","17.6",",,,I"
"IN023440400","1932-04","29.58","80.22","1646.0","PITHORAGARH, IN","7",",I","1",",I","0",",I","19320416",",,I","3.8",",,I,16,","8.7",",,,I"
"IN023440400","1932-05","29.58","80.22","1646.0","PITHORAGARH, IN","7",",I","5",",I","0",",I","19320505",",,I","11.2",",,I,05,","34.0",",,,I"
"IN023440400","1932-06","29.58","80.22","1646.0","PITHORAGARH, IN","9",",I","7",",I","2",",I","19320625",",,I","69.3",",,I,25,","164.8",",,,I"
"IN023440400","1932-07","29.58","80.22","1646.0","PITHORAGARH, IN","22",",I","20",",I","3",",I","19320705",",,I","63.5",",,I,05,","327.0",",,,I"
"IN023440400","1932-08","29.58","80.22","1646.0","PITHORAGARH, IN","20",",I","19",",I","6",",I","19320813",",,I","95.8",",,I,13,","490.3",",,,I"
"IN023440400","1932-09","29.58","80.22","1646.0","PITHORAGARH, IN","14",",I","13",",I","2",",I","19320925",",,I","64.3",",,I,25,","263.7",",,,I"
"IN023440400","1932-10","29.58","80.22","1646.0","PITHORAGARH, IN","1",",I","1",",I","0",",I","19321023",",,I","12.2",",,I,23,","12.2",",,,I"
"IN023440400","1932-11","29.58","80.22","1646.0","PITHORAGARH, IN","2",",I","1",",I","0",",I","19321104",",,I","4.1",",,I,04,","5.4",",,,I"
"IN023440400","1932-12","29.58","80.22","1646.0","PITHORAGARH, IN","5",",I","5",",I","1",",I","19321225",",,I","36.3",",,I,25,","68.7",",,,I"
"IN023440400","1933-01","29.58","80.22","1646.0","PITHORAGARH, IN","6",",I","4",",I","1",",I","19330124",",,I","33.3",",,I,24,","53.2",",,,I"
"IN023440400","1933-02","29.58","80.22","1646.0","PITHORAGARH, IN","5",",I","5",",I","2",",I","19330213",",,I","34.3",",,I,13,","89.3",",,,I"
"IN023440400","1933-03","29.58","80.22","1646.0","PITHORAGARH, IN","4",",I","4",",I","0",",I","19330320",",,I","16.8",",,I,20,","34.9",",,,I"
"IN023440400","1933-04","29.58","80.22","1646.0","PITHORAGARH, IN","7",",I","4",",I","0",",I","19330422",",,I","18.8",",,I,22,","49.8",",,,I"
"IN023440400","1933-05","29.58","80.22","1646.0","PITHORAGARH, IN","14",",I","12",",I","0",",I","19330525",",,I","19.3",",,I,25,","146.5",",,,I"
"IN023440400","1933-06","29.58","80.22","1646.0","PITHORAGARH, IN","18",",I","14",",I","3",",I","19330622",",,I","33.0",",,I,22,","220.4",",,,I"
"IN023440400","1933-07","29.58","80.22","1646.0","PITHORAGARH, IN","22",",I","19",",I","8",",I","19330706",",,I","46.0",",,I,06,","432.5",",,,I"
"IN023440400","1933-08","29.58","80.22","1646.0","PITHORAGARH, IN","21",",I","17",",I","5",",I","19330814",",,I","32.3",",,I,14,","261.4",",,,I"
"IN023440400","1933-09","29.58","80.22","1646.0","PITHORAGARH, IN","11",",I","9",",I","0",",I","19330908",",,I","23.1",",,I,08,","131.9",",,,I"
"IN023440400","1933-10","29.58","80.22","1646.0","PITHORAGARH, IN","8",",I","7",",I","3",",I","19331021",",,I","55.9",",,I,21,","175.8",",,,I"
"IN023440400","1933-11","29.58","80.22","1646.0","PITHORAGARH, IN","0",",I","0",",I","0",",I","19331130","+,,I","0.0",",,I,30,+","0.0",",,,I"
"IN023440400","1933-12","29.58","80.22","1646.0","PITHORAGARH, IN","0",",I","0",",I","0",",I","19331231","+,,I","0.0",",,I,31,+","0.0",",,,I"
"IN023440400","1934-01","29.58","80.22","1646.0","PITHORAGARH, IN","8",",I","7",",I","1",",I","19340113",",,I","33.5",",,I,13,","85.0",",,,I"
"IN023440400","1934-02","29.58","80.22","1646.0","PITHORAGARH, IN","1",",I","1",",I","0",",I","19340217",",,I","12.7",",,I,17,","12.7",",,,I"
"IN023440400","1934-03","29.58","80.22","1646.0","PITHORAGARH, IN","5",",I","3",",I","1",",I","19340308",",,I","26.9",",,I,08,","38.2",",,,I"
"IN023440400","1934-04","29.58","80.22","1646.0","PITHORAGARH, IN","6",",I","1",",I","0",",I","19340412",",,I","2.8",",,I,12,","8.4",",,,I"
"IN023440400","1934-05","29.58","80.22","1646.0","PITHORAGARH, IN","5",",I","4",",I","0",",I","19340505",",,I","11.7",",,I,05,","31.5",",,,I"
"IN023440400","1934-06","29.58","80.22","1646.0","PITHORAGARH, IN","17",",I","13",",I","2",",I","19340614",",,I","82.0",",,I,14,","253.1",",,,I"
"IN023440400","1934-07","29.58","80.22","1646.0","PITHORAGARH, IN","23",",I","21",",I","6",",I","19340718",",,I","66.0",",,I,18,","462.1",",,,I"
"IN023440400","1934-08","29.58","80.22","1646.0","PITHORAGARH, IN","22",",I","18",",I","7",",I","19340821",",,I","130.6",",,I,21,","524.9",",,,I"
"IN023440400","1934-09","29.58","80.22","1646.0","PITHORAGARH, IN","10",",I","5",",I","0",",I","19340907",",,I","7.9",",,I,07,","35.5",",,,I"
"IN023440400","1934-10","29.58","80.22","1646.0","PITHORAGARH, IN","0",",I","0",",I","0",",I","19341031","+,,I","0.0",",,I,31,+","0.0",",,,I"
"IN023440400","1934-11","29.58","80.22","1646.0","PITHORAGARH, IN","0",",I","0",",I","0",",I","19341130","+,,I","0.0",",,I,30,+","0.0",",,,I"
"IN023440400","1934-12","29.58","80.22","1646.0","PITHORAGARH, IN","4",",I","4",",I","0",",I","19341219",",,I","17.3",",,I,19,","45.8",",,,I"
"IN023440400","1935-01","29.58","80.22","1646.0","PITHORAGARH, IN","9",",I","7",",I","1",",I","19350129",",,I","25.4",",,I,29,","105.5",",,,I"
"IN023440400","1935-02","29.58","80.22","1646.0","PITHORAGARH, IN","3",",I","3",",I","0",",I","19350216",",,I","6.6",",,I,16,","13.2",",,,I"
"IN023440400","1935-03","29.58","80.22","1646.0","PITHORAGARH, IN","2",",I","2",",I","0",",I","19350325",",,I","16.0",",,I,25,","28.4",",,,I"
"IN023440400","1935-04","29.58","80.22","1646.0","PITHORAGARH, IN","6",",I","4",",I","0",",I","19350415",",,I","16.5",",,I,15,","37.1",",,,I"
"IN023440400","1935-05","29.58","80.22","1646.0","PITHORAGARH, IN","0",",I","0",",I","0",",I","19350531","+,,I","0.0",",,I,31,+","0.0",",,,I"
"IN023440400","1935-06","29.58","80.22","1646.0","PITHORAGARH, IN","4",",I","4",",I","0",",I","19350630",",,I","17.0",",,I,30,","46.5",",,,I"
"IN023440400","1935-07","29.58","80.22","1646.0","PITHORAGARH, IN","22",",I","19",",I","4",",I","19350712",",,I","36.8",",,I,12,","300.2",",,,I"
"IN023440400","1935-08","29.58","80.22","1646.0","PITHORAGARH, IN","21",",I","16",",I","4",",I","19350818","+,,I","37.3",",,I,18,+","290.3",",,,I"
"IN023440400","1935-09","29.58","80.22","1646.0","PITHORAGARH, IN","9",",I","8",",I","1",",I","19350915",",,I","59.9",",,I,15,","141.1",",,,I"
"IN023440400","1935-10","29.58","80.22","1646.0","PITHORAGARH, IN","0",",I","0",",I","0",",I","19351031","+,,I","0.0",",,I,31,+","0.0",",,,I"
"IN023440400","1935-11","29.58","80.22","1646.0","PITHORAGARH, IN","2",",I","0",",I","0",",I","19351108",",,I","2.0",",,I,08,","3.0",",,,I"
"IN023440400","1935-12","29.58","80.22","1646.0","PITHORAGARH, IN","2",",I","2",",I","0",",I","19351210",",,I","21.6",",,I,10,","24.9",",,,I"
"IN023440400","1936-01","29.58","80.22","1646.0","PITHORAGARH, IN","3",",I","2",",I","0",",I","19360124",",,I","9.1",",,I,24,","16.0",",,,I"
"IN023440400","1936-02","29.58","80.22","1646.0","PITHORAGARH, IN","7",",I","3",",I","1",",I","19360208",",,I","27.9",",,I,08,","56.5",",,,I"
"IN023440400","1936-03","29.58","80.22","1646.0","PITHORAGARH, IN","7",",I","6",",I","0",",I","19360331",",,I","7.6",",,I,31,","33.7",",,,I"
"IN023440400","1936-04","29.58","80.22","1646.0","PITHORAGARH, IN","8",",I","7",",I","0",",I","19360404",",,I","17.3",",,I,04,","50.5",",,,I"
"IN023440400","1936-05","29.58","80.22","1646.0","PITHORAGARH, IN","13",",I","10",",I","1",",I","19360507",",,I","70.1",",,I,07,","158.5",",,,I"
"IN023440400","1936-06","29.58","80.22","1646.0","PITHORAGARH, IN","26",",I","20",",I","4",",I","19360626",",,I","35.8",",,I,26,","334.3",",,,I"
"IN023440400","1936-07","29.58","80.22","1646.0","PITHORAGARH, IN","21",",I","18",",I","8",",I","19360707",",,I","67.3",",,I,07,","451.7",",,,I"
"IN023440400","1936-08","29.58","80.22","1646.0","PITHORAGARH, IN","20",",I","17",",I","5",",I","19360817",",,I","42.9",",,I,17,","319.7",",,,I"
"IN023440400","1936-09","29.58","80.22","1646.0","PITHORAGARH, IN","18",",I","15",",I","3",",I","19360921",",,I","30.2",",,I,21,","207.3",",,,I"
"IN023440400","1936-10","29.58","80.22","1646.0","PITHORAGARH, IN","3",",I","2",",I","0",",I","19361022",",,I","6.1",",,I,22,","10.4",",,,I"
"IN023440400","1936-11","29.58","80.22","1646.0","PITHORAGARH, IN","1",",I","1",",I","0",",I","19361116",",,I","2.5",",,I,16,","2.5",",,,I"
"IN023440400","1936-12","29.58","80.22","1646.0","PITHORAGARH, IN","9",",I","8",",I","2",",I","19361220",",,I","41.1",",,I,20,","108.2",",,,I"
"IN023440400","1937-01","29.58","80.22","1646.0","PITHORAGARH, IN","2",",I","1",",I","0",",I","19370106",",,I","11.2",",,I,06,","11.7",",,,I"
"IN023440400","1937-02","29.58","80.22","1646.0","PITHORAGARH, IN","7",",I","7",",I","2",",I","19370212",",,I","48.3",",,I,12,","139.9",",,,I"
"IN023440400","1937-03","29.58","80.22","1646.0","PITHORAGARH, IN","1",",I","0",",I","0",",I","19370323",",,I","0.5",",,I,23,","0.5",",,,I"
"IN023440400","1937-04","29.58","80.22","1646.0","PITHORAGARH, IN","4",",I","3",",I","1",",I","19370405",",,I","25.7",",,I,05,","35.6",",,,I"
"IN023440400","1937-05","29.58","80.22","1646.0","PITHORAGARH, IN","12",",I","8",",I","3",",I","19370524",",,I","34.0",",,I,24,","144.2",",,,I"
"IN023440400","1937-06","29.58","80.22","1646.0","PITHORAGARH, IN","13",",I","8",",I","0",",I","19370618",",,I","24.6",",,I,18,","87.0",",,,I"
"IN023440400","1937-07","29.58","80.22","1646.0","PITHORAGARH, IN","21",",I","17",",I","5",",I","19370711",",,I","35.6",",,I,11,","274.8",",,,I"
"IN023440400","1937-08","29.58","80.22","1646.0","PITHORAGARH, IN","20",",I","13",",I","0",",I","19370806",",,I","21.3",",,I,06,","139.2",",,,I"
"IN023440400","1937-09","29.58","80.22","1646.0","PITHORAGARH, IN","18",",I","9",",I","1",",I","19370917",",,I","28.4",",,I,17,","130.2",",,,I"
"IN023440400","1937-10","29.58","80.22","1646.0","PITHORAGARH, IN","3",",I","1",",I","0",",I","19371029",",,I","8.6",",,I,29,","9.9",",,,I"
"IN023440400","1937-11","29.58","80.22","1646.0","PITHORAGARH, IN","2",",I","0",",I","0",",I","19371120",",,I","2.0",",,I,20,","2.3",",,,I"
"IN023440400","1937-12","29.58","80.22","1646.0","PITHORAGARH, IN","2",",I","2",",I","1",",I","19371222",",,I","33.5",",,I,22,","37.1",",,,I"
"IN023440400","1938-01","29.58","80.22","1646.0","PITHORAGARH, IN","9",",I","4",",I","2",",I","19380126",",,I","36.8",",,I,26,","96.4",",,,I"
"IN023440400","1938-02","29.58","80.22","1646.0","PITHORAGARH, IN","12",",I","6",",I","1",",I","19380201",",,I","37.6",",,I,01,","102.7",",,,I"
"IN023440400","1938-03","29.58","80.22","1646.0","PITHORAGARH, IN","1",",I","1",",I","0",",I","19380318",",,I","3.0",",,I,18,","3.0",",,,I"
"IN023440400","1938-04","29.58","80.22","1646.0","PITHORAGARH, IN","1",",I","0",",I","0",",I","19380420",",,I","0.5",",,I,20,","0.5",",,,I"
"IN023440400","1938-05","29.58","80.22","1646.0","PITHORAGARH, IN","9",",I","5",",I","1",",I","19380513",",,I","52.3",",,I,13,","104.3",",,,I"
"IN023440400","1938-06","29.58","80.22","1646.0","PITHORAGARH, IN","21",",I","16",",I","2",",I","19380621",",,I","45.0",",,I,21,","237.1",",,,I"
"IN023440400","1938-07","29.58","80.22","1646.0","PITHORAGARH, IN","27",",I","24",",I","3",",I","19380717",",,I","76.7",",,I,17,","418.7",",,,I"
"IN023440400","1938-08","29.58","80.22","1646.0","PITHORAGARH, IN","20",",I","14",",I","4",",I","19380820",",,I","66.0",",,I,20,","318.3",",,,I"
"IN023440400","1938-09","29.58","80.22","1646.0","PITHORAGARH, IN","10",",I","8",",I","2",",I","19380911",",,I","25.9",",,I,11,","137.4",",,,I"
"IN023440400","1938-10","29.58","80.22","1646.0","PITHORAGARH, IN","3",",I","2",",I","0",",I","19381012",",,I","6.1",",,I,12,","11.4",",,,I"
"IN023440400","1938-11","29.58","80.22","1646.0","PITHORAGARH, IN","0",",I","0",",I","0",",I","19381130","+,,I","0.0",",,I,30,+","0.0",",,,I"
"IN023440400","1938-12","29.58","80.22","1646.0","PITHORAGARH, IN","0",",I","0",",I","0",",I","19381231","+,,I","0.0",",,I,31,+","0.0",",,,I"
"IN023440400","1939-01","29.58","80.22","1646.0","PITHORAGARH, IN","3",",I","3",",I","0",",I","19390123",",,I","6.6",",,I,23,","15.0",",,,I"
"IN023440400","1939-02","29.58","80.22","1646.0","PITHORAGARH, IN","6",",I","4",",I","0",",I","19390217",",,I","22.6",",,I,17,","59.7",",,,I"
"IN023440400","1939-03","29.58","80.22","1646.0","PITHORAGARH, IN","7",",I","6",",I","0",",I","19390309",",,I","12.2",",,I,09,","50.0",",,,I"
"IN023440400","1939-04","29.58","80.22","1646.0","PITHORAGARH, IN","2",",I","2",",I","0",",I","19390407",",,I","10.4",",,I,07,","12.9",",,,I"
"IN023440400","1939-05","29.58","80.22","1646.0","PITHORAGARH, IN","3",",I","2",",I","0",",I","19390520",",,I","5.1",",,I,20,","10.4",",,,I"
"IN023440400","1939-06","29.58","80.22","1646.0","PITHORAGARH, IN","22",",I","17",",I","4",",I","19390625",",,I","63.5",",,I,25,","331.5",",,,I"
"IN023440400","1939-07","29.58","80.22","1646.0","PITHORAGARH, IN","20",",I","15",",I","4",",I","19390731",",,I","57.2",",,I,31,","315.6",",,,I"
"IN023440400","1939-08","29.58","80.22","1646.0","PITHORAGARH, IN","14",",I","8",",I","1",",I","19390814",",,I","53.3",",,I,14,","103.9",",,,I"
"IN023440400","1939-09","29.58","80.22","1646.0","PITHORAGARH, IN","12",",I","10",",I","2",",I","19390906",",,I","52.6",",,I,06,","138.0",",,,I"
"IN023440400","1939-10","29.58","80.22","1646.0","PITHORAGARH, IN","8",",I","5",",I","0",",I","19391014",",,I","8.4",",,I,14,","31.0",",,,I"
"IN023440400","1939-11","29.58","80.22","1646.0","PITHORAGARH, IN","0",",I","0",",I","0",",I","19391130","+,,I","0.0",",,I,30,+","0.0",",,,I"
"IN023440400","1939-12","29.58","80.22","1646.0","PITHORAGARH, IN","0",",I","0",",I","0",",I","19391231","+,,I","0.0",",,I,31,+","0.0",",,,I"
"IN023440400","1940-01","29.58","80.22","1646.0","PITHORAGARH, IN","4",",I","4",",I","2",",I","19400119",",,I","35.6",",,I,19,","70.8",",,,I"
"IN023440400","1940-02","29.58","80.22","1646.0","PITHORAGARH, IN","10",",I","8",",I","3",",I","19400206",",,I","63.5",",,I,06,","183.0",",,,I"
"IN023440400","1940-03","29.58","80.22","1646.0","PITHORAGARH, IN","7",",I","6",",I","1",",I","19400320",",,I","25.4",",,I,20,","68.7",",,,I"
"IN023440400","1940-04","29.58","80.22","1646.0","PITHORAGARH, IN","6",",I","5",",I","0",",I","19400430",",,I","14.0",",,I,30,","42.7",",,,I"
"IN023440400","1940-05","29.58","80.22","1646.0","PITHORAGARH, IN","6",",I","5",",I","0",",I","19400519",",,I","14.0",",,I,19,","43.3",",,,I"
"IN023440400","1940-06","29.58","80.22","1646.0","PITHORAGARH, IN","10",",I","9",",I","2",",I","19400625",",,I","48.3",",,I,25,","140.5",",,,I"
"IN023440400","1940-07","29.58","80.22","1646.0","PITHORAGARH, IN","20",",I","17",",I","4",",I","19400722",",,I","76.2",",,I,22,","352.0",",,,I"
"IN023440400","1940-08","29.58","80.22","1646.0","PITHORAGARH, IN","20",",I","18",",I","2",",I","19400815","+,,I","30.5",",,I,15,+","213.7",",,,I"
"IN023440400","1940-09","29.58","80.22","1646.0","PITHORAGARH, IN","12",",I","8",",I","0",",I","19400922",",,I","10.2",",,I,22,","35.5",",,,I"
"IN023440400","1940-10","29.58","80.22","1646.0","PITHORAGARH, IN","1",",I","1",",I","0",",I","19401030",",,I","2.5",",,I,30,","2.5",",,,I"
"IN023440400","1940-11","29.58","80.22","1646.0","PITHORAGARH, IN","0",",I","0",",I","0",",I","19401130","+,,I","0.0",",,I,30,+","0.0",",,,I"
"IN023440400","1940-12","29.58","80.22","1646.0","PITHORAGARH, IN","6",",I","6",",I","2",",I","19401221",",,I","50.8",",,I,21,","116.7",",,,I"
"IN023440400","1941-01","29.58","80.22","1646.0","PITHORAGARH, IN","6",",I","4",",I","1",",I","19410104",",,I","34.3",",,I,04,","63.6",",,,I"
"IN023440400","1941-02","29.58","80.22","1646.0","PITHORAGARH, IN","3",",I","3",",I","0",",I","19410209",",,I","17.8",",,I,09,","26.7",",,,I"
"IN023440400","1941-03","29.58","80.22","1646.0","PITHORAGARH, IN","1",",I","1",",I","0",",I","19410309",",,I","10.2",",,I,09,","10.2",",,,I"
"IN023440400","1941-04","29.58","80.22","1646.0","PITHORAGARH, IN","0",",I","0",",I","0",",I","19410430","+,,I","0.0",",,I,30,+","0.0",",,,I"
"IN023440400","1941-05","29.58","80.22","1646.0","PITHORAGARH, IN","8",",I","8",",I","0",",I","19410501",",,I","11.4",",,I,01,","49.4",",,,I"
"IN023440400","1941-06","29.58","80.22","1646.0","PITHORAGARH, IN","18",",I","16",",I","3",",I","19410614",",,I","38.1",",,I,14,","207.0",",,,I"
"IN023440400","1941-07","29.58","80.22","1646.0","PITHORAGARH, IN","8",",I","7",",I","2",",I","19410711",",,I","43.2",",,I,11,","113.0",",,,I"
"IN023440400","1941-08","29.58","80.22","1646.0","PITHORAGARH, IN","15",",I","15",",I","3",",I","19410831",",,I","83.8",",,I,31,","258.0",",,,I"
"IN023440400","1941-09","29.58","80.22","1646.0","PITHORAGARH, IN","12",",I","10",",I","3",",I","19410909",",,I","33.0",",,I,09,","153.7",",,,I"
"IN023440400","1941-10","29.58","80.22","1646.0","PITHORAGARH, IN","2",",I","2",",I","0",",I","19411008",",,I","15.2",",,I,08,","21.6",",,,I"
"IN023440400","1941-11","29.58","80.22","1646.0","PITHORAGARH, IN","0",",I","0",",I","0",",I","19411130","+,,I","0.0",",,I,30,+","0.0",",,,I"
"IN023440400","1941-12","29.58","80.22","1646.0","PITHORAGARH, IN","3",",I","3",",I","0",",I","19411211",",,I","17.0",",,I,11,","28.7",",,,I"
"IN023440400","1942-01","29.58","80.22","1646.0","PITHORAGARH, IN","4",",I","3",",I","2",",I","19420118",",,I","46.0",",,I,18,","98.1",",,,I"
"IN023440400","1942-02","29.58","80.22","1646.0","PITHORAGARH, IN","9",",I","5",",I","0",",I","19420222",",,I","23.1",",,I,22,","72.2",",,,I"
"IN023440400","1942-03","29.58","80.22","1646.0","PITHORAGARH, IN","5",",I","3",",I","0",",I","19420307",",,I","9.4",",,I,07,","26.5",",,,I"
"IN023440400","1942-04","29.58","80.22","1646.0","PITHORAGARH, IN","7",",I","5",",I","0",",I","19420417",",,I","9.7",",,I,17,","36.3",",,,I"
"IN023440400","1942-05","29.58","80.22","1646.0","PITHORAGARH, IN","4",",I","1",",I","0",",I","19420514",",,I","11.4",",,I,14,","16.7",",,,I"
"IN023440400","1942-06","29.58","80.22","1646.0","PITHORAGARH, IN","9",",I","6",",I","3",",I","19420623",",,I","111.8",",,I,23,","221.2",",,,I"
"IN023440400","1942-07","29.58","80.22","1646.0","PITHORAGARH, IN","27",",I","23",",I","10",",I","19420720",",,I","51.8",",,I,20,","493.0",",,,I"
"IN023440400","1942-08","29.58","80.22","1646.0","PITHORAGARH, IN","25",",I","21",",I","1",",I","19420829",",,I","44.7",",,I,29,","216.3",",,,I"
"IN023440400","1942-09","29.58","80.22","1646.0","PITHORAGARH, IN","14",",I","12",",I","1",",I","19420906",",,I","37.6",",,I,06,","157.1",",,,I"
"IN023440400","1942-10","29.58","80.22","1646.0","PITHORAGARH, IN","0",",I","0",",I","0",",I","19421031","+,,I","0.0",",,I,31,+","0.0",",,,I"
"IN023440400","1942-11","29.58","80.22","1646.0","PITHORAGARH, IN","0",",I","0",",I","0",",I","19421130","+,,I","0.0",",,I,30,+","0.0",",,,I"
"IN023440400","1942-12","29.58","80.22","1646.0","PITHORAGARH, IN","4",",I","4",",I","1",",I","19421216",",,I","34.5",",,I,16,","66.8",",,,I"
"IN023440400","1943-01","29.58","80.22","1646.0","PITHORAGARH, IN","6",",I","5",",I","0",",I","19430105",",,I","13.2",",,I,05,","39.8",",,,I"
"IN023440400","1943-02","29.58","80.22","1646.0","PITHORAGARH, IN","1",",I","1",",I","0",",I","19430215",",,I","22.9",",,I,15,","22.9",",,,I"
"IN023440400","1943-03","29.58","80.22","1646.0","PITHORAGARH, IN","5",",I","3",",I","0",",I","19430326",",,I","19.1",",,I,26,","35.7",",,,I"
"IN023440400","1943-04","29.58","80.22","1646.0","PITHORAGARH, IN","13",",I","8",",I","0",",I","19430422",",,I","21.8",",,I,22,","69.8",",,,I"
"IN023440400","1943-05","29.58","80.22","1646.0","PITHORAGARH, IN","5",",I","3",",I","0",",I","19430531",",,I","5.8",",,I,31,","17.0",",,,I"
"IN023440400","1943-06","29.58","80.22","1646.0","PITHORAGARH, IN","14",",I","11",",I","3",",I","19430617",",,I","47.5",",,I,17,","211.0",",,,I"
"IN023440400","1943-07","29.58","80.22","1646.0","PITHORAGARH, IN","21",",I","18",",I","4",",I","19430703",",,I","41.1",",,I,03,","272.7",",,,I"
"IN023440400","1943-08","29.58","80.22","1646.0","PITHORAGARH, IN","26","1,I","24","1,I","4","1,I","19430828",",1,I","50.5","1,,I,28,","387.1","1,,,I"
"IN023440400","1943-09","29.58","80.22","1646.0","PITHORAGARH, IN","10",",I","7",",I","0",",I","19430910",",,I","16.0",",,I,10,","83.4",",,,I"
"IN023440400","1943-10","29.58","80.22","1646.0","PITHORAGARH, IN","0",",I","0",",I","0",",I","19431031","+,,I","0.0",",,I,31,+","0.0",",,,I"
"IN023440400","1943-11","29.58","80.22","1646.0","PITHORAGARH, IN","0",",I","0",",I","0",",I","19431130","+,,I","0.0",",,I,30,+","0.0",",,,I"
"IN023440400","1943-12","29.58","80.22","1646.0","PITHORAGARH, IN","0",",I","0",",I","0",",I","19431231","+,,I","0.0",",,I,31,+","0.0",",,,I"
"IN023440400","1944-01","29.58","80.22","1646.0","PITHORAGARH, IN","9",",I","6",",I","1",",I","19440123",",,I","26.4",",,I,23,","85.3",",,,I"
"IN023440400","1944-02","29.58","80.22","1646.0","PITHORAGARH, IN","7",",I","3",",I","0",",I","19440220",",,I","19.1",",,I,20,","41.4",",,,I"
"IN023440400","1944-03","29.58","80.22","1646.0","PITHORAGARH, IN","10",",I","5",",I","0",",I","19440324",",,I","14.0",",,I,24,","42.7",",,,I"
"IN023440400","1944-04","29.58","80.22","1646.0","PITHORAGARH, IN","6",",I","5",",I","0",",I","19440404",",,I","12.7",",,I,04,","33.6",",,,I"
"IN023440400","1944-05","29.58","80.22","1646.0","PITHORAGARH, IN","4",",I","4",",I","2",",I","19440530",",,I","27.9",",,I,30,","60.7",",,,I"
"IN023440400","1944-06","29.58","80.22","1646.0","PITHORAGARH, IN","15",",I","14",",I","5",",I","19440603",",,I","37.6",",,I,03,","283.9",",,,I"
"IN023440400","1944-07","29.58","80.22","1646.0","PITHORAGARH, IN","23",",I","14",",I","2",",I","19440724",",,I","57.2",",,I,24,","244.6",",,,I"
"IN023440400","1944-08","29.58","80.22","1646.0","PITHORAGARH, IN","20",",I","16",",I","3",",I","19440811",",,I","36.1",",,I,11,","240.3",",,,I"
"IN023440400","1944-09","29.58","80.22","1646.0","PITHORAGARH, IN","9",",I","4",",I","1",",I","19440904",",,I","83.8",",,I,04,","133.2",",,,I"
"IN023440400","1944-10","29.58","80.22","1646.0","PITHORAGARH, IN","2",",I","2",",I","1",",I","19441005",",,I","29.5",",,I,05,","39.4",",,,I"
"IN023440400","1944-11","29.58","80.22","1646.0","PITHORAGARH, IN","1",",I","0",",I","0",",I","19441104",",,I","0.5",",,I,04,","0.5",",,,I"
"IN023440400","1944-12","29.58","80.22","1646.0","PITHORAGARH, IN","3",",I","0",",I","0",",I","19441229","+,,I","0.5",",,I,29,+","1.5",",,,I"
"IN023440400","1945-01","29.58","80.22","1646.0","PITHORAGARH, IN","11",",I","11",",I","2",",I","19450105",",,I","36.8",",,I,05,","163.5",",,,I"
"IN023440400","1945-02","29.58","80.22","1646.0","PITHORAGARH, IN","1",",I","1",",I","0",",I","19450202",",,I","3.0",",,I,02,","3.0",",,,I"
"IN023440400","1945-03","29.58","80.22","1646.0","PITHORAGARH, IN","5",",I","3",",I","0",",I","19450318",",,I","12.7",",,I,18,","28.8",",,,I"
"IN023440400","1945-04","29.58","80.22","1646.0","PITHORAGARH, IN","5",",I","3",",I","0",",I","19450425",",,I","17.8",",,I,25,","32.0",",,,I"
"IN023440400","1945-05","29.58","80.22","1646.0","PITHORAGARH, IN","1",",I","1",",I","0",",I","19450518",",,I","12.7",",,I,18,","12.7",",,,I"
"IN023440400","1945-06","29.58","80.22","1646.0","PITHORAGARH, IN","6",",I","5",",I","2",",I","19450625",",,I","63.5",",,I,25,","140.0",",,,I"
"IN023440400","1945-07","29.58","80.22","1646.0","PITHORAGARH, IN","17",",I","17",",I","2",",I","19450714",",,I","37.8",",,I,14,","245.1",",,,I"
"IN023440400","1945-08","29.58","80.22","1646.0","PITHORAGARH, IN","20",",I","20",",I","3",",I","19450811",",,I","46.2",",,I,11,","334.8",",,,I"
"IN023440400","1945-09","29.58","80.22","1646.0","PITHORAGARH, IN","14",",I","14",",I","4",",I","19450926",",,I","63.5",",,I,26,","355.8",",,,I"
"IN023440400","1945-10","29.58","80.22","1646.0","PITHORAGARH, IN","5",",I","5",",I","1",",I","19451002",",,I","64.0",",,I,02,","96.6",",,,I"
"IN023440400","1945-11","29.58","80.22","1646.0","PITHORAGARH, IN","0",",I","0",",I","0",",I","19451130","+,,I","0.0",",,I,30,+","0.0",",,,I"
"IN023440400","1945-12","29.58","80.22","1646.0","PITHORAGARH, IN","0",",I","0",",I","0",",I","19451231","+,,I","0.0",",,I,31,+","0.0",",,,I"
"IN023440400","1946-01","29.58","80.22","1646.0","PITHORAGARH, IN","0",",I","0",",I","0",",I","19460131","+,,I","0.0",",,I,31,+","0.0",",,,I"
"IN023440400","1946-02","29.58","80.22","1646.0","PITHORAGARH, IN","9",",I","7",",I","1",",I","19460224",",,I","25.4",",,I,24,","75.5",",,,I"
"IN023440400","1946-03","29.58","80.22","1646.0","PITHORAGARH, IN","3",",I","1",",I","0",",I","19460320",",,I","8.6",",,I,20,","10.9",",,,I"
"IN023440400","1946-04","29.58","80.22","1646.0","PITHORAGARH, IN","9",",I","8",",I","0",",I","19460411",",,I","22.1",",,I,11,","95.0",",,,I"
"IN023440400","1946-05","29.58","80.22","1646.0","PITHORAGARH, IN","13",",I","10",",I","2",",I","19460529",",,I","154.9",",,I,29,","297.8",",,,I"
"IN023440400","1946-06","29.58","80.22","1646.0","PITHORAGARH, IN","10",",I","9",",I","2",",I","19460628",",,I","81.3",",,I,28,","155.4",",,,I"
"IN023440400","1946-07","29.58","80.22","1646.0","PITHORAGARH, IN","22",",I","20",",I","5",",I","19460728",",,I","52.1",",,I,28,","305.2",",,,I"
"IN023440400","1946-08","29.58","80.22","1646.0","PITHORAGARH, IN","16",",I","10",",I","1",",I","19460805",",,I","31.8",",,I,05,","114.2",",,,I"
"IN023440400","1946-09","29.58","80.22","1646.0","PITHORAGARH, IN","7",",I","7",",I","2",",I","19460901",",,I","37.6",",,I,01,","117.9",",,,I"
"IN023440400","1946-10","29.58","80.22","1646.0","PITHORAGARH, IN","9",",I","8",",I","1",",I","19461008",",,I","28.7",",,I,08,","71.6",",,,I"
"IN023440400","1946-11","29.58","80.22","1646.0","PITHORAGARH, IN","1",",I","1",",I","0",",I","19461130",",,I","10.2",",,I,30,","10.2",",,,I"
"IN023440400","1946-12","29.58","80.22","1646.0","PITHORAGARH, IN","1",",I","1",",I","0",",I","19461229",",,I","5.6",",,I,29,","5.6",",,,I"
"IN023440400","1947-01","29.58","80.22","1646.0","PITHORAGARH, IN","4",",I","4",",I","1",",I","19470106",",,I","30.5",",,I,06,","58.4",",,,I"
"IN023440400","1947-02","29.58","80.22","1646.0","PITHORAGARH, IN","4",",I","4",",I","0",",I","19470224",",,I","19.8",",,I,24,","55.4",",,,I"
"IN023440400","1947-03","29.58","80.22","1646.0","PITHORAGARH, IN","7",",I","7",",I","0",",I","19470314",",,I","10.2",",,I,14,","46.8",",,,I"
"IN023440400","1947-04","29.58","80.22","1646.0","PITHORAGARH, IN","1",",I","0",",I","0",",I","19470429",",,I","1.0",",,I,29,","1.0",",,,I"
"IN023440400","1947-05","29.58","80.22","1646.0","PITHORAGARH, IN","13",",I","10",",I","0",",I","19470520",",,I","18.0",",,I,20,","90.3",",,,I"
"IN023440400","1947-06","29.58","80.22","1646.0","PITHORAGARH, IN","12",",I","10",",I","2",",I","19470606",",,I","41.7",",,I,06,","141.1",",,,I"
"IN023440400","1947-07","29.58","80.22","1646.0","PITHORAGARH, IN","19",",I","14",",I","0",",I","19470707",",,I","23.4",",,I,07,","171.7",",,,I"
"IN023440400","1947-08","29.58","80.22","1646.0","PITHORAGARH, IN","17",",I","14",",I","3",",I","19470812",",,I","53.3",",,I,12,","248.0",",,,I"
"IN023440400","1947-09","29.58","80.22","1646.0","PITHORAGARH, IN","15",",I","13",",I","1",",I","19470924",",,I","30.5",",,I,24,","143.5",",,,I"
"IN023440400","1947-10","29.58","80.22","1646.0","PITHORAGARH, IN","3",",I","2",",I","0",",I","19471004",",,I","17.0",",,I,04,","21.1",",,,I"
"IN023440400","1947-11","29.58","80.22","1646.0","PITHORAGARH, IN","1",",I","1",",I","0",",I","19471114",",,I","5.1",",,I,14,","5.1",",,,I"
"IN023440400","1947-12","29.58","80.22","1646.0","PITHORAGARH, IN","1",",I","1",",I","0",",I","19471224",",,I","3.0",",,I,24,","3.0",",,,I"
"IN023440400","1948-01","29.58","80.22","1646.0","PITHORAGARH, IN","0",",I","0",",I","0",",I","19480131","+,,I","0.0",",,I,31,+","0.0",",,,I"
"IN023440400","1948-02","29.58","80.22","1646.0","PITHORAGARH, IN","8",",I","7",",I","1",",I","19480227",",,I","25.4",",,I,27,","70.3",",,,I"
"IN023440400","1948-03","29.58","80.22","1646.0","PITHORAGARH, IN","7",",I","7",",I","1",",I","19480309",",,I","31.8",",,I,09,","105.2",",,,I"
"IN023440400","1948-04","29.58","80.22","1646.0","PITHORAGARH, IN","6",",I","6",",I","0",",I","19480427",",,I","20.3",",,I,27,","50.3",",,,I"
"IN023440400","1948-05","29.58","80.22","1646.0","PITHORAGARH, IN","7",",I","6",",I","2",",I","19480524",",,I","50.8",",,I,24,","127.5",",,,I"
"IN023440400","1948-06","29.58","80.22","1646.0","PITHORAGARH, IN","5",",I","3",",I","1",",I","19480622",",,I","58.4",",,I,22,","80.0",",,,I"
"IN023440400","1948-07","29.58","80.22","1646.0","PITHORAGARH, IN","19",",I","18",",I","2",",I","19480714",",,I","48.8",",,I,14,","241.5",",,,I"
"IN023440400","1948-08","29.58","80.22","1646.0","PITHORAGARH, IN","24",",I","24",",I","6",",I","19480824",",,I","95.3",",,I,24,","446.2",",,,I"
"IN023440400","1948-09","29.58","80.22","1646.0","PITHORAGARH, IN","12",",I","11",",I","0",",I","19480924",",,I","20.3",",,I,24,","94.9",",,,I"
"IN023440400","1948-10","29.58","80.22","1646.0","PITHORAGARH, IN","4",",I","2",",I","0",",I","19481009",",,I","22.4",",,I,09,","29.3",",,,I"
"IN023440400","1948-11","29.58","80.22","1646.0","PITHORAGARH, IN","0",",I","0",",I","0",",I","19481130","+,,I","0.0",",,I,30,+","0.0",",,,I"
"IN023440400","1948-12","29.58","80.22","1646.0","PITHORAGARH, IN","2",",I","2",",I","0",",I","19481211",",,I","4.3",",,I,11,","7.9",",,,I"
"IN023440400","1949-01","29.58","80.22","1646.0","PITHORAGARH, IN","1",",I","0",",I","0",",I","19490127",",,I","1.8",",,I,27,","1.8",",,,I"
"IN023440400","1949-02","29.58","80.22","1646.0","PITHORAGARH, IN","5",",I","5",",I","3",",I","19490205",",,I","41.4",",,I,05,","130.5",",,,I"
"IN023440400","1949-03","29.58","80.22","1646.0","PITHORAGARH, IN","7",",I","6",",I","0",",I","19490305",",,I","16.3",",,I,05,","44.7",",,,I"
"IN023440400","1949-04","29.58","80.22","1646.0","PITHORAGARH, IN","4",",I","3",",I","1",",I","19490411",",,I","45.7",",,I,11,","57.2",",,,I"
"IN023440400","1949-05","29.58","80.22","1646.0","PITHORAGARH, IN","11",",I","11",",I","3",",I","19490514",",,I","50.8",",,I,14,","169.7",",,,I"
"IN023440400","1949-06","29.58","80.22","1646.0","PITHORAGARH, IN","6",",I","5",",I","0",",I","19490603",",,I","13.7",",,I,03,","41.2",",,,I"
"IN023440400","1949-07","29.58","80.22","1646.0","PITHORAGARH, IN","22",",I","20",",I","7",",I","19490712",",,I","80.0",",,I,12,","461.6",",,,I"
"IN023440400","1949-08","29.58","80.22","1646.0","PITHORAGARH, IN","19",",I","17",",I","6",",I","19490809",",,I","62.2",",,I,09,","361.5",",,,I"
"IN023440400","1949-09","29.58","80.22","1646.0","PITHORAGARH, IN","17",",I","15",",I","3",",I","19490928",",,I","52.8",",,I,28,","222.3",",,,I"
"IN023440400","1949-10","29.58","80.22","1646.0","PITHORAGARH, IN","3",",I","3",",I","1",",I","19491031",",,I","36.6",",,I,31,","56.2",",,,I"
"IN023440400","1949-11","29.58","80.22","1646.0","PITHORAGARH, IN","1",",I","1",",I","0",",I","19491130",",,I","3.6",",,I,30,","3.6",",,,I"
"IN023440400","1949-12","29.58","80.22","1646.0","PITHORAGARH, IN","1",",I","1",",I","0",",I","19491210",",,I","4.8",",,I,10,","4.8",",,,I"
"IN023440400","1950-01","29.58","80.22","1646.0","PITHORAGARH, IN","8",",I","7",",I","1",",I","19500127",",,I","25.9",",,I,27,","67.9",",,,I"
"IN023440400","1950-02","29.58","80.22","1646.0","PITHORAGARH, IN","5",",I","5",",I","0",",I","19500209",",,I","20.8",",,I,09,","48.7",",,,I"
"IN023440400","1950-03","29.58","80.22","1646.0","PITHORAGARH, IN","8",",I","5",",I","2",",I","19500323",",,I","31.8",",,I,23,","86.1",",,,I"
"IN023440400","1950-04","29.58","80.22","1646.0","PITHORAGARH, IN","2",",I","1",",I","0",",I","19500403",",,I","4.6",",,I,03,","4.9",",,,I"
"IN023440400","1950-05","29.58","80.22","1646.0","PITHORAGARH, IN","7",",I","5",",I","0",",I","19500529",",,I","23.1",",,I,29,","87.2",",,,I"
"IN023440400","1950-06","29.58","80.22","1646.0","PITHORAGARH, IN","17",",I","16",",I","5",",I","19500616",",,I","80.0",",,I,16,","371.7",",,,I"
"IN023440400","1950-07","29.58","80.22","1646.0","PITHORAGARH, IN","23",",I","21",",I","6",",I","19500704",",,I","61.0",",,I,04,","480.3",",,,I"
"IN023440400","1950-08","29.58","80.22","1646.0","PITHORAGARH, IN","20",",I","17",",I","5",",I","19500817",",,I","73.7",",,I,17,","349.5",",,,I"
"IN023440400","1950-09","29.58","80.22","1646.0","PITHORAGARH, IN","12",",I","11",",I","2",",I","19500913",",,I","34.3",",,I,13,","134.7",",,,I"
"IN023440400","1950-10","29.58","80.22","1646.0","PITHORAGARH, IN","0",",I","0",",I","0",",I","19501031","+,,I","0.0",",,I,31,+","0.0",",,,I"
"IN023440400","1950-11","29.58","80.22","1646.0","PITHORAGARH, IN","0",",I","0",",I","0",",I","19501130","+,,I","0.0",",,I,30,+","0.0",",,,I"
"IN023440400","1950-12","29.58","80.22","1646.0","PITHORAGARH, IN","0",",I","0",",I","0",",I","19501231","+,,I","0.0",",,I,31,+","0.0",",,,I"
"IN023440400","1951-01","29.58","80.22","1646.0","PITHORAGARH, IN","8",",I","5",",I","0",",I","19510108",",,I","11.4",",,I,08,","30.5",",,,I"
"IN023440400","1951-02","29.58","80.22","1646.0","PITHORAGARH, IN","6",",I","4",",I","1",",I","19510201",",,I","28.7",",,I,01,","68.1",",,,I"
"IN023440400","1951-03","29.58","80.22","1646.0","PITHORAGARH, IN","6",",I","4",",I","0",",I","19510326",",,I","8.9",",,I,26,","27.4",",,,I"
"IN023440400","1951-04","29.58","80.22","1646.0","PITHORAGARH, IN","8",",I","6",",I","0",",I","19510426",",,I","8.9",",,I,26,","32.8",",,,I"
"IN023440400","1951-05","29.58","80.22","1646.0","PITHORAGARH, IN","9",",I","9",",I","0",",I","19510531",",,I","15.0",",,I,31,","71.5",",,,I"
"IN023440400","1951-06","29.58","80.22","1646.0","PITHORAGARH, IN","8",",I","6",",I","2",",I","19510627",",,I","33.3",",,I,27,","93.0",",,,I"
"IN023440400","1951-07","29.58","80.22","1646.0","PITHORAGARH, IN","13",",I","11",",I","6",",I","19510725",",,I","47.0",",,I,25,","271.5",",,,I"
"IN023440400","1951-08","29.58","80.22","1646.0","PITHORAGARH, IN","20",",I","19",",I","6",",I","19510824",",,I","74.2",",,I,24,","405.0",",,,I"
"IN023440400","1951-09","29.58","80.22","1646.0","PITHORAGARH, IN","14",",I","11",",I","2",",I","19510914",",,I","57.4",",,I,14,","170.8",",,,I"
"IN023440400","1951-10","29.58","80.22","1646.0","PITHORAGARH, IN","2",",I","2",",I","0",",I","19511009",",,I","15.2",",,I,09,","24.9",",,,I"
"IN023440400","1951-11","29.58","80.22","1646.0","PITHORAGARH, IN","3",",I","2",",I","1",",I","19511126",",,I","38.1",",,I,26,","53.4",",,,I"
"IN023440400","1951-12","29.58","80.22","1646.0","PITHORAGARH, IN","0",",I","0",",I","0",",I","19511231","+,,I","0.0",",,I,31,+","0.0",",,,I"
"IN023440400","1952-01","29.58","80.22","1646.0","PITHORAGARH, IN","4",",I","2",",I","0",",I","19520103",",,I","18.0",",,I,03,","30.4",",,,I"
"IN023440400","1952-02","29.58","80.22","1646.0","PITHORAGARH, IN","5",",I","4",",I","0",",I","19520222",",,I","23.1",",,I,22,","67.8",",,,I"
"IN023440400","1952-03","29.58","80.22","1646.0","PITHORAGARH, IN","11",",I","7",",I","1",",I","19520323",",,I","47.8",",,I,23,","126.3",",,,I"
"IN023440400","1952-04","29.58","80.22","1646.0","PITHORAGARH, IN","3",",I","3",",I","0",",I","19520416",",,I","12.4",",,I,16,","28.4",",,,I"
"IN023440400","1952-05","29.58","80.22","1646.0","PITHORAGARH, IN","5",",I","3",",I","0",",I","19520514",",,I","8.6",",,I,14,","20.9",",,,I"
"IN023440400","1952-06","29.58","80.22","1646.0","PITHORAGARH, IN","15",",I","14",",I","4",",I","19520617",",,I","89.9",",,I,17,","321.6",",,,I"
"IN023440400","1952-07","29.58","80.22","1646.0","PITHORAGARH, IN","16",",I","12",",I","2",",I","19520720",",,I","46.2",",,I,20,","173.6",",,,I"
"IN023440400","1952-08","29.58","80.22","1646.0","PITHORAGARH, IN","25",",I","23",",I","6",",I","19520820",",,I","51.6",",,I,20,","364.5",",,,I"
"IN023440400","1952-09","29.58","80.22","1646.0","PITHORAGARH, IN","4",",I","3",",I","1",",I","19520901",",,I","32.3",",,I,01,","52.1",",,,I"
"IN023440400","1952-10","29.58","80.22","1646.0","PITHORAGARH, IN","1",",I","1",",I","0",",I","19521009",",,I","5.6",",,I,09,","5.6",",,,I"
"IN023440400","1952-11","29.58","80.22","1646.0","PITHORAGARH, IN","1",",I","1",",I","0",",I","19521103",",,I","3.6",",,I,03,","3.6",",,,I"
"IN023440400","1952-12","29.58","80.22","1646.0","PITHORAGARH, IN","0",",I","0",",I","0",",I","19521231","+,,I","0.0",",,I,31,+","0.0",",,,I"
"IN023440400","1953-01","29.58","80.22","1646.0","PITHORAGARH, IN","7",",I","5",",I","1",",I","19530116",",,I","29.5",",,I,16,","75.2",",,,I"
"IN023440400","1953-02","29.58","80.22","1646.0","PITHORAGARH, IN","2",",I","1",",I","0",",I","19530204",",,I","3.8",",,I,04,","5.3",",,,I"
"IN023440400","1953-03","29.58","80.22","1646.0","PITHORAGARH, IN","3",",I","2",",I","0",",I","19530308",",,I","4.3",",,I,08,","8.6",",,,I"
"IN023440400","1953-04","29.58","80.22","1646.0","PITHORAGARH, IN","3",",I","2",",I","1",",I","19530419",",,I","30.2",",,I,19,","43.4",",,,I"
"IN023440400","1953-05","29.58","80.22","1646.0","PITHORAGARH, IN","14",",I","13",",I","1",",I","19530501",",,I","27.7",",,I,01,","124.8",",,,I"
"IN023440400","1953-06","29.58","80.22","1646.0","PITHORAGARH, IN","12",",I","11",",I","2",",I","19530614",",,I","46.2",",,I,14,","167.7",",,,I"
"IN023440400","1953-07","29.58","80.22","1646.0","PITHORAGARH, IN","23",",I","21",",I","9",",I","19530712",",,I","106.7",",,I,12,","699.9",",,,I"
"IN023440400","1953-08","29.58","80.22","1646.0","PITHORAGARH, IN","18",",I","16",",I","4",",I","19530825","+,,I","37.6",",,I,25,+","275.2",",,,I"
"IN023440400","1953-09","29.58","80.22","1646.0","PITHORAGARH, IN","6",",I","6",",I","1",",I","19530909",",,I","73.2",",,I,09,","124.7",",,,I"
"IN023440400","1953-10","29.58","80.22","1646.0","PITHORAGARH, IN","1",",I","1",",I","0",",I","19531001",",,I","21.6",",,I,01,","21.6",",,,I"
"IN023440400","1953-11","29.58","80.22","1646.0","PITHORAGARH, IN","0",",I","0",",I","0",",I","19531130","+,,I","0.0",",,I,30,+","0.0",",,,I"
"IN023440400","1953-12","29.58","80.22","1646.0","PITHORAGARH, IN","0",",I","0",",I","0",",I","19531231","+,,I","0.0",",,I,31,+","0.0",",,,I"
"IN023440400","1954-01","29.58","80.22","1646.0","PITHORAGARH, IN","10",",I","9",",I","1",",I","19540101",",,I","34.3",",,I,01,","111.0",",,,I"
"IN023440400","1954-02","29.58","80.22","1646.0","PITHORAGARH, IN","8",",I","7",",I","2",",I","19540201",",,I","72.9",",,I,01,","183.4",",,,I"
"IN023440400","1954-03","29.58","80.22","1646.0","PITHORAGARH, IN","2",",I","2",",I","0",",I","19540324",",,I","19.3",",,I,24,","29.7",",,,I"
"IN023440400","1954-04","29.58","80.22","1646.0","PITHORAGARH, IN","0",",I","0",",I","0",",I","19540430","+,,I","0.0",",,I,30,+","0.0",",,,I"
"IN023440400","1954-05","29.58","80.22","1646.0","PITHORAGARH, IN","6",",I","3",",I","1",",I","19540529",",,I","34.8",",,I,29,","44.6",",,,I"
"IN023440400","1954-06","29.58","80.22","1646.0","PITHORAGARH, IN","9",",I","8",",I","3",",I","19540601",",,I","54.1",",,I,01,","173.7",",,,I"
"IN023440400","1954-07","29.58","80.22","1646.0","PITHORAGARH, IN","20",",I","20",",I","6",",I","19540711",",,I","56.6",",,I,11,","411.3",",,,I"
"IN023440400","1954-08","29.58","80.22","1646.0","PITHORAGARH, IN","22",",I","21",",I","9",",I","19540829",",,I","87.6",",,I,29,","618.1",",,,I"
"IN023440400","1954-09","29.58","80.22","1646.0","PITHORAGARH, IN","14",",I","8",",I","3",",I","19540929",",,I","31.5",",,I,29,","153.4",",,,I"
"IN023440400","1954-10","29.58","80.22","1646.0","PITHORAGARH, IN","4",",I","4",",I","2",",I","19541002",",,I","147.6",",,I,02,","218.0",",,,I"
"IN023440400","1954-11","29.58","80.22","1646.0","PITHORAGARH, IN","0",",I","0",",I","0",",I","19541130","+,,I","0.0",",,I,30,+","0.0",",,,I"
"IN023440400","1954-12","29.58","80.22","1646.0","PITHORAGARH, IN","1",",I","0",",I","0",",I","19541230",",,I","0.8",",,I,30,","0.8",",,,I"
"IN023440400","1955-01","29.58","80.22","1646.0","PITHORAGARH, IN","7",",I","6",",I","0",",I","19550125",",,I","23.9",",,I,25,","71.5",",,,I"
"IN023440400","1955-02","29.58","80.22","1646.0","PITHORAGARH, IN","3",",I","1",",I","0",",I","19550203",",,I","2.5",",,I,03,","5.8",",,,I"
"IN023440400","1955-03","29.58","80.22","1646.0","PITHORAGARH, IN","8",",I","5",",I","0",",I","19550316",",,I","19.3",",,I,16,","63.3",",,,I"
"IN023440400","1955-04","29.58","80.22","1646.0","PITHORAGARH, IN","3",",I","3",",I","1",",I","19550413",",,I","26.9",",,I,13,","53.0",",,,I"
"IN023440400","1955-05","29.58","80.22","1646.0","PITHORAGARH, IN","4",",I","2",",I","0",",I","19550506",",,I","11.4",",,I,06,","20.3",",,,I"
"IN023440400","1955-06","29.58","80.22","1646.0","PITHORAGARH, IN","12",",I","9",",I","3",",I","19550620",",,I","64.0",",,I,20,","198.2",",,,I"
"IN023440400","1955-07","29.58","80.22","1646.0","PITHORAGARH, IN","22",",I","19",",I","6",",I","19550701",",,I","59.7",",,I,01,","432.7",",,,I"
"IN023440400","1955-08","29.58","80.22","1646.0","PITHORAGARH, IN","25",",I","22",",I","4",",I","19550801",",,I","47.0",",,I,01,","346.8",",,,I"
"IN023440400","1955-09","29.58","80.22","1646.0","PITHORAGARH, IN","10",",I","10",",I","5",",I","19550908",",,I","52.1",",,I,08,","253.3",",,,I"
"IN023440400","1955-10","29.58","80.22","1646.0","PITHORAGARH, IN","8",",I","8",",I","4",",I","19551012",",,I","101.6",",,I,12,","311.4",",,,I"
"IN023440400","1955-11","29.58","80.22","1646.0","PITHORAGARH, IN","0",",I","0",",I","0",",I","19551130","+,,I","0.0",",,I,30,+","0.0",",,,I"
"IN023440400","1955-12","29.58","80.22","1646.0","PITHORAGARH, IN","0",",I","0",",I","0",",I","19551231","+,,I","0.0",",,I,31,+","0.0",",,,I"
"IN023440400","1956-01","29.58","80.22","1646.0","PITHORAGARH, IN","4",",I","4",",I","0",",I","19560129",",,I","11.4",",,I,29,","33.0",",,,I"
"IN023440400","1956-02","29.58","80.22","1646.0","PITHORAGARH, IN","2",",I","2",",I","0",",I","19560229",",,I","11.4",",,I,29,","18.8",",,,I"
"IN023440400","1956-03","29.58","80.22","1646.0","PITHORAGARH, IN","7",",I","7",",I","0",",I","19560323",",,I","18.3",",,I,23,","76.3",",,,I"
"IN023440400","1956-04","29.58","80.22","1646.0","PITHORAGARH, IN","1",",I","0",",I","0",",I","19560410",",,I","0.8",",,I,10,","0.8",",,,I"
"IN023440400","1956-05","29.58","80.22","1646.0","PITHORAGARH, IN","8",",I","7",",I","2",",I","19560525",",,I","136.1",",,I,25,","208.6",",,,I"
"IN023440400","1956-06","29.58","80.22","1646.0","PITHORAGARH, IN","17",",I","14",",I","4",",I","19560601",",,I","88.9",",,I,01,","278.1",",,,I"
"IN023440400","1956-07","29.58","80.22","1646.0","PITHORAGARH, IN","25",",I","23",",I","6",",I","19560703",",,I","64.0",",,I,03,","471.5",",,,I"
"IN023440400","1956-08","29.58","80.22","1646.0","PITHORAGARH, IN","17",",I","15",",I","1",",I","19560817",",,I","44.7",",,I,17,","203.7",",,,I"
"IN023440400","1956-09","29.58","80.22","1646.0","PITHORAGARH, IN","10",",I","9",",I","0",",I","19560903",",,I","25.1",",,I,03,","115.8",",,,I"
"IN023440400","1956-10","29.58","80.22","1646.0","PITHORAGARH, IN","8",",I","7",",I","6",",I","19561010",",,I","135.1",",,I,10,","399.0",",,,I"
"IN023440400","1956-11","29.58","80.22","1646.0","PITHORAGARH, IN","0",",I","0",",I","0",",I","19561130","+,,I","0.0",",,I,30,+","0.0",",,,I"
"IN023440400","1956-12","29.58","80.22","1646.0","PITHORAGARH, IN","3",",I","3",",I","0",",I","19561221",",,I","10.2",",,I,21,","19.4",",,,I"
"IN023440400","1957-01","29.58","80.22","1646.0","PITHORAGARH, IN","8",",I","8",",I","1",",I","19570110",",,I","50.3",",,I,10,","134.1",",,,I"
"IN023440400","1957-02","29.58","80.22","1646.0","PITHORAGARH, IN","1",",I","1",",I","0",",I","19570209",",,I","2.8",",,I,09,","2.8",",,,I"
"IN023440400","1957-03","29.58","80.22","1646.0","PITHORAGARH, IN","8",",I","6",",I","1",",I","19570306",",,I","31.5",",,I,06,","72.0",",,,I"
"IN023440400","1957-04","29.58","80.22","1646.0","PITHORAGARH, IN","6",",I","3",",I","0",",I","19570407",",,I","23.1",",,I,07,","41.2",",,,I"
"IN023440400","1957-05","29.58","80.22","1646.0","PITHORAGARH, IN","2",",I","2",",I","0",",I","19570518",",,I","15.7",",,I,18,","30.9",",,,I"
"IN023440400","1957-06","29.58","80.22","1646.0","PITHORAGARH, IN","12",",I","10",",I","2",",I","19570602",",,I","36.8",",,I,02,","149.7",",,,I"
"IN023440400","1957-07","29.58","80.22","1646.0","PITHORAGARH, IN","16",",I","13",",I","6",",I","19570720",",,I","50.0",",,I,20,","326.6",",,,I"
"IN023440400","1957-08","29.58","80.22","1646.0","PITHORAGARH, IN","11",",I","9",",I","3",",I","19570819",",,I","76.2",",,I,19,","264.1",",,,I"
"IN023440400","1957-09","29.58","80.22","1646.0","PITHORAGARH, IN","9",",I","8",",I","3",",I","19570915",",,I","114.3",",,I,15,","229.7",",,,I"
"IN023440400","1957-10","29.58","80.22","1646.0","PITHORAGARH, IN","1",",I","1",",I","0",",I","19571017",",,I","5.1",",,I,17,","5.1",",,,I"
"IN023440400","1957-11","29.58","80.22","1646.0","PITHORAGARH, IN","1",",I","1",",I","0",",I","19571121",",,I","19.3",",,I,21,","19.3",",,,I"
"IN023440400","1957-12","29.58","80.22","1646.0","PITHORAGARH, IN","2",",I","2",",I","1",",I","19571212",",,I","47.0",",,I,12,","52.1",",,,I"
"IN023440400","1958-01","29.58","80.22","1646.0","PITHORAGARH, IN","7",",I","7",",I","1",",I","19580129",",,I","26.7",",,I,29,","53.7",",,,I"
"IN023440400","1958-02","29.58","80.22","1646.0","PITHORAGARH, IN","2",",I","1",",I","0",",I","19580222",",,I","4.8",",,I,22,","7.1",",,,I"
"IN023440400","1958-03","29.58","80.22","1646.0","PITHORAGARH, IN","4",",I","4",",I","0",",I","19580330",",,I","14.0",",,I,30,","39.6",",,,I"
"IN023440400","1958-04","29.58","80.22","1646.0","PITHORAGARH, IN","2",",I","2",",I","1",",I","19580428",",,I","25.9",",,I,28,","31.0",",,,I"
"IN023440400","1958-05","29.58","80.22","1646.0","PITHORAGARH, IN","6",",I","1",",I","0",",I","19580501",",,I","5.1",",,I,01,","12.5",",,,I"
"IN023440400","1958-06","29.58","80.22","1646.0","PITHORAGARH, IN","9",",I","5",",I","4",",I","19580618",",,I","75.9",",,I,18,","209.1",",,,I"
"IN023440400","1958-07","29.58","80.22","1646.0","PITHORAGARH, IN","20",",I","18",",I","5",",I","19580729",",,I","66.0",",,I,29,","387.0",",,,I"
"IN023440400","1958-08","29.58","80.22","1646.0","PITHORAGARH, IN","19",",I","16",",I","7",",I","19580825",",,I","68.8",",,I,25,","414.3",",,,I"
"IN023440400","1958-09","29.58","80.22","1646.0","PITHORAGARH, IN","13",",I","10",",I","3",",I","19580929",",,I","46.7",",,I,29,","184.2",",,,I"
"IN023440400","1958-10","29.58","80.22","1646.0","PITHORAGARH, IN","5",",I","4",",I","1",",I","19581001",",,I","80.0",",,I,01,","114.3",",,,I"
"IN023440400","1958-11","29.58","80.22","1646.0","PITHORAGARH, IN","1",",I","0",",I","0",",I","19581129",",,I","1.5",",,I,29,","1.5",",,,I"
"IN023440400","1958-12","29.58","80.22","1646.0","PITHORAGARH, IN","3",",I","3",",I","0",",I","19581222",",,I","23.9",",,I,22,","40.1",",,,I"
"IN023440400","1959-01","29.58","80.22","1646.0","PITHORAGARH, IN","5",",I","5",",I","0",",I","19590129",",,I","20.6",",,I,29,","44.2",",,,I"
"IN023440400","1959-02","29.58","80.22","1646.0","PITHORAGARH, IN","5",",I","5",",I","1",",I","19590219",",,I","30.2",",,I,19,","63.6",",,,I"
"IN023440400","1959-03","29.58","80.22","1646.0","PITHORAGARH, IN","5",",I","5",",I","1",",I","19590331",",,I","27.2",",,I,31,","63.5",",,,I"
"IN023440400","1959-04","29.58","80.22","1646.0","PITHORAGARH, IN","3",",I","2",",I","0",",I","19590423",",,I","15.5",",,I,23,","22.1",",,,I"
"IN023440400","1959-05","29.58","80.22","1646.0","PITHORAGARH, IN","6",",I","4",",I","1",",I","19590527",",,I","34.3",",,I,27,","69.3",",,,I"
"IN023440400","1959-06","29.58","80.22","1646.0","PITHORAGARH, IN","16",",I","9",",I","3",",I","19590626",",,I","65.5",",,I,26,","217.7",",,,I"
"IN023440400","1959-07","29.58","80.22","1646.0","PITHORAGARH, IN","25",",I","20",",I","7",",I","19590707",",,I","95.8",",,I,07,","547.8",",,,I"
"IN023440400","1959-08","29.58","80.22","1646.0","PITHORAGARH, IN","19",",I","16",",I","2",",I","19590822",",,I","36.6",",,I,22,","241.3",",,,I"
"IN023440400","1959-09","29.58","80.22","1646.0","PITHORAGARH, IN","20",",I","16",",I","4",",I","19590919",",,I","47.7",",,I,19,","276.3",",,,I"
"IN023440400","1959-10","29.58","80.22","1646.0","PITHORAGARH, IN","5",",I","5",",I","0",",I","19591004",",,I","10.4",",,I,04,","26.1",",,,I"
"IN023440400","1959-11","29.58","80.22","1646.0","PITHORAGARH, IN","1",",I","1",",I","0",",I","19591107",",,I","12.7",",,I,07,","12.7",",,,I"
"IN023440400","1959-12","29.58","80.22","1646.0","PITHORAGARH, IN","0",",I","0",",I","0",",I","19591231","+,,I","0.0",",,I,31,+","0.0",",,,I"
"IN023440400","1960-01","29.58","80.22","1646.0","PITHORAGARH, IN","3",",I","2",",I","1",",I","19600122",",,I","31.2",",,I,22,","51.8",",,,I"
"IN023440400","1960-02","29.58","80.22","1646.0","PITHORAGARH, IN","0",",I","0",",I","0",",I","19600229","+,,I","0.0",",,I,29,+","0.0",",,,I"
"IN023440400","1960-03","29.58","80.22","1646.0","PITHORAGARH, IN","7",",I","6",",I","1",",I","19600322",",,I","40.4",",,I,22,","70.7",",,,I"
"IN023440400","1960-04","29.58","80.22","1646.0","PITHORAGARH, IN","3",",I","2",",I","0",",I","19600409",",,I","5.1",",,I,09,","10.5",",,,I"
"IN023440400","1960-05","29.58","80.22","1646.0","PITHORAGARH, IN","1",",I","1",",I","0",",I","19600516",",,I","7.4",",,I,16,","7.4",",,,I"
"IN023440400","1960-06","29.58","80.22","1646.0","PITHORAGARH, IN","14",",I","9",",I","1",",I","19600624",",,I","97.3",",,I,24,","205.6",",,,I"
"IN023440400","1960-07","29.58","80.22","1646.0","PITHORAGARH, IN","24",",I","19",",I","4",",I","19600725",",,I","67.3",",,I,25,","294.2",",,,I"
"IN023440400","1960-08","29.58","80.22","1646.0","PITHORAGARH, IN","21",",I","19",",I","1",",I","19600809",",,I","59.9",",,I,09,","262.8",",,,I"
"IN023440400","1960-09","29.58","80.22","1646.0","PITHORAGARH, IN","8",",I","8",",I","5",",I","19600902",",,I","70.1",",,I,02,","235.8",",,,I"
"IN023440400","1960-10","29.58","80.22","1646.0","PITHORAGARH, IN","6",",I","6",",I","2",",I","19601006",",,I","43.9",",,I,06,","112.5",",,,I"
"IN023440400","1960-11","29.58","80.22","1646.0","PITHORAGARH, IN","0",",I","0",",I","0",",I","19601130","+,,I","0.0",",,I,30,+","0.0",",,,I"
"IN023440400","1960-12","29.58","80.22","1646.0","PITHORAGARH, IN","1",",I","0",",I","0",",I","19601231",",,I","1.5",",,I,31,","1.5",",,,I"
"IN023440400","1961-01","29.58","80.22","1646.0","PITHORAGARH, IN","6",",I","6",",I","3",",I","19610101",",,I","46.0",",,I,01,","139.1",",,,I"
"IN023440400","1961-02","29.58","80.22","1646.0","PITHORAGARH, IN","9",",I","8",",I","2",",I","19610203",",,I","29.0",",,I,03,","127.7",",,,I"
"IN023440400","1961-03","29.58","80.22","1646.0","PITHORAGARH, IN","2",",I","1",",I","0",",I","19610319",",,I","4.6",",,I,19,","6.1",",,,I"
"IN023440400","1961-04","29.58","80.22","1646.0","PITHORAGARH, IN","2",",I","1",",I","0",",I","19610415",",,I","12.7",",,I,15,","14.7",",,,I"
"IN023440400","1961-05","29.58","80.22","1646.0","PITHORAGARH, IN","9",",I","6",",I","0",",I","19610513",",,I","10.9",",,I,13,","37.7",",,,I"
"IN023440400","1961-06","29.58","80.22","1646.0","PITHORAGARH, IN","11",",I","9",",I","2",",I","19610629",",,I","104.1",",,I,29,","176.6",",,,I"
"IN023440400","1961-07","29.58","80.22","1646.0","PITHORAGARH, IN","25",",I","21",",I","3",",I","19610728",",,I","77.7",",,I,28,","333.3",",,,I"
"IN023440400","1961-08","29.58","80.22","1646.0","PITHORAGARH, IN","21",",I","19",",I","9",",I","19610814",",,I","70.4",",,I,14,","497.9",",,,I"
"IN023440400","1961-09","29.58","80.22","1646.0","PITHORAGARH, IN","11",",I","9",",I","3",",I","19610905",",,I","53.3",",,I,05,","200.9",",,,I"
"IN023440400","1961-10","29.58","80.22","1646.0","PITHORAGARH, IN","13",",I","7",",I","3",",I","19611012",",,I","62.2",",,I,12,","193.9",",,,I"
"IN023440400","1961-11","29.58","80.22","1646.0","PITHORAGARH, IN","1",",I","1",",I","1",",I","19611107",",,I","26.2",",,I,07,","26.2",",,,I"
"IN023440400","1961-12","29.58","80.22","1646.0","PITHORAGARH, IN","2",",I","2",",I","0",",I","19611217",",,I","24.4",",,I,17,","42.4",",,,I"
"IN023440400","1962-01","29.58","80.22","1646.0","PITHORAGARH, IN","4",",I","4",",I","1",",I","19620126",",,I","39.4",",,I,26,","76.7",",,,I"
"IN023440400","1962-02","29.58","80.22","1646.0","PITHORAGARH, IN","8",",I","6",",I","0",",I","19620224",",,I","18.3",",,I,24,","56.8",",,,I"
"IN023440400","1962-03","29.58","80.22","1646.0","PITHORAGARH, IN","1",",I","1",",I","1",",I","19620314",",,I","29.5",",,I,14,","29.5",",,,I"
"IN023440400","1962-04","29.58","80.22","1646.0","PITHORAGARH, IN","5",",I","4",",I","0",",I","19620426",",,I","14.2",",,I,26,","38.4",",,,I"
"IN023440400","1962-05","29.58","80.22","1646.0","PITHORAGARH, IN","2",",I","1",",I","0",",I","19620508",",,I","2.5",",,I,08,","3.5",",,,I"
"IN023440400","1962-06","29.58","80.22","1646.0","PITHORAGARH, IN","12",",I","10",",I","3",",I","19620622",",,I","47.0",",,I,22,","194.9",",,,I"
"IN023440400","1962-07","29.58","80.22","1646.0","PITHORAGARH, IN","13",",I","10",",I","2",",I","19620726",",,I","69.9",",,I,26,","202.6",",,,I"
"IN023440400","1962-08","29.58","80.22","1646.0","PITHORAGARH, IN","20",",I","16",",I","6",",I","19620818",",,I","99.3",",,I,18,","412.5",",,,I"
"IN023440400","1962-09","29.58","80.22","1646.0","PITHORAGARH, IN","17",",I","13",",I","4",",I","19620922",",,I","108.7",",,I,22,","296.0",",,,I"
"IN023440400","1962-10","29.58","80.22","1646.0","PITHORAGARH, IN","0",",I","0",",I","0",",I","19621031","+,,I","0.0",",,I,31,+","0.0",",,,I"
"IN023440400","1962-11","29.58","80.22","1646.0","PITHORAGARH, IN","1",",I","1",",I","0",",I","19621122",",,I","2.8",",,I,22,","2.8",",,,I"
"IN023440400","1962-12","29.58","80.22","1646.0","PITHORAGARH, IN","2",",I","1",",I","0",",I","19621206",",,I","11.7",",,I,06,","13.7",",,,I"
"IN023440400","1963-01","29.58","80.22","1646.0","PITHORAGARH, IN","2",",I","1",",I","0",",I","19630116",",,I","12.7",",,I,16,","13.0",",,,I"
"IN023440400","1963-02","29.58","80.22","1646.0","PITHORAGARH, IN","1",",I","1",",I","0",",I","19630217",",,I","22.1",",,I,17,","22.1",",,,I"
"IN023440400","1963-03","29.58","80.22","1646.0","PITHORAGARH, IN","9",",I","9",",I","2",",I","19630310",",,I","53.3",",,I,10,","162.1",",,,I"
"IN023440400","1963-04","29.58","80.22","1646.0","PITHORAGARH, IN","9",",I","7",",I","1",",I","19630415",",,I","44.5",",,I,15,","109.0",",,,I"
"IN023440400","1963-05","29.58","80.22","1646.0","PITHORAGARH, IN","10",",I","8",",I","1",",I","19630504",",,I","26.9",",,I,04,","97.0",",,,I"
"IN023440400","1963-06","29.58","80.22","1646.0","PITHORAGARH, IN","14",",I","12",",I","2",",I","19630628",",,I","29.2",",,I,28,","168.1",",,,I"
"IN023440400","1963-07","29.58","80.22","1646.0","PITHORAGARH, IN","20",",I","16",",I","6",",I","19630713",",,I","54.1",",,I,13,","335.7",",,,I"
"IN023440400","1963-08","29.58","80.22","1646.0","PITHORAGARH, IN","21",",I","17",",I","6",",I","19630821",",,I","65.5",",,I,21,","373.9",",,,I"
"IN023440400","1963-09","29.58","80.22","1646.0","PITHORAGARH, IN","13",",I","12",",I","4",",I","19630917",",,I","47.5",",,I,17,","211.1",",,,I"
"IN023440400","1963-10","29.58","80.22","1646.0","PITHORAGARH, IN","1",",I","1",",I","0",",I","19631030",",,I","6.3",",,I,30,","6.3",",,,I"
"IN023440400","1963-11","29.58","80.22","1646.0","PITHORAGARH, IN","4",",I","3",",I","0",",I","19631104",",,I","8.4",",,I,04,","24.9",",,,I"
"IN023440400","1963-12","29.58","80.22","1646.0","PITHORAGARH, IN","2",",I","2",",I","1",",I","19631214",",,I","31.7",",,I,14,","47.4",",,,I"
"IN023440400","1968-01","29.58","80.22","1646.0","PITHORAGARH, IN","8",",I","4",",I","1",",I","19680128",",,I","26.2",",,I,28,","69.6",",,,I"
"IN023440400","1968-02","29.58","80.22","1646.0","PITHORAGARH, IN","4","2,I","3","2,I","0","2,I","19680220",",2,I","21.2","2,,I,20,","46.8","2,,,I"
