"STATION","DATE","LATITUDE","LONGITUDE","ELEVATION","NAME","CDSD","CDSD_ATTRIBUTES","CLDD","CLDD_ATTRIBUTES","DP01","DP01_ATTRIBUTES","DP10","DP10_ATTRIBUTES","DP1X","DP1X_ATTRIBUTES","DSND","DSND_ATTRIBUTES","DSNW","DSNW_ATTRIBUTES","DT00","DT00_ATTRIBUTES","DT32","DT32_ATTRIBUTES","DX32","DX32_ATTRIBUTES","DX70","DX70_ATTRIBUTES","DX90","DX90_ATTRIBUTES","DYFG","DYFG_ATTRIBUTES","DYNT","DYNT_ATTRIBUTES","DYSD","DYSD_ATTRIBUTES","DYSN","DYSN_ATTRIBUTES","DYTS","DYTS_ATTRIBUTES","DYXP","DYXP_ATTRIBUTES","DYXT","DYXT_ATTRIBUTES","EMNT","EMNT_ATTRIBUTES","EMSD","EMSD_ATTRIBUTES","EMSN","EMSN_ATTRIBUTES","EMXP","EMXP_ATTRIBUTES","EMXT","EMXT_ATTRIBUTES","HDSD","HDSD_ATTRIBUTES","HTDD","HTDD_ATTRIBUTES","PRCP","PRCP_ATTRIBUTES","SNOW","SNOW_ATTRIBUTES","TAVG","TAVG_ATTRIBUTES","TMAX","TMAX_ATTRIBUTES","TMIN","TMIN_ATTRIBUTES"
"LAW00041076","1966-03","15.68333","106.41667","168.2","SARAVANE L 44, LA","","","","","","","","","","","","","","","","","","","","","","","","","2","","","","","","","","2","","","","","","","","","","","","","","","","","","","","","","","","","","","","",""
"LAW00041076","1966-04","15.68333","106.41667","168.2","SARAVANE L 44, LA","","","350.2",",X","7","2,X","6","2,X","1","2,X","0",",X","0",",X","0",",X","0",",X","0",",X","30",",X","29",",X","7","","19660420","+,,X","19660430","+,,X","19660430","+,,X","7","","19660430",",2,X","19660428","+,,X","22.2",",X,20,+","0",",,X,30,+","0",",,X,30,+","27.7","2,,X,30,","37.8",",X,28,+","","","0.0",",X","73.6","2,,,X","0",",,,X","30.01",",X","35.90",",,,X","24.11",",,,X"
"LAW00041076","1966-05","15.68333","106.41667","168.2","SARAVANE L 44, LA","","","317.0",",X","23","1,X","21","1,X","6","1,X","0",",X","0",",X","0",",X","0",",X","0",",X","31",",X","25",",X","11","","19660526","+,,X","19660531","+,,X","19660531","+,,X","4","","19660517",",1,X","19660514","+,,X","22.8",",X,26,+","0",",,X,31,+","0",",,X,31,+","49.3","1,,X,17,","36.1",",X,14,+","","","0.0",",X","357.8","1,,,X","0",",,,X","28.56",",X","32.72",",,,X","24.40",",,,X"
"LAW00041076","1966-06","15.68333","106.41667","168.2","SARAVANE L 44, LA","","","292.4",",X","16","2,X","15","2,X","1","2,X","0",",X","0",",X","0",",X","0",",X","0",",X","30",",X","21",",X","3","","19660625","+,,X","19660630","+,,X","19660630","+,,X","6","","19660618",",2,X","19660601",",,X","22.8",",X,25,+","0",",,X,30,+","0",",,X,30,+","73.7","2,,X,18,","35.0",",X,01,","","","0.0",",X","196.0","2,,,X","0",",,,X","28.08",",X","32.00",",,,X","24.16",",,,X"
"LAW00041076","1966-07","15.68333","106.41667","168.2","SARAVANE L 44, LA","","","292.7",",X","16","1,X","13","1,X","5","1,X","0",",X","0",",X","0",",X","0",",X","0",",X","31",",X","18",",X","8","","19660729","+,,X","19660731","+,,X","19660731","+,,X","5","","19660723",",1,X","19660731","+,,X","22.8",",X,29,+","0",",,X,31,+","0",",,X,31,+","78.5","1,,X,23,","33.9",",X,31,+","0.0","X","0.0",",X","332.5","1,,,X","0",",,,X","27.78",",X","31.65",",,,X","23.90",",,,X"
"LAW00041076","1966-08","15.68333","106.41667","168.2","SARAVANE L 44, LA","","","278.1",",X","23","1,X","21","1,X","5","1,X","0",",X","0",",X","0",",X","0",",X","0",",X","31",",X","14",",X","1","","19660808",",,X","19660831","+,,X","19660831","+,,X","3","","19660812",",1,X","19660828","+,,X","22.2",",X,08,","0",",,X,31,+","0",",,X,31,+","65.5","1,,X,12,","32.8",",X,28,+","0.0","X","0.0",",X","485.3","1,,,X","0",",,,X","27.30",",X","30.69",",,,X","23.92",",,,X"
"LAW00041076","1966-09","15.68333","106.41667","168.2","SARAVANE L 44, LA","","","279.0",",X","15",",X","13",",X","4",",X","0",",X","0",",X","0",",X","0",",X","0",",X","30",",X","23",",X","13","","19660928",",,X","19660930","+,,X","19660930","+,,X","1","","19660908",",,X","19660930","+,,X","18.9",",X,28,","0",",,X,30,+","0",",,X,30,+","62.0",",,X,08,","32.8",",X,30,+","0.0","X","0.0",",X","352.7",",,,X","0",",,,X","27.63",",X","32.06",",,,X","23.20",",,,X"
"LAW00041076","1966-10","15.68333","106.41667","168.2","SARAVANE L 44, LA","","","291.4",",X","6","2,X","4","2,X","0","2,X","0",",X","0",",X","0",",X","0",",X","0",",X","31",",X","26",",X","20","","19661020","+,,X","19661031","+,,X","19661031","+,,X","","","19661023","+,2,X","19661031","+,,X","21.1",",X,20,+","0",",,X,31,+","0",",,X,31,+","10.7","2,,X,23,+","36.1",",X,31,+","0.0","X","0.0",",X","33.9","2,,,X","0",",,,X","27.73",",X","33.10",",,,X","22.36",",,,X"
"LAW00041076","1966-11","15.68333","106.41667","168.2","SARAVANE L 44, LA","","","207.6","1,X","1","1,X","1","1,X","0","1,X","0",",X","0",",X","0","1,X","0","1,X","0","1,X","29","1,X","19","1,X","15","","19661107","+,1,X","19661130","+,,X","19661130","+,,X","","","19661112",",1,X","19661114","+,1,X","16.1","1,X,07,+","0",",,X,30,+","0",",,X,30,+","16.8","1,,X,12,","35.0","1,X,14,+","0.0","X","0.0","1,X","16.8","1,,,X","0",",,,X","25.49","1,X","31.32","1,,,X","19.67","1,,,X"
"LAW00041076","1966-12","15.68333","106.41667","168.2","SARAVANE L 44, LA","","","227.3",",X","2",",X","2",",X","0",",X","0",",X","0",",X","0",",X","0",",X","0",",X","31",",X","22",",X","8","","19661229",",,X","19661231","+,,X","19661231","+,,X","","","19661225",",,X","19661220","+,,X","15.0",",X,29,","0",",,X,31,+","0",",,X,31,+","4.6",",,X,25,","35.0",",X,20,+","0.0","X","0.0",",X","8.9",",,,X","0",",,,X","25.66",",X","31.85",",,,X","19.48",",,,X"
"LAW00041076","1967-01","15.68333","106.41667","168.2","SARAVANE L 44, LA","143.8","","143.8",",X","0",",X","0",",X","0",",X","0",",X","0",",X","0",",X","0",",X","0",",X","31",",X","13",",X","1","","19670117",",,X","19670131","+,,X","19670131","+,,X","","","19670126","+,,X","19670130","+,,X","7.2",",X,17,","0",",,X,31,+","0",",,X,31,+","0.0",",T,X,26,+","35.0",",X,30,+","4.2","","4.2",",X","0.0",",T,,X","0",",,,X","22.84",",X","29.35",",,,X","16.32",",,,X"
"LAW00041076","1967-02","15.68333","106.41667","168.2","SARAVANE L 44, LA","323.4","","179.6",",X","0",",X","0",",X","0",",X","0",",X","0",",X","0",",X","0",",X","0",",X","28",",X","19",",X","12","","19670205",",,X","19670228","+,,X","19670228","+,,X","","","19670228","+,,X","19670224","+,,X","11.1",",X,05,","0",",,X,28,+","0",",,X,28,+","0.0",",,X,28,+","37.2",",X,24,+","4.2","","0.0",",X","0.0",",,,X","0",",,,X","24.75",",X","32.29",",,,X","17.20",",,,X"
"LAW00041076","1967-03","15.68333","106.41667","168.2","SARAVANE L 44, LA","631.2","","307.8",",X","0",",X","0",",X","0",",X","0",",X","0",",X","0",",X","0",",X","0",",X","31",",X","28",",X","23","","19670308","+,,X","19670331","+,,X","19670331","+,,X","","","19670331","+,,X","19670329",",,X","13.9",",X,08,+","0",",,X,31,+","0",",,X,31,+","0.0",",,X,31,+","40.0",",X,29,","4.2","","0.0",",X","0.0",",,,X","0",",,,X","28.26",",X","35.77",",,,X","20.75",",,,X"
"LAW00041076","1967-04","15.68333","106.41667","168.2","SARAVANE L 44, LA","957.2","","326.0",",X","14","3,X","12","3,X","1","3,X","0",",X","0",",X","0",",X","0",",X","0",",X","30",",X","29",",X","17","","19670418",",,X","19670430","+,,X","19670430","+,,X","4","","19670418",",3,X","19670411","+,,X","21.1",",X,18,","0",",,X,30,+","0",",,X,30,+","33.0","3,,X,18,","38.9",",X,11,+","4.2","","0.0",",X","143.0","3,,,X","0",",,,X","29.20",",X","35.17",",,,X","23.23",",,,X"
"LAW00041076","1967-05","15.68333","106.41667","168.2","SARAVANE L 44, LA","1282.1","","324.9",",X","10",",X","8",",X","2",",X","0",",X","0",",X","0",",X","0",",X","0",",X","31",",X","30",",X","3","","19670511",",,X","19670531","+,,X","19670531","+,,X","1","","19670518",",,X","19670508",",,X","22.2",",X,11,","0",",,X,31,+","0",",,X,31,+","37.6",",,X,18,","37.2",",X,08,","4.2","","0.0",",X","141.4",",,,X","0",",,,X","28.81",",X","33.85",",,,X","23.77",",,,X"
"LAW00041076","1967-06","15.68333","106.41667","168.2","SARAVANE L 44, LA","1575.6","","293.5",",X","15","2,X","10","2,X","1","2,X","0",",X","0",",X","0",",X","0",",X","0",",X","30",",X","22",",X","3","","19670627","+,,X","19670630","+,,X","19670630","+,,X","","","19670603",",2,X","19670624","+,,X","22.8",",X,27,+","0",",,X,30,+","0",",,X,30,+","38.1","2,,X,03,","35.0",",X,24,+","4.2","","0.0",",X","147.5","2,,,X","0",",,,X","28.12",",X","32.40",",,,X","23.83",",,,X"
"LAW00041076","1967-07","15.68333","106.41667","168.2","SARAVANE L 44, LA","1853.0","","277.4",",X","21","2,X","18","2,X","6","2,X","0",",X","0",",X","0",",X","0",",X","0",",X","31",",X","18",",X","6","","19670728","+,,X","19670731","+,,X","19670731","+,,X","","","19670728",",2,X","19670719","+,,X","22.8",",X,28,+","0",",,X,31,+","0",",,X,31,+","105.9","2,,X,28,","33.9",",X,19,+","0.0","","0.0",",X","402.2","2,,,X","0",",,,X","27.28",",X","31.13",",,,X","23.44",",,,X"
"LAW00041076","1967-08","15.68333","106.41667","168.2","SARAVANE L 44, LA","2125.4","","272.4",",X","26",",X","21",",X","9",",X","0",",X","0",",X","0",",X","0",",X","0",",X","31",",X","7",",X","2","","19670830","+,,X","19670831","+,,X","19670831","+,,X","1","","19670829",",,X","19670825","+,,X","22.8",",X,30,+","0",",,X,31,+","0",",,X,31,+","63.2",",,X,29,","32.8",",X,25,+","0.0","","0.0",",X","534.2",",,,X","0",",,,X","27.12",",X","30.59",",,,X","23.65",",,,X"
"LAW00041076","1967-09","15.68333","106.41667","168.2","SARAVANE L 44, LA","2373.7","","248.3",",X","26",",X","23",",X","9",",X","0",",X","0",",X","0",",X","0",",X","0",",X","30",",X","7",",X","23","","19670930","+,,X","19670930","+,,X","19670930","+,,X","1","","19670915",",,X","19670928","+,,X","22.2",",X,30,+","0",",,X,30,+","0",",,X,30,+","64.0",",,X,15,","32.8",",X,28,+","0.0","","0.0",",X","540.1",",,,X","0",",,,X","26.61",",X","29.95",",,,X","23.27",",,,X"
"LAW00041076","1967-10","15.68333","106.41667","168.2","SARAVANE L 44, LA","2610.1","","236.4",",X","8",",X","3",",X","1",",X","0",",X","0",",X","0",",X","0",",X","0",",X","31",",X","16",",X","23","","19671029","+,,X","19671031","+,,X","19671031","+,,X","","","19671009",",,X","19671031","+,,X","17.2",",X,29,+","0",",,X,31,+","0",",,X,31,+","58.2",",,X,09,","33.9",",X,31,+","0.0","","0.0",",X","80.6",",,,X","0",",,,X","25.96",",X","31.18",",,,X","20.73",",,,X"
"LAW00041076","1967-11","15.68333","106.41667","168.2","SARAVANE L 44, LA","2826.5","","216.4",",X","6",",X","2",",X","0",",X","0",",X","0",",X","0",",X","0",",X","0",",X","30",",X","24",",X","18","","19671108",",,X","19671130","+,,X","19671130","+,,X","","","19671114",",,X","19671125",",,X","16.1",",X,08,","0",",,X,30,+","0",",,X,30,+","8.6",",,X,14,","35.0",",X,25,","0.0","","0.0",",X","18.8",",,,X","0",",,,X","25.55",",X","32.31",",,,X","18.78",",,,X"
"LAW00041076","1968-01","15.68333","106.41667","168.2","SARAVANE L 44, LA","","","","","","","","","","","0",",X","0",",X","","","","","","","","","","","1","","","","19680131","+,,X","19680131","+,,X","","","","","","","","","0",",,X,31,+","0",",,X,31,+","","","","","","","","","","","0",",,,X","","","","","",""
