"STATION","DATE","LATITUDE","LONGITUDE","ELEVATION","NAME","CDSD","CDSD_ATTRIBUTES","CLDD","CLDD_ATTRIBUTES","DP01","DP01_ATTRIBUTES","DP10","DP10_ATTRIBUTES","DP1X","DP1X_ATTRIBUTES","DT00","DT00_ATTRIBUTES","DT32","DT32_ATTRIBUTES","DX32","DX32_ATTRIBUTES","DX70","DX70_ATTRIBUTES","DX90","DX90_ATTRIBUTES","DYNT","DYNT_ATTRIBUTES","DYXP","DYXP_ATTRIBUTES","DYXT","DYXT_ATTRIBUTES","EMNT","EMNT_ATTRIBUTES","EMXP","EMXP_ATTRIBUTES","EMXT","EMXT_ATTRIBUTES","HDSD","HDSD_ATTRIBUTES","HTDD","HTDD_ATTRIBUTES","PRCP","PRCP_ATTRIBUTES","TAVG","TAVG_ATTRIBUTES","TMAX","TMAX_ATTRIBUTES","TMIN","TMIN_ATTRIBUTES"
"MXN00026250","1983-02","31.1","-111.3667","782.7","SARIC, MX","","","0.3","2,m","0","1,m","0","1,m","0","1,m","0","2,m","0","2,m","0","2,m","16","2,m","0","2,m","19830227",",2,m","19830228","+,1,m","19830222","+,2,m","1.7","2,m,27,","0.0","1,,m,28,+","28.9","2,m,22,+","","","103.0","2,m","0.0","1,,,m","14.38","2,m","22.50","2,,,m","6.27","2,,,m"
"MXN00026250","1985-01","31.1","-111.3667","782.7","SARIC, MX","0.0","m","0.0",",m","6",",m","2",",m","0",",m","0",",m","16",",m","0",",m","5",",m","0",",m","19850117","+,,m","19850123",",,m","19850105",",,m","-3.9",",m,17,+","24.6",",,m,23,","23.3",",m,05,","","","288.9",",m","50.4",",,,m","9.01",",m","16.95",",,,m","1.08",",,,m"
"MXN00026250","1985-03","31.1","-111.3667","782.7","SARIC, MX","","","2.8",",m","1",",m","0",",m","0",",m","0",",m","1",",m","0",",m","23",",m","0",",m","19850327",",,m","19850328",",,m","19850310","+,,m","0.0",",m,27,","1.5",",,m,28,","30.0",",m,10,+","","","161.1",",m","1.5",",,,m","13.23",",m","22.83",",,,m","3.63",",,,m"
"MXN00026250","1985-04","31.1","-111.3667","782.7","SARIC, MX","","","22.6",",m","4",",m","1",",m","1",",m","0",",m","0",",m","0",",m","27",",m","7",",m","19850420","+,,m","19850427",",,m","19850414","+,,m","1.7",",m,20,+","28.2",",,m,27,","34.4",",m,14,+","","","52.0",",m","30.1",",,,m","17.35",",m","28.40",",,,m","6.31",",,,m"
"MXN00026250","1985-05","31.1","-111.3667","782.7","SARIC, MX","","","60.3",",m","0",",m","0",",m","0",",m","0",",m","0",",m","0",",m","31",",m","16",",m","19850511",",,m","19850531","+,,m","19850526","+,,m","2.2",",m,11,","0.0",",,m,31,+","35.6",",m,26,+","","","14.1",",m","0.0",",,,m","19.82",",m","31.73",",,,m","7.92",",,,m"
"MXN00026250","1985-06","31.1","-111.3667","782.7","SARIC, MX","","","224.1",",m","0",",m","0",",m","0",",m","0",",m","0",",m","0",",m","30",",m","26",",m","19850604",",,m","19850630","+,,m","19850616",",,m","6.1",",m,04,","0.0",",,m,30,+","42.8",",m,16,","","","0.8",",m","0.0",",,,m","25.78",",m","38.21",",,,m","13.34",",,,m"
"MXN00026250","1985-07","31.1","-111.3667","782.7","SARIC, MX","","","275.2","3,m","10","2,m","8","2,m","1","2,m","0","3,m","0","3,m","0","3,m","28","3,m","26","3,m","19850702",",3,m","19850717",",2,m","19850702",",3,m","15.6","3,m,02,","34.8","2,,m,17,","43.3","3,m,02,","0.0","m","0.0","3,m","116.1","2,,,m","28.16","3,m","37.03","3,,,m","19.29","3,,,m"
"MXN00026250","1985-08","31.1","-111.3667","782.7","SARIC, MX","","","259.3","2,m","8","1,m","4","1,m","1","1,m","0","2,m","0","2,m","0","2,m","29","2,m","26","2,m","19850814",",2,m","19850810",",1,m","19850824","+,2,m","12.8","2,m,14,","35.1","1,,m,10,","41.7","2,m,24,+","0.0","m","0.0","2,m","78.0","1,,,m","27.28","2,m","35.94","2,,,m","18.61","2,,,m"
"MXN00026250","1985-09","31.1","-111.3667","782.7","SARIC, MX","","","118.0",",m","4",",m","2",",m","0",",m","0",",m","0",",m","0",",m","30",",m","17",",m","19850922",",,m","19850917",",,m","19850914",",,m","7.8",",m,22,","19.8",",,m,17,","38.9",",m,14,","0.0","m","0.0",",m","30.8",",,,m","22.27",",m","32.21",",,,m","12.32",",,,m"
"MXN00026250","1985-10","31.1","-111.3667","782.7","SARIC, MX","","","37.6",",m","5",",m","3",",m","0",",m","0",",m","0",",m","0",",m","29",",m","6",",m","19851031","+,,m","19851016","+,,m","19851006",",,m","5.0",",m,31,+","16.3",",,m,16,+","36.1",",m,06,","24.5","m","24.5",",m","42.3",",,,m","18.75",",m","27.99",",,,m","9.52",",,,m"
"MXN00026250","1985-11","31.1","-111.3667","782.7","SARIC, MX","","","0.0",",m","6",",m","4",",m","0",",m","0",",m","3",",m","0",",m","18",",m","0",",m","19851118","+,,m","19851125",",,m","19851104",",,m","0.0",",m,18,+","16.3",",,m,25,","30.6",",m,04,","175.6","m","151.1",",m","46.0",",,,m","13.30",",m","22.68",",,,m","3.91",",,,m"
"MXN00026250","1985-12","31.1","-111.3667","782.7","SARIC, MX","","","","","1","4,m","1","4,m","0","4,m","","","","","","","","","","","","","19851211",",4,m","","","","","9.9","4,,m,11,","","","","","","","9.9","4,,,m","","","","","",""
"MXN00026250","1986-01","31.1","-111.3667","782.7","SARIC, MX","0.0","m","0.0","3,m","2","2,m","1","2,m","0","2,m","0","3,m","11","3,m","0","3,m","25","3,m","0","3,m","19860130","+,3,m","19860131",",2,m","19860118",",3,m","0.0","3,m,30,+","7.4","2,,m,31,","29.4","3,m,18,","","","150.5","3,m","9.2","2,,,m","12.96","3,m","24.02","3,,,m","1.90","3,,,m"
"MXN00026250","1986-02","31.1","-111.3667","782.7","SARIC, MX","0.6","m","0.6","2,m","3","1,m","3","1,m","0","1,m","0","2,m","8","2,m","0","2,m","13","2,m","2","2,m","19860222","+,2,m","19860208",",1,m","19860226","+,2,m","0.0","2,m,22,+","23.6","1,,m,08,","32.8","2,m,26,+","","","162.6","2,m","39.3","1,,,m","12.10","2,m","21.42","2,,,m","2.78","2,,,m"
"MXN00026250","1986-03","31.1","-111.3667","782.7","SARIC, MX","5.1","m","4.5",",m","6",",m","4",",m","0",",m","0",",m","3",",m","0",",m","22",",m","1",",m","19860319","+,,m","19860317",",,m","19860327",",,m","0.0",",m,19,+","16.8",",,m,17,","32.2",",m,27,","","","105.8",",m","40.6",",,,m","15.06",",m","25.45",",,,m","4.67",",,,m"
"MXN00026250","1986-04","31.1","-111.3667","782.7","SARIC, MX","26.1","m","21.0",",m","0",",m","0",",m","0",",m","0",",m","1",",m","0",",m","30",",m","4",",m","19860403",",,m","19860430","+,,m","19860422","+,,m","-1.1",",m,03,","0.0",",,m,30,+","33.9",",m,22,+","","","30.4",",m","0.0",",,,m","18.02",",m","29.36",",,,m","6.68",",,,m"
"MXN00026250","1986-05","31.1","-111.3667","782.7","SARIC, MX","114.3","m","88.2",",m","1",",m","1",",m","0",",m","0",",m","0",",m","0",",m","31",",m","20",",m","19860509",",,m","19860530",",,m","19860528","+,,m","2.2",",m,09,","6.4",",,m,30,","38.3",",m,28,+","","","13.9",",m","6.4",",,,m","20.73",",m","33.18",",,,m","8.28",",,,m"
"MXN00026250","1986-06","31.1","-111.3667","782.7","SARIC, MX","344.7","m","230.4","2,m","3","1,m","2","1,m","1","1,m","0","2,m","0","2,m","0","2,m","28","2,m","28","2,m","19860609",",2,m","19860630",",1,m","19860623","+,2,m","7.8","2,m,09,","47.5","1,,m,30,","40.0","2,m,23,+","","","0.0","2,m","56.7","1,,,m","26.56","2,m","37.78","2,,,m","15.35","2,,,m"
"MXN00026250","1986-07","31.1","-111.3667","782.7","SARIC, MX","586.6","m","241.9",",m","12",",m","7",",m","0",",m","0",",m","0",",m","0",",m","31",",m","22",",m","19860730",",,m","19860702",",,m","19860730",",,m","10.0",",m,30,","16.8",",,m,02,","41.7",",m,30,","0.0","m","0.0",",m","75.1",",,,m","26.14",",m","33.77",",,,m","18.50",",,,m"
"MXN00026250","1986-08","31.1","-111.3667","782.7","SARIC, MX","875.8","m","289.2",",m","11",",m","9",",m","2",",m","0",",m","0",",m","0",",m","31",",m","28",",m","19860828","+,,m","19860807",",,m","19860803",",,m","17.8",",m,28,+","42.7",",,m,07,","40.0",",m,03,","0.0","m","0.0",",m","138.8",",,,m","27.66",",m","35.26",",,,m","20.06",",,,m"
"MXN00026250","1986-09","31.1","-111.3667","782.7","SARIC, MX","1010.2","m","134.4",",m","2",",m","2",",m","0",",m","0",",m","0",",m","0",",m","30",",m","19",",m","19860926",",,m","19860909",",,m","19860906","+,,m","5.0",",m,26,","18.5",",,m,09,","38.9",",m,06,+","6.8","m","6.8",",m","23.1",",,,m","22.59",",m","32.94",",,,m","12.23",",,,m"
"MXN00026250","1986-10","31.1","-111.3667","782.7","SARIC, MX","1030.6","m","20.4","5,m","1","3,m","0","3,m","0","3,m","0","5,m","0","5,m","0","5,m","26","5,m","2","5,m","19861019",",5,m","19861009",",3,m","19861028",",5,m","0.6","5,m,19,","1.8","3,,m,09,","32.8","5,m,28,","33.9","m","27.1","5,m","1.8","3,,,m","18.07","5,m","29.82","5,,,m","6.33","5,,,m"
"MXN00026250","1986-11","31.1","-111.3667","782.7","SARIC, MX","1030.6","m","0.0","3,m","4","2,m","2","2,m","0","2,m","0","3,m","7","3,m","0","3,m","22","3,m","0","3,m","19861130","+,3,m","19861117",",2,m","19861111","+,3,m","-2.2","3,m,30,+","6.9","2,,m,17,","30.0","3,m,11,+","144.2","m","110.3","3,m","15.3","2,,,m","14.25","3,m","24.33","3,,,m","4.16","3,,,m"
"MXN00026250","1986-12","31.1","-111.3667","782.7","SARIC, MX","1030.6","m","0.0","3,m","6","2,m","5","2,m","0","2,m","0","3,m","16","3,m","0","3,m","10","3,m","0","3,m","19861211",",3,m","19861216",",2,m","19861202",",3,m","-4.4","3,m,11,","22.9","2,,m,16,","27.8","3,m,02,","385.1","m","240.9","3,m","60.7","2,,,m","9.73","3,m","19.67","3,,,m","-0.21","3,,,m"
"MXN00026250","1987-01","31.1","-111.3667","782.7","SARIC, MX","","","","","2","3,m","2","3,m","0","3,m","","","","","","","","","","","","","19870130",",3,m","","","","","7.4","3,,m,30,","","","","","","","12.2","3,,,m","","","","","",""
