"STATION","DATE","LATITUDE","LONGITUDE","ELEVATION","NAME","CDSD","CDSD_ATTRIBUTES","CLDD","CLDD_ATTRIBUTES","DP01","DP01_ATTRIBUTES","DP10","DP10_ATTRIBUTES","DP1X","DP1X_ATTRIBUTES","DT00","DT00_ATTRIBUTES","DT32","DT32_ATTRIBUTES","DX32","DX32_ATTRIBUTES","DX70","DX70_ATTRIBUTES","DX90","DX90_ATTRIBUTES","DYNT","DYNT_ATTRIBUTES","DYXP","DYXP_ATTRIBUTES","DYXT","DYXT_ATTRIBUTES","EMNT","EMNT_ATTRIBUTES","EMXP","EMXP_ATTRIBUTES","EMXT","EMXT_ATTRIBUTES","HDSD","HDSD_ATTRIBUTES","HTDD","HTDD_ATTRIBUTES","PRCP","PRCP_ATTRIBUTES","TAVG","TAVG_ATTRIBUTES","TMAX","TMAX_ATTRIBUTES","TMIN","TMIN_ATTRIBUTES"
"MXN00004036","1971-07","18.5","-89.3833","249.9","XPUGIL, MX","","","231.5",",m","9",",m","6",",m","0",",m","0",",m","0",",m","0",",m","31",",m","19",",m","19710718","+,,m","19710719",",,m","19710716","+,,m","15.6",",m,18,+","21.8",",,m,19,","35.0",",m,16,+","0.0","","0.0",",m","59.5",",,,m","25.80",",m","32.73",",,,m","18.87",",,,m"
"MXN00004036","1971-08","18.5","-89.3833","249.9","XPUGIL, MX","","","230.5",",m","10",",m","8",",m","0",",m","0",",m","0",",m","0",",m","31",",m","15",",m","19710817",",,m","19710827",",,m","19710819",",,m","16.7",",m,17,","22.4",",,m,27,","37.8",",m,19,","0.0","","0.0",",m","85.0",",,,m","25.77",",m","32.16",",,,m","19.38",",,,m"
"MXN00004036","1971-09","18.5","-89.3833","249.9","XPUGIL, MX","","","227.0","1,m","14",",m","10",",m","0",",m","0","1,m","0","1,m","0",",m","30",",m","8",",m","19710920","+,1,m","19710911",",,m","19710909","+,,m","17.8","1,m,20,+","16.8",",,m,11,","35.0",",m,09,+","0.0","","0.0",",m","84.5",",,,m","26.21","1,m","31.39",",,,m","21.02","1,,,m"
"MXN00004036","1971-10","18.5","-89.3833","249.9","XPUGIL, MX","","","187.1",",m","12",",m","6",",m","0",",m","0",",m","0",",m","0",",m","31",",m","2",",m","19711030","+,,m","19711008","+,,m","19711018",",,m","12.8",",m,30,+","7.9",",,m,08,+","35.0",",m,18,","0.0","","0.0",",m","40.8",",,,m","24.37",",m","30.42",",,,m","18.32",",,,m"
"MXN00004036","1971-11","18.5","-89.3833","249.9","XPUGIL, MX","","","133.4",",m","9",",m","6",",m","0",",m","0",",m","0",",m","0",",m","30",",m","0",",m","19711114","+,,m","19711124",",,m","19711105",",,m","10.0",",m,14,+","20.8",",,m,24,","31.7",",m,05,","0.0","","0.0",",m","58.4",",,,m","22.78",",m","28.32",",,,m","17.24",",,,m"
"MXN00004036","1971-12","18.5","-89.3833","249.9","XPUGIL, MX","","","127.0",",m","15",",m","10",",m","0",",m","0",",m","0",",m","0",",m","31",",m","1",",m","19711220",",,m","19711226",",,m","19711204",",,m","12.8",",m,20,","19.8",",,m,26,","33.9",",m,04,","0.0","","0.0",",m","86.4",",,,m","22.43",",m","27.58",",,,m","17.28",",,,m"
"MXN00004036","1972-01","18.5","-89.3833","249.9","XPUGIL, MX","127.3","m","127.3",",m","9",",m","5",",m","0",",m","0",",m","0",",m","0",",m","31",",m","0",",m","19720108",",,m","19720115",",,m","19720123","+,,m","10.6",",m,08,","22.9",",,m,15,","30.0",",m,23,+","1.1","m","1.1",",m","42.3",",,,m","22.40",",m","27.35",",,,m","17.46",",,,m"
"MXN00004036","1972-02","18.5","-89.3833","249.9","XPUGIL, MX","237.0","m","109.7",",m","5",",m","3",",m","0",",m","0",",m","0",",m","0",",m","29",",m","1",",m","19720222","+,,m","19720203",",,m","19720216",",,m","5.0",",m,22,+","21.8",",,m,03,","32.8",",m,16,","9.9","m","8.8",",m","30.0",",,,m","21.81",",m","28.18",",,,m","15.44",",,,m"
"MXN00004036","1972-03","18.5","-89.3833","249.9","XPUGIL, MX","406.5","m","169.5",",m","1",",m","1",",m","0",",m","0",",m","0",",m","0",",m","31",",m","7",",m","19720314",",,m","19720306",",,m","19720329",",,m","10.0",",m,14,","9.9",",,m,06,","37.8",",m,29,","9.9","m","0.0",",m","9.9",",,,m","23.80",",m","31.06",",,,m","16.54",",,,m"
"MXN00004036","1972-04","18.5","-89.3833","249.9","XPUGIL, MX","647.0","m","240.5",",m","0",",m","0",",m","0",",m","0",",m","0",",m","0",",m","30",",m","20",",m","19720421","+,,m","19720430","+,,m","19720425",",,m","15.0",",m,21,+","0.0",",,m,30,+","35.6",",m,25,","9.9","m","0.0",",m","0.0",",,,m","26.35",",m","32.77",",,,m","19.92",",,,m"
"MXN00004036","1972-05","18.5","-89.3833","249.9","XPUGIL, MX","931.9","m","284.9",",m","5",",m","4",",m","2",",m","0",",m","0",",m","0",",m","31",",m","29",",m","19720522",",,m","19720531",",,m","19720525","+,,m","15.0",",m,22,","26.9",",,m,31,","37.8",",m,25,+","9.9","m","0.0",",m","84.3",",,,m","27.52",",m","35.15",",,,m","19.90",",,,m"
"MXN00004036","1972-06","18.5","-89.3833","249.9","XPUGIL, MX","1187.7","m","255.8",",m","13",",m","7",",m","0",",m","0",",m","0",",m","0",",m","30",",m","12",",m","19720601",",,m","19720619",",,m","19720613","+,,m","18.9",",m,01,","24.9",",,m,19,","35.0",",m,13,+","9.9","m","0.0",",m","105.9",",,,m","26.86",",m","31.86",",,,m","21.86",",,,m"
"MXN00004036","1972-07","18.5","-89.3833","249.9","XPUGIL, MX","1415.6","m","227.9",",m","10",",m","10",",m","1",",m","0",",m","0",",m","0",",m","31",",m","3",",m","19720724","+,,m","19720726",",,m","19720705","+,,m","18.9",",m,24,+","26.9",",,m,26,","33.9",",m,05,+","0.0","m","0.0",",m","146.7",",,,m","25.69",",m","29.99",",,,m","21.38",",,,m"
"MXN00004036","1972-08","18.5","-89.3833","249.9","XPUGIL, MX","1620.7","m","205.1",",m","11",",m","9",",m","0",",m","0",",m","0",",m","0",",m","31",",m","1",",m","19720821",",,m","19720812",",,m","19720828",",,m","11.7",",m,21,","23.9",",,m,12,","32.8",",m,28,","0.0","m","0.0",",m","136.2",",,,m","24.95",",m","30.44",",,,m","19.46",",,,m"
"MXN00004036","1972-09","18.5","-89.3833","249.9","XPUGIL, MX","1835.0","m","214.3",",m","11",",m","9",",m","1",",m","0",",m","0",",m","0",",m","30",",m","5",",m","19720930",",,m","19720905",",,m","19720929",",,m","17.8",",m,30,","32.8",",,m,05,","33.9",",m,29,","0.0","m","0.0",",m","104.9",",,,m","25.48",",m","30.67",",,,m","20.28",",,,m"
"MXN00004036","1972-10","18.5","-89.3833","249.9","XPUGIL, MX","2037.2","m","202.2",",m","10",",m","9",",m","1",",m","0",",m","0",",m","0",",m","31",",m","0",",m","19721029","+,,m","19721002",",,m","19721024",",,m","15.0",",m,29,+","31.0",",,m,02,","31.7",",m,24,","0.0","m","0.0",",m","120.4",",,,m","24.86",",m","29.68",",,,m","20.04",",,,m"
"MXN00004036","1972-11","18.5","-89.3833","249.9","XPUGIL, MX","2222.5","m","185.3",",m","7",",m","6",",m","0",",m","0",",m","0",",m","0",",m","30",",m","1",",m","19721130","+,,m","19721124",",,m","19721113",",,m","15.0",",m,30,+","22.9",",,m,24,","35.0",",m,13,","0.0","m","0.0",",m","70.5",",,,m","24.51",",m","29.68",",,,m","19.34",",,,m"
"MXN00004036","1972-12","18.5","-89.3833","249.9","XPUGIL, MX","2361.8","m","139.3",",m","9",",m","5",",m","0",",m","0",",m","0",",m","0",",m","31",",m","0",",m","19721230",",,m","19721211",",,m","19721201",",,m","10.6",",m,30,","20.8",",,m,11,","30.6",",m,01,","0.0","m","0.0",",m","55.4",",,,m","22.83",",m","27.84",",,,m","17.82",",,,m"
"MXN00004036","1973-01","18.5","-89.3833","249.9","XPUGIL, MX","116.7","m","116.7",",m","7",",m","5",",m","0",",m","0",",m","0",",m","0",",m","30",",m","0",",m","19730130",",,m","19730128",",,m","19730128",",,m","5.6",",m,30,","14.0",",,m,28,","31.7",",m,28,","1.6","m","1.6",",m","32.8",",,,m","22.05",",m","27.23",",,,m","16.86",",,,m"
"MXN00004036","1973-02","18.5","-89.3833","249.9","XPUGIL, MX","199.6","m","82.9",",m","4",",m","2",",m","0",",m","0",",m","0",",m","0",",m","28",",m","0",",m","19730213",",,m","19730227",",,m","19730202",",,m","3.9",",m,13,","20.8",",,m,27,","31.7",",m,02,","12.6","m","11.0",",m","33.3",",,,m","20.90",",m","28.05",",,,m","13.75",",,,m"
"MXN00004036","1973-03","18.5","-89.3833","249.9","XPUGIL, MX","431.4","m","231.8",",m","0",",m","0",",m","0",",m","0",",m","0",",m","0",",m","31",",m","12",",m","19730318",",,m","19730331","+,,m","19730331",",,m","13.9",",m,18,","0.0",",,m,31,+","38.9",",m,31,","12.6","m","0.0",",m","0.0",",,,m","25.81",",m","31.95",",,,m","19.66",",,,m"
"MXN00004036","1973-04","18.5","-89.3833","249.9","XPUGIL, MX","654.3","m","222.9",",m","1",",m","1",",m","1",",m","0",",m","0",",m","0",",m","30",",m","15",",m","19730423",",,m","19730409",",,m","19730403",",,m","15.6",",m,23,","27.9",",,m,09,","37.8",",m,03,","12.6","m","0.0",",m","27.9",",,,m","25.76",",m","32.08",",,,m","19.44",",,,m"
"MXN00004036","1973-05","18.5","-89.3833","249.9","XPUGIL, MX","920.8","m","266.5",",m","7",",m","6",",m","4",",m","0",",m","0",",m","0",",m","31",",m","18",",m","19730506",",,m","19730516",",,m","19730529",",,m","15.6",",m,06,","111.0",",,m,16,","37.8",",m,29,","12.6","m","0.0",",m","289.1",",,,m","26.93",",m","32.67",",,,m","21.19",",,,m"
"MXN00004036","1973-06","18.5","-89.3833","249.9","XPUGIL, MX","1149.3","m","228.5",",m","6",",m","5",",m","0",",m","0",",m","0",",m","0",",m","30",",m","5",",m","19730607","+,,m","19730621",",,m","19730625",",,m","17.8",",m,07,+","22.9",",,m,21,","35.0",",m,25,","12.6","m","0.0",",m","52.1",",,,m","25.95",",m","31.25",",,,m","20.65",",,,m"
"MXN00004036","1973-07","18.5","-89.3833","249.9","XPUGIL, MX","1366.2","m","216.9",",m","7",",m","7",",m","1",",m","0",",m","0",",m","0",",m","31",",m","7",",m","19730719",",,m","19730719",",,m","19730709",",,m","15.6",",m,19,","29.0",",,m,19,","35.0",",m,09,","0.0","m","0.0",",m","106.1",",,,m","25.33",",m","31.23",",,,m","19.43",",,,m"
"MXN00004036","1973-08","18.5","-89.3833","249.9","XPUGIL, MX","1589.9","m","223.7",",m","13",",m","12",",m","1",",m","0",",m","0",",m","0",",m","31",",m","8",",m","19730816","+,,m","19730820",",,m","19730818",",,m","17.8",",m,16,+","180.8",",,m,20,","33.9",",m,18,","0.0","m","0.0",",m","303.3",",,,m","25.55",",m","30.95",",,,m","20.15",",,,m"
"MXN00004036","1973-09","18.5","-89.3833","249.9","XPUGIL, MX","1813.2","m","223.3",",m","8",",m","7",",m","1",",m","0",",m","0",",m","0",",m","30",",m","7",",m","19730922","+,,m","19730902",",,m","19730914",",,m","17.8",",m,22,+","43.9",",,m,02,","33.9",",m,14,","0.0","m","0.0",",m","98.4",",,,m","25.78",",m","31.30",",,,m","20.25",",,,m"
"MXN00004036","1973-10","18.5","-89.3833","249.9","XPUGIL, MX","2020.1","m","206.9",",m","13",",m","13",",m","0",",m","0",",m","0",",m","0",",m","31",",m","3",",m","19731027",",,m","19731023",",,m","19731017",",,m","13.9",",m,27,","19.8",",,m,23,","35.0",",m,17,","0.0","m","0.0",",m","144.4",",,,m","25.01",",m","30.63",",,,m","19.39",",,,m"
"MXN00004036","1973-11","18.5","-89.3833","249.9","XPUGIL, MX","2267.1","m","247.0",",m","5",",m","5",",m","0",",m","0",",m","0",",m","0",",m","30",",m","12",",m","19731110",",,m","19731127","+,,m","19731121",",,m","17.8",",m,10,","17.8",",,m,27,+","35.6",",m,21,","0.0","m","0.0",",m","74.2",",,,m","26.57",",m","31.72",",,,m","21.41",",,,m"
"MXN00004036","1973-12","18.5","-89.3833","249.9","XPUGIL, MX","2346.9","m","79.8",",m","4",",m","4",",m","1",",m","0",",m","0",",m","0",",m","27",",m","1",",m","19731210",",,m","19731204",",,m","19731203",",,m","5.6",",m,10,","30.0",",,m,04,","32.8",",m,03,","33.1","m","33.1",",m","69.9",",,,m","19.84",",m","26.38",",,,m","13.30",",,,m"
"MXN00004036","1974-01","18.5","-89.3833","249.9","XPUGIL, MX","173.4","","173.4",",m","13",",m","13",",m","0",",m","0",",m","0",",m","0",",m","31",",m","8",",m","19740109",",,m","19740103",",,m","19740119",",,m","8.9",",m,09,","15.7",",,m,03,","37.8",",m,19,","35.6","","2.5",",m","107.1",",,,m","23.85",",m","30.74",",,,m","16.95",",,,m"
"MXN00004036","2010-01","18.5","-89.3833","249.9","XPUGIL, MX","78.4","m","78.4",",m","5",",m","2",",m","0",",m","0",",m","0",",m","0",",m","30",",m","0",",m","20100109",",,m","20100103",",,m","20100121",",,m","6.7",",m,09,","22.9",",,m,03,","30.0",",m,21,","","","6.6",",m","48.6",",,,m","20.65",",m","25.71",",,,m","15.59",",,,m"
"MXN00004036","2010-02","18.5","-89.3833","249.9","XPUGIL, MX","153.2","m","74.8",",m","2",",m","1",",m","0",",m","0",",m","0",",m","0",",m","28",",m","0",",m","20100227","+,,m","20100219",",,m","20100203",",,m","10.6",",m,27,+","3.8",",,m,19,","30.0",",m,03,","","","0.2",",m","4.6",",,,m","20.99",",m","26.63",",,,m","15.36",",,,m"
"MXN00004036","2010-03","18.5","-89.3833","249.9","XPUGIL, MX","233.4","m","80.2",",m","2",",m","1",",m","0",",m","0",",m","0",",m","0",",m","30",",m","1",",m","20100304","+,,m","20100320",",,m","20100328",",,m","10.6",",m,04,+","11.9",",,m,20,","32.8",",m,28,","","","1.6",",m","12.2",",,,m","20.87",",m","26.61",",,,m","15.13",",,,m"
"MXN00004036","2010-04","18.5","-89.3833","249.9","XPUGIL, MX","472.4","m","239.0",",m","1",",m","1",",m","0",",m","0",",m","0",",m","0",",m","30",",m","16",",m","20100405","+,,m","20100428",",,m","20100424","+,,m","15.6",",m,05,+","8.4",",,m,28,","35.6",",m,24,+","","","0.0",",m","8.4",",,,m","26.30",",m","32.52",",,,m","20.08",",,,m"
"MXN00004036","2010-05","18.5","-89.3833","249.9","XPUGIL, MX","771.3","m","298.9",",m","7",",m","5",",m","1",",m","0",",m","0",",m","0",",m","31",",m","27",",m","20100512",",,m","20100523",",,m","20100531",",,m","20.0",",m,12,","30.0",",,m,23,","38.9",",m,31,","","","0.0",",m","73.3",",,,m","27.97",",m","34.02",",,,m","21.93",",,,m"
"MXN00004036","2010-06","18.5","-89.3833","249.9","XPUGIL, MX","1064.2","m","292.9",",m","9",",m","7",",m","2",",m","0",",m","0",",m","0",",m","30",",m","25",",m","20100627","+,,m","20100627",",,m","20100623","+,,m","20.6",",m,27,+","101.9",",,m,27,","35.6",",m,23,+","","","0.0",",m","171.9",",,,m","28.10",",m","33.54",",,,m","22.65",",,,m"
"MXN00004036","2010-07","18.5","-89.3833","249.9","XPUGIL, MX","1321.4","m","257.2",",m","17",",m","11",",m","3",",m","0",",m","0",",m","0",",m","31",",m","9",",m","20100717","+,,m","20100721",",,m","20100701",",,m","20.0",",m,17,+","97.8",",,m,21,","35.6",",m,01,","0.0","m","0.0",",m","298.5",",,,m","26.63",",m","31.05",",,,m","22.21",",,,m"
"MXN00004036","2010-08","18.5","-89.3833","249.9","XPUGIL, MX","1573.7","m","252.3","1,m","15","1,m","11","1,m","3","1,m","0","1,m","0","1,m","0","1,m","30","1,m","11","1,m","20100801",",1,m","20100823","+,1,m","20100811",",1,m","20.0","1,m,01,","34.8","1,,m,23,+","35.0","1,m,11,","0.0","m","0.0","1,m","201.9","1,,,m","26.74","1,m","31.44","1,,,m","22.05","1,,,m"
"MXN00004036","2010-09","18.5","-89.3833","249.9","XPUGIL, MX","1795.6","m","221.9",",m","16",",m","11",",m","2",",m","0",",m","0",",m","0",",m","30",",m","5",",m","20100930","+,,m","20100921",",,m","20100924","+,,m","18.9",",m,30,+","32.8",",,m,21,","32.8",",m,24,+","0.0","m","0.0",",m","180.2",",,,m","25.73",",m","31.18",",,,m","20.28",",,,m"
"MXN00004036","2010-10","18.5","-89.3833","249.9","XPUGIL, MX","1977.9","m","182.3",",m","6",",m","4",",m","0",",m","0",",m","0",",m","0",",m","31",",m","0",",m","20101007",",,m","20101029",",,m","20101027","+,,m","15.0",",m,07,","19.8",",,m,29,","30.6",",m,27,+","0.0","m","0.0",",m","46.0",",,,m","24.21",",m","29.46",",,,m","18.97",",,,m"
"MXN00004036","2010-11","18.5","-89.3833","249.9","XPUGIL, MX","2113.4","m","135.5",",m","7",",m","5",",m","0",",m","0",",m","0",",m","0",",m","30",",m","0",",m","20101109","+,,m","20101120",",,m","20101127","+,,m","10.6",",m,09,+","6.9",",,m,20,","30.0",",m,27,+","0.2","m","0.2",",m","25.2",",,,m","22.84",",m","28.13",",,,m","17.56",",,,m"
"MXN00004036","2011-01","18.5","-89.3833","249.9","XPUGIL, MX","104.5","m","104.5",",m","2",",m","1",",m","1",",m","0",",m","0",",m","0",",m","31",",m","0",",m","20110105",",,m","20110112",",,m","20110103",",,m","6.7",",m,05,","30.0",",,m,12,","30.6",",m,03,","","","2.2",",m","31.8",",,,m","21.63",",m","27.87",",,,m","15.40",",,,m"
"MXN00004036","2011-02","18.5","-89.3833","249.9","XPUGIL, MX","221.4","m","116.9","1,m","3",",m","3",",m","0",",m","0","1,m","0","1,m","0","1,m","27","1,m","0","1,m","20110218",",1,m","20110210",",,m","20110227","+,1,m","11.7","1,m,18,","6.9",",,m,10,","30.6","1,m,27,+","","","0.0","1,m","16.5",",,,m","22.66","1,m","28.08","1,,,m","17.24","1,,,m"
"MXN00004036","2011-03","18.5","-89.3833","249.9","XPUGIL, MX","405.7","m","184.3","1,m","0",",m","0",",m","0",",m","0","1,m","0","1,m","0","1,m","30","1,m","5","1,m","20110314","+,1,m","20110331","+,,m","20110330","+,1,m","12.8","1,m,14,+","0.0",",,m,31,+","35.6","1,m,30,+","","","0.0","1,m","0.0",",,,m","24.48","1,m","30.89","1,,,m","18.06","1,,,m"
"MXN00004036","2011-04","18.5","-89.3833","249.9","XPUGIL, MX","645.3","m","239.6","1,m","2",",m","2",",m","1",",m","0","1,m","0","1,m","0","1,m","29","1,m","17","1,m","20110414",",1,m","20110404",",,m","20110427",",1,m","16.7","1,m,14,","36.8",",,m,04,","36.7","1,m,27,","","","0.0","1,m","51.8",",,,m","26.59","1,m","32.88","1,,,m","20.31","1,,,m"
"MXN00004036","2011-07","18.5","-89.3833","249.9","XPUGIL, MX","","","238.7","1,m","16",",m","12",",m","1",",m","0","1,m","0","1,m","0","1,m","30","1,m","5","1,m","20110727","+,1,m","20110706",",,m","20110730","+,1,m","20.6","1,m,27,+","39.9",",,m,06,","32.8","1,m,30,+","0.0","m","0.0","1,m","141.5",",,,m","26.29","1,m","30.88","1,,,m","21.70","1,,,m"
"MXN00004036","2011-08","18.5","-89.3833","249.9","XPUGIL, MX","","","254.2","1,m","15","1,m","12","1,m","3","1,m","0","1,m","0","1,m","0","1,m","30","1,m","11","1,m","20110820",",1,m","20110824",",1,m","20110812",",1,m","20.0","1,m,20,","40.9","1,,m,24,","35.0","1,m,12,","0.0","m","0.0","1,m","214.6","1,,,m","26.81","1,m","31.90","1,,,m","21.72","1,,,m"
"MXN00004036","2011-09","18.5","-89.3833","249.9","XPUGIL, MX","","","227.2","1,m","16","1,m","15","1,m","1","1,m","0","1,m","0","1,m","0","1,m","29","1,m","7","1,m","20110909",",1,m","20110913",",1,m","20110905",",1,m","17.8","1,m,09,","34.8","1,,m,13,","33.9","1,m,05,","0.0","m","0.0","1,m","130.0","1,,,m","26.17","1,m","31.25","1,,,m","21.08","1,,,m"
"MXN00004036","2011-10","18.5","-89.3833","249.9","XPUGIL, MX","","","186.4",",m","15",",m","12",",m","0",",m","0",",m","0",",m","0",",m","31",",m","1",",m","20111024",",,m","20111007",",,m","20111003",",,m","12.8",",m,24,","20.8",",,m,07,","33.9",",m,03,","0.0","m","0.0",",m","149.9",",,,m","24.35",",m","29.16",",,,m","19.53",",,,m"
"MXN00004036","2011-11","18.5","-89.3833","249.9","XPUGIL, MX","","","145.0",",m","7",",m","7",",m","0",",m","0",",m","0",",m","0",",m","29",",m","0",",m","20111129",",,m","20111102",",,m","20111119",",,m","10.6",",m,29,","13.0",",,m,02,","30.6",",m,19,","2.7","m","2.7",",m","49.1",",,,m","23.08",",m","27.80",",,,m","18.35",",,,m"
"MXN00004036","2011-12","18.5","-89.3833","249.9","XPUGIL, MX","","","","","10",",m","4",",m","0",",m","","","","","","","","","","","","","20111225",",,m","","","","","8.9",",,m,25,","","","","","","","28.1",",,,m","","","","","",""
