"STATION","DATE","LATITUDE","LONGITUDE","ELEVATION","NAME","CDSD","CDSD_ATTRIBUTES","CLDD","CLDD_ATTRIBUTES","DP01","DP01_ATTRIBUTES","DP10","DP10_ATTRIBUTES","DP1X","DP1X_ATTRIBUTES","DT00","DT00_ATTRIBUTES","DT32","DT32_ATTRIBUTES","DX32","DX32_ATTRIBUTES","DX70","DX70_ATTRIBUTES","DX90","DX90_ATTRIBUTES","DYNT","DYNT_ATTRIBUTES","DYXP","DYXP_ATTRIBUTES","DYXT","DYXT_ATTRIBUTES","EMNT","EMNT_ATTRIBUTES","EMXP","EMXP_ATTRIBUTES","EMXT","EMXT_ATTRIBUTES","HDSD","HDSD_ATTRIBUTES","HTDD","HTDD_ATTRIBUTES","PRCP","PRCP_ATTRIBUTES","TAVG","TAVG_ATTRIBUTES","TMAX","TMAX_ATTRIBUTES","TMIN","TMIN_ATTRIBUTES"
"MXN00026314","2001-01","26.7667","-108.8167","221.0","CERRO COLORADO CFE, MX","225.6","","225.6",",m","1",",m","1",",m","0",",m","0",",m","0",",m","0",",m","31",",m","24",",m","20010118",",,m","20010109",",,m","20010122","+,,m","12.8",",m,18,","4.8",",,m,09,","38.9",",m,22,+","","","0.0",",m","4.8",",,,m","25.61",",m","33.52",",,,m","17.70",",,,m"
"MXN00026314","2001-02","26.7667","-108.8167","221.0","CERRO COLORADO CFE, MX","503.7","","278.1",",m","0",",m","0",",m","0",",m","0",",m","0",",m","0",",m","28",",m","27",",m","20010202","+,,m","20010228","+,,m","20010220","+,,m","15.0",",m,02,+","0.0",",,m,28,+","42.8",",m,20,+","","","0.0",",m","0.0",",,,m","28.27",",m","36.99",",,,m","19.54",",,,m"
"MXN00026314","2001-03","26.7667","-108.8167","221.0","CERRO COLORADO CFE, MX","801.7","","298.0",",m","1",",m","1",",m","0",",m","0",",m","0",",m","0",",m","31",",m","26",",m","20010317","+,,m","20010308",",,m","20010320",",,m","15.6",",m,17,+","8.9",",,m,08,","43.9",",m,20,","","","0.0",",m","8.9",",,,m","27.95",",m","36.57",",,,m","19.32",",,,m"
"MXN00026314","2008-09","26.7667","-108.8167","221.0","CERRO COLORADO CFE, MX","","","","","5","2,m","5","2,m","1","2,m","","","","","","","","","","","","","20080902",",2,m","","","","","157.0","2,,m,02,","","","","","","","195.3","2,,,m","","","","","",""
"MXN00026314","2008-10","26.7667","-108.8167","221.0","CERRO COLORADO CFE, MX","","","221.4","4,m","1",",m","0",",m","0",",m","0","4,m","0","4,m","0","4,m","27","4,m","14","4,m","20081025","+,4,m","20081012",",,m","20081031","+,4,m","17.8","4,m,25,+","2.3",",,m,12,","35.0","4,m,31,+","","","0.0","4,m","2.3",",,,m","26.53","4,m","32.22","4,,,m","20.84","4,,,m"
"MXN00026314","2008-11","26.7667","-108.8167","221.0","CERRO COLORADO CFE, MX","","","","","1",",m","1",",m","0",",m","","","","","","","","","","","","","20081126",",,m","","","","","7.4",",,m,26,","","","","","","","7.4",",,,m","","","","","",""
"MXN00026314","2008-12","26.7667","-108.8167","221.0","CERRO COLORADO CFE, MX","","","","","0",",m","0",",m","0",",m","","","","","","","","","","","","","20081231","+,,m","","","","","0.0",",,m,31,+","","","","","","","0.0",",,,m","","","","","",""
"MXN00026314","2009-01","26.7667","-108.8167","221.0","CERRO COLORADO CFE, MX","17.3","m","17.3","3,m","1",",m","1",",m","0",",m","0","3,m","0","3,m","0","3,m","24","3,m","0","3,m","20090106",",3,m","20090122",",,m","20090111",",3,m","7.2","3,m,06,","3.8",",,m,22,","26.7","3,m,11,","","","30.0","3,m","3.8",",,,m","17.88","3,m","22.71","3,,,m","13.05","3,,,m"
"MXN00026314","2009-02","26.7667","-108.8167","221.0","CERRO COLORADO CFE, MX","53.3","m","36.0","2,m","0","1,m","0","1,m","0","1,m","0","2,m","0","2,m","0","2,m","25","2,m","0","2,m","20090211",",2,m","20090228","+,1,m","20090225","+,2,m","7.8","2,m,11,","0.0","1,,m,28,+","30.6","2,m,25,+","","","20.6","2,m","0.0","1,,,m","18.93","2,m","24.61","2,,,m","13.24","2,,,m"
"MXN00026314","2009-03","26.7667","-108.8167","221.0","CERRO COLORADO CFE, MX","","","","","0",",m","0",",m","0",",m","","","","","","","","","","","","","20090331","+,,m","","","","","0.0",",,m,31,+","","","","","","","0.0",",,,m","","","","","",""
"MXN00026314","2009-04","26.7667","-108.8167","221.0","CERRO COLORADO CFE, MX","","","","","0",",m","0",",m","0",",m","","","","","","","","","","","","","20090430","+,,m","","","","","0.0",",,m,30,+","","","","","","","0.0",",,,m","","","","","",""
"MXN00026314","2009-05","26.7667","-108.8167","221.0","CERRO COLORADO CFE, MX","","","213.9","4,m","1",",m","0",",m","0",",m","0","4,m","0","4,m","0","4,m","27","4,m","16","4,m","20090501",",4,m","20090521",",,m","20090519",",4,m","13.9","4,m,01,","0.3",",,m,21,","36.1","4,m,19,","","","0.0","4,m","0.3",",,,m","26.25","4,m","32.71","4,,,m","19.80","4,,,m"
"MXN00026314","2009-06","26.7667","-108.8167","221.0","CERRO COLORADO CFE, MX","","","297.5",",m","1",",m","0",",m","0",",m","0",",m","0",",m","0",",m","30",",m","25",",m","20090602",",,m","20090618",",,m","20090629",",,m","18.3",",m,02,","0.3",",,m,18,","36.1",",m,29,","","","0.0",",m","0.3",",,,m","28.25",",m","33.39",",,,m","23.10",",,,m"
"MXN00026314","2009-07","26.7667","-108.8167","221.0","CERRO COLORADO CFE, MX","","","412.9","1,m","4",",m","1",",m","0",",m","0","1,m","0","1,m","0","1,m","30","1,m","30","1,m","20090724","+,1,m","20090722",",,m","20090727",",1,m","25.6","1,m,24,+","7.4",",,m,22,","40.6","1,m,27,","0.0","m","0.0","1,m","9.8",",,,m","32.10","1,m","36.54","1,,,m","27.65","1,,,m"
"MXN00026314","2009-08","26.7667","-108.8167","221.0","CERRO COLORADO CFE, MX","","","","","2","5,m","2","5,m","1","5,m","","","","","","","","","","","","","20090811",",5,m","","","","","49.3","5,,m,11,","","","","","","","52.1","5,,,m","","","","","",""
"MXN00026314","2009-09","26.7667","-108.8167","221.0","CERRO COLORADO CFE, MX","","","","","4","4,m","2","4,m","1","4,m","","","","","","","","","","","","","20090902",",4,m","","","","","193.5","4,,m,02,","","","","","","","199.9","4,,,m","","","","","",""
"MXN00026314","2010-01","26.7667","-108.8167","221.0","CERRO COLORADO CFE, MX","6.8","m","6.8","4,m","0",",m","0",",m","0",",m","0","4,m","0","4,m","0","4,m","24","4,m","0","4,m","20100119",",4,m","20100131","+,,m","20100104",",4,m","8.3","4,m,19,","0.0",",,m,31,+","26.7","4,m,04,","","","20.8","4,m","0.0",",,,m","17.81","4,m","23.48","4,,,m","12.15","4,,,m"
"MXN00026314","2010-02","26.7667","-108.8167","221.0","CERRO COLORADO CFE, MX","16.6","m","9.8","2,m","2",",m","2",",m","0",",m","0","2,m","0","2,m","0","2,m","20","2,m","0","2,m","20100212","+,2,m","20100202",",,m","20100213",",2,m","7.8","2,m,12,+","22.6",",,m,02,","28.3","2,m,13,","","","38.9","2,m","29.0",",,,m","17.21","2,m","23.24","2,,,m","11.19","2,,,m"
"MXN00026314","2010-03","26.7667","-108.8167","221.0","CERRO COLORADO CFE, MX","61.2","m","44.6","3,m","0",",m","0",",m","0",",m","0","3,m","0","3,m","0","3,m","27","3,m","0","3,m","20100302","+,3,m","20100331","+,,m","20100330",",3,m","10.0","3,m,02,+","0.0",",,m,31,+","31.1","3,m,30,","","","17.1","3,m","0.0",",,,m","19.31","3,m","25.36","3,,,m","13.27","3,,,m"
"MXN00026314","2010-04","26.7667","-108.8167","221.0","CERRO COLORADO CFE, MX","134.0","m","72.8","3,m","0",",m","0",",m","0",",m","0","3,m","0","3,m","0","3,m","27","3,m","0","3,m","20100423","+,3,m","20100430","+,,m","20100428","+,3,m","11.7","3,m,23,+","0.0",",,m,30,+","30.0","3,m,28,+","","","1.6","3,m","0.0",",,,m","20.97","3,m","26.76","3,,,m","15.18","3,,,m"
"MXN00026314","2010-06","26.7667","-108.8167","221.0","CERRO COLORADO CFE, MX","","","252.0","4,m","0",",m","0",",m","0",",m","0","4,m","0","4,m","0","4,m","26","4,m","19","4,m","20100619","+,4,m","20100630","+,,m","20100628",",4,m","18.9","4,m,19,+","0.0",",,m,30,+","38.3","4,m,28,","","","0.0","4,m","0.0",",,,m","28.03","4,m","33.40","4,,,m","22.65","4,,,m"
"MXN00026314","2010-07","26.7667","-108.8167","221.0","CERRO COLORADO CFE, MX","","","344.8","4,m","0",",m","0",",m","0",",m","0","4,m","0","4,m","0","4,m","27","4,m","26","4,m","20100727","+,4,m","20100731","+,,m","20100717","+,4,m","23.9","4,m,27,+","0.0",",,m,31,+","37.8","4,m,17,+","0.0","m","0.0","4,m","0.0",",,,m","31.10","4,m","35.13","4,,,m","27.08","4,,,m"
"MXN00026314","2010-08","26.7667","-108.8167","221.0","CERRO COLORADO CFE, MX","","","","","3",",m","2",",m","1",",m","","","","","","","","","","","","","20100813",",,m","","","","","58.9",",,m,13,","","","","","","","65.5",",,,m","","","","","",""
"MXN00026314","2010-09","26.7667","-108.8167","221.0","CERRO COLORADO CFE, MX","","","349.2","1,m","3",",m","2",",m","1",",m","0","1,m","0","1,m","0","1,m","29","1,m","25","1,m","20100924","+,1,m","20100922",",,m","20100917",",1,m","23.9","1,m,24,+","66.5",",,m,22,","37.8","1,m,17,","","","0.0","1,m","91.9",",,,m","30.38","1,m","34.38","1,,,m","26.37","1,,,m"
"MXN00026314","2010-11","26.7667","-108.8167","221.0","CERRO COLORADO CFE, MX","","","53.3",",m","0",",m","0",",m","0",",m","0",",m","0",",m","0",",m","29",",m","1",",m","20101128",",,m","20101130","+,,m","20101104",",,m","6.7",",m,28,","0.0",",,m,30,+","35.0",",m,04,","","","14.9",",m","0.0",",,,m","19.61",",m","25.81",",,,m","13.42",",,,m"
"MXN00026314","2010-12","26.7667","-108.8167","221.0","CERRO COLORADO CFE, MX","","","9.9",",m","0",",m","0",",m","0",",m","0",",m","0",",m","0",",m","25",",m","0",",m","20101229","+,,m","20101231","+,,m","20101205",",,m","7.8",",m,29,+","0.0",",,m,31,+","29.4",",m,05,","","","44.3",",m","0.0",",,,m","17.22",",m","22.89",",,,m","11.55",",,,m"
"MXN00026314","2011-01","26.7667","-108.8167","221.0","CERRO COLORADO CFE, MX","","","","","0",",m","0",",m","0",",m","","","","","","","","","","","","","20110131","+,,m","","","","","0.0",",,m,31,+","","","","","","","0.0",",,,m","","","","","",""
"MXN00026314","2011-02","26.7667","-108.8167","221.0","CERRO COLORADO CFE, MX","","","6.4","3,m","0",",m","0",",m","0",",m","0","3,m","0","3,m","0","3,m","11","3,m","0","3,m","20110204","+,3,m","20110228","+,,m","20110219",",3,m","3.9","3,m,04,+","0.0",",,m,28,+","27.8","3,m,19,","","","68.0","3,m","0.0",",,,m","15.87","3,m","21.48","3,,,m","10.26","3,,,m"
"MXN00026314","2011-03","26.7667","-108.8167","221.0","CERRO COLORADO CFE, MX","","","45.7","2,m","0",",m","0",",m","0",",m","0","2,m","0","2,m","0","2,m","29","2,m","1","2,m","20110301",",2,m","20110331","+,,m","20110317",",2,m","9.4","2,m,01,","0.0",",,m,31,+","32.2","2,m,17,","","","7.2","2,m","0.0",",,,m","19.66","2,m","26.15","2,,,m","13.17","2,,,m"
"MXN00026314","2011-04","26.7667","-108.8167","221.0","CERRO COLORADO CFE, MX","","","98.4","3,m","0",",m","0",",m","0",",m","0","3,m","0","3,m","0","3,m","27","3,m","1","3,m","20110413",",3,m","20110430","+,,m","20110414",",3,m","11.7","3,m,13,","0.0",",,m,30,+","32.8","3,m,14,","","","0.5","3,m","0.0",",,,m","21.96","3,m","27.98","3,,,m","15.94","3,,,m"
"MXN00026314","2011-05","26.7667","-108.8167","221.0","CERRO COLORADO CFE, MX","","","154.5",",m","0",",m","0",",m","0",",m","0",",m","0",",m","0",",m","31",",m","6",",m","20110521","+,,m","20110531","+,,m","20110502",",,m","13.9",",m,21,+","0.0",",,m,31,+","36.7",",m,02,","","","0.0",",m","0.0",",,,m","23.32",",m","29.33",",,,m","17.30",",,,m"
"MXN00026314","2011-06","26.7667","-108.8167","221.0","CERRO COLORADO CFE, MX","","","323.8",",m","0",",m","0",",m","0",",m","0",",m","0",",m","0",",m","30",",m","29",",m","20110611","+,,m","20110630","+,,m","20110606",",,m","18.9",",m,11,+","0.0",",,m,30,+","37.8",",m,06,","","","0.0",",m","0.0",",,,m","29.13",",m","34.69",",,,m","23.57",",,,m"
"MXN00026314","2011-07","26.7667","-108.8167","221.0","CERRO COLORADO CFE, MX","","","","","2",",m","0",",m","0",",m","","","","","","","","","","","","","20110704",",,m","","","","","2.3",",,m,04,","","","","","","","3.8",",,,m","","","","","",""
"MXN00026314","2011-08","26.7667","-108.8167","221.0","CERRO COLORADO CFE, MX","","","396.2",",m","6",",m","3",",m","1",",m","0",",m","0",",m","0",",m","31",",m","28",",m","20110829","+,,m","20110810",",,m","20110802",",,m","23.9",",m,29,+","41.9",",,m,10,","38.9",",m,02,","","","0.0",",m","64.0",",,,m","31.11",",m","35.30",",,,m","26.93",",,,m"
"MXN00026314","2011-09","26.7667","-108.8167","221.0","CERRO COLORADO CFE, MX","","","378.6",",m","1",",m","1",",m","0",",m","0",",m","0",",m","0",",m","30",",m","30",",m","20110929","+,,m","20110906",",,m","20110920",",,m","23.9",",m,29,+","3.6",",,m,06,","38.9",",m,20,","","","0.0",",m","3.6",",,,m","30.95",",m","35.70",",,,m","26.21",",,,m"
"MXN00026314","2011-10","26.7667","-108.8167","221.0","CERRO COLORADO CFE, MX","","","256.7",",m","0",",m","0",",m","0",",m","0",",m","0",",m","0",",m","31",",m","15",",m","20111028","+,,m","20111031","+,,m","20111016",",,m","16.1",",m,28,+","0.0",",,m,31,+","36.1",",m,16,","","","0.0",",m","0.0",",,,m","26.61",",m","32.32",",,,m","20.90",",,,m"
"MXN00026314","2011-11","26.7667","-108.8167","221.0","CERRO COLORADO CFE, MX","","","","","3",",m","2",",m","2",",m","","","","","","","","","","","","","20111113",",,m","","","","","87.1",",,m,13,","","","","","","","115.1",",,,m","","","","","",""
"MXN00026314","2011-12","26.7667","-108.8167","221.0","CERRO COLORADO CFE, MX","","","","","1",",m","1",",m","0",",m","","","","","","","","","","","","","20111220",",,m","","","","","10.9",",,m,20,","","","","","","","10.9",",,,m","","","","","",""
"MXN00026314","2012-01","26.7667","-108.8167","221.0","CERRO COLORADO CFE, MX","10.1","","10.1",",m","0",",m","0",",m","0",",m","0",",m","0",",m","0",",m","28",",m","0",",m","20120122","+,,m","20120131","+,,m","20120105",",,m","7.8",",m,22,+","0.0",",,m,31,+","28.9",",m,05,","","","38.4",",m","0.0",",,,m","17.42",",m","23.42",",,,m","11.42",",,,m"
"MXN00026314","2012-02","26.7667","-108.8167","221.0","CERRO COLORADO CFE, MX","14.3","","4.2","3,m","1",",m","0",",m","0",",m","0","3,m","0","3,m","0","3,m","20","3,m","0","3,m","20120224","+,3,m","20120208",",,m","20120226",",3,m","7.8","3,m,24,+","0.3",",,m,08,","30.0","3,m,26,","","","49.3","3,m","0.3",",,,m","16.60","3,m","22.89","3,,,m","10.31","3,,,m"
"MXN00026314","2012-03","26.7667","-108.8167","221.0","CERRO COLORADO CFE, MX","44.5","","30.2",",m","0",",m","0",",m","0",",m","0",",m","0",",m","0",",m","29",",m","0",",m","20120314",",,m","20120331","+,,m","20120331","+,,m","7.2",",m,14,","0.0",",,m,31,+","30.0",",m,31,+","","","10.3",",m","0.0",",,,m","18.98",",m","25.74",",,,m","12.21",",,,m"
"MXN00026314","2012-04","26.7667","-108.8167","221.0","CERRO COLORADO CFE, MX","131.6","","87.1",",m","0",",m","0",",m","0",",m","0",",m","0",",m","0",",m","30",",m","1",",m","20120404",",,m","20120430","+,,m","20120410",",,m","11.1",",m,04,","0.0",",,m,30,+","32.8",",m,10,","","","0.0",",m","0.0",",,,m","21.24",",m","27.62",",,,m","14.85",",,,m"
"MXN00026314","2012-05","26.7667","-108.8167","221.0","CERRO COLORADO CFE, MX","352.0","","220.4",",m","0",",m","0",",m","0",",m","0",",m","0",",m","0",",m","31",",m","17",",m","20120510","+,,m","20120531","+,,m","20120515",",,m","15.0",",m,10,+","0.0",",,m,31,+","36.7",",m,15,","","","0.0",",m","0.0",",,,m","25.44",",m","31.89",",,,m","18.99",",,,m"
"MXN00026314","2012-06","26.7667","-108.8167","221.0","CERRO COLORADO CFE, MX","642.1","","290.1","3,m","0",",m","0",",m","0",",m","0","3,m","0","3,m","0","3,m","27","3,m","25","3,m","20120607","+,3,m","20120630","+,,m","20120630","+,3,m","19.4","3,m,07,+","0.0",",,m,30,+","36.7","3,m,30,+","","","0.0","3,m","0.0",",,,m","29.08","3,m","34.50","3,,,m","23.66","3,,,m"
"MXN00026314","2012-07","26.7667","-108.8167","221.0","CERRO COLORADO CFE, MX","","","","","4","2,m","2","2,m","0","2,m","","","","","","","","","","","","","20120724",",2,m","","","","","7.4","2,,m,24,","","","","","","","12.0","2,,,m","","","","","",""
