"STATION","DATE","LATITUDE","LONGITUDE","ELEVATION","NAME","CDSD","CDSD_ATTRIBUTES","CLDD","CLDD_ATTRIBUTES","DP01","DP01_ATTRIBUTES","DP10","DP10_ATTRIBUTES","DP1X","DP1X_ATTRIBUTES","DT00","DT00_ATTRIBUTES","DT32","DT32_ATTRIBUTES","DX32","DX32_ATTRIBUTES","DX70","DX70_ATTRIBUTES","DX90","DX90_ATTRIBUTES","DYNT","DYNT_ATTRIBUTES","DYXP","DYXP_ATTRIBUTES","DYXT","DYXT_ATTRIBUTES","EMNT","EMNT_ATTRIBUTES","EMXP","EMXP_ATTRIBUTES","EMXT","EMXT_ATTRIBUTES","HDSD","HDSD_ATTRIBUTES","HTDD","HTDD_ATTRIBUTES","PRCP","PRCP_ATTRIBUTES","TAVG","TAVG_ATTRIBUTES","TMAX","TMAX_ATTRIBUTES","TMIN","TMIN_ATTRIBUTES"
"MXN00016242","1981-06","18.5333","-102.3667","899.8","TUMBISCATIO, MX","","","178.6",",m","14",",m","11",",m","1",",m","0",",m","0",",m","0",",m","30",",m","9",",m","19810611","+,,m","19810625",",,m","19810606",",,m","15.6",",m,11,+","40.4",",,m,25,","35.0",",m,06,","","","0.0",",m","139.8",",,,m","24.29",",m","30.25",",,,m","18.32",",,,m"
"MXN00016242","1981-07","18.5333","-102.3667","899.8","TUMBISCATIO, MX","","","145.8",",m","19",",m","14",",m","3",",m","0",",m","0",",m","0",",m","31",",m","0",",m","19810724",",,m","19810731",",,m","19810731","+,,m","15.6",",m,24,","72.4",",,m,31,","30.6",",m,31,+","0.0","m","0.0",",m","283.3",",,,m","23.04",",m","28.00",",,,m","18.07",",,,m"
"MXN00016242","1981-08","18.5333","-102.3667","899.8","TUMBISCATIO, MX","","","152.3",",m","21",",m","16",",m","3",",m","0",",m","0",",m","0",",m","31",",m","0",",m","19810803",",,m","19810828",",,m","19810818","+,,m","15.6",",m,03,","52.8",",,m,28,","30.6",",m,18,+","0.0","m","0.0",",m","247.0",",,,m","23.25",",m","28.19",",,,m","18.30",",,,m"
"MXN00016242","1981-09","18.5333","-102.3667","899.8","TUMBISCATIO, MX","","","135.2",",m","12",",m","10",",m","1",",m","0",",m","0",",m","0",",m","30",",m","0",",m","19810926",",,m","19810911",",,m","19810925","+,,m","15.6",",m,26,","59.9",",,m,11,","30.0",",m,25,+","0.0","m","0.0",",m","139.5",",,,m","22.84",",m","27.88",",,,m","17.80",",,,m"
"MXN00016242","1981-10","18.5333","-102.3667","899.8","TUMBISCATIO, MX","","","118.7",",m","15",",m","10",",m","0",",m","0",",m","0",",m","0",",m","31",",m","0",",m","19811031","+,,m","19811007",",,m","19811022",",,m","15.0",",m,31,+","23.4",",,m,07,","30.6",",m,22,","0.0","m","0.0",",m","112.2",",,,m","22.16",",m","27.61",",,,m","16.72",",,,m"
"MXN00016242","1981-11","18.5333","-102.3667","899.8","TUMBISCATIO, MX","","","89.8",",m","0",",m","0",",m","0",",m","0",",m","0",",m","0",",m","30",",m","0",",m","19811128","+,,m","19811130","+,,m","19811123",",,m","8.3",",m,28,+","0.0",",,m,30,+","30.6",",m,23,","0.0","m","0.0",",m","0.0",",,,m","21.33",",m","29.04",",,,m","13.61",",,,m"
"MXN00016242","1981-12","18.5333","-102.3667","899.8","TUMBISCATIO, MX","","","30.8",",m","2",",m","1",",m","0",",m","0",",m","0",",m","0",",m","31",",m","0",",m","19811217","+,,m","19811208",",,m","19811220",",,m","7.2",",m,17,+","5.8",",,m,08,","30.6",",m,20,","2.2","m","2.2",",m","6.6",",,,m","19.25",",m","28.74",",,,m","9.77",",,,m"
"MXN00016242","1982-01","18.5333","-102.3667","899.8","TUMBISCATIO, MX","24.9","m","24.9",",m","0",",m","0",",m","0",",m","0",",m","0",",m","0",",m","31",",m","0",",m","19820104",",,m","19820131","+,,m","19820123","+,,m","3.9",",m,04,","0.0",",,m,31,+","31.7",",m,23,+","9.4","m","7.2",",m","0.0",",,,m","18.90",",m","29.65",",,,m","8.16",",,,m"
"MXN00016242","1982-02","18.5333","-102.3667","899.8","TUMBISCATIO, MX","75.7","m","50.8",",m","3",",m","2",",m","0",",m","0",",m","0",",m","0",",m","28",",m","7",",m","19820204",",,m","19820227",",,m","19820211","+,,m","4.4",",m,04,","11.9",",,m,27,","33.9",",m,11,+","14.8","m","5.4",",m","17.5",",,,m","19.95",",m","30.71",",,,m","9.20",",,,m"
"MXN00016242","1982-03","18.5333","-102.3667","899.8","TUMBISCATIO, MX","165.2","m","89.5",",m","0",",m","0",",m","0",",m","0",",m","0",",m","0",",m","31",",m","11",",m","19820324","+,,m","19820331","+,,m","19820331",",,m","6.7",",m,24,+","0.0",",,m,31,+","36.1",",m,31,","15.3","m","0.5",",m","0.0",",,,m","21.20",",m","31.72",",,,m","10.68",",,,m"
"MXN00016242","1982-04","18.5333","-102.3667","899.8","TUMBISCATIO, MX","341.5","m","176.3",",m","0",",m","0",",m","0",",m","0",",m","0",",m","0",",m","30",",m","28",",m","19820428",",,m","19820430","+,,m","19820416","+,,m","10.0",",m,28,","0.0",",,m,30,+","36.7",",m,16,+","15.3","m","0.0",",m","0.0",",,,m","24.21",",m","33.96",",,,m","14.46",",,,m"
"MXN00016242","1982-05","18.5333","-102.3667","899.8","TUMBISCATIO, MX","535.6","m","194.1",",m","2",",m","1",",m","0",",m","0",",m","0",",m","0",",m","31",",m","18",",m","19820502",",,m","19820529",",,m","19820515",",,m","10.6",",m,02,","8.6",",,m,29,","35.6",",m,15,","15.3","m","0.0",",m","9.4",",,,m","24.60",",m","32.36",",,,m","16.83",",,,m"
"MXN00016242","1982-06","18.5333","-102.3667","899.8","TUMBISCATIO, MX","753.3","m","217.7",",m","8",",m","6",",m","2",",m","0",",m","0",",m","0",",m","30",",m","14",",m","19820605",",,m","19820619",",,m","19820608","+,,m","15.6",",m,05,","31.2",",,m,19,","35.0",",m,08,+","15.3","m","0.0",",m","104.4",",,,m","25.59",",m","31.77",",,,m","19.40",",,,m"
"MXN00016242","1982-07","18.5333","-102.3667","899.8","TUMBISCATIO, MX","925.6","m","172.3",",m","13",",m","10",",m","0",",m","0",",m","0",",m","0",",m","31",",m","1",",m","19820715",",,m","19820713",",,m","19820708",",,m","15.6",",m,15,","15.2",",,m,13,","32.8",",m,08,","0.0","m","0.0",",m","97.1",",,,m","23.89",",m","29.90",",,,m","17.88",",,,m"
"MXN00016242","1982-08","18.5333","-102.3667","899.8","TUMBISCATIO, MX","1064.3","m","138.7",",m","18",",m","14",",m","1",",m","0",",m","0",",m","0",",m","31",",m","0",",m","19820814",",,m","19820805",",,m","19820831","+,,m","12.8",",m,14,","42.2",",,m,05,","31.7",",m,31,+","0.0","m","0.0",",m","205.0",",,,m","22.81",",m","29.28",",,,m","16.34",",,,m"
"MXN00016242","1982-09","18.5333","-102.3667","899.8","TUMBISCATIO, MX","1211.0","m","146.7",",m","10",",m","7",",m","0",",m","0",",m","0",",m","0",",m","30",",m","1",",m","19820929",",,m","19820904",",,m","19820930",",,m","15.6",",m,29,","19.8",",,m,04,","32.8",",m,30,","0.0","m","0.0",",m","79.1",",,,m","23.22",",m","29.13",",,,m","17.32",",,,m"
"MXN00016242","1982-10","18.5333","-102.3667","899.8","TUMBISCATIO, MX","1351.7","m","140.7",",m","6",",m","4",",m","0",",m","0",",m","0",",m","0",",m","31",",m","0",",m","19821029",",,m","19821005",",,m","19821031","+,,m","11.7",",m,29,","11.2",",,m,05,","31.7",",m,31,+","0.0","m","0.0",",m","29.8",",,,m","22.87",",m","29.66",",,,m","16.08",",,,m"
"MXN00016242","1982-11","18.5333","-102.3667","899.8","TUMBISCATIO, MX","1440.3","m","88.6",",m","3",",m","3",",m","3",",m","0",",m","0",",m","0",",m","30",",m","1",",m","19821120",",,m","19821125",",,m","19821114",",,m","7.8",",m,20,","34.3",",,m,25,","32.8",",m,14,","0.0","m","0.0",",m","87.9",",,,m","21.29",",m","29.92",",,,m","12.65",",,,m"
"MXN00016242","1982-12","18.5333","-102.3667","899.8","TUMBISCATIO, MX","1460.5","m","20.2",",m","3",",m","1",",m","0",",m","0",",m","0",",m","0",",m","31",",m","0",",m","19821206",",,m","19821231",",,m","19821211",",,m","5.6",",m,06,","5.3",",,m,31,","30.0",",m,11,","11.0","m","11.0",",m","7.1",",,,m","18.63",",m","27.55",",,,m","9.71",",,,m"
"MXN00016242","1983-01","18.5333","-102.3667","899.8","TUMBISCATIO, MX","22.2","m","22.2",",m","1",",m","1",",m","0",",m","0",",m","0",",m","0",",m","29",",m","0",",m","19830131",",,m","19830118",",,m","19830115","+,,m","3.3",",m,31,","9.7",",,m,18,","30.6",",m,15,+","43.3","m","32.3",",m","9.7",",,,m","18.01",",m","27.45",",,,m","8.57",",,,m"
"MXN00016242","1983-02","18.5333","-102.3667","899.8","TUMBISCATIO, MX","22.5","m","0.3",",m","2",",m","0",",m","0",",m","0",",m","0",",m","0",",m","28",",m","0",",m","19830222","+,,m","19830224","+,,m","19830221",",,m","5.0",",m,22,+","1.3",",,m,24,+","30.6",",m,21,","80.2","m","36.9",",m","2.6",",,,m","17.03",",m","27.86",",,,m","6.19",",,,m"
"MXN00016242","1983-03","18.5333","-102.3667","899.8","TUMBISCATIO, MX","48.2","m","25.7",",m","0",",m","0",",m","0",",m","0",",m","0",",m","0",",m","31",",m","1",",m","19830303","+,,m","19830331","+,,m","19830331",",,m","5.0",",m,03,+","0.0",",,m,31,+","33.3",",m,31,","92.0","m","11.8",",m","0.0",",,,m","18.78",",m","29.66",",,,m","7.89",",,,m"
"MXN00016242","1983-04","18.5333","-102.3667","899.8","TUMBISCATIO, MX","117.4","m","69.2",",m","0",",m","0",",m","0",",m","0",",m","0",",m","0",",m","30",",m","14",",m","19830410","+,,m","19830430","+,,m","19830430","+,,m","6.1",",m,10,+","0.0",",,m,30,+","35.0",",m,30,+","92.3","m","0.3",",m","0.0",",,,m","20.63",",m","31.86",",,,m","9.40",",,,m"
"MXN00016242","1983-05","18.5333","-102.3667","899.8","TUMBISCATIO, MX","269.3","m","151.9",",m","3",",m","3",",m","1",",m","0",",m","0",",m","0",",m","31",",m","21",",m","19830530",",,m","19830526",",,m","19830521",",,m","10.6",",m,30,","39.9",",,m,26,","36.7",",m,21,","92.3","m","0.0",",m","65.6",",,,m","23.23",",m","32.53",",,,m","13.94",",,,m"
"MXN00016242","1983-06","18.5333","-102.3667","899.8","TUMBISCATIO, MX","465.3","m","196.0",",m","4",",m","3",",m","1",",m","0",",m","0",",m","0",",m","30",",m","9",",m","19830601",",,m","19830620",",,m","19830603","+,,m","12.2",",m,01,","34.3",",,m,20,","35.0",",m,03,+","92.3","m","0.0",",m","49.5",",,,m","24.87",",m","31.34",",,,m","18.39",",,,m"
"MXN00016242","1983-07","18.5333","-102.3667","899.8","TUMBISCATIO, MX","631.1","m","165.8",",m","15",",m","15",",m","2",",m","0",",m","0",",m","0",",m","31",",m","0",",m","19830716",",,m","19830704",",,m","19830704",",,m","16.7",",m,16,","38.1",",,m,04,","31.7",",m,04,","0.0","m","0.0",",m","181.3",",,,m","23.68",",m","28.98",",,,m","18.38",",,,m"
"MXN00016242","1983-08","18.5333","-102.3667","899.8","TUMBISCATIO, MX","789.6","m","158.5",",m","11",",m","5",",m","0",",m","0",",m","0",",m","0",",m","31",",m","1",",m","19830813","+,,m","19830804",",,m","19830828",",,m","15.6",",m,13,+","23.1",",,m,04,","35.0",",m,28,","0.0","m","0.0",",m","56.5",",,,m","23.45",",m","29.50",",,,m","17.39",",,,m"
"MXN00016242","1983-09","18.5333","-102.3667","899.8","TUMBISCATIO, MX","937.1","m","147.5",",m","14",",m","10",",m","3",",m","0",",m","0",",m","0",",m","30",",m","0",",m","19830927","+,,m","19830902",",,m","19830929","+,,m","16.7",",m,27,+","39.9",",,m,02,","30.0",",m,29,+","0.0","m","0.0",",m","170.6",",,,m","23.25",",m","28.45",",,,m","18.05",",,,m"
"MXN00016242","1983-10","18.5333","-102.3667","899.8","TUMBISCATIO, MX","1062.5","m","125.4",",m","7",",m","6",",m","2",",m","0",",m","0",",m","0",",m","31",",m","0",",m","19831031","+,,m","19831018",",,m","19831006",",,m","11.7",",m,31,+","46.5",",,m,18,","31.7",",m,06,","0.0","m","0.0",",m","107.8",",,,m","22.38",",m","28.71",",,,m","16.05",",,,m"
"MXN00016242","1983-11","18.5333","-102.3667","899.8","TUMBISCATIO, MX","1163.9","m","101.4",",m","4",",m","1",",m","0",",m","0",",m","0",",m","0",",m","30",",m","0",",m","19831126","+,,m","19831108",",,m","19831124","+,,m","12.8",",m,26,+","12.7",",,m,08,","30.0",",m,24,+","0.0","m","0.0",",m","16.8",",,,m","21.71",",m","28.17",",,,m","15.25",",,,m"
"MXN00016242","1983-12","18.5333","-102.3667","899.8","TUMBISCATIO, MX","1209.5","m","45.6",",m","2",",m","1",",m","1",",m","0",",m","0",",m","0",",m","30",",m","0",",m","19831217",",,m","19831205",",,m","19831224",",,m","6.7",",m,17,","55.1",",,m,05,","30.6",",m,24,","3.0","m","3.0",",m","57.4",",,,m","19.71",",m","28.11",",,,m","11.31",",,,m"
"MXN00016242","1984-01","18.5333","-102.3667","899.8","TUMBISCATIO, MX","13.8","m","13.8",",m","2",",m","1",",m","0",",m","0",",m","0",",m","0",",m","31",",m","0",",m","19840120","+,,m","19840103",",,m","19840123",",,m","5.6",",m,20,+","5.1",",,m,03,","31.1",",m,23,","20.3","m","17.3",",m","7.4",",,,m","18.22",",m","27.96",",,,m","8.48",",,,m"
"MXN00016242","1984-02","18.5333","-102.3667","899.8","TUMBISCATIO, MX","29.6","m","15.8",",m","0",",m","0",",m","0",",m","0",",m","0",",m","0",",m","29",",m","0",",m","19840227","+,,m","19840229","+,,m","19840219","+,,m","5.0",",m,27,+","0.0",",,m,29,+","31.7",",m,19,+","28.8","m","8.5",",m","0.0",",,,m","18.58",",m","29.57",",,,m","7.60",",,,m"
"MXN00016242","1984-03","18.5333","-102.3667","899.8","TUMBISCATIO, MX","100.1","m","70.5",",m","2",",m","2",",m","0",",m","0",",m","0",",m","0",",m","31",",m","11",",m","19840309","+,,m","19840322",",,m","19840327",",,m","6.7",",m,09,+","6.9",",,m,22,","34.4",",m,27,","28.8","m","0.0",",m","11.2",",,,m","20.61",",m","31.45",",,,m","9.76",",,,m"
"MXN00016242","1984-04","18.5333","-102.3667","899.8","TUMBISCATIO, MX","217.1","m","117.0",",m","0",",m","0",",m","0",",m","0",",m","0",",m","0",",m","30",",m","26",",m","19840414",",,m","19840430","+,,m","19840429","+,,m","7.8",",m,14,","0.0",",,m,30,+","35.0",",m,29,+","28.8","m","0.0",",m","0.0",",,,m","22.23",",m","33.48",",,,m","10.98",",,,m"
"MXN00016242","1984-05","18.5333","-102.3667","899.8","TUMBISCATIO, MX","401.3","m","184.2",",m","3",",m","2",",m","0",",m","0",",m","0",",m","0",",m","31",",m","25",",m","19840515",",,m","19840510",",,m","19840508",",,m","10.0",",m,15,","19.8",",,m,10,","36.7",",m,08,","28.8","m","0.0",",m","30.8",",,,m","24.28",",m","33.44",",,,m","15.11",",,,m"
"MXN00016242","1984-06","18.5333","-102.3667","899.8","TUMBISCATIO, MX","573.3","m","172.0",",m","13",",m","9",",m","1",",m","0",",m","0",",m","0",",m","30",",m","4",",m","19840624",",,m","19840614",",,m","19840602",",,m","15.6",",m,24,","31.0",",,m,14,","37.2",",m,02,","28.8","m","0.0",",m","121.4",",,,m","24.07",",m","30.23",",,,m","17.90",",,,m"
"MXN00016242","1984-07","18.5333","-102.3667","899.8","TUMBISCATIO, MX","683.4","m","110.1",",m","20",",m","19",",m","2",",m","0",",m","0",",m","0",",m","31",",m","0",",m","19840716",",,m","19840710",",,m","19840717","+,,m","15.6",",m,16,","39.9",",,m,10,","30.0",",m,17,+","0.0","m","0.0",",m","246.6",",,,m","21.89",",m","26.80",",,,m","16.97",",,,m"
"MXN00016242","1984-08","18.5333","-102.3667","899.8","TUMBISCATIO, MX","809.7","m","126.3",",m","13",",m","12",",m","1",",m","0",",m","0",",m","0",",m","31",",m","0",",m","19840830","+,,m","19840819",",,m","19840813",",,m","15.6",",m,30,+","56.9",",,m,19,","30.6",",m,13,","0.0","m","0.0",",m","156.9",",,,m","22.41",",m","27.87",",,,m","16.94",",,,m"
"MXN00016242","1984-09","18.5333","-102.3667","899.8","TUMBISCATIO, MX","930.7","m","121.0",",m","19",",m","12",",m","3",",m","0",",m","0",",m","0",",m","29",",m","0",",m","19840927","+,,m","19840913",",,m","19840926","+,,m","15.0",",m,27,+","61.0",",,m,13,","30.0",",m,26,+","0.0","m","0.0",",m","239.6",",,,m","22.37",",m","27.54",",,,m","17.20",",,,m"
"MXN00016242","1984-10","18.5333","-102.3667","899.8","TUMBISCATIO, MX","1067.3","m","136.6",",m","3",",m","3",",m","0",",m","0",",m","0",",m","0",",m","31",",m","0",",m","19841019","+,,m","19841005",",,m","19841022",",,m","13.9",",m,19,+","14.7",",,m,05,","31.1",",m,22,","0.0","m","0.0",",m","26.9",",,,m","22.74",",m","29.41",",,,m","16.07",",,,m"
"MXN00016242","1984-11","18.5333","-102.3667","899.8","TUMBISCATIO, MX","1139.0","m","71.7",",m","1",",m","1",",m","1",",m","0",",m","0",",m","0",",m","30",",m","0",",m","19841121","+,,m","19841103",",,m","19841130","+,,m","6.7",",m,21,+","26.9",",,m,03,","30.6",",m,30,+","5.3","m","5.3",",m","26.9",",,,m","20.55",",m","28.86",",,,m","12.24",",,,m"
"MXN00016242","1984-12","18.5333","-102.3667","899.8","TUMBISCATIO, MX","1171.8","m","32.8",",m","1",",m","0",",m","0",",m","0",",m","0",",m","0",",m","30",",m","0",",m","19841227","+,,m","19841213",",,m","19841228","+,,m","6.7",",m,27,+","2.3",",,m,13,","30.6",",m,28,+","11.0","m","5.7",",m","2.3",",,,m","19.21",",m","28.75",",,,m","9.66",",,,m"
"MXN00016242","1985-01","18.5333","-102.3667","899.8","TUMBISCATIO, MX","18.9","","18.9",",m","0",",m","0",",m","0",",m","0",",m","0",",m","0",",m","31",",m","0",",m","19850119","+,,m","19850131","+,,m","19850124",",,m","6.7",",m,19,+","0.0",",,m,31,+","31.1",",m,24,","24.0","","13.0",",m","0.0",",,,m","18.52",",m","28.01",",,,m","9.04",",,,m"
"MXN00016242","1985-02","18.5333","-102.3667","899.8","TUMBISCATIO, MX","39.8","","20.9",",m","0",",m","0",",m","0",",m","0",",m","0",",m","0",",m","28",",m","3",",m","19850223","+,,m","19850228","+,,m","19850228","+,,m","5.6",",m,23,+","0.0",",,m,28,+","32.8",",m,28,+","27.5","","3.5",",m","0.0",",,,m","18.96",",m","30.16",",,,m","7.75",",,,m"
"MXN00016242","1985-03","18.5333","-102.3667","899.8","TUMBISCATIO, MX","114.0","","74.2",",m","1",",m","1",",m","1",",m","0",",m","0",",m","0",",m","31",",m","15",",m","19850316",",,m","19850312",",,m","19850324",",,m","5.6",",m,16,","27.9",",,m,12,","34.4",",m,24,","27.5","","0.0",",m","27.9",",,,m","20.73",",m","31.56",",,,m","9.89",",,,m"
"MXN00016242","1985-04","18.5333","-102.3667","899.8","TUMBISCATIO, MX","215.3","","101.3",",m","0",",m","0",",m","0",",m","0",",m","0",",m","0",",m","30",",m","18",",m","19850426","+,,m","19850430","+,,m","19850424","+,,m","10.0",",m,26,+","0.0",",,m,30,+","35.0",",m,24,+","27.5","","0.0",",m","0.0",",,,m","21.71",",m","32.15",",,,m","11.26",",,,m"
"MXN00016242","1985-06","18.5333","-102.3667","899.8","TUMBISCATIO, MX","","","162.2",",m","11",",m","10",",m","1",",m","0",",m","0",",m","0",",m","30",",m","6",",m","19850626","+,,m","19850614",",,m","19850602",",,m","15.0",",m,26,+","38.9",",,m,14,","35.6",",m,02,","","","0.0",",m","107.4",",,,m","23.74",",m","29.89",",,,m","17.59",",,,m"
"MXN00016242","1985-07","18.5333","-102.3667","899.8","TUMBISCATIO, MX","","","127.4",",m","20",",m","12",",m","1",",m","0",",m","0",",m","0",",m","31",",m","0",",m","19850704",",,m","19850720",",,m","19850710",",,m","13.9",",m,04,","39.9",",,m,20,","31.7",",m,10,","0.0","","0.0",",m","137.5",",,,m","22.44",",m","28.01",",,,m","16.88",",,,m"
"MXN00016242","1985-08","18.5333","-102.3667","899.8","TUMBISCATIO, MX","","","138.0",",m","17",",m","13",",m","2",",m","0",",m","0",",m","0",",m","31",",m","0",",m","19850809",",,m","19850821",",,m","19850821",",,m","15.0",",m,09,","43.7",",,m,21,","31.7",",m,21,","0.0","","0.0",",m","198.5",",,,m","22.79",",m","28.86",",,,m","16.71",",,,m"
"MXN00016242","1985-09","18.5333","-102.3667","899.8","TUMBISCATIO, MX","","","123.4",",m","14",",m","11",",m","0",",m","0",",m","0",",m","0",",m","30",",m","0",",m","19850913",",,m","19850926",",,m","19850905",",,m","13.9",",m,13,","19.8",",,m,26,","31.7",",m,05,","0.0","","0.0",",m","120.0",",,,m","22.45",",m","28.79",",,,m","16.10",",,,m"
