"STATION","DATE","LATITUDE","LONGITUDE","ELEVATION","NAME","CDSD","CDSD_ATTRIBUTES","CLDD","CLDD_ATTRIBUTES","DP01","DP01_ATTRIBUTES","DP10","DP10_ATTRIBUTES","DP1X","DP1X_ATTRIBUTES","DT00","DT00_ATTRIBUTES","DT32","DT32_ATTRIBUTES","DX32","DX32_ATTRIBUTES","DX70","DX70_ATTRIBUTES","DX90","DX90_ATTRIBUTES","DYNT","DYNT_ATTRIBUTES","DYXP","DYXP_ATTRIBUTES","DYXT","DYXT_ATTRIBUTES","EMNT","EMNT_ATTRIBUTES","EMXP","EMXP_ATTRIBUTES","EMXT","EMXT_ATTRIBUTES","HDSD","HDSD_ATTRIBUTES","HTDD","HTDD_ATTRIBUTES","PRCP","PRCP_ATTRIBUTES","TAVG","TAVG_ATTRIBUTES","TMAX","TMAX_ATTRIBUTES","TMIN","TMIN_ATTRIBUTES"
"MXN00013108","1976-11","20.2667","-99.0167","1993.7","E.T.A. 285 SAN SALVADOR, MX","","","0.0",",m","2","1,m","2","1,m","0","1,m","0",",m","0",",m","0",",m","17",",m","0",",m","19761114",",,m","19761120",",1,m","19761129","+,,m","2.8",",m,14,","5.1","1,,m,20,","25.0",",m,29,+","","","158.5",",m","8.1","1,,,m","13.05",",m","20.30",",,,m","5.80",",,,m"
"MXN00013108","1976-12","20.2667","-99.0167","1993.7","E.T.A. 285 SAN SALVADOR, MX","","","0.0",",m","2",",m","2",",m","0",",m","0",",m","0",",m","0",",m","23",",m","0",",m","19761210",",,m","19761216",",,m","19761224",",,m","0.6",",m,10,","6.6",",,m,16,","25.0",",m,24,","","","157.5",",m","10.2",",,,m","13.25",",m","21.32",",,,m","5.18",",,,m"
"MXN00013108","1977-01","20.2667","-99.0167","1993.7","E.T.A. 285 SAN SALVADOR, MX","0.0","","0.0",",m","0",",m","0",",m","0",",m","0",",m","4",",m","0",",m","22",",m","0",",m","19770112","+,,m","19770131","+,,m","19770109",",,m","0.0",",m,12,+","0.0",",,m,31,+","26.7",",m,09,","","","201.1",",m","0.0",",,,m","11.85",",m","22.16",",,,m","1.54",",,,m"
"MXN00013108","1977-02","20.2667","-99.0167","1993.7","E.T.A. 285 SAN SALVADOR, MX","0.0","","0.0",",m","1",",m","0",",m","0",",m","0",",m","3",",m","0",",m","21",",m","0",",m","19770217","+,,m","19770205",",,m","19770225",",,m","0.0",",m,17,+","1.8",",,m,05,","26.7",",m,25,","","","173.2",",m","1.8",",,,m","12.15",",m","22.50",",,,m","1.79",",,,m"
"MXN00013108","1977-03","20.2667","-99.0167","1993.7","E.T.A. 285 SAN SALVADOR, MX","0.1","","0.1","1,m","0",",m","0",",m","0",",m","0",",m","2",",m","0","1,m","28","1,m","0","1,m","19770310","+,,m","19770331","+,,m","19770331",",1,m","0.0",",m,10,+","0.0",",,m,31,+","31.7","1,m,31,","","","72.7","1,m","0.0",",,,m","15.93","1,m","27.66","1,,,m","4.20",",,,m"
"MXN00013108","1977-04","20.2667","-99.0167","1993.7","E.T.A. 285 SAN SALVADOR, MX","4.6","","4.5",",m","4",",m","4",",m","1",",m","0",",m","2",",m","0",",m","23",",m","0",",m","19770407","+,,m","19770412",",,m","19770403","+,,m","0.0",",m,07,+","38.9",",,m,12,","31.7",",m,03,+","","","125.6",",m","70.4",",,,m","14.30",",m","23.21",",,,m","5.38",",,,m"
"MXN00013108","1977-05","20.2667","-99.0167","1993.7","E.T.A. 285 SAN SALVADOR, MX","13.5","","8.9",",m","8",",m","6",",m","4",",m","0",",m","0",",m","0",",m","30",",m","0",",m","19770513","+,,m","19770510",",,m","19770507","+,,m","5.0",",m,13,+","42.9",",,m,10,","29.4",",m,07,+","","","44.0",",m","177.6",",,,m","17.20",",m","25.39",",,,m","9.02",",,,m"
"MXN00013108","1977-06","20.2667","-99.0167","1993.7","E.T.A. 285 SAN SALVADOR, MX","17.4","","3.9",",m","5",",m","5",",m","1",",m","0",",m","0",",m","0",",m","28",",m","0",",m","19770602",",,m","19770620",",,m","19770629","+,,m","4.4",",m,02,","27.7",",,m,20,","26.7",",m,29,+","","","41.7",",m","79.3",",,,m","17.08",",m","24.16",",,,m","9.99",",,,m"
"MXN00013108","1977-08","20.2667","-99.0167","1993.7","E.T.A. 285 SAN SALVADOR, MX","","","2.8",",m","7",",m","6",",m","0",",m","0",",m","0",",m","0",",m","31",",m","0",",m","19770821","+,,m","19770813",",,m","19770825","+,,m","6.7",",m,21,+","24.9",",,m,13,","26.7",",m,25,+","","","41.8",",m","93.0",",,,m","17.08",",m","25.21",",,,m","8.94",",,,m"
"MXN00013108","1977-09","20.2667","-99.0167","1993.7","E.T.A. 285 SAN SALVADOR, MX","","","2.7",",m","4",",m","4",",m","0",",m","0",",m","0",",m","0",",m","29",",m","0",",m","19770927","+,,m","19770902",",,m","19770930","+,,m","6.1",",m,27,+","17.8",",,m,02,","28.3",",m,30,+","","","31.2",",m","35.1",",,,m","17.39",",m","25.02",",,,m","9.75",",,,m"
"MXN00013108","1977-10","20.2667","-99.0167","1993.7","E.T.A. 285 SAN SALVADOR, MX","","","1.2",",m","8",",m","6",",m","0",",m","0",",m","0",",m","0",",m","24",",m","0",",m","19771015",",,m","19771001",",,m","19771023",",,m","2.8",",m,15,","14.0",",,m,01,","29.4",",m,23,","","","98.4",",m","46.8",",,,m","15.20",",m","22.67",",,,m","7.72",",,,m"
"MXN00013108","1977-11","20.2667","-99.0167","1993.7","E.T.A. 285 SAN SALVADOR, MX","","","0.0",",m","0",",m","0",",m","0",",m","0",",m","3",",m","0",",m","17",",m","0",",m","19771127","+,,m","19771130","+,,m","19771107",",,m","0.0",",m,27,+","0.0",",,m,30,+","26.1",",m,07,","","","150.0",",m","0.0",",,,m","13.33",",m","21.50",",,,m","5.17",",,,m"
"MXN00013108","1978-01","20.2667","-99.0167","1993.7","E.T.A. 285 SAN SALVADOR, MX","0.0","m","0.0",",m","1",",m","1",",m","0",",m","0",",m","4",",m","0",",m","17",",m","0",",m","19780119","+,,m","19780109",",,m","19780123","+,,m","0.0",",m,19,+","6.4",",,m,09,","25.0",",m,23,+","","","213.9",",m","6.4",",,,m","11.43",",m","20.85",",,,m","2.02",",,,m"
"MXN00013108","1978-02","20.2667","-99.0167","1993.7","E.T.A. 285 SAN SALVADOR, MX","0.0","m","0.0","2,m","5",",m","2",",m","0",",m","0","1,m","2","1,m","0","1,m","14","1,m","0","1,m","19780222","+,1,m","19780207",",,m","19780227",",1,m","0.0","1,m,22,+","11.7",",,m,07,","26.1","1,m,27,","","","153.5","1,m","19.7",",,,m","12.31","2,m","21.16","1,,,m","3.47","1,,,m"
"MXN00013108","1978-03","20.2667","-99.0167","1993.7","E.T.A. 285 SAN SALVADOR, MX","6.4","m","6.4","1,m","6",",m","5",",m","0",",m","0","1,m","0","1,m","0","1,m","25","1,m","2","1,m","19780301",",1,m","19780316",",,m","19780309","+,1,m","0.6","1,m,01,","15.5",",,m,16,","36.1","1,m,09,+","","","123.1","1,m","51.5",",,,m","14.44","1,m","24.25","1,,,m","4.63","1,,,m"
"MXN00013108","1978-04","20.2667","-99.0167","1993.7","E.T.A. 285 SAN SALVADOR, MX","18.8","m","12.4","1,m","7",",m","5",",m","1",",m","0",",m","0",",m","0","1,m","29","1,m","0","1,m","19780407","+,,m","19780403",",,m","19780421","+,1,m","5.0",",m,07,+","28.4",",,m,03,","30.6","1,m,21,+","","","34.8","1,m","59.1",",,,m","17.56","1,m","27.17","1,,,m","7.95",",,,m"
"MXN00013108","1978-05","20.2667","-99.0167","1993.7","E.T.A. 285 SAN SALVADOR, MX","49.9","m","31.1","1,m","7",",m","5",",m","0",",m","0",",m","0",",m","0","1,m","30","1,m","2","1,m","19780502",",,m","19780515",",,m","19780508",",1,m","5.6",",m,02,","23.9",",,m,15,","32.8","1,m,08,","","","8.2","1,m","62.0",",,,m","19.12","1,m","28.08","1,,,m","10.16",",,,m"
"MXN00013108","1978-06","20.2667","-99.0167","1993.7","E.T.A. 285 SAN SALVADOR, MX","52.5","m","2.6",",m","7",",m","4",",m","0",",m","0",",m","0",",m","0",",m","30",",m","0",",m","19780609",",,m","19780608",",,m","19780630","+,,m","2.8",",m,09,","13.5",",,m,08,","25.0",",m,30,+","","","27.6",",m","31.1",",,,m","17.50",",m","24.56",",,,m","10.44",",,,m"
"MXN00013108","1978-07","20.2667","-99.0167","1993.7","E.T.A. 285 SAN SALVADOR, MX","56.4","m","3.9",",m","5",",m","4",",m","0",",m","0",",m","0",",m","0",",m","30",",m","0",",m","19780712",",,m","19780719",",,m","19780723","+,,m","6.7",",m,12,","15.0",",,m,19,","26.7",",m,23,+","25.1","m","25.1",",m","28.5",",,,m","17.65",",m","24.85",",,,m","10.45",",,,m"
"MXN00013108","1978-08","20.2667","-99.0167","1993.7","E.T.A. 285 SAN SALVADOR, MX","56.4","m","0.0",",m","6",",m","3",",m","1",",m","0",",m","0",",m","0",",m","28",",m","0",",m","19780806",",,m","19780821",",,m","19780804",",,m","3.9",",m,06,","44.5",",,m,21,","27.8",",m,04,","87.9","m","62.8",",m","71.5",",,,m","16.31",",m","24.04",",,,m","8.58",",,,m"
"MXN00013108","1978-09","20.2667","-99.0167","1993.7","E.T.A. 285 SAN SALVADOR, MX","57.2","m","0.8","1,m","6",",m","6",",m","0",",m","0","1,m","0","1,m","0","1,m","23","1,m","0","1,m","19780917",",1,m","19780907",",,m","19780913",",1,m","5.6","1,m,17,","15.7",",,m,07,","27.2","1,m,13,","139.0","m","51.1","1,m","45.1",",,,m","16.60","1,m","22.41","1,,,m","10.79","1,,,m"
"MXN00013108","1978-10","20.2667","-99.0167","1993.7","E.T.A. 285 SAN SALVADOR, MX","58.9","m","1.7",",m","6",",m","2",",m","0",",m","0",",m","0",",m","0",",m","18",",m","0",",m","19781025","+,,m","19781005",",,m","19781029",",,m","3.9",",m,25,+","5.8",",,m,05,","28.3",",m,29,","242.2","m","103.2",",m","16.6",",,,m","15.06",",m","21.66",",,,m","8.46",",,,m"
"MXN00013108","1978-11","20.2667","-99.0167","1993.7","E.T.A. 285 SAN SALVADOR, MX","58.9","m","0.0",",m","3",",m","2",",m","0",",m","0",",m","0",",m","0",",m","24",",m","0",",m","19781111",",,m","19781126",",,m","19781127","+,,m","2.8",",m,11,","5.3",",,m,26,","25.0",",m,27,+","371.1","m","128.9",",m","9.9",",,,m","14.04",",m","22.37",",,,m","5.71",",,,m"
"MXN00013108","1978-12","20.2667","-99.0167","1993.7","E.T.A. 285 SAN SALVADOR, MX","60.3","m","1.4",",m","1",",m","1",",m","0",",m","0",",m","0",",m","0",",m","29",",m","2",",m","19781229",",,m","19781201",",,m","19781213","+,,m","0.6",",m,29,","2.8",",,m,01,","32.2",",m,13,+","487.5","m","116.4",",m","2.8",",,,m","14.62",",m","25.05",",,,m","4.19",",,,m"
"MXN00013108","1979-01","20.2667","-99.0167","1993.7","E.T.A. 285 SAN SALVADOR, MX","0.0","m","0.0",",m","0",",m","0",",m","0",",m","0",",m","9",",m","0",",m","23",",m","0",",m","19790103",",,m","19790131","+,,m","19790126","+,,m","-5.0",",m,03,","0.0",",,m,31,+","27.8",",m,26,+","681.2","m","193.7",",m","0.0",",,,m","12.08",",m","22.10",",,,m","2.07",",,,m"
"MXN00013108","1979-02","20.2667","-99.0167","1993.7","E.T.A. 285 SAN SALVADOR, MX","0.0","m","0.0",",m","4",",m","1",",m","0",",m","0",",m","0",",m","0",",m","21",",m","0",",m","19790202",",,m","19790211",",,m","19790228",",,m","0.6",",m,02,","5.3",",,m,11,","30.0",",m,28,","813.9","m","132.7",",m","11.7",",,,m","13.59",",m","22.92",",,,m","4.26",",,,m"
"MXN00013108","1979-03","20.2667","-99.0167","1993.7","E.T.A. 285 SAN SALVADOR, MX","3.6","m","3.6",",m","1",",m","1",",m","0",",m","0",",m","0",",m","0",",m","30",",m","0",",m","19790321","+,,m","19790317",",,m","19790331","+,,m","5.0",",m,21,+","3.3",",,m,17,","30.0",",m,31,+","868.1","m","54.2",",m","3.3",",,,m","16.70",",m","26.59",",,,m","6.81",",,,m"
"MXN00013108","1979-04","20.2667","-99.0167","1993.7","E.T.A. 285 SAN SALVADOR, MX","17.2","m","13.6",",m","2",",m","1",",m","0",",m","0",",m","0",",m","0",",m","30",",m","1",",m","19790426",",,m","19790423",",,m","19790429",",,m","5.6",",m,26,","3.8",",,m,23,","32.2",",m,29,","886.7","m","18.6",",m","5.6",",,,m","18.17",",m","27.43",",,,m","8.90",",,,m"
"MXN00013108","1979-06","20.2667","-99.0167","1993.7","E.T.A. 285 SAN SALVADOR, MX","","","11.0",",m","4",",m","4",",m","0",",m","0",",m","0",",m","0",",m","29",",m","0",",m","19790614",",,m","19790605",",,m","19790601",",,m","2.8",",m,14,","18.3",",,m,05,","28.9",",m,01,","","","39.3",",m","47.8",",,,m","17.39",",m","25.20",",,,m","9.58",",,,m"
"MXN00013108","1979-07","20.2667","-99.0167","1993.7","E.T.A. 285 SAN SALVADOR, MX","","","14.3",",m","11",",m","7",",m","0",",m","0",",m","0",",m","0",",m","30",",m","0",",m","19790702",",,m","19790711",",,m","19790702",",,m","5.0",",m,02,","20.1",",,m,11,","27.2",",m,02,","11.2","m","11.2",",m","88.2",",,,m","18.43",",m","25.11",",,,m","11.76",",,,m"
"MXN00013108","1979-08","20.2667","-99.0167","1993.7","E.T.A. 285 SAN SALVADOR, MX","","","12.2",",m","3",",m","3",",m","0",",m","0",",m","0",",m","0",",m","29",",m","0",",m","19790806",",,m","19790828",",,m","19790829",",,m","8.9",",m,06,","5.8",",,m,28,","30.6",",m,29,","36.3","m","25.1",",m","13.9",",,,m","17.92",",m","24.40",",,,m","11.44",",,,m"
"MXN00013108","1979-09","20.2667","-99.0167","1993.7","E.T.A. 285 SAN SALVADOR, MX","","","0.0",",m","6",",m","5",",m","0",",m","0",",m","2",",m","0",",m","19",",m","0",",m","19790927",",,m","19790917",",,m","19790928",",,m","-2.2",",m,27,","5.8",",,m,17,","26.1",",m,28,","138.0","m","101.7",",m","23.5",",,,m","14.94",",m","21.61",",,,m","8.28",",,,m"
"MXN00013108","1979-10","20.2667","-99.0167","1993.7","E.T.A. 285 SAN SALVADOR, MX","","","2.8",",m","1",",m","1",",m","0",",m","0",",m","3",",m","0",",m","28",",m","0",",m","19791003",",,m","19791023",",,m","19791028",",,m","-5.0",",m,03,","3.3",",,m,23,","28.3",",m,28,","260.0","m","122.0",",m","3.3",",,,m","14.49",",m","24.44",",,,m","4.54",",,,m"
"MXN00013108","1979-12","20.2667","-99.0167","1993.7","E.T.A. 285 SAN SALVADOR, MX","","","0.0",",m","3",",m","3",",m","0",",m","0",",m","0",",m","0",",m","20",",m","0",",m","19791201",",,m","19791204",",,m","19791211",",,m","0.6",",m,01,","4.8",",,m,04,","26.7",",m,11,","","","147.7",",m","11.9",",,,m","13.57",",m","21.72",",,,m","5.41",",,,m"
"MXN00013108","1980-01","20.2667","-99.0167","1993.7","E.T.A. 285 SAN SALVADOR, MX","0.0","","0.0",",m","3",",m","3",",m","0",",m","0",",m","5",",m","0",",m","17",",m","0",",m","19800105",",,m","19800121",",,m","19800110",",,m","-3.9",",m,05,","11.9",",,m,21,","25.6",",m,10,","","","212.1",",m","25.7",",,,m","11.49",",m","21.35",",,,m","1.63",",,,m"
"MXN00013108","1980-02","20.2667","-99.0167","1993.7","E.T.A. 285 SAN SALVADOR, MX","0.0","","0.0","1,m","1",",m","1",",m","0",",m","0",",m","4",",m","0","1,m","23","1,m","0","1,m","19800205",",,m","19800227",",,m","19800220",",1,m","-5.0",",m,05,","2.8",",,m,27,","27.8","1,m,20,","","","150.4","1,m","2.8",",,,m","12.96","1,m","23.91","1,,,m","2.01",",,,m"
"MXN00013108","1980-04","20.2667","-99.0167","1993.7","E.T.A. 285 SAN SALVADOR, MX","","","10.4",",m","4",",m","3",",m","0",",m","0",",m","0",",m","0",",m","30",",m","0",",m","19800416",",,m","19800408",",,m","19800402",",,m","4.4",",m,16,","14.0",",,m,08,","31.7",",m,02,","","","33.2",",m","22.2",",,,m","17.57",",m","27.02",",,,m","8.12",",,,m"
"MXN00013108","1980-05","20.2667","-99.0167","1993.7","E.T.A. 285 SAN SALVADOR, MX","","","46.5",",m","10",",m","9",",m","0",",m","0",",m","0",",m","0",",m","31",",m","0",",m","19800531",",,m","19800524",",,m","19800520","+,,m","9.4",",m,31,","18.8",",,m,24,","30.0",",m,20,+","","","2.2",",m","95.4",",,,m","19.76",",m","28.07",",,,m","11.45",",,,m"
"MXN00013108","1980-06","20.2667","-99.0167","1993.7","E.T.A. 285 SAN SALVADOR, MX","","","11.7",",m","4",",m","3",",m","0",",m","0",",m","0",",m","0",",m","29",",m","0",",m","19800612",",,m","19800621",",,m","19800608",",,m","5.6",",m,12,","5.8",",,m,21,","28.9",",m,08,","","","19.1",",m","15.9",",,,m","18.08",",m","26.17",",,,m","10.00",",,,m"
"MXN00013108","1980-07","20.2667","-99.0167","1993.7","E.T.A. 285 SAN SALVADOR, MX","","","1.4",",m","5",",m","5",",m","0",",m","0",",m","0",",m","0",",m","31",",m","0",",m","19800711",",,m","19800719",",,m","19800719","+,,m","3.9",",m,11,","21.8",",,m,19,","26.7",",m,19,+","37.6","","37.6",",m","60.2",",,,m","17.16",",m","25.21",",,,m","9.12",",,,m"
"MXN00013108","1980-08","20.2667","-99.0167","1993.7","E.T.A. 285 SAN SALVADOR, MX","","","5.3",",m","8",",m","7",",m","0",",m","0",",m","0",",m","0",",m","31",",m","0",",m","19800828",",,m","19800806",",,m","19800814",",,m","8.3",",m,28,","15.7",",,m,06,","27.2",",m,14,","57.4","","19.8",",m","70.1",",,,m","17.86",",m","24.59",",,,m","11.14",",,,m"
