"STATION","DATE","LATITUDE","LONGITUDE","ELEVATION","NAME","CDSD","CDSD_ATTRIBUTES","CLDD","CLDD_ATTRIBUTES","DP01","DP01_ATTRIBUTES","DP10","DP10_ATTRIBUTES","DP1X","DP1X_ATTRIBUTES","DT00","DT00_ATTRIBUTES","DT32","DT32_ATTRIBUTES","DX32","DX32_ATTRIBUTES","DX70","DX70_ATTRIBUTES","DX90","DX90_ATTRIBUTES","DYNT","DYNT_ATTRIBUTES","DYXP","DYXP_ATTRIBUTES","DYXT","DYXT_ATTRIBUTES","EMNT","EMNT_ATTRIBUTES","EMXP","EMXP_ATTRIBUTES","EMXT","EMXT_ATTRIBUTES","HDSD","HDSD_ATTRIBUTES","HTDD","HTDD_ATTRIBUTES","PRCP","PRCP_ATTRIBUTES","TAVG","TAVG_ATTRIBUTES","TMAX","TMAX_ATTRIBUTES","TMIN","TMIN_ATTRIBUTES"
"MXN00032181","2006-01","21.55","-103.0167","1339.9","LA PITAYA, MX","5.4","","5.4",",m","1",",m","1",",m","0",",m","0",",m","8",",m","0",",m","31",",m","6",",m","20060118",",,m","20060125",",,m","20060130","+,,m","-6.1",",m,18,","6.4",",,m,25,","33.9",",m,30,+","","","71.4",",m","6.4",",,,m","16.20",",m","30.31",",,,m","2.10",",,,m"
"MXN00032181","2006-02","21.55","-103.0167","1339.9","LA PITAYA, MX","51.5","","46.1",",m","0",",m","0",",m","0",",m","0",",m","1",",m","0",",m","28",",m","27",",m","20060203",",,m","20060228","+,,m","20060218",",,m","-1.1",",m,03,","0.0",",,m,28,+","37.8",",m,18,","","","5.7",",m","0.0",",,,m","19.77",",m","34.88",",,,m","4.66",",,,m"
"MXN00032181","2006-03","21.55","-103.0167","1339.9","LA PITAYA, MX","161.0","","109.5",",m","0",",m","0",",m","0",",m","0",",m","0",",m","0",",m","31",",m","30",",m","20060323","+,,m","20060331","+,,m","20060317","+,,m","3.9",",m,23,+","0.0",",,m,31,+","40.0",",m,17,+","","","0.0",",m","0.0",",,,m","21.87",",m","36.79",",,,m","6.94",",,,m"
"MXN00032181","2006-04","21.55","-103.0167","1339.9","LA PITAYA, MX","363.0","","202.0",",m","2",",m","0",",m","0",",m","0",",m","0",",m","0",",m","30",",m","30",",m","20060408","+,,m","20060416",",,m","20060426",",,m","5.6",",m,08,+","2.3",",,m,16,","42.2",",m,26,","","","0.0",",m","2.6",",,,m","25.07",",m","39.59",",,,m","10.54",",,,m"
"MXN00032181","2006-10","21.55","-103.0167","1339.9","LA PITAYA, MX","","","127.8",",m","6",",m","5",",m","2",",m","0",",m","0",",m","0",",m","31",",m","8",",m","20061018",",,m","20061001",",,m","20061029","+,,m","8.9",",m,18,","52.1",",,m,01,","35.0",",m,29,+","","","0.0",",m","143.3",",,,m","22.46",",m","31.02",",,,m","13.89",",,,m"
"MXN00032181","2007-01","21.55","-103.0167","1339.9","LA PITAYA, MX","3.4","","3.4",",m","1",",m","1",",m","0",",m","0",",m","2",",m","0",",m","27",",m","0",",m","20070102","+,,m","20070125",",,m","20070128","+,,m","0.0",",m,02,+","6.4",",,m,25,","30.6",",m,28,+","","","75.8",",m","6.4",",,,m","16.00",",m","26.78",",,,m","5.22",",,,m"
"MXN00032181","2007-02","21.55","-103.0167","1339.9","LA PITAYA, MX","14.1","","10.7",",m","0",",m","0",",m","0",",m","0",",m","0",",m","0",",m","26",",m","10",",m","20070216","+,,m","20070228","+,,m","20070228",",,m","0.6",",m,16,+","0.0",",,m,28,+","37.2",",m,28,","","","38.4",",m","0.0",",,,m","17.35",",m","31.28",",,,m","3.41",",,,m"
"MXN00032181","2007-03","21.55","-103.0167","1339.9","LA PITAYA, MX","97.7","","83.6",",m","0",",m","0",",m","0",",m","0",",m","0",",m","0",",m","31",",m","24",",m","20070315",",,m","20070331","+,,m","20070321","+,,m","1.7",",m,15,","0.0",",,m,31,+","40.0",",m,21,+","","","1.9",",m","0.0",",,,m","20.97",",m","35.13",",,,m","6.81",",,,m"
"MXN00032181","2007-04","21.55","-103.0167","1339.9","LA PITAYA, MX","220.7","","123.0","1,m","0",",m","0",",m","0",",m","0",",m","0",",m","0","1,m","29","1,m","25","1,m","20070411",",,m","20070430","+,,m","20070424",",1,m","3.9",",m,11,","0.0",",,m,30,+","41.7","1,m,24,","","","0.2","1,m","0.0",",,,m","22.57","1,m","36.43","1,,,m","8.71",",,,m"
"MXN00032181","2007-05","21.55","-103.0167","1339.9","LA PITAYA, MX","444.5","","223.8",",m","0",",m","0",",m","0",",m","0",",m","0",",m","0",",m","31",",m","31",",m","20070518","+,,m","20070531","+,,m","20070530","+,,m","7.8",",m,18,+","0.0",",,m,31,+","41.7",",m,30,+","","","0.0",",m","0.0",",,,m","25.55",",m","40.48",",,,m","10.63",",,,m"
"MXN00032181","2007-06","21.55","-103.0167","1339.9","LA PITAYA, MX","686.2","","241.7",",m","0",",m","0",",m","0",",m","0",",m","0",",m","0",",m","30",",m","22",",m","20070610","+,,m","20070630","+,,m","20070604",",,m","10.6",",m,10,+","0.0",",,m,30,+","45.0",",m,04,","","","0.0",",m","0.0",",,,m","26.39",",m","36.83",",,,m","15.95",",,,m"
"MXN00032181","2007-07","21.55","-103.0167","1339.9","LA PITAYA, MX","840.6","","154.4",",m","0",",m","0",",m","0",",m","0",",m","0",",m","0",",m","31",",m","16",",m","20070714",",,m","20070731","+,,m","20070716",",,m","10.0",",m,14,","0.0",",,m,31,+","35.6",",m,16,","0.0","","0.0",",m","0.0",",,,m","23.31",",m","32.51",",,,m","14.11",",,,m"
"MXN00032181","2007-11","21.55","-103.0167","1339.9","LA PITAYA, MX","","","29.8",",m","1",",m","1",",m","0",",m","0",",m","2",",m","0",",m","30",",m","24",",m","20071102","+,,m","20071118",",,m","20071103",",,m","0.0",",m,02,+","5.8",",,m,18,","35.6",",m,03,","","","6.3",",m","5.8",",,,m","19.12",",m","33.64",",,,m","4.59",",,,m"
"MXN00032181","2009-01","21.55","-103.0167","1339.9","LA PITAYA, MX","6.2","m","6.2",",m","1",",m","1",",m","0",",m","0",",m","11",",m","0",",m","31",",m","7",",m","20090120","+,,m","20090125",",,m","20090127","+,,m","0.0",",m,20,+","6.4",",,m,25,","35.0",",m,27,+","","","81.6",",m","6.4",",,,m","15.90",",m","29.96",",,,m","1.85",",,,m"
"MXN00032181","2009-02","21.55","-103.0167","1339.9","LA PITAYA, MX","11.1","m","4.9",",m","1",",m","0",",m","0",",m","0",",m","0",",m","0",",m","28",",m","9",",m","20090225","+,,m","20090210",",,m","20090227","+,,m","0.6",",m,25,+","1.0",",,m,10,","35.6",",m,27,+","","","42.1",",m","1.0",",,,m","17.00",",m","31.48",",,,m","2.53",",,,m"
"MXN00032181","2009-03","21.55","-103.0167","1339.9","LA PITAYA, MX","37.4","m","26.3",",m","0",",m","0",",m","0",",m","0",",m","0",",m","0",",m","31",",m","21",",m","20090320","+,,m","20090331","+,,m","20090331",",,m","1.7",",m,20,+","0.0",",,m,31,+","37.8",",m,31,","","","10.9",",m","0.0",",,,m","18.83",",m","33.20",",,,m","4.46",",,,m"
"MXN00032181","2009-04","21.55","-103.0167","1339.9","LA PITAYA, MX","201.7","m","164.3",",m","0",",m","0",",m","0",",m","0",",m","0",",m","0",",m","30",",m","30",",m","20090417","+,,m","20090430","+,,m","20090425","+,,m","5.0",",m,17,+","0.0",",,m,30,+","41.7",",m,25,+","","","0.0",",m","0.0",",,,m","23.81",",m","39.99",",,,m","7.63",",,,m"
"MXN00032181","2009-05","21.55","-103.0167","1339.9","LA PITAYA, MX","408.8","m","207.1",",m","2",",m","2",",m","0",",m","0",",m","0",",m","0",",m","31",",m","28",",m","20090506","+,,m","20090519",",,m","20090527",",,m","6.7",",m,06,+","18.3",",,m,19,","42.8",",m,27,","","","0.0",",m","22.1",",,,m","25.01",",m","38.46",",,,m","11.56",",,,m"
"MXN00032181","2009-06","21.55","-103.0167","1339.9","LA PITAYA, MX","683.9","m","275.1",",m","8",",m","7",",m","0",",m","0",",m","0",",m","0",",m","30",",m","29",",m","20090603","+,,m","20090625",",,m","20090601",",,m","13.9",",m,03,+","24.9",",,m,25,","41.7",",m,01,","","","0.0",",m","91.2",",,,m","27.50",",m","38.93",",,,m","16.08",",,,m"
"MXN00032181","2009-12","21.55","-103.0167","1339.9","LA PITAYA, MX","","","0.0",",m","0",",m","0",",m","0",",m","0",",m","7",",m","0",",m","13",",m","0",",m","20091204","+,,m","20091231","+,,m","20091207",",,m","-3.3",",m,04,+","0.0",",,m,31,+","27.2",",m,07,","","","186.5",",m","0.0",",,,m","12.32",",m","20.08",",,,m","4.55",",,,m"
"MXN00032181","2010-07","21.55","-103.0167","1339.9","LA PITAYA, MX","","","40.8",",m","15",",m","11",",m","1",",m","0",",m","0",",m","0",",m","27",",m","4",",m","20100727","+,,m","20100723",",,m","20100706",",,m","2.8",",m,27,+","59.9",",,m,23,","37.8",",m,06,","20.3","","20.3",",m","184.2",",,,m","18.99",",m","27.77",",,,m","10.21",",,,m"
"MXN00032181","2011-01","21.55","-103.0167","1339.9","LA PITAYA, MX","30.8","","30.8","1,m","0",",m","0",",m","0",",m","0","1,m","0","1,m","0","1,m","13","1,m","1","1,m","20110107",",1,m","20110131","+,,m","20110129",",1,m","0.6","1,m,07,","0.0",",,m,31,+","35.0","1,m,29,","","","114.2","1,m","0.0",",,,m","15.55","1,m","20.89","1,,,m","10.21","1,,,m"
"MXN00032181","2012-06","21.55","-103.0167","1339.9","LA PITAYA, MX","","","193.2",",m","9",",m","6",",m","1",",m","0",",m","0",",m","0",",m","30",",m","18",",m","20120612",",,m","20120629",",,m","20120611",",,m","10.6",",m,12,","30.0",",,m,29,","37.8",",m,11,","","","0.0",",m","90.3",",,,m","24.77",",m","33.02",",,,m","16.52",",,,m"
"MXN00032181","2012-07","21.55","-103.0167","1339.9","LA PITAYA, MX","","","123.6",",m","13",",m","12",",m","4",",m","0",",m","0",",m","0",",m","31",",m","2",",m","20120717","+,,m","20120717",",,m","20120709","+,,m","10.0",",m,17,+","54.9",",,m,17,","32.8",",m,09,+","0.0","m","0.0",",m","262.0",",,,m","22.32",",m","29.63",",,,m","15.01",",,,m"
"MXN00032181","2012-08","21.55","-103.0167","1339.9","LA PITAYA, MX","","","","","13","3,m","10","3,m","0","3,m","","","","","","","","","","","","","20120820","+,3,m","","","","","19.3","3,,m,20,+","","","","","","","133.6","3,,,m","","","","","",""
"MXN00032181","2012-09","21.55","-103.0167","1339.9","LA PITAYA, MX","","","96.3","1,m","10",",m","8",",m","0",",m","0","1,m","0","1,m","0","1,m","29","1,m","0","1,m","20120918",",1,m","20120916",",,m","20120926","+,1,m","8.9","1,m,18,","18.8",",,m,16,","30.6","1,m,26,+","","","0.0","1,m","62.8",",,,m","21.65","1,m","29.40","1,,,m","13.91","1,,,m"
"MXN00032181","2012-10","21.55","-103.0167","1339.9","LA PITAYA, MX","","","95.5",",m","0",",m","0",",m","0",",m","0",",m","0",",m","0",",m","31",",m","2",",m","20121005","+,,m","20121031","+,,m","20121023",",,m","5.6",",m,05,+","0.0",",,m,31,+","35.0",",m,23,","","","0.0",",m","0.0",",,,m","21.41",",m","31.21",",,,m","11.62",",,,m"
"MXN00032181","2012-11","21.55","-103.0167","1339.9","LA PITAYA, MX","","","32.3",",m","0",",m","0",",m","0",",m","0",",m","0",",m","0",",m","30",",m","0",",m","20121106",",,m","20121130","+,,m","20121120","+,,m","6.7",",m,06,","0.0",",,m,30,+","30.6",",m,20,+","","","1.8",",m","0.0",",,,m","19.35",",m","28.63",",,,m","10.07",",,,m"
"MXN00032181","2012-12","21.55","-103.0167","1339.9","LA PITAYA, MX","","","16.7",",m","0",",m","0",",m","0",",m","0",",m","0",",m","0",",m","30",",m","0",",m","20121227",",,m","20121231","+,,m","20121210","+,,m","3.9",",m,27,","0.0",",,m,31,+","30.0",",m,10,+","","","26.3",",m","0.0",",,,m","18.02",",m","27.56",",,,m","8.48",",,,m"
