"STATION","DATE","LATITUDE","LONGITUDE","ELEVATION","NAME","CDSD","CDSD_ATTRIBUTES","CLDD","CLDD_ATTRIBUTES","DP01","DP01_ATTRIBUTES","DP10","DP10_ATTRIBUTES","DP1X","DP1X_ATTRIBUTES","DT00","DT00_ATTRIBUTES","DT32","DT32_ATTRIBUTES","DX32","DX32_ATTRIBUTES","DX70","DX70_ATTRIBUTES","DX90","DX90_ATTRIBUTES","DYNT","DYNT_ATTRIBUTES","DYXP","DYXP_ATTRIBUTES","DYXT","DYXT_ATTRIBUTES","EMNT","EMNT_ATTRIBUTES","EMXP","EMXP_ATTRIBUTES","EMXT","EMXT_ATTRIBUTES","HDSD","HDSD_ATTRIBUTES","HTDD","HTDD_ATTRIBUTES","PRCP","PRCP_ATTRIBUTES","TAVG","TAVG_ATTRIBUTES","TMAX","TMAX_ATTRIBUTES","TMIN","TMIN_ATTRIBUTES"
"MXN00025162","1978-09","24.6","-107.3167","45.7","LA CURVA, MX","","","384.7",",m","7",",m","6",",m","3",",m","0",",m","0",",m","0",",m","30",",m","29",",m","19780927",",,m","19780910",",,m","19780924","+,,m","19.4",",m,27,","62.0",",,m,10,","41.1",",m,24,+","","","0.0",",m","165.5",",,,m","31.16",",m","38.77",",,,m","23.54",",,,m"
"MXN00025162","1978-10","24.6","-107.3167","45.7","LA CURVA, MX","","","335.1",",m","3",",m","3",",m","2",",m","0",",m","0",",m","0",",m","31",",m","31",",m","19781030","+,,m","19781022",",,m","19781021",",,m","15.6",",m,30,+","47.0",",,m,22,","38.9",",m,21,","","","0.0",",m","91.2",",,,m","29.14",",m","37.08",",,,m","21.20",",,,m"
"MXN00025162","1978-11","24.6","-107.3167","45.7","LA CURVA, MX","","","220.1",",m","1",",m","0",",m","0",",m","0",",m","0",",m","0",",m","30",",m","29",",m","19781130","+,,m","19781125",",,m","19781124","+,,m","10.6",",m,30,+","0.8",",,m,25,","37.2",",m,24,+","","","0.0",",m","0.8",",,,m","25.67",",m","35.81",",,,m","15.53",",,,m"
"MXN00025162","1978-12","24.6","-107.3167","45.7","LA CURVA, MX","","","81.6",",m","2",",m","1",",m","0",",m","0",",m","0",",m","0",",m","31",",m","11",",m","19781209",",,m","19781230",",,m","19781217",",,m","4.4",",m,09,","21.3",",,m,30,","37.8",",m,17,","","","7.9",",m","22.1",",,,m","20.71",",m","30.41",",,,m","11.01",",,,m"
"MXN00025162","1979-01","24.6","-107.3167","45.7","LA CURVA, MX","27.4","m","27.4",",m","1",",m","1",",m","1",",m","0",",m","0",",m","0",",m","30",",m","1",",m","19790130",",,m","19790124",",,m","19790118",",,m","6.1",",m,30,","29.0",",,m,24,","32.2",",m,18,","","","21.3",",m","29.0",",,,m","18.53",",m","27.34",",,,m","9.72",",,,m"
"MXN00025162","1979-03","24.6","-107.3167","45.7","LA CURVA, MX","","","81.6",",m","0",",m","0",",m","0",",m","0",",m","0",",m","0",",m","31",",m","10",",m","19790319","+,,m","19790331","+,,m","19790314","+,,m","7.2",",m,19,+","0.0",",,m,31,+","35.6",",m,14,+","","","1.1",",m","0.0",",,,m","20.93",",m","30.89",",,,m","10.96",",,,m"
"MXN00025162","1979-06","24.6","-107.3167","45.7","LA CURVA, MX","","","310.3",",m","1",",m","1",",m","0",",m","0",",m","0",",m","0",",m","30",",m","28",",m","19790609",",,m","19790629",",,m","19790620",",,m","14.4",",m,09,","3.8",",,m,29,","41.1",",m,20,","","","0.0",",m","3.8",",,,m","28.68",",m","36.58",",,,m","20.77",",,,m"
"MXN00025162","1979-07","24.6","-107.3167","45.7","LA CURVA, MX","","","377.4",",m","4",",m","4",",m","0",",m","0",",m","0",",m","0",",m","31",",m","31",",m","19790704",",,m","19790722",",,m","19790705",",,m","21.1",",m,04,","15.0",",,m,22,","39.4",",m,05,","0.0","m","0.0",",m","40.6",",,,m","30.51",",m","37.17",",,,m","23.84",",,,m"
"MXN00025162","1979-08","24.6","-107.3167","45.7","LA CURVA, MX","","","371.5",",m","3",",m","3",",m","0",",m","0",",m","0",",m","0",",m","31",",m","31",",m","19790828","+,,m","19790807",",,m","19790820","+,,m","21.1",",m,28,+","20.8",",,m,07,","39.4",",m,20,+","0.0","m","0.0",",m","33.5",",,,m","30.32",",m","37.17",",,,m","23.47",",,,m"
"MXN00025162","1979-10","24.6","-107.3167","45.7","LA CURVA, MX","","","286.4",",m","0",",m","0",",m","0",",m","0",",m","0",",m","0",",m","31",",m","29",",m","19791031",",,m","19791031","+,,m","19791008",",,m","10.0",",m,31,","0.0",",,m,31,+","37.8",",m,08,","","","0.0",",m","0.0",",,,m","27.57",",m","35.55",",,,m","19.60",",,,m"
"MXN00025162","1979-11","24.6","-107.3167","45.7","LA CURVA, MX","","","87.4",",m","0",",m","0",",m","0",",m","0",",m","0",",m","0",",m","30",",m","11",",m","19791126",",,m","19791130","+,,m","19791106","+,,m","4.4",",m,26,","0.0",",,m,30,+","35.0",",m,06,+","","","5.3",",m","0.0",",,,m","21.07",",m","31.39",",,,m","10.75",",,,m"
"MXN00025162","1979-12","24.6","-107.3167","45.7","LA CURVA, MX","","","71.9",",m","0",",m","0",",m","0",",m","0",",m","0",",m","0",",m","31",",m","10",",m","19791225","+,,m","19791231","+,,m","19791209","+,,m","5.0",",m,25,+","0.0",",,m,31,+","34.4",",m,09,+","","","4.2",",m","0.0",",,,m","20.52",",m","30.46",",,,m","10.57",",,,m"
"MXN00025162","1980-01","24.6","-107.3167","45.7","LA CURVA, MX","40.1","m","40.1",",m","0",",m","0",",m","0",",m","0",",m","0",",m","0",",m","31",",m","0",",m","19800122","+,,m","19800131","+,,m","19800106",",,m","5.6",",m,22,+","0.0",",,m,31,+","31.7",",m,06,","","","8.3",",m","0.0",",,,m","19.36",",m","29.11",",,,m","9.60",",,,m"
"MXN00025162","1980-02","24.6","-107.3167","45.7","LA CURVA, MX","135.1","m","95.0",",m","0",",m","0",",m","0",",m","0",",m","0",",m","0",",m","29",",m","12",",m","19800224",",,m","19800229","+,,m","19800203",",,m","8.9",",m,24,","0.0",",,m,29,+","36.1",",m,03,","","","1.9",",m","0.0",",,,m","21.54",",m","31.36",",,,m","11.72",",,,m"
"MXN00025162","1980-03","24.6","-107.3167","45.7","LA CURVA, MX","235.3","m","100.2",",m","0",",m","0",",m","0",",m","0",",m","0",",m","0",",m","31",",m","16",",m","19800331","+,,m","19800331","+,,m","19800321","+,,m","8.3",",m,31,+","0.0",",,m,31,+","36.1",",m,21,+","","","0.0",",m","0.0",",,,m","21.56",",m","31.95",",,,m","11.18",",,,m"
"MXN00025162","1980-04","24.6","-107.3167","45.7","LA CURVA, MX","346.7","m","111.4",",m","0",",m","0",",m","0",",m","0",",m","0",",m","0",",m","30",",m","19",",m","19800405","+,,m","19800430","+,,m","19800422",",,m","7.2",",m,05,+","0.0",",,m,30,+","40.0",",m,22,","","","0.0",",m","0.0",",,,m","22.05",",m","33.00",",,,m","11.09",",,,m"
"MXN00025162","1980-05","24.6","-107.3167","45.7","LA CURVA, MX","539.0","m","192.3",",m","0",",m","0",",m","0",",m","0",",m","0",",m","0",",m","31",",m","29",",m","19800502",",,m","19800531","+,,m","19800531",",,m","10.6",",m,02,","0.0",",,m,31,+","41.7",",m,31,","","","0.0",",m","0.0",",,,m","24.54",",m","35.11",",,,m","13.97",",,,m"
"MXN00025162","1980-06","24.6","-107.3167","45.7","LA CURVA, MX","898.6","m","359.6",",m","1",",m","1",",m","0",",m","0",",m","0",",m","0",",m","30",",m","30",",m","19800601",",,m","19800630",",,m","19800613",",,m","16.1",",m,01,","8.9",",,m,30,","43.3",",m,13,","","","0.0",",m","8.9",",,,m","30.32",",m","38.55",",,,m","22.09",",,,m"
"MXN00025162","1980-07","24.6","-107.3167","45.7","LA CURVA, MX","1313.3","m","414.7",",m","6",",m","3",",m","0",",m","0",",m","0",",m","0",",m","31",",m","31",",m","19800702",",,m","19800728",",,m","19800708",",,m","21.7",",m,02,","8.9",",,m,28,","43.3",",m,08,","0.0","m","0.0",",m","23.1",",,,m","31.71",",m","39.24",",,,m","24.18",",,,m"
"MXN00025162","1980-08","24.6","-107.3167","45.7","LA CURVA, MX","1662.1","m","348.8",",m","6",",m","5",",m","2",",m","0",",m","0",",m","0",",m","31",",m","30",",m","19800808",",,m","19800812",",,m","19800807",",,m","21.1",",m,08,","32.3",",,m,12,","40.0",",m,07,","0.0","m","0.0",",m","86.0",",,,m","29.59",",m","35.81",",,,m","23.36",",,,m"
"MXN00025162","1980-09","24.6","-107.3167","45.7","LA CURVA, MX","1987.1","m","325.0",",m","10",",m","10",",m","4",",m","0",",m","0",",m","0",",m","30",",m","28",",m","19800925","+,,m","19800924",",,m","19800917","+,,m","20.0",",m,25,+","46.5",",,m,24,","38.3",",m,17,+","0.0","m","0.0",",m","229.4",",,,m","29.17",",m","35.31",",,,m","23.02",",,,m"
"MXN00025162","1980-10","24.6","-107.3167","45.7","LA CURVA, MX","2272.8","m","285.7",",m","3",",m","3",",m","1",",m","0",",m","0",",m","0",",m","31",",m","28",",m","19801026","+,,m","19801015",",,m","19801026",",,m","16.7",",m,26,+","142.7",",,m,15,","38.3",",m,26,","0.0","m","0.0",",m","168.3",",,,m","27.55",",m","35.07",",,,m","20.03",",,,m"
"MXN00025162","1980-11","24.6","-107.3167","45.7","LA CURVA, MX","2412.3","m","139.5",",m","1",",m","1",",m","0",",m","0",",m","0",",m","0",",m","30",",m","16",",m","19801123",",,m","19801115",",,m","19801106","+,,m","8.3",",m,23,","10.9",",,m,15,","36.7",",m,06,+","0.6","m","0.6",",m","10.9",",,,m","22.96",",m","32.17",",,,m","13.75",",,,m"
"MXN00025162","1980-12","24.6","-107.3167","45.7","LA CURVA, MX","2503.9","m","91.6",",m","1",",m","0",",m","0",",m","0",",m","0",",m","0",",m","31",",m","14",",m","19801210",",,m","19801207",",,m","19801228","+,,m","8.3",",m,10,","1.8",",,m,07,","35.0",",m,28,+","1.2","m","0.6",",m","1.8",",,,m","21.27",",m","31.34",",,,m","11.20",",,,m"
"MXN00025162","1981-01","24.6","-107.3167","45.7","LA CURVA, MX","42.7","m","42.7",",m","0",",m","0",",m","0",",m","0",",m","0",",m","0",",m","31",",m","3",",m","19810124","+,,m","19810131","+,,m","19810111","+,,m","8.9",",m,24,+","0.0",",,m,31,+","32.2",",m,11,+","5.7","m","4.5",",m","0.0",",,,m","19.57",",m","28.46",",,,m","10.67",",,,m"
"MXN00025162","1981-02","24.6","-107.3167","45.7","LA CURVA, MX","112.2","m","69.5",",m","0",",m","0",",m","0",",m","0",",m","0",",m","0",",m","28",",m","10",",m","19810202",",,m","19810228","+,,m","19810217",",,m","7.2",",m,02,","0.0",",,m,28,+","35.6",",m,17,","10.5","m","4.8",",m","0.0",",,,m","20.64",",m","31.01",",,,m","10.28",",,,m"
"MXN00025162","1981-03","24.6","-107.3167","45.7","LA CURVA, MX","171.7","m","59.5",",m","0",",m","0",",m","0",",m","0",",m","0",",m","0",",m","30",",m","11",",m","19810310",",,m","19810331","+,,m","19810329","+,,m","7.2",",m,10,","0.0",",,m,31,+","33.3",",m,29,+","14.7","m","4.2",",m","0.0",",,,m","20.11",",m","29.87",",,,m","10.36",",,,m"
"MXN00025162","1981-04","24.6","-107.3167","45.7","LA CURVA, MX","319.8","m","148.1",",m","0",",m","0",",m","0",",m","0",",m","0",",m","0",",m","30",",m","20",",m","19810404",",,m","19810430","+,,m","19810420",",,m","8.9",",m,04,","0.0",",,m,30,+","37.8",",m,20,","14.7","m","0.0",",m","0.0",",,,m","23.27",",m","33.07",",,,m","13.47",",,,m"
"MXN00025162","1981-05","24.6","-107.3167","45.7","LA CURVA, MX","523.3","m","203.5",",m","0",",m","0",",m","0",",m","0",",m","0",",m","0",",m","31",",m","26",",m","19810520","+,,m","19810531","+,,m","19810519",",,m","12.8",",m,20,+","0.0",",,m,31,+","38.3",",m,19,","14.7","m","0.0",",m","0.0",",,,m","24.90",",m","34.26",",,,m","15.54",",,,m"
"MXN00025162","1981-06","24.6","-107.3167","45.7","LA CURVA, MX","719.5","m","196.2",",m","0",",m","0",",m","0",",m","0",",m","0",",m","0",",m","30",",m","12",",m","19810625","+,,m","19810630","+,,m","19810630",",,m","15.0",",m,25,+","0.0",",,m,30,+","37.2",",m,30,","14.7","m","0.0",",m","0.0",",,,m","24.87",",m","32.13",",,,m","17.61",",,,m"
"MXN00025162","1981-07","24.6","-107.3167","45.7","LA CURVA, MX","1055.3","m","335.8",",m","6",",m","4",",m","0",",m","0",",m","0",",m","0",",m","31",",m","31",",m","19810703","+,,m","19810704",",,m","19810731",",,m","20.6",",m,03,+","15.0",",,m,04,","38.9",",m,31,","0.0","m","0.0",",m","42.2",",,,m","29.17",",m","35.84",",,,m","22.49",",,,m"
"MXN00025162","1981-08","24.6","-107.3167","45.7","LA CURVA, MX","1420.7","m","365.4",",m","6",",m","6",",m","2",",m","0",",m","0",",m","0",",m","31",",m","31",",m","19810814",",,m","19810807",",,m","19810828",",,m","20.6",",m,14,","67.8",",,m,07,","41.1",",m,28,","0.0","m","0.0",",m","144.1",",,,m","30.12",",m","36.86",",,,m","23.38",",,,m"
"MXN00025162","1981-09","24.6","-107.3167","45.7","LA CURVA, MX","1722.6","m","301.9",",m","9",",m","8",",m","0",",m","0",",m","0",",m","0",",m","30",",m","24",",m","19810920",",,m","19810907",",,m","19810929","+,,m","18.9",",m,20,","19.8",",,m,07,","38.3",",m,29,+","0.0","m","0.0",",m","73.7",",,,m","28.40",",m","34.40",",,,m","22.39",",,,m"
"MXN00025162","1981-10","24.6","-107.3167","45.7","LA CURVA, MX","1997.1","m","274.5",",m","3",",m","3",",m","2",",m","0",",m","0",",m","0",",m","31",",m","26",",m","19811018",",,m","19811008",",,m","19811008","+,,m","16.7",",m,18,","109.0",",,m,08,","37.2",",m,08,+","0.0","m","0.0",",m","150.9",",,,m","27.19",",m","34.37",",,,m","20.00",",,,m"
"MXN00025162","1981-11","24.6","-107.3167","45.7","LA CURVA, MX","2173.7","m","176.6",",m","0",",m","0",",m","0",",m","0",",m","0",",m","0",",m","30",",m","24",",m","19811124",",,m","19811130","+,,m","19811109",",,m","11.7",",m,24,","0.0",",,m,30,+","36.1",",m,09,","0.0","m","0.0",",m","0.0",",,,m","24.22",",m","33.25",",,,m","15.19",",,,m"
"MXN00025162","1981-12","24.6","-107.3167","45.7","LA CURVA, MX","2246.2","m","72.5",",m","0",",m","0",",m","0",",m","0",",m","0",",m","0",",m","31",",m","14",",m","19811228",",,m","19811231","+,,m","19811212",",,m","7.2",",m,28,","0.0",",,m,31,+","36.1",",m,12,","1.4","m","1.4",",m","0.0",",,,m","20.63",",m","30.91",",,,m","10.34",",,,m"
"MXN00025162","1982-02","24.6","-107.3167","45.7","LA CURVA, MX","","","52.2",",m","0",",m","0",",m","0",",m","0",",m","0",",m","0",",m","28",",m","9",",m","19820204","+,,m","19820228","+,,m","19820225","+,,m","5.0",",m,04,+","0.0",",,m,28,+","35.0",",m,25,+","","","5.5",",m","0.0",",,,m","20.00",",m","31.27",",,,m","8.73",",,,m"
"MXN00025162","1982-03","24.6","-107.3167","45.7","LA CURVA, MX","","","","","0",",m","0",",m","0",",m","","","","","","","","","","","","","19820331","+,,m","","","","","0.0",",,m,31,+","","","","","","","0.0",",,,m","","","","","",""
"MXN00025162","1982-04","24.6","-107.3167","45.7","LA CURVA, MX","","","","","0",",m","0",",m","0",",m","","","","","","","","","","","","","19820430","+,,m","","","","","0.0",",,m,30,+","","","","","","","0.0",",,,m","","","","","",""
"MXN00025162","1982-05","24.6","-107.3167","45.7","LA CURVA, MX","","","","","0",",m","0",",m","0",",m","","","","","","","","","","","","","19820531","+,,m","","","","","0.0",",,m,31,+","","","","","","","0.0",",,,m","","","","","",""
"MXN00025162","1983-03","24.6","-107.3167","45.7","LA CURVA, MX","","","78.2",",m","1",",m","1",",m","0",",m","0",",m","0",",m","0",",m","31",",m","11",",m","19830327","+,,m","19830303",",,m","19830331",",,m","8.3",",m,27,+","4.8",",,m,03,","35.0",",m,31,","","","0.0",",m","4.8",",,,m","20.85",",m","31.08",",,,m","10.63",",,,m"
"MXN00025162","1983-06","24.6","-107.3167","45.7","LA CURVA, MX","","","309.3",",m","0",",m","0",",m","0",",m","0",",m","0",",m","0",",m","30",",m","28",",m","19830611",",,m","19830630","+,,m","19830628",",,m","19.4",",m,11,","0.0",",,m,30,+","39.4",",m,28,","","","0.0",",m","0.0",",,,m","28.64",",m","35.63",",,,m","21.66",",,,m"
"MXN00025162","1983-10","24.6","-107.3167","45.7","LA CURVA, MX","","","304.3",",m","1",",m","1",",m","1",",m","0",",m","0",",m","0",",m","31",",m","30",",m","19831031",",,m","19831018",",,m","19831016",",,m","18.3",",m,31,","37.8",",,m,18,","38.3",",m,16,","","","0.0",",m","37.8",",,,m","28.15",",m","35.76",",,,m","20.54",",,,m"
