"STATION","DATE","LATITUDE","LONGITUDE","ELEVATION","NAME","CDSD","CDSD_ATTRIBUTES","CLDD","CLDD_ATTRIBUTES","DP01","DP01_ATTRIBUTES","DP10","DP10_ATTRIBUTES","DP1X","DP1X_ATTRIBUTES","DT00","DT00_ATTRIBUTES","DT32","DT32_ATTRIBUTES","DX32","DX32_ATTRIBUTES","DX70","DX70_ATTRIBUTES","DX90","DX90_ATTRIBUTES","DYNT","DYNT_ATTRIBUTES","DYXP","DYXP_ATTRIBUTES","DYXT","DYXT_ATTRIBUTES","EMNT","EMNT_ATTRIBUTES","EMXP","EMXP_ATTRIBUTES","EMXT","EMXT_ATTRIBUTES","HDSD","HDSD_ATTRIBUTES","HTDD","HTDD_ATTRIBUTES","PRCP","PRCP_ATTRIBUTES","TAVG","TAVG_ATTRIBUTES","TMAX","TMAX_ATTRIBUTES","TMIN","TMIN_ATTRIBUTES"
"MXN00022040","1975-04","20.4833","-100.1167","1914.8","E.T.A. 210 PEDRO ESCOBEDO, MX","","","81.4",",m","0",",m","0",",m","0",",m","0",",m","0",",m","0",",m","30",",m","9",",m","19750424","+,,m","19750430","+,,m","19750411","+,,m","7.8",",m,24,+","0.0",",,m,30,+","35.0",",m,11,+","","","0.0",",m","0.0",",,,m","21.05",",m","31.51",",,,m","10.58",",,,m"
"MXN00022040","1975-05","20.4833","-100.1167","1914.8","E.T.A. 210 PEDRO ESCOBEDO, MX","","","34.6","2,m","12",",m","9",",m","0",",m","0","1,m","0","1,m","0","1,m","24","1,m","0","1,m","19750531",",1,m","19750521",",,m","19750508",",1,m","3.9","1,m,31,","17.8",",,m,21,","31.7","1,m,08,","","","36.8","1,m","85.4",",,,m","18.04","2,m","25.70","1,,,m","10.37","1,,,m"
"MXN00022040","1975-06","20.4833","-100.1167","1914.8","E.T.A. 210 PEDRO ESCOBEDO, MX","","","95.2",",m","16",",m","13",",m","3",",m","0",",m","0",",m","0",",m","30",",m","12",",m","19750607","+,,m","19750612",",,m","19750625","+,,m","8.9",",m,07,+","29.0",",,m,12,","37.8",",m,25,+","","","1.1",",m","203.1",",,,m","21.47",",m","31.45",",,,m","11.49",",,,m"
"MXN00022040","1975-07","20.4833","-100.1167","1914.8","E.T.A. 210 PEDRO ESCOBEDO, MX","","","14.5",",m","16",",m","10",",m","0",",m","0",",m","0",",m","0",",m","31",",m","0",",m","19750711","+,,m","19750724",",,m","19750730",",,m","8.9",",m,11,+","8.4",",,m,24,","28.9",",m,30,","14.9","","14.9",",m","60.4",",,,m","18.32",",m","25.09",",,,m","11.55",",,,m"
"MXN00022040","1975-08","20.4833","-100.1167","1914.8","E.T.A. 210 PEDRO ESCOBEDO, MX","","","41.2",",m","10",",m","7",",m","0",",m","0",",m","0",",m","0",",m","31",",m","0",",m","19750831","+,,m","19750801",",,m","19750825",",,m","10.0",",m,31,+","7.9",",,m,01,","30.6",",m,25,","17.3","","2.4",",m","39.8",",,,m","19.58",",m","27.82",",,,m","11.35",",,,m"
"MXN00022040","1975-09","20.4833","-100.1167","1914.8","E.T.A. 210 PEDRO ESCOBEDO, MX","","","42.6","1,m","3",",m","3",",m","0",",m","0","1,m","0","1,m","0","1,m","29","1,m","0","1,m","19750923",",1,m","19750914",",,m","19750920","+,1,m","7.8","1,m,23,","13.0",",,m,14,","30.6","1,m,20,+","20.3","","3.0","1,m","19.4",",,,m","19.70","1,m","28.05","1,,,m","11.34","1,,,m"
"MXN00022040","1975-10","20.4833","-100.1167","1914.8","E.T.A. 210 PEDRO ESCOBEDO, MX","","","4.5",",m","4",",m","4",",m","0",",m","0",",m","0",",m","0",",m","25",",m","0",",m","19751031","+,,m","19751015",",,m","19751029",",,m","5.0",",m,31,+","6.9",",,m,15,","27.8",",m,29,","85.7","","65.4",",m","23.3",",,,m","16.37",",m","23.09",",,,m","9.65",",,,m"
"MXN00022040","1975-11","20.4833","-100.1167","1914.8","E.T.A. 210 PEDRO ESCOBEDO, MX","","","0.7",",m","","","","","","","0",",m","0",",m","0",",m","23",",m","0",",m","19751120","+,,m","","","19751127","+,,m","0.6",",m,20,+","","","31.7",",m,27,+","228.8","","143.1",",m","","","13.58",",m","22.38",",,,m","4.79",",,,m"
"MXN00022040","1976-01","20.4833","-100.1167","1914.8","E.T.A. 210 PEDRO ESCOBEDO, MX","0.0","m","0.0",",m","","","","","","","0",",m","6",",m","0",",m","25",",m","0",",m","19760119",",,m","","","19760109",",,m","-6.1",",m,19,","","","30.6",",m,09,","","","177.1",",m","","","12.62",",m","23.42",",,,m","1.82",",,,m"
"MXN00022040","1976-02","20.4833","-100.1167","1914.8","E.T.A. 210 PEDRO ESCOBEDO, MX","0.0","m","0.0",",m","","","","","","","0",",m","4",",m","0",",m","25",",m","0",",m","19760205","+,,m","","","19760207",",,m","-3.3",",m,05,+","","","30.6",",m,07,","","","142.3",",m","","","13.43",",m","24.64",",,,m","2.21",",,,m"
"MXN00022040","1976-03","20.4833","-100.1167","1914.8","E.T.A. 210 PEDRO ESCOBEDO, MX","4.0","m","4.0",",m","","","","","","","0",",m","1",",m","0",",m","29",",m","2",",m","19760303",",,m","","","19760327","+,,m","0.0",",m,03,","","","32.8",",m,27,+","","","85.6",",m","","","15.70",",m","25.82",",,,m","5.59",",,,m"
"MXN00022040","1976-04","20.4833","-100.1167","1914.8","E.T.A. 210 PEDRO ESCOBEDO, MX","65.6","m","61.6",",m","3",",m","3",",m","0",",m","0",",m","0",",m","0",",m","30",",m","14",",m","19760427","+,,m","19760409",",,m","19760418","+,,m","0.6",",m,27,+","6.4",",,m,09,","38.9",",m,18,+","","","17.3",",m","12.4",",,,m","19.81",",m","33.20",",,,m","6.41",",,,m"
"MXN00022040","1976-05","20.4833","-100.1167","1914.8","E.T.A. 210 PEDRO ESCOBEDO, MX","175.6","m","110.0",",m","7",",m","4",",m","0",",m","0",",m","0",",m","0",",m","31",",m","20",",m","19760517",",,m","19760528",",,m","19760528",",,m","1.7",",m,17,","19.8",",,m,28,","43.9",",m,28,","","","1.6",",m","46.8",",,,m","21.83",",m","35.43",",,,m","8.23",",,,m"
"MXN00022040","1976-07","20.4833","-100.1167","1914.8","E.T.A. 210 PEDRO ESCOBEDO, MX","","","154.8",",m","17",",m","17",",m","0",",m","0",",m","0",",m","0",",m","31",",m","26",",m","19760725",",,m","19760730",",,m","19760711","+,,m","8.9",",m,25,","11.9",",,m,30,","38.9",",m,11,+","0.0","m","0.0",",m","154.3",",,,m","23.33",",m","34.19",",,,m","12.46",",,,m"
"MXN00022040","1976-08","20.4833","-100.1167","1914.8","E.T.A. 210 PEDRO ESCOBEDO, MX","","","112.1",",m","8",",m","8",",m","0",",m","0",",m","0",",m","0",",m","31",",m","19",",m","19760816","+,,m","19760827","+,,m","19760808","+,,m","7.8",",m,16,+","9.9",",,m,27,+","36.7",",m,08,+","0.0","m","0.0",",m","69.2",",,,m","21.95",",m","33.32",",,,m","10.58",",,,m"
"MXN00022040","1976-09","20.4833","-100.1167","1914.8","E.T.A. 210 PEDRO ESCOBEDO, MX","","","95.3",",m","3",",m","3",",m","0",",m","0",",m","0",",m","0",",m","30",",m","23",",m","19760923","+,,m","19760912",",,m","19760924","+,,m","7.8",",m,23,+","7.9",",,m,12,","35.6",",m,24,+","0.0","m","0.0",",m","19.1",",,,m","21.51",",m","33.35",",,,m","9.67",",,,m"
"MXN00022040","1976-10","20.4833","-100.1167","1914.8","E.T.A. 210 PEDRO ESCOBEDO, MX","","","33.0",",m","0",",m","0",",m","0",",m","0",",m","0",",m","0",",m","31",",m","0",",m","19761030",",,m","19761031","+,,m","19761008","+,,m","6.7",",m,30,","0.0",",,m,31,+","31.7",",m,08,+","0.0","m","0.0",",m","0.0",",,,m","19.40",",m","29.52",",,,m","9.28",",,,m"
"MXN00022040","1976-11","20.4833","-100.1167","1914.8","E.T.A. 210 PEDRO ESCOBEDO, MX","","","13.0",",m","5",",m","5",",m","0",",m","0",",m","0",",m","0",",m","28",",m","1",",m","19761115",",,m","19761130",",,m","19761108",",,m","2.8",",m,15,","11.4",",,m,30,","32.8",",m,08,","44.0","m","44.0",",m","35.5",",,,m","17.30",",m","27.21",",,,m","7.39",",,,m"
"MXN00022040","1976-12","20.4833","-100.1167","1914.8","E.T.A. 210 PEDRO ESCOBEDO, MX","","","13.7",",m","7",",m","5",",m","0",",m","0",",m","0",",m","0",",m","30",",m","16",",m","19761224","+,,m","19761201",",,m","19761228",",,m","2.8",",m,24,+","11.9",",,m,01,","36.7",",m,28,","73.5","m","29.5",",m","28.2",",,,m","17.82",",m","31.13",",,,m","4.52",",,,m"
"MXN00022040","1977-01","20.4833","-100.1167","1914.8","E.T.A. 210 PEDRO ESCOBEDO, MX","35.7","","35.7",",m","1",",m","0",",m","0",",m","0",",m","0",",m","0",",m","30",",m","19",",m","19770127",",,m","19770121",",,m","19770128","+,,m","2.8",",m,27,","0.3",",,m,21,","36.7",",m,28,+","90.3","","16.8",",m","0.3",",,,m","18.94",",m","32.62",",,,m","5.27",",,,m"
"MXN00022040","1977-02","20.4833","-100.1167","1914.8","E.T.A. 210 PEDRO ESCOBEDO, MX","36.3","","0.6",",m","1",",m","1",",m","0",",m","0",",m","0",",m","0",",m","23",",m","0",",m","19770218",",,m","19770222",",,m","19770225","+,,m","2.8",",m,18,","7.9",",,m,22,","27.8",",m,25,+","187.0","","96.7",",m","7.9",",,,m","14.90",",m","24.13",",,,m","5.67",",,,m"
"MXN00022040","1977-03","20.4833","-100.1167","1914.8","E.T.A. 210 PEDRO ESCOBEDO, MX","57.9","","21.6",",m","3",",m","2",",m","0",",m","0",",m","0",",m","0",",m","31",",m","4",",m","19770317",",,m","19770331",",,m","19770306",",,m","2.8",",m,17,","9.9",",,m,31,","35.0",",m,06,","217.1","","30.1",",m","19.6",",,,m","18.06",",m","29.18",",,,m","6.94",",,,m"
"MXN00022040","1977-04","20.4833","-100.1167","1914.8","E.T.A. 210 PEDRO ESCOBEDO, MX","68.8","","10.9",",m","4",",m","4",",m","1",",m","0",",m","0",",m","0",",m","28",",m","1",",m","19770422","+,,m","19770413",",,m","19770401",",,m","3.9",",m,22,+","27.9",",,m,13,","32.8",",m,01,","288.2","","71.1",",m","71.9",",,,m","16.33",",m","25.94",",,,m","6.71",",,,m"
"MXN00022040","1977-05","20.4833","-100.1167","1914.8","E.T.A. 210 PEDRO ESCOBEDO, MX","196.4","","127.6","1,m","6","1,m","6","1,m","0","1,m","0","1,m","0","1,m","0","1,m","30","1,m","8","1,m","19770501",",1,m","19770513",",1,m","19770509",",1,m","6.7","1,m,01,","10.9","1,,m,13,","36.7","1,m,09,","291.7","","3.5","1,m","37.5","1,,,m","22.47","1,m","30.81","1,,,m","14.12","1,,,m"
"MXN00022040","1977-06","20.4833","-100.1167","1914.8","E.T.A. 210 PEDRO ESCOBEDO, MX","248.6","","52.2",",m","8",",m","7",",m","0",",m","0",",m","0",",m","0",",m","29",",m","7",",m","19770618","+,,m","19770619","+,,m","19770625",",,m","0.6",",m,18,+","16.8",",,m,19,+","36.7",",m,25,","326.9","","35.2",",m","85.1",",,,m","18.90",",m","28.78",",,,m","9.02",",,,m"
"MXN00022040","1977-07","20.4833","-100.1167","1914.8","E.T.A. 210 PEDRO ESCOBEDO, MX","259.8","","11.2","1,m","12","1,m","8","1,m","0","1,m","0","1,m","0","1,m","0","1,m","30","1,m","0","1,m","19770727","+,1,m","19770708",",1,m","19770730","+,1,m","8.9","1,m,27,+","24.9","1,,m,08,","27.8","1,m,30,+","10.3","","10.3","1,m","95.2","1,,,m","18.37","1,m","25.88","1,,,m","10.85","1,,,m"
"MXN00022040","1977-08","20.4833","-100.1167","1914.8","E.T.A. 210 PEDRO ESCOBEDO, MX","363.7","","103.9",",m","12",",m","10",",m","0",",m","0",",m","0",",m","0",",m","31",",m","22",",m","19770829",",,m","19770829",",,m","19770826","+,,m","3.9",",m,29,","17.8",",,m,29,","38.9",",m,26,+","19.0","","8.7",",m","128.1",",,,m","21.40",",m","34.20",",,,m","8.60",",,,m"
"MXN00022040","1977-09","20.4833","-100.1167","1914.8","E.T.A. 210 PEDRO ESCOBEDO, MX","380.3","","16.6",",m","7",",m","5",",m","0",",m","0",",m","0",",m","0",",m","29",",m","0",",m","19770927","+,,m","19770902",",,m","19770930","+,,m","7.8",",m,27,+","16.8",",,m,02,","28.9",",m,30,+","30.4","","11.4",",m","58.7",",,,m","18.51",",m","26.10",",,,m","10.91",",,,m"
"MXN00022040","1977-10","20.4833","-100.1167","1914.8","E.T.A. 210 PEDRO ESCOBEDO, MX","381.8","","1.5",",m","8",",m","6",",m","0",",m","0",",m","0",",m","0",",m","26",",m","0",",m","19771013",",,m","19771001",",,m","19771011",",,m","3.9",",m,13,","15.0",",,m,01,","30.0",",m,11,","83.1","","52.7",",m","51.9",",,,m","16.68",",m","25.11",",,,m","8.25",",,,m"
