"STATION","DATE","LATITUDE","LONGITUDE","ELEVATION","NAME","CDSD","CDSD_ATTRIBUTES","CLDD","CLDD_ATTRIBUTES","DP01","DP01_ATTRIBUTES","DP10","DP10_ATTRIBUTES","DP1X","DP1X_ATTRIBUTES","DT00","DT00_ATTRIBUTES","DT32","DT32_ATTRIBUTES","DX32","DX32_ATTRIBUTES","DX70","DX70_ATTRIBUTES","DX90","DX90_ATTRIBUTES","DYNT","DYNT_ATTRIBUTES","DYXP","DYXP_ATTRIBUTES","DYXT","DYXT_ATTRIBUTES","EMNT","EMNT_ATTRIBUTES","EMXP","EMXP_ATTRIBUTES","EMXT","EMXT_ATTRIBUTES","HDSD","HDSD_ATTRIBUTES","HTDD","HTDD_ATTRIBUTES","PRCP","PRCP_ATTRIBUTES","TAVG","TAVG_ATTRIBUTES","TMAX","TMAX_ATTRIBUTES","TMIN","TMIN_ATTRIBUTES"
"MXN00007328","1980-03","15.3167","-92.7667","25.0","PROVIDENCIA, MX","","","299.0",",m","0",",m","0",",m","0",",m","0",",m","0",",m","0",",m","31",",m","30",",m","19800328","+,,m","19800331","+,,m","19800318","+,,m","20.0",",m,28,+","0.0",",,m,31,+","36.7",",m,18,+","","","0.0",",m","0.0",",,,m","27.98",",m","34.45",",,,m","21.50",",,,m"
"MXN00007328","1980-04","15.3167","-92.7667","25.0","PROVIDENCIA, MX","","","282.9",",m","4","1,m","4","1,m","3","1,m","0",",m","0",",m","0",",m","30",",m","27",",m","19800428","+,,m","19800422",",1,m","19800421",",,m","17.8",",m,28,+","121.9","1,,m,22,","38.9",",m,21,","","","0.0",",m","207.8","1,,,m","27.76",",m","35.08",",,,m","20.45",",,,m"
"MXN00007328","1980-05","15.3167","-92.7667","25.0","PROVIDENCIA, MX","","","309.0",",m","8",",m","6",",m","2",",m","0",",m","0",",m","0",",m","31",",m","31",",m","19800514","+,,m","19800516",",,m","19800528",",,m","18.9",",m,14,+","31.0",",,m,16,","37.8",",m,28,","","","0.0",",m","112.9",",,,m","28.30",",m","35.60",",,,m","21.00",",,,m"
"MXN00007328","1980-06","15.3167","-92.7667","25.0","PROVIDENCIA, MX","","","273.4",",m","17",",m","14",",m","3",",m","0",",m","0",",m","0",",m","30",",m","20",",m","19800603",",,m","19800622",",,m","19800611",",,m","17.8",",m,03,","55.4",",,m,22,","38.9",",m,11,","","","0.0",",m","297.7",",,,m","27.45",",m","33.78",",,,m","21.11",",,,m"
"MXN00007328","1980-07","15.3167","-92.7667","25.0","PROVIDENCIA, MX","","","294.4",",m","20",",m","18",",m","3",",m","0",",m","0",",m","0",",m","31",",m","25",",m","19800715",",,m","19800714",",,m","19800718","+,,m","19.4",",m,15,","52.1",",,m,14,","35.6",",m,18,+","0.0","m","0.0",",m","275.8",",,,m","27.83",",m","33.75",",,,m","21.92",",,,m"
"MXN00007328","1980-08","15.3167","-92.7667","25.0","PROVIDENCIA, MX","","","285.5",",m","22",",m","17",",m","1",",m","0",",m","0",",m","0",",m","31",",m","14",",m","19800823","+,,m","19800819",",,m","19800806",",,m","20.0",",m,23,+","31.8",",,m,19,","37.2",",m,06,","0.0","m","0.0",",m","148.7",",,,m","27.54",",m","32.11",",,,m","22.97",",,,m"
"MXN00007328","1980-09","15.3167","-92.7667","25.0","PROVIDENCIA, MX","","","274.1",",m","25",",m","19",",m","10",",m","0",",m","0",",m","0",",m","30",",m","21",",m","19800927","+,,m","19800924",",,m","19800908",",,m","20.0",",m,27,+","96.8",",,m,24,","37.8",",m,08,","0.0","m","0.0",",m","635.9",",,,m","27.47",",m","32.91",",,,m","22.03",",,,m"
"MXN00007328","1980-10","15.3167","-92.7667","25.0","PROVIDENCIA, MX","","","293.8",",m","17",",m","12",",m","3",",m","0",",m","0",",m","0",",m","31",",m","31",",m","19801008",",,m","19801019",",,m","19801027","+,,m","18.9",",m,08,","95.5",",,m,19,","35.6",",m,27,+","0.0","m","0.0",",m","260.9",",,,m","27.81",",m","34.75",",,,m","20.88",",,,m"
"MXN00007328","1980-11","15.3167","-92.7667","25.0","PROVIDENCIA, MX","","","249.8",",m","9",",m","8",",m","1",",m","0",",m","0",",m","0",",m","30",",m","28",",m","19801115",",,m","19801123",",,m","19801129","+,,m","16.1",",m,15,","35.3",",,m,23,","35.0",",m,29,+","0.0","m","0.0",",m","136.2",",,,m","26.66",",m","34.07",",,,m","19.25",",,,m"
"MXN00007328","1980-12","15.3167","-92.7667","25.0","PROVIDENCIA, MX","","","184.1",",m","9",",m","9",",m","2",",m","0",",m","0",",m","0",",m","31",",m","16",",m","19801230",",,m","19801215",",,m","19801231","+,,m","12.2",",m,30,","29.7",",,m,15,","35.0",",m,31,+","0.0","m","0.0",",m","140.5",",,,m","24.27",",m","31.81",",,,m","16.74",",,,m"
"MXN00007328","1981-01","15.3167","-92.7667","25.0","PROVIDENCIA, MX","190.8","m","190.8",",m","2",",m","2",",m","1",",m","0",",m","0",",m","0",",m","31",",m","27",",m","19810128",",,m","19810112",",,m","19810106",",,m","12.8",",m,28,","36.8",",,m,12,","38.3",",m,06,","0.0","m","0.0",",m","41.1",",,,m","24.49",",m","33.56",",,,m","15.42",",,,m"
"MXN00007328","1981-02","15.3167","-92.7667","25.0","PROVIDENCIA, MX","381.5","m","190.7",",m","2",",m","2",",m","0",",m","0",",m","0",",m","0",",m","28",",m","27",",m","19810206",",,m","19810225",",,m","19810225","+,,m","13.3",",m,06,","15.5",",,m,25,","37.2",",m,25,+","0.0","m","0.0",",m","18.8",",,,m","25.14",",m","34.86",",,,m","15.42",",,,m"
"MXN00007328","1981-03","15.3167","-92.7667","25.0","PROVIDENCIA, MX","646.7","m","265.2",",m","10",",m","10",",m","0",",m","0",",m","0",",m","0",",m","31",",m","28",",m","19810331","+,,m","19810329",",,m","19810308",",,m","15.0",",m,31,+","17.8",",,m,29,","38.9",",m,08,","0.0","m","0.0",",m","76.3",",,,m","26.89",",m","35.38",",,,m","18.39",",,,m"
"MXN00007328","1981-04","15.3167","-92.7667","25.0","PROVIDENCIA, MX","840.6","m","193.9",",m","11",",m","10",",m","0",",m","0",",m","0",",m","0",",m","30",",m","18",",m","19810421",",,m","19810418",",,m","19810411",",,m","14.4",",m,21,","18.8",",,m,18,","35.6",",m,11,","0.0","m","0.0",",m","133.9",",,,m","24.80",",m","32.28",",,,m","17.31",",,,m"
"MXN00007328","1981-05","15.3167","-92.7667","25.0","PROVIDENCIA, MX","1091.5","m","250.9",",m","14",",m","13",",m","5",",m","0",",m","0",",m","0",",m","31",",m","25",",m","19810517","+,,m","19810531",",,m","19810520","+,,m","15.0",",m,17,+","43.9",",,m,31,","38.9",",m,20,+","0.0","m","0.0",",m","229.0",",,,m","26.43",",m","34.95",",,,m","17.90",",,,m"
"MXN00007328","1981-06","15.3167","-92.7667","25.0","PROVIDENCIA, MX","1430.1","m","338.6",",m","23",",m","21",",m","5",",m","0",",m","0",",m","0",",m","30",",m","29",",m","19810602","+,,m","19810601",",,m","19810613",",,m","20.6",",m,02,+","54.9",",,m,01,","38.9",",m,13,","0.0","m","0.0",",m","374.6",",,,m","29.62",",m","35.63",",,,m","23.61",",,,m"
"MXN00007328","1981-07","15.3167","-92.7667","25.0","PROVIDENCIA, MX","1702.2","m","272.1",",m","19",",m","14",",m","1",",m","0",",m","0",",m","0",",m","31",",m","23",",m","19810708",",,m","19810729",",,m","19810728","+,,m","15.6",",m,08,","43.9",",,m,29,","39.4",",m,28,+","0.0","m","0.0",",m","166.7",",,,m","27.11",",m","34.32",",,,m","19.90",",,,m"
"MXN00007328","1981-08","15.3167","-92.7667","25.0","PROVIDENCIA, MX","2018.0","m","315.8",",m","25",",m","19",",m","6",",m","0",",m","0",",m","0",",m","31",",m","30",",m","19810830","+,,m","19810814",",,m","19810815",",,m","18.3",",m,30,+","98.0",",,m,14,","39.4",",m,15,","0.0","m","0.0",",m","453.4",",,,m","28.52",",m","36.74",",,,m","20.31",",,,m"
"MXN00007328","1981-09","15.3167","-92.7667","25.0","PROVIDENCIA, MX","2310.4","m","292.4",",m","19",",m","14",",m","2",",m","0",",m","0",",m","0",",m","30",",m","29",",m","19810919",",,m","19810905",",,m","19810928",",,m","20.0",",m,19,","30.5",",,m,05,","36.7",",m,28,","0.0","m","0.0",",m","193.2",",,,m","28.08",",m","34.57",",,,m","21.58",",,,m"
"MXN00007328","1981-10","15.3167","-92.7667","25.0","PROVIDENCIA, MX","2612.0","m","301.6",",m","16",",m","14",",m","0",",m","0",",m","0",",m","0",",m","31",",m","30",",m","19811022",",,m","19811003",",,m","19811020",",,m","17.8",",m,22,","24.6",",,m,03,","38.3",",m,20,","0.0","m","0.0",",m","168.1",",,,m","28.06",",m","35.31",",,,m","20.81",",,,m"
"MXN00007328","1981-11","15.3167","-92.7667","25.0","PROVIDENCIA, MX","2874.3","m","262.3",",m","8",",m","7",",m","1",",m","0",",m","0",",m","0",",m","30",",m","30",",m","19811115",",,m","19811129",",,m","19811111",",,m","14.4",",m,15,","28.4",",,m,29,","38.3",",m,11,","0.0","m","0.0",",m","112.2",",,,m","27.08",",m","36.12",",,,m","18.04",",,,m"
"MXN00007328","1981-12","15.3167","-92.7667","25.0","PROVIDENCIA, MX","3146.1","m","271.8",",m","0",",m","0",",m","0",",m","0",",m","0",",m","0",",m","31",",m","27",",m","19811215","+,,m","19811231","+,,m","19811205",",,m","15.6",",m,15,+","0.0",",,m,31,+","38.9",",m,05,","0.0","m","0.0",",m","0.0",",,,m","27.10",",m","35.20",",,,m","19.00",",,,m"
"MXN00007328","1982-01","15.3167","-92.7667","25.0","PROVIDENCIA, MX","227.1","","227.1",",m","2",",m","1",",m","0",",m","0",",m","0",",m","0",",m","31",",m","24",",m","19820110",",,m","19820112",",,m","19820115",",,m","14.4",",m,10,","17.8",",,m,12,","37.8",",m,15,","0.0","","0.0",",m","20.1",",,,m","25.66",",m","33.78",",,,m","17.54",",,,m"
"MXN00007328","1982-02","15.3167","-92.7667","25.0","PROVIDENCIA, MX","472.3","","245.2",",m","5",",m","5",",m","0",",m","0",",m","0",",m","0",",m","28",",m","28",",m","19820203",",,m","19820207",",,m","19820212",",,m","15.6",",m,03,","22.4",",,m,07,","37.8",",m,12,","0.0","","0.0",",m","88.9",",,,m","27.09",",m","36.24",",,,m","17.94",",,,m"
"MXN00007328","1982-03","15.3167","-92.7667","25.0","PROVIDENCIA, MX","743.3","","271.0",",m","10",",m","9",",m","0",",m","0",",m","0",",m","0",",m","31",",m","30",",m","19820315",",,m","19820329",",,m","19820312",",,m","15.6",",m,15,","18.8",",,m,29,","38.3",",m,12,","0.0","","0.0",",m","77.0",",,,m","27.07",",m","35.82",",,,m","18.33",",,,m"
"MXN00007328","1982-04","15.3167","-92.7667","25.0","PROVIDENCIA, MX","1065.4","","322.1",",m","17",",m","11",",m","2",",m","0",",m","0",",m","0",",m","30",",m","30",",m","19820424","+,,m","19820412",",,m","19820406","+,,m","20.0",",m,24,+","63.0",",,m,12,","38.3",",m,06,+","0.0","","0.0",",m","170.5",",,,m","29.07",",m","36.58",",,,m","21.56",",,,m"
"MXN00007328","1982-05","15.3167","-92.7667","25.0","PROVIDENCIA, MX","1419.0","","353.6",",m","21",",m","20",",m","10",",m","0",",m","0",",m","0",",m","31",",m","31",",m","19820527","+,,m","19820527","+,,m","19820528",",,m","21.7",",m,27,+","68.8",",,m,27,+","38.9",",m,28,","0.0","","0.0",",m","588.9",",,,m","29.74",",m","36.51",",,,m","22.97",",,,m"
"MXN00007328","1982-06","15.3167","-92.7667","25.0","PROVIDENCIA, MX","1770.5","","351.5",",m","23",",m","21",",m","7",",m","0",",m","0",",m","0",",m","30",",m","30",",m","19820601",",,m","19820610",",,m","19820613",",,m","23.3",",m,01,","75.4",",,m,10,","38.9",",m,13,","0.0","","0.0",",m","464.4",",,,m","30.05",",m","35.13",",,,m","24.97",",,,m"
