"STATION","DATE","LATITUDE","LONGITUDE","ELEVATION","NAME","CDSD","CDSD_ATTRIBUTES","CLDD","CLDD_ATTRIBUTES","DP01","DP01_ATTRIBUTES","DP10","DP10_ATTRIBUTES","DP1X","DP1X_ATTRIBUTES","DT00","DT00_ATTRIBUTES","DT32","DT32_ATTRIBUTES","DX32","DX32_ATTRIBUTES","DX70","DX70_ATTRIBUTES","DX90","DX90_ATTRIBUTES","DYNT","DYNT_ATTRIBUTES","DYXP","DYXP_ATTRIBUTES","DYXT","DYXT_ATTRIBUTES","EMNT","EMNT_ATTRIBUTES","EMXP","EMXP_ATTRIBUTES","EMXT","EMXT_ATTRIBUTES","HDSD","HDSD_ATTRIBUTES","HTDD","HTDD_ATTRIBUTES","PRCP","PRCP_ATTRIBUTES","TAVG","TAVG_ATTRIBUTES","TMAX","TMAX_ATTRIBUTES","TMIN","TMIN_ATTRIBUTES"
"MXN00021204","1982-07","20.1833","-97.9833","1298.8","NEXAPA, MX","","","37.6","1,m","24",",m","13",",m","2",",m","0","1,m","0","1,m","0","1,m","30","1,m","0","1,m","19820728",",1,m","19820718",",,m","19820726","+,1,m","10.6","1,m,28,","76.2",",,m,18,","27.8","1,m,26,+","1.1","","1.1","1,m","256.4",",,,m","19.55","1,m","25.72","1,,,m","13.38","1,,,m"
"MXN00021204","1982-08","20.1833","-97.9833","1298.8","NEXAPA, MX","","","35.9",",m","15",",m","13",",m","1",",m","0",",m","0",",m","0",",m","31",",m","0",",m","19820809","+,,m","19820820",",,m","19820827","+,,m","10.0",",m,09,+","32.0",",,m,20,","27.8",",m,27,+","3.6","","2.5",",m","170.7",",,,m","19.41",",m","26.29",",,,m","12.54",",,,m"
"MXN00021204","1982-09","20.1833","-97.9833","1298.8","NEXAPA, MX","","","30.4",",m","17",",m","17",",m","8",",m","0",",m","0",",m","0",",m","28",",m","0",",m","19820929","+,,m","19820922",",,m","19820912","+,,m","7.8",",m,29,+","38.4",",,m,22,","28.9",",m,12,+","12.7","","9.1",",m","358.0",",,,m","19.04",",m","25.59",",,,m","12.49",",,,m"
"MXN00021204","1982-10","20.1833","-97.9833","1298.8","NEXAPA, MX","","","29.0",",m","19",",m","17",",m","1",",m","0",",m","0",",m","0",",m","19",",m","0",",m","19821027",",,m","19821010",",,m","19821009","+,,m","7.8",",m,27,","39.9",",,m,10,","28.9",",m,09,+","63.2","","50.5",",m","204.3",",,,m","17.64",",m","22.28",",,,m","13.00",",,,m"
"MXN00021204","1982-11","20.1833","-97.9833","1298.8","NEXAPA, MX","","","1.7",",m","11",",m","6",",m","1",",m","0",",m","0",",m","0",",m","23",",m","0",",m","19821107","+,,m","19821112",",,m","19821103",",,m","5.6",",m,07,+","31.2",",,m,12,","28.3",",m,03,","132.7","","69.5",",m","77.2",",,,m","16.07",",m","22.98",",,,m","9.16",",,,m"
"MXN00021204","1982-12","20.1833","-97.9833","1298.8","NEXAPA, MX","","","2.0",",m","16",",m","8",",m","0",",m","0",",m","0",",m","0",",m","17",",m","0",",m","19821218",",,m","19821206",",,m","19821225","+,,m","2.2",",m,18,","16.3",",,m,06,","28.3",",m,25,+","249.4","","116.7",",m","71.6",",,,m","14.63",",m","21.32",",,,m","7.95",",,,m"
"MXN00021204","1983-01","20.1833","-97.9833","1298.8","NEXAPA, MX","0.0","m","0.0",",m","15",",m","9",",m","1",",m","0",",m","0",",m","0",",m","7",",m","0",",m","19830105","+,,m","19830111",",,m","19830129",",,m","3.9",",m,05,+","30.5",",,m,11,","25.0",",m,29,","437.0","m","187.6",",m","77.3",",,,m","12.28",",m","17.37",",,,m","7.19",",,,m"
"MXN00021204","1983-02","20.1833","-97.9833","1298.8","NEXAPA, MX","0.0","m","0.0",",m","9",",m","5",",m","0",",m","0",",m","0",",m","0",",m","13",",m","0",",m","19830214",",,m","19830212",",,m","19830209",",,m","3.3",",m,14,","5.8",",,m,12,","27.2",",m,09,","560.2","m","123.2",",m","29.0",",,,m","13.93",",m","20.58",",,,m","7.29",",,,m"
"MXN00021204","1983-03","20.1833","-97.9833","1298.8","NEXAPA, MX","5.0","m","5.0",",m","11",",m","5",",m","0",",m","0",",m","0",",m","0",",m","24",",m","0",",m","19830319","+,,m","19830320",",,m","19830326",",,m","5.0",",m,19,+","5.8",",,m,20,","31.7",",m,26,","651.7","m","91.5",",m","27.6",",,,m","15.54",",m","23.55",",,,m","7.53",",,,m"
"MXN00021204","1983-04","20.1833","-97.9833","1298.8","NEXAPA, MX","54.8","m","49.8",",m","11",",m","4",",m","0",",m","0",",m","0",",m","0",",m","27",",m","4",",m","19830406",",,m","19830414",",,m","19830422",",,m","8.3",",m,06,","8.4",",,m,14,","33.9",",m,22,","667.6","m","15.9",",m","25.3",",,,m","19.46",",m","27.84",",,,m","11.08",",,,m"
"MXN00021204","1983-05","20.1833","-97.9833","1298.8","NEXAPA, MX","173.3","m","118.5",",m","11",",m","4",",m","0",",m","0",",m","0",",m","0",",m","31",",m","6",",m","19830505",",,m","19830515",",,m","19830502",",,m","8.3",",m,05,","15.0",",,m,15,","37.8",",m,02,","667.9","m","0.3",",m","45.0",",,,m","22.15",",m","29.87",",,,m","14.42",",,,m"
"MXN00021204","1983-06","20.1833","-97.9833","1298.8","NEXAPA, MX","272.7","m","99.4",",m","13",",m","10",",m","2",",m","0",",m","0",",m","0",",m","30",",m","3",",m","19830611",",,m","19830629",",,m","19830606",",,m","10.0",",m,11,","62.0",",,m,29,","33.3",",m,06,","667.9","m","0.0",",m","151.7",",,,m","21.65",",m","28.92",",,,m","14.37",",,,m"
"MXN00021204","1983-07","20.1833","-97.9833","1298.8","NEXAPA, MX","321.2","m","48.5",",m","30",",m","27",",m","12",",m","0",",m","0",",m","0",",m","30",",m","0",",m","19830701",",,m","19830716",",,m","19830703",",,m","10.6",",m,01,","86.9",",,m,16,","28.9",",m,03,","0.5","m","0.5",",m","758.6",",,,m","19.88",",m","25.47",",,,m","14.29",",,,m"
"MXN00021204","1983-08","20.1833","-97.9833","1298.8","NEXAPA, MX","385.4","m","64.2",",m","23",",m","19",",m","6",",m","0",",m","0",",m","0",",m","29",",m","0",",m","19830829","+,,m","19830801",",,m","19830819","+,,m","11.7",",m,29,+","57.4",",,m,01,","30.0",",m,19,+","2.2","m","1.7",",m","387.0",",,,m","20.35",",m","26.60",",,,m","14.11",",,,m"
"MXN00021204","1983-09","20.1833","-97.9833","1298.8","NEXAPA, MX","450.9","m","65.5",",m","23",",m","18",",m","7",",m","0",",m","0",",m","0",",m","27",",m","0",",m","19830930",",,m","19830907",",,m","19830919","+,,m","10.6",",m,30,","103.4",",,m,07,","30.0",",m,19,+","6.1","m","3.9",",m","465.8",",,,m","20.39",",m","25.73",",,,m","15.04",",,,m"
"MXN00021204","1983-10","20.1833","-97.9833","1298.8","NEXAPA, MX","474.6","m","23.7",",m","18",",m","12",",m","2",",m","0",",m","0",",m","0",",m","20",",m","0",",m","19831027","+,,m","19831025",",,m","19831012",",,m","8.9",",m,27,+","67.6",",,m,25,","30.6",",m,12,","42.7","m","36.6",",m","179.9",",,,m","17.92",",m","23.00",",,,m","12.83",",,,m"
"MXN00021204","1983-11","20.1833","-97.9833","1298.8","NEXAPA, MX","490.2","m","15.6",",m","18",",m","6",",m","1",",m","0",",m","0",",m","0",",m","23",",m","0",",m","19831118",",,m","19831115",",,m","19831114",",,m","6.7",",m,18,","51.8",",,m,15,","30.6",",m,14,","84.9","m","42.2",",m","97.1",",,,m","17.45",",m","23.30",",,,m","11.60",",,,m"
"MXN00021204","1983-12","20.1833","-97.9833","1298.8","NEXAPA, MX","490.2","m","0.0","2,m","13",",m","8",",m","1",",m","0","1,m","6","1,m","0","1,m","15","1,m","0","1,m","19831231","+,1,m","19831216",",,m","19831213",",1,m","0.0","1,m,31,+","27.9",",,m,16,","31.7","1,m,13,","316.9","m","232.0","1,m","72.2",",,,m","10.28","2,m","18.75","1,,,m","1.80","1,,,m"
"MXN00021204","1984-01","20.1833","-97.9833","1298.8","NEXAPA, MX","0.6","","0.6","1,m","16",",m","9",",m","0",",m","0","1,m","0","1,m","0","1,m","7","1,m","0","1,m","19840122","+,1,m","19840110",",,m","19840109","+,1,m","2.8","1,m,22,+","21.3",",,m,10,","27.8","1,m,09,+","494.6","","177.7","1,m","68.7",",,,m","12.43","1,m","17.72","1,,,m","7.14","1,,,m"
"MXN00021204","1984-02","20.1833","-97.9833","1298.8","NEXAPA, MX","2.3","","1.7","4,m","13",",m","8",",m","0",",m","0","2,m","0","2,m","0","2,m","16","2,m","0","2,m","19840222","+,2,m","19840205",",,m","19840226",",2,m","4.4","2,m,22,+","14.5",",,m,05,","30.0","2,m,26,","598.6","","104.0","2,m","56.2",",,,m","13.88","4,m","20.67","2,,,m","7.10","2,,,m"
"MXN00021204","1984-03","20.1833","-97.9833","1298.8","NEXAPA, MX","26.5","","24.2","2,m","10",",m","3",",m","0",",m","0","1,m","0","1,m","0","1,m","23","1,m","2","1,m","19840329",",1,m","19840319",",,m","19840327",",1,m","4.4","1,m,29,","11.2",",,m,19,","35.0","1,m,27,","659.4","","60.8","1,m","23.3",",,,m","17.19","2,m","24.63","1,,,m","9.74","1,,,m"
"MXN00021204","1984-04","20.1833","-97.9833","1298.8","NEXAPA, MX","131.5","","105.0",",m","5",",m","2",",m","0",",m","0",",m","0",",m","0",",m","27",",m","15",",m","19840417",",,m","19840414",",,m","19840427",",,m","7.8",",m,17,","12.2",",,m,14,","38.9",",m,27,","673.7","","14.3",",m","25.8",",,,m","21.36",",m","30.08",",,,m","12.64",",,,m"
"MXN00021204","1984-05","20.1833","-97.9833","1298.8","NEXAPA, MX","215.0","","83.5","2,m","14",",m","10",",m","5",",m","0","1,m","0","1,m","0","1,m","27","1,m","8","1,m","19840510",",1,m","19840528",",,m","19840503",",1,m","7.2","1,m,10,","48.0",",,m,28,","38.3","1,m,03,","689.1","","15.4","1,m","232.7",",,,m","20.87","2,m","28.38","1,,,m","13.36","1,,,m"
"MXN00021204","1984-06","20.1833","-97.9833","1298.8","NEXAPA, MX","276.1","","61.1",",m","20",",m","17",",m","8",",m","0",",m","0",",m","0",",m","30",",m","0",",m","19840602",",,m","19840611",",,m","19840629",",,m","7.8",",m,02,","42.7",",,m,11,","30.0",",m,29,","693.8","","4.7",",m","378.8",",,,m","20.21",",m","26.72",",,,m","13.70",",,,m"
"MXN00021204","1984-07","20.1833","-97.9833","1298.8","NEXAPA, MX","312.0","","35.9",",m","30",",m","25",",m","9",",m","0",",m","0",",m","0",",m","29",",m","0",",m","19840723",",,m","19840707",",,m","19840720",",,m","10.6",",m,23,","91.2",",,m,07,","27.8",",m,20,","1.7","","1.7",",m","692.3",",,,m","19.44",",m","24.66",",,,m","14.22",",,,m"
"MXN00021204","1984-08","20.1833","-97.9833","1298.8","NEXAPA, MX","335.4","","23.4",",m","26",",m","23",",m","12",",m","0",",m","0",",m","0",",m","28",",m","0",",m","19840805",",,m","19840822",",,m","19840820",",,m","11.7",",m,05,","67.1",",,m,22,","27.8",",m,20,","8.6","","6.9",",m","623.0",",,,m","18.86",",m","23.99",",,,m","13.74",",,,m"
"MXN00021204","1984-09","20.1833","-97.9833","1298.8","NEXAPA, MX","353.0","","17.6",",m","26",",m","24",",m","7",",m","0",",m","0",",m","0",",m","17",",m","0",",m","19840928",",,m","19840912",",,m","19840902",",,m","10.6",",m,28,","160.8",",,m,12,","26.1",",m,02,","28.9","","20.3",",m","691.2",",,,m","18.24",",m","22.11",",,,m","14.37",",,,m"
"MXN00021204","1984-10","20.1833","-97.9833","1298.8","NEXAPA, MX","392.3","","39.3",",m","14",",m","8",",m","1",",m","0",",m","0",",m","0",",m","29",",m","0",",m","19841004",",,m","19841023",",,m","19841021","+,,m","10.0",",m,04,","27.4",",,m,23,","31.7",",m,21,+","38.6","","9.7",",m","85.1",",,,m","19.29",",m","24.98",",,,m","13.59",",,,m"
"MXN00021204","1984-11","20.1833","-97.9833","1298.8","NEXAPA, MX","394.8","","2.5",",m","10",",m","8",",m","0",",m","0",",m","0",",m","0",",m","18",",m","0",",m","19841128","+,,m","19841120",",,m","19841104",",,m","6.1",",m,28,+","20.1",",,m,20,","28.9",",m,04,","124.3","","85.7",",m","85.2",",,,m","15.56",",m","21.93",",,,m","9.19",",,,m"
"MXN00021204","1989-10","20.1833","-97.9833","1298.8","NEXAPA, MX","","","","","8",",m","6",",m","3",",m","","","","","","","","","","","","","19891017",",,m","","","","","39.4",",,m,17,","","","","","","","133.2",",,,m","","","","","",""
"MXN00021204","1991-09","20.1833","-97.9833","1298.8","NEXAPA, MX","","","","","22",",m","19",",m","8",",m","","","","","","","","","","","","","19910919",",,m","","","","","48.8",",,m,19,","","","","","","","481.9",",,,m","","","","","",""
"MXN00021204","1991-10","20.1833","-97.9833","1298.8","NEXAPA, MX","","","","","14",",m","9",",m","3",",m","","","","","","","","","","","","","19911006",",,m","","","","","51.8",",,m,06,","","","","","","","187.9",",,,m","","","","","",""
"MXN00021204","1991-11","20.1833","-97.9833","1298.8","NEXAPA, MX","","","","","6",",m","4",",m","1",",m","","","","","","","","","","","","","19911107",",,m","","","","","60.2",",,m,07,","","","","","","","116.9",",,,m","","","","","",""
"MXN00021204","1991-12","20.1833","-97.9833","1298.8","NEXAPA, MX","","","","","10",",m","5",",m","0",",m","","","","","","","","","","","","","19911214",",,m","","","","","24.6",",,m,14,","","","","","","","53.4",",,,m","","","","","",""
