"STATION","DATE","LATITUDE","LONGITUDE","ELEVATION","NAME","CDSD","CDSD_ATTRIBUTES","CLDD","CLDD_ATTRIBUTES","DP01","DP01_ATTRIBUTES","DP10","DP10_ATTRIBUTES","DP1X","DP1X_ATTRIBUTES","DT00","DT00_ATTRIBUTES","DT32","DT32_ATTRIBUTES","DX32","DX32_ATTRIBUTES","DX70","DX70_ATTRIBUTES","DX90","DX90_ATTRIBUTES","DYNT","DYNT_ATTRIBUTES","DYXP","DYXP_ATTRIBUTES","DYXT","DYXT_ATTRIBUTES","EMNT","EMNT_ATTRIBUTES","EMXP","EMXP_ATTRIBUTES","EMXT","EMXT_ATTRIBUTES","HDSD","HDSD_ATTRIBUTES","HTDD","HTDD_ATTRIBUTES","PRCP","PRCP_ATTRIBUTES","TAVG","TAVG_ATTRIBUTES","TMAX","TMAX_ATTRIBUTES","TMIN","TMIN_ATTRIBUTES"
"MXN00001043","1973-08","21.8833","-102.3","1854.7","E.T.A. 127 AGUASCALIENTES, MX","","","42.1","1,m","15",",m","12",",m","3",",m","0","1,m","0","1,m","0","1,m","30","1,m","0","1,m","19730824","+,1,m","19730814",",,m","19730805","+,1,m","10.0","1,m,24,+","46.7",",,m,14,","28.9","1,m,05,+","1.7","","2.7","1,m","208.6",",,,m","19.65","1,m","25.56","1,,,m","13.74","1,,,m"
"MXN00001043","1973-09","21.8833","-102.3","1854.7","E.T.A. 127 AGUASCALIENTES, MX","","","48.4",",m","6",",m","4",",m","0",",m","0",",m","0",",m","0",",m","30",",m","0",",m","19730921","+,,m","19730924","+,,m","19730922","+,,m","8.9",",m,21,+","11.2",",,m,24,+","28.9",",m,22,+","2.8","","1.1",",m","39.2",",,,m","19.91",",m","26.88",",,,m","12.94",",,,m"
"MXN00001043","1973-10","21.8833","-102.3","1854.7","E.T.A. 127 AGUASCALIENTES, MX","","","16.5",",m","9",",m","7",",m","1",",m","0",",m","0",",m","0",",m","30",",m","0",",m","19731022","+,,m","19731028",",,m","19731017",",,m","5.0",",m,22,+","31.8",",,m,28,","31.7",",m,17,","28.9","","26.1",",m","107.3",",,,m","18.02",",m","26.28",",,,m","9.76",",,,m"
"MXN00001043","1973-11","21.8833","-102.3","1854.7","E.T.A. 127 AGUASCALIENTES, MX","","","0.0",",m","1",",m","1",",m","0",",m","0",",m","1",",m","0",",m","29",",m","0",",m","19731130",",,m","19731111",",,m","19731105",",,m","-1.1",",m,30,","5.8",",,m,11,","30.0",",m,05,","149.6","","120.7",",m","5.8",",,,m","14.31",",m","24.92",",,,m","3.69",",,,m"
"MXN00001043","1973-12","21.8833","-102.3","1854.7","E.T.A. 127 AGUASCALIENTES, MX","","","0.0",",m","1",",m","1",",m","0",",m","0",",m","10",",m","0",",m","21",",m","0",",m","19731206",",,m","19731210",",,m","19731217","+,,m","-4.4",",m,06,","19.8",",,m,10,","25.6",",m,17,+","357.7","","208.1",",m","19.8",",,,m","11.62",",m","22.41",",,,m","0.83",",,,m"
"MXN00001043","1974-01","21.8833","-102.3","1854.7","E.T.A. 127 AGUASCALIENTES, MX","0.0","m","0.0",",m","0",",m","0",",m","0",",m","0",",m","9",",m","0",",m","27",",m","0",",m","19740127",",,m","19740131","+,,m","19740129","+,,m","-3.3",",m,27,","0.0",",,m,31,+","25.6",",m,29,+","529.7","m","172.0",",m","0.0",",,,m","12.79",",m","24.05",",,,m","1.53",",,,m"
"MXN00001043","1974-03","21.8833","-102.3","1854.7","E.T.A. 127 AGUASCALIENTES, MX","","","0.0",",m","1",",m","0",",m","0",",m","0",",m","0",",m","0",",m","31",",m","0",",m","19740307","+,,m","19740311",",,m","19740330",",,m","0.6",",m,07,+","0.8",",,m,11,","30.6",",m,30,","","","84.5",",m","0.8",",,,m","15.61",",m","27.39",",,,m","3.83",",,,m"
"MXN00001043","1974-06","21.8833","-102.3","1854.7","E.T.A. 127 AGUASCALIENTES, MX","","","75.3","1,m","5",",m","4",",m","2",",m","0",",m","0",",m","0","1,m","29","1,m","2","1,m","19740619","+,,m","19740629",",,m","19740605","+,1,m","6.7",",m,19,+","27.9",",,m,29,","32.8","1,m,05,+","","","3.6","1,m","64.7",",,,m","20.83","1,m","29.33","1,,,m","12.34",",,,m"
"MXN00001043","1974-07","21.8833","-102.3","1854.7","E.T.A. 127 AGUASCALIENTES, MX","","","79.0",",m","17",",m","11",",m","1",",m","0",",m","0",",m","0",",m","31",",m","0",",m","19740723",",,m","19740717",",,m","19740723","+,,m","7.8",",m,23,","26.9",",,m,17,","30.0",",m,23,+","1.6","m","1.6",",m","120.4",",,,m","20.83",",m","26.78",",,,m","14.88",",,,m"
"MXN00001043","1974-08","21.8833","-102.3","1854.7","E.T.A. 127 AGUASCALIENTES, MX","","","96.5",",m","11",",m","9",",m","1",",m","0",",m","0",",m","0",",m","31",",m","0",",m","19740824","+,,m","19740826",",,m","19740816","+,,m","7.8",",m,24,+","30.0",",,m,26,","30.0",",m,16,+","2.1","m","0.5",",m","90.8",",,,m","21.43",",m","27.55",",,,m","15.31",",,,m"
"MXN00001043","1974-09","21.8833","-102.3","1854.7","E.T.A. 127 AGUASCALIENTES, MX","","","22.4",",m","8",",m","6",",m","0",",m","0",",m","0",",m","0",",m","30",",m","0",",m","19740910","+,,m","19740928",",,m","19740928","+,,m","5.6",",m,10,+","22.1",",,m,28,","28.9",",m,28,+","9.1","m","7.0",",m","64.4",",,,m","18.85",",m","26.10",",,,m","11.60",",,,m"
"MXN00001043","1974-10","21.8833","-102.3","1854.7","E.T.A. 127 AGUASCALIENTES, MX","","","0.0",",m","2",",m","2",",m","0",",m","0",",m","0",",m","0",",m","30",",m","0",",m","19741008",",,m","19741018",",,m","19741031",",,m","5.0",",m,08,","6.9",",,m,18,","27.8",",m,31,","60.3","m","51.2",",m","12.2",",,,m","16.68",",m","25.55",",,,m","7.82",",,,m"
"MXN00001043","1974-11","21.8833","-102.3","1854.7","E.T.A. 127 AGUASCALIENTES, MX","","","0.6",",m","1",",m","1",",m","0",",m","0",",m","7",",m","0",",m","28",",m","0",",m","19741126",",,m","19741106",",,m","19741123","+,,m","-4.4",",m,26,","3.8",",,m,06,","27.8",",m,23,+","175.5","m","115.2",",m","3.8",",,,m","14.51",",m","24.80",",,,m","4.22",",,,m"
"MXN00001043","1974-12","21.8833","-102.3","1854.7","E.T.A. 127 AGUASCALIENTES, MX","","","0.0",",m","4",",m","3",",m","0",",m","0",",m","2",",m","0",",m","18",",m","0",",m","19741208","+,,m","19741212",",,m","19741207","+,,m","0.0",",m,08,+","23.4",",,m,12,","25.6",",m,07,+","346.5","m","171.0",",m","35.4",",,,m","12.82",",m","21.35",",,,m","4.28",",,,m"
"MXN00001043","1975-01","21.8833","-102.3","1854.7","E.T.A. 127 AGUASCALIENTES, MX","0.0","","0.0",",m","5",",m","3",",m","0",",m","0",",m","5",",m","0",",m","17",",m","0",",m","19750115",",,m","19750119",",,m","19750128",",,m","-4.4",",m,15,","18.0",",,m,19,","27.8",",m,28,","544.6","","198.1",",m","30.2",",,,m","11.94",",m","21.21",",,,m","2.68",",,,m"
"MXN00001043","1975-02","21.8833","-102.3","1854.7","E.T.A. 127 AGUASCALIENTES, MX","0.0","","0.0",",m","1",",m","0",",m","0",",m","0",",m","9",",m","0",",m","26",",m","0",",m","19750226","+,,m","19750220",",,m","19750227","+,,m","-3.3",",m,26,+","0.3",",,m,20,","26.7",",m,27,+","694.3","","149.7",",m","0.3",",,,m","12.99",",m","23.59",",,,m","2.38",",,,m"
"MXN00001043","1975-03","21.8833","-102.3","1854.7","E.T.A. 127 AGUASCALIENTES, MX","6.2","","6.2",",m","0",",m","0",",m","0",",m","0",",m","1",",m","0",",m","31",",m","0",",m","19750306",",,m","19750331","+,,m","19750328","+,,m","0.0",",m,06,","0.0",",,m,31,+","30.0",",m,28,+","754.9","","60.6",",m","0.0",",,,m","16.58",",m","28.19",",,,m","4.96",",,,m"
"MXN00001043","1976-01","21.8833","-102.3","1854.7","E.T.A. 127 AGUASCALIENTES, MX","0.0","m","0.0",",m","0",",m","0",",m","0",",m","0",",m","3",",m","0",",m","25",",m","0",",m","19760101",",,m","19760131","+,,m","19760131",",,m","-3.3",",m,01,","0.0",",,m,31,+","27.8",",m,31,","","","183.8",",m","0.0",",,,m","12.40",",m","22.42",",,,m","2.39",",,,m"
"MXN00001043","1976-02","21.8833","-102.3","1854.7","E.T.A. 127 AGUASCALIENTES, MX","0.0","m","0.0",",m","0",",m","0",",m","0",",m","0",",m","8",",m","0",",m","23",",m","0",",m","19760225","+,,m","19760229","+,,m","19760210",",,m","-3.3",",m,25,+","0.0",",,m,29,+","26.7",",m,10,","","","165.8",",m","0.0",",,,m","12.62",",m","22.99",",,,m","2.24",",,,m"
"MXN00001043","1976-03","21.8833","-102.3","1854.7","E.T.A. 127 AGUASCALIENTES, MX","2.0","m","2.0",",m","0",",m","0",",m","0",",m","0",",m","0",",m","0",",m","31",",m","0",",m","19760302","+,,m","19760331","+,,m","19760319","+,,m","3.9",",m,02,+","0.0",",,m,31,+","27.8",",m,19,+","","","49.1",",m","0.0",",,,m","16.81",",m","25.52",",,,m","8.11",",,,m"
"MXN00001043","1976-04","21.8833","-102.3","1854.7","E.T.A. 127 AGUASCALIENTES, MX","12.7","m","10.7",",m","2",",m","1",",m","0",",m","0",",m","0",",m","0",",m","29",",m","0",",m","19760406",",,m","19760401",",,m","19760423","+,,m","5.0",",m,06,","2.8",",,m,01,","28.9",",m,23,+","","","26.8",",m","4.6",",,,m","17.80",",m","26.00",",,,m","9.59",",,,m"
"MXN00001043","1976-05","21.8833","-102.3","1854.7","E.T.A. 127 AGUASCALIENTES, MX","62.1","m","49.4",",m","4",",m","2",",m","0",",m","0",",m","0",",m","0",",m","31",",m","1",",m","19760527","+,,m","19760518",",,m","19760529",",,m","10.0",",m,27,+","4.8",",,m,18,","32.2",",m,29,","","","9.4",",m","11.4",",,,m","19.62",",m","27.77",",,,m","11.48",",,,m"
"MXN00001043","1976-06","21.8833","-102.3","1854.7","E.T.A. 127 AGUASCALIENTES, MX","129.9","m","67.8",",m","6",",m","2",",m","0",",m","0",",m","0",",m","0",",m","30",",m","0",",m","19760611","+,,m","19760612",",,m","19760612","+,,m","10.6",",m,11,+","4.8",",,m,12,","31.7",",m,12,+","","","0.5",",m","13.8",",,,m","20.58",",m","27.96",",,,m","13.19",",,,m"
"MXN00001043","1976-07","21.8833","-102.3","1854.7","E.T.A. 127 AGUASCALIENTES, MX","140.9","m","11.0",",m","21",",m","14",",m","3",",m","0",",m","0",",m","0",",m","28",",m","0",",m","19760712","+,,m","19760711",",,m","19760701",",,m","10.0",",m,12,+","66.8",",,m,11,","28.9",",m,01,","20.0","m","20.0",",m","270.0",",,,m","18.04",",m","23.79",",,,m","12.29",",,,m"
"MXN00001043","1976-08","21.8833","-102.3","1854.7","E.T.A. 127 AGUASCALIENTES, MX","171.1","m","30.2",",m","5",",m","5",",m","0",",m","0",",m","0",",m","0",",m","31",",m","0",",m","19760816","+,,m","19760819",",,m","19760815",",,m","10.0",",m,16,+","14.5",",,m,19,","30.0",",m,15,","21.3","m","1.3",",m","39.7",",,,m","19.26",",m","26.14",",,,m","12.39",",,,m"
"MXN00001043","1976-09","21.8833","-102.3","1854.7","E.T.A. 127 AGUASCALIENTES, MX","203.7","m","32.6",",m","11",",m","11",",m","0",",m","0",",m","0",",m","0",",m","29",",m","0",",m","19760927","+,,m","19760901",",,m","19760908","+,,m","10.0",",m,27,+","19.8",",,m,01,","28.9",",m,08,+","22.1","m","0.8",",m","86.0",",,,m","19.39",",m","26.54",",,,m","12.24",",,,m"
"MXN00001043","1976-10","21.8833","-102.3","1854.7","E.T.A. 127 AGUASCALIENTES, MX","212.7","m","9.0",",m","5",",m","4",",m","1",",m","0",",m","0",",m","0",",m","28",",m","0",",m","19761019",",,m","19761008",",,m","19761003","+,,m","5.0",",m,19,","35.6",",,m,08,","27.8",",m,03,+","66.6","m","44.5",",m","68.2",",,,m","17.19",",m","24.64",",,,m","9.74",",,,m"
"MXN00001043","1976-11","21.8833","-102.3","1854.7","E.T.A. 127 AGUASCALIENTES, MX","212.7","m","0.0",",m","8",",m","7",",m","0",",m","0",",m","1",",m","0",",m","16",",m","0",",m","19761110",",,m","19761117",",,m","19761113","+,,m","0.0",",m,10,","20.1",",,m,17,","23.9",",m,13,+","234.9","m","168.3",",m","63.6",",,,m","12.72",",m","20.96",",,,m","4.48",",,,m"
"MXN00001043","1976-12","21.8833","-102.3","1854.7","E.T.A. 127 AGUASCALIENTES, MX","212.7","m","0.0",",m","5",",m","3",",m","0",",m","0",",m","0",",m","0",",m","4",",m","0",",m","19761209","+,,m","19761221",",,m","19761214",",,m","5.0",",m,09,+","13.7",",,m,21,","22.2",",m,14,","400.6","m","165.7",",m","29.2",",,,m","12.99",",m","18.49",",,,m","7.48",",,,m"
