"STATION","DATE","LATITUDE","LONGITUDE","ELEVATION","NAME","CDSD","CDSD_ATTRIBUTES","CLDD","CLDD_ATTRIBUTES","DP01","DP01_ATTRIBUTES","DP10","DP10_ATTRIBUTES","DP1X","DP1X_ATTRIBUTES","DT00","DT00_ATTRIBUTES","DT32","DT32_ATTRIBUTES","DX32","DX32_ATTRIBUTES","DX70","DX70_ATTRIBUTES","DX90","DX90_ATTRIBUTES","DYNT","DYNT_ATTRIBUTES","DYXP","DYXP_ATTRIBUTES","DYXT","DYXT_ATTRIBUTES","EMNT","EMNT_ATTRIBUTES","EMXP","EMXP_ATTRIBUTES","EMXT","EMXT_ATTRIBUTES","HDSD","HDSD_ATTRIBUTES","HTDD","HTDD_ATTRIBUTES","PRCP","PRCP_ATTRIBUTES","TAVG","TAVG_ATTRIBUTES","TMAX","TMAX_ATTRIBUTES","TMIN","TMIN_ATTRIBUTES"
"MXN00015362","1982-12","18.7333","-99.7333","1620.9","PUERTO SANTIAGO, MX","","","","","0","4,m","0","4,m","0","4,m","","","","","","","","","","","","","19821231","+,4,m","","","","","0.0","4,,m,31,+","","","","","","","0.0","4,,,m","","","","","",""
"MXN00015362","1983-01","18.7333","-99.7333","1620.9","PUERTO SANTIAGO, MX","0.0","m","0.0",",m","3",",m","1",",m","0",",m","0",",m","16",",m","0",",m","18",",m","0",",m","19830130","+,,m","19830118",",,m","19830121",",,m","0.0",",m,30,+","5.8",",,m,18,","28.9",",m,21,","","","216.5",",m","7.9",",,,m","11.35",",m","21.00",",,,m","1.69",",,,m"
"MXN00015362","1983-02","18.7333","-99.7333","1620.9","PUERTO SANTIAGO, MX","0.0","m","0.0",",m","1",",m","1",",m","0",",m","0",",m","0",",m","0",",m","28",",m","0",",m","19830204","+,,m","19830210",",,m","19830204",",,m","0.6",",m,04,+","3.8",",,m,10,","30.0",",m,04,","","","72.9",",m","3.8",",,,m","15.73",",m","27.20",",,,m","4.26",",,,m"
"MXN00015362","1983-04","18.7333","-99.7333","1620.9","PUERTO SANTIAGO, MX","","","142.3",",m","0",",m","0",",m","0",",m","0",",m","0",",m","0",",m","30",",m","13",",m","19830419",",,m","19830430","+,,m","19830420",",,m","8.9",",m,19,","0.0",",,m,30,+","37.8",",m,20,","","","0.0",",m","0.0",",,,m","23.08",",m","32.42",",,,m","13.74",",,,m"
"MXN00015362","1983-05","18.7333","-99.7333","1620.9","PUERTO SANTIAGO, MX","","","124.6",",m","2",",m","2",",m","0",",m","0",",m","0",",m","0",",m","31",",m","15",",m","19830521","+,,m","19830526",",,m","19830517","+,,m","10.0",",m,21,+","7.9",",,m,26,","35.6",",m,17,+","","","0.0",",m","10.7",",,,m","22.35",",m","31.60",",,,m","13.11",",,,m"
"MXN00015362","1983-06","18.7333","-99.7333","1620.9","PUERTO SANTIAGO, MX","","","88.8",",m","7",",m","7",",m","3",",m","0",",m","0",",m","0",",m","30",",m","2",",m","19830616","+,,m","19830627",",,m","19830619","+,,m","8.9",",m,16,+","31.0",",,m,27,","32.8",",m,19,+","","","0.0",",m","132.3",",,,m","21.29",",m","30.21",",,,m","12.37",",,,m"
"MXN00015362","1983-08","18.7333","-99.7333","1620.9","PUERTO SANTIAGO, MX","","","52.1",",m","12",",m","10",",m","2",",m","0",",m","0",",m","0",",m","31",",m","0",",m","19830827",",,m","19830810",",,m","19830829","+,,m","10.0",",m,27,","64.8",",,m,10,","28.9",",m,29,+","","","0.3",",m","212.6",",,,m","20.00",",m","26.30",",,,m","13.71",",,,m"
"MXN00015362","1983-09","18.7333","-99.7333","1620.9","PUERTO SANTIAGO, MX","","","62.1",",m","21",",m","19",",m","2",",m","0",",m","0",",m","0",",m","30",",m","0",",m","19830930","+,,m","19830917",",,m","19830929","+,,m","11.7",",m,30,+","39.9",",,m,17,","28.9",",m,29,+","","","0.0",",m","228.1",",,,m","20.40",",m","26.60",",,,m","14.20",",,,m"
"MXN00015362","1983-10","18.7333","-99.7333","1620.9","PUERTO SANTIAGO, MX","","","60.7",",m","1",",m","1",",m","0",",m","0",",m","0",",m","0",",m","30",",m","0",",m","19831029",",,m","19831015",",,m","19831012",",,m","10.0",",m,29,","6.4",",,m,15,","29.4",",m,12,","","","2.6",",m","6.4",",,,m","20.21",",m","27.08",",,,m","13.33",",,,m"
"MXN00015362","1983-11","18.7333","-99.7333","1620.9","PUERTO SANTIAGO, MX","","","29.0",",m","1",",m","1",",m","0",",m","0",",m","0",",m","0",",m","29",",m","0",",m","19831120",",,m","19831108",",,m","19831121","+,,m","7.8",",m,20,","18.8",",,m,08,","28.9",",m,21,+","","","6.8",",m","18.8",",,,m","19.07",",m","26.41",",,,m","11.73",",,,m"
"MXN00015362","1983-12","18.7333","-99.7333","1620.9","PUERTO SANTIAGO, MX","","","6.5",",m","0",",m","0",",m","0",",m","0",",m","0",",m","0",",m","31",",m","0",",m","19831231","+,,m","19831231","+,,m","19831231",",,m","1.7",",m,31,+","0.0",",,m,31,+","29.4",",m,31,","","","46.8",",m","0.0",",,,m","17.03",",m","26.88",",,,m","7.18",",,,m"
"MXN00015362","1984-03","18.7333","-99.7333","1620.9","PUERTO SANTIAGO, MX","","","21.4","1,m","3",",m","1",",m","0",",m","0","1,m","0","1,m","0","1,m","30","1,m","6","1,m","19840328","+,1,m","19840320",",,m","19840328",",1,m","4.4","1,m,28,+","15.0",",,m,20,","34.4","1,m,28,","","","11.7","1,m","17.6",",,,m","18.66","1,m","30.19","1,,,m","7.13","1,,,m"
"MXN00015362","1984-04","18.7333","-99.7333","1620.9","PUERTO SANTIAGO, MX","","","80.4",",m","0",",m","0",",m","0",",m","0",",m","0",",m","0",",m","30",",m","22",",m","19840415",",,m","19840430","+,,m","19840427","+,,m","5.0",",m,15,","0.0",",,m,30,+","35.6",",m,27,+","","","1.6",",m","0.0",",,,m","20.96",",m","32.80",",,,m","9.12",",,,m"
"MXN00015362","1984-05","18.7333","-99.7333","1620.9","PUERTO SANTIAGO, MX","","","103.5","2,m","13",",m","9",",m","1",",m","0","2,m","0","2,m","0","2,m","29","2,m","8","2,m","19840511",",2,m","19840511",",,m","19840510",",2,m","10.6","2,m,11,","29.0",",,m,11,","36.1","2,m,10,","","","0.0","2,m","94.2",",,,m","21.90","2,m","30.59","2,,,m","13.22","2,,,m"
"MXN00015362","1984-06","18.7333","-99.7333","1620.9","PUERTO SANTIAGO, MX","","","60.3",",m","23",",m","22",",m","3",",m","0",",m","0",",m","0",",m","30",",m","0",",m","19840630","+,,m","19840609",",,m","19840603","+,,m","10.0",",m,30,+","45.0",",,m,09,","29.4",",m,03,+","","","0.3",",m","287.2",",,,m","20.33",",m","25.94",",,,m","14.72",",,,m"
"MXN00015362","1984-07","18.7333","-99.7333","1620.9","PUERTO SANTIAGO, MX","","","41.6","1,m","19",",m","14",",m","1",",m","0","1,m","0","1,m","0","1,m","29","1,m","0","1,m","19840725",",1,m","19840712",",,m","19840728",",1,m","12.8","1,m,25,","51.8",",,m,12,","26.7","1,m,28,","0.6","m","0.6","1,m","202.5",",,,m","19.70","1,m","24.76","1,,,m","14.65","1,,,m"
"MXN00015362","1984-08","18.7333","-99.7333","1620.9","PUERTO SANTIAGO, MX","","","36.0",",m","16",",m","11",",m","1",",m","0",",m","0",",m","0",",m","31",",m","0",",m","19840812",",,m","19840819",",,m","19840830",",,m","8.3",",m,12,","42.9",",,m,19,","26.7",",m,30,","2.6","m","2.0",",m","141.5",",,,m","19.43",",m","25.23",",,,m","13.63",",,,m"
"MXN00015362","1984-09","18.7333","-99.7333","1620.9","PUERTO SANTIAGO, MX","","","17.5","1,m","18",",m","16",",m","2",",m","0","1,m","0","1,m","0","1,m","27","1,m","0","1,m","19840929","+,1,m","19840913",",,m","19840924","+,1,m","10.0","1,m,29,+","33.3",",,m,13,","26.1","1,m,24,+","11.0","m","8.4","1,m","206.4",",,,m","18.65","1,m","24.00","1,,,m","13.29","1,,,m"
"MXN00015362","1984-10","18.7333","-99.7333","1620.9","PUERTO SANTIAGO, MX","","","31.5",",m","4",",m","2",",m","1",",m","0",",m","0",",m","0",",m","31",",m","0",",m","19841016",",,m","19841027",",,m","19841018","+,,m","7.8",",m,16,","43.9",",,m,27,","30.0",",m,18,+","11.9","m","0.9",",m","50.3",",,,m","19.32",",m","27.46",",,,m","11.18",",,,m"
"MXN00015362","1984-11","18.7333","-99.7333","1620.9","PUERTO SANTIAGO, MX","","","2.6",",m","1",",m","1",",m","0",",m","0",",m","0",",m","0",",m","30",",m","0",",m","19841118","+,,m","19841104",",,m","19841126","+,,m","0.6",",m,18,+","3.8",",,m,04,","28.3",",m,26,+","97.4","m","85.5",",m","3.8",",,,m","15.57",",m","26.15",",,,m","4.98",",,,m"
"MXN00015362","1984-12","18.7333","-99.7333","1620.9","PUERTO SANTIAGO, MX","","","0.0",",m","0",",m","0",",m","0",",m","0",",m","1",",m","0",",m","31",",m","0",",m","19841211",",,m","19841231","+,,m","19841204",",,m","0.0",",m,11,","0.0",",,m,31,+","27.8",",m,04,","221.9","m","124.5",",m","0.0",",,,m","14.32",",m","25.51",",,,m","3.13",",,,m"
"MXN00015362","1985-01","18.7333","-99.7333","1620.9","PUERTO SANTIAGO, MX","0.0","m","0.0",",m","0",",m","0",",m","0",",m","0",",m","0",",m","0",",m","30",",m","0",",m","19850108",",,m","19850131","+,,m","19850123",",,m","2.2",",m,08,","0.0",",,m,31,+","30.0",",m,23,","321.9","m","100.0",",m","0.0",",,,m","15.11",",m","26.30",",,,m","3.92",",,,m"
"MXN00015362","1985-02","18.7333","-99.7333","1620.9","PUERTO SANTIAGO, MX","0.0","m","0.0",",m","0",",m","0",",m","0",",m","0",",m","0",",m","0",",m","26",",m","0",",m","19850202",",,m","19850228","+,,m","19850222",",,m","0.6",",m,02,","0.0",",,m,28,+","30.6",",m,22,","403.6","m","81.7",",m","0.0",",,,m","15.42",",m","27.25",",,,m","3.58",",,,m"
"MXN00015362","1985-03","18.7333","-99.7333","1620.9","PUERTO SANTIAGO, MX","21.2","m","21.2",",m","2",",m","1",",m","0",",m","0",",m","0",",m","0",",m","31",",m","7",",m","19850308",",,m","19850311",",,m","19850305",",,m","4.4",",m,08,","5.8",",,m,11,","33.9",",m,05,","415.5","m","11.9",",m","6.6",",,,m","18.63",",m","30.29",",,,m","6.97",",,,m"
"MXN00015362","1985-04","18.7333","-99.7333","1620.9","PUERTO SANTIAGO, MX","83.3","m","62.1",",m","1",",m","0",",m","0",",m","0",",m","0",",m","0",",m","30",",m","8",",m","19850418","+,,m","19850413",",,m","19850426",",,m","7.8",",m,18,+","1.8",",,m,13,","35.6",",m,26,","416.0","m","0.5",",m","1.8",",,,m","20.39",",m","30.86",",,,m","9.91",",,,m"
"MXN00015362","1985-05","18.7333","-99.7333","1620.9","PUERTO SANTIAGO, MX","168.3","m","85.0","1,m","12",",m","9",",m","0",",m","0","1,m","0","1,m","0","1,m","30","1,m","5","1,m","19850522",",1,m","19850504",",,m","19850513","+,1,m","8.9","1,m,22,","24.9",",,m,04,","34.4","1,m,13,+","416.3","m","0.3","1,m","94.0",",,,m","21.16","1,m","30.16","1,,,m","12.16","1,,,m"
"MXN00015362","1985-06","18.7333","-99.7333","1620.9","PUERTO SANTIAGO, MX","242.4","m","74.1",",m","23",",m","20",",m","5",",m","0",",m","0",",m","0",",m","30",",m","1",",m","19850609","+,,m","19850627",",,m","19850617",",,m","11.7",",m,09,+","63.0",",,m,27,","33.9",",m,17,","416.3","m","0.0",",m","417.7",",,,m","20.80",",m","26.91",",,,m","14.70",",,,m"
"MXN00015362","1985-07","18.7333","-99.7333","1620.9","PUERTO SANTIAGO, MX","281.7","m","39.3",",m","20",",m","16",",m","1",",m","0",",m","0",",m","0",",m","30",",m","0",",m","19850725",",,m","19850705",",,m","19850704",",,m","8.9",",m,25,","30.0",",,m,05,","27.8",",m,04,","1.8","m","1.8",",m","217.8",",,,m","19.54",",m","25.37",",,,m","13.71",",,,m"
"MXN00015362","1985-08","18.7333","-99.7333","1620.9","PUERTO SANTIAGO, MX","332.1","m","50.4",",m","24",",m","20",",m","0",",m","0",",m","0",",m","0",",m","31",",m","0",",m","19850824",",,m","19850810",",,m","19850813",",,m","10.0",",m,24,","22.4",",,m,10,","29.4",",m,13,","2.3","m","0.5",",m","226.0",",,,m","19.94",",m","26.18",",,,m","13.70",",,,m"
"MXN00015362","1985-09","18.7333","-99.7333","1620.9","PUERTO SANTIAGO, MX","372.7","m","40.6",",m","15",",m","11",",m","0",",m","0",",m","0",",m","0",",m","30",",m","0",",m","19850906",",,m","19850922",",,m","19850919",",,m","10.6",",m,06,","22.4",",,m,22,","27.8",",m,19,","2.3","m","0.0",",m","107.2",",,,m","19.69",",m","26.07",",,,m","13.30",",,,m"
"MXN00015362","1985-10","18.7333","-99.7333","1620.9","PUERTO SANTIAGO, MX","402.2","m","29.5",",m","5",",m","1",",m","0",",m","0",",m","0",",m","0",",m","31",",m","0",",m","19851031",",,m","19851002",",,m","19851030","+,,m","7.2",",m,31,","6.9",",,m,02,","29.4",",m,30,+","6.2","m","3.9",",m","12.6",",,,m","19.16",",m","26.95",",,,m","11.37",",,,m"
"MXN00015362","1985-11","18.7333","-99.7333","1620.9","PUERTO SANTIAGO, MX","402.2","m","0.0","1,m","1",",m","1",",m","1",",m","0","1,m","0","1,m","0","1,m","29","1,m","0","1,m","19851130",",1,m","19851127",",,m","19851123",",1,m","2.8","1,m,30,","27.9",",,m,27,","29.4","1,m,23,","71.1","m","64.9","1,m","27.9",",,,m","16.10","1,m","26.41","1,,,m","5.79","1,,,m"
"MXN00015362","1985-12","18.7333","-99.7333","1620.9","PUERTO SANTIAGO, MX","402.2","m","0.0",",m","1",",m","0",",m","0",",m","0",",m","0",",m","0",",m","31",",m","0",",m","19851201",",,m","19851205",",,m","19851228",",,m","2.8",",m,01,","1.8",",,m,05,","30.0",",m,28,","155.3","m","84.2",",m","1.8",",,,m","15.62",",m","26.03",",,,m","5.21",",,,m"
"MXN00015362","1986-01","18.7333","-99.7333","1620.9","PUERTO SANTIAGO, MX","0.0","","0.0",",m","0",",m","0",",m","0",",m","0",",m","7",",m","0",",m","29",",m","0",",m","19860131","+,,m","19860131","+,,m","19860125","+,,m","0.0",",m,31,+","0.0",",,m,31,+","28.9",",m,25,+","289.9","","134.6",",m","0.0",",,,m","13.99",",m","25.54",",,,m","2.44",",,,m"
"MXN00015362","1986-02","18.7333","-99.7333","1620.9","PUERTO SANTIAGO, MX","1.7","","1.7",",m","2",",m","2",",m","0",",m","0",",m","1",",m","0",",m","28",",m","0",",m","19860210",",,m","19860216",",,m","19860219","+,,m","0.0",",m,10,","4.8",",,m,16,","31.7",",m,19,+","338.6","","48.7",",m","7.6",",,,m","16.66",",m","29.20",",,,m","4.11",",,,m"
"MXN00015362","1986-05","18.7333","-99.7333","1620.9","PUERTO SANTIAGO, MX","","","0.0",",m","15",",m","15",",m","0",",m","0",",m","0",",m","0",",m","17",",m","0",",m","19860526",",,m","19860527",",,m","19860502",",,m","8.3",",m,26,","21.8",",,m,27,","23.3",",m,02,","","","91.7",",m","175.5",",,,m","15.38",",m","20.95",",,,m","9.80",",,,m"
"MXN00015362","1986-06","18.7333","-99.7333","1620.9","PUERTO SANTIAGO, MX","","","87.7",",m","12",",m","10",",m","0",",m","0",",m","0",",m","0",",m","30",",m","0",",m","19860624","+,,m","19860602",",,m","19860606","+,,m","14.4",",m,24,+","21.8",",,m,02,","28.9",",m,06,+","","","0.0",",m","123.2",",,,m","21.26",",m","27.07",",,,m","15.45",",,,m"
"MXN00015362","1986-07","18.7333","-99.7333","1620.9","PUERTO SANTIAGO, MX","","","46.9",",m","11",",m","9",",m","0",",m","0",",m","0",",m","0",",m","31",",m","0",",m","19860717",",,m","19860726",",,m","19860730","+,,m","7.8",",m,17,","18.8",",,m,26,","28.3",",m,30,+","2.2","","2.2",",m","77.0",",,,m","19.78",",m","26.45",",,,m","13.11",",,,m"
"MXN00015362","1986-08","18.7333","-99.7333","1620.9","PUERTO SANTIAGO, MX","","","58.4",",m","13",",m","10",",m","1",",m","0",",m","0",",m","0",",m","30",",m","0",",m","19860831","+,,m","19860811",",,m","19860809","+,,m","10.0",",m,31,+","54.9",",,m,11,","30.0",",m,09,+","3.0","","0.8",",m","132.2",",,,m","20.19",",m","27.58",",,,m","12.80",",,,m"
"MXN00015362","1986-09","18.7333","-99.7333","1620.9","PUERTO SANTIAGO, MX","","","0.0",",m","13",",m","10",",m","0",",m","0",",m","0",",m","0",",m","30",",m","0",",m","19860912","+,,m","19860913",",,m","19860930","+,,m","6.7",",m,12,+","10.9",",,m,13,","27.2",",m,30,+","45.1","","42.1",",m","67.8",",,,m","16.93",",m","25.55",",,,m","8.31",",,,m"
"MXN00015362","1986-10","18.7333","-99.7333","1620.9","PUERTO SANTIAGO, MX","","","20.9","1,m","7",",m","4",",m","0",",m","0","1,m","0","1,m","0","1,m","30","1,m","0","1,m","19861031",",1,m","19861007",",,m","19861025","+,1,m","3.9","1,m,31,","22.9",",,m,07,","30.0","1,m,25,+","64.1","","19.0","1,m","67.5",",,,m","18.40","1,m","26.64","1,,,m","10.16","1,,,m"
"MXN00015362","1986-11","18.7333","-99.7333","1620.9","PUERTO SANTIAGO, MX","","","12.0",",m","3",",m","3",",m","0",",m","0",",m","0",",m","0",",m","28",",m","2",",m","19861110",",,m","19861124",",,m","19861109",",,m","3.3",",m,10,","10.9",",,m,24,","35.0",",m,09,","95.5","","31.4",",m","24.6",",,,m","17.69",",m","28.15",",,,m","7.23",",,,m"
"MXN00015362","1987-05","18.7333","-99.7333","1620.9","PUERTO SANTIAGO, MX","","","87.6","4,m","7",",m","2",",m","0",",m","0","4,m","0","4,m","0","4,m","27","4,m","14","4,m","19870504",",4,m","19870524",",,m","19870510",",4,m","6.1","4,m,04,","6.9",",,m,24,","37.8","4,m,10,","","","0.0","4,m","17.7",",,,m","21.58","4,m","31.97","4,,,m","11.19","4,,,m"
"MXN00015362","1987-06","18.7333","-99.7333","1620.9","PUERTO SANTIAGO, MX","","","106.9","1,m","20",",m","14",",m","3",",m","0","1,m","0","1,m","0","1,m","29","1,m","0","1,m","19870618","+,1,m","19870624",",,m","19870611",",1,m","12.8","1,m,18,+","53.8",",,m,24,","31.1","1,m,11,","","","0.0","1,m","239.0",",,,m","22.02","1,m","28.35","1,,,m","15.69","1,,,m"
"MXN00015362","1987-07","18.7333","-99.7333","1620.9","PUERTO SANTIAGO, MX","","","87.1","1,m","22",",m","18",",m","3",",m","0","1,m","0","1,m","0","1,m","30","1,m","0","1,m","19870707",",1,m","19870707",",,m","19870704",",1,m","11.7","1,m,07,","35.8",",,m,07,","30.0","1,m,04,","0.0","","0.0","1,m","258.1",",,,m","21.24","1,m","26.89","1,,,m","15.58","1,,,m"
"MXN00015362","1987-08","18.7333","-99.7333","1620.9","PUERTO SANTIAGO, MX","","","81.8","2,m","13",",m","9",",m","1",",m","0","2,m","0","2,m","0","2,m","28","2,m","0","2,m","19870828",",2,m","19870814",",,m","19870826","+,2,m","10.0","2,m,28,","33.8",",,m,14,","29.4","2,m,26,+","3.6","","3.6","2,m","113.6",",,,m","21.03","2,m","27.41","2,,,m","14.65","2,,,m"
"MXN00015362","1987-11","18.7333","-99.7333","1620.9","PUERTO SANTIAGO, MX","","","3.5","1,m","2",",m","2",",m","0",",m","0","1,m","0","1,m","0","1,m","28","1,m","0","1,m","19871106","+,1,m","19871109",",,m","19871127","+,1,m","6.7","1,m,06,+","21.8",",,m,09,","26.7","1,m,27,+","","","25.1","1,m","26.6",",,,m","17.59","1,m","25.12","1,,,m","10.05","1,,,m"
