"STATION","DATE","LATITUDE","LONGITUDE","ELEVATION","NAME","CDSD","CDSD_ATTRIBUTES","CLDD","CLDD_ATTRIBUTES","DP01","DP01_ATTRIBUTES","DP10","DP10_ATTRIBUTES","DP1X","DP1X_ATTRIBUTES","DT00","DT00_ATTRIBUTES","DT32","DT32_ATTRIBUTES","DX32","DX32_ATTRIBUTES","DX70","DX70_ATTRIBUTES","DX90","DX90_ATTRIBUTES","DYNT","DYNT_ATTRIBUTES","DYXP","DYXP_ATTRIBUTES","DYXT","DYXT_ATTRIBUTES","EMNT","EMNT_ATTRIBUTES","EMXP","EMXP_ATTRIBUTES","EMXT","EMXT_ATTRIBUTES","HDSD","HDSD_ATTRIBUTES","HTDD","HTDD_ATTRIBUTES","PRCP","PRCP_ATTRIBUTES","TAVG","TAVG_ATTRIBUTES","TMAX","TMAX_ATTRIBUTES","TMIN","TMIN_ATTRIBUTES"
"MXN00003136","1978-07","23.9667","-110.4667","168.9","LOS FILOS, MX","","","149.2",",m","0",",m","0",",m","0",",m","0",",m","0",",m","0",",m","31",",m","24",",m","19780702",",,m","19780731","+,,m","19780718",",,m","8.9",",m,02,","0.0",",,m,31,+","38.9",",m,18,","0.0","","0.0",",m","0.0",",,,m","23.15",",m","33.76",",,,m","12.53",",,,m"
"MXN00003136","1978-08","23.9667","-110.4667","168.9","LOS FILOS, MX","","","303.2",",m","2",",m","1",",m","0",",m","0",",m","0",",m","0",",m","31",",m","28",",m","19780807",",,m","19780831",",,m","19780824","+,,m","17.8",",m,07,","9.9",",,m,31,","37.8",",m,24,+","0.0","","0.0",",m","11.7",",,,m","28.11",",m","35.53",",,,m","20.70",",,,m"
"MXN00003136","1978-09","23.9667","-110.4667","168.9","LOS FILOS, MX","","","233.5",",m","5",",m","2",",m","1",",m","0",",m","0",",m","0",",m","30",",m","15",",m","19780920",",,m","19780928",",,m","19780924","+,,m","15.6",",m,20,","49.8",",,m,28,","35.6",",m,24,+","0.0","","0.0",",m","69.7",",,,m","26.12",",m","32.73",",,,m","19.51",",,,m"
"MXN00003136","1978-10","23.9667","-110.4667","168.9","LOS FILOS, MX","","","210.8",",m","5",",m","3",",m","1",",m","0",",m","0",",m","0",",m","31",",m","17",",m","19781025","+,,m","19781019",",,m","19781016","+,,m","12.8",",m,25,+","25.9",",,m,19,","35.6",",m,16,+","1.1","","1.1",",m","50.9",",,,m","25.10",",m","31.76",",,,m","18.43",",,,m"
"MXN00003136","1978-11","23.9667","-110.4667","168.9","LOS FILOS, MX","","","70.1",",m","0",",m","0",",m","0",",m","0",",m","0",",m","0",",m","30",",m","0",",m","19781127",",,m","19781130","+,,m","19781121",",,m","8.9",",m,27,","0.0",",,m,30,+","31.7",",m,21,","11.0","","9.9",",m","0.0",",,,m","20.34",",m","27.01",",,,m","13.67",",,,m"
"MXN00003136","1978-12","23.9667","-110.4667","168.9","LOS FILOS, MX","","","6.9",",m","2",",m","1",",m","0",",m","0",",m","0",",m","0",",m","18",",m","0",",m","19781205",",,m","19781213",",,m","19781201",",,m","5.0",",m,05,","3.8",",,m,13,","28.9",",m,01,","73.3","","62.3",",m","4.6",",,,m","16.54",",m","22.40",",,,m","10.69",",,,m"
"MXN00003136","1979-01","23.9667","-110.4667","168.9","LOS FILOS, MX","1.1","m","1.1",",m","4",",m","4",",m","1",",m","0",",m","0",",m","0",",m","12",",m","0",",m","19790113","+,,m","19790124",",,m","19790106",",,m","5.0",",m,13,+","33.8",",,m,24,","25.6",",m,06,","173.1","m","99.8",",m","55.9",",,,m","15.15",",m","20.70",",,,m","9.59",",,,m"
"MXN00003136","1979-02","23.9667","-110.4667","168.9","LOS FILOS, MX","3.1","m","2.0",",m","3",",m","2",",m","0",",m","0",",m","0",",m","0",",m","18",",m","0",",m","19790222","+,,m","19790204",",,m","19790227","+,,m","5.0",",m,22,+","11.9",",,m,04,","27.8",",m,27,+","244.8","m","71.7",",m","21.1",",,,m","15.84",",m","22.58",",,,m","9.11",",,,m"
"MXN00003136","1979-03","23.9667","-110.4667","168.9","LOS FILOS, MX","21.2","m","18.1",",m","0",",m","0",",m","0",",m","0",",m","0",",m","0",",m","28",",m","0",",m","19790318","+,,m","19790331","+,,m","19790327",",,m","5.0",",m,18,+","0.0",",,m,31,+","31.7",",m,27,","291.1","m","46.3",",m","0.0",",,,m","17.42",",m","25.94",",,,m","8.91",",,,m"
"MXN00003136","1979-04","23.9667","-110.4667","168.9","LOS FILOS, MX","59.1","m","37.9",",m","0",",m","0",",m","0",",m","0",",m","0",",m","0",",m","29",",m","3",",m","19790412","+,,m","19790430","+,,m","19790429",",,m","5.6",",m,12,+","0.0",",,m,30,+","35.6",",m,29,","307.2","m","16.1",",m","0.0",",,,m","19.06",",m","28.32",",,,m","9.80",",,,m"
"MXN00003136","1979-05","23.9667","-110.4667","168.9","LOS FILOS, MX","96.6","m","37.5",",m","1",",m","1",",m","1",",m","0",",m","0",",m","0",",m","31",",m","0",",m","19790513","+,,m","19790518",",,m","19790517","+,,m","7.8",",m,13,+","30.0",",,m,18,","31.7",",m,17,+","312.0","m","4.8",",m","30.0",",,,m","19.39",",m","27.98",",,,m","10.79",",,,m"
"MXN00003136","1979-06","23.9667","-110.4667","168.9","LOS FILOS, MX","275.8","m","179.2",",m","0",",m","0",",m","0",",m","0",",m","0",",m","0",",m","30",",m","20",",m","19790609",",,m","19790630","+,,m","19790630","+,,m","11.7",",m,09,","0.0",",,m,30,+","38.9",",m,30,+","312.0","m","0.0",",m","0.0",",,,m","24.31",",m","33.39",",,,m","15.22",",,,m"
"MXN00003136","1979-07","23.9667","-110.4667","168.9","LOS FILOS, MX","550.4","m","274.6",",m","1",",m","1",",m","0",",m","0",",m","0",",m","0",",m","31",",m","27",",m","19790705","+,,m","19790729",",,m","19790724","+,,m","15.6",",m,05,+","18.3",",,m,29,","38.9",",m,24,+","0.0","m","0.0",",m","18.3",",,,m","27.19",",m","34.81",",,,m","19.57",",,,m"
"MXN00003136","1979-08","23.9667","-110.4667","168.9","LOS FILOS, MX","823.0","m","272.6",",m","0",",m","0",",m","0",",m","0",",m","0",",m","0",",m","31",",m","25",",m","19790816","+,,m","19790831","+,,m","19790822",",,m","16.7",",m,16,+","0.0",",,m,31,+","38.9",",m,22,","0.0","m","0.0",",m","0.0",",,,m","27.13",",m","34.41",",,,m","19.84",",,,m"
"MXN00003136","1979-09","23.9667","-110.4667","168.9","LOS FILOS, MX","1031.4","m","208.4",",m","4",",m","3",",m","0",",m","0",",m","0",",m","0",",m","30",",m","21",",m","19790926","+,,m","19790914",",,m","19790927","+,,m","13.9",",m,26,+","24.9",",,m,14,","36.7",",m,27,+","0.0","m","0.0",",m","46.5",",,,m","25.28",",m","33.56",",,,m","17.00",",,,m"
"MXN00003136","1979-10","23.9667","-110.4667","168.9","LOS FILOS, MX","1254.2","m","222.8",",m","0",",m","0",",m","0",",m","0",",m","0",",m","0",",m","31",",m","27",",m","19791004",",,m","19791031","+,,m","19791008",",,m","11.7",",m,04,","0.0",",,m,31,+","37.8",",m,08,","0.0","m","0.0",",m","0.0",",,,m","25.52",",m","34.42",",,,m","16.62",",,,m"
"MXN00003136","1979-11","23.9667","-110.4667","168.9","LOS FILOS, MX","1345.8","m","91.6",",m","0",",m","0",",m","0",",m","0",",m","0",",m","0",",m","30",",m","9",",m","19791126",",,m","19791130","+,,m","19791119",",,m","5.6",",m,26,","0.0",",,m,30,+","35.6",",m,19,","3.8","m","3.8",",m","0.0",",,,m","21.26",",m","30.43",",,,m","12.09",",,,m"
"MXN00003136","1979-12","23.9667","-110.4667","168.9","LOS FILOS, MX","1367.9","m","22.1",",m","0",",m","0",",m","0",",m","0",",m","0",",m","0",",m","31",",m","0",",m","19791212",",,m","19791231","+,,m","19791222","+,,m","5.6",",m,12,","0.0",",,m,31,+","28.9",",m,22,+","20.4","m","16.6",",m","0.0",",,,m","18.51",",m","25.20",",,,m","11.82",",,,m"
"MXN00003136","1980-01","23.9667","-110.4667","168.9","LOS FILOS, MX","27.4","","27.4",",m","0",",m","0",",m","0",",m","0",",m","0",",m","0",",m","31",",m","0",",m","19800106","+,,m","19800131","+,,m","19800118","+,,m","7.8",",m,06,+","0.0",",,m,31,+","30.0",",m,18,+","36.4","","16.0",",m","0.0",",,,m","18.70",",m","25.52",",,,m","11.88",",,,m"
"MXN00003136","1980-02","23.9667","-110.4667","168.9","LOS FILOS, MX","95.5","","68.1",",m","1",",m","0",",m","0",",m","0",",m","0",",m","0",",m","29",",m","2",",m","19800205",",,m","19800213",",,m","19800229","+,,m","8.9",",m,05,","0.8",",,m,13,","33.9",",m,29,+","36.9","","0.5",",m","0.8",",,,m","20.66",",m","27.99",",,,m","13.33",",,,m"
"MXN00003136","1980-03","23.9667","-110.4667","168.9","LOS FILOS, MX","174.4","","78.9",",m","0",",m","0",",m","0",",m","0",",m","0",",m","0",",m","31",",m","3",",m","19800328","+,,m","19800331","+,,m","19800311",",,m","10.0",",m,28,+","0.0",",,m,31,+","33.9",",m,11,","38.8","","1.9",",m","0.0",",,,m","20.82",",m","27.85",",,,m","13.78",",,,m"
"MXN00003136","1980-04","23.9667","-110.4667","168.9","LOS FILOS, MX","289.1","","114.7",",m","0",",m","0",",m","0",",m","0",",m","0",",m","0",",m","30",",m","7",",m","19800414","+,,m","19800430","+,,m","19800419",",,m","10.6",",m,14,+","0.0",",,m,30,+","36.7",",m,19,","38.8","","0.0",",m","0.0",",,,m","22.16",",m","29.97",",,,m","14.34",",,,m"
"MXN00003136","1980-05","23.9667","-110.4667","168.9","LOS FILOS, MX","434.1","","145.0",",m","0",",m","0",",m","0",",m","0",",m","0",",m","0",",m","31",",m","14",",m","19800531","+,,m","19800531","+,,m","19800531",",,m","10.0",",m,31,+","0.0",",,m,31,+","38.9",",m,31,","38.8","","0.0",",m","0.0",",,,m","23.01",",m","31.67",",,,m","14.35",",,,m"
"MXN00003136","1980-06","23.9667","-110.4667","168.9","LOS FILOS, MX","698.6","","264.5",",m","0",",m","0",",m","0",",m","0",",m","0",",m","0",",m","30",",m","30",",m","19800613",",,m","19800630","+,,m","19800609","+,,m","15.0",",m,13,","0.0",",,m,30,+","40.0",",m,09,+","38.8","","0.0",",m","0.0",",,,m","27.15",",m","35.61",",,,m","18.69",",,,m"
"MXN00003136","1980-07","23.9667","-110.4667","168.9","LOS FILOS, MX","1002.8","","304.2",",m","1",",m","1",",m","0",",m","0",",m","0",",m","0",",m","31",",m","28",",m","19800710",",,m","19800730",",,m","19800715",",,m","16.7",",m,10,","19.8",",,m,30,","40.6",",m,15,","0.0","","0.0",",m","19.8",",,,m","28.15",",m","36.03",",,,m","20.26",",,,m"
"MXN00003136","1980-08","23.9667","-110.4667","168.9","LOS FILOS, MX","1335.4","","332.6",",m","1",",m","1",",m","0",",m","0",",m","0",",m","0",",m","31",",m","31",",m","19800821","+,,m","19800801",",,m","19800830","+,,m","20.6",",m,21,+","15.0",",,m,01,","40.0",",m,30,+","0.0","","0.0",",m","15.0",",,,m","29.06",",m","35.93",",,,m","22.20",",,,m"
"MXN00003136","1981-04","23.9667","-110.4667","168.9","LOS FILOS, MX","","","89.1",",m","0",",m","0",",m","0",",m","0",",m","0",",m","0",",m","30",",m","13",",m","19810401",",,m","19810430","+,,m","19810416",",,m","6.7",",m,01,","0.0",",,m,30,+","36.7",",m,16,","","","9.1",",m","0.0",",,,m","21.00",",m","30.30",",,,m","11.70",",,,m"
"MXN00003136","1981-05","23.9667","-110.4667","168.9","LOS FILOS, MX","","","79.5",",m","0",",m","0",",m","0",",m","0",",m","0",",m","0",",m","31",",m","7",",m","19810502",",,m","19810531","+,,m","19810522",",,m","10.0",",m,02,","0.0",",,m,31,+","35.6",",m,22,","","","1.3",",m","0.0",",,,m","20.85",",m","29.21",",,,m","12.50",",,,m"
