"STATION","DATE","LATITUDE","LONGITUDE","ELEVATION","NAME","CDSD","CDSD_ATTRIBUTES","CLDD","CLDD_ATTRIBUTES","DP01","DP01_ATTRIBUTES","DP10","DP10_ATTRIBUTES","DP1X","DP1X_ATTRIBUTES","DT00","DT00_ATTRIBUTES","DT32","DT32_ATTRIBUTES","DX32","DX32_ATTRIBUTES","DX70","DX70_ATTRIBUTES","DX90","DX90_ATTRIBUTES","DYNT","DYNT_ATTRIBUTES","DYXP","DYXP_ATTRIBUTES","DYXT","DYXT_ATTRIBUTES","EMNT","EMNT_ATTRIBUTES","EMXP","EMXP_ATTRIBUTES","EMXT","EMXT_ATTRIBUTES","HDSD","HDSD_ATTRIBUTES","HTDD","HTDD_ATTRIBUTES","PRCP","PRCP_ATTRIBUTES","TAVG","TAVG_ATTRIBUTES","TMAX","TMAX_ATTRIBUTES","TMIN","TMIN_ATTRIBUTES"
"MXN00008174","1969-01","28.15","-105.4667","1200.0","INDUSTRIAS UNIDAS, MX","0.0","m","0.0","1,m","1",",m","1",",m","0",",m","0","1,m","7","1,m","0","1,m","18","1,m","0","1,m","19690105",",1,m","19690101",",,m","19690108",",1,m","-3.3","1,m,05,","3.8",",,m,01,","27.2","1,m,08,","","","198.6","1,m","3.8",",,,m","11.71","1,m","20.64","1,,,m","2.79","1,,,m"
"MXN00008174","1969-02","28.15","-105.4667","1200.0","INDUSTRIAS UNIDAS, MX","0.0","m","0.0",",m","3",",m","1",",m","0",",m","0",",m","4",",m","0",",m","5",",m","0",",m","19690224",",,m","19690208",",,m","19690207",",,m","-2.2",",m,24,","3.6",",,m,08,","25.0",",m,07,","","","192.2",",m","5.2",",,,m","11.47",",m","19.34",",,,m","3.60",",,,m"
"MXN00008174","1969-03","28.15","-105.4667","1200.0","INDUSTRIAS UNIDAS, MX","0.0","m","0.0","2,m","0",",m","0",",m","0",",m","0","1,m","9","1,m","0","1,m","13","1,m","0","1,m","19690316","+,1,m","19690331","+,,m","19690331",",1,m","-3.3","1,m,16,+","0.0",",,m,31,+","27.8","1,m,31,","","","192.4","1,m","0.0",",,,m","11.60","2,m","20.26","1,,,m","2.93","1,,,m"
"MXN00008174","1969-04","28.15","-105.4667","1200.0","INDUSTRIAS UNIDAS, MX","28.5","m","28.5","1,m","1",",m","0",",m","0",",m","0","1,m","0","1,m","0","1,m","26","1,m","2","1,m","19690418","+,1,m","19690406",",,m","19690407",",1,m","3.9","1,m,18,+","0.8",",,m,06,","33.9","1,m,07,","","","29.5","1,m","0.8",",,,m","18.30","1,m","27.99","1,,,m","8.60","1,,,m"
"MXN00008174","1969-05","28.15","-105.4667","1200.0","INDUSTRIAS UNIDAS, MX","130.7","m","102.2",",m","2",",m","1",",m","0",",m","0",",m","0",",m","0",",m","31",",m","13",",m","19690507",",,m","19690529",",,m","19690520",",,m","5.6",",m,07,","4.6",",,m,29,","35.6",",m,20,","","","4.6",",m","5.9",",,,m","21.48",",m","31.06",",,,m","11.90",",,,m"
"MXN00008174","1969-06","28.15","-105.4667","1200.0","INDUSTRIAS UNIDAS, MX","372.5","m","241.8",",m","4",",m","3",",m","0",",m","0",",m","0",",m","0",",m","30",",m","30",",m","19690612",",,m","19690630",",,m","19690623","+,,m","12.8",",m,12,","18.3",",,m,30,","40.0",",m,23,+","","","0.0",",m","36.3",",,,m","26.39",",m","35.86",",,,m","16.93",",,,m"
"MXN00008174","1969-07","28.15","-105.4667","1200.0","INDUSTRIAS UNIDAS, MX","616.7","m","244.2",",m","9",",m","7",",m","0",",m","0",",m","0",",m","0",",m","31",",m","22",",m","19690709","+,,m","19690706",",,m","19690704",",,m","16.7",",m,09,+","21.8",",,m,06,","37.8",",m,04,","0.0","","0.0",",m","67.4",",,,m","26.21",",m","33.43",",,,m","18.99",",,,m"
"MXN00008174","1969-08","28.15","-105.4667","1200.0","INDUSTRIAS UNIDAS, MX","837.3","m","220.6",",m","6",",m","2",",m","0",",m","0",",m","0",",m","0",",m","31",",m","25",",m","19690814",",,m","19690829","+,,m","19690818","+,,m","15.6",",m,14,","6.9",",,m,29,+","35.6",",m,18,+","0.0","","0.0",",m","19.0",",,,m","25.45",",m","33.10",",,,m","17.80",",,,m"
"MXN00008174","1969-09","28.15","-105.4667","1200.0","INDUSTRIAS UNIDAS, MX","984.6","m","147.3",",m","7",",m","2",",m","0",",m","0",",m","0",",m","0",",m","30",",m","5",",m","19690928",",,m","19690914",",,m","19690909","+,,m","11.7",",m,28,","23.9",",,m,14,","35.0",",m,09,+","0.0","","0.0",",m","50.2",",,,m","23.24",",m","30.31",",,,m","16.17",",,,m"
"MXN00008174","1969-10","28.15","-105.4667","1200.0","INDUSTRIAS UNIDAS, MX","1030.3","m","45.7",",m","4",",m","2",",m","0",",m","0",",m","0",",m","0",",m","30",",m","0",",m","19691031",",,m","19691006",",,m","19691006",",,m","3.9",",m,31,","10.9",",,m,06,","31.7",",m,06,","17.8","","17.8",",m","16.8",",,,m","19.23",",m","27.98",",,,m","10.48",",,,m"
"MXN00008174","1969-11","28.15","-105.4667","1200.0","INDUSTRIAS UNIDAS, MX","1032.8","m","2.5",",m","2",",m","0",",m","0",",m","0",",m","3",",m","0",",m","16",",m","0",",m","19691120",",,m","19691127",",,m","19691116",",,m","-7.8",",m,20,","2.3",",,m,27,","27.8",",m,16,","185.7","","167.9",",m","2.6",",,,m","12.82",",m","21.34",",,,m","4.30",",,,m"
"MXN00008174","1969-12","28.15","-105.4667","1200.0","INDUSTRIAS UNIDAS, MX","1032.8","m","0.0",",m","1",",m","0",",m","0",",m","0",",m","9",",m","0",",m","19",",m","0",",m","19691230",",,m","19691203",",,m","19691224",",,m","-10.0",",m,30,","0.8",",,m,03,","31.7",",m,24,","398.6","","212.9",",m","0.8",",,,m","11.47",",m","22.14",",,,m","0.79",",,,m"
"MXN00008174","1970-01","28.15","-105.4667","1200.0","INDUSTRIAS UNIDAS, MX","0.0","","0.0",",m","0",",m","0",",m","0",",m","0",",m","18",",m","0",",m","16",",m","0",",m","19700102",",,m","19700131","+,,m","19700126",",,m","-9.4",",m,02,","0.0",",,m,31,+","30.6",",m,26,","672.4","","273.8",",m","0.0",",,,m","9.50",",m","20.29",",,,m","-1.28",",,,m"
"MXN00008174","1970-02","28.15","-105.4667","1200.0","INDUSTRIAS UNIDAS, MX","0.0","","0.0",",m","0",",m","0",",m","0",",m","0",",m","7",",m","0",",m","17",",m","0",",m","19700203",",,m","19700228","+,,m","19700218",",,m","-8.3",",m,03,","0.0",",,m,28,+","30.0",",m,18,","854.5","","182.1",",m","0.0",",,,m","11.83",",m","22.17",",,,m","1.49",",,,m"
"MXN00008174","1970-03","28.15","-105.4667","1200.0","INDUSTRIAS UNIDAS, MX","1.7","","1.7",",m","0",",m","0",",m","0",",m","0",",m","0",",m","0",",m","26",",m","1",",m","19700321","+,,m","19700331","+,,m","19700331",",,m","0.6",",m,21,+","0.0",",,m,31,+","33.9",",m,31,","956.8","","102.3",",m","0.0",",,,m","15.09",",m","25.72",",,,m","4.45",",,,m"
"MXN00008174","1970-04","28.15","-105.4667","1200.0","INDUSTRIAS UNIDAS, MX","57.9","","56.2",",m","0",",m","0",",m","0",",m","0",",m","0",",m","0",",m","30",",m","12",",m","19700403","+,,m","19700430","+,,m","19700426",",,m","0.6",",m,03,+","0.0",",,m,30,+","36.7",",m,26,","989.0","","32.2",",m","0.0",",,,m","19.14",",m","30.15",",,,m","8.12",",,,m"
"MXN00008174","1970-05","28.15","-105.4667","1200.0","INDUSTRIAS UNIDAS, MX","183.2","","125.3",",m","0",",m","0",",m","0",",m","0",",m","0",",m","0",",m","31",",m","24",",m","19700504",",,m","19700531","+,,m","19700531","+,,m","5.6",",m,04,","0.0",",,m,31,+","36.7",",m,31,+","994.4","","5.4",",m","0.0",",,,m","22.20",",m","33.25",",,,m","11.15",",,,m"
"MXN00008174","1970-06","28.15","-105.4667","1200.0","INDUSTRIAS UNIDAS, MX","402.6","","219.4",",m","0",",m","0",",m","0",",m","0",",m","0",",m","0",",m","30",",m","25",",m","19700609",",,m","19700630","+,,m","19700617","+,,m","10.0",",m,09,","0.0",",,m,30,+","41.7",",m,17,+","994.4","","0.0",",m","0.0",",,,m","25.65",",m","36.41",",,,m","14.88",",,,m"
"MXN00008174","1970-07","28.15","-105.4667","1200.0","INDUSTRIAS UNIDAS, MX","649.5","","246.9",",m","0",",m","0",",m","0",",m","0",",m","0",",m","0",",m","31",",m","30",",m","19700726",",,m","19700731","+,,m","19700713","+,,m","12.8",",m,26,","0.0",",,m,31,+","40.0",",m,13,+","0.0","","0.0",",m","0.0",",,,m","26.30",",m","36.34",",,,m","16.25",",,,m"
"MXN00008174","1970-08","28.15","-105.4667","1200.0","INDUSTRIAS UNIDAS, MX","881.0","","231.5",",m","0",",m","0",",m","0",",m","0",",m","0",",m","0",",m","31",",m","30",",m","19700828",",,m","19700831","+,,m","19700819","+,,m","11.7",",m,28,","0.0",",,m,31,+","38.9",",m,19,+","0.0","","0.0",",m","0.0",",,,m","25.80",",m","35.99",",,,m","15.61",",,,m"
"MXN00008174","1970-10","28.15","-105.4667","1200.0","INDUSTRIAS UNIDAS, MX","","","9.1","1,m","0",",m","0",",m","0",",m","0",",m","1",",m","0","1,m","29","1,m","0","1,m","19701029",",,m","19701031","+,,m","19701006",",1,m","-4.4",",m,29,","0.0",",,m,31,+","31.7","1,m,06,","","","65.4","1,m","0.0",",,,m","16.40","1,m","27.39","1,,,m","5.40",",,,m"
"MXN00008174","1970-11","28.15","-105.4667","1200.0","INDUSTRIAS UNIDAS, MX","","","0.0",",m","0",",m","0",",m","0",",m","0",",m","7",",m","0",",m","22",",m","1",",m","19701115",",,m","19701130","+,,m","19701129",",,m","-7.2",",m,15,","0.0",",,m,30,+","32.8",",m,29,","","","149.0",",m","0.0",",,,m","13.37",",m","25.76",",,,m","0.97",",,,m"
"MXN00008174","1971-01","28.15","-105.4667","1200.0","INDUSTRIAS UNIDAS, MX","0.0","","0.0",",m","0",",m","0",",m","0",",m","0",",m","15",",m","0",",m","25",",m","0",",m","19710108","+,,m","19710131","+,,m","19710120",",,m","-10.0",",m,08,+","0.0",",,m,31,+","30.0",",m,20,","","","217.2",",m","0.0",",,,m","11.33",",m","23.27",",,,m","-0.62",",,,m"
"MXN00008174","1971-02","28.15","-105.4667","1200.0","INDUSTRIAS UNIDAS, MX","0.0","","0.0",",m","0",",m","0",",m","0",",m","0",",m","12",",m","0",",m","19",",m","0",",m","19710222","+,,m","19710228","+,,m","19710217","+,,m","-5.0",",m,22,+","0.0",",,m,28,+","28.9",",m,17,+","","","193.4",",m","0.0",",,,m","11.43",",m","23.06",",,,m","-0.21",",,,m"
"MXN00008174","1971-03","28.15","-105.4667","1200.0","INDUSTRIAS UNIDAS, MX","25.9","","25.9","2,m","2",",m","1",",m","0",",m","0","2,m","0","2,m","0","2,m","29","2,m","10","2,m","19710320",",2,m","19710314",",,m","19710327","+,2,m","0.6","2,m,20,","9.4",",,m,14,","35.0","2,m,27,+","","","41.5","2,m","10.2",",,,m","17.79","2,m","30.19","2,,,m","5.40","2,,,m"
"MXN00008174","1971-04","28.15","-105.4667","1200.0","INDUSTRIAS UNIDAS, MX","52.2","","26.3",",m","0",",m","0",",m","0",",m","0",",m","0",",m","0",",m","30",",m","10",",m","19710420",",,m","19710430","+,,m","19710427","+,,m","0.6",",m,20,","0.0",",,m,30,+","35.0",",m,27,+","","","41.5",",m","0.0",",,,m","17.82",",m","30.26",",,,m","5.39",",,,m"
"MXN00008174","1971-06","28.15","-105.4667","1200.0","INDUSTRIAS UNIDAS, MX","","","185.7",",m","0",",m","0",",m","0",",m","0",",m","0",",m","0",",m","30",",m","27",",m","19710601",",,m","19710630","+,,m","19710629","+,,m","7.8",",m,01,","0.0",",,m,30,+","38.9",",m,29,+","","","0.0",",m","0.0",",,,m","24.52",",m","35.72",",,,m","13.32",",,,m"
"MXN00008174","1971-07","28.15","-105.4667","1200.0","INDUSTRIAS UNIDAS, MX","","","213.1",",m","0",",m","0",",m","0",",m","0",",m","0",",m","0",",m","31",",m","26",",m","19710729","+,,m","19710731","+,,m","19710705",",,m","12.8",",m,29,+","0.0",",,m,31,+","40.0",",m,05,","0.0","","0.0",",m","0.0",",,,m","25.21",",m","35.45",",,,m","14.96",",,,m"
"MXN00008174","1971-08","28.15","-105.4667","1200.0","INDUSTRIAS UNIDAS, MX","","","124.5",",m","0",",m","0",",m","0",",m","0",",m","0",",m","0",",m","31",",m","16",",m","19710802",",,m","19710831","+,,m","19710822","+,,m","10.0",",m,02,","0.0",",,m,31,+","35.6",",m,22,+","0.0","","0.0",",m","0.0",",,,m","22.35",",m","31.67",",,,m","13.03",",,,m"
"MXN00008174","1972-03","28.15","-105.4667","1200.0","INDUSTRIAS UNIDAS, MX","","","","","0",",m","0",",m","0",",m","","","","","","","","","","","","","19720331","+,,m","","","","","0.0",",,m,31,+","","","","","","","0.0",",,,m","","","","","",""
"MXN00008174","1972-04","28.15","-105.4667","1200.0","INDUSTRIAS UNIDAS, MX","","","39.4",",m","0",",m","0",",m","0",",m","0",",m","0",",m","0",",m","30",",m","7",",m","19720430","+,,m","19720430","+,,m","19720427","+,,m","2.8",",m,30,+","0.0",",,m,30,+","35.6",",m,27,+","","","1.1",",m","0.0",",,,m","19.61",",m","30.24",",,,m","8.98",",,,m"
"MXN00008174","1972-05","28.15","-105.4667","1200.0","INDUSTRIAS UNIDAS, MX","","","122.7",",m","4",",m","2",",m","0",",m","0",",m","0",",m","0",",m","31",",m","22",",m","19720507","+,,m","19720528",",,m","19720527","+,,m","5.6",",m,07,+","15.0",",,m,28,","38.9",",m,27,+","","","0.2",",m","29.5",",,,m","22.28",",m","33.70",",,,m","10.87",",,,m"
"MXN00008174","1972-06","28.15","-105.4667","1200.0","INDUSTRIAS UNIDAS, MX","","","201.4",",m","4",",m","3",",m","0",",m","0",",m","0",",m","0",",m","30",",m","16",",m","19720609",",,m","19720611","+,,m","19720628",",,m","8.9",",m,09,","5.8",",,m,11,+","40.6",",m,28,","","","0.0",",m","16.7",",,,m","25.05",",m","33.65",",,,m","16.45",",,,m"
"MXN00008174","1972-07","28.15","-105.4667","1200.0","INDUSTRIAS UNIDAS, MX","","","191.6",",m","6",",m","5",",m","0",",m","0",",m","0",",m","0",",m","31",",m","14",",m","19720723",",,m","19720718",",,m","19720703",",,m","10.6",",m,23,","19.8",",,m,18,","38.9",",m,03,","0.0","m","0.0",",m","51.4",",,,m","24.51",",m","32.56",",,,m","16.46",",,,m"
"MXN00008174","1972-08","28.15","-105.4667","1200.0","INDUSTRIAS UNIDAS, MX","","","168.9",",m","14",",m","12",",m","0",",m","0",",m","0",",m","0",",m","31",",m","23",",m","19720815","+,,m","19720807",",,m","19720803",",,m","8.9",",m,15,+","16.8",",,m,07,","37.8",",m,03,","1.9","m","1.9",",m","114.4",",,,m","23.72",",m","32.85",",,,m","14.59",",,,m"
"MXN00008174","1972-09","28.15","-105.4667","1200.0","INDUSTRIAS UNIDAS, MX","","","145.6",",m","10",",m","10",",m","1",",m","0",",m","0",",m","0",",m","30",",m","15",",m","19720926",",,m","19720911",",,m","19720901",",,m","10.6",",m,26,","35.3",",,m,11,","37.8",",m,01,","3.5","m","1.6",",m","128.1",",,,m","23.13",",m","31.53",",,,m","14.73",",,,m"
"MXN00008174","1972-10","28.15","-105.4667","1200.0","INDUSTRIAS UNIDAS, MX","","","81.9",",m","2",",m","1",",m","0",",m","0",",m","0",",m","0",",m","30",",m","6",",m","19721022","+,,m","19721027",",,m","19721004","+,,m","5.6",",m,22,+","2.8",",,m,27,","33.9",",m,04,+","22.0","m","18.5",",m","4.6",",,,m","20.38",",m","28.94",",,,m","11.82",",,,m"
"MXN00008174","1972-11","28.15","-105.4667","1200.0","INDUSTRIAS UNIDAS, MX","","","0.0",",m","2",",m","2",",m","0",",m","0",",m","3",",m","0",",m","18",",m","0",",m","19721125",",,m","19721122",",,m","19721105",",,m","-2.2",",m,25,","18.3",",,m,22,","29.4",",m,05,","183.8","m","161.8",",m","25.2",",,,m","12.94",",m","22.27",",,,m","3.61",",,,m"
"MXN00008174","1972-12","28.15","-105.4667","1200.0","INDUSTRIAS UNIDAS, MX","","","0.0",",m","0",",m","0",",m","0",",m","0",",m","9",",m","0",",m","22",",m","0",",m","19721201",",,m","19721231","+,,m","19721210",",,m","-6.1",",m,01,","0.0",",,m,31,+","26.7",",m,10,","387.0","m","203.2",",m","0.0",",,,m","11.78",",m","20.89",",,,m","2.66",",,,m"
"MXN00008174","1973-02","28.15","-105.4667","1200.0","INDUSTRIAS UNIDAS, MX","","","0.0","2,m","4",",m","1",",m","0",",m","0","1,m","3","1,m","0","1,m","11","1,m","0","1,m","19730209",",1,m","19730220",",,m","19730228",",1,m","-2.8","1,m,09,","15.5",",,m,20,","30.0","1,m,28,","","","163.7","1,m","19.9",",,,m","11.85","2,m","20.22","1,,,m","3.47","1,,,m"
"MXN00008174","1973-03","28.15","-105.4667","1200.0","INDUSTRIAS UNIDAS, MX","","","1.4",",m","0",",m","0",",m","0",",m","0",",m","2",",m","0",",m","28",",m","0",",m","19730316",",,m","19730331","+,,m","19730321","+,,m","-1.1",",m,16,","0.0",",,m,31,+","30.0",",m,21,+","","","106.4",",m","0.0",",,,m","14.95",",m","24.59",",,,m","5.30",",,,m"
"MXN00008174","1973-04","28.15","-105.4667","1200.0","INDUSTRIAS UNIDAS, MX","","","26.3","1,m","1",",m","1",",m","0",",m","0","1,m","1","1,m","0","1,m","23","1,m","2","1,m","19730409",",1,m","19730405",",,m","19730429",",1,m","0.0","1,m,09,","2.8",",,m,05,","33.9","1,m,29,","","","57.9","1,m","2.8",",,,m","17.24","1,m","27.29","1,,,m","7.20","1,,,m"
"MXN00008174","1973-05","28.15","-105.4667","1200.0","INDUSTRIAS UNIDAS, MX","","","141.2",",m","2",",m","1",",m","0",",m","0",",m","0",",m","0",",m","29",",m","17",",m","19730507",",,m","19730514",",,m","19730527",",,m","6.7",",m,07,","7.9",",,m,14,","38.9",",m,27,","","","5.2",",m","8.7",",,,m","22.72",",m","31.90",",,,m","13.54",",,,m"
"MXN00008174","1973-06","28.15","-105.4667","1200.0","INDUSTRIAS UNIDAS, MX","","","195.5","1,m","3",",m","0",",m","0",",m","0","1,m","0","1,m","0","1,m","29","1,m","18","1,m","19730604",",1,m","19730613",",,m","19730629",",1,m","12.2","1,m,04,","0.8",",,m,13,","40.6","1,m,29,","","","0.0","1,m","1.4",",,,m","25.08","1,m","33.17","1,,,m","16.98","1,,,m"
"MXN00008174","1973-07","28.15","-105.4667","1200.0","INDUSTRIAS UNIDAS, MX","","","215.1","2,m","11",",m","9",",m","1",",m","0","2,m","0","2,m","0","1,m","30","1,m","16","1,m","19730712",",2,m","19730726",",,m","19730711",",1,m","10.6","2,m,12,","29.0",",,m,26,","40.6","1,m,11,","0.0","","0.0","1,m","92.0",",,,m","25.77","2,m","32.80","1,,,m","18.74","2,,,m"
