"STATION","DATE","LATITUDE","LONGITUDE","ELEVATION","NAME","CDSD","CDSD_ATTRIBUTES","CLDD","CLDD_ATTRIBUTES","DP01","DP01_ATTRIBUTES","DP10","DP10_ATTRIBUTES","DP1X","DP1X_ATTRIBUTES","DT00","DT00_ATTRIBUTES","DT32","DT32_ATTRIBUTES","DX32","DX32_ATTRIBUTES","DX70","DX70_ATTRIBUTES","DX90","DX90_ATTRIBUTES","DYNT","DYNT_ATTRIBUTES","DYXP","DYXP_ATTRIBUTES","DYXT","DYXT_ATTRIBUTES","EMNT","EMNT_ATTRIBUTES","EMXP","EMXP_ATTRIBUTES","EMXT","EMXT_ATTRIBUTES","HDSD","HDSD_ATTRIBUTES","HTDD","HTDD_ATTRIBUTES","PRCP","PRCP_ATTRIBUTES","TAVG","TAVG_ATTRIBUTES","TMAX","TMAX_ATTRIBUTES","TMIN","TMIN_ATTRIBUTES"
"MXN00020370","1982-03","16.9667","-95.0833","243.8","GICHICOVI, MX","","","229.0",",m","3",",m","3",",m","1",",m","0",",m","0",",m","0",",m","30",",m","16",",m","19820304","+,,m","19820326",",,m","19820306",",,m","13.9",",m,04,+","78.0",",,m,26,","36.7",",m,06,","","","0.0",",m","93.5",",,,m","25.72",",m","30.94",",,,m","20.50",",,,m"
"MXN00020370","1982-04","16.9667","-95.0833","243.8","GICHICOVI, MX","","","273.7",",m","5",",m","5",",m","4",",m","0",",m","0",",m","0",",m","30",",m","20",",m","19820413",",,m","19820422",",,m","19820401",",,m","16.7",",m,13,","269.0",",,m,22,","36.1",",m,01,","","","0.0",",m","451.4",",,,m","27.46",",m","32.42",",,,m","22.49",",,,m"
"MXN00020370","1982-05","16.9667","-95.0833","243.8","GICHICOVI, MX","","","224.7",",m","9",",m","7",",m","1",",m","0",",m","0",",m","0",",m","31",",m","7",",m","19820520",",,m","19820522",",,m","19820513","+,,m","17.2",",m,20,","27.9",",,m,22,","35.0",",m,13,+","","","0.0",",m","94.7",",,,m","25.58",",m","30.15",",,,m","21.01",",,,m"
"MXN00020370","1982-06","16.9667","-95.0833","243.8","GICHICOVI, MX","","","250.0",",m","16",",m","14",",m","4",",m","0",",m","0",",m","0",",m","30",",m","5",",m","19820630",",,m","19820626",",,m","19820621",",,m","15.6",",m,30,","89.9",",,m,26,","35.0",",m,21,","","","0.0",",m","361.0",",,,m","26.67",",m","30.87",",,,m","22.46",",,,m"
"MXN00020370","1982-07","16.9667","-95.0833","243.8","GICHICOVI, MX","","","207.4",",m","19",",m","15",",m","1",",m","0",",m","0",",m","0",",m","31",",m","1",",m","19820731","+,,m","19820730",",,m","19820718",",,m","20.0",",m,31,+","30.0",",,m,30,","35.0",",m,18,","0.0","m","0.0",",m","149.1",",,,m","25.02",",m","28.58",",,,m","21.46",",,,m"
"MXN00020370","1982-09","16.9667","-95.0833","243.8","GICHICOVI, MX","","","184.4",",m","20",",m","16",",m","1",",m","0",",m","0",",m","0",",m","30",",m","1",",m","19820904",",,m","19820921",",,m","19820911",",,m","15.0",",m,04,","68.3",",,m,21,","35.0",",m,11,","","","0.0",",m","182.4",",,,m","24.48",",m","27.97",",,,m","20.99",",,,m"
"MXN00020370","1982-10","16.9667","-95.0833","243.8","GICHICOVI, MX","","","179.6",",m","11",",m","9",",m","1",",m","0",",m","0",",m","0",",m","31",",m","3",",m","19821027",",,m","19821013",",,m","19821007","+,,m","15.6",",m,27,","27.4",",,m,13,","35.0",",m,07,+","","","0.0",",m","130.5",",,,m","24.13",",m","27.93",",,,m","20.33",",,,m"
"MXN00020370","1982-11","16.9667","-95.0833","243.8","GICHICOVI, MX","","","138.9",",m","5",",m","5",",m","2",",m","0",",m","0",",m","0",",m","30",",m","0",",m","19821126","+,,m","19821115","+,,m","19821102","+,,m","15.6",",m,26,+","30.0",",,m,15,+","30.6",",m,02,+","","","0.0",",m","111.5",",,,m","22.96",",m","26.68",",,,m","19.25",",,,m"
"MXN00020370","1982-12","16.9667","-95.0833","243.8","GICHICOVI, MX","","","121.9",",m","3",",m","3",",m","2",",m","0",",m","0",",m","0",",m","31",",m","0",",m","19821219",",,m","19821206",",,m","19821223",",,m","13.3",",m,19,","99.8",",,m,06,","30.6",",m,23,","","","0.0",",m","134.6",",,,m","22.26",",m","26.42",",,,m","18.11",",,,m"
"MXN00020370","1983-01","16.9667","-95.0833","243.8","GICHICOVI, MX","66.9","m","66.9",",m","5",",m","5",",m","2",",m","0",",m","0",",m","0",",m","31",",m","0",",m","19830105",",,m","19830116",",,m","19830130",",,m","12.8",",m,05,","46.0",",,m,16,","30.0",",m,30,","","","1.1",",m","120.7",",,,m","20.46",",m","25.02",",,,m","15.89",",,,m"
"MXN00020370","1983-02","16.9667","-95.0833","243.8","GICHICOVI, MX","195.9","m","129.0",",m","6",",m","6",",m","1",",m","0",",m","0",",m","0",",m","28",",m","0",",m","19830215","+,,m","19830218",",,m","19830204",",,m","15.0",",m,15,+","30.0",",,m,18,","31.7",",m,04,","","","0.0",",m","101.4",",,,m","22.94",",m","28.25",",,,m","17.63",",,,m"
"MXN00020370","1983-03","16.9667","-95.0833","243.8","GICHICOVI, MX","358.1","m","162.2",",m","4",",m","4",",m","0",",m","0",",m","0",",m","0",",m","31",",m","3",",m","19830309",",,m","19830313",",,m","19830330",",,m","13.9",",m,09,","19.8",",,m,13,","35.0",",m,30,","","","0.0",",m","44.5",",,,m","23.57",",m","28.39",",,,m","18.75",",,,m"
"MXN00020370","1983-04","16.9667","-95.0833","243.8","GICHICOVI, MX","585.9","m","227.8",",m","1",",m","1",",m","1",",m","0",",m","0",",m","0",",m","30",",m","13",",m","19830403",",,m","19830416",",,m","19830429","+,,m","15.6",",m,03,","45.0",",,m,16,","35.0",",m,29,+","","","0.0",",m","45.0",",,,m","25.93",",m","31.19",",,,m","20.67",",,,m"
"MXN00020370","1983-05","16.9667","-95.0833","243.8","GICHICOVI, MX","913.4","m","327.5",",m","3",",m","3",",m","1",",m","0",",m","0",",m","0",",m","31",",m","25",",m","19830505","+,,m","19830523",",,m","19830507",",,m","20.0",",m,05,+","27.2",",,m,23,","37.8",",m,07,","","","0.0",",m","62.0",",,,m","28.90",",m","34.02",",,,m","23.78",",,,m"
"MXN00020370","1983-06","16.9667","-95.0833","243.8","GICHICOVI, MX","1204.8","m","291.4",",m","11",",m","11",",m","7",",m","0",",m","0",",m","0",",m","30",",m","19",",m","19830619","+,,m","19830614",",,m","19830628","+,,m","20.0",",m,19,+","74.9",",,m,14,","35.6",",m,28,+","","","0.0",",m","388.7",",,,m","28.05",",m","33.07",",,,m","23.02",",,,m"
"MXN00020370","1983-07","16.9667","-95.0833","243.8","GICHICOVI, MX","1478.4","m","273.6",",m","19",",m","14",",m","4",",m","0",",m","0",",m","0",",m","31",",m","14",",m","19830715",",,m","19830701",",,m","19830709",",,m","15.6",",m,15,","64.8",",,m,01,","37.8",",m,09,","0.0","m","0.0",",m","340.4",",,,m","27.16",",m","32.66",",,,m","21.66",",,,m"
"MXN00020370","1983-08","16.9667","-95.0833","243.8","GICHICOVI, MX","1695.5","m","217.1",",m","11",",m","10",",m","4",",m","0",",m","0",",m","0",",m","31",",m","1",",m","19830807",",,m","19830810",",,m","19830814",",,m","15.0",",m,07,","36.3",",,m,10,","35.0",",m,14,","0.0","m","0.0",",m","198.8",",,,m","25.34",",m","29.79",",,,m","20.89",",,,m"
"MXN00020370","1983-09","16.9667","-95.0833","243.8","GICHICOVI, MX","1916.4","m","220.9",",m","16",",m","14",",m","4",",m","0",",m","0",",m","0",",m","30",",m","2",",m","19830930",",,m","19830905",",,m","19830907",",,m","18.3",",m,30,","49.8",",,m,05,","35.0",",m,07,","0.0","m","0.0",",m","313.5",",,,m","25.70",",m","30.18",",,,m","21.21",",,,m"
"MXN00020370","1983-10","16.9667","-95.0833","243.8","GICHICOVI, MX","2126.4","m","210.0",",m","15",",m","13",",m","8",",m","0",",m","0",",m","0",",m","31",",m","3",",m","19831027",",,m","19831026",",,m","19831013",",,m","17.8",",m,27,","64.8",",,m,26,","38.9",",m,13,","0.0","m","0.0",",m","424.1",",,,m","25.11",",m","29.37",",,,m","20.85",",,,m"
"MXN00020370","1983-11","16.9667","-95.0833","243.8","GICHICOVI, MX","2322.5","m","196.1",",m","9",",m","9",",m","3",",m","0",",m","0",",m","0",",m","30",",m","3",",m","19831126","+,,m","19831116",",,m","19831115","+,,m","16.7",",m,26,+","169.9",",,m,16,","33.9",",m,15,+","0.0","m","0.0",",m","347.7",",,,m","24.87",",m","29.48",",,,m","20.26",",,,m"
"MXN00020370","1983-12","16.9667","-95.0833","243.8","GICHICOVI, MX","2469.6","m","147.1",",m","7",",m","7",",m","2",",m","0",",m","0",",m","0",",m","31",",m","2",",m","19831231","+,,m","19831206",",,m","19831205","+,,m","13.9",",m,31,+","41.9",",,m,06,","32.2",",m,05,+","0.0","m","0.0",",m","124.4",",,,m","23.08",",m","27.51",",,,m","18.65",",,,m"
"MXN00020370","1984-01","16.9667","-95.0833","243.8","GICHICOVI, MX","44.4","m","44.4","2,m","5",",m","2",",m","0",",m","0","1,m","0","1,m","0","1,m","24","1,m","0","1,m","19840104",",1,m","19840120",",,m","19840128","+,1,m","10.6","1,m,04,","19.8",",,m,20,","28.9","1,m,28,+","10.9","m","10.9","1,m","42.0",",,,m","19.45","2,m","23.10","1,,,m","15.81","1,,,m"
"MXN00020370","1984-02","16.9667","-95.0833","243.8","GICHICOVI, MX","142.0","m","97.6",",m","3",",m","1",",m","0",",m","0",",m","0",",m","0",",m","25",",m","3",",m","19840228",",,m","19840226",",,m","19840219","+,,m","12.8",",m,28,","24.9",",,m,26,","32.8",",m,19,+","15.8","m","4.9",",m","29.0",",,,m","21.53",",m","26.53",",,,m","16.53",",,,m"
"MXN00020370","1984-03","16.9667","-95.0833","243.8","GICHICOVI, MX","321.0","m","179.0",",m","2",",m","1",",m","0",",m","0",",m","0",",m","0",",m","27",",m","8",",m","19840308",",,m","19840308",",,m","19840331","+,,m","10.0",",m,08,","24.9",",,m,08,","40.6",",m,31,+","25.4","m","9.6",",m","26.2",",,,m","23.80",",m","29.36",",,,m","18.23",",,,m"
"MXN00020370","1984-04","16.9667","-95.0833","243.8","GICHICOVI, MX","587.2","m","266.2",",m","3",",m","3",",m","2",",m","0",",m","0",",m","0",",m","30",",m","18",",m","19840423","+,,m","19840404",",,m","19840421","+,,m","17.8",",m,23,+","45.0",",,m,04,","40.0",",m,21,+","25.4","m","0.0",",m","104.7",",,,m","27.21",",m","33.22",",,,m","21.19",",,,m"
"MXN00020370","1984-07","16.9667","-95.0833","243.8","GICHICOVI, MX","","","","","23","3,m","22","3,m","5","3,m","","","","","","","","","","","","","19840706",",3,m","","","","","73.4","3,,m,06,","","","","","","","453.8","3,,,m","","","","","",""
"MXN00020370","1984-08","16.9667","-95.0833","243.8","GICHICOVI, MX","","","188.6",",m","20",",m","14",",m","0",",m","0",",m","0",",m","0",",m","31",",m","0",",m","19840827","+,,m","19840828",",,m","19840831",",,m","17.8",",m,27,+","21.3",",,m,28,","30.6",",m,31,","","","0.0",",m","152.5",",,,m","24.42",",m","28.64",",,,m","20.20",",,,m"
"MXN00020370","1984-09","16.9667","-95.0833","243.8","GICHICOVI, MX","","","222.8",",m","21",",m","17",",m","4",",m","0",",m","0",",m","0",",m","30",",m","1",",m","19840930",",,m","19840926",",,m","19840907",",,m","18.9",",m,30,","45.7",",,m,26,","33.9",",m,07,","","","0.0",",m","312.1",",,,m","25.76",",m","30.28",",,,m","21.23",",,,m"
"MXN00020370","1984-10","16.9667","-95.0833","243.8","GICHICOVI, MX","","","197.3",",m","23",",m","22",",m","8",",m","0",",m","0",",m","0",",m","31",",m","0",",m","19841031","+,,m","19841009",",,m","19841001",",,m","18.9",",m,31,+","77.0",",,m,09,","31.7",",m,01,","","","0.0",",m","541.9",",,,m","24.70",",m","28.81",",,,m","20.59",",,,m"
"MXN00020370","1984-11","16.9667","-95.0833","243.8","GICHICOVI, MX","","","185.2",",m","12",",m","12",",m","1",",m","0",",m","0",",m","0",",m","30",",m","0",",m","19841117",",,m","19841105",",,m","19841127","+,,m","16.7",",m,17,","31.8",",,m,05,","30.6",",m,27,+","","","0.0",",m","143.6",",,,m","24.51",",m","28.57",",,,m","20.44",",,,m"
"MXN00020370","1984-12","16.9667","-95.0833","243.8","GICHICOVI, MX","","","81.4",",m","0",",m","0",",m","0",",m","0",",m","0",",m","0",",m","25",",m","5",",m","19841210",",,m","19841231","+,,m","19841219",",,m","10.0",",m,10,","0.0",",,m,31,+","35.0",",m,19,","","","6.5",",m","0.0",",,,m","20.75",",m","26.13",",,,m","15.37",",,,m"
"MXN00020370","1985-01","16.9667","-95.0833","243.8","GICHICOVI, MX","90.6","","90.6",",m","1",",m","1",",m","0",",m","0",",m","0",",m","0",",m","25",",m","5",",m","19850108",",,m","19850113",",,m","19850128","+,,m","10.0",",m,08,","11.9",",,m,13,","33.9",",m,28,+","","","7.4",",m","11.9",",,,m","21.02",",m","26.44",",,,m","15.60",",,,m"
"MXN00020370","1985-02","16.9667","-95.0833","243.8","GICHICOVI, MX","148.2","","57.6",",m","5",",m","3",",m","0",",m","0",",m","0",",m","0",",m","26",",m","0",",m","19850222","+,,m","19850226",",,m","19850215",",,m","12.8",",m,22,+","13.2",",,m,26,","30.0",",m,15,","","","1.9",",m","23.6",",,,m","20.32",",m","25.35",",,,m","15.29",",,,m"
"MXN00020370","1985-03","16.9667","-95.0833","243.8","GICHICOVI, MX","306.1","","157.9",",m","6",",m","4",",m","1",",m","0",",m","0",",m","0",",m","31",",m","5",",m","19850301",",,m","19850314",",,m","19850330","+,,m","10.6",",m,01,","56.6",",,m,14,","33.9",",m,30,+","","","1.1",",m","73.4",",,,m","23.39",",m","28.95",",,,m","17.84",",,,m"
"MXN00020370","1985-04","16.9667","-95.0833","243.8","GICHICOVI, MX","568.3","","262.2",",m","10",",m","8",",m","0",",m","0",",m","0",",m","0",",m","30",",m","20",",m","19850418","+,,m","19850418",",,m","19850430","+,,m","15.6",",m,18,+","23.9",",,m,18,","36.7",",m,30,+","","","0.0",",m","73.4",",,,m","27.07",",m","33.17",",,,m","20.98",",,,m"
"MXN00020370","1985-05","16.9667","-95.0833","243.8","GICHICOVI, MX","857.8","","289.5",",m","4",",m","2",",m","1",",m","0",",m","0",",m","0",",m","31",",m","22",",m","19850510",",,m","19850518",",,m","19850505",",,m","18.9",",m,10,","84.6",",,m,18,","36.7",",m,05,","","","0.0",",m","101.4",",,,m","27.67",",m","33.11",",,,m","22.23",",,,m"
"MXN00020370","1985-06","16.9667","-95.0833","243.8","GICHICOVI, MX","1093.1","","235.3",",m","9",",m","9",",m","1",",m","0",",m","0",",m","0",",m","30",",m","15",",m","19850617",",,m","19850628",",,m","19850628","+,,m","15.6",",m,17,","51.3",",,m,28,","35.6",",m,28,+","","","0.0",",m","177.4",",,,m","26.18",",m","32.15",",,,m","20.21",",,,m"
"MXN00020370","1985-09","16.9667","-95.0833","243.8","GICHICOVI, MX","","","227.0",",m","11",",m","10",",m","2",",m","0",",m","0",",m","0",",m","30",",m","6",",m","19850917",",,m","19850925",",,m","19850919","+,,m","17.8",",m,17,","28.2",",,m,25,","33.9",",m,19,+","","","0.0",",m","136.2",",,,m","25.90",",m","31.02",",,,m","20.78",",,,m"
"MXN00020370","1985-10","16.9667","-95.0833","243.8","GICHICOVI, MX","","","219.0",",m","9",",m","6",",m","4",",m","0",",m","0",",m","0",",m","31",",m","5",",m","19851028",",,m","19851005",",,m","19851030","+,,m","15.6",",m,28,","138.2",",,m,05,","32.8",",m,30,+","","","0.0",",m","469.2",",,,m","25.40",",m","30.18",",,,m","20.61",",,,m"
"MXN00020370","1985-11","16.9667","-95.0833","243.8","GICHICOVI, MX","","","197.6",",m","5",",m","4",",m","0",",m","0",",m","0",",m","0",",m","30",",m","1",",m","19851119","+,,m","19851115",",,m","19851119",",,m","16.7",",m,19,+","18.3",",,m,15,","32.8",",m,19,","","","0.0",",m","53.6",",,,m","24.92",",m","30.41",",,,m","19.43",",,,m"
"MXN00020370","1986-01","16.9667","-95.0833","243.8","GICHICOVI, MX","0.0","m","0.0",",m","21",",m","16",",m","0",",m","0",",m","0",",m","0",",m","0",",m","0",",m","19860115",",,m","19860130",",,m","19860131","+,,m","6.7",",m,15,","9.4",",,m,30,","19.4",",m,31,+","","","136.8",",m","93.4",",,,m","13.92",",m","17.65",",,,m","10.19",",,,m"
"MXN00020370","1986-02","16.9667","-95.0833","243.8","GICHICOVI, MX","0.0","m","0.0",",m","13",",m","7",",m","0",",m","0",",m","0",",m","0",",m","0",",m","0",",m","19860226","+,,m","19860214",",,m","19860228","+,,m","6.7",",m,26,+","5.8",",,m,14,","19.4",",m,28,+","","","146.4",",m","39.9",",,,m","13.11",",m","17.00",",,,m","9.21",",,,m"
"MXN00020370","1986-04","16.9667","-95.0833","243.8","GICHICOVI, MX","","","99.9",",m","2",",m","2",",m","1",",m","0",",m","0",",m","0",",m","30",",m","29",",m","19860427","+,,m","19860422",",,m","19860415",",,m","5.6",",m,27,+","64.8",",,m,22,","37.8",",m,15,","","","0.5",",m","69.6",",,,m","21.65",",m","35.47",",,,m","7.82",",,,m"
"MXN00020370","1986-05","16.9667","-95.0833","243.8","GICHICOVI, MX","","","268.1",",m","11",",m","9",",m","2",",m","0",",m","0",",m","0",",m","31",",m","31",",m","19860501",",,m","19860526",",,m","19860523","+,,m","7.8",",m,01,","93.0",",,m,26,","38.9",",m,23,+","","","0.0",",m","255.6",",,,m","26.98",",m","36.64",",,,m","17.33",",,,m"
"MXN00020370","1986-06","16.9667","-95.0833","243.8","GICHICOVI, MX","","","254.5",",m","19",",m","14",",m","1",",m","0",",m","0",",m","0",",m","30",",m","29",",m","19860628","+,,m","19860618",",,m","19860626",",,m","15.6",",m,28,+","40.1",",,m,18,","38.9",",m,26,","","","0.0",",m","227.5",",,,m","26.82",",m","36.46",",,,m","17.18",",,,m"
"MXN00020370","1986-07","16.9667","-95.0833","243.8","GICHICOVI, MX","","","261.2",",m","26",",m","19",",m","1",",m","0",",m","0",",m","0",",m","31",",m","30",",m","19860711","+,,m","19860702",",,m","19860731","+,,m","10.6",",m,11,+","34.8",",,m,02,","40.6",",m,31,+","0.0","m","0.0",",m","240.1",",,,m","26.76",",m","37.78",",,,m","15.74",",,,m"
"MXN00020370","1986-08","16.9667","-95.0833","243.8","GICHICOVI, MX","","","258.2",",m","20",",m","13",",m","0",",m","0",",m","0",",m","0",",m","31",",m","31",",m","19860830","+,,m","19860816",",,m","19860814",",,m","13.9",",m,30,+","16.8",",,m,16,","39.4",",m,14,","0.0","m","0.0",",m","127.3",",,,m","26.66",",m","37.15",",,,m","16.17",",,,m"
"MXN00020370","1986-09","16.9667","-95.0833","243.8","GICHICOVI, MX","","","277.2",",m","14",",m","12",",m","0",",m","0",",m","0",",m","0",",m","30",",m","30",",m","19860905",",,m","19860918","+,,m","19860902",",,m","13.9",",m,05,","24.9",",,m,18,+","40.0",",m,02,","0.0","m","0.0",",m","188.1",",,,m","27.57",",m","35.74",",,,m","19.41",",,,m"
"MXN00020370","1986-10","16.9667","-95.0833","243.8","GICHICOVI, MX","","","109.9",",m","0",",m","0",",m","0",",m","0",",m","0",",m","0",",m","29",",m","0",",m","19861022",",,m","19861031","+,,m","19861029","+,,m","11.7",",m,22,","0.0",",,m,31,+","28.9",",m,29,+","2.4","m","2.4",",m","0.0",",,,m","21.80",",m","25.69",",,,m","17.91",",,,m"
"MXN00020370","1986-11","16.9667","-95.0833","243.8","GICHICOVI, MX","","","162.3",",m","0",",m","0",",m","0",",m","0",",m","0",",m","0",",m","30",",m","1",",m","19861113",",,m","19861130","+,,m","19861118",",,m","11.7",",m,13,","0.0",",,m,30,+","32.8",",m,18,","2.4","m","0.0",",m","0.0",",,,m","23.74",",m","29.21",",,,m","18.28",",,,m"
"MXN00020370","1986-12","16.9667","-95.0833","243.8","GICHICOVI, MX","","","107.1",",m","0",",m","0",",m","0",",m","0",",m","0",",m","0",",m","29",",m","0",",m","19861212",",,m","19861231","+,,m","19861204",",,m","10.0",",m,12,","0.0",",,m,31,+","31.7",",m,04,","4.0","m","1.6",",m","0.0",",,,m","21.74",",m","27.10",",,,m","16.37",",,,m"
