"STATION","DATE","LATITUDE","LONGITUDE","ELEVATION","NAME","CDSD","CDSD_ATTRIBUTES","CLDD","CLDD_ATTRIBUTES","DP01","DP01_ATTRIBUTES","DP10","DP10_ATTRIBUTES","DP1X","DP1X_ATTRIBUTES","DT00","DT00_ATTRIBUTES","DT32","DT32_ATTRIBUTES","DX32","DX32_ATTRIBUTES","DX70","DX70_ATTRIBUTES","DX90","DX90_ATTRIBUTES","DYNT","DYNT_ATTRIBUTES","DYXP","DYXP_ATTRIBUTES","DYXT","DYXT_ATTRIBUTES","EMNT","EMNT_ATTRIBUTES","EMXP","EMXP_ATTRIBUTES","EMXT","EMXT_ATTRIBUTES","HDSD","HDSD_ATTRIBUTES","HTDD","HTDD_ATTRIBUTES","PRCP","PRCP_ATTRIBUTES","TAVG","TAVG_ATTRIBUTES","TMAX","TMAX_ATTRIBUTES","TMIN","TMIN_ATTRIBUTES"
"MXN00003181","1991-01","23.4333","-109.7833","194.8","LA NUEVA CALIFORNIA, MX","9.0","m","9.0",",m","0",",m","0",",m","0",",m","0",",m","0",",m","0",",m","25",",m","0",",m","19910116","+,,m","19910131","+,,m","19910103",",,m","5.0",",m,16,+","0.0",",,m,31,+","30.0",",m,03,","","","67.0",",m","0.0",",,,m","16.46",",m","23.39",",,,m","9.53",",,,m"
"MXN00003181","1991-02","23.4333","-109.7833","194.8","LA NUEVA CALIFORNIA, MX","27.3","m","18.3",",m","1",",m","1",",m","0",",m","0",",m","0",",m","0",",m","27",",m","0",",m","19910204",",,m","19910211",",,m","19910215",",,m","3.9",",m,04,","2.8",",,m,11,","31.7",",m,15,","","","35.8",",m","2.8",",,,m","17.71",",m","26.31",",,,m","9.10",",,,m"
"MXN00003181","1991-03","23.4333","-109.7833","194.8","LA NUEVA CALIFORNIA, MX","42.2","m","14.9",",m","0",",m","0",",m","0",",m","0",",m","0",",m","0",",m","30",",m","1",",m","19910321","+,,m","19910331","+,,m","19910306",",,m","5.0",",m,21,+","0.0",",,m,31,+","32.8",",m,06,","","","42.3",",m","0.0",",,,m","17.45",",m","25.70",",,,m","9.19",",,,m"
"MXN00003181","1991-04","23.4333","-109.7833","194.8","LA NUEVA CALIFORNIA, MX","134.3","m","92.1",",m","0",",m","0",",m","0",",m","0",",m","0",",m","0",",m","30",",m","12",",m","19910414",",,m","19910430","+,,m","19910422",",,m","5.6",",m,14,","0.0",",,m,30,+","35.0",",m,22,","","","1.9",",m","0.0",",,,m","21.34",",m","31.18",",,,m","11.50",",,,m"
"MXN00003181","1991-05","23.4333","-109.7833","194.8","LA NUEVA CALIFORNIA, MX","224.9","m","90.6",",m","0",",m","0",",m","0",",m","0",",m","0",",m","0",",m","31",",m","13",",m","19910516","+,,m","19910531","+,,m","19910505",",,m","7.8",",m,16,+","0.0",",,m,31,+","35.6",",m,05,","","","0.0",",m","0.0",",,,m","21.26",",m","31.74",",,,m","10.77",",,,m"
"MXN00003181","1991-06","23.4333","-109.7833","194.8","LA NUEVA CALIFORNIA, MX","426.4","m","201.5",",m","0",",m","0",",m","0",",m","0",",m","0",",m","0",",m","30",",m","30",",m","19910613",",,m","19910630","+,,m","19910620","+,,m","8.9",",m,13,","0.0",",,m,30,+","41.7",",m,20,+","","","0.0",",m","0.0",",,,m","25.05",",m","36.85",",,,m","13.25",",,,m"
"MXN00003181","1991-07","23.4333","-109.7833","194.8","LA NUEVA CALIFORNIA, MX","688.1","m","261.7",",m","0",",m","0",",m","0",",m","0",",m","0",",m","0",",m","31",",m","30",",m","19910721",",,m","19910731","+,,m","19910717",",,m","13.9",",m,21,","0.0",",,m,31,+","40.0",",m,17,","0.0","m","0.0",",m","0.0",",,,m","26.77",",m","35.91",",,,m","17.64",",,,m"
"MXN00003181","1991-08","23.4333","-109.7833","194.8","LA NUEVA CALIFORNIA, MX","1014.5","m","326.4",",m","2",",m","1",",m","0",",m","0",",m","0",",m","0",",m","31",",m","30",",m","19910810","+,,m","19910824",",,m","19910806","+,,m","18.9",",m,10,+","2.8",",,m,24,","40.0",",m,06,+","0.0","m","0.0",",m","5.1",",,,m","28.86",",m","36.54",",,,m","21.18",",,,m"
"MXN00003181","1991-09","23.4333","-109.7833","194.8","LA NUEVA CALIFORNIA, MX","1306.4","m","291.9",",m","2",",m","0",",m","0",",m","0",",m","0",",m","0",",m","30",",m","25",",m","19910918",",,m","19910921",",,m","19910927",",,m","16.7",",m,18,","1.8",",,m,21,","40.0",",m,27,","0.0","m","0.0",",m","3.1",",,,m","28.06",",m","34.98",",,,m","21.15",",,,m"
"MXN00003181","1991-10","23.4333","-109.7833","194.8","LA NUEVA CALIFORNIA, MX","1522.6","m","216.2",",m","1",",m","0",",m","0",",m","0",",m","0",",m","0",",m","31",",m","16",",m","19911029",",,m","19911011",",,m","19911010",",,m","11.7",",m,29,","0.8",",,m,11,","38.9",",m,10,","0.0","m","0.0",",m","0.8",",,,m","25.31",",m","32.01",",,,m","18.60",",,,m"
"MXN00003181","1991-11","23.4333","-109.7833","194.8","LA NUEVA CALIFORNIA, MX","1564.5","m","41.9",",m","2",",m","2",",m","0",",m","0",",m","0",",m","0",",m","29",",m","0",",m","19911121",",,m","19911112",",,m","19911112",",,m","7.8",",m,21,","22.9",",,m,12,","31.1",",m,12,","15.1","m","15.1",",m","36.4",",,,m","19.23",",m","26.40",",,,m","12.05",",,,m"
"MXN00003181","1991-12","23.4333","-109.7833","194.8","LA NUEVA CALIFORNIA, MX","1567.9","m","3.4",",m","3",",m","1",",m","1",",m","0",",m","0",",m","0",",m","18",",m","0",",m","19911229",",,m","19911210",",,m","19911216",",,m","3.9",",m,29,","59.9",",,m,10,","26.7",",m,16,","116.2","m","101.1",",m","63.5",",,,m","15.18",",m","21.13",",,,m","9.23",",,,m"
"MXN00003181","1992-01","23.4333","-109.7833","194.8","LA NUEVA CALIFORNIA, MX","0.0","m","0.0",",m","4",",m","3",",m","1",",m","0",",m","0",",m","0",",m","24",",m","0",",m","19920108",",,m","19920104",",,m","19920107",",,m","5.0",",m,08,","42.9",",,m,04,","25.6",",m,07,","219.3","m","103.1",",m","56.9",",,,m","15.01",",m","21.94",",,,m","8.08",",,,m"
"MXN00003181","1992-02","23.4333","-109.7833","194.8","LA NUEVA CALIFORNIA, MX","0.0","m","0.0",",m","0",",m","0",",m","0",",m","0",",m","0",",m","0",",m","23",",m","0",",m","19920219",",,m","19920229","+,,m","19920224",",,m","5.0",",m,19,","0.0",",,m,29,+","27.2",",m,24,","304.6","m","85.3",",m","0.0",",,,m","15.39",",m","22.99",",,,m","7.80",",,,m"
"MXN00003181","1992-03","23.4333","-109.7833","194.8","LA NUEVA CALIFORNIA, MX","17.2","m","17.2",",m","0",",m","0",",m","0",",m","0",",m","0",",m","0",",m","31",",m","0",",m","19920319","+,,m","19920331","+,,m","19920331",",,m","6.7",",m,19,+","0.0",",,m,31,+","31.7",",m,31,","333.1","m","28.5",",m","0.0",",,,m","17.97",",m","26.33",",,,m","9.61",",,,m"
"MXN00003181","1992-04","23.4333","-109.7833","194.8","LA NUEVA CALIFORNIA, MX","101.6","m","84.4",",m","1",",m","1",",m","1",",m","0",",m","0",",m","0",",m","30",",m","10",",m","19920402",",,m","19920404",",,m","19920424",",,m","7.2",",m,02,","31.8",",,m,04,","35.0",",m,24,","333.1","m","0.0",",m","31.8",",,,m","21.15",",m","30.33",",,,m","11.96",",,,m"
"MXN00003181","1992-05","23.4333","-109.7833","194.8","LA NUEVA CALIFORNIA, MX","191.8","m","90.2",",m","0",",m","0",",m","0",",m","0",",m","0",",m","0",",m","31",",m","0",",m","19920524","+,,m","19920531","+,,m","19920531","+,,m","10.6",",m,24,+","0.0",",,m,31,+","31.7",",m,31,+","333.1","m","0.0",",m","0.0",",,,m","21.24",",m","28.80",",,,m","13.69",",,,m"
"MXN00003181","1992-06","23.4333","-109.7833","194.8","LA NUEVA CALIFORNIA, MX","356.5","m","164.7",",m","0",",m","0",",m","0",",m","0",",m","0",",m","0",",m","30",",m","15",",m","19920624",",,m","19920630","+,,m","19920630","+,,m","10.0",",m,24,","0.0",",,m,30,+","35.0",",m,30,+","333.1","m","0.0",",m","0.0",",,,m","23.82",",m","32.18",",,,m","15.46",",,,m"
"MXN00003181","1992-07","23.4333","-109.7833","194.8","LA NUEVA CALIFORNIA, MX","611.5","m","255.0",",m","1",",m","1",",m","0",",m","0",",m","0",",m","0",",m","31",",m","25",",m","19920728",",,m","19920717",",,m","19920715",",,m","12.8",",m,28,","19.8",",,m,17,","36.7",",m,15,","0.0","m","0.0",",m","19.8",",,,m","26.56",",m","33.71",",,,m","19.40",",,,m"
"MXN00003181","1992-08","23.4333","-109.7833","194.8","LA NUEVA CALIFORNIA, MX","840.9","m","229.4",",m","4",",m","4",",m","1",",m","0",",m","0",",m","0",",m","31",",m","30",",m","19920803","+,,m","19920801",",,m","19920827",",,m","11.7",",m,03,+","62.0",",,m,01,","40.0",",m,27,","0.0","m","0.0",",m","111.0",",,,m","25.73",",m","35.32",",,,m","16.15",",,,m"
"MXN00003181","1992-09","23.4333","-109.7833","194.8","LA NUEVA CALIFORNIA, MX","1094.0","m","253.1",",m","4",",m","2",",m","1",",m","0",",m","0",",m","0",",m","30",",m","27",",m","19920923",",,m","19920924",",,m","19920917",",,m","11.7",",m,23,","71.9",",,m,24,","38.9",",m,17,","0.0","m","0.0",",m","87.9",",,,m","26.77",",m","34.54",",,,m","18.99",",,,m"
"MXN00003181","1992-10","23.4333","-109.7833","194.8","LA NUEVA CALIFORNIA, MX","1264.0","m","170.0",",m","1",",m","1",",m","0",",m","0",",m","0",",m","0",",m","31",",m","16",",m","19921031",",,m","19921030",",,m","19921004",",,m","7.8",",m,31,","21.8",",,m,30,","35.6",",m,04,","0.0","m","0.0",",m","21.8",",,,m","23.82",",m","31.94",",,,m","15.69",",,,m"
"MXN00003181","1992-11","23.4333","-109.7833","194.8","LA NUEVA CALIFORNIA, MX","1346.0","m","82.0",",m","0",",m","0",",m","0",",m","0",",m","0",",m","0",",m","30",",m","3",",m","19921127",",,m","19921130","+,,m","19921112",",,m","5.0",",m,27,","0.0",",,m,30,+","33.9",",m,12,","0.0","m","0.0",",m","0.0",",,,m","21.07",",m","29.74",",,,m","12.39",",,,m"
"MXN00003181","1992-12","23.4333","-109.7833","194.8","LA NUEVA CALIFORNIA, MX","1362.2","m","16.2",",m","3",",m","2",",m","0",",m","0",",m","0",",m","0",",m","31",",m","0",",m","19921219","+,,m","19921227",",,m","19921226","+,,m","5.6",",m,19,+","3.3",",,m,27,","30.6",",m,26,+","25.5","m","25.5",",m","8.4",",,,m","18.03",",m","27.38",",,,m","8.68",",,,m"
"MXN00003181","1993-01","23.4333","-109.7833","194.8","LA NUEVA CALIFORNIA, MX","43.0","m","43.0",",m","3",",m","2",",m","2",",m","0",",m","0",",m","0",",m","31",",m","5",",m","19930121","+,,m","19930106","+,,m","19930124","+,,m","5.6",",m,21,+","39.9",",,m,06,+","32.8",",m,24,+","33.3","m","7.8",",m","81.6",",,,m","19.47",",m","29.16",",,,m","9.77",",,,m"
"MXN00003181","1993-02","23.4333","-109.7833","194.8","LA NUEVA CALIFORNIA, MX","63.0","m","20.0",",m","1",",m","1",",m","1",",m","0",",m","0",",m","0",",m","28",",m","0",",m","19930212",",,m","19930227",",,m","19930218","+,,m","5.6",",m,12,","41.9",",,m,27,","31.7",",m,18,+","47.3","m","14.0",",m","41.9",",,,m","18.55",",m","28.08",",,,m","9.03",",,,m"
"MXN00003181","1993-03","23.4333","-109.7833","194.8","LA NUEVA CALIFORNIA, MX","73.7","m","10.7",",m","0",",m","0",",m","0",",m","0",",m","0",",m","0",",m","31",",m","0",",m","19930304","+,,m","19930331","+,,m","19930322",",,m","5.6",",m,04,+","0.0",",,m,31,+","31.7",",m,22,","82.6","m","35.3",",m","0.0",",,,m","17.54",",m","26.29",",,,m","8.78",",,,m"
"MXN00003181","1993-04","23.4333","-109.7833","194.8","LA NUEVA CALIFORNIA, MX","136.9","m","63.2",",m","0",",m","0",",m","0",",m","0",",m","0",",m","0",",m","30",",m","10",",m","19930409",",,m","19930430","+,,m","19930423",",,m","6.7",",m,09,","0.0",",,m,30,+","35.0",",m,23,","88.5","m","5.9",",m","0.0",",,,m","20.24",",m","30.12",",,,m","10.37",",,,m"
"MXN00003181","1993-05","23.4333","-109.7833","194.8","LA NUEVA CALIFORNIA, MX","248.5","m","111.6",",m","0",",m","0",",m","0",",m","0",",m","0",",m","0",",m","31",",m","19",",m","19930510","+,,m","19930531","+,,m","19930529",",,m","7.8",",m,10,+","0.0",",,m,31,+","38.9",",m,29,","88.5","m","0.0",",m","0.0",",,,m","21.93",",m","33.02",",,,m","10.85",",,,m"
"MXN00003181","1993-06","23.4333","-109.7833","194.8","LA NUEVA CALIFORNIA, MX","483.8","m","235.3",",m","0",",m","0",",m","0",",m","0",",m","0",",m","0",",m","30",",m","27",",m","19930601",",,m","19930630","+,,m","19930619",",,m","10.6",",m,01,","0.0",",,m,30,+","42.8",",m,19,","88.5","m","0.0",",m","0.0",",,,m","26.18",",m","36.74",",,,m","15.61",",,,m"
"MXN00003181","1993-07","23.4333","-109.7833","194.8","LA NUEVA CALIFORNIA, MX","761.7","m","277.9",",m","0",",m","0",",m","0",",m","0",",m","0",",m","0",",m","31",",m","25",",m","19930723",",,m","19930731","+,,m","19930728",",,m","15.0",",m,23,","0.0",",,m,31,+","41.7",",m,28,","0.0","m","0.0",",m","0.0",",,,m","27.30",",m","35.13",",,,m","19.47",",,,m"
"MXN00003181","1993-08","23.4333","-109.7833","194.8","LA NUEVA CALIFORNIA, MX","1071.6","m","309.9",",m","3",",m","2",",m","1",",m","0",",m","0",",m","0",",m","31",",m","23",",m","19930824",",,m","19930824",",,m","19930805",",,m","13.9",",m,24,","101.9",",,m,24,","40.6",",m,05,","0.0","m","0.0",",m","109.0",",,,m","28.33",",m","35.51",",,,m","21.15",",,,m"
"MXN00003181","1993-09","23.4333","-109.7833","194.8","LA NUEVA CALIFORNIA, MX","1327.7","m","256.1",",m","4",",m","3",",m","0",",m","0",",m","0",",m","0",",m","30",",m","18",",m","19930916",",,m","19930903",",,m","19930921",",,m","15.6",",m,16,","5.8",",,m,03,","37.8",",m,21,","0.0","m","0.0",",m","16.2",",,,m","26.87",",m","33.08",",,,m","20.66",",,,m"
"MXN00003181","1993-10","23.4333","-109.7833","194.8","LA NUEVA CALIFORNIA, MX","1563.4","m","235.7",",m","0",",m","0",",m","0",",m","0",",m","0",",m","0",",m","31",",m","24",",m","19931030",",,m","19931031","+,,m","19931012",",,m","10.6",",m,30,","0.0",",,m,31,+","38.9",",m,12,","0.0","m","0.0",",m","0.0",",,,m","25.94",",m","34.20",",,,m","17.67",",,,m"
"MXN00003181","1993-11","23.4333","-109.7833","194.8","LA NUEVA CALIFORNIA, MX","1684.7","m","121.3",",m","0",",m","0",",m","0",",m","0",",m","0",",m","0",",m","30",",m","16",",m","19931118",",,m","19931130","+,,m","19931104","+,,m","7.8",",m,18,","0.0",",,m,30,+","36.7",",m,04,+","0.5","m","0.5",",m","0.0",",,,m","22.36",",m","32.08",",,,m","12.64",",,,m"
"MXN00003181","1993-12","23.4333","-109.7833","194.8","LA NUEVA CALIFORNIA, MX","1739.8","m","55.1",",m","0",",m","0",",m","0",",m","0",",m","0",",m","0",",m","29",",m","1",",m","19931225",",,m","19931231","+,,m","19931208",",,m","5.0",",m,25,","0.0",",,m,31,+","32.8",",m,08,","26.1","m","25.6",",m","0.0",",,,m","19.29",",m","25.20",",,,m","13.37",",,,m"
"MXN00003181","1995-01","23.4333","-109.7833","194.8","LA NUEVA CALIFORNIA, MX","18.8","","18.8",",m","0",",m","0",",m","0",",m","0",",m","0",",m","0",",m","31",",m","0",",m","19950131",",,m","19950131","+,,m","19950125",",,m","6.7",",m,31,","0.0",",,m,31,+","31.7",",m,25,","","","3.7",",m","0.0",",,,m","18.82",",m","28.32",",,,m","9.32",",,,m"
"MXN00003181","1995-02","23.4333","-109.7833","194.8","LA NUEVA CALIFORNIA, MX","50.6","","31.8",",m","0",",m","0",",m","0",",m","0",",m","0",",m","0",",m","28",",m","0",",m","19950216",",,m","19950228","+,,m","19950208",",,m","6.7",",m,16,","0.0",",,m,28,+","31.7",",m,08,","","","2.1",",m","0.0",",,,m","19.39",",m","28.94",",,,m","9.84",",,,m"
"MXN00003181","1995-03","23.4333","-109.7833","194.8","LA NUEVA CALIFORNIA, MX","95.0","","44.4",",m","0",",m","0",",m","0",",m","0",",m","0",",m","0",",m","31",",m","0",",m","19950312","+,,m","19950331","+,,m","19950330",",,m","8.9",",m,12,+","0.0",",,m,31,+","31.7",",m,30,","","","0.0",",m","0.0",",,,m","19.77",",m","29.37",",,,m","10.16",",,,m"
"MXN00003181","1995-04","23.4333","-109.7833","194.8","LA NUEVA CALIFORNIA, MX","142.5","","47.5",",m","0",",m","0",",m","0",",m","0",",m","0",",m","0",",m","30",",m","0",",m","19950422","+,,m","19950430","+,,m","19950428","+,,m","7.8",",m,22,+","0.0",",,m,30,+","30.6",",m,28,+","","","0.0",",m","0.0",",,,m","19.92",",m","29.94",",,,m","9.89",",,,m"
"MXN00003181","1995-05","23.4333","-109.7833","194.8","LA NUEVA CALIFORNIA, MX","207.9","","65.4",",m","0",",m","0",",m","0",",m","0",",m","0",",m","0",",m","31",",m","0",",m","19950517",",,m","19950531","+,,m","19950531","+,,m","8.9",",m,17,","0.0",",,m,31,+","31.7",",m,31,+","","","0.0",",m","0.0",",,,m","20.44",",m","30.33",",,,m","10.56",",,,m"
"MXN00003181","1995-06","23.4333","-109.7833","194.8","LA NUEVA CALIFORNIA, MX","359.1","","151.2",",m","0",",m","0",",m","0",",m","0",",m","0",",m","0",",m","30",",m","21",",m","19950613","+,,m","19950630","+,,m","19950629","+,,m","10.6",",m,13,+","0.0",",,m,30,+","35.6",",m,29,+","","","0.0",",m","0.0",",,,m","23.37",",m","33.61",",,,m","13.13",",,,m"
"MXN00003181","1995-07","23.4333","-109.7833","194.8","LA NUEVA CALIFORNIA, MX","662.4","","303.3",",m","3",",m","0",",m","0",",m","0",",m","0",",m","0",",m","31",",m","31",",m","19950712","+,,m","19950726",",,m","19950727","+,,m","15.6",",m,12,+","1.3",",,m,26,","40.6",",m,27,+","0.0","","0.0",",m","2.4",",,,m","28.12",",m","37.50",",,,m","18.74",",,,m"
"MXN00003181","1995-08","23.4333","-109.7833","194.8","LA NUEVA CALIFORNIA, MX","1000.9","","338.5",",m","0",",m","0",",m","0",",m","0",",m","0",",m","0",",m","31",",m","31",",m","19950805","+,,m","19950831","+,,m","19950830","+,,m","15.6",",m,05,+","0.0",",,m,31,+","40.6",",m,30,+","0.0","","0.0",",m","0.0",",,,m","29.25",",m","38.23",",,,m","20.27",",,,m"
