"STATION","DATE","LATITUDE","LONGITUDE","ELEVATION","NAME","CDSD","CDSD_ATTRIBUTES","CLDD","CLDD_ATTRIBUTES","DP01","DP01_ATTRIBUTES","DP10","DP10_ATTRIBUTES","DP1X","DP1X_ATTRIBUTES","DT00","DT00_ATTRIBUTES","DT32","DT32_ATTRIBUTES","DX32","DX32_ATTRIBUTES","DX70","DX70_ATTRIBUTES","DX90","DX90_ATTRIBUTES","DYNT","DYNT_ATTRIBUTES","DYXP","DYXP_ATTRIBUTES","DYXT","DYXT_ATTRIBUTES","EMNT","EMNT_ATTRIBUTES","EMXP","EMXP_ATTRIBUTES","EMXT","EMXT_ATTRIBUTES","HDSD","HDSD_ATTRIBUTES","HTDD","HTDD_ATTRIBUTES","PRCP","PRCP_ATTRIBUTES","TAVG","TAVG_ATTRIBUTES","TMAX","TMAX_ATTRIBUTES","TMIN","TMIN_ATTRIBUTES"
"MXN00005154","1980-11","26.8333","-101.3333","769.9","HUIZACHAL, MX","","","27.2","1,m","5",",m","1",",m","0",",m","0","1,m","4","1,m","0","1,m","18","1,m","3","1,m","19801119",",1,m","19801125",",,m","19801109","+,1,m","-1.1","1,m,19,","3.8",",,m,25,","33.9","1,m,09,+","","","124.6","1,m","7.0",",,,m","14.97","1,m","22.54","1,,,m","7.40","1,,,m"
"MXN00005154","1980-12","26.8333","-101.3333","769.9","HUIZACHAL, MX","","","2.6","3,m","3",",m","0",",m","0",",m","0","2,m","3","2,m","0","2,m","16","2,m","0","2,m","19801221",",2,m","19801209",",,m","19801218",",2,m","-2.2","2,m,21,","0.8",",,m,09,","30.0","2,m,18,","","","129.8","2,m","1.4",",,,m","13.53","3,m","20.61","2,,,m","6.46","2,,,m"
"MXN00005154","1981-01","26.8333","-101.3333","769.9","HUIZACHAL, MX","0.0","m","0.0",",m","8",",m","6",",m","0",",m","0",",m","5",",m","0",",m","11",",m","0",",m","19810120","+,,m","19810116","+,,m","19810129","+,,m","-1.1",",m,20,+","19.8",",,m,16,+","26.7",",m,29,+","","","229.3",",m","62.0",",,,m","10.94",",m","17.96",",,,m","3.91",",,,m"
"MXN00005154","1981-02","26.8333","-101.3333","769.9","HUIZACHAL, MX","9.6","m","9.6",",m","2",",m","2",",m","0",",m","0",",m","3",",m","0",",m","17",",m","0",",m","19810213","+,,m","19810224",",,m","19810209",",,m","-2.2",",m,13,+","5.3",",,m,24,","30.6",",m,09,","","","123.8",",m","8.1",",,,m","14.25",",m","21.39",",,,m","7.12",",,,m"
"MXN00005154","1981-03","26.8333","-101.3333","769.9","HUIZACHAL, MX","50.5","m","40.9",",m","5",",m","3",",m","0",",m","0",",m","0",",m","0",",m","27",",m","3",",m","19810320","+,,m","19810309",",,m","19810328",",,m","6.7",",m,20,+","9.9",",,m,09,","35.0",",m,28,","","","53.2",",m","19.1",",,,m","17.94",",m","25.24",",,,m","10.63",",,,m"
"MXN00005154","1981-04","26.8333","-101.3333","769.9","HUIZACHAL, MX","258.1","m","207.6","1,m","9",",m","5",",m","1",",m","0","1,m","0","1,m","0","1,m","29","1,m","23","1,m","19810416","+,1,m","19810414",",,m","19810405","+,1,m","13.9","1,m,16,+","64.3",",,m,14,","38.9","1,m,05,+","","","0.0","1,m","97.1",",,,m","25.49","1,m","33.69","1,,,m","17.29","1,,,m"
"MXN00005154","1981-05","26.8333","-101.3333","769.9","HUIZACHAL, MX","479.3","m","221.2","1,m","7",",m","4",",m","0",",m","0","1,m","0","1,m","0",",m","31",",m","15",",m","19810512",",1,m","19810502",",,m","19810527",",,m","14.4","1,m,12,","24.4",",,m,02,","39.4",",m,27,","","","0.0",",m","54.0",",,,m","25.68","1,m","32.90",",,,m","18.45","1,,,m"
"MXN00005154","1981-07","26.8333","-101.3333","769.9","HUIZACHAL, MX","","","306.1","1,m","5",",m","4",",m","0",",m","0","1,m","0","1,m","0","1,m","30","1,m","29","1,m","19810717",",1,m","19810716",",,m","19810708",",1,m","16.7","1,m,17,","22.9",",,m,16,","40.6","1,m,08,","0.0","m","0.0","1,m","62.5",",,,m","28.54","1,m","36.78","1,,,m","20.30","1,,,m"
"MXN00005154","1981-11","26.8333","-101.3333","769.9","HUIZACHAL, MX","","","27.2","5,m","0",",m","0",",m","0",",m","0","4,m","2","4,m","0","4,m","17","4,m","3","4,m","19811119",",4,m","19811130","+,,m","19811109","+,4,m","-1.1","4,m,19,","0.0",",,m,30,+","33.9","4,m,09,+","","","94.9","4,m","0.0",",,,m","15.34","5,m","22.80","4,,,m","7.89","4,,,m"
"MXN00005154","1981-12","26.8333","-101.3333","769.9","HUIZACHAL, MX","","","2.6","4,m","0",",m","0",",m","0",",m","0","3,m","3","3,m","0","3,m","16","3,m","0","3,m","19811221",",3,m","19811231","+,,m","19811218",",3,m","-2.2","3,m,21,","0.0",",,m,31,+","30.0","3,m,18,","","","119.6","3,m","0.0",",,,m","13.73","4,m","20.79","3,,,m","6.66","3,,,m"
"MXN00005154","1982-01","26.8333","-101.3333","769.9","HUIZACHAL, MX","11.5","m","11.5",",m","0",",m","0",",m","0",",m","0",",m","8",",m","0",",m","21",",m","3",",m","19820114",",,m","19820131","+,,m","19820129",",,m","-6.1",",m,14,","0.0",",,m,31,+","33.9",",m,29,","","","136.6",",m","0.0",",,,m","14.30",",m","24.94",",,,m","3.65",",,,m"
"MXN00005154","1982-02","26.8333","-101.3333","769.9","HUIZACHAL, MX","24.1","m","12.6",",m","2",",m","2",",m","0",",m","0",",m","7",",m","0",",m","16",",m","2",",m","19820207",",,m","19820213",",,m","19820224","+,,m","-5.0",",m,07,","5.3",",,m,13,","32.8",",m,24,+","","","150.3",",m","10.1",",,,m","13.42",",m","22.36",",,,m","4.48",",,,m"
"MXN00005154","1982-03","26.8333","-101.3333","769.9","HUIZACHAL, MX","110.1","m","86.0",",m","2",",m","0",",m","0",",m","0",",m","0",",m","0",",m","25",",m","10",",m","19820308","+,,m","19820321",",,m","19820321",",,m","0.6",",m,08,+","0.8",",,m,21,","38.9",",m,21,","","","39.7",",m","1.3",",,,m","19.83",",m","28.98",",,,m","10.67",",,,m"
"MXN00005154","1982-04","26.8333","-101.3333","769.9","HUIZACHAL, MX","298.2","m","188.1",",m","2",",m","2",",m","0",",m","0",",m","0",",m","0",",m","29",",m","18",",m","19820424","+,,m","19820429",",,m","19820402",",,m","7.8",",m,24,+","5.3",",,m,29,","40.6",",m,02,","","","8.2",",m","9.1",",,,m","24.33",",m","33.32",",,,m","15.34",",,,m"
"MXN00005154","1982-05","26.8333","-101.3333","769.9","HUIZACHAL, MX","521.3","m","223.1","1,m","2",",m","1",",m","0",",m","0",",m","0",",m","0","1,m","30","1,m","17","1,m","19820514","+,,m","19820517",",,m","19820530","+,1,m","15.0",",m,14,+","9.4",",,m,17,","38.9","1,m,30,+","","","0.0","1,m","10.2",",,,m","25.77","1,m","32.68","1,,,m","18.86",",,,m"
"MXN00005154","1982-06","26.8333","-101.3333","769.9","HUIZACHAL, MX","863.8","m","342.5",",m","3",",m","3",",m","1",",m","0",",m","0",",m","0",",m","30",",m","28",",m","19820613",",,m","19820618",",,m","19820615",",,m","17.8",",m,13,","31.0",",,m,18,","40.6",",m,15,","","","0.0",",m","55.1",",,,m","29.75",",m","37.62",",,,m","21.88",",,,m"
"MXN00005154","1982-07","26.8333","-101.3333","769.9","HUIZACHAL, MX","1242.5","m","378.7",",m","1",",m","1",",m","0",",m","0",",m","0",",m","0",",m","31",",m","31",",m","19820701",",,m","19820704",",,m","19820725",",,m","20.6",",m,01,","10.4",",,m,04,","40.6",",m,25,","0.0","m","0.0",",m","10.4",",,,m","30.55",",m","37.75",",,,m","23.35",",,,m"
"MXN00005154","1982-08","26.8333","-101.3333","769.9","HUIZACHAL, MX","1596.4","m","353.9",",m","1",",m","1",",m","0",",m","0",",m","0",",m","0",",m","31",",m","30",",m","19820819",",,m","19820818",",,m","19820831","+,,m","18.9",",m,19,","2.8",",,m,18,","40.0",",m,31,+","0.0","m","0.0",",m","2.8",",,,m","29.75",",m","37.62",",,,m","21.88",",,,m"
"MXN00005154","1982-09","26.8333","-101.3333","769.9","HUIZACHAL, MX","1852.8","m","256.4",",m","4",",m","3",",m","0",",m","0",",m","0",",m","0",",m","30",",m","23",",m","19820922",",,m","19820903",",,m","19820901",",,m","12.8",",m,22,","24.4",",,m,03,","39.4",",m,01,","0.0","m","0.0",",m","33.8",",,,m","26.88",",m","34.09",",,,m","19.67",",,,m"
"MXN00005154","1982-10","26.8333","-101.3333","769.9","HUIZACHAL, MX","1950.9","m","98.1","3,m","2","1,m","0","1,m","0","1,m","0","2,m","0","2,m","0","2,m","26","2,m","13","2,m","19821015",",2,m","19821012","+,1,m","19821008",",2,m","3.9","2,m,15,","0.8","1,,m,12,+","37.2","2,m,08,","14.9","m","14.9","2,m","1.6","1,,,m","21.15","3,m","29.36","2,,,m","12.95","2,,,m"
"MXN00005154","1982-11","26.8333","-101.3333","769.9","HUIZACHAL, MX","1963.2","m","12.3","4,m","3","2,m","1","2,m","0","2,m","0","3,m","2","3,m","0","3,m","19","3,m","0","3,m","19821126","+,3,m","19821125",",2,m","19821121",",3,m","0.0","3,m,26,+","10.9","2,,m,25,","31.7","3,m,21,","132.8","m","117.9","3,m","13.0","2,,,m","14.33","4,m","22.66","3,,,m","6.00","3,,,m"
"MXN00005154","1982-12","26.8333","-101.3333","769.9","HUIZACHAL, MX","1973.9","m","10.7",",m","2",",m","2",",m","0",",m","0",",m","0",",m","0",",m","14",",m","0",",m","19821231","+,,m","19821209",",,m","19821224","+,,m","2.2",",m,31,+","16.8",",,m,09,","31.7",",m,24,+","309.0","m","176.2",",m","23.7",",,,m","12.99",",m","20.34",",,,m","5.64",",,,m"
"MXN00005154","1983-01","26.8333","-101.3333","769.9","HUIZACHAL, MX","0.0","m","0.0",",m","4",",m","4",",m","0",",m","0",",m","2",",m","0",",m","10",",m","0",",m","19830105",",,m","19830114",",,m","19830129",",,m","-1.1",",m,05,","18.8",",,m,14,","27.8",",m,29,","532.4","m","223.4",",m","42.0",",,,m","11.13",",m","18.38",",,,m","3.87",",,,m"
"MXN00005154","1983-03","26.8333","-101.3333","769.9","HUIZACHAL, MX","","","33.9",",m","0",",m","0",",m","0",",m","0",",m","0",",m","0",",m","29",",m","1",",m","19830327","+,,m","19830331","+,,m","19830303",",,m","5.6",",m,27,+","0.0",",,m,31,+","32.8",",m,03,","","","27.2",",m","0.0",",,,m","18.55",",m","27.56",",,,m","9.53",",,,m"
"MXN00005154","1983-04","26.8333","-101.3333","769.9","HUIZACHAL, MX","","","107.2",",m","0",",m","0",",m","0",",m","0",",m","0",",m","0",",m","29",",m","14",",m","19830409",",,m","19830430","+,,m","19830418",",,m","2.8",",m,09,","0.0",",,m,30,+","36.7",",m,18,","","","11.3",",m","0.0",",,,m","21.53",",m","31.30",",,,m","11.76",",,,m"
"MXN00005154","1983-05","26.8333","-101.3333","769.9","HUIZACHAL, MX","","","280.9",",m","1",",m","1",",m","1",",m","0",",m","0",",m","0",",m","31",",m","26",",m","19830504",",,m","19830528",",,m","19830521","+,,m","15.0",",m,04,","31.8",",,m,28,","40.6",",m,21,+","","","0.0",",m","31.8",",,,m","27.39",",m","35.63",",,,m","19.16",",,,m"
"MXN00005154","1983-06","26.8333","-101.3333","769.9","HUIZACHAL, MX","","","301.5",",m","1",",m","1",",m","1",",m","0",",m","0",",m","0",",m","30",",m","27",",m","19830608","+,,m","19830611",",,m","19830627",",,m","16.7",",m,08,+","47.0",",,m,11,","41.7",",m,27,","","","0.0",",m","47.0",",,,m","28.38",",m","36.00",",,,m","20.76",",,,m"
"MXN00005154","1983-07","26.8333","-101.3333","769.9","HUIZACHAL, MX","","","341.2",",m","0",",m","0",",m","0",",m","0",",m","0",",m","0",",m","31",",m","31",",m","19830715","+,,m","19830731","+,,m","19830726","+,,m","18.9",",m,15,+","0.0",",,m,31,+","40.0",",m,26,+","0.0","m","0.0",",m","0.0",",,,m","29.34",",m","37.03",",,,m","21.65",",,,m"
"MXN00005154","1983-08","26.8333","-101.3333","769.9","HUIZACHAL, MX","","","280.4","1,m","7",",m","7",",m","1",",m","0",",m","0",",m","0","1,m","30","1,m","26","1,m","19830826",",,m","19830813",",,m","19830829","+,1,m","18.3",",m,26,","67.8",",,m,13,","37.8","1,m,29,+","0.0","m","0.0","1,m","149.6",",,,m","27.67","1,m","34.63","1,,,m","20.70",",,,m"
"MXN00005154","1983-09","26.8333","-101.3333","769.9","HUIZACHAL, MX","","","246.8",",m","4",",m","2",",m","0",",m","0",",m","0",",m","0",",m","30",",m","18",",m","19830922",",,m","19830912",",,m","19830905",",,m","10.6",",m,22,","14.0",",,m,12,","38.9",",m,05,","0.0","m","0.0",",m","29.0",",,,m","26.56",",m","33.37",",,,m","19.75",",,,m"
"MXN00005154","1983-10","26.8333","-101.3333","769.9","HUIZACHAL, MX","","","141.2",",m","3",",m","3",",m","0",",m","0",",m","0",",m","0",",m","31",",m","11",",m","19831027","+,,m","19831008",",,m","19831006",",,m","8.9",",m,27,+","18.3",",,m,08,","36.7",",m,06,","2.7","m","2.7",",m","36.6",",,,m","22.80",",m","30.99",",,,m","14.61",",,,m"
"MXN00005154","1983-11","26.8333","-101.3333","769.9","HUIZACHAL, MX","","","78.2",",m","1",",m","1",",m","0",",m","0",",m","0",",m","0",",m","29",",m","4",",m","19831128","+,,m","19831105",",,m","19831118","+,,m","2.8",",m,28,+","3.3",",,m,05,","35.0",",m,18,+","19.8","m","17.1",",m","3.3",",,,m","20.37",",m","29.72",",,,m","11.02",",,,m"
"MXN00005154","1983-12","26.8333","-101.3333","769.9","HUIZACHAL, MX","","","13.3","2,m","0",",m","0",",m","0",",m","0","2,m","9","2,m","0","2,m","15","2,m","3","2,m","19831225",",2,m","19831231","+,,m","19831212","+,2,m","-13.3","2,m,25,","0.0",",,m,31,+","32.8","2,m,12,+","223.8","m","204.0","2,m","0.0",",,,m","11.76","2,m","20.77","2,,,m","2.74","2,,,m"
"MXN00005154","1984-01","26.8333","-101.3333","769.9","HUIZACHAL, MX","0.0","","0.0","2,m","7",",m","5",",m","2",",m","0","1,m","8","1,m","0","1,m","5","1,m","0","1,m","19840120",",1,m","19840130",",,m","19840106",",1,m","-3.3","1,m,20,","47.0",",,m,30,","25.0","1,m,06,","491.8","","268.0","1,m","99.7",",,,m","8.92","2,m","15.13","1,,,m","2.71","1,,,m"
"MXN00005154","1984-02","26.8333","-101.3333","769.9","HUIZACHAL, MX","9.9","","9.9","1,m","0",",m","0",",m","0",",m","0","1,m","0","1,m","0","1,m","17","1,m","0","1,m","19840229","+,1,m","19840229","+,,m","19840215",",1,m","0.6","1,m,29,+","0.0",",,m,29,+","31.7","1,m,15,","597.3","","105.5","1,m","0.0",",,,m","14.92","1,m","23.64","1,,,m","6.20","1,,,m"
"MXN00005154","1984-03","26.8333","-101.3333","769.9","HUIZACHAL, MX","68.9","","59.0","1,m","0",",m","0",",m","0",",m","0","1,m","1","1,m","0","1,m","29","1,m","10","1,m","19840310",",1,m","19840331","+,,m","19840327","+,1,m","0.0","1,m,10,","0.0",",,m,31,+","37.8","1,m,27,+","649.8","","52.5","1,m","0.0",",,,m","18.55","1,m","29.15","1,,,m","7.95","1,,,m"
"MXN00005154","1984-04","26.8333","-101.3333","769.9","HUIZACHAL, MX","217.9","","149.0","1,m","0",",m","0",",m","0",",m","0","1,m","0","1,m","0","1,m","29","1,m","22","1,m","19840405",",1,m","19840430","+,,m","19840419",",1,m","7.8","1,m,05,","0.0",",,m,30,+","38.9","1,m,19,","649.8","","0.0","1,m","0.0",",,,m","23.47","1,m","33.62","1,,,m","13.32","1,,,m"
"MXN00005154","1984-05","26.8333","-101.3333","769.9","HUIZACHAL, MX","488.4","","270.5",",m","4",",m","4",",m","3",",m","0",",m","0",",m","0",",m","31",",m","25",",m","19840518","+,,m","19840516",",,m","19840505",",,m","11.7",",m,18,+","45.0",",,m,16,","42.8",",m,05,","649.8","","0.0",",m","123.8",",,,m","27.06",",m","35.74",",,,m","18.37",",,,m"
"MXN00005154","1984-06","26.8333","-101.3333","769.9","HUIZACHAL, MX","775.2","","286.8",",m","3",",m","1",",m","0",",m","0",",m","0",",m","0",",m","30",",m","26",",m","19840602",",,m","19840613",",,m","19840627",",,m","11.7",",m,02,","9.9",",,m,13,","40.0",",m,27,","649.8","","0.0",",m","12.5",",,,m","27.89",",m","35.56",",,,m","20.23",",,,m"
"MXN00005154","1984-07","26.8333","-101.3333","769.9","HUIZACHAL, MX","1067.8","","292.6",",m","5",",m","4",",m","1",",m","0",",m","0",",m","0",",m","31",",m","27",",m","19840729",",,m","19840725",",,m","19840701",",,m","15.6",",m,29,","59.9",",,m,25,","41.7",",m,01,","0.0","","0.0",",m","106.9",",,,m","27.77",",m","35.09",",,,m","20.45",",,,m"
"MXN00005154","1984-09","26.8333","-101.3333","769.9","HUIZACHAL, MX","","","","","4",",m","4",",m","0",",m","","","","","","","","","","","","","19840902",",,m","","","","","16.8",",,m,02,","","","","","","","31.2",",,,m","","","","","",""
"MXN00005154","1984-11","26.8333","-101.3333","769.9","HUIZACHAL, MX","","","","","1",",m","1",",m","0",",m","","","","","","","","","","","","","19841101",",,m","","","","","5.8",",,m,01,","","","","","","","5.8",",,,m","","","","","",""
"MXN00005154","1985-02","26.8333","-101.3333","769.9","HUIZACHAL, MX","","","","","1",",m","1",",m","0",",m","","","","","","","","","","","","","19850226",",,m","","","","","8.9",",,m,26,","","","","","","","8.9",",,,m","","","","","",""
"MXN00005154","1985-03","26.8333","-101.3333","769.9","HUIZACHAL, MX","","","","","2",",m","2",",m","0",",m","","","","","","","","","","","","","19850322",",,m","","","","","7.9",",,m,22,","","","","","","","13.7",",,,m","","","","","",""
"MXN00005154","1985-06","26.8333","-101.3333","769.9","HUIZACHAL, MX","","","","","6",",m","6",",m","2",",m","","","","","","","","","","","","","19850619",",,m","","","","","50.3",",,m,19,","","","","","","","137.7",",,,m","","","","","",""
"MXN00005154","1985-10","26.8333","-101.3333","769.9","HUIZACHAL, MX","","","","","2",",m","2",",m","1",",m","","","","","","","","","","","","","19851019",",,m","","","","","43.9",",,m,19,","","","","","","","54.8",",,,m","","","","","",""
"MXN00005154","1985-11","26.8333","-101.3333","769.9","HUIZACHAL, MX","","","","","0",",m","0",",m","0",",m","","","","","","","","","","","","","19851130","+,,m","","","","","0.0",",,m,30,+","","","","","","","0.0",",,,m","","","","","",""
"MXN00005154","1985-12","26.8333","-101.3333","769.9","HUIZACHAL, MX","","","","","0",",m","0",",m","0",",m","","","","","","","","","","","","","19851231","+,,m","","","","","0.0",",,m,31,+","","","","","","","0.0",",,,m","","","","","",""
"MXN00005154","1986-01","26.8333","-101.3333","769.9","HUIZACHAL, MX","","","","","0",",m","0",",m","0",",m","","","","","","","","","","","","","19860131","+,,m","","","","","0.0",",,m,31,+","","","","","","","0.0",",,,m","","","","","",""
"MXN00005154","1986-02","26.8333","-101.3333","769.9","HUIZACHAL, MX","","","","","0",",m","0",",m","0",",m","","","","","","","","","","","","","19860228","+,,m","","","","","0.0",",,m,28,+","","","","","","","0.0",",,,m","","","","","",""
"MXN00005154","1986-03","26.8333","-101.3333","769.9","HUIZACHAL, MX","","","","","0",",m","0",",m","0",",m","","","","","","","","","","","","","19860331","+,,m","","","","","0.0",",,m,31,+","","","","","","","0.0",",,,m","","","","","",""
"MXN00005154","1986-04","26.8333","-101.3333","769.9","HUIZACHAL, MX","","","","","4",",m","4",",m","1",",m","","","","","","","","","","","","","19860428",",,m","","","","","29.0",",,m,28,","","","","","","","67.6",",,,m","","","","","",""
"MXN00005154","1986-05","26.8333","-101.3333","769.9","HUIZACHAL, MX","","","","","2",",m","2",",m","0",",m","","","","","","","","","","","","","19860526",",,m","","","","","19.8",",,m,26,","","","","","","","26.7",",,,m","","","","","",""
