"STATION","DATE","LATITUDE","LONGITUDE","ELEVATION","NAME","CDSD","CDSD_ATTRIBUTES","CLDD","CLDD_ATTRIBUTES","DP01","DP01_ATTRIBUTES","DP10","DP10_ATTRIBUTES","DP1X","DP1X_ATTRIBUTES","DT00","DT00_ATTRIBUTES","DT32","DT32_ATTRIBUTES","DX32","DX32_ATTRIBUTES","DX70","DX70_ATTRIBUTES","DX90","DX90_ATTRIBUTES","DYNT","DYNT_ATTRIBUTES","DYXP","DYXP_ATTRIBUTES","DYXT","DYXT_ATTRIBUTES","EMNT","EMNT_ATTRIBUTES","EMXP","EMXP_ATTRIBUTES","EMXT","EMXT_ATTRIBUTES","HDSD","HDSD_ATTRIBUTES","HTDD","HTDD_ATTRIBUTES","PRCP","PRCP_ATTRIBUTES","TAVG","TAVG_ATTRIBUTES","TMAX","TMAX_ATTRIBUTES","TMIN","TMIN_ATTRIBUTES"
"MXN00025079","1970-11","23.0","-105.85","19.8","ROSARIO AARB, MX","","","170.6",",m","1",",m","0",",m","0",",m","0",",m","0",",m","0",",m","30",",m","6",",m","19701118",",,m","19701104",",,m","19701115",",,m","13.3",",m,18,","1.8",",,m,04,","33.3",",m,15,","","","0.0",",m","1.8",",,,m","24.02",",m","30.32",",,,m","17.72",",,,m"
"MXN00025079","1970-12","23.0","-105.85","19.8","ROSARIO AARB, MX","","","","","0","3,m","0","3,m","0","3,m","","","","","","","","","","","","","19701231","+,3,m","","","","","0.0","3,,m,31,+","","","","","","","0.0","3,,,m","","","","","",""
"MXN00025079","1971-01","23.0","-105.85","19.8","ROSARIO AARB, MX","72.5","m","72.5",",m","1",",m","0",",m","0",",m","0",",m","0",",m","0",",m","30",",m","0",",m","19710106","+,,m","19710107",",,m","19710117","+,,m","10.0",",m,06,+","1.3",",,m,07,","31.7",",m,17,+","","","7.2",",m","1.3",",,,m","20.44",",m","27.72",",,,m","13.16",",,,m"
"MXN00025079","1971-02","23.0","-105.85","19.8","ROSARIO AARB, MX","106.9","m","34.4",",m","0",",m","0",",m","0",",m","0",",m","0",",m","0",",m","28",",m","1",",m","19710210","+,,m","19710228","+,,m","19710213",",,m","7.8",",m,10,+","0.0",",,m,28,+","32.2",",m,13,","","","3.8",",m","0.0",",,,m","19.43",",m","27.94",",,,m","10.91",",,,m"
"MXN00025079","1971-03","23.0","-105.85","19.8","ROSARIO AARB, MX","226.7","m","119.8",",m","0",",m","0",",m","0",",m","0",",m","0",",m","0",",m","31",",m","12",",m","19710304",",,m","19710331","+,,m","19710328",",,m","9.4",",m,04,","0.0",",,m,31,+","35.6",",m,28,","","","0.3",",m","0.0",",,,m","22.19",",m","31.35",",,,m","13.03",",,,m"
"MXN00025079","1971-04","23.0","-105.85","19.8","ROSARIO AARB, MX","393.2","m","166.5",",m","0",",m","0",",m","0",",m","0",",m","0",",m","0",",m","30",",m","11",",m","19710409",",,m","19710430","+,,m","19710408",",,m","13.3",",m,09,","0.0",",,m,30,+","37.2",",m,08,","","","0.0",",m","0.0",",,,m","23.88",",m","31.28",",,,m","16.49",",,,m"
"MXN00025079","1971-05","23.0","-105.85","19.8","ROSARIO AARB, MX","651.3","m","258.1",",m","0",",m","0",",m","0",",m","0",",m","0",",m","0",",m","31",",m","28",",m","19710503","+,,m","19710531","+,,m","19710508","+,,m","16.7",",m,03,+","0.0",",,m,31,+","36.1",",m,08,+","","","0.0",",m","0.0",",,,m","26.66",",m","33.53",",,,m","19.79",",,,m"
"MXN00025079","1971-07","23.0","-105.85","19.8","ROSARIO AARB, MX","","","297.5",",m","24",",m","11",",m","3",",m","0",",m","0",",m","0",",m","31",",m","26",",m","19710728","+,,m","19710713",",,m","19710731","+,,m","21.7",",m,28,+","40.4",",,m,13,","35.0",",m,31,+","0.0","m","0.0",",m","187.7",",,,m","27.93",",m","32.92",",,,m","22.94",",,,m"
"MXN00025079","1971-08","23.0","-105.85","19.8","ROSARIO AARB, MX","","","284.8",",m","15",",m","13",",m","4",",m","0",",m","0",",m","0",",m","31",",m","17",",m","19710811","+,,m","19710810",",,m","19710828",",,m","20.6",",m,11,+","75.4",",,m,10,","35.0",",m,28,","0.0","m","0.0",",m","271.0",",,,m","27.52",",m","32.29",",,,m","22.75",",,,m"
"MXN00025079","1971-09","23.0","-105.85","19.8","ROSARIO AARB, MX","","","266.6",",m","15","2,m","12","2,m","6","2,m","0",",m","0",",m","0",",m","30",",m","17",",m","19710930","+,,m","19710901",",2,m","19710924","+,,m","21.7",",m,30,+","97.0","2,,m,01,","35.0",",m,24,+","0.0","m","0.0",",m","380.9","2,,,m","27.22",",m","31.72",",,,m","22.72",",,,m"
"MXN00025079","1971-11","23.0","-105.85","19.8","ROSARIO AARB, MX","","","206.0",",m","0",",m","0",",m","0",",m","0",",m","0",",m","0",",m","30",",m","15",",m","19711130",",,m","19711130","+,,m","19711114","+,,m","11.7",",m,30,","0.0",",,m,30,+","35.0",",m,14,+","","","0.0",",m","0.0",",,,m","25.20",",m","32.30",",,,m","18.09",",,,m"
"MXN00025079","1971-12","23.0","-105.85","19.8","ROSARIO AARB, MX","","","141.2",",m","1",",m","0",",m","0",",m","0",",m","0",",m","0",",m","31",",m","8",",m","19711207",",,m","19711216",",,m","19711223","+,,m","11.7",",m,07,","0.3",",,m,16,","35.0",",m,23,+","","","0.0",",m","0.3",",,,m","22.89",",m","30.57",",,,m","15.20",",,,m"
"MXN00025079","1972-01","23.0","-105.85","19.8","ROSARIO AARB, MX","106.8","","106.8","1,m","1",",m","0",",m","0",",m","0",",m","0",",m","0","1,m","30","1,m","0","1,m","19720122","+,,m","19720120",",,m","19720119",",1,m","12.8",",m,22,+","0.5",",,m,20,","31.7","1,m,19,","","","0.0","1,m","0.5",",,,m","21.89","1,m","28.79","1,,,m","14.99",",,,m"
"MXN00025079","1972-02","23.0","-105.85","19.8","ROSARIO AARB, MX","205.4","","98.6",",m","0",",m","0",",m","0",",m","0",",m","0",",m","0",",m","29",",m","5",",m","19720217","+,,m","19720229","+,,m","19720207",",,m","10.0",",m,17,+","0.0",",,m,29,+","33.9",",m,07,","","","0.0",",m","0.0",",,,m","21.73",",m","30.18",",,,m","13.29",",,,m"
"MXN00025079","1972-03","23.0","-105.85","19.8","ROSARIO AARB, MX","382.9","","177.5",",m","0",",m","0",",m","0",",m","0",",m","0",",m","0",",m","31",",m","26",",m","19720302",",,m","19720331","+,,m","19720326","+,,m","10.6",",m,02,","0.0",",,m,31,+","35.0",",m,26,+","","","0.0",",m","0.0",",,,m","24.06",",m","33.48",",,,m","14.64",",,,m"
"MXN00025079","1972-04","23.0","-105.85","19.8","ROSARIO AARB, MX","593.0","","210.1",",m","0",",m","0",",m","0",",m","0",",m","0",",m","0",",m","30",",m","27",",m","19720401",",,m","19720430","+,,m","19720404",",,m","10.6",",m,01,","0.0",",,m,30,+","36.7",",m,04,","","","0.0",",m","0.0",",,,m","25.34",",m","33.75",",,,m","16.92",",,,m"
"MXN00025079","1972-05","23.0","-105.85","19.8","ROSARIO AARB, MX","864.4","","271.4",",m","0",",m","0",",m","0",",m","0",",m","0",",m","0",",m","31",",m","31",",m","19720504","+,,m","19720531","+,,m","19720528",",,m","15.0",",m,04,+","0.0",",,m,31,+","37.8",",m,28,","","","0.0",",m","0.0",",,,m","27.09",",m","34.96",",,,m","19.22",",,,m"
"MXN00025079","1972-06","23.0","-105.85","19.8","ROSARIO AARB, MX","1161.6","","297.2",",m","3",",m","1",",m","0",",m","0",",m","0",",m","0",",m","30",",m","22",",m","19720626","+,,m","19720608",",,m","19720607","+,,m","21.7",",m,26,+","24.9",",,m,08,","36.7",",m,07,+","","","0.0",",m","27.0",",,,m","28.24",",m","32.94",",,,m","23.54",",,,m"
"MXN00025079","1972-07","23.0","-105.85","19.8","ROSARIO AARB, MX","1499.0","","337.4",",m","11",",m","6",",m","1",",m","0",",m","0",",m","0",",m","31",",m","28",",m","19720713",",,m","19720712",",,m","19720701",",,m","20.6",",m,13,","32.8",",,m,12,","38.9",",m,01,","0.0","","0.0",",m","94.4",",,,m","29.22",",m","34.55",",,,m","23.88",",,,m"
"MXN00025079","1972-08","23.0","-105.85","19.8","ROSARIO AARB, MX","1810.0","","311.0",",m","11",",m","8",",m","2",",m","0",",m","0",",m","0",",m","31",",m","26",",m","19720828","+,,m","19720807",",,m","19720822","+,,m","21.7",",m,28,+","47.5",",,m,07,","35.6",",m,22,+","0.0","","0.0",",m","149.3",",,,m","28.36",",m","33.27",",,,m","23.45",",,,m"
"MXN00025079","1973-03","23.0","-105.85","19.8","ROSARIO AARB, MX","","","117.8",",m","1",",m","0",",m","0",",m","0",",m","0",",m","0",",m","31",",m","0",",m","19730329","+,,m","19730318",",,m","19730304",",,m","13.9",",m,29,+","0.5",",,m,18,","30.6",",m,04,","","","0.0",",m","0.5",",,,m","22.13",",m","28.31",",,,m","15.96",",,,m"
"MXN00025079","1973-04","23.0","-105.85","19.8","ROSARIO AARB, MX","","","158.4",",m","1",",m","0",",m","0",",m","0",",m","0",",m","0",",m","30",",m","4",",m","19730409","+,,m","19730416",",,m","19730420","+,,m","13.9",",m,09,+","0.5",",,m,16,","32.8",",m,20,+","","","0.0",",m","0.5",",,,m","23.61",",m","30.58",",,,m","16.65",",,,m"
"MXN00025079","1973-05","23.0","-105.85","19.8","ROSARIO AARB, MX","","","272.1",",m","0",",m","0",",m","0",",m","0",",m","0",",m","0",",m","31",",m","22",",m","19730510","+,,m","19730531","+,,m","19730521",",,m","16.7",",m,10,+","0.0",",,m,31,+","37.8",",m,21,","","","0.0",",m","0.0",",,,m","27.11",",m","33.73",",,,m","20.49",",,,m"
"MXN00025079","1973-06","23.0","-105.85","19.8","ROSARIO AARB, MX","","","305.5",",m","2",",m","2",",m","1",",m","0",",m","0",",m","0",",m","30",",m","24",",m","19730616",",,m","19730624",",,m","19730607",",,m","19.4",",m,16,","93.7",",,m,24,","37.2",",m,07,","","","0.0",",m","98.0",",,,m","28.52",",m","33.40",",,,m","23.63",",,,m"
"MXN00025079","1973-07","23.0","-105.85","19.8","ROSARIO AARB, MX","","","311.3",",m","7",",m","5",",m","1",",m","0",",m","0",",m","0",",m","31",",m","27",",m","19730727",",,m","19730727",",,m","19730723",",,m","18.9",",m,27,","31.8",",,m,27,","38.9",",m,23,","0.0","m","0.0",",m","72.5",",,,m","28.38",",m","33.99",",,,m","22.76",",,,m"
"MXN00025079","1973-08","23.0","-105.85","19.8","ROSARIO AARB, MX","","","303.1",",m","14",",m","9",",m","2",",m","0",",m","0",",m","0",",m","31",",m","14",",m","19730818",",,m","19730825",",,m","19730822",",,m","20.0",",m,18,","33.0",",,m,25,","35.6",",m,22,","0.0","m","0.0",",m","116.9",",,,m","28.11",",m","32.30",",,,m","23.92",",,,m"
"MXN00025079","1973-09","23.0","-105.85","19.8","ROSARIO AARB, MX","","","289.2","1,m","17",",m","11",",m","1",",m","0","1,m","0","1,m","0",",m","30",",m","17",",m","19730926",",1,m","19730910",",,m","19730904",",,m","21.7","1,m,26,","39.9",",,m,10,","35.0",",m,04,","0.0","m","0.0",",m","171.6",",,,m","28.30","1,m","32.12",",,,m","24.47","1,,,m"
"MXN00025079","1973-10","23.0","-105.85","19.8","ROSARIO AARB, MX","","","294.0",",m","2",",m","2",",m","0",",m","0",",m","0",",m","0",",m","31",",m","23",",m","19731031","+,,m","19731028",",,m","19731007","+,,m","20.0",",m,31,+","10.2",",,m,28,","35.0",",m,07,+","0.0","m","0.0",",m","13.8",",,,m","27.82",",m","32.46",",,,m","23.17",",,,m"
"MXN00025079","1973-12","23.0","-105.85","19.8","ROSARIO AARB, MX","","","127.5",",m","1",",m","1",",m","0",",m","0",",m","0",",m","0",",m","31",",m","1",",m","19731222",",,m","19731224",",,m","19731202",",,m","12.8",",m,22,","4.8",",,m,24,","32.2",",m,02,","","","0.0",",m","4.8",",,,m","22.45",",m","29.74",",,,m","15.15",",,,m"
"MXN00025079","1974-01","23.0","-105.85","19.8","ROSARIO AARB, MX","95.2","","95.2",",m","0",",m","0",",m","0",",m","0",",m","0",",m","0",",m","31",",m","0",",m","19740130","+,,m","19740131","+,,m","19740113",",,m","11.1",",m,30,+","0.0",",,m,31,+","31.7",",m,13,","","","0.0",",m","0.0",",,,m","21.40",",m","28.45",",,,m","14.36",",,,m"
"MXN00025079","1974-02","23.0","-105.85","19.8","ROSARIO AARB, MX","171.7","","76.5",",m","0",",m","0",",m","0",",m","0",",m","0",",m","0",",m","28",",m","5",",m","19740220","+,,m","19740228","+,,m","19740223",",,m","10.0",",m,20,+","0.0",",,m,28,+","34.4",",m,23,","","","0.0",",m","0.0",",,,m","21.07",",m","29.95",",,,m","12.19",",,,m"
"MXN00025079","1974-03","23.0","-105.85","19.8","ROSARIO AARB, MX","292.7","","121.0",",m","0",",m","0",",m","0",",m","0",",m","0",",m","0",",m","31",",m","5",",m","19740305",",,m","19740331","+,,m","19740303","+,,m","12.8",",m,05,","0.0",",,m,31,+","33.9",",m,03,+","","","0.0",",m","0.0",",,,m","22.24",",m","29.09",",,,m","15.38",",,,m"
"MXN00025079","1974-04","23.0","-105.85","19.8","ROSARIO AARB, MX","502.2","","209.5",",m","0",",m","0",",m","0",",m","0",",m","0",",m","0",",m","30",",m","24",",m","19740413","+,,m","19740430","+,,m","19740425",",,m","15.0",",m,13,+","0.0",",,m,30,+","35.0",",m,25,","","","0.0",",m","0.0",",,,m","25.32",",m","32.82",",,,m","17.82",",,,m"
"MXN00025079","1974-05","23.0","-105.85","19.8","ROSARIO AARB, MX","751.8","","249.6",",m","2",",m","1",",m","0",",m","0",",m","0",",m","0",",m","31",",m","12",",m","19740519","+,,m","19740527",",,m","19740528","+,,m","18.9",",m,19,+","4.6",",,m,27,","33.9",",m,28,+","","","0.0",",m","4.9",",,,m","26.38",",m","31.52",",,,m","21.25",",,,m"
"MXN00025079","1974-06","23.0","-105.85","19.8","ROSARIO AARB, MX","1084.5","","332.7",",m","5",",m","2",",m","0",",m","0",",m","0",",m","0",",m","30",",m","27",",m","19740608",",,m","19740630","+,,m","19740618",",,m","20.6",",m,08,","10.4",",,m,30,+","36.1",",m,18,","","","0.0",",m","24.9",",,,m","29.42",",m","34.00",",,,m","24.85",",,,m"
"MXN00025079","1974-08","23.0","-105.85","19.8","ROSARIO AARB, MX","","","208.3","4,m","5","3,m","5","3,m","5","3,m","0","4,m","0","4,m","0","4,m","27","4,m","27","4,m","19740829","+,4,m","19740823",",3,m","19740831","+,4,m","10.6","4,m,29,+","54.9","3,,m,23,","42.8","4,m,31,+","","","0.0","4,m","216.5","3,,,m","26.05","4,m","38.81","4,,,m","13.29","4,,,m"
"MXN00025079","1974-09","23.0","-105.85","19.8","ROSARIO AARB, MX","","","194.4","5,m","5","5,m","5","5,m","4","5,m","0","5,m","0","5,m","0","5,m","25","5,m","25","5,m","19740910",",5,m","19740924",",5,m","19740927","+,5,m","10.6","5,m,10,","149.9","5,,m,24,","42.8","5,m,27,+","","","0.0","5,m","317.2","5,,,m","26.11","5,m","38.89","5,,,m","13.33","5,,,m"
"MXN00025079","1974-10","23.0","-105.85","19.8","ROSARIO AARB, MX","","","205.4","4,m","0","4,m","0","4,m","0","4,m","0","4,m","0","4,m","0","4,m","27","4,m","25","4,m","19741010","+,4,m","19741031","+,4,m","19741023",",4,m","11.7","4,m,10,+","0.0","4,,m,31,+","40.6","4,m,23,","","","0.0","4,m","0.0","4,,,m","25.94","4,m","39.04","4,,,m","12.84","4,,,m"
