"STATION","DATE","LATITUDE","LONGITUDE","ELEVATION","NAME","CDSD","CDSD_ATTRIBUTES","CLDD","CLDD_ATTRIBUTES","DP01","DP01_ATTRIBUTES","DP10","DP10_ATTRIBUTES","DP1X","DP1X_ATTRIBUTES","DT00","DT00_ATTRIBUTES","DT32","DT32_ATTRIBUTES","DX32","DX32_ATTRIBUTES","DX70","DX70_ATTRIBUTES","DX90","DX90_ATTRIBUTES","DYNT","DYNT_ATTRIBUTES","DYXP","DYXP_ATTRIBUTES","DYXT","DYXT_ATTRIBUTES","EMNT","EMNT_ATTRIBUTES","EMXP","EMXP_ATTRIBUTES","EMXT","EMXT_ATTRIBUTES","HDSD","HDSD_ATTRIBUTES","HTDD","HTDD_ATTRIBUTES","PRCP","PRCP_ATTRIBUTES","TAVG","TAVG_ATTRIBUTES","TMAX","TMAX_ATTRIBUTES","TMIN","TMIN_ATTRIBUTES"
"MXN00021243","2007-01","18.9667","-97.95","2224.7","CEMEX, MX","0.0","m","0.0",",m","1",",m","1",",m","0",",m","0",",m","0",",m","0",",m","21",",m","0",",m","20070129",",,m","20070126",",,m","20070115","+,,m","2.8",",m,29,","11.9",",,m,26,","25.0",",m,15,+","","","134.0",",m","11.9",",,,m","14.01",",m","21.94",",,,m","6.08",",,,m"
"MXN00021243","2007-02","18.9667","-97.95","2224.7","CEMEX, MX","","","","","4",",m","3",",m","0",",m","","","","","","","","","","","","","20070203",",,m","","","","","21.8",",,m,03,","","","","","","","41.4",",,,m","","","","","",""
"MXN00021243","2007-03","18.9667","-97.95","2224.7","CEMEX, MX","","","0.0","1,m","1","1,m","1","1,m","0","1,m","0","1,m","3","1,m","0","1,m","27","1,m","0","1,m","20070319","+,1,m","20070313",",1,m","20070329","+,1,m","0.0","1,m,19,+","3.8","1,,m,13,","26.7","1,m,29,+","","","96.2","1,m","3.8","1,,,m","15.13","1,m","24.53","1,,,m","5.72","1,,,m"
"MXN00021243","2007-04","18.9667","-97.95","2224.7","CEMEX, MX","","","5.8","1,m","6","1,m","4","1,m","0","1,m","0","1,m","0","1,m","0","1,m","28","1,m","0","1,m","20070414",",1,m","20070401",",1,m","20070423","+,1,m","5.0","1,m,14,","14.5","1,,m,01,","28.9","1,m,23,+","","","47.7","1,m","34.6","1,,,m","16.89","1,m","25.34","1,,,m","8.43","1,,,m"
"MXN00021243","2007-05","18.9667","-97.95","2224.7","CEMEX, MX","","","1.2",",m","17",",m","13",",m","0",",m","0",",m","0",",m","0",",m","28",",m","0",",m","20070515",",,m","20070513",",,m","20070515","+,,m","6.7",",m,15,","23.9",",,m,13,","27.8",",m,15,+","","","38.5",",m","152.6",",,,m","17.13",",m","24.68",",,,m","9.57",",,,m"
"MXN00021243","2007-06","18.9667","-97.95","2224.7","CEMEX, MX","","","2.4",",m","9",",m","7",",m","0",",m","0",",m","0",",m","0",",m","30",",m","0",",m","20070601",",,m","20070617",",,m","20070604",",,m","5.6",",m,01,","19.8",",,m,17,","27.8",",m,04,","","","27.3",",m","86.0",",,,m","17.50",",m","25.10",",,,m","9.91",",,,m"
"MXN00021243","2007-07","18.9667","-97.95","2224.7","CEMEX, MX","","","2.9",",m","13",",m","9",",m","0",",m","0",",m","0",",m","0",",m","29",",m","0",",m","20070725","+,,m","20070717",",,m","20070703",",,m","7.8",",m,25,+","20.8",",,m,17,","31.7",",m,03,","41.0","","41.0",",m","91.8",",,,m","17.10",",m","24.26",",,,m","9.95",",,,m"
"MXN00021243","2007-08","18.9667","-97.95","2224.7","CEMEX, MX","","","0.6","1,m","13",",m","11",",m","1",",m","0","1,m","0","1,m","0","1,m","29","1,m","0","1,m","20070811",",1,m","20070822",",,m","20070821",",1,m","6.7","1,m,11,","34.8",",,m,22,","28.9","1,m,21,","93.3","","52.3","1,m","135.8",",,,m","16.61","1,m","23.68","1,,,m","9.54","1,,,m"
"MXN00021243","2007-09","18.9667","-97.95","2224.7","CEMEX, MX","","","0.0",",m","11",",m","9",",m","0",",m","0",",m","0",",m","0",",m","26",",m","0",",m","20070928",",,m","20070911",",,m","20070916",",,m","5.0",",m,28,","17.8",",,m,11,","26.7",",m,16,","156.2","","62.9",",m","88.4",",,,m","16.24",",m","23.00",",,,m","9.47",",,,m"
"MXN00021243","2007-10","18.9667","-97.95","2224.7","CEMEX, MX","","","0.3",",m","4",",m","3",",m","0",",m","0",",m","0",",m","0",",m","25",",m","0",",m","20071026","+,,m","20071022",",,m","20071020",",,m","3.9",",m,26,+","20.8",",,m,22,","26.7",",m,20,","241.5","","85.3",",m","42.6",",,,m","15.59",",m","22.97",",,,m","8.21",",,,m"
"MXN00021243","2007-11","18.9667","-97.95","2224.7","CEMEX, MX","","","0.0",",m","1",",m","1",",m","0",",m","0",",m","0",",m","0",",m","27",",m","0",",m","20071109",",,m","20071124",",,m","20071130",",,m","2.8",",m,09,","14.0",",,m,24,","25.6",",m,30,","342.5","","101.0",",m","14.0",",,,m","14.97",",m","23.26",",,,m","6.67",",,,m"
"MXN00021243","2007-12","18.9667","-97.95","2224.7","CEMEX, MX","","","0.0",",m","1","1,m","1","1,m","0","1,m","0",",m","0",",m","0",",m","27",",m","0",",m","20071231","+,,m","20071224",",1,m","20071220",",,m","3.9",",m,31,+","5.3","1,,m,24,","30.0",",m,20,","455.3","","112.8",",m","5.3","1,,,m","14.70",",m","23.37",",,,m","6.02",",,,m"
"MXN00021243","2008-01","18.9667","-97.95","2224.7","CEMEX, MX","0.0","m","0.0",",m","0",",m","0",",m","0",",m","0",",m","2",",m","0",",m","22",",m","0",",m","20080121","+,,m","20080131","+,,m","20080123",",,m","0.0",",m,21,+","0.0",",,m,31,+","25.6",",m,23,","602.9","m","147.6",",m","0.0",",,,m","13.57",",m","22.08",",,,m","5.06",",,,m"
"MXN00021243","2008-02","18.9667","-97.95","2224.7","CEMEX, MX","0.0","m","0.0",",m","0",",m","0",",m","0",",m","0",",m","0",",m","0",",m","27",",m","0",",m","20080225","+,,m","20080229","+,,m","20080216",",,m","3.9",",m,25,+","0.0",",,m,29,+","26.7",",m,16,","702.3","m","99.4",",m","0.0",",,,m","14.91",",m","23.45",",,,m","6.37",",,,m"
"MXN00021243","2008-03","18.9667","-97.95","2224.7","CEMEX, MX","0.6","m","0.6",",m","1",",m","1",",m","0",",m","0",",m","3",",m","0",",m","28",",m","0",",m","20080319","+,,m","20080313",",,m","20080331",",,m","0.0",",m,19,+","3.8",",,m,13,","27.8",",m,31,","798.5","m","96.2",",m","3.8",",,,m","15.25",",m","24.63",",,,m","5.86",",,,m"
"MXN00021243","2008-04","18.9667","-97.95","2224.7","CEMEX, MX","6.4","m","5.8",",m","7",",m","5",",m","0",",m","0",",m","0",",m","0",",m","29",",m","0",",m","20080414",",,m","20080401",",,m","20080423","+,,m","5.0",",m,14,","14.5",",,m,01,","28.9",",m,23,+","847.2","m","48.7",",m","47.0",",,,m","16.90",",m","25.35",",,,m","8.45",",,,m"
"MXN00021243","2008-05","18.9667","-97.95","2224.7","CEMEX, MX","22.9","m","16.5","1,m","9",",m","8",",m","0",",m","0","1,m","0","1,m","0","1,m","30","1,m","0","1,m","20080510","+,1,m","20080510",",,m","20080511","+,1,m","7.8","1,m,10,+","15.7",",,m,10,","30.0","1,m,11,+","862.2","m","15.0","1,m","62.5",",,,m","18.39","1,m","26.39","1,,,m","10.38","1,,,m"
"MXN00021243","2008-06","18.9667","-97.95","2224.7","CEMEX, MX","29.4","m","6.5","1,m","15","1,m","14","1,m","0","1,m","0","1,m","0","1,m","0","1,m","28","1,m","1","1,m","20080604",",1,m","20080616",",1,m","20080604",",1,m","7.8","1,m,04,","24.9","1,,m,16,","32.8","1,m,04,","895.1","m","32.9","1,m","187.1","1,,,m","17.42","1,m","24.48","1,,,m","10.37","1,,,m"
"MXN00021243","2008-07","18.9667","-97.95","2224.7","CEMEX, MX","29.7","m","0.3",",m","13",",m","8",",m","3",",m","0",",m","0",",m","0",",m","27",",m","0",",m","20080722","+,,m","20080722",",,m","20080723",",,m","7.8",",m,22,+","67.8",",,m,22,","26.7",",m,23,","63.2","m","63.2",",m","193.5",",,,m","16.30",",m","22.98",",,,m","9.63",",,,m"
"MXN00021243","2008-08","18.9667","-97.95","2224.7","CEMEX, MX","29.7","m","0.0","1,m","14",",m","11",",m","2",",m","0","1,m","0","1,m","0","1,m","30","1,m","0","1,m","20080814","+,1,m","20080815",",,m","20080814","+,1,m","7.8","1,m,14,+","34.8",",,m,15,","25.0","1,m,14,+","108.8","m","45.6","1,m","121.4",",,,m","16.81","1,m","23.61","1,,,m","10.02","1,,,m"
"MXN00021243","2008-09","18.9667","-97.95","2224.7","CEMEX, MX","30.3","m","0.6",",m","15",",m","12",",m","1",",m","0",",m","0",",m","0",",m","26",",m","0",",m","20080914",",,m","20080915",",,m","20080922","+,,m","7.8",",m,14,","25.9",",,m,15,","25.0",",m,22,+","159.2","m","50.4",",m","114.1",",,,m","16.67",",m","22.80",",,,m","10.54",",,,m"
"MXN00021243","2008-10","18.9667","-97.95","2224.7","CEMEX, MX","30.3","m","0.0",",m","1",",m","1",",m","0",",m","0",",m","0",",m","0",",m","28",",m","0",",m","20081029",",,m","20081007",",,m","20081009",",,m","3.9",",m,29,","2.8",",,m,07,","25.0",",m,09,","232.3","m","73.1",",m","2.8",",,,m","15.98",",m","22.73",",,,m","9.22",",,,m"
"MXN00021243","2008-11","18.9667","-97.95","2224.7","CEMEX, MX","30.3","m","0.0",",m","0",",m","0",",m","0",",m","0",",m","3",",m","0",",m","23",",m","0",",m","20081113",",,m","20081130","+,,m","20081130","+,,m","-1.1",",m,13,","0.0",",,m,30,+","25.0",",m,30,+","383.8","m","151.5",",m","0.0",",,,m","13.28",",m","22.21",",,,m","4.35",",,,m"
"MXN00021243","2008-12","18.9667","-97.95","2224.7","CEMEX, MX","30.3","m","0.0",",m","0",",m","0",",m","0",",m","0",",m","0",",m","0",",m","23",",m","0",",m","20081220",",,m","20081231","+,,m","20081217","+,,m","0.6",",m,20,","0.0",",,m,31,+","26.7",",m,17,+","514.8","m","131.0",",m","0.0",",,,m","14.11",",m","22.43",",,,m","5.79",",,,m"
"MXN00021243","2009-01","18.9667","-97.95","2224.7","CEMEX, MX","0.0","m","0.0","3,m","1",",m","0",",m","0",",m","0","3,m","1","3,m","0","3,m","23","3,m","0","3,m","20090127",",3,m","20090115",",,m","20090125",",3,m","0.0","3,m,27,","1.8",",,m,15,","28.9","3,m,25,","629.2","m","114.4","3,m","1.8",",,,m","14.25","3,m","23.23","3,,,m","5.26","3,,,m"
"MXN00021243","2009-02","18.9667","-97.95","2224.7","CEMEX, MX","0.0","m","0.0","1,m","0",",m","0",",m","0",",m","0","1,m","1","1,m","0","1,m","26","1,m","0","1,m","20090226",",1,m","20090228","+,,m","20090225","+,1,m","0.0","1,m,26,","0.0",",,m,28,+","28.9","1,m,25,+","720.4","m","91.2","1,m","0.0",",,,m","14.96","1,m","24.51","1,,,m","5.40","1,,,m"
"MXN00021243","2009-03","18.9667","-97.95","2224.7","CEMEX, MX","0.0","m","0.0",",m","2",",m","2",",m","0",",m","0",",m","1",",m","0",",m","31",",m","0",",m","20090309",",,m","20090312",",,m","20090326","+,,m","0.0",",m,09,","16.8",",,m,12,","27.8",",m,26,+","796.6","m","76.2",",m","21.6",",,,m","15.87",",m","25.81",",,,m","5.94",",,,m"
"MXN00021243","2009-04","18.9667","-97.95","2224.7","CEMEX, MX","7.4","m","7.4",",m","1",",m","1",",m","0",",m","0",",m","0",",m","0",",m","30",",m","0",",m","20090426",",,m","20090430",",,m","20090414","+,,m","3.9",",m,26,","2.8",",,m,30,","30.6",",m,14,+","833.2","m","36.6",",m","2.8",",,,m","17.36",",m","27.04",",,,m","7.67",",,,m"
"MXN00021243","2009-05","18.9667","-97.95","2224.7","CEMEX, MX","29.1","m","21.7",",m","9",",m","9",",m","0",",m","0",",m","0",",m","0",",m","30",",m","1",",m","20090508","+,,m","20090531",",,m","20090507",",,m","7.8",",m,08,+","21.8",",,m,31,","32.8",",m,07,","855.8","m","22.6",",m","89.0",",,,m","18.30",",m","27.00",",,,m","9.61",",,,m"
"MXN00021243","2009-06","18.9667","-97.95","2224.7","CEMEX, MX","48.3","m","19.2",",m","12",",m","11",",m","0",",m","0",",m","0",",m","0",",m","29",",m","2",",m","20090613","+,,m","20090622",",,m","20090608",",,m","7.8",",m,13,+","19.8",",,m,22,","33.9",",m,08,","874.7","m","18.9",",m","106.5",",,,m","18.35",",m","26.34",",,,m","10.35",",,,m"
"MXN00021243","2009-07","18.9667","-97.95","2224.7","CEMEX, MX","54.1","m","5.8",",m","2",",m","1",",m","0",",m","0",",m","0",",m","0",",m","31",",m","0",",m","20090720",",,m","20090701",",,m","20090705",",,m","5.6",",m,20,","11.9",",,m,01,","30.0",",m,05,","25.5","m","25.5",",m","12.7",",,,m","17.70",",m","25.67",",,,m","9.72",",,,m"
"MXN00021243","2009-08","18.9667","-97.95","2224.7","CEMEX, MX","55.2","m","1.1",",m","7",",m","3",",m","1",",m","0",",m","0",",m","0",",m","31",",m","0",",m","20090831",",,m","20090829",",,m","20090831",",,m","1.7",",m,31,","87.9",",,m,29,","28.9",",m,31,","58.8","m","33.3",",m","105.3",",,,m","17.30",",m","25.37",",,,m","9.23",",,,m"
"MXN00021243","2009-09","18.9667","-97.95","2224.7","CEMEX, MX","60.6","m","5.4","1,m","15",",m","12",",m","2",",m","0",",m","0",",m","0","1,m","22","1,m","0","1,m","20090901",",,m","20090906",",,m","20090920",",1,m","7.8",",m,01,","41.9",",,m,06,","31.7","1,m,20,","104.1","m","45.3","1,m","177.7",",,,m","16.93","1,m","23.26","1,,,m","10.60",",,,m"
"MXN00021243","2009-10","18.9667","-97.95","2224.7","CEMEX, MX","70.5","m","9.9","1,m","7",",m","6",",m","0",",m","0","1,m","0","1,m","0","1,m","28","1,m","1","1,m","20091017",",1,m","20091027","+,,m","20091005",",1,m","3.9","1,m,17,","9.9",",,m,27,+","35.0","1,m,05,","130.5","m","26.4","1,m","45.2",",,,m","17.78","1,m","25.37","1,,,m","10.20","1,,,m"
"MXN00021243","2009-11","18.9667","-97.95","2224.7","CEMEX, MX","73.4","m","2.9","2,m","0",",m","0",",m","0",",m","0","2,m","0","2,m","0","2,m","26","2,m","0","2,m","20091129","+,2,m","20091130","+,,m","20091109",",2,m","3.9","2,m,29,+","0.0",",,m,30,+","31.7","2,m,09,","184.0","m","53.5","2,m","0.0",",,,m","16.52","2,m","24.09","2,,,m","8.96","2,,,m"
"MXN00021243","2009-12","18.9667","-97.95","2224.7","CEMEX, MX","73.4","m","0.0","3,m","2",",m","1",",m","0",",m","0","3,m","0","3,m","0","3,m","25","3,m","0","3,m","20091219","+,3,m","20091220",",,m","20091204","+,3,m","5.0","3,m,19,+","2.8",",,m,20,","25.6","3,m,04,+","237.5","m","53.5","3,m","3.6",",,,m","16.42","3,m","24.04","3,,,m","8.81","3,,,m"
