"STATION","DATE","LATITUDE","LONGITUDE","ELEVATION","NAME","CDSD","CDSD_ATTRIBUTES","CLDD","CLDD_ATTRIBUTES","DP01","DP01_ATTRIBUTES","DP10","DP10_ATTRIBUTES","DP1X","DP1X_ATTRIBUTES","DT00","DT00_ATTRIBUTES","DT32","DT32_ATTRIBUTES","DX32","DX32_ATTRIBUTES","DX70","DX70_ATTRIBUTES","DX90","DX90_ATTRIBUTES","DYNT","DYNT_ATTRIBUTES","DYXP","DYXP_ATTRIBUTES","DYXT","DYXT_ATTRIBUTES","EMNT","EMNT_ATTRIBUTES","EMXP","EMXP_ATTRIBUTES","EMXT","EMXT_ATTRIBUTES","HDSD","HDSD_ATTRIBUTES","HTDD","HTDD_ATTRIBUTES","PRCP","PRCP_ATTRIBUTES","TAVG","TAVG_ATTRIBUTES","TMAX","TMAX_ATTRIBUTES","TMIN","TMIN_ATTRIBUTES"
"MXN00026275","1982-01","28.15","-109.6833","139.9","EL TUFANITO, MX","47.4","m","47.4",",m","3",",m","2",",m","0",",m","0",",m","0",",m","0",",m","31",",m","7",",m","19820130",",,m","19820111",",,m","19820116","+,,m","3.3",",m,30,","13.2",",,m,11,","35.0",",m,16,+","","","21.8",",m","25.4",",,,m","19.16",",m","30.26",",,,m","8.05",",,,m"
"MXN00026275","1982-02","28.15","-109.6833","139.9","EL TUFANITO, MX","77.4","m","30.0",",m","0",",m","0",",m","0",",m","0",",m","0",",m","0",",m","28",",m","6",",m","19820204",",,m","19820228","+,,m","19820222","+,,m","2.8",",m,04,","0.0",",,m,28,+","35.0",",m,22,+","","","25.6",",m","0.0",",,,m","18.49",",m","29.29",",,,m","7.70",",,,m"
"MXN00026275","1982-03","28.15","-109.6833","139.9","EL TUFANITO, MX","135.1","m","57.7","3,m","0","1,m","0","1,m","0","1,m","0","3,m","0","3,m","0","3,m","28","3,m","11","3,m","19820321","+,3,m","19820331","+,1,m","19820311",",3,m","6.1","3,m,21,+","0.0","1,,m,31,+","37.2","3,m,11,","","","0.0","3,m","0.0","1,,,m","20.39","3,m","31.33","3,,,m","9.46","3,,,m"
"MXN00026275","1982-04","28.15","-109.6833","139.9","EL TUFANITO, MX","320.5","m","185.4",",m","0",",m","0",",m","0",",m","0",",m","0",",m","0",",m","30",",m","27",",m","19820402",",,m","19820430","+,,m","19820413","+,,m","9.4",",m,02,","0.0",",,m,30,+","38.9",",m,13,+","","","0.0",",m","0.0",",,,m","24.51",",m","35.44",",,,m","13.59",",,,m"
"MXN00026275","1982-05","28.15","-109.6833","139.9","EL TUFANITO, MX","545.8","m","225.3",",m","1",",m","0",",m","0",",m","0",",m","0",",m","0",",m","31",",m","25",",m","19820513",",,m","19820503",",,m","19820531",",,m","12.2",",m,13,","0.3",",,m,03,","41.7",",m,31,","","","0.0",",m","0.3",",,,m","25.60",",m","35.65",",,,m","15.55",",,,m"
"MXN00026275","1982-06","28.15","-109.6833","139.9","EL TUFANITO, MX","902.0","m","356.2",",m","0",",m","0",",m","0",",m","0",",m","0",",m","0",",m","30",",m","30",",m","19820601",",,m","19820630","+,,m","19820627","+,,m","16.7",",m,01,","0.0",",,m,30,+","45.0",",m,27,+","","","0.0",",m","0.0",",,,m","30.21",",m","40.84",",,,m","19.57",",,,m"
"MXN00026275","1982-07","28.15","-109.6833","139.9","EL TUFANITO, MX","1314.1","m","412.1",",m","5",",m","3",",m","1",",m","0",",m","0",",m","0",",m","31",",m","31",",m","19820713",",,m","19820712",",,m","19820708",",,m","19.4",",m,13,","37.6",",,m,12,","43.3",",m,08,","0.0","m","0.0",",m","63.3",",,,m","31.63",",m","38.76",",,,m","24.50",",,,m"
"MXN00026275","1982-08","28.15","-109.6833","139.9","EL TUFANITO, MX","1701.0","m","386.9",",m","7",",m","7",",m","0",",m","0",",m","0",",m","0",",m","31",",m","31",",m","19820819","+,,m","19820810",",,m","19820828",",,m","20.6",",m,19,+","13.2",",,m,10,","45.6",",m,28,","0.0","m","0.0",",m","46.9",",,,m","30.81",",m","38.54",",,,m","23.08",",,,m"
"MXN00026275","1982-09","28.15","-109.6833","139.9","EL TUFANITO, MX","2027.3","m","326.3",",m","9",",m","8",",m","3",",m","0",",m","0",",m","0",",m","30",",m","26",",m","19820915",",,m","19820906",",,m","19820921",",,m","17.8",",m,15,","55.9",",,m,06,","43.3",",m,21,","0.0","m","0.0",",m","176.2",",,,m","29.21",",m","36.99",",,,m","21.42",",,,m"
"MXN00026275","1982-10","28.15","-109.6833","139.9","EL TUFANITO, MX","2230.6","m","203.3",",m","0",",m","0",",m","0",",m","0",",m","0",",m","0",",m","31",",m","28",",m","19821013","+,,m","19821031","+,,m","19821022",",,m","8.9",",m,13,+","0.0",",,m,31,+","40.0",",m,22,","0.0","m","0.0",",m","0.0",",,,m","24.89",",m","35.51",",,,m","14.27",",,,m"
"MXN00026275","1982-11","28.15","-109.6833","139.9","EL TUFANITO, MX","2297.3","m","66.7",",m","5",",m","4",",m","1",",m","0",",m","0",",m","0",",m","30",",m","7",",m","19821106","+,,m","19821117",",,m","19821114",",,m","7.8",",m,06,+","41.9",",,m,17,","35.6",",m,14,","5.5","m","5.5",",m","86.0",",,,m","20.37",",m","29.22",",,,m","11.53",",,,m"
"MXN00026275","1982-12","28.15","-109.6833","139.9","EL TUFANITO, MX","2304.7","m","7.4",",m","6",",m","4",",m","2",",m","0",",m","0",",m","0",",m","25",",m","0",",m","19821227",",,m","19821209",",,m","19821222","+,,m","1.7",",m,27,","36.3",",,m,09,","30.0",",m,22,+","85.1","m","79.6",",m","110.5",",,,m","16.00",",m","24.89",",,,m","7.12",",,,m"
"MXN00026275","1983-01","28.15","-109.6833","139.9","EL TUFANITO, MX","11.5","m","11.5","3,m","3",",m","2",",m","0",",m","0","3,m","0","3,m","0","3,m","23","3,m","0","3,m","19830124",",3,m","19830130",",,m","19830116","+,3,m","1.7","3,m,24,","18.5",",,m,30,","30.0","3,m,16,+","142.9","m","57.8","3,m","25.1",",,,m","16.68","3,m","25.58","3,,,m","7.79","3,,,m"
"MXN00026275","1983-02","28.15","-109.6833","139.9","EL TUFANITO, MX","15.2","m","3.7",",m","3",",m","3",",m","0",",m","0",",m","0",",m","0",",m","24",",m","0",",m","19830202",",,m","19830224",",,m","19830218",",,m","3.9",",m,02,","22.9",",,m,24,","31.7",",m,18,","189.8","m","46.9",",m","51.4",",,,m","16.79",",m","26.84",",,,m","6.74",",,,m"
"MXN00026275","1983-03","28.15","-109.6833","139.9","EL TUFANITO, MX","46.4","m","31.2",",m","3",",m","3",",m","1",",m","0",",m","0",",m","0",",m","29",",m","4",",m","19830327","+,,m","19830303",",,m","19830331",",,m","5.0",",m,27,+","31.8",",,m,03,","37.2",",m,31,","224.5","m","34.7",",m","44.5",",,,m","18.22",",m","27.89",",,,m","8.54",",,,m"
"MXN00026275","1983-04","28.15","-109.6833","139.9","EL TUFANITO, MX","130.1","m","83.7",",m","1",",m","1",",m","0",",m","0",",m","0",",m","0",",m","30",",m","18",",m","19830415","+,,m","19830406",",,m","19830401",",,m","6.1",",m,15,+","8.4",",,m,06,","36.7",",m,01,","230.3","m","5.8",",m","8.4",",,,m","20.93",",m","32.28",",,,m","9.58",",,,m"
"MXN00026275","1983-05","28.15","-109.6833","139.9","EL TUFANITO, MX","359.7","m","229.6",",m","0",",m","0",",m","0",",m","0",",m","0",",m","0",",m","31",",m","30",",m","19830515","+,,m","19830531","+,,m","19830527",",,m","10.0",",m,15,+","0.0",",,m,31,+","44.4",",m,27,","230.3","m","0.0",",m","0.0",",,,m","25.74",",m","37.71",",,,m","13.77",",,,m"
"MXN00026275","1983-06","28.15","-109.6833","139.9","EL TUFANITO, MX","690.8","m","331.1",",m","1",",m","1",",m","0",",m","0",",m","0",",m","0",",m","30",",m","30",",m","19830612","+,,m","19830623",",,m","19830621","+,,m","16.1",",m,12,+","11.2",",,m,23,","45.0",",m,21,+","230.3","m","0.0",",m","11.2",",,,m","29.37",",m","40.37",",,,m","18.37",",,,m"
"MXN00026275","1983-07","28.15","-109.6833","139.9","EL TUFANITO, MX","1095.1","m","404.3",",m","12",",m","8",",m","1",",m","0",",m","0",",m","0",",m","31",",m","31",",m","19830702",",,m","19830710",",,m","19830705",",,m","17.8",",m,02,","26.9",",,m,10,","44.4",",m,05,","0.0","m","0.0",",m","115.4",",,,m","31.38",",m","39.78",",,,m","22.97",",,,m"
"MXN00026275","1983-08","28.15","-109.6833","139.9","EL TUFANITO, MX","1411.4","m","316.3",",m","13",",m","13",",m","4",",m","0",",m","0",",m","0",",m","31",",m","29",",m","19830824","+,,m","19830812",",,m","19830802",",,m","18.9",",m,24,+","78.0",",,m,12,","41.1",",m,02,","0.0","m","0.0",",m","280.6",",,,m","28.54",",m","35.26",",,,m","21.81",",,,m"
"MXN00026275","1983-11","28.15","-109.6833","139.9","EL TUFANITO, MX","","","74.4",",m","2",",m","1",",m","0",",m","0",",m","0",",m","0",",m","28",",m","7",",m","19831128",",,m","19831121",",,m","19831117","+,,m","2.2",",m,28,","16.3",",,m,21,","32.8",",m,17,+","","","38.7",",m","18.1",",,,m","19.52",",m","28.62",",,,m","10.43",",,,m"
"MXN00026275","1983-12","28.15","-109.6833","139.9","EL TUFANITO, MX","","","7.0",",m","2",",m","2",",m","0",",m","0",",m","0",",m","0",",m","31",",m","0",",m","19831220",",,m","19831201",",,m","19831224",",,m","5.0",",m,20,","16.8",",,m,01,","30.6",",m,24,","","","26.0",",m","31.8",",,,m","17.72",",m","27.51",",,,m","7.93",",,,m"
