"STATION","DATE","LATITUDE","LONGITUDE","ELEVATION","NAME","CDSD","CDSD_ATTRIBUTES","CLDD","CLDD_ATTRIBUTES","DP01","DP01_ATTRIBUTES","DP10","DP10_ATTRIBUTES","DP1X","DP1X_ATTRIBUTES","DT00","DT00_ATTRIBUTES","DT32","DT32_ATTRIBUTES","DX32","DX32_ATTRIBUTES","DX70","DX70_ATTRIBUTES","DX90","DX90_ATTRIBUTES","DYNT","DYNT_ATTRIBUTES","DYXP","DYXP_ATTRIBUTES","DYXT","DYXT_ATTRIBUTES","EMNT","EMNT_ATTRIBUTES","EMXP","EMXP_ATTRIBUTES","EMXT","EMXT_ATTRIBUTES","HDSD","HDSD_ATTRIBUTES","HTDD","HTDD_ATTRIBUTES","PRCP","PRCP_ATTRIBUTES","TAVG","TAVG_ATTRIBUTES","TMAX","TMAX_ATTRIBUTES","TMIN","TMIN_ATTRIBUTES"
"MXN00020301","1980-01","17.0167","-97.9667","983.9","RIO VENADO, MX","6.2","m","6.2",",m","11",",m","8",",m","0",",m","0",",m","0",",m","0",",m","23",",m","0",",m","19800108",",,m","19800124",",,m","19800121",",,m","7.8",",m,08,","15.7",",,m,24,","28.9",",m,21,","","","44.3",",m","83.4",",,,m","17.10",",m","22.93",",,,m","11.28",",,,m"
"MXN00020301","1980-02","17.0167","-97.9667","983.9","RIO VENADO, MX","11.2","m","5.0",",m","3",",m","0",",m","0",",m","0",",m","0",",m","0",",m","29",",m","0",",m","19800225","+,,m","19800205",",,m","19800220","+,,m","8.9",",m,25,+","2.0",",,m,05,","26.7",",m,20,+","","","26.3",",m","4.1",",,,m","17.60",",m","24.04",",,,m","11.15",",,,m"
"MXN00020301","1980-03","17.0167","-97.9667","983.9","RIO VENADO, MX","35.6","m","24.4",",m","4",",m","1",",m","0",",m","0",",m","0",",m","0",",m","31",",m","0",",m","19800324",",,m","19800321",",,m","19800324","+,,m","8.9",",m,24,","5.1",",,m,21,","27.8",",m,24,+","","","2.6",",m","8.0",",,,m","19.04",",m","25.93",",,,m","12.15",",,,m"
"MXN00020301","1980-04","17.0167","-97.9667","983.9","RIO VENADO, MX","52.7","m","17.1",",m","8",",m","5",",m","0",",m","0",",m","0",",m","0",",m","30",",m","0",",m","19800430","+,,m","19800416",",,m","19800428","+,,m","10.0",",m,30,+","7.1",",,m,16,","26.7",",m,28,+","","","3.7",",m","31.7",",,,m","18.78",",m","25.81",",,,m","11.75",",,,m"
"MXN00020301","1980-05","17.0167","-97.9667","983.9","RIO VENADO, MX","87.6","m","34.9",",m","16",",m","13",",m","0",",m","0",",m","0",",m","0",",m","31",",m","0",",m","19800528","+,,m","19800526",",,m","19800522",",,m","10.0",",m,28,+","17.3",",,m,26,","30.0",",m,22,","","","4.9",",m","110.5",",,,m","19.30",",m","26.22",",,,m","12.38",",,,m"
"MXN00020301","1980-06","17.0167","-97.9667","983.9","RIO VENADO, MX","89.9","m","2.3",",m","26",",m","21",",m","0",",m","0",",m","0",",m","0",",m","29",",m","0",",m","19800630","+,,m","19800617",",,m","19800610","+,,m","7.8",",m,30,+","19.8",",,m,17,","26.7",",m,10,+","","","42.0",",m","209.4",",,,m","17.01",",m","24.26",",,,m","9.76",",,,m"
"MXN00020301","1980-07","17.0167","-97.9667","983.9","RIO VENADO, MX","89.9","m","0.0",",m","29",",m","23",",m","0",",m","0",",m","0",",m","0",",m","31",",m","0",",m","19800702",",,m","19800728",",,m","19800718",",,m","7.2",",m,02,","18.8",",,m,28,","26.7",",m,18,","49.8","m","49.8",",m","204.1",",,,m","16.73",",m","23.92",",,,m","9.53",",,,m"
"MXN00020301","1980-10","17.0167","-97.9667","983.9","RIO VENADO, MX","","","145.3",",m","24",",m","20",",m","8",",m","0",",m","0",",m","0",",m","31",",m","11",",m","19801029","+,,m","19801020",",,m","19801016","+,,m","11.7",",m,29,+","67.8",",,m,20,","35.0",",m,16,+","","","0.0",",m","423.4",",,,m","23.02",",m","31.45",",,,m","14.60",",,,m"
"MXN00020301","1980-11","17.0167","-97.9667","983.9","RIO VENADO, MX","","","140.7",",m","9",",m","6",",m","0",",m","0",",m","0",",m","0",",m","30",",m","5",",m","19801116",",,m","19801118",",,m","19801105",",,m","13.9",",m,16,","19.8",",,m,18,","33.9",",m,05,","","","0.0",",m","55.4",",,,m","23.02",",m","30.69",",,,m","15.36",",,,m"
"MXN00020301","1980-12","17.0167","-97.9667","983.9","RIO VENADO, MX","","","42.8",",m","0",",m","0",",m","0",",m","0",",m","0",",m","0",",m","31",",m","2",",m","19801216","+,,m","19801231","+,,m","19801228","+,,m","10.0",",m,16,+","0.0",",,m,31,+","32.8",",m,28,+","","","2.2",",m","0.0",",,,m","19.64",",m","27.85",",,,m","11.43",",,,m"
"MXN00020301","1981-02","17.0167","-97.9667","983.9","RIO VENADO, MX","","","54.8",",m","1",",m","1",",m","0",",m","0",",m","0",",m","0",",m","28",",m","0",",m","19810203",",,m","19810224",",,m","19810224","+,,m","3.9",",m,03,","21.3",",,m,24,","30.6",",m,24,+","","","3.6",",m","21.3",",,,m","20.16",",m","29.46",",,,m","10.86",",,,m"
"MXN00020301","1981-03","17.0167","-97.9667","983.9","RIO VENADO, MX","","","144.3",",m","2",",m","2",",m","0",",m","0",",m","0",",m","0",",m","31",",m","1",",m","19810323",",,m","19810330",",,m","19810304",",,m","13.3",",m,23,","11.9",",,m,30,","32.2",",m,04,","","","0.0",",m","18.8",",,,m","22.99",",m","29.77",",,,m","16.20",",,,m"
"MXN00020301","1981-04","17.0167","-97.9667","983.9","RIO VENADO, MX","","","140.2",",m","14",",m","14",",m","0",",m","0",",m","0",",m","0",",m","30",",m","3",",m","19810402",",,m","19810408",",,m","19810420",",,m","12.8",",m,02,","23.9",",,m,08,","33.9",",m,20,","","","0.0",",m","171.1",",,,m","23.01",",m","30.14",",,,m","15.87",",,,m"
"MXN00020301","1981-05","17.0167","-97.9667","983.9","RIO VENADO, MX","","","129.2",",m","4",",m","3",",m","0",",m","0",",m","0",",m","0",",m","31",",m","5",",m","19810524",",,m","19810525",",,m","19810520",",,m","10.0",",m,24,","18.8",",,m,25,","33.9",",m,20,","","","0.0",",m","29.2",",,,m","22.50",",m","31.05",",,,m","13.95",",,,m"
"MXN00020301","1981-11","17.0167","-97.9667","983.9","RIO VENADO, MX","","","54.4",",m","3",",m","2",",m","0",",m","0",",m","0",",m","0",",m","30",",m","0",",m","19811127",",,m","19811128","+,,m","19811112","+,,m","12.8",",m,27,","5.3",",,m,28,+","28.9",",m,12,+","","","0.0",",m","10.9",",,,m","20.15",",m","25.71",",,,m","14.59",",,,m"
"MXN00020301","1981-12","17.0167","-97.9667","983.9","RIO VENADO, MX","","","22.4",",m","5",",m","5",",m","0",",m","0",",m","0",",m","0",",m","31",",m","0",",m","19811221",",,m","19811205",",,m","19811230",",,m","11.7",",m,21,","15.5",",,m,05,","26.7",",m,30,","","","4.9",",m","43.9",",,,m","18.90",",m","23.37",",,,m","14.43",",,,m"
"MXN00020301","1982-03","17.0167","-97.9667","983.9","RIO VENADO, MX","","","100.7",",m","0",",m","0",",m","0",",m","0",",m","0",",m","0",",m","31",",m","0",",m","19820302",",,m","19820331","+,,m","19820330",",,m","10.0",",m,02,","0.0",",,m,31,+","31.1",",m,30,","","","0.0",",m","0.0",",,,m","21.58",",m","28.57",",,,m","14.59",",,,m"
"MXN00020301","1982-04","17.0167","-97.9667","983.9","RIO VENADO, MX","","","221.7",",m","0",",m","0",",m","0",",m","0",",m","0",",m","0",",m","30",",m","26",",m","19820401",",,m","19820430","+,,m","19820418",",,m","12.8",",m,01,","0.0",",,m,30,+","37.8",",m,18,","","","0.0",",m","0.0",",,,m","25.72",",m","34.78",",,,m","16.66",",,,m"
"MXN00020301","1982-05","17.0167","-97.9667","983.9","RIO VENADO, MX","","","149.1",",m","11",",m","11",",m","0",",m","0",",m","0",",m","0",",m","31",",m","0",",m","19820521","+,,m","19820530","+,,m","19820501",",,m","15.6",",m,21,+","17.8",",,m,30,+","31.7",",m,01,","","","0.0",",m","147.0",",,,m","23.14",",m","28.45",",,,m","17.83",",,,m"
"MXN00020301","1982-06","17.0167","-97.9667","983.9","RIO VENADO, MX","","","124.1",",m","13",",m","12",",m","2",",m","0",",m","0",",m","0",",m","30",",m","0",",m","19820611","+,,m","19820628","+,,m","19820607","+,,m","15.6",",m,11,+","30.0",",,m,28,+","30.0",",m,07,+","","","0.0",",m","179.0",",,,m","22.47",",m","27.03",",,,m","17.91",",,,m"
"MXN00020301","1982-07","17.0167","-97.9667","983.9","RIO VENADO, MX","","","127.7",",m","19",",m","16",",m","2",",m","0",",m","0",",m","0",",m","31",",m","0",",m","19820727","+,,m","19820708",",,m","19820731",",,m","15.6",",m,27,+","39.9",",,m,08,","30.0",",m,31,","0.0","m","0.0",",m","275.8",",,,m","22.45",",m","27.37",",,,m","17.53",",,,m"
"MXN00020301","1982-08","17.0167","-97.9667","983.9","RIO VENADO, MX","","","121.6",",m","20",",m","18",",m","2",",m","0",",m","0",",m","0",",m","31",",m","0",",m","19820806",",,m","19820818","+,,m","19820825","+,,m","15.0",",m,06,","39.9",",,m,18,+","30.0",",m,25,+","0.0","m","0.0",",m","262.7",",,,m","22.26",",m","27.45",",,,m","17.06",",,,m"
"MXN00020301","1982-09","17.0167","-97.9667","983.9","RIO VENADO, MX","","","122.5",",m","21",",m","21",",m","0",",m","0",",m","0",",m","0",",m","30",",m","0",",m","19820907",",,m","19820928",",,m","19820922","+,,m","15.0",",m,07,","24.9",",,m,28,","28.9",",m,22,+","0.0","m","0.0",",m","300.8",",,,m","22.42",",m","27.26",",,,m","17.57",",,,m"
"MXN00020301","1982-10","17.0167","-97.9667","983.9","RIO VENADO, MX","","","122.8",",m","24",",m","24",",m","6",",m","0",",m","0",",m","0",",m","31",",m","0",",m","19821010","+,,m","19821009",",,m","19821026","+,,m","15.6",",m,10,+","60.5",",,m,09,","28.9",",m,26,+","0.0","m","0.0",",m","506.4",",,,m","22.29",",m","26.75",",,,m","17.84",",,,m"
"MXN00020301","1982-11","17.0167","-97.9667","983.9","RIO VENADO, MX","","","121.6",",m","0",",m","0",",m","0",",m","0",",m","0",",m","0",",m","30",",m","0",",m","19821129","+,,m","19821130","+,,m","19821123","+,,m","16.7",",m,29,+","0.0",",,m,30,+","28.9",",m,23,+","0.0","m","0.0",",m","0.0",",,,m","22.39",",m","26.88",",,,m","17.89",",,,m"
"MXN00020301","1982-12","17.0167","-97.9667","983.9","RIO VENADO, MX","","","128.5",",m","0",",m","0",",m","0",",m","0",",m","0",",m","0",",m","31",",m","0",",m","19821230",",,m","19821231","+,,m","19821229","+,,m","15.6",",m,30,","0.0",",,m,31,+","28.9",",m,29,+","0.0","m","0.0",",m","0.0",",,,m","22.48",",m","27.46",",,,m","17.49",",,,m"
"MXN00020301","1983-02","17.0167","-97.9667","983.9","RIO VENADO, MX","","","124.6",",m","0",",m","0",",m","0",",m","0",",m","0",",m","0",",m","28",",m","0",",m","19830224","+,,m","19830228","+,,m","19830227","+,,m","16.7",",m,24,+","0.0",",,m,28,+","28.9",",m,27,+","","","0.0",",m","0.0",",,,m","22.78",",m","27.39",",,,m","18.18",",,,m"
"MXN00020301","1983-03","17.0167","-97.9667","983.9","RIO VENADO, MX","","","126.5",",m","0",",m","0",",m","0",",m","0",",m","0",",m","0",",m","31",",m","0",",m","19830326",",,m","19830331","+,,m","19830330","+,,m","15.0",",m,26,","0.0",",,m,31,+","30.0",",m,30,+","","","0.0",",m","0.0",",,,m","22.41",",m","27.97",",,,m","16.86",",,,m"
"MXN00020301","1983-04","17.0167","-97.9667","983.9","RIO VENADO, MX","","","136.9",",m","0",",m","0",",m","0",",m","0",",m","0",",m","0",",m","30",",m","2",",m","19830418","+,,m","19830430","+,,m","19830428",",,m","15.0",",m,18,+","0.0",",,m,30,+","33.3",",m,28,","","","0.0",",m","0.0",",,,m","22.90",",m","29.13",",,,m","16.66",",,,m"
"MXN00020301","1983-05","17.0167","-97.9667","983.9","RIO VENADO, MX","","","135.1",",m","0",",m","0",",m","0",",m","0",",m","0",",m","0",",m","31",",m","0",",m","19830522","+,,m","19830531","+,,m","19830529",",,m","15.6",",m,22,+","0.0",",,m,31,+","31.1",",m,29,","","","0.0",",m","0.0",",,,m","22.69",",m","28.06",",,,m","17.32",",,,m"
"MXN00020301","1983-07","17.0167","-97.9667","983.9","RIO VENADO, MX","","","116.9",",m","24",",m","24",",m","7",",m","0",",m","0",",m","0",",m","31",",m","0",",m","19830712",",,m","19830701",",,m","19830729","+,,m","12.8",",m,12,","75.4",",,m,01,","28.9",",m,29,+","0.0","m","0.0",",m","503.5",",,,m","22.10",",m","27.48",",,,m","16.73",",,,m"
"MXN00020301","1983-08","17.0167","-97.9667","983.9","RIO VENADO, MX","","","117.8",",m","22",",m","22",",m","9",",m","0",",m","0",",m","0",",m","31",",m","0",",m","19830822","+,,m","19830806",",,m","19830825","+,,m","15.6",",m,22,+","52.8",",,m,06,","28.9",",m,25,+","0.0","m","0.0",",m","472.7",",,,m","22.13",",m","27.13",",,,m","17.14",",,,m"
"MXN00020301","1983-09","17.0167","-97.9667","983.9","RIO VENADO, MX","","","111.1",",m","17",",m","17",",m","9",",m","0",",m","0",",m","0",",m","30",",m","0",",m","19830922","+,,m","19830914",",,m","19830929","+,,m","15.0",",m,22,+","75.9",",,m,14,","27.8",",m,29,+","0.0","m","0.0",",m","569.5",",,,m","22.04",",m","26.81",",,,m","17.26",",,,m"
"MXN00020301","1983-10","17.0167","-97.9667","983.9","RIO VENADO, MX","","","117.8",",m","0",",m","0",",m","0",",m","0",",m","0",",m","0",",m","31",",m","0",",m","19831027","+,,m","19831031","+,,m","19831030","+,,m","15.0",",m,27,+","0.0",",,m,31,+","28.9",",m,30,+","0.0","m","0.0",",m","0.0",",,,m","22.13",",m","27.35",",,,m","16.91",",,,m"
"MXN00020301","1983-11","17.0167","-97.9667","983.9","RIO VENADO, MX","","","112.8",",m","0",",m","0",",m","0",",m","0",",m","0",",m","0",",m","30",",m","0",",m","19831124","+,,m","19831130","+,,m","19831130","+,,m","15.6",",m,24,+","0.0",",,m,30,+","27.8",",m,30,+","0.0","m","0.0",",m","0.0",",,,m","22.09",",m","27.05",",,,m","17.14",",,,m"
"MXN00020301","1983-12","17.0167","-97.9667","983.9","RIO VENADO, MX","","","136.3",",m","0",",m","0",",m","0",",m","0",",m","0",",m","0",",m","31",",m","0",",m","19831206",",,m","19831231","+,,m","19831228","+,,m","15.6",",m,06,","0.0",",,m,31,+","28.9",",m,28,+","0.0","m","0.0",",m","0.0",",,,m","22.73",",m","27.73",",,,m","17.73",",,,m"
"MXN00020301","1984-01","17.0167","-97.9667","983.9","RIO VENADO, MX","126.6","","126.6",",m","0",",m","0",",m","0",",m","0",",m","0",",m","0",",m","31",",m","0",",m","19840129","+,,m","19840131","+,,m","19840128","+,,m","15.6",",m,29,+","0.0",",,m,31,+","28.9",",m,28,+","0.0","","0.0",",m","0.0",",,,m","22.42",",m","27.43",",,,m","17.41",",,,m"
"MXN00020301","1984-02","17.0167","-97.9667","983.9","RIO VENADO, MX","381.7","","255.1",",m","0",",m","0",",m","0",",m","0",",m","0",",m","0",",m","29",",m","27",",m","19840208",",,m","19840229","+,,m","19840213",",,m","15.0",",m,08,","0.0",",,m,29,+","40.6",",m,13,","0.0","","0.0",",m","0.0",",,,m","27.13",",m","36.13",",,,m","18.13",",,,m"
"MXN00020301","1984-03","17.0167","-97.9667","983.9","RIO VENADO, MX","508.0","","126.3",",m","3",",m","3",",m","0",",m","0",",m","0",",m","0",",m","31",",m","0",",m","19840318","+,,m","19840308",",,m","19840324",",,m","15.0",",m,18,+","7.4",",,m,08,","29.4",",m,24,","0.0","","0.0",",m","18.0",",,,m","22.41",",m","27.54",",,,m","17.28",",,,m"
"MXN00020301","1984-04","17.0167","-97.9667","983.9","RIO VENADO, MX","634.6","","126.6",",m","0",",m","0",",m","0",",m","0",",m","0",",m","0",",m","30",",m","0",",m","19840425","+,,m","19840430","+,,m","19840428","+,,m","15.6",",m,25,+","0.0",",,m,30,+","28.9",",m,28,+","0.0","","0.0",",m","0.0",",,,m","22.55",",m","27.75",",,,m","17.35",",,,m"
"MXN00020301","1984-05","17.0167","-97.9667","983.9","RIO VENADO, MX","752.8","","118.2",",m","3",",m","3",",m","0",",m","0",",m","0",",m","0",",m","31",",m","0",",m","19840529","+,,m","19840527",",,m","19840526","+,,m","15.6",",m,29,+","7.4",",,m,27,","28.9",",m,26,+","0.0","","0.0",",m","17.0",",,,m","22.15",",m","27.27",",,,m","17.02",",,,m"
"MXN00020301","1984-06","17.0167","-97.9667","983.9","RIO VENADO, MX","880.4","","127.6",",m","15",",m","15",",m","0",",m","0",",m","0",",m","0",",m","30",",m","0",",m","19840627","+,,m","19840610",",,m","19840622","+,,m","15.6",",m,27,+","8.4",",,m,10,","28.9",",m,22,+","0.0","","0.0",",m","79.9",",,,m","22.59",",m","27.69",",,,m","17.49",",,,m"
"MXN00020301","1984-07","17.0167","-97.9667","983.9","RIO VENADO, MX","995.1","","114.7",",m","30",",m","28",",m","11",",m","0",",m","0",",m","0",",m","31",",m","0",",m","19840729","+,,m","19840730",",,m","19840726",",,m","15.0",",m,29,+","64.3",",,m,30,","29.4",",m,26,","0.0","","0.0",",m","693.8",",,,m","22.03",",m","27.30",",,,m","16.76",",,,m"
"MXN00020301","1984-08","17.0167","-97.9667","983.9","RIO VENADO, MX","1116.8","","121.7",",m","28",",m","27",",m","8",",m","0",",m","0",",m","0",",m","31",",m","0",",m","19840806",",,m","19840829",",,m","19840823","+,,m","15.0",",m,06,","59.9",",,m,29,","28.9",",m,23,+","0.0","","0.0",",m","505.8",",,,m","22.26",",m","27.35",",,,m","17.17",",,,m"
"MXN00020301","1984-09","17.0167","-97.9667","983.9","RIO VENADO, MX","1233.1","","116.3",",m","24",",m","22",",m","9",",m","0",",m","0",",m","0",",m","30",",m","0",",m","19840906",",,m","19840911",",,m","19840927","+,,m","15.0",",m,06,","84.1",",,m,11,","28.9",",m,27,+","0.0","","0.0",",m","576.0",",,,m","22.21",",m","27.23",",,,m","17.19",",,,m"
"MXN00020301","1985-02","17.0167","-97.9667","983.9","RIO VENADO, MX","","","0.6",",m","0",",m","0",",m","0",",m","0",",m","0",",m","0",",m","9",",m","0",",m","19850221",",,m","19850228","+,,m","19850201",",,m","8.9",",m,21,","0.0",",,m,28,+","25.0",",m,01,","","","68.9",",m","0.0",",,,m","15.89",",m","20.17",",,,m","11.62",",,,m"
"MXN00020301","1985-03","17.0167","-97.9667","983.9","RIO VENADO, MX","","","47.2",",m","0",",m","0",",m","0",",m","0",",m","0",",m","0",",m","30",",m","0",",m","19850308",",,m","19850331","+,,m","19850317","+,,m","12.8",",m,08,","0.0",",,m,31,+","26.7",",m,17,+","","","0.2",",m","0.0",",,,m","19.85",",m","24.62",",,,m","15.07",",,,m"
"MXN00020301","1985-05","17.0167","-97.9667","983.9","RIO VENADO, MX","","","21.8",",m","0",",m","0",",m","0",",m","0",",m","0",",m","0",",m","21",",m","0",",m","19850528",",,m","19850531","+,,m","19850514","+,,m","13.3",",m,28,","0.0",",,m,31,+","25.0",",m,14,+","","","8.7",",m","0.0",",,,m","18.75",",m","22.28",",,,m","15.22",",,,m"
