"STATION","DATE","LATITUDE","LONGITUDE","ELEVATION","NAME","CDSD","CDSD_ATTRIBUTES","CLDD","CLDD_ATTRIBUTES","DP01","DP01_ATTRIBUTES","DP10","DP10_ATTRIBUTES","DP1X","DP1X_ATTRIBUTES","DT00","DT00_ATTRIBUTES","DT32","DT32_ATTRIBUTES","DX32","DX32_ATTRIBUTES","DX70","DX70_ATTRIBUTES","DX90","DX90_ATTRIBUTES","DYNT","DYNT_ATTRIBUTES","DYXP","DYXP_ATTRIBUTES","DYXT","DYXT_ATTRIBUTES","EMNT","EMNT_ATTRIBUTES","EMXP","EMXP_ATTRIBUTES","EMXT","EMXT_ATTRIBUTES","HDSD","HDSD_ATTRIBUTES","HTDD","HTDD_ATTRIBUTES","PRCP","PRCP_ATTRIBUTES","TAVG","TAVG_ATTRIBUTES","TMAX","TMAX_ATTRIBUTES","TMIN","TMIN_ATTRIBUTES"
"MXN00013086","1973-09","20.15","-99.0833","2080.0","SANTIAGO TEZONTLALE CFE, MX","","","4.8",",m","11",",m","5",",m","1",",m","0",",m","0",",m","0",",m","26",",m","1",",m","19730919","+,,m","19730908",",,m","19730926",",,m","5.6",",m,19,+","38.6",",,m,08,","33.3",",m,26,","","","54.8",",m","73.6",",,,m","16.66",",m","23.38",",,,m","9.95",",,,m"
"MXN00013086","1973-10","20.15","-99.0833","2080.0","SANTIAGO TEZONTLALE CFE, MX","","","0.3",",m","11",",m","6",",m","1",",m","0",",m","0",",m","0",",m","17",",m","0",",m","19731027",",,m","19731012",",,m","19731030","+,,m","3.9",",m,27,","26.9",",,m,12,","25.0",",m,30,+","","","113.7",",m","52.6",",,,m","14.67",",m","20.92",",,,m","8.43",",,,m"
"MXN00013086","1973-11","20.15","-99.0833","2080.0","SANTIAGO TEZONTLALE CFE, MX","","","0.0",",m","5",",m","2",",m","1",",m","0",",m","1",",m","0",",m","23",",m","0",",m","19731130",",,m","19731127",",,m","19731121",",,m","-1.1",",m,30,","32.0",",,m,27,","26.7",",m,21,","","","155.2",",m","37.2",",,,m","13.16",",m","22.03",",,,m","4.29",",,,m"
"MXN00013086","1973-12","20.15","-99.0833","2080.0","SANTIAGO TEZONTLALE CFE, MX","","","0.0",",m","5",",m","0",",m","0",",m","0",",m","6",",m","0",",m","12",",m","0",",m","19731217",",,m","19731228",",,m","19731204","+,,m","-4.4",",m,17,","1.8",",,m,28,","24.4",",m,04,+","","","232.3",",m","4.5",",,,m","10.84",",m","19.30",",,,m","2.38",",,,m"
"MXN00013086","1974-01","20.15","-99.0833","2080.0","SANTIAGO TEZONTLALE CFE, MX","0.0","m","0.0",",m","0",",m","0",",m","0",",m","0",",m","0",",m","0",",m","27",",m","0",",m","19740117",",,m","19740131","+,,m","19740129","+,,m","0.6",",m,17,","0.0",",,m,31,+","25.0",",m,29,+","","","159.1",",m","0.0",",,,m","13.20",",m","22.66",",,,m","3.74",",,,m"
"MXN00013086","1974-02","20.15","-99.0833","2080.0","SANTIAGO TEZONTLALE CFE, MX","0.0","m","0.0",",m","1",",m","0",",m","0",",m","0",",m","3",",m","0",",m","20",",m","0",",m","19740227","+,,m","19740204",",,m","19740220","+,,m","-3.3",",m,27,+","0.3",",,m,04,","27.2",",m,20,+","","","157.1",",m","0.3",",,,m","12.72",",m","22.46",",,,m","2.98",",,,m"
"MXN00013086","1974-03","20.15","-99.0833","2080.0","SANTIAGO TEZONTLALE CFE, MX","0.6","m","0.6",",m","5",",m","3",",m","0",",m","0",",m","3",",m","0",",m","27",",m","0",",m","19740302","+,,m","19740311",",,m","19740323","+,,m","-1.7",",m,02,+","17.8",",,m,11,","29.4",",m,23,+","","","89.7",",m","38.2",",,,m","15.46",",m","25.61",",,,m","5.31",",,,m"
"MXN00013086","1974-04","20.15","-99.0833","2080.0","SANTIAGO TEZONTLALE CFE, MX","5.1","m","4.5",",m","8",",m","3",",m","0",",m","0",",m","0",",m","0",",m","28",",m","0",",m","19740406",",,m","19740414",",,m","19740422",",,m","0.6",",m,06,","19.8",",,m,14,","30.0",",m,22,","","","52.5",",m","32.9",",,,m","16.73",",m","25.35",",,,m","8.11",",,,m"
"MXN00013086","1974-05","20.15","-99.0833","2080.0","SANTIAGO TEZONTLALE CFE, MX","30.7","m","25.6",",m","8",",m","4",",m","0",",m","0",",m","0",",m","0",",m","31",",m","1",",m","19740520",",,m","19740528",",,m","19740510",",,m","6.1",",m,20,","15.7",",,m,28,","32.2",",m,10,","","","22.7",",m","44.9",",,,m","18.43",",m","27.26",",,,m","9.59",",,,m"
"MXN00013086","1974-06","20.15","-99.0833","2080.0","SANTIAGO TEZONTLALE CFE, MX","36.9","m","6.2",",m","11",",m","5",",m","0",",m","0",",m","0",",m","0",",m","18",",m","0",",m","19740627",",,m","19740629",",,m","19740608",",,m","5.6",",m,27,","16.8",",,m,29,","30.0",",m,08,","","","55.4",",m","33.7",",,,m","16.69",",m","22.58",",,,m","10.80",",,,m"
"MXN00013086","1974-07","20.15","-99.0833","2080.0","SANTIAGO TEZONTLALE CFE, MX","36.9","m","0.0",",m","13",",m","9",",m","0",",m","0",",m","0",",m","0",",m","16",",m","0",",m","19740714",",,m","19740704",",,m","19740729",",,m","3.9",",m,14,","24.4",",,m,04,","26.7",",m,29,","95.5","m","95.5",",m","120.7",",,,m","15.25",",m","21.53",",,,m","8.98",",,,m"
"MXN00013086","1974-08","20.15","-99.0833","2080.0","SANTIAGO TEZONTLALE CFE, MX","37.2","m","0.3",",m","11",",m","8",",m","0",",m","0",",m","0",",m","0",",m","31",",m","0",",m","19740823",",,m","19740818",",,m","19740806",",,m","5.0",",m,23,","15.0",",,m,18,","26.7",",m,06,","158.9","m","63.4",",m","55.9",",,,m","16.30",",m","23.77",",,,m","8.82",",,,m"
"MXN00013086","1974-09","20.15","-99.0833","2080.0","SANTIAGO TEZONTLALE CFE, MX","37.2","m","0.0",",m","12",",m","7",",m","2",",m","0",",m","0",",m","0",",m","20",",m","0",",m","19740908","+,,m","19740920",",,m","19740927",",,m","1.7",",m,08,+","53.8",",,m,20,","25.6",",m,27,","239.9","m","81.0",",m","152.8",",,,m","15.64",",m","21.52",",,,m","9.75",",,,m"
"MXN00013086","1974-10","20.15","-99.0833","2080.0","SANTIAGO TEZONTLALE CFE, MX","37.2","m","0.0",",m","5",",m","3",",m","0",",m","0",",m","0",",m","0",",m","10",",m","0",",m","19741009",",,m","19741028",",,m","19741028","+,,m","1.7",",m,09,","8.4",",,m,28,","23.9",",m,28,+","397.6","m","157.7",",m","19.9",",,,m","13.25",",m","19.54",",,,m","6.96",",,,m"
"MXN00013086","1974-11","20.15","-99.0833","2080.0","SANTIAGO TEZONTLALE CFE, MX","37.2","m","0.0",",m","5",",m","3",",m","0",",m","0",",m","3",",m","0",",m","18",",m","0",",m","19741127",",,m","19741105",",,m","19741102",",,m","-5.6",",m,27,","6.9",",,m,05,","25.0",",m,02,","578.4","m","180.8",",m","14.4",",,,m","12.31",",m","20.75",",,,m","3.86",",,,m"
"MXN00013086","1974-12","20.15","-99.0833","2080.0","SANTIAGO TEZONTLALE CFE, MX","37.2","m","0.0",",m","3",",m","1",",m","0",",m","0",",m","0",",m","0",",m","20",",m","0",",m","19741203","+,,m","19741210",",,m","19741230","+,,m","1.7",",m,03,+","2.5",",,m,10,","25.6",",m,30,+","740.7","m","162.3",",m","5.1",",,,m","13.10",",m","21.89",",,,m","4.30",",,,m"
"MXN00013086","1975-01","20.15","-99.0833","2080.0","SANTIAGO TEZONTLALE CFE, MX","0.0","m","0.0",",m","5",",m","2",",m","0",",m","0",",m","7",",m","0",",m","15",",m","0",",m","19750114",",,m","19750120",",,m","19750101",",,m","-6.1",",m,14,","11.4",",,m,20,","24.4",",m,01,","954.0","m","213.3",",m","20.7",",,,m","11.45",",m","20.12",",,,m","2.79",",,,m"
"MXN00013086","1975-02","20.15","-99.0833","2080.0","SANTIAGO TEZONTLALE CFE, MX","0.0","m","0.0",",m","2",",m","1",",m","0",",m","0",",m","1",",m","0",",m","26",",m","0",",m","19750225",",,m","19750204",",,m","19750219",",,m","-0.6",",m,25,","5.3",",,m,04,","27.8",",m,19,","1081.4","m","127.4",",m","5.6",",,,m","13.78",",m","23.64",",,,m","3.93",",,,m"
"MXN00013086","1975-03","20.15","-99.0833","2080.0","SANTIAGO TEZONTLALE CFE, MX","5.9","m","5.9",",m","0",",m","0",",m","0",",m","0",",m","0",",m","0",",m","31",",m","0",",m","19750309","+,,m","19750331","+,,m","19750328",",,m","2.8",",m,09,+","0.0",",,m,31,+","30.6",",m,28,","1137.8","m","56.4",",m","0.0",",,,m","16.70",",m","27.32",",,,m","6.08",",,,m"
"MXN00013086","1975-04","20.15","-99.0833","2080.0","SANTIAGO TEZONTLALE CFE, MX","28.9","m","23.0",",m","0",",m","0",",m","0",",m","0",",m","0",",m","0",",m","30",",m","1",",m","19750422","+,,m","19750430","+,,m","19750418",",,m","5.6",",m,22,+","0.0",",,m,30,+","32.8",",m,18,","1149.0","m","11.2",",m","0.0",",,,m","18.73",",m","29.40",",,,m","8.05",",,,m"
"MXN00013086","1975-05","20.15","-99.0833","2080.0","SANTIAGO TEZONTLALE CFE, MX","51.0","m","22.1",",m","15",",m","9",",m","0",",m","0",",m","0",",m","0",",m","30",",m","0",",m","19750513",",,m","19750529",",,m","19750507",",,m","7.8",",m,13,","24.4",",,m,29,","31.7",",m,07,","1166.3","m","17.3",",m","119.0",",,,m","18.49",",m","26.04",",,,m","10.95",",,,m"
"MXN00013086","1975-06","20.15","-99.0833","2080.0","SANTIAGO TEZONTLALE CFE, MX","57.4","m","6.4",",m","9",",m","7",",m","0",",m","0",",m","0",",m","0",",m","25",",m","0",",m","19750625",",,m","19750618",",,m","19750615",",,m","6.7",",m,25,","15.0",",,m,18,","27.2",",m,15,","1212.4","m","46.1",",m","55.1",",,,m","17.01",",m","23.05",",,,m","10.98",",,,m"
"MXN00013086","1975-07","20.15","-99.0833","2080.0","SANTIAGO TEZONTLALE CFE, MX","57.4","m","0.0",",m","14",",m","12",",m","0",",m","0",",m","0",",m","0",",m","28",",m","0",",m","19750725","+,,m","19750711",",,m","19750701",",,m","6.7",",m,25,+","22.9",",,m,11,","26.7",",m,01,","72.5","m","72.5",",m","109.0",",,,m","16.00",",m","22.50",",,,m","9.49",",,,m"
"MXN00013086","1975-08","20.15","-99.0833","2080.0","SANTIAGO TEZONTLALE CFE, MX","57.7","m","0.3",",m","12",",m","4",",m","0",",m","0",",m","0",",m","0",",m","27",",m","0",",m","19750823","+,,m","19750803",",,m","19750831","+,,m","6.1",",m,23,+","8.9",",,m,03,","25.0",",m,31,+","125.8","m","53.3",",m","32.0",",,,m","16.62",",m","23.20",",,,m","10.04",",,,m"
"MXN00013086","1975-09","20.15","-99.0833","2080.0","SANTIAGO TEZONTLALE CFE, MX","58.0","m","0.3",",m","8",",m","4",",m","1",",m","0",",m","1",",m","0",",m","16",",m","0",",m","19750925",",,m","19750916",",,m","19750930","+,,m","0.0",",m,25,","37.8",",,m,16,","25.0",",m,30,+","233.9","m","108.1",",m","61.8",",,,m","14.74",",m","20.95",",,,m","8.53",",,,m"
"MXN00013086","1975-10","20.15","-99.0833","2080.0","SANTIAGO TEZONTLALE CFE, MX","58.0","m","0.0",",m","5",",m","1",",m","0",",m","0",",m","1",",m","0",",m","18",",m","0",",m","19751021",",,m","19751002",",,m","19751025",",,m","0.0",",m,21,","4.3",",,m,02,","27.8",",m,25,","358.8","m","124.9",",m","6.5",",,,m","14.30",",m","21.09",",,,m","7.52",",,,m"
"MXN00013086","1975-12","20.15","-99.0833","2080.0","SANTIAGO TEZONTLALE CFE, MX","","","0.0",",m","0",",m","0",",m","0",",m","0",",m","17",",m","0",",m","17",",m","0",",m","19751231","+,,m","19751231","+,,m","19751224","+,,m","-4.4",",m,31,+","0.0",",,m,31,+","23.9",",m,24,+","","","242.3",",m","0.0",",,,m","10.52",",m","20.34",",,,m","0.69",",,,m"
"MXN00013086","1976-01","20.15","-99.0833","2080.0","SANTIAGO TEZONTLALE CFE, MX","0.0","","0.0",",m","1",",m","0",",m","0",",m","0",",m","10",",m","0",",m","16",",m","0",",m","19760118",",,m","19760117",",,m","19760124","+,,m","-4.4",",m,18,","0.5",",,m,17,","25.0",",m,24,+","","","244.7",",m","0.5",",,,m","10.44",",m","19.77",",,,m","1.11",",,,m"
"MXN00013086","1976-02","20.15","-99.0833","2080.0","SANTIAGO TEZONTLALE CFE, MX","0.0","","0.0",",m","0",",m","0",",m","0",",m","0",",m","18",",m","0",",m","20",",m","0",",m","19760224",",,m","19760229","+,,m","19760220",",,m","-8.3",",m,24,","0.0",",,m,29,+","26.7",",m,20,","","","219.3",",m","0.0",",,,m","10.77",",m","21.69",",,,m","-0.14",",,,m"
"MXN00013086","1976-03","20.15","-99.0833","2080.0","SANTIAGO TEZONTLALE CFE, MX","0.0","","0.0",",m","7",",m","3",",m","0",",m","0",",m","0",",m","0",",m","30",",m","0",",m","19760303","+,,m","19760331",",,m","19760330","+,,m","1.7",",m,03,+","12.4",",,m,31,","30.0",",m,30,+","","","81.9",",m","35.9",",,,m","15.69",",m","26.08",",,,m","5.30",",,,m"
"MXN00013086","1980-02","20.15","-99.0833","2080.0","SANTIAGO TEZONTLALE CFE, MX","","","0.0",",m","2","1,m","1","1,m","0","1,m","0",",m","0",",m","0",",m","17",",m","0",",m","19800220","+,,m","19800220",",1,m","19800229",",,m","0.6",",m,20,+","3.3","1,,m,20,","25.0",",m,29,","","","167.7",",m","5.6","1,,,m","12.55",",m","21.30",",,,m","3.80",",,,m"
"MXN00013086","1980-06","20.15","-99.0833","2080.0","SANTIAGO TEZONTLALE CFE, MX","","","0.0",",m","10",",m","4",",m","0",",m","0",",m","2",",m","0",",m","11",",m","0",",m","19800610",",,m","19800620",",,m","19800623","+,,m","-2.2",",m,10,","11.9",",,m,20,","28.9",",m,23,+","","","162.2",",m","32.8",",,,m","12.93",",m","21.16",",,,m","4.69",",,,m"
