"STATION","DATE","LATITUDE","LONGITUDE","ELEVATION","NAME","CDSD","CDSD_ATTRIBUTES","CLDD","CLDD_ATTRIBUTES","DP01","DP01_ATTRIBUTES","DP10","DP10_ATTRIBUTES","DP1X","DP1X_ATTRIBUTES","DT00","DT00_ATTRIBUTES","DT32","DT32_ATTRIBUTES","DX32","DX32_ATTRIBUTES","DX70","DX70_ATTRIBUTES","DX90","DX90_ATTRIBUTES","DYNT","DYNT_ATTRIBUTES","DYXP","DYXP_ATTRIBUTES","DYXT","DYXT_ATTRIBUTES","EMNT","EMNT_ATTRIBUTES","EMXP","EMXP_ATTRIBUTES","EMXT","EMXT_ATTRIBUTES","HDSD","HDSD_ATTRIBUTES","HTDD","HTDD_ATTRIBUTES","PRCP","PRCP_ATTRIBUTES","TAVG","TAVG_ATTRIBUTES","TMAX","TMAX_ATTRIBUTES","TMIN","TMIN_ATTRIBUTES"
"MXN00025191","1998-10","23.2333","-106.4333","4.0","MAZATLAN CFE, MX","","","365.8",",m","3",",m","3",",m","0",",m","0",",m","0",",m","0",",m","31",",m","29",",m","19981031","+,,m","19981001",",,m","19981024","+,,m","23.9",",m,31,+","20.6",",,m,01,","36.7",",m,24,+","","","0.0",",m","33.8",",,,m","30.13",",m","34.94",",,,m","25.32",",,,m"
"MXN00025191","1998-11","23.2333","-106.4333","4.0","MAZATLAN CFE, MX","","","218.9",",m","0",",m","0",",m","0",",m","0",",m","0",",m","0",",m","30",",m","11",",m","19981114",",,m","19981130","+,,m","19981107",",,m","16.1",",m,14,","0.0",",,m,30,+","34.4",",m,07,","","","0.0",",m","0.0",",,,m","25.63",",m","31.68",",,,m","19.58",",,,m"
"MXN00025191","1998-12","23.2333","-106.4333","4.0","MAZATLAN CFE, MX","","","73.9",",m","0",",m","0",",m","0",",m","0",",m","0",",m","0",",m","31",",m","0",",m","19981228","+,,m","19981231","+,,m","19981202",",,m","11.1",",m,28,+","0.0",",,m,31,+","31.7",",m,02,","","","0.8",",m","0.0",",,,m","20.69",",m","26.91",",,,m","14.46",",,,m"
"MXN00025191","1999-01","23.2333","-106.4333","4.0","MAZATLAN CFE, MX","42.9","m","42.9",",m","0",",m","0",",m","0",",m","0",",m","0",",m","0",",m","31",",m","0",",m","19990130",",,m","19990131","+,,m","19990124",",,m","9.4",",m,30,","0.0",",,m,31,+","30.0",",m,24,","","","2.5",",m","0.0",",,,m","19.64",",m","26.91",",,,m","12.36",",,,m"
"MXN00025191","1999-02","23.2333","-106.4333","4.0","MAZATLAN CFE, MX","88.8","m","45.9",",m","0",",m","0",",m","0",",m","0",",m","0",",m","0",",m","28",",m","0",",m","19990201",",,m","19990228","+,,m","19990228","+,,m","10.0",",m,01,","0.0",",,m,28,+","28.9",",m,28,+","","","1.6",",m","0.0",",,,m","19.91",",m","26.50",",,,m","13.33",",,,m"
"MXN00025191","1999-03","23.2333","-106.4333","4.0","MAZATLAN CFE, MX","199.5","m","110.7",",m","0",",m","0",",m","0",",m","0",",m","0",",m","0",",m","31",",m","0",",m","19990315",",,m","19990331","+,,m","19990307",",,m","10.6",",m,15,","0.0",",,m,31,+","31.7",",m,07,","","","0.0",",m","0.0",",,,m","21.90",",m","29.10",",,,m","14.71",",,,m"
"MXN00025191","1999-04","23.2333","-106.4333","4.0","MAZATLAN CFE, MX","346.4","m","146.9",",m","0",",m","0",",m","0",",m","0",",m","0",",m","0",",m","30",",m","4",",m","19990416","+,,m","19990430","+,,m","19990428","+,,m","13.9",",m,16,+","0.0",",,m,30,+","32.8",",m,28,+","","","0.0",",m","0.0",",,,m","23.23",",m","30.09",",,,m","16.37",",,,m"
"MXN00025191","1999-05","23.2333","-106.4333","4.0","MAZATLAN CFE, MX","618.8","m","272.4",",m","0",",m","0",",m","0",",m","0",",m","0",",m","0",",m","31",",m","24",",m","19990503","+,,m","19990531","+,,m","19990530",",,m","16.7",",m,03,+","0.0",",,m,31,+","36.7",",m,30,","","","0.0",",m","0.0",",,,m","27.12",",m","33.92",",,,m","20.32",",,,m"
"MXN00025191","1999-06","23.2333","-106.4333","4.0","MAZATLAN CFE, MX","1005.6","m","386.8",",m","4",",m","2",",m","1",",m","0",",m","0",",m","0",",m","30",",m","30",",m","19990601",",,m","19990627",",,m","19990623","+,,m","20.6",",m,01,","47.0",",,m,27,","38.9",",m,23,+","","","0.0",",m","59.8",",,,m","31.23",",m","37.08",",,,m","25.37",",,,m"
"MXN00025191","1999-07","23.2333","-106.4333","4.0","MAZATLAN CFE, MX","1371.7","m","366.1",",m","16",",m","12",",m","5",",m","0",",m","0",",m","0",",m","31",",m","31",",m","19990717",",,m","19990715",",,m","19990730",",,m","21.7",",m,17,","68.6",",,m,15,","37.8",",m,30,","0.0","m","0.0",",m","253.6",",,,m","30.14",",m","35.33",",,,m","24.95",",,,m"
"MXN00025191","1999-08","23.2333","-106.4333","4.0","MAZATLAN CFE, MX","1746.4","m","374.7",",m","13",",m","10",",m","2",",m","0",",m","0",",m","0",",m","31",",m","30",",m","19990826","+,,m","19990829",",,m","19990817",",,m","22.8",",m,26,+","68.3",",,m,29,","37.8",",m,17,","0.0","m","0.0",",m","160.6",",,,m","30.42",",m","35.58",",,,m","25.26",",,,m"
"MXN00025191","1999-09","23.2333","-106.4333","4.0","MAZATLAN CFE, MX","2104.1","m","357.7",",m","12",",m","11",",m","3",",m","0",",m","0",",m","0",",m","30",",m","29",",m","19990928",",,m","19990906",",,m","19990917",",,m","21.7",",m,28,","79.8",",,m,06,","40.0",",m,17,","0.0","m","0.0",",m","284.8",",,,m","30.26",",m","35.29",",,,m","25.22",",,,m"
"MXN00025191","1999-10","23.2333","-106.4333","4.0","MAZATLAN CFE, MX","2456.7","m","352.6",",m","6",",m","2",",m","0",",m","0",",m","0",",m","0",",m","31",",m","30",",m","19991024",",,m","19991001",",,m","19991014",",,m","20.6",",m,24,","20.1",",,m,01,","37.8",",m,14,","0.0","m","0.0",",m","29.7",",,,m","29.71",",m","35.39",",,,m","24.03",",,,m"
"MXN00025191","1999-11","23.2333","-106.4333","4.0","MAZATLAN CFE, MX","2684.3","m","227.6",",m","1",",m","1",",m","0",",m","0",",m","0",",m","0",",m","30",",m","15",",m","19991129",",,m","19991112",",,m","19991107","+,,m","15.6",",m,29,","3.3",",,m,12,","35.0",",m,07,+","0.0","m","0.0",",m","3.3",",,,m","25.92",",m","32.01",",,,m","19.82",",,,m"
"MXN00025191","1999-12","23.2333","-106.4333","4.0","MAZATLAN CFE, MX","2779.3","m","95.0",",m","0",",m","0",",m","0",",m","0",",m","0",",m","0",",m","31",",m","0",",m","19991222","+,,m","19991231","+,,m","19991201",",,m","12.8",",m,22,+","0.0",",,m,31,+","31.7",",m,01,","0.0","m","0.0",",m","0.0",",,,m","21.40",",m","27.72",",,,m","15.08",",,,m"
"MXN00025191","2001-01","23.2333","-106.4333","4.0","MAZATLAN CFE, MX","83.5","","83.5",",m","0",",m","0",",m","0",",m","0",",m","0",",m","0",",m","31",",m","0",",m","20010119",",,m","20010131","+,,m","20010104","+,,m","10.0",",m,19,","0.0",",,m,31,+","30.0",",m,04,+","","","0.2",",m","0.0",",,,m","21.02",",m","26.33",",,,m","15.71",",,,m"
"MXN00025191","2001-02","23.2333","-106.4333","4.0","MAZATLAN CFE, MX","134.6","","51.1",",m","0",",m","0",",m","0",",m","0",",m","0",",m","0",",m","27",",m","0",",m","20010217","+,,m","20010228","+,,m","20010205",",,m","10.6",",m,17,+","0.0",",,m,28,+","28.9",",m,05,","","","2.7",",m","0.0",",,,m","20.06",",m","25.60",",,,m","14.53",",,,m"
"MXN00025191","2001-03","23.2333","-106.4333","4.0","MAZATLAN CFE, MX","169.7","","35.1",",m","0",",m","0",",m","0",",m","0",",m","0",",m","0",",m","28",",m","0",",m","20010305",",,m","20010331","+,,m","20010330","+,,m","10.6",",m,05,","0.0",",,m,31,+","25.6",",m,30,+","","","7.1",",m","0.0",",,,m","19.24",",m","23.85",",,,m","14.62",",,,m"
