"STATION","DATE","LATITUDE","LONGITUDE","ELEVATION","NAME","CDSD","CDSD_ATTRIBUTES","CLDD","CLDD_ATTRIBUTES","DP01","DP01_ATTRIBUTES","DP10","DP10_ATTRIBUTES","DP1X","DP1X_ATTRIBUTES","DT00","DT00_ATTRIBUTES","DT32","DT32_ATTRIBUTES","DX32","DX32_ATTRIBUTES","DX70","DX70_ATTRIBUTES","DX90","DX90_ATTRIBUTES","DYNT","DYNT_ATTRIBUTES","DYXP","DYXP_ATTRIBUTES","DYXT","DYXT_ATTRIBUTES","EMNT","EMNT_ATTRIBUTES","EMXP","EMXP_ATTRIBUTES","EMXT","EMXT_ATTRIBUTES","HDSD","HDSD_ATTRIBUTES","HTDD","HTDD_ATTRIBUTES","PRCP","PRCP_ATTRIBUTES","TAVG","TAVG_ATTRIBUTES","TMAX","TMAX_ATTRIBUTES","TMIN","TMIN_ATTRIBUTES"
"MXN00032044","2009-01","22.7167","-102.6833","2223.8","ESCUELA DE AGRONOMIA UAZ, MX","0.0","m","0.0",",m","0",",m","0",",m","0",",m","0",",m","7",",m","0",",m","12",",m","0",",m","20090114",",,m","20090131","+,,m","20090110","+,,m","-2.2",",m,14,","0.0",",,m,31,+","23.9",",m,10,+","","","219.8",",m","0.0",",,,m","11.24",",m","20.25",",,,m","2.24",",,,m"
"MXN00032044","2009-02","22.7167","-102.6833","2223.8","ESCUELA DE AGRONOMIA UAZ, MX","0.0","m","0.0",",m","0",",m","0",",m","0",",m","0",",m","8",",m","0",",m","21",",m","0",",m","20090206",",,m","20090228","+,,m","20090228",",,m","-6.7",",m,06,","0.0",",,m,28,+","27.2",",m,28,","","","159.7",",m","0.0",",,,m","12.63",",m","23.13",",,,m","2.13",",,,m"
"MXN00032044","2009-03","22.7167","-102.6833","2223.8","ESCUELA DE AGRONOMIA UAZ, MX","0.0","m","0.0","1,m","0",",m","0",",m","0",",m","0","1,m","5","1,m","0","1,m","30","1,m","0","1,m","20090304",",1,m","20090331","+,,m","20090305","+,1,m","-2.2","1,m,04,","0.0",",,m,31,+","27.2","1,m,05,+","","","126.1","1,m","0.0",",,,m","14.13","1,m","24.33","1,,,m","3.92","1,,,m"
"MXN00032044","2009-04","22.7167","-102.6833","2223.8","ESCUELA DE AGRONOMIA UAZ, MX","0.0","m","0.0","1,m","0",",m","0",",m","0",",m","0","1,m","0","1,m","0","1,m","29","1,m","0","1,m","20090414",",1,m","20090430","+,,m","20090428",",1,m","3.3","1,m,14,","0.0",",,m,30,+","30.0","1,m,28,","","","69.5","1,m","0.0",",,,m","15.94","1,m","25.87","1,,,m","6.01","1,,,m"
"MXN00032044","2009-05","22.7167","-102.6833","2223.8","ESCUELA DE AGRONOMIA UAZ, MX","25.2","m","25.2","1,m","5",",m","2",",m","0",",m","0","1,m","0","1,m","0","1,m","29","1,m","0","1,m","20090523",",1,m","20090516",",,m","20090507","+,1,m","5.0","1,m,23,","6.9",",,m,16,","30.6","1,m,07,+","","","19.8","1,m","16.2",",,,m","18.51","1,m","27.03","1,,,m","9.99","1,,,m"
"MXN00032044","2009-06","22.7167","-102.6833","2223.8","ESCUELA DE AGRONOMIA UAZ, MX","58.8","m","33.6","1,m","12",",m","9",",m","4",",m","0","1,m","0","1,m","0","1,m","28","1,m","0","1,m","20090604",",1,m","20090618",",,m","20090618",",1,m","6.7","1,m,04,","47.5",",,m,18,","31.1","1,m,18,","","","7.5","1,m","174.4",",,,m","19.23","1,m","26.72","1,,,m","11.75","1,,,m"
"MXN00032044","2009-07","22.7167","-102.6833","2223.8","ESCUELA DE AGRONOMIA UAZ, MX","78.8","m","20.0",",m","4",",m","3",",m","1",",m","0",",m","0",",m","0",",m","30",",m","0",",m","20090722","+,,m","20090728",",,m","20090716","+,,m","9.4",",m,22,+","60.5",",,m,28,","28.3",",m,16,+","9.8","m","9.8",",m","89.9",",,,m","18.66",",m","25.50",",,,m","11.82",",,,m"
"MXN00032044","2009-08","22.7167","-102.6833","2223.8","ESCUELA DE AGRONOMIA UAZ, MX","87.8","m","9.0","1,m","7",",m","4",",m","1",",m","0","1,m","0","1,m","0","1,m","28","1,m","0","1,m","20090818",",1,m","20090810",",,m","20090814","+,1,m","10.0","1,m,18,","25.9",",,m,10,","26.7","1,m,14,+","21.0","m","11.2","1,m","69.9",",,,m","18.26","1,m","24.59","1,,,m","11.93","1,,,m"
"MXN00032044","2009-09","22.7167","-102.6833","2223.8","ESCUELA DE AGRONOMIA UAZ, MX","89.2","m","1.4","1,m","13",",m","6",",m","0",",m","0","1,m","0","1,m","0","1,m","26","1,m","0","1,m","20090920","+,1,m","20090909","+,,m","20090901",",1,m","10.0","1,m,20,+","6.4",",,m,09,+","26.1","1,m,01,","57.5","m","36.5","1,m","31.6",",,,m","17.12","1,m","22.84","1,,,m","11.40","1,,,m"
"MXN00032044","2009-10","22.7167","-102.6833","2223.8","ESCUELA DE AGRONOMIA UAZ, MX","93.1","m","3.9",",m","8",",m","3",",m","0",",m","0",",m","0",",m","0",",m","26",",m","0",",m","20091031",",,m","20091021",",,m","20091006",",,m","3.3",",m,31,","15.0",",,m,21,","29.4",",m,06,","124.9","m","67.4",",m","30.1",",,,m","16.28",",m","23.08",",,,m","9.49",",,,m"
"MXN00032044","2009-11","22.7167","-102.6833","2223.8","ESCUELA DE AGRONOMIA UAZ, MX","93.1","m","0.0","1,m","0",",m","0",",m","0",",m","0","1,m","2","1,m","0","1,m","12","1,m","0","1,m","20091124",",1,m","20091130","+,,m","20091116","+,1,m","-1.1","1,m,24,","0.0",",,m,30,+","24.4","1,m,16,+","307.3","m","182.4","1,m","0.0",",,,m","12.04","1,m","20.47","1,,,m","3.62","1,,,m"
"MXN00032044","2009-12","22.7167","-102.6833","2223.8","ESCUELA DE AGRONOMIA UAZ, MX","93.1","m","0.0",",m","5",",m","3",",m","0",",m","0",",m","7",",m","0",",m","5",",m","0",",m","20091205",",,m","20091205",",,m","20091211",",,m","-3.9",",m,05,","22.4",",,m,05,","22.2",",m,11,","550.7","m","243.4",",m","36.2",",,,m","10.48",",m","17.35",",,,m","3.62",",,,m"
"MXN00032044","2010-01","22.7167","-102.6833","2223.8","ESCUELA DE AGRONOMIA UAZ, MX","0.0","m","0.0",",m","3",",m","3",",m","0",",m","0",",m","13",",m","0",",m","5",",m","0",",m","20100111",",,m","20100115",",,m","20100131","+,,m","-3.3",",m,11,","10.9",",,m,15,","21.7",",m,31,+","833.6","m","282.9",",m","22.3",",,,m","9.21",",m","16.90",",,,m","1.52",",,,m"
"MXN00032044","2010-02","22.7167","-102.6833","2223.8","ESCUELA DE AGRONOMIA UAZ, MX","0.0","m","0.0",",m","8",",m","6",",m","2",",m","0",",m","6",",m","0",",m","0",",m","0",",m","20100225",",,m","20100202",",,m","20100228","+,,m","-3.9",",m,25,","51.8",",,m,02,","20.6",",m,28,+","1085.8","m","252.2",",m","125.2",",,,m","9.33",",m","15.68",",,,m","2.98",",,,m"
"MXN00032044","2010-03","22.7167","-102.6833","2223.8","ESCUELA DE AGRONOMIA UAZ, MX","0.0","m","0.0",",m","0",",m","0",",m","0",",m","0",",m","12",",m","0",",m","18",",m","0",",m","20100313",",,m","20100331","+,,m","20100328",",,m","-4.4",",m,13,","0.0",",,m,31,+","25.0",",m,28,","1288.2","m","202.4",",m","0.0",",,,m","11.80",",m","21.21",",,,m","2.40",",,,m"
"MXN00032044","2010-04","22.7167","-102.6833","2223.8","ESCUELA DE AGRONOMIA UAZ, MX","0.0","m","0.0",",m","0",",m","0",",m","0",",m","0",",m","0",",m","0",",m","30",",m","0",",m","20100426","+,,m","20100430","+,,m","20100407",",,m","0.6",",m,26,+","0.0",",,m,30,+","26.7",",m,07,","1383.9","m","95.7",",m","0.0",",,,m","15.14",",m","24.42",",,,m","5.86",",,,m"
"MXN00032044","2010-05","22.7167","-102.6833","2223.8","ESCUELA DE AGRONOMIA UAZ, MX","42.4","m","42.4",",m","0",",m","0",",m","0",",m","0",",m","0",",m","0",",m","31",",m","0",",m","20100502",",,m","20100531","+,,m","20100508","+,,m","1.7",",m,02,","0.0",",,m,31,+","31.1",",m,08,+","1393.6","m","9.7",",m","0.0",",,,m","19.39",",m","28.55",",,,m","10.23",",,,m"
"MXN00032044","2010-06","22.7167","-102.6833","2223.8","ESCUELA DE AGRONOMIA UAZ, MX","92.0","m","49.6",",m","9",",m","5",",m","0",",m","0",",m","0",",m","0",",m","30",",m","1",",m","20100603",",,m","20100612",",,m","20100606",",,m","6.1",",m,03,","23.4",",,m,12,","32.2",",m,06,","1396.4","m","2.8",",m","50.4",",,,m","19.89",",m","27.69",",,,m","12.10",",,,m"
"MXN00032044","2010-07","22.7167","-102.6833","2223.8","ESCUELA DE AGRONOMIA UAZ, MX","97.9","m","5.9",",m","13",",m","10",",m","1",",m","0",",m","0",",m","0",",m","24",",m","0",",m","20100717",",,m","20100701",",,m","20100721","+,,m","10.6",",m,17,","32.8",",,m,01,","25.6",",m,21,+","18.9","m","18.9",",m","140.8",",,,m","17.91",",m","22.58",",,,m","13.25",",,,m"
"MXN00032044","2010-08","22.7167","-102.6833","2223.8","ESCUELA DE AGRONOMIA UAZ, MX","110.3","m","12.4",",m","4",",m","2",",m","0",",m","0",",m","0",",m","0",",m","30",",m","0",",m","20100827","+,,m","20100813",",,m","20100830","+,,m","10.0",",m,27,+","7.9",",,m,13,","26.7",",m,30,+","30.9","m","12.0",",m","16.9",",,,m","18.35",",m","24.82",",,,m","11.87",",,,m"
"MXN00032044","2010-09","22.7167","-102.6833","2223.8","ESCUELA DE AGRONOMIA UAZ, MX","116.4","m","6.1",",m","12",",m","7",",m","1",",m","0",",m","0",",m","0",",m","28",",m","0",",m","20100901",",,m","20100908",",,m","20100903","+,,m","8.9",",m,01,","25.9",",,m,08,","26.1",",m,03,+","50.5","m","19.6",",m","81.8",",,,m","17.88",",m","23.58",",,,m","12.18",",,,m"
"MXN00032044","2010-10","22.7167","-102.6833","2223.8","ESCUELA DE AGRONOMIA UAZ, MX","116.4","m","0.0",",m","1",",m","1",",m","0",",m","0",",m","1",",m","0",",m","28",",m","0",",m","20101026",",,m","20101024",",,m","20101026","+,,m","-1.1",",m,26,","5.1",",,m,24,","26.1",",m,26,+","185.9","m","135.4",",m","5.1",",,,m","13.97",",m","23.33",",,,m","4.61",",,,m"
"MXN00032044","2010-11","22.7167","-102.6833","2223.8","ESCUELA DE AGRONOMIA UAZ, MX","116.4","m","0.0",",m","0",",m","0",",m","0",",m","0",",m","9",",m","0",",m","17",",m","0",",m","20101108",",,m","20101130","+,,m","20101101",",,m","-2.8",",m,08,","0.0",",,m,30,+","26.7",",m,01,","392.0","m","206.1",",m","0.0",",,,m","11.46",",m","21.20",",,,m","1.72",",,,m"
"MXN00032044","2010-12","22.7167","-102.6833","2223.8","ESCUELA DE AGRONOMIA UAZ, MX","116.4","m","0.0",",m","0",",m","0",",m","0",",m","0",",m","21",",m","0",",m","15",",m","0",",m","20101211","+,,m","20101231","+,,m","20101221","+,,m","-5.6",",m,11,+","0.0",",,m,31,+","23.3",",m,21,+","662.3","m","270.3",",m","0.0",",,,m","9.61",",m","20.00",",,,m","-0.77",",,,m"
"MXN00032044","2011-01","22.7167","-102.6833","2223.8","ESCUELA DE AGRONOMIA UAZ, MX","0.0","","0.0",",m","0",",m","0",",m","0",",m","0",",m","14",",m","0",",m","7",",m","0",",m","20110116",",,m","20110131","+,,m","20110118",",,m","-6.1",",m,16,","0.0",",,m,31,+","23.3",",m,18,","915.3","","253.0",",m","0.0",",,,m","10.17",",m","19.70",",,,m","0.65",",,,m"
"MXN00032044","2011-02","22.7167","-102.6833","2223.8","ESCUELA DE AGRONOMIA UAZ, MX","0.0","","0.0",",m","1",",m","0",",m","0",",m","0",",m","7",",m","0",",m","18",",m","0",",m","20110207",",,m","20110203",",,m","20110217","+,,m","-5.6",",m,07,","0.8",",,m,03,","25.6",",m,17,+","1091.5","","176.2",",m","0.8",",,,m","12.04",",m","21.69",",,,m","2.39",",,,m"
"MXN00032044","2011-03","22.7167","-102.6833","2223.8","ESCUELA DE AGRONOMIA UAZ, MX","1.4","","1.4",",m","0",",m","0",",m","0",",m","0",",m","0",",m","0",",m","29",",m","0",",m","20110312",",,m","20110331","+,,m","20110326",",,m","1.1",",m,12,","0.0",",,m,31,+","28.9",",m,26,","1197.2","","105.7",",m","0.0",",,,m","14.97",",m","24.57",",,,m","5.37",",,,m"
"MXN00032044","2011-04","22.7167","-102.6833","2223.8","ESCUELA DE AGRONOMIA UAZ, MX","12.2","","10.8",",m","0",",m","0",",m","0",",m","0",",m","0",",m","0",",m","30",",m","0",",m","20110401",",,m","20110430","+,,m","20110428",",,m","3.3",",m,01,","0.0",",,m,30,+","30.0",",m,28,","1234.8","","37.6",",m","0.0",",,,m","17.44",",m","27.39",",,,m","7.49",",,,m"
"MXN00032044","2011-05","22.7167","-102.6833","2223.8","ESCUELA DE AGRONOMIA UAZ, MX","52.1","","39.9",",m","3",",m","1",",m","0",",m","0",",m","0",",m","0",",m","31",",m","5",",m","20110513",",,m","20110504",",,m","20110529",",,m","5.0",",m,13,","2.8",",,m,04,","33.3",",m,29,","1244.3","","9.5",",m","4.4",",,,m","19.31",",m","29.15",",,,m","9.47",",,,m"
"MXN00032044","2011-07","22.7167","-102.6833","2223.8","ESCUELA DE AGRONOMIA UAZ, MX","","","12.7",",m","10",",m","6",",m","0",",m","0",",m","0",",m","0",",m","28",",m","0",",m","20110728",",,m","20110722",",,m","20110720",",,m","9.4",",m,28,","15.5",",,m,22,","27.2",",m,20,","13.1","","13.1",",m","50.9",",,,m","18.32",",m","24.00",",,,m","12.65",",,,m"
"MXN00032044","2011-08","22.7167","-102.6833","2223.8","ESCUELA DE AGRONOMIA UAZ, MX","","","20.4",",m","10",",m","2",",m","0",",m","0",",m","0",",m","0",",m","31",",m","0",",m","20110829","+,,m","20110805",",,m","20110824","+,,m","10.0",",m,29,+","8.4",",,m,05,","27.8",",m,24,+","17.5","","4.4",",m","21.1",",,,m","18.85",",m","25.65",",,,m","12.04",",,,m"
"MXN00032044","2011-09","22.7167","-102.6833","2223.8","ESCUELA DE AGRONOMIA UAZ, MX","","","3.3",",m","7",",m","7",",m","3",",m","0",",m","0",",m","0",",m","26",",m","0",",m","20110909","+,,m","20110902",",,m","20110916",",,m","5.6",",m,09,+","38.9",",,m,02,","26.7",",m,16,","55.9","","38.4",",m","120.9",",,,m","17.16",",m","23.26",",,,m","11.07",",,,m"
"MXN00032044","2012-01","22.7167","-102.6833","2223.8","ESCUELA DE AGRONOMIA UAZ, MX","0.0","","0.0",",m","1",",m","1",",m","0",",m","0",",m","14",",m","0",",m","7",",m","0",",m","20120127","+,,m","20120129",",,m","20120122",",,m","-5.0",",m,27,+","12.4",",,m,29,","23.3",",m,22,","","","256.2",",m","12.4",",,,m","10.07",",m","19.15",",,,m","0.99",",,,m"
"MXN00032044","2012-02","22.7167","-102.6833","2223.8","ESCUELA DE AGRONOMIA UAZ, MX","0.0","","0.0",",m","6",",m","2",",m","0",",m","0",",m","1",",m","0",",m","3",",m","0",",m","20120225",",,m","20120211",",,m","20120229",",,m","-1.1",",m,25,","16.3",",,m,11,","25.0",",m,29,","","","201.4",",m","29.9",",,,m","11.39",",m","18.08",",,,m","4.70",",,,m"
"MXN00032044","2012-03","22.7167","-102.6833","2223.8","ESCUELA DE AGRONOMIA UAZ, MX","0.0","","0.0",",m","0",",m","0",",m","0",",m","0",",m","2",",m","0",",m","28",",m","0",",m","20120323","+,,m","20120331","+,,m","20120316","+,,m","-0.6",",m,23,+","0.0",",,m,31,+","25.6",",m,16,+","","","120.2",",m","0.0",",,,m","14.45",",m","23.61",",,,m","5.30",",,,m"
"MXN00032044","2012-04","22.7167","-102.6833","2223.8","ESCUELA DE AGRONOMIA UAZ, MX","2.5","","2.5",",m","0",",m","0",",m","0",",m","0",",m","0",",m","0",",m","30",",m","0",",m","20120416","+,,m","20120430","+,,m","20120429","+,,m","3.3",",m,16,+","0.0",",,m,30,+","28.3",",m,29,+","","","65.2",",m","0.0",",,,m","16.24",",m","25.57",",,,m","6.91",",,,m"
"MXN00032044","2012-05","22.7167","-102.6833","2223.8","ESCUELA DE AGRONOMIA UAZ, MX","32.5","","30.0",",m","1",",m","0",",m","0",",m","0",",m","0",",m","0",",m","31",",m","0",",m","20120502",",,m","20120504",",,m","20120531",",,m","5.6",",m,02,","0.3",",,m,04,","31.7",",m,31,","","","17.4",",m","0.3",",,,m","18.74",",m","27.58",",,,m","9.89",",,,m"
"MXN00032044","2012-06","22.7167","-102.6833","2223.8","ESCUELA DE AGRONOMIA UAZ, MX","63.6","","31.1",",m","2",",m","0",",m","0",",m","0",",m","0",",m","0",",m","30",",m","0",",m","20120605","+,,m","20120621",",,m","20120606",",,m","8.3",",m,05,+","2.3",",,m,21,","29.4",",m,06,","","","3.7",",m","3.1",",,,m","19.25",",m","26.59",",,,m","11.90",",,,m"
"MXN00032044","2012-07","22.7167","-102.6833","2223.8","ESCUELA DE AGRONOMIA UAZ, MX","66.6","","3.0",",m","13",",m","8",",m","1",",m","0",",m","0",",m","0",",m","28",",m","0",",m","20120730","+,,m","20120716",",,m","20120701",",,m","10.0",",m,30,+","34.8",",,m,16,","26.1",",m,01,","23.1","","23.1",",m","95.7",",,,m","17.69",",m","23.63",",,,m","11.75",",,,m"
"MXN00032044","2012-08","22.7167","-102.6833","2223.8","ESCUELA DE AGRONOMIA UAZ, MX","73.9","","7.3",",m","10",",m","5",",m","0",",m","0",",m","0",",m","0",",m","30",",m","0",",m","20120817",",,m","20120820",",,m","20120807",",,m","8.9",",m,17,","20.8",",,m,20,","27.2",",m,07,","38.8","","15.7",",m","41.1",",,,m","18.06",",m","24.70",",,,m","11.43",",,,m"
"MXN00032044","2012-09","22.7167","-102.6833","2223.8","ESCUELA DE AGRONOMIA UAZ, MX","74.7","","0.8",",m","9",",m","4",",m","1",",m","0",",m","0",",m","0",",m","24",",m","0",",m","20120922","+,,m","20120912",",,m","20120906",",,m","5.0",",m,22,+","30.0",",,m,12,","25.6",",m,06,","94.2","","55.4",",m","54.1",",,,m","16.51",",m","23.03",",,,m","10.00",",,,m"
"MXN00032044","2012-10","22.7167","-102.6833","2223.8","ESCUELA DE AGRONOMIA UAZ, MX","75.0","","0.3",",m","5",",m","3",",m","0",",m","0",",m","0",",m","0",",m","30",",m","0",",m","20121006","+,,m","20121027",",,m","20121022","+,,m","3.3",",m,06,+","17.3",",,m,27,","27.2",",m,22,+","158.0","","63.8",",m","27.5",",,,m","16.29",",m","24.48",",,,m","8.09",",,,m"
