"STATION","DATE","LATITUDE","LONGITUDE","ELEVATION","NAME","CDSD","CDSD_ATTRIBUTES","CLDD","CLDD_ATTRIBUTES","DP01","DP01_ATTRIBUTES","DP10","DP10_ATTRIBUTES","DP1X","DP1X_ATTRIBUTES","DT00","DT00_ATTRIBUTES","DT32","DT32_ATTRIBUTES","DX32","DX32_ATTRIBUTES","DX70","DX70_ATTRIBUTES","DX90","DX90_ATTRIBUTES","DYNT","DYNT_ATTRIBUTES","DYXP","DYXP_ATTRIBUTES","DYXT","DYXT_ATTRIBUTES","EMNT","EMNT_ATTRIBUTES","EMXP","EMXP_ATTRIBUTES","EMXT","EMXT_ATTRIBUTES","HDSD","HDSD_ATTRIBUTES","HTDD","HTDD_ATTRIBUTES","PRCP","PRCP_ATTRIBUTES","TAVG","TAVG_ATTRIBUTES","TMAX","TMAX_ATTRIBUTES","TMIN","TMIN_ATTRIBUTES"
"MXN00025170","1978-09","25.8833","-107.6167","1850.7","EL TAMARINDO, MX","","","273.3",",m","9",",m","9",",m","3",",m","0",",m","0",",m","0",",m","30",",m","18",",m","19780930",",,m","19780911",",,m","19780930","+,,m","19.4",",m,30,","43.4",",,m,11,","36.7",",m,30,+","","","0.0",",m","177.1",",,,m","27.44",",m","31.81",",,,m","23.07",",,,m"
"MXN00025170","1978-10","25.8833","-107.6167","1850.7","EL TAMARINDO, MX","","","238.2",",m","6",",m","3",",m","0",",m","0",",m","0",",m","0",",m","31",",m","15",",m","19781026",",,m","19781022",",,m","19781014",",,m","15.6",",m,26,","21.8",",,m,22,","36.7",",m,14,","","","0.0",",m","60.5",",,,m","26.02",",m","31.02",",,,m","21.02",",,,m"
"MXN00025170","1978-11","25.8833","-107.6167","1850.7","EL TAMARINDO, MX","","","137.0",",m","1",",m","0",",m","0",",m","0",",m","0",",m","0",",m","30",",m","7",",m","19781129",",,m","19781125",",,m","19781102",",,m","10.6",",m,29,","0.8",",,m,25,","35.6",",m,02,","","","1.1",",m","0.8",",,,m","22.86",",m","30.03",",,,m","15.69",",,,m"
"MXN00025170","1978-12","25.8833","-107.6167","1850.7","EL TAMARINDO, MX","","","36.6",",m","1",",m","1",",m","0",",m","0",",m","0",",m","0",",m","29",",m","0",",m","19781209",",,m","19781230",",,m","19781217","+,,m","5.0",",m,09,","13.0",",,m,30,","30.0",",m,17,+","","","24.9",",m","13.0",",,,m","18.71",",m","25.37",",,,m","12.06",",,,m"
"MXN00025170","1979-01","25.8833","-107.6167","1850.7","EL TAMARINDO, MX","7.3","m","7.3",",m","2",",m","1",",m","1",",m","0",",m","0",",m","0",",m","22",",m","0",",m","19790131","+,,m","19790124",",,m","19790118",",,m","7.8",",m,31,+","69.9",",,m,24,","30.0",",m,18,","","","64.9",",m","70.2",",,,m","16.47",",m","22.54",",,,m","10.41",",,,m"
"MXN00025170","1979-03","25.8833","-107.6167","1850.7","EL TAMARINDO, MX","","","40.2",",m","0",",m","0",",m","0",",m","0",",m","0",",m","0",",m","30",",m","0",",m","19790319","+,,m","19790331","+,,m","19790315",",,m","7.8",",m,19,+","0.0",",,m,31,+","31.7",",m,15,","","","14.6",",m","0.0",",,,m","19.16",",m","26.45",",,,m","11.87",",,,m"
"MXN00025170","1979-06","25.8833","-107.6167","1850.7","EL TAMARINDO, MX","","","295.0",",m","0",",m","0",",m","0",",m","0",",m","0",",m","0",",m","30",",m","18",",m","19790610",",,m","19790630","+,,m","19790611",",,m","16.7",",m,10,","0.0",",,m,30,+","37.8",",m,11,","","","0.0",",m","0.0",",,,m","28.17",",m","33.20",",,,m","23.13",",,,m"
"MXN00025170","1979-07","25.8833","-107.6167","1850.7","EL TAMARINDO, MX","","","349.3",",m","5",",m","5",",m","1",",m","0",",m","0",",m","0",",m","31",",m","22",",m","19790729","+,,m","19790727",",,m","19790716",",,m","21.7",",m,29,+","30.0",",,m,27,","38.3",",m,16,","0.0","m","0.0",",m","78.0",",,,m","29.60",",m","34.24",",,,m","24.96",",,,m"
"MXN00025170","1979-08","25.8833","-107.6167","1850.7","EL TAMARINDO, MX","","","317.9","2,m","7",",m","7",",m","1",",m","0","1,m","0","1,m","0","1,m","30","1,m","24","1,m","19790807",",1,m","19790806",",,m","19790824","+,1,m","20.6","1,m,07,","40.9",",,m,06,","36.7","1,m,24,+","0.0","m","0.0","1,m","99.4",",,,m","29.32","2,m","33.77","1,,,m","24.87","1,,,m"
"MXN00025170","1979-10","25.8833","-107.6167","1850.7","EL TAMARINDO, MX","","","287.6",",m","0",",m","0",",m","0",",m","0",",m","0",",m","0",",m","31",",m","26",",m","19791031",",,m","19791031","+,,m","19791015",",,m","11.7",",m,31,","0.0",",,m,31,+","36.7",",m,15,","","","0.0",",m","0.0",",,,m","27.61",",m","34.10",",,,m","21.13",",,,m"
"MXN00025170","1979-11","25.8833","-107.6167","1850.7","EL TAMARINDO, MX","","","89.4",",m","0",",m","0",",m","0",",m","0",",m","0",",m","0",",m","30",",m","5",",m","19791123",",,m","19791130","+,,m","19791108","+,,m","3.9",",m,23,","0.0",",,m,30,+","35.0",",m,08,+","","","7.6",",m","0.0",",,,m","21.06",",m","30.27",",,,m","11.85",",,,m"
"MXN00025170","1979-12","25.8833","-107.6167","1850.7","EL TAMARINDO, MX","","","57.0",",m","0",",m","0",",m","0",",m","0",",m","1",",m","0",",m","31",",m","1",",m","19791225",",,m","19791231","+,,m","19791217",",,m","0.0",",m,25,","0.0",",,m,31,+","32.8",",m,17,","","","18.1",",m","0.0",",,,m","19.59",",m","27.98",",,,m","11.20",",,,m"
"MXN00025170","1980-01","25.8833","-107.6167","1850.7","EL TAMARINDO, MX","9.0","m","9.0",",m","0",",m","0",",m","0",",m","0",",m","0",",m","0",",m","31",",m","0",",m","19800122",",,m","19800131","+,,m","19800131","+,,m","5.6",",m,22,","0.0",",,m,31,+","30.0",",m,31,+","","","30.7",",m","0.0",",,,m","17.63",",m","26.06",",,,m","9.21",",,,m"
"MXN00025170","1980-02","25.8833","-107.6167","1850.7","EL TAMARINDO, MX","56.0","m","47.0",",m","0",",m","0",",m","0",",m","0",",m","0",",m","0",",m","28",",m","0",",m","19800212",",,m","19800229","+,,m","19800229","+,,m","7.8",",m,12,","0.0",",,m,29,+","31.7",",m,29,+","","","10.9",",m","0.0",",,,m","19.58",",m","26.86",",,,m","12.30",",,,m"
"MXN00025170","1980-03","25.8833","-107.6167","1850.7","EL TAMARINDO, MX","135.7","m","79.7",",m","1",",m","0",",m","0",",m","0",",m","0",",m","0",",m","31",",m","3",",m","19800330","+,,m","19800324",",,m","19800309",",,m","10.0",",m,30,+","2.3",",,m,24,","35.0",",m,09,","","","1.4",",m","2.3",",,,m","20.86",",m","29.01",",,,m","12.71",",,,m"
"MXN00025170","1980-04","25.8833","-107.6167","1850.7","EL TAMARINDO, MX","258.2","m","122.5",",m","0",",m","0",",m","0",",m","0",",m","0",",m","0",",m","30",",m","7",",m","19800402",",,m","19800430","+,,m","19800422",",,m","8.9",",m,02,","0.0",",,m,30,+","37.2",",m,22,","","","0.0",",m","0.0",",,,m","22.42",",m","30.81",",,,m","14.02",",,,m"
"MXN00025170","1980-05","25.8833","-107.6167","1850.7","EL TAMARINDO, MX","471.1","m","212.9",",m","0",",m","0",",m","0",",m","0",",m","0",",m","0",",m","31",",m","22",",m","19800502",",,m","19800531","+,,m","19800528",",,m","12.8",",m,02,","0.0",",,m,31,+","37.8",",m,28,","","","0.0",",m","0.0",",,,m","25.20",",m","33.40",",,,m","17.01",",,,m"
"MXN00025170","1980-06","25.8833","-107.6167","1850.7","EL TAMARINDO, MX","799.8","m","328.7",",m","0",",m","0",",m","0",",m","0",",m","0",",m","0",",m","30",",m","27",",m","19800606",",,m","19800630","+,,m","19800619",",,m","20.0",",m,06,","0.0",",,m,30,+","37.8",",m,19,","","","0.0",",m","0.0",",,,m","29.29",",m","34.68",",,,m","23.89",",,,m"
"MXN00025170","1980-07","25.8833","-107.6167","1850.7","EL TAMARINDO, MX","1168.3","m","368.5",",m","11",",m","8",",m","4",",m","0",",m","0",",m","0",",m","31",",m","27",",m","19800725","+,,m","19800724",",,m","19800702",",,m","21.7",",m,25,+","59.9",",,m,24,","40.6",",m,02,","0.0","m","0.0",",m","193.6",",,,m","30.22",",m","35.06",",,,m","25.38",",,,m"
"MXN00025170","1980-08","25.8833","-107.6167","1850.7","EL TAMARINDO, MX","1462.0","m","293.7",",m","15",",m","11",",m","3",",m","0",",m","0",",m","0",",m","31",",m","16",",m","19800831","+,,m","19800830",",,m","19800806",",,m","20.6",",m,31,+","54.9",",,m,30,","37.8",",m,06,","0.0","m","0.0",",m","226.1",",,,m","27.81",",m","31.67",",,,m","23.95",",,,m"
"MXN00025170","1980-09","25.8833","-107.6167","1850.7","EL TAMARINDO, MX","1765.2","m","303.2",",m","15",",m","11",",m","3",",m","0",",m","0",",m","0",",m","30",",m","16",",m","19800920",",,m","19800919",",,m","19800916",",,m","20.6",",m,20,","69.9",",,m,19,","37.8",",m,16,","0.0","m","0.0",",m","224.5",",,,m","28.44",",m","33.14",",,,m","23.74",",,,m"
"MXN00025170","1980-10","25.8833","-107.6167","1850.7","EL TAMARINDO, MX","2017.8","m","252.6",",m","3",",m","3",",m","1",",m","0",",m","0",",m","0",",m","31",",m","21",",m","19801024",",,m","19801015",",,m","19801004",",,m","17.2",",m,24,","110.0",",,m,15,","37.2",",m,04,","0.0","m","0.0",",m","127.3",",,,m","26.48",",m","32.45",",,,m","20.51",",,,m"
"MXN00025170","1980-11","25.8833","-107.6167","1850.7","EL TAMARINDO, MX","2131.1","m","113.3",",m","1",",m","1",",m","1",",m","0",",m","0",",m","0",",m","30",",m","11",",m","19801129","+,,m","19801115",",,m","19801104",",,m","8.9",",m,29,+","30.0",",,m,15,","35.6",",m,04,","2.2","m","2.2",",m","30.0",",,,m","22.04",",m","30.31",",,,m","13.76",",,,m"
"MXN00025170","1980-12","25.8833","-107.6167","1850.7","EL TAMARINDO, MX","2201.2","m","70.1",",m","1",",m","1",",m","0",",m","0",",m","0",",m","0",",m","30",",m","7",",m","19801226","+,,m","19801207",",,m","19801227",",,m","8.9",",m,26,+","7.9",",,m,07,","35.0",",m,27,","9.5","m","7.3",",m","7.9",",,,m","20.36",",m","29.47",",,,m","11.25",",,,m"
"MXN00025170","1981-01","25.8833","-107.6167","1850.7","EL TAMARINDO, MX","21.7","","21.7","1,m","5",",m","4",",m","2",",m","0",",m","0",",m","0","1,m","26","1,m","0","1,m","19810125","+,,m","19810105",",,m","19810110",",1,m","8.9",",m,25,+","33.8",",,m,05,","30.6","1,m,10,","29.8","","20.3","1,m","72.7",",,,m","18.34","1,m","25.19","1,,,m","11.49",",,,m"
