"STATION","DATE","LATITUDE","LONGITUDE","ELEVATION","NAME","CDSD","CDSD_ATTRIBUTES","CLDD","CLDD_ATTRIBUTES","DP01","DP01_ATTRIBUTES","DP10","DP10_ATTRIBUTES","DP1X","DP1X_ATTRIBUTES","DT00","DT00_ATTRIBUTES","DT32","DT32_ATTRIBUTES","DX32","DX32_ATTRIBUTES","DX70","DX70_ATTRIBUTES","DX90","DX90_ATTRIBUTES","DYNT","DYNT_ATTRIBUTES","DYXP","DYXP_ATTRIBUTES","DYXT","DYXT_ATTRIBUTES","EMNT","EMNT_ATTRIBUTES","EMXP","EMXP_ATTRIBUTES","EMXT","EMXT_ATTRIBUTES","HDSD","HDSD_ATTRIBUTES","HTDD","HTDD_ATTRIBUTES","PRCP","PRCP_ATTRIBUTES","TAVG","TAVG_ATTRIBUTES","TMAX","TMAX_ATTRIBUTES","TMIN","TMIN_ATTRIBUTES"
"MXN00030461","1999-01","18.4167","-95.1167","337.7","TEPETAPAN, MX","59.8","m","59.8",",m","5",",m","3",",m","1",",m","0",",m","0",",m","0",",m","26",",m","0",",m","19990127",",,m","19990131",",,m","19990129","+,,m","12.2",",m,27,","39.9",",,m,31,","30.0",",m,29,+","","","7.0",",m","71.5",",,,m","20.03",",m","24.11",",,,m","15.95",",,,m"
"MXN00030461","1999-02","18.4167","-95.1167","337.7","TEPETAPAN, MX","125.4","m","65.6","1,m","6",",m","4",",m","1",",m","0","1,m","0","1,m","0","1,m","24","1,m","0","1,m","19990216","+,1,m","19990221",",,m","19990220",",1,m","12.2","1,m,16,+","68.1",",,m,21,","29.4","1,m,20,","","","4.5","1,m","104.6",",,,m","20.59","1,m","24.67","1,,,m","16.51","1,,,m"
"MXN00030461","1999-03","18.4167","-95.1167","337.7","TEPETAPAN, MX","246.6","m","121.2","2,m","3",",m","1",",m","0",",m","0","1,m","0","1,m","0","1,m","30","1,m","1","1,m","19990316",",1,m","19990329",",,m","19990328",",1,m","11.7","1,m,16,","7.4",",,m,29,","32.2","1,m,28,","","","0.0","1,m","9.5",",,,m","22.61","2,m","27.75","1,,,m","17.46","1,,,m"
"MXN00030461","1999-04","18.4167","-95.1167","337.7","TEPETAPAN, MX","469.0","m","222.4",",m","4",",m","3",",m","0",",m","0",",m","0",",m","0",",m","30",",m","12",",m","19990421",",,m","19990416",",,m","19990414",",,m","16.7",",m,21,","10.4",",,m,16,","34.4",",m,14,","","","0.0",",m","25.4",",,,m","25.75",",m","30.52",",,,m","20.97",",,,m"
"MXN00030461","1999-05","18.4167","-95.1167","337.7","TEPETAPAN, MX","731.4","m","262.4",",m","2",",m","1",",m","0",",m","0",",m","0",",m","0",",m","31",",m","16",",m","19990525",",,m","19990518",",,m","19990506","+,,m","17.8",",m,25,","15.7",",,m,18,","35.0",",m,06,+","","","0.0",",m","16.5",",,,m","26.80",",m","31.86",",,,m","21.74",",,,m"
"MXN00030461","1999-06","18.4167","-95.1167","337.7","TEPETAPAN, MX","952.4","m","221.0",",m","8",",m","4",",m","1",",m","0",",m","0",",m","0",",m","30",",m","0",",m","19990608","+,,m","19990616",",,m","19990628","+,,m","20.6",",m,08,+","26.2",",,m,16,","31.7",",m,28,+","","","0.0",",m","50.7",",,,m","25.70",",m","29.55",",,,m","21.85",",,,m"
"MXN00030461","1999-07","18.4167","-95.1167","337.7","TEPETAPAN, MX","1129.3","m","176.9",",m","17",",m","12",",m","5",",m","0",",m","0",",m","0",",m","31",",m","0",",m","19990731","+,,m","19990711",",,m","19990709",",,m","20.0",",m,31,+","109.7",",,m,11,","30.0",",m,09,","0.0","","0.0",",m","419.4",",,,m","24.04",",m","27.51",",,,m","20.57",",,,m"
"MXN00030461","1999-08","18.4167","-95.1167","337.7","TEPETAPAN, MX","1324.7","m","195.4",",m","13",",m","10",",m","4",",m","0",",m","0",",m","0",",m","31",",m","0",",m","19990831","+,,m","19990808",",,m","19990823",",,m","20.0",",m,31,+","85.9",",,m,08,","30.6",",m,23,","0.0","","0.0",",m","278.0",",,,m","24.64",",m","28.46",",,,m","20.81",",,,m"
"MXN00030461","1999-09","18.4167","-95.1167","337.7","TEPETAPAN, MX","1480.3","m","155.6",",m","23",",m","16",",m","8",",m","0",",m","0",",m","0",",m","30",",m","0",",m","19990920",",,m","19990922",",,m","19990907","+,,m","17.8",",m,20,","90.4",",,m,22,","30.0",",m,07,+","0.0","","0.0",",m","581.8",",,,m","23.52",",m","26.64",",,,m","20.40",",,,m"
"MXN00030461","1999-10","18.4167","-95.1167","337.7","TEPETAPAN, MX","1590.2","m","109.9",",m","19",",m","14",",m","6",",m","0",",m","0",",m","0",",m","29",",m","0",",m","19991025",",,m","19991004",",,m","19991009",",,m","13.9",",m,25,","102.9",",,m,04,","30.0",",m,09,","0.0","","0.0",",m","449.8",",,,m","21.88",",m","25.10",",,,m","18.65",",,,m"
"MXN00030461","1999-11","18.4167","-95.1167","337.7","TEPETAPAN, MX","1639.6","m","49.4",",m","18",",m","12",",m","1",",m","0",",m","0",",m","0",",m","26",",m","0",",m","19991121",",,m","19991106",",,m","19991122",",,m","12.8",",m,21,","124.5",",,m,06,","26.1",",m,22,","0.0","","0.0",",m","205.0",",,,m","19.98",",m","23.26",",,,m","16.70",",,,m"
"MXN00030461","1999-12","18.4167","-95.1167","337.7","TEPETAPAN, MX","1670.6","m","31.0",",m","12",",m","5",",m","1",",m","0",",m","0",",m","0",",m","20",",m","0",",m","19991230",",,m","19991209",",,m","19991220","+,,m","12.2",",m,30,","72.9",",,m,09,","28.3",",m,20,+","5.9","","5.9",",m","105.5",",,,m","19.14",",m","22.25",",,,m","16.04",",,,m"
"MXN00030461","2000-01","18.4167","-95.1167","337.7","TEPETAPAN, MX","42.2","m","42.2",",m","6",",m","4",",m","1",",m","0",",m","0",",m","0",",m","27",",m","0",",m","20000101",",,m","20000115",",,m","20000123","+,,m","12.2",",m,01,","32.8",",,m,15,","27.8",",m,23,+","10.0","m","4.1",",m","63.6",",,,m","19.56",",m","23.43",",,,m","15.69",",,,m"
"MXN00030461","2000-02","18.4167","-95.1167","337.7","TEPETAPAN, MX","120.5","m","78.3",",m","1",",m","0",",m","0",",m","0",",m","0",",m","0",",m","28",",m","0",",m","20000210",",,m","20000220",",,m","20000226","+,,m","11.1",",m,10,","1.3",",,m,20,","30.0",",m,26,+","14.5","m","4.5",",m","1.3",",,,m","20.88",",m","25.34",",,,m","16.42",",,,m"
"MXN00030461","2000-03","18.4167","-95.1167","337.7","TEPETAPAN, MX","291.4","m","170.9",",m","2",",m","2",",m","1",",m","0",",m","0",",m","0",",m","31",",m","3",",m","20000303",",,m","20000311",",,m","20000329",",,m","16.1",",m,03,","158.8",",,m,11,","32.8",",m,29,","14.5","m","0.0",",m","173.8",",,,m","23.85",",m","29.00",",,,m","18.69",",,,m"
"MXN00030461","2000-04","18.4167","-95.1167","337.7","TEPETAPAN, MX","469.6","m","178.2",",m","5",",m","3",",m","0",",m","0",",m","0",",m","0",",m","30",",m","6",",m","20000406",",,m","20000409",",,m","20000423","+,,m","13.3",",m,06,","18.0",",,m,09,","34.4",",m,23,+","14.5","m","0.0",",m","44.0",",,,m","24.27",",m","29.44",",,,m","19.10",",,,m"
"MXN00030461","2000-05","18.4167","-95.1167","337.7","TEPETAPAN, MX","696.4","m","226.8",",m","12",",m","11",",m","6",",m","0",",m","0",",m","0",",m","31",",m","8",",m","20000516",",,m","20000531",",,m","20000513","+,,m","18.3",",m,16,","66.3",",,m,31,","33.9",",m,13,+","14.5","m","0.0",",m","301.6",",,,m","25.65",",m","30.14",",,,m","21.16",",,,m"
"MXN00030461","2000-06","18.4167","-95.1167","337.7","TEPETAPAN, MX","882.8","m","186.4",",m","18",",m","12",",m","4",",m","0",",m","0",",m","0",",m","30",",m","0",",m","20000628","+,,m","20000618",",,m","20000628","+,,m","20.0",",m,28,+","101.9",",,m,18,","30.6",",m,28,+","14.5","m","0.0",",m","296.5",",,,m","24.55",",m","28.19",",,,m","20.90",",,,m"
"MXN00030461","2000-07","18.4167","-95.1167","337.7","TEPETAPAN, MX","1079.1","m","196.3",",m","15",",m","12",",m","6",",m","0",",m","0",",m","0",",m","31",",m","2",",m","20000726",",,m","20000709",",,m","20000717","+,,m","18.9",",m,26,","99.8",",,m,09,","32.2",",m,17,+","0.0","m","0.0",",m","338.2",",,,m","24.66",",m","28.81",",,,m","20.52",",,,m"
"MXN00030461","2000-08","18.4167","-95.1167","337.7","TEPETAPAN, MX","1263.1","m","184.0",",m","21",",m","14",",m","4",",m","0",",m","0",",m","0",",m","31",",m","0",",m","20000827","+,,m","20000808",",,m","20000813",",,m","19.4",",m,27,+","62.0",",,m,08,","31.1",",m,13,","0.0","m","0.0",",m","276.6",",,,m","24.27",",m","28.25",",,,m","20.28",",,,m"
"MXN00030461","2000-09","18.4167","-95.1167","337.7","TEPETAPAN, MX","1438.4","m","175.3",",m","18",",m","13",",m","3",",m","0",",m","0",",m","0",",m","30",",m","1",",m","20000907",",,m","20000917",",,m","20000923",",,m","18.9",",m,07,","150.1",",,m,17,","32.2",",m,23,","0.0","m","0.0",",m","376.2",",,,m","24.18",",m","27.96",",,,m","20.39",",,,m"
"MXN00030461","2000-11","18.4167","-95.1167","337.7","TEPETAPAN, MX","","","127.9",",m","7",",m","5",",m","1",",m","0",",m","0",",m","0",",m","29",",m","0",",m","20001124",",,m","20001129",",,m","20001106",",,m","15.6",",m,24,","49.3",",,m,29,","30.6",",m,06,","","","0.0",",m","97.7",",,,m","22.60",",m","26.12",",,,m","19.07",",,,m"
"MXN00030461","2000-12","18.4167","-95.1167","337.7","TEPETAPAN, MX","","","35.8",",m","15",",m","8",",m","1",",m","0",",m","0",",m","0",",m","22",",m","0",",m","20001231",",,m","20001217",",,m","20001213",",,m","12.8",",m,31,","39.1",",,m,17,","26.1",",m,13,","","","10.9",",m","113.3",",,,m","19.14",",m","22.33",",,,m","15.95",",,,m"
"MXN00030461","2001-01","18.4167","-95.1167","337.7","TEPETAPAN, MX","28.1","","28.1","2,m","12",",m","8",",m","0",",m","0","1,m","0","1,m","0","1,m","18","1,m","0","1,m","20010126","+,1,m","20010104",",,m","20010129",",1,m","12.8","1,m,26,+","7.4",",,m,04,","30.0","1,m,29,","","","16.9","1,m","38.0",",,,m","18.64","2,m","22.43","1,,,m","14.85","1,,,m"
"MXN00030461","2001-02","18.4167","-95.1167","337.7","TEPETAPAN, MX","102.2","","74.1",",m","7",",m","3",",m","0",",m","0",",m","0",",m","0",",m","22",",m","0",",m","20010203",",,m","20010204",",,m","20010225","+,,m","15.0",",m,03,","23.9",",,m,04,","30.0",",m,25,+","","","3.0",",m","37.0",",,,m","20.87",",m","24.46",",,,m","17.28",",,,m"
"MXN00030461","2001-03","18.4167","-95.1167","337.7","TEPETAPAN, MX","217.0","","114.8","2,m","2",",m","2",",m","0",",m","0","1,m","0","1,m","0","1,m","30","1,m","2","1,m","20010324","+,1,m","20010318",",,m","20010329","+,1,m","13.3","1,m,24,+","13.0",",,m,18,","32.2","1,m,29,+","","","0.3","1,m","20.1",",,,m","22.22","2,m","27.06","1,,,m","17.38","1,,,m"
"MXN00030461","2001-04","18.4167","-95.1167","337.7","TEPETAPAN, MX","417.9","","200.9",",m","5",",m","5",",m","0",",m","0",",m","0",",m","0",",m","30",",m","7",",m","20010429","+,,m","20010417",",,m","20010428","+,,m","18.3",",m,29,+","23.9",",,m,17,","33.3",",m,28,+","","","0.0",",m","74.3",",,,m","25.03",",m","30.31",",,,m","19.75",",,,m"
"MXN00030461","2001-05","18.4167","-95.1167","337.7","TEPETAPAN, MX","604.8","","186.9",",m","7",",m","3",",m","1",",m","0",",m","0",",m","0",",m","31",",m","1",",m","20010510",",,m","20010525",",,m","20010521",",,m","16.7",",m,10,","32.8",",,m,25,","32.8",",m,21,","","","0.0",",m","46.1",",,,m","24.36",",m","28.91",",,,m","19.82",",,,m"
"MXN00030461","2001-06","18.4167","-95.1167","337.7","TEPETAPAN, MX","829.9","","225.1",",m","7",",m","6",",m","3",",m","0",",m","0",",m","0",",m","30",",m","10",",m","20010627",",,m","20010625",",,m","20010611",",,m","17.8",",m,27,","79.8",",,m,25,","35.6",",m,11,","","","0.0",",m","169.0",",,,m","25.84",",m","30.71",",,,m","20.96",",,,m"
"MXN00030461","2001-09","18.4167","-95.1167","337.7","TEPETAPAN, MX","","","","","","","","","","","","","","","0",",m","30",",m","2",",m","","","","","20010901",",,m","","","","","35.0",",m,01,","","","","","","","","","28.38",",,,m","",""
"MXN00030461","2002-04","18.4167","-95.1167","337.7","TEPETAPAN, MX","","","212.7",",m","3",",m","1",",m","0",",m","0",",m","0",",m","0",",m","30",",m","0",",m","20020411",",,m","20020410",",,m","20020423","+,,m","18.3",",m,11,","2.8",",,m,10,","31.7",",m,23,+","","","0.0",",m","5.9",",,,m","25.42",",m","29.90",",,,m","20.95",",,,m"
"MXN00030461","2002-05","18.4167","-95.1167","337.7","TEPETAPAN, MX","","","234.1",",m","8",",m","3",",m","0",",m","0",",m","0",",m","0",",m","31",",m","3",",m","20020528",",,m","20020513",",,m","20020504",",,m","18.9",",m,28,","15.5",",,m,13,","36.7",",m,04,","","","0.0",",m","29.4",",,,m","25.88",",m","29.86",",,,m","21.90",",,,m"
"MXN00030461","2002-09","18.4167","-95.1167","337.7","TEPETAPAN, MX","","","","","","","","","","","","","","","0",",m","30",",m","2",",m","","","","","20020901",",,m","","","","","35.0",",m,01,","","","","","","","","","28.38",",,,m","",""
