"STATION","DATE","LATITUDE","LONGITUDE","ELEVATION","NAME","CDSD","CDSD_ATTRIBUTES","CLDD","CLDD_ATTRIBUTES","DP01","DP01_ATTRIBUTES","DP10","DP10_ATTRIBUTES","DP1X","DP1X_ATTRIBUTES","DT00","DT00_ATTRIBUTES","DT32","DT32_ATTRIBUTES","DX32","DX32_ATTRIBUTES","DX70","DX70_ATTRIBUTES","DX90","DX90_ATTRIBUTES","DYNT","DYNT_ATTRIBUTES","DYXP","DYXP_ATTRIBUTES","DYXT","DYXT_ATTRIBUTES","EMNT","EMNT_ATTRIBUTES","EMXP","EMXP_ATTRIBUTES","EMXT","EMXT_ATTRIBUTES","HDSD","HDSD_ATTRIBUTES","HTDD","HTDD_ATTRIBUTES","PRCP","PRCP_ATTRIBUTES","TAVG","TAVG_ATTRIBUTES","TMAX","TMAX_ATTRIBUTES","TMIN","TMIN_ATTRIBUTES"
"MXN00009064","1979-08","19.4167","-99.1833","2260.7","CHAPULTEPEC, MX","","","0.3",",m","23",",m","17",",m","4",",m","0",",m","0",",m","0",",m","25",",m","0",",m","19790822",",,m","19790830",",,m","19790822",",,m","8.9",",m,22,","50.8",",,m,30,","24.4",",m,22,","","","52.1",",m","306.2",",,,m","16.66",",m","21.81",",,,m","11.51",",,,m"
"MXN00009064","1979-09","19.4167","-99.1833","2260.7","CHAPULTEPEC, MX","","","1.1",",m","13",",m","9",",m","2",",m","0",",m","0",",m","0",",m","14",",m","0",",m","19790930",",,m","19790911",",,m","19790902",",,m","2.8",",m,30,","40.1",",,m,11,","23.9",",m,02,","","","76.6",",m","180.9",",,,m","15.82",",m","20.45",",,,m","11.18",",,,m"
"MXN00009064","1979-10","19.4167","-99.1833","2260.7","CHAPULTEPEC, MX","","","0.8","1,m","0",",m","0",",m","0",",m","0",",m","0",",m","0","1,m","29","1,m","0","1,m","19791002",",,m","19791031","+,,m","19791022","+,1,m","2.2",",m,02,","0.0",",,m,31,+","26.7","1,m,22,+","","","78.5","1,m","0.0",",,,m","15.69","1,m","24.21","1,,,m","7.17",",,,m"
"MXN00009064","1982-09","19.4167","-99.1833","2260.7","CHAPULTEPEC, MX","","","","","2",",m","1",",m","0",",m","","","","","","","","","","","","","19820913",",,m","","","","","3.0",",,m,13,","","","","","","","4.0",",,,m","","","","","",""
"MXN00009064","1982-11","19.4167","-99.1833","2260.7","CHAPULTEPEC, MX","","","","","0",",m","0",",m","0",",m","","","","","","","","","","","","","19821130","+,,m","","","","","0.0",",,m,30,+","","","","","","","0.0",",,,m","","","","","",""
"MXN00009064","1982-12","19.4167","-99.1833","2260.7","CHAPULTEPEC, MX","","","","","0",",m","0",",m","0",",m","","","","","","","","","","","","","19821231","+,,m","","","","","0.0",",,m,31,+","","","","","","","0.0",",,,m","","","","","",""
"MXN00009064","1983-01","19.4167","-99.1833","2260.7","CHAPULTEPEC, MX","","","","","3",",m","1",",m","0",",m","","","","","","","","","","","","","19830118",",,m","","","","","9.4",",,m,18,","","","","","","","11.0",",,,m","","","","","",""
"MXN00009064","1983-02","19.4167","-99.1833","2260.7","CHAPULTEPEC, MX","","","","","1",",m","0",",m","0",",m","","","","","","","","","","","","","19830211",",,m","","","","","1.3",",,m,11,","","","","","","","1.3",",,,m","","","","","",""
"MXN00009064","1983-03","19.4167","-99.1833","2260.7","CHAPULTEPEC, MX","","","","","1",",m","1",",m","0",",m","","","","","","","","","","","","","19830313",",,m","","","","","4.3",",,m,13,","","","","","","","4.3",",,,m","","","","","",""
"MXN00009064","1983-04","19.4167","-99.1833","2260.7","CHAPULTEPEC, MX","","","","","0",",m","0",",m","0",",m","","","","","","","","","","","","","19830430","+,,m","","","","","0.0",",,m,30,+","","","","","","","0.0",",,,m","","","","","",""
"MXN00009064","1983-05","19.4167","-99.1833","2260.7","CHAPULTEPEC, MX","","","","","7",",m","3",",m","0",",m","","","","","","","","","","","","","19830525",",,m","","","","","8.1",",,m,25,","","","","","","","20.8",",,,m","","","","","",""
"MXN00009064","1983-06","19.4167","-99.1833","2260.7","CHAPULTEPEC, MX","","","52.2",",m","9",",m","4",",m","1",",m","0",",m","0",",m","0",",m","28",",m","0",",m","19830610",",,m","19830620",",,m","19830612",",,m","10.0",",m,10,","44.5",",,m,20,","30.6",",m,12,","","","3.6",",m","103.7",",,,m","19.95",",m","26.62",",,,m","13.28",",,,m"
"MXN00009064","1983-07","19.4167","-99.1833","2260.7","CHAPULTEPEC, MX","","","0.6",",m","23",",m","15",",m","4",",m","0",",m","0",",m","0",",m","28",",m","0",",m","19830703",",,m","19830714",",,m","19830725",",,m","6.1",",m,03,","45.5",",,m,14,","26.1",",m,25,","31.6","","31.6",",m","269.6",",,,m","17.33",",m","23.17",",,,m","11.49",",,,m"
"MXN00009064","1983-08","19.4167","-99.1833","2260.7","CHAPULTEPEC, MX","","","3.9",",m","20",",m","17",",m","1",",m","0",",m","0",",m","0",",m","28",",m","0",",m","19830815",",,m","19830815",",,m","19830819",",,m","7.2",",m,15,","27.2",",,m,15,","28.3",",m,19,","55.5","","23.9",",m","166.0",",,,m","17.69",",m","24.25",",,,m","11.13",",,,m"
"MXN00009064","1983-09","19.4167","-99.1833","2260.7","CHAPULTEPEC, MX","","","1.2","2,m","19","2,m","12","2,m","1","2,m","0","2,m","0","2,m","0","2,m","22","2,m","0","2,m","19830930",",2,m","19830913",",2,m","19830920","+,2,m","5.6","2,m,30,","25.7","2,,m,13,","25.6","2,m,20,+","91.4","","35.9","2,m","118.3","2,,,m","17.09","2,m","22.56","2,,,m","11.62","2,,,m"
"MXN00009064","1983-10","19.4167","-99.1833","2260.7","CHAPULTEPEC, MX","","","0.3",",m","11",",m","7",",m","0",",m","0",",m","0",",m","0",",m","23",",m","0",",m","19831027",",,m","19831015",",,m","19831008",",,m","2.8",",m,27,","15.0",",,m,15,","27.2",",m,08,","170.6","","79.2",",m","39.6",",,,m","15.79",",m","22.70",",,,m","8.87",",,,m"
"MXN00009064","1983-11","19.4167","-99.1833","2260.7","CHAPULTEPEC, MX","","","0.0",",m","5",",m","3",",m","0",",m","0",",m","0",",m","0",",m","25",",m","0",",m","19831120","+,,m","19831105",",,m","19831124",",,m","2.8",",m,20,+","4.6",",,m,05,","25.0",",m,24,","288.9","","118.3",",m","13.5",",,,m","14.39",",m","22.32",",,,m","6.46",",,,m"
"MXN00009064","1986-02","19.4167","-99.1833","2260.7","CHAPULTEPEC, MX","","","0.0",",m","0",",m","0",",m","0",",m","0",",m","1",",m","0",",m","25",",m","0",",m","19860206",",,m","19860228","+,,m","19860208","+,,m","-0.6",",m,06,","0.0",",,m,28,+","25.6",",m,08,+","","","134.3",",m","0.0",",,,m","13.54",",m","23.00",",,,m","4.08",",,,m"
"MXN00009064","1986-03","19.4167","-99.1833","2260.7","CHAPULTEPEC, MX","","","0.0",",m","0",",m","0",",m","0",",m","0",",m","1",",m","0",",m","27",",m","0",",m","19860323",",,m","19860331","+,,m","19860319",",,m","0.0",",m,23,","0.0",",,m,31,+","28.9",",m,19,","","","122.4",",m","0.0",",,,m","14.38",",m","24.90",",,,m","3.87",",,,m"
"MXN00009064","1986-04","19.4167","-99.1833","2260.7","CHAPULTEPEC, MX","","","5.5",",m","14",",m","4",",m","0",",m","0",",m","0",",m","0",",m","27",",m","0",",m","19860424",",,m","19860410",",,m","19860413","+,,m","4.4",",m,24,","10.9",",,m,10,","30.0",",m,13,+","","","54.0",",m","34.2",",,,m","16.72",",m","25.56",",,,m","7.88",",,,m"
"MXN00009064","1986-05","19.4167","-99.1833","2260.7","CHAPULTEPEC, MX","","","13.8",",m","14",",m","9",",m","0",",m","0",",m","0",",m","0",",m","29",",m","0",",m","19860504",",,m","19860518",",,m","19860516",",,m","5.6",",m,04,","15.0",",,m,18,","31.7",",m,16,","","","33.3",",m","75.0",",,,m","17.70",",m","25.49",",,,m","9.91",",,,m"
"MXN00009064","1986-06","19.4167","-99.1833","2260.7","CHAPULTEPEC, MX","","","0.0",",m","28",",m","23",",m","4",",m","0",",m","0",",m","0",",m","29",",m","0",",m","19860630",",,m","19860603",",,m","19860601",",,m","7.8",",m,30,","53.1",",,m,03,","26.1",",m,01,","","","41.0",",m","366.0",",,,m","16.97",",m","23.11",",,,m","10.82",",,,m"
"MXN00009064","1986-07","19.4167","-99.1833","2260.7","CHAPULTEPEC, MX","","","0.0",",m","19",",m","12",",m","1",",m","0",",m","0",",m","0",",m","25",",m","0",",m","19860716","+,,m","19860729",",,m","19860705",",,m","7.2",",m,16,+","33.8",",,m,29,","25.6",",m,05,","66.2","m","66.2",",m","140.8",",,,m","16.20",",m","22.75",",,,m","9.65",",,,m"
"MXN00009064","1986-08","19.4167","-99.1833","2260.7","CHAPULTEPEC, MX","","","0.6",",m","20",",m","12",",m","1",",m","0",",m","0",",m","0",",m","29",",m","0",",m","19860821","+,,m","19860814",",,m","19860803",",,m","7.8",",m,21,+","33.5",",,m,14,","26.1",",m,03,","102.6","m","36.4",",m","154.1",",,,m","17.18",",m","23.72",",,,m","10.64",",,,m"
"MXN00009064","1986-09","19.4167","-99.1833","2260.7","CHAPULTEPEC, MX","","","2.6",",m","15",",m","9",",m","0",",m","0",",m","0",",m","0",",m","28",",m","0",",m","19860923",",,m","19860930",",,m","19860916","+,,m","6.7",",m,23,","21.8",",,m,30,","25.6",",m,16,+","135.4","m","32.8",",m","124.6",",,,m","17.33",",m","23.44",",,,m","11.21",",,,m"
"MXN00009064","1986-10","19.4167","-99.1833","2260.7","CHAPULTEPEC, MX","","","0.5",",m","10",",m","4",",m","1",",m","0",",m","0",",m","0",",m","21",",m","0",",m","19861031","+,,m","19861003",",,m","19861014",",,m","5.0",",m,31,+","37.6",",,m,03,","25.6",",m,14,","221.4","m","86.0",",m","73.0",",,,m","15.58",",m","21.85",",,,m","9.30",",,,m"
"MXN00009064","1986-11","19.4167","-99.1833","2260.7","CHAPULTEPEC, MX","","","0.0","2,m","8",",m","0",",m","0",",m","0","1,m","0","1,m","0","1,m","22","1,m","0","1,m","19861130",",1,m","19861127",",,m","19861118",",1,m","0.6","1,m,30,","2.0",",,m,27,","27.8","1,m,18,","313.7","m","92.3","1,m","9.0",",,,m","14.90","2,m","22.57","1,,,m","7.23","1,,,m"
"MXN00009064","1986-12","19.4167","-99.1833","2260.7","CHAPULTEPEC, MX","","","0.0",",m","0",",m","0",",m","0",",m","0",",m","0",",m","0",",m","20",",m","0",",m","19861228","+,,m","19861231","+,,m","19861216","+,,m","2.2",",m,28,+","0.0",",,m,31,+","23.9",",m,16,+","484.5","m","170.8",",m","0.0",",,,m","12.82",",m","21.33",",,,m","4.31",",,,m"
"MXN00009064","1987-01","19.4167","-99.1833","2260.7","CHAPULTEPEC, MX","0.0","m","0.0",",m","0",",m","0",",m","0",",m","0",",m","11",",m","0",",m","20",",m","0",",m","19870128",",,m","19870131","+,,m","19870109",",,m","-3.3",",m,28,","0.0",",,m,31,+","26.7",",m,09,","689.7","m","205.2",",m","0.0",",,,m","11.71",",m","22.03",",,,m","1.39",",,,m"
"MXN00009064","1987-02","19.4167","-99.1833","2260.7","CHAPULTEPEC, MX","0.0","m","0.0",",m","2",",m","1",",m","0",",m","0",",m","5",",m","0",",m","21",",m","0",",m","19870210","+,,m","19870202",",,m","19870217",",,m","-2.2",",m,10,+","2.8",",,m,02,","27.8",",m,17,","832.0","m","142.3",",m","4.6",",,,m","13.25",",m","22.81",",,,m","3.70",",,,m"
"MXN00009064","1987-03","19.4167","-99.1833","2260.7","CHAPULTEPEC, MX","11.9","m","11.9",",m","5",",m","1",",m","0",",m","0",",m","2",",m","0",",m","26",",m","0",",m","19870306",",,m","19870305",",,m","19870321",",,m","-2.8",",m,06,","3.0",",,m,05,","30.0",",m,21,","929.0","m","97.0",",m","6.4",",,,m","15.59",",m","24.74",",,,m","6.44",",,,m"
"MXN00009064","1987-04","19.4167","-99.1833","2260.7","CHAPULTEPEC, MX","28.2","m","16.3",",m","6",",m","3",",m","0",",m","0",",m","0",",m","0",",m","30",",m","0",",m","19870408",",,m","19870422",",,m","19870419",",,m","5.0",",m,08,","12.4",",,m,22,","30.6",",m,19,","961.4","m","32.4",",m","20.8",",,,m","17.80",",m","26.56",",,,m","9.03",",,,m"
"MXN00009064","1987-05","19.4167","-99.1833","2260.7","CHAPULTEPEC, MX","52.0","m","23.8",",m","11",",m","9",",m","0",",m","0",",m","0",",m","0",",m","31",",m","0",",m","19870514","+,,m","19870513",",,m","19870527",",,m","7.8",",m,14,+","13.7",",,m,13,","30.6",",m,27,","971.4","m","10.0",",m","58.3",",,,m","18.78",",m","26.88",",,,m","10.67",",,,m"
"MXN00009064","1987-06","19.4167","-99.1833","2260.7","CHAPULTEPEC, MX","76.6","m","24.6",",m","17",",m","10",",m","1",",m","0",",m","0",",m","0",",m","28",",m","0",",m","19870606",",,m","19870614",",,m","19870623",",,m","7.8",",m,06,","39.9",",,m,14,","28.3",",m,23,","989.9","m","18.5",",m","122.6",",,,m","18.54",",m","25.27",",,,m","11.80",",,,m"
"MXN00009064","1987-07","19.4167","-99.1833","2260.7","CHAPULTEPEC, MX","90.5","m","13.9",",m","23",",m","16",",m","3",",m","0",",m","0",",m","0",",m","27",",m","0",",m","19870720",",,m","19870726",",,m","19870716",",,m","10.0",",m,20,","42.2",",,m,26,","27.2",",m,16,","18.8","m","18.8",",m","244.3",",,,m","18.18",",m","23.95",",,,m","12.40",",,,m"
"MXN00009064","1987-08","19.4167","-99.1833","2260.7","CHAPULTEPEC, MX","108.2","m","17.7",",m","20",",m","14",",m","1",",m","0",",m","0",",m","0",",m","31",",m","0",",m","19870802",",,m","19870821",",,m","19870815","+,,m","10.6",",m,02,","43.9",",,m,21,","26.7",",m,15,+","23.0","m","4.2",",m","183.0",",,,m","18.77",",m","25.06",",,,m","12.48",",,,m"
"MXN00009064","1987-09","19.4167","-99.1833","2260.7","CHAPULTEPEC, MX","141.4","m","33.2",",m","15",",m","9",",m","1",",m","0",",m","0",",m","0",",m","29",",m","0",",m","19870930",",,m","19870928",",,m","19870916",",,m","10.6",",m,30,","53.8",",,m,28,","28.3",",m,16,","29.7","m","6.7",",m","126.5",",,,m","19.22",",m","25.53",",,,m","12.90",",,,m"
"MXN00009064","1987-10","19.4167","-99.1833","2260.7","CHAPULTEPEC, MX","141.4","m","0.0",",m","0",",m","0",",m","0",",m","0",",m","0",",m","0",",m","27",",m","0",",m","19871031","+,,m","19871031","+,,m","19871019",",,m","6.1",",m,31,+","0.0",",,m,31,+","26.1",",m,19,","102.9","m","73.2",",m","0.0",",,,m","15.97",",m","23.20",",,,m","8.75",",,,m"
"MXN00009064","1987-11","19.4167","-99.1833","2260.7","CHAPULTEPEC, MX","141.4","m","0.0",",m","3",",m","0",",m","0",",m","0",",m","0",",m","0",",m","27",",m","0",",m","19871111","+,,m","19871112",",,m","19871108",",,m","5.0",",m,11,+","1.5",",,m,12,","25.6",",m,08,","179.7","m","76.8",",m","3.6",",,,m","15.77",",m","22.80",",,,m","8.74",",,,m"
"MXN00009064","1987-12","19.4167","-99.1833","2260.7","CHAPULTEPEC, MX","141.4","m","0.0",",m","0",",m","0",",m","0",",m","0",",m","0",",m","0",",m","29",",m","0",",m","19871230",",,m","19871231","+,,m","19871225",",,m","5.0",",m,30,","0.0",",,m,31,+","26.7",",m,25,","251.2","m","71.5",",m","0.0",",,,m","16.03",",m","23.39",",,,m","8.66",",,,m"
"MXN00009064","1988-01","19.4167","-99.1833","2260.7","CHAPULTEPEC, MX","0.0","","0.0",",m","0",",m","0",",m","0",",m","0",",m","2",",m","0",",m","24",",m","0",",m","19880127",",,m","19880131","+,,m","19880131",",,m","-0.6",",m,27,","0.0",",,m,31,+","25.0",",m,31,","395.0","","143.8",",m","0.0",",,,m","13.70",",m","21.64",",,,m","5.75",",,,m"
"MXN00009064","1988-02","19.4167","-99.1833","2260.7","CHAPULTEPEC, MX","0.3","","0.3",",m","2",",m","1",",m","0",",m","0",",m","0",",m","0",",m","26",",m","0",",m","19880221","+,,m","19880213",",,m","19880219",",,m","2.8",",m,21,+","9.7",",,m,13,","28.9",",m,19,","465.1","","70.1",",m","12.0",",,,m","15.93",",m","24.30",",,,m","7.55",",,,m"
"MXN00009064","1988-03","19.4167","-99.1833","2260.7","CHAPULTEPEC, MX","10.4","","10.1",",m","7",",m","3",",m","1",",m","0",",m","0",",m","0",",m","27",",m","0",",m","19880320",",,m","19880304",",,m","19880313",",,m","2.8",",m,20,","30.0",",,m,04,","28.9",",m,13,","515.2","","50.1",",m","37.8",",,,m","17.05",",m","24.55",",,,m","9.55",",,,m"
"MXN00009064","1988-04","19.4167","-99.1833","2260.7","CHAPULTEPEC, MX","74.1","","63.7",",m","4",",m","1",",m","0",",m","0",",m","0",",m","0",",m","30",",m","3",",m","19880412",",,m","19880429",",,m","19880427","+,,m","8.9",",m,12,","11.2",",,m,29,","32.8",",m,27,+","528.5","","13.3",",m","13.5",",,,m","20.01",",m","27.94",",,,m","12.09",",,,m"
