"STATION","DATE","LATITUDE","LONGITUDE","ELEVATION","NAME","CDSD","CDSD_ATTRIBUTES","CLDD","CLDD_ATTRIBUTES","DP01","DP01_ATTRIBUTES","DP10","DP10_ATTRIBUTES","DP1X","DP1X_ATTRIBUTES","DT00","DT00_ATTRIBUTES","DT32","DT32_ATTRIBUTES","DX32","DX32_ATTRIBUTES","DX70","DX70_ATTRIBUTES","DX90","DX90_ATTRIBUTES","DYNT","DYNT_ATTRIBUTES","DYXP","DYXP_ATTRIBUTES","DYXT","DYXT_ATTRIBUTES","EMNT","EMNT_ATTRIBUTES","EMXP","EMXP_ATTRIBUTES","EMXT","EMXT_ATTRIBUTES","HDSD","HDSD_ATTRIBUTES","HTDD","HTDD_ATTRIBUTES","PRCP","PRCP_ATTRIBUTES","TAVG","TAVG_ATTRIBUTES","TMAX","TMAX_ATTRIBUTES","TMIN","TMIN_ATTRIBUTES"
"MXN00020451","1984-07","16.95","-96.5333","1587.7","SAN JUAN GUELAVIA, MX","","","36.7",",m","12",",m","9",",m","1",",m","0",",m","0",",m","0",",m","31",",m","0",",m","19840727",",,m","19840709",",,m","19840708",",,m","8.9",",m,27,","49.8",",,m,09,","30.6",",m,08,","7.4","","7.4",",m","139.8",",,,m","19.28",",m","26.22",",,,m","12.34",",,,m"
"MXN00020451","1984-08","16.95","-96.5333","1587.7","SAN JUAN GUELAVIA, MX","","","25.0",",m","17",",m","14",",m","1",",m","0",",m","0",",m","0",",m","31",",m","0",",m","19840830","+,,m","19840801",",,m","19840813",",,m","10.0",",m,30,+","39.9",",,m,01,","30.0",",m,13,","11.9","","4.5",",m","166.0",",,,m","18.99",",m","25.68",",,,m","12.30",",,,m"
"MXN00020451","1984-09","16.95","-96.5333","1587.7","SAN JUAN GUELAVIA, MX","","","51.8",",m","11",",m","8",",m","1",",m","0",",m","0",",m","0",",m","28",",m","0",",m","19840929","+,,m","19840906",",,m","19840914","+,,m","8.9",",m,29,+","105.9",",,m,06,","30.6",",m,14,+","25.6","","13.7",",m","165.6",",,,m","19.60",",m","25.89",",,,m","13.31",",,,m"
"MXN00020451","1984-10","16.95","-96.5333","1587.7","SAN JUAN GUELAVIA, MX","","","38.7",",m","0",",m","0",",m","0",",m","0",",m","0",",m","0",",m","31",",m","0",",m","19841023","+,,m","19841031","+,,m","19841029","+,,m","10.0",",m,23,+","0.0",",,m,31,+","28.9",",m,29,+","27.9","","2.3",",m","0.0",",,,m","19.51",",m","26.86",",,,m","12.15",",,,m"
"MXN00020451","1984-11","16.95","-96.5333","1587.7","SAN JUAN GUELAVIA, MX","","","10.5",",m","0",",m","0",",m","0",",m","0",",m","0",",m","0",",m","14",",m","0",",m","19841114",",,m","19841130","+,,m","19841109",",,m","3.9",",m,14,","0.0",",,m,30,+","30.0",",m,09,","116.6","","88.7",",m","0.0",",,,m","15.73",",m","21.98",",,,m","9.47",",,,m"
"MXN00020451","1985-01","16.95","-96.5333","1587.7","SAN JUAN GUELAVIA, MX","0.6","m","0.6",",m","0",",m","0",",m","0",",m","0",",m","7",",m","0",",m","13",",m","0",",m","19850111",",,m","19850131","+,,m","19850131",",,m","-5.0",",m,11,","0.0",",,m,31,+","27.8",",m,31,","","","176.4",",m","0.0",",,,m","12.66",",m","21.38",",,,m","3.94",",,,m"
"MXN00020451","1985-02","16.95","-96.5333","1587.7","SAN JUAN GUELAVIA, MX","0.6","m","0.0",",m","0",",m","0",",m","0",",m","0",",m","4",",m","0",",m","12",",m","0",",m","19850223","+,,m","19850228","+,,m","19850223",",,m","0.0",",m,23,+","0.0",",,m,28,+","30.0",",m,23,","","","142.8",",m","0.0",",,,m","13.23",",m","21.29",",,,m","5.17",",,,m"
"MXN00020451","1985-04","16.95","-96.5333","1587.7","SAN JUAN GUELAVIA, MX","","","41.8",",m","1",",m","1",",m","0",",m","0",",m","0",",m","0",",m","26",",m","4",",m","19850402",",,m","19850413",",,m","19850420",",,m","5.0",",m,02,","6.9",",,m,13,","35.6",",m,20,","","","21.2",",m","6.9",",,,m","19.02",",m","28.13",",,,m","9.91",",,,m"
"MXN00020451","1985-05","16.95","-96.5333","1587.7","SAN JUAN GUELAVIA, MX","","","11.5",",m","4",",m","4",",m","0",",m","0",",m","0",",m","0",",m","19",",m","0",",m","19850513",",,m","19850504",",,m","19850516",",,m","5.6",",m,13,","15.0",",,m,04,","30.6",",m,16,","","","57.4",",m","35.0",",,,m","16.85",",m","23.64",",,,m","10.07",",,,m"
"MXN00020451","1985-06","16.95","-96.5333","1587.7","SAN JUAN GUELAVIA, MX","","","2.5","2,m","5","2,m","5","2,m","0","2,m","0","2,m","0","2,m","0","2,m","12","2,m","0","2,m","19850630","+,2,m","19850613",",2,m","19850610",",2,m","10.0","2,m,30,+","19.8","2,,m,13,","28.3","2,m,10,","","","68.5","2,m","48.7","2,,,m","15.98","2,m","21.03","2,,,m","10.93","2,,,m"
"MXN00020451","1985-09","16.95","-96.5333","1587.7","SAN JUAN GUELAVIA, MX","","","0.0",",m","2",",m","2",",m","0",",m","0",",m","0",",m","0",",m","3",",m","0",",m","19850906",",,m","19850920",",,m","19850913",",,m","5.0",",m,06,","19.8",",,m,20,","23.9",",m,13,","","","113.7",",m","26.7",",,,m","14.54",",m","19.04",",,,m","10.05",",,,m"
"MXN00020451","1985-10","16.95","-96.5333","1587.7","SAN JUAN GUELAVIA, MX","","","22.7",",m","4",",m","3",",m","0",",m","0",",m","0",",m","0",",m","28",",m","0",",m","19851029","+,,m","19851015",",,m","19851015",",,m","10.0",",m,29,+","6.9",",,m,15,","30.0",",m,15,","","","14.2",",m","19.3",",,,m","18.61",",m","24.65",",,,m","12.57",",,,m"
"MXN00020451","1985-11","16.95","-96.5333","1587.7","SAN JUAN GUELAVIA, MX","","","24.3",",m","0",",m","0",",m","0",",m","0",",m","0",",m","0",",m","30",",m","2",",m","19851109",",,m","19851130","+,,m","19851118","+,,m","5.6",",m,09,","0.0",",,m,30,+","35.6",",m,18,+","","","18.0",",m","0.0",",,,m","18.54",",m","25.88",",,,m","11.21",",,,m"
"MXN00020451","1985-12","16.95","-96.5333","1587.7","SAN JUAN GUELAVIA, MX","","","0.0",",m","1",",m","0",",m","0",",m","0",",m","0",",m","0",",m","0",",m","0",",m","19851231","+,,m","19851203",",,m","19851228","+,,m","1.7",",m,31,+","0.8",",,m,03,","16.1",",m,28,+","","","311.4",",m","0.8",",,,m","8.29",",m","13.63",",,,m","2.95",",,,m"
"MXN00020451","1986-01","16.95","-96.5333","1587.7","SAN JUAN GUELAVIA, MX","0.0","","0.0",",m","2",",m","0",",m","0",",m","0",",m","0",",m","0",",m","0",",m","0",",m","19860103",",,m","19860105",",,m","19860124","+,,m","1.1",",m,03,","1.3",",,m,05,","16.1",",m,24,+","","","316.7",",m","2.1",",,,m","8.12",",m","13.45",",,,m","2.78",",,,m"
"MXN00020451","1986-02","16.95","-96.5333","1587.7","SAN JUAN GUELAVIA, MX","0.0","","0.0",",m","0",",m","0",",m","0",",m","0",",m","0",",m","0",",m","0",",m","0",",m","19860227","+,,m","19860228","+,,m","19860215",",,m","0.6",",m,27,+","0.0",",,m,28,+","18.3",",m,15,","","","278.0",",m","0.0",",,,m","8.41",",m","14.58",",,,m","2.23",",,,m"
"MXN00020451","1986-03","16.95","-96.5333","1587.7","SAN JUAN GUELAVIA, MX","0.6","","0.6",",m","0",",m","0",",m","0",",m","0",",m","0",",m","0",",m","19",",m","0",",m","19860305",",,m","19860331","+,,m","19860331",",,m","3.9",",m,05,","0.0",",,m,31,+","28.9",",m,31,","","","117.5",",m","0.0",",,,m","14.56",",m","22.49",",,,m","6.64",",,,m"
"MXN00020451","1986-04","16.95","-96.5333","1587.7","SAN JUAN GUELAVIA, MX","56.8","","56.2",",m","0",",m","0",",m","0",",m","0",",m","0",",m","0",",m","30",",m","9",",m","19860417",",,m","19860430","+,,m","19860413",",,m","3.9",",m,17,","0.0",",,m,30,+","37.8",",m,13,","","","8.0",",m","0.0",",,,m","19.94",",m","31.30",",,,m","8.58",",,,m"
"MXN00020451","1986-05","16.95","-96.5333","1587.7","SAN JUAN GUELAVIA, MX","151.6","","94.8",",m","8",",m","8",",m","0",",m","0",",m","0",",m","0",",m","31",",m","16",",m","19860531","+,,m","19860530","+,,m","19860523","+,,m","10.0",",m,31,+","9.9",",,m,30,+","37.8",",m,23,+","","","0.0",",m","47.2",",,,m","21.39",",m","32.03",",,,m","10.75",",,,m"
"MXN00020451","1986-07","16.95","-96.5333","1587.7","SAN JUAN GUELAVIA, MX","","","10.0",",m","2",",m","2",",m","0",",m","0",",m","0",",m","0",",m","31",",m","0",",m","19860721","+,,m","19860709",",,m","19860728",",,m","7.8",",m,21,+","5.8",",,m,09,","30.0",",m,28,","15.0","","15.0",",m","10.6",",,,m","18.17",",m","26.37",",,,m","9.97",",,,m"
"MXN00020451","1986-08","16.95","-96.5333","1587.7","SAN JUAN GUELAVIA, MX","","","36.2",",m","1",",m","1",",m","0",",m","0",",m","0",",m","0",",m","31",",m","0",",m","19860807",",,m","19860828",",,m","19860823","+,,m","7.8",",m,07,","19.8",",,m,28,","30.6",",m,23,+","15.0","","0.0",",m","19.8",",,,m","19.50",",m","28.72",",,,m","10.28",",,,m"
"MXN00020451","1986-09","16.95","-96.5333","1587.7","SAN JUAN GUELAVIA, MX","","","28.8",",m","0",",m","0",",m","0",",m","0",",m","0",",m","0",",m","30",",m","0",",m","19860920","+,,m","19860930","+,,m","19860901",",,m","7.8",",m,20,+","0.0",",,m,30,+","31.7",",m,01,","18.2","","3.2",",m","0.0",",,,m","19.19",",m","28.22",",,,m","10.15",",,,m"
"MXN00020451","1987-01","16.95","-96.5333","1587.7","SAN JUAN GUELAVIA, MX","10.8","m","10.8",",m","0",",m","0",",m","0",",m","0",",m","0",",m","0",",m","22",",m","0",",m","19870110",",,m","19870131","+,,m","19870128",",,m","2.8",",m,10,","0.0",",,m,31,+","30.6",",m,28,","","","71.8",",m","0.0",",,,m","16.36",",m","24.11",",,,m","8.62",",,,m"
"MXN00020451","1987-02","16.95","-96.5333","1587.7","SAN JUAN GUELAVIA, MX","45.8","m","35.0",",m","0",",m","0",",m","0",",m","0",",m","0",",m","0",",m","25",",m","0",",m","19870228",",,m","19870228","+,,m","19870204",",,m","3.9",",m,28,","0.0",",,m,28,+","31.7",",m,04,","","","32.2",",m","0.0",",,,m","18.43",",m","25.98",",,,m","10.89",",,,m"
"MXN00020451","1987-03","16.95","-96.5333","1587.7","SAN JUAN GUELAVIA, MX","128.2","m","82.4",",m","0",",m","0",",m","0",",m","0",",m","0",",m","0",",m","27",",m","0",",m","19870305","+,,m","19870331","+,,m","19870314","+,,m","5.0",",m,05,+","0.0",",,m,31,+","31.7",",m,14,+","","","29.8",",m","0.0",",,,m","20.03",",m","26.94",",,,m","13.12",",,,m"
"MXN00020451","1987-04","16.95","-96.5333","1587.7","SAN JUAN GUELAVIA, MX","166.3","m","38.1",",m","9",",m","8",",m","0",",m","0",",m","0",",m","0",",m","25",",m","1",",m","19870427",",,m","19870416",",,m","19870422",",,m","5.0",",m,27,","15.0",",,m,16,","38.9",",m,22,","","","39.5",",m","62.2",",,,m","18.29",",m","25.58",",,,m","11.00",",,,m"
"MXN00020451","1987-05","16.95","-96.5333","1587.7","SAN JUAN GUELAVIA, MX","179.7","m","13.4",",m","0",",m","0",",m","0",",m","0",",m","0",",m","0",",m","28",",m","0",",m","19870510","+,,m","19870531","+,,m","19870514",",,m","7.8",",m,10,+","0.0",",,m,31,+","30.0",",m,14,","","","22.4",",m","0.0",",,,m","18.04",",m","25.69",",,,m","10.40",",,,m"
"MXN00020451","1987-06","16.95","-96.5333","1587.7","SAN JUAN GUELAVIA, MX","193.5","m","13.8",",m","3",",m","2",",m","0",",m","0",",m","0",",m","0",",m","21",",m","0",",m","19870628",",,m","19870628","+,,m","19870623","+,,m","3.9",",m,28,","4.8",",,m,28,+","30.6",",m,23,+","","","74.0",",m","9.9",",,,m","16.33",",m","23.91",",,,m","8.74",",,,m"
"MXN00020451","1987-07","16.95","-96.5333","1587.7","SAN JUAN GUELAVIA, MX","212.4","m","18.9",",m","1",",m","1",",m","0",",m","0",",m","0",",m","0",",m","26",",m","0",",m","19870727",",,m","19870705",",,m","19870712",",,m","5.6",",m,27,","4.8",",,m,05,","31.7",",m,12,","39.0","m","39.0",",m","4.8",",,,m","17.69",",m","24.70",",,,m","10.67",",,,m"
"MXN00020451","1987-08","16.95","-96.5333","1587.7","SAN JUAN GUELAVIA, MX","231.2","m","18.8",",m","3",",m","3",",m","0",",m","0",",m","0",",m","0",",m","19",",m","2",",m","19870828","+,,m","19870820",",,m","19870811",",,m","5.0",",m,28,+","9.9",",,m,20,","35.0",",m,11,","101.4","m","62.4",",m","20.6",",,,m","16.93",",m","24.07",",,,m","9.79",",,,m"
"MXN00020451","1987-09","16.95","-96.5333","1587.7","SAN JUAN GUELAVIA, MX","259.1","m","27.9",",m","1",",m","1",",m","0",",m","0",",m","0",",m","0",",m","26",",m","1",",m","19870928","+,,m","19870930",",,m","19870904",",,m","8.9",",m,28,+","19.8",",,m,30,","33.9",",m,04,","128.3","m","26.9",",m","19.8",",,,m","18.37",",m","25.80",",,,m","10.93",",,,m"
"MXN00020451","1987-10","16.95","-96.5333","1587.7","SAN JUAN GUELAVIA, MX","289.1","m","30.0",",m","2",",m","2",",m","0",",m","0",",m","0",",m","0",",m","31",",m","0",",m","19871030","+,,m","19871001",",,m","19871023",",,m","5.0",",m,30,+","19.8",",,m,01,","31.7",",m,23,","143.2","m","14.9",",m","29.7",",,,m","18.82",",m","27.14",",,,m","10.51",",,,m"
"MXN00020451","1987-11","16.95","-96.5333","1587.7","SAN JUAN GUELAVIA, MX","289.4","m","0.3",",m","1",",m","1",",m","1",",m","0",",m","0",",m","0",",m","7",",m","0",",m","19871109",",,m","19871109",",,m","19871103","+,,m","2.8",",m,09,","40.1",",,m,09,","25.6",",m,03,+","313.3","m","170.1",",m","40.1",",,,m","12.68",",m","18.41",",,,m","6.94",",,,m"
"MXN00020451","1987-12","16.95","-96.5333","1587.7","SAN JUAN GUELAVIA, MX","351.6","m","62.2",",m","0",",m","0",",m","0",",m","0",",m","0",",m","0",",m","31",",m","0",",m","19871216",",,m","19871231","+,,m","19871225","+,,m","5.6",",m,16,","0.0",",,m,31,+","30.6",",m,25,+","322.3","m","9.0",",m","0.0",",,,m","20.05",",m","27.21",",,,m","12.89",",,,m"
"MXN00020451","1995-01","16.95","-96.5333","1587.7","SAN JUAN GUELAVIA, MX","","","","","0",",m","0",",m","0",",m","","","","","","","","","","","","","19950131","+,,m","","","","","0.0",",,m,31,+","","","","","","","0.0",",,,m","","","","","",""
"MXN00020451","1995-02","16.95","-96.5333","1587.7","SAN JUAN GUELAVIA, MX","","","","","0",",m","0",",m","0",",m","","","","","","","","","","","","","19950228","+,,m","","","","","0.0",",,m,28,+","","","","","","","0.0",",,,m","","","","","",""
"MXN00020451","1995-03","16.95","-96.5333","1587.7","SAN JUAN GUELAVIA, MX","","","","","1",",m","0",",m","0",",m","","","","","","","","","","","","","19950314",",,m","","","","","0.8",",,m,14,","","","","","","","0.8",",,,m","","","","","",""
"MXN00020451","1995-04","16.95","-96.5333","1587.7","SAN JUAN GUELAVIA, MX","","","","","7",",m","5",",m","1",",m","","","","","","","","","","","","","19950421",",,m","","","","","31.0",",,m,21,","","","","","","","64.6",",,,m","","","","","",""
