"STATION","DATE","LATITUDE","LONGITUDE","ELEVATION","NAME","CDSD","CDSD_ATTRIBUTES","CLDD","CLDD_ATTRIBUTES","DP01","DP01_ATTRIBUTES","DP10","DP10_ATTRIBUTES","DP1X","DP1X_ATTRIBUTES","DT00","DT00_ATTRIBUTES","DT32","DT32_ATTRIBUTES","DX32","DX32_ATTRIBUTES","DX70","DX70_ATTRIBUTES","DX90","DX90_ATTRIBUTES","DYNT","DYNT_ATTRIBUTES","DYXP","DYXP_ATTRIBUTES","DYXT","DYXT_ATTRIBUTES","EMNT","EMNT_ATTRIBUTES","EMXP","EMXP_ATTRIBUTES","EMXT","EMXT_ATTRIBUTES","HDSD","HDSD_ATTRIBUTES","HTDD","HTDD_ATTRIBUTES","PRCP","PRCP_ATTRIBUTES","TAVG","TAVG_ATTRIBUTES","TMAX","TMAX_ATTRIBUTES","TMIN","TMIN_ATTRIBUTES"
"MXN00025163","1978-01","25.05","-107.4667","396.8","ANDREW WEISS, MX","59.1","m","59.1",",m","0",",m","0",",m","0",",m","0",",m","0",",m","0",",m","30",",m","9",",m","19780126",",,m","19780131","+,,m","19780129",",,m","5.0",",m,26,","0.0",",,m,31,+","35.0",",m,29,","","","1.4",",m","0.0",",,,m","20.19",",m","30.11",",,,m","10.27",",,,m"
"MXN00025163","1978-02","25.05","-107.4667","396.8","ANDREW WEISS, MX","110.6","m","51.5",",m","1",",m","1",",m","1",",m","0",",m","0",",m","0",",m","27",",m","12",",m","19780220",",,m","19780212",",,m","19780205",",,m","5.0",",m,20,","36.3",",,m,12,","35.6",",m,05,","","","10.7",",m","36.3",",,,m","19.79",",m","30.31",",,,m","9.27",",,,m"
"MXN00025163","1978-03","25.05","-107.4667","396.8","ANDREW WEISS, MX","261.8","m","151.2",",m","0",",m","0",",m","0",",m","0",",m","0",",m","0",",m","31",",m","23",",m","19780314",",,m","19780331","+,,m","19780327","+,,m","7.8",",m,14,","0.0",",,m,31,+","37.8",",m,27,+","","","0.0",",m","0.0",",,,m","23.21",",m","33.90",",,,m","12.52",",,,m"
"MXN00025163","1978-04","25.05","-107.4667","396.8","ANDREW WEISS, MX","442.6","m","180.8",",m","0",",m","0",",m","0",",m","0",",m","0",",m","0",",m","30",",m","28",",m","19780422",",,m","19780430","+,,m","19780417",",,m","10.0",",m,22,","0.0",",,m,30,+","38.9",",m,17,","","","0.0",",m","0.0",",,,m","24.36",",m","35.52",",,,m","13.20",",,,m"
"MXN00025163","1978-05","25.05","-107.4667","396.8","ANDREW WEISS, MX","694.4","m","251.8",",m","0",",m","0",",m","0",",m","0",",m","0",",m","0",",m","31",",m","30",",m","19780502","+,,m","19780531","+,,m","19780528","+,,m","12.2",",m,02,+","0.0",",,m,31,+","40.0",",m,28,+","","","0.0",",m","0.0",",,,m","26.46",",m","36.94",",,,m","15.98",",,,m"
"MXN00025163","1978-06","25.05","-107.4667","396.8","ANDREW WEISS, MX","1083.2","m","388.8",",m","0",",m","0",",m","0",",m","0",",m","0",",m","0",",m","30",",m","30",",m","19780601",",,m","19780630","+,,m","19780622","+,,m","20.0",",m,01,","0.0",",,m,30,+","40.6",",m,22,+","","","0.0",",m","0.0",",,,m","31.29",",m","39.04",",,,m","23.55",",,,m"
"MXN00025163","1978-07","25.05","-107.4667","396.8","ANDREW WEISS, MX","1456.0","m","372.8",",m","0",",m","0",",m","0",",m","0",",m","0",",m","0",",m","31",",m","29",",m","19780731","+,,m","19780731","+,,m","19780702",",,m","21.1",",m,31,+","0.0",",,m,31,+","41.7",",m,02,","0.0","m","0.0",",m","0.0",",,,m","30.36",",m","37.48",",,,m","23.24",",,,m"
"MXN00025163","1978-08","25.05","-107.4667","396.8","ANDREW WEISS, MX","1785.3","m","329.3",",m","15",",m","13",",m","4",",m","0",",m","0",",m","0",",m","31",",m","31",",m","19780831","+,,m","19780815",",,m","19780827",",,m","20.0",",m,31,+","95.0",",,m,15,","37.2",",m,27,","0.0","m","0.0",",m","268.8",",,,m","28.95",",m","35.51",",,,m","22.40",",,,m"
"MXN00025163","1978-09","25.05","-107.4667","396.8","ANDREW WEISS, MX","2060.4","m","275.1",",m","13",",m","11",",m","3",",m","0",",m","0",",m","0",",m","30",",m","23",",m","19780929",",,m","19780910",",,m","19780923","+,,m","20.0",",m,29,","84.8",",,m,10,","37.2",",m,23,+","0.0","m","0.0",",m","260.9",",,,m","27.50",",m","33.32",",,,m","21.68",",,,m"
"MXN00025163","1978-10","25.05","-107.4667","396.8","ANDREW WEISS, MX","2311.4","m","251.0",",m","5",",m","3",",m","2",",m","0",",m","0",",m","0",",m","31",",m","20",",m","19781030",",,m","19781022",",,m","19781018","+,,m","15.6",",m,30,","53.3",",,m,22,","35.6",",m,18,+","0.0","m","0.0",",m","102.1",",,,m","26.43",",m","32.96",",,,m","19.90",",,,m"
"MXN00025163","1978-11","25.05","-107.4667","396.8","ANDREW WEISS, MX","2453.2","m","141.8",",m","1",",m","0",",m","0",",m","0",",m","0",",m","0",",m","30",",m","14",",m","19781130","+,,m","19781125",",,m","19781103","+,,m","11.1",",m,30,+","1.3",",,m,25,","36.1",",m,03,+","0.0","m","0.0",",m","1.3",",,,m","23.06",",m","32.27",",,,m","13.85",",,,m"
"MXN00025163","1978-12","25.05","-107.4667","396.8","ANDREW WEISS, MX","2523.1","m","69.9",",m","1",",m","1",",m","0",",m","0",",m","0",",m","0",",m","31",",m","9",",m","19781211","+,,m","19781230",",,m","19781213",",,m","5.0",",m,11,+","14.5",",,m,30,","35.0",",m,13,","4.7","m","4.7",",m","14.5",",,,m","20.44",",m","30.16",",,,m","10.71",",,,m"
"MXN00025163","1979-01","25.05","-107.4667","396.8","ANDREW WEISS, MX","23.4","m","23.4",",m","2",",m","1",",m","1",",m","0",",m","0",",m","0",",m","30",",m","1",",m","19790129",",,m","19790124",",,m","19790104",",,m","5.0",",m,29,","86.9",",,m,24,","32.8",",m,04,","18.9","m","14.2",",m","88.2",",,,m","18.63",",m","27.46",",,,m","9.80",",,,m"
"MXN00025163","1979-03","25.05","-107.4667","396.8","ANDREW WEISS, MX","","","90.3",",m","0",",m","0",",m","0",",m","0",",m","0",",m","0",",m","31",",m","14",",m","19790319",",,m","19790331","+,,m","19790313",",,m","5.6",",m,19,","0.0",",,m,31,+","35.6",",m,13,","","","1.4",",m","0.0",",,,m","21.20",",m","31.84",",,,m","10.56",",,,m"
"MXN00025163","1979-06","25.05","-107.4667","396.8","ANDREW WEISS, MX","","","347.6",",m","2",",m","2",",m","1",",m","0",",m","0",",m","0",",m","30",",m","28",",m","19790610","+,,m","19790629",",,m","19790629","+,,m","15.0",",m,10,+","34.8",",,m,29,","41.7",",m,29,+","","","0.0",",m","37.6",",,,m","29.92",",m","38.25",",,,m","21.59",",,,m"
"MXN00025163","1979-07","25.05","-107.4667","396.8","ANDREW WEISS, MX","","","386.0",",m","12",",m","9",",m","3",",m","0",",m","0",",m","0",",m","31",",m","31",",m","19790730",",,m","19790723",",,m","19790707","+,,m","21.7",",m,30,","81.8",",,m,23,","41.1",",m,07,+","0.0","m","0.0",",m","218.1",",,,m","30.78",",m","37.89",",,,m","23.67",",,,m"
"MXN00025163","1979-08","25.05","-107.4667","396.8","ANDREW WEISS, MX","","","360.0",",m","11",",m","11",",m","0",",m","0",",m","0",",m","0",",m","31",",m","30",",m","19790819",",,m","19790808",",,m","19790826","+,,m","20.6",",m,19,","19.3",",,m,08,","40.0",",m,26,+","0.0","m","0.0",",m","126.1",",,,m","29.95",",m","36.86",",,,m","23.03",",,,m"
"MXN00025163","1979-10","25.05","-107.4667","396.8","ANDREW WEISS, MX","","","320.3",",m","0",",m","0",",m","0",",m","0",",m","0",",m","0",",m","31",",m","31",",m","19791031",",,m","19791031","+,,m","19791007","+,,m","11.1",",m,31,","0.0",",,m,31,+","40.0",",m,07,+","","","0.0",",m","0.0",",,,m","28.66",",m","38.28",",,,m","19.05",",,,m"
"MXN00025163","1979-11","25.05","-107.4667","396.8","ANDREW WEISS, MX","","","135.8",",m","0",",m","0",",m","0",",m","0",",m","0",",m","0",",m","30",",m","26",",m","19791123",",,m","19791130","+,,m","19791106",",,m","3.9",",m,23,","0.0",",,m,30,+","40.0",",m,06,","","","0.0",",m","0.0",",,,m","22.86",",m","34.51",",,,m","11.21",",,,m"
"MXN00025163","1979-12","25.05","-107.4667","396.8","ANDREW WEISS, MX","","","117.5",",m","","","","","","","0",",m","0",",m","0",",m","31",",m","15",",m","19791230",",,m","","","19791210",",,m","3.3",",m,30,","","","37.2",",m,10,","","","0.3",",m","","","22.11",",m","32.25",",,,m","11.98",",,,m"
"MXN00025163","1980-01","25.05","-107.4667","396.8","ANDREW WEISS, MX","61.4","m","61.4",",m","0",",m","0",",m","0",",m","0",",m","0",",m","0",",m","31",",m","11",",m","19800123","+,,m","19800131","+,,m","19800131",",,m","7.8",",m,23,+","0.0",",,m,31,+","35.0",",m,31,","","","3.6",",m","0.0",",,,m","20.20",",m","30.96",",,,m","9.43",",,,m"
"MXN00025163","1980-02","25.05","-107.4667","396.8","ANDREW WEISS, MX","186.4","m","125.0",",m","0",",m","0",",m","0",",m","0",",m","0",",m","0",",m","29",",m","21",",m","19800223","+,,m","19800229","+,,m","19800204",",,m","8.9",",m,23,+","0.0",",,m,29,+","38.9",",m,04,","","","1.9",",m","0.0",",,,m","22.58",",m","33.06",",,,m","12.09",",,,m"
"MXN00025163","1980-03","25.05","-107.4667","396.8","ANDREW WEISS, MX","325.7","m","139.3",",m","1",",m","0",",m","0",",m","0",",m","0",",m","0",",m","31",",m","22",",m","19800330","+,,m","19800324",",,m","19800309",",,m","7.8",",m,30,+","1.8",",,m,24,","38.9",",m,09,","","","0.0",",m","1.8",",,,m","22.83",",m","33.55",",,,m","12.10",",,,m"
"MXN00025163","1980-04","25.05","-107.4667","396.8","ANDREW WEISS, MX","492.2","m","166.5",",m","0",",m","0",",m","0",",m","0",",m","0",",m","0",",m","30",",m","27",",m","19800403","+,,m","19800430","+,,m","19800421","+,,m","7.2",",m,03,+","0.0",",,m,30,+","39.4",",m,21,+","","","0.0",",m","0.0",",,,m","23.88",",m","35.12",",,,m","12.65",",,,m"
"MXN00025163","1980-05","25.05","-107.4667","396.8","ANDREW WEISS, MX","747.9","m","255.7",",m","0",",m","0",",m","0",",m","0",",m","0",",m","0",",m","31",",m","31",",m","19800503",",,m","19800531","+,,m","19800531","+,,m","11.7",",m,03,","0.0",",,m,31,+","41.7",",m,31,+","","","0.0",",m","0.0",",,,m","26.58",",m","37.48",",,,m","15.69",",,,m"
"MXN00025163","1980-06","25.05","-107.4667","396.8","ANDREW WEISS, MX","1147.8","m","399.9",",m","1",",m","0",",m","0",",m","0",",m","0",",m","0",",m","30",",m","30",",m","19800603","+,,m","19800625",",,m","19800601",",,m","18.9",",m,03,+","1.8",",,m,25,","42.2",",m,01,","","","0.0",",m","1.8",",,,m","31.66",",m","39.17",",,,m","24.16",",,,m"
"MXN00025163","1980-07","25.05","-107.4667","396.8","ANDREW WEISS, MX","1546.5","m","398.7",",m","11",",m","9",",m","2",",m","0",",m","0",",m","0",",m","31",",m","31",",m","19800729",",,m","19800728",",,m","19800707","+,,m","21.7",",m,29,","52.3",",,m,28,","42.8",",m,07,+","0.0","m","0.0",",m","152.2",",,,m","31.19",",m","37.91",",,,m","24.48",",,,m"
"MXN00025163","1980-08","25.05","-107.4667","396.8","ANDREW WEISS, MX","1871.1","m","324.6",",m","19",",m","14",",m","4",",m","0",",m","0",",m","0",",m","31",",m","29",",m","19800803",",,m","19800820",",,m","19800807",",,m","20.0",",m,03,","59.9",",,m,20,","37.8",",m,07,","0.0","m","0.0",",m","292.4",",,,m","28.80",",m","34.45",",,,m","23.16",",,,m"
"MXN00025163","1980-09","25.05","-107.4667","396.8","ANDREW WEISS, MX","2178.0","m","306.9",",m","14",",m","9",",m","3",",m","0",",m","0",",m","0",",m","30",",m","25",",m","19800908",",,m","19800928",",,m","19800915",",,m","20.0",",m,08,","58.4",",,m,28,","38.3",",m,15,","0.0","m","0.0",",m","184.4",",,,m","28.56",",m","33.92",",,,m","23.20",",,,m"
"MXN00025163","1980-10","25.05","-107.4667","396.8","ANDREW WEISS, MX","2429.4","m","251.4",",m","4",",m","3",",m","1",",m","0",",m","0",",m","0",",m","31",",m","23",",m","19801030",",,m","19801015",",,m","19801006",",,m","16.1",",m,30,","59.9",",,m,15,","36.7",",m,06,","0.0","m","0.0",",m","83.3",",,,m","26.44",",m","33.25",",,,m","19.64",",,,m"
"MXN00025163","1980-11","25.05","-107.4667","396.8","ANDREW WEISS, MX","2557.4","m","128.0",",m","1",",m","1",",m","1",",m","0",",m","0",",m","0",",m","30",",m","19",",m","19801128","+,,m","19801115",",,m","19801112","+,,m","5.6",",m,28,+","36.8",",,m,15,","35.6",",m,12,+","0.0","m","0.0",",m","36.8",",,,m","22.60",",m","32.26",",,,m","12.94",",,,m"
"MXN00025163","1980-12","25.05","-107.4667","396.8","ANDREW WEISS, MX","2666.9","m","109.5",",m","2",",m","1",",m","0",",m","0",",m","0",",m","0",",m","30",",m","20",",m","19801215",",,m","19801207",",,m","19801228",",,m","8.9",",m,15,","8.4",",,m,07,","37.2",",m,28,","1.9","m","1.9",",m","10.2",",,,m","21.80",",m","32.36",",,,m","11.24",",,,m"
"MXN00025163","1981-01","25.05","-107.4667","396.8","ANDREW WEISS, MX","50.7","m","50.7",",m","8",",m","5",",m","2",",m","0",",m","0",",m","0",",m","28",",m","4",",m","19810125",",,m","19810117",",,m","19810101",",,m","7.2",",m,25,","48.3",",,m,17,","34.4",",m,01,","14.4","m","12.5",",m","110.9",",,,m","19.56",",m","27.53",",,,m","11.60",",,,m"
"MXN00025163","1981-09","25.05","-107.4667","396.8","ANDREW WEISS, MX","","","307.6",",m","13",",m","9",",m","1",",m","0",",m","0",",m","0",",m","30",",m","26",",m","19810923",",,m","19810901",",,m","19810926","+,,m","20.0",",m,23,","48.3",",,m,01,","38.9",",m,26,+","","","0.0",",m","125.6",",,,m","28.59",",m","34.89",",,,m","22.28",",,,m"
"MXN00025163","1981-10","25.05","-107.4667","396.8","ANDREW WEISS, MX","","","249.5",",m","8",",m","6",",m","3",",m","0",",m","0",",m","0",",m","31",",m","24",",m","19811025",",,m","19811008",",,m","19811028","+,,m","10.0",",m,25,","214.9",",,m,08,","37.2",",m,28,+","","","0.0",",m","371.1",",,,m","26.38",",m","33.48",",,,m","19.28",",,,m"
"MXN00025163","1981-11","25.05","-107.4667","396.8","ANDREW WEISS, MX","","","187.9",",m","1",",m","0",",m","0",",m","0",",m","0",",m","0",",m","30",",m","25",",m","19811124","+,,m","19811102",",,m","19811114",",,m","10.6",",m,24,+","1.8",",,m,02,","37.8",",m,14,","","","0.0",",m","1.8",",,,m","24.60",",m","34.47",",,,m","14.72",",,,m"
"MXN00025163","1981-12","25.05","-107.4667","396.8","ANDREW WEISS, MX","","","119.3",",m","0",",m","0",",m","0",",m","0",",m","0",",m","0",",m","31",",m","21",",m","19811227",",,m","19811231","+,,m","19811211",",,m","8.3",",m,27,","0.0",",,m,31,+","36.7",",m,11,","","","2.8",",m","0.0",",,,m","22.09",",m","32.64",",,,m","11.55",",,,m"
"MXN00025163","1982-02","25.05","-107.4667","396.8","ANDREW WEISS, MX","","","83.9",",m","0",",m","0",",m","0",",m","0",",m","0",",m","0",",m","28",",m","17",",m","19820201",",,m","19820228","+,,m","19820222",",,m","6.1",",m,01,","0.0",",,m,28,+","36.7",",m,22,","","","1.2",",m","0.0",",,,m","21.29",",m","32.67",",,,m","9.90",",,,m"
"MXN00025163","1982-03","25.05","-107.4667","396.8","ANDREW WEISS, MX","","","152.4",",m","0",",m","0",",m","0",",m","0",",m","0",",m","0",",m","31",",m","30",",m","19820308",",,m","19820331","+,,m","19820331",",,m","10.0",",m,08,","0.0",",,m,31,+","38.9",",m,31,","","","0.0",",m","0.0",",,,m","23.25",",m","34.77",",,,m","11.73",",,,m"
"MXN00025163","1982-04","25.05","-107.4667","396.8","ANDREW WEISS, MX","","","230.8",",m","0",",m","0",",m","0",",m","0",",m","0",",m","0",",m","30",",m","29",",m","19820419","+,,m","19820430","+,,m","19820401",",,m","12.8",",m,19,+","0.0",",,m,30,+","41.7",",m,01,","","","0.0",",m","0.0",",,,m","26.03",",m","37.25",",,,m","14.80",",,,m"
"MXN00025163","1982-05","25.05","-107.4667","396.8","ANDREW WEISS, MX","","","250.6",",m","0",",m","0",",m","0",",m","0",",m","0",",m","0",",m","31",",m","29",",m","19820510","+,,m","19820531","+,,m","19820519",",,m","12.2",",m,10,+","0.0",",,m,31,+","39.4",",m,19,","","","0.0",",m","0.0",",,,m","26.42",",m","36.18",",,,m","16.65",",,,m"
"MXN00025163","1982-06","25.05","-107.4667","396.8","ANDREW WEISS, MX","","","355.4",",m","0",",m","0",",m","0",",m","0",",m","0",",m","0",",m","30",",m","30",",m","19820608","+,,m","19820630","+,,m","19820613",",,m","20.0",",m,08,+","0.0",",,m,30,+","40.0",",m,13,","","","0.0",",m","0.0",",,,m","30.18",",m","38.23",",,,m","22.13",",,,m"
"MXN00025163","1982-07","25.05","-107.4667","396.8","ANDREW WEISS, MX","","","380.3",",m","12",",m","8",",m","2",",m","0",",m","0",",m","0",",m","31",",m","31",",m","19820725",",,m","19820725",",,m","19820703",",,m","22.2",",m,25,","38.9",",,m,25,","41.1",",m,03,","0.0","","0.0",",m","132.9",",,,m","30.60",",m","37.51",",,,m","23.69",",,,m"
"MXN00025163","1982-09","25.05","-107.4667","396.8","ANDREW WEISS, MX","","","342.9",",m","7",",m","7",",m","2",",m","0",",m","0",",m","0",",m","30",",m","27",",m","19820916","+,,m","19820929",",,m","19820920",",,m","21.1",",m,16,+","114.8",",,m,29,","42.8",",m,20,","","","0.0",",m","215.9",",,,m","29.76",",m","36.86",",,,m","22.67",",,,m"
"MXN00025163","1983-02","25.05","-107.4667","396.8","ANDREW WEISS, MX","","","39.4",",m","3",",m","2",",m","1",",m","0",",m","0",",m","0",",m","28",",m","5",",m","19830201",",,m","19830204",",,m","19830228","+,,m","1.7",",m,01,","59.9",",,m,04,","32.8",",m,28,+","","","10.3",",m","77.4",",,,m","19.37",",m","29.34",",,,m","9.40",",,,m"
"MXN00025163","1983-07","25.05","-107.4667","396.8","ANDREW WEISS, MX","","","342.3","1,m","13",",m","11",",m","6",",m","0","1,m","0","1,m","0",",m","31",",m","29",",m","19830701",",1,m","19830724",",,m","19830704",",,m","19.4","1,m,01,","72.9",",,m,24,","41.7",",m,04,","0.0","m","0.0",",m","312.3",",,,m","29.73","1,m","36.77",",,,m","22.69","1,,,m"
"MXN00025163","1983-12","25.05","-107.4667","396.8","ANDREW WEISS, MX","","","88.9",",m","2",",m","2",",m","0",",m","0",",m","0",",m","0",",m","30",",m","16",",m","19831224",",,m","19831202",",,m","19831224",",,m","7.2",",m,24,","6.9",",,m,02,","35.6",",m,24,","","","1.4",",m","12.7",",,,m","21.16",",m","31.65",",,,m","10.67",",,,m"
"MXN00025163","1984-01","25.05","-107.4667","396.8","ANDREW WEISS, MX","62.0","","62.0",",m","2",",m","2",",m","1",",m","0",",m","0",",m","0",",m","30",",m","4",",m","19840125","+,,m","19840130",",,m","19840129",",,m","5.6",",m,25,+","62.0",",,m,30,","37.2",",m,29,","","","4.9",",m","65.3",",,,m","20.18",",m","29.48",",,,m","10.87",",,,m"
"MXN00025163","1984-03","25.05","-107.4667","396.8","ANDREW WEISS, MX","","","","","0",",m","0",",m","0",",m","","","","","","","","","","","","","19840331","+,,m","","","","","0.0",",,m,31,+","","","","","","","0.0",",,,m","","","","","",""
"MXN00025163","1984-04","25.05","-107.4667","396.8","ANDREW WEISS, MX","","","","","0",",m","0",",m","0",",m","","","","","","","","","","","","","19840430","+,,m","","","","","0.0",",,m,30,+","","","","","","","0.0",",,,m","","","","","",""
"MXN00025163","1984-05","25.05","-107.4667","396.8","ANDREW WEISS, MX","","","","","0",",m","0",",m","0",",m","","","","","","","","","","","","","19840531","+,,m","","","","","0.0",",,m,31,+","","","","","","","0.0",",,,m","","","","","",""
"MXN00025163","1984-06","25.05","-107.4667","396.8","ANDREW WEISS, MX","","","","","10",",m","8",",m","3",",m","","","","","","","","","","","","","19840624",",,m","","","","","85.9",",,m,24,","","","","","","","193.0",",,,m","","","","","",""
