"STATION","DATE","LATITUDE","LONGITUDE","ELEVATION","NAME","CDSD","CDSD_ATTRIBUTES","CLDD","CLDD_ATTRIBUTES","DP01","DP01_ATTRIBUTES","DP10","DP10_ATTRIBUTES","DP1X","DP1X_ATTRIBUTES","DT00","DT00_ATTRIBUTES","DT32","DT32_ATTRIBUTES","DX32","DX32_ATTRIBUTES","DX70","DX70_ATTRIBUTES","DX90","DX90_ATTRIBUTES","DYNT","DYNT_ATTRIBUTES","DYXP","DYXP_ATTRIBUTES","DYXT","DYXT_ATTRIBUTES","EMNT","EMNT_ATTRIBUTES","EMXP","EMXP_ATTRIBUTES","EMXT","EMXT_ATTRIBUTES","HDSD","HDSD_ATTRIBUTES","HTDD","HTDD_ATTRIBUTES","PRCP","PRCP_ATTRIBUTES","TAVG","TAVG_ATTRIBUTES","TMAX","TMAX_ATTRIBUTES","TMIN","TMIN_ATTRIBUTES"
"MXN00030274","1975-09","18.7833","-97.3","1874.8","AQUILA, MX","","","","","15",",m","10",",m","4",",m","","","","","","","","","","","","","19750909",",,m","","","","","53.8",",,m,09,","","","","","","","234.6",",,,m","","","","","",""
"MXN00030274","1975-10","18.7833","-97.3","1874.8","AQUILA, MX","","","","","14",",m","7",",m","1",",m","","","","","","","","","","","","","19751014",",,m","","","","","25.9",",,m,14,","","","","","","","73.2",",,,m","","","","","",""
"MXN00030274","1975-11","18.7833","-97.3","1874.8","AQUILA, MX","","","","","7",",m","1",",m","0",",m","","","","","","","","","","","","","19751103",",,m","","","","","6.9",",,m,03,","","","","","","","13.6",",,,m","","","","","",""
"MXN00030274","1975-12","18.7833","-97.3","1874.8","AQUILA, MX","","","","","4",",m","0",",m","0",",m","","","","","","","","","","","","","19751225",",,m","","","","","1.5",",,m,25,","","","","","","","4.1",",,,m","","","","","",""
"MXN00030274","1976-01","18.7833","-97.3","1874.8","AQUILA, MX","","","","","10",",m","1",",m","0",",m","","","","","","","","","","","","","19760117",",,m","","","","","3.3",",,m,17,","","","","","","","12.8",",,,m","","","","","",""
"MXN00030274","1976-02","18.7833","-97.3","1874.8","AQUILA, MX","","","","","4",",m","1",",m","0",",m","","","","","","","","","","","","","19760201",",,m","","","","","2.8",",,m,01,","","","","","","","7.4",",,,m","","","","","",""
"MXN00030274","1976-03","18.7833","-97.3","1874.8","AQUILA, MX","","","","","4",",m","2",",m","0",",m","","","","","","","","","","","","","19760328",",,m","","","","","13.5",",,m,28,","","","","","","","18.3",",,,m","","","","","",""
"MXN00030274","1976-04","18.7833","-97.3","1874.8","AQUILA, MX","","","","","11",",m","5",",m","1",",m","","","","","","","","","","","","","19760417",",,m","","","","","25.9",",,m,17,","","","","","","","55.8",",,,m","","","","","",""
"MXN00030274","1976-05","18.7833","-97.3","1874.8","AQUILA, MX","","","","","13",",m","6",",m","3",",m","","","","","","","","","","","","","19760501",",,m","","","","","29.0",",,m,01,","","","","","","","112.7",",,,m","","","","","",""
"MXN00030274","1976-06","18.7833","-97.3","1874.8","AQUILA, MX","","","","","19",",m","11",",m","0",",m","","","","","","","","","","","","","19760625",",,m","","","","","16.8",",,m,25,","","","","","","","80.7",",,,m","","","","","",""
"MXN00030274","1976-07","18.7833","-97.3","1874.8","AQUILA, MX","","","","","27",",m","19",",m","1",",m","","","","","","","","","","","","","19760701",",,m","","","","","28.2",",,m,01,","","","","","","","186.9",",,,m","","","","","",""
"MXN00030274","1976-08","18.7833","-97.3","1874.8","AQUILA, MX","","","","","22",",m","7",",m","0",",m","","","","","","","","","","","","","19760821",",,m","","","","","10.4",",,m,21,","","","","","","","65.5",",,,m","","","","","",""
"MXN00030274","1976-09","18.7833","-97.3","1874.8","AQUILA, MX","","","","","16",",m","9",",m","0",",m","","","","","","","","","","","","","19760903",",,m","","","","","9.7",",,m,03,","","","","","","","67.7",",,,m","","","","","",""
"MXN00030274","1976-10","18.7833","-97.3","1874.8","AQUILA, MX","","","","","13",",m","6",",m","0",",m","","","","","","","","","","","","","19761008",",,m","","","","","18.5",",,m,08,","","","","","","","74.5",",,,m","","","","","",""
"MXN00030274","1976-11","18.7833","-97.3","1874.8","AQUILA, MX","","","0.3","2,m","12",",m","0",",m","0",",m","0","1,m","0","1,m","0","1,m","5","1,m","0","1,m","19761130","+,1,m","19761116",",,m","19761127",",1,m","5.0","1,m,30,+","2.0",",,m,16,","25.6","1,m,27,","","","162.4","1,m","10.9",",,,m","12.69","2,m","16.96","1,,,m","8.43","1,,,m"
"MXN00030274","1976-12","18.7833","-97.3","1874.8","AQUILA, MX","","","1.1",",m","2",",m","1",",m","0",",m","0",",m","0",",m","0",",m","7",",m","0",",m","19761231","+,,m","19761220",",,m","19761206",",,m","2.8",",m,31,+","7.9",",,m,20,","28.9",",m,06,","","","183.8",",m","8.7",",,,m","12.44",",m","18.39",",,,m","6.49",",,,m"
"MXN00030274","1977-01","18.7833","-97.3","1874.8","AQUILA, MX","0.0","m","0.0",",m","2",",m","0",",m","0",",m","0",",m","0",",m","0",",m","7",",m","0",",m","19770120","+,,m","19770118",",,m","19770109",",,m","1.7",",m,20,+","0.8",",,m,18,","28.9",",m,09,","","","226.3",",m","1.3",",,,m","11.03",",m","16.47",",,,m","5.59",",,,m"
"MXN00030274","1977-02","18.7833","-97.3","1874.8","AQUILA, MX","0.0","m","0.0",",m","5",",m","1",",m","0",",m","0",",m","0",",m","0",",m","5",",m","0",",m","19770221","+,,m","19770208",",,m","19770203",",,m","3.9",",m,21,+","6.1",",,m,08,","25.6",",m,03,","","","183.2",",m","9.0",",,,m","11.79",",m","16.55",",,,m","7.03",",,,m"
"MXN00030274","1977-03","18.7833","-97.3","1874.8","AQUILA, MX","12.9","m","12.9",",m","0",",m","0",",m","0",",m","0",",m","0",",m","0",",m","19",",m","0",",m","19770309","+,,m","19770331","+,,m","19770318",",,m","2.8",",m,09,+","0.0",",,m,31,+","30.6",",m,18,","","","102.3",",m","0.0",",,,m","15.45",",m","23.10",",,,m","7.80",",,,m"
"MXN00030274","1977-08","18.7833","-97.3","1874.8","AQUILA, MX","","","0.0",",m","20",",m","11",",m","0",",m","0",",m","0",",m","0",",m","11",",m","0",",m","19770820","+,,m","19770827",",,m","19770831","+,,m","10.0",",m,20,+","23.1",",,m,27,","22.8",",m,31,+","","","69.2",",m","97.6",",,,m","16.10",",m","20.86",",,,m","11.34",",,,m"
"MXN00030274","1977-09","18.7833","-97.3","1874.8","AQUILA, MX","","","6.8",",m","12",",m","6",",m","0",",m","0",",m","0",",m","0",",m","19",",m","0",",m","19770910",",,m","19770902",",,m","19770929","+,,m","8.9",",m,10,","8.6",",,m,02,","28.9",",m,29,+","","","49.3",",m","36.2",",,,m","16.92",",m","22.41",",,,m","11.42",",,,m"
"MXN00030274","1977-10","18.7833","-97.3","1874.8","AQUILA, MX","","","0.0",",m","15",",m","11",",m","0",",m","0",",m","0",",m","0",",m","8",",m","0",",m","19771025","+,,m","19771028","+,,m","19771011","+,,m","6.7",",m,25,+","9.9",",,m,28,+","23.9",",m,11,+","","","107.3",",m","73.7",",,,m","14.87",",m","19.52",",,,m","10.23",",,,m"
"MXN00030274","1977-11","18.7833","-97.3","1874.8","AQUILA, MX","","","1.4",",m","4",",m","1",",m","0",",m","0",",m","0",",m","0",",m","16",",m","0",",m","19771114",",,m","19771101",",,m","19771101",",,m","1.7",",m,14,","2.5",",,m,01,","25.6",",m,01,","","","102.5",",m","5.1",",,,m","14.97",",m","21.54",",,,m","8.39",",,,m"
"MXN00030274","1977-12","18.7833","-97.3","1874.8","AQUILA, MX","","","1.2",",m","5",",m","2",",m","0",",m","0",",m","1",",m","0",",m","14",",m","0",",m","19771223",",,m","19771213",",,m","19771230","+,,m","-1.1",",m,23,","3.6",",,m,13,","25.0",",m,30,+","","","123.0",",m","8.5",",,,m","14.40",",m","19.91",",,,m","8.89",",,,m"
"MXN00030274","1978-01","18.7833","-97.3","1874.8","AQUILA, MX","0.0","m","0.0","4,m","6",",m","3",",m","0",",m","0","2,m","0","2,m","0","2,m","7","2,m","0","2,m","19780127",",2,m","19780108",",,m","19780125",",2,m","0.6","2,m,27,","4.8",",,m,08,","25.6","2,m,25,","","","169.6","2,m","13.3",",,,m","12.05","4,m","18.83","2,,,m","5.27","2,,,m"
"MXN00030274","1978-02","18.7833","-97.3","1874.8","AQUILA, MX","2.8","m","2.8",",m","6",",m","3",",m","0",",m","0",",m","0",",m","0",",m","7",",m","0",",m","19780222",",,m","19780207","+,,m","19780228",",,m","0.6",",m,22,","4.3",",,m,07,+","27.2",",m,28,","","","173.9",",m","14.8",",,,m","12.22",",m","18.10",",,,m","6.35",",,,m"
"MXN00030274","1978-03","18.7833","-97.3","1874.8","AQUILA, MX","9.9","m","7.1","2,m","8",",m","4",",m","0",",m","0","1,m","0","1,m","0","1,m","14","1,m","0","1,m","19780318",",1,m","19780324",",,m","19780323",",1,m","0.6","1,m,18,","15.7",",,m,24,","28.9","1,m,23,","","","115.2","1,m","36.6",",,,m","14.36","2,m","20.33","1,,,m","8.39","1,,,m"
"MXN00030274","1978-04","18.7833","-97.3","1874.8","AQUILA, MX","29.0","m","19.1",",m","4",",m","0",",m","0",",m","0",",m","0",",m","0",",m","25",",m","0",",m","19780406",",,m","19780425",",,m","19780422",",,m","7.2",",m,06,","2.3",",,m,25,","30.0",",m,22,","","","40.9",",m","5.8",",,,m","17.61",",m","23.71",",,,m","11.50",",,,m"
"MXN00030274","1978-05","18.7833","-97.3","1874.8","AQUILA, MX","67.5","m","38.5",",m","7",",m","5",",m","0",",m","0",",m","0",",m","0",",m","28",",m","0",",m","19780510",",,m","19780524",",,m","19780507",",,m","8.9",",m,10,","9.9",",,m,24,","31.1",",m,07,","","","22.7",",m","39.5",",,,m","18.84",",m","24.96",",,,m","12.73",",,,m"
"MXN00030274","1978-06","18.7833","-97.3","1874.8","AQUILA, MX","67.5","m","0.0","1,m","25",",m","14",",m","0",",m","0",",m","0",",m","0","1,m","7","1,m","0","1,m","19780617",",,m","19780630","+,,m","19780623",",1,m","8.9",",m,17,","9.9",",,m,30,+","25.0","1,m,23,","","","77.4","1,m","135.0",",,,m","15.69","1,m","20.26","1,,,m","11.12",",,,m"
"MXN00030274","1978-07","18.7833","-97.3","1874.8","AQUILA, MX","67.5","m","0.0",",m","22",",m","16",",m","0",",m","0",",m","0",",m","0",",m","0",",m","0",",m","19780720",",,m","19780722","+,,m","19780731","+,,m","8.9",",m,20,","9.9",",,m,22,+","20.6",",m,31,+","103.2","m","103.2",",m","96.9",",,,m","15.00",",m","19.35",",,,m","10.66",",,,m"
"MXN00030274","1978-08","18.7833","-97.3","1874.8","AQUILA, MX","67.5","m","0.0",",m","17",",m","10",",m","0",",m","0",",m","0",",m","0",",m","3",",m","0",",m","19780807",",,m","19780805",",,m","19780824",",,m","5.6",",m,07,","14.5",",,m,05,","25.0",",m,24,","199.6","m","96.4",",m","76.7",",,,m","15.22",",m","19.85",",,,m","10.60",",,,m"
"MXN00030274","1978-09","18.7833","-97.3","1874.8","AQUILA, MX","73.0","m","5.5",",m","23",",m","13",",m","0",",m","0",",m","0",",m","0",",m","4",",m","0",",m","19780902",",,m","19780929","+,,m","19780912",",,m","8.9",",m,02,","9.9",",,m,29,+","29.4",",m,12,","291.4","m","91.8",",m","117.6",",,,m","15.45",",m","19.75",",,,m","11.16",",,,m"
"MXN00030274","1978-10","18.7833","-97.3","1874.8","AQUILA, MX","73.0","m","0.0",",m","16",",m","6",",m","0",",m","0",",m","0",",m","0",",m","3",",m","0",",m","19781024","+,,m","19781009",",,m","19781030",",,m","7.2",",m,24,+","6.4",",,m,09,","25.6",",m,30,","418.8","m","127.4",",m","37.8",",,,m","14.22",",m","18.17",",,,m","10.28",",,,m"
"MXN00030274","1978-11","18.7833","-97.3","1874.8","AQUILA, MX","73.0","m","0.0","2,m","6",",m","1",",m","0",",m","0","1,m","0","1,m","0","1,m","5","1,m","0","1,m","19781121","+,1,m","19781123",",,m","19781125",",1,m","7.8","1,m,21,+","3.0",",,m,23,","23.9","1,m,25,","536.5","m","117.7","1,m","7.7",",,,m","14.22","2,m","18.69","1,,,m","9.74","1,,,m"
"MXN00030274","1978-12","18.7833","-97.3","1874.8","AQUILA, MX","76.1","m","3.1",",m","4",",m","1",",m","0",",m","0",",m","0",",m","0",",m","14",",m","0",",m","19781215","+,,m","19781204",",,m","19781203",",,m","1.7",",m,15,+","3.8",",,m,04,","25.6",",m,03,","676.0","m","139.5",",m","6.2",",,,m","13.93",",m","19.62",",,,m","8.25",",,,m"
"MXN00030274","1979-01","18.7833","-97.3","1874.8","AQUILA, MX","4.8","m","4.8","3,m","4",",m","0",",m","0",",m","0","1,m","0","1,m","0","2,m","12","2,m","0","2,m","19790112","+,1,m","19790121",",,m","19790130","+,2,m","2.8","1,m,12,+","1.3",",,m,21,","28.9","2,m,30,+","826.2","m","150.2","2,m","3.2",",,,m","13.21","3,m","19.71","2,,,m","6.72","1,,,m"
"MXN00030274","1979-02","18.7833","-97.3","1874.8","AQUILA, MX","7.3","m","2.5",",m","5",",m","2",",m","0",",m","0",",m","0",",m","0",",m","10",",m","0",",m","19790217","+,,m","19790211",",,m","19790222",",,m","3.9",",m,17,+","6.4",",,m,11,","29.4",",m,22,","968.5","m","142.3",",m","11.9",",,,m","13.34",",m","18.70",",,,m","7.98",",,,m"
"MXN00030274","1979-03","18.7833","-97.3","1874.8","AQUILA, MX","14.0","m","6.7",",m","4",",m","0",",m","0",",m","0",",m","0",",m","0",",m","16",",m","0",",m","19790326","+,,m","19790331",",,m","19790301",",,m","5.6",",m,26,+","1.3",",,m,31,","28.9",",m,01,","1079.0","m","110.5",",m","2.7",",,,m","14.99",",m","20.64",",,,m","9.34",",,,m"
"MXN00030274","1979-04","18.7833","-97.3","1874.8","AQUILA, MX","38.1","m","24.1",",m","10",",m","7",",m","0",",m","0",",m","0",",m","0",",m","24",",m","0",",m","19790424",",,m","19790424",",,m","19790418","+,,m","6.7",",m,24,","18.3",",,m,24,","28.9",",m,18,+","1119.5","m","40.5",",m","61.3",",,,m","17.79",",m","23.87",",,,m","11.70",",,,m"
"MXN00030274","1979-05","18.7833","-97.3","1874.8","AQUILA, MX","68.8","m","30.7",",m","7",",m","5",",m","0",",m","0",",m","0",",m","0",",m","20",",m","0",",m","19790526","+,,m","19790529","+,,m","19790508",",,m","10.0",",m,26,+","9.4",",,m,29,+","30.0",",m,08,","1161.6","m","42.1",",m","42.9",",,,m","17.97",",m","23.52",",,,m","12.42",",,,m"
"MXN00030274","1979-06","18.7833","-97.3","1874.8","AQUILA, MX","69.9","m","1.1",",m","21",",m","12",",m","0",",m","0",",m","0",",m","0",",m","8",",m","0",",m","19790614",",,m","19790605",",,m","19790601",",,m","7.8",",m,14,","19.3",",,m,05,","25.6",",m,01,","1244.1","m","82.5",",m","102.4",",,,m","15.62",",m","20.00",",,,m","11.24",",,,m"
"MXN00030274","1979-07","18.7833","-97.3","1874.8","AQUILA, MX","73.6","m","3.7",",m","20",",m","11",",m","0",",m","0",",m","0",",m","0",",m","8",",m","0",",m","19790716",",,m","19790709",",,m","19790725",",,m","10.0",",m,16,","19.3",",,m,09,","28.9",",m,25,","63.4","m","63.4",",m","98.1",",,,m","16.41",",m","20.79",",,,m","12.03",",,,m"
"MXN00030274","1979-08","18.7833","-97.3","1874.8","AQUILA, MX","73.6","m","0.0",",m","21",",m","15",",m","0",",m","0",",m","0",",m","0",",m","2",",m","0",",m","19790807",",,m","19790814","+,,m","19790828",",,m","9.4",",m,07,","9.1",",,m,14,+","22.8",",m,28,","168.3","m","104.9",",m","89.6",",,,m","14.95",",m","18.93",",,,m","10.96",",,,m"
"MXN00030274","1979-09","18.7833","-97.3","1874.8","AQUILA, MX","73.6","m","0.0",",m","23",",m","14",",m","0",",m","0",",m","0",",m","0",",m","0",",m","0",",m","19790926",",,m","19790919",",,m","19790901",",,m","7.8",",m,26,","13.0",",,m,19,","20.6",",m,01,","279.9","m","111.6",",m","100.4",",,,m","14.61",",m","18.03",",,,m","11.20",",,,m"
"MXN00030274","1979-10","18.7833","-97.3","1874.8","AQUILA, MX","75.6","m","2.0",",m","7",",m","3",",m","0",",m","0",",m","0",",m","0",",m","11",",m","0",",m","19791002","+,,m","19791004",",,m","19791031",",,m","6.7",",m,02,+","9.9",",,m,04,","28.9",",m,31,","390.2","m","110.3",",m","26.4",",,,m","14.84",",m","19.91",",,,m","9.77",",,,m"
"MXN00030274","1979-11","18.7833","-97.3","1874.8","AQUILA, MX","76.2","m","0.6",",m","6",",m","2",",m","0",",m","0",",m","0",",m","0",",m","4",",m","0",",m","19791130",",,m","19791112",",,m","19791108",",,m","3.9",",m,30,","3.6",",,m,12,","23.9",",m,08,","564.5","m","174.3",",m","8.3",",,,m","12.54",",m","16.75",",,,m","8.33",",,,m"
"MXN00030274","1979-12","18.7833","-97.3","1874.8","AQUILA, MX","76.2","m","0.0",",m","6",",m","2",",m","0",",m","0",",m","0",",m","0",",m","1",",m","0",",m","19791227","+,,m","19791207",",,m","19791222",",,m","3.9",",m,27,+","5.1",",,m,07,","23.9",",m,22,","737.8","m","173.3",",m","12.3",",,,m","12.74",",m","17.05",",,,m","8.43",",,,m"
"MXN00030274","1980-01","18.7833","-97.3","1874.8","AQUILA, MX","0.0","","0.0",",m","4",",m","2",",m","0",",m","0",",m","0",",m","0",",m","8",",m","0",",m","19800107",",,m","19800131",",,m","19800110","+,,m","1.7",",m,07,","3.6",",,m,31,","25.0",",m,10,+","892.6","","154.8",",m","9.9",",,,m","13.34",",m","18.60",",,,m","8.08",",,,m"
"MXN00030274","1980-02","18.7833","-97.3","1874.8","AQUILA, MX","3.3","","3.3","2,m","1",",m","0",",m","0",",m","0","1,m","2","1,m","0","1,m","8","1,m","0","1,m","19800207","+,1,m","19800210",",,m","19800208",",1,m","0.0","1,m,07,+","0.8",",,m,10,","29.4","1,m,08,","1034.5","","141.9","1,m","0.8",",,,m","13.19","2,m","18.98","1,,,m","7.39","1,,,m"
"MXN00030274","1980-03","18.7833","-97.3","1874.8","AQUILA, MX","31.2","","27.9",",m","0",",m","0",",m","0",",m","0",",m","0",",m","0",",m","22",",m","0",",m","19800307",",,m","19800331","+,,m","19800330","+,,m","2.2",",m,07,","0.0",",,m,31,+","30.0",",m,30,+","1100.0","","65.5",",m","0.0",",,,m","17.12",",m","24.42",",,,m","9.82",",,,m"
"MXN00030274","1980-04","18.7833","-97.3","1874.8","AQUILA, MX","55.8","","24.6",",m","7",",m","2",",m","0",",m","0",",m","0",",m","0",",m","18",",m","1",",m","19800420",",,m","19800406",",,m","19800425",",,m","3.9",",m,20,","3.3",",,m,06,","35.0",",m,25,","1181.1","","81.1",",m","13.3",",,,m","16.45",",m","22.85",",,,m","10.05",",,,m"
"MXN00030274","1980-05","18.7833","-97.3","1874.8","AQUILA, MX","104.4","","48.6",",m","7",",m","4",",m","0",",m","0",",m","0",",m","0",",m","30",",m","0",",m","19800521",",,m","19800506","+,,m","19800527","+,,m","10.0",",m,21,","9.4",",,m,06,+","28.9",",m,27,+","1194.3","","13.2",",m","33.6",",,,m","19.47",",m","25.28",",,,m","13.67",",,,m"
