"STATION","DATE","LATITUDE","LONGITUDE","ELEVATION","NAME","CDSD","CDSD_ATTRIBUTES","CLDD","CLDD_ATTRIBUTES","DP01","DP01_ATTRIBUTES","DP10","DP10_ATTRIBUTES","DP1X","DP1X_ATTRIBUTES","DT00","DT00_ATTRIBUTES","DT32","DT32_ATTRIBUTES","DX32","DX32_ATTRIBUTES","DX70","DX70_ATTRIBUTES","DX90","DX90_ATTRIBUTES","DYNT","DYNT_ATTRIBUTES","DYXP","DYXP_ATTRIBUTES","DYXT","DYXT_ATTRIBUTES","EMNT","EMNT_ATTRIBUTES","EMXP","EMXP_ATTRIBUTES","EMXT","EMXT_ATTRIBUTES","HDSD","HDSD_ATTRIBUTES","HTDD","HTDD_ATTRIBUTES","PRCP","PRCP_ATTRIBUTES","TAVG","TAVG_ATTRIBUTES","TMAX","TMAX_ATTRIBUTES","TMIN","TMIN_ATTRIBUTES"
"MXN00009047","1961-01","19.45","-99.1833","2254.9","COLONIA TACUBA, MX","0.0","m","0.0",",m","3",",m","1",",m","0",",m","0",",m","0",",m","0",",m","15",",m","0",",m","19610101",",,m","19610111",",,m","19610101",",,m","3.9",",m,01,","3.8",",,m,11,","27.8",",m,01,","","","159.1",",m","6.1",",,,m","13.20",",m","20.62",",,,m","5.79",",,,m"
"MXN00009047","1961-02","19.45","-99.1833","2254.9","COLONIA TACUBA, MX","0.0","m","0.0",",m","2",",m","0",",m","0",",m","0",",m","1",",m","0",",m","21",",m","0",",m","19610212",",,m","19610208",",,m","19610227",",,m","0.0",",m,12,","0.5",",,m,08,","27.2",",m,27,","","","115.7",",m","0.8",",,,m","14.20",",m","23.21",",,,m","5.19",",,,m"
"MXN00009047","1961-03","19.45","-99.1833","2254.9","COLONIA TACUBA, MX","7.6","m","7.6",",m","2",",m","0",",m","0",",m","0",",m","0",",m","0",",m","31",",m","0",",m","19610321","+,,m","19610311",",,m","19610329",",,m","5.6",",m,21,+","1.8",",,m,11,","31.1",",m,29,","","","43.0",",m","3.1",",,,m","17.19",",m","25.89",",,,m","8.49",",,,m"
"MXN00009047","1961-04","19.45","-99.1833","2254.9","COLONIA TACUBA, MX","68.8","m","61.2",",m","3",",m","3",",m","0",",m","0",",m","0",",m","0",",m","30",",m","4",",m","19610408","+,,m","19610425",",,m","19610425",",,m","9.4",",m,08,+","8.4",",,m,25,","33.3",",m,25,","","","2.5",",m","15.5",",,,m","20.29",",m","29.76",",,,m","10.82",",,,m"
"MXN00009047","1961-05","19.45","-99.1833","2254.9","COLONIA TACUBA, MX","143.0","m","74.2",",m","3",",m","2",",m","0",",m","0",",m","0",",m","0",",m","31",",m","2",",m","19610512","+,,m","19610517",",,m","19610513",",,m","8.3",",m,12,+","7.6",",,m,17,","33.9",",m,13,","","","1.1",",m","16.5",",,,m","20.69",",m","29.69",",,,m","11.69",",,,m"
"MXN00009047","1961-06","19.45","-99.1833","2254.9","COLONIA TACUBA, MX","179.2","m","36.2",",m","17",",m","12",",m","2",",m","0",",m","0",",m","0",",m","29",",m","0",",m","19610630","+,,m","19610629",",,m","19610608","+,,m","11.7",",m,30,+","33.8",",,m,29,","30.6",",m,08,+","","","11.2",",m","210.6",",,,m","19.17",",m","24.93",",,,m","13.40",",,,m"
"MXN00009047","1961-07","19.45","-99.1833","2254.9","COLONIA TACUBA, MX","189.4","m","10.2",",m","17",",m","14",",m","0",",m","0",",m","0",",m","0",",m","28",",m","0",",m","19610715",",,m","19610711",",,m","19610720",",,m","10.0",",m,15,","24.9",",,m,11,","27.2",",m,20,","19.8","m","19.8",",m","126.2",",,,m","18.02",",m","23.86",",,,m","12.18",",,,m"
"MXN00009047","1961-08","19.45","-99.1833","2254.9","COLONIA TACUBA, MX","202.0","m","12.6",",m","15",",m","12",",m","0",",m","0",",m","0",",m","0",",m","31",",m","0",",m","19610825",",,m","19610807",",,m","19610828","+,,m","8.3",",m,25,","19.8",",,m,07,","26.7",",m,28,+","30.6","m","10.8",",m","118.7",",,,m","18.39",",m","25.29",",,,m","11.49",",,,m"
"MXN00009047","1961-09","19.45","-99.1833","2254.9","COLONIA TACUBA, MX","203.4","m","1.4",",m","13",",m","9",",m","0",",m","0",",m","0",",m","0",",m","27",",m","0",",m","19610907",",,m","19610902",",,m","19610902",",,m","8.3",",m,07,","23.6",",,m,02,","26.1",",m,02,","63.2","m","32.6",",m","83.6",",,,m","17.29",",m","23.35",",,,m","11.23",",,,m"
"MXN00009047","1961-10","19.45","-99.1833","2254.9","COLONIA TACUBA, MX","203.7","m","0.3",",m","4",",m","2",",m","0",",m","0",",m","0",",m","0",",m","24",",m","0",",m","19611016",",,m","19611007",",,m","19611002",",,m","3.3",",m,16,","11.9",",,m,07,","26.1",",m,02,","154.0","m","90.8",",m","18.6",",,,m","15.41",",m","22.48",",,,m","8.35",",,,m"
"MXN00009047","1961-11","19.45","-99.1833","2254.9","COLONIA TACUBA, MX","203.7","m","0.0",",m","2",",m","0",",m","0",",m","0",",m","1",",m","0",",m","15",",m","0",",m","19611127",",,m","19611114","+,,m","19611102",",,m","0.0",",m,27,","0.3",",,m,14,+","25.0",",m,02,","275.1","m","121.1",",m","0.6",",,,m","14.30",",m","20.60",",,,m","7.99",",,,m"
"MXN00009047","1961-12","19.45","-99.1833","2254.9","COLONIA TACUBA, MX","203.7","m","0.0",",m","1",",m","1",",m","0",",m","0",",m","0",",m","0",",m","10",",m","0",",m","19611201",",,m","19611220",",,m","19611216","+,,m","1.7",",m,01,","4.3",",,m,20,","22.8",",m,16,+","446.4","m","171.3",",m","4.3",",,,m","12.81",",m","19.88",",,,m","5.73",",,,m"
"MXN00009047","1962-01","19.45","-99.1833","2254.9","COLONIA TACUBA, MX","0.0","m","0.0","1,m","0","1,m","0","1,m","0","1,m","0","1,m","0","1,m","0","1,m","16","1,m","0","1,m","19620130",",1,m","19620131","+,1,m","19620125",",1,m","2.2","1,m,30,","0.0","1,,m,31,+","24.4","1,m,25,","612.8","m","166.4","1,m","0.0","1,,,m","12.79","1,m","21.01","1,,,m","4.56","1,,,m"
"MXN00009047","1962-02","19.45","-99.1833","2254.9","COLONIA TACUBA, MX","0.0","m","0.0",",m","0",",m","0",",m","0",",m","0",",m","0",",m","0",",m","28",",m","0",",m","19620213","+,,m","19620228","+,,m","19620226",",,m","2.2",",m,13,+","0.0",",,m,28,+","28.9",",m,26,","690.5","m","77.7",",m","0.0",",,,m","15.56",",m","24.59",",,,m","6.52",",,,m"
"MXN00009047","1962-03","19.45","-99.1833","2254.9","COLONIA TACUBA, MX","14.1","m","14.1","1,m","1",",m","0",",m","0",",m","0","1,m","0","1,m","0","1,m","30","1,m","0","1,m","19620307","+,1,m","19620326",",,m","19620330","+,1,m","5.6","1,m,07,+","0.3",",,m,26,","30.6","1,m,30,+","710.1","m","19.6","1,m","0.3",",,,m","18.15","1,m","27.49","1,,,m","8.81","1,,,m"
"MXN00009047","1962-04","19.45","-99.1833","2254.9","COLONIA TACUBA, MX","23.1","m","9.0",",m","7",",m","6",",m","2",",m","0",",m","0",",m","0",",m","26",",m","0",",m","19620420",",,m","19620413",",,m","19620430","+,,m","6.1",",m,20,","46.0",",,m,13,","30.0",",m,30,+","752.0","m","41.9",",m","100.7",",,,m","17.24",",m","25.30",",,,m","9.17",",,,m"
"MXN00009047","1962-05","19.45","-99.1833","2254.9","COLONIA TACUBA, MX","78.5","m","55.4",",m","5",",m","3",",m","0",",m","0",",m","0",",m","0",",m","31",",m","1",",m","19620509",",,m","19620526",",,m","19620523",",,m","7.8",",m,09,","24.4",",,m,26,","32.2",",m,23,","765.0","m","13.0",",m","41.4",",,,m","19.70",",m","27.86",",,,m","11.55",",,,m"
"MXN00009047","1962-06","19.45","-99.1833","2254.9","COLONIA TACUBA, MX","126.2","m","47.7",",m","13",",m","10",",m","0",",m","0",",m","0",",m","0",",m","27",",m","0",",m","19620612","+,,m","19620618",",,m","19620609","+,,m","10.0",",m,12,+","20.8",",,m,18,","31.7",",m,09,+","774.1","m","9.1",",m","118.6",",,,m","19.62",",m","27.08",",,,m","12.16",",,,m"
"MXN00009047","1962-07","19.45","-99.1833","2254.9","COLONIA TACUBA, MX","142.4","m","16.2",",m","15",",m","10",",m","0",",m","0",",m","0",",m","0",",m","30",",m","0",",m","19620728",",,m","19620718",",,m","19620715","+,,m","8.9",",m,28,","20.8",",,m,18,","28.9",",m,15,+","20.0","m","20.0",",m","78.0",",,,m","18.21",",m","24.81",",,,m","11.61",",,,m"
"MXN00009047","1962-08","19.45","-99.1833","2254.9","COLONIA TACUBA, MX","163.3","m","20.9",",m","11",",m","5",",m","1",",m","0",",m","0",",m","0",",m","31",",m","0",",m","19620807","+,,m","19620828",",,m","19620819","+,,m","10.6",",m,07,+","27.9",",,m,28,","27.8",",m,19,+","22.5","m","2.5",",m","78.2",",,,m","18.93",",m","25.60",",,,m","12.25",",,,m"
"MXN00009047","1962-09","19.45","-99.1833","2254.9","COLONIA TACUBA, MX","170.1","m","6.8",",m","14",",m","10",",m","0",",m","0",",m","0",",m","0",",m","27",",m","0",",m","19620909","+,,m","19620919",",,m","19620930","+,,m","10.0",",m,09,+","23.9",",,m,19,","26.1",",m,30,+","35.9","m","13.4",",m","128.9",",,,m","18.11",",m","23.74",",,,m","12.48",",,,m"
"MXN00009047","1962-10","19.45","-99.1833","2254.9","COLONIA TACUBA, MX","171.5","m","1.4",",m","10",",m","4",",m","1",",m","0",",m","0",",m","0",",m","26",",m","0",",m","19621025",",,m","19621002",",,m","19621008",",,m","7.8",",m,25,","31.8",",,m,02,","26.7",",m,08,","85.2","m","49.3",",m","68.5",",,,m","16.79",",m","23.19",",,,m","10.39",",,,m"
"MXN00009047","1962-11","19.45","-99.1833","2254.9","COLONIA TACUBA, MX","171.5","m","0.0",",m","3",",m","2",",m","0",",m","0",",m","1",",m","0",",m","17",",m","0",",m","19621115",",,m","19621130",",,m","19621122","+,,m","0.0",",m,15,","3.3",",,m,30,","23.9",",m,22,+","231.1","m","145.9",",m","7.4",",,,m","13.47",",m","20.95",",,,m","5.99",",,,m"
"MXN00009047","1962-12","19.45","-99.1833","2254.9","COLONIA TACUBA, MX","171.5","m","0.0",",m","3",",m","1",",m","0",",m","0",",m","0",",m","0",",m","12",",m","0",",m","19621231",",,m","19621201",",,m","19621225",",,m","5.0",",m,31,","3.3",",,m,01,","22.8",",m,25,","381.0","m","149.9",",m","5.9",",,,m","13.50",",m","20.19",",,,m","6.80",",,,m"
"MXN00009047","1963-01","19.45","-99.1833","2254.9","COLONIA TACUBA, MX","0.0","m","0.0",",m","0",",m","0",",m","0",",m","0",",m","0",",m","0",",m","22",",m","0",",m","19630115",",,m","19630131","+,,m","19630113",",,m","0.6",",m,15,","0.0",",,m,31,+","24.4",",m,13,","532.9","m","151.9",",m","0.0",",,,m","13.43",",m","21.48",",,,m","5.38",",,,m"
"MXN00009047","1963-02","19.45","-99.1833","2254.9","COLONIA TACUBA, MX","0.0","m","0.0",",m","0",",m","0",",m","0",",m","0",",m","1",",m","0",",m","20",",m","0",",m","19630205",",,m","19630228","+,,m","19630226",",,m","0.0",",m,05,","0.0",",,m,28,+","26.7",",m,26,","674.4","m","141.5",",m","0.0",",,,m","13.28",",m","22.21",",,,m","4.35",",,,m"
"MXN00009047","1963-03","19.45","-99.1833","2254.9","COLONIA TACUBA, MX","17.3","m","17.3",",m","5",",m","3",",m","0",",m","0",",m","0",",m","0",",m","27",",m","0",",m","19630322","+,,m","19630328",",,m","19630319","+,,m","7.2",",m,22,+","6.9",",,m,28,","30.0",",m,19,+","709.4","m","35.0",",m","19.1",",,,m","17.76",",m","25.83",",,,m","9.70",",,,m"
"MXN00009047","1963-04","19.45","-99.1833","2254.9","COLONIA TACUBA, MX","79.5","m","62.2",",m","4",",m","1",",m","0",",m","0",",m","0",",m","0",",m","30",",m","1",",m","19630404","+,,m","19630424",",,m","19630427",",,m","8.9",",m,04,+","4.8",",,m,24,","32.2",",m,27,","711.2","m","1.8",",m","6.7",",,,m","20.34",",m","29.19",",,,m","11.50",",,,m"
"MXN00009047","1963-05","19.45","-99.1833","2254.9","COLONIA TACUBA, MX","114.2","m","34.7",",m","10",",m","7",",m","0",",m","0",",m","0",",m","0",",m","29",",m","0",",m","19630520","+,,m","19630505",",,m","19630528",",,m","10.0",",m,20,+","8.4",",,m,05,","31.7",",m,28,","720.0","m","8.8",",m","36.7",",,,m","19.17",",m","26.67",",,,m","11.67",",,,m"
"MXN00009047","1963-06","19.45","-99.1833","2254.9","COLONIA TACUBA, MX","169.8","m","55.6",",m","16",",m","10",",m","2",",m","0",",m","0",",m","0",",m","25",",m","0",",m","19630621",",,m","19630609",",,m","19630606","+,,m","10.6",",m,21,","52.3",",,m,09,","31.7",",m,06,+","730.0","m","10.0",",m","164.9",",,,m","19.85",",m","26.11",",,,m","13.60",",,,m"
"MXN00009047","1963-07","19.45","-99.1833","2254.9","COLONIA TACUBA, MX","174.5","m","4.7",",m","19",",m","13",",m","0",",m","0",",m","0",",m","0",",m","28",",m","0",",m","19630707",",,m","19630702",",,m","19630701",",,m","10.0",",m,07,","18.8",",,m,02,","26.1",",m,01,","20.8","m","20.8",",m","119.6",",,,m","17.82",",m","23.18",",,,m","12.45",",,,m"
"MXN00009047","1963-08","19.45","-99.1833","2254.9","COLONIA TACUBA, MX","179.0","m","4.5",",m","20",",m","17",",m","4",",m","0",",m","0",",m","0",",m","28",",m","0",",m","19630830","+,,m","19630815",",,m","19630826",",,m","10.0",",m,30,+","49.8",",,m,15,","26.7",",m,26,","39.3","m","18.5",",m","279.4",",,,m","17.88",",m","23.80",",,,m","11.96",",,,m"
"MXN00009047","1963-09","19.45","-99.1833","2254.9","COLONIA TACUBA, MX","184.5","m","5.5",",m","14",",m","10",",m","2",",m","0",",m","0",",m","0",",m","23",",m","0",",m","19630913","+,,m","19630929",",,m","19630918",",,m","10.0",",m,13,+","38.1",",,m,29,","26.1",",m,18,","72.8","m","33.5",",m","165.3",",,,m","17.40",",m","22.64",",,,m","12.17",",,,m"
"MXN00009047","1963-10","19.45","-99.1833","2254.9","COLONIA TACUBA, MX","184.5","m","0.0",",m","8",",m","6",",m","1",",m","0",",m","0",",m","0",",m","8",",m","0",",m","19631009",",,m","19631028",",,m","19631023","+,,m","8.3",",m,09,","42.4",",,m,28,","22.8",",m,23,+","171.4","m","98.6",",m","80.5",",,,m","15.15",",m","19.46",",,,m","10.84",",,,m"
"MXN00009047","1963-11","19.45","-99.1833","2254.9","COLONIA TACUBA, MX","184.5","m","0.0",",m","2",",m","2",",m","0",",m","0",",m","0",",m","0",",m","13",",m","0",",m","19631112",",,m","19631107",",,m","19631108",",,m","2.8",",m,12,","11.2",",,m,07,","23.3",",m,08,","314.0","m","142.6",",m","18.3",",,,m","13.58",",m","19.95",",,,m","7.21",",,,m"
"MXN00009047","1963-12","19.45","-99.1833","2254.9","COLONIA TACUBA, MX","184.5","m","0.0",",m","1",",m","1",",m","0",",m","0",",m","0",",m","0",",m","5",",m","0",",m","19631227",",,m","19631202",",,m","19631212",",,m","1.1",",m,27,","6.4",",,m,02,","23.9",",m,12,","490.0","m","176.0",",m","6.4",",,,m","12.66",",m","18.97",",,,m","6.34",",,,m"
"MXN00009047","1964-01","19.45","-99.1833","2254.9","COLONIA TACUBA, MX","0.0","m","0.0",",m","4",",m","4",",m","0",",m","0",",m","0",",m","0",",m","5",",m","0",",m","19640102",",,m","19640103",",,m","19640118",",,m","2.8",",m,02,","19.3",",,m,03,","23.9",",m,18,","651.3","m","161.3",",m","44.5",",,,m","13.13",",m","19.27",",,,m","6.99",",,,m"
"MXN00009047","1964-02","19.45","-99.1833","2254.9","COLONIA TACUBA, MX","0.0","m","0.0",",m","0",",m","0",",m","0",",m","0",",m","0",",m","0",",m","24",",m","0",",m","19640226","+,,m","19640229","+,,m","19640228","+,,m","6.7",",m,26,+","0.0",",,m,29,+","27.8",",m,28,+","713.2","m","61.9",",m","0.0",",,,m","16.20",",m","24.52",",,,m","7.88",",,,m"
"MXN00009047","1964-03","19.45","-99.1833","2254.9","COLONIA TACUBA, MX","14.5","m","14.5",",m","2",",m","2",",m","0",",m","0",",m","0",",m","0",",m","31",",m","0",",m","19640316",",,m","19640330",",,m","19640321","+,,m","6.7",",m,16,","17.8",",,m,30,","29.4",",m,21,+","725.6","m","12.4",",m","23.1",",,,m","18.40",",m","26.40",",,,m","10.40",",,,m"
"MXN00009047","1964-04","19.45","-99.1833","2254.9","COLONIA TACUBA, MX","85.4","m","70.9",",m","5",",m","1",",m","0",",m","0",",m","0",",m","0",",m","30",",m","3",",m","19640416","+,,m","19640414",",,m","19640428","+,,m","10.0",",m,16,+","5.3",",,m,14,","32.8",",m,28,+","726.7","m","1.1",",m","9.5",",,,m","20.66",",m","29.24",",,,m","12.08",",,,m"
"MXN00009047","1964-05","19.45","-99.1833","2254.9","COLONIA TACUBA, MX","171.0","m","85.6","1,m","11","1,m","8","1,m","0","1,m","0","1,m","0","1,m","0","1,m","28","1,m","2","1,m","19640515",",1,m","19640520",",1,m","19640509","+,1,m","11.1","1,m,15,","16.8","1,,m,20,","32.2","1,m,09,+","730.4","m","3.7","1,m","61.0","1,,,m","21.06","1,m","28.14","1,,,m","13.99","1,,,m"
"MXN00009047","1964-06","19.45","-99.1833","2254.9","COLONIA TACUBA, MX","217.3","m","46.3","1,m","17",",m","11",",m","1",",m","0","1,m","0","1,m","0","1,m","28","1,m","0","1,m","19640607",",1,m","19640615",",,m","19640607",",1,m","11.7","1,m,07,","43.9",",,m,15,","30.0","1,m,07,","732.6","m","2.2","1,m","148.6",",,,m","19.85","1,m","25.69","1,,,m","14.01","1,,,m"
"MXN00009047","1964-07","19.45","-99.1833","2254.9","COLONIA TACUBA, MX","253.3","m","36.0","1,m","20",",m","11",",m","1",",m","0","1,m","0","1,m","0","1,m","29","1,m","0","1,m","19640730","+,1,m","19640728",",,m","19640726","+,1,m","12.2","1,m,30,+","33.3",",,m,28,","27.2","1,m,26,+","1.1","m","1.1","1,m","115.5",",,,m","19.50","1,m","25.16","1,,,m","13.83","1,,,m"
"MXN00009047","1964-08","19.45","-99.1833","2254.9","COLONIA TACUBA, MX","310.5","m","57.2","1,m","14",",m","7",",m","0",",m","0","1,m","0","1,m","0","1,m","30","1,m","0","1,m","19640815","+,1,m","19640815",",,m","19640813",",1,m","12.2","1,m,15,+","22.4",",,m,15,","30.0","1,m,13,","1.1","m","0.0","1,m","107.5",",,,m","20.24","1,m","26.88","1,,,m","13.60","1,,,m"
"MXN00009047","1964-09","19.45","-99.1833","2254.9","COLONIA TACUBA, MX","330.2","m","19.7","1,m","15",",m","9",",m","0",",m","0","1,m","0","1,m","0","1,m","25","1,m","0","1,m","19640910",",1,m","19640926",",,m","19640915",",1,m","11.7","1,m,10,","19.8",",,m,26,","27.8","1,m,15,","9.8","m","8.7","1,m","105.7",",,,m","18.71","1,m","23.79","1,,,m","13.63","1,,,m"
"MXN00009047","1964-10","19.45","-99.1833","2254.9","COLONIA TACUBA, MX","332.9","m","2.7","1,m","4",",m","0",",m","0",",m","0","1,m","0","1,m","0","1,m","15","1,m","0","1,m","19641008","+,1,m","19641015",",,m","19641002",",1,m","6.7","1,m,08,+","2.3",",,m,15,","24.4","1,m,02,","102.7","m","92.9","1,m","4.2",",,,m","15.33","1,m","20.31","1,,,m","10.34","1,,,m"
"MXN00009047","1964-11","19.45","-99.1833","2254.9","COLONIA TACUBA, MX","332.9","m","0.0","1,m","4",",m","2",",m","0",",m","0","1,m","0","1,m","0","1,m","10","1,m","0","1,m","19641129","+,1,m","19641124",",,m","19641119","+,1,m","8.3","1,m,29,+","7.4",",,m,24,","21.7","1,m,19,+","208.1","m","105.4","1,m","14.3",",,,m","14.70","1,m","19.52","1,,,m","9.88","1,,,m"
"MXN00009047","1964-12","19.45","-99.1833","2254.9","COLONIA TACUBA, MX","332.9","m","0.0","1,m","0",",m","0",",m","0",",m","0","1,m","0","1,m","0","1,m","0","1,m","0","1,m","19641215",",1,m","19641231","+,,m","19641225","+,1,m","5.6","1,m,15,","0.0",",,m,31,+","20.0","1,m,25,+","371.3","m","163.2","1,m","0.0",",,,m","12.89","1,m","17.94","1,,,m","7.85","1,,,m"
"MXN00009047","1965-02","19.45","-99.1833","2254.9","COLONIA TACUBA, MX","","","0.0","1,m","2",",m","2",",m","0",",m","0","1,m","0","1,m","0","1,m","15","1,m","0","1,m","19650226","+,1,m","19650221",",,m","19650210",",1,m","5.6","1,m,26,+","16.8",",,m,21,","22.8","1,m,10,","","","120.0","1,m","33.1",",,,m","13.89","1,m","19.68","1,,,m","8.10","1,,,m"
"MXN00009047","1965-03","19.45","-99.1833","2254.9","COLONIA TACUBA, MX","","","32.8","1,m","0",",m","0",",m","0",",m","0","1,m","0","1,m","0","1,m","30","1,m","0","1,m","19650301",",1,m","19650331","+,,m","19650324",",1,m","6.7","1,m,01,","0.0",",,m,31,+","29.4","1,m,24,","","","19.9","1,m","0.0",",,,m","18.76","1,m","26.27","1,,,m","11.26","1,,,m"
"MXN00009047","1965-04","19.45","-99.1833","2254.9","COLONIA TACUBA, MX","","","69.4","1,m","0",",m","0",",m","0",",m","0","1,m","0","1,m","0","1,m","29","1,m","0","1,m","19650426","+,1,m","19650430","+,,m","19650425","+,1,m","10.0","1,m,26,+","0.0",",,m,30,+","30.0","1,m,25,+","","","0.8","1,m","0.0",",,,m","20.70","1,m","29.30","1,,,m","12.10","1,,,m"
"MXN00009047","1965-05","19.45","-99.1833","2254.9","COLONIA TACUBA, MX","","","85.1","1,m","9",",m","4",",m","0",",m","0","1,m","0","1,m","0","1,m","30","1,m","4","1,m","19650501",",1,m","19650520","+,,m","19650526",",1,m","10.6","1,m,01,","7.9",",,m,20,+","33.3","1,m,26,","","","0.5","1,m","29.9",",,,m","21.15","1,m","28.79","1,,,m","13.51","1,,,m"
"MXN00009047","1965-06","19.45","-99.1833","2254.9","COLONIA TACUBA, MX","","","77.0","1,m","12",",m","8",",m","0",",m","0","1,m","0","1,m","0","1,m","25","1,m","0","1,m","19650624",",1,m","19650619",",,m","19650613","+,1,m","8.9","1,m,24,","17.3",",,m,19,","31.7","1,m,13,+","","","10.8","1,m","97.9",",,,m","20.62","1,m","26.84","1,,,m","14.39","1,,,m"
"MXN00009047","1965-07","19.45","-99.1833","2254.9","COLONIA TACUBA, MX","","","32.7","2,m","17","1,m","12","1,m","1","1,m","0","2,m","0","2,m","0","2,m","26","2,m","0","2,m","19650717","+,2,m","19650723",",1,m","19650729","+,2,m","11.7","2,m,17,+","25.9","1,,m,23,","28.3","2,m,29,+","12.4","","12.4","2,m","164.7","1,,,m","19.03","2,m","24.96","2,,,m","13.11","2,,,m"
"MXN00009047","1965-08","19.45","-99.1833","2254.9","COLONIA TACUBA, MX","","","54.8","1,m","13",",m","6",",m","1",",m","0","1,m","0","1,m","0","1,m","30","1,m","0","1,m","19650806",",1,m","19650829",",,m","19650813",",1,m","11.7","1,m,06,","47.8",",,m,29,","30.0","1,m,13,","12.4","","0.0","1,m","127.8",",,,m","20.16","1,m","26.84","1,,,m","13.48","1,,,m"
"MXN00009047","1965-09","19.45","-99.1833","2254.9","COLONIA TACUBA, MX","","","25.2","1,m","11",",m","7",",m","1",",m","0","1,m","0","1,m","0","1,m","29","1,m","0","1,m","19650903",",1,m","19650924",",,m","19650918",",1,m","10.6","1,m,03,","47.8",",,m,24,","28.3","1,m,18,","26.4","","14.0","1,m","125.9",",,,m","18.72","1,m","25.00","1,,,m","12.44","1,,,m"
"MXN00009047","1965-10","19.45","-99.1833","2254.9","COLONIA TACUBA, MX","","","2.5","1,m","9",",m","4",",m","0",",m","0","1,m","0","1,m","0","1,m","24","1,m","0","1,m","19651025","+,1,m","19651019",",,m","19651001",",1,m","3.3","1,m,25,+","14.0",",,m,19,","27.8","1,m,01,","101.5","","75.1","1,m","39.1",",,,m","15.91","1,m","22.49","1,,,m","9.33","1,,,m"
"MXN00009047","1965-11","19.45","-99.1833","2254.9","COLONIA TACUBA, MX","","","0.0","1,m","2",",m","1",",m","0",",m","0","1,m","0","1,m","0","1,m","26","1,m","0","1,m","19651114",",1,m","19651112",",,m","19651128","+,1,m","2.2","1,m,14,","3.8",",,m,12,","26.7","1,m,28,+","175.5","","74.0","1,m","5.6",",,,m","15.78","1,m","25.16","1,,,m","6.41","1,,,m"
"MXN00009047","1966-01","19.45","-99.1833","2254.9","COLONIA TACUBA, MX","0.0","m","0.0","1,m","2",",m","1",",m","0",",m","0","1,m","1","1,m","0","1,m","26","1,m","0","1,m","19660104",",1,m","19660107",",,m","19660127",",1,m","0.0","1,m,04,","5.3",",,m,07,","28.9","1,m,27,","","","114.4","1,m","7.1",",,,m","14.52","1,m","23.69","1,,,m","5.35","1,,,m"
"MXN00009047","1966-02","19.45","-99.1833","2254.9","COLONIA TACUBA, MX","0.0","m","0.0","1,m","0","1,m","0","1,m","0","1,m","0","1,m","0","1,m","0","1,m","25","1,m","0","1,m","19660201",",1,m","19660228","+,1,m","19660216","+,1,m","0.6","1,m,01,","0.0","1,,m,28,+","27.8","1,m,16,+","","","89.0","1,m","0.0","1,,,m","15.04","1,m","24.41","1,,,m","5.66","1,,,m"
"MXN00009047","1966-03","19.45","-99.1833","2254.9","COLONIA TACUBA, MX","0.6","m","0.6","1,m","8",",m","5",",m","0",",m","0","1,m","0","1,m","0","1,m","25","1,m","0","1,m","19660314",",1,m","19660309",",,m","19660305",",1,m","3.3","1,m,14,","21.8",",,m,09,","30.0","1,m,05,","","","91.0","1,m","51.5",",,,m","15.32","1,m","23.80","1,,,m","6.84","1,,,m"
"MXN00009047","1966-04","19.45","-99.1833","2254.9","COLONIA TACUBA, MX","21.8","m","21.2","1,m","5","1,m","2","1,m","0","1,m","0","1,m","0","1,m","0","1,m","28","1,m","0","1,m","19660418","+,1,m","19660403",",1,m","19660414",",1,m","8.3","1,m,18,+","10.9","1,,m,03,","30.6","1,m,14,","","","11.4","1,m","18.1","1,,,m","18.67","1,m","27.34","1,,,m","10.00","1,,,m"
"MXN00009047","1966-05","19.45","-99.1833","2254.9","COLONIA TACUBA, MX","105.4","m","83.6","1,m","5",",m","3",",m","1",",m","0","1,m","0","1,m","0","1,m","29","1,m","5","1,m","19660504",",1,m","19660520",",,m","19660517",",1,m","8.3","1,m,04,","30.0",",,m,20,","33.3","1,m,17,","","","13.3","1,m","41.2",",,,m","20.68","1,m","28.74","1,,,m","12.62","1,,,m"
"MXN00009047","1966-06","19.45","-99.1833","2254.9","COLONIA TACUBA, MX","176.6","m","71.2","1,m","10",",m","7",",m","1",",m","0","1,m","0","1,m","0","1,m","29","1,m","0","1,m","19660603",",1,m","19660621",",,m","19660609","+,1,m","10.0","1,m,03,","26.9",",,m,21,","31.1","1,m,09,+","","","0.0","1,m","87.2",",,,m","20.79","1,m","28.69","1,,,m","12.89","1,,,m"
"MXN00009047","1966-07","19.45","-99.1833","2254.9","COLONIA TACUBA, MX","213.5","m","36.9","1,m","16",",m","11",",m","1",",m","0","1,m","0","1,m","0","1,m","30","1,m","0","1,m","19660719","+,1,m","19660729",",,m","19660719","+,1,m","10.6","1,m,19,+","25.4",",,m,29,","29.4","1,m,19,+","1.9","m","1.9","1,m","104.5",",,,m","19.50","1,m","26.71","1,,,m","12.28","1,,,m"
"MXN00009047","1966-08","19.45","-99.1833","2254.9","COLONIA TACUBA, MX","243.0","m","29.5","1,m","20",",m","14",",m","0",",m","0","1,m","0","1,m","0","1,m","30","1,m","0","1,m","19660819","+,1,m","19660829",",,m","19660819",",1,m","10.6","1,m,19,+","24.9",",,m,29,","28.9","1,m,19,","3.9","m","2.0","1,m","150.0",",,,m","19.25","1,m","26.64","1,,,m","11.86","1,,,m"
"MXN00009047","1966-09","19.45","-99.1833","2254.9","COLONIA TACUBA, MX","264.1","m","21.1","1,m","12",",m","7",",m","1",",m","0","1,m","0","1,m","0","1,m","25","1,m","0","1,m","19660924","+,1,m","19660918",",,m","19660929",",1,m","8.3","1,m,24,+","39.9",",,m,18,","28.3","1,m,29,","29.8","m","25.9","1,m","156.7",",,,m","18.17","1,m","24.70","1,,,m","11.63","1,,,m"
"MXN00009047","1966-10","19.45","-99.1833","2254.9","COLONIA TACUBA, MX","281.2","m","17.1","1,m","7",",m","6",",m","0",",m","0","1,m","0","1,m","0","1,m","25","1,m","0","1,m","19661027",",1,m","19661011",",,m","19661018",",1,m","5.0","1,m,27,","15.0",",,m,11,","28.3","1,m,18,","80.7","m","50.9","1,m","41.9",",,,m","17.21","1,m","24.33","1,,,m","10.08","1,,,m"
"MXN00009047","1966-11","19.45","-99.1833","2254.9","COLONIA TACUBA, MX","282.1","m","0.9","1,m","0","2,m","0","2,m","0","2,m","0","1,m","0","1,m","0","1,m","26","1,m","0","1,m","19661129",",1,m","19661130","+,2,m","19661109",",1,m","0.6","1,m,29,","0.0","2,,m,30,+","28.3","1,m,09,","170.3","m","89.6","1,m","0.0","2,,,m","15.27","1,m","24.40","1,,,m","6.15","1,,,m"
"MXN00009047","1966-12","19.45","-99.1833","2254.9","COLONIA TACUBA, MX","282.1","m","0.0","1,m","1",",m","1",",m","0",",m","0","1,m","0","1,m","0","1,m","26","1,m","0","1,m","19661220","+,1,m","19661216",",,m","19661230","+,1,m","1.7","1,m,20,+","6.9",",,m,16,","25.6","1,m,30,+","299.8","m","129.5","1,m","6.9",",,,m","14.02","1,m","23.35","1,,,m","4.68","1,,,m"
"MXN00009047","1967-01","19.45","-99.1833","2254.9","COLONIA TACUBA, MX","0.0","m","0.0",",m","3",",m","3",",m","0",",m","0",",m","0",",m","0",",m","25",",m","0",",m","19670111","+,,m","19670111",",,m","19670102","+,,m","0.6",",m,11,+","11.9",",,m,11,","26.7",",m,02,+","446.5","m","146.7",",m","18.7",",,,m","13.60",",m","22.64",",,,m","4.56",",,,m"
"MXN00009047","1967-02","19.45","-99.1833","2254.9","COLONIA TACUBA, MX","0.0","m","0.0","1,m","1",",m","0",",m","0",",m","0","1,m","0","1,m","0","1,m","26","1,m","0","1,m","19670214","+,1,m","19670220",",,m","19670217",",1,m","2.2","1,m,14,+","2.3",",,m,20,","28.9","1,m,17,","525.1","m","78.6","1,m","2.3",",,,m","15.42","1,m","25.38","1,,,m","5.46","1,,,m"
"MXN00009047","1967-03","19.45","-99.1833","2254.9","COLONIA TACUBA, MX","3.1","m","3.1","1,m","1",",m","1",",m","0",",m","0","1,m","0","1,m","0","1,m","30","1,m","0","1,m","19670319","+,1,m","19670304",",,m","19670314","+,1,m","6.7","1,m,19,+","7.9",",,m,04,","30.0","1,m,14,+","557.9","m","32.8","1,m","7.9",",,,m","17.34","1,m","27.01","1,,,m","7.67","1,,,m"
"MXN00009047","1967-04","19.45","-99.1833","2254.9","COLONIA TACUBA, MX","60.2","m","57.1","1,m","2",",m","0",",m","0",",m","0","1,m","0","1,m","0","1,m","28","1,m","6","1,m","19670407","+,1,m","19670410",",,m","19670424","+,1,m","8.3","1,m,07,+","1.8",",,m,10,","35.0","1,m,24,+","565.5","m","7.6","1,m","3.1",",,,m","20.04","1,m","29.27","1,,,m","10.82","1,,,m"
"MXN00009047","1967-05","19.45","-99.1833","2254.9","COLONIA TACUBA, MX","135.4","m","75.2","1,m","10","1,m","9","1,m","0","1,m","0","1,m","0","1,m","0","1,m","30","1,m","8","1,m","19670527","+,1,m","19670521",",1,m","19670511",",1,m","10.0","1,m,27,+","14.0","1,,m,21,","35.0","1,m,11,","570.4","m","4.9","1,m","65.4","1,,,m","20.68","1,m","29.46","1,,,m","11.89","1,,,m"
"MXN00009047","1967-06","19.45","-99.1833","2254.9","COLONIA TACUBA, MX","206.0","m","70.6","1,m","8",",m","5",",m","0",",m","0","1,m","0","1,m","0","1,m","29","1,m","0","1,m","19670625","+,1,m","19670626",",,m","19670611","+,1,m","11.1","1,m,25,+","6.9",",,m,26,","31.7","1,m,11,+","571.0","m","0.6","1,m","26.1",",,,m","20.75","1,m","28.94","1,,,m","12.55","1,,,m"
"MXN00009047","1967-07","19.45","-99.1833","2254.9","COLONIA TACUBA, MX","233.3","m","27.3","1,m","14",",m","10",",m","0",",m","0","1,m","0","1,m","0","1,m","30","1,m","0","1,m","19670730","+,1,m","19670707",",,m","19670730","+,1,m","10.0","1,m,30,+","16.8",",,m,07,","29.4","1,m,30,+","0.3","m","0.3","1,m","98.1",",,,m","19.24","1,m","27.48","1,,,m","10.99","1,,,m"
"MXN00009047","1967-08","19.45","-99.1833","2254.9","COLONIA TACUBA, MX","264.1","m","30.8","1,m","21",",m","19",",m","4",",m","0","1,m","0","1,m","0","1,m","30","1,m","0","1,m","19670814",",1,m","19670826",",,m","19670806","+,1,m","10.0","1,m,14,","50.8",",,m,26,","29.4","1,m,06,+","5.0","m","4.7","1,m","314.8",",,,m","19.20","1,m","26.06","1,,,m","12.35","1,,,m"
"MXN00009047","1967-09","19.45","-99.1833","2254.9","COLONIA TACUBA, MX","272.1","m","8.0","1,m","24",",m","14",",m","3",",m","0","1,m","0","1,m","0","1,m","23","1,m","0","1,m","19670918",",1,m","19670923",",,m","19670921",",1,m","9.4","1,m,18,","43.9",",,m,23,","27.8","1,m,21,","24.1","m","19.1","1,m","236.4",",,,m","17.95","1,m","24.86","1,,,m","11.04","1,,,m"
"MXN00009047","1967-10","19.45","-99.1833","2254.9","COLONIA TACUBA, MX","274.4","m","2.3","1,m","4",",m","4",",m","0",",m","0","1,m","0","1,m","0","1,m","19","1,m","0","1,m","19671019",",1,m","19671009",",,m","19671024","+,1,m","2.2","1,m,19,","15.0",",,m,09,","27.8","1,m,24,+","85.2","m","61.1","1,m","42.1",",,,m","16.37","1,m","24.44","1,,,m","8.30","1,,,m"
"MXN00009047","1967-11","19.45","-99.1833","2254.9","COLONIA TACUBA, MX","274.7","m","0.3","1,m","0",",m","0",",m","0",",m","0","1,m","0","1,m","0","1,m","26","1,m","0","1,m","19671129","+,1,m","19671130","+,,m","19671127","+,1,m","5.0","1,m,29,+","0.0",",,m,30,+","30.0","1,m,27,+","123.4","m","38.2","1,m","0.0",",,,m","17.03","1,m","27.34","1,,,m","6.71","1,,,m"
"MXN00009047","1967-12","19.45","-99.1833","2254.9","COLONIA TACUBA, MX","277.4","m","2.7",",m","0",",m","0",",m","0",",m","0",",m","0",",m","0",",m","29",",m","0",",m","19671224",",,m","19671231","+,,m","19671202","+,,m","1.7",",m,24,","0.0",",,m,31,+","30.0",",m,02,+","170.1","m","46.7",",m","0.0",",,,m","16.92",",m","27.39",",,,m","6.45",",,,m"
"MXN00009047","1968-01","19.45","-99.1833","2254.9","COLONIA TACUBA, MX","0.0","m","0.0","1,m","2",",m","1",",m","0",",m","0","1,m","0","1,m","0","1,m","30","1,m","0","1,m","19680125","+,1,m","19680128",",,m","19680129","+,1,m","2.8","1,m,25,+","5.8",",,m,28,","29.4","1,m,29,+","256.0","m","85.9","1,m","7.6",",,,m","15.47","1,m","26.22","1,,,m","4.72","1,,,m"
"MXN00009047","1968-02","19.45","-99.1833","2254.9","COLONIA TACUBA, MX","0.3","m","0.3","1,m","1","1,m","1","1,m","0","1,m","0","1,m","0","1,m","0","1,m","24","1,m","0","1,m","19680208",",1,m","19680201",",1,m","19680223","+,1,m","0.6","1,m,08,","3.3","1,,m,01,","29.4","1,m,23,+","350.1","m","94.1","1,m","3.3","1,,,m","14.98","1,m","25.08","1,,,m","4.88","1,,,m"
"MXN00009047","1968-03","19.45","-99.1833","2254.9","COLONIA TACUBA, MX","6.7","m","6.4","1,m","0","1,m","0","1,m","0","1,m","0","1,m","0","1,m","0","1,m","28","1,m","1","1,m","19680324","+,1,m","19680331","+,1,m","19680328",",1,m","3.9","1,m,24,+","0.0","1,,m,31,+","32.2","1,m,28,","394.1","m","44.0","1,m","0.0","1,,,m","17.08","1,m","27.73","1,,,m","6.43","1,,,m"
"MXN00009047","1968-04","19.45","-99.1833","2254.9","COLONIA TACUBA, MX","41.3","m","34.6","1,m","12",",m","6",",m","2",",m","0","1,m","0","1,m","0","1,m","29","1,m","1","1,m","19680410","+,1,m","19680429",",,m","19680417",",1,m","7.8","1,m,10,+","46.5",",,m,29,","32.2","1,m,17,","398.5","m","4.4","1,m","109.2",",,,m","19.37","1,m","28.72","1,,,m","10.03","1,,,m"
"MXN00009047","1968-05","19.45","-99.1833","2254.9","COLONIA TACUBA, MX","101.8","m","60.5",",m","11",",m","4",",m","0",",m","0",",m","0",",m","0",",m","31",",m","0",",m","19680527",",,m","19680518",",,m","19680517",",,m","9.4",",m,27,","5.3",",,m,18,","31.1",",m,17,","398.5","m","0.0",",m","24.3",",,,m","20.28",",m","28.93",",,,m","11.64",",,,m"
"MXN00009047","1968-06","19.45","-99.1833","2254.9","COLONIA TACUBA, MX","152.4","m","50.6",",m","18",",m","13",",m","5",",m","0",",m","0",",m","0",",m","26",",m","1",",m","19680614","+,,m","19680611",",,m","19680609",",,m","10.6",",m,14,+","35.8",",,m,11,","32.2",",m,09,","411.0","m","12.5",",m","267.4",",,,m","19.60",",m","26.40",",,,m","12.80",",,,m"
"MXN00009047","1968-07","19.45","-99.1833","2254.9","COLONIA TACUBA, MX","172.7","m","20.3","1,m","22",",m","15",",m","0",",m","0","1,m","0","1,m","0","1,m","30","1,m","0","1,m","19680705","+,1,m","19680730",",,m","19680709",",1,m","10.0","1,m,05,+","18.8",",,m,30,","29.4","1,m,09,","7.2","m","7.2","1,m","135.7",",,,m","18.77","1,m","25.63","1,,,m","11.91","1,,,m"
"MXN00009047","1968-08","19.45","-99.1833","2254.9","COLONIA TACUBA, MX","209.7","m","37.0","1,m","18",",m","14",",m","1",",m","0","1,m","0","1,m","0","1,m","30","1,m","0","1,m","19680807","+,1,m","19680818",",,m","19680814","+,1,m","10.6","1,m,07,+","31.5",",,m,18,","30.0","1,m,14,+","12.2","m","5.0","1,m","187.7",",,,m","19.40","1,m","26.67","1,,,m","12.13","1,,,m"
"MXN00009047","1968-09","19.45","-99.1833","2254.9","COLONIA TACUBA, MX","233.7","m","24.0","1,m","16",",m","10",",m","2",",m","0","1,m","0","1,m","0","1,m","29","1,m","0","1,m","19680903","+,1,m","19680902",",,m","19680904",",1,m","11.1","1,m,03,+","36.3",",,m,02,","29.4","1,m,04,","14.5","m","2.3","1,m","177.5",",,,m","19.08","1,m","25.44","1,,,m","12.73","1,,,m"
"MXN00009047","1968-10","19.45","-99.1833","2254.9","COLONIA TACUBA, MX","239.8","m","6.1","1,m","1",",m","1",",m","0",",m","0","1,m","0","1,m","0","1,m","29","1,m","0","1,m","19681028",",1,m","19681009",",,m","19681010","+,1,m","4.4","1,m,28,","14.0",",,m,09,","26.1","1,m,10,+","41.1","m","26.6","1,m","14.0",",,,m","17.65","1,m","24.77","1,,,m","10.53","1,,,m"
"MXN00009047","1968-11","19.45","-99.1833","2254.9","COLONIA TACUBA, MX","239.8","m","0.0","1,m","0",",m","0",",m","0",",m","0","1,m","0","1,m","0","1,m","26","1,m","0","1,m","19681117",",1,m","19681130","+,,m","19681108","+,1,m","0.6","1,m,17,","0.0",",,m,30,+","27.2","1,m,08,+","123.3","m","82.2","1,m","0.0",",,,m","15.50","1,m","24.34","1,,,m","6.66","1,,,m"
"MXN00009047","1968-12","19.45","-99.1833","2254.9","COLONIA TACUBA, MX","239.8","m","0.0","1,m","4",",m","2",",m","0",",m","0","1,m","0","1,m","0","1,m","30","1,m","0","1,m","19681215","+,1,m","19681205",",,m","19681224","+,1,m","4.4","1,m,15,+","3.3",",,m,05,","24.4","1,m,24,+","235.5","m","112.2","1,m","10.2",",,,m","14.59","1,m","22.51","1,,,m","6.67","1,,,m"
"MXN00009047","1969-01","19.45","-99.1833","2254.9","COLONIA TACUBA, MX","0.0","m","0.0","3,m","5","1,m","1","1,m","0","1,m","0","2,m","0","2,m","0","3,m","24","3,m","0","3,m","19690107",",2,m","19690115",",1,m","19690130","+,3,m","0.6","2,m,07,","19.8","1,,m,15,","26.7","3,m,30,+","342.7","m","107.2","3,m","26.0","1,,,m","14.51","3,m","23.49","3,,,m","5.52","2,,,m"
"MXN00009047","1969-02","19.45","-99.1833","2254.9","COLONIA TACUBA, MX","1.4","m","1.4","1,m","0",",m","0",",m","0",",m","0","1,m","0","1,m","0","1,m","27","1,m","0","1,m","19690206","+,1,m","19690228","+,,m","19690224",",1,m","5.0","1,m,06,+","0.0",",,m,28,+","28.9","1,m,24,","374.4","m","31.7","1,m","0.0",",,,m","17.21","1,m","26.41","1,,,m","8.01","1,,,m"
"MXN00009047","1969-03","19.45","-99.1833","2254.9","COLONIA TACUBA, MX","44.9","m","43.5","1,m","3",",m","2",",m","0",",m","0","1,m","0","1,m","0","1,m","30","1,m","1","1,m","19690328",",1,m","19690318",",,m","19690310",",1,m","8.9","1,m,28,","9.4",",,m,18,","32.8","1,m,10,","380.5","m","6.1","1,m","14.5",",,,m","19.58","1,m","27.89","1,,,m","11.27","1,,,m"
"MXN00009047","1969-04","19.45","-99.1833","2254.9","COLONIA TACUBA, MX","94.1","m","49.2","1,m","5",",m","3",",m","0",",m","0","1,m","0","1,m","0","1,m","29","1,m","0","1,m","19690401",",1,m","19690407",",,m","19690416","+,1,m","5.6","1,m,01,","6.9",",,m,07,","31.1","1,m,16,+","386.0","m","5.5","1,m","14.1",",,,m","19.84","1,m","28.94","1,,,m","10.74","1,,,m"
"MXN00009047","1969-05","19.45","-99.1833","2254.9","COLONIA TACUBA, MX","156.5","m","62.4","2,m","4",",m","2",",m","0",",m","0","2,m","0","2,m","0","2,m","29","2,m","1","2,m","19690526","+,2,m","19690530",",,m","19690505",",2,m","10.0","2,m,26,+","15.0",",,m,30,","32.8","2,m,05,","387.4","m","1.4","2,m","27.5",",,,m","20.44","2,m","29.11","2,,,m","11.76","2,,,m"
"MXN00009047","1969-06","19.45","-99.1833","2254.9","COLONIA TACUBA, MX","234.9","m","78.4","1,m","8","1,m","5","1,m","0","1,m","0","1,m","0","1,m","0","1,m","29","1,m","2","1,m","19690627","+,1,m","19690628",",1,m","19690605",",1,m","11.1","1,m,27,+","19.8","1,,m,28,","34.4","1,m,05,","389.4","m","2.0","1,m","62.3","1,,,m","20.97","1,m","29.02","1,,,m","12.91","1,,,m"
"MXN00009047","1969-07","19.45","-99.1833","2254.9","COLONIA TACUBA, MX","269.7","m","34.8","1,m","16","1,m","10","1,m","0","1,m","0","1,m","0","1,m","0","1,m","30","1,m","0","1,m","19690717","+,1,m","19690704",",1,m","19690730","+,1,m","10.0","1,m,17,+","19.8","1,,m,04,","28.3","1,m,30,+","0.3","m","0.3","1,m","95.6","1,,,m","19.49","1,m","26.78","1,,,m","12.19","1,,,m"
"MXN00009047","1969-08","19.45","-99.1833","2254.9","COLONIA TACUBA, MX","280.3","m","10.6","3,m","20",",m","19",",m","2",",m","0","3,m","0","3,m","0","3,m","28","3,m","0","3,m","19690822",",3,m","19690805",",,m","19690818","+,3,m","10.6","3,m,22,","33.8",",,m,05,","26.7","3,m,18,+","17.5","m","17.2","3,m","250.4",",,,m","18.10","3,m","23.75","3,,,m","12.45","3,,,m"
"MXN00009047","1969-09","19.45","-99.1833","2254.9","COLONIA TACUBA, MX","297.7","m","17.4","1,m","11",",m","7",",m","2",",m","0","1,m","0","1,m","0","1,m","22","1,m","0","1,m","19690929","+,1,m","19690901",",,m","19690922","+,1,m","10.6","1,m,29,+","40.4",",,m,01,","27.8","1,m,22,+","38.5","m","21.0","1,m","106.5",",,,m","18.21","1,m","24.24","1,,,m","12.17","1,,,m"
"MXN00009047","1969-10","19.45","-99.1833","2254.9","COLONIA TACUBA, MX","315.6","m","17.9","1,m","7",",m","6",",m","0",",m","0","1,m","0","1,m","0","1,m","30","1,m","0","1,m","19691027","+,1,m","19691003",",,m","19691017","+,1,m","7.8","1,m,27,+","19.3",",,m,03,","28.3","1,m,17,+","47.1","m","8.6","1,m","73.1",",,,m","18.64","1,m","26.66","1,,,m","10.62","1,,,m"
"MXN00009047","1969-11","19.45","-99.1833","2254.9","COLONIA TACUBA, MX","317.6","m","2.0",",m","0",",m","0",",m","0",",m","0",",m","0",",m","0",",m","27",",m","0",",m","19691122","+,,m","19691130","+,,m","19691111",",,m","3.9",",m,22,+","0.0",",,m,30,+","28.9",",m,11,","109.7","m","62.6",",m","0.0",",,,m","16.31",",m","24.54",",,,m","8.09",",,,m"
"MXN00009047","1969-12","19.45","-99.1833","2254.9","COLONIA TACUBA, MX","317.6","m","0.0","1,m","0",",m","0",",m","0",",m","0","1,m","1","1,m","0","1,m","28","1,m","0","1,m","19691221",",1,m","19691231","+,,m","19691230","+,1,m","0.0","1,m,21,","0.0",",,m,31,+","26.1","1,m,30,+","218.6","m","108.9","1,m","0.0",",,,m","14.70","1,m","23.67","1,,,m","5.74","1,,,m"
"MXN00009047","1970-01","19.45","-99.1833","2254.9","COLONIA TACUBA, MX","0.0","m","0.0","1,m","0",",m","0",",m","0",",m","0","1,m","0","1,m","0","1,m","26","1,m","0","1,m","19700107",",1,m","19700131","+,,m","19700120","+,1,m","2.2","1,m,07,","0.0",",,m,31,+","26.7","1,m,20,+","341.4","m","122.8","1,m","0.0",",,,m","14.24","1,m","23.00","1,,,m","5.48","1,,,m"
"MXN00009047","1970-02","19.45","-99.1833","2254.9","COLONIA TACUBA, MX","0.0","m","0.0","1,m","0",",m","0",",m","0",",m","0","1,m","0","1,m","0","1,m","25","1,m","0","1,m","19700204",",1,m","19700228","+,,m","19700202",",1,m","2.8","1,m,04,","0.0",",,m,28,+","26.7","1,m,02,","408.4","m","67.0","1,m","0.0",",,,m","15.85","1,m","23.79","1,,,m","7.91","1,,,m"
"MXN00009047","1970-03","19.45","-99.1833","2254.9","COLONIA TACUBA, MX","25.7","m","25.7","1,m","0",",m","0",",m","0",",m","0","1,m","0","1,m","0","1,m","30","1,m","0","1,m","19700311",",1,m","19700331","+,,m","19700329","+,1,m","5.6","1,m,11,","0.0",",,m,31,+","31.7","1,m,29,+","432.0","m","23.6","1,m","0.0",",,,m","18.40","1,m","27.52","1,,,m","9.28","1,,,m"
"MXN00009047","1970-04","19.45","-99.1833","2254.9","COLONIA TACUBA, MX","104.1","m","78.4","1,m","2",",m","1",",m","0",",m","0","1,m","0","1,m","0","1,m","29","1,m","4","1,m","19700412",",1,m","19700406",",,m","19700429","+,1,m","8.9","1,m,12,","2.8",",,m,06,","32.8","1,m,29,+","432.3","m","0.3","1,m","3.1",",,,m","21.03","1,m","29.73","1,,,m","12.32","1,,,m"
"MXN00009047","1970-05","19.45","-99.1833","2254.9","COLONIA TACUBA, MX","156.4","m","52.3","1,m","2",",m","2",",m","0",",m","0","1,m","0","1,m","0","1,m","30","1,m","0","1,m","19700519",",1,m","19700502",",,m","19700510","+,1,m","8.3","1,m,19,","17.3",",,m,02,","31.1","1,m,10,+","437.3","m","5.0","1,m","20.6",",,,m","19.91","1,m","27.89","1,,,m","11.93","1,,,m"
"MXN00009047","1970-06","19.45","-99.1833","2254.9","COLONIA TACUBA, MX","175.9","m","19.5",",m","19",",m","12",",m","0",",m","0",",m","0",",m","0",",m","28",",m","0",",m","19700609","+,,m","19700621",",,m","19700616",",,m","10.0",",m,09,+","21.8",",,m,21,","27.8",",m,16,","445.4","m","8.1",",m","147.1",",,,m","18.71",",m","24.86",",,,m","12.57",",,,m"
"MXN00009047","1970-07","19.45","-99.1833","2254.9","COLONIA TACUBA, MX","192.4","m","16.5",",m","21",",m","13",",m","2",",m","0",",m","0",",m","0",",m","29",",m","0",",m","19700702","+,,m","19700709",",,m","19700713",",,m","10.0",",m,02,+","26.9",",,m,09,","27.8",",m,13,","12.5","m","12.5",",m","145.8",",,,m","18.46",",m","24.30",",,,m","12.62",",,,m"
"MXN00009047","1970-08","19.45","-99.1833","2254.9","COLONIA TACUBA, MX","207.1","m","14.7",",m","15",",m","9",",m","1",",m","0",",m","0",",m","0",",m","28",",m","0",",m","19700822","+,,m","19700812",",,m","19700826","+,,m","11.7",",m,22,+","32.3",",,m,12,","27.8",",m,26,+","25.7","m","13.2",",m","95.0",",,,m","18.38",",m","23.89",",,,m","12.88",",,,m"
"MXN00009047","1970-09","19.45","-99.1833","2254.9","COLONIA TACUBA, MX","215.7","m","8.6",",m","18",",m","11",",m","0",",m","0",",m","0",",m","0",",m","28",",m","0",",m","19700909",",,m","19700901",",,m","19700915","+,,m","10.0",",m,09,","19.8",",,m,01,","26.1",",m,15,+","38.6","m","12.9",",m","133.5",",,,m","18.19",",m","23.98",",,,m","12.40",",,,m"
"MXN00009047","1970-10","19.45","-99.1833","2254.9","COLONIA TACUBA, MX","234.9","m","19.2",",m","5",",m","2",",m","0",",m","0",",m","0",",m","0",",m","30",",m","0",",m","19701030",",,m","19701029","+,,m","19701026","+,,m","8.9",",m,30,","12.4",",,m,29,+","28.9",",m,26,+","51.0","m","12.4",",m","29.7",",,,m","18.55",",m","25.62",",,,m","11.48",",,,m"
"MXN00009047","1970-11","19.45","-99.1833","2254.9","COLONIA TACUBA, MX","234.9","m","0.0",",m","2",",m","0",",m","0",",m","0",",m","0",",m","0",",m","24",",m","0",",m","19701118",",,m","19701104","+,,m","19701122","+,,m","1.7",",m,18,","0.3",",,m,04,+","26.7",",m,22,+","158.4","m","107.4",",m","0.6",",,,m","14.75",",m","23.16",",,,m","6.34",",,,m"
"MXN00009047","1970-12","19.45","-99.1833","2254.9","COLONIA TACUBA, MX","234.9","m","0.0",",m","0",",m","0",",m","0",",m","0",",m","0",",m","0",",m","29",",m","0",",m","19701207",",,m","19701231","+,,m","19701229","+,,m","3.3",",m,07,","0.0",",,m,31,+","26.1",",m,29,+","265.1","m","106.7",",m","0.0",",,,m","14.89",",m","23.80",",,,m","5.98",",,,m"
"MXN00009047","1971-01","19.45","-99.1833","2254.9","COLONIA TACUBA, MX","0.0","m","0.0",",m","0",",m","0",",m","0",",m","0",",m","0",",m","0",",m","29",",m","0",",m","19710128","+,,m","19710131","+,,m","19710125",",,m","5.0",",m,28,+","0.0",",,m,31,+","27.2",",m,25,","359.9","m","94.8",",m","0.0",",,,m","15.28",",m","23.42",",,,m","7.13",",,,m"
"MXN00009047","1971-02","19.45","-99.1833","2254.9","COLONIA TACUBA, MX","0.3","m","0.3",",m","0",",m","0",",m","0",",m","0",",m","0",",m","0",",m","26",",m","0",",m","19710210",",,m","19710228","+,,m","19710223","+,,m","4.4",",m,10,","0.0",",,m,28,+","27.2",",m,23,+","426.8","m","66.9",",m","0.0",",,,m","15.95",",m","24.83",",,,m","7.08",",,,m"
"MXN00009047","1971-03","19.45","-99.1833","2254.9","COLONIA TACUBA, MX","7.5","m","7.2",",m","2",",m","2",",m","0",",m","0",",m","0",",m","0",",m","31",",m","0",",m","19710321",",,m","19710326",",,m","19710329","+,,m","1.7",",m,21,","15.0",",,m,26,","28.3",",m,29,+","452.1","m","25.3",",m","27.4",",,,m","17.75",",m","26.12",",,,m","9.37",",,,m"
"MXN00009047","1971-04","19.45","-99.1833","2254.9","COLONIA TACUBA, MX","49.6","m","42.1",",m","4",",m","1",",m","0",",m","0",",m","0",",m","0",",m","27",",m","5",",m","19710412","+,,m","19710406",",,m","19710429","+,,m","5.0",",m,12,+","3.3",",,m,06,","32.8",",m,29,+","493.0","m","40.9",",m","7.2",",,,m","18.37",",m","26.50",",,,m","10.25",",,,m"
"MXN00009047","1971-05","19.45","-99.1833","2254.9","COLONIA TACUBA, MX","145.7","m","96.1",",m","5",",m","2",",m","0",",m","0",",m","0",",m","0",",m","31",",m","11",",m","19710531",",,m","19710525",",,m","19710522",",,m","8.9",",m,31,","11.9",",,m,25,","36.7",",m,22,","493.1","m","0.1",",m","19.1",",,,m","21.43",",m","30.59",",,,m","12.27",",,,m"
"MXN00009047","1971-06","19.45","-99.1833","2254.9","COLONIA TACUBA, MX","196.6","m","50.9",",m","19",",m","17",",m","2",",m","0",",m","0",",m","0",",m","19",",m","3",",m","19710607",",,m","19710625",",,m","19710601",",,m","9.4",",m,07,","26.4",",,m,25,","32.8",",m,01,","535.2","m","42.1",",m","168.5",",,,m","18.63",",m","24.86",",,,m","12.39",",,,m"
"MXN00009047","1971-07","19.45","-99.1833","2254.9","COLONIA TACUBA, MX","204.8","m","8.2",",m","19",",m","12",",m","1",",m","0",",m","0",",m","0",",m","31",",m","0",",m","19710731","+,,m","19710726",",,m","19710705",",,m","10.0",",m,31,+","45.5",",,m,26,","27.2",",m,05,","7.3","m","7.3",",m","151.7",",,,m","18.36",",m","24.95",",,,m","11.78",",,,m"
"MXN00009047","1971-08","19.45","-99.1833","2254.9","COLONIA TACUBA, MX","210.5","m","5.7",",m","15",",m","11",",m","0",",m","0",",m","0",",m","0",",m","28",",m","0",",m","19710830","+,,m","19710809",",,m","19710822",",,m","10.0",",m,30,+","18.8",",,m,09,","27.8",",m,22,","32.4","m","25.1",",m","93.4",",,,m","17.71",",m","23.92",",,,m","11.50",",,,m"
"MXN00009047","1971-09","19.45","-99.1833","2254.9","COLONIA TACUBA, MX","238.0","m","27.5",",m","17",",m","12",",m","1",",m","0",",m","0",",m","0",",m","28",",m","0",",m","19710914","+,,m","19710913",",,m","19710906",",,m","10.6",",m,14,+","38.4",",,m,13,","30.0",",m,06,","39.8","m","7.4",",m","146.7",",,,m","19.00",",m","26.36",",,,m","11.64",",,,m"
"MXN00009047","1971-10","19.45","-99.1833","2254.9","COLONIA TACUBA, MX","244.2","m","6.2",",m","10",",m","10",",m","0",",m","0",",m","0",",m","0",",m","31",",m","0",",m","19711031",",,m","19711009",",,m","19711026","+,,m","7.2",",m,31,","11.9",",,m,09,","27.8",",m,26,+","57.1","m","17.3",",m","64.9",",,,m","17.98",",m","25.52",",,,m","10.43",",,,m"
"MXN00009047","1971-11","19.45","-99.1833","2254.9","COLONIA TACUBA, MX","255.9","m","11.7",",m","1",",m","0",",m","0",",m","0",",m","0",",m","0",",m","29",",m","0",",m","19711103",",,m","19711125",",,m","19711129",",,m","5.0",",m,03,","1.3",",,m,25,","31.7",",m,29,","75.5","m","18.4",",m","1.3",",,,m","18.11",",m","27.31",",,,m","8.91",",,,m"
"MXN00009047","1971-12","19.45","-99.1833","2254.9","COLONIA TACUBA, MX","256.5","m","0.6",",m","2",",m","1",",m","0",",m","0",",m","0",",m","0",",m","31",",m","0",",m","19711225",",,m","19711202",",,m","19711201",",,m","1.1",",m,25,","10.9",",,m,02,","29.4",",m,01,","120.9","m","45.4",",m","12.2",",,,m","16.89",",m","27.73",",,,m","6.05",",,,m"
"MXN00009047","1972-01","19.45","-99.1833","2254.9","COLONIA TACUBA, MX","1.6","m","1.6",",m","0",",m","0",",m","0",",m","0",",m","0",",m","0",",m","27",",m","0",",m","19720117","+,,m","19720131","+,,m","19720131","+,,m","2.8",",m,17,+","0.0",",,m,31,+","29.4",",m,31,+","181.5","m","60.6",",m","0.0",",,,m","16.43",",m","27.14",",,,m","5.72",",,,m"
"MXN00009047","1972-02","19.45","-99.1833","2254.9","COLONIA TACUBA, MX","4.5","m","2.9",",m","0",",m","0",",m","0",",m","0",",m","0",",m","0",",m","29",",m","0",",m","19720220",",,m","19720229","+,,m","19720227","+,,m","1.1",",m,20,","0.0",",,m,29,+","31.7",",m,27,+","222.1","m","40.6",",m","0.0",",,,m","17.03",",m","29.04",",,,m","5.02",",,,m"
"MXN00009047","1972-03","19.45","-99.1833","2254.9","COLONIA TACUBA, MX","31.1","m","26.6",",m","0",",m","0",",m","0",",m","0",",m","0",",m","0",",m","31",",m","1",",m","19720315",",,m","19720331","+,,m","19720327",",,m","1.7",",m,15,","0.0",",,m,31,+","32.2",",m,27,","239.0","m","16.9",",m","0.0",",,,m","18.65",",m","30.08",",,,m","7.21",",,,m"
"MXN00009047","1972-04","19.45","-99.1833","2254.9","COLONIA TACUBA, MX","113.5","m","82.4",",m","5",",m","1",",m","0",",m","0",",m","0",",m","0",",m","30",",m","12",",m","19720404","+,,m","19720417",",,m","19720413",",,m","8.9",",m,04,+","5.8",",,m,17,","36.1",",m,13,","239.0","m","0.0",",m","8.5",",,,m","21.08",",m","31.35",",,,m","10.81",",,,m"
"MXN00009047","1972-05","19.45","-99.1833","2254.9","COLONIA TACUBA, MX","163.2","m","49.7",",m","10",",m","7",",m","0",",m","0",",m","0",",m","0",",m","31",",m","1",",m","19720521",",,m","19720531",",,m","19720523",",,m","10.0",",m,21,","22.4",",,m,31,","32.8",",m,23,","244.5","m","5.5",",m","95.4",",,,m","19.76",",m","28.01",",,,m","11.51",",,,m"
"MXN00009047","1972-06","19.45","-99.1833","2254.9","COLONIA TACUBA, MX","192.4","m","29.2","3,m","14","3,m","9","3,m","0","3,m","0","3,m","0","3,m","0","3,m","26","3,m","0","3,m","19720630",",3,m","19720613",",3,m","19720622","+,3,m","10.6","3,m,30,","18.3","3,,m,13,","29.4","3,m,22,+","250.6","m","6.1","3,m","124.3","3,,,m","19.19","3,m","25.87","3,,,m","12.51","3,,,m"
"MXN00009047","1972-07","19.45","-99.1833","2254.9","COLONIA TACUBA, MX","194.8","m","2.4",",m","21",",m","14",",m","2",",m","0",",m","0",",m","0",",m","26",",m","0",",m","19720729","+,,m","19720719",",,m","19720704",",,m","10.0",",m,29,+","42.4",",,m,19,","27.2",",m,04,","31.1","m","31.1",",m","179.7",",,,m","17.41",",m","23.73",",,,m","11.08",",,,m"
"MXN00009047","1972-08","19.45","-99.1833","2254.9","COLONIA TACUBA, MX","198.9","m","4.1",",m","15",",m","9",",m","2",",m","0",",m","0",",m","0",",m","30",",m","0",",m","19720824","+,,m","19720813",",,m","19720828","+,,m","10.0",",m,24,+","69.9",",,m,13,","27.8",",m,28,+","50.5","m","19.4",",m","164.3",",,,m","17.84",",m","25.07",",,,m","10.61",",,,m"
"MXN00009047","1972-09","19.45","-99.1833","2254.9","COLONIA TACUBA, MX","206.5","m","7.6",",m","13",",m","8",",m","1",",m","0",",m","0",",m","0",",m","30",",m","0",",m","19720913","+,,m","19720921",",,m","19720905","+,,m","10.0",",m,13,+","27.9",",,m,21,","28.3",",m,05,+","58.9","m","8.4",",m","132.4",",,,m","18.31",",m","25.42",",,,m","11.19",",,,m"
"MXN00009047","1972-10","19.45","-99.1833","2254.9","COLONIA TACUBA, MX","214.3","m","7.8",",m","3",",m","3",",m","1",",m","0",",m","0",",m","0",",m","31",",m","0",",m","19721003",",,m","19721007",",,m","19721031","+,,m","7.8",",m,03,","25.9",",,m,07,","28.3",",m,31,+","64.4","m","5.5",",m","35.5",",,,m","18.41",",m","26.32",",,,m","10.49",",,,m"
"MXN00009047","1972-11","19.45","-99.1833","2254.9","COLONIA TACUBA, MX","219.7","m","5.4",",m","3",",m","1",",m","0",",m","0",",m","0",",m","0",",m","30",",m","0",",m","19721127",",,m","19721130",",,m","19721104","+,,m","8.3",",m,27,","6.4",",,m,30,","28.3",",m,04,+","85.3","m","20.9",",m","9.5",",,,m","17.82",",m","25.59",",,,m","10.05",",,,m"
"MXN00009047","1972-12","19.45","-99.1833","2254.9","COLONIA TACUBA, MX","219.7","m","0.0",",m","2",",m","0",",m","0",",m","0",",m","0",",m","0",",m","28",",m","0",",m","19721227","+,,m","19721212",",,m","19721210",",,m","2.8",",m,27,+","1.8",",,m,12,","27.8",",m,10,","186.8","m","101.5",",m","3.1",",,,m","15.06",",m","23.84",",,,m","6.27",",,,m"
"MXN00009047","1973-01","19.45","-99.1833","2254.9","COLONIA TACUBA, MX","0.9","m","0.9",",m","0",",m","0",",m","0",",m","0",",m","0",",m","0",",m","28",",m","0",",m","19730130","+,,m","19730131","+,,m","19730126",",,m","1.1",",m,30,+","0.0",",,m,31,+","30.6",",m,26,","279.7","m","92.9",",m","0.0",",,,m","15.36",",m","25.62",",,,m","5.11",",,,m"
"MXN00009047","1973-02","19.45","-99.1833","2254.9","COLONIA TACUBA, MX","9.0","m","8.1",",m","0",",m","0",",m","0",",m","0",",m","0",",m","0",",m","28",",m","0",",m","19730203","+,,m","19730228","+,,m","19730225",",,m","3.3",",m,03,+","0.0",",,m,28,+","31.1",",m,25,","317.2","m","37.5",",m","0.0",",,,m","17.29",",m","27.33",",,,m","7.24",",,,m"
"MXN00009047","1973-03","19.45","-99.1833","2254.9","COLONIA TACUBA, MX","82.5","m","73.5",",m","0",",m","0",",m","0",",m","0",",m","0",",m","0",",m","31",",m","12",",m","19730312",",,m","19730331","+,,m","19730326",",,m","7.8",",m,12,","0.0",",,m,31,+","33.9",",m,26,","318.8","m","1.6",",m","0.0",",,,m","20.65",",m","30.81",",,,m","10.49",",,,m"
"MXN00009047","1973-04","19.45","-99.1833","2254.9","COLONIA TACUBA, MX","152.0","m","69.5",",m","3",",m","1",",m","0",",m","0",",m","0",",m","0",",m","30",",m","2",",m","19730410",",,m","19730430",",,m","19730421","+,,m","7.8",",m,10,","17.8",",,m,30,","33.3",",m,21,+","321.6","m","2.8",",m","20.4",",,,m","20.56",",m","29.61",",,,m","11.51",",,,m"
"MXN00009047","1973-05","19.45","-99.1833","2254.9","COLONIA TACUBA, MX","211.8","m","59.8",",m","9",",m","4",",m","0",",m","0",",m","0",",m","0",",m","31",",m","4",",m","19730520","+,,m","19730518",",,m","19730526",",,m","10.0",",m,20,+","18.3",",,m,18,","33.3",",m,26,","322.9","m","1.3",",m","50.6",",,,m","20.22",",m","27.95",",,,m","12.48",",,,m"
"MXN00009047","1973-06","19.45","-99.1833","2254.9","COLONIA TACUBA, MX","245.9","m","34.1",",m","14",",m","11",",m","1",",m","0",",m","0",",m","0",",m","27",",m","0",",m","19730609",",,m","19730629",",,m","19730605","+,,m","10.0",",m,09,","39.9",",,m,29,","30.6",",m,05,+","339.3","m","16.4",",m","167.7",",,,m","18.93",",m","25.60",",,,m","12.25",",,,m"
"MXN00009047","1973-07","19.45","-99.1833","2254.9","COLONIA TACUBA, MX","248.8","m","2.9",",m","23",",m","16",",m","3",",m","0",",m","0",",m","0",",m","31",",m","0",",m","19730730","+,,m","19730705",",,m","19730728",",,m","10.0",",m,30,+","41.4",",,m,05,","26.1",",m,28,","17.9","m","17.9",",m","231.1",",,,m","17.85",",m","24.29",",,,m","11.41",",,,m"
"MXN00009047","1973-08","19.45","-99.1833","2254.9","COLONIA TACUBA, MX","255.6","m","6.8",",m","21",",m","15",",m","3",",m","0",",m","0",",m","0",",m","28",",m","0",",m","19730824","+,,m","19730824",",,m","19730804",",,m","10.0",",m,24,+","89.4",",,m,24,","26.1",",m,04,","42.8","m","24.9",",m","300.4",",,,m","17.75",",m","23.61",",,,m","11.89",",,,m"
"MXN00009047","1973-09","19.45","-99.1833","2254.9","COLONIA TACUBA, MX","265.0","m","9.4",",m","15",",m","7",",m","0",",m","0",",m","0",",m","0",",m","30",",m","0",",m","19730919","+,,m","19730918",",,m","19730912",",,m","10.0",",m,19,+","22.9",",,m,18,","27.8",",m,12,","51.5","m","8.7",",m","94.1",",,,m","18.36",",m","24.89",",,,m","11.82",",,,m"
"MXN00009047","1973-10","19.45","-99.1833","2254.9","COLONIA TACUBA, MX","268.4","m","3.4",",m","8",",m","4",",m","0",",m","0",",m","0",",m","0",",m","28",",m","0",",m","19731025","+,,m","19731009",",,m","19731003",",,m","8.3",",m,25,+","24.4",",,m,09,","27.8",",m,03,","88.5","m","37.0",",m","46.2",",,,m","17.25",",m","23.67",",,,m","10.83",",,,m"
"MXN00009047","1973-11","19.45","-99.1833","2254.9","COLONIA TACUBA, MX","269.0","m","0.6",",m","6",",m","3",",m","0",",m","0",",m","0",",m","0",",m","24",",m","0",",m","19731130",",,m","19731111",",,m","19731121","+,,m","1.1",",m,30,","20.8",",,m,11,","28.3",",m,21,+","153.6","m","65.1",",m","34.4",",,,m","16.18",",m","24.48",",,,m","7.88",",,,m"
"MXN00009047","1973-12","19.45","-99.1833","2254.9","COLONIA TACUBA, MX","269.0","m","0.0",",m","0",",m","0",",m","0",",m","0",",m","0",",m","0",",m","25",",m","0",",m","19731222","+,,m","19731231","+,,m","19731204","+,,m","2.2",",m,22,+","0.0",",,m,31,+","27.2",",m,04,+","301.5","m","147.9",",m","0.0",",,,m","13.56",",m","22.31",",,,m","4.81",",,,m"
"MXN00009047","1974-01","19.45","-99.1833","2254.9","COLONIA TACUBA, MX","0.3","m","0.3",",m","1",",m","1",",m","0",",m","0",",m","0",",m","0",",m","31",",m","0",",m","19740106","+,,m","19740118",",,m","19740113","+,,m","5.0",",m,06,+","5.3",",,m,18,","27.2",",m,13,+","391.4","m","89.9",",m","5.3",",,,m","15.44",",m","24.73",",,,m","6.16",",,,m"
"MXN00009047","1974-02","19.45","-99.1833","2254.9","COLONIA TACUBA, MX","0.9","m","0.6",",m","0",",m","0",",m","0",",m","0",",m","0",",m","0",",m","27",",m","0",",m","19740226",",,m","19740228","+,,m","19740221","+,,m","2.2",",m,26,","0.0",",,m,28,+","27.8",",m,21,+","455.7","m","64.3",",m","0.0",",,,m","16.06",",m","25.23",",,,m","6.89",",,,m"
"MXN00009047","1974-03","19.45","-99.1833","2254.9","COLONIA TACUBA, MX","17.2","m","16.3",",m","5",",m","1",",m","0",",m","0",",m","0",",m","0",",m","31",",m","0",",m","19740302",",,m","19740313",",,m","19740324","+,,m","3.9",",m,02,","4.3",",,m,13,","30.6",",m,24,+","494.6","m","38.9",",m","8.0",",,,m","17.60",",m","27.12",",,,m","8.08",",,,m"
"MXN00009047","1974-04","19.45","-99.1833","2254.9","COLONIA TACUBA, MX","42.9","m","25.7",",m","5",",m","2",",m","0",",m","0",",m","0",",m","0",",m","30",",m","0",",m","19740427","+,,m","19740415",",,m","19740423","+,,m","8.9",",m,27,+","13.0",",,m,15,","31.1",",m,23,+","502.7","m","8.1",",m","22.7",",,,m","18.92",",m","27.82",",,,m","10.02",",,,m"
"MXN00009047","1974-05","19.45","-99.1833","2254.9","COLONIA TACUBA, MX","89.6","m","46.7",",m","8",",m","4",",m","0",",m","0",",m","0",",m","0",",m","30",",m","3",",m","19740523","+,,m","19740526",",,m","19740511","+,,m","10.0",",m,23,+","15.5",",,m,26,","32.8",",m,11,+","509.4","m","6.7",",m","36.2",",,,m","19.62",",m","28.19",",,,m","11.05",",,,m"
"MXN00009047","1974-06","19.45","-99.1833","2254.9","COLONIA TACUBA, MX","120.2","m","30.6",",m","18",",m","8",",m","3",",m","0",",m","0",",m","0",",m","27",",m","0",",m","19740617",",,m","19740620",",,m","19740605",",,m","10.0",",m,17,","48.8",",,m,20,","31.1",",m,05,","525.1","m","15.7",",m","170.8",",,,m","18.83",",m","25.57",",,,m","12.09",",,,m"
"MXN00009047","1974-07","19.45","-99.1833","2254.9","COLONIA TACUBA, MX","121.6","m","1.4",",m","17",",m","11",",m","1",",m","0",",m","0",",m","0",",m","27",",m","0",",m","19740716","+,,m","19740721",",,m","19740729",",,m","7.2",",m,16,+","36.3",",,m,21,","27.2",",m,29,","56.6","m","56.6",",m","142.8",",,,m","16.55",",m","23.10",",,,m","10.00",",,,m"
"MXN00009047","1974-08","19.45","-99.1833","2254.9","COLONIA TACUBA, MX","127.9","m","6.3",",m","15",",m","6",",m","1",",m","0",",m","0",",m","0",",m","31",",m","0",",m","19740826",",,m","19740815",",,m","19740814","+,,m","10.0",",m,26,","31.5",",,m,15,","26.1",",m,14,+","61.3","m","4.7",",m","87.2",",,,m","18.38",",m","25.09",",,,m","11.68",",,,m"
"MXN00009047","1974-09","19.45","-99.1833","2254.9","COLONIA TACUBA, MX","129.4","m","1.5",",m","16",",m","4",",m","0",",m","0",",m","0",",m","0",",m","25",",m","0",",m","19740911","+,,m","19740920",",,m","19740908","+,,m","8.9",",m,11,+","15.0",",,m,20,","26.1",",m,08,+","99.7","m","38.4",",m","50.0",",,,m","17.10",",m","23.58",",,,m","10.62",",,,m"
"MXN00009047","1974-10","19.45","-99.1833","2254.9","COLONIA TACUBA, MX","129.4","m","0.0",",m","3",",m","1",",m","1",",m","0",",m","0",",m","0",",m","25",",m","0",",m","19741009",",,m","19741028",",,m","19741014",",,m","5.0",",m,09,","30.5",",,m,28,","25.6",",m,14,","167.5","m","67.8",",m","32.1",",,,m","16.15",",m","22.90",",,,m","9.40",",,,m"
"MXN00009047","1974-11","19.45","-99.1833","2254.9","COLONIA TACUBA, MX","129.4","m","0.0",",m","1",",m","0",",m","0",",m","0",",m","1",",m","0",",m","24",",m","0",",m","19741127",",,m","19741124",",,m","19741104",",,m","0.0",",m,27,","1.3",",,m,24,","25.6",",m,04,","270.3","m","102.8",",m","1.3",",,,m","14.91",",m","22.63",",,,m","7.18",",,,m"
"MXN00009047","1974-12","19.45","-99.1833","2254.9","COLONIA TACUBA, MX","129.4","m","0.0",",m","0",",m","0",",m","0",",m","0",",m","0",",m","0",",m","31",",m","0",",m","19741226","+,,m","19741231","+,,m","19741202",",,m","5.0",",m,26,+","0.0",",,m,31,+","27.2",",m,02,","366.1","m","95.8",",m","0.0",",,,m","15.24",",m","24.05",",,,m","6.44",",,,m"
"MXN00009047","1975-01","19.45","-99.1833","2254.9","COLONIA TACUBA, MX","0.0","m","0.0",",m","4",",m","2",",m","0",",m","0",",m","0",",m","0",",m","18",",m","0",",m","19750115",",,m","19750121",",,m","19750101",",,m","0.6",",m,15,","20.3",",,m,21,","26.1",",m,01,","517.5","m","151.4",",m","32.3",",,,m","13.45",",m","21.04",",,,m","5.86",",,,m"
"MXN00009047","1975-02","19.45","-99.1833","2254.9","COLONIA TACUBA, MX","0.8","m","0.8",",m","1",",m","0",",m","0",",m","0",",m","0",",m","0",",m","28",",m","0",",m","19750214","+,,m","19750204",",,m","19750219",",,m","4.4",",m,14,+","0.8",",,m,04,","29.4",",m,19,","580.2","m","62.7",",m","0.8",",,,m","16.12",",m","24.99",",,,m","7.26",",,,m"
"MXN00009047","1975-03","19.45","-99.1833","2254.9","COLONIA TACUBA, MX","44.7","m","43.9",",m","2",",m","1",",m","0",",m","0",",m","0",",m","0",",m","31",",m","0",",m","19750308",",,m","19750319",",,m","19750329","+,,m","6.7",",m,08,","3.3",",,m,19,","31.7",",m,29,+","587.1","m","6.9",",m","3.6",",,,m","19.52",",m","28.95",",,,m","10.10",",,,m"
"MXN00009047","1975-04","19.45","-99.1833","2254.9","COLONIA TACUBA, MX","132.5","m","87.8",",m","2",",m","1",",m","1",",m","0",",m","0",",m","0",",m","30",",m","4",",m","19750427",",,m","19750426",",,m","19750418","+,,m","8.9",",m,27,","32.3",",,m,26,","32.8",",m,18,+","587.1","m","0.0",",m","33.6",",,,m","21.26",",m","30.45",",,,m","12.07",",,,m"
"MXN00009047","1975-05","19.45","-99.1833","2254.9","COLONIA TACUBA, MX","178.0","m","45.5",",m","13",",m","8",",m","2",",m","0",",m","0",",m","0",",m","30",",m","0",",m","19750515","+,,m","19750531",",,m","19750512","+,,m","10.0",",m,15,+","39.9",",,m,31,","30.6",",m,12,+","593.7","m","6.6",",m","126.4",",,,m","19.59",",m","27.25",",,,m","11.93",",,,m"
"MXN00009047","1975-06","19.45","-99.1833","2254.9","COLONIA TACUBA, MX","192.2","m","14.2",",m","17",",m","10",",m","2",",m","0",",m","0",",m","0",",m","27",",m","0",",m","19750625",",,m","19750607",",,m","19750615","+,,m","10.0",",m,25,","38.4",",,m,07,","27.8",",m,15,+","612.3","m","18.6",",m","128.2",",,,m","18.19",",m","24.23",",,,m","12.14",",,,m"
"MXN00009047","1975-11","19.45","-99.1833","2254.9","COLONIA TACUBA, MX","","","0.0",",m","0",",m","0",",m","0",",m","0",",m","0",",m","0",",m","29",",m","0",",m","19751114",",,m","19751130","+,,m","19751129","+,,m","2.2",",m,14,","0.0",",,m,30,+","26.1",",m,29,+","","","82.0",",m","0.0",",,,m","15.60",",m","24.19",",,,m","7.01",",,,m"
"MXN00009047","1975-12","19.45","-99.1833","2254.9","COLONIA TACUBA, MX","","","0.0",",m","0",",m","0",",m","0",",m","0",",m","0",",m","0",",m","24",",m","0",",m","19751229","+,,m","19751231","+,,m","19751202","+,,m","1.1",",m,29,+","0.0",",,m,31,+","25.6",",m,02,+","","","141.5",",m","0.0",",,,m","13.77",",m","22.58",",,,m","4.95",",,,m"
"MXN00009047","1976-01","19.45","-99.1833","2254.9","COLONIA TACUBA, MX","0.0","m","0.0",",m","0",",m","0",",m","0",",m","0",",m","0",",m","0",",m","22",",m","0",",m","19760118",",,m","19760131","+,,m","19760125",",,m","1.7",",m,18,","0.0",",,m,31,+","25.6",",m,25,","","","149.6",",m","0.0",",,,m","13.51",",m","21.78",",,,m","5.24",",,,m"
"MXN00009047","1976-02","19.45","-99.1833","2254.9","COLONIA TACUBA, MX","0.3","m","0.3",",m","3",",m","0",",m","0",",m","0",",m","4",",m","0",",m","22",",m","0",",m","19760226","+,,m","19760203","+,,m","19760218",",,m","-1.1",",m,26,+","0.8",",,m,03,+","27.8",",m,18,","","","124.4",",m","1.9",",,,m","14.05",",m","23.47",",,,m","4.63",",,,m"
"MXN00009047","1976-03","19.45","-99.1833","2254.9","COLONIA TACUBA, MX","17.2","m","16.9",",m","1",",m","1",",m","0",",m","0",",m","0",",m","0",",m","31",",m","0",",m","19760301",",,m","19760331",",,m","19760329","+,,m","6.7",",m,01,","14.5",",,m,31,","30.0",",m,29,+","","","10.4",",m","14.5",",,,m","18.54",",m","27.41",",,,m","9.67",",,,m"
"MXN00009047","1976-05","19.45","-99.1833","2254.9","COLONIA TACUBA, MX","","","22.1",",m","13",",m","8",",m","0",",m","0",",m","0",",m","0",",m","31",",m","0",",m","19760519",",,m","19760527",",,m","19760525","+,,m","7.8",",m,19,","23.9",",,m,27,","30.0",",m,25,+","","","16.0",",m","100.2",",,,m","18.53",",m","26.08",",,,m","10.97",",,,m"
"MXN00009047","1976-07","19.45","-99.1833","2254.9","COLONIA TACUBA, MX","","","0.3",",m","23",",m","17",",m","3",",m","0",",m","0",",m","0",",m","27",",m","0",",m","19760728","+,,m","19760715",",,m","19760731","+,,m","10.6",",m,28,+","35.3",",,m,15,","24.4",",m,31,+","30.4","m","30.4",",m","219.2",",,,m","17.36",",m","22.54",",,,m","12.18",",,,m"
"MXN00009047","1976-08","19.45","-99.1833","2254.9","COLONIA TACUBA, MX","","","0.6",",m","21",",m","17",",m","1",",m","0",",m","0",",m","0",",m","26",",m","0",",m","19760829","+,,m","19760828",",,m","19760815","+,,m","10.0",",m,29,+","40.9",",,m,28,","25.6",",m,15,+","74.8","m","44.4",",m","211.6",",,,m","16.92",",m","22.71",",,,m","11.13",",,,m"
"MXN00009047","1976-09","19.45","-99.1833","2254.9","COLONIA TACUBA, MX","","","2.6",",m","17",",m","15",",m","2",",m","0",",m","0",",m","0",",m","29",",m","0",",m","19760925","+,,m","19760929",",,m","19760920",",,m","10.0",",m,25,+","48.3",",,m,29,","26.7",",m,20,","92.7","m","17.9",",m","207.0",",,,m","17.83",",m","23.82",",,,m","11.83",",,,m"
"MXN00009047","1976-10","19.45","-99.1833","2254.9","COLONIA TACUBA, MX","","","3.2",",m","11",",m","8",",m","2",",m","0",",m","0",",m","0",",m","21",",m","0",",m","19761021",",,m","19761007",",,m","19761029",",,m","8.9",",m,21,","37.8",",,m,07,","27.8",",m,29,","146.9","m","54.2",",m","143.6",",,,m","16.69",",m","22.32",",,,m","11.05",",,,m"
"MXN00009047","1976-11","19.45","-99.1833","2254.9","COLONIA TACUBA, MX","","","1.4",",m","4",",m","1",",m","0",",m","0",",m","0",",m","0",",m","17",",m","0",",m","19761109","+,,m","19761120",",,m","19761128",",,m","5.6",",m,09,+","7.4",",,m,20,","29.4",",m,28,","247.6","m","100.7",",m","9.3",",,,m","15.02",",m","21.36",",,,m","8.68",",,,m"
"MXN00009047","1976-12","19.45","-99.1833","2254.9","COLONIA TACUBA, MX","","","0.3",",m","4",",m","2",",m","0",",m","0",",m","0",",m","0",",m","22",",m","0",",m","19761227","+,,m","19761201",",,m","19761216",",,m","5.6",",m,27,+","17.8",",,m,01,","27.2",",m,16,","339.7","m","92.1",",m","31.3",",,,m","15.37",",m","22.56",",,,m","8.18",",,,m"
"MXN00009047","1977-01","19.45","-99.1833","2254.9","COLONIA TACUBA, MX","0.0","m","0.0",",m","2",",m","0",",m","0",",m","0",",m","0",",m","0",",m","26",",m","0",",m","19770108",",,m","19770119",",,m","19770109",",,m","3.9",",m,08,","2.3",",,m,19,","27.2",",m,09,","429.5","m","89.8",",m","4.1",",,,m","15.44",",m","24.05",",,,m","6.83",",,,m"
"MXN00009047","1977-02","19.45","-99.1833","2254.9","COLONIA TACUBA, MX","0.3","m","0.3",",m","2",",m","0",",m","0",",m","0",",m","0",",m","0",",m","27",",m","0",",m","19770215",",,m","19770207",",,m","19770227","+,,m","5.6",",m,15,","1.8",",,m,07,","26.7",",m,27,+","496.0","m","66.5",",m","2.1",",,,m","15.97",",m","24.26",",,,m","7.68",",,,m"
"MXN00009047","1977-03","19.45","-99.1833","2254.9","COLONIA TACUBA, MX","55.0","m","54.7",",m","0",",m","0",",m","0",",m","0",",m","0",",m","0",",m","30",",m","3",",m","19770308",",,m","19770331","+,,m","19770330","+,,m","3.9",",m,08,","0.0",",,m,31,+","32.2",",m,30,+","518.1","m","22.1",",m","0.0",",,,m","19.38",",m","28.29",",,,m","10.48",",,,m"
"MXN00009047","1977-04","19.45","-99.1833","2254.9","COLONIA TACUBA, MX","70.7","m","15.7",",m","1",",m","1",",m","0",",m","0",",m","0",",m","0",",m","27",",m","1",",m","19770406",",,m","19770412",",,m","19770404",",,m","5.6",",m,06,","3.3",",,m,12,","32.2",",m,04,","565.5","m","47.4",",m","3.3",",,,m","17.27",",m","24.86",",,,m","9.68",",,,m"
"MXN00009047","1977-05","19.45","-99.1833","2254.9","COLONIA TACUBA, MX","107.1","m","36.4",",m","11",",m","6",",m","1",",m","0",",m","0",",m","0",",m","31",",m","0",",m","19770514",",,m","19770513",",,m","19770507","+,,m","10.0",",m,14,","29.5",",,m,13,","30.6",",m,07,+","567.3","m","1.8",",m","71.3",",,,m","19.45",",m","26.97",",,,m","11.92",",,,m"
"MXN00009047","1977-06","19.45","-99.1833","2254.9","COLONIA TACUBA, MX","126.0","m","18.9",",m","13",",m","8",",m","0",",m","0",",m","0",",m","0",",m","27",",m","0",",m","19770602",",,m","19770619",",,m","19770630","+,,m","10.0",",m,02,","16.8",",,m,19,","26.7",",m,30,+","577.2","m","9.9",",m","73.7",",,,m","18.63",",m","24.81",",,,m","12.45",",,,m"
"MXN00009047","1977-07","19.45","-99.1833","2254.9","COLONIA TACUBA, MX","130.4","m","4.4",",m","19",",m","11",",m","0",",m","0",",m","0",",m","0",",m","27",",m","0",",m","19770715",",,m","19770710",",,m","19770731","+,,m","10.0",",m,15,","23.9",",,m,10,","25.6",",m,31,+","23.3","m","23.3",",m","132.1",",,,m","17.72",",m","23.81",",,,m","11.64",",,,m"
"MXN00009047","1977-08","19.45","-99.1833","2254.9","COLONIA TACUBA, MX","149.4","m","19.0",",m","16",",m","9",",m","0",",m","0",",m","0",",m","0",",m","29",",m","0",",m","19770820","+,,m","19770806",",,m","19770824","+,,m","11.1",",m,20,+","22.4",",,m,06,","27.8",",m,24,+","32.9","m","9.6",",m","115.1",",,,m","18.63",",m","24.76",",,,m","12.51",",,,m"
"MXN00009047","1977-09","19.45","-99.1833","2254.9","COLONIA TACUBA, MX","164.1","m","14.7",",m","14",",m","11",",m","1",",m","0",",m","0",",m","0",",m","29",",m","0",",m","19770927","+,,m","19770922",",,m","19770918",",,m","10.6",",m,27,+","27.9",",,m,22,","27.8",",m,18,","42.2","m","9.3",",m","158.3",",,,m","18.52",",m","24.70",",,,m","12.33",",,,m"
"MXN00009047","1977-10","19.45","-99.1833","2254.9","COLONIA TACUBA, MX","170.3","m","6.2",",m","5",",m","4",",m","0",",m","0",",m","0",",m","0",",m","28",",m","0",",m","19771018","+,,m","19771028",",,m","19771010",",,m","6.7",",m,18,+","20.3",",,m,28,","28.3",",m,10,","80.2","m","38.0",",m","38.6",",,,m","17.31",",m","23.91",",,,m","10.71",",,,m"
"MXN00009047","1977-11","19.45","-99.1833","2254.9","COLONIA TACUBA, MX","170.3","m","0.0",",m","1",",m","1",",m","0",",m","0",",m","0",",m","0",",m","26",",m","0",",m","19771128","+,,m","19771101",",,m","19771107",",,m","5.0",",m,28,+","3.3",",,m,01,","25.6",",m,07,","164.2","m","84.0",",m","3.3",",,,m","15.53",",m","22.67",",,,m","8.39",",,,m"
"MXN00009047","1977-12","19.45","-99.1833","2254.9","COLONIA TACUBA, MX","170.3","m","0.0",",m","1",",m","0",",m","0",",m","0",",m","0",",m","0",",m","23",",m","0",",m","19771222",",,m","19771212",",,m","19771231","+,,m","0.6",",m,22,","1.3",",,m,12,","25.6",",m,31,+","275.5","m","111.3",",m","1.3",",,,m","14.74",",m","22.33",",,,m","7.16",",,,m"
"MXN00009047","1978-01","19.45","-99.1833","2254.9","COLONIA TACUBA, MX","0.0","m","0.0",",m","1",",m","1",",m","0",",m","0",",m","0",",m","0",",m","29",",m","0",",m","19780110",",,m","19780109",",,m","19780125","+,,m","0.6",",m,10,","2.8",",,m,09,","26.7",",m,25,+","375.5","m","100.0",",m","2.8",",,,m","15.11",",m","23.47",",,,m","6.75",",,,m"
"MXN00009047","1978-02","19.45","-99.1833","2254.9","COLONIA TACUBA, MX","0.6","m","0.6",",m","2",",m","1",",m","0",",m","0",",m","0",",m","0",",m","20",",m","0",",m","19780206",",,m","19780222",",,m","19780228",",,m","1.7",",m,06,","7.4",",,m,22,","27.8",",m,28,","472.5","m","97.0",",m","7.7",",,,m","14.89",",m","22.05",",,,m","7.73",",,,m"
"MXN00009047","1978-03","19.45","-99.1833","2254.9","COLONIA TACUBA, MX","16.6","m","16.0","2,m","5",",m","4",",m","1",",m","0",",m","0",",m","0","2,m","26","2,m","0","2,m","19780318","+,,m","19780316",",,m","19780323","+,2,m","2.8",",m,18,+","30.0",",,m,16,","30.0","2,m,23,+","513.4","m","40.9","2,m","43.2",",,,m","17.34","2,m","25.95","2,,,m","8.72",",,,m"
"MXN00009047","1978-04","19.45","-99.1833","2254.9","COLONIA TACUBA, MX","85.1","m","68.5",",m","0",",m","0",",m","0",",m","0",",m","0",",m","0",",m","30",",m","5",",m","19780412",",,m","19780430","+,,m","19780418",",,m","8.3",",m,12,","0.0",",,m,30,+","33.9",",m,18,","513.4","m","0.0",",m","0.0",",,,m","20.62",",m","29.22",",,,m","12.01",",,,m"
"MXN00009047","1978-05","19.45","-99.1833","2254.9","COLONIA TACUBA, MX","163.2","m","78.1",",m","5",",m","4",",m","1",",m","0",",m","0",",m","0",",m","31",",m","4",",m","19780515",",,m","19780505",",,m","19780513","+,,m","10.0",",m,15,","29.5",",,m,05,","32.8",",m,13,+","515.8","m","2.4",",m","52.3",",,,m","20.77",",m","28.78",",,,m","12.77",",,,m"
"MXN00009047","1978-06","19.45","-99.1833","2254.9","COLONIA TACUBA, MX","176.0","m","12.8",",m","24",",m","17",",m","1",",m","0",",m","0",",m","0",",m","28",",m","0",",m","19780612",",,m","19780618",",,m","19780602",",,m","11.1",",m,12,","27.9",",,m,18,","26.7",",m,02,","532.8","m","17.0",",m","176.5",",,,m","18.20",",m","23.36",",,,m","13.03",",,,m"
"MXN00009047","1978-07","19.45","-99.1833","2254.9","COLONIA TACUBA, MX","181.3","m","5.3",",m","22",",m","16",",m","0",",m","0",",m","0",",m","0",",m","29",",m","0",",m","19780708",",,m","19780715",",,m","19780720",",,m","10.0",",m,08,","23.4",",,m,15,","26.1",",m,20,","13.4","m","13.4",",m","136.5",",,,m","18.07",",m","23.84",",,,m","12.30",",,,m"
"MXN00009047","1978-08","19.45","-99.1833","2254.9","COLONIA TACUBA, MX","192.9","m","11.6",",m","11",",m","5",",m","0",",m","0",",m","0",",m","0",",m","27",",m","0",",m","19780828","+,,m","19780821",",,m","19780829",",,m","10.6",",m,28,+","18.8",",,m,21,","27.8",",m,29,","32.1","m","18.7",",m","66.3",",,,m","18.10",",m","23.88",",,,m","12.33",",,,m"
"MXN00009047","1978-09","19.45","-99.1833","2254.9","COLONIA TACUBA, MX","203.9","m","11.0",",m","18",",m","8",",m","0",",m","0",",m","0",",m","0",",m","28",",m","0",",m","19780929","+,,m","19780908",",,m","19780912",",,m","10.6",",m,29,+","20.3",",,m,08,","27.8",",m,12,","50.4","m","18.3",",m","69.2",",,,m","18.09",",m","23.88",",,,m","12.30",",,,m"
"MXN00009047","1978-10","19.45","-99.1833","2254.9","COLONIA TACUBA, MX","205.6","m","1.7",",m","15",",m","10",",m","2",",m","0",",m","0",",m","0",",m","24",",m","0",",m","19781017",",,m","19781003",",,m","19781003",",,m","5.6",",m,17,","30.0",",,m,03,","25.6",",m,03,","122.4","m","72.0",",m","157.3",",,,m","16.06",",m","21.70",",,,m","10.43",",,,m"
"MXN00009047","1978-11","19.45","-99.1833","2254.9","COLONIA TACUBA, MX","205.6","m","0.0",",m","1",",m","1",",m","0",",m","0",",m","0",",m","0",",m","29",",m","0",",m","19781122",",,m","19781124",",,m","19781129","+,,m","7.8",",m,22,","3.3",",,m,24,","25.6",",m,29,+","163.7","m","41.3",",m","3.3",",,,m","16.96",",m","24.27",",,,m","9.64",",,,m"
"MXN00009047","1978-12","19.45","-99.1833","2254.9","COLONIA TACUBA, MX","206.4","m","0.8",",m","3",",m","1",",m","0",",m","0",",m","0",",m","0",",m","29",",m","0",",m","19781226","+,,m","19781209",",,m","19781222",",,m","5.6",",m,26,+","3.8",",,m,09,","26.7",",m,22,","230.5","m","66.8",",m","6.4",",,,m","16.20",",m","24.30",",,,m","8.11",",,,m"
"MXN00009047","1979-01","19.45","-99.1833","2254.9","COLONIA TACUBA, MX","2.3","","2.3",",m","0",",m","0",",m","0",",m","0",",m","0",",m","0",",m","29",",m","0",",m","19790103",",,m","19790131","+,,m","19790127",",,m","2.2",",m,03,","0.0",",,m,31,+","28.9",",m,27,","317.3","","86.8",",m","0.0",",,,m","15.61",",m","24.08",",,,m","7.14",",,,m"
"MXN00009047","1979-02","19.45","-99.1833","2254.9","COLONIA TACUBA, MX","2.3","","0.0",",m","4",",m","2",",m","0",",m","0",",m","0",",m","0",",m","23",",m","0",",m","19790226",",,m","19790210",",,m","19790223",",,m","5.0",",m,26,","4.3",",,m,10,","27.8",",m,23,","389.4","","72.1",",m","10.7",",,,m","15.76",",m","23.75",",,,m","7.76",",,,m"
"MXN00009047","1979-03","19.45","-99.1833","2254.9","COLONIA TACUBA, MX","32.5","","30.2",",m","1",",m","0",",m","0",",m","0",",m","0",",m","0",",m","31",",m","1",",m","19790308","+,,m","19790331",",,m","19790323",",,m","6.7",",m,08,+","0.8",",,m,31,","32.2",",m,23,","406.0","","16.6",",m","0.8",",,,m","18.77",",m","27.37",",,,m","10.17",",,,m"
"MXN00009047","1979-04","19.45","-99.1833","2254.9","COLONIA TACUBA, MX","87.6","","55.1",",m","6",",m","1",",m","1",",m","0",",m","0",",m","0",",m","30",",m","0",",m","19790424",",,m","19790420",",,m","19790429","+,,m","8.3",",m,24,","26.9",",,m,20,","31.7",",m,29,+","415.4","","9.4",",m","29.9",",,,m","19.86",",m","27.99",",,,m","11.73",",,,m"
"MXN00009047","1979-05","19.45","-99.1833","2254.9","COLONIA TACUBA, MX","158.0","","70.4",",m","8",",m","4",",m","1",",m","0",",m","0",",m","0",",m","31",",m","0",",m","19790516",",,m","19790514",",,m","19790511","+,,m","10.6",",m,16,","36.8",",,m,14,","31.7",",m,11,+","416.2","","0.8",",m","58.5",",,,m","20.58",",m","28.45",",,,m","12.70",",,,m"
"MXN00009047","1979-06","19.45","-99.1833","2254.9","COLONIA TACUBA, MX","184.8","","26.8","1,m","13",",m","9",",m","1",",m","0",",m","0",",m","0","1,m","28","1,m","0","1,m","19790614",",,m","19790607",",,m","19790618","+,1,m","7.2",",m,14,","49.3",",,m,07,","28.3","1,m,18,+","429.0","","12.8","1,m","117.4",",,,m","18.86","1,m","25.21","1,,,m","12.51",",,,m"
"MXN00009047","1979-07","19.45","-99.1833","2254.9","COLONIA TACUBA, MX","201.3","","16.5",",m","21",",m","13",",m","2",",m","0",",m","0",",m","0",",m","30",",m","0",",m","19790728",",,m","19790727",",,m","19790702",",,m","10.6",",m,28,","33.3",",,m,27,","27.8",",m,02,","8.9","","8.9",",m","165.6",",,,m","18.58",",m","24.59",",,,m","12.57",",,,m"
"MXN00009047","1979-08","19.45","-99.1833","2254.9","COLONIA TACUBA, MX","201.9","","0.6",",m","22",",m","16",",m","0",",m","0",",m","0",",m","0",",m","26",",m","0",",m","19790823","+,,m","19790828","+,,m","19790831","+,,m","10.6",",m,23,+","24.4",",,m,28,+","25.0",",m,31,+","43.6","","34.7",",m","174.7",",,,m","17.23",",m","22.98",",,,m","11.48",",,,m"
"MXN00009047","1979-09","19.45","-99.1833","2254.9","COLONIA TACUBA, MX","202.7","","0.8",",m","14",",m","11",",m","1",",m","0",",m","0",",m","0",",m","18",",m","0",",m","19790930","+,,m","19790911",",,m","19790930","+,,m","5.0",",m,30,+","39.9",",,m,11,","24.4",",m,30,+","103.1","","59.5",",m","121.3",",,,m","16.38",",m","21.34",",,,m","11.42",",,,m"
"MXN00009047","1979-10","19.45","-99.1833","2254.9","COLONIA TACUBA, MX","214.1","","11.4",",m","1",",m","0",",m","0",",m","0",",m","0",",m","0",",m","31",",m","0",",m","19791004","+,,m","19791022",",,m","19791021","+,,m","5.0",",m,04,+","0.3",",,m,22,","28.3",",m,21,+","134.8","","31.7",",m","0.3",",,,m","17.68",",m","25.86",",,,m","9.50",",,,m"
"MXN00009047","1979-11","19.45","-99.1833","2254.9","COLONIA TACUBA, MX","215.5","","1.4",",m","1",",m","0",",m","0",",m","0",",m","0",",m","0",",m","25",",m","0",",m","19791130",",,m","19791121",",,m","19791101",",,m","5.0",",m,30,","0.3",",,m,21,","26.7",",m,01,","216.7","","81.9",",m","0.3",",,,m","15.65",",m","22.91",",,,m","8.40",",,,m"
"MXN00009047","1979-12","19.45","-99.1833","2254.9","COLONIA TACUBA, MX","","","","","4","3,m","2","3,m","0","3,m","","","","","0",",m","25",",m","0",",m","","","19791203",",3,m","19791223",",,m","","","8.4","3,,m,03,","25.0",",m,23,","","","","","16.3","3,,,m","","","21.48",",,,m","",""
"MXN00009047","1980-01","19.45","-99.1833","2254.9","COLONIA TACUBA, MX","0.0","","0.0",",m","3",",m","3",",m","0",",m","0",",m","0",",m","0",",m","23",",m","0",",m","19800106","+,,m","19800125",",,m","19800110",",,m","3.3",",m,06,+","11.4",",,m,25,","26.1",",m,10,","","","121.0",",m","27.7",",,,m","14.43",",m","22.22",",,,m","6.64",",,,m"
"MXN00009047","1980-02","19.45","-99.1833","2254.9","COLONIA TACUBA, MX","2.5","","2.5",",m","2",",m","0",",m","0",",m","0",",m","0",",m","0",",m","25",",m","0",",m","19800204",",,m","19800228","+,,m","19800222",",,m","2.2",",m,04,","1.3",",,m,28,+","29.4",",m,22,","","","65.0",",m","2.6",",,,m","16.18",",m","24.30",",,,m","8.06",",,,m"
"MXN00009047","1980-03","19.45","-99.1833","2254.9","COLONIA TACUBA, MX","58.7","","56.2",",m","1",",m","0",",m","0",",m","0",",m","0",",m","0",",m","31",",m","0",",m","19800303",",,m","19800317",",,m","19800328",",,m","7.8",",m,03,","1.3",",,m,17,","31.7",",m,28,","","","5.3",",m","1.3",",,,m","19.98",",m","28.85",",,,m","11.10",",,,m"
"MXN00009047","1980-04","19.45","-99.1833","2254.9","COLONIA TACUBA, MX","94.6","","35.9",",m","9",",m","6",",m","0",",m","0",",m","0",",m","0",",m","28",",m","0",",m","19800409",",,m","19800418",",,m","19800402",",,m","8.9",",m,09,","8.4",",,m,18,","31.7",",m,02,","","","27.7",",m","31.8",",,,m","18.61",",m","26.02",",,,m","11.19",",,,m"
"MXN00009047","1980-05","19.45","-99.1833","2254.9","COLONIA TACUBA, MX","162.1","","67.5",",m","12",",m","5",",m","0",",m","0",",m","0",",m","0",",m","31",",m","0",",m","19800509","+,,m","19800519",",,m","19800516",",,m","10.6",",m,09,+","12.4",",,m,19,","31.7",",m,16,","","","0.0",",m","45.4",",,,m","20.51",",m","27.60",",,,m","13.42",",,,m"
"MXN00009047","1980-06","19.45","-99.1833","2254.9","COLONIA TACUBA, MX","195.2","","33.1",",m","14",",m","9",",m","1",",m","0",",m","0",",m","0",",m","30",",m","0",",m","19800601",",,m","19800620",",,m","19800603","+,,m","10.0",",m,01,","47.5",",,m,20,","29.4",",m,03,+","","","0.0",",m","106.5",",,,m","19.44",",m","26.58",",,,m","12.29",",,,m"
"MXN00009047","1980-07","19.45","-99.1833","2254.9","COLONIA TACUBA, MX","212.0","","16.8",",m","13",",m","8",",m","0",",m","0",",m","0",",m","0",",m","31",",m","0",",m","19800701",",,m","19800720",",,m","19800713","+,,m","10.6",",m,01,","19.3",",,m,20,","27.2",",m,13,+","4.0","","4.0",",m","100.0",",,,m","18.75",",m","25.21",",,,m","12.28",",,,m"
"MXN00009047","1980-08","19.45","-99.1833","2254.9","COLONIA TACUBA, MX","217.8","","5.8",",m","16",",m","13",",m","2",",m","0",",m","0",",m","0",",m","31",",m","0",",m","19800805",",,m","19800807",",,m","19800821","+,,m","11.1",",m,05,","38.9",",,m,07,","25.0",",m,21,+","14.8","","10.8",",m","211.6",",,,m","18.17",",m","23.68",",,,m","12.66",",,,m"
"MXN00009047","1980-09","19.45","-99.1833","2254.9","COLONIA TACUBA, MX","222.0","","4.2",",m","12",",m","11",",m","1",",m","0",",m","0",",m","0",",m","23",",m","0",",m","19800918","+,,m","19800926",",,m","19800922",",,m","10.0",",m,18,+","37.3",",,m,26,","27.8",",m,22,","36.5","","21.7",",m","157.6",",,,m","17.75",",m","22.58",",,,m","12.92",",,,m"
"MXN00009047","1980-10","19.45","-99.1833","2254.9","COLONIA TACUBA, MX","228.1","","6.1",",m","6",",m","4",",m","0",",m","0",",m","0",",m","0",",m","27",",m","0",",m","19801008","+,,m","19801023",",,m","19801016",",,m","8.9",",m,08,+","13.5",",,m,23,","28.3",",m,16,","69.9","","33.4",",m","33.7",",,,m","17.45",",m","23.81",",,,m","11.10",",,,m"
"MXN00009047","1980-11","19.45","-99.1833","2254.9","COLONIA TACUBA, MX","228.1","","0.0",",m","2",",m","1",",m","1",",m","0",",m","0",",m","0",",m","22",",m","0",",m","19801114","+,,m","19801103",",,m","19801126","+,,m","5.0",",m,14,+","39.9",",,m,03,","26.1",",m,26,+","156.6","","86.7",",m","41.2",",,,m","15.44",",m","22.58",",,,m","8.31",",,,m"
"MXN00009047","1980-12","19.45","-99.1833","2254.9","COLONIA TACUBA, MX","","","","","4",",m","2",",m","0",",m","","","","","0",",m","26",",m","0",",m","","","19801203",",,m","19801223",",,m","","","8.4",",,m,03,","25.0",",m,23,","","","","","16.3",",,,m","","","21.89",",,,m","",""
"MXN00009047","1981-01","19.45","-99.1833","2254.9","COLONIA TACUBA, MX","0.0","m","0.0",",m","1",",m","1",",m","0",",m","0",",m","0",",m","0",",m","13",",m","0",",m","19810126","+,,m","19810117",",,m","19810131",",,m","1.1",",m,26,+","13.0",",,m,17,","26.1",",m,31,","","","174.8",",m","13.0",",,,m","12.70",",m","20.34",",,,m","5.05",",,,m"
"MXN00009047","1981-02","19.45","-99.1833","2254.9","COLONIA TACUBA, MX","0.0","m","0.0",",m","0",",m","0",",m","0",",m","0",",m","0",",m","0",",m","20",",m","0",",m","19810212",",,m","19810228","+,,m","19810227",",,m","4.4",",m,12,","0.0",",,m,28,+","27.2",",m,27,","","","85.5",",m","0.0",",,,m","15.28",",m","22.51",",,,m","8.05",",,,m"
"MXN00009047","1981-03","19.45","-99.1833","2254.9","COLONIA TACUBA, MX","21.0","m","21.0",",m","1",",m","0",",m","0",",m","0",",m","0",",m","0",",m","29",",m","0",",m","19810323",",,m","19810311",",,m","19810330",",,m","7.2",",m,23,","1.3",",,m,11,","31.1",",m,30,","","","15.1",",m","1.3",",,,m","18.52",",m","26.64",",,,m","10.41",",,,m"
"MXN00009047","1981-04","19.45","-99.1833","2254.9","COLONIA TACUBA, MX","56.2","m","35.2",",m","5",",m","5",",m","0",",m","0",",m","0",",m","0",",m","30",",m","1",",m","19810406",",,m","19810417",",,m","19810403",",,m","7.8",",m,06,","15.0",",,m,17,","32.2",",m,03,","","","17.1",",m","56.7",",,,m","18.94",",m","27.05",",,,m","10.82",",,,m"
"MXN00009047","1981-05","19.45","-99.1833","2254.9","COLONIA TACUBA, MX","108.7","m","52.5",",m","9",",m","7",",m","0",",m","0",",m","0",",m","0",",m","31",",m","0",",m","19810504",",,m","19810521","+,,m","19810510",",,m","10.6",",m,04,","7.9",",,m,21,+","31.7",",m,10,","","","2.2",",m","41.9",",,,m","19.95",",m","27.22",",,,m","12.69",",,,m"
"MXN00009047","1981-06","19.45","-99.1833","2254.9","COLONIA TACUBA, MX","121.3","m","12.6",",m","20",",m","19",",m","3",",m","0",",m","0",",m","0",",m","18",",m","0",",m","19810618","+,,m","19810620",",,m","19810603","+,,m","11.7",",m,18,+","35.8",",,m,20,","28.3",",m,03,+","","","23.8",",m","233.8",",,,m","17.96",",m","22.99",",,,m","12.93",",,,m"
"MXN00009047","1981-07","19.45","-99.1833","2254.9","COLONIA TACUBA, MX","123.6","m","2.3",",m","12",",m","10",",m","1",",m","0",",m","0",",m","0",",m","27",",m","0",",m","19810713",",,m","19810704",",,m","19810717",",,m","11.1",",m,13,","47.8",",,m,04,","25.6",",m,17,","21.3","m","21.3",",m","133.9",",,,m","17.72",",m","23.10",",,,m","12.34",",,,m"
"MXN00009047","1981-08","19.45","-99.1833","2254.9","COLONIA TACUBA, MX","133.7","m","10.1",",m","4",",m","4",",m","0",",m","0",",m","0",",m","0",",m","28",",m","0",",m","19810806","+,,m","19810823",",,m","19810819","+,,m","10.6",",m,06,+","22.4",",,m,23,","26.7",",m,19,+","41.2","m","19.9",",m","61.5",",,,m","18.02",",m","24.11",",,,m","11.93",",,,m"
"MXN00009047","1981-09","19.45","-99.1833","2254.9","COLONIA TACUBA, MX","139.7","m","6.0",",m","8",",m","6",",m","0",",m","0",",m","0",",m","0",",m","29",",m","0",",m","19810921","+,,m","19810927",",,m","19810923","+,,m","10.6",",m,21,+","14.0",",,m,27,","26.7",",m,23,+","59.7","m","18.5",",m","41.1",",,,m","17.92",",m","23.72",",,,m","12.11",",,,m"
"MXN00009047","1981-10","19.45","-99.1833","2254.9","COLONIA TACUBA, MX","145.9","m","6.2",",m","6",",m","5",",m","1",",m","0",",m","0",",m","0",",m","28",",m","0",",m","19811022",",,m","19811030",",,m","19811017",",,m","9.4",",m,22,","26.4",",,m,30,","26.7",",m,17,","83.1","m","23.4",",m","78.5",",,,m","17.78",",m","24.02",",,,m","11.54",",,,m"
"MXN00009047","1981-11","19.45","-99.1833","2254.9","COLONIA TACUBA, MX","145.9","m","0.0",",m","0",",m","0",",m","0",",m","0",",m","0",",m","0",",m","27",",m","0",",m","19811125","+,,m","19811130","+,,m","19811130","+,,m","4.4",",m,25,+","0.0",",,m,30,+","26.1",",m,30,+","179.8","m","96.7",",m","0.0",",,,m","15.11",",m","23.34",",,,m","6.88",",,,m"
"MXN00009047","1981-12","19.45","-99.1833","2254.9","COLONIA TACUBA, MX","145.9","m","0.0",",m","1",",m","0",",m","0",",m","0",",m","0",",m","0",",m","26",",m","0",",m","19811222","+,,m","19811226",",,m","19811228","+,,m","5.6",",m,22,+","1.8",",,m,26,","26.1",",m,28,+","271.7","m","91.9",",m","1.8",",,,m","15.37",",m","22.95",",,,m","7.78",",,,m"
"MXN00009047","1982-01","19.45","-99.1833","2254.9","COLONIA TACUBA, MX","0.0","m","0.0",",m","0",",m","0",",m","0",",m","0",",m","0",",m","0",",m","29",",m","0",",m","19820128","+,,m","19820131","+,,m","19820121","+,,m","6.1",",m,28,+","0.0",",,m,31,+","26.1",",m,21,+","349.3","m","77.6",",m","0.0",",,,m","15.83",",m","24.01",",,,m","7.65",",,,m"
"MXN00009047","1982-02","19.45","-99.1833","2254.9","COLONIA TACUBA, MX","0.0","m","0.0",",m","2",",m","2",",m","0",",m","0",",m","0",",m","0",",m","28",",m","0",",m","19820208","+,,m","19820221",",,m","19820212",",,m","5.6",",m,08,+","12.4",",,m,21,","27.2",",m,12,","414.3","m","65.0",",m","17.2",",,,m","16.01",",m","24.50",",,,m","7.52",",,,m"
"MXN00009047","1982-03","19.45","-99.1833","2254.9","COLONIA TACUBA, MX","40.4","m","40.4",",m","6",",m","2",",m","0",",m","0",",m","0",",m","0",",m","30",",m","0",",m","19820308","+,,m","19820329",",,m","19820317","+,,m","5.0",",m,08,+","6.9",",,m,29,","30.0",",m,17,+","437.9","m","23.6",",m","17.4",",,,m","18.88",",m","27.50",",,,m","10.26",",,,m"
"MXN00009047","1982-04","19.45","-99.1833","2254.9","COLONIA TACUBA, MX","123.0","m","82.6",",m","5",",m","0",",m","0",",m","0",",m","0",",m","0",",m","30",",m","0",",m","19820423",",,m","19820420","+,,m","19820417","+,,m","10.0",",m,23,","1.8",",,m,20,+","31.7",",m,17,+","441.2","m","3.3",",m","6.2",",,,m","20.98",",m","29.31",",,,m","12.64",",,,m"
"MXN00009047","1982-05","19.45","-99.1833","2254.9","COLONIA TACUBA, MX","174.8","m","51.8",",m","10",",m","8",",m","0",",m","0",",m","0",",m","0",",m","31",",m","0",",m","19820502",",,m","19820525","+,,m","19820517",",,m","10.0",",m,02,","13.5",",,m,25,+","31.7",",m,17,","442.3","m","1.1",",m","58.1",",,,m","19.97",",m","26.86",",,,m","13.08",",,,m"
"MXN00009047","1982-06","19.45","-99.1833","2254.9","COLONIA TACUBA, MX","236.6","m","61.8",",m","9",",m","4",",m","1",",m","0",",m","0",",m","0",",m","28",",m","0",",m","19820630",",,m","19820620",",,m","19820605","+,,m","8.9",",m,30,","38.9",",,m,20,","31.7",",m,05,+","450.6","m","8.3",",m","86.3",",,,m","20.12",",m","27.52",",,,m","12.71",",,,m"
"MXN00009047","1982-07","19.45","-99.1833","2254.9","COLONIA TACUBA, MX","241.0","m","4.4",",m","19",",m","11",",m","1",",m","0",",m","0",",m","0",",m","31",",m","0",",m","19820701",",,m","19820730",",,m","19820719",",,m","8.9",",m,01,","39.9",",,m,30,","25.6",",m,19,","13.9","m","13.9",",m","146.2",",,,m","18.03",",m","24.13",",,,m","11.93",",,,m"
"MXN00009047","1982-08","19.45","-99.1833","2254.9","COLONIA TACUBA, MX","251.2","m","10.2",",m","7",",m","5",",m","0",",m","0",",m","0",",m","0",",m","31",",m","0",",m","19820820","+,,m","19820815",",,m","19820819",",,m","10.6",",m,20,+","14.0",",,m,15,","28.3",",m,19,","20.6","m","6.7",",m","51.9",",,,m","18.44",",m","24.92",",,,m","11.97",",,,m"
"MXN00009047","1982-09","19.45","-99.1833","2254.9","COLONIA TACUBA, MX","259.7","m","8.5",",m","5",",m","3",",m","0",",m","0",",m","0",",m","0",",m","30",",m","0",",m","19820930","+,,m","19820908",",,m","19820930",",,m","10.6",",m,30,+","15.0",",,m,08,","27.8",",m,30,","36.5","m","15.9",",m","24.0",",,,m","18.09",",m","24.35",",,,m","11.82",",,,m"
"MXN00009047","1982-10","19.45","-99.1833","2254.9","COLONIA TACUBA, MX","261.1","m","1.4",",m","5",",m","3",",m","0",",m","0",",m","0",",m","0",",m","28",",m","0",",m","19821027","+,,m","19821004",",,m","19821001",",,m","6.7",",m,27,+","16.8",",,m,04,","27.8",",m,01,","84.4","m","47.9",",m","34.1",",,,m","16.83",",m","23.42",",,,m","10.25",",,,m"
"MXN00009047","1982-11","19.45","-99.1833","2254.9","COLONIA TACUBA, MX","261.1","m","0.0",",m","0",",m","0",",m","0",",m","0",",m","0",",m","0",",m","28",",m","0",",m","19821108","+,,m","19821130","+,,m","19821111",",,m","3.3",",m,08,+","0.0",",,m,30,+","26.1",",m,11,","174.6","m","90.2",",m","0.0",",,,m","15.33",",m","23.53",",,,m","7.12",",,,m"
"MXN00009047","1982-12","19.45","-99.1833","2254.9","COLONIA TACUBA, MX","263.1","m","2.0",",m","1",",m","0",",m","0",",m","0",",m","0",",m","0",",m","30",",m","0",",m","19821224","+,,m","19821229",",,m","19821225",",,m","2.8",",m,24,+","2.3",",,m,29,","26.7",",m,25,","285.4","m","110.8",",m","2.3",",,,m","14.82",",m","23.35",",,,m","6.30",",,,m"
"MXN00009047","1983-01","19.45","-99.1833","2254.9","COLONIA TACUBA, MX","0.0","","0.0",",m","2",",m","1",",m","0",",m","0",",m","0",",m","0",",m","14",",m","0",",m","19830123","+,,m","19830118",",,m","19830131",",,m","2.2",",m,23,+","11.4",",,m,18,","26.1",",m,31,","445.1","","159.7",",m","13.7",",,,m","13.18",",m","20.36",",,,m","6.00",",,,m"
"MXN00009047","1983-02","19.45","-99.1833","2254.9","COLONIA TACUBA, MX","0.0","","0.0",",m","1",",m","1",",m","0",",m","0",",m","0",",m","0",",m","20",",m","0",",m","19830226","+,,m","19830225",",,m","19830205","+,,m","1.7",",m,26,+","2.8",",,m,25,","27.2",",m,05,+","570.1","","125.0",",m","2.8",",,,m","13.87",",m","22.54",",,,m","5.20",",,,m"
"MXN00009047","1983-03","19.45","-99.1833","2254.9","COLONIA TACUBA, MX","9.0","","9.0",",m","1",",m","0",",m","0",",m","0",",m","0",",m","0",",m","31",",m","0",",m","19830314",",,m","19830313",",,m","19830331","+,,m","5.0",",m,14,","1.3",",,m,13,","29.4",",m,31,+","616.9","","46.8",",m","1.3",",,,m","17.11",",m","26.27",",,,m","7.96",",,,m"
"MXN00009047","1983-04","19.45","-99.1833","2254.9","COLONIA TACUBA, MX","76.0","","67.0",",m","0",",m","0",",m","0",",m","0",",m","0",",m","0",",m","30",",m","5",",m","19830417",",,m","19830430","+,,m","19830423","+,,m","8.3",",m,17,","0.0",",,m,30,+","33.3",",m,23,+","617.5","","0.6",",m","0.0",",,,m","20.55",",m","29.74",",,,m","11.35",",,,m"
"MXN00009047","1983-05","19.45","-99.1833","2254.9","COLONIA TACUBA, MX","211.0","","135.0",",m","6",",m","2",",m","0",",m","0",",m","0",",m","0",",m","31",",m","5",",m","19830531",",,m","19830525",",,m","19830503",",,m","11.7",",m,31,","17.3",",,m,25,","35.0",",m,03,","619.5","","2.0",",m","26.8",",,,m","22.63",",m","29.94",",,,m","15.32",",,,m"
"MXN00009047","1983-06","19.45","-99.1833","2254.9","COLONIA TACUBA, MX","283.1","","72.1",",m","8",",m","6",",m","1",",m","0",",m","0",",m","0",",m","29",",m","0",",m","19830619","+,,m","19830623",",,m","19830601",",,m","11.7",",m,19,+","47.0",",,m,23,","31.7",",m,01,","621.2","","1.7",",m","118.0",",,,m","20.68",",m","27.25",",,,m","14.11",",,,m"
"MXN00009047","1983-07","19.45","-99.1833","2254.9","COLONIA TACUBA, MX","291.1","","8.0",",m","21",",m","14",",m","0",",m","0",",m","0",",m","0",",m","26",",m","0",",m","19830725","+,,m","19830714",",,m","19830727","+,,m","10.6",",m,25,+","23.9",",,m,14,","25.6",",m,27,+","16.2","","16.2",",m","178.1",",,,m","18.07",",m","23.32",",,,m","12.82",",,,m"
"MXN00009047","1983-08","19.45","-99.1833","2254.9","COLONIA TACUBA, MX","300.5","","9.4",",m","14",",m","12",",m","0",",m","0",",m","0",",m","0",",m","28",",m","0",",m","19830815",",,m","19830804",",,m","19830817",",,m","10.6",",m,15,","13.7",",,m,04,","26.1",",m,17,","28.9","","12.7",",m","110.8",",,,m","18.22",",m","23.56",",,,m","12.89",",,,m"
"MXN00009047","1983-09","19.45","-99.1833","2254.9","COLONIA TACUBA, MX","309.7","","9.2",",m","11",",m","9",",m","0",",m","0",",m","0",",m","0",",m","26",",m","0",",m","19830930","+,,m","19830922",",,m","19830924","+,,m","10.0",",m,30,+","15.2",",,m,22,","25.0",",m,24,+","56.5","","27.6",",m","88.2",",,,m","17.72",",m","22.93",",,,m","12.50",",,,m"
"MXN00009047","1983-10","19.45","-99.1833","2254.9","COLONIA TACUBA, MX","311.7","","2.0",",m","6",",m","1",",m","0",",m","0",",m","0",",m","0",",m","25",",m","0",",m","19831027","+,,m","19831024",",,m","19831020","+,,m","6.7",",m,27,+","5.3",",,m,24,","25.6",",m,20,+","99.6","","43.1",",m","9.8",",,,m","17.01",",m","23.09",",,,m","10.92",",,,m"
"MXN00009047","1983-11","19.45","-99.1833","2254.9","COLONIA TACUBA, MX","311.7","","0.0",",m","3",",m","2",",m","0",",m","0",",m","0",",m","0",",m","26",",m","0",",m","19831120",",,m","19831108",",,m","19831130","+,,m","6.1",",m,20,","3.3",",,m,08,","25.0",",m,30,+","157.0","","57.4",",m","6.9",",,,m","16.42",",m","22.85",",,,m","10.00",",,,m"
"MXN00009047","1984-01","19.45","-99.1833","2254.9","COLONIA TACUBA, MX","0.0","m","0.0",",m","3",",m","1",",m","0",",m","0",",m","0",",m","0",",m","23",",m","0",",m","19840121",",,m","19840111",",,m","19840117",",,m","1.7",",m,21,","5.3",",,m,11,","24.4",",m,17,","","","131.8",",m","6.4",",,,m","14.08",",m","21.61",",,,m","6.55",",,,m"
"MXN00009047","1984-02","19.45","-99.1833","2254.9","COLONIA TACUBA, MX","0.1","m","0.1",",m","3",",m","1",",m","0",",m","0",",m","0",",m","0",",m","24",",m","0",",m","19840229","+,,m","19840209",",,m","19840229","+,,m","5.0",",m,29,+","2.8",",,m,09,","26.7",",m,29,+","","","88.5",",m","3.9",",,,m","15.28",",m","22.67",",,,m","7.90",",,,m"
"MXN00009047","1984-03","19.45","-99.1833","2254.9","COLONIA TACUBA, MX","18.4","m","18.3",",m","0",",m","0",",m","0",",m","0",",m","0",",m","0",",m","31",",m","0",",m","19840308","+,,m","19840331","+,,m","19840331","+,,m","8.9",",m,08,+","0.0",",,m,31,+","30.6",",m,31,+","","","19.0",",m","0.0",",,,m","18.31",",m","26.23",",,,m","10.39",",,,m"
"MXN00009047","1984-04","19.45","-99.1833","2254.9","COLONIA TACUBA, MX","103.1","m","84.7",",m","0",",m","0",",m","0",",m","0",",m","0",",m","0",",m","30",",m","2",",m","19840417",",,m","19840430","+,,m","19840430",",,m","8.9",",m,17,","0.0",",,m,30,+","32.8",",m,30,","","","2.8",",m","0.0",",,,m","21.07",",m","29.60",",,,m","12.53",",,,m"
"MXN00009047","1984-05","19.45","-99.1833","2254.9","COLONIA TACUBA, MX","","","","","10",",m","6",",m","0",",m","","","","","","","","","","","","","19840528",",,m","","","","","8.9",",,m,28,","","","","","","","32.9",",,,m","","","","","",""
"MXN00009047","1984-06","19.45","-99.1833","2254.9","COLONIA TACUBA, MX","","","9.5",",m","13",",m","13",",m","0",",m","0",",m","0",",m","0",",m","29",",m","0",",m","19840601",",,m","19840621",",,m","19840630","+,,m","8.9",",m,01,","21.3",",,m,21,","26.1",",m,30,+","","","10.5",",m","105.8",",,,m","18.30",",m","23.99",",,,m","12.61",",,,m"
"MXN00009047","1984-07","19.45","-99.1833","2254.9","COLONIA TACUBA, MX","","","2.6",",m","15",",m","13",",m","2",",m","0",",m","0",",m","0",",m","19",",m","0",",m","19840730","+,,m","19840705",",,m","19840701",",,m","11.7",",m,30,+","34.0",",,m,05,","25.6",",m,01,","32.2","m","32.2",",m","209.5",",,,m","17.38",",m","22.00",",,,m","12.76",",,,m"
"MXN00009047","1984-08","19.45","-99.1833","2254.9","COLONIA TACUBA, MX","","","0.0",",m","14",",m","12",",m","2",",m","0",",m","0",",m","0",",m","24",",m","0",",m","19840820",",,m","19840815",",,m","19840813",",,m","10.0",",m,20,","53.8",",,m,15,","25.0",",m,13,","74.4","m","42.2",",m","181.9",",,,m","16.97",",m","22.01",",,,m","11.94",",,,m"
"MXN00009047","1984-09","19.45","-99.1833","2254.9","COLONIA TACUBA, MX","","","0.5",",m","14",",m","12",",m","1",",m","0",",m","0",",m","0",",m","16",",m","0",",m","19840928",",,m","19840904",",,m","19840902",",,m","10.0",",m,28,","26.4",",,m,04,","24.4",",m,02,","137.8","m","63.4",",m","183.4",",,,m","16.24",",m","20.32",",,,m","12.15",",,,m"
"MXN00009047","1984-10","19.45","-99.1833","2254.9","COLONIA TACUBA, MX","","","7.7",",m","7",",m","6",",m","0",",m","0",",m","0",",m","0",",m","29",",m","0",",m","19841027","+,,m","19841022",",,m","19841016",",,m","10.0",",m,27,+","14.7",",,m,22,","27.8",",m,16,","159.3","m","21.5",",m","62.5",",,,m","17.89",",m","24.35",",,,m","11.42",",,,m"
"MXN00009047","1984-11","19.45","-99.1833","2254.9","COLONIA TACUBA, MX","","","0.3",",m","0",",m","0",",m","0",",m","0",",m","0",",m","0",",m","27",",m","0",",m","19841120",",,m","19841130","+,,m","19841127","+,,m","5.6",",m,20,","0.0",",,m,30,+","26.1",",m,27,+","232.6","m","73.3",",m","0.0",",,,m","15.90",",m","23.31",",,,m","8.49",",,,m"
"MXN00009047","1984-12","19.45","-99.1833","2254.9","COLONIA TACUBA, MX","","","0.0",",m","3",",m","1",",m","0",",m","0",",m","0",",m","0",",m","25",",m","0",",m","19841226",",,m","19841201",",,m","19841217",",,m","3.9",",m,26,","3.8",",,m,01,","25.6",",m,17,","345.0","m","112.4",",m","6.1",",,,m","14.71",",m","22.31",",,,m","7.10",",,,m"
"MXN00009047","1985-01","19.45","-99.1833","2254.9","COLONIA TACUBA, MX","0.0","m","0.0",",m","0",",m","0",",m","0",",m","0",",m","0",",m","0",",m","21",",m","0",",m","19850105",",,m","19850131","+,,m","19850130",",,m","1.7",",m,05,","0.0",",,m,31,+","25.6",",m,30,","461.1","m","116.1",",m","0.0",",,,m","14.59",",m","21.77",",,,m","7.40",",,,m"
"MXN00009047","1985-02","19.45","-99.1833","2254.9","COLONIA TACUBA, MX","0.0","m","0.0",",m","0",",m","0",",m","0",",m","0",",m","0",",m","0",",m","23",",m","0",",m","19850216",",,m","19850228","+,,m","19850224","+,,m","5.0",",m,16,","0.0",",,m,28,+","26.7",",m,24,+","523.2","m","62.1",",m","0.0",",,,m","16.12",",m","23.98",",,,m","8.25",",,,m"
"MXN00009047","1985-03","19.45","-99.1833","2254.9","COLONIA TACUBA, MX","18.5","m","18.5",",m","1",",m","1",",m","0",",m","0",",m","0",",m","0",",m","31",",m","0",",m","19850310","+,,m","19850328",",,m","19850304",",,m","8.3",",m,10,+","3.3",",,m,28,","29.4",",m,04,","539.9","m","16.7",",m","3.3",",,,m","18.39",",m","26.40",",,,m","10.38",",,,m"
"MXN00009047","1985-04","19.45","-99.1833","2254.9","COLONIA TACUBA, MX","34.1","m","15.6",",m","8",",m","5",",m","1",",m","0",",m","0",",m","0",",m","25",",m","0",",m","19850403",",,m","19850409",",,m","19850430","+,,m","7.8",",m,03,","39.9",",,m,09,","27.8",",m,30,+","578.7","m","38.8",",m","62.7",",,,m","17.56",",m","24.13",",,,m","10.99",",,,m"
"MXN00009047","1985-05","19.45","-99.1833","2254.9","COLONIA TACUBA, MX","72.9","m","38.8",",m","8",",m","5",",m","0",",m","0",",m","0",",m","0",",m","29",",m","0",",m","19850503",",,m","19850517",",,m","19850513",",,m","8.3",",m,03,","10.4",",,m,17,","30.6",",m,13,","594.5","m","15.8",",m","35.5",",,,m","19.07",",m","26.07",",,,m","12.08",",,,m"
"MXN00009047","1985-06","19.45","-99.1833","2254.9","COLONIA TACUBA, MX","85.1","m","12.2",",m","16",",m","14",",m","2",",m","0",",m","0",",m","0",",m","26",",m","0",",m","19850609","+,,m","19850622",",,m","19850601",",,m","11.7",",m,09,+","57.4",",,m,22,","27.2",",m,01,","610.1","m","15.6",",m","218.8",",,,m","18.22",",m","23.28",",,,m","13.16",",,,m"
"MXN00009047","1985-07","19.45","-99.1833","2254.9","COLONIA TACUBA, MX","86.8","m","1.7",",m","21",",m","17",",m","1",",m","0",",m","0",",m","0",",m","24",",m","0",",m","19850718","+,,m","19850721",",,m","19850727",",,m","10.0",",m,18,+","36.1",",,m,21,","26.1",",m,27,","44.1","m","44.1",",m","162.7",",,,m","16.96",",m","22.00",",,,m","11.93",",,,m"
"MXN00009047","1985-08","19.45","-99.1833","2254.9","COLONIA TACUBA, MX","93.1","m","6.3",",m","15",",m","9",",m","0",",m","0",",m","0",",m","0",",m","31",",m","0",",m","19850806",",,m","19850830",",,m","19850810",",,m","10.0",",m,06,","21.8",",,m,30,","26.1",",m,10,","54.7","m","10.6",",m","105.8",",,,m","18.19",",m","23.98",",,,m","12.40",",,,m"
"MXN00009047","1985-09","19.45","-99.1833","2254.9","COLONIA TACUBA, MX","96.4","m","3.3",",m","12",",m","10",",m","1",",m","0",",m","0",",m","0",",m","26",",m","0",",m","19850927","+,,m","19850916",",,m","19850903",",,m","10.0",",m,27,+","25.4",",,m,16,","25.6",",m,03,","72.5","m","17.8",",m","90.1",",,,m","17.85",",m","23.62",",,,m","12.07",",,,m"
"MXN00009047","1985-10","19.45","-99.1833","2254.9","COLONIA TACUBA, MX","98.4","m","2.0",",m","6",",m","5",",m","0",",m","0",",m","0",",m","0",",m","28",",m","0",",m","19851026",",,m","19851007",",,m","19851031","+,,m","7.2",",m,26,","14.2",",,m,07,","25.0",",m,31,+","106.5","m","34.0",",m","40.6",",,,m","17.30",",m","23.52",",,,m","11.08",",,,m"
"MXN00009047","1985-11","19.45","-99.1833","2254.9","COLONIA TACUBA, MX","99.0","m","0.6",",m","1",",m","0",",m","0",",m","0",",m","0",",m","0",",m","29",",m","0",",m","19851104",",,m","19851118",",,m","19851111",",,m","5.6",",m,04,","2.3",",,m,18,","27.2",",m,11,","169.7","m","63.2",",m","2.3",",,,m","16.25",",m","23.82",",,,m","8.67",",,,m"
"MXN00009047","1985-12","19.45","-99.1833","2254.9","COLONIA TACUBA, MX","99.0","m","0.0",",m","0",",m","0",",m","0",",m","0",",m","0",",m","0",",m","23",",m","0",",m","19851207","+,,m","19851231","+,,m","19851223","+,,m","5.6",",m,07,+","0.0",",,m,31,+","25.0",",m,23,+","274.6","m","104.9",",m","0.0",",,,m","14.95",",m","21.77",",,,m","8.13",",,,m"
"MXN00009047","1986-01","19.45","-99.1833","2254.9","COLONIA TACUBA, MX","0.0","m","0.0",",m","0",",m","0",",m","0",",m","0",",m","3",",m","0",",m","18",",m","0",",m","19860115","+,,m","19860131","+,,m","19860130",",,m","0.0",",m,15,+","0.0",",,m,31,+","27.2",",m,30,","437.5","m","162.9",",m","0.0",",,,m","13.08",",m","21.07",",,,m","5.09",",,,m"
"MXN00009047","1986-02","19.45","-99.1833","2254.9","COLONIA TACUBA, MX","0.0","m","0.0",",m","0",",m","0",",m","0",",m","0",",m","0",",m","0",",m","26",",m","0",",m","19860206",",,m","19860228","+,,m","19860221",",,m","3.9",",m,06,","0.0",",,m,28,+","26.7",",m,21,","499.5","m","62.0",",m","0.0",",,,m","16.12",",m","24.03",",,,m","8.21",",,,m"
"MXN00009047","1986-03","19.45","-99.1833","2254.9","COLONIA TACUBA, MX","8.0","m","8.0",",m","0",",m","0",",m","0",",m","0",",m","1",",m","0",",m","27",",m","0",",m","19860322",",,m","19860331","+,,m","19860319","+,,m","0.0",",m,22,","0.0",",,m,31,+","30.0",",m,19,+","562.4","m","62.9",",m","0.0",",,,m","16.56",",m","25.03",",,,m","8.10",",,,m"
"MXN00009047","1986-04","19.45","-99.1833","2254.9","COLONIA TACUBA, MX","48.1","m","40.1",",m","11",",m","3",",m","0",",m","0",",m","0",",m","0",",m","30",",m","0",",m","19860425","+,,m","19860424",",,m","19860405",",,m","9.4",",m,25,+","21.3",",,m,24,","31.7",",m,05,","575.0","m","12.6",",m","39.1",",,,m","19.25",",m","26.79",",,,m","11.70",",,,m"
"MXN00009047","1986-05","19.45","-99.1833","2254.9","COLONIA TACUBA, MX","95.6","m","47.5",",m","13",",m","6",",m","0",",m","0",",m","0",",m","0",",m","30",",m","0",",m","19860504",",,m","19860516",",,m","19860516","+,,m","10.6",",m,04,","11.4",",,m,16,","31.1",",m,16,+","581.9","m","6.9",",m","48.0",",,,m","19.64",",m","26.09",",,,m","13.19",",,,m"
"MXN00009047","1986-06","19.45","-99.1833","2254.9","COLONIA TACUBA, MX","106.5","m","10.9",",m","28",",m","21",",m","2",",m","0",",m","0",",m","0",",m","29",",m","0",",m","19860630",",,m","19860603",",,m","19860601",",,m","10.6",",m,30,","47.5",",,m,03,","27.2",",m,01,","589.8","m","7.9",",m","311.2",",,,m","18.44",",m","23.56",",,,m","13.31",",,,m"
"MXN00009047","1986-07","19.45","-99.1833","2254.9","COLONIA TACUBA, MX","109.6","m","3.1",",m","15",",m","7",",m","0",",m","0",",m","0",",m","0",",m","28",",m","0",",m","19860727","+,,m","19860715",",,m","19860729",",,m","10.0",",m,27,+","20.3",",,m,15,","26.1",",m,29,","25.6","m","25.6",",m","102.1",",,,m","17.61",",m","23.31",",,,m","11.91",",,,m"
"MXN00009047","1986-08","19.45","-99.1833","2254.9","COLONIA TACUBA, MX","115.8","m","6.2","1,m","16","1,m","12","1,m","0","1,m","0","1,m","0","1,m","0","1,m","30","1,m","0","1,m","19860821",",1,m","19860829",",1,m","19860818",",1,m","10.0","1,m,21,","19.1","1,,m,29,","26.1","1,m,18,","34.9","m","9.3","1,m","105.6","1,,,m","18.23","1,m","24.05","1,,,m","12.41","1,,,m"
"MXN00009047","1986-09","19.45","-99.1833","2254.9","COLONIA TACUBA, MX","132.5","m","16.7",",m","11",",m","7",",m","0",",m","0",",m","0",",m","0",",m","30",",m","0",",m","19860914",",,m","19860930",",,m","19860926","+,,m","10.0",",m,14,","23.4",",,m,30,","26.7",",m,26,+","43.3","m","8.4",",m","91.5",",,,m","18.61",",m","24.56",",,,m","12.66",",,,m"
"MXN00009047","1986-10","19.45","-99.1833","2254.9","COLONIA TACUBA, MX","141.3","m","8.8",",m","6",",m","4",",m","0",",m","0",",m","0",",m","0",",m","26",",m","0",",m","19861031",",,m","19861005",",,m","19861014",",,m","6.1",",m,31,","24.6",",,m,05,","26.1",",m,14,","81.2","m","37.9",",m","63.3",",,,m","17.39",",m","23.14",",,,m","11.65",",,,m"
"MXN00009047","1986-11","19.45","-99.1833","2254.9","COLONIA TACUBA, MX","143.5","m","2.2","2,m","4",",m","0",",m","0",",m","0","1,m","0","1,m","0","1,m","25","1,m","0","1,m","19861130","+,1,m","19861124",",,m","19861119",",1,m","5.6","1,m,30,+","1.3",",,m,24,","27.8","1,m,19,","121.8","m","40.6","1,m","3.9",",,,m","16.85","2,m","23.77","1,,,m","9.93","1,,,m"
"MXN00009047","1986-12","19.45","-99.1833","2254.9","COLONIA TACUBA, MX","143.8","m","0.3",",m","0",",m","0",",m","0",",m","0",",m","0",",m","0",",m","27",",m","0",",m","19861231",",,m","19861231","+,,m","19861212",",,m","4.4",",m,31,","0.0",",,m,31,+","27.2",",m,12,","211.5","m","89.7",",m","0.0",",,,m","15.45",",m","23.07",",,,m","7.83",",,,m"
"MXN00009047","1987-01","19.45","-99.1833","2254.9","COLONIA TACUBA, MX","0.0","m","0.0",",m","0",",m","0",",m","0",",m","0",",m","0",",m","0",",m","27",",m","0",",m","19870123",",,m","19870131","+,,m","19870118","+,,m","1.7",",m,23,","0.0",",,m,31,+","27.2",",m,18,+","300.4","m","88.9",",m","0.0",",,,m","15.47",",m","24.03",",,,m","6.90",",,,m"
"MXN00009047","1987-02","19.45","-99.1833","2254.9","COLONIA TACUBA, MX","6.7","m","6.7",",m","2",",m","1",",m","0",",m","0",",m","0",",m","0",",m","23",",m","0",",m","19870208",",,m","19870213",",,m","19870218",",,m","1.7",",m,08,","3.8",",,m,13,","27.8",",m,18,","369.2","m","68.8",",m","6.1",",,,m","16.11",",m","23.81",",,,m","8.42",",,,m"
"MXN00009047","1987-03","19.45","-99.1833","2254.9","COLONIA TACUBA, MX","32.0","m","25.3",",m","1",",m","0",",m","0",",m","0",",m","1",",m","0",",m","26",",m","0",",m","19870306",",,m","19870305",",,m","19870322","+,,m","0.0",",m,06,","0.8",",,m,05,","30.6",",m,22,+","417.8","m","48.6",",m","0.8",",,,m","17.58",",m","25.11",",,,m","10.05",",,,m"
"MXN00009047","1987-04","19.45","-99.1833","2254.9","COLONIA TACUBA, MX","50.4","m","18.4",",m","3",",m","2",",m","0",",m","0",",m","0",",m","0",",m","29",",m","0",",m","19870402","+,,m","19870422",",,m","19870419",",,m","7.8",",m,02,+","7.4",",,m,22,","30.0",",m,19,","435.9","m","18.1",",m","10.2",",,,m","18.35",",m","25.61",",,,m","11.08",",,,m"
"MXN00009047","1987-05","19.45","-99.1833","2254.9","COLONIA TACUBA, MX","81.0","m","30.6",",m","9",",m","5",",m","0",",m","0",",m","0",",m","0",",m","31",",m","0",",m","19870510",",,m","19870528",",,m","19870527",",,m","9.4",",m,10,","9.7",",,m,28,","30.0",",m,27,","440.7","m","4.8",",m","28.3",",,,m","19.17",",m","26.38",",,,m","11.95",",,,m"
"MXN00009047","1987-06","19.45","-99.1833","2254.9","COLONIA TACUBA, MX","111.4","m","30.4",",m","14",",m","8",",m","1",",m","0",",m","0",",m","0",",m","27",",m","0",",m","19870606",",,m","19870614",",,m","19870611",",,m","11.1",",m,06,","38.4",",,m,14,","27.8",",m,11,","454.6","m","13.9",",m","111.5",",,,m","18.88",",m","24.61",",,,m","13.16",",,,m"
"MXN00009047","1987-07","19.45","-99.1833","2254.9","COLONIA TACUBA, MX","134.3","m","22.9",",m","18",",m","12",",m","1",",m","0",",m","0",",m","0",",m","26",",m","0",",m","19870722","+,,m","19870729",",,m","19870716",",,m","11.7",",m,22,+","46.0",",,m,29,","27.2",",m,16,","16.7","m","16.7",",m","160.5",",,,m","18.53",",m","23.51",",,,m","13.56",",,,m"
"MXN00009047","1987-08","19.45","-99.1833","2254.9","COLONIA TACUBA, MX","153.5","m","19.2",",m","18",",m","13",",m","2",",m","0",",m","0",",m","0",",m","31",",m","0",",m","19870817","+,,m","19870823",",,m","19870814","+,,m","11.7",",m,17,+","45.5",",,m,23,","26.7",",m,14,+","19.2","m","2.5",",m","163.3",",,,m","18.87",",m","24.69",",,,m","13.05",",,,m"
"MXN00009047","1987-09","19.45","-99.1833","2254.9","COLONIA TACUBA, MX","192.8","m","39.3",",m","7",",m","7",",m","4",",m","0",",m","0",",m","0",",m","29",",m","0",",m","19870909","+,,m","19870919",",,m","19870915",",,m","11.1",",m,09,+","68.3",",,m,19,","28.9",",m,15,","22.9","m","3.7",",m","207.0",",,,m","19.52",",m","25.59",",,,m","13.45",",,,m"
"MXN00009047","1987-10","19.45","-99.1833","2254.9","COLONIA TACUBA, MX","193.1","m","0.3",",m","0",",m","0",",m","0",",m","0",",m","0",",m","0",",m","26",",m","0",",m","19871031",",,m","19871031","+,,m","19871020",",,m","5.6",",m,31,","0.0",",,m,31,+","26.1",",m,20,","94.8","m","71.9",",m","0.0",",,,m","16.02",",m","23.23",",,,m","8.82",",,,m"
"MXN00009047","1987-11","19.45","-99.1833","2254.9","COLONIA TACUBA, MX","193.1","m","0.0",",m","4",",m","2",",m","0",",m","0",",m","0",",m","0",",m","28",",m","0",",m","19871111","+,,m","19871112",",,m","19871108",",,m","5.0",",m,11,+","3.8",",,m,12,","26.7",",m,08,","163.3","m","68.5",",m","7.4",",,,m","16.05",",m","23.34",",,,m","8.77",",,,m"
"MXN00009047","1987-12","19.45","-99.1833","2254.9","COLONIA TACUBA, MX","194.8","m","1.7",",m","0",",m","0",",m","0",",m","0",",m","0",",m","0",",m","28",",m","0",",m","19871230",",,m","19871231","+,,m","19871225",",,m","5.6",",m,30,","0.0",",,m,31,+","28.3",",m,25,","220.4","m","57.1",",m","0.0",",,,m","16.54",",m","24.01",",,,m","9.08",",,,m"
"MXN00009047","1988-01","19.45","-99.1833","2254.9","COLONIA TACUBA, MX","0.0","","0.0",",m","1",",m","0",",m","0",",m","0",",m","1",",m","0",",m","24",",m","0",",m","19880127",",,m","19880110",",,m","19880131","+,,m","0.0",",m,27,","0.3",",,m,10,","25.0",",m,31,+","355.3","","134.9",",m","0.3",",,,m","13.98",",m","21.86",",,,m","6.11",",,,m"
"MXN00009047","1988-02","19.45","-99.1833","2254.9","COLONIA TACUBA, MX","3.1","","3.1",",m","2",",m","1",",m","0",",m","0",",m","0",",m","0",",m","25",",m","0",",m","19880221",",,m","19880213",",,m","19880219",",,m","3.9",",m,21,","8.9",",,m,13,","30.0",",m,19,","415.4","","60.1",",m","11.2",",,,m","16.37",",m","24.42",",,,m","8.31",",,,m"
"MXN00009047","1988-03","19.45","-99.1833","2254.9","COLONIA TACUBA, MX","14.2","","11.1",",m","6",",m","3",",m","1",",m","0",",m","0",",m","0",",m","27",",m","0",",m","19880320",",,m","19880304",",,m","19880313",",,m","2.2",",m,20,","30.0",",,m,04,","29.4",",m,13,","463.7","","48.3",",m","44.3",",,,m","17.13",",m","24.55",",,,m","9.72",",,,m"
"MXN00009047","1988-04","19.45","-99.1833","2254.9","COLONIA TACUBA, MX","81.7","","67.5",",m","6",",m","2",",m","0",",m","0",",m","0",",m","0",",m","30",",m","0",",m","19880413",",,m","19880415",",,m","19880427","+,,m","9.4",",m,13,","10.2",",,m,15,","31.1",",m,27,+","476.8","","13.1",",m","16.6",",,,m","20.15",",m","27.78",",,,m","12.52",",,,m"
