"STATION","DATE","LATITUDE","LONGITUDE","ELEVATION","NAME","CDSD","CDSD_ATTRIBUTES","CLDD","CLDD_ATTRIBUTES","DP01","DP01_ATTRIBUTES","DP10","DP10_ATTRIBUTES","DP1X","DP1X_ATTRIBUTES","DT00","DT00_ATTRIBUTES","DT32","DT32_ATTRIBUTES","DX32","DX32_ATTRIBUTES","DX70","DX70_ATTRIBUTES","DX90","DX90_ATTRIBUTES","DYNT","DYNT_ATTRIBUTES","DYXP","DYXP_ATTRIBUTES","DYXT","DYXT_ATTRIBUTES","EMNT","EMNT_ATTRIBUTES","EMXP","EMXP_ATTRIBUTES","EMXT","EMXT_ATTRIBUTES","HDSD","HDSD_ATTRIBUTES","HTDD","HTDD_ATTRIBUTES","PRCP","PRCP_ATTRIBUTES","TAVG","TAVG_ATTRIBUTES","TMAX","TMAX_ATTRIBUTES","TMIN","TMIN_ATTRIBUTES"
"MXN00007223","1974-11","16.6333","-93.0667","479.8","SAN LUIS, MX","","","167.1",",m","0",",m","0",",m","0",",m","0",",m","0",",m","0",",m","30",",m","10",",m","19741123","+,,m","19741130","+,,m","19741126","+,,m","13.9",",m,23,+","0.0",",,m,30,+","33.9",",m,26,+","","","0.0",",m","0.0",",,,m","23.90",",m","31.19",",,,m","16.62",",,,m"
"MXN00007223","1974-12","16.6333","-93.0667","479.8","SAN LUIS, MX","","","228.4",",m","0",",m","0",",m","0",",m","0",",m","0",",m","0",",m","31",",m","23",",m","19741211","+,,m","19741231","+,,m","19741222","+,,m","13.9",",m,11,+","0.0",",,m,31,+","37.8",",m,22,+","","","0.0",",m","0.0",",,,m","25.70",",m","33.40",",,,m","18.00",",,,m"
"MXN00007223","1975-01","16.6333","-93.0667","479.8","SAN LUIS, MX","191.2","","191.2",",m","0",",m","0",",m","0",",m","0",",m","0",",m","0",",m","31",",m","18",",m","19750112",",,m","19750131","+,,m","19750109",",,m","10.6",",m,12,","0.0",",,m,31,+","35.0",",m,09,","","","0.0",",m","0.0",",,,m","24.50",",m","32.29",",,,m","16.71",",,,m"
"MXN00007223","1975-02","16.6333","-93.0667","479.8","SAN LUIS, MX","380.3","","189.1",",m","0",",m","0",",m","0",",m","0",",m","0",",m","0",",m","28",",m","9",",m","19750226",",,m","19750228","+,,m","19750228",",,m","13.9",",m,26,","0.0",",,m,28,+","42.8",",m,28,","","","0.0",",m","0.0",",,,m","25.09",",m","31.69",",,,m","18.49",",,,m"
"MXN00007223","1975-03","16.6333","-93.0667","479.8","SAN LUIS, MX","629.3","","249.0",",m","0",",m","0",",m","0",",m","0",",m","0",",m","0",",m","31",",m","29",",m","19750313",",,m","19750331","+,,m","19750331","+,,m","11.7",",m,13,","0.0",",,m,31,+","38.9",",m,31,+","","","0.0",",m","0.0",",,,m","26.37",",m","35.40",",,,m","17.33",",,,m"
"MXN00007223","1975-04","16.6333","-93.0667","479.8","SAN LUIS, MX","877.1","","247.8",",m","0",",m","0",",m","0",",m","0",",m","0",",m","0",",m","30",",m","28",",m","19750412",",,m","19750430","+,,m","19750401",",,m","15.6",",m,12,","0.0",",,m,30,+","40.0",",m,01,","","","0.0",",m","0.0",",,,m","26.59",",m","34.68",",,,m","18.51",",,,m"
"MXN00007223","1975-05","16.6333","-93.0667","479.8","SAN LUIS, MX","1071.8","","194.7",",m","19",",m","15",",m","0",",m","0",",m","0",",m","0",",m","31",",m","10",",m","19750507",",,m","19750519",",,m","19750509",",,m","10.0",",m,07,","20.3",",,m,19,","40.0",",m,09,","","","0.0",",m","152.3",",,,m","24.61",",m","31.77",",,,m","17.45",",,,m"
"MXN00007223","1980-09","16.6333","-93.0667","479.8","SAN LUIS, MX","","","240.7",",m","17",",m","11",",m","4",",m","0",",m","0",",m","0",",m","30",",m","13",",m","19800923","+,,m","19800913",",,m","19800908",",,m","20.0",",m,23,+","53.3",",,m,13,","35.0",",m,08,","","","0.0",",m","235.9",",,,m","26.36",",m","31.18",",,,m","21.53",",,,m"
"MXN00007223","1980-10","16.6333","-93.0667","479.8","SAN LUIS, MX","","","233.1",",m","4",",m","2",",m","0",",m","0",",m","0",",m","0",",m","31",",m","15",",m","19801008",",,m","19801002",",,m","19801015",",,m","16.1",",m,08,","7.1",",,m,02,","37.8",",m,15,","","","0.0",",m","13.0",",,,m","25.85",",m","31.30",",,,m","20.40",",,,m"
"MXN00007223","1980-11","16.6333","-93.0667","479.8","SAN LUIS, MX","","","182.5",",m","0",",m","0",",m","0",",m","0",",m","0",",m","0",",m","30",",m","14",",m","19801114",",,m","19801130","+,,m","19801108",",,m","12.8",",m,14,","0.0",",,m,30,+","36.1",",m,08,","","","0.0",",m","0.0",",,,m","24.42",",m","30.93",",,,m","17.90",",,,m"
"MXN00007223","1980-12","16.6333","-93.0667","479.8","SAN LUIS, MX","","","111.4",",m","0",",m","0",",m","0",",m","0",",m","0",",m","0",",m","31",",m","4",",m","19801231","+,,m","19801231","+,,m","19801208",",,m","8.9",",m,31,+","0.0",",,m,31,+","35.0",",m,08,","","","1.1",",m","0.0",",,,m","21.89",",m","28.79",",,,m","14.99",",,,m"
"MXN00007223","1981-01","16.6333","-93.0667","479.8","SAN LUIS, MX","122.4","m","122.4",",m","0",",m","0",",m","0",",m","0",",m","0",",m","0",",m","31",",m","11",",m","19810125",",,m","19810131","+,,m","19810127",",,m","7.8",",m,25,","0.0",",,m,31,+","35.0",",m,27,","","","0.8",",m","0.0",",,,m","22.25",",m","30.87",",,,m","13.64",",,,m"
"MXN00007223","1981-02","16.6333","-93.0667","479.8","SAN LUIS, MX","266.0","m","143.6",",m","0",",m","0",",m","0",",m","0",",m","0",",m","0",",m","28",",m","13",",m","19810203",",,m","19810228","+,,m","19810210",",,m","5.6",",m,03,","0.0",",,m,28,+","35.6",",m,10,","","","0.8",",m","0.0",",,,m","23.43",",m","31.73",",,,m","15.14",",,,m"
"MXN00007223","1981-03","16.6333","-93.0667","479.8","SAN LUIS, MX","512.6","m","246.6",",m","0",",m","0",",m","0",",m","0",",m","0",",m","0",",m","31",",m","24",",m","19810329",",,m","19810331","+,,m","19810307",",,m","13.9",",m,29,","0.0",",,m,31,+","40.0",",m,07,","","","0.0",",m","0.0",",,,m","26.29",",m","34.58",",,,m","18.00",",,,m"
"MXN00007223","1981-04","16.6333","-93.0667","479.8","SAN LUIS, MX","768.8","m","256.2",",m","2",",m","2",",m","0",",m","0",",m","0",",m","0",",m","30",",m","23",",m","19810406",",,m","19810427",",,m","19810407","+,,m","13.9",",m,06,","11.9",",,m,27,","40.0",",m,07,+","","","0.0",",m","21.8",",,,m","26.87",",m","34.86",",,,m","18.89",",,,m"
"MXN00007223","1981-05","16.6333","-93.0667","479.8","SAN LUIS, MX","1046.0","m","277.2",",m","11",",m","8",",m","2",",m","0",",m","0",",m","0",",m","31",",m","24",",m","19810504",",,m","19810526",",,m","19810527",",,m","15.0",",m,04,","30.5",",,m,26,","41.1",",m,27,","","","0.0",",m","145.6",",,,m","27.27",",m","34.91",",,,m","19.64",",,,m"
"MXN00007223","1981-06","16.6333","-93.0667","479.8","SAN LUIS, MX","1306.3","m","260.3",",m","17",",m","10",",m","2",",m","0",",m","0",",m","0",",m","30",",m","22",",m","19810625","+,,m","19810601",",,m","19810629",",,m","17.8",",m,25,+","38.6",",,m,01,","39.4",",m,29,","","","0.0",",m","171.4",",,,m","27.01",",m","33.50",",,,m","20.52",",,,m"
"MXN00007223","1981-07","16.6333","-93.0667","479.8","SAN LUIS, MX","1535.5","m","229.2",",m","19",",m","15",",m","3",",m","0",",m","0",",m","0",",m","31",",m","7",",m","19810721","+,,m","19810714",",,m","19810728",",,m","18.9",",m,21,+","50.5",",,m,14,","33.3",",m,28,","0.0","m","0.0",",m","234.3",",,,m","25.73",",m","31.20",",,,m","20.25",",,,m"
"MXN00007223","1981-08","16.6333","-93.0667","479.8","SAN LUIS, MX","1781.3","m","245.8",",m","21",",m","18",",m","3",",m","0",",m","0",",m","0",",m","31",",m","15",",m","19810806","+,,m","19810816",",,m","19810805",",,m","18.9",",m,06,+","70.6",",,m,16,","35.0",",m,05,","0.0","m","0.0",",m","321.5",",,,m","26.26",",m","32.05",",,,m","20.48",",,,m"
"MXN00007223","1981-09","16.6333","-93.0667","479.8","SAN LUIS, MX","1999.3","m","218.0","1,m","14",",m","13",",m","5",",m","0",",m","0",",m","0","1,m","29","1,m","12","1,m","19810901",",,m","19810923",",,m","19810923",",1,m","14.4",",m,01,","57.9",",,m,23,","37.2","1,m,23,","0.0","m","0.0","1,m","271.9",",,,m","25.87","1,m","31.68","1,,,m","20.05",",,,m"
"MXN00007223","1981-10","16.6333","-93.0667","479.8","SAN LUIS, MX","2235.8","m","236.5",",m","11",",m","8",",m","1",",m","0",",m","0",",m","0",",m","31",",m","17",",m","19811020",",,m","19811006",",,m","19811019","+,,m","15.0",",m,20,","27.2",",,m,06,","36.1",",m,19,+","0.0","m","0.0",",m","106.9",",,,m","25.96",",m","32.20",",,,m","19.72",",,,m"
"MXN00007223","1981-11","16.6333","-93.0667","479.8","SAN LUIS, MX","2412.8","m","177.0",",m","0",",m","0",",m","0",",m","0",",m","0",",m","0",",m","30",",m","16",",m","19811120",",,m","19811130","+,,m","19811118",",,m","12.8",",m,20,","0.0",",,m,30,+","36.1",",m,18,","0.0","m","0.0",",m","0.0",",,,m","24.23",",m","31.93",",,,m","16.54",",,,m"
"MXN00007223","1981-12","16.6333","-93.0667","479.8","SAN LUIS, MX","2592.7","m","179.9",",m","0",",m","0",",m","0",",m","0",",m","0",",m","0",",m","31",",m","22",",m","19811214",",,m","19811231","+,,m","19811214",",,m","11.7",",m,14,","0.0",",,m,31,+","38.3",",m,14,","0.0","m","0.0",",m","0.0",",,,m","24.14",",m","32.88",",,,m","15.40",",,,m"
"MXN00007223","1982-01","16.6333","-93.0667","479.8","SAN LUIS, MX","173.7","m","173.7",",m","0",",m","0",",m","0",",m","0",",m","0",",m","0",",m","31",",m","28",",m","19820118",",,m","19820131","+,,m","19820123",",,m","10.0",",m,18,","0.0",",,m,31,+","36.7",",m,23,","0.0","m","0.0",",m","0.0",",,,m","23.94",",m","33.84",",,,m","14.03",",,,m"
"MXN00007223","1982-03","16.6333","-93.0667","479.8","SAN LUIS, MX","","","371.3",",m","0",",m","0",",m","0",",m","0",",m","0",",m","0",",m","31",",m","30",",m","19820308",",,m","19820331","+,,m","19820311",",,m","20.6",",m,08,","0.0",",,m,31,+","38.9",",m,11,","","","0.0",",m","0.0",",,,m","30.31",",m","35.49",",,,m","25.13",",,,m"
"MXN00007223","1982-04","16.6333","-93.0667","479.8","SAN LUIS, MX","","","369.5",",m","0",",m","0",",m","0",",m","0",",m","0",",m","0",",m","30",",m","30",",m","19820430","+,,m","19820430","+,,m","19820426","+,,m","22.8",",m,30,+","0.0",",,m,30,+","38.9",",m,26,+","","","0.0",",m","0.0",",,,m","30.65",",m","36.75",",,,m","24.55",",,,m"
"MXN00007223","1982-05","16.6333","-93.0667","479.8","SAN LUIS, MX","","","354.5",",m","3",",m","2",",m","1",",m","0",",m","0",",m","0",",m","31",",m","30",",m","19820522","+,,m","19820523",",,m","19820514","+,,m","21.7",",m,22,+","30.0",",,m,23,","40.0",",m,14,+","","","0.0",",m","39.2",",,,m","29.77",",m","36.29",",,,m","23.25",",,,m"
"MXN00007223","1982-06","16.6333","-93.0667","479.8","SAN LUIS, MX","","","283.6",",m","15",",m","12",",m","3",",m","0",",m","0",",m","0",",m","30",",m","23",",m","19820628","+,,m","19820627",",,m","19820609",",,m","20.0",",m,28,+","39.9",",,m,27,","37.2",",m,09,","","","0.0",",m","214.3",",,,m","27.79",",m","33.79",",,,m","21.78",",,,m"
"MXN00007223","1982-07","16.6333","-93.0667","479.8","SAN LUIS, MX","","","249.1",",m","11",",m","8",",m","2",",m","0",",m","0",",m","0",",m","31",",m","16",",m","19820727",",,m","19820716",",,m","19820730","+,,m","17.8",",m,27,","40.1",",,m,16,","35.0",",m,30,+","0.0","m","0.0",",m","123.5",",,,m","26.37",",m","32.24",",,,m","20.50",",,,m"
"MXN00007223","1982-08","16.6333","-93.0667","479.8","SAN LUIS, MX","","","265.1",",m","7",",m","5",",m","0",",m","0",",m","0",",m","0",",m","31",",m","25",",m","19820829","+,,m","19820821",",,m","19820825","+,,m","18.9",",m,29,+","20.1",",,m,21,","35.6",",m,25,+","0.0","m","0.0",",m","53.5",",,,m","26.89",",m","33.45",",,,m","20.32",",,,m"
"MXN00007223","1982-09","16.6333","-93.0667","479.8","SAN LUIS, MX","","","215.9",",m","15",",m","11",",m","3",",m","0",",m","0",",m","0",",m","30",",m","11",",m","19820905",",,m","19820912",",,m","19820918",",,m","14.4",",m,05,","35.1",",,m,12,","33.9",",m,18,","0.0","m","0.0",",m","221.2",",,,m","25.53",",m","30.95",",,,m","20.11",",,,m"
"MXN00007223","1982-10","16.6333","-93.0667","479.8","SAN LUIS, MX","","","177.4",",m","10",",m","8",",m","0",",m","0",",m","0",",m","0",",m","31",",m","3",",m","19821024","+,,m","19821005",",,m","19821028","+,,m","15.6",",m,24,+","25.1",",,m,05,","32.8",",m,28,+","0.0","m","0.0",",m","131.6",",,,m","24.06",",m","30.02",",,,m","18.09",",,,m"
"MXN00007223","1982-11","16.6333","-93.0667","479.8","SAN LUIS, MX","","","120.9",",m","3",",m","1",",m","0",",m","0",",m","0",",m","0",",m","30",",m","0",",m","19821121",",,m","19821103",",,m","19821130","+,,m","13.9",",m,21,","9.9",",,m,03,","31.7",",m,30,+","0.0","m","0.0",",m","12.7",",,,m","22.36",",m","29.09",",,,m","15.63",",,,m"
"MXN00007223","1982-12","16.6333","-93.0667","479.8","SAN LUIS, MX","","","91.2",",m","1",",m","0",",m","0",",m","0",",m","0",",m","0",",m","31",",m","0",",m","19821221",",,m","19821229",",,m","19821223","+,,m","10.6",",m,21,","1.0",",,m,29,","30.6",",m,23,+","0.0","m","0.0",",m","1.0",",,,m","21.27",",m","27.61",",,,m","14.94",",,,m"
"MXN00007223","1983-03","16.6333","-93.0667","479.8","SAN LUIS, MX","","","372.0",",m","0",",m","0",",m","0",",m","0",",m","0",",m","0",",m","31",",m","31",",m","19830303",",,m","19830331","+,,m","19830323",",,m","20.0",",m,03,","0.0",",,m,31,+","40.6",",m,23,","","","0.0",",m","0.0",",,,m","30.33",",m","37.33",",,,m","23.33",",,,m"
"MXN00007223","1983-04","16.6333","-93.0667","479.8","SAN LUIS, MX","","","322.3",",m","1",",m","1",",m","0",",m","0",",m","0",",m","0",",m","30",",m","29",",m","19830430","+,,m","19830420",",,m","19830425",",,m","20.0",",m,30,+","3.3",",,m,20,","40.0",",m,25,","","","0.0",",m","3.3",",,,m","29.08",",m","35.37",",,,m","22.78",",,,m"
"MXN00007223","1983-05","16.6333","-93.0667","479.8","SAN LUIS, MX","","","337.1",",m","8",",m","6",",m","0",",m","0",",m","0",",m","0",",m","31",",m","31",",m","19830501",",,m","19830510",",,m","19830524",",,m","20.0",",m,01,","14.0",",,m,10,","40.0",",m,24,","","","0.0",",m","51.2",",,,m","29.21",",m","36.17",",,,m","22.25",",,,m"
"MXN00007223","1983-06","16.6333","-93.0667","479.8","SAN LUIS, MX","","","302.6",",m","12",",m","8",",m","4",",m","0",",m","0",",m","0",",m","30",",m","30",",m","19830626","+,,m","19830611",",,m","19830601",",,m","20.0",",m,26,+","60.5",",,m,11,","40.6",",m,01,","","","0.0",",m","229.5",",,,m","28.42",",m","34.91",",,,m","21.93",",,,m"
"MXN00007223","1983-07","16.6333","-93.0667","479.8","SAN LUIS, MX","","","321.2",",m","12",",m","11",",m","2",",m","0",",m","0",",m","0",",m","31",",m","31",",m","19830714",",,m","19830729",",,m","19830701",",,m","20.0",",m,14,","60.5",",,m,29,","38.3",",m,01,","0.0","","0.0",",m","207.2",",,,m","28.69",",m","34.93",",,,m","22.46",",,,m"
"MXN00007223","1983-08","16.6333","-93.0667","479.8","SAN LUIS, MX","","","288.8",",m","15",",m","10",",m","4",",m","0",",m","0",",m","0",",m","31",",m","25",",m","19830824",",,m","19830820",",,m","19830817","+,,m","17.2",",m,24,","56.4",",,m,20,","36.1",",m,17,+","0.0","","0.0",",m","209.4",",,,m","27.65",",m","33.55",",,,m","21.75",",,,m"
