"STATION","DATE","LATITUDE","LONGITUDE","ELEVATION","NAME","CDSD","CDSD_ATTRIBUTES","CLDD","CLDD_ATTRIBUTES","DP01","DP01_ATTRIBUTES","DP10","DP10_ATTRIBUTES","DP1X","DP1X_ATTRIBUTES","DT00","DT00_ATTRIBUTES","DT32","DT32_ATTRIBUTES","DX32","DX32_ATTRIBUTES","DX70","DX70_ATTRIBUTES","DX90","DX90_ATTRIBUTES","DYNT","DYNT_ATTRIBUTES","DYXP","DYXP_ATTRIBUTES","DYXT","DYXT_ATTRIBUTES","EMNT","EMNT_ATTRIBUTES","EMXP","EMXP_ATTRIBUTES","EMXT","EMXT_ATTRIBUTES","HDSD","HDSD_ATTRIBUTES","HTDD","HTDD_ATTRIBUTES","PRCP","PRCP_ATTRIBUTES","TAVG","TAVG_ATTRIBUTES","TMAX","TMAX_ATTRIBUTES","TMIN","TMIN_ATTRIBUTES"
"MXN00021134","1964-01","18.9333","-98.3833","1984.9","LOS MOLINOS, MX","0.0","m","0.0","1,m","0",",m","0",",m","0",",m","0","1,m","0","1,m","0",",m","25",",m","0",",m","19640101",",1,m","19640131","+,,m","19640131","+,,m","2.2","1,m,01,","0.0",",,m,31,+","25.6",",m,31,+","","","96.5",",m","0.0",",,,m","15.12","1,m","22.47",",,,m","7.77","1,,,m"
"MXN00021134","1964-02","18.9333","-98.3833","1984.9","LOS MOLINOS, MX","1.7","m","1.7",",m","0","1,m","0","1,m","0","1,m","0",",m","0",",m","0",",m","29",",m","0",",m","19640223","+,,m","19640229","+,1,m","19640227","+,,m","6.1",",m,23,+","0.0","1,,m,29,+","28.9",",m,27,+","","","39.5",",m","0.0","1,,,m","17.03",",m","26.08",",,,m","7.98",",,,m"
"MXN00021134","1964-06","18.9333","-98.3833","1984.9","LOS MOLINOS, MX","","","30.2",",m","22",",m","13",",m","0",",m","0",",m","0",",m","0",",m","30",",m","0",",m","19640621","+,,m","19640619",",,m","19640606",",,m","10.0",",m,21,+","20.8",",,m,19,","28.9",",m,06,","","","1.1",",m","148.6",",,,m","19.30",",m","25.41",",,,m","13.19",",,,m"
"MXN00021134","1964-07","18.9333","-98.3833","1984.9","LOS MOLINOS, MX","","","25.9",",m","17",",m","11",",m","0",",m","0",",m","0",",m","0",",m","31",",m","0",",m","19640730",",,m","19640713",",,m","19640706",",,m","10.0",",m,30,","18.3",",,m,13,","28.3",",m,06,","3.4","","3.4",",m","97.5",",,,m","19.06",",m","25.74",",,,m","12.39",",,,m"
"MXN00021134","1964-08","18.9333","-98.3833","1984.9","LOS MOLINOS, MX","","","20.1",",m","14",",m","12",",m","1",",m","0",",m","0",",m","0",",m","31",",m","0",",m","19640826",",,m","19640808",",,m","19640830",",,m","8.9",",m,26,","32.8",",,m,08,","28.3",",m,30,","6.1","","2.7",",m","147.7",",,,m","18.90",",m","25.89",",,,m","11.90",",,,m"
"MXN00021134","1964-09","18.9333","-98.3833","1984.9","LOS MOLINOS, MX","","","16.0",",m","21",",m","14",",m","2",",m","0",",m","0",",m","0",",m","30",",m","0",",m","19640910",",,m","19640925",",,m","19640927","+,,m","10.0",",m,10,","44.5",",,m,25,","26.7",",m,27,+","8.3","","2.2",",m","215.2",",,,m","18.79",",m","24.97",",,,m","12.61",",,,m"
"MXN00021134","1964-10","18.9333","-98.3833","1984.9","LOS MOLINOS, MX","","","5.0",",m","5",",m","2",",m","0",",m","0",",m","0",",m","0",",m","31",",m","0",",m","19641022",",,m","19641014",",,m","19641028","+,,m","5.6",",m,22,","14.5",",,m,14,","27.2",",m,28,+","42.9","","34.6",",m","26.3",",,,m","17.38",",m","24.77",",,,m","9.98",",,,m"
"MXN00021134","1964-11","18.9333","-98.3833","1984.9","LOS MOLINOS, MX","","","1.7",",m","5",",m","5",",m","1",",m","0",",m","0",",m","0",",m","30",",m","0",",m","19641103",",,m","19641104",",,m","19641116",",,m","6.1",",m,03,","26.4",",,m,04,","28.3",",m,16,","77.4","","34.5",",m","65.6",",,,m","17.24",",m","25.14",",,,m","9.34",",,,m"
"MXN00021134","1964-12","18.9333","-98.3833","1984.9","LOS MOLINOS, MX","","","0.0",",m","3",",m","0",",m","0",",m","0",",m","0",",m","0",",m","28",",m","0",",m","19641226","+,,m","19641208","+,,m","19641213",",,m","5.0",",m,26,+","1.3",",,m,08,+","27.2",",m,13,","165.1","","87.7",",m","3.4",",,,m","15.50",",m","23.39",",,,m","7.62",",,,m"
"MXN00021134","1965-05","18.9333","-98.3833","1984.9","LOS MOLINOS, MX","","","78.2",",m","6",",m","4",",m","0",",m","0",",m","0",",m","0",",m","31",",m","1",",m","19650522",",,m","19650515",",,m","19650528",",,m","10.0",",m,22,","14.5",",,m,15,","32.2",",m,28,","","","0.0",",m","39.6",",,,m","20.85",",m","29.01",",,,m","12.70",",,,m"
"MXN00021134","1965-06","18.9333","-98.3833","1984.9","LOS MOLINOS, MX","","","60.3",",m","12",",m","9",",m","0",",m","0",",m","0",",m","0",",m","29",",m","1",",m","19650609",",,m","19650616",",,m","19650602",",,m","11.1",",m,09,","23.9",",,m,16,","33.3",",m,02,","","","2.2",",m","96.8",",,,m","20.27",",m","26.84",",,,m","13.70",",,,m"
"MXN00021134","1965-07","18.9333","-98.3833","1984.9","LOS MOLINOS, MX","","","32.2",",m","21",",m","18",",m","0",",m","0",",m","0",",m","0",",m","31",",m","0",",m","19650708",",,m","19650711",",,m","19650702",",,m","10.0",",m,08,","24.4",",,m,11,","29.4",",m,02,","1.1","m","1.1",",m","214.3",",,,m","19.34",",m","26.02",",,,m","12.65",",,,m"
"MXN00021134","1965-08","18.9333","-98.3833","1984.9","LOS MOLINOS, MX","","","10.2",",m","23",",m","23",",m","5",",m","0",",m","0",",m","0",",m","31",",m","0",",m","19650824","+,,m","19650829",",,m","19650831","+,,m","10.0",",m,24,+","43.4",",,m,29,","26.7",",m,31,+","9.0","m","7.9",",m","370.8",",,,m","18.40",",m","24.20",",,,m","12.61",",,,m"
"MXN00021134","1965-09","18.9333","-98.3833","1984.9","LOS MOLINOS, MX","","","18.0",",m","17",",m","13",",m","1",",m","0",",m","0",",m","0",",m","28",",m","0",",m","19650915","+,,m","19650923",",,m","19650918",",,m","10.0",",m,15,+","68.8",",,m,23,","26.7",",m,18,","18.5","m","9.5",",m","195.1",",,,m","18.62",",m","24.62",",,,m","12.61",",,,m"
"MXN00021134","1965-10","18.9333","-98.3833","1984.9","LOS MOLINOS, MX","","","7.2",",m","11",",m","10",",m","0",",m","0",",m","0",",m","0",",m","30",",m","0",",m","19651026",",,m","19651005",",,m","19651017","+,,m","5.6",",m,26,","21.3",",,m,05,","26.1",",m,17,+","47.7","m","29.2",",m","96.1",",,,m","17.62",",m","24.45",",,,m","10.79",",,,m"
"MXN00021134","1965-11","18.9333","-98.3833","1984.9","LOS MOLINOS, MX","","","2.0","1,m","3",",m","3",",m","0",",m","0","1,m","0","1,m","0",",m","30",",m","0",",m","19651129",",1,m","19651106",",,m","19651127",",,m","6.1","1,m,29,","19.8",",,m,06,","30.0",",m,27,","74.7","m","27.0",",m","28.4",",,,m","17.47","1,m","26.03",",,,m","8.90","1,,,m"
"MXN00021134","1965-12","18.9333","-98.3833","1984.9","LOS MOLINOS, MX","","","0.0",",m","2",",m","1",",m","0",",m","0",",m","0",",m","0",",m","29",",m","0",",m","19651230",",,m","19651204",",,m","19651224",",,m","5.0",",m,30,","3.8",",,m,04,","27.2",",m,24,","137.1","m","62.4",",m","4.1",",,,m","16.32",",m","24.12",",,,m","8.52",",,,m"
"MXN00021134","1966-01","18.9333","-98.3833","1984.9","LOS MOLINOS, MX","0.0","m","0.0",",m","1",",m","0",",m","0",",m","0",",m","0",",m","0",",m","29",",m","0",",m","19660131","+,,m","19660125",",,m","19660120","+,,m","0.6",",m,31,+","1.3",",,m,25,","26.1",",m,20,+","244.4","m","107.3",",m","1.3",",,,m","14.87",",m","23.37",",,,m","6.37",",,,m"
"MXN00021134","1966-02","18.9333","-98.3833","1984.9","LOS MOLINOS, MX","0.5","m","0.5",",m","1",",m","1",",m","0",",m","0",",m","0",",m","0",",m","28",",m","0",",m","19660201",",,m","19660221",",,m","19660216",",,m","2.8",",m,01,","8.9",",,m,21,","27.2",",m,16,","300.5","m","56.1",",m","8.9",",,,m","16.35",",m","24.44",",,,m","8.26",",,,m"
"MXN00021134","1966-03","18.9333","-98.3833","1984.9","LOS MOLINOS, MX","6.6","m","6.1",",m","4",",m","4",",m","0",",m","0",",m","0",",m","0",",m","31",",m","0",",m","19660314","+,,m","19660309",",,m","19660304",",,m","5.6",",m,14,+","7.4",",,m,09,","30.0",",m,04,","339.2","m","38.7",",m","22.9",",,,m","17.28",",m","25.75",",,,m","8.81",",,,m"
"MXN00021134","1966-04","18.9333","-98.3833","1984.9","LOS MOLINOS, MX","48.9","m","42.3",",m","3",",m","3",",m","1",",m","0",",m","0",",m","0",",m","30",",m","0",",m","19660429","+,,m","19660403",",,m","19660429",",,m","10.0",",m,29,+","31.0",",,m,03,","31.1",",m,29,","342.2","m","3.0",",m","44.2",",,,m","19.64",",m","27.53",",,,m","11.76",",,,m"
"MXN00021134","1966-05","18.9333","-98.3833","1984.9","LOS MOLINOS, MX","126.2","m","77.3",",m","13",",m","7",",m","0",",m","0",",m","0",",m","0",",m","31",",m","4",",m","19660531","+,,m","19660526",",,m","19660517",",,m","10.0",",m,31,+","24.9",",,m,26,","33.3",",m,17,","347.5","m","5.3",",m","91.3",",,,m","20.66",",m","28.17",",,,m","13.14",",,,m"
"MXN00021134","1966-06","18.9333","-98.3833","1984.9","LOS MOLINOS, MX","192.9","m","66.7",",m","11",",m","9",",m","0",",m","0",",m","0",",m","0",",m","30",",m","0",",m","19660605","+,,m","19660627",",,m","19660617","+,,m","10.0",",m,05,+","10.4",",,m,27,","30.0",",m,17,+","347.5","m","0.0",",m","53.2",",,,m","20.56",",m","27.55",",,,m","13.57",",,,m"
"MXN00021134","1966-07","18.9333","-98.3833","1984.9","LOS MOLINOS, MX","233.7","m","40.8",",m","19",",m","18",",m","3",",m","0",",m","0",",m","0",",m","31",",m","0",",m","19660727","+,,m","19660723",",,m","19660718",",,m","11.7",",m,27,+","42.9",",,m,23,","28.9",",m,18,","0.0","m","0.0",",m","268.8",",,,m","19.65",",m","25.61",",,,m","13.69",",,,m"
"MXN00021134","1966-08","18.9333","-98.3833","1984.9","LOS MOLINOS, MX","255.1","m","21.4",",m","20",",m","17",",m","3",",m","0",",m","0",",m","0",",m","31",",m","0",",m","19660831",",,m","19660803",",,m","19660808","+,,m","10.0",",m,31,","37.3",",,m,03,","27.2",",m,08,+","1.7","m","1.7",",m","259.2",",,,m","18.97",",m","24.90",",,,m","13.04",",,,m"
"MXN00021134","1966-09","18.9333","-98.3833","1984.9","LOS MOLINOS, MX","275.3","m","20.2",",m","13",",m","11",",m","0",",m","0",",m","0",",m","0",",m","29",",m","0",",m","19660929",",,m","19660920",",,m","19660928","+,,m","10.0",",m,29,","24.9",",,m,20,","27.2",",m,28,+","5.6","m","3.9",",m","159.0",",,,m","18.88",",m","25.01",",,,m","12.74",",,,m"
"MXN00021134","1966-10","18.9333","-98.3833","1984.9","LOS MOLINOS, MX","301.5","m","26.2",",m","5",",m","3",",m","0",",m","0",",m","0",",m","0",",m","31",",m","0",",m","19661026",",,m","19661003",",,m","19661001",",,m","0.6",",m,26,","17.8",",,m,03,","28.3",",m,01,","26.7","m","21.1",",m","43.3",",,,m","18.50",",m","25.03",",,,m","11.97",",,,m"
"MXN00021134","1966-11","18.9333","-98.3833","1984.9","LOS MOLINOS, MX","302.3","m","0.8",",m","0",",m","0",",m","0",",m","0",",m","0",",m","0",",m","28",",m","0",",m","19661129",",,m","19661130","+,,m","19661112",",,m","1.1",",m,29,","0.0",",,m,30,+","28.3",",m,12,","108.1","m","81.4",",m","0.0",",,,m","15.65",",m","24.50",",,,m","6.80",",,,m"
"MXN00021134","1966-12","18.9333","-98.3833","1984.9","LOS MOLINOS, MX","302.3","m","0.0",",m","0",",m","0",",m","0",",m","0",",m","0",",m","0",",m","31",",m","0",",m","19661212",",,m","19661231","+,,m","19661223","+,,m","3.9",",m,12,","0.0",",,m,31,+","27.2",",m,23,+","208.4","m","100.3",",m","0.0",",,,m","15.10",",m","23.64",",,,m","6.56",",,,m"
"MXN00021134","1967-01","18.9333","-98.3833","1984.9","LOS MOLINOS, MX","1.1","m","1.1",",m","3",",m","2",",m","1",",m","0",",m","0",",m","0",",m","26",",m","0",",m","19670106",",,m","19670110",",,m","19670127",",,m","2.8",",m,06,","38.4",",,m,10,","29.4",",m,27,","316.5","m","108.1",",m","43.5",",,,m","14.88",",m","23.15",",,,m","6.61",",,,m"
"MXN00021134","1967-02","18.9333","-98.3833","1984.9","LOS MOLINOS, MX","1.7","m","0.6",",m","0",",m","0",",m","0",",m","0",",m","0",",m","0",",m","28",",m","0",",m","19670214","+,,m","19670228","+,,m","19670228",",,m","4.4",",m,14,+","0.0",",,m,28,+","28.3",",m,28,","374.1","m","57.6",",m","0.0",",,,m","16.29",",m","25.18",",,,m","7.41",",,,m"
"MXN00021134","1967-03","18.9333","-98.3833","1984.9","LOS MOLINOS, MX","15.1","m","13.4",",m","0",",m","0",",m","0",",m","0",",m","0",",m","0",",m","31",",m","0",",m","19670319","+,,m","19670331","+,,m","19670315",",,m","5.6",",m,19,+","0.0",",,m,31,+","30.6",",m,15,","394.3","m","20.2",",m","0.0",",,,m","18.11",",m","27.10",",,,m","9.13",",,,m"
"MXN00021134","1967-04","18.9333","-98.3833","1984.9","LOS MOLINOS, MX","64.9","m","49.8",",m","4",",m","3",",m","0",",m","0",",m","0",",m","0",",m","30",",m","3",",m","19670406",",,m","19670409",",,m","19670411",",,m","8.3",",m,06,","5.3",",,m,09,","33.9",",m,11,","395.7","m","1.4",",m","13.7",",,,m","19.95",",m","28.91",",,,m","10.98",",,,m"
"MXN00021134","1967-05","18.9333","-98.3833","1984.9","LOS MOLINOS, MX","143.3","m","78.4",",m","10",",m","5",",m","0",",m","0",",m","0",",m","0",",m","31",",m","5",",m","19670527","+,,m","19670503",",,m","19670511",",,m","10.0",",m,27,+","21.3",",,m,03,","33.9",",m,11,","395.7","m","0.0",",m","55.5",",,,m","20.86",",m","29.27",",,,m","12.46",",,,m"
"MXN00021134","1967-06","18.9333","-98.3833","1984.9","LOS MOLINOS, MX","195.0","m","51.7",",m","18",",m","13",",m","3",",m","0",",m","0",",m","0",",m","30",",m","0",",m","19670625","+,,m","19670616",",,m","19670601",",,m","10.0",",m,25,+","56.9",",,m,16,","31.7",",m,01,","396.8","m","1.1",",m","245.5",",,,m","20.02",",m","27.27",",,,m","12.77",",,,m"
"MXN00021134","1967-07","18.9333","-98.3833","1984.9","LOS MOLINOS, MX","233.3","m","38.3",",m","7",",m","6",",m","0",",m","0",",m","0",",m","0",",m","31",",m","0",",m","19670710",",,m","19670720",",,m","19670729",",,m","9.4",",m,10,","10.9",",,m,20,","30.6",",m,29,","0.0","m","0.0",",m","48.6",",,,m","19.57",",m","27.85",",,,m","11.29",",,,m"
"MXN00021134","1967-08","18.9333","-98.3833","1984.9","LOS MOLINOS, MX","261.4","m","28.1",",m","18",",m","17",",m","1",",m","0",",m","0",",m","0",",m","31",",m","0",",m","19670829","+,,m","19670808",",,m","19670805",",,m","10.0",",m,29,+","37.8",",,m,08,","30.6",",m,05,","3.0","m","3.0",",m","206.5",",,,m","19.15",",m","26.16",",,,m","12.13",",,,m"
"MXN00021134","1967-09","18.9333","-98.3833","1984.9","LOS MOLINOS, MX","274.5","m","13.1",",m","18",",m","15",",m","1",",m","0",",m","0",",m","0",",m","26",",m","0",",m","19670930",",,m","19670926",",,m","19670918",",,m","7.8",",m,30,","29.0",",,m,26,","27.2",",m,18,","18.7","m","15.7",",m","138.3",",,,m","18.25",",m","24.16",",,,m","12.33",",,,m"
"MXN00021134","1967-10","18.9333","-98.3833","1984.9","LOS MOLINOS, MX","281.0","m","6.5",",m","9",",m","7",",m","1",",m","0",",m","0",",m","0",",m","28",",m","0",",m","19671021",",,m","19671028",",,m","19671015",",,m","7.2",",m,21,","39.9",",,m,28,","26.7",",m,15,","45.3","m","26.6",",m","91.5",",,,m","17.68",",m","24.32",",,,m","11.05",",,,m"
"MXN00021134","1967-11","18.9333","-98.3833","1984.9","LOS MOLINOS, MX","281.0","m","0.0",",m","3",",m","3",",m","0",",m","0",",m","0",",m","0",",m","29",",m","0",",m","19671120","+,,m","19671105",",,m","19671127","+,,m","5.0",",m,20,+","19.8",",,m,05,","28.9",",m,27,+","103.4","m","58.1",",m","36.5",",,,m","16.40",",m","24.94",",,,m","7.85",",,,m"
"MXN00021134","1967-12","18.9333","-98.3833","1984.9","LOS MOLINOS, MX","281.0","m","0.0",",m","0",",m","0",",m","0",",m","0",",m","0",",m","0",",m","28",",m","0",",m","19671225","+,,m","19671231","+,,m","19671202",",,m","5.0",",m,25,+","0.0",",,m,31,+","26.7",",m,02,","174.7","m","71.3",",m","0.0",",,,m","16.03",",m","23.90",",,,m","8.17",",,,m"
"MXN00021134","1968-02","18.9333","-98.3833","1984.9","LOS MOLINOS, MX","","","1.7",",m","4",",m","2",",m","0",",m","0",",m","0",",m","0",",m","28",",m","0",",m","19680208","+,,m","19680217",",,m","19680229","+,,m","0.6",",m,08,+","7.9",",,m,17,","28.9",",m,29,+","","","95.6",",m","16.8",",,,m","15.09",",m","24.30",",,,m","5.88",",,,m"
"MXN00021134","1968-03","18.9333","-98.3833","1984.9","LOS MOLINOS, MX","","","5.4","1,m","1",",m","1",",m","0",",m","0","1,m","0","1,m","0",",m","31",",m","0",",m","19680315",",1,m","19680305",",,m","19680325",",,m","3.9","1,m,15,","3.8",",,m,05,","29.4",",m,25,","","","43.3",",m","3.8",",,,m","17.01","1,m","26.16",",,,m","7.87","1,,,m"
"MXN00021134","1968-04","18.9333","-98.3833","1984.9","LOS MOLINOS, MX","","","56.2",",m","7",",m","4",",m","1",",m","0",",m","0",",m","0",",m","30",",m","0",",m","19680404","+,,m","19680428",",,m","19680417",",,m","10.0",",m,04,+","32.8",",,m,28,","31.7",",m,17,","","","1.1",",m","50.6",",,,m","20.17",",m","28.56",",,,m","11.78",",,,m"
"MXN00021134","1968-05","18.9333","-98.3833","1984.9","LOS MOLINOS, MX","","","42.9",",m","11",",m","9",",m","1",",m","0",",m","0",",m","0",",m","31",",m","0",",m","19680527",",,m","19680518",",,m","19680518","+,,m","8.3",",m,27,","48.8",",,m,18,","30.0",",m,18,+","","","1.1",",m","132.1",",,,m","19.68",",m","26.83",",,,m","12.54",",,,m"
"MXN00021134","1968-06","18.9333","-98.3833","1984.9","LOS MOLINOS, MX","","","24.1",",m","14",",m","13",",m","3",",m","0",",m","0",",m","0",",m","26",",m","0",",m","19680614",",,m","19680630","+,,m","19680616",",,m","10.0",",m,14,","46.0",",,m,30,+","28.9",",m,16,","","","10.2",",m","212.6",",,,m","18.80",",m","24.20",",,,m","13.40",",,,m"
"MXN00021134","1968-07","18.9333","-98.3833","1984.9","LOS MOLINOS, MX","","","20.7",",m","13",",m","11",",m","1",",m","0",",m","0",",m","0",",m","31",",m","0",",m","19680704",",,m","19680711",",,m","19680729",",,m","10.0",",m,04,","30.0",",,m,11,","28.9",",m,29,","1.6","","1.6",",m","126.4",",,,m","18.95",",m","25.91",",,,m","11.98",",,,m"
"MXN00021134","1968-08","18.9333","-98.3833","1984.9","LOS MOLINOS, MX","","","41.6",",m","15",",m","11",",m","0",",m","0",",m","0",",m","0",",m","31",",m","0",",m","19680819",",,m","19680802",",,m","19680826",",,m","8.9",",m,19,","24.9",",,m,02,","30.6",",m,26,","3.7","","2.1",",m","91.0",",,,m","19.60",",m","27.27",",,,m","11.94",",,,m"
"MXN00021134","1968-09","18.9333","-98.3833","1984.9","LOS MOLINOS, MX","","","42.9",",m","11",",m","8",",m","0",",m","0",",m","0",",m","0",",m","30",",m","0",",m","19680923","+,,m","19680905",",,m","19680930",",,m","10.6",",m,23,+","18.8",",,m,05,","28.9",",m,30,","4.2","","0.5",",m","93.5",",,,m","19.75",",m","26.22",",,,m","13.27",",,,m"
"MXN00021134","1968-10","18.9333","-98.3833","1984.9","LOS MOLINOS, MX","","","29.3","1,m","9",",m","7",",m","1",",m","0",",m","0",",m","0","1,m","30","1,m","0","1,m","19681026",",,m","19681005",",,m","19681005",",1,m","6.7",",m,26,","31.0",",,m,05,","29.4","1,m,05,","12.5","","8.3","1,m","84.2",",,,m","19.02","1,m","26.85","1,,,m","11.19",",,,m"
