"STATION","DATE","LATITUDE","LONGITUDE","ELEVATION","NAME","CDSD","CDSD_ATTRIBUTES","CLDD","CLDD_ATTRIBUTES","DP01","DP01_ATTRIBUTES","DP10","DP10_ATTRIBUTES","DP1X","DP1X_ATTRIBUTES","DT00","DT00_ATTRIBUTES","DT32","DT32_ATTRIBUTES","DX32","DX32_ATTRIBUTES","DX70","DX70_ATTRIBUTES","DX90","DX90_ATTRIBUTES","DYNT","DYNT_ATTRIBUTES","DYXP","DYXP_ATTRIBUTES","DYXT","DYXT_ATTRIBUTES","EMNT","EMNT_ATTRIBUTES","EMXP","EMXP_ATTRIBUTES","EMXT","EMXT_ATTRIBUTES","HDSD","HDSD_ATTRIBUTES","HTDD","HTDD_ATTRIBUTES","PRCP","PRCP_ATTRIBUTES","TAVG","TAVG_ATTRIBUTES","TMAX","TMAX_ATTRIBUTES","TMIN","TMIN_ATTRIBUTES"
"MXN00010038","1963-05","23.55","-105.4","2755.7","LA PEA, MX","","","0.0",",m","13",",m","9",",m","1",",m","0",",m","1",",m","0",",m","10",",m","0",",m","19630502",",,m","19630521",",,m","19630530","+,,m","0.0",",m,02,","29.0",",,m,21,","22.8",",m,30,+","","","207.1",",m","96.0",",,,m","11.65",",m","19.73",",,,m","3.58",",,,m"
"MXN00010038","1963-06","23.55","-105.4","2755.7","LA PEA, MX","","","0.0",",m","18",",m","13",",m","1",",m","0",",m","1",",m","0",",m","12",",m","0",",m","19630604",",,m","19630628",",,m","19630604",",,m","-1.1",",m,04,","29.5",",,m,28,","23.9",",m,04,","","","168.1",",m","185.9",",,,m","12.73",",m","20.20",",,,m","5.26",",,,m"
"MXN00010038","1963-07","23.55","-105.4","2755.7","LA PEA, MX","","","0.0",",m","25",",m","20",",m","4",",m","0",",m","0",",m","0",",m","3",",m","0",",m","19630703",",,m","19630702",",,m","19630723",",,m","1.7",",m,03,","53.8",",,m,02,","22.8",",m,23,","165.2","m","165.2",",m","329.4",",,,m","13.00",",m","18.12",",,,m","7.88",",,,m"
"MXN00010038","1963-08","23.55","-105.4","2755.7","LA PEA, MX","","","0.0",",m","25",",m","21",",m","4",",m","0",",m","0",",m","0",",m","0",",m","0",",m","19630826","+,,m","19630827","+,,m","19630823",",,m","5.6",",m,26,+","42.9",",,m,27,+","20.6",",m,23,","309.8","m","144.6",",m","326.1",",,,m","13.67",",m","18.77",",,,m","8.57",",,,m"
"MXN00010038","1963-09","23.55","-105.4","2755.7","LA PEA, MX","","","0.0",",m","16",",m","15",",m","3",",m","0",",m","0",",m","0",",m","1",",m","0",",m","19630929",",,m","19630927",",,m","19630911",",,m","3.3",",m,29,","164.8",",,m,27,","23.9",",m,11,","452.3","m","142.5",",m","461.6",",,,m","13.58",",m","18.49",",,,m","8.68",",,,m"
"MXN00010038","1963-10","23.55","-105.4","2755.7","LA PEA, MX","","","0.0",",m","8",",m","4",",m","1",",m","0",",m","6",",m","0",",m","0",",m","0",",m","19631030",",,m","19631018",",,m","19631009","+,,m","-1.1",",m,30,","71.9",",,m,18,","20.0",",m,09,+","699.8","m","247.5",",m","91.1",",,,m","10.35",",m","16.91",",,,m","3.79",",,,m"
"MXN00010038","1963-11","23.55","-105.4","2755.7","LA PEA, MX","","","0.0",",m","3",",m","2",",m","0",",m","0",",m","14",",m","0",",m","0",",m","0",",m","19631115",",,m","19631126",",,m","19631122","+,,m","-9.4",",m,15,","13.0",",,m,26,","20.0",",m,22,+","988.1","m","288.3",",m","17.6",",,,m","8.72",",m","16.83",",,,m","0.61",",,,m"
"MXN00010038","1963-12","23.55","-105.4","2755.7","LA PEA, MX","","","0.0",",m","7",",m","7",",m","2",",m","0",",m","18",",m","0",",m","0",",m","0",",m","19631222",",,m","19631211",",,m","19631231","+,,m","-8.9",",m,22,","79.8",",,m,11,","17.8",",m,31,+","1357.8","m","369.7",",m","164.3",",,,m","6.41",",m","13.46",",,,m","-0.64",",,,m"
"MXN00010038","1964-01","23.55","-105.4","2755.7","LA PEA, MX","0.0","m","0.0",",m","3",",m","3",",m","0",",m","0",",m","19",",m","0",",m","0",",m","0",",m","19640131","+,,m","19640129",",,m","19640131","+,,m","-3.9",",m,31,+","19.8",",,m,29,","15.6",",m,31,+","1754.5","m","396.7",",m","40.1",",,,m","5.54",",m","11.34",",,,m","-0.27",",,,m"
"MXN00010038","1964-02","23.55","-105.4","2755.7","LA PEA, MX","0.0","m","0.0",",m","1",",m","1",",m","0",",m","0",",m","1",",m","0",",m","0",",m","0",",m","19640222",",,m","19640207",",,m","19640229",",,m","0.0",",m,22,","4.8",",,m,07,","20.6",",m,29,","2028.4","m","273.9",",m","4.8",",,,m","8.89",",m","14.14",",,,m","3.64",",,,m"
"MXN00010038","1964-03","23.55","-105.4","2755.7","LA PEA, MX","0.0","m","0.0",",m","2",",m","2",",m","0",",m","0",",m","22",",m","0",",m","0",",m","0",",m","19640303",",,m","19640301",",,m","19640311",",,m","-15.0",",m,03,","11.4",",,m,01,","18.9",",m,11,","2449.5","m","421.1",",m","17.8",",,,m","4.75",",m","13.16",",,,m","-3.66",",,,m"
"MXN00010038","1964-04","23.55","-105.4","2755.7","LA PEA, MX","0.0","m","0.0",",m","0",",m","0",",m","0",",m","0",",m","13",",m","0",",m","12",",m","0",",m","19640427","+,,m","19640430","+,,m","19640423",",,m","-5.0",",m,27,+","0.0",",,m,30,+","27.8",",m,23,","2699.2","m","249.7",",m","0.0",",,,m","10.01",",m","19.72",",,,m","0.30",",,,m"
"MXN00010038","1964-05","23.55","-105.4","2755.7","LA PEA, MX","0.0","m","0.0",",m","4",",m","4",",m","0",",m","0",",m","0",",m","0",",m","21",",m","0",",m","19640507","+,,m","19640522","+,,m","19640511","+,,m","0.6",",m,07,+","16.8",",,m,22,+","25.0",",m,11,+","2881.6","m","182.4",",m","49.4",",,,m","12.45",",m","21.40",",,,m","3.49",",,,m"
"MXN00010038","1964-06","23.55","-105.4","2755.7","LA PEA, MX","0.0","m","0.0",",m","16",",m","12",",m","0",",m","0",",m","0",",m","0",",m","11",",m","0",",m","19640603",",,m","19640614",",,m","19640610",",,m","1.1",",m,03,","23.9",",,m,14,","25.0",",m,10,","3025.8","m","144.2",",m","160.7",",,,m","13.53",",m","19.75",",,,m","7.30",",,,m"
"MXN00010038","1964-08","23.55","-105.4","2755.7","LA PEA, MX","","","0.0",",m","23",",m","11",",m","1",",m","0",",m","0",",m","0",",m","5",",m","0",",m","19640828","+,,m","19640808",",,m","19640819",",,m","5.0",",m,28,+","26.9",",,m,08,","22.2",",m,19,","","","141.6",",m","129.1",",,,m","13.77",",m","19.41",",,,m","8.13",",,,m"
"MXN00010038","1964-09","23.55","-105.4","2755.7","LA PEA, MX","","","0.0",",m","23",",m","21",",m","4",",m","0",",m","0",",m","0",",m","0",",m","0",",m","19640910",",,m","19640930",",,m","19640916","+,,m","0.6",",m,10,","34.8",",,m,30,","20.6",",m,16,+","","","169.5",",m","311.0",",,,m","12.68",",m","17.76",",,,m","7.60",",,,m"
"MXN00010038","1964-10","23.55","-105.4","2755.7","LA PEA, MX","","","0.0",",m","8",",m","6",",m","1",",m","0",",m","5",",m","0",",m","1",",m","0",",m","19641010",",,m","19641012",",,m","19641025",",,m","-9.4",",m,10,","30.0",",,m,12,","24.4",",m,25,","","","272.6",",m","87.4",",,,m","9.54",",m","16.40",",,,m","2.68",",,,m"
"MXN00010038","1964-11","23.55","-105.4","2755.7","LA PEA, MX","","","0.0",",m","2",",m","2",",m","0",",m","0",",m","14",",m","0",",m","1",",m","0",",m","19641102",",,m","19641111",",,m","19641110",",,m","-5.0",",m,02,","4.8",",,m,11,","21.1",",m,10,","","","297.9",",m","8.1",",,,m","8.40",",m","15.17",",,,m","1.63",",,,m"
"MXN00010038","1964-12","23.55","-105.4","2755.7","LA PEA, MX","","","0.0",",m","4",",m","4",",m","0",",m","0",",m","30",",m","0",",m","0",",m","0",",m","19641212",",,m","19641208",",,m","19641222","+,,m","-11.7",",m,12,","9.9",",,m,08,","17.8",",m,22,+","","","447.8",",m","19.3",",,,m","3.89",",m","13.08",",,,m","-5.31",",,,m"
"MXN00010038","1965-01","23.55","-105.4","2755.7","LA PEA, MX","0.0","m","0.0",",m","5",",m","4",",m","0",",m","0",",m","23",",m","0",",m","0",",m","0",",m","19650118","+,,m","19650120","+,,m","19650106","+,,m","-3.9",",m,18,+","9.9",",,m,20,+","16.1",",m,06,+","","","382.3",",m","26.2",",,,m","6.00",",m","12.40",",,,m","-0.40",",,,m"
"MXN00010038","1965-02","23.55","-105.4","2755.7","LA PEA, MX","0.0","m","0.0",",m","3",",m","2",",m","0",",m","0",",m","2",",m","0",",m","0",",m","0",",m","19650216",",,m","19650204",",,m","19650227",",,m","-1.1",",m,16,","14.0",",,m,04,","19.4",",m,27,","","","306.4",",m","28.8",",,,m","7.39",",m","11.68",",,,m","3.10",",,,m"
"MXN00010038","1965-03","23.55","-105.4","2755.7","LA PEA, MX","0.0","m","0.0",",m","0",",m","0",",m","0",",m","0",",m","0",",m","0",",m","0",",m","0",",m","19650311",",,m","19650331","+,,m","19650309",",,m","0.6",",m,11,","0.0",",,m,31,+","18.9",",m,09,","","","272.2",",m","0.0",",,,m","9.55",",m","15.55",",,,m","3.56",",,,m"
"MXN00010038","1965-04","23.55","-105.4","2755.7","LA PEA, MX","0.0","m","0.0",",m","1",",m","1",",m","0",",m","0",",m","2",",m","0",",m","3",",m","0",",m","19650412",",,m","19650428",",,m","19650422",",,m","-1.7",",m,12,","3.8",",,m,28,","23.3",",m,22,","","","218.5",",m","3.8",",,,m","11.05",",m","18.33",",,,m","3.77",",,,m"
"MXN00010038","1965-05","23.55","-105.4","2755.7","LA PEA, MX","0.0","m","0.0",",m","1",",m","1",",m","0",",m","0",",m","28",",m","0",",m","15",",m","0",",m","19650519",",,m","19650501",",,m","19650529",",,m","-7.2",",m,19,","9.9",",,m,01,","25.6",",m,29,","","","292.6",",m","9.9",",,,m","8.90",",m","21.31",",,,m","-3.52",",,,m"
"MXN00010038","1965-06","23.55","-105.4","2755.7","LA PEA, MX","0.0","m","0.0",",m","7",",m","6",",m","1",",m","0",",m","3",",m","0",",m","11",",m","0",",m","19650602","+,,m","19650621",",,m","19650601",",,m","-5.0",",m,02,+","26.9",",,m,21,","23.3",",m,01,","","","136.1",",m","75.9",",,,m","13.80",",m","20.84",",,,m","6.75",",,,m"
"MXN00010038","1965-07","23.55","-105.4","2755.7","LA PEA, MX","0.0","m","0.0",",m","25",",m","21",",m","1",",m","0",",m","0",",m","0",",m","0",",m","0",",m","19650714",",,m","19650721",",,m","19650717","+,,m","3.9",",m,14,","27.9",",,m,21,","20.6",",m,17,+","168.9","m","168.9",",m","250.1",",,,m","12.89",",m","18.91",",,,m","6.86",",,,m"
"MXN00010038","1965-08","23.55","-105.4","2755.7","LA PEA, MX","0.0","m","0.0",",m","21",",m","17",",m","1",",m","0",",m","0",",m","0",",m","11",",m","0",",m","19650808",",,m","19650812",",,m","19650827","+,,m","2.2",",m,08,","34.8",",,m,12,","25.0",",m,27,+","344.0","m","175.1",",m","232.9",",,,m","12.68",",m","19.81",",,,m","5.56",",,,m"
"MXN00010038","1965-09","23.55","-105.4","2755.7","LA PEA, MX","0.0","m","0.0",",m","17",",m","15",",m","3",",m","0",",m","0",",m","0",",m","11",",m","0",",m","19650919",",,m","19650927",",,m","19650915",",,m","0.6",",m,19,","106.9",",,m,27,","25.6",",m,15,","503.6","m","159.6",",m","356.0",",,,m","13.01",",m","19.92",",,,m","6.11",",,,m"
"MXN00010038","1965-10","23.55","-105.4","2755.7","LA PEA, MX","0.0","m","0.0",",m","1",",m","1",",m","0",",m","0",",m","6",",m","0",",m","14",",m","0",",m","19651023",",,m","19651031",",,m","19651012",",,m","-5.0",",m,23,","17.8",",,m,31,","25.6",",m,12,","711.2","m","207.6",",m","17.8",",,,m","11.64",",m","21.08",",,,m","2.20",",,,m"
"MXN00010038","1965-11","23.55","-105.4","2755.7","LA PEA, MX","0.0","m","0.0",",m","1",",m","1",",m","0",",m","0",",m","29",",m","0",",m","19",",m","0",",m","19651130","+,,m","19651101",",,m","19651124",",,m","-5.0",",m,30,+","9.9",",,m,01,","25.0",",m,24,","1003.3","m","292.1",",m","9.9",",,,m","8.60",",m","21.38",",,,m","-4.18",",,,m"
"MXN00010038","1965-12","23.55","-105.4","2755.7","LA PEA, MX","0.0","m","0.0",",m","6",",m","5",",m","1",",m","0",",m","18",",m","0",",m","2",",m","0",",m","19651219",",,m","19651214",",,m","19651221","+,,m","-10.0",",m,19,","96.8",",,m,14,","21.1",",m,21,+","1342.4","m","339.1",",m","169.4",",,,m","7.39",",m","16.11",",,,m","-1.33",",,,m"
"MXN00010038","1966-01","23.55","-105.4","2755.7","LA PEA, MX","0.0","m","0.0",",m","0",",m","0",",m","0",",m","0",",m","10",",m","0",",m","0",",m","0",",m","19660110","+,,m","19660131","+,,m","19660102",",,m","-3.9",",m,10,+","0.0",",,m,31,+","17.2",",m,02,","1689.5","m","347.1",",m","0.0",",,,m","7.14",",m","12.40",",,,m","1.87",",,,m"
"MXN00010038","1966-02","23.55","-105.4","2755.7","LA PEA, MX","0.0","m","0.0",",m","6",",m","6",",m","5",",m","0",",m","0",",m","0",",m","1",",m","0",",m","19660209",",,m","19660210",",,m","19660228",",,m","0.6",",m,09,","59.9",",,m,10,","22.2",",m,28,","1941.2","m","251.7",",m","242.4",",,,m","9.34",",m","14.96",",,,m","3.72",",,,m"
"MXN00010038","1966-03","23.55","-105.4","2755.7","LA PEA, MX","0.0","m","0.0",",m","0",",m","0",",m","0",",m","0",",m","0",",m","0",",m","8",",m","0",",m","19660331","+,,m","19660331","+,,m","19660319",",,m","2.8",",m,31,+","0.0",",,m,31,+","24.4",",m,19,","2145.3","m","204.1",",m","0.0",",,,m","11.75",",m","19.61",",,,m","3.89",",,,m"
"MXN00010038","1966-04","23.55","-105.4","2755.7","LA PEA, MX","0.0","m","0.0",",m","2",",m","2",",m","0",",m","0",",m","20",",m","0",",m","10",",m","0",",m","19660428",",,m","19660403",",,m","19660417","+,,m","-8.3",",m,28,","24.9",",,m,03,","23.9",",m,17,+","2427.9","m","282.6",",m","44.7",",,,m","8.91",",m","18.66",",,,m","-0.84",",,,m"
"MXN00010038","1966-05","23.55","-105.4","2755.7","LA PEA, MX","0.0","m","0.0",",m","5",",m","4",",m","0",",m","0",",m","0",",m","0",",m","9",",m","0",",m","19660527","+,,m","19660529","+,,m","19660516",",,m","0.6",",m,27,+","10.9",",,m,29,+","24.4",",m,16,","2632.1","m","204.2",",m","32.2",",,,m","11.75",",m","20.10",",,,m","3.39",",,,m"
"MXN00010038","1966-06","23.55","-105.4","2755.7","LA PEA, MX","0.0","m","0.0",",m","11",",m","7",",m","0",",m","0",",m","3",",m","0",",m","13",",m","0",",m","19660612",",,m","19660616",",,m","19660601",",,m","-5.0",",m,12,","20.8",",,m,16,","25.0",",m,01,","2827.5","m","195.4",",m","74.5",",,,m","11.82",",m","20.56",",,,m","3.08",",,,m"
"MXN00010038","1966-07","23.55","-105.4","2755.7","LA PEA, MX","0.0","m","0.0",",m","27",",m","25",",m","0",",m","0",",m","0",",m","0",",m","0",",m","0",",m","19660720","+,,m","19660709",",,m","19660725","+,,m","1.1",",m,20,+","19.8",",,m,09,","20.6",",m,25,+","211.9","m","211.9",",m","237.5",",,,m","11.50",",m","18.65",",,,m","4.34",",,,m"
"MXN00010038","1966-08","23.55","-105.4","2755.7","LA PEA, MX","0.0","m","0.0",",m","27",",m","26",",m","1",",m","0",",m","0",",m","0",",m","0",",m","0",",m","19660816",",,m","19660829",",,m","19660808",",,m","1.7",",m,16,","25.9",",,m,29,","20.6",",m,08,","329.6","m","117.7",",m","357.1",",,,m","14.54",",m","17.83",",,,m","11.24",",,,m"
"MXN00010038","1966-09","23.55","-105.4","2755.7","LA PEA, MX","0.0","m","0.0",",m","22",",m","22",",m","0",",m","0",",m","0",",m","0",",m","0",",m","0",",m","19660902","+,,m","19660913",",,m","19660915",",,m","2.2",",m,02,+","24.9",",,m,13,","20.6",",m,15,","523.2","m","193.6",",m","291.3",",,,m","11.88",",m","17.25",",,,m","6.51",",,,m"
"MXN00010038","1966-10","23.55","-105.4","2755.7","LA PEA, MX","0.0","m","0.0",",m","6",",m","6",",m","1",",m","0",",m","16",",m","0",",m","0",",m","0",",m","19661027",",,m","19661017",",,m","19661023",",,m","-5.6",",m,27,","39.9",",,m,17,","20.6",",m,23,","821.3","m","298.1",",m","78.8",",,,m","8.72",",m","16.44",",,,m","1.00",",,,m"
"MXN00010038","1966-11","23.55","-105.4","2755.7","LA PEA, MX","0.0","m","0.0",",m","1",",m","1",",m","0",",m","0",",m","27",",m","0",",m","0",",m","0",",m","19661112","+,,m","19661115",",,m","19661125","+,,m","-5.0",",m,12,+","3.8",",,m,15,","18.3",",m,25,+","1185.9","m","364.6",",m","3.8",",,,m","6.18",",m","15.53",",,,m","-3.18",",,,m"
"MXN00010038","1966-12","23.55","-105.4","2755.7","LA PEA, MX","0.0","m","0.0",",m","5",",m","5",",m","2",",m","0",",m","31",",m","0",",m","0",",m","0",",m","19661225",",,m","19661223",",,m","19661224",",,m","-12.2",",m,25,","74.9",",,m,23,","20.6",",m,24,","1620.9","m","435.0",",m","174.2",",,,m","4.30",",m","16.17",",,,m","-7.57",",,,m"
"MXN00010038","1967-01","23.55","-105.4","2755.7","LA PEA, MX","","","","","0","3,m","0","3,m","0","3,m","0","3,","23","3,m","","","","","","","19670122",",3,m","19670131","+,3,m","","","-7.2","3,m,22,","0.0","3,,m,31,+","","","","","","","0.0","3,,,m","","","","","-2.36","3,,,m"
"MXN00010038","1967-02","23.55","-105.4","2755.7","LA PEA, MX","","","","","0",",m","0",",m","0",",m","0",",","23",",m","","","","","","","19670222",",,m","19670228","+,,m","","","-7.2",",m,22,","0.0",",,m,28,+","","","","","","","0.0",",,,m","","","","","-2.39",",,,m"
"MXN00010038","1967-03","23.55","-105.4","2755.7","LA PEA, MX","","","0.0",",m","0",",m","0",",m","0",",m","0",",m","31",",m","0",",m","0",",m","0",",m","19670316",",,m","19670331","+,,m","19670314",",,m","-7.2",",m,16,","0.0",",,m,31,+","20.6",",m,14,","","","403.8",",m","0.0",",,,m","5.31",",m","15.05",",,,m","-4.44",",,,m"
"MXN00010038","1967-04","23.55","-105.4","2755.7","LA PEA, MX","","","0.0",",m","0",",m","0",",m","0",",m","0",",m","27",",m","0",",m","0",",m","0",",m","19670412",",,m","19670430","+,,m","19670413",",,m","-5.6",",m,12,","0.0",",,m,30,+","20.6",",m,13,","","","324.6",",m","0.0",",,,m","7.51",",m","17.62",",,,m","-2.60",",,,m"
"MXN00010038","1967-05","23.55","-105.4","2755.7","LA PEA, MX","","","0.0",",m","2",",m","2",",m","0",",m","0",",m","11",",m","0",",m","0",",m","0",",m","19670507",",,m","19670516",",,m","19670506",",,m","-5.6",",m,07,","4.8",",,m,16,","20.6",",m,06,","","","274.7",",m","7.6",",,,m","9.47",",m","17.71",",,,m","1.23",",,,m"
"MXN00010038","1967-11","23.55","-105.4","2755.7","LA PEA, MX","","","","","0","4,m","0","4,m","0","4,m","","","","","","","","","","","","","19671130","+,4,m","","","","","0.0","4,,m,30,+","","","","","","","0.0","4,,,m","","","","","",""
"MXN00010038","1967-12","23.55","-105.4","2755.7","LA PEA, MX","","","0.0",",m","9",",m","7",",m","3",",m","0",",m","16",",m","0",",m","0",",m","0",",m","19671211",",,m","19671215",",,m","19671202",",,m","-7.2",",m,11,","71.9",",,m,15,","18.9",",m,02,","","","426.8",",m","217.6",",,,m","4.56",",m","9.66",",,,m","-0.53",",,,m"
"MXN00010038","1968-01","23.55","-105.4","2755.7","LA PEA, MX","0.0","m","0.0",",m","2",",m","2",",m","1",",m","0",",m","23",",m","0",",m","0",",m","0",",m","19680119",",,m","19680126",",,m","19680131","+,,m","-8.3",",m,19,","66.8",",,m,26,","15.0",",m,31,+","","","436.3",",m","76.7",",,,m","4.26",",m","11.00",",,,m","-2.48",",,,m"
"MXN00010038","1968-02","23.55","-105.4","2755.7","LA PEA, MX","0.0","m","0.0",",m","6",",m","6",",m","3",",m","0",",m","15",",m","0",",m","0",",m","0",",m","19680213",",,m","19680209",",,m","19680225",",,m","-4.4",",m,13,","89.9",",,m,09,","18.9",",m,25,","","","363.7",",m","198.7",",,,m","5.79",",m","12.28",",,,m","-0.70",",,,m"
"MXN00010038","1968-03","23.55","-105.4","2755.7","LA PEA, MX","0.0","m","0.0",",m","3",",m","3",",m","2",",m","0",",m","24",",m","0",",m","0",",m","0",",m","19680322","+,,m","19680303",",,m","19680330","+,,m","-7.2",",m,22,+","87.1",",,m,03,","20.0",",m,30,+","","","427.6",",m","124.1",",,,m","4.54",",m","10.97",",,,m","-1.89",",,,m"
"MXN00010038","1968-04","23.55","-105.4","2755.7","LA PEA, MX","0.0","m","0.0",",m","1",",m","1",",m","0",",m","0",",m","13",",m","0",",m","1",",m","0",",m","19680422",",,m","19680410",",,m","19680414",",,m","-4.4",",m,22,","2.8",",,m,10,","21.7",",m,14,","","","299.5",",m","2.8",",,,m","8.35",",m","16.36",",,,m","0.34",",,,m"
"MXN00010038","1968-05","23.55","-105.4","2755.7","LA PEA, MX","0.0","m","0.0",",m","0",",m","0",",m","0",",m","0",",m","2",",m","0",",m","11",",m","0",",m","19680526","+,,m","19680531","+,,m","19680525",",,m","-1.1",",m,26,+","0.0",",,m,31,+","28.9",",m,25,","","","197.0",",m","0.0",",,,m","11.98",",m","20.74",",,,m","3.22",",,,m"
"MXN00010038","1968-06","23.55","-105.4","2755.7","LA PEA, MX","0.0","m","0.0",",m","6",",m","5",",m","1",",m","0",",m","0",",m","0",",m","15",",m","0",",m","19680629","+,,m","19680614",",,m","19680621",",,m","0.6",",m,29,+","53.8",",,m,14,","25.6",",m,21,","","","157.3",",m","96.3",",,,m","13.09",",m","21.22",",,,m","4.96",",,,m"
"MXN00010038","1968-07","23.55","-105.4","2755.7","LA PEA, MX","0.0","m","0.0",",m","20",",m","17",",m","4",",m","0",",m","0",",m","0",",m","1",",m","0",",m","19680724","+,,m","19680702",",,m","19680701",",,m","5.6",",m,24,+","30.0",",,m,02,","21.7",",m,01,","154.7","m","154.7",",m","271.7",",,,m","13.34",",m","18.03",",,,m","8.65",",,,m"
"MXN00010038","1968-08","23.55","-105.4","2755.7","LA PEA, MX","0.0","m","0.0",",m","21",",m","21",",m","3",",m","0",",m","0",",m","0",",m","4",",m","0",",m","19680803",",,m","19680826",",,m","19680824",",,m","3.9",",m,03,","52.8",",,m,26,","22.8",",m,24,","315.7","m","161.0",",m","307.5",",,,m","13.14",",m","18.14",",,,m","8.14",",,,m"
"MXN00010038","1968-09","23.55","-105.4","2755.7","LA PEA, MX","0.0","m","0.0",",m","18",",m","14",",m","5",",m","0",",m","0",",m","0",",m","2",",m","0",",m","19680917",",,m","19680912",",,m","19680917","+,,m","0.6",",m,17,","199.9",",,m,12,","21.7",",m,17,+","485.6","m","169.9",",m","485.2",",,,m","12.67",",m","17.78",",,,m","7.55",",,,m"
"MXN00010038","1968-10","23.55","-105.4","2755.7","LA PEA, MX","0.0","m","0.0",",m","4",",m","4",",m","2",",m","0",",m","19",",m","0",",m","2",",m","0",",m","19681017",",,m","19681011",",,m","19681026",",,m","-7.2",",m,17,","35.8",",,m,11,","25.0",",m,26,","750.2","m","264.6",",m","82.5",",,,m","9.80",",m","18.73",",,,m","0.86",",,,m"
"MXN00010038","1968-11","23.55","-105.4","2755.7","LA PEA, MX","0.0","m","0.0",",m","5",",m","5",",m","4",",m","0",",m","22",",m","0",",m","0",",m","0",",m","19681129","+,,m","19681114",",,m","19681102",",,m","-4.4",",m,29,+","82.8",",,m,14,","20.6",",m,02,","1103.3","m","353.1",",m","189.3",",,,m","6.56",",m","13.14",",,,m","-0.02",",,,m"
"MXN00010038","1968-12","23.55","-105.4","2755.7","LA PEA, MX","","","","","9",",m","9",",m","3",",m","0","3,m","0","3,m","0","3,m","0","3,m","0","3,m","19681227","+,3,m","19681221",",,m","19681228",",3,m","0.6","3,m,27,+","48.8",",,m,21,","17.8","3,m,28,","","","","","187.8",",,,m","6.38","6,m","10.80","3,,,m","1.96","3,,,m"
"MXN00010038","1969-01","23.55","-105.4","2755.7","LA PEA, MX","0.0","m","0.0","1,m","1",",m","1",",m","1",",m","0","1,m","29","1,m","0","1,m","0","1,m","0","1,m","19690112",",1,m","19690101",",,m","19690125",",1,m","-7.2","1,m,12,","41.9",",,m,01,","18.9","1,m,25,","","","408.7","1,m","41.9",",,,m","4.71","1,m","12.47","1,,,m","-3.05","1,,,m"
"MXN00010038","1969-02","23.55","-105.4","2755.7","LA PEA, MX","","","","","0","2,m","0","2,m","0","2,m","","","","","","","","","","","","","19690228","+,2,m","","","","","0.0","2,,m,28,+","","","","","","","0.0","2,,,m","","","","","",""
"MXN00010038","1969-03","23.55","-105.4","2755.7","LA PEA, MX","","","0.0","5,m","0",",m","0",",m","0",",m","0","5,m","14","5,m","0","5,m","0","5,m","0","5,m","19690312",",5,m","19690331","+,,m","19690329",",5,m","-8.3","5,m,12,","0.0",",,m,31,+","20.0","5,m,29,","","","312.0","5,m","0.0",",,,m","6.33","5,m","13.25","5,,,m","-0.58","5,,,m"
"MXN00010038","1969-04","23.55","-105.4","2755.7","LA PEA, MX","","","0.0",",m","0",",m","0",",m","0",",m","0",",m","13",",m","0",",m","4",",m","0",",m","19690427",",,m","19690430","+,,m","19690426",",,m","-7.2",",m,27,","0.0",",,m,30,+","26.7",",m,26,","","","291.7",",m","0.0",",,,m","8.61",",m","17.34",",,,m","-0.13",",,,m"
"MXN00010038","1969-05","23.55","-105.4","2755.7","LA PEA, MX","","","0.0",",m","9",",m","7",",m","1",",m","0",",m","7",",m","0",",m","10",",m","0",",m","19690515",",,m","19690529",",,m","19690517",",,m","-5.0",",m,15,","27.9",",,m,29,","25.0",",m,17,","","","232.1",",m","83.9",",,,m","10.85",",m","19.02",",,,m","2.67",",,,m"
"MXN00010038","1969-06","23.55","-105.4","2755.7","LA PEA, MX","","","0.3","1,m","5",",m","5",",m","0",",m","0","1,m","3","1,m","0","1,m","17","1,m","0","1,m","19690604",",1,m","19690618",",,m","19690621","+,1,m","-4.4","1,m,04,","24.9",",,m,18,","26.7","1,m,21,+","","","127.6","1,m","42.1",",,,m","13.94","1,m","22.29","1,,,m","5.60","1,,,m"
"MXN00010038","1969-07","23.55","-105.4","2755.7","LA PEA, MX","","","0.0",",m","19",",m","19",",m","5",",m","0",",m","0",",m","0",",m","12",",m","0",",m","19690710",",,m","19690728",",,m","19690704",",,m","0.6",",m,10,","49.8",",,m,28,","25.0",",m,04,","131.8","m","131.8",",m","317.3",",,,m","14.08",",m","20.40",",,,m","7.76",",,,m"
"MXN00010038","1969-08","23.55","-105.4","2755.7","LA PEA, MX","","","0.0",",m","13",",m","13",",m","0",",m","0",",m","0",",m","0",",m","21",",m","0",",m","19690830",",,m","19690830",",,m","19690819",",,m","3.9",",m,30,","21.8",",,m,30,","27.8",",m,19,","209.0","m","77.2",",m","118.8",",,,m","15.84",",m","22.11",",,,m","9.57",",,,m"
"MXN00010038","1969-10","23.55","-105.4","2755.7","LA PEA, MX","","","0.0","1,m","8",",m","6",",m","3",",m","0","1,m","19","1,m","0","1,m","2","1,m","0","1,m","19691016","+,1,m","19691011",",,m","19691028",",1,m","-7.2","1,m,16,+","109.0",",,m,11,","22.8","1,m,28,","","","288.4","1,m","204.7",",,,m","8.72","1,m","17.38","1,,,m","0.06","1,,,m"
"MXN00010038","1969-11","23.55","-105.4","2755.7","LA PEA, MX","","","0.0",",m","3",",m","3",",m","1",",m","0",",m","21",",m","0",",m","1",",m","0",",m","19691121","+,,m","19691130",",,m","19691112",",,m","-4.4",",m,21,+","26.9",",,m,30,","21.7",",m,12,","","","325.7",",m","50.6",",,,m","7.48",",m","15.96",",,,m","-1.01",",,,m"
"MXN00010038","1969-12","23.55","-105.4","2755.7","LA PEA, MX","","","0.0","3,m","7",",m","7",",m","2",",m","0","3,m","24","3,m","0","3,m","0","3,m","0","3,m","19691223","+,3,m","19691204",",,m","19691225",",3,m","-6.1","3,m,23,+","102.9",",,m,04,","20.6","3,m,25,","","","364.6","3,m","215.8",",,,m","5.31","3,m","12.74","3,,,m","-2.12","3,,,m"
"MXN00010038","1970-01","23.55","-105.4","2755.7","LA PEA, MX","0.0","m","0.0",",m","3",",m","3",",m","1",",m","0",",m","26",",m","0",",m","0",",m","0",",m","19700106","+,,m","19700103",",,m","19700127","+,,m","-7.2",",m,06,+","35.8",",,m,03,","17.8",",m,27,+","","","438.5",",m","48.5",",,,m","4.19",",m","11.85",",,,m","-3.47",",,,m"
"MXN00010038","1970-02","23.55","-105.4","2755.7","LA PEA, MX","0.0","m","0.0",",m","4",",m","4",",m","2",",m","0",",m","17",",m","0",",m","0",",m","0",",m","19700226","+,,m","19700222",",,m","19700218",",,m","-6.1",",m,26,+","84.8",",,m,22,","18.9",",m,18,","","","341.9",",m","161.5",",,,m","6.12",",m","12.88",",,,m","-0.63",",,,m"
"MXN00010038","1970-03","23.55","-105.4","2755.7","LA PEA, MX","0.0","m","0.0",",m","2",",m","2",",m","0",",m","0",",m","27",",m","0",",m","0",",m","0",",m","19700309","+,,m","19700319",",,m","19700331","+,,m","-7.2",",m,09,+","2.8",",,m,19,","18.9",",m,31,+","","","409.6",",m","5.3",",,,m","5.12",",m","13.15",",,,m","-2.91",",,,m"
"MXN00010038","1970-04","23.55","-105.4","2755.7","LA PEA, MX","0.0","m","0.0",",m","0",",m","0",",m","0",",m","0",",m","15",",m","0",",m","3",",m","0",",m","19700419","+,,m","19700430","+,,m","19700425","+,,m","-5.0",",m,19,+","0.0",",,m,30,+","22.8",",m,25,+","","","289.3",",m","0.0",",,,m","8.69",",m","17.56",",,,m","-0.18",",,,m"
"MXN00010038","1970-05","23.55","-105.4","2755.7","LA PEA, MX","0.0","m","0.0",",m","1",",m","1",",m","0",",m","0",",m","6",",m","0",",m","12",",m","1",",m","19700505","+,,m","19700515",",,m","19700502",",,m","-4.4",",m,05,+","3.8",",,m,15,","32.8",",m,02,","","","195.2",",m","3.8",",,,m","12.04",",m","21.13",",,,m","2.95",",,,m"
"MXN00010038","1970-06","23.55","-105.4","2755.7","LA PEA, MX","0.0","m","0.0",",m","13",",m","12",",m","3",",m","0",",m","0",",m","0",",m","9",",m","0",",m","19700605","+,,m","19700628",",,m","19700616",",,m","2.8",",m,05,+","45.0",",,m,28,","26.7",",m,16,","","","136.5",",m","188.0",",,,m","13.78",",m","20.69",",,,m","6.88",",,,m"
"MXN00010038","1970-07","23.55","-105.4","2755.7","LA PEA, MX","0.0","m","0.0",",m","14",",m","14",",m","2",",m","0",",m","0",",m","0",",m","8",",m","0",",m","19700727","+,,m","19700726",",,m","19700713",",,m","5.6",",m,27,+","45.0",",,m,26,","25.0",",m,13,","131.3","m","131.3",",m","201.9",",,,m","14.10",",m","19.59",",,,m","8.61",",,,m"
"MXN00010038","1970-08","23.55","-105.4","2755.7","LA PEA, MX","0.0","m","0.0",",m","15",",m","13",",m","1",",m","0",",m","0",",m","0",",m","6",",m","0",",m","19700830",",,m","19700815",",,m","19700826","+,,m","3.9",",m,30,","31.0",",,m,15,","23.9",",m,26,+","257.7","m","126.4",",m","163.1",",,,m","14.26",",m","19.57",",,,m","8.95",",,,m"
"MXN00010038","1970-09","23.55","-105.4","2755.7","LA PEA, MX","0.0","m","0.0",",m","20",",m","18",",m","6",",m","0",",m","0",",m","0",",m","5",",m","0",",m","19700927","+,,m","19700930",",,m","19700910",",,m","5.0",",m,27,+","43.9",",,m,30,","27.8",",m,10,","405.2","m","147.5",",m","325.3",",,,m","13.42",",m","18.54",",,,m","8.30",",,,m"
"MXN00010038","1970-10","23.55","-105.4","2755.7","LA PEA, MX","0.0","m","0.0",",m","1",",m","1",",m","0",",m","0",",m","0",",m","0",",m","1",",m","0",",m","19701031","+,,m","19701001",",,m","19701008",",,m","0.6",",m,31,+","5.8",",,m,01,","21.7",",m,08,","684.2","m","279.0",",m","5.8",",,,m","9.33",",m","15.94",",,,m","2.73",",,,m"
"MXN00010038","1970-11","23.55","-105.4","2755.7","LA PEA, MX","0.0","m","0.0",",m","1",",m","1",",m","0",",m","0",",m","0",",m","0",",m","3",",m","0",",m","19701130","+,,m","19701104",",,m","19701123","+,,m","0.6",",m,30,+","19.8",",,m,04,","21.7",",m,23,+","951.5","m","267.3",",m","19.8",",,,m","9.42",",m","16.52",",,,m","2.33",",,,m"
"MXN00010038","1970-12","23.55","-105.4","2755.7","LA PEA, MX","0.0","m","0.0",",m","1",",m","0",",m","0",",m","0",",m","27",",m","0",",m","0",",m","0",",m","19701230","+,,m","19701222",",,m","19701205",",,m","-5.0",",m,30,+","1.8",",,m,22,","20.6",",m,05,","1316.4","m","364.9",",m","1.8",",,,m","6.56",",m","15.81",",,,m","-2.68",",,,m"
"MXN00010038","1971-01","23.55","-105.4","2755.7","LA PEA, MX","0.0","m","0.0",",m","2",",m","2",",m","0",",m","0",",m","20",",m","0",",m","0",",m","0",",m","19710106",",,m","19710109",",,m","19710131",",,m","-7.2",",m,06,","19.8",",,m,09,","20.0",",m,31,","1699.5","m","383.1",",m","27.7",",,,m","5.98",",m","13.30",",,,m","-1.35",",,,m"
"MXN00010038","1971-02","23.55","-105.4","2755.7","LA PEA, MX","0.0","m","0.0",",m","0",",m","0",",m","0",",m","0",",m","16",",m","0",",m","2",",m","0",",m","19710209",",,m","19710228","+,,m","19710212",",,m","-9.4",",m,09,","0.0",",,m,28,+","23.9",",m,12,","2045.3","m","345.8",",m","0.0",",,,m","5.98",",m","13.81",",,,m","-1.84",",,,m"
"MXN00010038","1971-03","23.55","-105.4","2755.7","LA PEA, MX","0.0","m","0.0",",m","0",",m","0",",m","0",",m","0",",m","30",",m","0",",m","0",",m","0",",m","19710313",",,m","19710331","+,,m","19710330","+,,m","-13.3",",m,13,","0.0",",,m,31,+","20.6",",m,30,+","2412.2","m","366.9",",m","0.0",",,,m","6.50",",m","16.54",",,,m","-3.55",",,,m"
"MXN00010038","1971-04","23.55","-105.4","2755.7","LA PEA, MX","0.0","m","0.0",",m","0",",m","0",",m","0",",m","0",",m","20",",m","0",",m","1",",m","0",",m","19710408",",,m","19710430","+,,m","19710430",",,m","-13.3",",m,08,","0.0",",,m,30,+","21.7",",m,30,","2739.9","m","327.7",",m","0.0",",,,m","7.41",",m","16.68",",,,m","-1.87",",,,m"
"MXN00010038","1971-05","23.55","-105.4","2755.7","LA PEA, MX","0.0","m","0.0",",m","1",",m","1",",m","0",",m","0",",m","6",",m","0",",m","8",",m","0",",m","19710518",",,m","19710513",",,m","19710521",",,m","-4.4",",m,18,","4.8",",,m,13,","23.9",",m,21,","2960.8","m","220.9",",m","4.8",",,,m","11.21",",m","19.38",",,,m","3.04",",,,m"
"MXN00010038","1971-06","23.55","-105.4","2755.7","LA PEA, MX","0.0","m","0.0",",m","15",",m","15",",m","1",",m","0",",m","0",",m","0",",m","9",",m","0",",m","19710601",",,m","19710622",",,m","19710618",",,m","1.7",",m,01,","57.9",",,m,22,","23.9",",m,18,","3118.9","m","158.1",",m","227.6",",,,m","13.06",",m","19.11",",,,m","7.02",",,,m"
"MXN00010038","1971-07","23.55","-105.4","2755.7","LA PEA, MX","0.0","m","0.0",",m","21",",m","20",",m","3",",m","0",",m","0",",m","0",",m","7",",m","0",",m","19710708","+,,m","19710720",",,m","19710726","+,,m","5.6",",m,08,+","38.9",",,m,20,","25.0",",m,26,+","144.9","m","144.9",",m","277.1",",,,m","13.66",",m","19.55",",,,m","7.76",",,,m"
"MXN00010038","1971-08","23.55","-105.4","2755.7","LA PEA, MX","0.0","m","0.0",",m","17",",m","17",",m","3",",m","0",",m","0",",m","0",",m","3",",m","0",",m","19710805",",,m","19710821",",,m","19710827",",,m","2.8",",m,05,","35.8",",,m,21,","22.8",",m,27,","320.8","m","175.9",",m","201.4",",,,m","12.66",",m","17.08",",,,m","8.24",",,,m"
"MXN00010038","1971-09","23.55","-105.4","2755.7","LA PEA, MX","0.0","m","0.0",",m","12",",m","11",",m","2",",m","0",",m","0",",m","0",",m","2",",m","0",",m","19710921",",,m","19710925",",,m","19710908",",,m","2.8",",m,21,","35.8",",,m,25,","22.8",",m,08,","474.7","m","153.9",",m","141.2",",,,m","13.20",",m","18.50",",,,m","7.91",",,,m"
"MXN00010038","1971-10","23.55","-105.4","2755.7","LA PEA, MX","0.0","m","0.0",",m","14",",m","9",",m","0",",m","0",",m","5",",m","0",",m","0",",m","0",",m","19711021",",,m","19711001",",,m","19711023","+,,m","-4.4",",m,21,","11.9",",,m,01,","20.6",",m,23,+","724.3","m","249.6",",m","73.7",",,,m","10.28",",m","16.36",",,,m","4.20",",,,m"
"MXN00010038","1971-11","23.55","-105.4","2755.7","LA PEA, MX","0.0","m","0.0",",m","0",",m","0",",m","0",",m","0",",m","17",",m","0",",m","0",",m","0",",m","19711128",",,m","19711130","+,,m","19711107",",,m","-6.1",",m,28,","0.0",",,m,30,+","20.6",",m,07,","1053.8","m","329.5",",m","0.0",",,,m","7.35",",m","15.72",",,,m","-1.02",",,,m"
"MXN00010038","1971-12","23.55","-105.4","2755.7","LA PEA, MX","0.0","m","0.0",",m","3",",m","3",",m","1",",m","0",",m","22",",m","0",",m","0",",m","0",",m","19711206",",,m","19711216",",,m","19711225","+,,m","-8.3",",m,06,","29.0",",,m,16,","20.0",",m,25,+","1433.7","m","379.9",",m","48.8",",,,m","6.08",",m","13.17",",,,m","-1.02",",,,m"
"MXN00010038","1972-01","23.55","-105.4","2755.7","LA PEA, MX","0.0","m","0.0",",m","6",",m","5",",m","1",",m","0",",m","19",",m","0",",m","1",",m","0",",m","19720121",",,m","19720103",",,m","19720111",",,m","-5.0",",m,21,","104.9",",,m,03,","22.8",",m,11,","1820.8","m","387.1",",m","141.2",",,,m","5.85",",m","12.21",",,,m","-0.51",",,,m"
"MXN00010038","1972-02","23.55","-105.4","2755.7","LA PEA, MX","0.0","m","0.0",",m","2",",m","2",",m","0",",m","0",",m","26",",m","0",",m","1",",m","0",",m","19720216",",,m","19720215","+,,m","19720222",",,m","-10.0",",m,16,","4.8",",,m,15,+","21.7",",m,22,","2203.2","m","382.4",",m","9.6",",,,m","5.15",",m","13.36",",,,m","-3.06",",,,m"
"MXN00010038","1972-03","23.55","-105.4","2755.7","LA PEA, MX","0.0","m","0.0",",m","4",",m","4",",m","0",",m","0",",m","25",",m","0",",m","1",",m","0",",m","19720330","+,,m","19720326",",,m","19720305",",,m","-8.3",",m,30,+","9.9",",,m,26,","21.7",",m,05,","2553.9","m","350.7",",m","23.3",",,,m","7.02",",m","16.52",",,,m","-2.48",",,,m"
"MXN00010038","1972-04","23.55","-105.4","2755.7","LA PEA, MX","0.0","m","0.0",",m","0",",m","0",",m","0",",m","0",",m","5",",m","0",",m","11",",m","0",",m","19720403",",,m","19720430","+,,m","19720412","+,,m","-4.4",",m,03,","0.0",",,m,30,+","25.0",",m,12,+","2757.1","m","203.2",",m","0.0",",,,m","11.56",",m","20.85",",,,m","2.27",",,,m"
"MXN00010038","1972-05","23.55","-105.4","2755.7","LA PEA, MX","0.0","m","0.0",",m","5",",m","4",",m","2",",m","0",",m","4",",m","0",",m","11",",m","0",",m","19720511",",,m","19720529",",,m","19720526","+,,m","-2.2",",m,11,","29.0",",,m,29,","25.0",",m,26,+","2955.3","m","198.2",",m","75.5",",,,m","11.94",",m","20.16",",,,m","3.72",",,,m"
"MXN00010038","1972-06","23.55","-105.4","2755.7","LA PEA, MX","0.0","m","0.0",",m","13",",m","8",",m","2",",m","0",",m","0",",m","0",",m","15",",m","0",",m","19720622","+,,m","19720628",",,m","19720620","+,,m","2.8",",m,22,+","48.8",",,m,28,","25.6",",m,20,+","3092.5","m","137.2",",m","141.9",",,,m","13.76",",m","21.03",",,,m","6.49",",,,m"
"MXN00010038","1972-07","23.55","-105.4","2755.7","LA PEA, MX","0.0","m","0.0",",m","16",",m","13",",m","1",",m","0",",m","0",",m","0",",m","11",",m","0",",m","19720717",",,m","19720723",",,m","19720712",",,m","2.8",",m,17,","27.9",",,m,23,","30.0",",m,12,","125.8","m","125.8",",m","186.0",",,,m","14.28",",m","20.48",",,,m","8.07",",,,m"
"MXN00010038","1972-08","23.55","-105.4","2755.7","LA PEA, MX","0.0","m","0.0",",m","14",",m","9",",m","1",",m","0",",m","0",",m","0",",m","4",",m","0",",m","19720810",",,m","19720804",",,m","19720822","+,,m","3.9",",m,10,","66.8",",,m,04,","22.8",",m,22,+","283.5","m","157.7",",m","140.5",",,,m","13.25",",m","19.14",",,,m","7.35",",,,m"
"MXN00010038","1972-09","23.55","-105.4","2755.7","LA PEA, MX","0.0","m","0.0",",m","16",",m","16",",m","3",",m","0",",m","0",",m","0",",m","8",",m","0",",m","19720925","+,,m","19720921","+,,m","19720904","+,,m","3.9",",m,25,+","30.0",",,m,21,+","23.9",",m,04,+","435.3","m","151.8",",m","212.8",",,,m","13.27",",m","19.13",",,,m","7.41",",,,m"
"MXN00010038","1972-10","23.55","-105.4","2755.7","LA PEA, MX","0.0","m","0.0",",m","7",",m","7",",m","1",",m","0",",m","6",",m","0",",m","4",",m","0",",m","19721025",",,m","19721010",",,m","19721010","+,,m","-4.4",",m,25,","39.9",",,m,10,","22.8",",m,10,+","650.0","m","214.7",",m","91.2",",,,m","11.41",",m","17.95",",,,m","4.86",",,,m"
"MXN00010038","1972-11","23.55","-105.4","2755.7","LA PEA, MX","0.0","m","0.0",",m","6",",m","5",",m","3",",m","0",",m","15",",m","0",",m","0",",m","0",",m","19721130",",,m","19721122",",,m","19721107",",,m","-7.2",",m,30,","62.0",",,m,22,","20.0",",m,07,","982.4","m","332.4",",m","143.3",",,,m","7.25",",m","13.69",",,,m","0.82",",,,m"
"MXN00010038","1972-12","23.55","-105.4","2755.7","LA PEA, MX","0.0","m","0.0",",m","3",",m","3",",m","1",",m","0",",m","26",",m","0",",m","0",",m","0",",m","19721231","+,,m","19721228",",,m","19721226","+,,m","-4.4",",m,31,+","125.0",",,m,28,","18.9",",m,26,+","1378.2","m","395.8",",m","166.6",",,,m","5.57",",m","12.95",",,,m","-1.82",",,,m"
"MXN00010038","1973-01","23.55","-105.4","2755.7","LA PEA, MX","0.0","m","0.0",",m","3",",m","3",",m","2",",m","0",",m","28",",m","0",",m","0",",m","0",",m","19730125",",,m","19730109",",,m","19730127","+,,m","-9.4",",m,25,","31.8",",,m,09,","18.9",",m,27,+","1822.3","m","444.1",",m","69.7",",,,m","4.01",",m","11.63",",,,m","-3.61",",,,m"
"MXN00010038","1973-02","23.55","-105.4","2755.7","LA PEA, MX","0.0","m","0.0",",m","4",",m","4",",m","1",",m","0",",m","18",",m","0",",m","0",",m","0",",m","19730211",",,m","19730221",",,m","19730206","+,,m","-8.3",",m,11,","82.8",",,m,21,","20.0",",m,06,+","2176.5","m","354.2",",m","133.4",",,,m","5.68",",m","13.57",",,,m","-2.20",",,,m"
"MXN00010038","1973-03","23.55","-105.4","2755.7","LA PEA, MX","0.0","m","0.0",",m","1",",m","1",",m","0",",m","0",",m","15",",m","0",",m","0",",m","0",",m","19730316","+,,m","19730319",",,m","19730316",",,m","-7.2",",m,16,+","2.8",",,m,19,","20.0",",m,16,","2554.4","m","377.9",",m","2.8",",,,m","6.14",",m","13.12",",,,m","-0.83",",,,m"
"MXN00010038","1973-04","23.55","-105.4","2755.7","LA PEA, MX","0.0","m","0.0",",m","0",",m","0",",m","0",",m","0",",m","19",",m","0",",m","0",",m","0",",m","19730408",",,m","19730430","+,,m","19730427","+,,m","-7.2",",m,08,","0.0",",,m,30,+","20.0",",m,27,+","2883.0","m","328.6",",m","0.0",",,,m","7.38",",m","15.48",",,,m","-0.72",",,,m"
"MXN00010038","1973-05","23.55","-105.4","2755.7","LA PEA, MX","0.0","m","0.0",",m","5",",m","5",",m","0",",m","0",",m","1",",m","0",",m","12",",m","0",",m","19730508",",,m","19730519",",,m","19730529","+,,m","-2.2",",m,08,","15.7",",,m,19,","25.0",",m,29,+","3067.9","m","184.9",",m","43.1",",,,m","12.37",",m","20.05",",,,m","4.68",",,,m"
"MXN00010038","1973-06","23.55","-105.4","2755.7","LA PEA, MX","0.0","m","0.0",",m","11",",m","10",",m","0",",m","0",",m","0",",m","0",",m","15",",m","0",",m","19730617","+,,m","19730624",",,m","19730605",",,m","1.7",",m,17,+","24.9",",,m,24,","26.7",",m,05,","3219.0","m","151.1",",m","88.1",",,,m","13.30",",m","20.59",",,,m","6.00",",,,m"
"MXN00010038","1973-07","23.55","-105.4","2755.7","LA PEA, MX","0.0","m","0.0",",m","24",",m","22",",m","0",",m","0",",m","0",",m","0",",m","9",",m","0",",m","19730717",",,m","19730724",",,m","19730723","+,,m","5.6",",m,17,","24.9",",,m,24,","23.9",",m,23,+","127.0","m","127.0",",m","264.3",",,,m","14.24",",m","19.57",",,,m","8.90",",,,m"
"MXN00010038","1973-08","23.55","-105.4","2755.7","LA PEA, MX","0.0","m","0.0",",m","21",",m","20",",m","0",",m","0",",m","0",",m","0",",m","6",",m","0",",m","19730825",",,m","19730802",",,m","19730831","+,,m","5.0",",m,25,","24.9",",,m,02,","21.7",",m,31,+","273.3","m","146.3",",m","248.0",",,,m","13.61",",m","18.10",",,,m","9.12",",,,m"
"MXN00010038","1973-09","23.55","-105.4","2755.7","LA PEA, MX","0.0","m","0.0",",m","17",",m","17",",m","2",",m","0",",m","0",",m","0",",m","2",",m","0",",m","19730907",",,m","19730907",",,m","19730905","+,,m","5.0",",m,07,","31.8",",,m,07,","21.7",",m,05,+","427.9","m","154.6",",m","275.2",",,,m","13.18",",m","18.41",",,,m","7.95",",,,m"
"MXN00010038","1973-10","23.55","-105.4","2755.7","LA PEA, MX","0.0","m","0.0",",m","8",",m","8",",m","1",",m","0",",m","3",",m","0",",m","0",",m","0",",m","19731031",",,m","19731004",",,m","19731013","+,,m","-7.2",",m,31,","41.9",",,m,04,","20.6",",m,13,+","665.8","m","237.9",",m","106.2",",,,m","10.66",",m","17.25",",,,m","4.07",",,,m"
"MXN00010038","1973-11","23.55","-105.4","2755.7","LA PEA, MX","0.0","m","0.0",",m","0",",m","0",",m","0",",m","0",",m","16",",m","0",",m","4",",m","0",",m","19731121",",,m","19731130","+,,m","19731110","+,,m","-7.2",",m,21,","0.0",",,m,30,+","21.7",",m,10,+","979.4","m","313.6",",m","0.0",",,,m","7.88",",m","16.45",",,,m","-0.69",",,,m"
"MXN00010038","1973-12","23.55","-105.4","2755.7","LA PEA, MX","0.0","m","0.0",",m","1",",m","1",",m","0",",m","0",",m","29",",m","0",",m","0",",m","0",",m","19731224",",,m","19731224",",,m","19731221",",,m","-10.0",",m,24,","19.8",",,m,24,","18.9",",m,21,","1413.1","m","433.7",",m","19.8",",,,m","4.34",",m","12.71",",,,m","-4.03",",,,m"
"MXN00010038","1974-01","23.55","-105.4","2755.7","LA PEA, MX","0.0","m","0.0",",m","1",",m","1",",m","0",",m","0",",m","26",",m","0",",m","0",",m","0",",m","19740128","+,,m","19740124",",,m","19740129","+,,m","-8.3",",m,28,+","19.8",",,m,24,","20.0",",m,29,+","1814.7","m","401.6",",m","19.8",",,,m","5.38",",m","13.65",",,,m","-2.90",",,,m"
"MXN00010038","1974-02","23.55","-105.4","2755.7","LA PEA, MX","0.0","m","0.0",",m","0",",m","0",",m","0",",m","0",",m","28",",m","0",",m","0",",m","0",",m","19740205",",,m","19740228","+,,m","19740222","+,,m","-7.2",",m,05,","0.0",",,m,28,+","17.8",",m,22,+","2187.4","m","372.7",",m","0.0",",,,m","5.02",",m","14.31",",,,m","-4.26",",,,m"
"MXN00010038","1974-03","23.55","-105.4","2755.7","LA PEA, MX","0.0","m","0.0",",m","1",",m","1",",m","0",",m","0",",m","26",",m","0",",m","0",",m","0",",m","19740326",",,m","19740319",",,m","19740302",",,m","-9.4",",m,26,","4.8",",,m,19,","20.6",",m,02,","2558.4","m","371.0",",m","4.8",",,,m","6.37",",m","15.14",",,,m","-2.41",",,,m"
"MXN00010038","1974-04","23.55","-105.4","2755.7","LA PEA, MX","0.0","m","0.0",",m","0",",m","0",",m","0",",m","0",",m","13",",m","0",",m","7",",m","0",",m","19740413","+,,m","19740430","+,,m","19740422",",,m","-4.4",",m,13,+","0.0",",,m,30,+","25.0",",m,22,","2813.2","m","254.8",",m","0.0",",,,m","9.84",",m","18.58",",,,m","1.10",",,,m"
"MXN00010038","1974-05","23.55","-105.4","2755.7","LA PEA, MX","0.6","m","0.6","1,m","3",",m","3",",m","0",",m","0","1,m","9","1,m","0",",m","11",",m","0",",m","19740503",",1,m","19740528",",,m","19740527","+,,m","-10.0","1,m,03,","24.9",",,m,28,","27.8",",m,27,+","3030.1","m","216.9",",m","46.5",",,,m","11.04","1,m","19.95",",,,m","2.13","1,,,m"
"MXN00010038","1974-06","23.55","-105.4","2755.7","LA PEA, MX","0.6","m","0.0",",m","4",",m","4",",m","0",",m","0",",m","0",",m","0",",m","24",",m","0",",m","19740629","+,,m","19740610",",,m","19740609",",,m","5.0",",m,29,+","16.8",",,m,10,","27.8",",m,09,","3119.4","m","89.3",",m","31.2",",,,m","15.36",",m","23.41",",,,m","7.30",",,,m"
"MXN00010038","1974-07","23.55","-105.4","2755.7","LA PEA, MX","0.6","m","0.0",",m","19",",m","19",",m","1",",m","0",",m","0",",m","0",",m","14",",m","0",",m","19740726",",,m","19740710",",,m","19740704",",,m","5.0",",m,26,","30.0",",,m,10,","25.6",",m,04,","133.8","m","133.8",",m","232.4",",,,m","14.02",",m","19.72",",,,m","8.32",",,,m"
"MXN00010038","1974-08","23.55","-105.4","2755.7","LA PEA, MX","0.6","m","0.0",",m","22",",m","22",",m","2",",m","0",",m","0",",m","0",",m","10",",m","0",",m","19740827",",,m","19740807",",,m","19740816",",,m","3.9",",m,27,","47.8",",,m,07,","25.6",",m,16,","279.0","m","145.2",",m","365.6",",,,m","13.65",",m","19.77",",,,m","7.53",",,,m"
"MXN00010038","1974-09","23.55","-105.4","2755.7","LA PEA, MX","1.2","m","0.6",",m","19",",m","19",",m","4",",m","0",",m","0",",m","0",",m","8",",m","0",",m","19740913",",,m","19740923",",,m","19740908","+,,m","2.8",",m,13,","34.8",",,m,23,","28.9",",m,08,+","432.6","m","153.6",",m","320.6",",,,m","13.23",",m","18.91",",,,m","7.56",",,,m"
"MXN00010038","1974-10","23.55","-105.4","2755.7","LA PEA, MX","1.2","m","0.0",",m","3",",m","3",",m","0",",m","0",",m","1",",m","0",",m","4",",m","0",",m","19741021",",,m","19741021","+,,m","19741008","+,,m","-1.1",",m,21,","3.8",",,m,21,+","22.8",",m,08,+","672.2","m","239.6",",m","10.4",",,,m","10.60",",m","17.67",",,,m","3.54",",,,m"
"MXN00010038","1974-11","23.55","-105.4","2755.7","LA PEA, MX","1.2","m","0.0",",m","3",",m","3",",m","0",",m","0",",m","16",",m","0",",m","0",",m","0",",m","19741126",",,m","19741108",",,m","19741121",",,m","-6.1",",m,26,","8.9",",,m,08,","20.0",",m,21,","1004.1","m","331.9",",m","22.6",",,,m","7.27",",m","14.29",",,,m","0.25",",,,m"
"MXN00010038","1974-12","23.55","-105.4","2755.7","LA PEA, MX","1.2","m","0.0",",m","9",",m","8",",m","3",",m","0",",m","19",",m","0",",m","0",",m","0",",m","19741219",",,m","19741225",",,m","19741216",",,m","-6.1",",m,19,","125.0",",,m,25,","17.8",",m,16,","1425.4","m","421.3",",m","271.6",",,,m","4.74",",m","10.51",",,,m","-1.02",",,,m"
"MXN00010038","1975-01","23.55","-105.4","2755.7","LA PEA, MX","0.0","m","0.0",",m","5",",m","5",",m","0",",m","0",",m","25",",m","0",",m","0",",m","0",",m","19750124","+,,m","19750118",",,m","19750113",",,m","-7.2",",m,24,+","19.8",",,m,18,","18.9",",m,13,","1864.5","m","439.1",",m","40.1",",,,m","4.17",",m","11.38",",,,m","-3.04",",,,m"
"MXN00010038","1975-02","23.55","-105.4","2755.7","LA PEA, MX","0.0","m","0.0",",m","0",",m","0",",m","0",",m","0",",m","24",",m","0",",m","0",",m","0",",m","19750211",",,m","19750228","+,,m","19750224","+,,m","-8.3",",m,11,","0.0",",,m,28,+","18.9",",m,24,+","2245.0","m","380.5",",m","0.0",",,,m","4.74",",m","12.58",",,,m","-3.09",",,,m"
"MXN00010038","1975-03","23.55","-105.4","2755.7","LA PEA, MX","0.0","m","0.0",",m","0",",m","0",",m","0",",m","0",",m","26",",m","0",",m","0",",m","0",",m","19750321","+,,m","19750331","+,,m","19750307",",,m","-5.0",",m,21,+","0.0",",,m,31,+","20.0",",m,07,","2602.1","m","357.1",",m","0.0",",,,m","6.81",",m","15.75",",,,m","-2.13",",,,m"
"MXN00010038","1975-04","23.55","-105.4","2755.7","LA PEA, MX","0.0","m","0.0",",m","0",",m","0",",m","0",",m","0",",m","3",",m","0",",m","4",",m","0",",m","19750402",",,m","19750430","+,,m","19750422","+,,m","-5.0",",m,02,","0.0",",,m,30,+","21.7",",m,22,+","2835.4","m","233.3",",m","0.0",",,,m","10.56",",m","17.65",",,,m","3.46",",,,m"
"MXN00010038","1975-05","23.55","-105.4","2755.7","LA PEA, MX","0.0","m","0.0",",m","1",",m","1",",m","0",",m","0",",m","8",",m","0",",m","1",",m","0",",m","19750507",",,m","19750519",",,m","19750531",",,m","-4.4",",m,07,","2.8",",,m,19,","23.9",",m,31,","3087.8","m","252.4",",m","2.8",",,,m","10.19",",m","18.73",",,,m","1.65",",,,m"
"MXN00010038","1975-06","23.55","-105.4","2755.7","LA PEA, MX","0.0","m","0.0",",m","13",",m","13",",m","1",",m","0",",m","0",",m","0",",m","9",",m","0",",m","19750609","+,,m","19750604",",,m","19750602",",,m","2.8",",m,09,+","39.9",",,m,04,","25.6",",m,02,","3226.4","m","138.6",",m","154.1",",,,m","13.71",",m","20.57",",,,m","6.85",",,,m"
"MXN00010038","1975-07","23.55","-105.4","2755.7","LA PEA, MX","0.0","m","0.0",",m","26",",m","26",",m","2",",m","0",",m","0",",m","0",",m","5",",m","0",",m","19750727",",,m","19750714",",,m","19750731",",,m","1.7",",m,27,","30.0",",,m,14,","23.9",",m,31,","161.0","m","161.0",",m","251.5",",,,m","13.14",",m","18.75",",,,m","7.53",",,,m"
"MXN00010038","1975-08","23.55","-105.4","2755.7","LA PEA, MX","0.0","m","0.0",",m","26",",m","25",",m","5",",m","0",",m","0",",m","0",",m","3",",m","0",",m","19750820",",,m","19750826",",,m","19750802",",,m","3.9",",m,20,","54.9",",,m,26,","22.8",",m,02,","326.5","m","165.5",",m","411.6",",,,m","13.00",",m","18.55",",,,m","7.44",",,,m"
"MXN00010038","1975-09","23.55","-105.4","2755.7","LA PEA, MX","0.0","m","0.0",",m","15",",m","11",",m","2",",m","0",",m","0",",m","0",",m","2",",m","0",",m","19750929",",,m","19750902",",,m","19750917",",,m","1.7",",m,29,","30.0",",,m,02,","23.9",",m,17,","507.9","m","181.4",",m","115.8",",,,m","12.29",",m","18.07",",,,m","6.50",",,,m"
"MXN00010038","1975-10","23.55","-105.4","2755.7","LA PEA, MX","0.0","m","0.0",",m","5",",m","3",",m","1",",m","0",",m","4",",m","0",",m","8",",m","0",",m","19751006",",,m","19751024",",,m","19751009",",,m","-4.4",",m,06,","71.9",",,m,24,","25.0",",m,09,","716.1","m","208.2",",m","80.1",",,,m","11.62",",m","19.48",",,,m","3.75",",,,m"
"MXN00010038","1975-11","23.55","-105.4","2755.7","LA PEA, MX","0.0","m","0.0",",m","0",",m","0",",m","0",",m","0",",m","17",",m","0",",m","4",",m","0",",m","19751127","+,,m","19751130","+,,m","19751103",",,m","-5.0",",m,27,+","0.0",",,m,30,+","22.8",",m,03,","1034.3","m","318.2",",m","0.0",",,,m","7.73",",m","15.74",",,,m","-0.29",",,,m"
"MXN00010038","1975-12","23.55","-105.4","2755.7","LA PEA, MX","0.0","m","0.0",",m","3",",m","3",",m","0",",m","0",",m","24",",m","0",",m","2",",m","0",",m","19751231",",,m","19751218",",,m","19751204",",,m","-9.4",",m,31,","23.9",",,m,18,","22.8",",m,04,","1427.8","m","393.5",",m","31.5",",,,m","5.64",",m","12.87",",,,m","-1.59",",,,m"
"MXN00010038","1976-01","23.55","-105.4","2755.7","LA PEA, MX","0.0","m","0.0",",m","1",",m","1",",m","0",",m","0",",m","26",",m","0",",m","0",",m","0",",m","19760106",",,m","19760124",",,m","19760119",",,m","-7.2",",m,06,","18.8",",,m,24,","18.9",",m,19,","1821.7","m","393.9",",m","18.8",",,,m","5.63",",m","13.73",",,,m","-2.48",",,,m"
"MXN00010038","1976-02","23.55","-105.4","2755.7","LA PEA, MX","0.0","m","0.0",",m","0",",m","0",",m","0",",m","0",",m","29",",m","0",",m","0",",m","0",",m","19760202",",,m","19760229","+,,m","19760211",",,m","-7.2",",m,02,","0.0",",,m,29,+","20.6",",m,11,","2284.2","m","462.5",",m","0.0",",,,m","2.39",",m","8.51",",,,m","-3.73",",,,m"
"MXN00010038","1976-03","23.55","-105.4","2755.7","LA PEA, MX","0.0","m","0.0",",m","0",",m","0",",m","0",",m","0",",m","30",",m","0",",m","1",",m","0",",m","19760305","+,,m","19760331","+,,m","19760316",",,m","-5.0",",m,05,+","0.0",",,m,31,+","21.7",",m,16,","2659.3","m","375.1",",m","0.0",",,,m","6.23",",m","14.90",",,,m","-2.43",",,,m"
"MXN00010038","1976-04","23.55","-105.4","2755.7","LA PEA, MX","0.0","m","0.0",",m","1",",m","1",",m","0",",m","0",",m","16",",m","0",",m","0",",m","0",",m","19760418",",,m","19760403",",,m","19760420",",,m","-4.4",",m,18,","4.8",",,m,03,","20.6",",m,20,","2941.5","m","282.2",",m","4.8",",,,m","8.93",",m","17.22",",,,m","0.63",",,,m"
"MXN00010038","1976-05","23.55","-105.4","2755.7","LA PEA, MX","0.0","m","0.0",",m","1",",m","0",",m","0",",m","0",",m","5",",m","0",",m","11",",m","0",",m","19760521","+,,m","19760512",",,m","19760502",",,m","-3.3",",m,21,+","0.8",",,m,12,","30.0",",m,02,","3159.8","m","218.3",",m","0.8",",,,m","11.29",",m","19.77",",,,m","2.82",",,,m"
"MXN00010038","1976-06","23.55","-105.4","2755.7","LA PEA, MX","0.0","m","0.0",",m","16",",m","15",",m","1",",m","0",",m","0",",m","0",",m","9",",m","0",",m","19760602",",,m","19760613",",,m","19760624",",,m","0.6",",m,02,","48.8",",,m,13,","26.7",",m,24,","3313.9","m","154.1",",m","199.8",",,,m","13.20",",m","19.34",",,,m","7.06",",,,m"
"MXN00010038","1976-07","23.55","-105.4","2755.7","LA PEA, MX","0.0","m","0.0",",m","22",",m","18",",m","3",",m","0",",m","0",",m","0",",m","0",",m","0",",m","19760722",",,m","19760707",",,m","19760731",",,m","1.7",",m,22,","39.9",",,m,07,","20.6",",m,31,","161.7","m","161.7",",m","281.4",",,,m","13.12",",m","17.91",",,,m","8.33",",,,m"
"MXN00010038","1976-08","23.55","-105.4","2755.7","LA PEA, MX","0.0","m","0.0",",m","23",",m","18",",m","0",",m","0",",m","0",",m","0",",m","16",",m","0",",m","19760828","+,,m","19760819",",,m","19760815","+,,m","5.6",",m,28,+","20.8",",,m,19,","25.0",",m,15,+","271.3","m","109.6",",m","168.5",",,,m","14.80",",m","20.90",",,,m","8.70",",,,m"
"MXN00010038","1976-09","23.55","-105.4","2755.7","LA PEA, MX","0.0","m","0.0",",m","20",",m","17",",m","0",",m","0",",m","0",",m","0",",m","6",",m","0",",m","19760927","+,,m","19760906",",,m","19760908",",,m","2.8",",m,27,+","21.8",",,m,06,","22.8",",m,08,","431.4","m","160.1",",m","145.0",",,,m","13.00",",m","18.75",",,,m","7.24",",,,m"
"MXN00010038","1976-10","23.55","-105.4","2755.7","LA PEA, MX","0.0","m","0.0","2,m","10",",m","8",",m","3",",m","0","1,m","5","1,m","0","1,m","2","1,m","0","1,m","19761030","+,1,m","19761027",",,m","19761005",",1,m","0.0","1,m,30,+","59.9",",,m,27,","22.8","1,m,05,","661.7","m","230.3","1,m","200.7",",,,m","10.22","2,m","16.74","1,,,m","3.70","1,,,m"
"MXN00010038","1976-11","23.55","-105.4","2755.7","LA PEA, MX","0.0","m","0.0",",m","12",",m","11",",m","3",",m","0",",m","3",",m","0",",m","0",",m","0",",m","19761110","+,,m","19761124",",,m","19761101",",,m","0.0",",m,10,+","67.8",",,m,24,","20.0",",m,01,","989.6","m","327.9",",m","237.9",",,,m","7.40",",m","12.26",",,,m","2.54",",,,m"
"MXN00010038","1976-12","23.55","-105.4","2755.7","LA PEA, MX","0.0","m","0.0",",m","18",",m","16",",m","0",",m","0",",m","0",",m","0",",m","0",",m","0",",m","19761225","+,,m","19761222",",,m","19761224",",,m","0.6",",m,25,+","21.8",",,m,22,","16.7",",m,24,","1337.2","m","347.6",",m","175.1",",,,m","7.12",",m","10.81",",,,m","3.43",",,,m"
"MXN00010038","1977-01","23.55","-105.4","2755.7","LA PEA, MX","0.0","m","0.0",",m","4",",m","4",",m","1",",m","0",",m","7",",m","0",",m","0",",m","0",",m","19770105",",,m","19770112",",,m","19770124",",,m","-5.0",",m,05,","34.8",",,m,12,","16.7",",m,24,","1727.0","m","389.8",",m","57.4",",,,m","5.76",",m","9.83",",,,m","1.69",",,,m"
"MXN00010038","1977-02","23.55","-105.4","2755.7","LA PEA, MX","0.0","m","0.0",",m","0",",m","0",",m","0",",m","0",",m","15",",m","0",",m","2",",m","0",",m","19770228","+,,m","19770228","+,,m","19770222","+,,m","-6.1",",m,28,+","0.0",",,m,28,+","21.7",",m,22,+","2065.2","m","338.2",",m","0.0",",,,m","6.25",",m","13.14",",,,m","-0.63",",,,m"
"MXN00010038","1977-03","23.55","-105.4","2755.7","LA PEA, MX","0.0","m","0.0",",m","1",",m","0",",m","0",",m","0",",m","16",",m","0",",m","2",",m","0",",m","19770312","+,,m","19770326",",,m","19770316","+,,m","-6.1",",m,12,+","1.5",",,m,26,","21.7",",m,16,+","2407.0","m","341.8",",m","1.5",",,,m","7.31",",m","15.25",",,,m","-0.64",",,,m"
"MXN00010038","1977-04","23.55","-105.4","2755.7","LA PEA, MX","0.0","m","0.0","1,m","0",",m","0",",m","0",",m","0",",m","10",",m","0","1,m","0","1,m","0","1,m","19770417","+,,m","19770430","+,,m","19770422",",1,m","-6.1",",m,17,+","0.0",",,m,30,+","20.6","1,m,22,","2690.0","m","283.0","1,m","0.0",",,,m","8.49","1,m","16.30","1,,,m","0.67",",,,m"
"MXN00010038","1977-05","23.55","-105.4","2755.7","LA PEA, MX","0.0","m","0.0",",m","1",",m","1",",m","0",",m","0",",m","3",",m","0",",m","8",",m","0",",m","19770512","+,,m","19770531",",,m","19770531",",,m","0.0",",m,12,+","10.9",",,m,31,","23.9",",m,31,","2893.1","m","203.1",",m","10.9",",,,m","11.78",",m","19.92",",,,m","3.64",",,,m"
"MXN00010038","1977-06","23.55","-105.4","2755.7","LA PEA, MX","0.0","m","0.0",",m","19",",m","15",",m","2",",m","0",",m","0",",m","0",",m","10",",m","0",",m","19770610",",,m","19770619",",,m","19770614",",,m","1.7",",m,10,","47.8",",,m,19,","27.8",",m,14,","3033.9","m","140.8",",m","237.2",",,,m","13.64",",m","20.32",",,,m","6.96",",,,m"
"MXN00010038","1977-07","23.55","-105.4","2755.7","LA PEA, MX","0.0","m","0.0",",m","24",",m","16",",m","1",",m","0",",m","0",",m","0",",m","6",",m","0",",m","19770701",",,m","19770703",",,m","19770726","+,,m","3.9",",m,01,","47.8",",,m,03,","22.8",",m,26,+","136.6","m","136.6",",m","201.2",",,,m","13.93",",m","20.00",",,,m","7.85",",,,m"
"MXN00010038","1977-08","23.55","-105.4","2755.7","LA PEA, MX","0.0","m","0.0",",m","22",",m","14",",m","4",",m","0",",m","0",",m","0",",m","18",",m","0",",m","19770827",",,m","19770819",",,m","19770803",",,m","5.6",",m,27,","79.8",",,m,19,","25.6",",m,03,","250.4","m","113.8",",m","293.2",",,,m","14.66",",m","20.61",",,,m","8.71",",,,m"
"MXN00010038","1977-09","23.55","-105.4","2755.7","LA PEA, MX","0.0","m","0.0",",m","11",",m","7",",m","0",",m","0",",m","0",",m","0",",m","18",",m","0",",m","19770922",",,m","19770910",",,m","19770928",",,m","3.9",",m,22,","9.9",",,m,10,","25.6",",m,28,","354.8","m","104.4",",m","39.9",",,,m","14.85",",m","21.85",",,,m","7.85",",,,m"
"MXN00010038","1977-10","23.55","-105.4","2755.7","LA PEA, MX","0.0","m","0.0",",m","9",",m","6",",m","1",",m","0",",m","4",",m","0",",m","4",",m","0",",m","19771024",",,m","19771026",",,m","19771011",",,m","-4.4",",m,24,","42.9",",,m,26,","25.0",",m,11,","572.9","m","218.1",",m","92.5",",,,m","11.30",",m","18.68",",,,m","3.91",",,,m"
"MXN00010038","1977-11","23.55","-105.4","2755.7","LA PEA, MX","0.0","m","0.0",",m","3",",m","2",",m","0",",m","0",",m","22",",m","0",",m","2",",m","0",",m","19771121","+,,m","19771115",",,m","19771104",",,m","-5.0",",m,21,+","15.7",",,m,15,","22.8",",m,04,","907.8","m","334.9",",m","25.4",",,,m","7.17",",m","15.47",",,,m","-1.13",",,,m"
"MXN00010038","1977-12","23.55","-105.4","2755.7","LA PEA, MX","0.0","m","0.0",",m","0",",m","0",",m","0",",m","0",",m","28",",m","0",",m","0",",m","0",",m","19771216",",,m","19771231","+,,m","19771226",",,m","-7.2",",m,16,","0.0",",,m,31,+","20.6",",m,26,","1294.7","m","386.9",",m","0.0",",,,m","5.85",",m","15.18",",,,m","-3.47",",,,m"
"MXN00010038","1978-01","23.55","-105.4","2755.7","LA PEA, MX","0.0","m","0.0",",m","1",",m","1",",m","0",",m","0",",m","30",",m","0",",m","0",",m","0",",m","19780122",",,m","19780123",",,m","19780130","+,,m","-9.4",",m,22,","2.8",",,m,23,","15.6",",m,30,+","1731.5","m","436.8",",m","2.8",",,,m","4.24",",m","12.46",",,,m","-3.97",",,,m"
"MXN00010038","1978-02","23.55","-105.4","2755.7","LA PEA, MX","0.0","m","0.0",",m","2",",m","2",",m","1",",m","0",",m","26",",m","0",",m","0",",m","0",",m","19780216",",,m","19780211",",,m","19780226",",,m","-10.0",",m,16,","66.8",",,m,11,","16.7",",m,26,","2146.2","m","414.7",",m","71.6",",,,m","3.52",",m","10.93",",,,m","-3.89",",,,m"
"MXN00010038","1978-03","23.55","-105.4","2755.7","LA PEA, MX","0.0","m","0.0",",m","0",",m","0",",m","0",",m","0",",m","15",",m","0",",m","1",",m","0",",m","19780311",",,m","19780331","+,,m","19780331",",,m","-8.3",",m,11,","0.0",",,m,31,+","21.7",",m,31,","2464.4","m","318.2",",m","0.0",",,,m","8.07",",m","16.24",",,,m","-0.10",",,,m"
"MXN00010038","1978-04","23.55","-105.4","2755.7","LA PEA, MX","0.0","m","0.0",",m","2",",m","1",",m","0",",m","0",",m","11",",m","0",",m","6",",m","0",",m","19780423","+,,m","19780411",",,m","19780425",",,m","-5.0",",m,23,+","3.8",",,m,11,","25.0",",m,25,","2711.3","m","246.9",",m","4.6",",,,m","10.10",",m","19.22",",,,m","0.99",",,,m"
"MXN00010038","1978-05","23.55","-105.4","2755.7","LA PEA, MX","0.0","m","0.0",",m","1",",m","0",",m","0",",m","0",",m","7",",m","0",",m","18",",m","0",",m","19780504",",,m","19780515",",,m","19780512",",,m","-3.3",",m,04,","0.8",",,m,15,","27.8",",m,12,","2908.5","m","197.2",",m","0.8",",,,m","11.97",",m","21.24",",,,m","2.71",",,,m"
"MXN00010038","1978-06","23.55","-105.4","2755.7","LA PEA, MX","0.0","m","0.0",",m","14",",m","12",",m","3",",m","0",",m","0",",m","0",",m","19",",m","0",",m","19780608","+,,m","19780627",",,m","19780629","+,,m","3.9",",m,08,+","30.0",",,m,27,","25.6",",m,29,+","3012.9","m","104.4",",m","189.3",",,,m","14.85",",m","22.02",",,,m","7.68",",,,m"
"MXN00010038","1978-07","23.55","-105.4","2755.7","LA PEA, MX","0.0","m","0.0",",m","27",",m","16",",m","3",",m","0",",m","0",",m","0",",m","10",",m","0",",m","19780730",",,m","19780720",",,m","19780719",",,m","5.0",",m,30,","69.9",",,m,20,","25.0",",m,19,","125.7","m","125.7",",m","266.1",",,,m","14.28",",m","20.05",",,,m","8.51",",,,m"
"MXN00010038","1978-08","23.55","-105.4","2755.7","LA PEA, MX","0.0","m","0.0",",m","25",",m","23",",m","2",",m","0",",m","0",",m","0",",m","5",",m","0",",m","19780824","+,,m","19780813",",,m","19780819",",,m","5.0",",m,24,+","37.8",",,m,13,","23.9",",m,19,","271.6","m","145.9",",m","254.9",",,,m","13.63",",m","19.32",",,,m","7.94",",,,m"
"MXN00010038","1978-09","23.55","-105.4","2755.7","LA PEA, MX","0.0","m","0.0",",m","25",",m","21",",m","3",",m","0",",m","0",",m","0",",m","1",",m","0",",m","19780920","+,,m","19780911",",,m","19780903",",,m","5.6",",m,20,+","38.9",",,m,11,","21.7",",m,03,","434.0","m","162.4",",m","276.3",",,,m","12.92",",m","17.36",",,,m","8.48",",,,m"
"MXN00010038","1978-10","23.55","-105.4","2755.7","LA PEA, MX","0.0","m","0.0",",m","13",",m","6",",m","1",",m","0",",m","0",",m","0",",m","0",",m","0",",m","19781029",",,m","19781003",",,m","19781002",",,m","0.6",",m,29,","34.8",",,m,03,","20.0",",m,02,","675.8","m","241.8",",m","85.6",",,,m","10.53",",m","16.10",",,,m","4.97",",,,m"
"MXN00010038","1978-11","23.55","-105.4","2755.7","LA PEA, MX","0.0","m","0.0",",m","2",",m","2",",m","1",",m","0",",m","17",",m","0",",m","0",",m","0",",m","19781130","+,,m","19781126",",,m","19781102",",,m","-5.0",",m,30,+","30.0",",,m,26,","20.6",",m,02,","1004.0","m","328.2",",m","32.8",",,,m","7.39",",m","14.63",",,,m","0.15",",,,m"
"MXN00010038","1978-12","23.55","-105.4","2755.7","LA PEA, MX","0.0","m","0.0",",m","5",",m","4",",m","1",",m","0",",m","16",",m","0",",m","0",",m","0",",m","19781222",",,m","19781230",",,m","19781217","+,,m","-8.3",",m,22,","55.9",",,m,30,","17.8",",m,17,+","1384.6","m","380.6",",m","85.2",",,,m","6.05",",m","12.41",",,,m","-0.30",",,,m"
"MXN00010038","1979-01","23.55","-105.4","2755.7","LA PEA, MX","0.0","m","0.0",",m","5",",m","5",",m","2",",m","0",",m","19",",m","0",",m","0",",m","0",",m","19790111",",,m","19790124",",,m","19790111",",,m","-8.3",",m,11,","190.0",",,m,24,","15.0",",m,11,","1811.1","m","426.5",",m","350.3",",,,m","4.58",",m","10.15",",,,m","-1.00",",,,m"
"MXN00010038","1979-02","23.55","-105.4","2755.7","LA PEA, MX","0.0","m","0.0","2,m","6",",m","4",",m","1",",m","0","1,m","19","1,m","0","1,m","1","1,m","0","1,m","19790228","+,1,m","19790204",",,m","19790224",",1,m","-8.3","1,m,28,+","47.0",",,m,04,","21.7","1,m,24,","2145.8","m","334.7","1,m","65.1",",,,m","5.41","2,m","12.47","1,,,m","-1.64","1,,,m"
"MXN00010038","1979-03","23.55","-105.4","2755.7","LA PEA, MX","0.0","m","0.0",",m","0",",m","0",",m","0",",m","0",",m","17",",m","0",",m","1",",m","0",",m","19790301",",,m","19790331","+,,m","19790314",",,m","-7.2",",m,01,","0.0",",,m,31,+","21.7",",m,14,","2497.0","m","351.2",",m","0.0",",,,m","7.00",",m","15.47",",,,m","-1.46",",,,m"
"MXN00010038","1979-04","23.55","-105.4","2755.7","LA PEA, MX","0.0","m","0.0",",m","0",",m","0",",m","0",",m","0",",m","19",",m","0",",m","5",",m","0",",m","19790412",",,m","19790430","+,,m","19790428","+,,m","-5.0",",m,12,","0.0",",,m,30,+","22.8",",m,28,+","2774.7","m","277.7",",m","0.0",",,,m","9.08",",m","18.91",",,,m","-0.75",",,,m"
"MXN00010038","1979-05","23.55","-105.4","2755.7","LA PEA, MX","0.0","m","0.0",",m","1",",m","1",",m","0",",m","0",",m","7",",m","0",",m","12",",m","0",",m","19790522","+,,m","19790519",",,m","19790531","+,,m","-4.4",",m,22,+","3.8",",,m,19,","23.9",",m,31,+","2990.3","m","215.6",",m","3.8",",,,m","11.38",",m","20.86",",,,m","1.89",",,,m"
"MXN00010038","1979-06","23.55","-105.4","2755.7","LA PEA, MX","0.3","m","0.3",",m","12",",m","9",",m","1",",m","0",",m","2",",m","0",",m","24",",m","0",",m","19790608","+,,m","19790630",",,m","19790612","+,,m","0.0",",m,08,+","29.0",",,m,30,","26.7",",m,12,+","3093.6","m","103.3",",m","113.1",",,,m","14.90",",m","23.06",",,,m","6.74",",,,m"
"MXN00010038","1979-07","23.55","-105.4","2755.7","LA PEA, MX","0.3","m","0.0",",m","19",",m","14",",m","2",",m","0",",m","0",",m","0",",m","19",",m","0",",m","19790724",",,m","19790730","+,,m","19790710",",,m","3.9",",m,24,","32.8",",,m,30,+","26.7",",m,10,","95.7","m","95.7",",m","240.0",",,,m","15.25",",m","21.76",",,,m","8.73",",,,m"
"MXN00010038","1979-08","23.55","-105.4","2755.7","LA PEA, MX","1.7","m","1.4","2,m","21",",m","18",",m","5",",m","0","1,m","0","1,m","0","1,m","11","1,m","0","1,m","19790815","+,1,m","19790828",",,m","19790827",",1,m","1.7","1,m,15,+","50.8",",,m,28,","27.8","1,m,27,","250.5","m","154.8","1,m","369.4",",,,m","12.87","2,m","18.62","1,,,m","7.11","1,,,m"
"MXN00010038","1979-09","23.55","-105.4","2755.7","LA PEA, MX","1.7","m","0.0",",m","10",",m","6",",m","1",",m","0",",m","0",",m","0",",m","14",",m","0",",m","19790929","+,,m","19790914",",,m","19790903","+,,m","0.6",",m,29,+","31.8",",,m,14,","25.0",",m,03,+","373.1","m","122.6",",m","103.3",",,,m","14.25",",m","20.45",",,,m","8.04",",,,m"
"MXN00010038","1979-10","23.55","-105.4","2755.7","LA PEA, MX","1.7","m","0.0",",m","0",",m","0",",m","0",",m","0",",m","4",",m","0",",m","22",",m","0",",m","19791031",",,m","19791031","+,,m","19791026","+,,m","-4.4",",m,31,","0.0",",,m,31,+","25.0",",m,26,+","554.4","m","181.3",",m","0.0",",,,m","12.48",",m","21.88",",,,m","3.08",",,,m"
"MXN00010038","1979-11","23.55","-105.4","2755.7","LA PEA, MX","1.7","m","0.0",",m","0",",m","0",",m","0",",m","0",",m","21",",m","0",",m","0",",m","0",",m","19791123",",,m","19791130","+,,m","19791112","+,,m","-8.3",",m,23,","0.0",",,m,30,+","20.0",",m,12,+","911.1","m","356.7",",m","0.0",",,,m","6.44",",m","15.56",",,,m","-2.68",",,,m"
"MXN00010038","1979-12","23.55","-105.4","2755.7","LA PEA, MX","1.7","m","0.0",",m","7",",m","5",",m","2",",m","0",",m","18",",m","0",",m","0",",m","0",",m","19791230","+,,m","19791211",",,m","19791224",",,m","-6.1",",m,30,+","34.8",",,m,11,","17.8",",m,24,","1284.0","m","372.9",",m","98.1",",,,m","6.30",",m","12.88",",,,m","-0.27",",,,m"
"MXN00010038","1980-01","23.55","-105.4","2755.7","LA PEA, MX","0.0","m","0.0",",m","4",",m","3",",m","2",",m","0",",m","27",",m","0",",m","0",",m","0",",m","19800127","+,,m","19800124",",,m","19800112",",,m","-7.2",",m,27,+","40.9",",,m,24,","18.9",",m,12,","1716.6","m","432.6",",m","82.4",",,,m","4.38",",m","12.14",",,,m","-3.38",",,,m"
"MXN00010038","1980-02","23.55","-105.4","2755.7","LA PEA, MX","0.0","m","0.0",",m","4",",m","2",",m","0",",m","0",",m","22",",m","0",",m","1",",m","0",",m","19800224","+,,m","19800210",",,m","19800217",",,m","-6.1",",m,24,+","14.0",",,m,10,","25.0",",m,17,","2062.4","m","345.8",",m","19.4",",,,m","6.41",",m","14.41",",,,m","-1.59",",,,m"
"MXN00010038","1980-05","23.55","-105.4","2755.7","LA PEA, MX","","","0.0",",m","2",",m","1",",m","0",",m","0",",m","8",",m","0",",m","10",",m","0",",m","19800504",",,m","19800526",",,m","19800531","+,,m","-4.4",",m,04,","5.8",",,m,26,","25.6",",m,31,+","","","205.4",",m","7.6",",,,m","11.71",",m","20.45",",,,m","2.96",",,,m"
"MXN00010038","1980-06","23.55","-105.4","2755.7","LA PEA, MX","","","2.3",",m","11",",m","10",",m","2",",m","0",",m","0",",m","0",",m","27",",m","0",",m","19800611",",,m","19800606",",,m","19800604","+,,m","5.0",",m,11,","30.0",",,m,06,","28.9",",m,04,+","","","56.1",",m","113.5",",,,m","16.54",",m","24.30",",,,m","8.78",",,,m"
"MXN00010038","1980-07","23.55","-105.4","2755.7","LA PEA, MX","","","0.0",",m","30",",m","24",",m","2",",m","0",",m","0",",m","0",",m","13",",m","0",",m","19800729","+,,m","19800704",",,m","19800710",",,m","6.7",",m,29,+","33.8",",,m,04,","26.7",",m,10,","101.2","m","101.2",",m","297.3",",,,m","15.07",",m","21.37",",,,m","8.76",",,,m"
"MXN00010038","1980-08","23.55","-105.4","2755.7","LA PEA, MX","","","0.0",",m","26",",m","19",",m","3",",m","0",",m","0",",m","0",",m","7",",m","0",",m","19800823",",,m","19800820",",,m","19800801",",,m","3.9",",m,23,","30.0",",,m,20,","25.6",",m,01,","232.8","m","131.6",",m","248.7",",,,m","14.09",",m","19.39",",,,m","8.78",",,,m"
"MXN00010038","1980-09","23.55","-105.4","2755.7","LA PEA, MX","","","0.0",",m","22",",m","16",",m","1",",m","0",",m","0",",m","0",",m","5",",m","0",",m","19800918",",,m","19800922",",,m","19800927","+,,m","2.8",",m,18,","35.8",",,m,22,","22.8",",m,27,+","375.8","m","143.0",",m","158.5",",,,m","13.57",",m","19.26",",,,m","7.87",",,,m"
"MXN00010038","1980-10","23.55","-105.4","2755.7","LA PEA, MX","","","0.0",",m","10",",m","5",",m","3",",m","0",",m","1",",m","0",",m","4",",m","0",",m","19801011",",,m","19801015",",,m","19801005","+,,m","0.0",",m,11,","59.9",",,m,15,","21.7",",m,05,+","634.8","m","259.0",",m","147.5",",,,m","9.98",",m","16.40",",,,m","3.55",",,,m"
"MXN00010038","1980-11","23.55","-105.4","2755.7","LA PEA, MX","","","0.0",",m","3",",m","3",",m","1",",m","0",",m","15",",m","0",",m","1",",m","0",",m","19801126",",,m","19801115",",,m","19801124",",,m","-9.4",",m,26,","34.8",",,m,15,","23.9",",m,24,","970.6","m","335.8",",m","65.5",",,,m","7.14",",m","14.63",",,,m","-0.35",",,,m"
"MXN00010038","1980-12","23.55","-105.4","2755.7","LA PEA, MX","","","0.0",",m","2",",m","2",",m","0",",m","0",",m","22",",m","0",",m","0",",m","0",",m","19801219","+,,m","19801207",",,m","19801229",",,m","-5.0",",m,19,+","7.9",",,m,07,","20.0",",m,29,","1313.3","m","342.7",",m","12.7",",,,m","7.28",",m","15.29",",,,m","-0.73",",,,m"
"MXN00010038","1981-01","23.55","-105.4","2755.7","LA PEA, MX","0.0","m","0.0",",m","9",",m","9",",m","4",",m","0",",m","28",",m","0",",m","0",",m","0",",m","19810123",",,m","19810105",",,m","19810120","+,,m","-7.2",",m,23,","51.8",",,m,05,","18.9",",m,20,+","1753.0","m","439.7",",m","206.5",",,,m","4.15",",m","10.84",",,,m","-2.54",",,,m"
"MXN00010038","1981-02","23.55","-105.4","2755.7","LA PEA, MX","0.0","m","0.0",",m","3",",m","1",",m","0",",m","0",",m","22",",m","0",",m","0",",m","0",",m","19810218",",,m","19810224",",,m","19810226","+,,m","-6.1",",m,18,","9.9",",,m,24,","20.0",",m,26,+","2086.3","m","333.3",",m","11.5",",,,m","6.43",",m","14.09",",,,m","-1.23",",,,m"
"MXN00010038","1981-03","23.55","-105.4","2755.7","LA PEA, MX","0.0","m","0.0",",m","3",",m","2",",m","1",",m","0",",m","17",",m","0",",m","0",",m","0",",m","19810308",",,m","19810303",",,m","19810325","+,,m","-7.2",",m,08,","62.0",",,m,03,","20.0",",m,25,+","2451.2","m","364.9",",m","69.7",",,,m","6.56",",m","14.28",",,,m","-1.16",",,,m"
"MXN00010038","1981-04","23.55","-105.4","2755.7","LA PEA, MX","0.0","m","0.0",",m","7",",m","3",",m","0",",m","0",",m","6",",m","0",",m","3",",m","0",",m","19810424",",,m","19810429",",,m","19810405",",,m","-5.0",",m,24,","7.9",",,m,29,","25.0",",m,05,","2685.8","m","234.6",",m","27.9",",,,m","10.51",",m","18.50",",,,m","2.52",",,,m"
"MXN00010038","1981-05","23.55","-105.4","2755.7","LA PEA, MX","0.0","m","0.0",",m","0",",m","0",",m","0",",m","0",",m","5",",m","0",",m","15",",m","0",",m","19810511",",,m","19810531","+,,m","19810519",",,m","-2.2",",m,11,","0.0",",,m,31,+","23.9",",m,19,","2893.5","m","207.7",",m","0.0",",,,m","11.63",",m","20.29",",,,m","2.98",",,,m"
"MXN00010038","1981-06","23.55","-105.4","2755.7","LA PEA, MX","3.2","m","3.2",",m","15",",m","14",",m","2",",m","0",",m","2",",m","0",",m","17",",m","0",",m","19810601",",,m","19810628","+,,m","19810610",",,m","-3.3",",m,01,","43.9",",,m,28,+","28.9",",m,10,","3007.9","m","114.4",",m","203.9",",,,m","14.63",",m","21.51",",,,m","7.74",",,,m"
"MXN00010038","1981-07","23.55","-105.4","2755.7","LA PEA, MX","3.2","m","0.0",",m","23",",m","19",",m","3",",m","0",",m","0",",m","0",",m","2",",m","0",",m","19810720",",,m","19810712",",,m","19810720",",,m","0.6",",m,20,","39.9",",,m,12,","25.6",",m,20,","320.8","m","320.8",",m","271.7",",,,m","7.98",",m","13.33",",,,m","2.64",",,,m"
"MXN00010038","1981-08","23.55","-105.4","2755.7","LA PEA, MX","3.2","m","0.0",",m","23",",m","20",",m","1",",m","0",",m","0",",m","0",",m","6",",m","0",",m","19810829","+,,m","19810831",",,m","19810803","+,,m","0.6",",m,29,+","26.9",",,m,31,","23.9",",m,03,+","582.8","m","262.0",",m","248.6",",,,m","9.88",",m","15.85",",,,m","3.92",",,,m"
"MXN00010038","1981-09","23.55","-105.4","2755.7","LA PEA, MX","3.2","m","0.0",",m","20",",m","16",",m","2",",m","0",",m","0",",m","0",",m","8",",m","0",",m","19810922",",,m","19810905",",,m","19810928","+,,m","1.7",",m,22,","39.9",",,m,05,","22.8",",m,28,+","718.8","m","136.0",",m","214.9",",,,m","13.80",",m","19.45",",,,m","8.15",",,,m"
"MXN00010038","1981-10","23.55","-105.4","2755.7","LA PEA, MX","3.2","m","0.0","2,m","15",",m","12",",m","3",",m","0","1,m","0","1,m","0","1,m","3","1,m","0","1,m","19811026","+,1,m","19811029",",,m","19811027",",1,m","0.6","1,m,26,+","56.9",",,m,29,","25.6","1,m,27,","901.9","m","183.1","1,m","231.7",",,,m","11.84","2,m","17.67","1,,,m","6.02","1,,,m"
"MXN00010038","1981-11","23.55","-105.4","2755.7","LA PEA, MX","3.2","m","0.0",",m","2",",m","2",",m","0",",m","0",",m","13",",m","0",",m","2",",m","0",",m","19811128",",,m","19811102",",,m","19811117","+,,m","-3.3",",m,28,","15.0",",,m,02,","21.7",",m,17,+","1181.7","m","279.8",",m","21.9",",,,m","9.01",",m","17.43",",,,m","0.58",",,,m"
"MXN00010038","1981-12","23.55","-105.4","2755.7","LA PEA, MX","3.2","m","0.0",",m","2",",m","2",",m","1",",m","0",",m","23",",m","0",",m","2",",m","0",",m","19811231",",,m","19811204",",,m","19811216","+,,m","-5.0",",m,31,","26.9",",,m,04,","25.6",",m,16,+","1533.2","m","351.5",",m","41.9",",,,m","7.00",",m","14.79",",,,m","-0.80",",,,m"
"MXN00010038","1982-01","23.55","-105.4","2755.7","LA PEA, MX","0.0","m","0.0",",m","1",",m","1",",m","1",",m","0",",m","22",",m","0",",m","0",",m","0",",m","19820101",",,m","19820111",",,m","19820123",",,m","-8.3",",m,01,","26.9",",,m,11,","17.8",",m,23,","1896.4","m","363.2",",m","26.9",",,,m","6.62",",m","14.57",",,,m","-1.34",",,,m"
"MXN00010038","1982-02","23.55","-105.4","2755.7","LA PEA, MX","0.0","m","0.0",",m","0",",m","0",",m","0",",m","0",",m","22",",m","0",",m","0",",m","0",",m","19820204",",,m","19820228","+,,m","19820222",",,m","-7.2",",m,04,","0.0",",,m,28,+","20.6",",m,22,","2216.0","m","319.6",",m","0.0",",,,m","6.92",",m","15.31",",,,m","-1.48",",,,m"
"MXN00010038","1982-03","23.55","-105.4","2755.7","LA PEA, MX","0.0","m","0.0",",m","1",",m","0",",m","0",",m","0",",m","17",",m","0",",m","3",",m","0",",m","19820306","+,,m","19820324",",,m","19820331","+,,m","-6.1",",m,06,+","1.8",",,m,24,","22.8",",m,31,+","2504.8","m","288.8",",m","1.8",",,,m","9.02",",m","18.37",",,,m","-0.34",",,,m"
"MXN00010038","1982-04","23.55","-105.4","2755.7","LA PEA, MX","0.0","m","0.0",",m","0",",m","0",",m","0",",m","0",",m","4",",m","0",",m","16",",m","0",",m","19820425",",,m","19820430","+,,m","19820417","+,,m","-4.4",",m,25,","0.0",",,m,30,+","23.9",",m,17,+","2692.2","m","187.4",",m","0.0",",,,m","12.09",",m","20.97",",,,m","3.21",",,,m"
"MXN00010038","1982-05","23.55","-105.4","2755.7","LA PEA, MX","0.0","m","0.0",",m","1",",m","1",",m","0",",m","0",",m","1",",m","0",",m","8",",m","0",",m","19820503",",,m","19820531",",,m","19820531",",,m","0.0",",m,03,","11.9",",,m,31,","27.8",",m,31,","2901.3","m","209.1",",m","11.9",",,,m","11.59",",m","20.23",",,,m","2.95",",,,m"
"MXN00010038","1982-06","23.55","-105.4","2755.7","LA PEA, MX","2.9","m","2.9",",m","9",",m","8",",m","0",",m","0",",m","0",",m","0",",m","26",",m","0",",m","19820630","+,,m","19820624",",,m","19820604",",,m","3.9",",m,30,+","24.9",",,m,24,","30.0",",m,04,","2973.0","m","71.7",",m","78.7",",,,m","16.04",",m","24.17",",,,m","7.91",",,,m"
"MXN00010038","1982-07","23.55","-105.4","2755.7","LA PEA, MX","2.9","m","0.0",",m","26",",m","22",",m","2",",m","0",",m","0",",m","0",",m","7",",m","0",",m","19820702",",,m","19820705",",,m","19820728",",,m","0.6",",m,02,","31.0",",,m,05,","25.0",",m,28,","184.3","m","184.3",",m","271.9",",,,m","12.39",",m","18.45",",,,m","6.33",",,,m"
"MXN00010038","1982-08","23.55","-105.4","2755.7","LA PEA, MX","2.9","m","0.0",",m","19",",m","12",",m","2",",m","0",",m","0",",m","0",",m","13",",m","0",",m","19820812",",,m","19820824",",,m","19820827","+,,m","1.7",",m,12,","39.9",",,m,24,","23.9",",m,27,+","307.6","m","123.3",",m","167.7",",,,m","14.36",",m","20.95",",,,m","7.76",",,,m"
"MXN00010038","1982-09","23.55","-105.4","2755.7","LA PEA, MX","2.9","m","0.0",",m","11",",m","8",",m","1",",m","0",",m","0",",m","0",",m","13",",m","0",",m","19820925","+,,m","19820914",",,m","19820902",",,m","3.9",",m,25,+","26.9",",,m,14,","25.6",",m,02,","435.0","m","127.4",",m","85.2",",,,m","14.09",",m","20.67",",,,m","7.50",",,,m"
"MXN00010038","1982-10","23.55","-105.4","2755.7","LA PEA, MX","2.9","m","0.0",",m","10",",m","6",",m","0",",m","0",",m","3",",m","0",",m","3",",m","0",",m","19821029",",,m","19821019",",,m","19821002",",,m","-2.2",",m,29,","17.8",",,m,19,","25.0",",m,02,","645.9","m","210.9",",m","49.1",",,,m","11.53",",m","18.72",",,,m","4.34",",,,m"
"MXN00010038","1982-11","23.55","-105.4","2755.7","LA PEA, MX","2.9","m","0.0",",m","2",",m","2",",m","0",",m","0",",m","19",",m","0",",m","1",",m","0",",m","19821128",",,m","19821125",",,m","19821112",",,m","-5.0",",m,28,","16.8",",,m,25,","21.7",",m,12,","981.4","m","335.5",",m","32.5",",,,m","7.15",",m","14.91",",,,m","-0.61",",,,m"
"MXN00010038","1982-12","23.55","-105.4","2755.7","LA PEA, MX","2.9","m","0.0",",m","7",",m","7",",m","4",",m","0",",m","19",",m","0",",m","0",",m","0",",m","19821230",",,m","19821209",",,m","19821218","+,,m","-8.3",",m,30,","79.8",",,m,09,","17.8",",m,18,+","1400.4","m","419.0",",m","262.9",",,,m","4.82",",m","10.77",",,,m","-1.14",",,,m"
"MXN00010038","1983-01","23.55","-105.4","2755.7","LA PEA, MX","0.0","m","0.0",",m","9",",m","6",",m","1",",m","0",",m","17",",m","0",",m","0",",m","0",",m","19830123",",,m","19830113",",,m","19830113","+,,m","-8.3",",m,23,","36.8",",,m,13,","17.8",",m,13,+","1805.8","m","405.4",",m","96.5",",,,m","5.25",",m","11.49",",,,m","-0.98",",,,m"
"MXN00010038","1983-02","23.55","-105.4","2755.7","LA PEA, MX","0.0","m","0.0",",m","2",",m","2",",m","0",",m","0",",m","23",",m","0",",m","0",",m","0",",m","19830227","+,,m","19830205",",,m","19830218",",,m","-7.2",",m,27,+","15.7",",,m,05,","17.8",",m,18,","2191.5","m","385.7",",m","25.6",",,,m","4.56",",m","12.09",",,,m","-2.97",",,,m"
"MXN00010038","1983-03","23.55","-105.4","2755.7","LA PEA, MX","0.0","m","0.0",",m","4",",m","4",",m","0",",m","0",",m","23",",m","0",",m","1",",m","0",",m","19830310",",,m","19830304",",,m","19830330",",,m","-9.4",",m,10,","15.0",",,m,04,","21.7",",m,30,","2574.6","m","383.1",",m","33.6",",,,m","5.98",",m","14.51",",,,m","-2.55",",,,m"
"MXN00010038","1983-04","23.55","-105.4","2755.7","LA PEA, MX","0.0","m","0.0",",m","2",",m","1",",m","0",",m","0",",m","19",",m","0",",m","3",",m","0",",m","19830414",",,m","19830407",",,m","19830429",",,m","-7.2",",m,14,","7.9",",,m,07,","25.6",",m,29,","2878.9","m","304.3",",m","9.7",",,,m","8.19",",m","16.64",",,,m","-0.26",",,,m"
"MXN00010038","1983-05","23.55","-105.4","2755.7","LA PEA, MX","0.0","m","0.0",",m","3",",m","3",",m","1",",m","0",",m","2",",m","0",",m","8",",m","0",",m","19830510",",,m","19830527",",,m","19830523","+,,m","-1.1",",m,10,","66.8",",,m,27,","25.0",",m,23,+","3080.3","m","201.4",",m","102.6",",,,m","11.84",",m","19.74",",,,m","3.93",",,,m"
"MXN00010038","1983-06","23.55","-105.4","2755.7","LA PEA, MX","0.0","m","0.0",",m","12",",m","5",",m","1",",m","0",",m","1",",m","0",",m","15",",m","0",",m","19830602",",,m","19830623",",,m","19830609",",,m","0.0",",m,02,","41.9",",,m,23,","26.7",",m,09,","3224.8","m","144.5",",m","120.7",",,,m","13.52",",m","21.10",",,,m","5.94",",,,m"
"MXN00010038","1983-07","23.55","-105.4","2755.7","LA PEA, MX","0.0","m","0.0",",m","19",",m","17",",m","3",",m","0",",m","0",",m","0",",m","1",",m","0",",m","19830716","+,,m","19830716",",,m","19830727",",,m","3.9",",m,16,+","31.8",",,m,16,","21.7",",m,27,","171.1","m","171.1",",m","247.0",",,,m","12.81",",m","17.90",",,,m","7.73",",,,m"
"MXN00010038","1983-08","23.55","-105.4","2755.7","LA PEA, MX","0.0","m","0.0",",m","20",",m","16",",m","3",",m","0",",m","0",",m","0",",m","0",",m","0",",m","19830821","+,,m","19830830",",,m","19830829","+,,m","5.0",",m,21,+","35.8",",,m,30,","20.6",",m,29,+","336.4","m","165.3",",m","219.1",",,,m","13.00",",m","17.85",",,,m","8.15",",,,m"
"MXN00010038","1983-09","23.55","-105.4","2755.7","LA PEA, MX","0.0","m","0.0",",m","18",",m","17",",m","5",",m","0",",m","0",",m","0",",m","1",",m","0",",m","19830929","+,,m","19830910",",,m","19830906",",,m","5.6",",m,29,+","47.0",",,m,10,","21.7",",m,06,","493.0","m","156.6",",m","334.1",",,,m","13.11",",m","17.69",",,,m","8.54",",,,m"
"MXN00010038","1983-10","23.55","-105.4","2755.7","LA PEA, MX","0.0","m","0.0",",m","7",",m","7",",m","3",",m","0",",m","0",",m","0",",m","1",",m","0",",m","19831031",",,m","19831018",",,m","19831007",",,m","0.6",",m,31,","89.9",",,m,18,","21.7",",m,07,","700.3","m","207.3",",m","236.9",",,,m","11.65",",m","17.76",",,,m","5.53",",,,m"
"MXN00010038","1983-11","23.55","-105.4","2755.7","LA PEA, MX","0.0","m","0.0",",m","1",",m","1",",m","0",",m","0",",m","25",",m","0",",m","0",",m","0",",m","19831128",",,m","19831103",",,m","19831114",",,m","-6.1",",m,28,","21.8",",,m,03,","20.0",",m,14,","1040.5","m","340.2",",m","21.8",",,,m","6.99",",m","15.35",",,,m","-1.37",",,,m"
"MXN00010038","1983-12","23.55","-105.4","2755.7","LA PEA, MX","0.0","m","0.0",",m","2",",m","2",",m","0",",m","0",",m","25",",m","0",",m","0",",m","0",",m","19831227",",,m","19831202",",,m","19831228","+,,m","-6.1",",m,27,","19.8",",,m,02,","18.9",",m,28,+","1374.8","m","334.3",",m","23.6",",,,m","7.55",",m","16.60",",,,m","-1.50",",,,m"
"MXN00010038","1984-01","23.55","-105.4","2755.7","LA PEA, MX","0.0","m","0.0",",m","9",",m","7",",m","3",",m","0",",m","31",",m","0",",m","0",",m","0",",m","19840126","+,,m","19840128",",,m","19840127","+,,m","-9.4",",m,26,+","159.8",",,m,28,","20.0",",m,27,+","1777.2","m","402.4",",m","270.6",",,,m","5.35",",m","15.31",",,,m","-4.60",",,,m"
"MXN00010038","1984-02","23.55","-105.4","2755.7","LA PEA, MX","0.0","m","0.0",",m","0",",m","0",",m","0",",m","0",",m","25",",m","0",",m","0",",m","0",",m","19840226","+,,m","19840229","+,,m","19840213","+,,m","-7.2",",m,26,+","0.0",",,m,29,+","17.8",",m,13,+","2136.3","m","359.1",",m","0.0",",,,m","5.95",",m","14.18",",,,m","-2.28",",,,m"
"MXN00010038","1984-03","23.55","-105.4","2755.7","LA PEA, MX","0.0","m","0.0",",m","0",",m","0",",m","0",",m","0",",m","15",",m","0",",m","0",",m","0",",m","19840310",",,m","19840331","+,,m","19840315","+,,m","-8.3",",m,10,","0.0",",,m,31,+","20.0",",m,15,+","2449.8","m","313.5",",m","0.0",",,,m","8.22",",m","16.47",",,,m","-0.03",",,,m"
"MXN00010038","1984-04","23.55","-105.4","2755.7","LA PEA, MX","0.0","m","0.0",",m","0",",m","0",",m","0",",m","0",",m","18",",m","0",",m","1",",m","0",",m","19840421",",,m","19840430","+,,m","19840405",",,m","-8.3",",m,21,","0.0",",,m,30,+","21.7",",m,05,","2742.0","m","292.2",",m","0.0",",,,m","8.59",",m","18.27",",,,m","-1.09",",,,m"
"MXN00010038","1984-05","23.55","-105.4","2755.7","LA PEA, MX","0.0","m","0.0",",m","6",",m","5",",m","2",",m","0",",m","4",",m","0",",m","5",",m","0",",m","19840516","+,,m","19840511",",,m","19840524","+,,m","-1.1",",m,16,+","39.9",",,m,11,","23.9",",m,24,+","2973.3","m","231.3",",m","99.1",",,,m","10.87",",m","18.23",",,,m","3.52",",,,m"
"MXN00010038","1984-06","23.55","-105.4","2755.7","LA PEA, MX","0.0","m","0.0",",m","18",",m","18",",m","0",",m","0",",m","3",",m","0",",m","1",",m","0",",m","19840607","+,,m","19840630",",,m","19840610",",,m","-1.1",",m,07,+","19.8",",,m,30,","21.7",",m,10,","3171.6","m","198.3",",m","190.6",",,,m","11.72",",m","18.04",",,,m","5.41",",,,m"
"MXN00010038","1984-07","23.55","-105.4","2755.7","LA PEA, MX","0.0","m","0.0",",m","29",",m","28",",m","3",",m","0",",m","0",",m","0",",m","0",",m","0",",m","19840726",",,m","19840722",",,m","19840704",",,m","3.9",",m,26,","50.8",",,m,22,","20.0",",m,04,","199.5","m","199.5",",m","448.1",",,,m","11.90",",m","16.12",",,,m","7.67",",,,m"
"MXN00010038","1984-08","23.55","-105.4","2755.7","LA PEA, MX","0.0","m","0.0",",m","19",",m","17",",m","3",",m","0",",m","0",",m","0",",m","0",",m","0",",m","19840817",",,m","19840813",",,m","19840806","+,,m","1.7",",m,17,","39.9",",,m,13,","20.6",",m,06,+","386.0","m","186.5",",m","303.4",",,,m","12.32",",m","17.49",",,,m","7.14",",,,m"
"MXN00010038","1984-09","23.55","-105.4","2755.7","LA PEA, MX","0.0","m","0.0",",m","11",",m","10",",m","1",",m","0",",m","0",",m","0",",m","0",",m","0",",m","19840924","+,,m","19840922",",,m","19840925","+,,m","0.6",",m,24,+","39.9",",,m,22,","20.0",",m,25,+","632.8","m","246.8",",m","143.0",",,,m","10.11",",m","15.30",",,,m","4.91",",,,m"
"MXN00010038","1984-10","23.55","-105.4","2755.7","LA PEA, MX","0.0","m","0.0",",m","2",",m","2",",m","1",",m","0",",m","13",",m","0",",m","1",",m","0",",m","19841006",",,m","19841001",",,m","19841030",",,m","-3.3",",m,06,","30.0",",,m,01,","21.7",",m,30,","918.8","m","286.0",",m","49.8",",,,m","9.11",",m","16.73",",,,m","1.49",",,,m"
"MXN00010038","1984-11","23.55","-105.4","2755.7","LA PEA, MX","0.0","m","0.0",",m","2",",m","2",",m","0",",m","0",",m","11",",m","0",",m","0",",m","0",",m","19841120",",,m","19841124","+,,m","19841114","+,,m","-8.3",",m,20,","19.8",",,m,24,+","20.0",",m,14,+","1190.7","m","271.9",",m","39.6",",,,m","9.27",",m","16.85",",,,m","1.69",",,,m"
"MXN00010038","1984-12","23.55","-105.4","2755.7","LA PEA, MX","0.0","m","0.0",",m","7",",m","7",",m","3",",m","0",",m","12",",m","0",",m","0",",m","0",",m","19841206",",,m","19841213",",,m","19841230","+,,m","-6.1",",m,06,","49.8",",,m,13,","20.0",",m,30,+","1498.3","m","307.6",",m","180.2",",,,m","8.41",",m","16.78",",,,m","0.05",",,,m"
"MXN00010038","1985-01","23.55","-105.4","2755.7","LA PEA, MX","0.0","","0.0",",m","8",",m","8",",m","8",",m","0",",m","21",",m","0",",m","0",",m","0",",m","19850104",",,m","19850113",",,m","19850128","+,,m","-8.3",",m,04,","179.8",",,m,13,","13.9",",m,28,+","1920.9","","422.6",",m","564.3",",,,m","4.70",",m","10.90",",,,m","-1.50",",,,m"
"MXN00010038","1985-02","23.55","-105.4","2755.7","LA PEA, MX","0.0","","0.0",",m","1",",m","0",",m","0",",m","0",",m","17",",m","0",",m","0",",m","0",",m","19850203",",,m","19850225",",,m","19850218","+,,m","-8.3",",m,03,","0.8",",,m,25,","17.8",",m,18,+","2269.7","","348.8",",m","0.8",",,,m","5.88",",m","12.85",",,,m","-1.10",",,,m"
"MXN00010038","1985-03","23.55","-105.4","2755.7","LA PEA, MX","0.0","","0.0",",m","2",",m","2",",m","0",",m","0",",m","13",",m","0",",m","1",",m","0",",m","19850331",",,m","19850318",",,m","19850316",",,m","-3.3",",m,31,","4.8",",,m,18,","25.0",",m,16,","2573.5","","303.8",",m","7.3",",,,m","8.53",",m","16.36",",,,m","0.70",",,,m"
"MXN00010038","1985-04","23.55","-105.4","2755.7","LA PEA, MX","0.0","","0.0",",m","0",",m","0",",m","0",",m","0",",m","14",",m","0",",m","0",",m","0",",m","19850401",",,m","19850430","+,,m","19850424","+,,m","-4.4",",m,01,","0.0",",,m,30,+","20.0",",m,24,+","2873.9","","300.4",",m","0.0",",,,m","8.32",",m","16.15",",,,m","0.49",",,,m"
"MXN00010038","1985-05","23.55","-105.4","2755.7","LA PEA, MX","0.0","","0.0",",m","3",",m","2",",m","0",",m","0",",m","2",",m","0",",m","16",",m","0",",m","19850521",",,m","19850529","+,,m","19850529","+,,m","-1.1",",m,21,","9.9",",,m,29,+","23.9",",m,29,+","3040.7","","166.8",",m","21.6",",,,m","12.95",",m","20.95",",,,m","4.95",",,,m"
"MXN00010038","1985-06","23.55","-105.4","2755.7","LA PEA, MX","0.0","","0.0",",m","11",",m","10",",m","3",",m","0",",m","0",",m","0",",m","10",",m","0",",m","19850607",",,m","19850622",",,m","19850601",",,m","1.7",",m,07,","39.9",",,m,22,","25.0",",m,01,","3178.7","","138.0",",m","198.7",",,,m","13.73",",m","19.87",",,,m","7.59",",,,m"
"MXN00010038","1985-07","23.55","-105.4","2755.7","LA PEA, MX","0.0","","0.0",",m","17",",m","17",",m","1",",m","0",",m","0",",m","0",",m","0",",m","0",",m","19850703",",,m","19850725",",,m","19850731","+,,m","3.9",",m,03,","49.8",",,m,25,","20.0",",m,31,+","182.7","","182.7",",m","282.4",",,,m","12.44",",m","17.95",",,,m","6.93",",,,m"
"MXN00010038","1985-08","23.55","-105.4","2755.7","LA PEA, MX","0.0","","0.0",",m","17",",m","17",",m","3",",m","0",",m","0",",m","0",",m","1",",m","0",",m","19850824","+,,m","19850813",",,m","19850822",",,m","3.9",",m,24,+","39.9",",,m,13,","21.7",",m,22,","365.4","","182.7",",m","272.1",",,,m","12.44",",m","17.55",",,,m","7.33",",,,m"
"MXN00010038","2002-01","23.55","-105.4","2755.7","LA PEA, MX","0.0","m","0.0",",m","0",",m","0",",m","0",",m","0",",m","27",",m","0",",m","0",",m","0",",m","20020122","+,,m","20020131","+,,m","20020129","+,,m","-8.3",",m,22,+","0.0",",,m,31,+","20.0",",m,29,+","","","359.7",",m","0.0",",,,m","6.73",",m","17.04",",,,m","-3.58",",,,m"
"MXN00010038","2002-02","23.55","-105.4","2755.7","LA PEA, MX","0.0","m","0.0",",m","3",",m","3",",m","2",",m","0",",m","27",",m","0",",m","1",",m","0",",m","20020211",",,m","20020210",",,m","20020226",",,m","-6.1",",m,11,","37.8",",,m,10,","21.7",",m,26,","","","309.3",",m","92.4",",,,m","7.29",",m","15.33",",,,m","-0.76",",,,m"
"MXN00010038","2002-03","23.55","-105.4","2755.7","LA PEA, MX","0.0","m","0.0",",m","0",",m","0",",m","0",",m","0",",m","23",",m","0",",m","4",",m","0",",m","20020331","+,,m","20020331","+,,m","20020331","+,,m","-1.1",",m,31,+","0.0",",,m,31,+","23.9",",m,31,+","","","260.2",",m","0.0",",,,m","9.94",",m","19.63",",,,m","0.25",",,,m"
"MXN00010038","2002-04","23.55","-105.4","2755.7","LA PEA, MX","0.0","m","0.0",",m","3",",m","3",",m","1",",m","0",",m","21",",m","0",",m","11",",m","0",",m","20020410","+,,m","20020417",",,m","20020429","+,,m","-4.4",",m,10,+","30.0",",,m,17,","25.6",",m,29,+","","","244.6",",m","45.7",",,,m","10.18",",m","20.39",",,,m","-0.03",",,,m"
"MXN00010038","2002-05","23.55","-105.4","2755.7","LA PEA, MX","0.0","m","0.0",",m","0",",m","0",",m","0",",m","0",",m","11",",m","0",",m","21",",m","0",",m","20020526","+,,m","20020531","+,,m","20020527","+,,m","0.0",",m,26,+","0.0",",,m,31,+","25.6",",m,27,+","","","207.6",",m","0.0",",,,m","11.64",",m","22.58",",,,m","0.69",",,,m"
"MXN00010038","2002-06","23.55","-105.4","2755.7","LA PEA, MX","0.0","m","0.0",",m","2",",m","0",",m","0",",m","0",",m","10",",m","0",",m","18",",m","0",",m","20020629","+,,m","20020606",",,m","20020626","+,,m","0.0",",m,29,+","0.8",",,m,06,","25.6",",m,26,+","","","205.7",",m","1.1",",,,m","11.48",",m","22.03",",,,m","0.92",",,,m"
"MXN00010038","2002-07","23.55","-105.4","2755.7","LA PEA, MX","0.0","m","0.0",",m","7",",m","7",",m","0",",m","0",",m","0",",m","0",",m","9",",m","0",",m","20020731","+,,m","20020721","+,,m","20020723",",,m","3.9",",m,31,+","19.8",",,m,21,+","27.8",",m,23,","149.7","m","149.7",",m","85.0",",,,m","13.50",",m","20.43",",,,m","6.58",",,,m"
"MXN00010038","2002-08","23.55","-105.4","2755.7","LA PEA, MX","0.0","m","0.0",",m","2",",m","2",",m","0",",m","0",",m","13",",m","0",",m","3",",m","0",",m","20020831","+,,m","20020803","+,,m","20020828","+,,m","0.0",",m,31,+","19.8",",,m,03,+","21.7",",m,28,+","404.4","m","254.7",",m","39.6",",,,m","10.12",",m","19.65",",,,m","0.58",",,,m"
"MXN00010038","2002-09","23.55","-105.4","2755.7","LA PEA, MX","0.0","m","0.0",",m","0",",m","0",",m","0",",m","0",",m","2",",m","0",",m","11",",m","0",",m","20020929","+,,m","20020930","+,,m","20020904",",,m","0.0",",m,29,+","0.0",",,m,30,+","23.9",",m,04,","578.7","m","174.3",",m","0.0",",,,m","12.52",",m","20.05",",,,m","4.99",",,,m"
"MXN00010038","2002-10","23.55","-105.4","2755.7","LA PEA, MX","0.0","m","0.0",",m","5",",m","0",",m","0",",m","0",",m","0",",m","0",",m","3",",m","0",",m","20021031","+,,m","20021024",",,m","20021004","+,,m","0.6",",m,31,+","2.3",",,m,24,","21.7",",m,04,+","796.2","m","217.5",",m","6.4",",,,m","11.32",",m","19.05",",,,m","3.59",",,,m"
"MXN00010038","2002-11","23.55","-105.4","2755.7","LA PEA, MX","0.0","m","0.0",",m","4",",m","4",",m","0",",m","0",",m","8",",m","0",",m","3",",m","0",",m","20021121",",,m","20021128",",,m","20021117","+,,m","-3.3",",m,21,","9.1",",,m,28,","21.7",",m,17,+","1040.3","m","244.1",",m","20.7",",,,m","10.20",",m","18.00",",,,m","2.39",",,,m"
"MXN00010038","2002-12","23.55","-105.4","2755.7","LA PEA, MX","0.0","m","0.0",",m","2",",m","2",",m","0",",m","0",",m","27",",m","0",",m","0",",m","0",",m","20021216","+,,m","20021222",",,m","20021227",",,m","-0.6",",m,16,+","9.9",",,m,22,","20.0",",m,27,","1378.8","m","338.5",",m","14.7",",,,m","7.41",",m","14.81",",,,m","0.02",",,,m"
"MXN00010038","2003-01","23.55","-105.4","2755.7","LA PEA, MX","0.0","m","0.0",",m","3",",m","3",",m","0",",m","0",",m","21",",m","0",",m","0",",m","0",",m","20030120",",,m","20030109","+,,m","20030106","+,,m","-1.1",",m,20,","9.9",",,m,09,+","20.0",",m,06,+","1668.6","m","289.8",",m","23.6",",,,m","8.99",",m","16.80",",,,m","1.17",",,,m"
"MXN00010038","2003-02","23.55","-105.4","2755.7","LA PEA, MX","0.0","m","0.0",",m","3",",m","3",",m","1",",m","0",",m","0",",m","0",",m","0",",m","0",",m","20030221","+,,m","20030214",",,m","20030213","+,,m","0.6",",m,21,+","30.0",",,m,14,","20.6",",m,13,+","1911.7","m","243.1",",m","53.6",",,,m","9.65",",m","16.12",",,,m","3.19",",,,m"
"MXN00010038","2003-03","23.55","-105.4","2755.7","LA PEA, MX","0.0","m","0.0",",m","0",",m","0",",m","0",",m","0",",m","6",",m","0",",m","3",",m","0",",m","20030324","+,,m","20030331","+,,m","20030313",",,m","0.0",",m,24,+","0.0",",,m,31,+","22.8",",m,13,","2179.4","m","267.7",",m","0.0",",,,m","9.70",",m","17.08",",,,m","2.31",",,,m"
"MXN00010038","2003-04","23.55","-105.4","2755.7","LA PEA, MX","0.0","m","0.0",",m","0",",m","0",",m","0",",m","0",",m","0",",m","0",",m","2",",m","0",",m","20030409","+,,m","20030430","+,,m","20030428","+,,m","1.1",",m,09,+","0.0",",,m,30,+","21.7",",m,28,+","2372.6","m","193.2",",m","0.0",",,,m","11.89",",m","18.76",",,,m","5.02",",,,m"
"MXN00010038","2003-05","23.55","-105.4","2755.7","LA PEA, MX","0.0","m","0.0",",m","3",",m","0",",m","0",",m","0",",m","0",",m","0",",m","17",",m","0",",m","20030517","+,,m","20030529","+,,m","20030515",",,m","1.7",",m,17,+","1.8",",,m,29,+","27.8",",m,15,","2517.2","m","144.6",",m","4.4",",,,m","13.67",",m","20.95",",,,m","6.38",",,,m"
"MXN00010038","2003-06","23.55","-105.4","2755.7","LA PEA, MX","0.0","m","0.0",",m","11",",m","11",",m","0",",m","0",",m","0",",m","0",",m","13",",m","0",",m","20030626","+,,m","20030621",",,m","20030620","+,,m","1.7",",m,26,+","24.9",",,m,21,","25.6",",m,20,+","2661.4","m","144.2",",m","161.9",",,,m","13.53",",m","20.67",",,,m","6.39",",,,m"
"MXN00010038","2003-07","23.55","-105.4","2755.7","LA PEA, MX","0.0","m","0.0",",m","31",",m","29",",m","2",",m","0",",m","3",",m","0",",m","3",",m","0",",m","20030710","+,,m","20030719",",,m","20030722",",,m","0.0",",m,10,+","42.9",",,m,19,","23.9",",m,22,","173.0","m","173.0",",m","396.7",",,,m","12.75",",m","19.63",",,,m","5.88",",,,m"
"MXN00010038","2003-08","23.55","-105.4","2755.7","LA PEA, MX","0.0","m","0.0","1,m","21",",m","20",",m","1",",m","0",",m","3",",m","0","1,m","11","1,m","0","1,m","20030822","+,,m","20030831",",,m","20030830",",1,m","0.0",",m,22,+","30.0",",,m,31,","22.8","1,m,30,","351.2","m","178.2","1,m","205.9",",,,m","12.36","1,m","20.19","1,,,m","4.54",",,,m"
"MXN00010038","2003-09","23.55","-105.4","2755.7","LA PEA, MX","0.0","m","0.0",",m","18",",m","12",",m","3",",m","0",",m","6",",m","0",",m","2",",m","0",",m","20030918","+,,m","20030926",",,m","20030925",",,m","0.0",",m,18,+","49.8",",,m,26,","23.9",",m,25,","588.1","m","236.9",",m","279.3",",,,m","10.44",",m","18.44",",,,m","2.43",",,,m"
"MXN00010038","2003-10","23.55","-105.4","2755.7","LA PEA, MX","0.0","m","0.0",",m","8",",m","7",",m","0",",m","0",",m","0",",m","0",",m","4",",m","0",",m","20031030","+,,m","20031015",",,m","20031004",",,m","0.6",",m,30,+","19.8",",,m,15,","22.8",",m,04,","808.2","m","220.1",",m","70.9",",,,m","11.23",",m","19.04",",,,m","3.43",",,,m"
"MXN00010038","2003-11","23.55","-105.4","2755.7","LA PEA, MX","0.0","m","0.0",",m","0",",m","0",",m","0",",m","0",",m","1",",m","0",",m","9",",m","0",",m","20031101",",,m","20031130","+,,m","20031112",",,m","0.0",",m,01,","0.0",",,m,30,+","23.9",",m,12,","1015.3","m","207.1",",m","0.0",",,,m","11.43",",m","19.61",",,,m","3.25",",,,m"
"MXN00010038","2003-12","23.55","-105.4","2755.7","LA PEA, MX","0.0","m","0.0",",m","0",",m","0",",m","0",",m","0",",m","4",",m","0",",m","1",",m","0",",m","20031212","+,,m","20031231","+,,m","20031228",",,m","0.0",",m,12,+","0.0",",,m,31,+","23.9",",m,28,","1296.3","m","281.0",",m","0.0",",,,m","9.27",",m","16.07",",,,m","2.46",",,,m"
"MXN00010038","2004-01","23.55","-105.4","2755.7","LA PEA, MX","0.0","","0.0",",m","11",",m","9",",m","4",",m","0",",m","0",",m","0",",m","1",",m","0",",m","20040128","+,,m","20040113",",,m","20040102",",,m","0.6",",m,28,+","80.8",",,m,13,","25.6",",m,02,","1591.4","","295.1",",m","258.3",",,,m","8.81",",m","14.47",",,,m","3.16",",,,m"
"MXN00010038","2004-02","23.55","-105.4","2755.7","LA PEA, MX","0.0","","0.0",",m","1",",m","0",",m","0",",m","0",",m","2",",m","0",",m","0",",m","0",",m","20040224","+,,m","20040212",",,m","20040213",",,m","0.0",",m,24,+","1.3",",,m,12,","18.9",",m,13,","1879.4","","288.0",",m","1.3",",,,m","8.40",",m","13.97",",,,m","2.84",",,,m"
"MXN00010038","2004-03","23.55","-105.4","2755.7","LA PEA, MX","0.0","","0.0",",m","3",",m","2",",m","0",",m","0",",m","6",",m","0",",m","10",",m","0",",m","20040328","+,,m","20040303",",,m","20040322",",,m","0.0",",m,28,+","8.9",",,m,03,","25.6",",m,22,","2133.5","","254.1",",m","13.2",",,,m","10.14",",m","18.34",",,,m","1.94",",,,m"
"MXN00010038","2004-04","23.55","-105.4","2755.7","LA PEA, MX","0.0","","0.0",",m","1",",m","0",",m","0",",m","0",",m","5",",m","0",",m","11",",m","0",",m","20040427","+,,m","20040430",",,m","20040423",",,m","0.0",",m,27,+","0.8",",,m,30,","27.8",",m,23,","2354.9","","221.4",",m","0.8",",,,m","10.95",",m","19.33",",,,m","2.57",",,,m"
"MXN00010038","2004-05","23.55","-105.4","2755.7","LA PEA, MX","0.0","","0.0",",m","1",",m","1",",m","0",",m","0",",m","2",",m","0",",m","18",",m","1",",m","20040516","+,,m","20040503",",,m","20040527",",,m","0.0",",m,16,+","5.8",",,m,03,","32.8",",m,27,","2543.9","","189.0",",m","5.8",",,,m","12.24",",m","22.45",",,,m","2.02",",,,m"
"MXN00010038","2004-06","23.55","-105.4","2755.7","LA PEA, MX","0.0","","0.0",",m","17",",m","2",",m","0",",m","0",",m","5",",m","0",",m","6",",m","1",",m","20040629","+,,m","20040624",",,m","20040616",",,m","0.0",",m,29,+","4.3",",,m,24,","32.8",",m,16,","2761.6","","217.7",",m","22.2",",,,m","11.08",",m","20.11",",,,m","2.04",",,,m"
"MXN00010038","2004-07","23.55","-105.4","2755.7","LA PEA, MX","0.0","","0.0",",m","22",",m","22",",m","4",",m","0",",m","6",",m","0",",m","4",",m","0",",m","20040724","+,,m","20040731",",,m","20040719","+,,m","0.0",",m,24,+","34.8",",,m,31,","21.7",",m,19,+","259.1","","259.1",",m","328.1",",,,m","9.98",",m","19.01",",,,m","0.95",",,,m"
"MXN00010038","2004-08","23.55","-105.4","2755.7","LA PEA, MX","0.0","","0.0",",m","14",",m","2",",m","0",",m","0",",m","7",",m","0",",m","2",",m","0",",m","20040829","+,,m","20040831","+,,m","20040827","+,,m","0.0",",m,29,+","2.8",",,m,31,+","21.7",",m,27,+","525.8","","266.7",",m","21.6",",,,m","9.73",",m","18.67",",,,m","0.78",",,,m"
"MXN00010038","2004-09","23.55","-105.4","2755.7","LA PEA, MX","0.0","","0.0",",m","15",",m","1",",m","0",",m","0",",m","4",",m","0",",m","0",",m","0",",m","20040929","+,,m","20040923",",,m","20040929","+,,m","0.0",",m,29,+","3.6",",,m,23,","20.0",",m,29,+","800.3","","274.5",",m","18.2",",,,m","9.18",",m","17.08",",,,m","1.29",",,,m"
"MXN00010038","2004-10","23.55","-105.4","2755.7","LA PEA, MX","0.0","","0.0",",m","2",",m","2",",m","2",",m","0",",m","4",",m","0",",m","2",",m","0",",m","20041026","+,,m","20041008",",,m","20041021","+,,m","0.0",",m,26,+","41.9",",,m,08,","21.7",",m,21,+","1047.7","","247.4",",m","76.7",",,,m","10.35",",m","18.32",",,,m","2.39",",,,m"
"MXN00010038","2009-01","23.55","-105.4","2755.7","LA PEA, MX","0.0","m","0.0",",m","1",",m","1",",m","0",",m","0",",m","21",",m","0",",m","0",",m","0",",m","20090130","+,,m","20090104",",,m","20090127",",,m","-5.0",",m,30,+","18.5",",,m,04,","18.9",",m,27,","","","371.4",",m","18.5",",,,m","6.35",",m","13.37",",,,m","-0.66",",,,m"
"MXN00010038","2009-02","23.55","-105.4","2755.7","LA PEA, MX","0.0","m","0.0",",m","0",",m","0",",m","0",",m","0",",m","16",",m","0",",m","1",",m","0",",m","20090204",",,m","20090228","+,,m","20090228",",,m","-6.1",",m,04,","0.0",",,m,28,+","21.7",",m,28,","","","297.1",",m","0.0",",,,m","7.72",",m","15.60",",,,m","-0.16",",,,m"
"MXN00010038","2009-03","23.55","-105.4","2755.7","LA PEA, MX","0.0","m","0.0",",m","2",",m","2",",m","1",",m","0",",m","16",",m","0",",m","0",",m","0",",m","20090329","+,,m","20090314",",,m","20090303","+,,m","-4.4",",m,29,+","49.3",",,m,14,","20.6",",m,03,+","","","320.7",",m","54.1",",,,m","7.99",",m","15.82",",,,m","0.15",",,,m"
"MXN00010038","2009-04","23.55","-105.4","2755.7","LA PEA, MX","0.0","m","0.0",",m","0",",m","0",",m","0",",m","0",",m","17",",m","0",",m","0",",m","0",",m","20090403",",,m","20090430","+,,m","20090430","+,,m","-5.0",",m,03,","0.0",",,m,30,+","20.6",",m,30,+","","","282.6",",m","0.0",",,,m","8.91",",m","17.58",",,,m","0.24",",,,m"
"MXN00010038","2009-05","23.55","-105.4","2755.7","LA PEA, MX","0.0","m","0.0",",m","11",",m","8",",m","1",",m","0",",m","5",",m","0",",m","4",",m","0",",m","20090529","+,,m","20090511",",,m","20090507",",,m","-2.2",",m,29,+","27.9",",,m,11,","23.9",",m,07,","","","211.3",",m","96.0",",,,m","11.52",",m","18.61",",,,m","4.43",",,,m"
"MXN00010038","2009-06","23.55","-105.4","2755.7","LA PEA, MX","0.0","m","0.0",",m","18",",m","18",",m","5",",m","0",",m","0",",m","0",",m","5",",m","0",",m","20090629",",,m","20090615",",,m","20090614","+,,m","0.6",",m,29,","63.8",",,m,15,","21.7",",m,14,+","","","140.9",",m","372.0",",,,m","13.64",",m","18.78",",,,m","8.49",",,,m"
"MXN00010038","2009-07","23.55","-105.4","2755.7","LA PEA, MX","0.0","m","0.0",",m","18",",m","12",",m","0",",m","0",",m","0",",m","0",",m","1",",m","0",",m","20090725","+,,m","20090704",",,m","20090731",",,m","7.8",",m,25,+","22.1",",,m,04,","21.7",",m,31,","91.6","m","91.6",",m","127.4",",,,m","15.38",",m","19.03",",,,m","11.72",",,,m"
"MXN00010038","2009-08","23.55","-105.4","2755.7","LA PEA, MX","0.0","m","0.0","2,m","16",",m","14",",m","3",",m","0","1,m","0","1,m","0","1,m","0","1,m","0","1,m","20090801",",1,m","20090821",",,m","20090828","+,1,m","6.7","1,m,01,","74.2",",,m,21,","20.6","1,m,28,+","177.3","m","85.7","1,m","246.0",",,,m","15.32","2,m","19.71","1,,,m","10.93","1,,,m"
"MXN00010038","2009-09","23.55","-105.4","2755.7","LA PEA, MX","0.0","m","0.0",",m","16",",m","15",",m","1",",m","0",",m","0",",m","0",",m","0",",m","0",",m","20090908","+,,m","20090906",",,m","20090927","+,,m","6.7",",m,08,+","45.5",",,m,06,","17.8",",m,27,+","345.8","m","168.5",",m","149.1",",,,m","12.72",",m","16.01",",,,m","9.42",",,,m"
"MXN00010038","2009-10","23.55","-105.4","2755.7","LA PEA, MX","0.0","m","0.0",",m","8",",m","7",",m","3",",m","0",",m","2",",m","0",",m","0",",m","0",",m","20091031",",,m","20091022",",,m","20091008",",,m","-3.3",",m,31,","70.1",",,m,22,","20.6",",m,08,","584.1","m","238.3",",m","181.2",",,,m","10.65",",m","15.11",",,,m","6.18",",,,m"
"MXN00010038","2009-11","23.55","-105.4","2755.7","LA PEA, MX","0.0","m","0.0",",m","1",",m","0",",m","0",",m","0",",m","4",",m","0",",m","0",",m","0",",m","20091123",",,m","20091124",",,m","20091101",",,m","-6.1",",m,23,","0.3",",,m,24,","17.8",",m,01,","900.4","m","316.3",",m","0.3",",,,m","7.79",",m","13.50",",,,m","2.08",",,,m"
"MXN00010038","2009-12","23.55","-105.4","2755.7","LA PEA, MX","0.0","m","0.0",",m","4",",m","4",",m","3",",m","0",",m","21",",m","0",",m","0",",m","0",",m","20091231","+,,m","20091228",",,m","20091216","+,,m","-7.2",",m,31,+","75.4",",,m,28,","13.9",",m,16,+","1325.9","m","425.5",",m","156.5",",,,m","4.61",",m","10.25",",,,m","-1.04",",,,m"
"MXN00010038","2010-01","23.55","-105.4","2755.7","LA PEA, MX","0.0","","0.0",",m","1",",m","1",",m","0",",m","0",",m","24",",m","0",",m","0",",m","0",",m","20100111","+,,m","20100115",",,m","20100128","+,,m","-6.1",",m,11,+","2.8",",,m,15,","18.9",",m,28,+","1762.8","","436.9",",m","2.8",",,,m","4.24",",m","10.48",",,,m","-2.00",",,,m"
"MXN00010038","2010-02","23.55","-105.4","2755.7","LA PEA, MX","0.0","","0.0",",m","6",",m","6",",m","3",",m","0",",m","26",",m","0",",m","0",",m","0",",m","20100220","+,,m","20100202",",,m","20100227",",,m","-9.4",",m,20,+","88.1",",,m,02,","16.7",",m,27,","2190.3","","427.5",",m","178.1",",,,m","3.06",",m","10.18",",,,m","-4.05",",,,m"
"MXN00010038","2010-03","23.55","-105.4","2755.7","LA PEA, MX","0.0","","0.0",",m","2",",m","2",",m","0",",m","0",",m","29",",m","0",",m","0",",m","0",",m","20100325",",,m","20100306",",,m","20100328","+,,m","-9.4",",m,25,","9.9",",,m,06,","18.9",",m,28,+","2599.8","","409.5",",m","19.6",",,,m","5.12",",m","14.65",",,,m","-4.40",",,,m"
"MXN00010038","2010-04","23.55","-105.4","2755.7","LA PEA, MX","0.0","","0.0",",m","1",",m","0",",m","0",",m","0",",m","25",",m","0",",m","0",",m","0",",m","20100415","+,,m","20100416",",,m","20100408","+,,m","-7.2",",m,15,+","2.3",",,m,16,","20.0",",m,08,+","2936.1","","336.3",",m","2.3",",,,m","7.12",",m","16.49",",,,m","-2.24",",,,m"
"MXN00010038","2010-05","23.55","-105.4","2755.7","LA PEA, MX","0.0","","0.0",",m","0",",m","0",",m","0",",m","0",",m","11",",m","0",",m","21",",m","0",",m","20100503","+,,m","20100531","+,,m","20100507",",,m","-8.3",",m,03,+","0.0",",,m,31,+","25.6",",m,07,","3154.8","","218.7",",m","0.0",",,,m","11.28",",m","20.89",",,,m","1.67",",,,m"
"MXN00010038","2010-06","23.55","-105.4","2755.7","LA PEA, MX","0.0","","0.0",",m","13",",m","13",",m","0",",m","0",",m","3",",m","0",",m","22",",m","0",",m","20100601",",,m","20100618",",,m","20100606",",,m","-2.2",",m,01,","24.9",",,m,18,","26.7",",m,06,","3301.9","","147.1",",m","108.4",",,,m","13.43",",m","21.88",",,,m","4.99",",,,m"
"MXN00010038","2010-07","23.55","-105.4","2755.7","LA PEA, MX","","","","","29",",m","26",",m","2",",m","","","","","","","","","","","","","20100725",",,m","","","","","45.0",",,m,25,","","","","","","","320.3",",,,m","","","","","",""
"MXN00010038","2010-08","23.55","-105.4","2755.7","LA PEA, MX","","","","","22",",m","16",",m","1",",m","","","","","","","","","","","","","20100813",",,m","","","","","29.0",",,m,13,","","","","","","","203.6",",,,m","","","","","",""
"MXN00010038","2010-09","23.55","-105.4","2755.7","LA PEA, MX","","","","","18",",m","17",",m","5",",m","","","","","","","","","","","","","20100924",",,m","","","","","46.0",",,m,24,","","","","","","","339.8",",,,m","","","","","",""
"MXN00010038","2010-12","23.55","-105.4","2755.7","LA PEA, MX","","","","","0",",m","0",",m","0",",m","","","","","","","","","","","","","20101231","+,,m","","","","","0.0",",,m,31,+","","","","","","","0.0",",,,m","","","","","",""
"MXN00010038","2011-01","23.55","-105.4","2755.7","LA PEA, MX","","","","","0",",m","0",",m","0",",m","","","","","","","","","","","","","20110131","+,,m","","","","","0.0",",,m,31,+","","","","","","","0.0",",,,m","","","","","",""
"MXN00010038","2011-02","23.55","-105.4","2755.7","LA PEA, MX","","","","","0",",m","0",",m","0",",m","","","","","","","","","","","","","20110228","+,,m","","","","","0.0",",,m,28,+","","","","","","","0.0",",,,m","","","","","",""
"MXN00010038","2011-03","23.55","-105.4","2755.7","LA PEA, MX","","","","","0",",m","0",",m","0",",m","","","","","","","","","","","","","20110331","+,,m","","","","","0.0",",,m,31,+","","","","","","","0.0",",,,m","","","","","",""
"MXN00010038","2011-04","23.55","-105.4","2755.7","LA PEA, MX","","","","","0",",m","0",",m","0",",m","","","","","","","","","","","","","20110430","+,,m","","","","","0.0",",,m,30,+","","","","","","","0.0",",,,m","","","","","",""
"MXN00010038","2011-05","23.55","-105.4","2755.7","LA PEA, MX","","","","","0",",m","0",",m","0",",m","","","","","","","","","","","","","20110531","+,,m","","","","","0.0",",,m,31,+","","","","","","","0.0",",,,m","","","","","",""
"MXN00010038","2011-06","23.55","-105.4","2755.7","LA PEA, MX","","","","","5",",m","4",",m","0",",m","","","","","","","","","","","","","20110623","+,,m","","","","","11.2",",,m,23,+","","","","","","","35.8",",,,m","","","","","",""
"MXN00010038","2011-07","23.55","-105.4","2755.7","LA PEA, MX","","","","","21",",m","16",",m","1",",m","","","","","","","","","","","","","20110709",",,m","","","","","25.7",",,m,09,","","","","","","","146.3",",,,m","","","","","",""
"MXN00010038","2011-08","23.55","-105.4","2755.7","LA PEA, MX","","","0.0",",m","14",",m","12",",m","1",",m","0",",m","4",",m","0",",m","5",",m","0",",m","20110804","+,,m","20110820",",,m","20110825","+,,m","0.0",",m,04,+","38.9",",,m,20,","21.7",",m,25,+","","","132.6",",m","128.5",",,,m","14.05",",m","20.39",",,,m","7.72",",,,m"
"MXN00010038","2011-09","23.55","-105.4","2755.7","LA PEA, MX","","","0.0",",m","9",",m","8",",m","1",",m","0",",m","0",",m","0",",m","0",",m","0",",m","20110929",",,m","20110902",",,m","20110923","+,,m","5.0",",m,29,","25.4",",,m,02,","20.6",",m,23,+","","","140.1",",m","101.5",",,,m","13.66",",m","19.07",",,,m","8.25",",,,m"
"MXN00010038","2011-10","23.55","-105.4","2755.7","LA PEA, MX","","","0.0","1,m","3","1,m","3","1,m","1","1,m","0","1,m","1","1,m","0","1,m","0","1,m","0","1,m","20111028",",1,m","20111001",",1,m","20111025","+,1,m","0.0","1,m,28,","29.2","1,,m,01,","20.6","1,m,25,+","","","205.8","1,m","56.9","1,,,m","11.47","1,m","18.86","1,,,m","4.08","1,,,m"
"MXN00010038","2011-11","23.55","-105.4","2755.7","LA PEA, MX","","","0.0",",m","1",",m","1",",m","0",",m","0",",m","12",",m","0",",m","0",",m","0",",m","20111130","+,,m","20111116",",,m","20111124","+,,m","-6.1",",m,30,+","17.8",",,m,16,","20.0",",m,24,+","","","298.6",",m","17.8",",,,m","8.38",",m","15.96",",,,m","0.80",",,,m"
"MXN00010038","2011-12","23.55","-105.4","2755.7","LA PEA, MX","","","0.0",",m","1",",m","1",",m","0",",m","0",",m","18",",m","0",",m","0",",m","0",",m","20111205",",,m","20111203",",,m","20111231","+,,m","-7.2",",m,05,","3.3",",,m,03,","17.8",",m,31,+","","","354.9",",m","3.3",",,,m","6.89",",m","14.32",",,,m","-0.55",",,,m"
"MXN00010038","2012-01","23.55","-105.4","2755.7","LA PEA, MX","0.0","","0.0",",m","0",",m","0",",m","0",",m","0",",m","19",",m","0",",m","0",",m","0",",m","20120130",",,m","20120131","+,,m","20120118",",,m","-7.2",",m,30,","0.0",",,m,31,+","17.8",",m,18,","","","357.1",",m","0.0",",,,m","6.81",",m","14.70",",,,m","-1.07",",,,m"
"MXN00010038","2012-02","23.55","-105.4","2755.7","LA PEA, MX","0.0","","0.0",",m","4",",m","4",",m","2",",m","0",",m","21",",m","0",",m","0",",m","0",",m","20120204",",,m","20120217",",,m","20120226",",,m","-7.2",",m,04,","63.0",",,m,17,","16.7",",m,26,","","","370.3",",m","111.0",",,,m","5.57",",m","13.10",",,,m","-1.97",",,,m"
"MXN00010038","2012-03","23.55","-105.4","2755.7","LA PEA, MX","0.0","","0.0",",m","1",",m","1",",m","0",",m","0",",m","6",",m","0",",m","0",",m","0",",m","20120312",",,m","20120320",",,m","20120325","+,,m","-4.4",",m,12,","17.8",",,m,20,","20.6",",m,25,+","","","283.9",",m","17.8",",,,m","9.18",",m","16.60",",,,m","1.75",",,,m"
"MXN00010038","2012-04","23.55","-105.4","2755.7","LA PEA, MX","0.6","","0.6","1,m","0","1,m","0","1,m","0","1,m","0","1,m","6","1,m","0","1,m","7","1,m","0","1,m","20120417","+,1,m","20120430","+,1,m","20120428","+,1,m","0.0","1,m,17,+","0.0","1,,m,30,+","23.9","1,m,28,+","","","201.7","1,m","0.0","1,,,m","11.40","1,m","19.18","1,,,m","3.62","1,,,m"
"MXN00010038","2012-05","23.55","-105.4","2755.7","LA PEA, MX","0.6","","0.0",",m","5",",m","4",",m","0",",m","0",",m","1",",m","0",",m","13",",m","0",",m","20120511",",,m","20120525",",,m","20120531","+,,m","-6.1",",m,11,","18.3",",,m,25,","25.0",",m,31,+","","","163.5",",m","49.8",",,,m","13.06",",m","21.02",",,,m","5.09",",,,m"
"MXN00010038","2012-06","23.55","-105.4","2755.7","LA PEA, MX","0.6","","0.0",",m","15",",m","13",",m","2",",m","0",",m","2",",m","0",",m","10",",m","0",",m","20120607","+,,m","20120610",",,m","20120613","+,,m","-3.3",",m,07,+","50.8",",,m,10,","23.9",",m,13,+","","","139.7",",m","162.8",",,,m","13.68",",m","20.42",",,,m","6.93",",,,m"
"MXN00010038","2012-07","23.55","-105.4","2755.7","LA PEA, MX","0.6","","0.0","1,m","25","1,m","25","1,m","2","1,m","0","1,m","0","1,m","0","1,m","3","1,m","0","1,m","20120729",",1,m","20120703",",1,m","20120715","+,1,m","5.0","1,m,29,","38.9","1,,m,03,","21.7","1,m,15,+","133.1","","133.1","1,m","334.5","1,,,m","13.90","1,m","19.28","1,,,m","8.52","1,,,m"
"MXN00010038","2012-08","23.55","-105.4","2755.7","LA PEA, MX","0.6","","0.0",",m","18",",m","16",",m","5",",m","0",",m","0",",m","0",",m","0",",m","0",",m","20120817","+,,m","20120817",",,m","20120829","+,,m","6.7",",m,17,+","43.9",",,m,17,","20.6",",m,29,+","251.0","","117.9",",m","304.1",",,,m","14.53",",m","19.76",",,,m","9.29",",,,m"
"MXN00010038","2012-09","23.55","-105.4","2755.7","LA PEA, MX","0.6","","0.0",",m","13",",m","11",",m","2",",m","0",",m","0",",m","0",",m","0",",m","0",",m","20120919",",,m","20120927",",,m","20120920","+,,m","3.9",",m,19,","40.1",",,m,27,","20.6",",m,20,+","397.3","","146.3",",m","154.9",",,,m","13.46",",m","19.54",",,,m","7.38",",,,m"
"MXN00010038","2012-10","23.55","-105.4","2755.7","LA PEA, MX","0.6","","0.0",",m","8",",m","7",",m","0",",m","0",",m","3",",m","0",",m","4",",m","0",",m","20121030",",,m","20121017",",,m","20121023","+,,m","-0.6",",m,30,","17.8",",,m,17,","22.8",",m,23,+","594.9","","197.6",",m","57.9",",,,m","11.96",",m","19.90",",,,m","4.02",",,,m"
"MXN00010038","2012-11","23.55","-105.4","2755.7","LA PEA, MX","0.6","","0.0",",m","2",",m","2",",m","0",",m","0",",m","5",",m","0",",m","0",",m","0",",m","20121103",",,m","20121123",",,m","20121112","+,,m","-3.3",",m,03,","10.4",",,m,23,","20.0",",m,12,+","860.5","","265.6",",m","20.1",",,,m","9.48",",m","17.23",",,,m","1.73",",,,m"
