"STATION","DATE","LATITUDE","LONGITUDE","ELEVATION","NAME","CDSD","CDSD_ATTRIBUTES","CLDD","CLDD_ATTRIBUTES","DP01","DP01_ATTRIBUTES","DP10","DP10_ATTRIBUTES","DP1X","DP1X_ATTRIBUTES","DSND","DSND_ATTRIBUTES","DT00","DT00_ATTRIBUTES","DT32","DT32_ATTRIBUTES","DX32","DX32_ATTRIBUTES","DX70","DX70_ATTRIBUTES","DX90","DX90_ATTRIBUTES","DYNT","DYNT_ATTRIBUTES","DYSD","DYSD_ATTRIBUTES","DYXP","DYXP_ATTRIBUTES","DYXT","DYXT_ATTRIBUTES","EMNT","EMNT_ATTRIBUTES","EMSD","EMSD_ATTRIBUTES","EMXP","EMXP_ATTRIBUTES","EMXT","EMXT_ATTRIBUTES","HDSD","HDSD_ATTRIBUTES","HTDD","HTDD_ATTRIBUTES","PRCP","PRCP_ATTRIBUTES","TAVG","TAVG_ATTRIBUTES","TMAX","TMAX_ATTRIBUTES","TMIN","TMIN_ATTRIBUTES"
"NOE00109514","1951-02","60.1881","11.0742","202.0","GARDERMOEN SOR, NO","","","","","","","","","","","","","","","","","15","5,S","0","5,S","0","5,S","","","","","","","19510210",",5,S","","","","","","","2.8","5,S,10,","","","","","","","","","-1.93","5,,,S","",""
"NOE00109514","1951-03","60.1881","11.0742","202.0","GARDERMOEN SOR, NO","","","0.0","4,S","","","","","","","","","0","4,S","27","4,S","20","1,S","0","1,S","0","1,S","19510312",",4,S","","","","","19510321",",1,S","-16.1","4,S,12,","","","","","5.0","1,S,21,","","","628.1","1,S","","","-5.07","4,S","-1.15","1,,,S","-8.99","4,,,S"
"NOE00109514","1951-04","60.1881","11.0742","202.0","GARDERMOEN SOR, NO","","","0.0","3,S","","","","","","","","","0","2,S","21","2,S","0","2,S","0","2,S","0","2,S","19510412",",2,S","","","","","19510430","+,2,S","-7.8","2,S,12,","","","","","10.0","2,S,30,+","","","448.6","2,S","","","1.73","3,S","5.30","2,,,S","-1.84","2,,,S"
"NOE00109514","1951-05","60.1881","11.0742","202.0","GARDERMOEN SOR, NO","","","0.0","1,S","","","","","","","","","0","1,S","7","1,S","0",",S","2",",S","0",",S","19510503",",1,S","","","","","19510520","+,,S","-2.8","1,S,03,","","","","","21.1",",S,20,+","","","311.5",",S","","","7.89","1,S","13.56",",,,S","2.22","1,,,S"
"NOE00109514","1951-06","60.1881","11.0742","202.0","GARDERMOEN SOR, NO","","","0.0","3,S","","","","","","","","","0","2,S","1","2,S","0","2,S","6","2,S","0","2,S","19510608",",2,S","","","","","19510601",",2,S","0.0","2,S,08,","","","","","23.9","2,S,01,","","","146.4","2,S","","","12.88","3,S","18.06","2,,,S","7.70","2,,,S"
"NOE00109514","1951-07","60.1881","11.0742","202.0","GARDERMOEN SOR, NO","","","0.0","1,S","","","","","","","","","0","1,S","0","1,S","0",",S","9",",S","0",",S","19510705",",1,S","","","","","19510726",",,S","2.8","1,S,05,","","","","","22.8",",S,26,","117.6","S","117.6",",S","","","14.43","1,S","19.03",",,,S","9.83","1,,,S"
"NOE00109514","1951-08","60.1881","11.0742","202.0","GARDERMOEN SOR, NO","","","","","","","","","","","","","0","5,S","0","5,S","0","3,S","4","3,S","0","3,S","19510825",",5,S","","","","","19510804",",3,S","5.0","5,S,25,","","","","","23.9","3,S,04,","","","","","","","14.77","7,S","18.54","3,,,S","11.00","5,,,S"
"NOE00109514","1951-09","60.1881","11.0742","202.0","GARDERMOEN SOR, NO","","","0.0","2,S","","","","","","","","","0","1,S","1","1,S","0","1,S","0","1,S","0","1,S","19510921",",1,S","","","","","19510905",",1,S","-1.1","1,S,21,","","","","","20.0","1,S,05,","","","203.4","1,S","","","11.19","2,S","14.90","1,,,S","7.47","1,,,S"
"NOE00109514","1951-10","60.1881","11.0742","202.0","GARDERMOEN SOR, NO","","","","","","","","","","","","","0","5,S","8","5,S","0","1,S","0","1,S","0","1,S","19511023",",5,S","","","","","19511002",",1,S","-3.9","5,S,23,","","","","","17.2","1,S,02,","","","","","","","5.68","6,S","9.23","1,,,S","2.12","5,,,S"
"NOE00109514","1952-02","60.1881","11.0742","202.0","GARDERMOEN SOR, NO","","","","","","","","","","","","","","","","","14","2,S","0","2,S","0","2,S","","","","","","","19520220",",2,S","","","","","","","7.2","2,S,20,","","","","","","","","","-0.03","2,,,S","",""
"NOE00109514","1952-03","60.1881","11.0742","202.0","GARDERMOEN SOR, NO","","","","","","","","","","","","","3","5,S","26","5,S","15","4,S","0","4,S","0","4,S","19520325",",5,S","","","","","19520311",",4,S","-20.0","5,S,25,","","","","","7.2","4,S,11,","","","","","","","-4.01","6,S","0.55","4,,,S","-8.57","5,,,S"
"NOE00109514","1952-04","60.1881","11.0742","202.0","GARDERMOEN SOR, NO","","","0.0","3,S","","","","","","","","","0","2,S","15","2,S","0","1,S","0","1,S","0","1,S","19520402","+,2,S","","","","","19520418",",1,S","-10.0","2,S,02,+","","","","","17.8","1,S,18,","","","356.9","1,S","","","5.16","3,S","10.50","1,,,S","-0.18","2,,,S"
"NOE00109514","1952-05","60.1881","11.0742","202.0","GARDERMOEN SOR, NO","","","0.0","1,S","","","","","","","","","0","1,S","9","1,S","0",",S","2",",S","0",",S","19520520",",1,S","","","","","19520523","+,,S","-2.8","1,S,20,","","","","","21.1",",S,23,+","","","278.0",",S","","","9.02","1,S","14.82",",,,S","3.23","1,,,S"
"NOE00109514","1952-06","60.1881","11.0742","202.0","GARDERMOEN SOR, NO","","","0.0","2,S","","","","","","","","","0","1,S","0","1,S","0","1,S","1","1,S","0","1,S","19520609","+,1,S","","","","","19520626",",1,S","2.2","1,S,09,+","","","","","21.1","1,S,26,","","","183.9","1,S","","","11.67","2,S","16.64","1,,,S","6.70","1,,,S"
"NOE00109514","1952-07","60.1881","11.0742","202.0","GARDERMOEN SOR, NO","","","12.0","3,S","","","","","","","","","0","2,S","0","2,S","0","1,S","11","1,S","0","1,S","19520721",",2,S","","","","","19520707",",1,S","3.9","2,S,21,","","","","","30.0","1,S,07,","99.7","S","99.7","1,S","","","15.14","3,S","20.34","1,,,S","9.94","2,,,S"
"NOE00109514","1952-08","60.1881","11.0742","202.0","GARDERMOEN SOR, NO","","","0.0","1,S","","","","","","","","","0","1,S","0","1,S","0",",S","1",",S","0",",S","19520831","+,1,S","","","","","19520823",",,S","2.8","1,S,31,+","","","","","22.2",",S,23,","256.8","S","157.1",",S","","","13.05","1,S","17.51",",,,S","8.60","1,,,S"
"NOE00109514","1952-09","60.1881","11.0742","202.0","GARDERMOEN SOR, NO","","","0.0","2,S","","","","","","","","","0","2,S","10","2,S","0",",S","0",",S","0",",S","19520920",",2,S","","","","","19520901",",,S","-3.9","2,S,20,","","","","","17.8",",S,01,","567.9","S","311.1",",S","","","7.23","2,S","11.83",",,,S","2.62","2,,,S"
"NOE00109514","1952-10","60.1881","11.0742","202.0","GARDERMOEN SOR, NO","","","0.0","3,S","","","","","","","","","0","3,S","10","3,S","0",",S","0",",S","0",",S","19521019",",3,S","","","","","19521009",",,S","-3.9","3,S,19,","","","","","10.0",",S,09,","1003.5","S","435.6",",S","","","2.76","3,S","4.93",",,,S","0.59","3,,,S"
"NOE00109514","1953-02","60.1881","11.0742","202.0","GARDERMOEN SOR, NO","","","","","","","","","","","","","5","5,S","23","5,S","","","","","","","19530214",",5,S","","","","","","","-26.1","5,S,14,","","","","","","","","","","","","","","","","","-12.14","5,,,S"
"NOE00109514","1953-03","60.1881","11.0742","202.0","GARDERMOEN SOR, NO","","","","","","","","","","","","","0","5,S","22","5,S","1","2,S","0","2,S","0","2,S","19530308","+,5,S","","","","","19530325",",2,S","-8.9","5,S,08,+","","","","","12.8","2,S,25,","","","","","","","1.30","6,S","6.38","2,,,S","-3.78","5,,,S"
"NOE00109514","1953-04","60.1881","11.0742","202.0","GARDERMOEN SOR, NO","","","0.0","3,S","","","","","","","","","0","2,S","21","2,S","0","1,S","0","1,S","0","1,S","19530401",",2,S","","","","","19530422",",1,S","-12.2","2,S,01,","","","","","16.1","1,S,22,","","","380.9","1,S","","","3.92","3,S","8.69","1,,,S","-0.85","2,,,S"
"NOE00109514","1953-05","60.1881","11.0742","202.0","GARDERMOEN SOR, NO","","","0.0","2,S","","","","","","","","","0","2,S","1","2,S","0",",S","0",",S","0",",S","19530529",",2,S","","","","","19530526","+,,S","0.0","2,S,29,","","","","","17.8",",S,26,+","","","258.4",",S","","","9.44","2,S","14.09",",,,S","4.79","2,,,S"
"NOE00109514","1953-06","60.1881","11.0742","202.0","GARDERMOEN SOR, NO","","","26.7","4,S","","","","","","","","","0","4,S","0","4,S","0",",S","20",",S","0",",S","19530601",",4,S","","","","","19530630","+,,S","2.8","4,S,01,","","","","","28.9",",S,30,+","","","55.3",",S","","","16.88","4,S","22.06",",,,S","11.71","4,,,S"
"NOE00109514","1953-07","60.1881","11.0742","202.0","GARDERMOEN SOR, NO","","","5.9","1,S","","","","","","","","","0","1,S","0","1,S","0",",S","9",",S","0",",S","19530731","+,1,S","","","","","19530702","+,,S","7.8","1,S,31,+","","","","","27.8",",S,02,+","101.3","S","101.3",",S","","","15.18","1,S","19.34",",,,S","11.02","1,,,S"
"NOE00109514","1953-08","60.1881","11.0742","202.0","GARDERMOEN SOR, NO","","","0.0","2,S","","","","","","","","","0","1,S","0","1,S","0","1,S","5","1,S","0","1,S","19530829","+,1,S","","","","","19530816","+,1,S","5.0","1,S,29,+","","","","","22.8","1,S,16,+","238.2","S","136.9","1,S","","","13.62","2,S","18.21","1,,,S","9.04","1,,,S"
"NOE00109514","1953-09","60.1881","11.0742","202.0","GARDERMOEN SOR, NO","","","","","","","","","","","","","","","","","0","2,S","1","2,S","0","2,S","","","","","","","19530907",",2,S","","","","","","","22.2","2,S,07,","","","","","","","","","14.20","2,,,S","",""
"NOE00109514","1953-11","60.1881","11.0742","202.0","GARDERMOEN SOR, NO","","","","","","","","","","","","","","","","","2","4,S","0","4,S","0","4,S","","","","","","","19531107",",4,S","","","","","","","10.0","4,S,07,","","","","","","","","","4.38","4,,,S","",""
"NOE00109514","1954-03","60.1881","11.0742","202.0","GARDERMOEN SOR, NO","","","","","","","","","","","","","0","4,S","26","4,S","7","5,S","0","5,S","0","5,S","19540318","+,4,S","","","","","19540316",",5,S","-8.9","4,S,18,+","","","","","7.8","5,S,16,","","","","","","","-1.05","7,S","1.62","5,,,S","-3.73","4,,,S"
"NOE00109514","1954-04","60.1881","11.0742","202.0","GARDERMOEN SOR, NO","","","0.0",",S","","","","","","","","","0",",S","29",",S","0",",S","0",",S","0",",S","19540417","+,,S","","","","","19540428",",,S","-7.2",",S,17,+","","","","","12.2",",S,28,","","","483.6",",S","","","2.21",",S","6.70",",,,S","-2.27",",,,S"
"NOE00109514","1954-05","60.1881","11.0742","202.0","GARDERMOEN SOR, NO","","","4.4","2,S","","","","","","","","","0","2,S","1","2,S","0","1,S","6","1,S","0","1,S","19540517",",2,S","","","","","19540529",",1,S","-1.1","2,S,17,","","","","","27.2","1,S,29,","","","213.1","1,S","","","11.03","2,S","16.07","1,,,S","5.99","2,,,S"
"NOE00109514","1954-06","60.1881","11.0742","202.0","GARDERMOEN SOR, NO","","","","","","","","","","","","","","","","","0","2,S","4","2,S","0","2,S","","","","","","","19540605",",2,S","","","","","","","25.0","2,S,05,","","","","","","","","","17.42","2,,,S","",""
"NOE00109514","1954-07","60.1881","11.0742","202.0","GARDERMOEN SOR, NO","","","2.5","5,S","","","","","","","","","0","5,S","0","5,S","0","1,S","7","1,S","0","1,S","19540724","+,5,S","","","","","19540713",",1,S","6.1","5,S,24,+","","","","","22.8","1,S,13,","110.0","S","110.0","1,S","","","14.18","5,S","18.07","1,,,S","10.28","5,,,S"
"NOE00109514","1954-08","60.1881","11.0742","202.0","GARDERMOEN SOR, NO","","","0.0","2,S","","","","","","","","","0","2,S","0","2,S","0",",S","5",",S","0",",S","19540804","+,2,S","","","","","19540827","+,,S","6.1","2,S,04,+","","","","","22.2",",S,27,+","235.8","S","125.8",",S","","","14.03","2,S","18.55",",,,S","9.50","2,,,S"
"NOE00109514","1954-09","60.1881","11.0742","202.0","GARDERMOEN SOR, NO","","","","","","","","","","","","","","","","","0",",S","1",",S","0",",S","","","","","","","19540902",",,S","","","","","","","21.1",",S,02,","","","","","","","","","13.48",",,,S","",""
"NOE00109514","1954-10","60.1881","11.0742","202.0","GARDERMOEN SOR, NO","","","","","","","","","","","","","0","4,S","14","4,S","1","4,S","0","4,S","0","4,S","19541028","+,4,S","","","","","19541014","+,4,S","-3.9","4,S,28,+","","","","","12.2","4,S,14,+","","","","","","","3.81","8,S","7.34","4,,,S","0.29","4,,,S"
"NOE00109514","1955-01","60.1881","11.0742","202.0","GARDERMOEN SOR, NO","","","","","","","","","","","","","","","","","20","3,S","0","3,S","0","3,S","","","","","","","19550125",",3,S","","","","","","","7.8","3,S,25,","","","","","","","","","-3.51","3,,,S","",""
"NOE00109514","1955-03","60.1881","11.0742","202.0","GARDERMOEN SOR, NO","","","","","","","","","","","","","","","","","10","4,S","0","4,S","0","4,S","","","","","","","19550315",",4,S","","","","","","","10.0","4,S,15,","","","","","","","","","1.50","4,,,S","",""
"NOE00109514","1955-04","60.1881","11.0742","202.0","GARDERMOEN SOR, NO","","","","","","","","","","","","","0","5,S","21","5,S","2","4,S","0","4,S","0","4,S","19550409",",5,S","","","","","19550429","+,4,S","-12.2","5,S,09,","","","","","15.0","4,S,29,+","","","","","","","1.65","9,S","6.00","4,,,S","-2.71","5,,,S"
"NOE00109514","1955-05","60.1881","11.0742","202.0","GARDERMOEN SOR, NO","","","0.0","1,S","","","","","","","","","0","1,S","5","1,S","0",",S","2",",S","0",",S","19550513",",1,S","","","","","19550530",",,S","-2.2","1,S,13,","","","","","22.2",",S,30,","","","339.7",",S","","","6.99","1,S","11.20",",,,S","2.78","1,,,S"
"NOE00109514","1955-06","60.1881","11.0742","202.0","GARDERMOEN SOR, NO","","","0.3","2,S","","","","","","","","","0","2,S","1","2,S","0",",S","8",",S","0",",S","19550613",",2,S","","","","","19550605","+,,S","0.0","2,S,13,","","","","","25.0",",S,05,+","","","165.0",",S","","","12.41","2,S","17.95",",,,S","6.88","2,,,S"
"NOE00109514","1955-07","60.1881","11.0742","202.0","GARDERMOEN SOR, NO","","","52.1",",S","","","","","","","","","0",",S","0",",S","0",",S","25",",S","0",",S","19550719",",,S","","","","","19550714","+,,S","7.2",",S,19,","","","","","30.0",",S,14,+","23.7","S","23.7",",S","","","19.25",",S","25.68",",,,S","12.81",",,,S"
"NOE00109514","1955-08","60.1881","11.0742","202.0","GARDERMOEN SOR, NO","","","11.1","3,S","","","","","","","","","0","2,S","0","2,S","0","1,S","25","1,S","0","1,S","19550804",",2,S","","","","","19550801",",1,S","7.8","2,S,04,","","","","","28.9","1,S,01,","54.0","S","30.3","1,S","","","17.64","3,S","23.85","1,,,S","11.44","2,,,S"
"NOE00109514","1955-09","60.1881","11.0742","202.0","GARDERMOEN SOR, NO","","","0.0","3,S","","","","","","","","","0","2,S","1","2,S","0","1,S","3","1,S","0","1,S","19550927",",2,S","","","","","19550908","+,1,S","0.0","2,S,27,","","","","","21.1","1,S,08,+","244.0","S","190.0","1,S","","","11.33","3,S","15.69","1,,,S","6.96","2,,,S"
"NOE00109514","1955-10","60.1881","11.0742","202.0","GARDERMOEN SOR, NO","","","","","","","","","","","","","","","","","2","1,S","0","1,S","0","1,S","","","","","","","19551009",",1,S","","","","","","","17.2","1,S,09,","","","","","","","","","7.58","1,,,S","",""
"NOE00109514","1955-11","60.1881","11.0742","202.0","GARDERMOEN SOR, NO","","","","","","","","","","","","","0","5,S","23","5,S","","","","","","","19551129",",5,S","","","","","","","-15.0","5,S,29,","","","","","","","","","","","","","","","","","-3.58","5,,,S"
"NOE00109514","1957-01","60.1881","11.0742","202.0","GARDERMOEN SOR, NO","0.0","E","0.0",",E","14",",E","6",",E","0",",E","24",",","3",",E","29",",E","16",",E","0",",E","0",",E","19570115",",,E","19570105",",,E","19570104",",,E","19570109",",,E","-22.5",",E,15,","180",",,E,05,","11.8",",,E,04,","7.7",",E,09,","","","710.5",",E","47.9",",,,E","-4.59",",E","-1.17",",,,E","-8.01",",,,E"
"NOE00109514","1957-02","60.1881","11.0742","202.0","GARDERMOEN SOR, NO","0.0","E","0.0",",E","17",",E","11",",E","0",",E","28",",","2",",E","27",",E","20",",E","0",",E","0",",E","19570225",",,E","19570228","+,,E","19570226",",,E","19570207",",,E","-23.5",",E,25,","400",",,E,28,+","8.0",",,E,26,","5.0",",E,07,","","","658.5",",E","54.1",",,,E","-5.19",",E","-1.84",",,,E","-8.53",",,,E"
"NOE00109514","1957-03","60.1881","11.0742","202.0","GARDERMOEN SOR, NO","0.0","E","0.0",",E","8",",E","3",",E","0",",E","31",",","1",",E","29",",E","11",",E","0",",E","0",",E","19570324",",,E","19570321",",,E","19570320",",,E","19570329",",,E","-18.2",",E,24,","470",",,E,21,","11.2",",,E,20,","9.4",",E,29,","","","642.5",",E","29.4",",,,E","-2.39",",E","1.65",",,,E","-6.44",",,,E"
"NOE00109514","1957-04","60.1881","11.0742","202.0","GARDERMOEN SOR, NO","0.0","E","0.0",",E","7",",E","3",",E","0",",E","5",",","0",",E","22",",E","0",",E","0",",E","0",",E","19570412",",,E","19570401",",,E","19570418",",,E","19570428",",,E","-8.0",",E,12,","180",",,E,01,","11.2",",,E,18,","15.4",",E,28,","","","453.8",",E","25.0",",,,E","3.21",",E","8.21",",,,E","-1.80",",,,E"
"NOE00109514","1957-05","60.1881","11.0742","202.0","GARDERMOEN SOR, NO","0.0","E","0.0",",E","15",",E","5",",E","0",",E","0",",","0",",E","6",",E","0",",E","0",",E","0",",E","19570510",",,E","19570531","+,,E","19570510",",,E","19570524","+,,E","-2.7",",E,10,","0",",,E,31,+","15.7",",,E,10,","20.3",",E,24,+","","","304.6",",E","49.5",",,,E","8.51",",E","13.46",",,,E","3.55",",,,E"
"NOE00109514","1957-06","60.1881","11.0742","202.0","GARDERMOEN SOR, NO","1.8","E","1.8",",E","16",",E","10",",E","0",",E","0",",","0",",E","0",",E","0",",E","7",",E","0",",E","19570602",",,E","19570630","+,,E","19570611",",,E","19570617",",,E","3.2",",E,02,","0",",,E,30,+","24.2",",,E,11,","26.2",",E,17,","","","166.0",",E","126.3",",,,E","12.86",",E","18.09",",,,E","7.63",",,,E"
"NOE00109514","1957-07","60.1881","11.0742","202.0","GARDERMOEN SOR, NO","10.5","E","8.7",",E","21",",E","12",",E","1",",E","0",",","0",",E","0",",E","0",",E","10",",E","0",",E","19570717",",,E","19570731","+,,E","19570724",",,E","19570722",",,E","8.0",",E,17,","0",",,E,31,+","35.7",",,E,24,","26.0",",E,22,","69.7","E","69.7",",E","146.0",",,,E","16.36",",E","20.40",",,,E","12.33",",,,E"
"NOE00109514","1957-08","60.1881","11.0742","202.0","GARDERMOEN SOR, NO","10.9","E","0.4",",E","16",",E","9",",E","1",",E","0",",","0",",E","0",",E","0",",E","7",",E","0",",E","19570823",",,E","19570831","+,,E","19570811",",,E","19570805",",,E","1.9",",E,23,","0",",,E,31,+","31.4",",,E,11,","25.1",",E,05,","208.6","E","138.9",",E","125.4",",,,E","13.86",",E","18.61",",,,E","9.11",",,,E"
"NOE00109514","1957-09","60.1881","11.0742","202.0","GARDERMOEN SOR, NO","10.9","E","0.0",",E","15",",E","11",",E","2",",E","0",",","0",",E","1",",E","0",",E","0",",E","0",",E","19570926",",,E","19570930","+,,E","19570914",",,E","19570908",",,E","-1.5",",E,26,","0",",,E,30,+","51.1",",,E,14,","16.7",",E,08,","500.0","E","291.4",",E","176.2",",,,E","8.62",",E","12.07",",,,E","5.17",",,,E"
"NOE00109514","1957-10","60.1881","11.0742","202.0","GARDERMOEN SOR, NO","10.9","E","0.0",",E","17",",E","9",",E","0",",E","0",",","0",",E","13",",E","0",",E","0",",E","0",",E","19571031",",,E","19571031","+,,E","19571023",",,E","19571007",",,E","-3.6",",E,31,","0",",,E,31,+","12.3",",,E,23,","14.0",",E,07,","916.0","E","416.0",",E","72.4",",,,E","4.91",",E","8.60",",,,E","1.23",",,,E"
"NOE00109514","1957-11","60.1881","11.0742","202.0","GARDERMOEN SOR, NO","10.9","E","0.0",",E","11",",E","5",",E","0",",E","1",",","0",",E","24",",E","9",",E","0",",E","0",",E","19571130",",,E","19571130",",,E","19571104",",,E","19571106",",,E","-12.2",",E,30,","100",",,E,30,","16.9",",,E,04,","8.6",",E,06,","1493.1","E","577.1",",E","52.8",",,,E","-0.90",",E","1.92",",,,E","-3.73",",,,E"
"NOE00109514","1957-12","60.1881","11.0742","202.0","GARDERMOEN SOR, NO","10.9","E","0.0",",E","4",",E","0",",E","0",",E","5",",","3",",E","25",",E","16",",E","0",",E","0",",E","19571215",",,E","19571217","+,,E","19571223",",,E","19571221",",,E","-19.7",",E,15,","30",",,E,17,+","0.8",",,E,23,","7.7",",E,21,","2195.2","E","702.1",",E","2.7",",,,E","-4.31",",E","-1.01",",,,E","-7.62",",,,E"
"NOE00109514","1958-01","60.1881","11.0742","202.0","GARDERMOEN SOR, NO","0.0","E","0.0",",E","12",",E","7",",E","0",",E","26",",","6",",E","31",",E","26",",E","0",",E","0",",E","19580122","+,,E","19580125",",,E","19580118",",,E","19580117",",,E","-21.0",",E,22,+","500",",,E,25,","11.3",",,E,18,","1.0",",E,17,","2989.0","E","793.8",",E","52.0",",,,E","-7.27",",E","-4.19",",,,E","-10.36",",,,E"
"NOE00109514","1958-02","60.1881","11.0742","202.0","GARDERMOEN SOR, NO","0.0","E","0.0",",E","10",",E","5",",E","0",",E","28",",","11",",E","28",",E","23",",E","0",",E","0",",E","19580227",",,E","19580223",",,E","19580211",",,E","19580203",",,E","-29.7",",E,27,","640",",,E,23,","13.2",",,E,11,","4.1",",E,03,","3801.9","E","812.9",",E","39.4",",,,E","-10.70",",E","-5.60",",,,E","-15.79",",,,E"
"NOE00109514","1958-03","60.1881","11.0742","202.0","GARDERMOEN SOR, NO","0.0","E","0.0",",E","4",",E","0",",E","0",",E","31",",","3",",E","31",",E","14",",E","0",",E","0",",E","19580310",",,E","19580302","+,,E","19580306",",,E","19580302",",,E","-20.6",",E,10,","570",",,E,02,+","0.7",",,E,06,","6.3",",E,02,","4563.4","E","761.5",",E","2.1",",,,E","-6.23",",E","0.01",",,,E","-12.47",",,,E"
"NOE00109514","1958-04","60.1881","11.0742","202.0","GARDERMOEN SOR, NO","0.0","E","0.0",",E","11",",E","6",",E","0",",E","22",",","0",",E","22",",E","0",",E","0",",E","0",",E","19580401",",,E","19580405","+,,E","19580426",",,E","19580430",",,E","-11.6",",E,01,","470",",,E,05,+","13.0",",,E,26,","12.7",",E,30,","5058.3","E","494.9",",E","51.4",",,,E","1.84",",E","6.22",",,,E","-2.55",",,,E"
"NOE00109514","1958-05","60.1881","11.0742","202.0","GARDERMOEN SOR, NO","0.0","E","0.0",",E","14",",E","12",",E","0",",E","0",",","0",",E","6",",E","0",",E","0",",E","0",",E","19580506",",,E","19580531","+,,E","19580515",",,E","19580531",",,E","-2.3",",E,06,","0",",,E,31,+","23.8",",,E,15,","19.5",",E,31,","5392.6","E","334.3",",E","84.5",",,,E","7.55",",E","12.87",",,,E","2.22",",,,E"
"NOE00109514","1958-06","60.1881","11.0742","202.0","GARDERMOEN SOR, NO","6.5","E","6.5",",E","10",",E","4",",E","1",",E","0",",","0",",E","0",",E","0",",E","8",",E","0",",E","19580610",",,E","19580630","+,,E","19580618",",,E","19580628",",,E","1.2",",E,10,","0",",,E,30,+","30.7",",,E,18,","26.7",",E,28,","5539.7","E","147.1",",E","63.1",",,,E","13.65",",E","19.55",",,,E","7.74",",,,E"
"NOE00109514","1958-07","60.1881","11.0742","202.0","GARDERMOEN SOR, NO","23.2","E","16.7",",E","14",",E","9",",E","0",",E","0",",","0",",E","0",",E","0",",E","11",",E","0",",E","19580726",",,E","19580731","+,,E","19580727",",,E","19580701",",,E","4.3",",E,26,","0",",,E,31,+","23.2",",,E,27,","27.8",",E,01,","93.3","E","93.3",",E","117.2",",,,E","15.86",",E","20.51",",,,E","11.22",",,,E"
"NOE00109514","1958-08","60.1881","11.0742","202.0","GARDERMOEN SOR, NO","23.2","E","0.0",",E","19",",E","9",",E","0",",E","0",",","0",",E","0",",E","0",",E","1",",E","0",",E","19580807",",,E","19580831","+,,E","19580824",",,E","19580818",",,E","5.0",",E,07,","0",",,E,31,+","12.5",",,E,24,","21.2",",E,18,","235.6","E","142.3",",E","75.8",",,,E","13.74",",E","17.84",",,,E","9.65",",,,E"
"NOE00109514","1958-09","60.1881","11.0742","202.0","GARDERMOEN SOR, NO","23.2","E","0.0",",E","11",",E","6",",E","0",",E","0",",","0",",E","1",",E","0",",E","4",",E","0",",E","19580928",",,E","19580930","+,,E","19580930",",,E","19580903",",,E","-0.8",",E,28,","0",",,E,30,+","22.1",",,E,30,","24.5",",E,03,","444.7","E","209.1",",E","60.9",",,,E","11.36",",E","15.93",",,,E","6.79",",,,E"
"NOE00109514","1958-10","60.1881","11.0742","202.0","GARDERMOEN SOR, NO","23.2","E","0.0",",E","15",",E","9",",E","0",",E","0",",","0",",E","6",",E","0",",E","0",",E","0",",E","19581022",",,E","19581031","+,,E","19581015",",,E","19581024",",,E","-3.6",",E,22,","0",",,E,31,+","24.7",",,E,15,","13.1",",E,24,","810.2","E","365.5",",E","97.5",",,,E","6.54",",E","9.56",",,,E","3.53",",,,E"
"NOE00109514","1958-11","60.1881","11.0742","202.0","GARDERMOEN SOR, NO","23.2","E","0.0",",E","13",",E","9",",E","0",",E","0",",","0",",E","21",",E","9",",E","0",",E","0",",E","19581129",",,E","19581130","+,,E","19581108",",,E","19581107",",,E","-6.8",",E,29,","20",",,E,30,+","13.0",",,E,08,","6.6",",E,07,","1359.5","E","549.3",",E","66.3",",,,E","0.02",",E","2.02",",,,E","-1.98",",,,E"
"NOE00109514","1958-12","60.1881","11.0742","202.0","GARDERMOEN SOR, NO","23.2","E","0.0",",E","17",",E","8",",E","0",",E","23",",","2",",E","31",",E","24",",E","0",",E","0",",E","19581212",",,E","19581231",",,E","19581228",",,E","19581204",",,E","-21.5",",E,12,","550",",,E,31,","13.8",",,E,28,","5.7",",E,04,","2124.0","E","764.5",",E","81.4",",,,E","-6.33",",E","-3.39",",,,E","-9.27",",,,E"
"NOE00109514","1959-01","60.1881","11.0742","202.0","GARDERMOEN SOR, NO","0.0","E","0.0","1,E","11",",E","6",",E","0",",E","31",",","7",",E","31",",E","27","1,E","0","1,E","0","1,E","19590107",",,E","19590131","+,,E","19590102",",,E","19590131",",1,E","-23.5",",E,07,","800",",,E,31,+","19.6",",,E,02,","0.8","1,E,31,","2978.6","E","854.6","1,E","70.5",",,,E","-10.31","1,E","-6.33","1,,,E","-14.29",",,,E"
"NOE00109514","1959-02","60.1881","11.0742","202.0","GARDERMOEN SOR, NO","0.0","E","0.0",",E","1",",E","0",",E","0",",E","28",",","6",",E","24",",E","14",",E","0",",E","0",",E","19590208",",,E","19590219","+,,E","19590216",",,E","19590219",",,E","-23.7",",E,08,","700",",,E,19,+","1.0",",,E,16,","7.8",",E,19,","3667.9","E","689.3",",E","1.2",",,,E","-6.29",",E","-1.77",",,,E","-10.80",",,,E"
"NOE00109514","1959-03","60.1881","11.0742","202.0","GARDERMOEN SOR, NO","0.0","E","0.0",",E","10",",E","8",",E","0",",E","31",",","0",",E","26",",E","1",",E","0",",E","0",",E","19590312",",,E","19590301",",,E","19590328",",,E","19590324",",,E","-11.3",",E,12,","570",",,E,01,","14.1",",,E,28,","9.0",",E,24,","4241.3","E","573.4",",E","73.0",",,,E","-0.16",",E","3.55",",,,E","-3.88",",,,E"
"NOE00109514","1959-04","60.1881","11.0742","202.0","GARDERMOEN SOR, NO","0.0","E","0.0",",E","14",",E","9",",E","1",",E","15",",","0",",E","13",",E","0",",E","0",",E","0",",E","19590412",",,E","19590402","+,,E","19590427",",,E","19590417",",,E","-5.1",",E,12,","180",",,E,02,+","25.9",",,E,27,","14.5",",E,17,","4671.6","E","430.3",",E","117.8",",,,E","3.99",",E","7.58",",,,E","0.39",",,,E"
"NOE00109514","1959-05","60.1881","11.0742","202.0","GARDERMOEN SOR, NO","0.0","E","0.0",",E","7",",E","5",",E","0",",E","0",",","0",",E","2",",E","0",",E","5",",E","0",",E","19590508",",,E","19590531","+,,E","19590502",",,E","19590515","+,,E","-2.6",",E,08,","0",",,E,31,+","11.0",",,E,02,","23.6",",E,15,+","4914.2","E","242.6",",E","36.6",",,,E","10.51",",E","16.51",",,,E","4.50",",,,E"
"NOE00109514","1959-06","60.1881","11.0742","202.0","GARDERMOEN SOR, NO","5.6","E","5.6",",E","5",",E","3",",E","0",",E","0",",","0",",E","0",",E","0",",E","13",",E","0",",E","19590611",",,E","19590630","+,,E","19590628",",,E","19590626",",,E","3.0",",E,11,","0",",,E,30,+","10.3",",,E,28,","29.1",",E,26,","5041.9","E","127.7",",E","20.5",",,,E","14.26",",E","20.51",",,,E","8.01",",,,E"
"NOE00109514","1959-07","60.1881","11.0742","202.0","GARDERMOEN SOR, NO","15.5","E","9.9",",E","7",",E","5",",E","0",",E","0",",","0",",E","0",",E","0",",E","23",",E","0",",E","19590716",",,E","19590731","+,,E","19590713",",,E","19590728",",,E","6.0",",E,16,","0",",,E,31,+","16.0",",,E,13,","27.3",",E,28,","52.3","E","52.3",",E","52.0",",,,E","16.97",",E","22.99",",,,E","10.94",",,,E"
"NOE00109514","1959-08","60.1881","11.0742","202.0","GARDERMOEN SOR, NO","21.4","E","5.9",",E","4",",E","3",",E","1",",E","0",",","0",",E","0",",E","0",",E","25",",E","0",",E","19590828",",,E","19590831","+,,E","19590813",",,E","19590811",",,E","2.9",",E,28,","0",",,E,31,+","46.3",",,E,13,","26.7",",E,11,","121.5","E","69.2",",E","76.3",",,,E","16.29",",E","22.21",",,,E","10.37",",,,E"
"NOE00109514","1959-09","60.1881","11.0742","202.0","GARDERMOEN SOR, NO","21.4","E","0.0",",E","7",",E","2",",E","0",",E","0",",","0",",E","2",",E","0",",E","5",",E","0",",E","19590926",",,E","19590930","+,,E","19590926",",,E","19590911","+,,E","-3.3",",E,26,","0",",,E,30,+","13.0",",,E,26,","23.2",",E,11,+","340.9","E","219.4",",E","23.1",",,,E","11.02",",E","17.14",",,,E","4.90",",,,E"
"NOE00109514","1959-10","60.1881","11.0742","202.0","GARDERMOEN SOR, NO","21.4","E","0.0",",E","16",",E","11",",E","1",",E","0",",","0",",E","9",",E","0",",E","0",",E","0",",E","19591012",",,E","19591031","+,,E","19591027",",,E","19591001",",,E","-4.9",",E,12,","0",",,E,31,+","33.5",",,E,27,","15.2",",E,01,","759.9","E","419.0",",E","131.9",",,,E","4.82",",E","7.90",",,,E","1.73",",,,E"
"NOE00109514","1959-11","60.1881","11.0742","202.0","GARDERMOEN SOR, NO","21.4","E","0.0",",E","24",",E","15",",E","0",",E","1",",","0",",E","12",",E","3",",E","0",",E","0",",E","19591119",",,E","19591128",",,E","19591110",",,E","19591103",",,E","-8.9",",E,19,","70",",,E,28,","22.7",",,E,10,","8.4",",E,03,","1267.6","E","507.7",",E","143.8",",,,E","1.41",",E","3.23",",,,E","-0.41",",,,E"
"NOE00109514","1959-12","60.1881","11.0742","202.0","GARDERMOEN SOR, NO","21.4","E","0.0",",E","25",",E","14",",E","1",",E","28",",","0",",E","23",",E","14",",E","0",",E","0",",E","19591211",",,E","19591206",",,E","19591203",",,E","19591221",",,E","-17.1",",E,11,","510",",,E,06,","31.3",",,E,03,","4.2",",E,21,","1918.8","E","651.2",",E","202.7",",,,E","-2.67",",E","-1.07",",,,E","-4.27",",,,E"
"NOE00109514","1960-01","60.1881","11.0742","202.0","GARDERMOEN SOR, NO","0.0","E","0.0",",E","12",",E","8",",E","0",",E","31",",","4",",E","25",",E","17",",E","0",",E","0",",E","19600121",",,E","19600101",",,E","19600124",",,E","19600101",",,E","-19.9",",E,21,","380",",,E,01,","14.2",",,E,24,","4.0",",E,01,","2669.5","E","750.7",",E","68.1",",,,E","-5.88",",E","-2.83",",,,E","-8.94",",,,E"
"NOE00109514","1960-02","60.1881","11.0742","202.0","GARDERMOEN SOR, NO","0.0","E","0.0",",E","14",",E","8",",E","0",",E","29",",","9",",E","29",",E","28",",E","0",",E","0",",E","19600214",",,E","19600229",",,E","19600229",",,E","19600210",",,E","-25.6",",E,14,","470",",,E,29,","11.2",",,E,29,","2.0",",E,10,","3487.9","E","818.4",",E","54.4",",,,E","-9.89",",E","-5.94",",,,E","-13.84",",,,E"
"NOE00109514","1960-03","60.1881","11.0742","202.0","GARDERMOEN SOR, NO","0.0","E","0.0",",E","8",",E","3",",E","0",",E","31",",","0",",E","29",",E","5",",E","0",",E","0",",E","19600309",",,E","19600302",",,E","19600301",",,E","19600323",",,E","-17.0",",E,09,","610",",,E,02,","12.2",",,E,01,","8.0",",E,23,","4095.8","E","607.9",",E","31.3",",,,E","-1.28",",E","2.83",",,,E","-5.38",",,,E"
"NOE00109514","1960-04","60.1881","11.0742","202.0","GARDERMOEN SOR, NO","0.0","E","0.0",",E","4",",E","1",",E","0",",E","14",",","0",",E","18",",E","0",",E","0",",E","0",",E","19600404",",,E","19600401",",,E","19600413",",,E","19600429",",,E","-8.7",",E,04,","140",",,E,01,","11.9",",,E,13,","13.4",",E,29,","4539.8","E","444.0",",E","15.4",",,,E","3.53",",E","8.24",",,,E","-1.18",",,,E"
"NOE00109514","1960-05","60.1881","11.0742","202.0","GARDERMOEN SOR, NO","0.0","E","0.0",",E","10",",E","3",",E","0",",E","0",",","0",",E","4",",E","0",",E","4",",E","0",",E","19600501",",,E","19600531","+,,E","19600531",",,E","19600517",",,E","-3.0",",E,01,","0",",,E,31,+","22.2",",,E,31,","22.0",",E,17,","4770.8","E","231.0",",E","45.1",",,,E","10.88",",E","16.67",",,,E","5.09",",,,E"
"NOE00109514","1960-06","60.1881","11.0742","202.0","GARDERMOEN SOR, NO","5.7","E","5.7",",E","14",",E","11",",E","0",",E","0",",","0",",E","0",",E","0",",E","14",",E","0",",E","19600621",",,E","19600630","+,,E","19600627",",,E","19600625",",,E","5.4",",E,21,","0",",,E,30,+","20.7",",,E,27,","29.4",",E,25,","4871.3","E","100.5",",E","106.9",",,,E","15.17",",E","20.44",",,,E","9.90",",,,E"
"NOE00109514","1960-07","60.1881","11.0742","202.0","GARDERMOEN SOR, NO","5.7","E","0.0",",E","25",",E","19",",E","2",",E","0",",","0",",E","0",",E","0",",E","1",",E","0",",E","19600702",",,E","19600731","+,,E","19600716",",,E","19600731",",,E","6.0",",E,02,","0",",,E,31,+","38.5",",,E,16,","23.0",",E,31,","124.8","E","124.8",",E","219.5",",,,E","14.31",",E","17.92",",,,E","10.70",",,,E"
"NOE00109514","1960-08","60.1881","11.0742","202.0","GARDERMOEN SOR, NO","12.6","E","6.9",",E","20",",E","12",",E","0",",E","0",",","0",",E","0",",E","0",",E","4",",E","0",",E","19600831",",,E","19600831","+,,E","19600810",",,E","19600802",",,E","3.0",",E,31,","0",",,E,31,+","19.1",",,E,10,","27.0",",E,02,","261.4","E","136.6",",E","116.3",",,,E","14.15",",E","18.61",",,,E","9.68",",,,E"
"NOE00109514","1960-09","60.1881","11.0742","202.0","GARDERMOEN SOR, NO","12.6","E","0.0",",E","11",",E","6",",E","0",",E","0",",","0",",E","2",",E","0",",E","0",",E","0",",E","19600930",",,E","19600930","+,,E","19600905",",,E","19600913",",,E","-3.6",",E,30,","0",",,E,30,+","20.3",",,E,05,","17.5",",E,13,","508.1","E","246.7",",E","53.1",",,,E","10.11",",E","14.04",",,,E","6.17",",,,E"
"NOE00109514","1960-10","60.1881","11.0742","202.0","GARDERMOEN SOR, NO","12.6","E","0.0",",E","12",",E","7",",E","1",",E","0",",","0",",E","16",",E","0",",E","0",",E","0",",E","19601031",",,E","19601031","+,,E","19601005",",,E","19601002",",,E","-5.3",",E,31,","0",",,E,31,+","29.7",",,E,05,","11.0",",E,02,","992.4","E","484.3",",E","109.9",",,,E","2.71",",E","4.94",",,,E","0.48",",,,E"
"NOE00109514","1960-11","60.1881","11.0742","202.0","GARDERMOEN SOR, NO","12.6","E","0.0",",E","21",",E","20",",E","0",",E","23",",","0",",E","21",",E","11",",E","0",",E","0",",E","19601121",",,E","19601124",",,E","19601102",",,E","19601105",",,E","-12.3",",E,21,","250",",,E,24,","24.5",",,E,02,","5.5",",E,05,","1569.2","E","576.8",",E","181.1",",,,E","-0.90",",E","1.02",",,,E","-2.81",",,,E"
"NOE00109514","1960-12","60.1881","11.0742","202.0","GARDERMOEN SOR, NO","12.6","E","0.0",",E","17",",E","11",",E","1",",E","17",",","1",",E","28",",E","17",",E","0",",E","0",",E","19601213",",,E","19601214","+,,E","19601226",",,E","19601202",",,E","-18.0",",E,13,","170",",,E,14,+","40.6",",,E,26,","6.8",",E,02,","2233.3","E","664.1",",E","109.5",",,,E","-3.09",",E","-0.94",",,,E","-5.24",",,,E"
"NOE00109514","1961-01","60.1881","11.0742","202.0","GARDERMOEN SOR, NO","0.0","E","0.0",",E","12",",E","6",",E","0",",E","31",",","4",",E","31",",E","24",",E","0",",E","0",",E","19610127",",,E","19610131","+,,E","19610129",",,E","19610130","+,,E","-25.6",",E,27,","380",",,E,31,+","11.8",",,E,29,","2.0",",E,30,+","3038.5","E","805.2",",E","56.3",",,,E","-7.64",",E","-4.17",",,,E","-11.11",",,,E"
"NOE00109514","1961-02","60.1881","11.0742","202.0","GARDERMOEN SOR, NO","0.0","E","0.0",",E","11",",E","4",",E","0",",E","28",",","3",",E","27",",E","10",",E","0",",E","0",",E","19610205",",,E","19610209","+,,E","19610206",",,E","19610221",",,E","-25.0",",E,05,","420",",,E,09,+","22.4",",,E,06,","6.8",",E,21,","3659.8","E","621.3",",E","54.3",",,,E","-3.86",",E","-0.23",",,,E","-7.49",",,,E"
"NOE00109514","1961-03","60.1881","11.0742","202.0","GARDERMOEN SOR, NO","0.0","E","0.0",",E","5",",E","3",",E","0",",E","18",",","0",",E","21",",E","0",",E","0",",E","0",",E","19610301",",,E","19610301",",,E","19610329",",,E","19610316",",,E","-9.0",",E,01,","160",",,E,01,","11.3",",,E,29,","12.5",",E,16,","4158.1","E","498.3",",E","26.8",",,,E","2.26",",E","6.69",",,,E","-2.17",",,,E"
"NOE00109514","1961-04","60.1881","11.0742","202.0","GARDERMOEN SOR, NO","0.0","E","0.0",",E","7",",E","4",",E","0",",E","11",",","0",",E","20",",E","0",",E","0",",E","0",",E","19610401",",,E","19610407","+,,E","19610406",",,E","19610427",",,E","-11.5",",E,01,","130",",,E,07,+","5.0",",,E,06,","19.2",",E,27,","4582.7","E","424.6",",E","21.8",",,,E","4.18",",E","10.04",",,,E","-1.68",",,,E"
"NOE00109514","1961-05","60.1881","11.0742","202.0","GARDERMOEN SOR, NO","0.0","E","0.0",",E","13",",E","6",",E","0",",E","0",",","0",",E","3",",E","0",",E","1",",E","0",",E","19610502",",,E","19610531","+,,E","19610505",",,E","19610531",",,E","-1.3",",E,02,","0",",,E,31,+","15.8",",,E,05,","21.4",",E,31,","4847.5","E","264.8",",E","52.4",",,,E","9.79",",E","15.04",",,,E","4.54",",,,E"
"NOE00109514","1961-06","60.1881","11.0742","202.0","GARDERMOEN SOR, NO","1.0","E","1.0",",E","8",",E","5",",E","1",",E","0",",","0",",E","0",",E","0",",E","11",",E","0",",E","19610621","+,,E","19610630","+,,E","19610601",",,E","19610604",",,E","7.0",",E,21,+","0",",,E,30,+","27.9",",,E,01,","26.3",",E,04,","4957.2","E","109.7",",E","71.4",",,,E","14.71",",E","20.16",",,,E","9.25",",,,E"
"NOE00109514","1961-07","60.1881","11.0742","202.0","GARDERMOEN SOR, NO","2.1","E","1.1",",E","17",",E","8",",E","0",",E","0",",","0",",E","0",",E","0",",E","10",",E","0",",E","19610712",",,E","19610731","+,,E","19610726",",,E","19610702",",,E","6.5",",E,12,","0",",,E,31,+","12.4",",,E,26,","24.5",",E,02,","98.3","E","98.3",",E","64.3",",,,E","15.20",",E","19.90",",,,E","10.50",",,,E"
"NOE00109514","1961-08","60.1881","11.0742","202.0","GARDERMOEN SOR, NO","2.1","E","0.0",",E","20",",E","10",",E","0",",E","0",",","0",",E","0",",E","0",",E","3",",E","0",",E","19610804",",,E","19610831","+,,E","19610815",",,E","19610831","+,,E","3.4",",E,04,","0",",,E,31,+","12.9",",,E,15,","21.4",",E,31,+","261.4","E","163.1",",E","59.8",",,,E","13.07",",E","17.79",",,,E","8.35",",,,E"
"NOE00109514","1961-09","60.1881","11.0742","202.0","GARDERMOEN SOR, NO","2.1","E","0.0",",E","15",",E","9",",E","0",",E","0",",","0",",E","1",",E","0",",E","1",",E","0",",E","19610926",",,E","19610930","+,,E","19610928",",,E","19610902",",,E","-0.3",",E,26,","0",",,E,30,+","23.3",",,E,28,","22.4",",E,02,","473.8","E","212.4",",E","114.2",",,,E","11.25",",E","15.79",",,,E","6.71",",,,E"
"NOE00109514","1961-10","60.1881","11.0742","202.0","GARDERMOEN SOR, NO","2.1","E","0.0",",E","21",",E","18",",E","1",",E","0",",","0",",E","2",",E","0",",E","0",",E","0",",E","19611030",",,E","19611031","+,,E","19611028",",,E","19611014",",,E","-4.5",",E,30,","0",",,E,31,+","29.0",",,E,28,","15.5",",E,14,","790.1","E","316.3",",E","209.0",",,,E","8.13",",E","11.12",",,,E","5.14",",,,E"
"NOE00109514","1961-11","60.1881","11.0742","202.0","GARDERMOEN SOR, NO","2.1","E","0.0",",E","15",",E","10",",E","0",",E","5",",","0",",E","23",",E","4",",E","0",",E","0",",E","19611128",",,E","19611130",",,E","19611110",",,E","19611102",",,E","-12.4",",E,28,","170",",,E,30,","24.9",",,E,10,","10.0",",E,02,","1334.2","E","544.1",",E","129.2",",,,E","0.20",",E","3.27",",,,E","-2.87",",,,E"
"NOE00109514","1961-12","60.1881","11.0742","202.0","GARDERMOEN SOR, NO","2.1","E","0.0",",E","10",",E","6",",E","0",",E","31",",","7",",E","31",",E","30",",E","0",",E","0",",E","19611227",",,E","19611231",",,E","19611229",",,E","19611228",",,E","-24.0",",E,27,","600",",,E,31,","20.5",",,E,29,","0.3",",E,28,","2184.5","E","850.3",",E","80.6",",,,E","-9.10",",E","-5.51",",,,E","-12.69",",,,E"
"NOE00109514","1962-01","60.1881","11.0742","202.0","GARDERMOEN SOR, NO","0.0","E","0.0",",E","15",",E","10",",E","1",",E","31",",","4",",E","29",",E","16",",E","0",",E","0",",E","19620130","+,,E","19620117",",,E","19620131",",,E","19620118",",,E","-20.0",",E,30,+","670",",,E,17,","31.8",",,E,31,","4.2",",E,18,","2928.0","E","743.5",",E","118.6",",,,E","-5.65",",E","-2.18",",,,E","-9.12",",,,E"
"NOE00109514","1962-02","60.1881","11.0742","202.0","GARDERMOEN SOR, NO","0.0","E","0.0",",E","10",",E","7",",E","0",",E","28",",","2",",E","28",",E","14",",E","0",",E","0",",E","19620228",",,E","19620206","+,,E","19620211",",,E","19620220",",,E","-18.9",",E,28,","850",",,E,06,+","14.6",",,E,11,","6.0",",E,20,","3546.4","E","618.4",",E","53.1",",,,E","-3.75",",E","0.63",",,,E","-8.13",",,,E"
"NOE00109514","1962-03","60.1881","11.0742","202.0","GARDERMOEN SOR, NO","0.0","E","0.0",",E","10",",E","7",",E","1",",E","31",",","9",",E","31",",E","17",",E","0",",E","0",",E","19620314",",,E","19620331",",,E","19620331",",,E","19620319",",,E","-25.6",",E,14,","900",",,E,31,","31.2",",,E,31,","4.7",",E,19,","4334.1","E","787.7",",E","73.5",",,,E","-7.08",",E","-0.90",",,,E","-13.25",",,,E"
"NOE00109514","1962-04","60.1881","11.0742","202.0","GARDERMOEN SOR, NO","0.0","E","0.0",",E","12",",E","6",",E","0",",E","30",",","0",",E","19",",E","0",",E","0",",E","0",",E","19620401",",,E","19620403","+,,E","19620403",",,E","19620425",",,E","-8.5",",E,01,","1300",",,E,03,+","19.7",",,E,03,","13.3",",E,25,","4799.4","E","465.3",",E","50.9",",,,E","2.82",",E","7.26",",,,E","-1.62",",,,E"
"NOE00109514","1962-05","60.1881","11.0742","202.0","GARDERMOEN SOR, NO","0.0","E","0.0",",E","15",",E","9",",E","0",",E","5",",","0",",E","2",",E","0",",E","0",",E","0",",E","19620504",",,E","19620501",",,E","19620522",",,E","19620527",",,E","-0.7",",E,04,","100",",,E,01,","13.5",",,E,22,","16.6",",E,27,","5137.2","E","337.8",",E","73.0",",,,E","7.44",",E","11.29",",,,E","3.58",",,,E"
"NOE00109514","1962-06","60.1881","11.0742","202.0","GARDERMOEN SOR, NO","0.0","E","0.0",",E","8",",E","4",",E","0",",E","0",",","0",",E","1",",E","0",",E","3",",E","0",",E","19620603",",,E","19620630","+,,E","19620619",",,E","19620607",",,E","-1.2",",E,03,","0",",,E,30,+","11.9",",,E,19,","25.2",",E,07,","5316.4","E","179.2",",E","37.1",",,,E","12.36",",E","17.79",",,,E","6.93",",,,E"
"NOE00109514","1962-07","60.1881","11.0742","202.0","GARDERMOEN SOR, NO","0.0","E","0.0",",E","19",",E","12",",E","0",",E","0",",","0",",E","0",",E","0",",E","5",",E","0",",E","19620725",",,E","19620731","+,,E","19620721",",,E","19620710",",,E","5.8",",E,25,","0",",,E,31,+","20.8",",,E,21,","25.0",",E,10,","129.8","E","129.8",",E","89.9",",,,E","14.15",",E","18.61",",,,E","9.68",",,,E"
"NOE00109514","1962-08","60.1881","11.0742","202.0","GARDERMOEN SOR, NO","0.0","E","0.0",",E","21",",E","19",",E","0",",E","0",",","0",",E","0",",E","0",",E","0",",E","0",",E","19620815",",,E","19620831","+,,E","19620807",",,E","19620820",",,E","2.5",",E,15,","0",",,E,31,+","16.1",",,E,07,","21.0",",E,20,","317.3","E","187.5",",E","171.7",",,,E","12.29",",E","16.35",",,,E","8.22",",,,E"
"NOE00109514","1962-09","60.1881","11.0742","202.0","GARDERMOEN SOR, NO","0.0","E","0.0",",E","14",",E","8",",E","0",",E","0",",","0",",E","2",",E","0",",E","0",",E","0",",E","19620915",",,E","19620930","+,,E","19620903",",,E","19620906",",,E","-1.0",",E,15,","0",",,E,30,+","19.9",",,E,03,","17.2",",E,06,","588.5","E","271.2",",E","97.0",",,,E","9.29",",E","13.28",",,,E","5.30",",,,E"
"NOE00109514","1962-10","60.1881","11.0742","202.0","GARDERMOEN SOR, NO","0.0","E","0.0",",E","12",",E","6",",E","0",",E","0",",","0",",E","12",",E","0",",E","0",",E","0",",E","19621015",",,E","19621030",",,E","19621030",",,E","19621007",",,E","-6.7",",E,15,","20",",,E,30,","20.7",",,E,30,","17.3",",E,07,","971.8","E","383.3",",E","73.2",",,,E","5.97",",E","10.15",",,,E","1.79",",,,E"
"NOE00109514","1962-11","60.1881","11.0742","202.0","GARDERMOEN SOR, NO","0.0","E","0.0",",E","15",",E","10",",E","1",",E","16",",","0",",E","23",",E","14",",E","0",",E","0",",E","19621123",",,E","19621130",",,E","19621104",",,E","19621106",",,E","-15.3",",E,23,","170",",,E,30,","29.8",",,E,04,","6.8",",E,06,","1582.6","E","610.8",",E","92.4",",,,E","-2.03",",E","0.79",",,,E","-4.85",",,,E"
"NOE00109514","1962-12","60.1881","11.0742","202.0","GARDERMOEN SOR, NO","0.0","E","0.0",",E","16",",E","9",",E","0",",E","31",",","8",",E","30",",E","28",",E","0",",E","0",",E","19621231",",,E","19621230",",,E","19621211",",,E","19621209",",,E","-23.5",",E,31,","950",",,E,30,","20.8",",,E,11,","4.4",",E,09,","2434.5","E","851.9",",E","101.7",",,,E","-9.15",",E","-5.40",",,,E","-12.90",",,,E"
"NOE00109514","1963-01","60.1881","11.0742","202.0","GARDERMOEN SOR, NO","0.0","E","0.0",",E","5",",E","0",",E","0",",E","31",",","18",",E","31",",E","29",",E","0",",E","0",",E","19630109",",,E","19630101",",,E","19630118",",,E","19630131","+,,E","-28.4",",E,09,","800",",,E,01,","1.2",",,E,18,","0.3",",E,31,+","3413.2","E","978.7",",E","4.1",",,,E","-13.24",",E","-8.18",",,,E","-18.30",",,,E"
"NOE00109514","1963-02","60.1881","11.0742","202.0","GARDERMOEN SOR, NO","0.0","E","0.0",",E","7",",E","1",",E","0",",E","28",",","14",",E","28",",E","28",",E","0",",E","0",",E","19630219",",,E","19630228","+,,E","19630211",",,E","19630225",",,E","-28.4",",E,19,","520",",,E,28,+","3.4",",,E,11,","-0.5",",E,25,","4289.1","E","875.9",",E","12.7",",,,E","-12.95",",E","-7.67",",,,E","-18.23",",,,E"
"NOE00109514","1963-03","60.1881","11.0742","202.0","GARDERMOEN SOR, NO","0.0","E","0.0",",E","8",",E","6",",E","0",",E","31",",","8",",E","31",",E","18",",E","0",",E","0",",E","19630314",",,E","19630306",",,E","19630329",",,E","19630324",",,E","-23.3",",E,14,","530",",,E,06,","6.6",",,E,29,","10.0",",E,24,","5023.9","E","734.8",",E","24.9",",,,E","-5.37",",E","0.25",",,,E","-10.99",",,,E"
"NOE00109514","1963-04","60.1881","11.0742","202.0","GARDERMOEN SOR, NO","0.0","E","0.0",",E","15",",E","7",",E","1",",E","24",",","0",",E","16",",E","1",",E","0",",E","0",",E","19630401",",,E","19630403",",,E","19630414",",,E","19630426",",,E","-11.7",",E,01,","370",",,E,03,","27.9",",,E,14,","15.7",",E,26,","5484.4","E","460.5",",E","91.2",",,,E","2.98",",E","7.22",",,,E","-1.26",",,,E"
"NOE00109514","1963-05","60.1881","11.0742","202.0","GARDERMOEN SOR, NO","0.0","E","0.0",",E","18",",E","12",",E","1",",E","0",",","0",",E","1",",E","0",",E","7",",E","0",",E","19630501",",,E","19630531","+,,E","19630521",",,E","19630530",",,E","-1.2",",E,01,","0",",,E,31,+","27.1",",,E,21,","23.8",",E,30,","5735.7","E","251.3",",E","135.4",",,,E","10.23",",E","15.01",",,,E","5.44",",,,E"
"NOE00109514","1963-06","60.1881","11.0742","202.0","GARDERMOEN SOR, NO","3.0","E","3.0",",E","12",",E","8",",E","0",",E","0",",","0",",E","0",",E","0",",E","14",",E","0",",E","19630615",",,E","19630630","+,,E","19630623",",,E","19630608",",,E","5.8",",E,15,","0",",,E,30,+","19.0",",,E,23,","27.8",",E,08,","5830.1","E","94.4",",E","90.3",",,,E","15.29",",E","20.61",",,,E","9.96",",,,E"
"NOE00109514","1963-07","60.1881","11.0742","202.0","GARDERMOEN SOR, NO","10.2","E","7.2",",E","13",",E","9",",E","0",",E","0",",","0",",E","0",",E","0",",E","13",",E","0",",E","19630713",",,E","19630731","+,,E","19630716",",,E","19630704",",,E","3.1",",E,13,","0",",,E,31,+","23.9",",,E,16,","28.7",",E,04,","100.2","E","100.2",",E","79.0",",,,E","15.33",",E","20.81",",,,E","9.85",",,,E"
"NOE00109514","1963-08","60.1881","11.0742","202.0","GARDERMOEN SOR, NO","13.5","E","3.3",",E","25",",E","18",",E","1",",E","0",",","0",",E","0",",E","0",",E","7",",E","0",",E","19630830",",,E","19630831","+,,E","19630808",",,E","19630804",",,E","4.9",",E,30,","0",",,E,31,+","28.8",",,E,08,","24.8",",E,04,","216.8","E","116.6",",E","183.4",",,,E","14.68",",E","18.47",",,,E","10.88",",,,E"
"NOE00109514","1963-09","60.1881","11.0742","202.0","GARDERMOEN SOR, NO","13.5","E","0.0",",E","13",",E","9",",E","0",",E","0",",","0",",E","4",",E","0",",E","1",",E","0",",E","19630920",",,E","19630930","+,,E","19630909",",,E","19630916",",,E","-2.2",",E,20,","0",",,E,30,+","19.2",",,E,09,","21.6",",E,16,","463.2","E","246.4",",E","108.4",",,,E","10.12",",E","14.82",",,,E","5.42",",,,E"
"NOE00109514","1963-10","60.1881","11.0742","202.0","GARDERMOEN SOR, NO","13.5","E","0.0",",E","19",",E","8",",E","0",",E","0",",","0",",E","7",",E","0",",E","0",",E","0",",E","19631015",",,E","19631031","+,,E","19631002",",,E","19631001",",,E","-3.8",",E,15,","0",",,E,31,+","19.5",",,E,02,","14.1",",E,01,","856.0","E","392.8",",E","90.1",",,,E","5.66",",E","9.05",",,,E","2.27",",,,E"
"NOE00109514","1963-11","60.1881","11.0742","202.0","GARDERMOEN SOR, NO","13.5","E","0.0",",E","23",",E","17",",E","1",",E","19",",","0",",E","19",",E","9",",E","0",",E","0",",E","19631124",",,E","19631127",",,E","19631112",",,E","19631108",",,E","-15.5",",E,24,","480",",,E,27,","28.5",",,E,12,","7.0",",E,08,","1433.2","E","577.2",",E","160.9",",,,E","-0.91",",E","1.13",",,,E","-2.94",",,,E"
"NOE00109514","1963-12","60.1881","11.0742","202.0","GARDERMOEN SOR, NO","13.5","E","0.0",",E","5",",E","3",",E","0",",E","31",",","4",",E","28",",E","22",",E","0",",E","0",",E","19631222",",,E","19631201",",,E","19631229",",,E","19631227",",,E","-24.4",",E,22,","370",",,E,01,","4.0",",,E,29,","4.4",",E,27,","2219.9","E","786.7",",E","12.1",",,,E","-7.05",",E","-3.65",",,,E","-10.44",",,,E"
"NOE00109514","1964-01","60.1881","11.0742","202.0","GARDERMOEN SOR, NO","0.0","E","0.0",",E","9",",E","1",",E","0",",E","31",",","0",",E","30",",E","18",",E","0",",E","0",",E","19640119",",,E","19640102","+,,E","19640130",",,E","19640121",",,E","-17.0",",E,19,","250",",,E,02,+","10.1",",,E,30,","5.1",",E,21,","2943.5","E","723.6",",E","17.1",",,,E","-5.01",",E","-1.43",",,,E","-8.59",",,,E"
"NOE00109514","1964-02","60.1881","11.0742","202.0","GARDERMOEN SOR, NO","0.0","E","0.0",",E","15",",E","4",",E","0",",E","29",",","1",",E","29",",E","19",",E","0",",E","0",",E","19640219",",,E","19640228",",,E","19640227",",,E","19640208",",,E","-20.2",",E,19,","320",",,E,28,","5.9",",,E,27,","9.3",",E,08,","3622.0","E","678.5",",E","28.3",",,,E","-5.06",",E","-0.97",",,,E","-9.16",",,,E"
"NOE00109514","1964-03","60.1881","11.0742","202.0","GARDERMOEN SOR, NO","0.0","E","0.0",",E","2",",E","0",",E","0",",E","31",",","0",",E","31",",E","4",",E","0",",E","0",",E","19640320",",,E","19640302","+,,E","19640321",",,E","19640309",",,E","-15.1",",E,20,","300",",,E,02,+","1.6",",,E,21,","11.6",",E,09,","4268.7","E","646.7",",E","2.3",",,,E","-2.53",",E","3.31",",,,E","-8.36",",,,E"
"NOE00109514","1964-04","60.1881","11.0742","202.0","GARDERMOEN SOR, NO","0.0","E","0.0",",E","7",",E","2",",E","0",",E","12",",","0",",E","12",",E","0",",E","0",",E","0",",E","19640401",",,E","19640401",",,E","19640429",",,E","19640420",",,E","-8.5",",E,01,","80",",,E,01,","16.0",",,E,29,","18.1",",E,20,","4676.1","E","407.4",",E","26.8",",,,E","4.75",",E","9.66",",,,E","-0.15",",,,E"
"NOE00109514","1964-05","60.1881","11.0742","202.0","GARDERMOEN SOR, NO","0.0","E","0.0",",E","12",",E","6",",E","0",",E","0",",","0",",E","4",",E","0",",E","4",",E","0",",E","19640503",",,E","19640531","+,,E","19640504",",,E","19640529",",,E","-1.1",",E,03,","0",",,E,31,+","19.9",",,E,04,","23.0",",E,29,","4924.4","E","248.3",",E","60.4",",,,E","10.32",",E","16.30",",,,E","4.35",",,,E"
"NOE00109514","1964-06","60.1881","11.0742","202.0","GARDERMOEN SOR, NO","0.0","E","0.0",",E","16",",E","10",",E","1",",E","0",",","0",",E","0",",E","0",",E","5",",E","0",",E","19640602","+,,E","19640630","+,,E","19640619",",,E","19640614",",,E","2.4",",E,02,+","0",",,E,30,+","36.0",",,E,19,","26.7",",E,14,","5082.9","E","158.5",",E","123.4",",,,E","13.05",",E","18.00",",,,E","8.10",",,,E"
"NOE00109514","1964-07","60.1881","11.0742","202.0","GARDERMOEN SOR, NO","0.5","E","0.5",",E","17",",E","12",",E","0",",E","0",",","0",",E","0",",E","0",",E","5",",E","0",",E","19640707",",,E","19640731","+,,E","19640723",",,E","19640718",",,E","1.9",",E,07,","0",",,E,31,+","19.9",",,E,23,","25.7",",E,18,","145.5","E","145.5",",E","93.9",",,,E","13.65",",E","18.50",",,,E","8.81",",,,E"
"NOE00109514","1964-08","60.1881","11.0742","202.0","GARDERMOEN SOR, NO","2.9","E","2.4",",E","13",",E","8",",E","1",",E","0",",","0",",E","0",",E","0",",E","5",",E","0",",E","19640822",",,E","19640831","+,,E","19640829",",,E","19640808",",,E","0.9",",E,22,","0",",,E,31,+","39.1",",,E,29,","26.0",",E,08,","296.0","E","150.5",",E","121.1",",,,E","13.56",",E","18.37",",,,E","8.74",",,,E"
"NOE00109514","1964-09","60.1881","11.0742","202.0","GARDERMOEN SOR, NO","2.9","E","0.0",",E","17",",E","13",",E","0",",E","0",",","0",",E","3",",E","0",",E","0",",E","0",",E","19640913",",,E","19640930","+,,E","19640914",",,E","19640905",",,E","-2.0",",E,13,","0",",,E,30,+","16.3",",,E,14,","19.6",",E,05,","550.0","E","254.0",",E","99.4",",,,E","9.87",",E","14.06",",,,E","5.67",",,,E"
"NOE00109514","1964-10","60.1881","11.0742","202.0","GARDERMOEN SOR, NO","2.9","E","0.0",",E","17",",E","9",",E","1",",E","0",",","0",",E","14",",E","3",",E","0",",E","0",",E","19641026",",,E","19641031","+,,E","19641014",",,E","19641002",",,E","-7.8",",E,26,","0",",,E,31,+","43.2",",,E,14,","15.0",",E,02,","986.8","E","436.8",",E","180.5",",,,E","4.24",",E","7.15",",,,E","1.33",",,,E"
"NOE00109514","1964-11","60.1881","11.0742","202.0","GARDERMOEN SOR, NO","2.9","E","0.0",",E","15",",E","7",",E","0",",E","12",",","0",",E","28",",E","5",",E","0",",E","0",",E","19641107",",,E","19641130",",,E","19641128","+,,E","19641102",",,E","-8.7",",E,07,","140",",,E,30,","8.0",",,E,28,+","6.3",",E,02,","1558.8","E","572.0",",E","45.0",",,,E","-0.73",",E","2.42",",,,E","-3.89",",,,E"
"NOE00109514","1964-12","60.1881","11.0742","202.0","GARDERMOEN SOR, NO","2.9","E","0.0",",E","15",",E","10",",E","0",",E","27",",","3",",E","30",",E","21",",E","0",",E","0",",E","19641227",",,E","19641207",",,E","19641230",",,E","19641209",",,E","-22.6",",E,27,","350",",,E,07,","19.8",",,E,30,","6.3",",E,09,","2313.9","E","755.1",",E","107.2",",,,E","-6.02",",E","-2.86",",,,E","-9.19",",,,E"
"NOE00109514","1965-01","60.1881","11.0742","202.0","GARDERMOEN SOR, NO","0.0","E","0.0",",E","18",",E","12",",E","0",",E","31",",","0",",E","30",",E","20",",E","0",",E","0",",E","19650110","+,,E","19650129",",,E","19650111",",,E","19650112",",,E","-17.6",",E,10,+","380",",,E,29,","14.0",",,E,11,","4.5",",E,12,","3036.5","E","722.6",",E","84.6",",,,E","-4.98",",E","-1.81",",,,E","-8.15",",,,E"
"NOE00109514","1965-02","60.1881","11.0742","202.0","GARDERMOEN SOR, NO","0.0","E","0.0",",E","5",",E","1",",E","0",",E","28",",","1",",E","27",",E","12",",E","0",",E","0",",E","19650217",",,E","19650203","+,,E","19650217",",,E","19650206",",,E","-18.7",",E,17,","300",",,E,03,+","3.9",",,E,17,","9.5",",E,06,","3659.9","E","623.4",",E","9.0",",,,E","-3.93",",E","0.98",",,,E","-8.85",",,,E"
"NOE00109514","1965-03","60.1881","11.0742","202.0","GARDERMOEN SOR, NO","0.0","E","0.0",",E","8",",E","3",",E","0",",E","31",",","2",",E","28",",E","9",",E","0",",E","0",",E","19650303",",,E","19650308","+,,E","19650318",",,E","19650329",",,E","-19.8",",E,03,","250",",,E,08,+","6.5",",,E,18,","14.0",",E,29,","4313.3","E","653.4",",E","19.1",",,,E","-2.75",",E","2.29",",,,E","-7.78",",,,E"
"NOE00109514","1965-04","60.1881","11.0742","202.0","GARDERMOEN SOR, NO","0.0","E","0.0",",E","16",",E","11",",E","0",",E","5",",","0",",E","14",",E","0",",E","0",",E","0",",E","19650409",",,E","19650412",",,E","19650410",",,E","19650430",",,E","-6.6",",E,09,","90",",,E,12,","16.3",",,E,10,","15.8",",E,30,","4745.5","E","432.2",",E","83.8",",,,E","3.93",",E","7.92",",,,E","-0.07",",,,E"
"NOE00109514","1965-05","60.1881","11.0742","202.0","GARDERMOEN SOR, NO","0.0","E","0.0",",E","8",",E","7",",E","0",",E","2",",","0",",E","8",",E","0",",E","0",",E","0",",E","19650504",",,E","19650505",",,E","19650518",",,E","19650526",",,E","-3.3",",E,04,","60",",,E,05,","14.9",",,E,18,","19.5",",E,26,","5065.5","E","320.0",",E","72.8",",,,E","8.01",",E","13.82",",,,E","2.21",",,,E"
"NOE00109514","1965-06","60.1881","11.0742","202.0","GARDERMOEN SOR, NO","0.0","E","0.0",",E","20",",E","13",",E","0",",E","0",",","0",",E","0",",E","0",",E","4",",E","0",",E","19650606",",,E","19650630","+,,E","19650622","+,,E","19650606",",,E","4.2",",E,06,","0",",,E,30,+","17.3",",,E,22,+","23.8",",E,06,","5210.3","E","144.8",",E","125.9",",,,E","13.51",",E","18.03",",,,E","8.98",",,,E"
"NOE00109514","1965-07","60.1881","11.0742","202.0","GARDERMOEN SOR, NO","0.2","E","0.2",",E","14",",E","11",",E","0",",E","0",",","0",",E","0",",E","0",",E","7",",E","0",",E","19650704",",,E","19650731","+,,E","19650724",",,E","19650721",",,E","4.0",",E,04,","0",",,E,31,+","23.3",",,E,24,","26.1",",E,21,","153.1","E","153.1",",E","129.7",",,,E","13.40",",E","18.28",",,,E","8.52",",,,E"
"NOE00109514","1965-08","60.1881","11.0742","202.0","GARDERMOEN SOR, NO","0.2","E","0.0",",E","18",",E","9",",E","1",",E","0",",","0",",E","0",",E","0",",E","1",",E","0",",E","19650827",",,E","19650831","+,,E","19650824",",,E","19650816",",,E","2.1",",E,27,","0",",,E,31,+","31.7",",,E,24,","22.7",",E,16,","323.6","E","170.5",",E","111.6",",,,E","12.83",",E","17.48",",,,E","8.19",",,,E"
"NOE00109514","1965-09","60.1881","11.0742","202.0","GARDERMOEN SOR, NO","0.2","E","0.0",",E","22",",E","13",",E","4",",E","0",",","0",",E","1",",E","0",",E","0",",E","0",",E","19650920",",,E","19650930","+,,E","19650918",",,E","19650902",",,E","-0.2",",E,20,","0",",,E,30,+","36.9",",,E,18,","20.5",",E,02,","546.0","E","222.4",",E","209.7",",,,E","10.92",",E","14.10",",,,E","7.74",",,,E"
"NOE00109514","1965-10","60.1881","11.0742","202.0","GARDERMOEN SOR, NO","0.2","E","0.0",",E","13",",E","3",",E","0",",E","0",",","0",",E","15",",E","1",",E","0",",E","0",",E","19651024",",,E","19651031","+,,E","19651003",",,E","19651007",",,E","-4.3",",E,24,","0",",,E,31,+","5.2",",,E,03,","15.6",",E,07,","948.2","E","402.2",",E","25.8",",,,E","5.36",",E","9.21",",,,E","1.50",",,,E"
"NOE00109514","1965-11","60.1881","11.0742","202.0","GARDERMOEN SOR, NO","0.2","E","0.0",",E","12",",E","5",",E","0",",E","6",",","4",",E","27",",E","19",",E","0",",E","0",",E","19651123",",,E","19651128",",,E","19651126",",,E","19651104",",,E","-23.6",",E,23,","370",",,E,28,","16.3",",,E,26,","7.3",",E,04,","1659.9","E","711.7",",E","52.4",",,,E","-5.39",",E","-2.20",",,,E","-8.58",",,,E"
"NOE00109514","1965-12","60.1881","11.0742","202.0","GARDERMOEN SOR, NO","0.2","E","0.0",",E","17",",E","9",",E","0",",E","31",",","10",",E","31",",E","31",",E","0",",E","0",",E","19651214",",,E","19651226",",,E","19651225",",,E","19651206",",,E","-25.2",",E,14,","820",",,E,26,","17.8",",,E,25,","-0.6",",E,06,","2546.8","E","886.9",",E","91.7",",,,E","-10.28",",E","-6.80",",,,E","-13.75",",,,E"
"NOE00109514","1966-01","60.1881","11.0742","202.0","GARDERMOEN SOR, NO","0.0","E","0.0",",E","14",",E","5",",E","0",",E","31",",","11",",E","31",",E","30",",E","0",",E","0",",E","19660119",",,E","19660104","+,,E","19660129",",,E","19660131",",,E","-30.2",",E,19,","900",",,E,04,+","17.5",",,E,29,","1.3",",E,31,","3503.8","E","957.0",",E","45.7",",,,E","-12.54",",E","-9.13",",,,E","-15.94",",,,E"
"NOE00109514","1966-02","60.1881","11.0742","202.0","GARDERMOEN SOR, NO","0.0","E","0.0",",E","20",",E","13",",E","0",",E","28",",","17",",E","28",",E","26",",E","0",",E","0",",E","19660209",",,E","19660221",",,E","19660214",",,E","19660201",",,E","-35.5",",E,09,","1520",",,E,21,","24.3",",,E,14,","0.9",",E,01,","4403.4","E","899.6",",E","130.1",",,,E","-13.79",",E","-9.92",",,,E","-17.67",",,,E"
"NOE00109514","1966-03","60.1881","11.0742","202.0","GARDERMOEN SOR, NO","0.0","E","0.0",",E","15",",E","10",",E","0",",E","31",",","1",",E","27",",E","10",",E","0",",E","0",",E","19660314",",,E","19660302","+,,E","19660327",",,E","19660308",",,E","-19.8",",E,14,","1340",",,E,02,+","13.2",",,E,27,","9.0",",E,08,","5026.8","E","623.4",",E","64.2",",,,E","-1.78",",E","2.23",",,,E","-5.78",",,,E"
"NOE00109514","1966-04","60.1881","11.0742","202.0","GARDERMOEN SOR, NO","0.0","E","0.0",",E","8",",E","5",",E","0",",E","30",",","0",",E","23",",E","4",",E","0",",E","0",",E","19660418","+,,E","19660404",",,E","19660403",",,E","19660430",",,E","-14.5",",E,18,+","1370",",,E,04,","16.3",",,E,03,","13.4",",E,30,","5589.8","E","563.0",",E","40.9",",,,E","-0.44",",E","4.13",",,,E","-5.00",",,,E"
"NOE00109514","1966-05","60.1881","11.0742","202.0","GARDERMOEN SOR, NO","0.0","E","0.0",",E","12",",E","7",",E","0",",E","11",",","0",",E","5",",E","0",",E","1",",E","0",",E","19660509",",,E","19660501",",,E","19660522",",,E","19660518",",,E","-2.5",",E,09,","440",",,E,01,","21.3",",,E,22,","22.0",",E,18,","5906.3","E","316.5",",E","84.8",",,,E","8.12",",E","13.43",",,,E","2.81",",,,E"
"NOE00109514","1966-06","60.1881","11.0742","202.0","GARDERMOEN SOR, NO","10.9","E","10.9",",E","8",",E","6",",E","0",",E","0",",","0",",E","0",",E","0",",E","15",",E","0",",E","19660603",",,E","19660630","+,,E","19660627",",,E","19660617",",,E","1.8",",E,03,","0",",,E,30,+","9.2",",,E,27,","29.9",",E,17,","5991.9","E","85.6",",E","32.5",",,,E","15.84",",E","21.57",",,,E","10.12",",,,E"
"NOE00109514","1966-07","60.1881","11.0742","202.0","GARDERMOEN SOR, NO","18.1","E","7.2",",E","17",",E","12",",E","0",",E","0",",","0",",E","0",",E","0",",E","13",",E","0",",E","19660731","+,,E","19660731","+,,E","19660711",",,E","19660721",",,E","4.6",",E,31,+","0",",,E,31,+","13.6",",,E,11,","28.8",",E,21,","90.6","E","90.6",",E","85.1",",,,E","15.64",",E","21.12",",,,E","10.16",",,,E"
"NOE00109514","1966-08","60.1881","11.0742","202.0","GARDERMOEN SOR, NO","18.1","E","0.0",",E","17",",E","11",",E","2",",E","0",",","0",",E","0",",E","0",",E","5",",E","0",",E","19660825",",,E","19660831","+,,E","19660802",",,E","19660828",",,E","3.7",",E,25,","0",",,E,31,+","33.3",",,E,02,","24.0",",E,28,","235.8","E","145.2",",E","145.0",",,,E","13.65",",E","18.55",",,,E","8.75",",,,E"
"NOE00109514","1966-09","60.1881","11.0742","202.0","GARDERMOEN SOR, NO","18.1","E","0.0",",E","12",",E","7",",E","0",",E","0",",","0",",E","6",",E","0",",E","0",",E","0",",E","19660927",",,E","19660930","+,,E","19660912",",,E","19660920",",,E","-3.5",",E,27,","0",",,E,30,+","15.9",",,E,12,","20.1",",E,20,","489.8","E","254.0",",E","53.7",",,,E","9.87",",E","14.70",",,,E","5.03",",,,E"
"NOE00109514","1966-10","60.1881","11.0742","202.0","GARDERMOEN SOR, NO","18.1","E","0.0",",E","19",",E","13",",E","1",",E","0",",","0",",E","14",",E","1",",E","0",",E","0",",E","19661029",",,E","19661031","+,,E","19661020",",,E","19661002",",,E","-7.2",",E,29,","0",",,E,31,+","29.0",",,E,20,","13.6",",E,02,","918.6","E","428.8",",E","150.2",",,,E","4.50",",E","7.15",",,,E","1.85",",,,E"
"NOE00109514","1966-11","60.1881","11.0742","202.0","GARDERMOEN SOR, NO","18.1","E","0.0",",E","20",",E","12",",E","1",",E","6",",","0",",E","21",",E","5",",E","0",",E","0",",E","19661120",",,E","19661105",",,E","19661105",",,E","19661114",",,E","-11.0",",E,20,","60",",,E,05,","27.8",",,E,05,","7.9",",E,14,","1463.8","E","545.2",",E","126.9",",,,E","0.16",",E","2.47",",,,E","-2.15",",,,E"
"NOE00109514","1966-12","60.1881","11.0742","202.0","GARDERMOEN SOR, NO","18.1","E","0.0",",E","19",",E","15",",E","1",",E","31",",","1",",E","30",",E","18",",E","0",",E","0",",E","19661227",",,E","19661231","+,,E","19661202",",,E","19661219",",,E","-19.4",",E,27,","650",",,E,31,+","27.0",",,E,02,","4.9",",E,19,","2186.7","E","722.9",",E","169.0",",,,E","-4.99",",E","-2.17",",,,E","-7.80",",,,E"
"NOE00109514","1967-01","60.1881","11.0742","202.0","GARDERMOEN SOR, NO","0.0","E","0.0",",E","14",",E","6",",E","0",",E","31",",","10",",E","31",",E","26",",E","0",",E","0",",E","19670126",",,E","19670131",",,E","19670130",",,E","19670113",",,E","-28.9",",E,26,","920",",,E,31,","12.3",",,E,30,","3.4",",E,13,","3098.8","E","912.1",",E","50.5",",,,E","-11.09",",E","-7.22",",,,E","-14.96",",,,E"
"NOE00109514","1967-02","60.1881","11.0742","202.0","GARDERMOEN SOR, NO","0.0","E","0.0",",E","12",",E","8",",E","0",",E","28",",","2",",E","27",",E","17",",E","0",",E","0",",E","19670214",",,E","19670205","+,,E","19670223",",,E","19670206",",,E","-19.8",",E,14,","970",",,E,05,+","17.2",",,E,23,","5.9",",E,06,","3760.5","E","661.7",",E","69.6",",,,E","-5.30",",E","-2.04",",,,E","-8.56",",,,E"
"NOE00109514","1967-03","60.1881","11.0742","202.0","GARDERMOEN SOR, NO","0.0","E","0.0",",E","12",",E","9",",E","0",",E","31",",","0",",E","22",",E","1",",E","0",",E","0",",E","19670325",",,E","19670301",",,E","19670309",",,E","19670321",",,E","-9.4",",E,25,","850",",,E,01,","12.9",",,E,09,","12.3",",E,21,","4297.6","E","537.1",",E","66.5",",,,E","1.01",",E","4.52",",,,E","-2.50",",,,E"
"NOE00109514","1967-04","60.1881","11.0742","202.0","GARDERMOEN SOR, NO","0.0","E","0.0",",E","10",",E","7",",E","0",",E","10",",","0",",E","17",",E","0",",E","0",",E","0",",E","19670402",",,E","19670403",",,E","19670405",",,E","19670428",",,E","-8.9",",E,02,","270",",,E,03,","17.9",",,E,05,","16.0",",E,28,","4751.1","E","453.5",",E","56.1",",,,E","3.22",",E","7.48",",,,E","-1.05",",,,E"
"NOE00109514","1967-05","60.1881","11.0742","202.0","GARDERMOEN SOR, NO","0.0","E","0.0",",E","20",",E","14",",E","0",",E","3",",","0",",E","4",",E","0",",E","2",",E","0",",E","19670505",",,E","19670501",",,E","19670524",",,E","19670531",",,E","-2.6",",E,05,","90",",,E,01,","13.0",",,E,24,","23.2",",E,31,","5071.3","E","320.2",",E","101.4",",,,E","8.00",",E","11.91",",,,E","4.10",",,,E"
"NOE00109514","1967-06","60.1881","11.0742","202.0","GARDERMOEN SOR, NO","0.0","E","0.0",",E","14",",E","10",",E","0",",E","0",",","0",",E","0",",E","0",",E","8",",E","0",",E","19670609",",,E","19670630","+,,E","19670626",",,E","19670616",",,E","2.9",",E,09,","0",",,E,30,+","12.2",",,E,26,","25.5",",E,16,","5216.9","E","145.6",",E","68.7",",,,E","13.48",",E","19.11",",,,E","7.85",",,,E"
"NOE00109514","1967-07","60.1881","11.0742","202.0","GARDERMOEN SOR, NO","0.0","E","0.0",",E","9",",E","8",",E","0",",E","0",",","0",",E","0",",E","0",",E","9",",E","0",",E","19670705",",,E","19670731","+,,E","19670704",",,E","19670718","+,,E","4.5",",E,05,","0",",,E,31,+","22.8",",,E,04,","23.4",",E,18,+","107.3","E","107.3",",E","67.9",",,,E","14.87",",E","20.14",",,,E","9.61",",,,E"
"NOE00109514","1967-08","60.1881","11.0742","202.0","GARDERMOEN SOR, NO","3.0","E","3.0",",E","12",",E","8",",E","0",",E","0",",","0",",E","0",",E","0",",E","10",",E","0",",E","19670807",",,E","19670831","+,,E","19670829",",,E","19670801",",,E","2.2",",E,07,","0",",,E,31,+","19.2",",,E,29,","23.8",",E,01,","225.6","E","118.3",",E","77.6",",,,E","14.61",",E","19.69",",,,E","9.53",",,,E"
"NOE00109514","1967-09","60.1881","11.0742","202.0","GARDERMOEN SOR, NO","3.0","E","0.0",",E","16",",E","10",",E","0",",E","0",",","0",",E","2",",E","0",",E","1",",E","0",",E","19670924",",,E","19670930","+,,E","19670930",",,E","19670912",",,E","-0.4",",E,24,","0",",,E,30,+","18.7",",,E,30,","21.1",",E,12,","454.8","E","229.2",",E","111.0",",,,E","10.69",",E","15.66",",,,E","5.73",",,,E"
"NOE00109514","1967-10","60.1881","11.0742","202.0","GARDERMOEN SOR, NO","3.0","E","0.0",",E","20",",E","15",",E","1",",E","0",",","0",",E","8",",E","0",",E","0",",E","0",",E","19671017",",,E","19671031","+,,E","19671028",",,E","19671001",",,E","-6.2",",E,17,","0",",,E,31,+","31.2",",,E,28,","14.2",",E,01,","851.1","E","396.3",",E","197.8",",,,E","5.55",",E","8.80",",,,E","2.30",",,,E"
"NOE00109514","1967-11","60.1881","11.0742","202.0","GARDERMOEN SOR, NO","3.0","E","0.0",",E","21",",E","12",",E","0",",E","3",",","0",",E","19",",E","2",",E","0",",E","0",",E","19671117",",,E","19671130",",,E","19671102",",,E","19671122",",,E","-6.1",",E,17,","70",",,E,30,","19.4",",,E,02,","8.8",",E,22,","1351.9","E","500.8",",E","134.6",",,,E","1.64",",E","4.19",",,,E","-0.91",",,,E"
"NOE00109514","1967-12","60.1881","11.0742","202.0","GARDERMOEN SOR, NO","3.0","E","0.0",",E","10",",E","7",",E","1",",E","26",",","5",",E","31",",E","23",",E","0",",E","0",",E","19671227",",,E","19671231",",,E","19671227",",,E","19671202",",,E","-21.7",",E,27,","790",",,E,31,","32.6",",,E,27,","11.0",",E,02,","2127.9","E","776.0",",E","97.2",",,,E","-6.70",",E","-3.04",",,,E","-10.36",",,,E"
"NOE00109514","1968-01","60.1881","11.0742","202.0","GARDERMOEN SOR, NO","0.0","E","0.0",",E","12",",E","9",",E","0",",E","31",",","12",",E","31",",E","24",",E","0",",E","0",",E","19680110",",,E","19680125",",,E","19680117",",,E","19680130",",,E","-26.8",",E,10,","850",",,E,25,","19.8",",,E,17,","4.2",",E,30,","3046.1","E","918.2",",E","78.7",",,,E","-11.29",",E","-6.90",",,,E","-15.67",",,,E"
"NOE00109514","1968-02","60.1881","11.0742","202.0","GARDERMOEN SOR, NO","0.0","E","0.0",",E","10",",E","5",",E","1",",E","29",",","12",",E","29",",E","24",",E","0",",E","0",",E","19680223",",,E","19680209","+,,E","19680207",",,E","19680226",",,E","-29.9",",E,23,","1040",",,E,09,+","28.1",",,E,07,","3.0",",E,26,","3846.0","E","799.9",",E","77.2",",,,E","-9.25",",E","-3.69",",,,E","-14.81",",,,E"
"NOE00109514","1968-03","60.1881","11.0742","202.0","GARDERMOEN SOR, NO","0.0","E","0.0",",E","9",",E","5",",E","0",",E","31",",","0",",E","26",",E","7",",E","0",",E","0",",E","19680316",",,E","19680317",",,E","19680316",",,E","19680328",",,E","-16.0",",E,16,","870",",,E,17,","18.5",",,E,16,","10.8",",E,28,","4452.1","E","606.1",",E","42.3",",,,E","-1.22",",E","3.22",",,,E","-5.66",",,,E"
"NOE00109514","1968-04","60.1881","11.0742","202.0","GARDERMOEN SOR, NO","0.0","E","0.0",",E","7",",E","3",",E","0",",E","13",",","0",",E","18",",E","0",",E","0",",E","0",",E","19680407",",,E","19680404",",,E","19680403",",,E","19680426",",,E","-12.9",",E,07,","300",",,E,04,","8.5",",,E,03,","19.0",",E,26,","4882.2","E","430.1",",E","23.6",",,,E","4.00",",E","10.29",",,,E","-2.30",",,,E"
"NOE00109514","1968-05","60.1881","11.0742","202.0","GARDERMOEN SOR, NO","0.0","E","0.0",",E","11",",E","6",",E","1",",E","0",",","0",",E","8",",E","0",",E","1",",E","0",",E","19680509",",,E","19680531","+,,E","19680510",",,E","19680531",",,E","-3.6",",E,09,","0",",,E,31,+","29.4",",,E,10,","21.7",",E,31,","5213.9","E","331.7",",E","76.1",",,,E","7.63",",E","12.61",",,,E","2.66",",,,E"
"NOE00109514","1968-06","60.1881","11.0742","202.0","GARDERMOEN SOR, NO","5.5","E","5.5",",E","16",",E","12",",E","0",",E","0",",","0",",E","0",",E","0",",E","13",",E","0",",E","19680611",",,E","19680630","+,,E","19680627",",,E","19680615",",,E","2.8",",E,11,","0",",,E,30,+","23.7",",,E,27,","28.1",",E,15,","5323.4","E","109.5",",E","104.9",",,,E","14.87",",E","21.03",",,,E","8.70",",,,E"
"NOE00109514","1968-07","60.1881","11.0742","202.0","GARDERMOEN SOR, NO","11.2","E","5.7",",E","10",",E","7",",E","0",",E","0",",","0",",E","0",",E","0",",E","13",",E","0",",E","19680711",",,E","19680731","+,,E","19680709",",,E","19680703",",,E","3.0",",E,11,","0",",,E,31,+","23.1",",,E,09,","27.9",",E,03,","125.1","E","125.1",",E","79.7",",,,E","14.48",",E","20.16",",,,E","8.80",",,,E"
"NOE00109514","1968-08","60.1881","11.0742","202.0","GARDERMOEN SOR, NO","12.7","E","1.5",",E","6",",E","3",",E","0",",E","0",",","0",",E","0",",E","0",",E","16",",E","0",",E","19680820",",,E","19680831","+,,E","19680831",",,E","19680827",",,E","2.5",",E,20,","0",",,E,31,+","14.6",",,E,31,","27.0",",E,27,","238.6","E","113.5",",E","34.1",",,,E","14.72",",E","21.11",",,,E","8.33",",,,E"
"NOE00109514","1968-09","60.1881","11.0742","202.0","GARDERMOEN SOR, NO","12.7","E","0.0",",E","12",",E","9",",E","0",",E","0",",","0",",E","5",",E","0",",E","6",",E","0",",E","19680926",",,E","19680930","+,,E","19680928",",,E","19680909",",,E","-6.0",",E,26,","0",",,E,30,+","20.0",",,E,28,","24.5",",E,09,","465.6","E","227.0",",E","78.9",",,,E","10.77",",E","15.38",",,,E","6.15",",,,E"
"NOE00109514","1968-10","60.1881","11.0742","202.0","GARDERMOEN SOR, NO","12.7","E","0.0",",E","16",",E","12",",E","1",",E","1",",","0",",E","17",",E","0",",E","0",",E","0",",E","19681009",",,E","19681028",",,E","19681028",",,E","19681022",",,E","-7.0",",E,09,","40",",,E,28,","26.9",",,E,28,","14.8",",E,22,","927.0","E","461.4",",E","135.9",",,,E","3.45",",E","7.28",",,,E","-0.38",",,,E"
"NOE00109514","1968-11","60.1881","11.0742","202.0","GARDERMOEN SOR, NO","12.7","E","0.0",",E","14",",E","7",",E","0",",E","26",",","1",",E","29",",E","22",",E","0",",E","0",",E","19681118",",,E","19681105",",,E","19681123",",,E","19681126",",,E","-20.4",",E,18,","330",",,E,05,","19.1",",,E,23,","5.4",",E,26,","1639.6","E","712.6",",E","72.0",",,,E","-5.42",",E","-2.26",",,,E","-8.59",",,,E"
"NOE00109514","1968-12","60.1881","11.0742","202.0","GARDERMOEN SOR, NO","12.7","E","0.0",",E","18",",E","5",",E","0",",E","13",",","1",",E","31",",E","27",",E","0",",E","0",",E","19681231",",,E","19681231","+,,E","19681223",",,E","19681224","+,,E","-20.2",",E,31,","300",",,E,31,+","6.9",",,E,23,","0.4",",E,24,+","2423.5","E","783.9",",E","34.7",",,,E","-6.95",",E","-4.55",",,,E","-9.36",",,,E"
"NOE00109514","1969-01","60.1881","11.0742","202.0","GARDERMOEN SOR, NO","0.0","E","0.0",",E","26",",E","13",",E","0",",E","31",",","1",",E","31",",E","24",",E","0",",E","0",",E","19690101",",,E","19690122",",,E","19690116",",,E","19690131",",,E","-23.6",",E,01,","1050",",,E,22,","17.8",",,E,16,","1.4",",E,31,","3165.5","E","742.0",",E","156.7",",,,E","-5.60",",E","-3.55",",,,E","-7.65",",,,E"
"NOE00109514","1969-02","60.1881","11.0742","202.0","GARDERMOEN SOR, NO","0.0","E","0.0",",E","13",",E","3",",E","0",",E","28",",","11",",E","28",",E","26",",E","0",",E","0",",E","19690214",",,E","19690221","+,,E","19690208",",,E","19690207",",,E","-27.5",",E,14,","970",",,E,21,+","6.0",",,E,08,","1.6",",E,07,","3989.8","E","824.3",",E","27.7",",,,E","-11.11",",E","-7.22",",,,E","-14.99",",,,E"
"NOE00109514","1969-03","60.1881","11.0742","202.0","GARDERMOEN SOR, NO","0.0","E","0.0",",E","4",",E","3",",E","0",",E","31",",","11",",E","31",",E","14",",E","0",",E","0",",E","19690303",",,E","19690301",",,E","19690331",",,E","19690306",",,E","-22.1",",E,03,","890",",,E,01,","8.9",",,E,31,","7.7",",E,06,","4769.0","E","779.2",",E","18.5",",,,E","-6.80",",E","0.89",",,,E","-14.49",",,,E"
"NOE00109514","1969-04","60.1881","11.0742","202.0","GARDERMOEN SOR, NO","0.0","E","0.0",",E","12",",E","9",",E","0",",E","26",",","0",",E","20",",E","0",",E","0",",E","0",",E","19690412",",,E","19690401",",,E","19690429",",,E","19690406",",,E","-5.4",",E,12,","710",",,E,01,","19.1",",,E,29,","16.6",",E,06,","5231.6","E","462.6",",E","82.5",",,,E","2.91",",E","7.27",",,,E","-1.45",",,,E"
"NOE00109514","1969-05","60.1881","11.0742","202.0","GARDERMOEN SOR, NO","0.0","E","0.0",",E","11",",E","6",",E","0",",E","0",",","0",",E","5",",E","0",",E","3",",E","0",",E","19690505",",,E","19690531","+,,E","19690508",",,E","19690528","+,,E","-2.2",",E,05,","0",",,E,31,+","17.5",",,E,08,","21.4",",E,28,+","5529.2","E","297.6",",E","44.0",",,,E","8.73",",E","14.26",",,,E","3.21",",,,E"
"NOE00109514","1969-06","60.1881","11.0742","202.0","GARDERMOEN SOR, NO","6.8","E","6.8",",E","6",",E","3",",E","0",",E","0",",","0",",E","0",",E","0",",E","23",",E","0",",E","19690606",",,E","19690630","+,,E","19690601",",,E","19690622",",,E","0.3",",E,06,","0",",,E,30,+","17.6",",,E,01,","27.8",",E,22,","5615.2","E","86.0",",E","34.1",",,,E","15.69",",E","22.43",",,,E","8.96",",,,E"
"NOE00109514","1969-07","60.1881","11.0742","202.0","GARDERMOEN SOR, NO","13.4","E","6.6",",E","13",",E","10",",E","0",",E","0",",","0",",E","0",",E","0",",E","17",",E","0",",E","19690719",",,E","19690731","+,,E","19690709",",,E","19690731",",,E","4.9",",E,19,","0",",,E,31,+","19.6",",,E,09,","28.4",",E,31,","81.9","E","81.9",",E","89.8",",,,E","15.91",",E","21.25",",,,E","10.56",",,,E"
"NOE00109514","1969-08","60.1881","11.0742","202.0","GARDERMOEN SOR, NO","23.9","E","10.5",",E","6",",E","4",",E","0",",E","0",",","0",",E","0",",E","0",",E","21",",E","0",",E","19690831",",,E","19690831","+,,E","19690822",",,E","19690801",",,E","5.0",",E,31,","0",",,E,31,+","17.9",",,E,22,","29.0",",E,01,","154.7","E","72.8",",E","52.1",",,,E","16.32",",E","23.14",",,,E","9.51",",,,E"
"NOE00109514","1969-09","60.1881","11.0742","202.0","GARDERMOEN SOR, NO","23.9","E","0.0",",E","14",",E","10",",E","0",",E","0",",","0",",E","2",",E","0",",E","0",",E","0",",E","19690918",",,E","19690930","+,,E","19690928",",,E","19690908",",,E","-1.2",",E,18,","0",",,E,30,+","24.7",",,E,28,","20.4",",E,08,","393.1","E","238.4",",E","112.0",",,,E","10.39",",E","15.62",",,,E","5.16",",,,E"
"NOE00109514","1969-10","60.1881","11.0742","202.0","GARDERMOEN SOR, NO","23.9","E","0.0",",E","8",",E","3",",E","0",",E","0",",","0",",E","7",",E","0",",E","0",",E","0",",E","19691003",",,E","19691031","+,,E","19691024",",,E","19691009",",,E","-5.0",",E,03,","0",",,E,31,+","18.3",",,E,24,","20.3",",E,09,","775.2","E","382.1",",E","35.7",",,,E","6.01",",E","9.50",",,,E","2.51",",,,E"
"NOE00109514","1969-11","60.1881","11.0742","202.0","GARDERMOEN SOR, NO","23.9","E","0.0",",E","15",",E","9",",E","0",",E","18",",","3",",E","28",",E","13",",E","0",",E","0",",E","19691127",",,E","19691112",",,E","19691110",",,E","19691101",",,E","-22.1",",E,27,","90",",,E,12,","19.7",",,E,10,","7.8",",E,01,","1474.1","E","698.9",",E","90.6",",,,E","-4.97",",E","-0.53",",,,E","-9.40",",,,E"
"NOE00109514","1969-12","60.1881","11.0742","202.0","GARDERMOEN SOR, NO","23.9","E","0.0",",E","17",",E","6",",E","0",",E","30",",","5",",E","30",",E","25",",E","0",",E","0",",E","19691221",",,E","19691229","+,,E","19691207",",,E","19691210",",,E","-21.6",",E,21,","160",",,E,29,+","7.8",",,E,07,","2.8",",E,10,","2277.7","E","803.6",",E","41.6",",,,E","-7.59",",E","-4.73",",,,E","-10.45",",,,E"
"NOE00109514","1970-01","60.1881","11.0742","202.0","GARDERMOEN SOR, NO","0.0","E","0.0",",E","16",",E","4",",E","0",",E","31",",","11",",E","31",",E","31",",E","0",",E","0",",E","19700107",",,E","19700129","+,,E","19700112",",,E","19700113",",,E","-29.7",",E,07,","480",",,E,29,+","15.7",",,E,12,","-2.3",",E,13,","3210.6","E","932.9",",E","39.7",",,,E","-11.76",",E","-8.76",",,,E","-14.76",",,,E"
"NOE00109514","1970-02","60.1881","11.0742","202.0","GARDERMOEN SOR, NO","0.0","E","0.0",",E","11",",E","5",",E","0",",E","28",",","16",",E","28",",E","28",",E","0",",E","0",",E","19700216",",,E","19700225","+,,E","19700221",",,E","19700228",",,E","-30.4",",E,16,","620",",,E,25,+","5.8",",,E,21,","-3.4",",E,28,","4120.4","E","909.8",",E","28.8",",,,E","-14.16",",E","-9.04",",,,E","-19.29",",,,E"
"NOE00109514","1970-03","60.1881","11.0742","202.0","GARDERMOEN SOR, NO","0.0","E","0.0",",E","11",",E","6",",E","0",",E","31",",","0",",E","31",",E","15",",E","0",",E","0",",E","19700302",",,E","19700311",",,E","19700326",",,E","19700317",",,E","-16.7",",E,02,","750",",,E,11,","19.0",",,E,26,","7.6",",E,17,","4795.6","E","675.2",",E","49.7",",,,E","-3.45",",E","1.36",",,,E","-8.26",",,,E"
"NOE00109514","1970-04","60.1881","11.0742","202.0","GARDERMOEN SOR, NO","0.0","E","0.0",",E","16",",E","10",",E","0",",E","27",",","0",",E","22",",E","0",",E","0",",E","0",",E","19700403",",,E","19700409",",,E","19700423",",,E","19700430",",,E","-11.4",",E,03,","670",",,E,09,","11.9",",,E,23,","9.8",",E,30,","5322.0","E","526.4",",E","77.7",",,,E","0.79",",E","4.86",",,,E","-3.28",",,,E"
"NOE00109514","1970-05","60.1881","11.0742","202.0","GARDERMOEN SOR, NO","0.0","E","0.0",",E","8",",E","3",",E","0",",E","0",",","0",",E","5",",E","0",",E","2",",E","0",",E","19700506",",,E","19700531","+,,E","19700521",",,E","19700514",",,E","-2.5",",E,06,","0",",,E,31,+","5.0",",,E,21,","21.2",",E,14,","5599.0","E","277.0",",E","17.5",",,,E","9.40",",E","15.91",",,,E","2.88",",,,E"
"NOE00109514","1970-06","60.1881","11.0742","202.0","GARDERMOEN SOR, NO","17.8","E","17.8",",E","7",",E","5",",E","1",",E","0",",","0",",E","0",",E","0",",E","22",",E","1",",E","19700614",",,E","19700630","+,,E","19700629",",,E","19700619",",,E","4.1",",E,14,","0",",,E,30,+","29.8",",,E,29,","32.3",",E,19,","5677.1","E","78.1",",E","65.6",",,,E","16.32",",E","23.63",",,,E","9.01",",,,E"
"NOE00109514","1970-07","60.1881","11.0742","202.0","GARDERMOEN SOR, NO","17.8","E","0.0",",E","22",",E","15",",E","0",",E","0",",","0",",E","0",",E","0",",E","2",",E","0",",E","19700711","+,,E","19700731","+,,E","19700725",",,E","19700709",",,E","4.6",",E,11,+","0",",,E,31,+","17.0",",,E,25,","27.0",",E,09,","149.9","E","149.9",",E","133.9",",,,E","13.50",",E","17.85",",,,E","9.14",",,,E"
"NOE00109514","1970-08","60.1881","11.0742","202.0","GARDERMOEN SOR, NO","17.8","E","0.0",",E","9",",E","5",",E","1",",E","0",",","0",",E","0",",E","0",",E","10",",E","0",",E","19700813",",,E","19700831","+,,E","19700818",",,E","19700806",",,E","3.0",",E,13,","0",",,E,31,+","40.6",",,E,18,","25.0",",E,06,","267.0","E","117.1",",E","71.2",",,,E","14.55",",E","20.13",",,,E","8.98",",,,E"
"NOE00109514","1970-09","60.1881","11.0742","202.0","GARDERMOEN SOR, NO","17.8","E","0.0",",E","15",",E","9",",E","0",",E","0",",","0",",E","4",",E","0",",E","0",",E","0",",E","19700926",",,E","19700930","+,,E","19700910",",,E","19700918",",,E","-4.4",",E,26,","0",",,E,30,+","18.2",",,E,10,","19.7",",E,18,","539.0","E","272.0",",E","88.9",",,,E","9.27",",E","13.70",",,,E","4.84",",,,E"
"NOE00109514","1970-10","60.1881","11.0742","202.0","GARDERMOEN SOR, NO","17.8","E","0.0",",E","16",",E","11",",E","0",",E","3",",","0",",E","10",",E","1",",E","0",",E","0",",E","19701029",",,E","19701030",",,E","19701029",",,E","19701011",",,E","-9.6",",E,29,","220",",,E,30,","14.0",",,E,29,","14.2",",E,11,","954.1","E","415.1",",E","98.9",",,,E","4.94",",E","8.11",",,,E","1.77",",,,E"
"NOE00109514","1970-11","60.1881","11.0742","202.0","GARDERMOEN SOR, NO","17.8","E","0.0",",E","22",",E","16",",E","2",",E","30",",","1",",E","26",",E","16",",E","0",",E","0",",E","19701111",",,E","19701116",",,E","19701119",",,E","19701125",",,E","-20.7",",E,11,","710",",,E,16,","46.3",",,E,19,","6.0",",E,25,","1609.8","E","655.7",",E","200.4",",,,E","-3.53",",E","-0.40",",,,E","-6.65",",,,E"
"NOE00109514","1970-12","60.1881","11.0742","202.0","GARDERMOEN SOR, NO","17.8","E","0.0",",E","9",",E","2",",E","0",",E","31",",","0",",E","31",",E","18",",E","0",",E","0",",E","19701231",",,E","19701206","+,,E","19701204",",,E","19701209",",,E","-17.0",",E,31,","260",",,E,06,+","5.3",",,E,04,","8.0",",E,09,","2301.2","E","691.4",",E","20.1",",,,E","-3.97",",E","-0.19",",,,E","-7.75",",,,E"
"NOE00109514","1971-01","60.1881","11.0742","202.0","GARDERMOEN SOR, NO","0.0","E","0.0",",E","15",",E","9",",E","0",",E","21",",","3",",E","29",",E","17",",E","0",",E","0",",E","19710106",",,E","19710108",",,E","19710124",",,E","19710109",",,E","-21.9",",E,06,","170",",,E,08,","13.8",",,E,24,","4.7",",E,09,","3022.7","E","721.5",",E","80.4",",,,E","-4.94",",E","-2.07",",,,E","-7.82",",,,E"
"NOE00109514","1971-02","60.1881","11.0742","202.0","GARDERMOEN SOR, NO","0.0","E","0.0",",E","12",",E","5",",E","0",",E","28",",","0",",E","26",",E","9",",E","0",",E","0",",E","19710202",",,E","19710222",",,E","19710217",",,E","19710204",",,E","-15.7",",E,02,","430",",,E,22,","18.1",",,E,17,","8.6",",E,04,","3607.0","E","584.3",",E","63.2",",,,E","-2.54",",E","1.05",",,,E","-6.12",",,,E"
"NOE00109514","1971-03","60.1881","11.0742","202.0","GARDERMOEN SOR, NO","0.0","E","0.0",",E","18",",E","11",",E","0",",E","31",",","4",",E","31",",E","10",",E","0",",E","0",",E","19710304",",,E","19710316",",,E","19710315",",,E","19710326",",,E","-23.7",",E,04,","650",",,E,16,","15.7",",,E,15,","8.7",",E,26,","4300.3","E","693.3",",E","79.8",",,,E","-4.03",",E","0.78",",,,E","-8.85",",,,E"
"NOE00109514","1971-04","60.1881","11.0742","202.0","GARDERMOEN SOR, NO","0.0","E","0.0",",E","9",",E","4",",E","0",",E","12",",","0",",E","20",",E","0",",E","0",",E","0",",E","19710405",",,E","19710401",",,E","19710401",",,E","19710422","+,,E","-8.8",",E,05,","360",",,E,01,","14.2",",,E,01,","12.4",",E,22,+","4765.3","E","465.0",",E","32.2",",,,E","2.83",",E","7.40",",,,E","-1.74",",,,E"
"NOE00109514","1971-05","60.1881","11.0742","202.0","GARDERMOEN SOR, NO","0.3","E","0.3",",E","9",",E","8",",E","0",",E","0",",","0",",E","5",",E","0",",E","4",",E","0",",E","19710501",",,E","19710531","+,,E","19710517",",,E","19710531",",,E","-5.4",",E,01,","0",",,E,31,+","13.9",",,E,17,","25.4",",E,31,","5026.5","E","261.2",",E","71.2",",,,E","9.91",",E","16.06",",,,E","3.77",",,,E"
"NOE00109514","1971-06","60.1881","11.0742","202.0","GARDERMOEN SOR, NO","0.3","E","0.0",",E","11",",E","7",",E","0",",E","0",",","0",",E","0",",E","0",",E","6",",E","0",",E","19710616",",,E","19710630","+,,E","19710627",",,E","19710602",",,E","0.4",",E,16,","0",",,E,30,+","22.7",",,E,27,","25.1",",E,02,","5208.9","E","182.4",",E","71.6",",,,E","12.25",",E","18.30",",,,E","6.21",",,,E"
"NOE00109514","1971-07","60.1881","11.0742","202.0","GARDERMOEN SOR, NO","7.3","E","7.0",",E","12",",E","6",",E","2",",E","0",",","0",",E","0",",E","0",",E","13",",E","0",",E","19710723",",,E","19710731","+,,E","19710724",",,E","19710708",",,E","2.6",",E,23,","0",",,E,31,+","37.5",",,E,24,","27.9",",E,08,","100.8","E","100.8",",E","120.1",",,,E","15.31",",E","20.81",",,,E","9.81",",,,E"
"NOE00109514","1971-08","60.1881","11.0742","202.0","GARDERMOEN SOR, NO","7.3","E","0.0",",E","9",",E","5",",E","0",",E","0",",","0",",E","0",",E","0",",E","4",",E","0",",E","19710827",",,E","19710831","+,,E","19710804",",,E","19710821",",,E","1.7",",E,27,","0",",,E,31,+","13.8",",,E,04,","22.7",",E,21,","254.5","E","153.7",",E","33.7",",,,E","13.37",",E","19.11",",,,E","7.64",",,,E"
"NOE00109514","1971-09","60.1881","11.0742","202.0","GARDERMOEN SOR, NO","7.3","E","0.0",",E","7",",E","5",",E","0",",E","0",",","0",",E","6",",E","0",",E","1",",E","0",",E","19710916",",,E","19710930","+,,E","19710901",",,E","19710908",",,E","-3.6",",E,16,","0",",,E,30,+","25.2",",,E,01,","22.3",",E,08,","520.9","E","266.4",",E","66.6",",,,E","9.45",",E","14.73",",,,E","4.18",",,,E"
"NOE00109514","1971-10","60.1881","11.0742","202.0","GARDERMOEN SOR, NO","7.3","E","0.0",",E","12",",E","4",",E","0",",E","0",",","0",",E","13",",E","0",",E","0",",E","0",",E","19711015",",,E","19711031","+,,E","19711019",",,E","19711007",",,E","-9.0",",E,15,","0",",,E,31,+","13.7",",,E,19,","18.6",",E,07,","920.3","E","399.4",",E","42.6",",,,E","5.45",",E","9.95",",,,E","0.95",",,,E"
"NOE00109514","1971-11","60.1881","11.0742","202.0","GARDERMOEN SOR, NO","7.3","E","0.0",",E","14",",E","9",",E","0",",E","25",",","2",",E","27",",E","15",",E","0",",E","0",",E","19711119",",,E","19711126","+,,E","19711106",",,E","19711102",",,E","-22.8",",E,19,","390",",,E,26,+","13.5",",,E,06,","11.6",",E,02,","1579.9","E","659.6",",E","84.5",",,,E","-3.65",",E","0.46",",,,E","-7.77",",,,E"
"NOE00109514","1971-12","60.1881","11.0742","202.0","GARDERMOEN SOR, NO","7.3","E","0.0",",E","9",",E","6",",E","0",",E","31",",","0",",E","31",",E","10",",E","0",",E","0",",E","19711213",",,E","19711201",",,E","19711219",",,E","19711216",",,E","-15.4",",E,13,","200",",,E,01,","10.6",",,E,19,","8.8",",E,16,","2223.8","E","643.9",",E","30.5",",,,E","-2.44",",E","1.60",",,,E","-6.48",",,,E"
"NOE00109514","1972-01","60.1881","11.0742","202.0","GARDERMOEN SOR, NO","0.0","E","0.0",",E","17",",E","5",",E","0",",E","31",",","3",",E","31",",E","29",",E","0",",E","0",",E","19720129",",,E","19720131",",,E","19720131",",,E","19720124",",,E","-20.6",",E,29,","280",",,E,31,","9.4",",,E,31,","1.5",",E,24,","3082.2","E","858.4",",E","41.3",",,,E","-9.36",",E","-6.51",",,,E","-12.21",",,,E"
"NOE00109514","1972-02","60.1881","11.0742","202.0","GARDERMOEN SOR, NO","0.0","E","0.0",",E","15",",E","5",",E","0",",E","29",",","0",",E","29",",E","25",",E","0",",E","0",",E","19720209",",,E","19720206","+,,E","19720212",",,E","19720224",",,E","-17.6",",E,09,","490",",,E,06,+","13.7",",,E,12,","1.8",",E,24,","3779.5","E","697.3",",E","43.9",",,,E","-5.71",",E","-2.61",",,,E","-8.81",",,,E"
"NOE00109514","1972-03","60.1881","11.0742","202.0","GARDERMOEN SOR, NO","0.0","E","0.0",",E","13",",E","8",",E","0",",E","31",",","1",",E","30",",E","10",",E","0",",E","0",",E","19720311",",,E","19720311","+,,E","19720326",",,E","19720322",",,E","-22.7",",E,11,","700",",,E,11,+","11.6",",,E,26,","12.8",",E,22,","4396.3","E","616.8",",E","64.1",",,,E","-1.56",",E","2.35",",,,E","-5.48",",,,E"
"NOE00109514","1972-04","60.1881","11.0742","202.0","GARDERMOEN SOR, NO","0.0","E","0.0",",E","12",",E","8",",E","0",",E","18",",","0",",E","16",",E","0",",E","0",",E","0",",E","19720402",",,E","19720403",",,E","19720402",",,E","19720425",",,E","-8.4",",E,02,","460",",,E,03,","16.6",",,E,02,","14.9",",E,25,","4854.6","E","458.3",",E","76.2",",,,E","3.06",",E","6.98",",,,E","-0.86",",,,E"
"NOE00109514","1972-05","60.1881","11.0742","202.0","GARDERMOEN SOR, NO","0.0","E","0.0",",E","12",",E","10",",E","0",",E","0",",","0",",E","3",",E","0",",E","0",",E","0",",E","19720514",",,E","19720531","+,,E","19720518",",,E","19720524","+,,E","-2.2",",E,14,","0",",,E,31,+","15.9",",,E,18,","20.5",",E,24,+","5121.1","E","266.5",",E","90.2",",,,E","9.74",",E","15.22",",,,E","4.26",",,,E"
"NOE00109514","1972-06","60.1881","11.0742","202.0","GARDERMOEN SOR, NO","6.1","E","6.1",",E","20",",E","14",",E","0",",E","0",",","0",",E","0",",E","0",",E","7",",E","0",",E","19720624",",,E","19720630","+,,E","19720618",",,E","19720630",",,E","4.4",",E,24,","0",",,E,30,+","19.3",",,E,18,","26.5",",E,30,","5275.4","E","154.3",",E","109.3",",,,E","13.39",",E","18.13",",,,E","8.65",",,,E"
"NOE00109514","1972-07","60.1881","11.0742","202.0","GARDERMOEN SOR, NO","15.9","E","9.8",",E","12",",E","8",",E","0",",E","0",",","0",",E","0",",E","0",",E","20",",E","0",",E","19720704",",,E","19720731","+,,E","19720731",",,E","19720718",",,E","4.7",",E,04,","0",",,E,31,+","20.1",",,E,31,","28.6",",E,18,","62.2","E","62.2",",E","76.8",",,,E","16.64",",E","22.66",",,,E","10.62",",,,E"
"NOE00109514","1972-08","60.1881","11.0742","202.0","GARDERMOEN SOR, NO","15.9","E","0.0",",E","15",",E","9",",E","1",",E","0",",","0",",E","0",",E","0",",E","3",",E","0",",E","19720813",",,E","19720831","+,,E","19720808",",,E","19720802",",,E","1.4",",E,13,","0",",,E,31,+","39.9",",,E,08,","22.0",",E,02,","219.9","E","157.7",",E","121.5",",,,E","13.25",",E","18.45",",,,E","8.04",",,,E"
"NOE00109514","1972-09","60.1881","11.0742","202.0","GARDERMOEN SOR, NO","15.9","E","0.0",",E","6",",E","3",",E","1",",E","0",",","0",",E","8",",E","0",",E","0",",E","0",",E","19720930",",,E","19720930","+,,E","19720909",",,E","19720903","+,,E","-5.4",",E,30,","0",",,E,30,+","26.8",",,E,09,","20.0",",E,03,+","508.9","E","289.0",",E","37.1",",,,E","8.70",",E","14.17",",,,E","3.23",",,,E"
"NOE00109514","1972-10","60.1881","11.0742","202.0","GARDERMOEN SOR, NO","15.9","E","0.0",",E","10",",E","2",",E","0",",E","2",",","0",",E","13",",E","0",",E","0",",E","0",",E","19721022",",,E","19721023",",,E","19721022",",,E","19721005",",,E","-7.3",",E,22,","60",",,E,23,","7.4",",,E,22,","20.1",",E,05,","918.3","E","409.4",",E","20.7",",,,E","5.13",",E","9.23",",,,E","1.03",",,,E"
"NOE00109514","1972-11","60.1881","11.0742","202.0","GARDERMOEN SOR, NO","15.9","E","0.0",",E","11",",E","4",",E","0",",E","7",",","0",",E","26",",E","9",",E","0",",E","0",",E","19721126","+,,E","19721128","+,,E","19721130",",,E","19721110",",,E","-14.8",",E,26,+","50",",,E,28,+","9.4",",,E,30,","8.8",",E,10,","1505.4","E","587.1",",E","29.1",",,,E","-1.24",",E","2.04",",,,E","-4.51",",,,E"
"NOE00109514","1972-12","60.1881","11.0742","202.0","GARDERMOEN SOR, NO","15.9","E","0.0",",E","16",",E","9",",E","0",",E","2",",","0",",E","24",",E","7",",E","0",",E","0",",E","19721226",",,E","19721212",",,E","19721201",",,E","19721203","+,,E","-11.9",",E,26,","60",",,E,12,","15.4",",,E,01,","7.0",",E,03,+","2086.6","E","581.2",",E","76.9",",,,E","-0.42",",E","2.20",",,,E","-3.03",",,,E"
"NOE00109514","1973-01","60.1881","11.0742","202.0","GARDERMOEN SOR, NO","0.0","E","0.0",",E","15",",E","6",",E","0",",E","16",",","0",",E","27",",E","16",",E","0",",E","0",",E","19730118",",,E","19730123",",,E","19730120",",,E","19730105",",,E","-12.4",",E,18,","350",",,E,23,","8.4",",,E,20,","10.8",",E,05,","2718.7","E","632.1",",E","43.2",",,,E","-2.06",",E","0.40",",,,E","-4.52",",,,E"
"NOE00109514","1973-02","60.1881","11.0742","202.0","GARDERMOEN SOR, NO","0.0","E","0.0",",E","9",",E","4",",E","0",",E","28",",","0",",E","27",",E","12",",E","0",",E","0",",E","19730227",",,E","19730219","+,,E","19730210",",,E","19730221",",,E","-17.5",",E,27,","440",",,E,19,+","18.9",",,E,10,","9.7",",E,21,","3320.3","E","601.6",",E","52.3",",,,E","-3.15",",E","1.20",",,,E","-7.51",",,,E"
"NOE00109514","1973-03","60.1881","11.0742","202.0","GARDERMOEN SOR, NO","0.0","E","0.0",",E","7",",E","1",",E","0",",E","23",",","0",",E","24",",E","0",",E","0",",E","0",",E","19730307",",,E","19730303","+,,E","19730304",",,E","19730323",",,E","-12.8",",E,07,","380",",,E,03,+","4.1",",,E,04,","13.2",",E,23,","3846.7","E","526.4",",E","9.0",",,,E","1.35",",E","6.27",",,,E","-3.56",",,,E"
"NOE00109514","1973-04","60.1881","11.0742","202.0","GARDERMOEN SOR, NO","0.0","E","0.0",",E","12",",E","3",",E","0",",E","3",",","0",",E","21",",E","0",",E","0",",E","0",",E","19730406",",,E","19730405",",,E","19730404",",,E","19730422",",,E","-6.9",",E,06,","190",",,E,05,","14.9",",,E,04,","15.5",",E,22,","4314.4","E","467.7",",E","42.5",",,,E","2.74",",E","7.36",",,,E","-1.87",",,,E"
"NOE00109514","1973-05","60.1881","11.0742","202.0","GARDERMOEN SOR, NO","0.0","E","0.0",",E","15",",E","10",",E","1",",E","0",",","0",",E","4",",E","0",",E","2",",E","0",",E","19730503",",,E","19730531","+,,E","19730531",",,E","19730531",",,E","-3.0",",E,03,","0",",,E,31,+","34.1",",,E,31,","21.4",",E,31,","4598.1","E","283.7",",E","112.9",",,,E","9.18",",E","14.03",",,,E","4.34",",,,E"
"NOE00109514","1973-06","60.1881","11.0742","202.0","GARDERMOEN SOR, NO","0.0","E","0.0",",E","5",",E","3",",E","0",",E","0",",","0",",E","0",",E","0",",E","16",",E","0",",E","19730602",",,E","19730630","+,,E","19730602",",,E","19730621",",,E","1.0",",E,02,","0",",,E,30,+","7.8",",,E,02,","27.3",",E,21,","4721.9","E","123.8",",E","16.4",",,,E","14.21",",E","20.90",",,,E","7.52",",,,E"
"NOE00109514","1973-07","60.1881","11.0742","202.0","GARDERMOEN SOR, NO","6.9","E","6.9",",E","17",",E","9",",E","1",",E","0",",","0",",E","0",",E","0",",E","20",",E","0",",E","19730729",",,E","19730731","+,,E","19730708",",,E","19730707",",,E","7.8",",E,29,","0",",,E,31,+","41.6",",,E,08,","29.3",",E,07,","41.6","E","41.6",",E","123.3",",,,E","17.21",",E","23.09",",,,E","11.34",",,,E"
"NOE00109514","1973-08","60.1881","11.0742","202.0","GARDERMOEN SOR, NO","7.5","E","0.6",",E","8",",E","6",",E","0",",E","0",",","0",",E","2",",E","0",",E","9",",E","0",",E","19730826",",,E","19730831","+,,E","19730806",",,E","19730815",",,E","-1.2",",E,26,","0",",,E,31,+","16.8",",,E,06,","26.4",",E,15,","197.1","E","155.5",",E","69.2",",,,E","13.33",",E","19.54",",,,E","7.13",",,,E"
"NOE00109514","1973-09","60.1881","11.0742","202.0","GARDERMOEN SOR, NO","7.5","E","0.0",",E","10",",E","6",",E","0",",E","0",",","0",",E","2",",E","0",",E","0",",E","0",",E","19730913",",,E","19730930","+,,E","19730928",",,E","19730915",",,E","-2.3",",E,13,","0",",,E,30,+","22.0",",,E,28,","19.3",",E,15,","487.8","E","290.7",",E","79.7",",,,E","8.64",",E","13.22",",,,E","4.07",",,,E"
"NOE00109514","1973-10","60.1881","11.0742","202.0","GARDERMOEN SOR, NO","7.5","E","0.0",",E","9",",E","1",",E","0",",E","3",",","0",",E","21",",E","1",",E","0",",E","0",",E","19731023",",,E","19731010",",,E","19731009",",,E","19731002",",,E","-14.2",",E,23,","40",",,E,10,","6.3",",,E,09,","18.8",",E,02,","1006.9","E","519.1",",E","13.2",",,,E","1.59",",E","6.85",",,,E","-3.68",",,,E"
"NOE00109514","1973-11","60.1881","11.0742","202.0","GARDERMOEN SOR, NO","7.5","E","0.0",",E","9",",E","5",",E","0",",E","18",",","2",",E","27",",E","16",",E","0",",E","0",",E","19731130",",,E","19731121","+,,E","19731122",",,E","19731109",",,E","-19.2",",E,30,","190",",,E,21,+","10.7",",,E,22,","8.8",",E,09,","1656.4","E","649.5",",E","40.6",",,,E","-3.32",",E","0.86",",,,E","-7.50",",,,E"
"NOE00109514","1973-12","60.1881","11.0742","202.0","GARDERMOEN SOR, NO","7.5","E","0.0",",E","15",",E","9",",E","0",",E","31",",","5",",E","31",",E","20",",E","0",",E","0",",E","19731209",",,E","19731221",",,E","19731206",",,E","19731230","+,,E","-23.2",",E,09,","570",",,E,21,","14.5",",,E,06,","4.5",",E,30,+","2411.5","E","755.1",",E","71.4",",,,E","-6.02",",E","-1.73",",,,E","-10.32",",,,E"
"NOE00109514","1974-01","60.1881","11.0742","202.0","GARDERMOEN SOR, NO","0.0","E","0.0",",E","18",",E","8",",E","0",",E","31",",","0",",E","27",",E","12",",E","0",",E","0",",E","19740123",",,E","19740125","+,,E","19740113",",,E","19740119",",,E","-13.3",",E,23,","520",",,E,25,+","17.0",",,E,13,","5.0",",E,19,","3046.7","E","635.2",",E","80.9",",,,E","-2.16",",E","0.37",",,,E","-4.69",",,,E"
"NOE00109514","1974-02","60.1881","11.0742","202.0","GARDERMOEN SOR, NO","0.0","E","0.0",",E","11",",E","8",",E","0",",E","28",",","0",",E","26",",E","8",",E","0",",E","0",",E","19740209",",,E","19740210","+,,E","19740211",",,E","19740213","+,,E","-15.9",",E,09,","460",",,E,10,+","19.9",",,E,11,","5.0",",E,13,+","3603.4","E","556.7",",E","54.1",",,,E","-1.55",",E","1.09",",,,E","-4.19",",,,E"
"NOE00109514","1974-03","60.1881","11.0742","202.0","GARDERMOEN SOR, NO","0.0","E","0.0",",E","6",",E","4",",E","0",",E","31",",","0",",E","31",",E","4",",E","0",",E","0",",E","19740312",",,E","19740322",",,E","19740320",",,E","19740329",",,E","-12.2",",E,12,","410",",,E,22,","12.1",",,E,20,","13.9",",E,29,","4193.5","E","590.1",",E","36.5",",,,E","-0.70",",E","4.29",",,,E","-5.69",",,,E"
"NOE00109514","1974-04","60.1881","11.0742","202.0","GARDERMOEN SOR, NO","0.0","E","0.0",",E","0",",E","0",",E","0",",E","5",",","0",",E","17",",E","0",",E","0",",E","0",",E","19740412",",,E","19740402","+,,E","19740430","+,,E","19740407",",,E","-8.2",",E,12,","250",",,E,02,+","0.0",",,E,30,+","17.5",",E,07,","4576.2","E","382.7",",E","0.0",",,,E","5.58",",E","12.28",",,,E","-1.13",",,,E"
"NOE00109514","1974-05","60.1881","11.0742","202.0","GARDERMOEN SOR, NO","0.0","E","0.0",",E","7",",E","3",",E","0",",E","0",",","0",",E","12",",E","0",",E","3",",E","0",",E","19740505",",,E","19740531","+,,E","19740528",",,E","19740519",",,E","-6.0",",E,05,","0",",,E,31,+","11.4",",,E,28,","23.6",",E,19,","4850.1","E","273.9",",E","26.0",",,,E","9.50",",E","16.92",",,,E","2.07",",,,E"
"NOE00109514","1974-06","60.1881","11.0742","202.0","GARDERMOEN SOR, NO","2.4","E","2.4",",E","11",",E","6",",E","0",",E","0",",","0",",E","0",",E","0",",E","14",",E","0",",E","19740610","+,,E","19740630","+,,E","19740606",",,E","19740622","+,,E","0.6",",E,10,+","0",",,E,30,+","16.6",",,E,06,","26.2",",E,22,+","4994.9","E","144.8",",E","67.0",",,,E","13.59",",E","19.95",",,,E","7.22",",,,E"
"NOE00109514","1974-07","60.1881","11.0742","202.0","GARDERMOEN SOR, NO","2.4","E","0.0",",E","17",",E","11",",E","0",",E","0",",","0",",E","0",",E","0",",E","8",",E","0",",E","19740724",",,E","19740731","+,,E","19740716",",,E","19740711",",,E","4.3",",E,24,","0",",,E,31,+","24.9",",,E,16,","23.2",",E,11,","135.4","E","135.4",",E","93.2",",,,E","13.97",",E","19.21",",,,E","8.72",",,,E"
"NOE00109514","1974-08","60.1881","11.0742","202.0","GARDERMOEN SOR, NO","2.4","E","0.0",",E","13",",E","9",",E","1",",E","0",",","0",",E","0",",E","0",",E","5",",E","0",",E","19740820","+,,E","19740831","+,,E","19740828",",,E","19740808",",,E","3.5",",E,20,+","0",",,E,31,+","32.2",",,E,28,","23.3",",E,08,","288.9","E","153.5",",E","94.9",",,,E","13.38",",E","19.29",",,,E","7.47",",,,E"
"NOE00109514","1974-09","60.1881","11.0742","202.0","GARDERMOEN SOR, NO","2.4","E","0.0",",E","23",",E","20",",E","2",",E","0",",","0",",E","0",",E","0",",E","1",",E","0",",E","19740921",",,E","19740930","+,,E","19740904",",,E","19740901",",,E","0.1",",E,21,","0",",,E,30,+","28.5",",,E,04,","23.0",",E,01,","528.4","E","239.5",",E","197.2",",,,E","10.35",",E","14.47",",,,E","6.23",",,,E"
"NOE00109514","1974-10","60.1881","11.0742","202.0","GARDERMOEN SOR, NO","2.4","E","0.0",",E","17",",E","10",",E","0",",E","3",",","0",",E","12",",E","0",",E","0",",E","0",",E","19741015",",,E","19741021",",,E","19741020",",,E","19741002",",,E","-3.2",",E,15,","40",",,E,21,","19.1",",,E,20,","10.5",",E,02,","990.5","E","462.1",",E","99.5",",,,E","3.43",",E","5.81",",,,E","1.04",",,,E"
"NOE00109514","1974-11","60.1881","11.0742","202.0","GARDERMOEN SOR, NO","2.4","E","0.0",",E","14",",E","10",",E","2",",E","14",",","0",",E","24",",E","7",",E","0",",E","0",",E","19741123",",,E","19741126","+,,E","19741109",",,E","19741115",",,E","-14.4",",E,23,","230",",,E,26,+","28.4",",,E,09,","7.7",",E,15,","1564.5","E","574.0",",E","128.6",",,,E","-0.80",",E","1.95",",,,E","-3.56",",,,E"
"NOE00109514","1974-12","60.1881","11.0742","202.0","GARDERMOEN SOR, NO","2.4","E","0.0",",E","18",",E","10",",E","0",",E","30",",","0",",E","29",",E","11",",E","0",",E","0",",E","19741219",",,E","19741219","+,,E","19741228",",,E","19741224",",,E","-15.6",",E,19,","240",",,E,19,+","6.1",",,E,28,","6.0",",E,24,","2227.5","E","663.0",",E","51.5",",,,E","-3.05",",E","0.85",",,,E","-6.96",",,,E"
"NOE00109514","1975-01","60.1881","11.0742","202.0","GARDERMOEN SOR, NO","0.0","E","0.0",",E","21",",E","16",",E","0",",E","28",",","0",",E","28",",E","10",",E","0",",E","0",",E","19750109",",,E","19750131",",,E","19750128",",,E","19750106",",,E","-16.1",",E,09,","590",",,E,31,","20.1",",,E,28,","9.8",",E,06,","2844.0","E","616.5",",E","131.2",",,,E","-1.55",",E","1.99",",,,E","-5.10",",,,E"
"NOE00109514","1975-02","60.1881","11.0742","202.0","GARDERMOEN SOR, NO","0.0","E","0.0",",E","1",",E","1",",E","0",",E","28",",","5",",E","28",",E","19",",E","0",",E","0",",E","19750216",",,E","19750218","+,,E","19750217",",,E","19750228",",,E","-23.1",",E,16,","630",",,E,18,+","5.5",",,E,17,","5.9",",E,28,","3562.0","E","718.0",",E","5.6",",,,E","-7.31",",E","-2.04",",,,E","-12.58",",,,E"
"NOE00109514","1975-03","60.1881","11.0742","202.0","GARDERMOEN SOR, NO","0.0","E","0.0",",E","10",",E","7",",E","0",",E","31",",","0",",E","30",",E","1",",E","0",",E","0",",E","19750331",",,E","19750304",",,E","19750307",",,E","19750319","+,,E","-13.6",",E,31,","570",",,E,04,","6.6",",,E,07,","6.6",",E,19,+","4177.3","E","615.3",",E","36.4",",,,E","-1.51",",E","2.83",",,,E","-5.86",",,,E"
"NOE00109514","1975-04","60.1881","11.0742","202.0","GARDERMOEN SOR, NO","0.0","E","0.0",",E","7",",E","3",",E","0",",E","18",",","0",",E","21",",E","0",",E","0",",E","0",",E","19750401",",,E","19750408","+,,E","19750430",",,E","19750426",",,E","-10.4",",E,01,","400",",,E,08,+","7.7",",,E,30,","14.9",",E,26,","4655.5","E","478.2",",E","23.6",",,,E","2.39",",E","7.82",",,,E","-3.03",",,,E"
"NOE00109514","1975-05","60.1881","11.0742","202.0","GARDERMOEN SOR, NO","0.0","E","0.0",",E","7",",E","6",",E","0",",E","0",",","0",",E","4",",E","0",",E","4",",E","0",",E","19750530","+,,E","19750531","+,,E","19750510",",,E","19750509",",,E","-2.6",",E,30,+","0",",,E,31,+","10.9",",,E,10,","23.9",",E,09,","4917.9","E","262.4",",E","29.2",",,,E","9.87",",E","16.29",",,,E","3.45",",,,E"
"NOE00109514","1975-06","60.1881","11.0742","202.0","GARDERMOEN SOR, NO","3.4","E","3.4",",E","8",",E","3",",E","0",",E","0",",","0",",E","1",",E","0",",E","15",",E","0",",E","19750601",",,E","19750630","+,,E","19750616",",,E","19750623",",,E","-2.5",",E,01,","0",",,E,30,+","13.6",",,E,16,","27.5",",E,23,","5072.5","E","154.6",",E","30.0",",,,E","13.29",",E","19.90",",,,E","6.69",",,,E"
"NOE00109514","1975-07","60.1881","11.0742","202.0","GARDERMOEN SOR, NO","7.7","E","4.3",",E","10",",E","6",",E","0",",E","0",",","0",",E","0",",E","0",",E","25",",E","0",",E","19750727",",,E","19750731","+,,E","19750715",",,E","19750710","+,,E","6.4",",E,27,","0",",,E,31,+","18.8",",,E,15,","27.3",",E,10,+","50.6","E","50.6",",E","52.0",",,,E","16.84",",E","23.72",",,,E","9.96",",,,E"
"NOE00109514","1975-08","60.1881","11.0742","202.0","GARDERMOEN SOR, NO","41.4","E","33.7",",E","10",",E","7",",E","0",",E","0",",","0",",E","0",",E","0",",E","19",",E","2",",E","19750818",",,E","19750831","+,,E","19750816",",,E","19750807",",,E","4.1",",E,18,","0",",,E,31,+","17.7",",,E,16,","32.6",",E,07,","124.1","E","73.5",",E","59.8",",,,E","17.05",",E","23.85",",,,E","10.24",",,,E"
"NOE00109514","1975-09","60.1881","11.0742","202.0","GARDERMOEN SOR, NO","41.4","E","0.0",",E","20",",E","11",",E","1",",E","0",",","0",",E","3",",E","0",",E","1",",E","0",",E","19750908",",,E","19750930","+,,E","19750925",",,E","19750902",",,E","-1.9",",E,08,","0",",,E,30,+","34.0",",,E,25,","22.2",",E,02,","348.9","E","224.8",",E","130.6",",,,E","10.84",",E","15.35",",,,E","6.32",",,,E"
"NOE00109514","1975-10","60.1881","11.0742","202.0","GARDERMOEN SOR, NO","41.4","E","0.0",",E","14",",E","8",",E","0",",E","0",",","0",",E","11",",E","0",",E","0",",E","0",",E","19751012",",,E","19751031","+,,E","19751016",",,E","19751006",",,E","-4.8",",E,12,","0",",,E,31,+","19.5",",,E,16,","14.3",",E,06,","746.0","E","397.1",",E","91.8",",,,E","5.52",",E","9.13",",,,E","1.92",",,,E"
"NOE00109514","1975-11","60.1881","11.0742","202.0","GARDERMOEN SOR, NO","41.4","E","0.0",",E","15",",E","10",",E","1",",E","10",",","0",",E","23",",E","10",",E","0",",E","0",",E","19751123",",,E","19751122","+,,E","19751116",",,E","19751105",",,E","-11.6",",E,23,","160",",,E,22,+","34.5",",,E,16,","10.3",",E,05,","1272.8","E","526.8",",E","89.1",",,,E","0.77",",E","3.11",",,,E","-1.57",",,,E"
"NOE00109514","1975-12","60.1881","11.0742","202.0","GARDERMOEN SOR, NO","41.4","E","0.0",",E","5",",E","2",",E","0",",E","23",",","1",",E","30",",E","8",",E","0",",E","0",",E","19751218",",,E","19751203",",,E","19751202",",,E","19751228","+,,E","-19.1",",E,18,","180",",,E,03,","17.7",",,E,02,","10.2",",E,28,+","1901.2","E","628.4",",E","27.4",",,,E","-1.94",",E","3.01",",,,E","-6.89",",,,E"
"NOE00109514","1976-01","60.1881","11.0742","202.0","GARDERMOEN SOR, NO","0.0","E","0.0",",E","9",",E","3",",E","0",",E","26",",","7",",E","31",",E","24",",E","0",",E","0",",E","19760116",",,E","19760119","+,,E","19760110",",,E","19760108",",,E","-22.7",",E,16,","220",",,E,19,+","8.6",",,E,10,","6.3",",E,08,","2731.0","E","829.8",",E","25.7",",,,E","-8.44",",E","-3.21",",,,E","-13.66",",,,E"
"NOE00109514","1976-02","60.1881","11.0742","202.0","GARDERMOEN SOR, NO","0.0","E","0.0",",E","11",",E","6",",E","0",",E","29",",","6",",E","27",",E","22",",E","0",",E","0",",E","19760203",",,E","19760224",",,E","19760224",",,E","19760225",",,E","-21.6",",E,03,","470",",,E,24,","9.8",",,E,24,","10.6",",E,25,","3414.9","E","683.9",",E","44.8",",,,E","-5.25",",E","-2.03",",,,E","-8.47",",,,E"
"NOE00109514","1976-03","60.1881","11.0742","202.0","GARDERMOEN SOR, NO","0.0","E","0.0",",E","4",",E","1",",E","0",",E","28",",","2",",E","29",",E","12",",E","0",",E","0",",E","19760316",",,E","19760301",",,E","19760331",",,E","19760328",",,E","-19.1",",E,16,","290",",,E,01,","4.2",",,E,31,","12.3",",E,28,","4099.8","E","684.9",",E","7.8",",,,E","-3.76",",E","1.58",",,,E","-9.10",",,,E"
"NOE00109514","1976-04","60.1881","11.0742","202.0","GARDERMOEN SOR, NO","0.0","E","0.0",",E","6",",E","1",",E","0",",E","2",",","0",",E","23",",E","0",",E","0",",E","0",",E","19760403",",,E","19760401",",,E","19760404",",,E","19760417","+,,E","-6.4",",E,03,","110",",,E,01,","4.8",",,E,04,","15.0",",E,17,+","4540.3","E","440.5",",E","10.3",",,,E","3.65",",E","8.84",",,,E","-1.54",",,,E"
"NOE00109514","1976-05","60.1881","11.0742","202.0","GARDERMOEN SOR, NO","0.0","E","0.0",",E","9",",E","4",",E","0",",E","0",",","0",",E","4",",E","0",",E","6",",E","0",",E","19760506",",,E","19760531","+,,E","19760502",",,E","19760510",",,E","-1.4",",E,06,","0",",,E,31,+","11.6",",,E,02,","23.4",",E,10,","4802.4","E","262.1",",E","41.3",",,,E","9.88",",E","16.16",",,,E","3.60",",,,E"
"NOE00109514","1976-06","60.1881","11.0742","202.0","GARDERMOEN SOR, NO","5.7","E","5.7",",E","8",",E","4",",E","0",",E","0",",","0",",E","0",",E","0",",E","12",",E","0",",E","19760604",",,E","19760630","+,,E","19760612",",,E","19760626",",,E","2.2",",E,04,","0",",,E,30,+","6.4",",,E,12,","28.2",",E,26,","4924.8","E","122.4",",E","26.4",",,,E","14.44",",E","20.57",",,,E","8.32",",,,E"
"NOE00109514","1976-07","60.1881","11.0742","202.0","GARDERMOEN SOR, NO","17.2","E","11.5",",E","7",",E","2",",E","0",",E","0",",","0",",E","0",",E","0",",E","25",",E","0",",E","19760731",",,E","19760731","+,,E","19760711",",,E","19760707","+,,E","4.0",",E,31,","0",",,E,31,+","11.8",",,E,11,","26.7",",E,07,+","62.4","E","62.4",",E","20.4",",,,E","16.69",",E","23.29",",,,E","10.09",",,,E"
"NOE00109514","1976-08","60.1881","11.0742","202.0","GARDERMOEN SOR, NO","24.2","E","7.0",",E","4",",E","2",",E","0",",E","0",",","0",",E","0",",E","0",",E","21",",E","0",",E","19760829",",,E","19760831","+,,E","19760802",",,E","19760817",",,E","4.0",",E,29,","0",",,E,31,+","18.6",",,E,02,","28.6",",E,17,","144.4","E","82.0",",E","22.2",",,,E","15.91",",E","23.36",",,,E","8.47",",,,E"
"NOE00109514","1976-09","60.1881","11.0742","202.0","GARDERMOEN SOR, NO","24.2","E","0.0",",E","10",",E","4",",E","1",",E","0",",","0",",E","12",",E","0",",E","0",",E","0",",E","19760930",",,E","19760930","+,,E","19760909",",,E","19760906",",,E","-4.3",",E,30,","0",",,E,30,+","27.8",",,E,09,","18.0",",E,06,","461.7","E","317.3",",E","61.4",",,,E","7.76",",E","13.08",",,,E","2.43",",,,E"
"NOE00109514","1976-10","60.1881","11.0742","202.0","GARDERMOEN SOR, NO","24.2","E","0.0",",E","19",",E","16",",E","2",",E","12",",","0",",E","13",",E","0",",E","0",",E","0",",E","19761002",",,E","19761019",",,E","19761015",",,E","19761009",",,E","-5.5",",E,02,","210",",,E,19,","34.0",",,E,15,","13.8",",E,09,","925.5","E","463.8",",E","205.1",",,,E","3.37",",E","5.55",",,,E","1.19",",,,E"
"NOE00109514","1976-11","60.1881","11.0742","202.0","GARDERMOEN SOR, NO","24.2","E","0.0",",E","17",",E","10",",E","0",",E","14",",","0",",E","22",",E","11",",E","0",",E","0",",E","19761124",",,E","19761127","+,,E","19761103",",,E","19761106",",,E","-12.2",",E,24,","60",",,E,27,+","21.9",",,E,03,","6.0",",E,06,","1515.0","E","589.5",",E","118.6",",,,E","-1.32",",E","1.40",",,,E","-4.04",",,,E"
"NOE00109514","1976-12","60.1881","11.0742","202.0","GARDERMOEN SOR, NO","24.2","E","0.0",",E","15",",E","7",",E","0",",E","28",",","7",",E","31",",E","22",",E","0",",E","0",",E","19761229",",,E","19761208",",,E","19761204",",,E","19761208",",,E","-28.2",",E,29,","300",",,E,08,","15.8",",,E,04,","2.1",",E,08,","2328.4","E","813.4",",E","52.8",",,,E","-7.91",",E","-4.45",",,,E","-11.36",",,,E"
"NOE00109514","1977-01","60.1881","11.0742","202.0","GARDERMOEN SOR, NO","0.0","E","0.0",",E","21",",E","9",",E","0",",E","31",",","4",",E","31",",E","26",",E","0",",E","0",",E","19770131",",,E","19770131","+,,E","19770101",",,E","19770106",",,E","-27.3",",E,31,","630",",,E,31,+","14.9",",,E,01,","3.1",",E,06,","3128.2","E","799.8",",E","80.9",",,,E","-7.47",",E","-4.63",",,,E","-10.30",",,,E"
"NOE00109514","1977-02","60.1881","11.0742","202.0","GARDERMOEN SOR, NO","0.0","E","0.0",",E","11",",E","5",",E","0",",E","28",",","8",",E","28",",E","26",",E","0",",E","0",",E","19770226",",,E","19770225","+,,E","19770219",",,E","19770228",",,E","-23.8",",E,26,","760",",,E,25,+","14.8",",,E,19,","3.6",",E,28,","3902.7","E","774.5",",E","30.7",",,,E","-9.33",",E","-5.26",",,,E","-13.39",",,,E"
"NOE00109514","1977-03","60.1881","11.0742","202.0","GARDERMOEN SOR, NO","0.0","E","0.0",",E","12",",E","5",",E","0",",E","31",",","0",",E","26",",E","2",",E","0",",E","0",",E","19770302",",,E","19770306","+,,E","19770303",",,E","19770323",",,E","-14.5",",E,02,","760",",,E,06,+","12.1",",,E,03,","7.0",",E,23,","4495.9","E","593.2",",E","54.4",",,,E","-0.80",",E","3.14",",,,E","-4.74",",,,E"
"NOE00109514","1977-04","60.1881","11.0742","202.0","GARDERMOEN SOR, NO","0.0","E","0.0",",E","14",",E","9",",E","0",",E","26",",","0",",E","25",",E","6",",E","0",",E","0",",E","19770410",",,E","19770417",",,E","19770426",",,E","19770428",",,E","-14.8",",E,10,","560",",,E,17,","18.7",",,E,26,","12.2",",E,28,","5022.4","E","526.5",",E","78.9",",,,E","0.78",",E","5.10",",,,E","-3.54",",,,E"
"NOE00109514","1977-05","60.1881","11.0742","202.0","GARDERMOEN SOR, NO","0.0","E","0.0",",E","8",",E","4",",E","0",",E","0",",","0",",E","5",",E","0",",E","7",",E","0",",E","19770517",",,E","19770531","+,,E","19770502",",,E","19770527",",,E","-2.4",",E,17,","0",",,E,31,+","11.8",",,E,02,","25.0",",E,27,","5304.9","E","282.5",",E","41.2",",,,E","9.22",",E","15.73",",,,E","2.71",",,,E"
"NOE00109514","1977-06","60.1881","11.0742","202.0","GARDERMOEN SOR, NO","7.2","E","7.2",",E","15",",E","14",",E","0",",E","0",",","0",",E","0",",E","0",",E","13",",E","0",",E","19770630",",,E","19770630","+,,E","19770607",",,E","19770615",",,E","2.6",",E,30,","0",",,E,30,+","22.1",",,E,07,","29.1",",E,15,","5446.8","E","141.9",",E","120.7",",,,E","13.85",",E","19.72",",,,E","7.97",",,,E"
"NOE00109514","1977-07","60.1881","11.0742","202.0","GARDERMOEN SOR, NO","14.5","E","7.3",",E","12",",E","7",",E","0",",E","0",",","0",",E","0",",E","0",",E","11",",E","0",",E","19770717",",,E","19770731","+,,E","19770721",",,E","19770709",",,E","4.0",",E,17,","0",",,E,31,+","13.1",",,E,21,","28.2",",E,09,","124.3","E","124.3",",E","52.3",",,,E","14.56",",E","20.52",",,,E","8.60",",,,E"
"NOE00109514","1977-08","60.1881","11.0742","202.0","GARDERMOEN SOR, NO","14.5","E","0.0",",E","13",",E","7",",E","0",",E","0",",","0",",E","0",",E","0",",E","13",",E","0",",E","19770807",",,E","19770831","+,,E","19770825",",,E","19770817",",,E","1.1",",E,07,","0",",,E,31,+","11.2",",,E,25,","24.5",",E,17,","262.4","E","138.1",",E","54.4",",,,E","13.88",",E","19.64",",,,E","8.11",",,,E"
"NOE00109514","1977-09","60.1881","11.0742","202.0","GARDERMOEN SOR, NO","14.5","E","0.0",",E","12",",E","5",",E","0",",E","0",",","0",",E","7",",E","0",",E","0",",E","0",",E","19770908",",,E","19770930","+,,E","19770906",",,E","19770919",",,E","-2.3",",E,08,","0",",,E,30,+","23.7",",,E,06,","19.6",",E,19,","551.8","E","289.4",",E","60.1",",,,E","8.69",",E","14.30",",,,E","3.07",",,,E"
"NOE00109514","1977-10","60.1881","11.0742","202.0","GARDERMOEN SOR, NO","14.5","E","0.0",",E","21",",E","10",",E","0",",E","0",",","0",",E","7",",E","0",",E","0",",E","0",",E","19771007",",,E","19771031","+,,E","19771004",",,E","19771025",",,E","-4.1",",E,07,","0",",,E,31,+","20.3",",,E,04,","15.2",",E,25,","946.8","E","395.0",",E","93.0",",,,E","5.59",",E","8.45",",,,E","2.73",",,,E"
"NOE00109514","1977-11","60.1881","11.0742","202.0","GARDERMOEN SOR, NO","14.5","E","0.0",",E","16",",E","10",",E","1",",E","10",",","0",",E","20",",E","13",",E","0",",E","0",",E","19771123",",,E","19771130","+,,E","19771103",",,E","19771108",",,E","-15.8",",E,23,","160",",,E,30,+","27.5",",,E,03,","10.1",",E,08,","1515.9","E","569.1",",E","86.6",",,,E","-0.64",",E","2.57",",,,E","-3.85",",,,E"
"NOE00109514","1977-12","60.1881","11.0742","202.0","GARDERMOEN SOR, NO","14.5","E","0.0",",E","12",",E","6",",E","0",",E","31",",","1",",E","31",",E","19",",E","0",",E","0",",E","19771229",",,E","19771230",",,E","19771227",",,E","19771216",",,E","-18.4",",E,29,","460",",,E,30,","17.4",",,E,27,","4.2",",E,16,","2225.1","E","709.2",",E","59.6",",,,E","-4.55",",E","-0.93",",,,E","-8.16",",,,E"
"NOE00109514","1978-01","60.1881","11.0742","202.0","GARDERMOEN SOR, NO","0.0","E","0.0",",E","18",",E","11",",E","0",",E","31",",","2",",E","31",",E","21",",E","0",",E","0",",E","19780103",",,E","19780131",",,E","19780130",",,E","19780102",",,E","-19.2",",E,03,","830",",,E,31,","11.2",",,E,30,","3.3",",E,02,","2955.9","E","730.8",",E","74.1",",,,E","-5.24",",E","-1.62",",,,E","-8.87",",,,E"
"NOE00109514","1978-02","60.1881","11.0742","202.0","GARDERMOEN SOR, NO","0.0","E","0.0",",E","17",",E","7",",E","0",",E","28",",","11",",E","28",",E","25",",E","0",",E","0",",E","19780216",",,E","19780206","+,,E","19780226",",,E","19780227",",,E","-30.2",",E,16,","960",",,E,06,+","9.7",",,E,26,","2.8",",E,27,","3760.3","E","804.4",",E","47.5",",,,E","-10.39",",E","-6.20",",,,E","-14.59",",,,E"
"NOE00109514","1978-03","60.1881","11.0742","202.0","GARDERMOEN SOR, NO","0.0","E","0.0",",E","19",",E","13",",E","0",",E","31",",","4",",E","29",",E","10",",E","0",",E","0",",E","19780318",",,E","19780326",",,E","19780304",",,E","19780311",",,E","-26.9",",E,18,","1180",",,E,26,","22.9",",,E,04,","8.6",",E,11,","4428.1","E","667.8",",E","115.0",",,,E","-3.21",",E","0.77",",,,E","-7.18",",,,E"
"NOE00109514","1978-04","60.1881","11.0742","202.0","GARDERMOEN SOR, NO","0.0","E","0.0",",E","7",",E","2",",E","0",",E","27",",","0",",E","26",",E","0",",E","0",",E","0",",E","19780427",",,E","19780401",",,E","19780418",",,E","19780422",",,E","-9.2",",E,27,","810",",,E,01,","16.6",",,E,18,","14.0",",E,22,","4919.6","E","491.5",",E","26.4",",,,E","1.95",",E","7.45",",,,E","-3.55",",,,E"
"NOE00109514","1978-05","60.1881","11.0742","202.0","GARDERMOEN SOR, NO","0.0","E","0.0",",E","7",",E","3",",E","0",",E","0",",","0",",E","10",",E","0",",E","8",",E","0",",E","19780511",",,E","19780531","+,,E","19780522","+,,E","19780530",",,E","-4.4",",E,11,","0",",,E,31,+","3.0",",,E,22,+","26.6",",E,30,","5186.1","E","266.5",",E","13.5",",,,E","9.74",",E","16.03",",,,E","3.45",",,,E"
"NOE00109514","1978-06","60.1881","11.0742","202.0","GARDERMOEN SOR, NO","0.3","E","0.3",",E","12",",E","6",",E","0",",E","0",",","0",",E","0",",E","0",",E","13",",E","0",",E","19780610",",,E","19780630","+,,E","19780624",",,E","19780602",",,E","5.1",",E,10,","0",",,E,30,+","8.5",",,E,24,","26.9",",E,02,","5288.1","E","102.0",",E","40.1",",,,E","14.95",",E","20.73",",,,E","9.16",",,,E"
"NOE00109514","1978-07","60.1881","11.0742","202.0","GARDERMOEN SOR, NO","1.0","E","0.7",",E","15",",E","13",",E","1",",E","0",",","0",",E","0",",E","0",",E","8",",E","0",",E","19780718",",,E","19780731","+,,E","19780707",",,E","19780731",",,E","4.1",",E,18,","0",",,E,31,+","25.4",",,E,07,","26.7",",E,31,","140.0","E","140.0",",E","124.9",",,,E","13.84",",E","18.85",",,,E","8.83",",,,E"
"NOE00109514","1978-08","60.1881","11.0742","202.0","GARDERMOEN SOR, NO","6.0","E","5.0",",E","14",",E","9",",E","1",",E","0",",","0",",E","0",",E","0",",E","6",",E","0",",E","19780830",",,E","19780831","+,,E","19780815",",,E","19780801",",,E","1.6",",E,30,","0",",,E,31,+","35.0",",,E,15,","27.2",",E,01,","287.7","E","147.7",",E","79.2",",,,E","13.73",",E","18.85",",,,E","8.61",",,,E"
"NOE00109514","1978-09","60.1881","11.0742","202.0","GARDERMOEN SOR, NO","6.0","E","0.0",",E","15",",E","9",",E","0",",E","0",",","0",",E","6",",E","0",",E","0",",E","0",",E","19780929",",,E","19780930","+,,E","19780909",",,E","19780914",",,E","-3.6",",E,29,","0",",,E,30,+","20.0",",,E,09,","15.9",",E,14,","607.9","E","320.2",",E","68.5",",,,E","7.66",",E","12.03",",,,E","3.29",",,,E"
"NOE00109514","1978-10","60.1881","11.0742","202.0","GARDERMOEN SOR, NO","6.0","E","0.0",",E","10",",E","3",",E","0",",E","0",",","0",",E","16",",E","0",",E","0",",E","0",",E","19781001",",,E","19781031","+,,E","19781016",",,E","19781028",",,E","-4.8",",E,01,","0",",,E,31,+","13.7",",,E,16,","14.3",",E,28,","1031.0","E","423.1",",E","24.8",",,,E","4.69",",E","8.89",",,,E","0.48",",,,E"
"NOE00109514","1978-11","60.1881","11.0742","202.0","GARDERMOEN SOR, NO","6.0","E","0.0",",E","9",",E","3",",E","0",",E","4",",","1",",E","17",",E","6",",E","0",",E","0",",E","19781129",",,E","19781130","+,,E","19781115",",,E","19781106",",,E","-18.7",",E,29,","170",",,E,30,+","13.0",",,E,15,","13.6",",E,06,","1524.2","E","493.2",",E","32.6",",,,E","1.89",",E","5.73",",,,E","-1.95",",,,E"
"NOE00109514","1978-12","60.1881","11.0742","202.0","GARDERMOEN SOR, NO","6.0","E","0.0",",E","19",",E","3",",E","0",",E","31",",","11",",E","31",",E","31",",E","0",",E","0",",E","19781216",",,E","19781219",",,E","19781213",",,E","19781219",",,E","-23.5",",E,16,","480",",,E,19,","16.7",",,E,13,","-0.9",",E,19,","2432.7","E","908.5",",E","46.9",",,,E","-10.97",",E","-7.88",",,,E","-14.06",",,,E"
"NOE00109514","1979-01","60.1881","11.0742","202.0","GARDERMOEN SOR, NO","0.0","E","0.0",",E","13",",E","2",",E","0",",E","31",",","13",",E","31",",E","29",",E","0",",E","0",",E","19790101",",,E","19790118","+,,E","19790112",",,E","19790107",",,E","-31.3",",E,01,","480",",,E,18,+","4.1",",,E,12,","2.6",",E,07,","3380.3","E","947.6",",E","15.9",",,,E","-12.23",",E","-8.32",",,,E","-16.15",",,,E"
"NOE00109514","1979-02","60.1881","11.0742","202.0","GARDERMOEN SOR, NO","0.0","E","0.0",",E","9",",E","3",",E","0",",E","28",",","13",",E","28",",E","21",",E","0",",E","0",",E","19790206",",,E","19790209","+,,E","19790203",",,E","19790227",",,E","-26.7",",E,06,","580",",,E,09,+","5.6",",,E,03,","5.6",",E,27,","4177.8","E","797.5",",E","19.6",",,,E","-10.15",",E","-4.44",",,,E","-15.86",",,,E"
"NOE00109514","1979-03","60.1881","11.0742","202.0","GARDERMOEN SOR, NO","0.0","E","0.0",",E","14",",E","11",",E","0",",E","31",",","2",",E","27",",E","9",",E","0",",E","0",",E","19790318",",,E","19790311",",,E","19790309",",,E","19790324",",,E","-23.0",",E,18,","730",",,E,11,","18.6",",,E,09,","5.6",",E,24,","4809.9","E","632.1",",E","84.6",",,,E","-2.06",",E","1.20",",,,E","-5.31",",,,E"
"NOE00109514","1979-04","60.1881","11.0742","202.0","GARDERMOEN SOR, NO","0.0","E","0.0",",E","15",",E","10",",E","1",",E","20",",","0",",E","22",",E","0",",E","0",",E","0",",E","19790416",",,E","19790401",",,E","19790425",",,E","19790412",",,E","-8.0",",E,16,","510",",,E,01,","26.5",",,E,25,","15.4",",E,12,","5284.0","E","474.1",",E","100.6",",,,E","2.53",",E","6.10",",,,E","-1.04",",,,E"
"NOE00109514","1979-05","60.1881","11.0742","202.0","GARDERMOEN SOR, NO","0.0","E","0.0",",E","16",",E","7",",E","0",",E","0",",","0",",E","9",",E","0",",E","1",",E","0",",E","19790509","+,,E","19790531","+,,E","19790524",",,E","19790531",",,E","-3.6",",E,09,+","0",",,E,31,+","16.9",",,E,24,","22.8",",E,31,","5612.9","E","328.9",",E","73.7",",,,E","7.72",",E","12.61",",,,E","2.84",",,,E"
"NOE00109514","1979-06","60.1881","11.0742","202.0","GARDERMOEN SOR, NO","2.8","E","2.8",",E","10",",E","8",",E","0",",E","0",",","0",",E","0",",E","0",",E","12",",E","0",",E","19790630",",,E","19790630","+,,E","19790627",",,E","19790601",",,E","3.1",",E,30,","0",",,E,30,+","10.9",",,E,27,","28.2",",E,01,","5721.1","E","108.2",",E","47.6",",,,E","14.82",",E","20.83",",,,E","8.80",",,,E"
"NOE00109514","1979-07","60.1881","11.0742","202.0","GARDERMOEN SOR, NO","2.8","E","0.0",",E","21",",E","12",",E","0",",E","0",",","0",",E","0",",E","0",",E","8",",E","0",",E","19790702",",,E","19790731","+,,E","19790722",",,E","19790714","+,,E","2.1",",E,02,","0",",,E,31,+","22.9",",,E,22,","23.5",",E,14,+","132.8","E","132.8",",E","115.9",",,,E","14.05",",E","19.34",",,,E","8.76",",,,E"
"NOE00109514","1979-08","60.1881","11.0742","202.0","GARDERMOEN SOR, NO","2.8","E","0.0",",E","18",",E","12",",E","0",",E","0",",","0",",E","0",",E","0",",E","4",",E","0",",E","19790829",",,E","19790831","+,,E","19790801",",,E","19790818",",,E","1.2",",E,29,","0",",,E,31,+","17.3",",,E,01,","24.4",",E,18,","307.3","E","174.5",",E","87.2",",,,E","12.70",",E","17.69",",,,E","7.72",",,,E"
"NOE00109514","1979-09","60.1881","11.0742","202.0","GARDERMOEN SOR, NO","2.8","E","0.0",",E","15",",E","7",",E","0",",E","0",",","0",",E","4",",E","0",",E","0",",E","0",",E","19790923",",,E","19790930","+,,E","19790902",",,E","19790910","+,,E","-2.6",",E,23,","0",",,E,30,+","14.5",",,E,02,","17.6",",E,10,+","567.1","E","259.8",",E","51.6",",,,E","9.67",",E","14.42",",,,E","4.93",",,,E"
"NOE00109514","1979-10","60.1881","11.0742","202.0","GARDERMOEN SOR, NO","2.8","E","0.0",",E","18",",E","7",",E","0",",E","0",",","0",",E","17",",E","4",",E","0",",E","0",",E","19791024",",,E","19791031","+,,E","19791014",",,E","19791011","+,,E","-9.0",",E,24,","20",",,E,31,+","18.0",",,E,14,","12.5",",E,11,+","1035.5","E","468.4",",E","88.1",",,,E","3.22",",E","6.77",",,,E","-0.33",",,,E"
"NOE00109514","1979-11","60.1881","11.0742","202.0","GARDERMOEN SOR, NO","2.8","E","0.0",",E","14",",E","9",",E","0",",E","30",",","0",",E","29",",E","12",",E","0",",E","0",",E","19791112",",,E","19791117",",,E","19791112",",,E","19791104",",,E","-13.2",",E,12,","550",",,E,17,","22.3",",,E,12,","6.2",",E,04,","1657.9","E","622.4",",E","102.3",",,,E","-2.41",",E","0.61",",,,E","-5.43",",,,E"
"NOE00109514","1979-12","60.1881","11.0742","202.0","GARDERMOEN SOR, NO","2.8","E","0.0",",E","17",",E","7",",E","0",",E","31",",","5",",E","31",",E","20",",E","0",",E","0",",E","19791221",",,E","19791230",",,E","19791229",",,E","19791205",",,E","-21.0",",E,21,","600",",,E,30,","15.1",",,E,29,","6.6",",E,05,","2433.0","E","775.1",",E","63.7",",,,E","-6.67",",E","-3.77",",,,E","-9.56",",,,E"
"NOE00109514","1980-01","60.1881","11.0742","202.0","GARDERMOEN SOR, NO","0.0","E","0.0",",E","11",",E","4",",E","0",",E","31",",","9",",E","31",",E","30",",E","0",",E","0",",E","19800126",",,E","19800131",",,E","19800105",",,E","19800115",",,E","-26.0",",E,26,","780",",,E,31,","7.2",",,E,05,","0.1",",E,15,","3327.7","E","894.7",",E","28.2",",,,E","-10.53",",E","-7.16",",,,E","-13.89",",,,E"
"NOE00109514","1980-02","60.1881","11.0742","202.0","GARDERMOEN SOR, NO","0.0","E","0.0",",E","7",",E","2",",E","0",",E","29",",","13",",E","29",",E","24",",E","0",",E","0",",E","19800202",",,E","19800213","+,,E","19800210",",,E","19800229",",,E","-31.3",",E,02,","950",",,E,13,+","18.6",",,E,10,","3.2",",E,29,","4196.6","E","868.9",",E","28.4",",,,E","-11.63",",E","-6.95",",,,E","-16.31",",,,E"
"NOE00109514","1980-03","60.1881","11.0742","202.0","GARDERMOEN SOR, NO","0.0","E","0.0",",E","11",",E","4",",E","0",",E","31",",","4",",E","31",",E","16",",E","0",",E","0",",E","19800320",",,E","19800331",",,E","19800307",",,E","19800301",",,E","-22.5",",E,20,","970",",,E,31,","15.4",",,E,07,","6.3",",E,01,","4912.6","E","716.0",",E","38.1",",,,E","-4.76",",E","0.05",",,,E","-9.57",",,,E"
"NOE00109514","1980-04","60.1881","11.0742","202.0","GARDERMOEN SOR, NO","0.0","E","0.0",",E","3",",E","2",",E","0",",E","22",",","0",",E","23",",E","0",",E","0",",E","0",",E","19800401",",,E","19800401",",,E","19800427",",,E","19800429",",,E","-8.6",",E,01,","930",",,E,01,","3.7",",,E,27,","15.8",",E,29,","5347.2","E","434.6",",E","7.4",",,,E","3.85",",E","9.58",",,,E","-1.89",",,,E"
"NOE00109514","1980-05","60.1881","11.0742","202.0","GARDERMOEN SOR, NO","0.0","E","0.0",",E","8",",E","5",",E","2",",E","0",",","0",",E","5",",E","0",",E","5",",E","0",",E","19800511",",,E","19800531","+,,E","19800528",",,E","19800517",",,E","-1.4",",E,11,","0",",,E,31,+","27.7",",,E,28,","24.1",",E,17,","5602.1","E","254.9",",E","90.8",",,,E","10.11",",E","16.01",",,,E","4.22",",,,E"
"NOE00109514","1980-06","60.1881","11.0742","202.0","GARDERMOEN SOR, NO","4.1","E","4.1",",E","18",",E","13",",E","0",",E","0",",","0",",E","0",",E","0",",E","11",",E","0",",E","19800613",",,E","19800630","+,,E","19800619",",,E","19800605",",,E","2.0",",E,13,","0",",,E,30,+","23.2",",,E,19,","28.7",",E,05,","5719.3","E","117.2",",E","104.9",",,,E","14.56",",E","19.70",",,,E","9.43",",,,E"
"NOE00109514","1980-07","60.1881","11.0742","202.0","GARDERMOEN SOR, NO","7.4","E","3.3",",E","16",",E","6",",E","1",",E","0",",","0",",E","0",",E","0",",E","17",",E","0",",E","19800703","+,,E","19800731","+,,E","19800717",",,E","19800728",",,E","7.2",",E,03,+","0",",,E,31,+","25.9",",,E,17,","26.0",",E,28,","86.1","E","86.1",",E","63.6",",,,E","15.66",",E","21.18",",,,E","10.14",",,,E"
"NOE00109514","1980-08","60.1881","11.0742","202.0","GARDERMOEN SOR, NO","7.7","E","0.3",",E","13",",E","10",",E","0",",E","0",",","0",",E","0",",E","0",",E","10",",E","0",",E","19800830",",,E","19800831","+,,E","19800820",",,E","19800801",",,E","2.1",",E,30,","0",",,E,31,+","10.3",",,E,20,","23.8",",E,01,","228.5","E","142.4",",E","64.1",",,,E","13.75",",E","18.47",",,,E","9.03",",,,E"
"NOE00109514","1980-09","60.1881","11.0742","202.0","GARDERMOEN SOR, NO","7.7","E","0.0",",E","15",",E","7",",E","1",",E","0",",","0",",E","2",",E","0",",E","0",",E","0",",E","19800927",",,E","19800930","+,,E","19800917",",,E","19800904","+,,E","-1.1",",E,27,","0",",,E,30,+","34.9",",,E,17,","19.2",",E,04,+","461.5","E","233.0",",E","74.0",",,,E","10.57",",E","14.47",",,,E","6.66",",,,E"
"NOE00109514","1980-10","60.1881","11.0742","202.0","GARDERMOEN SOR, NO","7.7","E","0.0",",E","17",",E","10",",E","1",",E","11",",","0",",E","16",",E","3",",E","0",",E","0",",E","19801031",",,E","19801029","+,,E","19801017",",,E","19801002",",,E","-16.1",",E,31,","150",",,E,29,+","36.4",",,E,17,","14.1",",E,02,","953.4","E","491.9",",E","139.4",",,,E","2.47",",E","5.81",",,,E","-0.88",",,,E"
"NOE00109514","1980-11","60.1881","11.0742","202.0","GARDERMOEN SOR, NO","7.7","E","0.0",",E","8",",E","6",",E","0",",E","30",",","0",",E","28",",E","20",",E","0",",E","0",",E","19801127",",,E","19801120","+,,E","19801118",",,E","19801123",",,E","-16.6",",E,27,","400",",,E,20,+","11.3",",,E,18,","7.1",",E,23,","1645.5","E","692.1",",E","46.2",",,,E","-4.74",",E","-1.00",",,,E","-8.47",",,,E"
"NOE00109514","1980-12","60.1881","11.0742","202.0","GARDERMOEN SOR, NO","7.7","E","0.0",",E","13",",E","5",",E","0",",E","31",",","0",",E","31",",E","14",",E","0",",E","0",",E","19801205",",,E","19801223",",,E","19801217",",,E","19801230",",,E","-17.4",",E,05,","430",",,E,23,","16.4",",,E,17,","7.0",",E,30,","2334.1","E","688.6",",E","60.6",",,,E","-3.88",",E","-0.01",",,,E","-7.75",",,,E"
"NOE00109514","1981-01","60.1881","11.0742","202.0","GARDERMOEN SOR, NO","0.0","E","0.0",",E","7",",E","4",",E","0",",E","31",",","5",",E","31",",E","19",",E","0",",E","0",",E","19810107",",,E","19810121","+,,E","19810114",",,E","19810131",",,E","-22.5",",E,07,","490",",,E,21,+","7.0",",,E,14,","7.0",",E,31,","3122.6","E","788.5",",E","19.1",",,,E","-7.10",",E","-2.62",",,,E","-11.59",",,,E"
"NOE00109514","1981-02","60.1881","11.0742","202.0","GARDERMOEN SOR, NO","0.0","E","0.0",",E","7",",E","4",",E","0",",E","28",",","5",",E","27",",E","22",",E","0",",E","0",",E","19810222",",,E","19810227",",,E","19810224",",,E","19810201",",,E","-23.9",",E,22,","600",",,E,27,","6.5",",,E,24,","10.1",",E,01,","3831.9","E","709.3",",E","22.4",",,,E","-7.00",",E","-2.45",",,,E","-11.55",",,,E"
"NOE00109514","1981-03","60.1881","11.0742","202.0","GARDERMOEN SOR, NO","0.0","E","0.0",",E","15",",E","11",",E","0",",E","31",",","3",",E","30",",E","15",",E","0",",E","0",",E","19810303",",,E","19810308",",,E","19810307",",,E","19810331",",,E","-19.4",",E,03,","790",",,E,08,","13.4",",,E,07,","11.1",",E,31,","4532.3","E","700.4",",E","79.9",",,,E","-4.26",",E","0.52",",,,E","-9.04",",,,E"
"NOE00109514","1981-04","60.1881","11.0742","202.0","GARDERMOEN SOR, NO","0.0","E","0.0",",E","3",",E","1",",E","0",",E","18",",","0",",E","26",",E","0",",E","0",",E","0",",E","19810424",",,E","19810402","+,,E","19810429",",,E","19810420",",,E","-7.4",",E,24,","670",",,E,02,+","2.8",",,E,29,","15.1",",E,20,","4990.6","E","458.3",",E","4.0",",,,E","3.06",",E","8.69",",,,E","-2.57",",,,E"
"NOE00109514","1981-05","60.1881","11.0742","202.0","GARDERMOEN SOR, NO","0.0","E","0.0",",E","11",",E","8",",E","0",",E","0",",","0",",E","6",",E","0",",E","9",",E","0",",E","19810504",",,E","19810531","+,,E","19810525",",,E","19810522",",,E","-4.1",",E,04,","0",",,E,31,+","19.9",",,E,25,","24.0",",E,22,","5227.8","E","237.2",",E","69.2",",,,E","10.68",",E","17.21",",,,E","4.16",",,,E"
"NOE00109514","1981-06","60.1881","11.0742","202.0","GARDERMOEN SOR, NO","0.0","E","0.0",",E","19",",E","8",",E","0",",E","0",",","0",",E","0",",E","0",",E","3",",E","0",",E","19810619","+,,E","19810630","+,,E","19810611",",,E","19810624",",,E","2.0",",E,19,+","0",",,E,30,+","18.5",",,E,11,","22.0",",E,24,","5399.0","E","171.2",",E","96.2",",,,E","12.63",",E","17.80",",,,E","7.45",",,,E"
"NOE00109514","1981-07","60.1881","11.0742","202.0","GARDERMOEN SOR, NO","2.2","E","2.2",",E","15",",E","6",",E","0",",E","0",",","0",",E","0",",E","0",",E","8",",E","0",",E","19810705",",,E","19810731","+,,E","19810703",",,E","19810711","+,,E","5.1",",E,05,","0",",,E,31,+","12.5",",,E,03,","25.0",",E,11,+","104.0","E","104.0",",E","58.6",",,,E","15.05",",E","19.88",",,,E","10.22",",,,E"
"NOE00109514","1981-08","60.1881","11.0742","202.0","GARDERMOEN SOR, NO","3.8","E","1.6",",E","7",",E","0",",E","0",",E","0",",","0",",E","0",",E","0",",E","10",",E","0",",E","19810830",",,E","19810831","+,,E","19810820",",,E","19810812",",,E","0.9",",E,30,","0",",,E,31,+","1.8",",,E,20,","25.2",",E,12,","231.9","E","127.9",",E","5.0",",,,E","14.26",",E","19.99",",,,E","8.54",",,,E"
"NOE00109514","1981-09","60.1881","11.0742","202.0","GARDERMOEN SOR, NO","3.8","E","0.0",",E","13",",E","7",",E","0",",E","0",",","0",",E","0",",E","0",",E","0",",E","0",",E","19810907",",,E","19810930","+,,E","19810921",",,E","19810903",",,E","1.6",",E,07,","0",",,E,30,+","23.5",",,E,21,","20.6",",E,03,","455.2","E","223.3",",E","71.1",",,,E","10.89",",E","15.13",",,,E","6.65",",,,E"
"NOE00109514","1981-10","60.1881","11.0742","202.0","GARDERMOEN SOR, NO","3.8","E","0.0",",E","13",",E","10",",E","0",",E","0",",","0",",E","18",",E","1",",E","0",",E","0",",E","19811018",",,E","19811031","+,,E","19811019",",,E","19811003","+,,E","-7.6",",E,18,","10",",,E,31,+","20.1",",,E,19,","15.0",",E,03,+","888.2","E","433.0",",E","93.7",",,,E","4.37",",E","7.92",",,,E","0.82",",,,E"
"NOE00109514","1981-11","60.1881","11.0742","202.0","GARDERMOEN SOR, NO","3.8","E","0.0",",E","16",",E","10",",E","0",",E","24",",","0",",E","29",",E","12",",E","0",",E","0",",E","19811109",",,E","19811130",",,E","19811127",",,E","19811105",",,E","-12.2",",E,09,","370",",,E,30,","24.2",",,E,27,","8.4",",E,05,","1490.8","E","602.6",",E","126.1",",,,E","-1.75",",E","1.42",",,,E","-4.93",",,,E"
"NOE00109514","1981-12","60.1881","11.0742","202.0","GARDERMOEN SOR, NO","3.8","E","0.0",",E","16",",E","7",",E","0",",E","31",",","11",",E","31",",E","29",",E","0",",E","0",",E","19811214",",,E","19811230",",,E","19811223",",,E","19811204",",,E","-26.5",",E,14,","690",",,E,30,","6.7",",,E,23,","7.0",",E,04,","2434.0","E","943.2",",E","40.1",",,,E","-12.09",",E","-8.26",",,,E","-15.93",",,,E"
"NOE00109514","1982-01","60.1881","11.0742","202.0","GARDERMOEN SOR, NO","0.0","E","0.0",",E","12",",E","5",",E","0",",E","31",",","10",",E","31",",E","28",",E","0",",E","0",",E","19820109","+,,E","19820104",",,E","19820102",",,E","19820115",",,E","-31.0",",E,09,+","800",",,E,04,","6.7",",,E,02,","2.6",",E,15,","3351.2","E","917.2",",E","29.1",",,,E","-11.25",",E","-7.54",",,,E","-14.97",",,,E"
"NOE00109514","1982-02","60.1881","11.0742","202.0","GARDERMOEN SOR, NO","0.0","E","0.0",",E","13",",E","8",",E","0",",E","28",",","5",",E","28",",E","21",",E","0",",E","0",",E","19820222",",,E","19820209",",,E","19820206",",,E","19820215",",,E","-22.0",",E,22,","850",",,E,09,","9.0",",,E,06,","2.2",",E,15,","4043.0","E","691.8",",E","39.9",",,,E","-6.37",",E","-2.97",",,,E","-9.78",",,,E"
"NOE00109514","1982-03","60.1881","11.0742","202.0","GARDERMOEN SOR, NO","0.0","E","0.0",",E","17",",E","13",",E","0",",E","31",",","0",",E","29",",E","2",",E","0",",E","0",",E","19820306",",,E","19820322",",,E","19820303",",,E","19820326",",,E","-15.3",",E,06,","900",",,E,22,","13.3",",,E,03,","12.6",",E,26,","4598.0","E","555.0",",E","94.0",",,,E","0.43",",E","3.53",",,,E","-2.66",",,,E"
"NOE00109514","1982-04","60.1881","11.0742","202.0","GARDERMOEN SOR, NO","0.0","E","0.0",",E","8",",E","3",",E","0",",E","20",",","0",",E","20",",E","0",",E","0",",E","0",",E","19820405",",,E","19820401",",,E","19820407",",,E","19820427",",,E","-5.4",",E,05,","610",",,E,01,","21.1",",,E,07,","15.9",",E,27,","5031.9","E","433.9",",E","31.2",",,,E","3.87",",E","8.72",",,,E","-0.98",",,,E"
"NOE00109514","1982-05","60.1881","11.0742","202.0","GARDERMOEN SOR, NO","0.0","E","0.0",",E","13",",E","9",",E","0",",E","0",",","0",",E","6",",E","0",",E","2",",E","0",",E","19820503",",,E","19820531","+,,E","19820527",",,E","19820531",",,E","-4.4",",E,03,","0",",,E,31,+","19.8",",,E,27,","24.6",",E,31,","5325.1","E","293.2",",E","79.1",",,,E","8.88",",E","14.37",",,,E","3.38",",,,E"
"NOE00109514","1982-06","60.1881","11.0742","202.0","GARDERMOEN SOR, NO","5.3","E","5.3",",E","9",",E","3",",E","0",",E","0",",","0",",E","0",",E","0",",E","7",",E","0",",E","19820613",",,E","19820630","+,,E","19820628",",,E","19820604",",,E","1.7",",E,13,","0",",,E,30,+","12.4",",,E,28,","29.3",",E,04,","5498.0","E","172.9",",E","31.8",",,,E","12.75",",E","18.63",",,,E","6.86",",,,E"
"NOE00109514","1982-07","60.1881","11.0742","202.0","GARDERMOEN SOR, NO","14.7","E","9.4",",E","5",",E","3",",E","0",",E","0",",","0",",E","0",",E","0",",E","22",",E","0",",E","19820705",",,E","19820731","+,,E","19820716",",,E","19820731",",,E","4.6",",E,05,","0",",,E,31,+","13.4",",,E,16,","29.5",",E,31,","57.8","E","57.8",",E","28.3",",,,E","16.77",",E","22.92",",,,E","10.62",",,,E"
"NOE00109514","1982-08","60.1881","11.0742","202.0","GARDERMOEN SOR, NO","42.5","E","27.8",",E","11",",E","7",",E","0",",E","0",",","0",",E","0",",E","0",",E","10",",E","1",",E","19820829","+,,E","19820831","+,,E","19820817",",,E","19820803",",,E","2.9",",E,29,+","0",",,E,31,+","21.4",",,E,17,","32.2",",E,03,","184.2","E","126.4",",E","81.5",",,,E","15.15",",E","21.28",",,,E","9.03",",,,E"
"NOE00109514","1982-09","60.1881","11.0742","202.0","GARDERMOEN SOR, NO","42.5","E","0.0",",E","17",",E","10",",E","1",",E","0",",","0",",E","3",",E","0",",E","0",",E","0",",E","19820923",",,E","19820930","+,,E","19820920",",,E","19820915",",,E","-1.4",",E,23,","0",",,E,30,+","38.6",",,E,20,","20.7",",E,15,","409.1","E","224.9",",E","124.5",",,,E","10.84",",E","15.05",",,,E","6.62",",,,E"
"NOE00109514","1982-10","60.1881","11.0742","202.0","GARDERMOEN SOR, NO","42.5","E","0.0",",E","13",",E","11",",E","0",",E","0",",","0",",E","11",",E","0",",E","0",",E","0",",E","19821025",",,E","19821031","+,,E","19821019",",,E","19821003",",,E","-3.9",",E,25,","0",",,E,31,+","19.5",",,E,19,","11.5",",E,03,","828.9","E","419.8",",E","85.6",",,,E","4.79",",E","7.29",",,,E","2.30",",,,E"
"NOE00109514","1982-11","60.1881","11.0742","202.0","GARDERMOEN SOR, NO","42.5","E","0.0",",E","17",",E","13",",E","0",",E","8",",","0",",E","21",",E","4",",E","0",",E","0",",E","19821130",",,E","19821129",",,E","19821121",",,E","19821102",",,E","-10.4",",E,30,","150",",,E,29,","22.3",",,E,21,","9.7",",E,02,","1361.2","E","532.3",",E","144.4",",,,E","0.59",",E","3.54",",,,E","-2.36",",,,E"
"NOE00109514","1982-12","60.1881","11.0742","202.0","GARDERMOEN SOR, NO","42.5","E","0.0",",E","12",",E","10",",E","0",",E","31",",","0",",E","30",",E","16",",E","0",",E","0",",E","19821213",",,E","19821225",",,E","19821220",",,E","19821226",",,E","-17.0",",E,13,","440",",,E,25,","17.9",",,E,20,","4.3",",E,26,","2059.8","E","698.6",",E","95.6",",,,E","-4.20",",E","-0.85",",,,E","-7.55",",,,E"
"NOE00109514","1983-01","60.1881","11.0742","202.0","GARDERMOEN SOR, NO","0.0","E","0.0",",E","10",",E","5",",E","0",",E","31",",","0",",E","25",",E","8",",E","0",",E","0",",E","19830116",",,E","19830104",",,E","19830117",",,E","19830121",",,E","-15.0",",E,16,","340",",,E,04,","10.0",",,E,17,","8.7",",E,21,","2690.7","E","630.9",",E","37.5",",,,E","-2.02",",E","1.83",",,,E","-5.86",",,,E"
"NOE00109514","1983-02","60.1881","11.0742","202.0","GARDERMOEN SOR, NO","0.0","E","0.0",",E","5",",E","2",",E","0",",E","28",",","2",",E","28",",E","23",",E","0",",E","0",",E","19830209",",,E","19830207","+,,E","19830205",",,E","19830222",",,E","-19.5",",E,09,","210",",,E,07,+","9.1",",,E,05,","1.7",",E,22,","3418.6","E","727.9",",E","16.8",",,,E","-7.66",",E","-2.75",",,,E","-12.57",",,,E"
"NOE00109514","1983-03","60.1881","11.0742","202.0","GARDERMOEN SOR, NO","0.0","E","0.0",",E","11",",E","4",",E","0",",E","31",",","0",",E","31",",E","2",",E","0",",E","0",",E","19830312",",,E","19830301",",,E","19830321",",,E","19830309","+,,E","-12.6",",E,12,","180",",,E,01,","8.1",",,E,21,","8.9",",E,09,+","3994.5","E","575.9",",E","35.7",",,,E","-0.24",",E","3.21",",,,E","-3.70",",,,E"
"NOE00109514","1983-04","60.1881","11.0742","202.0","GARDERMOEN SOR, NO","0.0","E","0.0",",E","13",",E","8",",E","0",",E","16",",","0",",E","16",",E","0",",E","0",",E","0",",E","19830402",",,E","19830404",",,E","19830417",",,E","19830427",",,E","-6.0",",E,02,","200",",,E,04,","21.0",",,E,17,","15.2",",E,27,","4422.4","E","427.9",",E","65.6",",,,E","4.07",",E","7.83",",,,E","0.31",",,,E"
"NOE00109514","1983-05","60.1881","11.0742","202.0","GARDERMOEN SOR, NO","0.0","E","0.0",",E","19",",E","9",",E","0",",E","0",",","0",",E","2",",E","0",",E","0",",E","0",",E","19830502",",,E","19830531","+,,E","19830527",",,E","19830526",",,E","-0.2",",E,02,","0",",,E,31,+","24.3",",,E,27,","20.0",",E,26,","4690.5","E","268.1",",E","114.9",",,,E","9.69",",E","13.82",",,,E","5.55",",,,E"
"NOE00109514","1983-06","60.1881","11.0742","202.0","GARDERMOEN SOR, NO","3.5","E","3.5",",E","11",",E","6",",E","0",",E","0",",","0",",E","0",",E","0",",E","8",",E","0",",E","19830606",",,E","19830630","+,,E","19830630",",,E","19830620",",,E","0.9",",E,06,","0",",,E,30,+","14.3",",,E,30,","26.4",",E,20,","4839.4","E","148.9",",E","54.0",",,,E","13.48",",E","19.26",",,,E","7.71",",,,E"
"NOE00109514","1983-07","60.1881","11.0742","202.0","GARDERMOEN SOR, NO","25.3","E","21.8",",E","6",",E","3",",E","0",",E","0",",","0",",E","0",",E","0",",E","20",",E","0",",E","19830721",",,E","19830731","+,,E","19830703",",,E","19830711",",,E","4.7",",E,21,","0",",,E,31,+","10.2",",,E,03,","29.4",",E,11,","73.7","E","73.7",",E","27.3",",,,E","16.66",",E","22.66",",,,E","10.66",",,,E"
"NOE00109514","1983-08","60.1881","11.0742","202.0","GARDERMOEN SOR, NO","29.0","E","3.7",",E","5",",E","3",",E","0",",E","0",",","0",",E","0",",E","0",",E","19",",E","0",",E","19830814",",,E","19830831","+,,E","19830801",",,E","19830810",",,E","4.0",",E,14,","0",",,E,31,+","13.0",",,E,01,","27.1",",E,10,","155.5","E","81.8",",E","27.8",",,,E","15.82",",E","22.38",",,,E","9.25",",,,E"
"NOE00109514","1983-09","60.1881","11.0742","202.0","GARDERMOEN SOR, NO","29.0","E","0.0",",E","19",",E","16",",E","1",",E","0",",","0",",E","3",",E","0",",E","0",",E","0",",E","19830929",",,E","19830930","+,,E","19830903",",,E","19830901",",,E","-2.5",",E,29,","0",",,E,30,+","30.7",",,E,03,","20.5",",E,01,","383.0","E","227.5",",E","204.5",",,,E","10.75",",E","14.34",",,,E","7.16",",,,E"
"NOE00109514","1983-10","60.1881","11.0742","202.0","GARDERMOEN SOR, NO","29.0","E","0.0",",E","13",",E","9",",E","1",",E","0",",","0",",E","5",",E","0",",E","0",",E","0",",E","19831029",",,E","19831031","+,,E","19831016",",,E","19831026",",,E","-5.7",",E,29,","0",",,E,31,+","25.5",",,E,16,","17.3",",E,26,","768.7","E","385.7",",E","106.6",",,,E","5.89",",E","9.40",",,,E","2.38",",,,E"
"NOE00109514","1983-11","60.1881","11.0742","202.0","GARDERMOEN SOR, NO","29.0","E","0.0",",E","7",",E","3",",E","0",",E","1",",","0",",E","21",",E","7",",E","0",",E","0",",E","19831130",",,E","19831130",",,E","19831129",",,E","19831101",",,E","-13.5",",E,30,","80",",,E,30,","4.3",",,E,29,","12.4",",E,01,","1312.9","E","544.2",",E","15.2",",,,E","0.19",",E","3.32",",,,E","-2.93",",,,E"
"NOE00109514","1983-12","60.1881","11.0742","202.0","GARDERMOEN SOR, NO","29.0","E","0.0",",E","12",",E","6",",E","0",",E","15",",","0",",E","28",",E","14",",E","0",",E","0",",E","19831212",",,E","19831226",",,E","19831221",",,E","19831214","+,,E","-17.6",",E,12,","320",",,E,26,","12.5",",,E,21,","5.0",",E,14,+","1980.8","E","667.9",",E","56.8",",,,E","-3.21",",E","-0.16",",,,E","-6.26",",,,E"
"NOE00109514","1984-01","60.1881","11.0742","202.0","GARDERMOEN SOR, NO","0.0","E","0.0",",E","17",",E","10",",E","0",",E","31",",","8",",E","31",",E","22",",E","0",",E","0",",E","19840122",",,E","19840131",",,E","19840113",",,E","19840101",",,E","-23.4",",E,22,","380",",,E,31,","16.0",",,E,13,","6.6",",E,01,","2793.3","E","812.5",",E","65.5",",,,E","-7.88",",E","-4.27",",,,E","-11.49",",,,E"
"NOE00109514","1984-02","60.1881","11.0742","202.0","GARDERMOEN SOR, NO","0.0","E","0.0",",E","11",",E","4",",E","0",",E","29",",","0",",E","29",",E","25",",E","0",",E","0",",E","19840220",",,E","19840223","+,,E","19840204",",,E","19840229",",,E","-14.3",",E,20,","570",",,E,23,+","8.7",",,E,04,","4.3",",E,29,","3462.6","E","669.3",",E","32.0",",,,E","-4.74",",E","-2.17",",,,E","-7.32",",,,E"
"NOE00109514","1984-03","60.1881","11.0742","202.0","GARDERMOEN SOR, NO","0.0","E","0.0",",E","7",",E","3",",E","0",",E","31",",","0",",E","31",",E","9",",E","0",",E","0",",E","19840302",",,E","19840301",",,E","19840329",",,E","19840306",",,E","-15.2",",E,02,","540",",,E,01,","17.4",",,E,29,","7.9",",E,06,","4118.8","E","656.2",",E","34.1",",,,E","-2.83",",E","1.42",",,,E","-7.08",",,,E"
"NOE00109514","1984-04","60.1881","11.0742","202.0","GARDERMOEN SOR, NO","0.0","E","0.0",",E","9",",E","3",",E","0",",E","18",",","0",",E","9",",E","0",",E","0",",E","0",",E","19840401",",,E","19840402","+,,E","19840404",",,E","19840430",",,E","-7.5",",E,01,","400",",,E,02,+","6.6",",,E,04,","20.4",",E,30,","4528.8","E","410.0",",E","26.7",",,,E","4.67",",E","8.76",",,,E","0.58",",,,E"
"NOE00109514","1984-05","60.1881","11.0742","202.0","GARDERMOEN SOR, NO","0.0","E","0.0",",E","13",",E","5",",E","0",",E","0",",","0",",E","2",",E","0",",E","5",",E","0",",E","19840511",",,E","19840531","+,,E","19840515",",,E","19840523",",,E","-0.6",",E,11,","0",",,E,31,+","19.1",",,E,15,","24.6",",E,23,","4738.8","E","210.0",",E","43.9",",,,E","11.56",",E","16.65",",,,E","6.46",",,,E"
"NOE00109514","1984-06","60.1881","11.0742","202.0","GARDERMOEN SOR, NO","1.4","E","1.4",",E","15",",E","9",",E","0",",E","0",",","0",",E","0",",E","0",",E","9",",E","0",",E","19840604",",,E","19840630","+,,E","19840601",",,E","19840604",",,E","4.1",",E,04,","0",",,E,30,+","24.2",",,E,01,","24.7",",E,04,","4863.4","E","124.6",",E","95.9",",,,E","14.23",",E","18.99",",,,E","9.46",",,,E"
"NOE00109514","1984-07","60.1881","11.0742","202.0","GARDERMOEN SOR, NO","1.5","E","0.1",",E","11",",E","4",",E","1",",E","0",",","0",",E","0",",E","0",",E","16",",E","0",",E","19840727",",,E","19840731","+,,E","19840712",",,E","19840710",",,E","5.6",",E,27,","0",",,E,31,+","36.2",",,E,12,","23.6",",E,10,","87.2","E","87.2",",E","60.6",",,,E","15.52",",E","20.67",",,,E","10.37",",,,E"
"NOE00109514","1984-08","60.1881","11.0742","202.0","GARDERMOEN SOR, NO","3.1","E","1.6",",E","12",",E","7",",E","0",",E","0",",","0",",E","0",",E","0",",E","13",",E","0",",E","19840826",",,E","19840831","+,,E","19840805",",,E","19840821",",,E","4.0",",E,26,","0",",,E,31,+","6.7",",,E,05,","24.9",",E,21,","179.4","E","92.2",",E","38.6",",,,E","15.41",",E","20.17",",,,E","10.65",",,,E"
"NOE00109514","1984-09","60.1881","11.0742","202.0","GARDERMOEN SOR, NO","3.1","E","0.0",",E","14",",E","14",",E","0",",E","0",",","0",",E","1",",E","0",",E","0",",E","0",",E","19840906",",,E","19840930","+,,E","19840924",",,E","19840907",",,E","-1.6",",E,06,","0",",,E,30,+","18.7",",,E,24,","18.1",",E,07,","458.2","E","278.8",",E","104.4",",,,E","9.04",",E","12.24",",,,E","5.84",",,,E"
"NOE00109514","1984-10","60.1881","11.0742","202.0","GARDERMOEN SOR, NO","3.1","E","0.0",",E","17",",E","15",",E","1",",E","0",",","0",",E","6",",E","0",",E","0",",E","0",",E","19841028","+,,E","19841031","+,,E","19841002",",,E","19841003",",,E","-2.7",",E,28,+","0",",,E,31,+","27.2",",,E,02,","13.3",",E,03,","818.5","E","360.3",",E","153.7",",,,E","6.71",",E","9.87",",,,E","3.55",",,,E"
"NOE00109514","1984-11","60.1881","11.0742","202.0","GARDERMOEN SOR, NO","3.1","E","0.0",",E","16",",E","9",",E","0",",E","2",",","0",",E","16",",E","9",",E","0",",E","0",",E","19841127",",,E","19841122","+,,E","19841127",",,E","19841102",",,E","-8.3",",E,27,","40",",,E,22,+","16.2",",,E,27,","10.7",",E,02,","1330.3","E","511.8",",E","80.1",",,,E","1.27",",E","2.84",",,,E","-0.30",",,,E"
"NOE00109514","1984-12","60.1881","11.0742","202.0","GARDERMOEN SOR, NO","3.1","E","0.0",",E","20",",E","7",",E","0",",E","12",",","0",",E","25",",E","13",",E","0",",E","0",",E","19841222",",,E","19841220",",,E","19841223","+,,E","19841209",",,E","-12.1",",E,22,","190",",,E,20,","14.5",",,E,23,+","6.3",",E,09,","1936.0","E","605.7",",E","81.2",",,,E","-1.21",",E","0.91",",,,E","-3.32",",,,E"
"NOE00109514","1985-01","60.1881","11.0742","202.0","GARDERMOEN SOR, NO","0.0","E","0.0",",E","15",",E","7",",E","0",",E","31",",","8",",E","31",",E","31",",E","0",",E","0",",E","19850128",",,E","19850124",",,E","19850122",",,E","19850101",",,E","-23.2",",E,28,","430",",,E,24,","19.0",",,E,22,","-2.4",",E,01,","2851.1","E","915.1",",E","59.3",",,,E","-11.19",",E","-8.15",",,,E","-14.22",",,,E"
"NOE00109514","1985-02","60.1881","11.0742","202.0","GARDERMOEN SOR, NO","0.0","E","0.0",",E","12",",E","4",",E","0",",E","28",",","13",",E","28",",E","28",",E","0",",E","0",",E","19850210",",,E","19850225","+,,E","19850204",",,E","19850227","+,,E","-31.5",",E,10,","640",",,E,25,+","10.6",",,E,04,","-0.5",",E,27,+","3714.4","E","863.3",",E","39.3",",,,E","-12.50",",E","-8.61",",,,E","-16.38",",,,E"
"NOE00109514","1985-03","60.1881","11.0742","202.0","GARDERMOEN SOR, NO","0.0","E","0.0",",E","14",",E","9",",E","0",",E","31",",","0",",E","29",",E","9",",E","0",",E","0",",E","19850317",",,E","19850306",",,E","19850322",",,E","19850313",",,E","-15.2",",E,17,","860",",,E,06,","21.8",",,E,22,","6.2",",E,13,","4341.2","E","626.8",",E","79.3",",,,E","-1.89",",E","1.18",",,,E","-4.95",",,,E"
"NOE00109514","1985-04","60.1881","11.0742","202.0","GARDERMOEN SOR, NO","0.0","E","0.0",",E","17",",E","9",",E","0",",E","30",",","0",",E","24",",E","1",",E","0",",E","0",",E","19850410",",,E","19850408",",,E","19850419",",,E","19850422",",,E","-12.1",",E,10,","790",",,E,08,","21.3",",,E,19,","11.2",",E,22,","4843.2","E","502.0",",E","79.8",",,,E","1.60",",E","5.73",",,,E","-2.53",",,,E"
"NOE00109514","1985-05","60.1881","11.0742","202.0","GARDERMOEN SOR, NO","0.0","E","0.0",",E","7",",E","4",",E","0",",E","6",",","0",",E","3",",E","0",",E","4",",E","0",",E","19850506",",,E","19850503","+,,E","19850502",",,E","19850527",",,E","-1.6",",E,06,","150",",,E,03,+","8.2",",,E,02,","24.7",",E,27,","5094.5","E","251.3",",E","28.4",",,,E","10.23",",E","16.02",",,,E","4.44",",,,E"
"NOE00109514","1985-06","60.1881","11.0742","202.0","GARDERMOEN SOR, NO","0.0","E","0.0",",E","19",",E","15",",E","0",",E","0",",","0",",E","0",",E","0",",E","11",",E","0",",E","19850611",",,E","19850630","+,,E","19850621",",,E","19850601",",,E","5.0",",E,11,","0",",,E,30,+","18.0",",,E,21,","24.7",",E,01,","5223.1","E","128.6",",E","119.4",",,,E","14.05",",E","18.54",",,,E","9.55",",,,E"
"NOE00109514","1985-07","60.1881","11.0742","202.0","GARDERMOEN SOR, NO","1.0","E","1.0",",E","22",",E","11",",E","1",",E","0",",","0",",E","0",",E","0",",E","13",",E","0",",E","19850724","+,,E","19850731","+,,E","19850714",",,E","19850706",",,E","5.7",",E,24,+","0",",,E,31,+","33.5",",,E,14,","25.4",",E,06,","88.5","E","88.5",",E","118.1",",,,E","15.51",",E","20.18",",,,E","10.85",",,,E"
"NOE00109514","1985-08","60.1881","11.0742","202.0","GARDERMOEN SOR, NO","1.0","E","0.0",",E","21",",E","13",",E","2",",E","0",",","0",",E","0",",E","0",",E","4",",E","0",",E","19850830",",,E","19850831","+,,E","19850810",",,E","19850818",",,E","3.8",",E,30,","0",",,E,31,+","37.2",",,E,10,","23.5",",E,18,","225.3","E","136.8",",E","194.4",",,,E","13.92",",E","18.01",",,,E","9.83",",,,E"
"NOE00109514","1985-09","60.1881","11.0742","202.0","GARDERMOEN SOR, NO","1.0","E","0.0",",E","13",",E","6",",E","1",",E","0",",","0",",E","6",",E","0",",E","0",",E","0",",E","19850926",",,E","19850930","+,,E","19850905",",,E","19850902",",,E","-2.6",",E,26,","0",",,E,30,+","25.8",",,E,05,","18.0",",E,02,","526.9","E","301.6",",E","97.4",",,,E","8.28",",E","12.69",",,,E","3.87",",,,E"
"NOE00109514","1985-10","60.1881","11.0742","202.0","GARDERMOEN SOR, NO","1.0","E","0.0",",E","8",",E","6",",E","0",",E","0",",","0",",E","9",",E","0",",E","0",",E","0",",E","19851027",",,E","19851031","+,,E","19851007",",,E","19851016",",,E","-5.8",",E,27,","0",",,E,31,+","14.5",",,E,07,","18.2",",E,16,","885.6","E","358.7",",E","41.3",",,,E","6.76",",E","10.57",",,,E","2.95",",,,E"
"NOE00109514","1985-11","60.1881","11.0742","202.0","GARDERMOEN SOR, NO","1.0","E","0.0",",E","9",",E","4",",E","0",",E","14",",","0",",E","26",",E","14",",E","0",",E","0",",E","19851121",",,E","19851129",",,E","19851109",",,E","19851110",",,E","-14.2",",E,21,","220",",,E,29,","24.7",",,E,09,","6.6",",E,10,","1523.2","E","637.6",",E","56.1",",,,E","-2.92",",E","-0.13",",,,E","-5.71",",,,E"
"NOE00109514","1985-12","60.1881","11.0742","202.0","GARDERMOEN SOR, NO","1.0","E","0.0",",E","14",",E","10",",E","0",",E","31",",","12",",E","29",",E","22",",E","0",",E","0",",E","19851231",",,E","19851221",",,E","19851203",",,E","19851214",",,E","-27.5",",E,31,","450",",,E,21,","13.2",",,E,03,","4.8",",E,14,","2391.4","E","868.2",",E","69.6",",,,E","-9.67",",E","-6.61",",,,E","-12.74",",,,E"
"NOE00109514","1986-01","60.1881","11.0742","202.0","GARDERMOEN SOR, NO","0.0","E","0.0",",E","17",",E","12",",E","0",",E","31",",","11",",E","31",",E","30",",E","0",",E","0",",E","19860110",",,E","19860130","+,,E","19860110",",,E","19860123",",,E","-29.0",",E,10,","780",",,E,30,+","16.9",",,E,10,","0.7",",E,23,","3293.7","E","902.3",",E","80.5",",,,E","-10.77",",E","-7.49",",,,E","-14.06",",,,E"
"NOE00109514","1986-02","60.1881","11.0742","202.0","GARDERMOEN SOR, NO","0.0","E","0.0",",E","3",",E","1",",E","0",",E","28",",","18",",E","28",",E","27",",E","0",",E","0",",E","19860220",",,E","19860201",",,E","19860201",",,E","19860227",",,E","-29.2",",E,20,","780",",,E,01,","2.7",",,E,01,","0.1",",E,27,","4125.8","E","832.1",",E","4.5",",,,E","-11.39",",E","-5.82",",,,E","-16.95",",,,E"
"NOE00109514","1986-03","60.1881","11.0742","202.0","GARDERMOEN SOR, NO","0.0","E","0.0",",E","17",",E","9",",E","0",",E","31",",","0",",E","26",",E","2",",E","0",",E","0",",E","19860301",",,E","19860306",",,E","19860322",",,E","19860308",",,E","-17.6",",E,01,","780",",,E,06,","18.8",",,E,22,","7.2",",E,08,","4701.0","E","575.2",",E","62.6",",,,E","-0.22",",E","2.52",",,,E","-2.96",",,,E"
"NOE00109514","1986-04","60.1881","11.0742","202.0","GARDERMOEN SOR, NO","0.0","E","0.0",",E","9",",E","6",",E","0",",E","29",",","0",",E","24",",E","0",",E","0",",E","0",",E","19860411",",,E","19860401",",,E","19860420",",,E","19860427",",,E","-9.9",",E,11,","640",",,E,01,","11.3",",,E,20,","13.2",",E,27,","5195.3","E","494.3",",E","39.6",",,,E","1.86",",E","5.90",",,,E","-2.19",",,,E"
"NOE00109514","1986-05","60.1881","11.0742","202.0","GARDERMOEN SOR, NO","0.0","E","0.0",",E","12",",E","6",",E","0",",E","0",",","0",",E","0",",E","0",",E","2",",E","0",",E","19860529",",,E","19860531","+,,E","19860521",",,E","19860504",",,E","1.3",",E,29,","0",",,E,31,+","12.8",",,E,21,","22.0",",E,04,","5445.4","E","250.1",",E","48.1",",,,E","10.26",",E","15.55",",,,E","4.98",",,,E"
"NOE00109514","1986-06","60.1881","11.0742","202.0","GARDERMOEN SOR, NO","15.7","E","15.7",",E","8",",E","3",",E","0",",E","0",",","0",",E","0",",E","0",",E","15",",E","0",",E","19860621",",,E","19860630","+,,E","19860604",",,E","19860630",",,E","5.6",",E,21,","0",",,E,30,+","11.6",",,E,04,","29.8",",E,30,","5526.3","E","80.9",",E","31.4",",,,E","16.16",",E","21.99",",,,E","10.33",",,,E"
"NOE00109514","1986-07","60.1881","11.0742","202.0","GARDERMOEN SOR, NO","29.9","E","14.2",",E","7",",E","5",",E","0",",E","0",",","0",",E","0",",E","0",",E","14",",E","0",",E","19860712",",,E","19860731","+,,E","19860729",",,E","19860701",",,E","6.6",",E,12,","0",",,E,31,+","23.9",",,E,29,","30.2",",E,01,","74.2","E","74.2",",E","47.8",",,,E","16.40",",E","21.22",",,,E","11.57",",,,E"
"NOE00109514","1986-08","60.1881","11.0742","202.0","GARDERMOEN SOR, NO","29.9","E","0.0",",E","20",",E","12",",E","0",",E","0",",","0",",E","0",",E","0",",E","0",",E","0",",E","19860826",",,E","19860831","+,,E","19860827",",,E","19860805",",,E","3.0",",E,26,","0",",,E,31,+","21.1",",,E,27,","19.8",",E,05,","254.6","E","180.4",",E","120.6",",,,E","12.51",",E","16.19",",,,E","8.84",",,,E"
"NOE00109514","1986-09","60.1881","11.0742","202.0","GARDERMOEN SOR, NO","29.9","E","0.0",",E","12",",E","2",",E","0",",E","0",",","0",",E","8",",E","0",",E","0",",E","0",",E","19860927",",,E","19860930","+,,E","19860909",",,E","19860921",",,E","-4.6",",E,27,","0",",,E,30,+","7.9",",,E,09,","17.6",",E,21,","577.2","E","322.6",",E","24.6",",,,E","7.58",",E","12.60",",,,E","2.56",",,,E"
"NOE00109514","1986-10","60.1881","11.0742","202.0","GARDERMOEN SOR, NO","29.9","E","0.0",",E","13",",E","9",",E","0",",E","0",",","0",",E","11",",E","0",",E","0",",E","0",",E","19861024","+,,E","19861031","+,,E","19861028",",,E","19861001",",,E","-4.5",",E,24,+","0",",,E,31,+","16.3",",,E,28,","15.0",",E,01,","979.5","E","402.3",",E","89.5",",,,E","5.36",",E","8.76",",,,E","1.95",",,,E"
"NOE00109514","1986-11","60.1881","11.0742","202.0","GARDERMOEN SOR, NO","29.9","E","0.0",",E","20",",E","8",",E","0",",E","0",",","0",",E","13",",E","2",",E","0",",E","0",",E","19861113",",,E","19861122",",,E","19861123",",,E","19861110","+,,E","-6.3",",E,13,","10",",,E,22,","14.9",",,E,23,","9.5",",E,10,+","1452.1","E","472.6",",E","81.3",",,,E","2.58",",E","5.05",",,,E","0.11",",,,E"
"NOE00109514","1986-12","60.1881","11.0742","202.0","GARDERMOEN SOR, NO","29.9","E","0.0",",E","20",",E","13",",E","0",",E","18",",","2",",E","26",",E","18",",E","0",",E","0",",E","19861225",",,E","19861229",",,E","19861225",",,E","19861204",",,E","-20.2",",E,25,","560",",,E,29,","14.1",",,E,25,","8.0",",E,04,","2123.5","E","671.4",",E","109.3",",,,E","-3.32",",E","-0.79",",,,E","-5.85",",,,E"
"NOE00109514","1987-01","60.1881","11.0742","202.0","GARDERMOEN SOR, NO","0.0","E","0.0",",E","10",",E","2",",E","0",",E","31",",","20",",E","31",",E","29",",E","0",",E","0",",E","19870110",",,E","19870107","+,,E","19870104",",,E","19870131",",,E","-27.4",",E,10,","630",",,E,07,+","8.9",",,E,04,","4.8",",E,31,","3142.4","E","1018.9",",E","23.3",",,,E","-14.53",",E","-10.20",",,,E","-18.87",",,,E"
"NOE00109514","1987-02","60.1881","11.0742","202.0","GARDERMOEN SOR, NO","0.0","E","0.0",",E","6",",E","3",",E","0",",E","28",",","5",",E","28",",E","21",",E","0",",E","0",",E","19870216",",,E","19870214",",,E","19870210",",,E","19870204",",,E","-22.9",",E,16,","740",",,E,14,","20.3",",,E,10,","3.5",",E,04,","3861.1","E","718.7",",E","41.1",",,,E","-7.33",",E","-3.06",",,,E","-11.61",",,,E"
"NOE00109514","1987-03","60.1881","11.0742","202.0","GARDERMOEN SOR, NO","0.0","E","0.0",",E","13",",E","9",",E","1",",E","31",",","10",",E","30",",E","21",",E","0",",E","0",",E","19870303",",,E","19870321",",,E","19870327",",,E","19870329",",,E","-27.2",",E,03,","1020",",,E,21,","26.0",",,E,27,","7.8",",E,29,","4630.2","E","769.1",",E","91.6",",,,E","-6.48",",E","-1.50",",,,E","-11.45",",,,E"
"NOE00109514","1987-04","60.1881","11.0742","202.0","GARDERMOEN SOR, NO","0.0","E","0.0",",E","6",",E","3",",E","0",",E","24",",","0",",E","18",",E","0",",E","0",",E","0",",E","19870413","+,,E","19870401",",,E","19870420",",,E","19870428",",,E","-4.5",",E,13,+","880",",,E,01,","10.7",",,E,20,","18.9",",E,28,","5044.6","E","414.4",",E","26.1",",,,E","4.52",",E","9.21",",,,E","-0.17",",,,E"
"NOE00109514","1987-05","60.1881","11.0742","202.0","GARDERMOEN SOR, NO","0.0","E","0.0",",E","15",",E","7",",E","0",",E","0",",","0",",E","1",",E","0",",E","4",",E","0",",E","19870508",",,E","19870531","+,,E","19870513",",,E","19870523",",,E","0.0",",E,08,","0",",,E,31,+","12.6",",,E,13,","24.5",",E,23,","5346.3","E","301.7",",E","48.7",",,,E","8.60",",E","13.42",",,,E","3.79",",,,E"
"NOE00109514","1987-06","60.1881","11.0742","202.0","GARDERMOEN SOR, NO","0.0","E","0.0",",E","24",",E","15",",E","0",",E","0",",","0",",E","0",",E","0",",E","2",",E","0",",E","19870614",",,E","19870630","+,,E","19870626",",,E","19870629",",,E","3.9",",E,14,","0",",,E,30,+","24.1",",,E,26,","23.9",",E,29,","5540.6","E","194.3",",E","179.0",",,,E","11.86",",E","15.26",",,,E","8.46",",,,E"
"NOE00109514","1987-07","60.1881","11.0742","202.0","GARDERMOEN SOR, NO","12.0","E","12.0",",E","11",",E","6",",E","0",",E","0",",","0",",E","0",",E","0",",E","16",",E","0",",E","19870711",",,E","19870731","+,,E","19870724",",,E","19870722",",,E","5.6",",E,11,","0",",,E,31,+","12.9",",,E,24,","29.5",",E,22,","87.5","E","87.5",",E","46.7",",,,E","15.90",",E","21.06",",,,E","10.74",",,,E"
"NOE00109514","1987-08","60.1881","11.0742","202.0","GARDERMOEN SOR, NO","12.0","E","0.0",",E","15",",E","12",",E","0",",E","0",",","0",",E","0",",E","0",",E","2",",E","0",",E","19870829",",,E","19870831","+,,E","19870826",",,E","19870820","+,,E","3.6",",E,29,","0",",,E,31,+","13.9",",,E,26,","21.4",",E,20,+","265.0","E","177.5",",E","78.3",",,,E","12.61",",E","16.34",",,,E","8.88",",,,E"
"NOE00109514","1987-09","60.1881","11.0742","202.0","GARDERMOEN SOR, NO","12.0","E","0.0",",E","16",",E","11",",E","1",",E","0",",","0",",E","3",",E","0",",E","0",",E","0",",E","19870921",",,E","19870930","+,,E","19870910",",,E","19870902",",,E","-1.0",",E,21,","0",",,E,30,+","28.3",",,E,10,","18.7",",E,02,","546.2","E","281.2",",E","133.2",",,,E","8.96",",E","13.55",",,,E","4.37",",,,E"
"NOE00109514","1987-10","60.1881","11.0742","202.0","GARDERMOEN SOR, NO","12.0","E","0.0",",E","18",",E","13",",E","3",",E","0",",","0",",E","6",",E","0",",E","0",",E","0",",E","19871001",",,E","19871031","+,,E","19871008",",,E","19871016",",,E","-2.9",",E,01,","0",",,E,31,+","44.7",",,E,08,","14.0",",E,16,","918.4","E","372.2",",E","217.9",",,,E","6.33",",E","8.83",",,,E","3.82",",,,E"
"NOE00109514","1987-11","60.1881","11.0742","202.0","GARDERMOEN SOR, NO","12.0","E","0.0",",E","12",",E","9",",E","1",",E","13",",","0",",E","25",",E","10",",E","0",",E","0",",E","19871128",",,E","19871125",",,E","19871112",",,E","19871106",",,E","-15.0",",E,28,","190",",,E,25,","36.3",",,E,12,","7.7",",E,06,","1502.9","E","584.5",",E","110.8",",,,E","-1.15",",E","0.80",",,,E","-3.11",",,,E"
"NOE00109514","1987-12","60.1881","11.0742","202.0","GARDERMOEN SOR, NO","12.0","E","0.0",",E","11",",E","4",",E","0",",E","31",",","2",",E","30",",E","23",",E","0",",E","0",",E","19871218","+,,E","19871224","+,,E","19871231",",,E","19871210",",,E","-19.2",",E,18,+","280",",,E,24,+","6.3",",,E,31,","6.0",",E,10,","2249.6","E","746.7",",E","29.3",",,,E","-5.75",",E","-2.38",",,,E","-9.13",",,,E"
"NOE00109514","1988-01","60.1881","11.0742","202.0","GARDERMOEN SOR, NO","0.0","E","0.0",",E","26",",E","17",",E","0",",E","31",",","0",",E","24",",E","11",",E","0",",E","0",",E","19880108",",,E","19880131",",,E","19880118",",,E","19880110",",,E","-10.8",",E,08,","530",",,E,31,","19.0",",,E,18,","5.3",",E,10,","2837.1","E","587.5",",E","136.4",",,,E","-0.62",",E","0.80",",,,E","-2.04",",,,E"
"NOE00109514","1988-02","60.1881","11.0742","202.0","GARDERMOEN SOR, NO","0.0","E","0.0",",E","23",",E","11",",E","0",",E","29",",","0",",E","26",",E","14",",E","0",",E","0",",E","19880227",",,E","19880226","+,,E","19880222",",,E","19880228",",,E","-14.9",",E,27,","750",",,E,26,+","11.4",",,E,22,","3.2",",E,28,","3454.9","E","617.8",",E","107.2",",,,E","-2.97",",E","-0.78",",,,E","-5.16",",,,E"
"NOE00109514","1988-03","60.1881","11.0742","202.0","GARDERMOEN SOR, NO","0.0","E","0.0",",E","18",",E","11",",E","1",",E","31",",","1",",E","29",",E","12",",E","0",",E","0",",E","19880309",",,E","19880331",",,E","19880330",",,E","19880318",",,E","-17.8",",E,09,","1090",",,E,31,","34.6",",,E,30,","3.9",",E,18,","4128.6","E","673.7",",E","143.0",",,,E","-3.40",",E","0.32",",,,E","-7.12",",,,E"
"NOE00109514","1988-04","60.1881","11.0742","202.0","GARDERMOEN SOR, NO","0.0","E","0.0",",E","6",",E","3",",E","0",",E","30",",","0",",E","22",",E","0",",E","0",",E","0",",E","19880412",",,E","19880401",",,E","19880420",",,E","19880429",",,E","-11.0",",E,12,","1050",",,E,01,","20.8",",,E,20,","13.4",",E,29,","4625.8","E","497.2",",E","34.0",",,,E","1.76",",E","5.94",",,,E","-2.42",",,,E"
"NOE00109514","1988-05","60.1881","11.0742","202.0","GARDERMOEN SOR, NO","0.0","E","0.0",",E","9",",E","5",",E","0",",E","3",",","0",",E","3",",E","0",",E","6",",E","0",",E","19880520","+,,E","19880501",",,E","19880529",",,E","19880528",",,E","-0.8",",E,20,+","100",",,E,01,","12.7",",,E,29,","26.2",",E,28,","4863.9","E","238.1",",E","30.7",",,,E","10.65",",E","16.98",",,,E","4.32",",,,E"
"NOE00109514","1988-06","60.1881","11.0742","202.0","GARDERMOEN SOR, NO","32.7","E","32.7",",E","10",",E","7",",E","1",",E","0",",","0",",E","0",",E","0",",E","24",",E","0",",E","19880602",",,E","19880630","+,,E","19880603",",,E","19880627",",,E","7.2",",E,02,","0",",,E,30,+","25.7",",,E,03,","31.3",",E,27,","4913.6","E","49.7",",E","63.7",",,,E","17.77",",E","23.61",",,,E","11.92",",,,E"
"NOE00109514","1988-07","60.1881","11.0742","202.0","GARDERMOEN SOR, NO","37.6","E","4.9",",E","20",",E","14",",E","0",",E","0",",","0",",E","0",",E","0",",E","9",",E","0",",E","19880729",",,E","19880731","+,,E","19880714",",,E","19880719",",,E","7.2",",E,29,","0",",,E,31,+","22.5",",,E,14,","25.5",",E,19,","80.7","E","80.7",",E","136.3",",,,E","15.89",",E","20.09",",,,E","11.69",",,,E"
"NOE00109514","1988-08","60.1881","11.0742","202.0","GARDERMOEN SOR, NO","37.6","E","0.0",",E","20",",E","12",",E","2",",E","0",",","0",",E","0",",E","0",",E","6",",E","0",",E","19880801",",,E","19880831","+,,E","19880819",",,E","19880806",",,E","5.5",",E,01,","0",",,E,31,+","28.1",",,E,19,","24.6",",E,06,","205.4","E","124.7",",E","150.7",",,,E","14.31",",E","18.67",",,,E","9.95",",,,E"
"NOE00109514","1988-09","60.1881","11.0742","202.0","GARDERMOEN SOR, NO","37.6","E","0.0",",E","14",",E","10",",E","1",",E","0",",","0",",E","0",",E","0",",E","0",",E","0",",E","19880930",",,E","19880930","+,,E","19880902",",,E","19880917",",,E","3.0",",E,30,","0",",,E,30,+","55.6",",,E,02,","19.2",",E,17,","410.0","E","204.6",",E","130.2",",,,E","11.51",",E","15.37",",,,E","7.65",",,,E"
"NOE00109514","1988-10","60.1881","11.0742","202.0","GARDERMOEN SOR, NO","37.6","E","0.0",",E","10",",E","7",",E","0",",E","5",",","0",",E","12",",E","1",",E","0",",E","0",",E","19881030",",,E","19881027",",,E","19881006",",,E","19881002",",,E","-9.5",",E,30,","70",",,E,27,","14.5",",,E,06,","11.9",",E,02,","858.7","E","448.7",",E","79.3",",,,E","3.86",",E","6.87",",,,E","0.85",",,,E"
"NOE00109514","1988-11","60.1881","11.0742","202.0","GARDERMOEN SOR, NO","37.6","E","0.0",",E","8",",E","4",",E","0",",E","24",",","1",",E","29",",E","16",",E","0",",E","0",",E","19881130",",,E","19881129",",,E","19881117",",,E","19881111",",,E","-19.0",",E,30,","230",",,E,29,","9.4",",,E,17,","8.5",",E,11,","1529.5","E","670.8",",E","30.9",",,,E","-4.03",",E","-0.21",",,,E","-7.85",",,,E"
"NOE00109514","1988-12","60.1881","11.0742","202.0","GARDERMOEN SOR, NO","37.6","E","0.0",",E","13",",E","5",",E","0",",E","31",",","4",",E","31",",E","18",",E","0",",E","0",",E","19881203",",,E","19881225","+,,E","19881204",",,E","19881230",",,E","-22.0",",E,03,","350",",,E,25,+","10.4",",,E,04,","8.8",",E,30,","2281.5","E","752.0",",E","36.9",",,,E","-5.93",",E","-1.70",",,,E","-10.15",",,,E"
"NOE00109514","1989-01","60.1881","11.0742","202.0","GARDERMOEN SOR, NO","0.0","E","0.0",",E","6",",E","1",",E","0",",E","20",",","0",",E","22",",E","5",",E","0",",E","0",",E","19890106",",,E","19890104",",,E","19890112",",,E","19890131",",,E","-11.7",",E,06,","240",",,E,04,","9.6",",,E,12,","9.9",",E,31,","2825.5","E","544.0",",E","14.3",",,,E","0.78",",E","4.23",",,,E","-2.66",",,,E"
"NOE00109514","1989-02","60.1881","11.0742","202.0","GARDERMOEN SOR, NO","0.0","E","0.0",",E","14",",E","7",",E","0",",E","9",",","0",",E","19",",E","0",",E","0",",E","0",",E","19890218",",,E","19890226",",,E","19890226",",,E","19890206",",,E","-8.7",",E,18,","200",",,E,26,","20.9",",,E,26,","10.3",",E,06,","3297.1","E","471.6",",E","85.8",",,,E","1.49",",E","4.21",",,,E","-1.23",",,,E"
"NOE00109514","1989-03","60.1881","11.0742","202.0","GARDERMOEN SOR, NO","0.0","E","0.0",",E","17",",E","10",",E","0",",E","16",",","0",",E","17",",E","0",",E","0",",E","0",",E","19890317",",,E","19890314",",,E","19890313",",,E","19890329",",,E","-9.3",",E,17,","150",",,E,14,","16.9",",,E,13,","10.3",",E,29,","3791.4","E","494.3",",E","79.1",",,,E","2.39",",E","5.68",",,,E","-0.90",",,,E"
"NOE00109514","1989-04","60.1881","11.0742","202.0","GARDERMOEN SOR, NO","0.0","E","0.0",",E","17",",E","12",",E","0",",E","0",",","0",",E","12",",E","0",",E","0",",E","0",",E","19890405",",,E","19890430","+,,E","19890410",",,E","19890414",",,E","-6.2",",E,05,","0",",,E,30,+","11.7",",,E,10,","20.5",",E,14,","4211.9","E","420.5",",E","82.9",",,,E","4.32",",E","8.14",",,,E","0.50",",,,E"
"NOE00109514","1989-05","60.1881","11.0742","202.0","GARDERMOEN SOR, NO","0.0","E","0.0",",E","8",",E","4",",E","0",",E","0",",","0",",E","1",",E","0",",E","5",",E","0",",E","19890512",",,E","19890531","+,,E","19890513",",,E","19890522",",,E","-0.2",",E,12,","0",",,E,31,+","12.3",",,E,13,","23.2",",E,22,","4457.4","E","245.5",",E","42.7",",,,E","10.41",",E","16.29",",,,E","4.54",",,,E"
"NOE00109514","1989-06","60.1881","11.0742","202.0","GARDERMOEN SOR, NO","13.3","E","13.3",",E","13",",E","7",",E","0",",E","0",",","0",",E","0",",E","0",",E","12",",E","0",",E","19890602",",,E","19890630","+,,E","19890628",",,E","19890619",",,E","2.0",",E,02,","0",",,E,30,+","17.1",",,E,28,","27.9",",E,19,","4579.3","E","121.9",",E","61.4",",,,E","14.71",",E","20.03",",,,E","9.39",",,,E"
"NOE00109514","1989-07","60.1881","11.0742","202.0","GARDERMOEN SOR, NO","29.1","E","15.8",",E","9",",E","7",",E","1",",E","0",",","0",",E","0",",E","0",",E","18",",E","0",",E","19890717",",,E","19890731","+,,E","19890731",",,E","19890726",",,E","4.5",",E,17,","0",",,E,31,+","63.3",",,E,31,","28.8",",E,26,","75.1","E","75.1",",E","117.0",",,,E","16.42",",E","22.53",",,,E","10.31",",,,E"
"NOE00109514","1989-08","60.1881","11.0742","202.0","GARDERMOEN SOR, NO","29.2","E","0.1",",E","14",",E","12",",E","0",",E","0",",","0",",E","0",",E","0",",E","3",",E","0",",E","19890826",",,E","19890831","+,,E","19890801",",,E","19890821",",,E","2.7",",E,26,","0",",,E,31,+","17.9",",,E,01,","23.0",",E,21,","213.8","E","138.7",",E","98.1",",,,E","13.86",",E","18.35",",,,E","9.38",",,,E"
"NOE00109514","1989-09","60.1881","11.0742","202.0","GARDERMOEN SOR, NO","29.2","E","0.0",",E","6",",E","4",",E","0",",E","0",",","0",",E","1",",E","0",",E","1",",E","0",",E","19890911",",,E","19890930","+,,E","19890925",",,E","19890906",",,E","-0.6",",E,11,","0",",,E,30,+","12.2",",,E,25,","23.4",",E,06,","429.8","E","216.0",",E","32.4",",,,E","11.13",",E","15.95",",,,E","6.31",",,,E"
"NOE00109514","1989-10","60.1881","11.0742","202.0","GARDERMOEN SOR, NO","29.2","E","0.0",",E","17",",E","9",",E","0",",E","0",",","0",",E","10",",E","0",",E","0",",E","0",",E","19891012",",,E","19891031","+,,E","19891029",",,E","19891001",",,E","-4.7",",E,12,","0",",,E,31,+","12.5",",,E,29,","16.3",",E,01,","829.5","E","399.7",",E","52.6",",,,E","5.44",",E","9.03",",,,E","1.85",",,,E"
"NOE00109514","1989-11","60.1881","11.0742","202.0","GARDERMOEN SOR, NO","29.2","E","0.0",",E","13",",E","8",",E","0",",E","0",",","0",",E","17",",E","5",",E","0",",E","0",",E","19891125",",,E","19891130","+,,E","19891104",",,E","19891111",",,E","-12.6",",E,25,","0",",,E,30,+","15.2",",,E,04,","11.3",",E,11,","1346.5","E","517.0",",E","70.5",",,,E","1.10",",E","3.80",",,,E","-1.60",",,,E"
"NOE00109514","1989-12","60.1881","11.0742","202.0","GARDERMOEN SOR, NO","29.2","E","0.0",",E","10",",E","5",",E","0",",E","11",",","2",",E","30",",E","20",",E","0",",E","0",",E","19891215",",,E","19891224","+,,E","19891217",",,E","19891206",",,E","-19.6",",E,15,","250",",,E,24,+","16.5",",,E,17,","8.3",",E,06,","2095.1","E","748.6",",E","51.6",",,,E","-5.82",",E","-1.86",",,,E","-9.77",",,,E"
"NOE00109514","1990-01","60.1881","11.0742","202.0","GARDERMOEN SOR, NO","0.0","E","0.0",",E","18",",E","13",",E","1",",E","6",",","0",",E","29",",E","9",",E","0",",E","0",",E","19900101",",,E","19900130",",,E","19900131",",,E","19900116",",,E","-12.4",",E,01,","260",",,E,30,","30.2",",,E,31,","6.6",",E,16,","2703.5","E","608.4",",E","141.3",",,,E","-1.29",",E","1.62",",,,E","-4.21",",,,E"
"NOE00109514","1990-02","60.1881","11.0742","202.0","GARDERMOEN SOR, NO","0.0","E","0.0",",E","15",",E","13",",E","0",",E","7",",","0",",E","11",",E","2",",E","0",",E","0",",E","19900216",",,E","19900218",",,E","19900224",",,E","19900220",",,E","-9.6",",E,16,","70",",,E,18,","16.3",",,E,24,","10.6",",E,20,","3155.8","E","452.3",",E","82.6",",,,E","2.18",",E","4.58",",,,E","-0.22",",,,E"
"NOE00109514","1990-03","60.1881","11.0742","202.0","GARDERMOEN SOR, NO","0.0","E","0.0",",E","8",",E","2",",E","0",",E","2",",","0",",E","13",",E","0",",E","0",",E","0",",E","19900303",",,E","19900312",",,E","19900311",",,E","19900331",",,E","-8.1",",E,03,","90",",,E,12,","8.2",",,E,11,","16.4",",E,31,","3609.7","E","453.9",",E","19.8",",,,E","3.69",",E","8.01",",,,E","-0.63",",,,E"
"NOE00109514","1990-04","60.1881","11.0742","202.0","GARDERMOEN SOR, NO","0.0","E","0.0",",E","15",",E","9",",E","0",",E","4",",","0",",E","13",",E","0",",E","0",",E","0",",E","19900405",",,E","19900405","+,,E","19900403",",,E","19900430",",,E","-10.5",",E,05,","70",",,E,05,+","13.1",",,E,03,","18.8",",E,30,","4000.9","E","391.2",",E","80.8",",,,E","5.29",",E","10.22",",,,E","0.37",",,,E"
"NOE00109514","1990-05","60.1881","11.0742","202.0","GARDERMOEN SOR, NO","0.0","E","0.0",",E","4",",E","2",",E","0",",E","0",",","0",",E","0",",E","0",",E","10",",E","0",",E","19900512",",,E","19900531","+,,E","19900523",",,E","19900503",",,E","1.2",",E,12,","0",",,E,31,+","4.0",",,E,23,","26.4",",E,03,","4207.8","E","206.9",",E","9.9",",,,E","11.66",",E","18.22",",,,E","5.10",",,,E"
"NOE00109514","1990-06","60.1881","11.0742","202.0","GARDERMOEN SOR, NO","0.0","E","0.0",",E","12",",E","8",",E","0",",E","0",",","0",",E","0",",E","0",",E","8",",E","0",",E","19900615",",,E","19900630","+,,E","19900621",",,E","19900611",",,E","6.1",",E,15,","0",",,E,30,+","25.0",",,E,21,","24.6",",E,11,","4323.5","E","115.7",",E","80.6",",,,E","14.48",",E","19.54",",,,E","9.41",",,,E"
"NOE00109514","1990-07","60.1881","11.0742","202.0","GARDERMOEN SOR, NO","7.2","E","7.2",",E","12",",E","9",",E","0",",E","0",",","0",",E","0",",E","0",",E","14",",E","0",",E","19900710",",,E","19900731","+,,E","19900708",",,E","19900727",",,E","5.7",",E,10,","0",",,E,31,+","13.6",",,E,08,","28.7",",E,27,","87.9","E","87.9",",E","57.2",",,,E","15.73",",E","20.80",",,,E","10.65",",,,E"
"NOE00109514","1990-08","60.1881","11.0742","202.0","GARDERMOEN SOR, NO","12.8","E","5.6",",E","16",",E","7",",E","1",",E","0",",","0",",E","0",",E","0",",E","9",",E","0",",E","19900826",",,E","19900831","+,,E","19900818",",,E","19900803","+,,E","4.2",",E,26,","0",",,E,31,+","39.1",",,E,18,","26.3",",E,03,+","174.3","E","86.4",",E","103.6",",,,E","15.73",",E","20.43",",,,E","11.02",",,,E"
"NOE00109514","1990-09","60.1881","11.0742","202.0","GARDERMOEN SOR, NO","12.8","E","0.0",",E","7",",E","4",",E","0",",E","0",",","0",",E","2",",E","0",",E","0",",E","0",",E","19900927",",,E","19900930","+,,E","19900918",",,E","19900911",",,E","-5.3",",E,27,","0",",,E,30,+","11.7",",,E,18,","18.0",",E,11,","449.5","E","275.2",",E","38.3",",,,E","9.16",",E","13.52",",,,E","4.80",",,,E"
"NOE00109514","1990-10","60.1881","11.0742","202.0","GARDERMOEN SOR, NO","12.8","E","0.0",",E","16",",E","8",",E","0",",E","0",",","0",",E","10",",E","4",",E","0",",E","0",",E","19901022",",,E","19901031","+,,E","19901029",",,E","19901009",",,E","-7.4",",E,22,","0",",,E,31,+","12.8",",,E,29,","15.0",",E,09,","867.7","E","418.2",",E","66.5",",,,E","4.84",",E","7.68",",,,E","2.01",",,,E"
"NOE00109514","1990-11","60.1881","11.0742","202.0","GARDERMOEN SOR, NO","12.8","E","0.0",",E","11",",E","5",",E","0",",E","6",",","0",",E","25",",E","12",",E","0",",E","0",",E","19901122",",,E","19901127","+,,E","19901124",",,E","19901106",",,E","-16.7",",E,22,","240",",,E,27,+","16.0",",,E,24,","9.9",",E,06,","1480.6","E","612.9",",E","41.3",",,,E","-2.10",",E","1.12",",,,E","-5.32",",,,E"
"NOE00109514","1990-12","60.1881","11.0742","202.0","GARDERMOEN SOR, NO","12.8","E","0.0",",E","18",",E","12",",E","0",",E","31",",","0",",E","28",",E","14",",E","0",",E","0",",E","19901221",",,E","19901223",",,E","19901226",",,E","19901203",",,E","-15.1",",E,21,","260",",,E,23,","17.4",",,E,26,","8.8",",E,03,","2144.2","E","663.6",",E","89.2",",,,E","-3.07",",E","0.17",",,,E","-6.32",",,,E"
"NOE00109514","1991-01","60.1881","11.0742","202.0","GARDERMOEN SOR, NO","0.0","E","0.0",",E","11",",E","8",",E","0",",E","31",",","2",",E","31",",E","18",",E","0",",E","0",",E","19910116",",,E","19910111",",,E","19910110",",,E","19910123",",,E","-22.0",",E,16,","630",",,E,11,","24.9",",,E,10,","6.6",",E,23,","2888.0","E","743.8",",E","73.5",",,,E","-5.66",",E","-1.96",",,,E","-9.36",",,,E"
"NOE00109514","1991-02","60.1881","11.0742","202.0","GARDERMOEN SOR, NO","0.0","E","0.0",",E","10",",E","4",",E","0",",E","28",",","4",",E","27",",E","21",",E","0",",E","0",",E","19910208",",,E","19910223","+,,E","19910222",",,E","19910225",",,E","-22.3",",E,08,","520",",,E,23,+","11.2",",,E,22,","7.3",",E,25,","3587.7","E","699.7",",E","27.1",",,,E","-6.66",",E","-3.13",",,,E","-10.19",",,,E"
"NOE00109514","1991-03","60.1881","11.0742","202.0","GARDERMOEN SOR, NO","0.0","E","0.0",",E","13",",E","8",",E","0",",E","31",",","0",",E","24",",E","5",",E","0",",E","0",",E","19910305",",,E","19910308",",,E","19910306",",,E","19910327",",,E","-13.8",",E,05,","620",",,E,08,","12.0",",,E,06,","13.0",",E,27,","4140.3","E","552.6",",E","62.5",",,,E","0.51",",E","3.12",",,,E","-2.11",",,,E"
"NOE00109514","1991-04","60.1881","11.0742","202.0","GARDERMOEN SOR, NO","0.0","E","0.0",",E","10",",E","4",",E","0",",E","3",",","0",",E","14",",E","0",",E","0",",E","0",",E","19910421",",,E","19910402","+,,E","19910408",",,E","19910412",",,E","-7.0",",E,21,","200",",,E,02,+","7.8",",,E,08,","14.2",",E,12,","4557.4","E","417.1",",E","26.9",",,,E","4.43",",E","9.11",",,,E","-0.25",",,,E"
"NOE00109514","1991-05","60.1881","11.0742","202.0","GARDERMOEN SOR, NO","0.0","E","0.0",",E","2",",E","1",",E","0",",E","0",",","0",",E","3",",E","0",",E","3",",E","0",",E","19910507",",,E","19910531","+,,E","19910513",",,E","19910530",",,E","-2.3",",E,07,","0",",,E,31,+","4.3",",,E,13,","24.0",",E,30,","4824.8","E","267.4",",E","4.8",",,,E","9.71",",E","15.42",",,,E","3.99",",,,E"
"NOE00109514","1991-06","60.1881","11.0742","202.0","GARDERMOEN SOR, NO","0.0","E","0.0",",E","20",",E","11",",E","0",",E","0",",","0",",E","0",",E","0",",E","0",",E","0",",E","19910607",",,E","19910630","+,,E","19910619",",,E","19910628",",,E","1.1",",E,07,","0",",,E,30,+","22.3",",,E,19,","20.3",",E,28,","5057.9","E","233.1",",E","137.3",",,,E","10.56",",E","15.38",",,,E","5.75",",,,E"
"NOE00109514","1991-07","60.1881","11.0742","202.0","GARDERMOEN SOR, NO","23.2","E","23.2",",E","11",",E","7",",E","0",",E","0",",","0",",E","0",",E","0",",E","25",",E","0",",E","19910715",",,E","19910731","+,,E","19910716",",,E","19910707",",,E","7.1",",E,15,","0",",,E,31,+","9.8",",,E,16,","31.5",",E,07,","46.3","E","46.3",",E","42.5",",,,E","17.59",",E","23.95",",,,E","11.23",",,,E"
"NOE00109514","1991-08","60.1881","11.0742","202.0","GARDERMOEN SOR, NO","25.3","E","2.1",",E","13",",E","7",",E","0",",E","0",",","0",",E","0",",E","0",",E","20",",E","0",",E","19910829",",,E","19910831","+,,E","19910816",",,E","19910801",",,E","3.2",",E,29,","0",",,E,31,+","12.9",",,E,16,","26.1",",E,01,","134.5","E","88.2",",E","75.2",",,,E","15.55",",E","21.99",",,,E","9.12",",,,E"
"NOE00109514","1991-09","60.1881","11.0742","202.0","GARDERMOEN SOR, NO","25.3","E","0.0",",E","11",",E","8",",E","1",",E","0",",","0",",E","3",",E","0",",E","4",",E","0",",E","19910929",",,E","19910930","+,,E","19910930",",,E","19910903",",,E","-3.2",",E,29,","0",",,E,30,+","37.0",",,E,30,","25.7",",E,03,","372.0","E","237.5",",E","100.7",",,,E","10.42",",E","16.77",",,,E","4.06",",,,E"
"NOE00109514","1991-10","60.1881","11.0742","202.0","GARDERMOEN SOR, NO","25.3","E","0.0",",E","11",",E","5",",E","1",",E","0",",","0",",E","11",",E","0",",E","0",",E","0",",E","19911022",",,E","19911031","+,,E","19911016",",,E","19911006",",,E","-5.0",",E,22,","0",",,E,31,+","26.0",",,E,16,","13.1",",E,06,","787.2","E","415.2",",E","65.2",",,,E","4.94",",E","8.00",",,,E","1.88",",,,E"
"NOE00109514","1991-11","60.1881","11.0742","202.0","GARDERMOEN SOR, NO","25.3","E","0.0",",E","16",",E","11",",E","1",",E","2",",","0",",E","17",",E","5",",E","0",",E","0",",E","19911121",",,E","19911112","+,,E","19911103",",,E","19911123",",,E","-14.3",",E,21,","30",",,E,12,+","29.5",",,E,03,","8.8",",E,23,","1320.1","E","532.9",",E","124.0",",,,E","0.57",",E","3.46",",,,E","-2.32",",,,E"
"NOE00109514","1991-12","60.1881","11.0742","202.0","GARDERMOEN SOR, NO","25.3","E","0.0",",E","7",",E","4",",E","0",",E","12",",","0",",E","29",",E","6",",E","0",",E","0",",E","19911225",",,E","19911226",",,E","19911217",",,E","19911214",",,E","-13.4",",E,25,","260",",,E,26,","8.5",",,E,17,","11.6",",E,14,","1945.2","E","625.1",",E","32.1",",,,E","-1.83",",E","2.08",",,,E","-5.75",",,,E"
"NOE00109514","1992-01","60.1881","11.0742","202.0","GARDERMOEN SOR, NO","0.0","E","0.0",",E","5",",E","2",",E","0",",E","24",",","0",",E","28",",E","11",",E","0",",E","0",",E","19920124",",,E","19920123","+,,E","19920118",",,E","19920111",",,E","-16.6",",E,24,","150",",,E,23,+","9.6",",,E,18,","9.4",",E,11,","2581.4","E","636.2",",E","15.3",",,,E","-2.19",",E","1.59",",,,E","-5.97",",,,E"
"NOE00109514","1992-02","60.1881","11.0742","202.0","GARDERMOEN SOR, NO","0.0","E","0.0",",E","11",",E","3",",E","0",",E","27",",","0",",E","26",",E","9",",E","0",",E","0",",E","19920218",",,E","19920217","+,,E","19920213",",,E","19920223",",,E","-15.0",",E,18,","230",",,E,17,+","7.4",",,E,13,","7.9",",E,23,","3171.8","E","590.4",",E","23.8",",,,E","-2.03",",E","1.52",",,,E","-5.57",",,,E"
"NOE00109514","1992-03","60.1881","11.0742","202.0","GARDERMOEN SOR, NO","0.0","E","0.0",",E","16",",E","9",",E","0",",E","1",",","0",",E","19",",E","0",",E","0",",E","0",",E","19920315",",,E","19920326",",,E","19920321",",,E","19920318",",,E","-9.4",",E,15,","40",",,E,26,","12.6",",,E,21,","8.2",",E,18,","3688.4","E","516.6",",E","68.8",",,,E","1.67",",E","4.44",",,,E","-1.10",",,,E"
"NOE00109514","1992-04","60.1881","11.0742","202.0","GARDERMOEN SOR, NO","0.0","E","0.0",",E","18",",E","10",",E","0",",E","9",",","0",",E","18",",E","2",",E","0",",E","0",",E","19920417",",,E","19920404",",,E","19920413",",,E","19920411",",,E","-6.1",",E,17,","170",",,E,04,","17.8",",,E,13,","15.4",",E,11,","4145.9","E","457.5",",E","81.8",",,,E","3.08",",E","7.09",",,,E","-0.93",",,,E"
"NOE00109514","1992-05","60.1881","11.0742","202.0","GARDERMOEN SOR, NO","0.4","E","0.4",",E","3",",E","2",",E","1",",E","0",",","0",",E","6",",E","0",",E","15",",E","0",",E","19920511",",,E","19920531","+,,E","19920501",",,E","19920531",",,E","-3.0",",E,11,","0",",,E,31,+","26.4",",,E,01,","26.8",",E,31,","4327.5","E","181.6",",E","42.5",",,,E","12.49",",E","19.19",",,,E","5.79",",,,E"
"NOE00109514","1992-06","60.1881","11.0742","202.0","GARDERMOEN SOR, NO","8.3","E","7.9",",E","4",",E","1",",E","0",",E","0",",","0",",E","0",",E","0",",E","21",",E","0",",E","19920617",",,E","19920630","+,,E","19920612",",,E","19920601",",,E","4.7",",E,17,","0",",,E,30,+","8.2",",,E,12,","28.0",",E,01,","4389.7","E","62.2",",E","11.8",",,,E","16.52",",E","23.35",",,,E","9.69",",,,E"
"NOE00109514","1992-07","60.1881","11.0742","202.0","GARDERMOEN SOR, NO","10.2","E","1.9",",E","13",",E","10",",E","0",",E","0",",","0",",E","0",",E","0",",E","14",",E","0",",E","19920702",",,E","19920731","+,,E","19920713",",,E","19920706",",,E","5.5",",E,02,","0",",,E,31,+","24.3",",,E,13,","25.8",",E,06,","81.0","E","81.0",",E","104.5",",,,E","15.78",",E","21.08",",,,E","10.48",",,,E"
"NOE00109514","1992-08","60.1881","11.0742","202.0","GARDERMOEN SOR, NO","10.2","E","0.0",",E","19",",E","14",",E","0",",E","0",",","0",",E","0",",E","0",",E","0",",E","0",",E","19920825",",,E","19920831","+,,E","19920804",",,E","19920820",",,E","3.7",",E,25,","0",",,E,31,+","12.6",",,E,04,","20.9",",E,20,","238.6","E","157.6",",E","111.2",",,,E","13.25",",E","17.52",",,,E","8.98",",,,E"
"NOE00109514","1992-09","60.1881","11.0742","202.0","GARDERMOEN SOR, NO","10.2","E","0.0",",E","15",",E","7",",E","0",",E","0",",","0",",E","1",",E","0",",E","0",",E","0",",E","19920930",",,E","19920930","+,,E","19920914",",,E","19920902",",,E","-1.2",",E,30,","0",",,E,30,+","13.9",",,E,14,","17.3",",E,02,","490.0","E","251.4",",E","67.1",",,,E","9.95",",E","13.98",",,,E","5.92",",,,E"
"NOE00109514","1992-10","60.1881","11.0742","202.0","GARDERMOEN SOR, NO","10.2","E","0.0",",E","18",",E","7",",E","0",",E","13",",","0",",E","21",",E","9",",E","0",",E","0",",E","19921030",",,E","19921031",",,E","19921025",",,E","19921008",",,E","-14.1",",E,30,","250",",,E,31,","8.5",",,E,25,","16.8",",E,08,","1009.8","E","519.8",",E","50.4",",,,E","1.56",",E","4.56",",,,E","-1.43",",,,E"
"NOE00109514","1992-11","60.1881","11.0742","202.0","GARDERMOEN SOR, NO","10.2","E","0.0",",E","19",",E","15",",E","1",",E","26",",","0",",E","27",",E","7",",E","0",",E","0",",E","19921101",",,E","19921128",",,E","19921125",",,E","19921107",",,E","-11.5",",E,01,","370",",,E,28,","27.8",",,E,25,","6.3",",E,07,","1596.5","E","586.7",",E","186.0",",,,E","-1.22",",E","1.40",",,,E","-3.85",",,,E"
"NOE00109514","1992-12","60.1881","11.0742","202.0","GARDERMOEN SOR, NO","10.2","E","0.0",",E","9",",E","5",",E","0",",E","16",",","0",",E","26",",E","12",",E","0",",E","0",",E","19921222",",,E","19921201",",,E","19921203",",,E","19921219",",,E","-14.0",",E,22,","270",",,E,01,","16.4",",,E,03,","6.1",",E,19,","2238.1","E","641.6",",E","55.3",",,,E","-2.36",",E","0.62",",,,E","-5.34",",,,E"
"NOE00109514","1993-01","60.1881","11.0742","202.0","GARDERMOEN SOR, NO","0.0","E","0.0",",E","12",",E","8",",E","0",",E","15",",","3",",E","26",",E","9",",E","0",",E","0",",E","19930130",",,E","19930131","+,,E","19930115",",,E","19930116",",,E","-19.6",",E,30,","120",",,E,31,+","10.2",",,E,15,","6.3",",E,16,","2854.7","E","616.6",",E","59.0",",,,E","-1.56",",E","1.69",",,,E","-4.80",",,,E"
"NOE00109514","1993-02","60.1881","11.0742","202.0","GARDERMOEN SOR, NO","0.0","E","0.0",",E","5",",E","4",",E","0",",E","13",",","0",",E","27",",E","14",",E","0",",E","0",",E","19930222",",,E","19930228",",,E","19930227",",,E","19930204","+,,E","-16.5",",E,22,","400",",,E,28,","24.4",",,E,27,","10.7",",E,04,+","3432.3","E","577.6",",E","45.2",",,,E","-2.29",",E","1.38",",,,E","-5.97",",,,E"
"NOE00109514","1993-03","60.1881","11.0742","202.0","GARDERMOEN SOR, NO","0.0","E","0.0",",E","2",",E","1",",E","0",",E","30",",","2",",E","27",",E","3",",E","0",",E","0",",E","19930303","+,,E","19930304","+,,E","19930322",",,E","19930320",",,E","-19.5",",E,03,+","380",",,E,04,+","5.2",",,E,22,","10.3",",E,20,","4021.9","E","589.6",",E","6.0",",,,E","-0.69",",E","4.21",",,,E","-5.58",",,,E"
"NOE00109514","1993-04","60.1881","11.0742","202.0","GARDERMOEN SOR, NO","0.0","E","0.0",",E","8",",E","6",",E","0",",E","1",",","0",",E","15",",E","0",",E","4",",E","0",",E","19930409",",,E","19930406",",,E","19930421",",,E","19930427",",,E","-6.8",",E,09,","30",",,E,06,","9.1",",,E,21,","24.3",",E,27,","4422.7","E","400.8",",E","35.7",",,,E","4.97",",E","10.22",",,,E","-0.28",",,,E"
"NOE00109514","1993-05","60.1881","11.0742","202.0","GARDERMOEN SOR, NO","0.8","E","0.8",",E","11",",E","7",",E","1",",E","0",",","0",",E","0",",E","0",",E","11",",E","0",",E","19930506",",,E","19930531","+,,E","19930524",",,E","19930523",",,E","0.9",",E,06,","0",",,E,31,+","27.1",",,E,24,","24.9",",E,23,","4628.6","E","205.9",",E","91.1",",,,E","11.72",",E","17.73",",,,E","5.70",",,,E"
"NOE00109514","1993-06","60.1881","11.0742","202.0","GARDERMOEN SOR, NO","1.7","E","0.9",",E","6",",E","3",",E","0",",E","0",",","0",",E","0",",E","0",",E","6",",E","0",",E","19930616",",,E","19930630","+,,E","19930601",",,E","19930610",",,E","2.6",",E,16,","0",",,E,30,+","4.4",",,E,01,","24.8",",E,10,","4800.7","E","172.1",",E","13.5",",,,E","12.63",",E","18.25",",,,E","7.00",",,,E"
"NOE00109514","1993-07","60.1881","11.0742","202.0","GARDERMOEN SOR, NO","1.7","E","0.0",",E","18",",E","12",",E","2",",E","0",",","0",",E","0",",E","0",",E","6",",E","0",",E","19930708",",,E","19930731","+,,E","19930714",",,E","19930701",",,E","5.3",",E,08,","0",",,E,31,+","26.7",",,E,14,","25.0",",E,01,","119.4","E","119.4",",E","123.1",",,,E","14.48",",E","18.66",",,,E","10.30",",,,E"
"NOE00109514","1993-08","60.1881","11.0742","202.0","GARDERMOEN SOR, NO","1.7","E","0.0",",E","14",",E","10",",E","1",",E","0",",","0",",E","0",",E","0",",E","0",",E","0",",E","19930814",",,E","19930831","+,,E","19930816",",,E","19930808",",,E","3.1",",E,14,","0",",,E,31,+","29.9",",,E,16,","20.9",",E,08,","302.6","E","183.2",",E","125.9",",,,E","12.42",",E","17.13",",,,E","7.72",",,,E"
"NOE00109514","1993-09","60.1881","11.0742","202.0","GARDERMOEN SOR, NO","1.7","E","0.0",",E","6",",E","2",",E","0",",E","0",",","0",",E","8",",E","0",",E","0",",E","0",",E","19930918",",,E","19930930","+,,E","19930921",",,E","19930901",",,E","-3.5",",E,18,","0",",,E,30,+","11.7",",,E,21,","17.9",",E,01,","626.8","E","324.2",",E","25.1",",,,E","7.53",",E","12.44",",,,E","2.61",",,,E"
"NOE00109514","1993-10","60.1881","11.0742","202.0","GARDERMOEN SOR, NO","1.7","E","0.0",",E","15",",E","13",",E","1",",E","3",",","0",",E","17",",E","1",",E","0",",E","0",",E","19931023",",,E","19931016",",,E","19931006",",,E","19931005",",,E","-8.7",",E,23,","80",",,E,16,","35.0",",,E,06,","11.7",",E,05,","1096.9","E","470.1",",E","138.6",",,,E","3.17",",E","6.12",",,,E","0.22",",,,E"
"NOE00109514","1993-11","60.1881","11.0742","202.0","GARDERMOEN SOR, NO","1.7","E","0.0",",E","16",",E","9",",E","1",",E","18",",","0",",E","28",",E","21",",E","0",",E","0",",E","19931128",",,E","19931125",",,E","19931113",",,E","19931111",",,E","-14.5",",E,28,","430",",,E,25,","26.0",",,E,13,","3.9",",E,11,","1720.1","E","623.2",",E","121.7",",,,E","-2.44",",E","-0.97",",,,E","-3.91",",,,E"
"NOE00109514","1993-12","60.1881","11.0742","202.0","GARDERMOEN SOR, NO","1.7","E","0.0",",E","19",",E","11",",E","0",",E","31",",","3",",E","30",",E","22",",E","0",",E","0",",E","19931228",",,E","19931204",",,E","19931207",",,E","19931219",",,E","-20.2",",E,28,","480",",,E,04,","15.7",",,E,07,","4.6",",E,19,","2483.8","E","763.7",",E","100.2",",,,E","-6.30",",E","-2.87",",,,E","-9.74",",,,E"
"NOE00109514","1994-01","60.1881","11.0742","202.0","GARDERMOEN SOR, NO","0.0","E","0.0",",E","17",",E","11",",E","0",",E","31",",","4",",E","31",",E","23",",E","0",",E","0",",E","19940118",",,E","19940131","+,,E","19940112",",,E","19940121",",,E","-23.0",",E,18,","800",",,E,31,+","22.6",",,E,12,","4.0",",E,21,","3280.5","E","796.7",",E","107.0",",,,E","-7.37",",E","-3.92",",,,E","-10.82",",,,E"
"NOE00109514","1994-02","60.1881","11.0742","202.0","GARDERMOEN SOR, NO","0.0","E","0.0",",E","10",",E","3",",E","0",",E","28",",","13",",E","28",",E","28",",E","0",",E","0",",E","19940214",",,E","19940210",",,E","19940209",",,E","19940225",",,E","-27.4",",E,14,","1000",",,E,10,","12.0",",,E,09,","-2.6",",E,25,","4140.4","E","859.9",",E","35.8",",,,E","-12.38",",E","-7.96",",,,E","-16.80",",,,E"
"NOE00109514","1994-03","60.1881","11.0742","202.0","GARDERMOEN SOR, NO","0.0","E","0.0",",E","10",",E","9",",E","0",",E","31",",","2",",E","28",",E","5",",E","0",",E","0",",E","19940301",",,E","19940305",",,E","19940331",",,E","19940329",",,E","-19.3",",E,01,","1000",",,E,05,","22.4",",,E,31,","8.3",",E,29,","4769.4","E","629.0",",E","86.5",",,,E","-1.96",",E","2.56",",,,E","-6.48",",,,E"
"NOE00109514","1994-04","60.1881","11.0742","202.0","GARDERMOEN SOR, NO","0.0","E","0.0",",E","12",",E","5",",E","0",",E","28",",","0",",E","15",",E","0",",E","0",",E","0",",E","19940408",",,E","19940401",",,E","19940401",",,E","19940425",",,E","-6.3",",E,08,","830",",,E,01,","24.0",",,E,01,","16.5",",E,25,","5175.9","E","406.5",",E","67.0",",,,E","4.78",",E","9.03",",,,E","0.54",",,,E"
"NOE00109514","1994-05","60.1881","11.0742","202.0","GARDERMOEN SOR, NO","0.0","E","0.0",",E","2",",E","0",",E","0",",E","0",",","0",",E","4",",E","0",",E","1",",E","0",",E","19940506","+,,E","19940531","+,,E","19940525","+,,E","19940511",",,E","-0.4",",E,06,+","0",",,E,31,+","0.3",",,E,25,+","22.4",",E,11,","5443.6","E","267.7",",E","0.7",",,,E","9.70",",E","15.64",",,,E","3.76",",,,E"
"NOE00109514","1994-06","60.1881","11.0742","202.0","GARDERMOEN SOR, NO","1.1","E","1.1",",E","11",",E","6",",E","0",",E","0",",","0",",E","0",",E","0",",E","5",",E","0",",E","19940617",",,E","19940630","+,,E","19940605",",,E","19940613",",,E","1.5",",E,17,","0",",,E,30,+","12.9",",,E,05,","25.5",",E,13,","5599.9","E","156.3",",E","51.9",",,,E","13.16",",E","18.36",",,,E","7.95",",,,E"
"NOE00109514","1994-07","60.1881","11.0742","202.0","GARDERMOEN SOR, NO","55.5","E","54.4",",E","1",",E","1",",E","0",",E","0",",","0",",E","0",",E","0",",E","31",",E","0",",E","19940702",",,E","19940731","+,,E","19940728",",,E","19940714",",,E","8.2",",E,02,","0",",,E,31,+","7.2",",,E,28,","30.4",",E,14,","9.8","E","9.8",",E","7.4",",,,E","19.77",",E","26.79",",,,E","12.75",",,,E"
"NOE00109514","1994-08","60.1881","11.0742","202.0","GARDERMOEN SOR, NO","71.0","E","15.5",",E","13",",E","12",",E","3",",E","0",",","0",",E","0",",E","0",",E","11",",E","0",",E","19940831",",,E","19940831","+,,E","19940813",",,E","19940801",",,E","2.9",",E,31,","0",",,E,31,+","46.0",",,E,13,","28.8",",E,01,","121.8","E","112.0",",E","182.3",",,,E","15.22",",E","20.06",",,,E","10.38",",,,E"
"NOE00109514","1994-09","60.1881","11.0742","202.0","GARDERMOEN SOR, NO","71.0","E","0.0",",E","14",",E","5",",E","0",",E","0",",","0",",E","6",",E","0",",E","1",",E","0",",E","19940930",",,E","19940930","+,,E","19940909",",,E","19940923",",,E","-2.9",",E,30,","0",",,E,30,+","20.3",",,E,09,","21.1",",E,23,","393.7","E","271.9",",E","72.2",",,,E","9.27",",E","13.30",",,,E","5.24",",,,E"
"NOE00109514","1994-10","60.1881","11.0742","202.0","GARDERMOEN SOR, NO","71.0","E","0.0",",E","10",",E","5",",E","0",",E","0",",","0",",E","14",",E","0",",E","0",",E","0",",E","19941021","+,,E","19941031","+,,E","19941031",",,E","19941014",",,E","-7.5",",E,21,+","0",",,E,31,+","22.3",",,E,31,","15.6",",E,14,","838.3","E","444.6",",E","61.8",",,,E","3.99",",E","7.81",",,,E","0.17",",,,E"
"NOE00109514","1994-11","60.1881","11.0742","202.0","GARDERMOEN SOR, NO","71.0","E","0.0",",E","10",",E","6",",E","0",",E","13",",","0",",E","22",",E","7",",E","0",",E","0",",E","19941119",",,E","19941114",",,E","19941113",",,E","19941124",",,E","-11.0",",E,19,","130",",,E,14,","14.1",",,E,13,","8.9",",E,24,","1381.6","E","543.3",",E","46.2",",,,E","0.22",",E","2.73",",,,E","-2.29",",,,E"
"NOE00109514","1994-12","60.1881","11.0742","202.0","GARDERMOEN SOR, NO","71.0","E","0.0",",E","18",",E","12",",E","1",",E","13",",","0",",E","29",",E","12",",E","0",",E","0",",E","19941217",",,E","19941229",",,E","19941218",",,E","19941211",",,E","-13.3",",E,17,","140",",,E,29,","33.9",",,E,18,","5.8",",E,11,","2012.1","E","630.5",",E","107.7",",,,E","-2.01",",E","0.95",",,,E","-4.96",",,,E"
"NOE00109514","1995-01","60.1881","11.0742","202.0","GARDERMOEN SOR, NO","0.0","E","0.0",",E","16",",E","8",",E","0",",E","31",",","5",",E","30",",E","20",",E","0",",E","0",",E","19950130",",,E","19950131","+,,E","19950120",",,E","19950116",",,E","-22.9",",E,30,","540",",,E,31,+","18.9",",,E,20,","4.3",",E,16,","2763.5","E","751.4",",E","116.0",",,,E","-5.91",",E","-2.76",",,,E","-9.05",",,,E"
"NOE00109514","1995-02","60.1881","11.0742","202.0","GARDERMOEN SOR, NO","0.0","E","0.0",",E","14",",E","12",",E","0",",E","28",",","1",",E","22",",E","6",",E","0",",E","0",",E","19950211",",,E","19950201",",,E","19950212",",,E","19950206",",,E","-19.6",",E,11,","650",",,E,01,","13.2",",,E,12,","6.8",",E,06,","3357.4","E","593.9",",E","75.2",",,,E","-2.88",",E","1.54",",,,E","-7.30",",,,E"
"NOE00109514","1995-03","60.1881","11.0742","202.0","GARDERMOEN SOR, NO","0.0","E","0.0",",E","11",",E","6",",E","0",",E","31",",","0",",E","29",",E","5",",E","0",",E","0",",E","19950305",",,E","19950307",",,E","19950326",",,E","19950323",",,E","-13.7",",E,05,","550",",,E,07,","24.1",",,E,26,","9.5",",E,23,","3954.2","E","596.8",",E","60.3",",,,E","-0.92",",E","2.33",",,,E","-4.16",",,,E"
"NOE00109514","1995-04","60.1881","11.0742","202.0","GARDERMOEN SOR, NO","0.0","E","0.0",",E","13",",E","7",",E","0",",E","29",",","0",",E","23",",E","0",",E","0",",E","0",",E","19950418",",,E","19950401",",,E","19950427",",,E","19950424",",,E","-8.3",",E,18,","360",",,E,01,","9.9",",,E,27,","18.8",",E,24,","4424.7","E","470.5",",E","51.7",",,,E","2.65",",E","6.92",",,,E","-1.62",",,,E"
"NOE00109514","1995-05","60.1881","11.0742","202.0","GARDERMOEN SOR, NO","0.0","E","0.0",",E","11",",E","6",",E","0",",E","0",",","0",",E","6",",E","0",",E","1",",E","0",",E","19950501",",,E","19950515",",,E","19950529",",,E","19950526",",,E","-3.1",",E,01,","10",",,E,15,","13.6",",,E,29,","21.5",",E,26,","4721.5","E","296.8",",E","57.3",",,,E","8.76",",E","14.04",",,,E","3.48",",,,E"
"NOE00109514","1995-06","60.1881","11.0742","202.0","GARDERMOEN SOR, NO","8.2","E","8.2",",E","14",",E","10",",E","0",",E","0",",","0",",E","0",",E","0",",E","7",",E","0",",E","19950610",",,E","19950630","+,,E","19950614",",,E","19950625",",,E","4.5",",E,10,","0",",,E,30,+","17.8",",,E,14,","27.9",",E,25,","4848.4","E","126.9",",E","96.3",",,,E","14.38",",E","18.91",",,,E","9.84",",,,E"
"NOE00109514","1995-07","60.1881","11.0742","202.0","GARDERMOEN SOR, NO","15.9","E","7.7",",E","8",",E","3",",E","2",",E","0",",","0",",E","0",",E","0",",E","16",",E","0",",E","19950701",",,E","19950731","+,,E","19950714",",,E","19950730",",,E","4.9",",E,01,","0",",,E,31,+","28.3",",,E,14,","26.4",",E,30,","85.4","E","85.4",",E","73.4",",,,E","15.83",",E","21.05",",,,E","10.60",",,,E"
"NOE00109514","1995-08","60.1881","11.0742","202.0","GARDERMOEN SOR, NO","35.1","E","19.2",",E","4",",E","3",",E","0",",E","0",",","0",",E","0",",E","0",",E","23",",E","0",",E","19950831",",,E","19950831","+,,E","19950825",",,E","19950812","+,,E","3.7",",E,31,","0",",,E,31,+","7.7",",,E,25,","27.6",",E,12,+","153.6","E","68.2",",E","15.1",",,,E","16.75",",E","22.85",",,,E","10.65",",,,E"
"NOE00109514","1995-09","60.1881","11.0742","202.0","GARDERMOEN SOR, NO","35.1","E","0.0",",E","16",",E","7",",E","0",",E","0",",","0",",E","1",",E","0",",E","0",",E","0",",E","19950919",",,E","19950930","+,,E","19950924",",,E","19950901",",,E","-1.4",",E,19,","0",",,E,30,+","19.9",",,E,24,","20.0",",E,01,","398.3","E","244.7",",E","69.5",",,,E","10.18",",E","13.92",",,,E","6.44",",,,E"
"NOE00109514","1995-10","60.1881","11.0742","202.0","GARDERMOEN SOR, NO","35.1","E","0.0",",E","15",",E","9",",E","0",",E","0",",","0",",E","5",",E","0",",E","0",",E","0",",E","19951030",",,E","19951031","+,,E","19951027",",,E","19951009",",,E","-4.5",",E,30,","0",",,E,31,+","8.7",",,E,27,","15.8",",E,09,","727.7","E","329.4",",E","54.5",",,,E","7.71",",E","10.83",",,,E","4.59",",,,E"
"NOE00109514","1995-11","60.1881","11.0742","202.0","GARDERMOEN SOR, NO","35.1","E","0.0",",E","10",",E","2",",E","0",",E","9",",","0",",E","27",",E","16",",E","0",",E","0",",E","19951121",",,E","19951101",",,E","19951127",",,E","19951125",",,E","-13.2",",E,21,","50",",,E,01,","6.2",",,E,27,","7.4",",E,25,","1359.3","E","631.6",",E","17.0",",,,E","-2.72",",E","0.05",",,,E","-5.50",",,,E"
"NOE00109514","1995-12","60.1881","11.0742","202.0","GARDERMOEN SOR, NO","35.1","E","0.0",",E","5",",E","2",",E","0",",E","31",",","9",",E","31",",E","26",",E","0",",E","0",",E","19951227",",,E","19951209",",,E","19951208",",,E","19951215",",,E","-24.6",",E,27,","100",",,E,09,","5.4",",,E,08,","3.4",",E,15,","2233.9","E","874.6",",E","11.5",",,,E","-9.88",",E","-7.01",",,,E","-12.75",",,,E"
"NOE00109514","1996-01","60.1881","11.0742","202.0","GARDERMOEN SOR, NO","0.0","E","0.0",",E","14",",E","7",",E","0",",E","31",",","9",",E","31",",E","24",",E","0",",E","0",",E","19960106",",,E","19960110",",,E","19960113",",,E","19960115",",,E","-24.9",",E,06,","230",",,E,10,","7.3",",,E,13,","0.9",",E,15,","3049.9","E","816.0",",E","38.1",",,,E","-7.99",",E","-5.45",",,,E","-10.53",",,,E"
"NOE00109514","1996-02","60.1881","11.0742","202.0","GARDERMOEN SOR, NO","0.0","E","0.0",",E","12",",E","2",",E","0",",E","29",",","6",",E","29",",E","24",",E","0",",E","0",",E","19960218",",,E","19960226",",,E","19960216",",,E","19960229",",,E","-25.9",",E,18,","500",",,E,26,","18.0",",,E,16,","3.4",",E,29,","3875.6","E","825.7",",E","40.3",",,,E","-10.14",",E","-5.58",",,,E","-14.70",",,,E"
"NOE00109514","1996-03","60.1881","11.0742","202.0","GARDERMOEN SOR, NO","0.0","E","0.0",",E","5",",E","0",",E","0",",E","31",",","0",",E","31",",E","7",",E","0",",E","0",",E","19960320",",,E","19960303","+,,E","19960323",",,E","19960309",",,E","-14.7",",E,20,","380",",,E,03,+","0.9",",,E,23,","6.9",",E,09,","4546.0","E","670.4",",E","3.4",",,,E","-3.29",",E","1.74",",,,E","-8.32",",,,E"
"NOE00109514","1996-04","60.1881","11.0742","202.0","GARDERMOEN SOR, NO","0.0","E","0.0",",E","7",",E","2",",E","0",",E","12",",","0",",E","18",",E","0",",E","0",",E","0",",E","19960402",",,E","19960402","+,,E","19960425",",,E","19960418",",,E","-11.4",",E,02,","350",",,E,02,+","6.8",",,E,25,","14.7",",E,18,","4975.5","E","429.5",",E","18.2",",,,E","4.02",",E","9.61",",,,E","-1.58",",,,E"
"NOE00109514","1996-05","60.1881","11.0742","202.0","GARDERMOEN SOR, NO","0.0","E","0.0",",E","18",",E","14",",E","0",",E","0",",","0",",E","5",",E","0",",E","2",",E","0",",E","19960508",",,E","19960531","+,,E","19960514",",,E","19960512",",,E","-2.1",",E,08,","0",",,E,31,+","17.4",",,E,14,","22.5",",E,12,","5309.5","E","334.0",",E","110.6",",,,E","7.56",",E","12.31",",,,E","2.80",",,,E"
"NOE00109514","1996-06","60.1881","11.0742","202.0","GARDERMOEN SOR, NO","0.0","E","0.0",",E","10",",E","5",",E","0",",E","0",",","0",",E","0",",E","0",",E","7",",E","0",",E","19960603",",,E","19960630","+,,E","19960612",",,E","19960609",",,E","3.2",",E,03,","0",",,E,30,+","7.9",",,E,12,","23.1",",E,09,","5445.2","E","135.7",",E","34.4",",,,E","13.81",",E","18.79",",,,E","8.83",",,,E"
"NOE00109514","1996-07","60.1881","11.0742","202.0","GARDERMOEN SOR, NO","1.3","E","1.3",",E","6",",E","4",",E","1",",E","0",",","0",",E","0",",E","0",",E","14",",E","0",",E","19960719",",,E","19960731","+,,E","19960701",",,E","19960725",",,E","5.8",",E,19,","0",",,E,31,+","29.7",",,E,01,","26.3",",E,25,","95.1","E","95.1",",E","50.9",",,,E","15.31",",E","20.53",",,,E","10.08",",,,E"
"NOE00109514","1996-08","60.1881","11.0742","202.0","GARDERMOEN SOR, NO","7.7","E","6.4",",E","10",",E","6",",E","1",",E","0",",","0",",E","0",",E","0",",E","22",",E","0",",E","19960803",",,E","19960831","+,,E","19960824",",,E","19960821",",,E","8.0",",E,03,","0",",,E,31,+","32.2",",,E,24,","27.3",",E,21,","136.5","E","41.4",",E","60.7",",,,E","17.20",",E","22.95",",,,E","11.46",",,,E"
"NOE00109514","1996-09","60.1881","11.0742","202.0","GARDERMOEN SOR, NO","7.7","E","0.0",",E","6",",E","6",",E","1",",E","0",",","0",",E","3",",E","0",",E","0",",E","0",",E","19960925",",,E","19960930","+,,E","19960927",",,E","19960903",",,E","-1.8",",E,25,","0",",,E,30,+","37.1",",,E,27,","20.3",",E,03,","412.3","E","275.8",",E","102.7",",,,E","9.14",",E","14.09",",,,E","4.19",",,,E"
"NOE00109514","1996-10","60.1881","11.0742","202.0","GARDERMOEN SOR, NO","7.7","E","0.0",",E","17",",E","10",",E","1",",E","0",",","0",",E","5",",E","0",",E","0",",E","0",",E","19961031",",,E","19961031","+,,E","19961017",",,E","19961008","+,,E","-3.9",",E,31,","0",",,E,31,+","25.5",",,E,17,","14.9",",E,08,+","774.1","E","361.8",",E","118.1",",,,E","6.66",",E","9.42",",,,E","3.90",",,,E"
"NOE00109514","1996-11","60.1881","11.0742","202.0","GARDERMOEN SOR, NO","7.7","E","0.0",",E","17",",E","11",",E","0",",E","21",",","0",",E","24",",E","17",",E","0",",E","0",",E","19961128",",,E","19961129","+,,E","19961105",",,E","19961102",",,E","-14.1",",E,28,","350",",,E,29,+","14.7",",,E,05,","12.2",",E,02,","1375.8","E","601.7",",E","97.3",",,,E","-1.72",",E","0.94",",,,E","-4.38",",,,E"
"NOE00109514","1996-12","60.1881","11.0742","202.0","GARDERMOEN SOR, NO","7.7","E","0.0",",E","10",",E","7",",E","1",",E","29",",","3",",E","29",",E","22",",E","0",",E","0",",E","19961220",",,E","19961203","+,,E","19961204",",,E","19961205",",,E","-22.0",",E,20,","300",",,E,03,+","25.9",",,E,04,","3.9",",E,05,","2163.8","E","788.0",",E","60.5",",,,E","-7.09",",E","-3.56",",,,E","-10.61",",,,E"
"NOE00109514","1997-01","60.1881","11.0742","202.0","GARDERMOEN SOR, NO","0.0","E","0.0",",E","7",",E","3",",E","0",",E","31",",","8",",E","30",",E","18",",E","0",",E","0",",E","19970104",",,E","19970113",",,E","19970112",",,E","19970114",",,E","-20.8",",E,04,","250",",,E,13,","6.2",",,E,12,","9.0",",E,14,","2938.6","E","774.8",",E","15.4",",,,E","-6.66",",E","-3.11",",,,E","-10.21",",,,E"
"NOE00109514","1997-02","60.1881","11.0742","202.0","GARDERMOEN SOR, NO","0.0","E","0.0",",E","12",",E","8",",E","0",",E","28",",","1",",E","23",",E","9",",E","0",",E","0",",E","19970216",",,E","19970222","+,,E","19970218",",,E","19970207",",,E","-19.3",",E,16,","310",",,E,22,+","18.5",",,E,18,","6.8",",E,07,","3504.1","E","565.5",",E","78.9",",,,E","-1.86",",E","1.51",",,,E","-5.24",",,,E"
"NOE00109514","1997-03","60.1881","11.0742","202.0","GARDERMOEN SOR, NO","0.0","E","0.0",",E","2",",E","2",",E","0",",E","2",",","0",",E","23",",E","0",",E","0",",E","0",",E","19970320",",,E","19970326",",,E","19970326",",,E","19970331",",,E","-11.1",",E,20,","60",",,E,26,","14.3",",,E,26,","15.8",",E,31,","4023.2","E","519.1",",E","19.1",",,,E","1.59",",E","6.10",",,,E","-2.93",",,,E"
"NOE00109514","1997-04","60.1881","11.0742","202.0","GARDERMOEN SOR, NO","0.0","E","0.0",",E","2",",E","0",",E","0",",E","0",",","0",",E","20",",E","0",",E","0",",E","0",",E","19970407",",,E","19970430","+,,E","19970428","+,,E","19970430",",,E","-6.6",",E,07,","0",",,E,30,+","0.4",",,E,28,+","16.5",",E,30,","4445.3","E","422.1",",E","1.2",",,,E","4.26",",E","9.58",",,,E","-1.05",",,,E"
"NOE00109514","1997-05","60.1881","11.0742","202.0","GARDERMOEN SOR, NO","0.0","E","0.0",",E","17",",E","11",",E","0",",E","1",",","0",",E","3",",E","0",",E","0",",E","0",",E","19970504",",,E","19970505",",,E","19970522",",,E","19970531",",,E","-2.2",",E,04,","40",",,E,05,","20.9",",,E,22,","19.9",",E,31,","4750.8","E","305.5",",E","111.3",",,,E","8.48",",E","13.23",",,,E","3.72",",,,E"
"NOE00109514","1997-06","60.1881","11.0742","202.0","GARDERMOEN SOR, NO","2.3","E","2.3",",E","11",",E","6",",E","0",",E","0",",","0",",E","0",",E","0",",E","12",",E","0",",E","19970604",",,E","19970630","+,,E","19970628",",,E","19970612",",,E","5.9",",E,04,","0",",,E,30,+","20.6",",,E,28,","26.9",",E,12,","4844.7","E","93.9",",E","72.9",",,,E","15.28",",E","20.50",",,,E","10.07",",,,E"
"NOE00109514","1997-07","60.1881","11.0742","202.0","GARDERMOEN SOR, NO","23.0","E","20.7",",E","6",",E","5",",E","1",",E","0",",","0",",E","0",",E","0",",E","29",",E","0",",E","19970709",",,E","19970731","+,,E","19970726",",,E","19970722",",,E","8.7",",E,09,","0",",,E,31,+","28.4",",,E,26,","29.2",",E,22,","16.3","E","16.3",",E","53.9",",,,E","18.48",",E","24.08",",,,E","12.88",",,,E"
"NOE00109514","1997-08","60.1881","11.0742","202.0","GARDERMOEN SOR, NO","68.4","E","45.4",",E","8",",E","6",",E","0",",E","0",",","0",",E","0",",E","0",",E","27",",E","0",",E","19970823",",,E","19970831","+,,E","19970825",",,E","19970813",",,E","10.6",",E,23,","0",",,E,31,+","13.9",",,E,25,","29.2",",E,13,","28.0","E","11.7",",E","47.2",",,,E","19.42",",E","24.82",",,,E","14.01",",,,E"
"NOE00109514","1997-09","60.1881","11.0742","202.0","GARDERMOEN SOR, NO","68.4","E","0.0",",E","12",",E","7",",E","1",",E","0",",","0",",E","0",",E","0",",E","2",",E","0",",E","19970915",",,E","19970930","+,,E","19970902",",,E","19970901",",,E","0.6",",E,15,","0",",,E,30,+","25.7",",,E,02,","22.6",",E,01,","221.0","E","193.0",",E","78.0",",,,E","11.90",",E","16.37",",,,E","7.43",",,,E"
"NOE00109514","1997-10","60.1881","11.0742","202.0","GARDERMOEN SOR, NO","68.4","E","0.0",",E","10",",E","3",",E","0",",E","0",",","0",",E","14",",E","1",",E","0",",E","0",",E","19971028",",,E","19971031","+,,E","19971001",",,E","19971018",",,E","-8.3",",E,28,","0",",,E,31,+","24.6",",,E,01,","14.9",",E,18,","670.2","E","449.2",",E","67.1",",,,E","3.84",",E","7.53",",,,E","0.15",",,,E"
"NOE00109514","1997-11","60.1881","11.0742","202.0","GARDERMOEN SOR, NO","68.4","E","0.0",",E","17",",E","10",",E","0",",E","4",",","0",",E","19",",E","9",",E","0",",E","0",",E","19971128",",,E","19971106",",,E","19971107",",,E","19971101",",,E","-11.2",",E,28,","50",",,E,06,","17.1",",,E,07,","11.7",",E,01,","1226.0","E","555.8",",E","73.3",",,,E","-0.19",",E","1.76",",,,E","-2.15",",,,E"
"NOE00109514","1997-12","60.1881","11.0742","202.0","GARDERMOEN SOR, NO","68.4","E","0.0",",E","18",",E","12",",E","0",",E","26",",","0",",E","27",",E","19",",E","0",",E","0",",E","19971205",",,E","19971231",",,E","19971209",",,E","19971210",",,E","-17.1",",E,05,","310",",,E,31,","12.2",",,E,09,","4.4",",E,10,","1888.7","E","662.7",",E","89.5",",,,E","-3.04",",E","-1.30",",,,E","-4.79",",,,E"
"NOE00109514","1998-01","60.1881","11.0742","202.0","GARDERMOEN SOR, NO","0.0","E","0.0",",E","12",",E","6",",E","0",",E","31",",","0",",E","23",",E","13",",E","0",",E","0",",E","19980131",",,E","19980102","+,,E","19980114",",,E","19980127","+,,E","-16.0",",E,31,","300",",,E,02,+","10.4",",,E,14,","4.0",",E,27,+","2541.2","E","652.5",",E","46.7",",,,E","-2.72",",E","-0.14",",,,E","-5.30",",,,E"
"NOE00109514","1998-02","60.1881","11.0742","202.0","GARDERMOEN SOR, NO","0.0","E","0.0",",E","10",",E","3",",E","0",",E","12",",","1",",E","19",",E","8",",E","0",",E","0",",E","19980204",",,E","19980207","+,,E","19980216",",,E","19980223",",,E","-19.4",",E,04,","200",",,E,07,+","9.9",",,E,16,","12.4",",E,23,","3063.7","E","522.5",",E","24.2",",,,E","-0.33",",E","3.06",",,,E","-3.72",",,,E"
"NOE00109514","1998-03","60.1881","11.0742","202.0","GARDERMOEN SOR, NO","0.0","E","0.0",",E","9",",E","5",",E","0",",E","21",",","0",",E","23",",E","7",",E","0",",E","0",",E","19980308","+,,E","19980312",",,E","19980326",",,E","19980331",",,E","-17.5",",E,08,+","300",",,E,12,","12.6",",,E,26,","12.9",",E,31,","3658.4","E","594.7",",E","53.1",",,,E","-0.85",",E","3.62",",,,E","-5.32",",,,E"
"NOE00109514","1998-04","60.1881","11.0742","202.0","GARDERMOEN SOR, NO","0.0","E","0.0",",E","16",",E","10",",E","0",",E","12",",","0",",E","18",",E","1",",E","0",",E","0",",E","19980403",",,E","19980415",",,E","19980416",",,E","19980422",",,E","-6.5",",E,03,","180",",,E,15,","19.1",",,E,16,","15.1",",E,22,","4109.6","E","451.2",",E","95.4",",,,E","3.29",",E","6.60",",,,E","-0.02",",,,E"
"NOE00109514","1998-05","60.1881","11.0742","202.0","GARDERMOEN SOR, NO","0.0","E","0.0",",E","5",",E","2",",E","0",",E","0",",","0",",E","1",",E","0",",E","7",",E","0",",E","19980521",",,E","19980531","+,,E","19980501",",,E","19980530",",,E","-0.4",",E,21,","0",",,E,31,+","5.2",",,E,01,","23.9",",E,30,","4343.4","E","233.8",",E","10.7",",,,E","10.79",",E","16.37",",,,E","5.21",",,,E"
"NOE00109514","1998-06","60.1881","11.0742","202.0","GARDERMOEN SOR, NO","0.0","E","0.0",",E","20",",E","15",",E","1",",E","0",",","0",",E","0",",E","0",",E","3",",E","0",",E","19980606",",,E","19980630","+,,E","19980616",",,E","19980621",",,E","3.1",",E,06,","0",",,E,30,+","31.3",",,E,16,","23.2",",E,21,","4511.2","E","167.8",",E","156.3",",,,E","12.74",",E","16.95",",,,E","8.53",",,,E"
"NOE00109514","1998-07","60.1881","11.0742","202.0","GARDERMOEN SOR, NO","0.0","E","0.0",",E","17",",E","9",",E","0",",E","0",",","0",",E","0",",E","0",",E","7",",E","0",",E","19980726",",,E","19980731","+,,E","19980707",",,E","19980721",",,E","7.5",",E,26,","0",",,E,31,+","23.0",",,E,07,","22.8",",E,21,","100.1","E","100.1",",E","94.4",",,,E","15.10",",E","19.25",",,,E","10.96",",,,E"
"NOE00109514","1998-08","60.1881","11.0742","202.0","GARDERMOEN SOR, NO","0.0","E","0.0",",E","14",",E","9",",E","0",",E","0",",","0",",E","0",",E","0",",E","2",",E","0",",E","19980819",",,E","19980831","+,,E","19980815",",,E","19980811",",,E","5.5",",E,19,","0",",,E,31,+","12.3",",,E,15,","21.9",",E,11,","241.9","E","141.8",",E","57.3",",,,E","13.76",",E","18.12",",,,E","9.40",",,,E"
"NOE00109514","1998-09","60.1881","11.0742","202.0","GARDERMOEN SOR, NO","0.0","E","0.0",",E","14",",E","10",",E","1",",E","0",",","0",",E","0",",E","0",",E","1",",E","0",",E","19980903",",,E","19980930","+,,E","19980909",",,E","19980922",",,E","1.6",",E,03,","0",",,E,30,+","27.8",",,E,09,","22.6",",E,22,","441.6","E","199.7",",E","125.2",",,,E","11.68",",E","15.23",",,,E","8.12",",,,E"
"NOE00109514","1998-10","60.1881","11.0742","202.0","GARDERMOEN SOR, NO","0.0","E","0.0",",E","14",",E","8",",E","0",",E","0",",","0",",E","10",",E","0",",E","0",",E","0",",E","19981021",",,E","19981018",",,E","19981025",",,E","19981023",",,E","-5.0",",E,21,","20",",,E,18,","22.2",",,E,25,","12.0",",E,23,","870.7","E","429.1",",E","102.2",",,,E","4.49",",E","7.25",",,,E","1.74",",,,E"
"NOE00109514","1998-11","60.1881","11.0742","202.0","GARDERMOEN SOR, NO","0.0","E","0.0",",E","9",",E","2",",E","0",",E","18",",","0",",E","28",",E","18",",E","0",",E","0",",E","19981120",",,E","19981111",",,E","19981110",",,E","19981122",",,E","-14.9",",E,20,","110",",,E,11,","11.5",",,E,10,","4.2",",E,22,","1500.6","E","629.9",",E","25.7",",,,E","-2.66",",E","-0.84",",,,E","-4.49",",,,E"
"NOE00109514","1998-12","60.1881","11.0742","202.0","GARDERMOEN SOR, NO","0.0","E","0.0",",E","12",",E","5",",E","0",",E","14",",","0",",E","26",",E","15",",E","0",",E","0",",E","19981209",",,E","19981231","+,,E","19981226",",,E","19981218",",,E","-16.5",",E,09,","240",",,E,31,+","11.7",",,E,26,","6.3",",E,18,","2145.4","E","644.8",",E","40.8",",,,E","-2.47",",E","-0.01",",,,E","-4.92",",,,E"
"NOE00109514","1999-01","60.1881","11.0742","202.0","GARDERMOEN SOR, NO","0.0","E","0.0",",E","17",",E","10",",E","0",",E","31",",","2",",E","26",",E","15",",E","0",",E","0",",E","19990128",",,E","19990117","+,,E","19990102",",,E","19990120",",,E","-21.9",",E,28,","400",",,E,17,+","19.6",",,E,02,","4.3",",E,20,","2839.8","E","694.4",",E","95.2",",,,E","-4.07",",E","-1.81",",,,E","-6.32",",,,E"
"NOE00109514","1999-02","60.1881","11.0742","202.0","GARDERMOEN SOR, NO","0.0","E","0.0",",E","7",",E","6",",E","0",",E","28",",","2",",E","28",",E","13",",E","0",",E","0",",E","19990209",",,E","19990228",",,E","19990228",",,E","19990204",",,E","-18.8",",E,09,","410",",,E,28,","13.4",",,E,28,","7.7",",E,04,","3486.7","E","646.9",",E","46.3",",,,E","-4.77",",E","-0.73",",,,E","-8.81",",,,E"
"NOE00109514","1999-03","60.1881","11.0742","202.0","GARDERMOEN SOR, NO","0.0","E","0.0",",E","19",",E","13",",E","0",",E","31",",","0",",E","24",",E","9",",E","0",",E","0",",E","19990312",",,E","19990306",",,E","19990304",",,E","19990328",",,E","-14.1",",E,12,","800",",,E,06,","23.1",",,E,04,","8.5",",E,28,","4079.5","E","592.8",",E","120.5",",,,E","-0.79",",E","2.01",",,,E","-3.59",",,,E"
"NOE00109514","1999-04","60.1881","11.0742","202.0","GARDERMOEN SOR, NO","0.0","E","0.0",",E","11",",E","7",",E","0",",E","16",",","0",",E","9",",E","0",",E","0",",E","0",",E","19990405",",,E","19990401",",,E","19990413",",,E","19990427",",,E","-4.1",",E,05,","400",",,E,01,","24.6",",,E,13,","16.9",",E,27,","4464.2","E","384.7",",E","66.6",",,,E","5.51",",E","9.91",",,,E","1.11",",,,E"
"NOE00109514","1999-05","60.1881","11.0742","202.0","GARDERMOEN SOR, NO","0.0","E","0.0",",E","10",",E","6",",E","0",",E","1",",","0",",E","5",",E","0",",E","3",",E","0",",E","19990502",",,E","19990509",",,E","19990513",",,E","19990520",",,E","-2.4",",E,02,","30",",,E,09,","18.4",",,E,13,","24.1",",E,20,","4765.8","E","301.6",",E","49.5",",,,E","8.60",",E","14.10",",,,E","3.10",",,,E"
"NOE00109514","1999-06","60.1881","11.0742","202.0","GARDERMOEN SOR, NO","0.0","E","0.0",",E","19",",E","17",",E","1",",E","0",",","0",",E","0",",E","0",",E","5",",E","0",",E","19990622",",,E","19990630","+,,E","19990628",",,E","19990615",",,E","4.6",",E,22,","0",",,E,30,+","40.7",",,E,28,","23.9",",E,15,","4903.6","E","137.8",",E","174.8",",,,E","13.74",",E","18.10",",,,E","9.38",",,,E"
"NOE00109514","1999-07","60.1881","11.0742","202.0","GARDERMOEN SOR, NO","8.9","E","8.9",",E","9",",E","7",",E","0",",E","0",",","0",",E","0",",E","0",",E","20",",E","0",",E","19990723",",,E","19990731","+,,E","19990720",",,E","19990711",",,E","5.4",",E,23,","0",",,E,31,+","12.0",",,E,20,","27.4",",E,11,","53.3","E","53.3",",E","51.5",",,,E","16.90",",E","22.30",",,,E","11.51",",,,E"
"NOE00109514","1999-08","60.1881","11.0742","202.0","GARDERMOEN SOR, NO","13.5","E","4.6",",E","7",",E","5",",E","1",",E","0",",","0",",E","0",",E","0",",E","10",",E","0",",E","19990823",",,E","19990831","+,,E","19990830",",,E","19990804","+,,E","2.2",",E,23,","0",",,E,31,+","31.0",",,E,30,","27.7",",E,04,+","166.9","E","113.6",",E","55.0",",,,E","14.82",",E","20.58",",,,E","9.05",",,,E"
"NOE00109514","1999-09","60.1881","11.0742","202.0","GARDERMOEN SOR, NO","13.6","E","0.1",",E","15",",E","8",",E","1",",E","0",",","0",",E","0",",E","0",",E","5",",E","0",",E","19990911",",,E","19990930","+,,E","19990922",",,E","19990904",",,E","1.8",",E,11,","0",",,E,30,+","34.0",",,E,22,","23.7",",E,04,","318.8","E","151.9",",E","139.5",",,,E","13.27",",E","16.79",",,,E","9.76",",,,E"
"NOE00109514","1999-10","60.1881","11.0742","202.0","GARDERMOEN SOR, NO","13.6","E","0.0",",E","11",",E","10",",E","0",",E","0",",","0",",E","6",",E","0",",E","0",",E","0",",E","19991009",",,E","19991031","+,,E","19991004",",,E","19991011",",,E","-2.5",",E,09,","0",",,E,31,+","18.3",",,E,04,","12.1",",E,11,","713.8","E","395.0",",E","92.2",",,,E","5.59",",E","8.74",",,,E","2.45",",,,E"
"NOE00109514","1999-11","60.1881","11.0742","202.0","GARDERMOEN SOR, NO","13.6","E","0.0",",E","15",",E","4",",E","0",",E","4",",","0",",E","14",",E","6",",E","0",",E","0",",E","19991120",",,E","19991123",",,E","19991124",",,E","19991113",",,E","-8.0",",E,20,","60",",,E,23,","8.2",",,E,24,","12.3",",E,13,","1175.5","E","461.7",",E","32.3",",,,E","2.94",",E","5.60",",,,E","0.29",",,,E"
"NOE00109514","1999-12","60.1881","11.0742","202.0","GARDERMOEN SOR, NO","13.6","E","0.0",",E","16",",E","10",",E","0",",E","23",",","1",",E","28",",E","20",",E","0",",E","0",",E","19991216",",,E","19991230","+,,E","19991225",",,E","19991201",",,E","-18.4",",E,16,","240",",,E,30,+","19.0",",,E,25,","6.8",",E,01,","1896.2","E","720.7",",E","100.9",",,,E","-4.91",",E","-1.82",",,,E","-8.01",",,,E"
"NOE00109514","2000-01","60.1881","11.0742","202.0","GARDERMOEN SOR, NO","0.0","E","0.0",",E","10",",E","6",",E","0",",E","23",",","0",",E","26",",E","10",",E","0",",E","0",",E","20000124",",,E","20000105","+,,E","20000129",",,E","20000117",",,E","-16.9",",E,24,","230",",,E,05,+","12.8",",,E,29,","9.0",",E,17,","2531.1","E","634.9",",E","36.9",",,,E","-2.15",",E","1.38",",,,E","-5.68",",,,E"
"NOE00109514","2000-02","60.1881","11.0742","202.0","GARDERMOEN SOR, NO","0.0","E","0.0",",E","11",",E","6",",E","0",",E","20",",","0",",E","23",",E","11",",E","0",",E","0",",E","20000220",",,E","20000227","+,,E","20000212",",,E","20000206",",,E","-14.8",",E,20,","160",",,E,27,+","9.6",",,E,12,","7.8",",E,06,","3140.2","E","609.1",",E","46.2",",,,E","-2.67",",E","1.28",",,,E","-6.62",",,,E"
"NOE00109514","2000-03","60.1881","11.0742","202.0","GARDERMOEN SOR, NO","0.0","E","0.0",",E","6",",E","3",",E","0",",E","18",",","0",",E","28",",E","0",",E","0",",E","0",",E","20000312",",,E","20000303",",,E","20000302",",,E","20000320",",,E","-10.5",",E,12,","150",",,E,03,","12.7",",,E,02,","13.1",",E,20,","3677.6","E","537.4",",E","20.9",",,,E","1.00",",E","5.11",",,,E","-3.11",",,,E"
"NOE00109514","2000-04","60.1881","11.0742","202.0","GARDERMOEN SOR, NO","0.0","E","0.0",",E","20",",E","10",",E","1",",E","10",",","0",",E","11",",E","2",",E","2",",E","0",",E","20000405",",,E","20000405",",,E","20000403",",,E","20000429",",,E","-9.6",",E,05,","350",",,E,05,","28.7",",,E,03,","23.9",",E,29,","4079.4","E","401.8",",E","113.8",",,,E","4.94",",E","9.01",",,,E","0.87",",,,E"
"NOE00109514","2000-05","60.1881","11.0742","202.0","GARDERMOEN SOR, NO","0.0","E","0.0",",E","12",",E","9",",E","1",",E","0",",","0",",E","0",",E","0",",E","8",",E","0",",E","20000504",",,E","20000531","+,,E","20000529",",,E","20000514",",,E","0.4",",E,04,","0",",,E,31,+","25.5",",,E,29,","26.7",",E,14,","4288.0","E","208.6",",E","106.3",",,,E","11.60",",E","17.87",",,,E","5.34",",,,E"
"NOE00109514","2000-06","60.1881","11.0742","202.0","GARDERMOEN SOR, NO","2.6","E","2.6",",E","16",",E","8",",E","0",",E","0",",","0",",E","0",",E","0",",E","4",",E","0",",E","20000605","+,,E","20000630","+,,E","20000630",",,E","20000630",",,E","2.9",",E,05,+","0",",,E,30,+","12.9",",,E,30,","25.1",",E,30,","4451.0","E","163.0",",E","58.6",",,,E","12.98",",E","17.72",",,,E","8.25",",,,E"
"NOE00109514","2000-07","60.1881","11.0742","202.0","GARDERMOEN SOR, NO","4.9","E","2.3",",E","17",",E","9",",E","0",",E","0",",","0",",E","0",",E","0",",E","12",",E","0",",E","20000710",",,E","20000731","+,,E","20000725",",,E","20000730",",,E","4.9",",E,10,","0",",,E,31,+","25.0",",,E,25,","26.5",",E,30,","79.2","E","79.2",",E","107.2",",,,E","15.85",",E","20.13",",,,E","11.57",",,,E"
"NOE00109514","2000-08","60.1881","11.0742","202.0","GARDERMOEN SOR, NO","4.9","E","0.0",",E","16",",E","11",",E","0",",E","0",",","0",",E","0",",E","0",",E","6",",E","0",",E","20000810",",,E","20000831","+,,E","20000819",",,E","20000813",",,E","6.0",",E,10,","0",",,E,31,+","16.3",",,E,19,","22.6",",E,13,","194.2","E","115.0",",E","85.0",",,,E","14.62",",E","19.25",",,,E","9.99",",,,E"
"NOE00109514","2000-09","60.1881","11.0742","202.0","GARDERMOEN SOR, NO","4.9","E","0.0",",E","6",",E","4",",E","0",",E","0",",","0",",E","0",",E","0",",E","0",",E","0",",E","20000915",",,E","20000930","+,,E","20000927",",,E","20000910",",,E","0.2",",E,15,","0",",,E,30,+","21.7",",,E,27,","18.0",",E,10,","448.1","E","253.9",",E","58.7",",,,E","9.87",",E","14.40",",,,E","5.34",",,,E"
"NOE00109514","2000-10","60.1881","11.0742","202.0","GARDERMOEN SOR, NO","4.9","E","0.0",",E","26",",E","14",",E","2",",E","0",",","0",",E","1",",E","0",",E","0",",E","0",",E","20001023",",,E","20001031","+,,E","20001009",",,E","20001003",",,E","0.0",",E,23,","0",",,E,31,+","36.5",",,E,09,","16.7",",E,03,","762.8","E","314.7",",E","209.8",",,,E","8.18",",E","10.13",",,,E","6.24",",,,E"
"NOE00109514","2000-11","60.1881","11.0742","202.0","GARDERMOEN SOR, NO","4.9","E","0.0",",E","28",",E","24",",E","2",",E","0",",","0",",E","0",",E","0",",E","0",",E","0",",E","20001118",",,E","20001130","+,,E","20001117",",,E","20001103",",,E","0.2",",E,18,","0",",,E,30,+","29.4",",,E,17,","8.2",",E,03,","1176.6","E","413.8",",E","299.9",",,,E","4.54",",E","5.77",",,,E","3.31",",,,E"
"NOE00109514","2000-12","60.1881","11.0742","202.0","GARDERMOEN SOR, NO","4.9","E","0.0",",E","19",",E","10",",E","0",",E","4",",","1",",E","18",",E","14",",E","0",",E","0",",E","20001231",",,E","20001231","+,,E","20001213",",,E","20001205",",,E","-18.9",",E,31,","190",",,E,31,+","15.1",",,E,13,","8.6",",E,05,","1763.8","E","587.2",",E","91.1",",,,E","-0.61",",E","1.58",",,,E","-2.80",",,,E"
"NOE00109514","2001-01","60.1881","11.0742","202.0","GARDERMOEN SOR, NO","0.0","E","0.0",",E","17",",E","11",",E","0",",E","31",",","1",",E","26",",E","17",",E","0",",E","0",",E","20010101",",,E","20010125",",,E","20010124",",,E","20010125",",,E","-18.4",",E,01,","430",",,E,25,","23.6",",,E,24,","2.8",",E,25,","2471.5","E","707.7",",E","108.5",",,,E","-4.50",",E","-2.48",",,,E","-6.51",",,,E"
"NOE00109514","2001-02","60.1881","11.0742","202.0","GARDERMOEN SOR, NO","0.0","E","0.0",",E","8",",E","5",",E","0",",E","28",",","7",",E","26",",E","15",",E","0",",E","0",",E","20010205",",,E","20010213","+,,E","20010211",",,E","20010218",",,E","-26.3",",E,05,","420",",,E,13,+","11.0",",,E,11,","7.5",",E,18,","3184.3","E","712.8",",E","33.1",",,,E","-7.12",",E","-2.85",",,,E","-11.40",",,,E"
"NOE00109514","2001-03","60.1881","11.0742","202.0","GARDERMOEN SOR, NO","0.0","E","0.0",",E","12",",E","6",",E","0",",E","31",",","1",",E","26",",E","10",",E","0",",E","0",",E","20010303",",,E","20010302",",,E","20010312",",,E","20010306",",,E","-18.5",",E,03,","450",",,E,02,","22.6",",,E,12,","8.6",",E,06,","3872.0","E","687.7",",E","57.1",",,,E","-3.85",",E","1.03",",,,E","-8.73",",,,E"
"NOE00109514","2001-04","60.1881","11.0742","202.0","GARDERMOEN SOR, NO","0.0","E","0.0",",E","18",",E","13",",E","0",",E","20",",","0",",E","19",",E","0",",E","0",",E","0",",E","20010414",",,E","20010401",",,E","20010404",",,E","20010423",",,E","-7.9",",E,14,","350",",,E,01,","16.2",",,E,04,","12.7",",E,23,","4327.8","E","455.8",",E","92.4",",,,E","3.14",",E","6.52",",,,E","-0.24",",,,E"
"NOE00109514","2001-05","60.1881","11.0742","202.0","GARDERMOEN SOR, NO","0.0","E","0.0",",E","6",",E","5",",E","0",",E","0",",","0",",E","2",",E","0",",E","6",",E","0",",E","20010506",",,E","20010531","+,,E","20010529",",,E","20010512",",,E","-0.4",",E,06,","0",",,E,31,+","19.1",",,E,29,","23.6",",E,12,","4560.1","E","232.3",",E","50.9",",,,E","10.84",",E","16.49",",,,E","5.19",",,,E"
"NOE00109514","2001-06","60.1881","11.0742","202.0","GARDERMOEN SOR, NO","1.9","E","1.9",",E","9",",E","7",",E","0",",E","0",",","0",",E","0",",E","0",",E","9",",E","0",",E","20010604",",,E","20010630","+,,E","20010620","+,,E","20010626",",,E","2.9",",E,04,","0",",,E,30,+","12.8",",,E,20,+","25.9",",E,26,","4701.5","E","141.4",",E","55.0",",,,E","13.68",",E","18.82",",,,E","8.55",",,,E"
"NOE00109514","2001-07","60.1881","11.0742","202.0","GARDERMOEN SOR, NO","18.0","E","16.1",",E","12",",E","9",",E","0",",E","0",",","0",",E","0",",E","0",",E","17",",E","0",",E","20010716",",,E","20010731","+,,E","20010722",",,E","20010707",",,E","7.8",",E,16,","0",",,E,31,+","11.8",",,E,22,","28.3",",E,07,","62.0","E","62.0",",E","60.5",",,,E","16.85",",E","21.80",",,,E","11.91",",,,E"
"NOE00109514","2001-08","60.1881","11.0742","202.0","GARDERMOEN SOR, NO","20.7","E","2.7",",E","15",",E","13",",E","0",",E","0",",","0",",E","0",",E","0",",E","8",",E","0",",E","20010802",",,E","20010831","+,,E","20010809",",,E","20010816",",,E","6.4",",E,02,","0",",,E,31,+","25.0",",,E,09,","26.3",",E,16,","171.3","E","109.3",",E","140.8",",,,E","14.89",",E","19.38",",,,E","10.41",",,,E"
"NOE00109514","2001-09","60.1881","11.0742","202.0","GARDERMOEN SOR, NO","20.7","E","0.0",",E","16",",E","8",",E","0",",E","0",",","0",",E","3",",E","0",",E","0",",E","0",",E","20010929",",,E","20010930","+,,E","20010910",",,E","20010905",",,E","-2.0",",E,29,","0",",,E,30,+","17.8",",,E,10,","18.4",",E,05,","404.3","E","233.0",",E","83.2",",,,E","10.57",",E","13.82",",,,E","7.31",",,,E"
"NOE00109514","2001-10","60.1881","11.0742","202.0","GARDERMOEN SOR, NO","20.7","E","0.0",",E","19",",E","12",",E","1",",E","0",",","0",",E","5",",E","0",",E","0",",E","0",",E","20011023",",,E","20011031","+,,E","20011009",",,E","20011002",",,E","-4.8",",E,23,","0",",,E,31,+","29.5",",,E,09,","15.7",",E,02,","745.6","E","341.3",",E","131.6",",,,E","7.32",",E","10.14",",,,E","4.51",",,,E"
"NOE00109514","2001-11","60.1881","11.0742","202.0","GARDERMOEN SOR, NO","20.7","E","0.0",",E","8",",E","2",",E","0",",E","2",",","0",",E","25",",E","4",",E","0",",E","0",",E","20011120","+,,E","20011130",",,E","20011125",",,E","20011115",",,E","-7.5",",E,20,+","40",",,E,30,","15.1",",,E,25,","12.0",",E,15,","1276.4","E","530.8",",E","29.6",",,,E","0.64",",E","3.69",",,,E","-2.41",",,,E"
"NOE00109514","2001-12","60.1881","11.0742","202.0","GARDERMOEN SOR, NO","20.7","E","0.0",",E","8",",E","4",",E","0",",E","30",",","1",",E","28",",E","18",",E","0",",E","0",",E","20011231",",,E","20011231","+,,E","20011201",",,E","20011217",",,E","-23.2",",E,31,","150",",,E,31,+","12.1",",,E,01,","5.2",",E,17,","2016.5","E","740.1",",E","33.2",",,,E","-5.54",",E","-2.71",",,,E","-8.37",",,,E"
"NOE00109514","2002-01","60.1881","11.0742","202.0","GARDERMOEN SOR, NO","0.0","E","0.0",",E","15",",E","11",",E","0",",E","27",",","4",",E","26",",E","19",",E","0",",E","0",",E","20020103",",,E","20020131",",,E","20020130",",,E","20020118",",,E","-20.0",",E,03,","350",",,E,31,","14.8",",,E,30,","4.0",",E,18,","2768.4","E","751.9",",E","68.0",",,,E","-5.92",",E","-2.57",",,,E","-9.27",",,,E"
"NOE00109514","2002-02","60.1881","11.0742","202.0","GARDERMOEN SOR, NO","0.0","E","0.0",",E","16",",E","7",",E","0",",E","28",",","0",",E","22",",E","9",",E","0",",E","0",",E","20020220",",,E","20020202",",,E","20020204",",,E","20020216",",,E","-14.3",",E,20,","370",",,E,02,","14.8",",,E,04,","6.5",",E,16,","3315.9","E","547.5",",E","72.8",",,,E","-1.22",",E","1.93",",,,E","-4.37",",,,E"
"NOE00109514","2002-03","60.1881","11.0742","202.0","GARDERMOEN SOR, NO","0.0","E","0.0",",E","9",",E","5",",E","0",",E","30",",","0",",E","26",",E","1",",E","0",",E","0",",E","20020303",",,E","20020301",",,E","20020319",",,E","20020329",",,E","-11.4",",E,03,","280",",,E,01,","19.7",",,E,19,","12.2",",E,29,","3862.3","E","546.4",",E","42.8",",,,E","0.71",",E","4.75",",,,E","-3.34",",,,E"
"NOE00109514","2002-04","60.1881","11.0742","202.0","GARDERMOEN SOR, NO","0.0","E","0.0",",E","9",",E","5",",E","0",",E","0",",","0",",E","9",",E","0",",E","0",",E","0",",E","20020401",",,E","20020430","+,,E","20020429",",,E","20020424",",,E","-4.1",",E,01,","0",",,E,30,+","17.7",",,E,29,","20.3",",E,24,","4237.8","E","375.5",",E","50.4",",,,E","5.82",",E","10.66",",,,E","0.97",",,,E"
"NOE00109514","2002-05","60.1881","11.0742","202.0","GARDERMOEN SOR, NO","0.0","E","0.0",",E","14",",E","6",",E","1",",E","0",",","0",",E","0",",E","0",",E","3",",E","0",",E","20020518",",,E","20020531","+,,E","20020527",",,E","20020523",",,E","0.5",",E,18,","0",",,E,31,+","35.9",",,E,27,","23.0",",E,23,","4447.5","E","209.7",",E","107.9",",,,E","11.57",",E","17.26",",,,E","5.87",",,,E"
"NOE00109514","2002-06","60.1881","11.0742","202.0","GARDERMOEN SOR, NO","2.4","E","2.4",",E","14",",E","11",",E","0",",E","0",",","0",",E","0",",E","0",",E","12",",E","0",",E","20020601",",,E","20020630","+,,E","20020610",",,E","20020607",",,E","4.5",",E,01,","0",",,E,30,+","14.5",",,E,10,","26.8",",E,07,","4545.1","E","97.6",",E","74.5",",,,E","15.16",",E","20.85",",,,E","9.47",",,,E"
"NOE00109514","2002-07","60.1881","11.0742","202.0","GARDERMOEN SOR, NO","10.8","E","8.4",",E","15",",E","12",",E","0",",E","0",",","0",",E","0",",E","0",",E","14",",E","0",",E","20020701",",,E","20020731","+,,E","20020721",",,E","20020730","+,,E","7.7",",E,01,","0",",,E,31,+","17.2",",,E,21,","25.7",",E,30,+","65.0","E","65.0",",E","97.8",",,,E","16.51",",E","20.74",",,,E","12.28",",,,E"
"NOE00109514","2002-08","60.1881","11.0742","202.0","GARDERMOEN SOR, NO","33.1","E","22.3",",E","5",",E","3",",E","0",",E","0",",","0",",E","0",",E","0",",E","29",",E","0",",E","20020829",",,E","20020831","+,,E","20020812",",,E","20020817",",,E","7.1",",E,29,","0",",,E,31,+","17.0",",,E,12,","27.5",",E,17,","75.1","E","10.1",",E","39.3",",,,E","18.72",",E","25.13",",,,E","12.32",",,,E"
"NOE00109514","2002-09","60.1881","11.0742","202.0","GARDERMOEN SOR, NO","33.1","E","0.0",",E","8",",E","4",",E","1",",E","0",",","0",",E","2",",E","0",",E","7",",E","0",",E","20020927",",,E","20020930","+,,E","20020921",",,E","20020913",",,E","-3.2",",E,27,","0",",,E,30,+","27.4",",,E,21,","24.5",",E,13,","267.9","E","192.8",",E","57.7",",,,E","11.91",",E","17.17",",,,E","6.64",",,,E"
"NOE00109514","2002-10","60.1881","11.0742","202.0","GARDERMOEN SOR, NO","33.1","E","0.0",",E","12",",E","6",",E","1",",E","4",",","0",",E","14",",E","2",",E","0",",E","0",",E","20021019",",,E","20021023",",,E","20021025",",,E","20021001",",,E","-9.9",",E,19,","190",",,E,23,","27.5",",,E,25,","12.1",",E,01,","768.7","E","500.8",",E","93.9",",,,E","2.18",",E","4.67",",,,E","-0.31",",,,E"
"NOE00109514","2002-11","60.1881","11.0742","202.0","GARDERMOEN SOR, NO","33.1","E","0.0",",E","18",",E","8",",E","0",",E","22",",","0",",E","27",",E","19",",E","0",",E","0",",E","20021112",",,E","20021125","+,,E","20021124","+,,E","20021101",",,E","-14.0",",E,12,","300",",,E,25,+","12.3",",,E,24,+","5.4",",E,01,","1410.1","E","641.4",",E","79.0",",,,E","-3.05",",E","-0.88",",,,E","-5.22",",,,E"
"NOE00109514","2002-12","60.1881","11.0742","202.0","GARDERMOEN SOR, NO","33.1","E","0.0",",E","14",",E","3",",E","0",",E","31",",","4",",E","31",",E","31",",E","0",",E","0",",E","20021231",",,E","20021231","+,,E","20021228",",,E","20021220",",,E","-25.2",",E,31,","520",",,E,31,+","19.3",",,E,28,","-0.1",",E,20,","2248.1","E","838.0",",E","38.2",",,,E","-8.70",",E","-6.16",",,,E","-11.24",",,,E"
"NOE00109514","2003-01","60.1881","11.0742","202.0","GARDERMOEN SOR, NO","0.0","E","0.0",",E","14",",E","5",",E","0",",E","31",",","8",",E","27",",E","15",",E","0",",E","0",",E","20030101",",,E","20030113","+,,E","20030120","+,,E","20030114",",,E","-23.6",",E,01,","590",",,E,13,+","16.6",",,E,20,+","6.2",",E,14,","3004.9","E","756.8",",E","52.0",",,,E","-6.08",",E","-2.49",",,,E","-9.67",",,,E"
"NOE00109514","2003-02","60.1881","11.0742","202.0","GARDERMOEN SOR, NO","0.0","E","0.0",",E","9",",E","4",",E","0",",E","28",",","1",",E","28",",E","22",",E","0",",E","0",",E","20030201",",,E","20030208","+,,E","20030202",",,E","20030227",",,E","-19.3",",E,01,","520",",,E,08,+","15.9",",,E,02,","3.1",",E,27,","3669.3","E","664.4",",E","41.7",",,,E","-5.40",",E","-1.80",",,,E","-8.99",",,,E"
"NOE00109514","2003-03","60.1881","11.0742","202.0","GARDERMOEN SOR, NO","0.0","E","0.0",",E","6",",E","3",",E","0",",E","31",",","0",",E","27",",E","6",",E","0",",E","0",",E","20030301",",,E","20030307",",,E","20030306",",,E","20030323",",,E","-17.4",",E,01,","500",",,E,07,","7.1",",,E,06,","11.7",",E,23,","4214.4","E","545.1",",E","21.2",",,,E","0.75",",E","5.11",",,,E","-3.61",",,,E"
"NOE00109514","2003-04","60.1881","11.0742","202.0","GARDERMOEN SOR, NO","0.0","E","0.0",",E","6",",E","5",",E","0",",E","10",",","0",",E","20",",E","0",",E","0",",E","0",",E","20030408",",,E","20030402","+,,E","20030427",",,E","20030422",",,E","-7.3",",E,08,","200",",,E,02,+","22.5",",,E,27,","19.3",",E,22,","4630.7","E","416.3",",E","61.6",",,,E","4.46",",E","10.22",",,,E","-1.31",",,,E"
"NOE00109514","2003-05","60.1881","11.0742","202.0","GARDERMOEN SOR, NO","0.0","E","0.0",",E","18",",E","14",",E","0",",E","0",",","0",",E","1",",E","0",",E","2",",E","0",",E","20030511",",,E","20030531","+,,E","20030521",",,E","20030531",",,E","-1.0",",E,11,","0",",,E,31,+","14.5",",,E,21,","21.2",",E,31,","4906.1","E","275.4",",E","98.1",",,,E","9.45",",E","14.18",",,,E","4.72",",,,E"
"NOE00109514","2003-06","60.1881","11.0742","202.0","GARDERMOEN SOR, NO","1.0","E","1.0",",E","17",",E","6",",E","1",",E","0",",","0",",E","0",",E","0",",E","10",",E","0",",E","20030602",",,E","20030630","+,,E","20030623",",,E","20030627",",,E","5.3",",E,02,","0",",,E,30,+","27.8",",,E,23,","25.6",",E,27,","4996.7","E","90.6",",E","67.9",",,,E","15.35",",E","20.36",",,,E","10.33",",,,E"
"NOE00109514","2003-07","60.1881","11.0742","202.0","GARDERMOEN SOR, NO","27.9","E","26.9",",E","15",",E","9",",E","0",",E","0",",","0",",E","0",",E","0",",E","22",",E","0",",E","20030730",",,E","20030731","+,,E","20030725",",,E","20030717","+,,E","8.9",",E,30,","0",",,E,31,+","20.8",",,E,25,","29.6",",E,17,+","33.0","E","33.0",",E","86.6",",,,E","18.14",",E","23.24",",,,E","13.04",",,,E"
"NOE00109514","2003-08","60.1881","11.0742","202.0","GARDERMOEN SOR, NO","38.0","E","10.1",",E","11",",E","6",",E","1",",E","0",",","0",",E","0",",E","0",",E","17",",E","0",",E","20030829",",,E","20030831","+,,E","20030813",",,E","20030810",",,E","3.9",",E,29,","0",",,E,31,+","35.6",",,E,13,","27.6",",E,10,","111.3","E","78.3",",E","61.9",",,,E","16.13",",E","21.34",",,,E","10.92",",,,E"
"NOE00109514","2003-09","60.1881","11.0742","202.0","GARDERMOEN SOR, NO","38.0","E","0.0",",E","8",",E","5",",E","0",",E","0",",","0",",E","4",",E","0",",E","2",",E","0",",E","20030929",",,E","20030930","+,,E","20030922",",,E","20030904",",,E","-2.3",",E,29,","0",",,E,30,+","18.7",",,E,22,","21.7",",E,04,","321.9","E","210.6",",E","67.6",",,,E","11.31",",E","15.91",",,,E","6.71",",,,E"
"NOE00109514","2003-10","60.1881","11.0742","202.0","GARDERMOEN SOR, NO","38.0","E","0.0",",E","10",",E","5",",E","0",",E","0",",","0",",E","21",",E","1",",E","0",",E","0",",E","20031024",",,E","20031031","+,,E","20031031",",,E","20031001",",,E","-10.6",",E,24,","0",",,E,31,+","11.4",",,E,31,","13.6",",E,01,","812.9","E","491.0",",E","44.0",",,,E","2.50",",E","7.08",",,,E","-2.09",",,,E"
"NOE00109514","2003-11","60.1881","11.0742","202.0","GARDERMOEN SOR, NO","38.0","E","0.0",",E","21",",E","11",",E","0",",E","5",",","0",",E","15",",E","5",",E","0",",E","0",",E","20031124",",,E","20031124",",,E","20031130",",,E","20031106","+,,E","-9.3",",E,24,","250",",,E,24,","23.0",",,E,30,","9.1",",E,06,+","1324.5","E","511.6",",E","112.1",",,,E","1.28",",E","3.05",",,,E","-0.49",",,,E"
"NOE00109514","2003-12","60.1881","11.0742","202.0","GARDERMOEN SOR, NO","38.0","E","0.0",",E","12","1,E","6","1,E","0","1,E","12",",","0",",E","25",",E","8",",E","0",",E","0",",E","20031223",",,E","20031215","+,,E","20031226",",1,E","20031218",",,E","-15.9",",E,23,","120",",,E,15,+","17.8","1,,E,26,","7.9",",E,18,","1927.1","E","602.6",",E","55.3","1,,,E","-1.11",",E","2.08",",,,E","-4.29",",,,E"
"NOE00109514","2004-01","60.1881","11.0742","202.0","GARDERMOEN SOR, NO","0.0","E","0.0",",E","","","","","","","0",",","2",",E","31",",E","26",",E","0",",E","0",",E","20040121",",,E","20040123","+,,E","","","20040113",",,E","-19.8",",E,21,","10",",,E,23,+","","","0.8",",E,13,","2680.2","E","753.1",",E","","","-5.96",",E","-3.48",",,,E","-8.44",",,,E"
"NOE00109514","2004-02","60.1881","11.0742","202.0","GARDERMOEN SOR, NO","0.0","E","0.0","1,E","0","5,E","0","5,E","0","5,E","","","0",",E","27",",E","13","1,E","0","1,E","0","1,E","20040229",",,E","","","20040229","+,5,E","20040205",",1,E","-16.7",",E,29,","","","0.0","5,,E,29,+","9.4","1,E,05,","3295.9","E","615.7","1,E","0.0","5,,,E","-3.72","1,E","0.29","1,,,E","-7.72",",,,E"
"NOE00109514","2004-03","60.1881","11.0742","202.0","GARDERMOEN SOR, NO","0.0","E","0.0",",E","9",",E","7",",E","0",",E","25",",","2",",E","24",",E","4",",E","0",",E","0",",E","20040305",",,E","20040314",",,E","20040319",",,E","20040330",",,E","-18.2",",E,05,","510",",,E,14,","11.0",",,E,19,","12.5",",E,30,","3852.0","E","556.1",",E","48.2",",,,E","0.39",",E","4.83",",,,E","-4.04",",,,E"
"NOE00109514","2004-04","60.1881","11.0742","202.0","GARDERMOEN SOR, NO","0.0","E","0.0","2,E","6",",E","4",",E","0",",E","0",",","0",",E","8",",E","0","2,E","0","2,E","0","2,E","20040403",",,E","20040430","+,,E","20040426",",,E","20040424",",2,E","-6.3",",E,03,","0",",,E,30,+","16.0",",,E,26,","16.8","2,E,24,","4189.1","E","337.1","2,E","44.5",",,,E","6.17","2,E","10.75","2,,,E","1.59",",,,E"
"NOE00109514","2004-05","60.1881","11.0742","202.0","GARDERMOEN SOR, NO","0.0","E","0.0",",E","14",",E","4",",E","0",",E","0",",","0",",E","1",",E","0",",E","5",",E","0",",E","20040513",",,E","20040531","+,,E","20040504",",,E","20040509",",,E","-0.3",",E,13,","0",",,E,31,+","8.7",",,E,04,","23.8",",E,09,","4409.5","E","220.4",",E","27.3",",,,E","11.22",",E","17.10",",,,E","5.34",",,,E"
"NOE00109514","2004-06","60.1881","11.0742","202.0","GARDERMOEN SOR, NO","0.0","E","0.0",",E","13",",E","11",",E","1",",E","0",",","0",",E","0",",E","0",",E","6",",E","0",",E","20040609",",,E","20040630","+,,E","20040607",",,E","20040603",",,E","3.2",",E,09,","0",",,E,30,+","27.0",",,E,07,","22.4",",E,03,","4556.9","E","147.4",",E","118.9",",,,E","13.42",",E","18.52",",,,E","8.32",",,,E"
"NOE00109514","2004-07","60.1881","11.0742","202.0","GARDERMOEN SOR, NO","1.2","E","1.2",",E","4",",E","4",",E","0",",E","0",",","0",",E","0",",E","0",",E","11",",E","0",",E","20040715",",,E","20040731","+,,E","20040712",",,E","20040731","+,,E","4.7",",E,15,","0",",,E,31,+","12.7",",,E,12,","24.5",",E,31,+","101.4","E","101.4",",E","40.5",",,,E","15.10",",E","20.35",",,,E","9.85",",,,E"
"NOE00109514","2004-08","60.1881","11.0742","202.0","GARDERMOEN SOR, NO","29.6","E","28.4",",E","12",",E","8",",E","2",",E","0",",","0",",E","0",",E","0",",E","16",",E","0",",E","20040824",",,E","20040831","+,,E","20040830",",,E","20040810",",,E","3.5",",E,24,","0",",,E,31,+","39.1",",,E,30,","30.2",",E,10,","173.7","E","72.3",",E","127.3",",,,E","16.92",",E","21.82",",,,E","12.01",",,,E"
"NOE00109514","2004-09","60.1881","11.0742","202.0","GARDERMOEN SOR, NO","29.6","E","0.0",",E","11",",E","7",",E","0",",E","0",",","0",",E","0",",E","0",",E","2",",E","0",",E","20040910",",,E","20040930","+,,E","20040920",",,E","20040905",",,E","2.2",",E,10,","0",",,E,30,+","22.0",",,E,20,","22.7",",E,05,","370.3","E","196.6",",E","79.9",",,,E","11.78",",E","16.15",",,,E","7.41",",,,E"
"NOE00109514","2004-10","60.1881","11.0742","202.0","GARDERMOEN SOR, NO","29.6","E","0.0",",E","16",",E","10",",E","0",",E","0",",","0",",E","9",",E","0",",E","0",",E","0",",E","20041028",",,E","20041031","+,,E","20041025",",,E","20041001",",,E","-5.9",",E,28,","0",",,E,31,+","14.3",",,E,25,","12.7",",E,01,","780.9","E","410.6",",E","91.3",",,,E","5.09",",E","7.65",",,,E","2.52",",,,E"
"NOE00109514","2004-11","60.1881","11.0742","202.0","GARDERMOEN SOR, NO","29.6","E","0.0",",E","14",",E","6",",E","0",",E","13",",","0",",E","23",",E","10",",E","0",",E","0",",E","20041119",",,E","20041129",",,E","20041126",",,E","20041112",",,E","-16.9",",E,19,","310",",,E,29,","19.5",",,E,26,","10.3",",E,12,","1364.0","E","583.1",",E","75.9",",,,E","-1.11",",E","2.26",",,,E","-4.47",",,,E"
"NOE00109514","2004-12","60.1881","11.0742","202.0","GARDERMOEN SOR, NO","29.6","E","0.0",",E","11",",E","5",",E","0",",E","16",",","0",",E","27",",E","12",",E","0",",E","0",",E","20041227",",,E","20041204","+,,E","20041228","+,,E","20041215","+,,E","-16.2",",E,27,","260",",,E,04,+","11.5",",,E,28,+","6.9",",E,15,+","1985.9","E","621.9",",E","41.6",",,,E","-1.73",",E","1.61",",,,E","-5.06",",,,E"
"NOE00109514","2005-01","60.1881","11.0742","202.0","GARDERMOEN SOR, NO","0.0","E","0.0",",E","14",",E","7",",E","0",",E","13",",","0",",E","21",",E","10",",E","0",",E","0",",E","20050101",",,E","20050129",",,E","20050108",",,E","20050107",",,E","-10.0",",E,01,","80",",,E,29,","12.0",",,E,08,","8.3",",E,07,","2544.2","E","558.3",",E","56.8",",,,E","0.32",",E","3.01",",,,E","-2.36",",,,E"
"NOE00109514","2005-02","60.1881","11.0742","202.0","GARDERMOEN SOR, NO","0.0","E","0.0",",E","5",",E","2",",E","0",",E","21",",","0",",E","27",",E","15",",E","0",",E","0",",E","20050225",",,E","20050210",",,E","20050209",",,E","20050202",",,E","-15.0",",E,25,","150",",,E,10,","14.0",",,E,09,","8.2",",E,02,","3135.3","E","591.1",",E","19.8",",,,E","-2.78",",E","0.35",",,,E","-5.90",",,,E"
"NOE00109514","2005-03","60.1881","11.0742","202.0","GARDERMOEN SOR, NO","0.0","E","0.0",",E","6","4,E","4","4,E","0","4,E","","","2",",E","29",",E","11",",E","0",",E","0",",E","20050303",",,E","","","20050316",",4,E","20050326",",,E","-23.0",",E,03,","","","10.6","4,,E,16,","13.2",",E,26,","3789.7","E","654.4",",E","26.5","4,,,E","-2.78",",E","2.45",",,,E","-8.01",",,,E"
"NOE00109514","2005-04","60.1881","11.0742","202.0","GARDERMOEN SOR, NO","0.0","E","0.0",",E","7",",E","3",",E","0",",E","0",",","0",",E","17",",E","0",",E","0",",E","0",",E","20050401",",,E","20050430","+,,E","20050406",",,E","20050425",",,E","-4.0",",E,01,","0",",,E,30,+","13.5",",,E,06,","15.5",",E,25,","4174.4","E","384.7",",E","36.6",",,,E","5.51",",E","11.20",",,,E","-0.18",",,,E"
"NOE00109514","2005-05","60.1881","11.0742","202.0","GARDERMOEN SOR, NO","0.0","E","0.0",",E","17",",E","8",",E","0",",E","0",",","0",",E","7",",E","0",",E","0",",E","0",",E","20050505",",,E","20050531","+,,E","20050520",",,E","20050527","+,,E","-2.7",",E,05,","0",",,E,31,+","16.2",",,E,20,","18.6",",E,27,+","4466.7","E","292.3",",E","72.1",",,,E","8.90",",E","13.97",",,,E","3.84",",,,E"
"NOE00109514","2005-06","60.1881","11.0742","202.0","GARDERMOEN SOR, NO","0.0","E","0.0",",E","7",",E","5",",E","0",",E","0",",","0",",E","0",",E","0",",E","11",",E","0",",E","20050601",",,E","20050630","+,,E","20050612",",,E","20050623",",,E","1.4",",E,01,","0",",,E,30,+","12.4",",,E,12,","25.1",",E,23,","4605.6","E","138.9",",E","34.5",",,,E","13.70",",E","18.91",",,,E","8.49",",,,E"
"NOE00109514","2005-07","60.1881","11.0742","202.0","GARDERMOEN SOR, NO","25.0","E","25.0",",E","9",",E","6",",E","0",",E","0",",","0",",E","0",",E","0",",E","20",",E","0",",E","20050729",",,E","20050731","+,,E","20050715",",,E","20050712","+,,E","6.7",",E,29,","0",",,E,31,+","15.6",",,E,15,","30.1",",E,12,+","48.3","E","48.3",",E","74.3",",,,E","17.58",",E","22.73",",,,E","12.44",",,,E"
"NOE00109514","2005-08","60.1881","11.0742","202.0","GARDERMOEN SOR, NO","27.2","E","2.2",",E","16",",E","10",",E","0",",E","0",",","0",",E","0",",E","0",",E","7",",E","0",",E","20050828",",,E","20050831","+,,E","20050822",",,E","20050810",",,E","2.8",",E,28,","0",",,E,31,+","23.0",",,E,22,","24.7",",E,10,","150.1","E","101.8",",E","115.8",",,,E","15.12",",E","19.48",",,,E","10.76",",,,E"
"NOE00109514","2005-09","60.1881","11.0742","202.0","GARDERMOEN SOR, NO","27.2","E","0.0",",E","11",",E","5",",E","0",",E","0","1,","0",",E","2",",E","0",",E","1",",E","0",",E","20050917",",,E","20050930","+,1,E","20050913",",,E","20050906",",,E","-1.1",",E,17,","0","1,,E,30,+","10.0",",,E,13,","21.1",",E,06,","352.0","E","201.9",",E","39.6",",,,E","11.60",",E","16.01",",,,E","7.20",",,,E"
"NOE00109514","2005-10","60.1881","11.0742","202.0","GARDERMOEN SOR, NO","27.2","E","0.0",",E","17",",E","7",",E","0",",E","4","1,","0",",E","11",",E","0",",E","0",",E","0",",E","20051025",",,E","20051028","+,1,E","20051025",",,E","20051004",",,E","-7.1",",E,25,","50","1,,E,28,+","22.5",",,E,25,","16.9",",E,04,","743.2","E","391.2",",E","90.6",",,,E","5.71",",E","9.04",",,,E","2.39",",,,E"
"NOE00109514","2005-11","60.1881","11.0742","202.0","GARDERMOEN SOR, NO","27.2","E","0.0",",E","17",",E","11",",E","1",",E","","","0",",E","15",",E","4",",E","0",",E","0",",E","20051130",",,E","","","20051103",",,E","20051104",",,E","-13.3",",E,30,","","","48.5",",,E,03,","11.8",",E,04,","1204.5","E","461.3",",E","124.6",",,,E","2.96",",E","5.44",",,,E","0.47",",,,E"
"NOE00109514","2005-12","60.1881","11.0742","202.0","GARDERMOEN SOR, NO","27.2","E","0.0",",E","14","1,E","9","1,E","0","1,E","25","2,","0",",E","31",",E","16",",E","0",",E","0",",E","20051219",",,E","20051208",",2,E","20051207",",1,E","20051211",",,E","-14.3",",E,19,","220","2,,E,08,","15.7","1,,E,07,","9.1",",E,11,","1877.1","E","672.6",",E","57.6","1,,,E","-3.36",",E","-0.46",",,,E","-6.27",",,,E"
"NOE00109514","2006-01","60.1881","11.0742","202.0","GARDERMOEN SOR, NO","0.0","E","0.0",",E","13","2,E","4","2,E","0","2,E","22","4,","0",",E","29",",E","21",",E","0",",E","0",",E","20060103",",,E","20060121",",4,E","20060119",",2,E","20060131",",,E","-15.0",",E,03,","410","4,,E,21,","14.4","2,,E,19,","6.9",",E,31,","2576.6","E","699.5",",E","38.7","2,,,E","-4.23",",E","-1.68",",,,E","-6.78",",,,E"
"NOE00109514","2006-02","60.1881","11.0742","202.0","GARDERMOEN SOR, NO","0.0","E","0.0",",E","12","2,E","8","2,E","0","2,E","20","4,","1",",E","28",",E","19",",E","0",",E","0",",E","20060211",",,E","20060222",",4,E","20060205",",2,E","20060223",",,E","-18.2",",E,11,","670","4,,E,22,","17.4","2,,E,05,","6.9",",E,23,","3232.9","E","656.3",",E","66.8","2,,,E","-5.11",",E","-1.59",",,,E","-8.63",",,,E"
"NOE00109514","2006-03","60.1881","11.0742","202.0","GARDERMOEN SOR, NO","0.0","E","0.0",",E","10",",E","6",",E","0",",E","31",",","7",",E","30",",E","14",",E","0",",E","0",",E","20060307",",,E","20060302",",,E","20060327",",,E","20060330",",,E","-20.7",",E,07,","590",",,E,02,","11.8",",,E,27,","8.5",",E,30,","3984.3","E","751.4",",E","46.6",",,,E","-5.90",",E","-0.65",",,,E","-11.16",",,,E"
"NOE00109514","2006-04","60.1881","11.0742","202.0","GARDERMOEN SOR, NO","0.0","E","0.0",",E","15",",E","5",",E","0",",E","15",",","0",",E","17",",E","0",",E","0",",E","0",",E","20060401",",,E","20060401",",,E","20060408",",,E","20060430",",,E","-6.3",",E,01,","360",",,E,01,","15.2",",,E,08,","12.1",",E,30,","4436.2","E","451.9",",E","47.8",",,,E","3.27",",E","6.96",",,,E","-0.42",",,,E"
"NOE00109514","2006-05","60.1881","11.0742","202.0","GARDERMOEN SOR, NO","0.0","E","0.0",",E","11",",E","10",",E","0",",E","0",",","0",",E","2",",E","0",",E","4",",E","0",",E","20060516",",,E","20060531","+,,E","20060501",",,E","20060509",",,E","-1.2",",E,16,","0",",,E,31,+","20.4",",,E,01,","24.1",",E,09,","4689.9","E","253.7",",E","92.8",",,,E","10.15",",E","15.41",",,,E","4.88",",,,E"
"NOE00109514","2006-06","60.1881","11.0742","202.0","GARDERMOEN SOR, NO","4.3","E","4.3",",E","7",",E","4",",E","0",",E","0",",","0",",E","0",",E","0",",E","13",",E","0",",E","20060601",",,E","20060630","+,,E","20060627",",,E","20060612",",,E","4.7",",E,01,","0",",,E,30,+","24.9",",,E,27,","28.9",",E,12,","4780.2","E","90.3",",E","53.8",",,,E","15.47",",E","21.34",",,,E","9.59",",,,E"
"NOE00109514","2006-07","60.1881","11.0742","202.0","GARDERMOEN SOR, NO","40.9","E","36.6",",E","11",",E","7",",E","0",",E","0",",","0",",E","0",",E","0",",E","29",",E","0",",E","20060715",",,E","20060731","+,,E","20060709",",,E","20060725",",,E","7.8",",E,15,","0",",,E,31,+","17.5",",,E,09,","28.4",",E,25,","19.5","E","19.5",",E","61.6",",,,E","18.89",",E","24.85",",,,E","12.92",",,,E"
"NOE00109514","2006-08","60.1881","11.0742","202.0","GARDERMOEN SOR, NO","48.3","E","7.4",",E","18",",E","14",",E","1",",E","0",",","0",",E","0",",E","0",",E","21",",E","0",",E","20060831",",,E","20060831","+,,E","20060824",",,E","20060805",",,E","6.2",",E,31,","0",",,E,31,+","32.7",",,E,24,","27.8",",E,05,","69.0","E","49.5",",E","154.6",",,,E","16.97",",E","21.77",",,,E","12.17",",,,E"
"NOE00109514","2006-09","60.1881","11.0742","202.0","GARDERMOEN SOR, NO","48.3","E","0.0",",E","12",",E","7",",E","0",",E","0",",","0",",E","0",",E","0",",E","1",",E","0",",E","20060906",",,E","20060930","+,,E","20060930",",,E","20060914",",,E","6.4",",E,06,","0",",,E,30,+","21.0",",,E,30,","21.5",",E,14,","196.3","E","127.3",",E","93.6",",,,E","14.09",",E","17.87",",,,E","10.31",",,,E"
"NOE00109514","2006-10","60.1881","11.0742","202.0","GARDERMOEN SOR, NO","48.3","E","0.0",",E","22",",E","14",",E","1",",E","0",",","0",",E","5",",E","0",",E","0",",E","0",",E","20061029",",,E","20061031","+,,E","20061026",",,E","20061008",",,E","-2.8",",E,29,","0",",,E,31,+","29.1",",,E,26,","16.4",",E,08,","545.7","E","349.4",",E","146.1",",,,E","7.06",",E","9.14",",,,E","4.98",",,,E"
"NOE00109514","2006-11","60.1881","11.0742","202.0","GARDERMOEN SOR, NO","48.3","E","0.0",",E","20",",E","10",",E","1",",E","4",",","0",",E","18",",E","1",",E","0",",E","0",",E","20061110",",,E","20061116",",,E","20061116",",,E","20061107",",,E","-6.6",",E,10,","110",",,E,16,","32.7",",,E,16,","11.4",",E,07,","1019.5","E","473.8",",E","124.7",",,,E","2.54",",E","5.69",",,,E","-0.62",",,,E"
"NOE00109514","2006-12","60.1881","11.0742","202.0","GARDERMOEN SOR, NO","48.3","E","0.0",",E","15",",E","10",",E","0",",E","0",",","0",",E","17",",E","5",",E","0",",E","0",",E","20061229",",,E","20061231","+,,E","20061207",",,E","20061211",",,E","-10.1",",E,29,","0",",,E,31,+","21.0",",,E,07,","9.2",",E,11,","1551.7","E","532.2",",E","84.2",",,,E","1.17",",E","4.23",",,,E","-1.90",",,,E"
"NOE00109514","2007-01","60.1881","11.0742","202.0","GARDERMOEN SOR, NO","0.0","E","0.0",",E","15",",E","11",",E","0",",E","12",",","3",",E","29",",E","13",",E","0",",E","0",",E","20070125",",,E","20070129","+,,E","20070113",",,E","20070110",",,E","-20.0",",E,25,","170",",,E,29,+","13.0",",,E,13,","8.2",",E,10,","2225.3","E","673.6",",E","82.5",",,,E","-3.40",",E","0.20",",,,E","-7.00",",,,E"
"NOE00109514","2007-02","60.1881","11.0742","202.0","GARDERMOEN SOR, NO","0.0","E","0.0",",E","20",",E","9",",E","0",",E","28",",","1",",E","28",",E","19",",E","0",",E","0",",E","20070211",",,E","20070228",",,E","20070225",",,E","20070203",",,E","-19.7",",E,11,","350",",,E,28,","6.0",",,E,25,","6.6",",E,03,","2875.4","E","650.1",",E","51.8",",,,E","-4.89",",E","-2.56",",,,E","-7.21",",,,E"
"NOE00109514","2007-03","60.1881","11.0742","202.0","GARDERMOEN SOR, NO","0.0","E","0.0",",E","9",",E","4",",E","0",",E","15",",","0",",E","21",",E","0",",E","0",",E","0",",E","20070322",",,E","20070301",",,E","20070306",",,E","20070327",",,E","-6.9",",E,22,","380",",,E,01,","12.0",",,E,06,","15.2",",E,27,","3354.6","E","479.2",",E","30.8",",,,E","2.88",",E","7.07",",,,E","-1.32",",,,E"
"NOE00109514","2007-04","60.1881","11.0742","202.0","GARDERMOEN SOR, NO","0.0","E","0.0",",E","9",",E","3",",E","0",",E","2",",","0",",E","14",",E","0",",E","0",",E","0",",E","20070408",",,E","20070410","+,,E","20070422",",,E","20070415",",,E","-5.4",",E,08,","100",",,E,10,+","10.7",",,E,22,","19.4",",E,15,","3708.9","E","354.3",",E","29.3",",,,E","6.52",",E","12.39",",,,E","0.66",",,,E"
"NOE00109514","2007-05","60.1881","11.0742","202.0","GARDERMOEN SOR, NO","0.0","E","0.0",",E","12",",E","7",",E","0",",E","0",",","0",",E","1",",E","0",",E","0",",E","0",",E","20070516",",,E","20070531","+,,E","20070514",",,E","20070503",",,E","-1.1",",E,16,","0",",,E,31,+","20.7",",,E,14,","20.0",",E,03,","3975.6","E","266.7",",E","77.9",",,,E","9.73",",E","14.58",",,,E","4.88",",,,E"
"NOE00109514","2007-06","60.1881","11.0742","202.0","GARDERMOEN SOR, NO","17.2","E","17.2",",E","12",",E","6",",E","1",",E","0","1,","0",",E","0",",E","0",",E","18",",E","0",",E","20070615",",,E","20070630","+,1,E","20070622",",,E","20070608",",,E","2.4",",E,15,","0","1,,E,30,+","45.5",",,E,22,","29.9",",E,08,","4068.2","E","92.6",",E","104.3",",,,E","15.82",",E","21.62",",,,E","10.02",",,,E"
"NOE00109514","2007-07","60.1881","11.0742","202.0","GARDERMOEN SOR, NO","17.2","E","0.0",",E","15",",E","9",",E","1",",E","0",",","0",",E","0",",E","0",",E","8",",E","0",",E","20070721",",,E","20070731","+,,E","20070703",",,E","20070716",",,E","6.8",",E,21,","0",",,E,31,+","26.0",",,E,03,","23.4",",E,16,","83.8","E","83.8",",E","107.3",",,,E","15.63",",E","19.54",",,,E","11.72",",,,E"
"NOE00109514","2007-08","60.1881","11.0742","202.0","GARDERMOEN SOR, NO","23.0","E","5.8",",E","11",",E","7",",E","2",",E","0",",","0",",E","0",",E","0",",E","12",",E","0",",E","20070830",",,E","20070831","+,,E","20070815",",,E","20070807",",,E","1.7",",E,30,","0",",,E,31,+","26.5",",,E,15,","26.4",",E,07,","179.1","E","95.3",",E","77.6",",,,E","15.45",",E","20.22",",,,E","10.68",",,,E"
"NOE00109514","2007-09","60.1881","11.0742","202.0","GARDERMOEN SOR, NO","23.0","E","0.0","2,E","12",",E","7",",E","0",",E","0",",","0","1,E","2","1,E","0","1,E","1","1,E","0","1,E","20070919",",1,E","20070930","+,,E","20070916",",,E","20070907",",1,E","-1.1","1,E,19,","0",",,E,30,+","24.5",",,E,16,","21.2","1,E,07,","410.0","E","230.9","1,E","74.6",",,,E","9.99","2,E","14.46","1,,,E","5.53","1,,,E"
"NOE00109514","2007-10","60.1881","11.0742","202.0","GARDERMOEN SOR, NO","23.0","E","0.0",",E","8",",E","2",",E","0",",E","0",",","0",",E","10",",E","0",",E","0",",E","0",",E","20071031",",,E","20071031","+,,E","20071028",",,E","20071016",",,E","-3.1",",E,31,","0",",,E,31,+","13.0",",,E,28,","14.5",",E,16,","794.8","E","384.8",",E","24.8",",,,E","5.92",",E","9.56",",,,E","2.28",",,,E"
"NOE00109514","2007-11","60.1881","11.0742","202.0","GARDERMOEN SOR, NO","23.0","E","0.0",",E","11",",E","8",",E","0",",E","6",",","0",",E","28",",E","7",",E","0",",E","0",",E","20071115",",,E","20071130",",,E","20071108",",,E","20071101",",,E","-9.6",",E,15,","150",",,E,30,","18.3",",,E,08,","11.7",",E,01,","1355.5","E","560.7",",E","86.6",",,,E","-0.36",",E","2.71",",,,E","-3.42",",,,E"
"NOE00109514","2007-12","60.1881","11.0742","202.0","GARDERMOEN SOR, NO","23.0","E","0.0",",E","14",",E","7",",E","1",",E","5",",","0",",E","27",",E","13",",E","0",",E","0",",E","20071220",",,E","20071201",",,E","20071201",",,E","20071205",",,E","-14.9",",E,20,","200",",,E,01,","26.0",",,E,01,","6.3",",E,05,","2019.6","E","664.1",",E","63.3",",,,E","-3.09",",E","-0.68",",,,E","-5.50",",,,E"
"NOE00109514","2008-01","60.1881","11.0742","202.0","GARDERMOEN SOR, NO","0.0","E","0.0",",E","21",",E","13",",E","0",",E","12",",","0",",E","26",",E","8",",E","0",",E","0",",E","20080131","+,,E","20080109","+,,E","20080115",",,E","20080129",",,E","-9.5",",E,31,+","200",",,E,09,+","22.0",",,E,15,","6.6",",E,29,","2609.0","E","589.4",",E","151.3",",,,E","-0.68",",E","1.64",",,,E","-3.00",",,,E"
"NOE00109514","2008-02","60.1881","11.0742","202.0","GARDERMOEN SOR, NO","0.0","E","0.0",",E","11","2,E","7","2,E","1","2,E","20","4,","0",",E","21",",E","5",",E","0",",E","0",",E","20080216",",,E","20080205",",4,E","20080201",",2,E","20080224",",,E","-14.2",",E,16,","350","4,,E,05,","33.0","2,,E,01,","8.2",",E,24,","3135.7","E","526.7",",E","76.4","2,,,E","0.17",",E","3.00",",,,E","-2.66",",,,E"
"NOE00109514","2008-03","60.1881","11.0742","202.0","GARDERMOEN SOR, NO","0.0","E","0.0",",E","17",",E","12",",E","0",",E","7",",","0",",E","21",",E","5",",E","0",",E","0",",E","20080323",",,E","20080302",",,E","20080330",",,E","20080316",",,E","-16.0",",E,23,","150",",,E,02,","21.0",",,E,30,","7.4",",E,16,","3730.2","E","594.5",",E","95.1",",,,E","-0.85",",E","2.69",",,,E","-4.38",",,,E"
"NOE00109514","2008-04","60.1881","11.0742","202.0","GARDERMOEN SOR, NO","0.0","E","0.0",",E","13",",E","9",",E","0",",E","0",",","0",",E","16",",E","0",",E","0",",E","0",",E","20080420",",,E","20080430","+,,E","20080411",",,E","20080429",",,E","-3.5",",E,20,","0",",,E,30,+","13.0",",,E,11,","19.4",",E,29,","4117.9","E","387.7",",E","56.2",",,,E","5.41",",E","9.92",",,,E","0.90",",,,E"
"NOE00109514","2008-05","60.1881","11.0742","202.0","GARDERMOEN SOR, NO","1.0","E","1.0",",E","10",",E","6",",E","0",",E","0",",","0",",E","3",",E","0",",E","8",",E","0",",E","20080520",",,E","20080531","+,,E","20080524",",,E","20080531",",,E","-1.8",",E,20,","0",",,E,31,+","7.1",",,E,24,","26.9",",E,31,","4357.0","E","239.1",",E","41.9",",,,E","10.65",",E","16.88",",,,E","4.42",",,,E"
"NOE00109514","2008-06","60.1881","11.0742","202.0","GARDERMOEN SOR, NO","7.7","E","6.7",",E","13",",E","7",",E","0",",E","0",",","0",",E","0",",E","0",",E","10",",E","0",",E","20080615",",,E","20080630","+,,E","20080622",",,E","20080606",",,E","3.5",",E,15,","0",",,E,30,+","13.8",",,E,22,","29.7",",E,06,","4476.5","E","119.5",",E","51.9",",,,E","14.58",",E","20.22",",,,E","8.93",",,,E"
"NOE00109514","2008-07","60.1881","11.0742","202.0","GARDERMOEN SOR, NO","38.6","E","30.9",",E","12",",E","7",",E","1",",E","0",",","0",",E","0",",E","0",",E","18",",E","0",",E","20080717",",,E","20080731","+,,E","20080706",",,E","20080728","+,,E","7.0",",E,17,","0",",,E,31,+","56.5",",,E,06,","30.6",",E,28,+","59.9","E","59.9",",E","102.1",",,,E","17.40",",E","23.32",",,,E","11.47",",,,E"
"NOE00109514","2008-08","60.1881","11.0742","202.0","GARDERMOEN SOR, NO","41.6","E","3.0",",E","20",",E","15",",E","0",",E","0",",","0",",E","0",",E","0",",E","2",",E","0",",E","20080825",",,E","20080831","+,,E","20080813",",,E","20080801",",,E","5.2",",E,25,","0",",,E,31,+","19.5",",,E,13,","25.8",",E,01,","181.5","E","121.6",",E","111.6",",,,E","14.51",",E","18.37",",,,E","10.65",",,,E"
"NOE00109514","2008-09","60.1881","11.0742","202.0","GARDERMOEN SOR, NO","41.6","E","0.0",",E","12",",E","6",",E","0",",E","0",",","0",",E","1",",E","0",",E","0",",E","0",",E","20080930",",,E","20080930","+,,E","20080904",",,E","20080902",",,E","-0.5",",E,30,","0",",,E,30,+","14.0",",,E,04,","19.0",",E,02,","432.4","E","250.9",",E","54.7",",,,E","9.97",",E","13.46",",,,E","6.48",",,,E"
"NOE00109514","2008-10","60.1881","11.0742","202.0","GARDERMOEN SOR, NO","41.6","E","0.0",",E","19",",E","12",",E","1",",E","1",",","0",",E","10",",E","0",",E","0",",E","0",",E","20081029",",,E","20081030",",,E","20081003",",,E","20081011",",,E","-6.3",",E,29,","100",",,E,30,","31.0",",,E,03,","15.8",",E,11,","820.9","E","388.5",",E","122.0",",,,E","5.80",",E","9.29",",,,E","2.31",",,,E"
"NOE00109514","2008-11","60.1881","11.0742","202.0","GARDERMOEN SOR, NO","41.6","E","0.0",",E","11",",E","8",",E","0",",E","7",",","0",",E","23",",E","1",",E","0",",E","0",",E","20081101",",,E","20081130",",,E","20081129",",,E","20081115",",,E","-8.8",",E,01,","100",",,E,30,","10.2",",,E,29,","8.2",",E,15,","1367.1","E","546.2",",E","69.6",",,,E","0.13",",E","3.07",",,,E","-2.82",",,,E"
"NOE00109514","2008-12","60.1881","11.0742","202.0","GARDERMOEN SOR, NO","41.6","E","0.0",",E","18","1,E","6","1,E","0","1,E","16","2,","0",",E","29",",E","21",",E","0",",E","0",",E","20081231",",,E","20081206",",2,E","20081202",",1,E","20081222","+,,E","-15.6",",E,31,","290","2,,E,06,","11.5","1,,E,02,","5.5",",E,22,+","2045.3","E","678.2",",E","47.3","1,,,E","-3.54",",E","-1.10",",,,E","-5.99",",,,E"
"NOE00109514","2009-01","60.1881","11.0742","202.0","GARDERMOEN SOR, NO","0.0","E","0.0",",E","12",",E","5",",E","0",",E","17",",","0",",E","28",",E","18",",E","0",",E","0",",E","20090105",",,E","20090130","+,,E","20090124",",,E","20090112",",,E","-17.5",",E,05,","320",",,E,30,+","21.0",",,E,24,","6.0",",E,12,","2739.9","E","694.6",",E","61.5",",,,E","-4.07",",E","-1.65",",,,E","-6.50",",,,E"
"NOE00109514","2009-02","60.1881","11.0742","202.0","GARDERMOEN SOR, NO","0.0","E","0.0",",E","16",",E","5",",E","0",",E","28",",","3",",E","28",",E","25",",E","0",",E","0",",E","20090212",",,E","20090208",",,E","20090207",",,E","20090223",",,E","-21.4",",E,12,","630",",,E,08,","19.1",",,E,07,","3.9",",E,23,","3466.1","E","726.2",",E","59.4",",,,E","-7.60",",E","-4.56",",,,E","-10.64",",,,E"
"NOE00109514","2009-03","60.1881","11.0742","202.0","GARDERMOEN SOR, NO","0.0","E","0.0",",E","11",",E","7",",E","0",",E","31",",","0",",E","30",",E","2",",E","0",",E","0",",E","20090325",",,E","20090303",",,E","20090308",",,E","20090318",",,E","-12.8",",E,25,","670",",,E,03,","14.1",",,E,08,","8.2",",E,18,","4040.4","E","574.3",",E","59.3",",,,E","-0.19",",E","3.14",",,,E","-3.53",",,,E"
"NOE00109514","2009-04","60.1881","11.0742","202.0","GARDERMOEN SOR, NO","0.0","E","0.0",",E","8",",E","4",",E","0",",E","7",",","0",",E","12",",E","0",",E","0",",E","0",",E","20090401",",,E","20090401",",,E","20090408",",,E","20090430",",,E","-3.4",",E,01,","260",",,E,01,","16.6",",,E,08,","18.8",",E,30,","4389.3","E","348.9",",E","40.5",",,,E","6.70",",E","12.09",",,,E","1.32",",,,E"
"NOE00109514","2009-05","60.1881","11.0742","202.0","GARDERMOEN SOR, NO","0.0","E","0.0",",E","10",",E","5",",E","0",",E","0",",","0",",E","0",",E","0",",E","4",",E","0",",E","20090515",",,E","20090531","+,,E","20090526",",,E","20090531",",,E","0.9",",E,15,","0",",,E,31,+","20.8",",,E,26,","25.2",",E,31,","4621.7","E","232.4",",E","50.5",",,,E","10.84",",E","16.47",",,,E","5.20",",,,E"
"NOE00109514","2009-06","60.1881","11.0742","202.0","GARDERMOEN SOR, NO","16.3","E","16.3",",E","12",",E","10",",E","0",",E","0","1,","0",",E","0",",E","0",",E","11",",E","0",",E","20090609",",,E","20090630","+,1,E","20090620",",,E","20090628",",,E","2.5",",E,09,","0","1,,E,30,+","9.1",",,E,20,","30.5",",E,28,","4767.0","E","145.3",",E","55.5",",,,E","14.03",",E","19.67",",,,E","8.40",",,,E"
"NOE00109514","2009-07","60.1881","11.0742","202.0","GARDERMOEN SOR, NO","34.3","E","18.0",",E","22",",E","18",",E","1",",E","0",",","0",",E","0",",E","0",",E","11",",E","0",",E","20090722",",,E","20090731","+,,E","20090730",",,E","20090703","+,,E","9.3",",E,22,","0",",,E,31,+","43.0",",,E,30,","30.3",",E,03,+","78.4","E","78.4",",E","181.4",",,,E","16.39",",E","20.55",",,,E","12.23",",,,E"
"NOE00109514","2009-08","60.1881","11.0742","202.0","GARDERMOEN SOR, NO","34.9","E","0.6",",E","19",",E","13",",E","0",",E","0",",","0",",E","0",",E","0",",E","6",",E","0",",E","20090815",",,E","20090831","+,,E","20090815",",,E","20090808",",,E","5.5",",E,15,","0",",,E,31,+","23.5",",,E,15,","25.3",",E,08,","178.5","E","100.1",",E","143.3",",,,E","15.12",",E","19.45",",,,E","10.79",",,,E"
"NOE00109514","2009-09","60.1881","11.0742","202.0","GARDERMOEN SOR, NO","34.9","E","0.0",",E","5",",E","3",",E","0",",E","","","0",",E","2",",E","0",",E","0",",E","0",",E","20090930",",,E","","","20090904",",,E","20090909","+,,E","-2.9",",E,30,","","","14.2",",,E,04,","20.3",",E,09,+","376.6","E","198.1",",E","37.9",",,,E","11.73",",E","16.59",",,,E","6.87",",,,E"
"NOE00109514","2009-10","60.1881","11.0742","202.0","GARDERMOEN SOR, NO","34.9","E","0.0",",E","5",",E","2",",E","1",",E","","","0",",E","20",",E","2",",E","0",",E","0",",E","20091015",",,E","","","20091006",",,E","20091007",",,E","-6.0",",E,15,","","","26.0",",,E,06,","12.4",",E,07,","863.6","E","487.0",",E","47.4",",,,E","2.62",",E","6.27",",,,E","-1.02",",,,E"
"NOE00109514","2009-11","60.1881","11.0742","202.0","GARDERMOEN SOR, NO","34.9","E","0.0",",E","0",",E","0",",E","0",",E","0",",","0",",E","15",",E","4",",E","0",",E","0",",E","20091119",",,E","20091130","+,,E","20091130","+,,E","20091121",",,E","-3.0",",E,19,","0",",,E,30,+","0.0",",,E,30,+","9.8",",E,21,","1346.6","E","483.0",",E","0.0",",,,E","2.23",",E","4.10",",,,E","0.37",",,,E"
"NOE00109514","2009-12","60.1881","11.0742","202.0","GARDERMOEN SOR, NO","34.9","E","0.0",",E","0",",E","0",",E","0",",E","0",",","2",",E","25",",E","21",",E","0",",E","0",",E","20091219",",,E","20091231","+,,E","20091231","+,,E","20091208",",,E","-20.0",",E,19,","0",",,E,31,+","0.0",",,E,31,+","2.9",",E,08,","2106.2","E","759.6",",E","0.0",",,,E","-6.17",",E","-3.87",",,,E","-8.47",",,,E"
"NOE00109514","2010-01","60.1881","11.0742","202.0","GARDERMOEN SOR, NO","0.0","E","0.0",",E","0",",E","0",",E","0",",E","0",",","8",",E","31",",E","31",",E","0",",E","0",",E","20100109",",,E","20100131","+,,E","20100131","+,,E","20100128",",,E","-25.5",",E,09,","0",",,E,31,+","0.0",",,E,31,+","-1.2",",E,28,","3011.8","E","905.6",",E","0.0",",,,E","-10.88",",E","-8.30",",,,E","-13.46",",,,E"
"NOE00109514","2010-02","60.1881","11.0742","202.0","GARDERMOEN SOR, NO","0.0","E","0.0",",E","0",",E","0",",E","0",",E","0",",","4",",E","28",",E","27",",E","0",",E","0",",E","20100224",",,E","20100228","+,,E","20100228","+,,E","20100214",",,E","-25.8",",E,24,","0",",,E,28,+","0.0",",,E,28,+","1.6",",E,14,","3804.7","E","792.9",",E","0.0",",,,E","-9.98",",E","-6.52",",,,E","-13.45",",,,E"
"NOE00109514","2010-03","60.1881","11.0742","202.0","GARDERMOEN SOR, NO","0.0","E","0.0",",E","0",",E","0",",E","0",",E","0",",","2",",E","25",",E","4",",E","0",",E","0",",E","20100306",",,E","20100331","+,,E","20100331","+,,E","20100310",",,E","-21.4",",E,06,","0",",,E,31,+","0.0",",,E,31,+","8.8",",E,10,","4437.2","E","632.5",",E","0.0",",,,E","-2.07",",E","2.38",",,,E","-6.52",",,,E"
"NOE00109514","2010-04","60.1881","11.0742","202.0","GARDERMOEN SOR, NO","0.0","E","0.0",",E","0",",E","0",",E","0",",E","0",",","0",",E","19",",E","0",",E","0",",E","0",",E","20100423",",,E","20100430","+,,E","20100430","+,,E","20100429",",,E","-6.3",",E,23,","0",",,E,30,+","0.0",",,E,30,+","15.5",",E,29,","4860.6","E","423.4",",E","0.0",",,,E","4.22",",E","9.29",",,,E","-0.85",",,,E"
"NOE00109514","2010-05","60.1881","11.0742","202.0","GARDERMOEN SOR, NO","0.0","E","0.0",",E","6",",E","4",",E","0",",E","0",",","0",",E","8",",E","0",",E","5",",E","0",",E","20100511",",,E","20100531","+,,E","20100516","+,,E","20100519",",,E","-3.8",",E,11,","0",",,E,31,+","6.8",",,E,16,+","23.2",",E,19,","5146.9","E","286.3",",E","23.0",",,,E","9.10",",E","14.35",",,,E","3.84",",,,E"
"NOE00109514","2010-06","60.1881","11.0742","202.0","GARDERMOEN SOR, NO","0.0","E","0.0",",E","5",",E","3",",E","0",",E","0",",","0",",E","0",",E","0",",E","10",",E","0",",E","20100621",",,E","20100630","+,,E","20100630",",,E","20100629",",,E","4.5",",E,21,","0",",,E,30,+","8.6",",,E,30,","24.4",",E,29,","5271.8","E","124.9",",E","24.4",",,,E","14.17",",E","19.63",",,,E","8.70",",,,E"
"NOE00109514","2010-07","60.1881","11.0742","202.0","GARDERMOEN SOR, NO","5.8","E","5.8",",E","15",",E","11",",E","1",",E","0",",","0",",E","0",",E","0",",E","21",",E","0",",E","20100723",",,E","20100731","+,,E","20100729",",,E","20100703",",,E","7.5",",E,23,","0",",,E,31,+","30.7",",,E,29,","24.9",",E,03,","42.1","E","42.1",",E","107.6",",,,E","17.16",",E","21.48",",,,E","12.84",",,,E"
"NOE00109514","2010-08","60.1881","11.0742","202.0","GARDERMOEN SOR, NO","7.7","E","1.9",",E","17",",E","11",",E","0",",E","0",",","0",",E","0",",E","0",",E","9",",E","0",",E","20100831",",,E","20100831","+,,E","20100805",",,E","20100809",",,E","5.3",",E,31,","0",",,E,31,+","12.4",",,E,05,","24.2",",E,09,","144.3","E","102.2",",E","90.6",",,,E","15.10",",E","18.85",",,,E","11.34",",,,E"
"NOE00109514","2010-09","60.1881","11.0742","202.0","GARDERMOEN SOR, NO","7.7","E","0.0",",E","0",",E","0",",E","0",",E","0",",","0",",E","3",",E","0",",E","0",",E","0",",E","20100930",",,E","20100930","+,,E","20100930","+,,E","20100912",",,E","-1.3",",E,30,","0",",,E,30,+","0.0",",,E,30,+","18.5",",E,12,","397.4","E","253.1",",E","0.0",",,,E","9.90",",E","14.45",",,,E","5.34",",,,E"
"NOE00109514","2010-10","60.1881","11.0742","202.0","GARDERMOEN SOR, NO","7.7","E","0.0",",E","0",",E","0",",E","0",",E","0",",","0",",E","16",",E","0",",E","0",",E","0",",E","20101021",",,E","20101031","+,,E","20101031","+,,E","20101007",",,E","-9.2",",E,21,","0",",,E,31,+","0.0",",,E,31,+","15.1",",E,07,","830.6","E","433.2",",E","0.0",",,,E","4.36",",E","7.88",",,,E","0.84",",,,E"
"NOE00109514","2010-11","60.1881","11.0742","202.0","GARDERMOEN SOR, NO","7.7","E","0.0",",E","0",",E","0",",E","0",",E","","","0",",E","25",",E","20",",E","0",",E","0",",E","20101130",",,E","","","20101130","+,,E","20101104","+,,E","-15.6",",E,30,","","","0.0",",,E,30,+","8.3",",E,04,+","1500.2","E","669.6",",E","0.0",",,,E","-3.99",",E","-1.53",",,,E","-6.44",",,,E"
"NOE00109514","2010-12","60.1881","11.0742","202.0","GARDERMOEN SOR, NO","7.7","E","0.0",",E","0",",E","0",",E","0",",E","","","13",",E","31",",E","31",",E","0",",E","0",",E","20101208",",,E","","","20101231","+,,E","20101216",",,E","-23.7",",E,08,","","","0.0",",,E,31,+","-0.8",",E,16,","2453.6","E","953.4",",E","0.0",",,,E","-12.42",",E","-8.77",",,,E","-16.07",",,,E"
"NOE00109514","2011-01","60.1881","11.0742","202.0","GARDERMOEN SOR, NO","0.0","E","0.0",",E","0",",E","0",",E","0",",E","","","3",",E","30",",E","19",",E","0",",E","0",",E","20110127",",,E","","","20110131","+,,E","20110129",",,E","-19.3",",E,27,","","","0.0",",,E,31,+","3.8",",E,29,","3206.3","E","752.7",",E","0.0",",,,E","-5.95",",E","-2.58",",,,E","-9.32",",,,E"
"NOE00109514","2011-02","60.1881","11.0742","202.0","GARDERMOEN SOR, NO","0.0","E","0.0",",E","0",",E","0",",E","0",",E","","","6",",E","28",",E","19",",E","0",",E","0",",E","20110213",",,E","","","20110228","+,,E","20110203",",,E","-24.1",",E,13,","","","0.0",",,E,28,+","3.9",",E,03,","3919.0","E","712.7",",E","0.0",",,,E","-7.12",",E","-3.65",",,,E","-10.59",",,,E"
"NOE00109514","2011-03","60.1881","11.0742","202.0","GARDERMOEN SOR, NO","0.0","E","0.0",",E","0",",E","0",",E","0",",E","","","0",",E","29",",E","6",",E","0",",E","0",",E","20110316",",,E","","","20110331","+,,E","20110323",",,E","-15.6",",E,16,","","","0.0",",,E,31,+","12.5",",E,23,","4532.5","E","613.5",",E","0.0",",,,E","-1.46",",E","3.29",",,,E","-6.21",",,,E"
"NOE00109514","2011-04","60.1881","11.0742","202.0","GARDERMOEN SOR, NO","0.0","E","0.0",",E","0",",E","0",",E","0",",E","","","0",",E","3",",E","0",",E","0",",E","0",",E","20110414",",,E","","","20110430","+,,E","20110425",",,E","-3.7",",E,14,","","","0.0",",,E,30,+","20.4",",E,25,","4825.9","E","293.4",",E","0.0",",,,E","8.55",",E","14.53",",,,E","2.57",",,,E"
"NOE00109514","2011-05","60.1881","11.0742","202.0","GARDERMOEN SOR, NO","0.0","E","0.0",",E","15",",E","9",",E","0",",E","","","0",",E","2",",E","0",",E","3",",E","0",",E","20110504",",,E","","","20110514",",,E","20110510",",,E","-2.6",",E,04,","","","11.3",",,E,14,","22.7",",E,10,","5075.9","E","250.0",",E","66.8",",,,E","10.27",",E","15.37",",,,E","5.17",",,,E"
"NOE00109514","2011-06","60.1881","11.0742","202.0","GARDERMOEN SOR, NO","1.5","E","1.5",",E","15",",E","12",",E","0",",E","","","0",",E","0",",E","0",",E","7",",E","0",",E","20110613",",,E","","","20110609",",,E","20110629","+,,E","6.9",",E,13,","","","18.7",",,E,09,","25.7",",E,29,+","5169.6","E","93.7",",E","114.4",",,,E","15.26",",E","19.74",",,,E","10.77",",,,E"
"NOE00109514","2011-07","60.1881","11.0742","202.0","GARDERMOEN SOR, NO","11.8","E","10.3",",E","15",",E","10",",E","1",",E","","","0",",E","0",",E","0",",E","15",",E","0",",E","20110713",",,E","","","20110723",",,E","20110730",",,E","6.7",",E,13,","","","26.5",",,E,23,","26.5",",E,30,","51.3","E","51.3",",E","109.8",",,,E","17.01",",E","21.27",",,,E","12.75",",,,E"
"NOE00109514","2011-08","60.1881","11.0742","202.0","GARDERMOEN SOR, NO","15.6","E","3.8",",E","22",",E","17",",E","0",",E","","","0",",E","0",",E","0",",E","7",",E","0",",E","20110812","+,,E","","","20110805",",,E","20110802",",,E","5.5",",E,12,+","","","23.3",",,E,05,","25.4",",E,02,","154.0","E","102.7",",E","219.8",",,,E","15.14",",E","19.45",",,,E","10.83",",,,E"
"NOE00109514","2011-09","60.1881","11.0742","202.0","GARDERMOEN SOR, NO","15.6","E","0.0",",E","17",",E","12",",E","3",",E","","","0",",E","0",",E","0",",E","2",",E","0",",E","20110917",",,E","","","20110918","+,,E","20110930",",,E","1.6",",E,17,","","","33.7",",,E,18,+","24.6",",E,30,","338.1","E","184.1",",E","161.1",",,,E","12.20",",E","16.01",",,,E","8.38",",,,E"
"NOE00109514","2011-10","60.1881","11.0742","202.0","GARDERMOEN SOR, NO","15.6","E","0.0",",E","9",",E","5",",E","0",",E","","","0",",E","8",",E","0",",E","0",",E","0",",E","20111021",",,E","","","20111009",",,E","20111001",",,E","-5.2",",E,21,","","","21.0",",,E,09,","18.0",",E,01,","705.5","E","367.4",",E","71.6",",,,E","6.48",",E","10.05",",,,E","2.91",",,,E"
"NOE00109514","2011-11","60.1881","11.0742","202.0","GARDERMOEN SOR, NO","15.6","E","0.0",",E","13",",E","3",",E","0",",E","","","0",",E","14",",E","2",",E","0",",E","0",",E","20111116",",,E","","","20111129",",,E","20111101",",,E","-7.1",",E,16,","","","9.0",",,E,29,","11.0",",E,01,","1161.7","E","456.2",",E","27.7",",,,E","3.13",",E","5.22",",,,E","1.03",",,,E"
"NOE00109514","2011-12","60.1881","11.0742","202.0","GARDERMOEN SOR, NO","15.6","E","0.0",",E","17",",E","10",",E","0",",E","","","0",",E","25",",E","7",",E","0",",E","0",",E","20111208",",,E","","","20111211",",,E","20111226",",,E","-12.9",",E,08,","","","15.0",",,E,11,","10.3",",E,26,","1767.8","E","606.1",",E","91.5",",,,E","-1.22",",E","1.94",",,,E","-4.38",",,,E"
"NOE00109514","2012-01","60.1881","11.0742","202.0","GARDERMOEN SOR, NO","0.0","E","0.0",",E","13",",E","8",",E","0",",E","","","0",",E","31",",E","24",",E","0",",E","0",",E","20120109",",,E","","","20120103",",,E","20120104",",,E","-16.2",",E,09,","","","10.9",",,E,03,","2.4",",E,04,","2488.0","E","720.2",",E","50.0",",,,E","-4.90",",E","-2.39",",,,E","-7.41",",,,E"
"NOE00109514","2012-02","60.1881","11.0742","202.0","GARDERMOEN SOR, NO","0.0","E","0.0",",E","9",",E","1",",E","0",",E","","","2",",E","28",",E","15",",E","0",",E","0",",E","20120204",",,E","","","20120218",",,E","20120224",",,E","-23.8",",E,04,","","","4.5",",,E,18,","8.6",",E,24,","3154.2","E","666.2",",E","10.2",",,,E","-4.64",",E","-0.95",",,,E","-8.33",",,,E"
"NOE00109514","2012-03","60.1881","11.0742","202.0","GARDERMOEN SOR, NO","0.0","E","0.0",",E","4",",E","1",",E","0",",E","","","0",",E","17",",E","1",",E","0",",E","0",",E","20120304",",,E","","","20120307",",,E","20120327",",,E","-7.6",",E,04,","","","12.6",",,E,07,","19.5",",E,27,","3578.6","E","424.4",",E","15.2",",,,E","4.64",",E","9.63",",,,E","-0.34",",,,E"
"NOE00109514","2012-04","60.1881","11.0742","202.0","GARDERMOEN SOR, NO","0.0","E","0.0",",E","13",",E","10",",E","0",",E","","","0",",E","15",",E","0",",E","0",",E","0",",E","20120403",",,E","","","20120426",",,E","20120429",",,E","-7.0",",E,03,","","","17.6",",,E,26,","14.7",",E,29,","4017.3","E","438.7",",E","77.4",",,,E","3.71",",E","7.77",",,,E","-0.35",",,,E"
"NOE00109514","2012-05","60.1881","11.0742","202.0","GARDERMOEN SOR, NO","7.0","E","7.0",",E","13",",E","8",",E","0",",E","","","0",",E","3",",E","0",",E","7",",E","0",",E","20120507",",,E","","","20120516",",,E","20120525",",,E","-3.6",",E,07,","","","13.3",",,E,16,","28.6",",E,25,","4256.1","E","238.8",",E","61.5",",,,E","10.85",",E","15.94",",,,E","5.76",",,,E"
"NOE00109514","2012-06","60.1881","11.0742","202.0","GARDERMOEN SOR, NO","7.0","E","0.0",",E","18",",E","12",",E","0",",E","","","0",",E","0",",E","0",",E","2",",E","0",",E","20120605",",,E","","","20120609",",,E","20120621",",,E","3.3",",E,05,","","","23.7",",,E,09,","21.7",",E,21,","4427.1","E","171.0",",E","118.5",",,,E","12.63",",E","16.82",",,,E","8.44",",,,E"
"NOE00109514","2012-07","60.1881","11.0742","202.0","GARDERMOEN SOR, NO","7.6","E","0.6",",E","18",",E","13",",E","1",",E","","","0",",E","0",",E","0",",E","5",",E","0",",E","20120721",",,E","","","20120728",",,E","20120705",",,E","6.6",",E,21,","","","52.0",",,E,28,","24.1",",E,05,","100.3","E","100.3",",E","163.5",",,,E","15.12",",E","18.68",",,,E","11.55",",,,E"
"NOE00109514","2012-08","60.1881","11.0742","202.0","GARDERMOEN SOR, NO","10.6","E","3.0",",E","18",",E","15",",E","1",",E","","","0",",E","0",",E","0",",E","9",",E","0",",E","20120827",",,E","","","20120806",",,E","20120819",",,E","5.5",",E,27,","","","27.5",",,E,06,","25.2",",E,19,","201.0","E","100.7",",E","120.5",",,,E","15.18",",E","19.10",",,,E","11.26",",,,E"
"NOE00109514","2012-09","60.1881","11.0742","202.0","GARDERMOEN SOR, NO","10.6","E","0.0",",E","17",",E","10",",E","1",",E","","","0",",E","3",",E","0",",E","0",",E","0",",E","20120921",",,E","","","20120925",",,E","20120904",",,E","-1.1",",E,21,","","","26.2",",,E,25,","20.6",",E,04,","446.8","E","245.8",",E","97.3",",,,E","10.14",",E","14.15",",,,E","6.12",",,,E"
"NOE00109514","2012-10","60.1881","11.0742","202.0","GARDERMOEN SOR, NO","10.6","E","0.0",",E","13",",E","12",",E","0",",E","","","0",",E","13",",E","1",",E","0",",E","0",",E","20121031",",,E","","","20121020",",,E","20121001",",,E","-10.4",",E,31,","","","19.9",",,E,20,","14.0",",E,01,","894.9","E","448.1",",E","125.1",",,,E","3.88",",E","6.69",",,,E","1.06",",,,E"
"NOE00109514","2012-11","60.1881","11.0742","202.0","GARDERMOEN SOR, NO","10.6","E","0.0",",E","19",",E","10",",E","0",",E","","","0",",E","14",",E","3",",E","0",",E","0",",E","20121130",",,E","","","20121101",",,E","20121114",",,E","-6.2",",E,30,","","","13.4",",,E,01,","8.5",",E,14,","1390.6","E","495.7",",E","98.0",",,,E","1.81",",E","3.63",",,,E","-0.01",",,,E"
"NOE00109514","2012-12","60.1881","11.0742","202.0","GARDERMOEN SOR, NO","10.6","E","0.0",",E","19",",E","8",",E","0",",E","","","1",",E","29",",E","26",",E","0",",E","0",",E","20121204",",,E","","","20121215",",,E","20121230",",,E","-18.5",",E,04,","","","18.6",",,E,15,","4.6",",E,30,","2175.7","E","785.1",",E","75.9",",,,E","-6.99",",E","-4.68",",,,E","-9.30",",,,E"
"NOE00109514","2013-01","60.1881","11.0742","202.0","GARDERMOEN SOR, NO","0.0","E","0.0",",E","15",",E","3",",E","0",",E","","","6",",E","30",",E","23",",E","0",",E","0",",E","20130123",",,E","","","20130127",",,E","20130104",",,E","-21.6",",E,23,","","","8.6",",,E,27,","5.5",",E,04,","2961.3","E","785.6",",E","28.8",",,,E","-7.01",",E","-4.29",",,,E","-9.73",",,,E"
"NOE00109514","2013-02","60.1881","11.0742","202.0","GARDERMOEN SOR, NO","0.0","E","0.0",",E","12",",E","3",",E","0",",E","","","0",",E","28",",E","21",",E","0",",E","0",",E","20130221",",,E","","","20130204",",,E","20130228",",,E","-16.7",",E,21,","","","4.9",",,E,04,","8.6",",E,28,","3629.1","E","667.8",",E","19.0",",,,E","-5.52",",E","-2.15",",,,E","-8.88",",,,E"
"NOE00109514","2013-03","60.1881","11.0742","202.0","GARDERMOEN SOR, NO","0.0","E","0.0",",E","4",",E","1",",E","0",",E","","","2",",E","31",",E","14",",E","0",",E","0",",E","20130315",",,E","","","20130315",",,E","20130302",",,E","-19.0",",E,15,","","","2.5",",,E,15,","6.5",",E,02,","4333.0","E","703.9",",E","5.0",",,,E","-4.37",",E","0.76",",,,E","-9.51",",,,E"
"NOE00109514","2013-04","60.1881","11.0742","202.0","GARDERMOEN SOR, NO","0.0","E","0.0",",E","13",",E","6",",E","0",",E","","","0",",E","18",",E","0",",E","0",",E","0",",E","20130409",",,E","","","20130428",",,E","20130430",",,E","-8.1",",E,09,","","","15.4",",,E,28,","15.6",",E,30,","4794.9","E","461.9",",E","53.1",",,,E","2.94",",E","7.44",",,,E","-1.57",",,,E"
"NOE00109514","2013-05","60.1881","11.0742","202.0","GARDERMOEN SOR, NO","0.0","E","0.0",",E","20",",E","14",",E","1",",E","","","0",",E","2",",E","0",",E","9",",E","0",",E","20130503",",,E","","","20130521",",,E","20130518",",,E","-1.6",",E,03,","","","36.0",",,E,21,","25.4",",E,18,","4991.5","E","196.6",",E","129.3",",,,E","11.99",",E","16.66",",,,E","7.32",",,,E"
"NOE00109514","2013-06","60.1881","11.0742","202.0","GARDERMOEN SOR, NO","0.0","E","0.0",",E","17",",E","14",",E","0",",E","","","0",",E","0",",E","0",",E","4",",E","0",",E","20130607",",,E","","","20130626",",,E","20130621",",,E","4.8",",E,07,","","","19.9",",,E,26,","23.2",",E,21,","5120.3","E","128.8",",E","117.4",",,,E","14.04",",E","18.20",",,,E","9.88",",,,E"
"NOE00109514","2013-07","60.1881","11.0742","202.0","GARDERMOEN SOR, NO","14.2","E","14.2",",E","10",",E","3",",E","0",",E","","","0",",E","0",",E","0",",E","22",",E","0",",E","20130711",",,E","","","20130703",",,E","20130720",",,E","8.3",",E,11,","","","5.0",",,E,03,","28.5",",E,20,","40.3","E","40.3",",E","20.3",",,,E","17.49",",E","22.67",",,,E","12.31",",,,E"
"NOE00109514","2013-08","60.1881","11.0742","202.0","GARDERMOEN SOR, NO","14.2","E","0.0",",E","17",",E","10",",E","1",",E","","","0",",E","0",",E","0",",E","7",",E","0",",E","20130821","+,,E","","","20130808",",,E","20130801",",,E","5.8",",E,21,+","","","28.8",",,E,08,","22.7",",E,01,","142.1","E","101.8",",E","116.3",",,,E","15.05",",E","19.62",",,,E","10.48",",,,E"
"NOE00109514","2013-09","60.1881","11.0742","202.0","GARDERMOEN SOR, NO","14.2","E","0.0",",E","5",",E","4",",E","0",",E","","","0",",E","3",",E","0",",E","2",",E","0",",E","20130926",",,E","","","20130914",",,E","20130908","+,,E","-1.9",",E,26,","","","11.9",",,E,14,","21.9",",E,08,+","361.8","E","219.7",",E","31.8",",,,E","11.01",",E","15.42",",,,E","6.60",",,,E"
"NOE00109514","2013-10","60.1881","11.0742","202.0","GARDERMOEN SOR, NO","14.2","E","0.0",",E","15",",E","8",",E","1",",E","","","0",",E","7",",E","0",",E","0",",E","0",",E","20131019",",,E","","","20131022",",,E","20131008",",,E","-4.6",",E,19,","","","26.9",",,E,22,","16.6",",E,08,","737.3","E","375.5",",E","84.7",",,,E","6.22",",E","9.57",",,,E","2.87",",,,E"
"NOE00109514","2013-11","60.1881","11.0742","202.0","GARDERMOEN SOR, NO","14.2","E","0.0",",E","9",",E","4",",E","0",",E","","","0",",E","21",",E","6",",E","0",",E","0",",E","20131122",",,E","","","20131118",",,E","20131116",",,E","-9.9",",E,22,","","","13.7",",,E,18,","12.4",",E,16,","1259.4","E","522.1",",E","38.5",",,,E","0.93",",E","3.83",",,,E","-1.98",",,,E"
"NOE00109514","2013-12","60.1881","11.0742","202.0","GARDERMOEN SOR, NO","14.2","E","0.0",",E","23",",E","15",",E","0",",E","","","0",",E","20",",E","0",",E","0",",E","0",",E","20131208",",,E","","","20131224",",,E","20131205",",,E","-12.9",",E,08,","","","17.7",",,E,24,","11.2",",E,05,","1792.9","E","533.5",",E","114.9",",,,E","1.12",",E","4.29",",,,E","-2.04",",,,E"
"NOE00109514","2014-01","60.1881","11.0742","202.0","GARDERMOEN SOR, NO","0.0","E","0.0",",E","25",",E","12",",E","0",",E","","","1",",E","23",",E","21",",E","0",",E","0",",E","20140113",",,E","","","20140102",",,E","20140107",",,E","-18.7",",E,13,","","","16.3",",,E,02,","6.6",",E,07,","2496.6","E","703.7",",E","97.1",",,,E","-4.37",",E","-2.86",",,,E","-5.87",",,,E"
"NOE00109514","2014-02","60.1881","11.0742","202.0","GARDERMOEN SOR, NO","0.0","E","0.0",",E","22",",E","14",",E","1",",E","","","0",",E","15",",E","5",",E","0",",E","0",",E","20140220",",,E","","","20140215",",,E","20140217",",,E","-7.8",",E,20,","","","28.5",",,E,15,","5.5",",E,17,","3003.0","E","506.4",",E","146.4",",,,E","0.25",",E","1.62",",,,E","-1.13",",,,E"
"NOE00109514","2014-03","60.1881","11.0742","202.0","GARDERMOEN SOR, NO","0.0","E","0.0",",E","11",",E","7",",E","0",",E","","","0",",E","14",",E","0",",E","0",",E","0",",E","20140313",",,E","","","20140307",",,E","20140329",",,E","-4.1",",E,13,","","","10.4",",,E,07,","15.7",",E,29,","3466.6","E","463.6",",E","47.0",",,,E","3.38",",E","6.87",",,,E","-0.11",",,,E"
"NOE00109514","2014-04","60.1881","11.0742","202.0","GARDERMOEN SOR, NO","0.0","E","0.0",",E","7",",E","6",",E","0",",E","","","0",",E","14",",E","0",",E","0",",E","0",",E","20140405",",,E","","","20140417",",,E","20140427",",,E","-4.7",",E,05,","","","19.5",",,E,17,","20.1",",E,27,","3827.5","E","360.9",",E","58.4",",,,E","6.30",",E","11.83",",,,E","0.78",",,,E"
"NOE00109514","2014-05","60.1881","11.0742","202.0","GARDERMOEN SOR, NO","2.4","E","2.4",",E","12",",E","9",",E","0",",E","","","0",",E","6",",E","0",",E","8",",E","0",",E","20140504",",,E","","","20140506",",,E","20140523",",,E","-2.7",",E,04,","","","19.7",",,E,06,","25.4",",E,23,","4068.2","E","240.7",",E","82.3",",,,E","10.64",",E","15.35",",,,E","5.93",",,,E"
"NOE00109514","2014-06","60.1881","11.0742","202.0","GARDERMOEN SOR, NO","4.0","E","1.6",",E","7",",E","5",",E","0",",E","","","0",",E","0",",E","0",",E","10",",E","0",",E","20140620",",,E","","","20140605",",,E","20140609",",,E","6.0",",E,20,","","","20.3",",,E,05,","24.5",",E,09,","4180.4","E","112.2",",E","44.3",",,,E","14.65",",E","19.19",",,,E","10.10",",,,E"
"NOE00109514","2014-07","60.1881","11.0742","202.0","GARDERMOEN SOR, NO","60.9","E","56.9",",E","10",",E","5",",E","0",",E","0",",","0",",E","0",",E","0",",E","29",",E","0",",E","20140704",",,E","20140731","+,,E","20140707",",,E","20140724","+,,E","7.3",",E,04,","0",",,E,31,+","16.3",",,E,07,","30.5",",E,24,+","18.9","E","18.9",",E","52.8",",,,E","19.56",",E","25.27",",,,E","13.85",",,,E"
"NOE00109514","2014-08","60.1881","11.0742","202.0","GARDERMOEN SOR, NO","62.5","E","1.6",",E","19",",E","15",",E","0",",E","0",",","0",",E","0",",E","0",",E","9",",E","0",",E","20140824",",,E","20140831","+,,E","20140803",",,E","20140808",",,E","6.4",",E,24,","0",",,E,31,+","20.2",",,E,03,","23.7",",E,08,","132.1","E","113.2",",E","106.1",",,,E","14.73",",E","18.61",",,,E","10.85",",,,E"
"NOE00109514","2014-09","60.1881","11.0742","202.0","GARDERMOEN SOR, NO","62.5","E","0.0",",E","8",",E","4",",E","0",",E","0",",","0",",E","0",",E","0",",E","1",",E","0",",E","20140930",",,E","20140930","+,,E","20140920",",,E","20140902",",,E","1.0",",E,30,","0",",,E,30,+","13.9",",,E,20,","21.2",",E,02,","319.8","E","187.7",",E","39.7",",,,E","12.08",",E","16.41",",,,E","7.74",",,,E"
"NOE00109514","2014-10","60.1881","11.0742","202.0","GARDERMOEN SOR, NO","62.5","E","0.0",",E","20",",E","18",",E","0",",E","","","0",",E","3",",E","0",",E","0",",E","0",",E","20141031",",,E","","","20141009",",,E","20141005",",,E","-2.6",",E,31,","","","24.8",",,E,09,","15.1",",E,05,","648.0","E","328.2",",E","204.0",",,,E","7.75",",E","10.17",",,,E","5.33",",,,E"
"NOE00109514","2014-11","60.1881","11.0742","202.0","GARDERMOEN SOR, NO","62.5","E","0.0",",E","19",",E","9",",E","1",",E","","","0",",E","11",",E","5",",E","0",",E","0",",E","20141107",",,E","","","20141123",",,E","20141103",",,E","-4.5",",E,07,","","","25.8",",,E,23,","11.5",",E,03,","1120.1","E","472.1",",E","97.1",",,,E","2.60",",E","3.94",",,,E","1.25",",,,E"
"NOE00109514","2014-12","60.1881","11.0742","202.0","GARDERMOEN SOR, NO","62.5","E","0.0",",E","17",",E","6",",E","0",",E","","","1",",E","29",",E","19",",E","0",",E","0",",E","20141226",",,E","","","20141209",",,E","20141215",",,E","-22.2",",E,26,","","","15.7",",,E,09,","5.6",",E,15,","1817.1","E","697.0",",E","43.9",",,,E","-4.15",",E","-1.38",",,,E","-6.92",",,,E"
"NOE00109514","2015-01","60.1881","11.0742","202.0","GARDERMOEN SOR, NO","0.0","E","0.0",",E","22",",E","14",",E","0",",E","","","0",",E","29",",E","14",",E","0",",E","0",",E","20150123",",,E","","","20150115",",,E","20150102",",,E","-15.6",",E,23,","","","20.8",",,E,15,","5.6",",E,02,","2455.8","E","638.7",",E","117.7",",,,E","-2.27",",E","0.35",",,,E","-4.89",",,,E"
"NOE00109514","2015-02","60.1881","11.0742","202.0","GARDERMOEN SOR, NO","0.0","E","0.0",",E","10",",E","6",",E","0",",E","","","0",",E","20",",E","8",",E","0",",E","0",",E","20150205",",,E","","","20150223",",,E","20150209",",,E","-15.6",",E,05,","","","7.2",",,E,23,","7.0",",E,09,","3004.1","E","548.3",",E","35.0",",,,E","-1.25",",E","1.04",",,,E","-3.53",",,,E"
"NOE00109514","2015-03","60.1881","11.0742","202.0","GARDERMOEN SOR, NO","0.0","E","0.0",",E","11",",E","7",",E","0",",E","","","0",",E","16",",E","0",",E","0",",E","0",",E","20150305",",,E","","","20150326",",,E","20150310",",,E","-6.8",",E,05,","","","24.3",",,E,26,","10.5",",E,10,","3511.4","E","507.3",",E","64.0",",,,E","1.97",",E","5.29",",,,E","-1.35",",,,E"
"NOE00109514","2015-04","60.1881","11.0742","202.0","GARDERMOEN SOR, NO","0.0","E","0.0",",E","5",",E","2",",E","0",",E","","","0",",E","13",",E","0",",E","1",",E","0",",E","20150405",",,E","","","20150429",",,E","20150420",",,E","-3.7",",E,05,","","","5.3",",,E,29,","22.1",",E,20,","3887.0","E","375.6",",E","12.3",",,,E","5.81",",E","10.76",",,,E","0.86",",,,E"
"NOE00109514","2015-05","60.1881","11.0742","202.0","GARDERMOEN SOR, NO","0.0","E","0.0",",E","22",",E","12",",E","0",",E","","","0",",E","1",",E","0",",E","0",",E","0",",E","20150503",",,E","","","20150505",",,E","20150527","+,,E","-0.4",",E,03,","","","20.3",",,E,05,","16.0",",E,27,+","4204.5","E","317.5",",E","138.7",",,,E","8.09",",E","12.32",",,,E","3.86",",,,E"
"NOE00109514","2015-06","60.1881","11.0742","202.0","GARDERMOEN SOR, NO","0.0","E","0.0",",E","13",",E","8",",E","0",",E","","","0",",E","0",",E","0",",E","6",",E","0",",E","20150609",",,E","","","20150629",",,E","20150612",",,E","4.2",",E,09,","","","17.2",",,E,29,","22.6",",E,12,","4357.0","E","152.5",",E","79.4",",,,E","13.25",",E","17.92",",,,E","8.57",",,,E"
"NOE00109514","2015-07","60.1881","11.0742","202.0","GARDERMOEN SOR, NO","8.4","E","8.4",",E","19",",E","10",",E","0",",E","","","0",",E","0",",E","0",",E","8",",E","0",",E","20150725",",,E","","","20150729",",,E","20150705",",,E","6.5",",E,25,","","","20.0",",,E,29,","26.7",",E,05,","101.1","E","101.1",",E","99.1",",,,E","15.34",",E","19.68",",,,E","11.01",",,,E"
"NOE00109514","2015-08","60.1881","11.0742","202.0","GARDERMOEN SOR, NO","8.4","E","0.0",",E","8",",E","7",",E","2",",E","","","0",",E","0",",E","0",",E","14",",E","0",",E","20150801",",,E","","","20150826",",,E","20150823",",,E","5.9",",E,01,","","","39.8",",,E,26,","24.0",",E,23,","201.0","E","99.9",",E","129.7",",,,E","15.11",",E","20.32",",,,E","9.90",",,,E"
"NOE00109514","2015-09","60.1881","11.0742","202.0","GARDERMOEN SOR, NO","8.4","E","0.0",",E","15",",E","11",",E","4",",E","","","0",",E","0",",E","0",",E","0",",E","0",",E","20150929",",,E","","","20150917",",,E","20150910",",,E","3.5",",E,29,","","","52.9",",,E,17,","19.9",",E,10,","403.4","E","202.4",",E","201.4",",,,E","11.59",",E","15.18",",,,E","7.99",",,,E"
"NOE00109514","2015-10","60.1881","11.0742","202.0","GARDERMOEN SOR, NO","8.4","E","0.0",",E","7",",E","1",",E","0",",E","","","0",",E","7",",E","0",",E","0",",E","0",",E","20151015",",,E","","","20151024",",,E","20151002",",,E","-2.9",",E,15,","","","3.4",",,E,24,","15.4",",E,02,","785.7","E","382.3",",E","9.5",",,,E","6.00",",E","9.22",",,,E","2.78",",,,E"
"NOE00109514","2015-11","60.1881","11.0742","202.0","GARDERMOEN SOR, NO","8.4","E","0.0",",E","16",",E","8",",E","0",",E","","","0",",E","18",",E","5",",E","0",",E","0",",E","20151123",",,E","","","20151106",",,E","20151102",",,E","-10.2",",E,23,","","","18.2",",,E,06,","15.2",",E,02,","1281.0","E","495.3",",E","84.1",",,,E","1.82",",E","4.54",",,,E","-0.90",",,,E"
"NOE00109514","2015-12","60.1881","11.0742","202.0","GARDERMOEN SOR, NO","8.4","E","0.0",",E","14",",E","10",",E","0",",E","","","0",",E","21",",E","8",",E","0",",E","0",",E","20151214",",,E","","","20151203",",,E","20151206",",,E","-10.5",",E,14,","","","12.9",",,E,03,","8.9",",E,06,","1835.2","E","554.2",",E","67.3",",,,E","0.45",",E","3.21",",,,E","-2.30",",,,E"
"NOE00109514","2016-01","60.1881","11.0742","202.0","GARDERMOEN SOR, NO","0.0","E","0.0",",E","19",",E","4",",E","0",",E","","","8",",E","28",",E","23",",E","0",",E","0",",E","20160122",",,E","","","20160127",",,E","20160129",",,E","-20.4",",E,22,","","","11.0",",,E,27,","4.5",",E,29,","2658.3","E","823.1",",E","48.6",",,,E","-8.22",",E","-5.84",",,,E","-10.60",",,,E"
"NOE00109514","2016-02","60.1881","11.0742","202.0","GARDERMOEN SOR, NO","0.0","E","0.0",",E","10",",E","6",",E","0",",E","","","0",",E","26",",E","11",",E","0",",E","0",",E","20160215",",,E","","","20160208",",,E","20160226",",,E","-14.2",",E,15,","","","19.2",",,E,08,","4.7",",E,26,","3260.4","E","602.1",",E","55.6",",,,E","-2.43",",E","0.86",",,,E","-5.71",",,,E"
"NOE00109514","2016-03","60.1881","11.0742","202.0","GARDERMOEN SOR, NO","0.0","E","0.0",",E","15",",E","9",",E","0",",E","","","0",",E","22",",E","3",",E","0",",E","0",",E","20160324",",,E","","","20160302",",,E","20160316",",,E","-6.3",",E,24,","","","11.3",",,E,02,","12.2",",E,16,","3766.2","E","505.8",",E","62.6",",,,E","2.02",",E","4.94",",,,E","-0.90",",,,E"
"NOE00109514","2016-04","60.1881","11.0742","202.0","GARDERMOEN SOR, NO","0.0","E","0.0",",E","15",",E","7",",E","1",",E","","","0",",E","11",",E","0",",E","0",",E","0",",E","20160401",",,E","","","20160430",",,E","20160421",",,E","-3.6",",E,01,","","","28.7",",,E,30,","12.5",",E,21,","4181.4","E","415.2",",E","101.7",",,,E","4.49",",E","8.39",",,,E","0.59",",,,E"
"NOE00109514","2016-05","60.1881","11.0742","202.0","GARDERMOEN SOR, NO","0.0","E","0.0",",E","13",",E","5",",E","0",",E","","","0",",E","0",",E","0",",E","4",",E","0",",E","20160504",",,E","","","20160523",",,E","20160531",",,E","0.1",",E,04,","","","18.6",",,E,23,","25.4",",E,31,","4405.0","E","223.6",",E","62.4",",,,E","11.12",",E","16.25",",,,E","5.98",",,,E"
"NOE00109514","2016-06","60.1881","11.0742","202.0","GARDERMOEN SOR, NO","8.1","E","8.1",",E","9",",E","6",",E","0",",E","","","0",",E","0",",E","0",",E","12",",E","0",",E","20160609",",,E","","","20160626",",,E","20160603",",,E","3.9",",E,09,","","","13.6",",,E,26,","27.4",",E,03,","4496.3","E","91.3",",E","52.9",",,,E","15.56",",E","20.47",",,,E","10.64",",,,E"
"NOE00109514","2016-07","60.1881","11.0742","202.0","GARDERMOEN SOR, NO","15.1","E","7.0",",E","14",",E","11",",E","0",",E","","","0",",E","0",",E","0",",E","9",",E","0",",E","20160704",",,E","","","20160709",",,E","20160725",",,E","4.7",",E,04,","","","11.2",",,E,09,","26.0",",E,25,","73.3","E","73.3",",E","86.8",",,,E","16.19",",E","20.72",",,,E","11.66",",,,E"
"NOE00109514","2016-08","60.1881","11.0742","202.0","GARDERMOEN SOR, NO","15.1","E","0.0",",E","15",",E","9",",E","0",",E","","","0",",E","0",",E","0",",E","3",",E","0",",E","20160812",",,E","","","20160809",",,E","20160817",",,E","3.9",",E,12,","","","18.5",",,E,09,","23.3",",E,17,","186.7","E","113.4",",E","102.7",",,,E","14.67",",E","18.79",",,,E","10.56",",,,E"
"NOE00109514","2016-09","60.1881","11.0742","202.0","GARDERMOEN SOR, NO","15.2","E","0.1",",E","10",",E","4",",E","0",",E","","","0",",E","0",",E","0",",E","5",",E","0",",E","20160912",",,E","","","20160923",",,E","20160915","+,,E","3.8",",E,12,","","","12.7",",,E,23,","22.3",",E,15,+","310.5","E","123.8",",E","42.5",",,,E","14.21",",E","18.13",",,,E","10.29",",,,E"
"NOE00109514","2016-10","60.1881","11.0742","202.0","GARDERMOEN SOR, NO","15.2","E","0.0",",E","11",",E","4",",E","0",",E","","","0",",E","6",",E","0",",E","0",",E","0",",E","20161030",",,E","","","20161031",",,E","20161002",",,E","-2.2",",E,30,","","","11.5",",,E,31,","14.0",",E,02,","737.1","E","426.6",",E","32.9",",,,E","4.57",",E","7.20",",,,E","1.94",",,,E"
"NOE00109514","2016-11","60.1881","11.0742","202.0","GARDERMOEN SOR, NO","15.2","E","0.0",",E","13",",E","9",",E","0",",E","","","0",",E","20",",E","10",",E","0",",E","0",",E","20161111",",,E","","","20161116",",,E","20161126",",,E","-11.7",",E,11,","","","11.1",",,E,16,","8.9",",E,26,","1301.6","E","564.5",",E","66.6",",,,E","-0.48",",E","1.79",",,,E","-2.76",",,,E"
"NOE00109514","2016-12","60.1881","11.0742","202.0","GARDERMOEN SOR, NO","15.2","E","0.0",",E","8",",E","3",",E","0",",E","","","0",",E","25",",E","10",",E","0",",E","0",",E","20161215",",,E","","","20161223",",,E","20161209","+,,E","-9.5",",E,15,","","","10.8",",,E,23,","7.9",",E,09,+","1881.3","E","579.7",",E","29.9",",,,E","-0.37",",E","2.05",",,,E","-2.78",",,,E"
"NOE00109514","2017-01","60.1881","11.0742","202.0","GARDERMOEN SOR, NO","0.0","","0.0",",E","9",",E","4",",E","0",",E","","","1",",E","28",",E","15",",E","0",",E","0",",E","20170106",",,E","","","20170111",",,E","20170119",",,E","-17.8",",E,06,","","","9.6",",,E,11,","9.4",",E,19,","2522.5","","641.2",",E","26.3",",,,E","-2.35",",E","0.51",",,,E","-5.21",",,,E"
"NOE00109514","2017-02","60.1881","11.0742","202.0","GARDERMOEN SOR, NO","0.0","","0.0",",E","13",",E","6",",E","0",",E","","","0",",E","26",",E","18",",E","0",",E","0",",E","20170208",",,E","","","20170227",",,E","20170219",",,E","-11.2",",E,08,","","","13.3",",,E,27,","5.4",",E,19,","3118.8","","596.3",",E","51.5",",,,E","-2.96",",E","-0.75",",,,E","-5.18",",,,E"
"NOE00109514","2017-03","60.1881","11.0742","202.0","GARDERMOEN SOR, NO","0.0","","0.0",",E","11",",E","4",",E","0",",E","","","0",",E","20",",E","5",",E","0",",E","0",",E","20170307",",,E","","","20170331",",,E","20170326",",,E","-8.8",",E,07,","","","9.8",",,E,31,","18.5",",E,26,","3641.9","","523.1",",E","37.1",",,,E","1.46",",E","4.93",",,,E","-2.02",",,,E"
"NOE00109514","2017-04","60.1881","11.0742","202.0","GARDERMOEN SOR, NO","0.0","","0.0",",E","9",",E","3",",E","0",",E","","","0",",E","17",",E","0",",E","0",",E","0",",E","20170415",",,E","","","20170424",",,E","20170407",",,E","-6.1",",E,15,","","","17.1",",,E,24,","14.7",",E,07,","4072.4","","430.5",",E","37.4",",,,E","3.98",",E","8.53",",,,E","-0.56",",,,E"
"NOE00109514","2017-05","60.1881","11.0742","202.0","GARDERMOEN SOR, NO","0.0","","0.0",",E","14",",E","6",",E","0",",E","","","0",",E","2",",E","0",",E","5",",E","0",",E","20170502",",,E","","","20170517","+,,E","20170527",",,E","-1.3",",E,02,","","","15.5",",,E,17,+","25.4",",E,27,","4309.3","","236.9",",E","60.3",",,,E","10.69",",E","15.63",",,,E","5.75",",,,E"
"NOE00109514","2017-06","60.1881","11.0742","202.0","GARDERMOEN SOR, NO","0.0","","0.0",",E","17",",E","8",",E","0",",E","","","0",",E","0",",E","0",",E","6",",E","0",",E","20170601",",,E","","","20170609",",,E","20170630",",,E","4.8",",E,01,","","","22.4",",,E,09,","23.0",",E,30,","4436.9","","127.6",",E","80.4",",,,E","14.08",",E","18.12",",,,E","10.04",",,,E"
"NOE00109514","2017-07","60.1881","11.0742","202.0","GARDERMOEN SOR, NO","0.0","","0.0",",E","11",",E","9",",E","0",",E","","","0",",E","0",",E","0",",E","8",",E","0",",E","20170713","+,,E","","","20170707",",,E","20170701",",,E","6.8",",E,13,+","","","10.7",",,E,07,","24.2",",E,01,","81.8","","81.8",",E","66.4",",,,E","15.69",",E","20.16",",,,E","11.22",",,,E"
"NOE00109514","2017-08","60.1881","11.0742","202.0","GARDERMOEN SOR, NO","0.0","","0.0",",E","19",",E","14",",E","2",",E","","","0",",E","0",",E","0",",E","3",",E","0",",E","20170823",",,E","","","20170809",",,E","20170811",",,E","5.4",",E,23,","","","33.4",",,E,09,","21.8",",E,11,","206.9","","125.1",",E","207.3",",,,E","14.30",",E","18.24",",,,E","10.36",",,,E"
"NOE00109514","2017-09","60.1881","11.0742","202.0","GARDERMOEN SOR, NO","","","","","17",",E","10",",E","0",",E","","","","","","","","","","","","","","","","","20170906",",,E","","","","","","","21.4",",,E,06,","","","","","","","100.7",",,,E","","","","","",""
"NOE00109514","2017-10","60.1881","11.0742","202.0","GARDERMOEN SOR, NO","","","","","16",",E","10",",E","1",",E","","","","","","","","","","","","","","","","","20171024",",,E","","","","","","","38.4",",,E,24,","","","","","","","125.6",",,,E","","","","","",""
"NOE00109514","2017-11","60.1881","11.0742","202.0","GARDERMOEN SOR, NO","","","","","16",",E","7",",E","1",",E","","","","","","","","","","","","","","","","","20171122",",,E","","","","","","","29.0",",,E,22,","","","","","","","80.0",",,,E","","","","","",""
"NOE00109514","2017-12","60.1881","11.0742","202.0","GARDERMOEN SOR, NO","","","","","18",",E","8",",E","0",",E","","","","","","","","","","","","","","","","","20171226",",,E","","","","","","","16.6",",,E,26,","","","","","","","63.6",",,,E","","","","","",""
"NOE00109514","2018-01","60.1881","11.0742","202.0","GARDERMOEN SOR, NO","","","","","17",",E","11",",E","0",",E","","","","","","","","","","","","","","","","","20180115",",,E","","","","","","","16.9",",,E,15,","","","","","","","100.6",",,,E","","","","","",""
"NOE00109514","2018-02","60.1881","11.0742","202.0","GARDERMOEN SOR, NO","","","","","14",",E","4",",E","0",",E","","","","","","","","","","","","","","","","","20180201",",,E","","","","","","","7.9",",,E,01,","","","","","","","28.2",",,,E","","","","","",""
"NOE00109514","2018-03","60.1881","11.0742","202.0","GARDERMOEN SOR, NO","","","","","9",",E","2",",E","0",",E","","","","","","","","","","","","","","","","","20180311",",,E","","","","","","","8.3",",,E,11,","","","","","","","17.7",",,,E","","","","","",""
"NOE00109514","2018-04","60.1881","11.0742","202.0","GARDERMOEN SOR, NO","","","","","9",",E","7",",E","0",",E","","","","","","","","","","","","","","","","","20180430",",,E","","","","","","","11.9",",,E,30,","","","","","","","53.4",",,,E","","","","","",""
"NOE00109514","2018-05","60.1881","11.0742","202.0","GARDERMOEN SOR, NO","","","","","4",",E","2",",E","0",",E","","","","","","","","","","","","","","","","","20180510",",,E","","","","","","","10.1",",,E,10,","","","","","","","19.0",",,,E","","","","","",""
"NOE00109514","2018-06","60.1881","11.0742","202.0","GARDERMOEN SOR, NO","","","","","4",",E","4",",E","1",",E","","","","","","","","","","","","","","","","","20180617",",,E","","","","","","","36.4",",,E,17,","","","","","","","55.8",",,,E","","","","","",""
"NOE00109514","2018-07","60.1881","11.0742","202.0","GARDERMOEN SOR, NO","","","","","8",",E","3",",E","0",",E","","","","","","","","","","","","","","","","","20180728",",,E","","","","","","","19.9",",,E,28,","","","","","","","33.5",",,,E","","","","","",""
"NOE00109514","2018-08","60.1881","11.0742","202.0","GARDERMOEN SOR, NO","","","","","11",",E","5",",E","0",",E","","","","","","","","","","","","","","","","","20180808",",,E","","","","","","","9.7",",,E,08,","","","","","","","29.8",",,,E","","","","","",""
"NOE00109514","2018-09","60.1881","11.0742","202.0","GARDERMOEN SOR, NO","","","","","12",",E","6",",E","0",",E","","","","","","","","","","","","","","","","","20180921",",,E","","","","","","","20.2",",,E,21,","","","","","","","86.2",",,,E","","","","","",""
"NOE00109514","2018-10","60.1881","11.0742","202.0","GARDERMOEN SOR, NO","","","","","11",",E","5",",E","0",",E","","","","","","","","","","","","","","","","","20181030",",,E","","","","","","","19.2",",,E,30,","","","","","","","42.4",",,,E","","","","","",""
"NOE00109514","2018-11","60.1881","11.0742","202.0","GARDERMOEN SOR, NO","","","","","11",",E","6",",E","0",",E","","","","","","","","","","","","","","","","","20181110",",,E","","","","","","","21.7",",,E,10,","","","","","","","68.4",",,,E","","","","","",""
"NOE00109514","2018-12","60.1881","11.0742","202.0","GARDERMOEN SOR, NO","","","","","13",",E","6",",E","0",",E","","","","","","","","","","","","","","","","","20181207",",,E","","","","","","","13.0",",,E,07,","","","","","","","56.3",",,,E","","","","","",""
"NOE00109514","2019-01","60.1881","11.0742","202.0","GARDERMOEN SOR, NO","","","","","9",",E","2",",E","0",",E","","","","","","","","","","","","","","","","","20190107",",,E","","","","","","","7.8",",,E,07,","","","","","","","18.3",",,,E","","","","","",""
"NOE00109514","2019-02","60.1881","11.0742","202.0","GARDERMOEN SOR, NO","","","","","12",",E","7",",E","0",",E","","","","","","","","","","","","","","","","","20190209",",,E","","","","","","","11.3",",,E,09,","","","","","","","55.6",",,,E","","","","","",""
"NOE00109514","2019-03","60.1881","11.0742","202.0","GARDERMOEN SOR, NO","","","","","13",",E","8",",E","0",",E","","","","","","","","","","","","","","","","","20190307",",,E","","","","","","","13.7",",,E,07,","","","","","","","62.6",",,,E","","","","","",""
"NOE00109514","2019-04","60.1881","11.0742","202.0","GARDERMOEN SOR, NO","","","","","3",",E","2",",E","0",",E","","","","","","","","","","","","","","","","","20190426",",,E","","","","","","","4.6",",,E,26,","","","","","","","8.9",",,,E","","","","","",""
"NOE00109514","2019-05","60.1881","11.0742","202.0","GARDERMOEN SOR, NO","","","","","18",",E","9",",E","0",",E","","","","","","","","","","","","","","","","","20190509",",,E","","","","","","","15.9",",,E,09,","","","","","","","77.7",",,,E","","","","","",""
"NOE00109514","2019-06","60.1881","11.0742","202.0","GARDERMOEN SOR, NO","","","","","11",",E","7",",E","0",",E","","","","","","","","","","","","","","","","","20190606",",,E","","","","","","","23.1",",,E,06,","","","","","","","94.9",",,,E","","","","","",""
"NOE00109514","2019-07","60.1881","11.0742","202.0","GARDERMOEN SOR, NO","","","","","10",",E","4",",E","0",",E","","","","","","","","","","","","","","","","","20190719",",,E","","","","","","","12.4",",,E,19,","","","","","","","34.5",",,,E","","","","","",""
"NOE00109514","2019-08","60.1881","11.0742","202.0","GARDERMOEN SOR, NO","","","","","13",",E","9",",E","0",",E","","","","","","","","","","","","","","","","","20190828",",,E","","","","","","","20.6",",,E,28,","","","","","","","119.6",",,,E","","","","","",""
"NOE00109514","2019-09","60.1881","11.0742","202.0","GARDERMOEN SOR, NO","","","","","12",",E","7",",E","2",",E","","","","","","","","","","","","","","","","","20190927",",,E","","","","","","","48.6",",,E,27,","","","","","","","122.4",",,,E","","","","","",""
"NOE00109514","2019-10","60.1881","11.0742","202.0","GARDERMOEN SOR, NO","","","","","15",",E","10",",E","1",",E","","","","","","","","","","","","","","","","","20191015",",,E","","","","","","","33.7",",,E,15,","","","","","","","103.1",",,,E","","","","","",""
"NOE00109514","2019-11","60.1881","11.0742","202.0","GARDERMOEN SOR, NO","","","","","18",",E","12",",E","0",",E","","","","","","","","","","","","","","","","","20191118",",,E","","","","","","","19.4",",,E,18,","","","","","","","113.5",",,,E","","","","","",""
"NOE00109514","2019-12","60.1881","11.0742","202.0","GARDERMOEN SOR, NO","","","0.0",",E","16",",E","9",",E","0",",E","","","0",",E","21",",E","11",",E","0",",E","0",",E","20191201",",,E","","","20191210",",,E","20191230",",,E","-12.7",",E,01,","","","17.7",",,E,10,","7.4",",E,30,","","","615.1",",E","71.0",",,,E","-1.51",",E","0.76",",,,E","-3.78",",,,E"
"NOE00109514","2020-01","60.1881","11.0742","202.0","GARDERMOEN SOR, NO","0.0","E","0.0",",E","13",",E","7",",E","0",",E","","","0",",E","16",",E","1",",E","0",",E","0",",E","20200111",",,E","","","20200114",",,E","20200121",",,E","-8.6",",E,11,","","","13.3",",,E,14,","8.0",",E,21,","","","511.7",",E","65.8",",,,E","1.83",",E","4.05",",,,E","-0.40",",,,E"
"NOE00109514","2020-02","60.1881","11.0742","202.0","GARDERMOEN SOR, NO","0.0","E","0.0",",E","10",",E","6",",E","0",",E","","","0",",E","18",",E","5",",E","0",",E","0",",E","20200228","+,,E","","","20200215",",,E","20200213",",,E","-11.3",",E,28,+","","","16.2",",,E,15,","11.9",",E,13,","","","509.0",",E","67.2",",,,E","0.78",",E","3.97",",,,E","-2.41",",,,E"
"NOE00109514","2020-03","60.1881","11.0742","202.0","GARDERMOEN SOR, NO","0.0","E","0.0",",E","9",",E","7",",E","0",",E","","","0",",E","19",",E","2",",E","0",",E","0",",E","20200314",",,E","","","20200308",",,E","20200317",",,E","-8.7",",E,14,","","","14.8",",,E,08,","10.5",",E,17,","","","507.0",",E","48.9",",,,E","1.98",",E","5.20",",,,E","-1.25",",,,E"
"NOE00109514","2020-04","60.1881","11.0742","202.0","GARDERMOEN SOR, NO","0.0","E","0.0",",E","6",",E","3",",E","0",",E","","","0",",E","10",",E","0",",E","0",",E","0",",E","20200411",",,E","","","20200427",",,E","20200422",",,E","-3.5",",E,11,","","","15.3",",,E,27,","20.9",",E,22,","","","355.5",",E","30.9",",,,E","6.48",",E","11.90",",,,E","1.07",",,,E"
"NOE00109514","2020-05","60.1881","11.0742","202.0","GARDERMOEN SOR, NO","0.0","E","0.0",",E","5",",E","4",",E","0",",E","","","0",",E","4",",E","0",",E","3",",E","0",",E","20200511",",,E","","","20200509",",,E","20200531",",,E","-1.5",",E,11,","","","9.0",",,E,09,","24.9",",E,31,","","","287.4",",E","26.3",",,,E","9.06",",E","14.42",",,,E","3.70",",,,E"
"NOE00109514","2020-06","60.1881","11.0742","202.0","GARDERMOEN SOR, NO","33.2","E","33.2",",E","12",",E","7",",E","1",",E","","","0",",E","0",",E","0",",E","20",",E","0",",E","20200608",",,E","","","20200621",",,E","20200627",",,E","8.3",",E,08,","","","29.9",",,E,21,","29.7",",E,27,","","","51.2",",E","101.5",",,,E","17.73",",E","23.29",",,,E","12.17",",,,E"
"NOE00109514","2020-07","60.1881","11.0742","202.0","GARDERMOEN SOR, NO","34.9","E","1.7",",E","17",",E","11",",E","0",",E","","","0",",E","0",",E","0",",E","3",",E","0",",E","20200703",",,E","","","20200705",",,E","20200731",",,E","5.7",",E,03,","","","24.8",",,E,05,","24.8",",E,31,","129.1","E","129.1",",E","111.9",",,,E","14.22",",E","18.49",",,,E","9.95",",,,E"
"NOE00109514","2020-08","60.1881","11.0742","202.0","GARDERMOEN SOR, NO","48.3","E","13.4",",E","9",",E","3",",E","0",",E","","","0",",E","0",",E","0",",E","18",",E","0",",E","20200831",",,E","","","20200821",",,E","20200818",",,E","4.2",",E,31,","","","18.8",",,E,21,","27.3",",E,18,","195.5","E","66.4",",E","33.1",",,,E","16.62",",E","21.81",",,,E","11.44",",,,E"
"NOE00109514","2020-09","60.1881","11.0742","202.0","GARDERMOEN SOR, NO","48.3","E","0.0",",E","13",",E","8",",E","1",",E","","","0",",E","0",",E","0",",E","1",",E","0",",E","20200918",",,E","","","20200925",",,E","20200918",",,E","3.4",",E,18,","","","30.2",",,E,25,","22.4",",E,18,","386.9","E","191.4",",E","67.4",",,,E","11.95",",E","16.16",",,,E","7.75",",,,E"
"NOE00109514","2020-10","60.1881","11.0742","202.0","GARDERMOEN SOR, NO","48.3","E","0.0",",E","19",",E","15",",E","2",",E","","","0",",E","3",",E","0",",E","0",",E","0",",E","20201017",",,E","","","20201006",",,E","20201005",",,E","-1.3",",E,17,","","","26.7",",,E,06,","14.9",",E,05,","734.1","E","347.2",",E","189.3",",,,E","7.13",",E","9.54",",,,E","4.72",",,,E"
"NOE00109514","2020-11","60.1881","11.0742","202.0","GARDERMOEN SOR, NO","48.3","E","0.0",",E","13",",E","10",",E","1",",E","","","0",",E","9",",E","2",",E","0",",E","0",",E","20201128",",,E","","","20201101",",,E","20201115",",,E","-6.8",",E,28,","","","27.1",",,E,01,","16.9",",E,15,","1156.6","E","422.5",",E","86.7",",,,E","4.25",",E","7.02",",,,E","1.47",",,,E"
"NOE00109514","2020-12","60.1881","11.0742","202.0","GARDERMOEN SOR, NO","48.3","E","0.0",",E","27",",E","21",",E","0",",E","","","0",",E","15",",E","1",",E","0",",E","0",",E","20201226",",,E","","","20201226",",,E","20201220",",,E","-5.8",",E,26,","","","23.7",",,E,26,","7.0",",E,20,","1702.9","E","546.3",",E","177.0",",,,E","0.71",",E","2.02",",,,E","-0.60",",,,E"
"NOE00109514","2021-01","60.1881","11.0742","202.0","GARDERMOEN SOR, NO","0.0","E","0.0",",E","11",",E","3",",E","0",",E","","","0",",E","30",",E","26",",E","0",",E","0",",E","20210131",",,E","","","20210121",",,E","20210124",",,E","-16.6",",E,31,","","","15.8",",,E,21,","4.7",",E,24,","2484.4","E","781.5",",E","42.0",",,,E","-6.88",",E","-4.52",",,,E","-9.24",",,,E"
"NOE00109514","2021-02","60.1881","11.0742","202.0","GARDERMOEN SOR, NO","0.0","E","0.0",",E","8",",E","6",",E","0",",E","","","4",",E","23",",E","18",",E","0",",E","0",",E","20210213",",,E","","","20210218",",,E","20210228",",,E","-20.1",",E,13,","","","11.9",",,E,18,","12.1",",E,28,","3161.4","E","677.0",",E","29.0",",,,E","-5.84",",E","-2.69",",,,E","-9.00",",,,E"
"NOE00109514","2021-03","60.1881","11.0742","202.0","GARDERMOEN SOR, NO","0.0","E","0.0",",E","5",",E","4",",E","0",",E","","","0",",E","24",",E","0",",E","0",",E","0",",E","20210317",",,E","","","20210311",",,E","20210330",",,E","-7.2",",E,17,","","","13.7",",,E,11,","16.2",",E,30,","3655.0","E","493.6",",E","26.0",",,,E","2.41",",E","6.81",",,,E","-1.98",",,,E"
"NOE00109514","2021-04","60.1881","11.0742","202.0","GARDERMOEN SOR, NO","0.0","E","0.0","1,E","4",",E","2",",E","0",",E","","","0",",E","20",",E","0","1,E","0","1,E","0","1,E","20210411",",,E","","","20210412","+,,E","20210419",",1,E","-4.3",",E,11,","","","2.8",",,E,12,+","16.7","1,E,19,","4059.7","E","404.7","1,E","8.2",",,,E","4.40","1,E","9.63","1,,,E","-0.83",",,,E"
"NOE00109514","2021-05","60.1881","11.0742","202.0","GARDERMOEN SOR, NO","0.0","E","0.0",",E","18",",E","10",",E","0",",E","","","0",",E","4",",E","0",",E","4",",E","0",",E","20210508",",,E","","","20210512",",,E","20210530",",,E","-1.5",",E,08,","","","14.9",",,E,12,","26.5",",E,30,","4334.5","E","274.8",",E","85.9",",,,E","9.47",",E","14.01",",,,E","4.93",",,,E"
"NOE00109514","2021-06","60.1881","11.0742","202.0","GARDERMOEN SOR, NO","4.4","E","4.4",",E","9",",E","4",",E","1",",E","","","0",",E","0",",E","0",",E","23",",E","0",",E","20210616",",,E","","","20210617",",,E","20210626",",,E","8.6",",E,16,","","","30.6",",,E,17,","26.2",",E,26,","4378.2","E","43.7",",E","54.2",",,,E","17.02",",E","22.26",",,,E","11.78",",,,E"
"NOE00109514","2021-07","60.1881","11.0742","202.0","GARDERMOEN SOR, NO","43.5","E","39.1",",E","13",",E","9",",E","2",",E","","","0",",E","0",",E","0",",E","27",",E","0",",E","20210719",",,E","","","20210727",",,E","20210703",",,E","9.0",",E,19,","","","31.6",",,E,27,","28.6",",E,03,","13.9","E","13.9",",E","123.6",",,,E","19.15",",E","24.38",",,,E","13.91",",,,E"
"NOE00109514","2021-08","60.1881","11.0742","202.0","GARDERMOEN SOR, NO","43.5","E","0.0",",E","8",",E","1",",E","0",",E","","","0",",E","0",",E","0",",E","8",",E","0",",E","20210821",",,E","","","20210801",",,E","20210829",",,E","6.4",",E,21,","","","5.2",",,E,01,","23.8",",E,29,","109.3","E","95.4",",E","13.7",",,,E","15.26",",E","19.94",",,,E","10.58",",,,E"
"NOE00109514","2021-09","60.1881","11.0742","202.0","GARDERMOEN SOR, NO","44.3","E","0.8",",E","10",",E","4",",E","0",",E","","","0",",E","0",",E","0",",E","4",",E","0",",E","20210926",",,E","","","20210911",",,E","20210908",",,E","3.9",",E,26,","","","24.7",",,E,11,","24.9",",E,08,","290.0","E","180.7",",E","75.3",",,,E","12.34",",E","16.59",",,,E","8.09",",,,E"
"NOE00109514","2021-10","60.1881","11.0742","202.0","GARDERMOEN SOR, NO","44.3","E","0.0",",E","19",",E","14",",E","1",",E","","","0",",E","5",",E","0",",E","0",",E","0",",E","20211018",",,E","","","20211001",",,E","20211027",",,E","-3.1",",E,18,","","","51.8",",,E,01,","13.8",",E,27,","611.2","E","321.2",",E","157.0",",,,E","7.97",",E","10.86",",,,E","5.08",",,,E"
"NOE00109514","2021-11","60.1881","11.0742","202.0","GARDERMOEN SOR, NO","44.3","E","0.0",",E","11",",E","6",",E","0",",E","","","0",",E","19",",E","5",",E","0",",E","0",",E","20211129",",,E","","","20211106",",,E","20211119",",,E","-10.6",",E,29,","","","7.3",",,E,06,","13.3",",E,19,","1115.9","E","504.7",",E","32.4",",,,E","1.51",",E","4.26",",,,E","-1.24",",,,E"
"NOE00109514","2021-12","60.1881","11.0742","202.0","GARDERMOEN SOR, NO","44.3","E","0.0",",E","10",",E","4",",E","0",",E","","","0",",E","28",",E","21",",E","0",",E","0",",E","20211227",",,E","","","20211229",",,E","20211218",",,E","-17.2",",E,27,","","","3.9",",,E,29,","8.7",",E,18,","1828.9","E","713.0",",E","20.8",",,,E","-4.67",",E","-2.10",",,,E","-7.24",",,,E"
"NOE00109514","2022-01","60.1881","11.0742","202.0","GARDERMOEN SOR, NO","0.0","E","0.0",",E","9",",E","4",",E","0",",E","","","0",",E","27",",E","10",",E","0",",E","0",",E","20220107",",,E","","","20220107",",,E","20220114",",,E","-15.9",",E,07,","","","7.4",",,E,07,","11.1",",E,14,","2444.9","E","616.0",",E","26.3",",,,E","-1.54",",E","1.67",",,,E","-4.74",",,,E"
"NOE00109514","2022-02","60.1881","11.0742","202.0","GARDERMOEN SOR, NO","0.0","E","0.0",",E","12",",E","5",",E","1",",E","","","0",",E","24",",E","6",",E","0",",E","0",",E","20220201",",,E","","","20220214",",,E","20220208",",,E","-11.4",",E,01,","","","29.6",",,E,14,","6.4",",E,08,","2990.2","E","545.3",",E","58.5",",,,E","-1.14",",E","1.88",",,,E","-4.17",",,,E"
"NOE00109514","2022-03","60.1881","11.0742","202.0","GARDERMOEN SOR, NO","0.0","E","0.0",",E","1",",E","1",",E","0",",E","","","0",",E","26",",E","0",",E","0",",E","0",",E","20220309",",,E","","","20220317",",,E","20220327",",,E","-8.6",",E,09,","","","3.9",",,E,17,","14.0",",E,27,","3498.6","E","508.4",",E","3.9",",,,E","1.93",",E","7.01",",,,E","-3.15",",,,E"
"NOE00109514","2022-04","60.1881","11.0742","202.0","GARDERMOEN SOR, NO","0.0","E","0.0",",E","4",",E","1",",E","0",",E","","","0",",E","16",",E","0",",E","0",",E","0",",E","20220401",",,E","","","20220413",",,E","20220422",",,E","-7.7",",E,01,","","","7.1",",,E,13,","18.8",",E,22,","3900.7","E","402.1",",E","11.1",",,,E","4.93",",E","10.52",",,,E","-0.66",",,,E"
"NOE00109514","2022-05","60.1881","11.0742","202.0","GARDERMOEN SOR, NO","0.0","E","0.0",",E","13",",E","7",",E","0",",E","","","0",",E","2",",E","0",",E","0",",E","0",",E","20220508",",,E","","","20220510",",,E","20220506",",,E","-0.7",",E,08,","","","12.1",",,E,10,","18.4",",E,06,","4149.8","E","249.1",",E","64.3",",,,E","10.30",",E","15.31",",,,E","5.29",",,,E"
"NOE00109514","2022-06","60.1881","11.0742","202.0","GARDERMOEN SOR, NO","11.0","E","11.0",",E","14",",E","5",",E","0",",E","","","0",",E","0",",E","0",",E","16",",E","0",",E","20220619",",,E","","","20220627",",,E","20220625",",,E","5.9",",E,19,","","","18.4",",,E,27,","28.4",",E,25,","4222.2","E","72.4",",E","48.6",",,,E","16.29",",E","21.30",",,,E","11.27",",,,E"
"NOE00109514","2022-07","60.1881","11.0742","202.0","GARDERMOEN SOR, NO","22.1","E","11.1",",E","11",",E","6",",E","0",",E","","","0",",E","0",",E","0",",E","15",",E","0",",E","20220729",",,E","","","20220701",",,E","20220720",",,E","8.8",",E,29,","","","24.7",",,E,01,","28.8",",E,20,","58.3","E","58.3",",E","68.9",",,,E","16.81",",E","21.53",",,,E","12.09",",,,E"
"NOE00109514","2022-08","60.1881","11.0742","202.0","GARDERMOEN SOR, NO","37.0","E","14.9",",E","8",",E","5",",E","0",",E","","","0",",E","0",",E","0",",E","16",",E","0",",E","20220831",",,E","","","20220818",",,E","20220814",",,E","6.6",",E,31,","","","19.7",",,E,18,","27.6",",E,14,","127.2","E","68.9",",E","61.1",",,,E","16.59",",E","21.83",",,,E","11.35",",,,E"
"NOE00109514","2022-09","60.1881","11.0742","202.0","GARDERMOEN SOR, NO","37.0","E","0.0",",E","11",",E","5",",E","0",",E","","","0",",E","1",",E","0",",E","0",",E","0",",E","20220921",",,E","","","20220912",",,E","20220906",",,E","-0.2",",E,21,","","","21.5",",,E,12,","20.1",",E,06,","343.9","E","216.7",",E","70.1",",,,E","11.11",",E","14.53",",,,E","7.69",",,,E"
"NOE00109514","2022-10","60.1881","11.0742","202.0","GARDERMOEN SOR, NO","37.0","E","0.0",",E","19",",E","13",",E","0",",E","","","0",",E","5",",E","0",",E","0",",E","0",",E","20221020",",,E","","","20221024",",,E","20221003",",,E","-2.6",",E,20,","","","12.9",",,E,24,","14.8",",E,03,","695.3","E","351.4",",E","88.3",",,,E","7.00",",E","9.91",",,,E","4.09",",,,E"
"NOE00109514","2022-11","60.1881","11.0742","202.0","GARDERMOEN SOR, NO","37.0","E","0.0",",E","18",",E","12",",E","0",",E","","","0",",E","9",",E","5",",E","0",",E","0",",E","20221119",",,E","","","20221106",",,E","20221112","+,,E","-4.1",",E,19,","","","15.5",",,E,06,","13.5",",E,12,+","1148.9","E","453.6",",E","102.1",",,,E","3.21",",E","4.67",",,,E","1.75",",,,E"
"NOE00109514","2022-12","60.1881","11.0742","202.0","GARDERMOEN SOR, NO","37.0","E","0.0",",E","15",",E","10",",E","0",",E","","","1",",E","30",",E","19",",E","0",",E","0",",E","20221215",",,E","","","20221226",",,E","20221231",",,E","-17.8",",E,15,","","","22.0",",,E,26,","5.1",",E,31,","1895.7","E","746.8",",E","77.8",",,,E","-5.76",",E","-3.36",",,,E","-8.15",",,,E"
"NOE00109514","2023-01","60.1881","11.0742","202.0","GARDERMOEN SOR, NO","0.0","E","0.0",",E","16",",E","9",",E","0",",E","","","0",",E","26",",E","13",",E","0",",E","0",",E","20230122",",,E","","","20230106",",,E","20230130",",,E","-16.2",",E,22,","","","18.4",",,E,06,","5.2",",E,30,","2549.9","E","654.2",",E","83.5",",,,E","-2.77",",E","-0.45",",,,E","-5.08",",,,E"
"NOE00109514","2023-02","60.1881","11.0742","202.0","GARDERMOEN SOR, NO","0.0","E","0.0",",E","10",",E","3",",E","0",",E","","","0",",E","25",",E","6",",E","0",",E","0",",E","20230204",",,E","","","20230217",",,E","20230213",",,E","-13.8",",E,04,","","","13.1",",,E,17,","9.3",",E,13,","3095.7","E","545.8",",E","33.3",",,,E","-1.16",",E","2.61",",,,E","-4.93",",,,E"
"NOE00109514","2023-03","60.1881","11.0742","202.0","GARDERMOEN SOR, NO","0.0","E","0.0",",E","10",",E","7",",E","0",",E","","","0",",E","27",",E","9",",E","0",",E","0",",E","20230311",",,E","","","20230313",",,E","20230302",",,E","-15.6",",E,11,","","","9.6",",,E,13,","7.5",",E,02,","3725.2","E","629.5",",E","47.1",",,,E","-1.97",",E","2.23",",,,E","-6.18",",,,E"
"NOE00109514","2023-04","60.1881","11.0742","202.0","GARDERMOEN SOR, NO","0.0","E","0.0",",E","12",",E","9",",E","0",",E","","","0",",E","14",",E","0",",E","0",",E","0",",E","20230403",",,E","","","20230424",",,E","20230422",",,E","-7.6",",E,03,","","","24.2",",,E,24,","18.7",",E,22,","4141.9","E","416.7",",E","85.4",",,,E","4.44",",E","9.38",",,,E","-0.50",",,,E"
"NOE00109514","2023-05","60.1881","11.0742","202.0","GARDERMOEN SOR, NO","0.0","E","0.0",",E","5",",E","2",",E","0",",E","","","0",",E","6",",E","0",",E","6",",E","0",",E","20230505",",,E","","","20230515",",,E","20230522",",,E","-2.8",",E,05,","","","7.8",",,E,15,","23.5",",E,22,","4379.6","E","237.7",",E","15.9",",,,E","10.67",",E","16.98",",,,E","4.35",",,,E"
"NOE00109514","2023-06","60.1881","11.0742","202.0","GARDERMOEN SOR, NO","30.5","E","30.5",",E","9",",E","5",",E","0",",E","","","0",",E","0",",E","0",",E","26",",E","0",",E","20230602",",,E","","","20230621",",,E","20230617",",,E","3.4",",E,02,","","","8.2",",,E,21,","29.3",",E,17,","4424.4","E","44.8",",E","32.7",",,,E","17.86",",E","24.18",",,,E","11.54",",,,E"
"NOE00109514","2023-07","60.1881","11.0742","202.0","GARDERMOEN SOR, NO","34.5","E","4.0",",E","18",",E","11",",E","1",",E","","","0",",E","0",",E","0",",E","7",",E","0",",E","20230723",",,E","","","20230724",",,E","20230709",",,E","7.8",",E,23,","","","43.5",",,E,24,","27.1",",E,09,","80.9","E","80.9",",E","178.2",",,,E","15.85",",E","19.99",",,,E","11.72",",,,E"
"NOE00109514","2023-08","60.1881","11.0742","202.0","GARDERMOEN SOR, NO","34.8","E","0.3",",E","19",",E","15",",E","4",",E","","","0",",E","0",",E","0",",E","7",",E","0",",E","20230831",",,E","","","20230807",",,E","20230821",",,E","8.3",",E,31,","","","56.9",",,E,07,","22.4",",E,21,","169.6","E","88.7",",E","287.7",",,,E","15.48",",E","18.78",",,,E","12.18",",,,E"
"NOE00109514","2023-09","60.1881","11.0742","202.0","GARDERMOEN SOR, NO","36.5","E","1.7",",E","15",",E","10",",E","2",",E","","","0",",E","0",",E","0",",E","3",",E","0",",E","20230924",",,E","","","20230918",",,E","20230910",",,E","3.6",",E,24,","","","33.9",",,E,18,","24.4",",E,10,","304.7","E","135.1",",E","133.8",",,,E","13.89",",E","17.49",",,,E","10.28",",,,E"
"NOE00109514","2023-10","60.1881","11.0742","202.0","GARDERMOEN SOR, NO","36.5","E","0.0",",E","11",",E","5",",E","0",",E","","","0",",E","11",",E","3",",E","0",",E","0",",E","20231019",",,E","","","20231013",",,E","20231004",",,E","-3.4",",E,19,","","","11.4",",,E,13,","16.0",",E,04,","729.9","E","425.2",",E","30.0",",,,E","4.62",",E","7.53",",,,E","1.71",",,,E"
"NOE00109514","2023-11","60.1881","11.0742","202.0","GARDERMOEN SOR, NO","36.5","E","0.0",",E","10",",E","8",",E","1",",E","","","0",",E","22",",E","16",",E","0",",E","0",",E","20231128",",,E","","","20231102",",,E","20231123",",,E","-11.7",",E,28,","","","33.6",",,E,02,","5.2",",E,23,","1345.7","E","615.8",",E","100.5",",,,E","-2.20",",E","-0.55",",,,E","-3.84",",,,E"
"NOE00109514","2023-12","60.1881","11.0742","202.0","GARDERMOEN SOR, NO","36.5","E","0.0",",E","14",",E","7",",E","0",",E","","","0",",E","31",",E","27",",E","0",",E","0",",E","20231226",",,E","","","20231224",",,E","20231217",",,E","-17.6",",E,26,","","","7.6",",,E,24,","7.5",",E,17,","2116.7","E","771.0",",E","47.3",",,,E","-6.54",",E","-3.86",",,,E","-9.22",",,,E"
"NOE00109514","2024-01","60.1881","11.0742","202.0","GARDERMOEN SOR, NO","0.0","","0.0",",E","11",",E","5",",E","0",",E","","","9",",E","30",",E","18",",E","0",",E","0",",E","20240116",",,E","","","20240121",",,E","20240123",",,E","-26.7",",E,16,","","","19.2",",,E,21,","6.9",",E,23,","2938.2","","821.5",",E","60.2",",,,E","-8.17",",E","-4.22",",,,E","-12.12",",,,E"
"NOE00109514","2024-02","60.1881","11.0742","202.0","GARDERMOEN SOR, NO","0.0","","0.0",",E","18",",E","11",",E","1",",E","","","2",",E","23",",E","13",",E","0",",E","0",",E","20240209",",,E","","","20240229",",,E","20240203",",,E","-21.7",",E,09,","","","39.9",",,E,29,","9.5",",E,03,","3559.8","","621.6",",E","150.9",",,,E","-3.10",",E","-0.77",",,,E","-5.44",",,,E"
"NOE00109514","2024-03","60.1881","11.0742","202.0","GARDERMOEN SOR, NO","0.0","","0.0",",E","18",",E","8",",E","0",",E","","","0",",E","16",",E","1",",E","0",",E","0",",E","20240317",",,E","","","20240315",",,E","20240322",",,E","-9.1",",E,17,","","","19.1",",,E,15,","9.0",",E,22,","4093.3","","533.5",",E","81.8",",,,E","1.12",",E","3.65",",,,E","-1.41",",,,E"
"NOE00109514","2024-04","60.1881","11.0742","202.0","GARDERMOEN SOR, NO","0.0","","0.0",",E","12",",E","6",",E","0",",E","","","0",",E","16",",E","1",",E","0",",E","0",",E","20240422",",,E","","","20240409",",,E","20240430",",,E","-5.3",",E,22,","","","12.6",",,E,09,","17.2",",E,30,","4507.4","","414.1",",E","45.3",",,,E","4.53",",E","8.83",",,,E","0.23",",,,E"
"NOE00109514","2024-05","60.1881","11.0742","202.0","GARDERMOEN SOR, NO","3.1","","3.1",",E","7","1,E","3","1,E","0","1,E","","","0",",E","0",",E","0",",E","20",",E","0",",E","20240511",",,E","","","20240528",",1,E","20240526",",,E","3.6",",E,11,","","","13.0","1,,E,28,","26.9",",E,26,","4621.7","","114.3",",E","33.0","1,,,E","14.75",",E","21.34",",,,E","8.15",",,,E"
