"STATION","DATE","LATITUDE","LONGITUDE","ELEVATION","NAME","DP01","DP01_ATTRIBUTES","DP10","DP10_ATTRIBUTES","DP1X","DP1X_ATTRIBUTES","DSND","DSND_ATTRIBUTES","DYSD","DYSD_ATTRIBUTES","DYXP","DYXP_ATTRIBUTES","EMSD","EMSD_ATTRIBUTES","EMXP","EMXP_ATTRIBUTES","PRCP","PRCP_ATTRIBUTES"
"NOE00111300","1957-01","68.8606","18.3375","114.0","SAETERMOEN II, NO","17",",E","10",",E","1",",E","31",",","19570123","+,,E","19570116",",,E","550",",,E,23,+","31.4",",,E,16,","117.2",",,,E"
"NOE00111300","1957-02","68.8606","18.3375","114.0","SAETERMOEN II, NO","5",",E","0",",E","0",",E","28",",","19570206","+,,E","19570202",",,E","590",",,E,06,+","2.1",",,E,02,","5.1",",,,E"
"NOE00111300","1957-03","68.8606","18.3375","114.0","SAETERMOEN II, NO","11",",E","8",",E","0",",E","31",",","19570324",",,E","19570316",",,E","620",",,E,24,","11.0",",,E,16,","48.0",",,,E"
"NOE00111300","1957-04","68.8606","18.3375","114.0","SAETERMOEN II, NO","12",",E","7",",E","0",",E","28",",","19570401",",,E","19570403",",,E","430",",,E,01,","10.0",",,E,03,","44.1",",,,E"
"NOE00111300","1957-05","68.8606","18.3375","114.0","SAETERMOEN II, NO","13",",E","6",",E","0",",E","2",",","19570523","+,,E","19570528",",,E","40",",,E,23,+","8.5",",,E,28,","38.3",",,,E"
"NOE00111300","1957-06","68.8606","18.3375","114.0","SAETERMOEN II, NO","15",",E","11",",E","0",",E","0",",","19570630","+,,E","19570615",",,E","0",",,E,30,+","13.0",",,E,15,","89.4",",,,E"
"NOE00111300","1957-07","68.8606","18.3375","114.0","SAETERMOEN II, NO","10",",E","4",",E","0",",E","0",",","19570731","+,,E","19570731",",,E","0",",,E,31,+","18.5",",,E,31,","44.9",",,,E"
"NOE00111300","1957-08","68.8606","18.3375","114.0","SAETERMOEN II, NO","18",",E","10",",E","0",",E","0",",","19570831","+,,E","19570821",",,E","0",",,E,31,+","21.5",",,E,21,","91.4",",,,E"
"NOE00111300","1957-09","68.8606","18.3375","114.0","SAETERMOEN II, NO","7",",E","5",",E","0",",E","0",",","19570930","+,,E","19570921",",,E","0",",,E,30,+","9.6",",,E,21,","25.7",",,,E"
"NOE00111300","1957-10","68.8606","18.3375","114.0","SAETERMOEN II, NO","14",",E","7",",E","0",",E","0",",","19571031","+,,E","19571014",",,E","0",",,E,31,+","25.0",",,E,14,","68.6",",,,E"
"NOE00111300","1957-11","68.8606","18.3375","114.0","SAETERMOEN II, NO","19",",E","10",",E","0",",E","7",",","19571124",",,E","19571112",",,E","150",",,E,24,","16.5",",,E,12,","73.0",",,,E"
"NOE00111300","1957-12","68.8606","18.3375","114.0","SAETERMOEN II, NO","17",",E","10",",E","0",",E","31",",","19571223",",,E","19571213",",,E","460",",,E,23,","10.1",",,E,13,","78.3",",,,E"
"NOE00111300","1958-01","68.8606","18.3375","114.0","SAETERMOEN II, NO","11",",E","7",",E","0",",E","31",",","19580120","+,,E","19580117",",,E","750",",,E,20,+","23.3",",,E,17,","55.5",",,,E"
"NOE00111300","1958-02","68.8606","18.3375","114.0","SAETERMOEN II, NO","10",",E","3",",E","0",",E","28",",","19580221","+,,E","19580210",",,E","510",",,E,21,+","3.5",",,E,10,","20.3",",,,E"
"NOE00111300","1958-03","68.8606","18.3375","114.0","SAETERMOEN II, NO","13",",E","9",",E","0",",E","31",",","19580328",",,E","19580324",",,E","910",",,E,28,","9.0",",,E,24,","55.2",",,,E"
"NOE00111300","1958-04","68.8606","18.3375","114.0","SAETERMOEN II, NO","6",",E","4",",E","0",",E","30",",","19580401",",,E","19580412",",,E","780",",,E,01,","6.6",",,E,12,","22.8",",,,E"
"NOE00111300","1958-05","68.8606","18.3375","114.0","SAETERMOEN II, NO","5",",E","2",",E","0",",E","9",",","19580501",",,E","19580514",",,E","300",",,E,01,","4.6",",,E,14,","13.8",",,,E"
"NOE00111300","1958-06","68.8606","18.3375","114.0","SAETERMOEN II, NO","12",",E","5",",E","0",",E","0",",","19580630","+,,E","19580612",",,E","0",",,E,30,+","10.2",",,E,12,","41.5",",,,E"
"NOE00111300","1958-07","68.8606","18.3375","114.0","SAETERMOEN II, NO","17",",E","14",",E","0",",E","0",",","19580731","+,,E","19580708",",,E","0",",,E,31,+","20.8",",,E,08,","105.1",",,,E"
"NOE00111300","1958-08","68.8606","18.3375","114.0","SAETERMOEN II, NO","13",",E","5",",E","0",",E","0",",","19580831","+,,E","19580801",",,E","0",",,E,31,+","11.7",",,E,01,","45.0",",,,E"
"NOE00111300","1958-09","68.8606","18.3375","114.0","SAETERMOEN II, NO","20",",E","15",",E","3",",E","0",",","19580930","+,,E","19580912",",,E","0",",,E,30,+","38.8",",,E,12,","173.3",",,,E"
"NOE00111300","1958-10","68.8606","18.3375","114.0","SAETERMOEN II, NO","13",",E","10",",E","1",",E","4",",","19581027",",,E","19581022",",,E","110",",,E,27,","34.0",",,E,22,","95.7",",,,E"
"NOE00111300","1958-11","68.8606","18.3375","114.0","SAETERMOEN II, NO","16",",E","12",",E","1",",E","6",",","19581117",",,E","19581128",",,E","160",",,E,17,","32.0",",,E,28,","140.5",",,,E"
"NOE00111300","1958-12","68.8606","18.3375","114.0","SAETERMOEN II, NO","11",",E","6",",E","0",",E","30",",","19581208",",,E","19581207",",,E","450",",,E,08,","14.5",",,E,07,","47.2",",,,E"
"NOE00111300","1959-01","68.8606","18.3375","114.0","SAETERMOEN II, NO","16",",E","10",",E","0",",E","31",",","19590131",",,E","19590130","+,,E","680",",,E,31,","14.5",",,E,30,+","86.6",",,,E"
"NOE00111300","1959-02","68.8606","18.3375","114.0","SAETERMOEN II, NO","23",",E","15",",E","0",",E","28",",","19590201",",,E","19590216",",,E","740",",,E,01,","15.0",",,E,16,","97.9",",,,E"
"NOE00111300","1959-03","68.8606","18.3375","114.0","SAETERMOEN II, NO","15",",E","8",",E","0",",E","31",",","19590309",",,E","19590320",",,E","410",",,E,09,","17.6",",,E,20,","59.9",",,,E"
"NOE00111300","1959-04","68.8606","18.3375","114.0","SAETERMOEN II, NO","10",",E","3",",E","0",",E","10",",","19590402",",,E","19590430",",,E","110",",,E,02,","3.2",",,E,30,","14.5",",,,E"
"NOE00111300","1959-05","68.8606","18.3375","114.0","SAETERMOEN II, NO","17",",E","10",",E","0",",E","2",",","19590517",",,E","19590506",",,E","40",",,E,17,","25.0",",,E,06,","79.6",",,,E"
"NOE00111300","1959-06","68.8606","18.3375","114.0","SAETERMOEN II, NO","19",",E","6",",E","0",",E","0",",","19590630","+,,E","19590620",",,E","0",",,E,30,+","6.0",",,E,20,","41.0",",,,E"
"NOE00111300","1959-07","68.8606","18.3375","114.0","SAETERMOEN II, NO","21",",E","15",",E","0",",E","0",",","19590731","+,,E","19590728",",,E","0",",,E,31,+","19.0",",,E,28,","127.8",",,,E"
"NOE00111300","1959-08","68.8606","18.3375","114.0","SAETERMOEN II, NO","19",",E","12",",E","0",",E","0",",","19590831","+,,E","19590822",",,E","0",",,E,31,+","17.7",",,E,22,","91.9",",,,E"
"NOE00111300","1959-09","68.8606","18.3375","114.0","SAETERMOEN II, NO","24",",E","16",",E","0",",E","0",",","19590930","+,,E","19590930",",,E","0",",,E,30,+","18.5",",,E,30,","149.1",",,,E"
"NOE00111300","1959-10","68.8606","18.3375","114.0","SAETERMOEN II, NO","12",",E","8",",E","2",",E","0",",","19591031","+,,E","19591005",",,E","0",",,E,31,+","83.7",",,E,05,","177.2",",,,E"
"NOE00111300","1959-11","68.8606","18.3375","114.0","SAETERMOEN II, NO","8",",E","2",",E","0",",E","5",",","19591106",",,E","19591104",",,E","130",",,E,06,","9.8",",,E,04,","23.6",",,,E"
"NOE00111300","1959-12","68.8606","18.3375","114.0","SAETERMOEN II, NO","6",",E","2",",E","0",",E","20",",","19591213",",,E","19591211",",,E","150",",,E,13,","9.6",",,E,11,","16.4",",,,E"
"NOE00111300","1960-01","68.8606","18.3375","114.0","SAETERMOEN II, NO","14",",E","9",",E","0",",E","23",",","19600121",",,E","19600102",",,E","840",",,E,21,","16.2",",,E,02,","96.5",",,,E"
"NOE00111300","1960-02","68.8606","18.3375","114.0","SAETERMOEN II, NO","6",",E","4",",E","0",",E","29",",","19600213","+,,E","19600208",",,E","450",",,E,13,+","14.3",",,E,08,","38.7",",,,E"
"NOE00111300","1960-03","68.8606","18.3375","114.0","SAETERMOEN II, NO","10",",E","5",",E","0",",E","31",",","19600305",",,E","19600320",",,E","360",",,E,05,","6.5",",,E,20,","29.3",",,,E"
"NOE00111300","1960-04","68.8606","18.3375","114.0","SAETERMOEN II, NO","9",",E","2",",E","0",",E","6",",","19600403",",,E","19600414",",,E","60",",,E,03,","11.7",",,E,14,","25.6",",,,E"
"NOE00111300","1960-05","68.8606","18.3375","114.0","SAETERMOEN II, NO","13",",E","8",",E","0",",E","2",",","19600521",",,E","19600518",",,E","50",",,E,21,","9.9",",,E,18,","43.9",",,,E"
"NOE00111300","1960-06","68.8606","18.3375","114.0","SAETERMOEN II, NO","22",",E","10",",E","0",",E","0",",","19600630","+,,E","19600601",",,E","0",",,E,30,+","11.1",",,E,01,","86.8",",,,E"
"NOE00111300","1960-07","68.8606","18.3375","114.0","SAETERMOEN II, NO","13",",E","8",",E","0",",E","0",",","19600731","+,,E","19600719",",,E","0",",,E,31,+","9.5",",,E,19,","57.9",",,,E"
"NOE00111300","1960-08","68.8606","18.3375","114.0","SAETERMOEN II, NO","14",",E","9",",E","0",",E","0",",","19600831","+,,E","19600827",",,E","0",",,E,31,+","11.1",",,E,27,","59.8",",,,E"
"NOE00111300","1960-09","68.8606","18.3375","114.0","SAETERMOEN II, NO","13",",E","7",",E","0",",E","0",",","19600930","+,,E","19600924",",,E","0",",,E,30,+","8.9",",,E,24,","38.5",",,,E"
"NOE00111300","1960-10","68.8606","18.3375","114.0","SAETERMOEN II, NO","17",",E","10",",E","0",",E","15",",","19601031","+,,E","19601028",",,E","300",",,E,31,+","15.8",",,E,28,","77.4",",,,E"
"NOE00111300","1960-11","68.8606","18.3375","114.0","SAETERMOEN II, NO","2",",E","1",",E","0",",E","30",",","19601101",",,E","19601105",",,E","340",",,E,01,","2.6",",,E,05,","3.7",",,,E"
"NOE00111300","1960-12","68.8606","18.3375","114.0","SAETERMOEN II, NO","14",",E","6",",E","0",",E","31",",","19601226",",,E","19601225",",,E","490",",,E,26,","15.9",",,E,25,","50.4",",,,E"
"NOE00111300","1961-01","68.8606","18.3375","114.0","SAETERMOEN II, NO","13",",E","5",",E","0",",E","31",",","19610118","+,,E","19610115",",,E","480",",,E,18,+","7.2",",,E,15,","30.3",",,,E"
"NOE00111300","1961-02","68.8606","18.3375","114.0","SAETERMOEN II, NO","14",",E","8",",E","1",",E","28",",","19610222",",,E","19610222",",,E","510",",,E,22,","53.8",",,E,22,","114.4",",,,E"
"NOE00111300","1961-03","68.8606","18.3375","114.0","SAETERMOEN II, NO","21",",E","16",",E","0",",E","31",",","19610325",",,E","19610310",",,E","940",",,E,25,","10.0",",,E,10,","93.1",",,,E"
"NOE00111300","1961-04","68.8606","18.3375","114.0","SAETERMOEN II, NO","10",",E","4",",E","0",",E","30",",","19610410",",,E","19610426",",,E","900",",,E,10,","11.1",",,E,26,","34.6",",,,E"
"NOE00111300","1961-05","68.8606","18.3375","114.0","SAETERMOEN II, NO","10",",E","2",",E","0",",E","14",",","19610501",",,E","19610517",",,E","700",",,E,01,","7.0",",,E,17,","19.5",",,,E"
"NOE00111300","1961-06","68.8606","18.3375","114.0","SAETERMOEN II, NO","22",",E","14",",E","1",",E","0",",","19610630","+,,E","19610613",",,E","0",",,E,30,+","29.0",",,E,13,","157.8",",,,E"
"NOE00111300","1961-07","68.8606","18.3375","114.0","SAETERMOEN II, NO","15",",E","11",",E","0",",E","0",",","19610731","+,,E","19610725",",,E","0",",,E,31,+","14.3",",,E,25,","66.9",",,,E"
"NOE00111300","1961-08","68.8606","18.3375","114.0","SAETERMOEN II, NO","15",",E","7",",E","0",",E","0",",","19610831","+,,E","19610813",",,E","0",",,E,31,+","18.5",",,E,13,","62.9",",,,E"
"NOE00111300","1961-09","68.8606","18.3375","114.0","SAETERMOEN II, NO","19",",E","13",",E","1",",E","0",",","19610930","+,,E","19610902",",,E","0",",,E,30,+","34.1",",,E,02,","155.3",",,,E"
"NOE00111300","1961-10","68.8606","18.3375","114.0","SAETERMOEN II, NO","10",",E","5",",E","0",",E","0",",","19611031","+,,E","19611012",",,E","0",",,E,31,+","18.9",",,E,12,","44.8",",,,E"
"NOE00111300","1961-11","68.8606","18.3375","114.0","SAETERMOEN II, NO","11",",E","8",",E","0",",E","13",",","19611129","+,,E","19611121",",,E","280",",,E,29,+","24.9",",,E,21,","96.0",",,,E"
"NOE00111300","1961-12","68.8606","18.3375","114.0","SAETERMOEN II, NO","14",",E","10",",E","0",",E","31",",","19611231","+,,E","19611216",",,E","390",",,E,31,+","17.5",",,E,16,","78.1",",,,E"
"NOE00111300","1962-01","68.8606","18.3375","114.0","SAETERMOEN II, NO","12",",E","4",",E","0",",E","31",",","19620105",",,E","19620103",",,E","670",",,E,05,","16.0",",,E,03,","42.1",",,,E"
"NOE00111300","1962-02","68.8606","18.3375","114.0","SAETERMOEN II, NO","15",",E","8",",E","0",",E","28",",","19620213",",,E","19620208",",,E","680",",,E,13,","7.5",",,E,08,","50.7",",,,E"
"NOE00111300","1962-03","68.8606","18.3375","114.0","SAETERMOEN II, NO","15",",E","8",",E","0",",E","31",",","19620327",",,E","19620303",",,E","890",",,E,27,","12.0",",,E,03,","56.5",",,,E"
"NOE00111300","1962-04","68.8606","18.3375","114.0","SAETERMOEN II, NO","13",",E","5",",E","0",",E","30",",","19620401",",,E","19620415",",,E","720",",,E,01,","20.0",",,E,15,","57.2",",,,E"
"NOE00111300","1962-05","68.8606","18.3375","114.0","SAETERMOEN II, NO","10",",E","3",",E","0",",E","8",",","19620502",",,E","19620526",",,E","220",",,E,02,","6.3",",,E,26,","19.4",",,,E"
"NOE00111300","1962-06","68.8606","18.3375","114.0","SAETERMOEN II, NO","14",",E","7",",E","0",",E","0",",","19620630","+,,E","19620623",",,E","0",",,E,30,+","15.8",",,E,23,","54.8",",,,E"
"NOE00111300","1962-07","68.8606","18.3375","114.0","SAETERMOEN II, NO","11",",E","5",",E","0",",E","0",",","19620731","+,,E","19620718",",,E","0",",,E,31,+","7.5",",,E,18,","30.3",",,,E"
"NOE00111300","1962-08","68.8606","18.3375","114.0","SAETERMOEN II, NO","9",",E","5",",E","0",",E","0",",","19620831","+,,E","19620813",",,E","0",",,E,31,+","6.4",",,E,13,","31.2",",,,E"
"NOE00111300","1962-09","68.8606","18.3375","114.0","SAETERMOEN II, NO","14",",E","8",",E","0",",E","0",",","19620930","+,,E","19620913",",,E","0",",,E,30,+","21.9",",,E,13,","97.1",",,,E"
"NOE00111300","1962-10","68.8606","18.3375","114.0","SAETERMOEN II, NO","29",",E","20",",E","1",",E","21",",","19621030",",,E","19621009",",,E","340",",,E,30,","27.0",",,E,09,","227.1",",,,E"
"NOE00111300","1962-11","68.8606","18.3375","114.0","SAETERMOEN II, NO","14",",E","10",",E","0",",E","30",",","19621130",",,E","19621126",",,E","670",",,E,30,","14.0",",,E,26,","83.5",",,,E"
"NOE00111300","1962-12","68.8606","18.3375","114.0","SAETERMOEN II, NO","14",",E","11",",E","0",",E","31",",","19621212","+,,E","19621201",",,E","830",",,E,12,+","17.1",",,E,01,","90.8",",,,E"
"NOE00111300","1963-01","68.8606","18.3375","114.0","SAETERMOEN II, NO","20",",E","17",",E","0",",E","31",",","19630124",",,E","19630127",",,E","1200",",,E,24,","11.5",",,E,27,","116.4",",,,E"
"NOE00111300","1963-02","68.8606","18.3375","114.0","SAETERMOEN II, NO","18",",E","11",",E","0",",E","28",",","19630223",",,E","19630214",",,E","1460",",,E,23,","13.8",",,E,14,","73.3",",,,E"
"NOE00111300","1963-03","68.8606","18.3375","114.0","SAETERMOEN II, NO","14",",E","8",",E","0",",E","31",",","19630314",",,E","19630304",",,E","1370",",,E,14,","15.0",",,E,04,","54.9",",,,E"
"NOE00111300","1963-04","68.8606","18.3375","114.0","SAETERMOEN II, NO","14",",E","6",",E","0",",E","30",",","19630410","+,,E","19630406",",,E","1160",",,E,10,+","18.3",",,E,06,","52.2",",,,E"
"NOE00111300","1963-05","68.8606","18.3375","114.0","SAETERMOEN II, NO","8",",E","5",",E","0",",E","9",",","19630501",",,E","19630515",",,E","570",",,E,01,","8.0",",,E,15,","28.4",",,,E"
"NOE00111300","1963-06","68.8606","18.3375","114.0","SAETERMOEN II, NO","11",",E","3",",E","0",",E","0",",","19630630","+,,E","19630612",",,E","0",",,E,30,+","11.4",",,E,12,","26.0",",,,E"
"NOE00111300","1963-07","68.8606","18.3375","114.0","SAETERMOEN II, NO","15",",E","12",",E","0",",E","0",",","19630731","+,,E","19630721",",,E","0",",,E,31,+","20.5",",,E,21,","84.4",",,,E"
"NOE00111300","1963-08","68.8606","18.3375","114.0","SAETERMOEN II, NO","11",",E","5",",E","0",",E","0",",","19630831","+,,E","19630803",",,E","0",",,E,31,+","8.3",",,E,03,","34.5",",,,E"
"NOE00111300","1963-09","68.8606","18.3375","114.0","SAETERMOEN II, NO","19",",E","9",",E","0",",E","0",",","19630930","+,,E","19630918",",,E","0",",,E,30,+","19.5",",,E,18,","100.2",",,,E"
"NOE00111300","1963-10","68.8606","18.3375","114.0","SAETERMOEN II, NO","18",",E","9",",E","1",",E","5",",","19631031","+,,E","19631023",",,E","250",",,E,31,+","31.3",",,E,23,","121.1",",,,E"
"NOE00111300","1963-11","68.8606","18.3375","114.0","SAETERMOEN II, NO","7",",E","3",",E","0",",E","28",",","19631106","+,,E","19631104",",,E","240",",,E,06,+","12.0",",,E,04,","24.4",",,,E"
"NOE00111300","1963-12","68.8606","18.3375","114.0","SAETERMOEN II, NO","22",",E","14",",E","0",",E","26",",","19631223",",,E","19631223",",,E","380",",,E,23,","9.1",",,E,23,","88.4",",,,E"
"NOE00111300","1964-01","68.8606","18.3375","114.0","SAETERMOEN II, NO","26",",E","19",",E","2",",E","31",",","19640123",",,E","19640108",",,E","390",",,E,23,","43.2",",,E,08,","239.6",",,,E"
"NOE00111300","1964-02","68.8606","18.3375","114.0","SAETERMOEN II, NO","17",",E","8",",E","0",",E","29",",","19640224",",,E","19640220","+,,E","800",",,E,24,","6.6",",,E,20,+","53.4",",,,E"
"NOE00111300","1964-03","68.8606","18.3375","114.0","SAETERMOEN II, NO","7",",E","4",",E","0",",E","31",",","19640301",",,E","19640307",",,E","630",",,E,01,","8.8",",,E,07,","29.7",",,,E"
"NOE00111300","1964-04","68.8606","18.3375","114.0","SAETERMOEN II, NO","10",",E","5",",E","0",",E","30",",","19640405","+,,E","19640424",",,E","550",",,E,05,+","9.5",",,E,24,","31.9",",,,E"
"NOE00111300","1964-05","68.8606","18.3375","114.0","SAETERMOEN II, NO","13",",E","6",",E","0",",E","5",",","19640501",",,E","19640527",",,E","280",",,E,01,","9.0",",,E,27,","44.9",",,,E"
"NOE00111300","1964-06","68.8606","18.3375","114.0","SAETERMOEN II, NO","18",",E","9",",E","0",",E","0",",","19640630","+,,E","19640617",",,E","0",",,E,30,+","22.7",",,E,17,","63.8",",,,E"
"NOE00111300","1964-07","68.8606","18.3375","114.0","SAETERMOEN II, NO","17",",E","11",",E","0",",E","0",",","19640731","+,,E","19640725",",,E","0",",,E,31,+","24.0",",,E,25,","79.0",",,,E"
"NOE00111300","1964-08","68.8606","18.3375","114.0","SAETERMOEN II, NO","17",",E","13",",E","0",",E","0",",","19640831","+,,E","19640803",",,E","0",",,E,31,+","8.3",",,E,03,","59.9",",,,E"
"NOE00111300","1964-09","68.8606","18.3375","114.0","SAETERMOEN II, NO","19",",E","10",",E","0",",E","0",",","19640930","+,,E","19640902",",,E","0",",,E,30,+","19.8",",,E,02,","69.0",",,,E"
"NOE00111300","1964-10","68.8606","18.3375","114.0","SAETERMOEN II, NO","16",",E","14",",E","2",",E","3",",","19641026",",,E","19641003",",,E","100",",,E,26,","46.5",",,E,03,","185.3",",,,E"
"NOE00111300","1964-11","68.8606","18.3375","114.0","SAETERMOEN II, NO","15",",E","11",",E","2",",E","28",",","19641112",",,E","19641103",",,E","510",",,E,12,","29.3",",,E,03,","132.5",",,,E"
"NOE00111300","1964-12","68.8606","18.3375","114.0","SAETERMOEN II, NO","15",",E","9",",E","0",",E","31",",","19641228",",,E","19641226",",,E","910",",,E,28,","20.8",",,E,26,","99.7",",,,E"
"NOE00111300","1965-01","68.8606","18.3375","114.0","SAETERMOEN II, NO","15",",E","11",",E","0",",E","31",",","19650104",",,E","19650102",",,E","980",",,E,04,","11.6",",,E,02,","66.9",",,,E"
"NOE00111300","1965-02","68.8606","18.3375","114.0","SAETERMOEN II, NO","21",",E","17",",E","0",",E","28",",","19650212",",,E","19650220",",,E","1410",",,E,12,","15.6",",,E,20,","123.9",",,,E"
"NOE00111300","1965-03","68.8606","18.3375","114.0","SAETERMOEN II, NO","19",",E","11",",E","0",",E","31",",","19650328",",,E","19650311",",,E","1500",",,E,28,","8.1",",,E,11,","58.4",",,,E"
"NOE00111300","1965-04","68.8606","18.3375","114.0","SAETERMOEN II, NO","8",",E","4",",E","0",",E","30",",","19650403","+,,E","19650402",",,E","1650",",,E,03,+","6.3",",,E,02,","26.8",",,,E"
"NOE00111300","1965-05","68.8606","18.3375","114.0","SAETERMOEN II, NO","7",",E","3",",E","0",",E","22",",","19650502","+,,E","19650525",",,E","800",",,E,02,+","7.0",",,E,25,","18.8",",,,E"
"NOE00111300","1965-06","68.8606","18.3375","114.0","SAETERMOEN II, NO","10",",E","4",",E","0",",E","0",",","19650630","+,,E","19650630",",,E","0",",,E,30,+","12.9",",,E,30,","31.4",",,,E"
"NOE00111300","1965-07","68.8606","18.3375","114.0","SAETERMOEN II, NO","12",",E","9",",E","0",",E","0",",","19650731","+,,E","19650703",",,E","0",",,E,31,+","19.3",",,E,03,","84.5",",,,E"
"NOE00111300","1965-08","68.8606","18.3375","114.0","SAETERMOEN II, NO","11",",E","6",",E","0",",E","0",",","19650831","+,,E","19650807",",,E","0",",,E,31,+","12.2",",,E,07,","45.2",",,,E"
"NOE00111300","1965-09","68.8606","18.3375","114.0","SAETERMOEN II, NO","14",",E","6",",E","0",",E","0",",","19650930","+,,E","19650917",",,E","0",",,E,30,+","14.4",",,E,17,","45.5",",,,E"
"NOE00111300","1965-10","68.8606","18.3375","114.0","SAETERMOEN II, NO","21",",E","16",",E","0",",E","8",",","19651012",",,E","19651012",",,E","190",",,E,12,","20.4",",,E,12,","114.0",",,,E"
"NOE00111300","1965-11","68.8606","18.3375","114.0","SAETERMOEN II, NO","9",",E","6",",E","0",",E","25",",","19651107",",,E","19651106",",,E","380",",,E,07,","20.1",",,E,06,","60.3",",,,E"
"NOE00111300","1965-12","68.8606","18.3375","114.0","SAETERMOEN II, NO","5",",E","4",",E","0",",E","31",",","19651229",",,E","19651228","+,,E","420",",,E,29,","4.4",",,E,28,+","16.6",",,,E"
"NOE00111300","1966-01","68.8606","18.3375","114.0","SAETERMOEN II, NO","12",",E","9",",E","0",",E","31",",","19660121",",,E","19660117",",,E","690",",,E,21,","12.5",",,E,17,","64.8",",,,E"
"NOE00111300","1966-02","68.8606","18.3375","114.0","SAETERMOEN II, NO","7",",E","4",",E","0",",E","28",",","19660220",",,E","19660208",",,E","750",",,E,20,","5.9",",,E,08,","18.5",",,,E"
"NOE00111300","1966-03","68.8606","18.3375","114.0","SAETERMOEN II, NO","12",",E","3",",E","0",",E","31",",","19660320",",,E","19660319",",,E","950",",,E,20,","22.2",",,E,19,","40.3",",,,E"
"NOE00111300","1966-04","68.8606","18.3375","114.0","SAETERMOEN II, NO","7",",E","4",",E","0",",E","30",",","19660423","+,,E","19660430",",,E","800",",,E,23,+","15.1",",,E,30,","35.2",",,,E"
"NOE00111300","1966-05","68.8606","18.3375","114.0","SAETERMOEN II, NO","15",",E","4",",E","0",",E","13",",","19660501",",,E","19660501",",,E","300",",,E,01,","3.2",",,E,01,","25.0",",,,E"
"NOE00111300","1966-06","68.8606","18.3375","114.0","SAETERMOEN II, NO","11",",E","3",",E","0",",E","0",",","19660630","+,,E","19660611",",,E","0",",,E,30,+","7.2",",,E,11,","28.0",",,,E"
"NOE00111300","1966-07","68.8606","18.3375","114.0","SAETERMOEN II, NO","19",",E","10",",E","0",",E","0",",","19660731","+,,E","19660721",",,E","0",",,E,31,+","14.1",",,E,21,","82.1",",,,E"
"NOE00111300","1966-08","68.8606","18.3375","114.0","SAETERMOEN II, NO","22",",E","14",",E","0",",E","0",",","19660831","+,,E","19660817",",,E","0",",,E,31,+","15.6",",,E,17,","106.5",",,,E"
"NOE00111300","1966-09","68.8606","18.3375","114.0","SAETERMOEN II, NO","19",",E","10",",E","0",",E","10",",","19660927",",,E","19660921",",,E","160",",,E,27,","18.4",",,E,21,","87.9",",,,E"
"NOE00111300","1966-10","68.8606","18.3375","114.0","SAETERMOEN II, NO","19",",E","8",",E","0",",E","31",",","19661028","+,,E","19661004",",,E","200",",,E,28,+","11.4",",,E,04,","63.8",",,,E"
"NOE00111300","1966-11","68.8606","18.3375","114.0","SAETERMOEN II, NO","14",",E","4",",E","0",",E","30",",","19661102",",,E","19661101",",,E","320",",,E,02,","11.2",",,E,01,","33.3",",,,E"
"NOE00111300","1966-12","68.8606","18.3375","114.0","SAETERMOEN II, NO","1",",E","1",",E","0",",E","20",",","19661222",",,E","19661221",",,E","180",",,E,22,","11.4",",,E,21,","11.4",",,,E"
"NOE00111300","1967-01","68.8606","18.3375","114.0","SAETERMOEN II, NO","16",",E","8",",E","0",",E","24",",","19670126",",,E","19670115",",,E","410",",,E,26,","21.4",",,E,15,","81.6",",,,E"
"NOE00111300","1967-02","68.8606","18.3375","114.0","SAETERMOEN II, NO","11",",E","7",",E","0",",E","28",",","19670208",",,E","19670207",",,E","600",",,E,08,","11.4",",,E,07,","44.0",",,,E"
"NOE00111300","1967-03","68.8606","18.3375","114.0","SAETERMOEN II, NO","16",",E","12",",E","0",",E","31",",","19670328","+,,E","19670322",",,E","580",",,E,28,+","6.8",",,E,22,","55.2",",,,E"
"NOE00111300","1967-04","68.8606","18.3375","114.0","SAETERMOEN II, NO","10",",E","5",",E","0",",E","30",",","19670403","+,,E","19670418",",,E","500",",,E,03,+","9.0",",,E,18,","30.3",",,,E"
"NOE00111300","1967-05","68.8606","18.3375","114.0","SAETERMOEN II, NO","4",",E","0",",E","0",",E","7",",","19670501",",,E","19670510",",,E","110",",,E,01,","1.5",",,E,10,","3.3",",,,E"
"NOE00111300","1967-06","68.8606","18.3375","114.0","SAETERMOEN II, NO","20",",E","11",",E","0",",E","0",",","19670630","+,,E","19670617",",,E","0",",,E,30,+","16.8",",,E,17,","92.9",",,,E"
"NOE00111300","1967-07","68.8606","18.3375","114.0","SAETERMOEN II, NO","24",",E","12",",E","0",",E","0",",","19670731","+,,E","19670720",",,E","0",",,E,31,+","21.0",",,E,20,","100.2",",,,E"
"NOE00111300","1967-08","68.8606","18.3375","114.0","SAETERMOEN II, NO","13",",E","7",",E","0",",E","0",",","19670831","+,,E","19670807",",,E","0",",,E,31,+","21.6",",,E,07,","60.8",",,,E"
"NOE00111300","1967-09","68.8606","18.3375","114.0","SAETERMOEN II, NO","19",",E","9",",E","0",",E","0",",","19670930","+,,E","19670928",",,E","0",",,E,30,+","14.6",",,E,28,","88.4",",,,E"
"NOE00111300","1967-10","68.8606","18.3375","114.0","SAETERMOEN II, NO","17",",E","5",",E","0",",E","14",",","19671019",",,E","19671005",",,E","100",",,E,19,","10.9",",,E,05,","49.3",",,,E"
"NOE00111300","1967-11","68.8606","18.3375","114.0","SAETERMOEN II, NO","16",",E","7",",E","0",",E","13",",","19671118",",,E","19671121",",,E","150",",,E,18,","9.6",",,E,21,","43.5",",,,E"
"NOE00111300","1967-12","68.8606","18.3375","114.0","SAETERMOEN II, NO","12",",E","8",",E","0",",E","30",",","19671227",",,E","19671217",",,E","560",",,E,27,","16.6",",,E,17,","67.9",",,,E"
"NOE00111300","1968-01","68.8606","18.3375","114.0","SAETERMOEN II, NO","10",",E","6",",E","0",",E","31",",","19680123",",,E","19680121",",,E","650",",,E,23,","9.9",",,E,21,","33.2",",,,E"
"NOE00111300","1968-02","68.8606","18.3375","114.0","SAETERMOEN II, NO","18",",E","14",",E","0",",E","29",",","19680227",",,E","19680227",",,E","1100",",,E,27,","14.9",",,E,27,","116.8",",,,E"
"NOE00111300","1968-03","68.8606","18.3375","114.0","SAETERMOEN II, NO","21",",E","11",",E","0",",E","31",",","19680319","+,,E","19680307",",,E","1150",",,E,19,+","9.9",",,E,07,","68.9",",,,E"
"NOE00111300","1968-04","68.8606","18.3375","114.0","SAETERMOEN II, NO","19",",E","13",",E","0",",E","30",",","19680409",",,E","19680408",",,E","1250",",,E,09,","14.0",",,E,08,","97.2",",,,E"
"NOE00111300","1968-05","68.8606","18.3375","114.0","SAETERMOEN II, NO","8",",E","3",",E","0",",E","27",",","19680502","+,,E","19680529",",,E","750",",,E,02,+","12.2",",,E,29,","30.1",",,,E"
"NOE00111300","1968-06","68.8606","18.3375","114.0","SAETERMOEN II, NO","23",",E","13",",E","0",",E","0",",","19680630","+,,E","19680613",",,E","0",",,E,30,+","21.8",",,E,13,","105.2",",,,E"
"NOE00111300","1968-07","68.8606","18.3375","114.0","SAETERMOEN II, NO","21",",E","15",",E","1",",E","0",",","19680731","+,,E","19680728",",,E","0",",,E,31,+","34.1",",,E,28,","127.5",",,,E"
"NOE00111300","1968-08","68.8606","18.3375","114.0","SAETERMOEN II, NO","20",",E","11",",E","0",",E","0",",","19680831","+,,E","19680817",",,E","0",",,E,31,+","20.7",",,E,17,","97.6",",,,E"
"NOE00111300","1968-09","68.8606","18.3375","114.0","SAETERMOEN II, NO","8",",E","4",",E","0",",E","1",",","19680918",",,E","19680907",",,E","30",",,E,18,","3.7",",,E,07,","16.9",",,,E"
"NOE00111300","1968-10","68.8606","18.3375","114.0","SAETERMOEN II, NO","14",",E","5",",E","0",",E","24",",","19681026",",,E","19681024",",,E","400",",,E,26,","10.6",",,E,24,","45.3",",,,E"
"NOE00111300","1968-11","68.8606","18.3375","114.0","SAETERMOEN II, NO","16",",E","6",",E","0",",E","30",",","19681107","+,,E","19681108",",,E","300",",,E,07,+","18.7",",,E,08,","75.7",",,,E"
"NOE00111300","1968-12","68.8606","18.3375","114.0","SAETERMOEN II, NO","16",",E","11",",E","0",",E","12",",","19681231",",,E","19681211",",,E","90",",,E,31,","9.0",",,E,11,","63.9",",,,E"
"NOE00111300","1969-01","68.8606","18.3375","114.0","SAETERMOEN II, NO","9",",E","3",",E","0",",E","31",",","19690112","+,,E","19690110",",,E","240",",,E,12,+","4.9",",,E,10,","17.1",",,,E"
"NOE00111300","1969-02","68.8606","18.3375","114.0","SAETERMOEN II, NO","8",",E","4",",E","0",",E","28",",","19690224",",,E","19690223",",,E","270",",,E,24,","5.7",",,E,23,","19.6",",,,E"
"NOE00111300","1969-03","68.8606","18.3375","114.0","SAETERMOEN II, NO","15",",E","6",",E","0",",E","31",",","19690314",",,E","19690313",",,E","430",",,E,14,","7.7",",,E,13,","42.6",",,,E"
"NOE00111300","1969-04","68.8606","18.3375","114.0","SAETERMOEN II, NO","9",",E","4",",E","0",",E","30",",","19690405",",,E","19690404",",,E","490",",,E,05,","9.8",",,E,04,","37.3",",,,E"
"NOE00111300","1969-05","68.8606","18.3375","114.0","SAETERMOEN II, NO","6",",E","1",",E","0",",E","1",",","19690501",",,E","19690528",",,E","30",",,E,01,","5.6",",,E,28,","9.4",",,,E"
"NOE00111300","1969-06","68.8606","18.3375","114.0","SAETERMOEN II, NO","12",",E","6",",E","0",",E","0",",","19690630","+,,E","19690611",",,E","0",",,E,30,+","10.4",",,E,11,","42.9",",,,E"
"NOE00111300","1969-07","68.8606","18.3375","114.0","SAETERMOEN II, NO","19",",E","10",",E","0",",E","0",",","19690731","+,,E","19690712",",,E","0",",,E,31,+","14.4",",,E,12,","70.6",",,,E"
"NOE00111300","1969-08","68.8606","18.3375","114.0","SAETERMOEN II, NO","12",",E","10",",E","0",",E","0",",","19690831","+,,E","19690820",",,E","0",",,E,31,+","11.4",",,E,20,","63.7",",,,E"
"NOE00111300","1969-09","68.8606","18.3375","114.0","SAETERMOEN II, NO","19",",E","8",",E","0",",E","0",",","19690930","+,,E","19690906",",,E","0",",,E,30,+","17.2",",,E,06,","89.0",",,,E"
"NOE00111300","1969-10","68.8606","18.3375","114.0","SAETERMOEN II, NO","18",",E","16",",E","0",",E","13",",","19691013",",,E","19691011",",,E","190",",,E,13,","23.3",",,E,11,","171.8",",,,E"
"NOE00111300","1969-11","68.8606","18.3375","114.0","SAETERMOEN II, NO","13",",E","8",",E","0",",E","30",",","19691123",",,E","19691122",",,E","660",",,E,23,","20.1",",,E,22,","73.5",",,,E"
"NOE00111300","1969-12","68.8606","18.3375","114.0","SAETERMOEN II, NO","16",",E","10",",E","0",",E","31",",","19691209",",,E","19691208",",,E","600",",,E,09,","11.6",",,E,08,","48.4",",,,E"
"NOE00111300","1970-01","68.8606","18.3375","114.0","SAETERMOEN II, NO","10",",E","5",",E","0",",E","31",",","19700110","+,,E","19700131",",,E","750",",,E,10,+","17.5",",,E,31,","51.0",",,,E"
"NOE00111300","1970-02","68.8606","18.3375","114.0","SAETERMOEN II, NO","11",",E","9",",E","1",",E","28",",","19700219",",,E","19700218",",,E","1360",",,E,19,","30.4",",,E,18,","85.3",",,,E"
"NOE00111300","1970-03","68.8606","18.3375","114.0","SAETERMOEN II, NO","4",",E","2",",E","0",",E","31",",","19700316",",,E","19700315",",,E","1150",",,E,16,","5.7",",,E,15,","9.9",",,,E"
"NOE00111300","1970-04","68.8606","18.3375","114.0","SAETERMOEN II, NO","6",",E","2",",E","0",",E","30",",","19700404","+,,E","19700430",",,E","910",",,E,04,+","5.1",",,E,30,","14.9",",,,E"
"NOE00111300","1970-05","68.8606","18.3375","114.0","SAETERMOEN II, NO","7",",E","4",",E","0",",E","11",",","19700501",",,E","19700526",",,E","750",",,E,01,","4.3",",,E,26,","18.0",",,,E"
"NOE00111300","1970-06","68.8606","18.3375","114.0","SAETERMOEN II, NO","14",",E","5",",E","0",",E","0",",","19700630","+,,E","19700611",",,E","0",",,E,30,+","19.8",",,E,11,","51.5",",,,E"
"NOE00111300","1970-07","68.8606","18.3375","114.0","SAETERMOEN II, NO","17",",E","7",",E","0",",E","0",",","19700731","+,,E","19700722",",,E","0",",,E,31,+","19.2",",,E,22,","57.5",",,,E"
"NOE00111300","1970-08","68.8606","18.3375","114.0","SAETERMOEN II, NO","17",",E","6",",E","0",",E","0",",","19700831","+,,E","19700806",",,E","0",",,E,31,+","14.5",",,E,06,","54.1",",,,E"
"NOE00111300","1970-09","68.8606","18.3375","114.0","SAETERMOEN II, NO","15",",E","6",",E","0",",E","0",",","19700930","+,,E","19700902",",,E","0",",,E,30,+","16.7",",,E,02,","41.9",",,,E"
"NOE00111300","1970-10","68.8606","18.3375","114.0","SAETERMOEN II, NO","14",",E","10",",E","0",",E","4",",","19701029","+,,E","19701010",",,E","100",",,E,29,+","18.9",",,E,10,","78.2",",,,E"
"NOE00111300","1970-11","68.8606","18.3375","114.0","SAETERMOEN II, NO","11",",E","9",",E","0",",E","30",",","19701130","+,,E","19701127",",,E","350",",,E,30,+","14.7",",,E,27,","73.1",",,,E"
"NOE00111300","1970-12","68.8606","18.3375","114.0","SAETERMOEN II, NO","22",",E","9",",E","1",",E","31",",","19701215",",,E","19701210",",,E","500",",,E,15,","28.2",",,E,10,","104.8",",,,E"
"NOE00111300","1971-01","68.8606","18.3375","114.0","SAETERMOEN II, NO","18",",E","13",",E","1",",E","31",",","19710107",",,E","19710110",",,E","1100",",,E,07,","25.4",",,E,10,","133.0",",,,E"
"NOE00111300","1971-02","68.8606","18.3375","114.0","SAETERMOEN II, NO","9",",E","6",",E","0",",E","28",",","19710207",",,E","19710204",",,E","1080",",,E,07,","13.8",",,E,04,","48.5",",,,E"
"NOE00111300","1971-03","68.8606","18.3375","114.0","SAETERMOEN II, NO","12",",E","6",",E","0",",E","31",",","19710312",",,E","19710310",",,E","1360",",,E,12,","11.5",",,E,10,","51.3",",,,E"
"NOE00111300","1971-04","68.8606","18.3375","114.0","SAETERMOEN II, NO","8",",E","5",",E","0",",E","30",",","19710414",",,E","19710411",",,E","1250",",,E,14,","13.9",",,E,11,","37.3",",,,E"
"NOE00111300","1971-05","68.8606","18.3375","114.0","SAETERMOEN II, NO","10",",E","8",",E","0",",E","27",",","19710502",",,E","19710506",",,E","1050",",,E,02,","12.3",",,E,06,","52.7",",,,E"
"NOE00111300","1971-06","68.8606","18.3375","114.0","SAETERMOEN II, NO","6",",E","3",",E","0",",E","0",",","19710630","+,,E","19710606",",,E","0",",,E,30,+","3.2",",,E,06,","10.7",",,,E"
"NOE00111300","1971-07","68.8606","18.3375","114.0","SAETERMOEN II, NO","18",",E","10",",E","0",",E","0",",","19710731","+,,E","19710712",",,E","0",",,E,31,+","9.7",",,E,12,","70.0",",,,E"
"NOE00111300","1971-08","68.8606","18.3375","114.0","SAETERMOEN II, NO","20",",E","13",",E","1",",E","0",",","19710831","+,,E","19710807",",,E","0",",,E,31,+","32.5",",,E,07,","174.4",",,,E"
"NOE00111300","1971-09","68.8606","18.3375","114.0","SAETERMOEN II, NO","21",",E","8",",E","0",",E","0",",","19710930","+,,E","19710927",",,E","0",",,E,30,+","8.6",",,E,27,","61.9",",,,E"
"NOE00111300","1971-10","68.8606","18.3375","114.0","SAETERMOEN II, NO","19",",E","13",",E","3",",E","12",",","19711015",",,E","19711027",",,E","180",",,E,15,","34.5",",,E,27,","178.9",",,,E"
"NOE00111300","1971-11","68.8606","18.3375","114.0","SAETERMOEN II, NO","22",",E","12",",E","0",",E","25",",","19711128",",,E","19711121",",,E","470",",,E,28,","11.7",",,E,21,","76.3",",,,E"
"NOE00111300","1971-12","68.8606","18.3375","114.0","SAETERMOEN II, NO","20",",E","12",",E","1",",E","31",",","19711228",",,E","19711230",",,E","650",",,E,28,","31.5",",,E,30,","130.8",",,,E"
"NOE00111300","1972-01","68.8606","18.3375","114.0","SAETERMOEN II, NO","7",",E","1",",E","0",",E","31",",","19720102",",,E","19720103",",,E","320",",,E,02,","6.5",",,E,03,","9.8",",,,E"
"NOE00111300","1972-02","68.8606","18.3375","114.0","SAETERMOEN II, NO","10",",E","6",",E","0",",E","29",",","19720219",",,E","19720218",",,E","410",",,E,19,","21.1",",,E,18,","45.9",",,,E"
"NOE00111300","1972-03","68.8606","18.3375","114.0","SAETERMOEN II, NO","15",",E","10",",E","0",",E","31",",","19720315",",,E","19720311",",,E","800",",,E,15,","12.6",",,E,11,","76.1",",,,E"
"NOE00111300","1972-04","68.8606","18.3375","114.0","SAETERMOEN II, NO","11",",E","3",",E","0",",E","30",",","19720402","+,,E","19720420",",,E","420",",,E,02,+","9.3",",,E,20,","27.1",",,,E"
"NOE00111300","1972-05","68.8606","18.3375","114.0","SAETERMOEN II, NO","4",",E","1",",E","0",",E","11",",","19720502","+,,E","19720504",",,E","150",",,E,02,+","5.3",",,E,04,","6.4",",,,E"
"NOE00111300","1972-06","68.8606","18.3375","114.0","SAETERMOEN II, NO","9",",E","5",",E","0",",E","0",",","19720630","+,,E","19720613",",,E","0",",,E,30,+","19.2",",,E,13,","37.4",",,,E"
"NOE00111300","1972-07","68.8606","18.3375","114.0","SAETERMOEN II, NO","19",",E","12",",E","0",",E","0",",","19720731","+,,E","19720719",",,E","0",",,E,31,+","22.5",",,E,19,","102.5",",,,E"
"NOE00111300","1972-08","68.8606","18.3375","114.0","SAETERMOEN II, NO","24",",E","10",",E","0",",E","0",",","19720831","+,,E","19720817",",,E","0",",,E,31,+","12.7",",,E,17,","64.8",",,,E"
"NOE00111300","1972-09","68.8606","18.3375","114.0","SAETERMOEN II, NO","22",",E","14",",E","0",",E","1",",","19720926",",,E","19720902",",,E","30",",,E,26,","23.4",",,E,02,","185.8",",,,E"
"NOE00111300","1972-10","68.8606","18.3375","114.0","SAETERMOEN II, NO","22",",E","13",",E","0",",E","11",",","19721029","+,,E","19721004",",,E","100",",,E,29,+","13.8",",,E,04,","130.1",",,,E"
"NOE00111300","1972-11","68.8606","18.3375","114.0","SAETERMOEN II, NO","17",",E","9",",E","0",",E","30",",","19721124",",,E","19721123",",,E","610",",,E,24,","22.5",",,E,23,","83.3",",,,E"
"NOE00111300","1972-12","68.8606","18.3375","114.0","SAETERMOEN II, NO","19",",E","6",",E","0",",E","31",",","19721214",",,E","19721224",",,E","410",",,E,14,","8.5",",,E,24,","66.5",",,,E"
"NOE00111300","1973-01","68.8606","18.3375","114.0","SAETERMOEN II, NO","18",",E","12",",E","1",",E","31",",","19730109",",,E","19730107",",,E","420",",,E,09,","28.3",",,E,07,","124.7",",,,E"
"NOE00111300","1973-02","68.8606","18.3375","114.0","SAETERMOEN II, NO","16",",E","11",",E","0",",E","28",",","19730226",",,E","19730220",",,E","790",",,E,26,","11.4",",,E,20,","60.0",",,,E"
"NOE00111300","1973-03","68.8606","18.3375","114.0","SAETERMOEN II, NO","22",",E","17",",E","0",",E","31",",","19730321",",,E","19730311",",,E","960",",,E,21,","16.2",",,E,11,","125.7",",,,E"
"NOE00111300","1973-04","68.8606","18.3375","114.0","SAETERMOEN II, NO","14",",E","6",",E","0",",E","30",",","19730428",",,E","19730414",",,E","1050",",,E,28,","15.4",",,E,14,","61.7",",,,E"
"NOE00111300","1973-05","68.8606","18.3375","114.0","SAETERMOEN II, NO","10",",E","2",",E","0",",E","20",",","19730501",",,E","19730503",",,E","860",",,E,01,","12.9",",,E,03,","23.5",",,,E"
"NOE00111300","1973-06","68.8606","18.3375","114.0","SAETERMOEN II, NO","16",",E","5",",E","0",",E","0",",","19730630","+,,E","19730606",",,E","0",",,E,30,+","11.4",",,E,06,","41.7",",,,E"
"NOE00111300","1973-07","68.8606","18.3375","114.0","SAETERMOEN II, NO","15",",E","5",",E","0",",E","0",",","19730731","+,,E","19730731",",,E","0",",,E,31,+","19.0",",,E,31,","60.0",",,,E"
"NOE00111300","1973-08","68.8606","18.3375","114.0","SAETERMOEN II, NO","24",",E","18",",E","0",",E","0",",","19730831","+,,E","19730823",",,E","0",",,E,31,+","15.1",",,E,23,","132.8",",,,E"
"NOE00111300","1973-09","68.8606","18.3375","114.0","SAETERMOEN II, NO","11",",E","6",",E","0",",E","4",",","19730912",",,E","19730910",",,E","160",",,E,12,","15.4",",,E,10,","41.4",",,,E"
"NOE00111300","1973-10","68.8606","18.3375","114.0","SAETERMOEN II, NO","20",",E","14",",E","1",",E","23",",","19731031",",,E","19731003",",,E","260",",,E,31,","26.9",",,E,03,","137.1",",,,E"
"NOE00111300","1973-11","68.8606","18.3375","114.0","SAETERMOEN II, NO","23",",E","10",",E","0",",E","22",",","19731128",",,E","19731109",",,E","450",",,E,28,","9.1",",,E,09,","60.2",",,,E"
"NOE00111300","1973-12","68.8606","18.3375","114.0","SAETERMOEN II, NO","13",",E","10",",E","0",",E","31",",","19731216",",,E","19731211",",,E","780",",,E,16,","12.6",",,E,11,","76.9",",,,E"
"NOE00111300","1974-01","68.8606","18.3375","114.0","SAETERMOEN II, NO","15",",E","5",",E","0",",E","31",",","19740123",",,E","19740119",",,E","900",",,E,23,","10.7",",,E,19,","47.3",",,,E"
"NOE00111300","1974-02","68.8606","18.3375","114.0","SAETERMOEN II, NO","15",",E","6",",E","0",",E","28",",","19740219","+,,E","19740201",",,E","870",",,E,19,+","12.7",",,E,01,","51.8",",,,E"
"NOE00111300","1974-03","68.8606","18.3375","114.0","SAETERMOEN II, NO","7",",E","2",",E","0",",E","31",",","19740301",",,E","19740314",",,E","670",",,E,01,","5.5",",,E,14,","14.0",",,,E"
"NOE00111300","1974-04","68.8606","18.3375","114.0","SAETERMOEN II, NO","22",",E","14",",E","1",",E","30",",","19740417",",,E","19740414",",,E","530",",,E,17,","26.1",",,E,14,","122.2",",,,E"
"NOE00111300","1974-05","68.8606","18.3375","114.0","SAETERMOEN II, NO","11",",E","5",",E","0",",E","10",",","19740506","+,,E","19740516",",,E","130",",,E,06,+","7.8",",,E,16,","26.8",",,,E"
"NOE00111300","1974-06","68.8606","18.3375","114.0","SAETERMOEN II, NO","12",",E","6",",E","0",",E","0",",","19740630","+,,E","19740623",",,E","0",",,E,30,+","6.7",",,E,23,","31.2",",,,E"
"NOE00111300","1974-07","68.8606","18.3375","114.0","SAETERMOEN II, NO","18",",E","9",",E","0",",E","0",",","19740731","+,,E","19740703",",,E","0",",,E,31,+","12.3",",,E,03,","74.9",",,,E"
"NOE00111300","1974-08","68.8606","18.3375","114.0","SAETERMOEN II, NO","26",",E","9",",E","0",",E","0",",","19740831","+,,E","19740823",",,E","0",",,E,31,+","21.5",",,E,23,","79.9",",,,E"
"NOE00111300","1974-09","68.8606","18.3375","114.0","SAETERMOEN II, NO","23",",E","10",",E","0",",E","0",",","19740930","+,,E","19740920",",,E","0",",,E,30,+","17.2",",,E,20,","93.3",",,,E"
"NOE00111300","1974-10","68.8606","18.3375","114.0","SAETERMOEN II, NO","6",",E","2",",E","0",",E","0",",","19741031","+,,E","19741014","+,,E","0",",,E,31,+","4.4",",,E,14,+","12.9",",,,E"
"NOE00111300","1974-11","68.8606","18.3375","114.0","SAETERMOEN II, NO","6",",E","3",",E","0",",E","0",",","19741126","+,,E","19741121",",,E","20",",,E,26,+","6.1",",,E,21,","15.4",",,,E"
"NOE00111300","1974-12","68.8606","18.3375","114.0","SAETERMOEN II, NO","13",",E","4",",E","0",",E","28",",","19741228",",,E","19741223",",,E","380",",,E,28,","10.4",",,E,23,","38.2",",,,E"
"NOE00111300","1975-01","68.8606","18.3375","114.0","SAETERMOEN II, NO","16",",E","6",",E","0",",E","31",",","19750106",",,E","19750104",",,E","540",",,E,06,","22.8",",,E,04,","67.0",",,,E"
"NOE00111300","1975-02","68.8606","18.3375","114.0","SAETERMOEN II, NO","26",",E","21",",E","1",",E","28",",","19750220",",,E","19750226",",,E","750",",,E,20,","25.7",",,E,26,","180.7",",,,E"
"NOE00111300","1975-03","68.8606","18.3375","114.0","SAETERMOEN II, NO","16",",E","6",",E","0",",E","31",",","19750320",",,E","19750318",",,E","570",",,E,20,","7.9",",,E,18,","43.2",",,,E"
"NOE00111300","1975-04","68.8606","18.3375","114.0","SAETERMOEN II, NO","10",",E","4",",E","0",",E","30",",","19750406",",,E","19750405",",,E","760",",,E,06,","22.1",",,E,05,","39.0",",,,E"
"NOE00111300","1975-05","68.8606","18.3375","114.0","SAETERMOEN II, NO","18",",E","9",",E","0",",E","8",",","19750501",",,E","19750527",",,E","300",",,E,01,","9.2",",,E,27,","56.6",",,,E"
"NOE00111300","1975-06","68.8606","18.3375","114.0","SAETERMOEN II, NO","18",",E","9",",E","0",",E","0",",","19750630","+,,E","19750621",",,E","0",",,E,30,+","13.7",",,E,21,","65.7",",,,E"
"NOE00111300","1975-07","68.8606","18.3375","114.0","SAETERMOEN II, NO","17",",E","12",",E","0",",E","0",",","19750731","+,,E","19750715",",,E","0",",,E,31,+","12.6",",,E,15,","92.3",",,,E"
"NOE00111300","1975-08","68.8606","18.3375","114.0","SAETERMOEN II, NO","19",",E","10",",E","0",",E","0",",","19750831","+,,E","19750828",",,E","0",",,E,31,+","12.8",",,E,28,","79.6",",,,E"
"NOE00111300","1975-09","68.8606","18.3375","114.0","SAETERMOEN II, NO","24",",E","9",",E","0",",E","0",",","19750930","+,,E","19750908",",,E","0",",,E,30,+","15.9",",,E,08,","93.2",",,,E"
"NOE00111300","1975-10","68.8606","18.3375","114.0","SAETERMOEN II, NO","19",",E","15",",E","2",",E","8",",","19751019",",,E","19751019",",,E","90",",,E,19,","45.0",",,E,19,","184.2",",,,E"
"NOE00111300","1975-11","68.8606","18.3375","114.0","SAETERMOEN II, NO","19",",E","8",",E","1",",E","21",",","19751122",",,E","19751108",",,E","350",",,E,22,","29.3",",,E,08,","86.2",",,,E"
"NOE00111300","1975-12","68.8606","18.3375","114.0","SAETERMOEN II, NO","26",",E","18",",E","0",",E","31",",","19751219",",,E","19751221",",,E","1080",",,E,19,","18.1",",,E,21,","189.6",",,,E"
"NOE00111300","1976-01","68.8606","18.3375","114.0","SAETERMOEN II, NO","15",",E","7",",E","0",",E","31",",","19760105",",,E","19760104",",,E","1310",",,E,05,","11.5",",,E,04,","44.2",",,,E"
"NOE00111300","1976-02","68.8606","18.3375","114.0","SAETERMOEN II, NO","17",",E","7",",E","0",",E","29",",","19760206",",,E","19760216",",,E","1180",",,E,06,","20.0",",,E,16,","63.9",",,,E"
"NOE00111300","1976-03","68.8606","18.3375","114.0","SAETERMOEN II, NO","10",",E","6",",E","0",",E","31",",","19760303",",,E","19760315",",,E","1080",",,E,03,","7.5",",,E,15,","37.1",",,,E"
"NOE00111300","1976-04","68.8606","18.3375","114.0","SAETERMOEN II, NO","13",",E","10",",E","0",",E","30",",","19760419",",,E","19760418",",,E","1160",",,E,19,","19.1",",,E,18,","56.5",",,,E"
"NOE00111300","1976-05","68.8606","18.3375","114.0","SAETERMOEN II, NO","10",",E","0",",E","0",",E","20",",","19760501",",,E","19760524",",,E","890",",,E,01,","2.3",",,E,24,","10.9",",,,E"
"NOE00111300","1976-06","68.8606","18.3375","114.0","SAETERMOEN II, NO","11",",E","3",",E","0",",E","0",",","19760630","+,,E","19760622",",,E","0",",,E,30,+","3.0",",,E,22,","16.4",",,,E"
"NOE00111300","1976-07","68.8606","18.3375","114.0","SAETERMOEN II, NO","18",",E","8",",E","0",",E","0",",","19760731","+,,E","19760720",",,E","0",",,E,31,+","17.2",",,E,20,","68.1",",,,E"
"NOE00111300","1976-08","68.8606","18.3375","114.0","SAETERMOEN II, NO","16",",E","9",",E","0",",E","0",",","19760831","+,,E","19760819",",,E","0",",,E,31,+","21.4",",,E,19,","90.3",",,,E"
"NOE00111300","1976-09","68.8606","18.3375","114.0","SAETERMOEN II, NO","21",",E","13",",E","1",",E","4",",","19760927",",,E","19760930",",,E","160",",,E,27,","25.8",",,E,30,","116.1",",,,E"
"NOE00111300","1976-10","68.8606","18.3375","114.0","SAETERMOEN II, NO","8",",E","3",",E","0",",E","12",",","19761010",",,E","19761009",",,E","100",",,E,10,","6.1",",,E,09,","20.1",",,,E"
"NOE00111300","1976-11","68.8606","18.3375","114.0","SAETERMOEN II, NO","18",",E","10",",E","0",",E","30",",","19761112",",,E","19761117",",,E","400",",,E,12,","14.3",",,E,17,","91.5",",,,E"
"NOE00111300","1976-12","68.8606","18.3375","114.0","SAETERMOEN II, NO","7",",E","2",",E","0",",E","31",",","19761231","+,,E","19761226",",,E","290",",,E,31,+","4.4",",,E,26,","14.2",",,,E"
"NOE00111300","1977-01","68.8606","18.3375","114.0","SAETERMOEN II, NO","13",",E","5",",E","0",",E","31",",","19770123",",,E","19770107",",,E","520",",,E,23,","10.7",",,E,07,","35.1",",,,E"
"NOE00111300","1977-02","68.8606","18.3375","114.0","SAETERMOEN II, NO","11",",E","3",",E","0",",E","28",",","19770228",",,E","19770225",",,E","630",",,E,28,","3.8",",,E,25,","24.4",",,,E"
"NOE00111300","1977-03","68.8606","18.3375","114.0","SAETERMOEN II, NO","18",",E","14",",E","0",",E","31",",","19770309",",,E","19770308",",,E","910",",,E,09,","13.9",",,E,08,","86.5",",,,E"
"NOE00111300","1977-04","68.8606","18.3375","114.0","SAETERMOEN II, NO","9",",E","0",",E","0",",E","30",",","19770404",",,E","19770402",",,E","670",",,E,04,","2.4",",,E,02,","7.5",",,,E"
"NOE00111300","1977-05","68.8606","18.3375","114.0","SAETERMOEN II, NO","15",",E","9",",E","0",",E","14",",","19770501",",,E","19770531",",,E","440",",,E,01,","12.8",",,E,31,","65.5",",,,E"
"NOE00111300","1977-06","68.8606","18.3375","114.0","SAETERMOEN II, NO","15",",E","7",",E","0",",E","0",",","19770630","+,,E","19770611",",,E","0",",,E,30,+","17.6",",,E,11,","56.8",",,,E"
"NOE00111300","1977-07","68.8606","18.3375","114.0","SAETERMOEN II, NO","20",",E","8",",E","0",",E","0",",","19770731","+,,E","19770709",",,E","0",",,E,31,+","6.7",",,E,09,","43.4",",,,E"
"NOE00111300","1977-08","68.8606","18.3375","114.0","SAETERMOEN II, NO","15",",E","9",",E","0",",E","0",",","19770831","+,,E","19770806",",,E","0",",,E,31,+","18.4",",,E,06,","68.6",",,,E"
"NOE00111300","1977-09","68.8606","18.3375","114.0","SAETERMOEN II, NO","22",",E","8",",E","0",",E","0",",","19770930","+,,E","19770907",",,E","0",",,E,30,+","12.4",",,E,07,","58.9",",,,E"
"NOE00111300","1977-10","68.8606","18.3375","114.0","SAETERMOEN II, NO","16",",E","8",",E","1",",E","0",",","19771031","+,,E","19771017",",,E","0",",,E,31,+","41.2",",,E,17,","97.5",",,,E"
"NOE00111300","1977-11","68.8606","18.3375","114.0","SAETERMOEN II, NO","13",",E","9",",E","0",",E","16",",","19771128",",,E","19771108",",,E","300",",,E,28,","9.9",",,E,08,","52.2",",,,E"
"NOE00111300","1977-12","68.8606","18.3375","114.0","SAETERMOEN II, NO","13",",E","13",",E","0",",E","31",",","19771222",",,E","19771204",",,E","460",",,E,22,","14.4",",,E,04,","96.2",",,,E"
"NOE00111300","1978-01","68.8606","18.3375","114.0","SAETERMOEN II, NO","16",",E","10",",E","0",",E","31",",","19780120",",,E","19780106",",,E","680",",,E,20,","10.6",",,E,06,","66.2",",,,E"
"NOE00111300","1978-02","68.8606","18.3375","114.0","SAETERMOEN II, NO","17",",E","9",",E","0",",E","28",",","19780221",",,E","19780218",",,E","1220",",,E,21,","16.9",",,E,18,","85.8",",,,E"
"NOE00111300","1978-03","68.8606","18.3375","114.0","SAETERMOEN II, NO","11",",E","3",",E","0",",E","31",",","19780313",",,E","19780312",",,E","1130",",,E,13,","15.6",",,E,12,","34.8",",,,E"
"NOE00111300","1978-04","68.8606","18.3375","114.0","SAETERMOEN II, NO","12",",E","4",",E","0",",E","30",",","19780402",",,E","19780405",",,E","1080",",,E,02,","5.6",",,E,05,","26.1",",,,E"
"NOE00111300","1978-05","68.8606","18.3375","114.0","SAETERMOEN II, NO","14",",E","8",",E","0",",E","23",",","19780505",",,E","19780528",",,E","900",",,E,05,","16.2",",,E,28,","61.5",",,,E"
"NOE00111300","1978-06","68.8606","18.3375","114.0","SAETERMOEN II, NO","8",",E","5",",E","0",",E","0",",","19780630","+,,E","19780619",",,E","0",",,E,30,+","5.2",",,E,19,","24.6",",,,E"
"NOE00111300","1978-07","68.8606","18.3375","114.0","SAETERMOEN II, NO","14",",E","9",",E","0",",E","0",",","19780731","+,,E","19780731",",,E","0",",,E,31,+","16.3",",,E,31,","54.8",",,,E"
"NOE00111300","1978-08","68.8606","18.3375","114.0","SAETERMOEN II, NO","20",",E","7",",E","0",",E","0",",","19780831","+,,E","19780825",",,E","0",",,E,31,+","14.1",",,E,25,","64.6",",,,E"
"NOE00111300","1978-09","68.8606","18.3375","114.0","SAETERMOEN II, NO","12",",E","7",",E","0",",E","0",",","19780930","+,,E","19780918",",,E","0",",,E,30,+","8.2",",,E,18,","33.9",",,,E"
"NOE00111300","1978-10","68.8606","18.3375","114.0","SAETERMOEN II, NO","23",",E","17",",E","0",",E","18",",","19781030",",,E","19781012",",,E","420",",,E,30,","23.9",",,E,12,","162.1",",,,E"
"NOE00111300","1978-11","68.8606","18.3375","114.0","SAETERMOEN II, NO","24",",E","12",",E","0",",E","30",",","19781101",",,E","19781102",",,E","350",",,E,01,","16.1",",,E,02,","118.4",",,,E"
"NOE00111300","1978-12","68.8606","18.3375","114.0","SAETERMOEN II, NO","16",",E","11",",E","0",",E","31",",","19781222",",,E","19781216",",,E","770",",,E,22,","16.1",",,E,16,","97.4",",,,E"
"NOE00111300","1979-01","68.8606","18.3375","114.0","SAETERMOEN II, NO","10",",E","7",",E","0",",E","31",",","19790110",",,E","19790109",",,E","950",",,E,10,","12.8",",,E,09,","46.6",",,,E"
"NOE00111300","1979-02","68.8606","18.3375","114.0","SAETERMOEN II, NO","12",",E","6",",E","0",",E","28",",","19790201",",,E","19790225",",,E","810",",,E,01,","13.3",",,E,25,","50.6",",,,E"
"NOE00111300","1979-03","68.8606","18.3375","114.0","SAETERMOEN II, NO","5",",E","1",",E","0",",E","31",",","19790305",",,E","19790303",",,E","740",",,E,05,","4.4",",,E,03,","7.7",",,,E"
"NOE00111300","1979-04","68.8606","18.3375","114.0","SAETERMOEN II, NO","10",",E","4",",E","0",",E","30",",","19790417",",,E","19790407",",,E","690",",,E,17,","6.2",",,E,07,","22.9",",,,E"
"NOE00111300","1979-05","68.8606","18.3375","114.0","SAETERMOEN II, NO","18",",E","7",",E","0",",E","10",",","19790501",",,E","19790528",",,E","260",",,E,01,","13.7",",,E,28,","49.4",",,,E"
"NOE00111300","1979-06","68.8606","18.3375","114.0","SAETERMOEN II, NO","25",",E","10",",E","0",",E","0",",","19790630","+,,E","19790628",",,E","0",",,E,30,+","9.2",",,E,28,","72.8",",,,E"
"NOE00111300","1979-07","68.8606","18.3375","114.0","SAETERMOEN II, NO","12",",E","4",",E","0",",E","0",",","19790731","+,,E","19790721",",,E","0",",,E,31,+","4.5",",,E,21,","22.3",",,,E"
"NOE00111300","1979-08","68.8606","18.3375","114.0","SAETERMOEN II, NO","22",",E","10",",E","0",",E","0",",","19790831","+,,E","19790823",",,E","0",",,E,31,+","14.1",",,E,23,","73.4",",,,E"
"NOE00111300","1979-09","68.8606","18.3375","114.0","SAETERMOEN II, NO","26",",E","12",",E","1",",E","0",",","19790930","+,,E","19790922",",,E","0",",,E,30,+","27.2",",,E,22,","103.5",",,,E"
"NOE00111300","1979-10","68.8606","18.3375","114.0","SAETERMOEN II, NO","14",",E","9",",E","1",",E","3",",","19791022",",,E","19791022",",,E","160",",,E,22,","31.7",",,E,22,","103.5",",,,E"
"NOE00111300","1979-11","68.8606","18.3375","114.0","SAETERMOEN II, NO","14",",E","6",",E","0",",E","6",",","19791130",",,E","19791130",",,E","170",",,E,30,","7.6",",,E,30,","37.3",",,,E"
"NOE00111300","1979-12","68.8606","18.3375","114.0","SAETERMOEN II, NO","11",",E","6",",E","0",",E","31",",","19791210",",,E","19791208",",,E","370",",,E,10,","9.5",",,E,08,","36.5",",,,E"
"NOE00111300","1980-01","68.8606","18.3375","114.0","SAETERMOEN II, NO","16",",E","7",",E","0",",E","31",",","19800130",",,E","19800117",",,E","600",",,E,30,","16.4",",,E,17,","68.8",",,,E"
"NOE00111300","1980-02","68.8606","18.3375","114.0","SAETERMOEN II, NO","13",",E","5",",E","0",",E","29",",","19800206",",,E","19800226",",,E","550",",,E,06,","5.1",",,E,26,","28.6",",,,E"
"NOE00111300","1980-03","68.8606","18.3375","114.0","SAETERMOEN II, NO","7",",E","1",",E","0",",E","31",",","19800325",",,E","19800324",",,E","300",",,E,25,","2.5",",,E,24,","6.5",",,,E"
"NOE00111300","1980-04","68.8606","18.3375","114.0","SAETERMOEN II, NO","14",",E","4",",E","0",",E","26",",","19800404",",,E","19800406",",,E","220",",,E,04,","13.4",",,E,06,","43.2",",,,E"
"NOE00111300","1980-05","68.8606","18.3375","114.0","SAETERMOEN II, NO","14",",E","3",",E","0",",E","0",",","19800531","+,,E","19800501",",,E","0",",,E,31,+","8.8",",,E,01,","35.2",",,,E"
"NOE00111300","1980-06","68.8606","18.3375","114.0","SAETERMOEN II, NO","15",",E","7",",E","0",",E","0",",","19800630","+,,E","19800602",",,E","0",",,E,30,+","10.0",",,E,02,","53.3",",,,E"
"NOE00111300","1980-07","68.8606","18.3375","114.0","SAETERMOEN II, NO","8",",E","3",",E","0",",E","0",",","19800731","+,,E","19800711",",,E","0",",,E,31,+","11.4",",,E,11,","28.2",",,,E"
"NOE00111300","1980-08","68.8606","18.3375","114.0","SAETERMOEN II, NO","13",",E","6",",E","0",",E","0",",","19800831","+,,E","19800831",",,E","0",",,E,31,+","11.5",",,E,31,","49.0",",,,E"
"NOE00111300","1980-09","68.8606","18.3375","114.0","SAETERMOEN II, NO","23",",E","13",",E","0",",E","0",",","19800930","+,,E","19800901",",,E","0",",,E,30,+","7.2",",,E,01,","67.4",",,,E"
"NOE00111300","1980-10","68.8606","18.3375","114.0","SAETERMOEN II, NO","19",",E","11",",E","0",",E","15",",","19801028",",,E","19801026",",,E","660",",,E,28,","14.0",",,E,26,","82.4",",,,E"
"NOE00111300","1980-11","68.8606","18.3375","114.0","SAETERMOEN II, NO","18",",E","10",",E","0",",E","30",",","19801130",",,E","19801124",",,E","520",",,E,30,","15.3",",,E,24,","79.0",",,,E"
"NOE00111300","1980-12","68.8606","18.3375","114.0","SAETERMOEN II, NO","20",",E","6",",E","0",",E","31",",","19801213",",,E","19801210",",,E","1100",",,E,13,","16.6",",,E,10,","71.4",",,,E"
"NOE00111300","1981-01","68.8606","18.3375","114.0","SAETERMOEN II, NO","19",",E","12",",E","2",",E","31",",","19810126",",,E","19810127",",,E","970",",,E,26,","45.1",",,E,27,","152.7",",,,E"
"NOE00111300","1981-02","68.8606","18.3375","114.0","SAETERMOEN II, NO","15",",E","7",",E","0",",E","28",",","19810212",",,E","19810201",",,E","1140",",,E,12,","7.7",",,E,01,","37.0",",,,E"
"NOE00111300","1981-03","68.8606","18.3375","114.0","SAETERMOEN II, NO","22",",E","9",",E","0",",E","31",",","19810327",",,E","19810326",",,E","1390",",,E,27,","13.6",",,E,26,","65.8",",,,E"
"NOE00111300","1981-04","68.8606","18.3375","114.0","SAETERMOEN II, NO","16",",E","10",",E","0",",E","30",",","19810415","+,,E","19810410",",,E","1040",",,E,15,+","18.5",",,E,10,","77.7",",,,E"
"NOE00111300","1981-05","68.8606","18.3375","114.0","SAETERMOEN II, NO","6",",E","3",",E","0",",E","23",",","19810505",",,E","19810509",",,E","940",",,E,05,","5.6",",,E,09,","15.1",",,,E"
"NOE00111300","1981-06","68.8606","18.3375","114.0","SAETERMOEN II, NO","11",",E","5",",E","0",",E","0",",","19810630","+,,E","19810624",",,E","0",",,E,30,+","4.2",",,E,24,","22.2",",,,E"
"NOE00111300","1981-07","68.8606","18.3375","114.0","SAETERMOEN II, NO","21",",E","12",",E","0",",E","0",",","19810731","+,,E","19810731",",,E","0",",,E,31,+","20.0",",,E,31,","94.5",",,,E"
"NOE00111300","1981-08","68.8606","18.3375","114.0","SAETERMOEN II, NO","17",",E","12",",E","0",",E","0",",","19810831","+,,E","19810816",",,E","0",",,E,31,+","10.2",",,E,16,","73.9",",,,E"
"NOE00111300","1981-09","68.8606","18.3375","114.0","SAETERMOEN II, NO","14",",E","7",",E","0",",E","0",",","19810930","+,,E","19810905",",,E","0",",,E,30,+","9.8",",,E,05,","44.8",",,,E"
"NOE00111300","1981-10","68.8606","18.3375","114.0","SAETERMOEN II, NO","12",",E","6",",E","0",",E","0",",","19811019","+,,E","19811006",",,E","20",",,E,19,+","9.0",",,E,06,","41.6",",,,E"
"NOE00111300","1981-11","68.8606","18.3375","114.0","SAETERMOEN II, NO","12",",E","5",",E","0",",E","24",",","19811124",",,E","19811112",",,E","290",",,E,24,","11.6",",,E,12,","36.9",",,,E"
"NOE00111300","1981-12","68.8606","18.3375","114.0","SAETERMOEN II, NO","9",",E","4",",E","0",",E","31",",","19811231","+,,E","19811226",",,E","260",",,E,31,+","6.1",",,E,26,","25.6",",,,E"
"NOE00111300","1982-01","68.8606","18.3375","114.0","SAETERMOEN II, NO","20",",E","13",",E","0",",E","31",",","19820114",",,E","19820114",",,E","580",",,E,14,","9.9",",,E,14,","99.1",",,,E"
"NOE00111300","1982-02","68.8606","18.3375","114.0","SAETERMOEN II, NO","18",",E","8",",E","0",",E","28",",","19820202",",,E","19820220",",,E","540",",,E,02,","16.6",",,E,20,","80.3",",,,E"
"NOE00111300","1982-03","68.8606","18.3375","114.0","SAETERMOEN II, NO","12",",E","9",",E","0",",E","31",",","19820308",",,E","19820331",",,E","450",",,E,08,","15.1",",,E,31,","68.8",",,,E"
"NOE00111300","1982-04","68.8606","18.3375","114.0","SAETERMOEN II, NO","13",",E","7",",E","0",",E","30",",","19820404",",,E","19820416",",,E","690",",,E,04,","9.4",",,E,16,","44.2",",,,E"
"NOE00111300","1982-05","68.8606","18.3375","114.0","SAETERMOEN II, NO","11",",E","9",",E","0",",E","6",",","19820501",",,E","19820513",",,E","150",",,E,01,","10.9",",,E,13,","65.3",",,,E"
"NOE00111300","1982-06","68.8606","18.3375","114.0","SAETERMOEN II, NO","17",",E","9",",E","0",",E","0",",","19820620",",,E","19820603",",,E","20",",,E,20,","13.1",",,E,03,","76.9",",,,E"
"NOE00111300","1982-07","68.8606","18.3375","114.0","SAETERMOEN II, NO","16",",E","5",",E","0",",E","0",",","19820731","+,,E","19820720",",,E","0",",,E,31,+","19.0",",,E,20,","59.8",",,,E"
"NOE00111300","1982-08","68.8606","18.3375","114.0","SAETERMOEN II, NO","12",",E","8",",E","0",",E","0",",","19820831","+,,E","19820809",",,E","0",",,E,31,+","17.1",",,E,09,","80.0",",,,E"
"NOE00111300","1982-09","68.8606","18.3375","114.0","SAETERMOEN II, NO","16",",E","12",",E","1",",E","0",",","19820930","+,,E","19820922",",,E","0",",,E,30,+","25.4",",,E,22,","127.4",",,,E"
"NOE00111300","1982-10","68.8606","18.3375","114.0","SAETERMOEN II, NO","18",",E","9",",E","0",",E","0",",","19821031","+,,E","19821030",",,E","0",",,E,31,+","23.1",",,E,30,","82.2",",,,E"
"NOE00111300","1982-11","68.8606","18.3375","114.0","SAETERMOEN II, NO","13",",E","7",",E","0",",E","25",",","19821105",",,E","19821113",",,E","190",",,E,05,","11.1",",,E,13,","54.2",",,,E"
"NOE00111300","1982-12","68.8606","18.3375","114.0","SAETERMOEN II, NO","16",",E","9",",E","0",",E","30",",","19821230","+,,E","19821203",",,E","310",",,E,30,+","16.5",",,E,03,","92.5",",,,E"
"NOE00111300","1983-01","68.8606","18.3375","114.0","SAETERMOEN II, NO","13",",E","8",",E","0",",E","31",",","19830123",",,E","19830121",",,E","800",",,E,23,","25.1",",,E,21,","86.8",",,,E"
"NOE00111300","1983-02","68.8606","18.3375","114.0","SAETERMOEN II, NO","19",",E","16",",E","0",",E","28",",","19830208",",,E","19830224",",,E","990",",,E,08,","19.8",",,E,24,","141.3",",,,E"
"NOE00111300","1983-03","68.8606","18.3375","114.0","SAETERMOEN II, NO","9",",E","7",",E","0",",E","31",",","19830308",",,E","19830305",",,E","960",",,E,08,","14.5",",,E,05,","52.9",",,,E"
"NOE00111300","1983-04","68.8606","18.3375","114.0","SAETERMOEN II, NO","1",",E","1",",E","0",",E","29",",","19830402","+,,E","19830425",",,E","760",",,E,02,+","4.1",",,E,25,","4.1",",,,E"
"NOE00111300","1983-05","68.8606","18.3375","114.0","SAETERMOEN II, NO","9",",E","2",",E","0",",E","0",",","19830531","+,,E","19830514",",,E","0",",,E,31,+","5.4",",,E,14,","17.4",",,,E"
"NOE00111300","1983-06","68.8606","18.3375","114.0","SAETERMOEN II, NO","15",",E","5",",E","0",",E","0",",","19830630","+,,E","19830607",",,E","0",",,E,30,+","10.6",",,E,07,","43.5",",,,E"
"NOE00111300","1983-07","68.8606","18.3375","114.0","SAETERMOEN II, NO","16",",E","9",",E","0",",E","0",",","19830731","+,,E","19830719",",,E","0",",,E,31,+","22.9",",,E,19,","78.1",",,,E"
"NOE00111300","1983-08","68.8606","18.3375","114.0","SAETERMOEN II, NO","28",",E","21",",E","1",",E","0",",","19830831","+,,E","19830830",",,E","0",",,E,31,+","27.7",",,E,30,","198.0",",,,E"
"NOE00111300","1983-09","68.8606","18.3375","114.0","SAETERMOEN II, NO","12",",E","8",",E","0",",E","3",",","19830930","+,,E","19830923",",,E","60",",,E,30,+","11.4",",,E,23,","51.6",",,,E"
"NOE00111300","1983-10","68.8606","18.3375","114.0","SAETERMOEN II, NO","13",",E","7",",E","0",",E","13",",","19831031",",,E","19831023",",,E","300",",,E,31,","12.1",",,E,23,","57.1",",,,E"
"NOE00111300","1983-11","68.8606","18.3375","114.0","SAETERMOEN II, NO","21",",E","15",",E","1",",E","30",",","19831128","+,,E","19831107",",,E","850",",,E,28,+","43.6",",,E,07,","165.6",",,,E"
"NOE00111300","1983-12","68.8606","18.3375","114.0","SAETERMOEN II, NO","16",",E","10",",E","1",",E","31",",","19831210",",,E","19831209",",,E","1110",",,E,10,","30.1",",,E,09,","97.0",",,,E"
"NOE00111300","1984-01","68.8606","18.3375","114.0","SAETERMOEN II, NO","9",",E","5",",E","0",",E","31",",","19840122","+,,E","19840120",",,E","970",",,E,22,+","8.6",",,E,20,","28.2",",,,E"
"NOE00111300","1984-02","68.8606","18.3375","114.0","SAETERMOEN II, NO","10",",E","5",",E","0",",E","29",",","19840211","+,,E","19840224",",,E","940",",,E,11,+","7.2",",,E,24,","33.0",",,,E"
"NOE00111300","1984-03","68.8606","18.3375","114.0","SAETERMOEN II, NO","8",",E","4",",E","0",",E","31",",","19840316",",,E","19840302",",,E","620",",,E,16,","7.8",",,E,02,","25.6",",,,E"
"NOE00111300","1984-04","68.8606","18.3375","114.0","SAETERMOEN II, NO","11",",E","3",",E","0",",E","29",",","19840402","+,,E","19840424",",,E","540",",,E,02,+","11.1",",,E,24,","33.5",",,,E"
"NOE00111300","1984-05","68.8606","18.3375","114.0","SAETERMOEN II, NO","9",",E","2",",E","0",",E","1",",","19840510",",,E","19840509",",,E","60",",,E,10,","3.6",",,E,09,","16.4",",,,E"
"NOE00111300","1984-06","68.8606","18.3375","114.0","SAETERMOEN II, NO","12",",E","7",",E","0",",E","0",",","19840609",",,E","19840626",",,E","10",",,E,09,","14.6",",,E,26,","49.7",",,,E"
"NOE00111300","1984-07","68.8606","18.3375","114.0","SAETERMOEN II, NO","22",",E","14",",E","1",",E","0",",","19840731","+,,E","19840713",",,E","0",",,E,31,+","33.0",",,E,13,","115.1",",,,E"
"NOE00111300","1984-08","68.8606","18.3375","114.0","SAETERMOEN II, NO","19",",E","14",",E","1",",E","0",",","19840831","+,,E","19840805",",,E","0",",,E,31,+","34.7",",,E,05,","105.2",",,,E"
"NOE00111300","1984-09","68.8606","18.3375","114.0","SAETERMOEN II, NO","10",",E","6",",E","0",",E","0",",","19840930","+,,E","19840905",",,E","0",",,E,30,+","24.1",",,E,05,","52.8",",,,E"
"NOE00111300","1984-10","68.8606","18.3375","114.0","SAETERMOEN II, NO","5",",E","3",",E","0",",E","12",",","19841019",",,E","19841017",",,E","160",",,E,19,","11.7",",,E,17,","28.7",",,,E"
"NOE00111300","1984-11","68.8606","18.3375","114.0","SAETERMOEN II, NO","7",",E","4",",E","0",",E","8",",","19841121",",,E","19841101",",,E","120",",,E,21,","9.0",",,E,01,","27.2",",,,E"
"NOE00111300","1984-12","68.8606","18.3375","114.0","SAETERMOEN II, NO","9",",E","4",",E","0",",E","16",",","19841210",",,E","19841231",",,E","40",",,E,10,","12.5",",,E,31,","30.0",",,,E"
"NOE00111300","1985-01","68.8606","18.3375","114.0","SAETERMOEN II, NO","15",",E","11",",E","0",",E","31",",","19850127",",,E","19850125",",,E","570",",,E,27,","25.2",",,E,25,","104.6",",,,E"
"NOE00111300","1985-02","68.8606","18.3375","114.0","SAETERMOEN II, NO","8",",E","3",",E","0",",E","28",",","19850201",",,E","19850226",",,E","530",",,E,01,","3.7",",,E,26,","19.3",",,,E"
"NOE00111300","1985-03","68.8606","18.3375","114.0","SAETERMOEN II, NO","8",",E","3",",E","0",",E","31",",","19850320","+,,E","19850312",",,E","510",",,E,20,+","7.3",",,E,12,","27.5",",,,E"
"NOE00111300","1985-04","68.8606","18.3375","114.0","SAETERMOEN II, NO","9",",E","5",",E","0",",E","30",",","19850426",",,E","19850421",",,E","700",",,E,26,","8.1",",,E,21,","33.9",",,,E"
"NOE00111300","1985-05","68.8606","18.3375","114.0","SAETERMOEN II, NO","9",",E","7",",E","0",",E","11",",","19850501",",,E","19850529",",,E","590",",,E,01,","7.6",",,E,29,","36.8",",,,E"
"NOE00111300","1985-06","68.8606","18.3375","114.0","SAETERMOEN II, NO","3",",E","2",",E","0",",E","0",",","19850630","+,,E","19850601",",,E","0",",,E,30,+","16.1",",,E,01,","22.6",",,,E"
"NOE00111300","1985-07","68.8606","18.3375","114.0","SAETERMOEN II, NO","13",",E","8",",E","0",",E","0",",","19850731","+,,E","19850716",",,E","0",",,E,31,+","19.5",",,E,16,","72.7",",,,E"
"NOE00111300","1985-08","68.8606","18.3375","114.0","SAETERMOEN II, NO","16",",E","12",",E","1",",E","0",",","19850831","+,,E","19850805",",,E","0",",,E,31,+","25.8",",,E,05,","114.3",",,,E"
"NOE00111300","1985-09","68.8606","18.3375","114.0","SAETERMOEN II, NO","23",",E","14",",E","0",",E","0",",","19850930","+,,E","19850928",",,E","0",",,E,30,+","13.5",",,E,28,","118.9",",,,E"
"NOE00111300","1985-10","68.8606","18.3375","114.0","SAETERMOEN II, NO","27",",E","22",",E","5",",E","10",",","19851027",",,E","19851022",",,E","280",",,E,27,","37.3",",,E,22,","328.0",",,,E"
"NOE00111300","1985-11","68.8606","18.3375","114.0","SAETERMOEN II, NO","10",",E","6",",E","0",",E","28",",","19851109",",,E","19851123",",,E","230",",,E,09,","13.0",",,E,23,","38.6",",,,E"
"NOE00111300","1985-12","68.8606","18.3375","114.0","SAETERMOEN II, NO","15",",E","10",",E","0",",E","31",",","19851225","+,,E","19851209",",,E","560",",,E,25,+","12.4",",,E,09,","74.9",",,,E"
"NOE00111300","1986-01","68.8606","18.3375","114.0","SAETERMOEN II, NO","5",",E","3",",E","0",",E","31",",","19860118","+,,E","19860117",",,E","620",",,E,18,+","10.3",",,E,17,","26.4",",,,E"
"NOE00111300","1986-02","68.8606","18.3375","114.0","SAETERMOEN II, NO","15",",E","12",",E","0",",E","28",",","19860228",",,E","19860211",",,E","950",",,E,28,","13.9",",,E,11,","82.9",",,,E"
"NOE00111300","1986-03","68.8606","18.3375","114.0","SAETERMOEN II, NO","6",",E","3",",E","0",",E","31",",","19860302",",,E","19860303",",,E","1050",",,E,02,","9.6",",,E,03,","24.9",",,,E"
"NOE00111300","1986-04","68.8606","18.3375","114.0","SAETERMOEN II, NO","10",",E","6",",E","0",",E","30",",","19860416",",,E","19860415",",,E","660",",,E,16,","6.1",",,E,15,","36.4",",,,E"
"NOE00111300","1986-05","68.8606","18.3375","114.0","SAETERMOEN II, NO","11",",E","9",",E","0",",E","5",",","19860501",",,E","19860522",",,E","210",",,E,01,","13.1",",,E,22,","49.3",",,,E"
"NOE00111300","1986-06","68.8606","18.3375","114.0","SAETERMOEN II, NO","18",",E","10",",E","0",",E","0",",","19860630","+,,E","19860613",",,E","0",",,E,30,+","10.0",",,E,13,","60.2",",,,E"
"NOE00111300","1986-07","68.8606","18.3375","114.0","SAETERMOEN II, NO","10",",E","5",",E","0",",E","0",",","19860731","+,,E","19860701",",,E","0",",,E,31,+","9.0",",,E,01,","33.7",",,,E"
"NOE00111300","1986-08","68.8606","18.3375","114.0","SAETERMOEN II, NO","6",",E","2",",E","0",",E","0",",","19860831","+,,E","19860806",",,E","0",",,E,31,+","6.8",",,E,06,","13.9",",,,E"
"NOE00111300","1986-09","68.8606","18.3375","114.0","SAETERMOEN II, NO","14",",E","5",",E","0",",E","5",",","19860926",",,E","19860917",",,E","100",",,E,26,","9.3",",,E,17,","41.4",",,,E"
"NOE00111300","1986-10","68.8606","18.3375","114.0","SAETERMOEN II, NO","19",",E","10",",E","0",",E","5",",","19861009",",,E","19861007",",,E","220",",,E,09,","17.5",",,E,07,","89.7",",,,E"
"NOE00111300","1986-11","68.8606","18.3375","114.0","SAETERMOEN II, NO","17",",E","10",",E","0",",E","29",",","19861115","+,,E","19861112",",,E","430",",,E,15,+","20.1",",,E,12,","77.4",",,,E"
"NOE00111300","1986-12","68.8606","18.3375","114.0","SAETERMOEN II, NO","8",",E","5",",E","0",",E","31",",","19861207",",,E","19861202",",,E","430",",,E,07,","11.6",",,E,02,","36.9",",,,E"
"NOE00111300","1987-01","68.8606","18.3375","114.0","SAETERMOEN II, NO","17",",E","9",",E","0",",E","31",",","19870131",",,E","19870120",",,E","620",",,E,31,","14.1",",,E,20,","69.7",",,,E"
"NOE00111300","1987-02","68.8606","18.3375","114.0","SAETERMOEN II, NO","20",",E","12",",E","0",",E","28",",","19870221",",,E","19870220",",,E","1160",",,E,21,","18.2",",,E,20,","92.2",",,,E"
"NOE00111300","1987-03","68.8606","18.3375","114.0","SAETERMOEN II, NO","5",",E","1",",E","0",",E","31",",","19870309",",,E","19870307",",,E","960",",,E,09,","2.7",",,E,07,","6.1",",,,E"
"NOE00111300","1987-04","68.8606","18.3375","114.0","SAETERMOEN II, NO","11",",E","5",",E","0",",E","30",",","19870401",",,E","19870423",",,E","780",",,E,01,","8.5",",,E,23,","28.9",",,,E"
"NOE00111300","1987-05","68.8606","18.3375","114.0","SAETERMOEN II, NO","12",",E","4",",E","0",",E","15",",","19870503","+,,E","19870518",",,E","540",",,E,03,+","8.2",",,E,18,","29.8",",,,E"
"NOE00111300","1987-06","68.8606","18.3375","114.0","SAETERMOEN II, NO","11",",E","3",",E","0",",E","0",",","19870630","+,,E","19870617",",,E","0",",,E,30,+","6.0",",,E,17,","25.6",",,,E"
"NOE00111300","1987-07","68.8606","18.3375","114.0","SAETERMOEN II, NO","16",",E","10",",E","0",",E","0",",","19870731","+,,E","19870702",",,E","0",",,E,31,+","10.4",",,E,02,","58.4",",,,E"
"NOE00111300","1987-08","68.8606","18.3375","114.0","SAETERMOEN II, NO","14",",E","9",",E","0",",E","0",",","19870831","+,,E","19870821",",,E","0",",,E,31,+","13.1",",,E,21,","59.1",",,,E"
"NOE00111300","1987-09","68.8606","18.3375","114.0","SAETERMOEN II, NO","11",",E","2",",E","0",",E","0",",","19870930","+,,E","19870915",",,E","0",",,E,30,+","3.2",",,E,15,","19.3",",,,E"
"NOE00111300","1987-10","68.8606","18.3375","114.0","SAETERMOEN II, NO","10",",E","7",",E","1",",E","0",",","19871031","+,,E","19871003",",,E","0",",,E,31,+","38.8",",,E,03,","72.6",",,,E"
"NOE00111300","1987-11","68.8606","18.3375","114.0","SAETERMOEN II, NO","13",",E","9",",E","0",",E","27",",","19871111","+,,E","19871104",",,E","300",",,E,11,+","13.6",",,E,04,","78.6",",,,E"
"NOE00111300","1987-12","68.8606","18.3375","114.0","SAETERMOEN II, NO","26",",E","19",",E","0",",E","31",",","19871221","+,,E","19871203",",,E","860",",,E,21,+","22.1",",,E,03,","152.6",",,,E"
"NOE00111300","1988-01","68.8606","18.3375","114.0","SAETERMOEN II, NO","12",",E","5",",E","0",",E","31",",","19880109",",,E","19880108",",,E","690",",,E,09,","6.4",",,E,08,","27.9",",,,E"
"NOE00111300","1988-02","68.8606","18.3375","114.0","SAETERMOEN II, NO","2",",E","1",",E","0",",E","29",",","19880215",",,E","19880214",",,E","670",",,E,15,","5.1",",,E,14,","6.0",",,,E"
"NOE00111300","1988-03","68.8606","18.3375","114.0","SAETERMOEN II, NO","5",",E","2",",E","0",",E","31",",","19880321",",,E","19880320",",,E","670",",,E,21,","3.9",",,E,20,","9.1",",,,E"
"NOE00111300","1988-04","68.8606","18.3375","114.0","SAETERMOEN II, NO","18",",E","12",",E","0",",E","30",",","19880421",",,E","19880420",",,E","1070",",,E,21,","16.6",",,E,20,","90.3",",,,E"
"NOE00111300","1988-05","68.8606","18.3375","114.0","SAETERMOEN II, NO","8",",E","2",",E","0",",E","13",",","19880501",",,E","19880528",",,E","600",",,E,01,","7.8",",,E,28,","17.3",",,,E"
"NOE00111300","1988-06","68.8606","18.3375","114.0","SAETERMOEN II, NO","7",",E","4",",E","0",",E","0",",","19880630","+,,E","19880612",",,E","0",",,E,30,+","16.6",",,E,12,","40.0",",,,E"
"NOE00111300","1988-07","68.8606","18.3375","114.0","SAETERMOEN II, NO","15",",E","6",",E","0",",E","0",",","19880731","+,,E","19880713",",,E","0",",,E,31,+","11.9",",,E,13,","53.2",",,,E"
"NOE00111300","1988-08","68.8606","18.3375","114.0","SAETERMOEN II, NO","6",",E","3",",E","0",",E","0",",","19880831","+,,E","19880830",",,E","0",",,E,31,+","17.4",",,E,30,","37.0",",,,E"
"NOE00111300","1988-09","68.8606","18.3375","114.0","SAETERMOEN II, NO","21",",E","14",",E","1",",E","0",",","19880930","+,,E","19880915",",,E","0",",,E,30,+","41.4",",,E,15,","162.7",",,,E"
"NOE00111300","1988-10","68.8606","18.3375","114.0","SAETERMOEN II, NO","18",",E","13",",E","0",",E","9",",","19881027",",,E","19881011",",,E","140",",,E,27,","12.6",",,E,11,","97.2",",,,E"
"NOE00111300","1988-11","68.8606","18.3375","114.0","SAETERMOEN II, NO","23",",E","19",",E","0",",E","25",",","19881128",",,E","19881116",",,E","670",",,E,28,","18.9",",,E,16,","163.0",",,,E"
"NOE00111300","1988-12","68.8606","18.3375","114.0","SAETERMOEN II, NO","19",",E","12",",E","0",",E","31",",","19881231","+,,E","19881229",",,E","760",",,E,31,+","16.1",",,E,29,","85.3",",,,E"
"NOE00111300","1989-01","68.8606","18.3375","114.0","SAETERMOEN II, NO","18",",E","15",",E","0",",E","31",",","19890131",",,E","19890125",",,E","860",",,E,31,","15.8",",,E,25,","139.0",",,,E"
"NOE00111300","1989-02","68.8606","18.3375","114.0","SAETERMOEN II, NO","17",",E","10",",E","0",",E","28",",","19890218",",,E","19890216",",,E","1200",",,E,18,","14.8",",,E,16,","83.1",",,,E"
"NOE00111300","1989-03","68.8606","18.3375","114.0","SAETERMOEN II, NO","9",",E","5",",E","0",",E","31",",","19890303",",,E","19890329",",,E","1130",",,E,03,","9.2",",,E,29,","31.6",",,,E"
"NOE00111300","1989-04","68.8606","18.3375","114.0","SAETERMOEN II, NO","5",",E","2",",E","0",",E","26",",","19890401",",,E","19890427",",,E","1070",",,E,01,","6.3",",,E,27,","13.0",",,,E"
"NOE00111300","1989-05","68.8606","18.3375","114.0","SAETERMOEN II, NO","21",",E","10",",E","0",",E","0",",","19890531","+,,E","19890515",",,E","0",",,E,31,+","14.2",",,E,15,","69.0",",,,E"
"NOE00111300","1989-06","68.8606","18.3375","114.0","SAETERMOEN II, NO","17",",E","6",",E","0",",E","0",",","19890630","+,,E","19890610",",,E","0",",,E,30,+","5.2",",,E,10,","32.7",",,,E"
"NOE00111300","1989-07","68.8606","18.3375","114.0","SAETERMOEN II, NO","20",",E","12",",E","0",",E","0",",","19890731","+,,E","19890713",",,E","0",",,E,31,+","17.3",",,E,13,","109.8",",,,E"
"NOE00111300","1989-08","68.8606","18.3375","114.0","SAETERMOEN II, NO","12",",E","5",",E","0",",E","0",",","19890831","+,,E","19890816",",,E","0",",,E,31,+","18.6",",,E,16,","48.5",",,,E"
"NOE00111300","1989-09","68.8606","18.3375","114.0","SAETERMOEN II, NO","24",",E","17",",E","0",",E","1",",","19890930",",,E","19890929",",,E","120",",,E,30,","15.5",",,E,29,","119.5",",,,E"
"NOE00111300","1989-10","68.8606","18.3375","114.0","SAETERMOEN II, NO","16",",E","8",",E","0",",E","8",",","19891001",",,E","19891022",",,E","80",",,E,01,","11.7",",,E,22,","71.6",",,,E"
"NOE00111300","1989-11","68.8606","18.3375","114.0","SAETERMOEN II, NO","21",",E","11",",E","0",",E","18",",","19891129",",,E","19891129",",,E","280",",,E,29,","16.0",",,E,29,","92.2",",,,E"
"NOE00111300","1989-12","68.8606","18.3375","114.0","SAETERMOEN II, NO","19",",E","15",",E","1",",E","29",",","19891223",",,E","19891201",",,E","500",",,E,23,","33.7",",,E,01,","148.9",",,,E"
"NOE00111300","1990-01","68.8606","18.3375","114.0","SAETERMOEN II, NO","10",",E","4",",E","0",",E","31",",","19900128",",,E","19900104",",,E","360",",,E,28,","15.0",",,E,04,","32.5",",,,E"
"NOE00111300","1990-02","68.8606","18.3375","114.0","SAETERMOEN II, NO","14",",E","11",",E","0",",E","28",",","19900225",",,E","19900206",",,E","380",",,E,25,","12.0",",,E,06,","73.0",",,,E"
"NOE00111300","1990-03","68.8606","18.3375","114.0","SAETERMOEN II, NO","13",",E","4",",E","0",",E","31",",","19900303",",,E","19900330",",,E","440",",,E,03,","14.0",",,E,30,","55.6",",,,E"
"NOE00111300","1990-04","68.8606","18.3375","114.0","SAETERMOEN II, NO","13",",E","6",",E","0",",E","16",",","19900403",",,E","19900429",",,E","580",",,E,03,","12.0",",,E,29,","38.8",",,,E"
"NOE00111300","1990-05","68.8606","18.3375","114.0","SAETERMOEN II, NO","26",",E","14",",E","1",",E","2",",","19900507",",,E","19900502",",,E","40",",,E,07,","25.6",",,E,02,","111.6",",,,E"
"NOE00111300","1990-06","68.8606","18.3375","114.0","SAETERMOEN II, NO","9",",E","5",",E","0",",E","0",",","19900630","+,,E","19900629",",,E","0",",,E,30,+","19.4",",,E,29,","52.7",",,,E"
"NOE00111300","1990-07","68.8606","18.3375","114.0","SAETERMOEN II, NO","16",",E","7",",E","0",",E","0",",","19900731","+,,E","19900710",",,E","0",",,E,31,+","18.5",",,E,10,","66.7",",,,E"
"NOE00111300","1990-08","68.8606","18.3375","114.0","SAETERMOEN II, NO","19",",E","10",",E","0",",E","0",",","19900831","+,,E","19900818",",,E","0",",,E,31,+","25.0",",,E,18,","74.2",",,,E"
"NOE00111300","1990-09","68.8606","18.3375","114.0","SAETERMOEN II, NO","7",",E","2",",E","0",",E","0",",","19900930","+,,E","19900914",",,E","0",",,E,30,+","6.9",",,E,14,","18.6",",,,E"
"NOE00111300","1990-10","68.8606","18.3375","114.0","SAETERMOEN II, NO","19",",E","11",",E","0",",E","1",",","19901019",",,E","19901023",",,E","40",",,E,19,","24.5",",,E,23,","117.4",",,,E"
"NOE00111300","1990-11","68.8606","18.3375","114.0","SAETERMOEN II, NO","19",",E","15",",E","0",",E","25",",","19901129",",,E","19901105",",,E","590",",,E,29,","14.8",",,E,05,","118.6",",,,E"
"NOE00111300","1990-12","68.8606","18.3375","114.0","SAETERMOEN II, NO","18",",E","12",",E","0",",E","31",",","19901214",",,E","19901212",",,E","830",",,E,14,","14.3",",,E,12,","111.7",",,,E"
"NOE00111300","1991-01","68.8606","18.3375","114.0","SAETERMOEN II, NO","16",",E","14",",E","1",",E","31",",","19910114",",,E","19910124",",,E","640",",,E,14,","31.2",",,E,24,","135.0",",,,E"
"NOE00111300","1991-02","68.8606","18.3375","114.0","SAETERMOEN II, NO","5",",E","0",",E","0",",E","28",",","19910225",",,E","19910224",",,E","530",",,E,25,","2.4",",,E,24,","4.5",",,,E"
"NOE00111300","1991-03","68.8606","18.3375","114.0","SAETERMOEN II, NO","13",",E","9",",E","0",",E","31",",","19910317",",,E","19910315",",,E","880",",,E,17,","16.0",",,E,15,","65.3",",,,E"
"NOE00111300","1991-04","68.8606","18.3375","114.0","SAETERMOEN II, NO","5",",E","1",",E","0",",E","27",",","19910402","+,,E","19910415",",,E","700",",,E,02,+","4.0",",,E,15,","10.3",",,,E"
"NOE00111300","1991-05","68.8606","18.3375","114.0","SAETERMOEN II, NO","16",",E","10",",E","0",",E","3",",","19910508","+,,E","19910528",",,E","30",",,E,08,+","9.5",",,E,28,","57.8",",,,E"
"NOE00111300","1991-06","68.8606","18.3375","114.0","SAETERMOEN II, NO","8",",E","6",",E","0",",E","0",",","19910630","+,,E","19910626",",,E","0",",,E,30,+","8.4",",,E,26,","30.3",",,,E"
"NOE00111300","1991-07","68.8606","18.3375","114.0","SAETERMOEN II, NO","14",",E","7",",E","0",",E","0",",","19910731","+,,E","19910706",",,E","0",",,E,31,+","7.1",",,E,06,","41.1",",,,E"
"NOE00111300","1991-08","68.8606","18.3375","114.0","SAETERMOEN II, NO","15",",E","10",",E","0",",E","0",",","19910831","+,,E","19910831",",,E","0",",,E,31,+","16.7",",,E,31,","77.2",",,,E"
"NOE00111300","1991-09","68.8606","18.3375","114.0","SAETERMOEN II, NO","19",",E","10",",E","1",",E","0",",","19910930","+,,E","19910903",",,E","0",",,E,30,+","29.8",",,E,03,","117.3",",,,E"
"NOE00111300","1991-10","68.8606","18.3375","114.0","SAETERMOEN II, NO","14",",E","11",",E","0",",E","7",",","19911024","+,,E","19911021",",,E","120",",,E,24,+","22.2",",,E,21,","96.3",",,,E"
"NOE00111300","1991-11","68.8606","18.3375","114.0","SAETERMOEN II, NO","17",",E","12",",E","1",",E","21",",","19911125",",,E","19911124",",,E","710",",,E,25,","36.1",",,E,24,","130.7",",,,E"
"NOE00111300","1991-12","68.8606","18.3375","114.0","SAETERMOEN II, NO","25",",E","20",",E","0",",E","31",",","19911231","+,,E","19911209",",,E","840",",,E,31,+","23.1",",,E,09,","155.0",",,,E"
"NOE00111300","1992-01","68.8606","18.3375","114.0","SAETERMOEN II, NO","24",",E","15",",E","1",",E","31",",","19920118",",,E","19920127",",,E","1330",",,E,18,","28.1",",,E,27,","183.1",",,,E"
"NOE00111300","1992-02","68.8606","18.3375","114.0","SAETERMOEN II, NO","18",",E","10",",E","0",",E","29",",","19920227",",,E","19920207",",,E","980",",,E,27,","14.1",",,E,07,","63.2",",,,E"
"NOE00111300","1992-03","68.8606","18.3375","114.0","SAETERMOEN II, NO","14",",E","5",",E","0",",E","31",",","19920316",",,E","19920315",",,E","1010",",,E,16,","12.2",",,E,15,","41.5",",,,E"
"NOE00111300","1992-04","68.8606","18.3375","114.0","SAETERMOEN II, NO","11",",E","5",",E","0",",E","30",",","19920418",",,E","19920417",",,E","1040",",,E,18,","14.9",",,E,17,","33.4",",,,E"
"NOE00111300","1992-05","68.8606","18.3375","114.0","SAETERMOEN II, NO","14",",E","8",",E","0",",E","14",",","19920501",",,E","19920515",",,E","620",",,E,01,","17.9",",,E,15,","77.0",",,,E"
"NOE00111300","1992-06","68.8606","18.3375","114.0","SAETERMOEN II, NO","10",",E","6",",E","0",",E","0",",","19920630","+,,E","19920627",",,E","0",",,E,30,+","16.4",",,E,27,","40.4",",,,E"
"NOE00111300","1992-07","68.8606","18.3375","114.0","SAETERMOEN II, NO","21",",E","12",",E","0",",E","0",",","19920731","+,,E","19920727",",,E","0",",,E,31,+","20.1",",,E,27,","124.4",",,,E"
"NOE00111300","1992-08","68.8606","18.3375","114.0","SAETERMOEN II, NO","14",",E","6",",E","0",",E","0",",","19920831","+,,E","19920803",",,E","0",",,E,31,+","8.1",",,E,03,","40.1",",,,E"
"NOE00111300","1992-09","68.8606","18.3375","114.0","SAETERMOEN II, NO","17",",E","8",",E","0",",E","0",",","19920930","+,,E","19920917",",,E","0",",,E,30,+","8.1",",,E,17,","43.5",",,,E"
"NOE00111300","1992-10","68.8606","18.3375","114.0","SAETERMOEN II, NO","17",",E","10",",E","0",",E","22",",","19921026",",,E","19921006",",,E","230",",,E,26,","20.1",",,E,06,","95.8",",,,E"
"NOE00111300","1992-11","68.8606","18.3375","114.0","SAETERMOEN II, NO","6",",E","4",",E","0",",E","30",",","19921108",",,E","19921107",",,E","320",",,E,08,","11.3",",,E,07,","30.6",",,,E"
"NOE00111300","1992-12","68.8606","18.3375","114.0","SAETERMOEN II, NO","21",",E","16",",E","0",",E","31",",","19921230",",,E","19921211",",,E","590",",,E,30,","22.1",",,E,11,","152.1",",,,E"
"NOE00111300","1993-01","68.8606","18.3375","114.0","SAETERMOEN II, NO","20",",E","11",",E","0",",E","31",",","19930127",",,E","19930131",",,E","660",",,E,27,","12.3",",,E,31,","73.9",",,,E"
"NOE00111300","1993-02","68.8606","18.3375","114.0","SAETERMOEN II, NO","18",",E","14",",E","0",",E","28",",","19930210","+,,E","19930205",",,E","940",",,E,10,+","14.5",",,E,05,","143.4",",,,E"
"NOE00111300","1993-03","68.8606","18.3375","114.0","SAETERMOEN II, NO","16",",E","9",",E","1",",E","31",",","19930326",",,E","19930313",",,E","1060",",,E,26,","51.9",",,E,13,","128.7",",,,E"
"NOE00111300","1993-04","68.8606","18.3375","114.0","SAETERMOEN II, NO","12",",E","4",",E","0",",E","30",",","19930421",",,E","19930428",",,E","950",",,E,21,","10.9",",,E,28,","30.3",",,,E"
"NOE00111300","1993-05","68.8606","18.3375","114.0","SAETERMOEN II, NO","17",",E","8",",E","0",",E","11",",","19930501",",,E","19930511",",,E","600",",,E,01,","10.1",",,E,11,","59.8",",,,E"
"NOE00111300","1993-06","68.8606","18.3375","114.0","SAETERMOEN II, NO","11",",E","6",",E","0",",E","0",",","19930630","+,,E","19930606",",,E","0",",,E,30,+","6.9",",,E,06,","31.0",",,,E"
"NOE00111300","1993-07","68.8606","18.3375","114.0","SAETERMOEN II, NO","11",",E","5",",E","0",",E","0",",","19930731","+,,E","19930704",",,E","0",",,E,31,+","22.5",",,E,04,","73.0",",,,E"
"NOE00111300","1993-08","68.8606","18.3375","114.0","SAETERMOEN II, NO","14",",E","9",",E","0",",E","0",",","19930831","+,,E","19930817",",,E","0",",,E,31,+","12.0",",,E,17,","52.9",",,,E"
"NOE00111300","1993-09","68.8606","18.3375","114.0","SAETERMOEN II, NO","17",",E","6",",E","0",",E","0",",","19930930","+,,E","19930901",",,E","0",",,E,30,+","11.1",",,E,01,","39.2",",,,E"
"NOE00111300","1993-10","68.8606","18.3375","114.0","SAETERMOEN II, NO","18",",E","13",",E","0",",E","18",",","19931027","+,,E","19931027",",,E","320",",,E,27,+","20.4",",,E,27,","134.9",",,,E"
"NOE00111300","1993-11","68.8606","18.3375","114.0","SAETERMOEN II, NO","8",",E","2",",E","0",",E","30",",","19931101",",,E","19931101",",,E","100",",,E,01,","9.2",",,E,01,","21.7",",,,E"
"NOE00111300","1993-12","68.8606","18.3375","114.0","SAETERMOEN II, NO","8",",E","3",",E","0",",E","31",",","19931221",",,E","19931220",",,E","210",",,E,21,","9.3",",,E,20,","20.2",",,,E"
"NOE00111300","1994-01","68.8606","18.3375","114.0","SAETERMOEN II, NO","14",",E","8",",E","0",",E","31",",","19940131","+,,E","19940121",",,E","510",",,E,31,+","8.4",",,E,21,","51.5",",,,E"
"NOE00111300","1994-02","68.8606","18.3375","114.0","SAETERMOEN II, NO","12",",E","8",",E","0",",E","28",",","19940227","+,,E","19940225",",,E","600",",,E,27,+","10.8",",,E,25,","68.2",",,,E"
"NOE00111300","1994-03","68.8606","18.3375","114.0","SAETERMOEN II, NO","10",",E","4",",E","0",",E","31",",","19940322",",,E","19940320",",,E","810",",,E,22,","17.7",",,E,20,","40.6",",,,E"
"NOE00111300","1994-04","68.8606","18.3375","114.0","SAETERMOEN II, NO","15",",E","5",",E","0",",E","25",",","19940401",",,E","19940429",",,E","510",",,E,01,","14.2",",,E,29,","42.7",",,,E"
"NOE00111300","1994-05","68.8606","18.3375","114.0","SAETERMOEN II, NO","17",",E","5",",E","0",",E","3",",","19940502",",,E","19940523","+,,E","80",",,E,02,","5.8",",,E,23,+","34.3",",,,E"
"NOE00111300","1994-06","68.8606","18.3375","114.0","SAETERMOEN II, NO","21",",E","6",",E","0",",E","0",",","19940630","+,,E","19940608",",,E","0",",,E,30,+","10.1",",,E,08,","49.8",",,,E"
"NOE00111300","1994-07","68.8606","18.3375","114.0","SAETERMOEN II, NO","15",",E","8",",E","0",",E","0",",","19940731","+,,E","19940727",",,E","0",",,E,31,+","18.6",",,E,27,","70.2",",,,E"
"NOE00111300","1994-08","68.8606","18.3375","114.0","SAETERMOEN II, NO","16",",E","11",",E","0",",E","0",",","19940831","+,,E","19940828",",,E","0",",,E,31,+","16.2",",,E,28,","94.7",",,,E"
"NOE00111300","1994-09","68.8606","18.3375","114.0","SAETERMOEN II, NO","15",",E","8",",E","0",",E","0",",","19940930","+,,E","19940925",",,E","0",",,E,30,+","18.8",",,E,25,","60.7",",,,E"
"NOE00111300","1994-10","68.8606","18.3375","114.0","SAETERMOEN II, NO","22",",E","17",",E","0",",E","27",",","19941017",",,E","19941012",",,E","540",",,E,17,","22.6",",,E,12,","156.4",",,,E"
"NOE00111300","1994-11","68.8606","18.3375","114.0","SAETERMOEN II, NO","20",",E","16",",E","0",",E","30",",","19941119",",,E","19941105",",,E","530",",,E,19,","19.8",",,E,05,","133.1",",,,E"
"NOE00111300","1994-12","68.8606","18.3375","114.0","SAETERMOEN II, NO","16",",E","10",",E","0",",E","31",",","19941229",",,E","19941212",",,E","540",",,E,29,","18.0",",,E,12,","88.0",",,,E"
"NOE00111300","1995-01","68.8606","18.3375","114.0","SAETERMOEN II, NO","10",",E","4",",E","0",",E","31",",","19950104",",,E","19950114",",,E","610",",,E,04,","16.5",",,E,14,","39.5",",,,E"
"NOE00111300","1995-02","68.8606","18.3375","114.0","SAETERMOEN II, NO","12",",E","9",",E","0",",E","28",",","19950209",",,E","19950208",",,E","1160",",,E,09,","22.1",",,E,08,","77.6",",,,E"
"NOE00111300","1995-03","68.8606","18.3375","114.0","SAETERMOEN II, NO","14",",E","7",",E","0",",E","31",",","19950327",",,E","19950313",",,E","960",",,E,27,","15.9",",,E,13,","61.1",",,,E"
"NOE00111300","1995-04","68.8606","18.3375","114.0","SAETERMOEN II, NO","7",",E","3",",E","0",",E","30",",","19950410","+,,E","19950424",",,E","840",",,E,10,+","4.9",",,E,24,","17.2",",,,E"
"NOE00111300","1995-05","68.8606","18.3375","114.0","SAETERMOEN II, NO","10",",E","4",",E","0",",E","19",",","19950501",",,E","19950503",",,E","600",",,E,01,","15.0",",,E,03,","32.2",",,,E"
"NOE00111300","1995-06","68.8606","18.3375","114.0","SAETERMOEN II, NO","16",",E","8",",E","0",",E","0",",","19950630","+,,E","19950626",",,E","0",",,E,30,+","17.7",",,E,26,","62.3",",,,E"
"NOE00111300","1995-07","68.8606","18.3375","114.0","SAETERMOEN II, NO","22",",E","14",",E","0",",E","0",",","19950731","+,,E","19950721",",,E","0",",,E,31,+","17.4",",,E,21,","109.9",",,,E"
"NOE00111300","1995-08","68.8606","18.3375","114.0","SAETERMOEN II, NO","28",",E","23",",E","0",",E","0",",","19950831","+,,E","19950823",",,E","0",",,E,31,+","24.5",",,E,23,","219.9",",,,E"
"NOE00111300","1995-09","68.8606","18.3375","114.0","SAETERMOEN II, NO","17",",E","7",",E","0",",E","0",",","19950930","+,,E","19950927",",,E","0",",,E,30,+","11.0",",,E,27,","51.3",",,,E"
"NOE00111300","1995-10","68.8606","18.3375","114.0","SAETERMOEN II, NO","26",",E","18",",E","0",",E","11",",","19951031","+,,E","19951006",",,E","240",",,E,31,+","20.0",",,E,06,","165.7",",,,E"
"NOE00111300","1995-11","68.8606","18.3375","114.0","SAETERMOEN II, NO","25",",E","15",",E","0",",E","30",",","19951121",",,E","19951120",",,E","530",",,E,21,","15.3",",,E,20,","136.6",",,,E"
"NOE00111300","1995-12","68.8606","18.3375","114.0","SAETERMOEN II, NO","15",",E","9",",E","0",",E","31",",","19951231",",,E","19951212",",,E","700",",,E,31,","18.1",",,E,12,","97.4",",,,E"
"NOE00111300","1996-01","68.8606","18.3375","114.0","SAETERMOEN II, NO","13",",E","8",",E","0",",E","31",",","19960131",",,E","19960131",",,E","830",",,E,31,","12.4",",,E,31,","53.3",",,,E"
"NOE00111300","1996-02","68.8606","18.3375","114.0","SAETERMOEN II, NO","11",",E","4",",E","0",",E","29",",","19960205",",,E","19960202",",,E","1080",",,E,05,","12.2",",,E,02,","35.1",",,,E"
"NOE00111300","1996-03","68.8606","18.3375","114.0","SAETERMOEN II, NO","11",",E","4",",E","0",",E","31",",","19960321",",,E","19960319",",,E","980",",,E,21,","6.2",",,E,19,","22.3",",,,E"
"NOE00111300","1996-04","68.8606","18.3375","114.0","SAETERMOEN II, NO","17",",E","11",",E","0",",E","30",",","19960405",",,E","19960408",",,E","1120",",,E,05,","10.4",",,E,08,","65.3",",,,E"
"NOE00111300","1996-05","68.8606","18.3375","114.0","SAETERMOEN II, NO","6",",E","2",",E","0",",E","25",",","19960501",",,E","19960527",",,E","920",",,E,01,","5.9",",,E,27,","13.6",",,,E"
"NOE00111300","1996-06","68.8606","18.3375","114.0","SAETERMOEN II, NO","23",",E","13",",E","0",",E","0",",","19960630","+,,E","19960613",",,E","0",",,E,30,+","20.0",",,E,13,","96.6",",,,E"
"NOE00111300","1996-07","68.8606","18.3375","114.0","SAETERMOEN II, NO","18",",E","4",",E","0",",E","0",",","19960731","+,,E","19960717",",,E","0",",,E,31,+","21.1",",,E,17,","50.6",",,,E"
"NOE00111300","1996-08","68.8606","18.3375","114.0","SAETERMOEN II, NO","14",",E","8",",E","1",",E","0",",","19960831","+,,E","19960819",",,E","0",",,E,31,+","31.8",",,E,19,","98.7",",,,E"
"NOE00111300","1996-09","68.8606","18.3375","114.0","SAETERMOEN II, NO","13",",E","8",",E","0",",E","0",",","19960930","+,,E","19960902",",,E","0",",,E,30,+","16.3",",,E,02,","69.5",",,,E"
"NOE00111300","1996-10","68.8606","18.3375","114.0","SAETERMOEN II, NO","21",",E","14",",E","0",",E","6",",","19961017","+,,E","19961013",",,E","120",",,E,17,+","18.1",",,E,13,","110.7",",,,E"
"NOE00111300","1996-11","68.8606","18.3375","114.0","SAETERMOEN II, NO","10",",E","6",",E","0",",E","24",",","19961125","+,,E","19961110",",,E","200",",,E,25,+","6.1",",,E,10,","29.2",",,,E"
"NOE00111300","1996-12","68.8606","18.3375","114.0","SAETERMOEN II, NO","16",",E","10",",E","0",",E","31",",","19961230","+,,E","19961231",",,E","440",",,E,30,+","14.4",",,E,31,","71.9",",,,E"
"NOE00111300","1997-01","68.8606","18.3375","114.0","SAETERMOEN II, NO","29",",E","22",",E","0",",E","31",",","19970131",",,E","19970121",",,E","1100",",,E,31,","20.2",",,E,21,","203.1",",,,E"
"NOE00111300","1997-02","68.8606","18.3375","114.0","SAETERMOEN II, NO","12",",E","7",",E","0",",E","28",",","19970228",",,E","19970201",",,E","1190",",,E,28,","13.1",",,E,01,","52.7",",,,E"
"NOE00111300","1997-03","68.8606","18.3375","114.0","SAETERMOEN II, NO","17",",E","11",",E","0",",E","31",",","19970305",",,E","19970309",",,E","1280",",,E,05,","13.8",",,E,09,","73.8",",,,E"
"NOE00111300","1997-04","68.8606","18.3375","114.0","SAETERMOEN II, NO","20",",E","11",",E","0",",E","30",",","19970429",",,E","19970417",",,E","1520",",,E,29,","14.6",",,E,17,","85.2",",,,E"
"NOE00111300","1997-05","68.8606","18.3375","114.0","SAETERMOEN II, NO","15",",E","4",",E","0",",E","31",",","19970501",",,E","19970502",",,E","1290",",,E,01,","9.4",",,E,02,","35.1",",,,E"
"NOE00111300","1997-06","68.8606","18.3375","114.0","SAETERMOEN II, NO","9",",E","0",",E","0",",E","1",",","19970601",",,E","19970602",",,E","80",",,E,01,","2.2",",,E,02,","10.6",",,,E"
"NOE00111300","1997-07","68.8606","18.3375","114.0","SAETERMOEN II, NO","8",",E","4",",E","0",",E","0",",","19970731","+,,E","19970708",",,E","0",",,E,31,+","20.7",",,E,08,","46.3",",,,E"
"NOE00111300","1997-08","68.8606","18.3375","114.0","SAETERMOEN II, NO","15",",E","6",",E","0",",E","0",",","19970831","+,,E","19970820",",,E","0",",,E,31,+","15.1",",,E,20,","60.4",",,,E"
"NOE00111300","1997-09","68.8606","18.3375","114.0","SAETERMOEN II, NO","24",",E","13",",E","0",",E","2",",","19970923",",,E","19970921",",,E","50",",,E,23,","21.3",",,E,21,","148.7",",,,E"
"NOE00111300","1997-10","68.8606","18.3375","114.0","SAETERMOEN II, NO","16",",E","11",",E","1",",E","13",",","19971025",",,E","19971021",",,E","740",",,E,25,","26.2",",,E,21,","143.4",",,,E"
"NOE00111300","1997-11","68.8606","18.3375","114.0","SAETERMOEN II, NO","8",",E","4",",E","0",",E","30",",","19971104",",,E","19971101",",,E","460",",,E,04,","8.0",",,E,01,","27.5",",,,E"
"NOE00111300","1997-12","68.8606","18.3375","114.0","SAETERMOEN II, NO","14",",E","7",",E","0",",E","24",",","19971204",",,E","19971203",",,E","310",",,E,04,","8.1",",,E,03,","34.2",",,,E"
"NOE00111300","1998-01","68.8606","18.3375","114.0","SAETERMOEN II, NO","18",",E","9",",E","1",",E","21",",","19980129",",,E","19980125",",,E","420",",,E,29,","39.2",",,E,25,","113.1",",,,E"
"NOE00111300","1998-02","68.8606","18.3375","114.0","SAETERMOEN II, NO","16",",E","10",",E","1",",E","28",",","19980219",",,E","19980225",",,E","810",",,E,19,","25.8",",,E,25,","122.9",",,,E"
"NOE00111300","1998-03","68.8606","18.3375","114.0","SAETERMOEN II, NO","9",",E","3",",E","0",",E","31",",","19980303","+,,E","19980321",",,E","660",",,E,03,+","8.1",",,E,21,","20.7",",,,E"
"NOE00111300","1998-04","68.8606","18.3375","114.0","SAETERMOEN II, NO","10",",E","2",",E","0",",E","30",",","19980407",",,E","19980406",",,E","640",",,E,07,","10.4",",,E,06,","19.0",",,,E"
"NOE00111300","1998-05","68.8606","18.3375","114.0","SAETERMOEN II, NO","19",",E","6",",E","0",",E","3",",","19980520",",,E","19980519",",,E","80",",,E,20,","14.6",",,E,19,","48.8",",,,E"
"NOE00111300","1998-06","68.8606","18.3375","114.0","SAETERMOEN II, NO","12",",E","5",",E","0",",E","0",",","19980630","+,,E","19980608",",,E","0",",,E,30,+","13.0",",,E,08,","41.0",",,,E"
"NOE00111300","1998-07","68.8606","18.3375","114.0","SAETERMOEN II, NO","13",",E","3",",E","0",",E","0",",","19980731","+,,E","19980710",",,E","0",",,E,31,+","8.0",",,E,10,","28.6",",,,E"
"NOE00111300","1998-08","68.8606","18.3375","114.0","SAETERMOEN II, NO","14",",E","8",",E","0",",E","0",",","19980831","+,,E","19980824",",,E","0",",,E,31,+","20.5",",,E,24,","69.9",",,,E"
"NOE00111300","1998-09","68.8606","18.3375","114.0","SAETERMOEN II, NO","14",",E","6",",E","1",",E","0",",","19980930","+,,E","19980921",",,E","0",",,E,30,+","37.8",",,E,21,","104.2",",,,E"
"NOE00111300","1998-10","68.8606","18.3375","114.0","SAETERMOEN II, NO","14",",E","6",",E","1",",E","0",",","19981031","+,,E","19981002",",,E","0",",,E,31,+","26.9",",,E,02,","74.4",",,,E"
"NOE00111300","1998-11","68.8606","18.3375","114.0","SAETERMOEN II, NO","6",",E","2",",E","0",",E","3",",","19981121",",,E","19981120",",,E","170",",,E,21,","12.6",",,E,20,","23.3",",,,E"
"NOE00111300","1998-12","68.8606","18.3375","114.0","SAETERMOEN II, NO","12",",E","5",",E","0",",E","19",",","19981231","+,,E","19981201",",,E","120",",,E,31,+","25.0",",,E,01,","64.4",",,,E"
"NOE00111300","1999-01","68.8606","18.3375","114.0","SAETERMOEN II, NO","16",",E","6",",E","0",",E","31",",","19990109",",,E","19990130",",,E","400",",,E,09,","14.6",",,E,30,","55.6",",,,E"
"NOE00111300","1999-02","68.8606","18.3375","114.0","SAETERMOEN II, NO","12",",E","3",",E","0",",E","28",",","19990223","+,,E","19990222",",,E","380",",,E,23,+","8.0",",,E,22,","25.4",",,,E"
"NOE00111300","1999-03","68.8606","18.3375","114.0","SAETERMOEN II, NO","9",",E","3",",E","0",",E","31",",","19990326",",,E","19990324",",,E","500",",,E,26,","10.7",",,E,24,","25.5",",,,E"
"NOE00111300","1999-04","68.8606","18.3375","114.0","SAETERMOEN II, NO","17",",E","8",",E","0",",E","30",",","19990410",",,E","19990401",",,E","540",",,E,10,","23.0",",,E,01,","74.8",",,,E"
"NOE00111300","1999-05","68.8606","18.3375","114.0","SAETERMOEN II, NO","7",",E","3",",E","0",",E","3",",","19990502","+,,E","19990524",",,E","100",",,E,02,+","12.6",",,E,24,","23.4",",,,E"
"NOE00111300","1999-06","68.8606","18.3375","114.0","SAETERMOEN II, NO","13",",E","8",",E","0",",E","0",",","19990630","+,,E","19990614",",,E","0",",,E,30,+","13.6",",,E,14,","64.6",",,,E"
"NOE00111300","1999-07","68.8606","18.3375","114.0","SAETERMOEN II, NO","27",",E","16",",E","1",",E","0",",","19990731","+,,E","19990722",",,E","0",",,E,31,+","36.3",",,E,22,","188.2",",,,E"
"NOE00111300","1999-08","68.8606","18.3375","114.0","SAETERMOEN II, NO","28",",E","14",",E","0",",E","0",",","19990831","+,,E","19990806",",,E","0",",,E,31,+","21.4",",,E,06,","118.3",",,,E"
"NOE00111300","1999-09","68.8606","18.3375","114.0","SAETERMOEN II, NO","13",",E","10",",E","0",",E","0",",","19990930","+,,E","19990904",",,E","0",",,E,30,+","19.1",",,E,04,","99.6",",,,E"
"NOE00111300","1999-10","68.8606","18.3375","114.0","SAETERMOEN II, NO","22",",E","13",",E","0",",E","0",",","19991031","+,,E","19991030",",,E","0",",,E,31,+","21.4",",,E,30,","108.1",",,,E"
"NOE00111300","1999-11","68.8606","18.3375","114.0","SAETERMOEN II, NO","20",",E","8",",E","2",",E","18",",","19991112",",,E","19991112",",,E","260",",,E,12,","60.1",",,E,12,","162.9",",,,E"
"NOE00111300","1999-12","68.8606","18.3375","114.0","SAETERMOEN II, NO","13",",E","9",",E","0",",E","31",",","19991222",",,E","19991204",",,E","520",",,E,22,","16.3",",,E,04,","65.2",",,,E"
"NOE00111300","2000-01","68.8606","18.3375","114.0","SAETERMOEN II, NO","24",",E","18",",E","1",",E","31",",","20000128",",,E","20000116",",,E","1170",",,E,28,","26.1",",,E,16,","195.4",",,,E"
"NOE00111300","2000-02","68.8606","18.3375","114.0","SAETERMOEN II, NO","18",",E","13",",E","1",",E","29",",","20000215",",,E","20000214",",,E","1900",",,E,15,","31.0",",,E,14,","122.4",",,,E"
"NOE00111300","2000-03","68.8606","18.3375","114.0","SAETERMOEN II, NO","26",",E","14",",E","0",",E","31",",","20000325",",,E","20000329",",,E","1650",",,E,25,","24.0",",,E,29,","148.2",",,,E"
"NOE00111300","2000-04","68.8606","18.3375","114.0","SAETERMOEN II, NO","14",",E","9",",E","0",",E","30",",","20000407",",,E","20000409",",,E","1460",",,E,07,","11.1",",,E,09,","56.0",",,,E"
"NOE00111300","2000-05","68.8606","18.3375","114.0","SAETERMOEN II, NO","15",",E","10",",E","0",",E","25",",","20000501",",,E","20000505",",,E","1120",",,E,01,","13.2",",,E,05,","76.5",",,,E"
"NOE00111300","2000-06","68.8606","18.3375","114.0","SAETERMOEN II, NO","19",",E","9",",E","0",",E","0",",","20000630","+,,E","20000623",",,E","0",",,E,30,+","23.1",",,E,23,","78.1",",,,E"
"NOE00111300","2000-07","68.8606","18.3375","114.0","SAETERMOEN II, NO","12",",E","4",",E","0",",E","0",",","20000731","+,,E","20000714",",,E","0",",,E,31,+","7.6",",,E,14,","31.8",",,,E"
"NOE00111300","2000-08","68.8606","18.3375","114.0","SAETERMOEN II, NO","19",",E","10",",E","1",",E","0",",","20000831","+,,E","20000809",",,E","0",",,E,31,+","29.3",",,E,09,","89.0",",,,E"
"NOE00111300","2000-09","68.8606","18.3375","114.0","SAETERMOEN II, NO","18",",E","11",",E","0",",E","0",",","20000930","+,,E","20000902",",,E","0",",,E,30,+","16.6",",,E,02,","93.3",",,,E"
"NOE00111300","2000-10","68.8606","18.3375","114.0","SAETERMOEN II, NO","11",",E","6",",E","0",",E","0",",","20001031","+,,E","20001022",",,E","0",",,E,31,+","16.2",",,E,22,","54.2",",,,E"
"NOE00111300","2000-11","68.8606","18.3375","114.0","SAETERMOEN II, NO","2",",E","1",",E","0",",E","1",",","20001108",",,E","20001107",",,E","30",",,E,08,","3.1",",,E,07,","5.2",",,,E"
"NOE00111300","2000-12","68.8606","18.3375","114.0","SAETERMOEN II, NO","13",",E","6",",E","0",",E","17",",","20001224",",,E","20001218",",,E","400",",,E,24,","15.6",",,E,18,","74.9",",,,E"
"NOE00111300","2001-01","68.8606","18.3375","114.0","SAETERMOEN II, NO","10",",E","7",",E","0",",E","30",",","20010108",",,E","20010115",",,E","310",",,E,08,","24.8",",,E,15,","85.5",",,,E"
"NOE00111300","2001-02","68.8606","18.3375","114.0","SAETERMOEN II, NO","10",",E","8",",E","0",",E","28",",","20010218","+,,E","20010216",",,E","340",",,E,18,+","13.5",",,E,16,","70.3",",,,E"
"NOE00111300","2001-03","68.8606","18.3375","114.0","SAETERMOEN II, NO","6",",E","2",",E","0",",E","31",",","20010312","+,,E","20010306",",,E","410",",,E,12,+","5.0",",,E,06,","12.9",",,,E"
"NOE00111300","2001-04","68.8606","18.3375","114.0","SAETERMOEN II, NO","17",",E","6",",E","0",",E","27",",","20010417",",,E","20010411",",,E","500",",,E,17,","5.0",",,E,11,","36.6",",,,E"
"NOE00111300","2001-05","68.8606","18.3375","114.0","SAETERMOEN II, NO","13",",E","10",",E","0",",E","2",",","20010506",",,E","20010504",",,E","40",",,E,06,","12.1",",,E,04,","68.5",",,,E"
"NOE00111300","2001-06","68.8606","18.3375","114.0","SAETERMOEN II, NO","10",",E","6",",E","0",",E","0",",","20010630","+,,E","20010629",",,E","0",",,E,30,+","8.6",",,E,29,","35.2",",,,E"
"NOE00111300","2001-07","68.8606","18.3375","114.0","SAETERMOEN II, NO","19",",E","15",",E","1",",E","0",",","20010731","+,,E","20010731",",,E","0",",,E,31,+","55.1",",,E,31,","145.9",",,,E"
"NOE00111300","2001-08","68.8606","18.3375","114.0","SAETERMOEN II, NO","16",",E","9",",E","0",",E","0",",","20010831","+,,E","20010801",",,E","0",",,E,31,+","21.3",",,E,01,","78.4",",,,E"
"NOE00111300","2001-09","68.8606","18.3375","114.0","SAETERMOEN II, NO","13",",E","5",",E","0",",E","0",",","20010929",",,E","20010920",",,E","10",",,E,29,","11.6",",,E,20,","47.2",",,,E"
"NOE00111300","2001-10","68.8606","18.3375","114.0","SAETERMOEN II, NO","20",",E","12",",E","0",",E","7",",","20011022",",,E","20011018",",,E","170",",,E,22,","20.0",",,E,18,","105.4",",,,E"
"NOE00111300","2001-11","68.8606","18.3375","114.0","SAETERMOEN II, NO","20",",E","14",",E","0",",E","30",",","20011120","+,,E","20011116",",,E","640",",,E,20,+","13.6",",,E,16,","114.9",",,,E"
"NOE00111300","2001-12","68.8606","18.3375","114.0","SAETERMOEN II, NO","11",",E","5",",E","0",",E","31",",","20011201",",,E","20011209",",,E","300",",,E,01,","8.1",",,E,09,","35.1",",,,E"
"NOE00111300","2002-01","68.8606","18.3375","114.0","SAETERMOEN II, NO","18",",E","13",",E","1",",E","31",",","20020117","+,,E","20020110",",,E","420",",,E,17,+","46.1",",,E,10,","191.9",",,,E"
"NOE00111300","2002-02","68.8606","18.3375","114.0","SAETERMOEN II, NO","19",",E","10",",E","0",",E","28",",","20020223","+,,E","20020220",",,E","850",",,E,23,+","13.9",",,E,20,","81.3",",,,E"
"NOE00111300","2002-03","68.8606","18.3375","114.0","SAETERMOEN II, NO","13",",E","5",",E","0",",E","31",",","20020301",",,E","20020314",",,E","780",",,E,01,","10.2",",,E,14,","43.1",",,,E"
"NOE00111300","2002-04","68.8606","18.3375","114.0","SAETERMOEN II, NO","11",",E","4",",E","0",",E","25",",","20020403","+,,E","20020406",",,E","480",",,E,03,+","10.2",",,E,06,","39.7",",,,E"
"NOE00111300","2002-05","68.8606","18.3375","114.0","SAETERMOEN II, NO","15",",E","6",",E","0",",E","0",",","20020531","+,,E","20020508",",,E","0",",,E,31,+","7.8",",,E,08,","40.7",",,,E"
"NOE00111300","2002-06","68.8606","18.3375","114.0","SAETERMOEN II, NO","10",",E","4",",E","0",",E","0",",","20020630","+,,E","20020613",",,E","0",",,E,30,+","14.0",",,E,13,","37.8",",,,E"
"NOE00111300","2002-07","68.8606","18.3375","114.0","SAETERMOEN II, NO","15",",E","6",",E","0",",E","0",",","20020731","+,,E","20020712",",,E","0",",,E,31,+","13.0",",,E,12,","46.7",",,,E"
"NOE00111300","2002-08","68.8606","18.3375","114.0","SAETERMOEN II, NO","17",",E","8",",E","0",",E","0",",","20020831","+,,E","20020828",",,E","0",",,E,31,+","16.4",",,E,28,","69.9",",,,E"
"NOE00111300","2002-09","68.8606","18.3375","114.0","SAETERMOEN II, NO","22",",E","15",",E","0",",E","0",",","20020930","+,,E","20020924",",,E","0",",,E,30,+","19.2",",,E,24,","143.8",",,,E"
"NOE00111300","2002-10","68.8606","18.3375","114.0","SAETERMOEN II, NO","8",",E","5",",E","0",",E","5",",","20021031",",,E","20021001",",,E","60",",,E,31,","19.1",",,E,01,","37.3",",,,E"
"NOE00111300","2002-11","68.8606","18.3375","114.0","SAETERMOEN II, NO","6",",E","0",",E","0",",E","30",",","20021103",",,E","20021105",",,E","80",",,E,03,","2.4",",,E,05,","8.5",",,,E"
"NOE00111300","2002-12","68.8606","18.3375","114.0","SAETERMOEN II, NO","13",",E","6",",E","0",",E","31",",","20021219",",,E","20021210",",,E","320",",,E,19,","18.4",",,E,10,","69.6",",,,E"
"NOE00111300","2003-01","68.8606","18.3375","114.0","SAETERMOEN II, NO","15",",E","8",",E","0",",E","31",",","20030114",",,E","20030107",",,E","640",",,E,14,","14.4",",,E,07,","65.5",",,,E"
"NOE00111300","2003-02","68.8606","18.3375","114.0","SAETERMOEN II, NO","16",",E","9",",E","0",",E","28",",","20030202","+,,E","20030216",",,E","530",",,E,02,+","23.0",",,E,16,","70.2",",,,E"
"NOE00111300","2003-03","68.8606","18.3375","114.0","SAETERMOEN II, NO","21",",E","17",",E","0",",E","31",",","20030328",",,E","20030322",",,E","510",",,E,28,","18.9",",,E,22,","168.6",",,,E"
"NOE00111300","2003-04","68.8606","18.3375","114.0","SAETERMOEN II, NO","8",",E","4",",E","0",",E","20",",","20030406",",,E","20030402",",,E","580",",,E,06,","6.0",",,E,02,","26.5",",,,E"
"NOE00111300","2003-05","68.8606","18.3375","114.0","SAETERMOEN II, NO","15",",E","10",",E","0",",E","0",",","20030531","+,,E","20030526",",,E","0",",,E,31,+","12.5",",,E,26,","59.6",",,,E"
"NOE00111300","2003-06","68.8606","18.3375","114.0","SAETERMOEN II, NO","12",",E","6",",E","0",",E","0",",","20030630","+,,E","20030603",",,E","0",",,E,30,+","20.1",",,E,03,","57.2",",,,E"
"NOE00111300","2003-07","68.8606","18.3375","114.0","SAETERMOEN II, NO","11",",E","5",",E","0",",E","0",",","20030731","+,,E","20030723",",,E","0",",,E,31,+","23.1",",,E,23,","58.5",",,,E"
"NOE00111300","2003-08","68.8606","18.3375","114.0","SAETERMOEN II, NO","20",",E","10",",E","0",",E","0",",","20030831","+,,E","20030823",",,E","0",",,E,31,+","13.4",",,E,23,","72.0",",,,E"
"NOE00111300","2003-09","68.8606","18.3375","114.0","SAETERMOEN II, NO","22",",E","15",",E","1",",E","1",",","20030919",",,E","20030914",",,E","60",",,E,19,","25.7",",,E,14,","196.8",",,,E"
"NOE00111300","2003-10","68.8606","18.3375","114.0","SAETERMOEN II, NO","20",",E","13",",E","0",",E","14",",","20031025",",,E","20031027",",,E","250",",,E,25,","24.5",",,E,27,","126.7",",,,E"
"NOE00111300","2003-11","68.8606","18.3375","114.0","SAETERMOEN II, NO","11",",E","4",",E","0",",E","4",",","20031102","+,,E","20031106",",,E","100",",,E,02,+","9.8",",,E,06,","34.1",",,,E"
"NOE00111300","2003-12","68.8606","18.3375","114.0","SAETERMOEN II, NO","24",",E","12",",E","0",",E","27",",","20031220",",,E","20031207",",,E","650",",,E,20,","18.8",",,E,07,","121.2",",,,E"
"NOE00111300","2004-01","68.8606","18.3375","114.0","SAETERMOEN II, NO","8",",E","4",",E","0",",E","31",",","20040128","+,,E","20040122",",,E","510",",,E,28,+","6.6",",,E,22,","21.4",",,,E"
"NOE00111300","2004-02","68.8606","18.3375","114.0","SAETERMOEN II, NO","17",",E","14",",E","0",",E","29",",","20040218","+,,E","20040220",",,E","780",",,E,18,+","18.6",",,E,20,","120.1",",,,E"
"NOE00111300","2004-03","68.8606","18.3375","114.0","SAETERMOEN II, NO","9",",E","3",",E","0",",E","31",",","20040308",",,E","20040328","+,,E","700",",,E,08,","6.0",",,E,28,+","18.9",",,,E"
"NOE00111300","2004-04","68.8606","18.3375","114.0","SAETERMOEN II, NO","10",",E","2",",E","0",",E","24",",","20040412",",,E","20040408",",,E","570",",,E,12,","4.6",",,E,08,","16.7",",,,E"
"NOE00111300","2004-05","68.8606","18.3375","114.0","SAETERMOEN II, NO","12",",E","3",",E","0",",E","0",",","20040531","+,,E","20040519",",,E","0",",,E,31,+","6.7",",,E,19,","20.2",",,,E"
"NOE00111300","2004-06","68.8606","18.3375","114.0","SAETERMOEN II, NO","19",",E","9",",E","0",",E","0",",","20040630","+,,E","20040629",",,E","0",",,E,30,+","10.1",",,E,29,","63.8",",,,E"
"NOE00111300","2004-07","68.8606","18.3375","114.0","SAETERMOEN II, NO","14",",E","10",",E","1",",E","0",",","20040731","+,,E","20040720",",,E","0",",,E,31,+","56.7",",,E,20,","120.8",",,,E"
"NOE00111300","2004-08","68.8606","18.3375","114.0","SAETERMOEN II, NO","18",",E","8",",E","0",",E","0",",","20040831","+,,E","20040829",",,E","0",",,E,31,+","13.0",",,E,29,","70.9",",,,E"
"NOE00111300","2004-09","68.8606","18.3375","114.0","SAETERMOEN II, NO","23",",E","15",",E","1",",E","0",",","20040930","+,,E","20040906",",,E","0",",,E,30,+","39.0",",,E,06,","170.0",",,,E"
"NOE00111300","2004-10","68.8606","18.3375","114.0","SAETERMOEN II, NO","12",",E","7",",E","0",",E","0",",","20041029","+,,E","20041031",",,E","20",",,E,29,+","19.4",",,E,31,","65.9",",,,E"
"NOE00111300","2004-11","68.8606","18.3375","114.0","SAETERMOEN II, NO","21",",E","15",",E","1",",E","17",",","20041118",",,E","20041102",",,E","440",",,E,18,","27.4",",,E,02,","136.4",",,,E"
"NOE00111300","2004-12","68.8606","18.3375","114.0","SAETERMOEN II, NO","21",",E","13",",E","0",",E","31",",","20041227",",,E","20041226",",,E","580",",,E,27,","17.4",",,E,26,","107.6",",,,E"
"NOE00111300","2005-01","68.8606","18.3375","114.0","SAETERMOEN II, NO","14",",E","10",",E","0",",E","31",",","20050131","+,,E","20050111",",,E","930",",,E,31,+","15.1",",,E,11,","99.3",",,,E"
"NOE00111300","2005-02","68.8606","18.3375","114.0","SAETERMOEN II, NO","11",",E","5",",E","0",",E","28",",","20050201",",,E","20050204",",,E","1030",",,E,01,","9.1",",,E,04,","28.1",",,,E"
"NOE00111300","2005-03","68.8606","18.3375","114.0","SAETERMOEN II, NO","18",",E","7",",E","0",",E","31",",","20050309",",,E","20050302",",,E","1050",",,E,09,","8.5",",,E,02,","46.0",",,,E"
"NOE00111300","2005-04","68.8606","18.3375","114.0","SAETERMOEN II, NO","10",",E","4",",E","0",",E","30",",","20050401",",,E","20050402",",,E","760",",,E,01,","16.0",",,E,02,","34.6",",,,E"
"NOE00111300","2005-05","68.8606","18.3375","114.0","SAETERMOEN II, NO","21",",E","8",",E","0",",E","2",",","20050501",",,E","20050526",",,E","160",",,E,01,","8.3",",,E,26,","54.7",",,,E"
"NOE00111300","2005-06","68.8606","18.3375","114.0","SAETERMOEN II, NO","14",",E","9",",E","0",",E","0",",","20050630","+,,E","20050622",",,E","0",",,E,30,+","11.0",",,E,22,","76.7",",,,E"
"NOE00111300","2005-07","68.8606","18.3375","114.0","SAETERMOEN II, NO","13",",E","6",",E","0",",E","0",",","20050731","+,,E","20050727",",,E","0",",,E,31,+","9.8",",,E,27,","41.7",",,,E"
"NOE00111300","2005-08","68.8606","18.3375","114.0","SAETERMOEN II, NO","21",",E","12",",E","1",",E","0",",","20050831","+,,E","20050826",",,E","0",",,E,31,+","40.2",",,E,26,","150.9",",,,E"
"NOE00111300","2005-09","68.8606","18.3375","114.0","SAETERMOEN II, NO","27",",E","14",",E","0",",E","0",",","20050930","+,,E","20050912",",,E","0",",,E,30,+","16.5",",,E,12,","130.6",",,,E"
"NOE00111300","2005-10","68.8606","18.3375","114.0","SAETERMOEN II, NO","18",",E","13",",E","0",",E","0",",","20051031","+,,E","20051017",",,E","0",",,E,31,+","22.3",",,E,17,","150.9",",,,E"
"NOE00111300","2005-11","68.8606","18.3375","114.0","SAETERMOEN II, NO","19",",E","10",",E","0",",E","7",",","20051118",",,E","20051104",",,E","120",",,E,18,","10.0",",,E,04,","59.1",",,,E"
"NOE00111300","2005-12","68.8606","18.3375","114.0","SAETERMOEN II, NO","9",",E","6",",E","1",",E","31",",","20051217","+,,E","20051212",",,E","510",",,E,17,+","32.0",",,E,12,","78.4",",,,E"
"NOE00111300","2006-01","68.8606","18.3375","114.0","SAETERMOEN II, NO","15",",E","11",",E","1",",E","31",",","20060131","+,,E","20060125",",,E","310",",,E,31,+","37.6",",,E,25,","133.8",",,,E"
"NOE00111300","2006-02","68.8606","18.3375","114.0","SAETERMOEN II, NO","17",",E","15",",E","0",",E","28",",","20060228","+,,E","20060224","+,,E","740",",,E,28,+","16.1",",,E,24,+","153.9",",,,E"
"NOE00111300","2006-03","68.8606","18.3375","114.0","SAETERMOEN II, NO","11",",E","4",",E","0",",E","31",",","20060301",",,E","20060317",",,E","690",",,E,01,","17.1",",,E,17,","43.9",",,,E"
"NOE00111300","2006-04","68.8606","18.3375","114.0","SAETERMOEN II, NO","6",",E","0",",E","0",",E","27",",","20060403",",,E","20060402",",,E","600",",,E,03,","2.4",",,E,02,","5.7",",,,E"
"NOE00111300","2006-05","68.8606","18.3375","114.0","SAETERMOEN II, NO","7",",E","3",",E","0",",E","0",",","20060531","+,,E","20060511",",,E","0",",,E,31,+","4.4",",,E,11,","17.1",",,,E"
"NOE00111300","2006-06","68.8606","18.3375","114.0","SAETERMOEN II, NO","20",",E","11",",E","0",",E","0",",","20060630","+,,E","20060609",",,E","0",",,E,30,+","18.0",",,E,09,","96.8",",,,E"
"NOE00111300","2006-07","68.8606","18.3375","114.0","SAETERMOEN II, NO","15",",E","12",",E","0",",E","0",",","20060731","+,,E","20060708",",,E","0",",,E,31,+","22.1",",,E,08,","111.7",",,,E"
"NOE00111300","2006-08","68.8606","18.3375","114.0","SAETERMOEN II, NO","12",",E","5",",E","0",",E","0",",","20060831","+,,E","20060831",",,E","0",",,E,31,+","12.1",",,E,31,","41.5",",,,E"
"NOE00111300","2006-09","68.8606","18.3375","114.0","SAETERMOEN II, NO","24",",E","15",",E","2",",E","0",",","20060930","+,,E","20060918",",,E","0",",,E,30,+","32.2",",,E,18,","170.7",",,,E"
"NOE00111300","2006-10","68.8606","18.3375","114.0","SAETERMOEN II, NO","16",",E","10",",E","0",",E","14",",","20061031","+,,E","20061013",",,E","240",",,E,31,+","18.0",",,E,13,","114.4",",,,E"
"NOE00111300","2006-11","68.8606","18.3375","114.0","SAETERMOEN II, NO","11",",E","7",",E","0",",E","30",",","20061103",",,E","20061129",",,E","310",",,E,03,","13.4",",,E,29,","58.7",",,,E"
"NOE00111300","2006-12","68.8606","18.3375","114.0","SAETERMOEN II, NO","21",",E","13",",E","1",",E","31",",","20061219",",,E","20061220",",,E","620",",,E,19,","28.8",",,E,20,","209.7",",,,E"
"NOE00111300","2007-01","68.8606","18.3375","114.0","SAETERMOEN II, NO","17",",E","8",",E","0",",E","31",",","20070130",",,E","20070129",",,E","910",",,E,30,","11.9",",,E,29,","80.3",",,,E"
"NOE00111300","2007-02","68.8606","18.3375","114.0","SAETERMOEN II, NO","10",",E","5",",E","0",",E","28",",","20070212",",,E","20070210",",,E","1200",",,E,12,","18.6",",,E,10,","59.4",",,,E"
"NOE00111300","2007-03","68.8606","18.3375","114.0","SAETERMOEN II, NO","12",",E","9",",E","0",",E","31",",","20070303",",,E","20070331",",,E","1420",",,E,03,","19.4",",,E,31,","98.0",",,,E"
"NOE00111300","2007-04","68.8606","18.3375","114.0","SAETERMOEN II, NO","22",",E","14",",E","0",",E","30",",","20070408",",,E","20070401",",,E","930",",,E,08,","20.1",",,E,01,","118.4",",,,E"
"NOE00111300","2007-05","68.8606","18.3375","114.0","SAETERMOEN II, NO","18",",E","8",",E","0",",E","8",",","20070501",",,E","20070516",",,E","260",",,E,01,","12.5",",,E,16,","68.2",",,,E"
"NOE00111300","2007-06","68.8606","18.3375","114.0","SAETERMOEN II, NO","11",",E","6",",E","0",",E","0",",","20070630","+,,E","20070616",",,E","0",",,E,30,+","13.4",",,E,16,","50.8",",,,E"
"NOE00111300","2007-07","68.8606","18.3375","114.0","SAETERMOEN II, NO","10",",E","6",",E","0",",E","0",",","20070731","+,,E","20070710",",,E","0",",,E,31,+","12.5",",,E,10,","45.6",",,,E"
"NOE00111300","2007-08","68.8606","18.3375","114.0","SAETERMOEN II, NO","26",",E","16",",E","0",",E","0",",","20070831","+,,E","20070814",",,E","0",",,E,31,+","11.4",",,E,14,","117.5",",,,E"
"NOE00111300","2007-09","68.8606","18.3375","114.0","SAETERMOEN II, NO","24",",E","12",",E","1",",E","0",",","20070930","+,,E","20070918",",,E","0",",,E,30,+","32.1",",,E,18,","119.2",",,,E"
"NOE00111300","2007-10","68.8606","18.3375","114.0","SAETERMOEN II, NO","20",",E","12",",E","0",",E","12",",","20071012",",,E","20071009",",,E","300",",,E,12,","17.4",",,E,09,","108.5",",,,E"
"NOE00111300","2007-11","68.8606","18.3375","114.0","SAETERMOEN II, NO","15",",E","11",",E","0",",E","24",",","20071128",",,E","20071123","+,,E","310",",,E,28,","11.4",",,E,23,+","78.2",",,,E"
"NOE00111300","2007-12","68.8606","18.3375","114.0","SAETERMOEN II, NO","18",",E","12",",E","1",",E","26",",","20071212","+,,E","20071220",",,E","170",",,E,12,+","30.2",",,E,20,","122.8",",,,E"
"NOE00111300","2008-01","68.8606","18.3375","114.0","SAETERMOEN II, NO","10",",E","3",",E","0",",E","31",",","20080131","+,,E","20080127",",,E","230",",,E,31,+","10.1",",,E,27,","23.1",",,,E"
"NOE00111300","2008-02","68.8606","18.3375","114.0","SAETERMOEN II, NO","12",",E","8",",E","0",",E","28",",","20080220",",,E","20080212",",,E","430",",,E,20,","17.4",",,E,12,","75.8",",,,E"
"NOE00111300","2008-03","68.8606","18.3375","114.0","SAETERMOEN II, NO","6",",E","3",",E","0",",E","31",",","20080328",",,E","20080331",",,E","370",",,E,28,","8.2",",,E,31,","23.5",",,,E"
"NOE00111300","2008-04","68.8606","18.3375","114.0","SAETERMOEN II, NO","11",",E","4",",E","0",",E","30",",","20080417",",,E","20080416",",,E","360",",,E,17,","11.0",",,E,16,","33.0",",,,E"
"NOE00111300","2008-05","68.8606","18.3375","114.0","SAETERMOEN II, NO","17",",E","10",",E","0",",E","3",",","20080513",",,E","20080509",",,E","90",",,E,13,","11.2",",,E,09,","76.3",",,,E"
"NOE00111300","2008-06","68.8606","18.3375","114.0","SAETERMOEN II, NO","12",",E","6",",E","1",",E","0",",","20080630","+,,E","20080624",",,E","0",",,E,30,+","29.1",",,E,24,","69.2",",,,E"
"NOE00111300","2008-07","68.8606","18.3375","114.0","SAETERMOEN II, NO","7",",E","6",",E","0",",E","0",",","20080731","+,,E","20080722",",,E","0",",,E,31,+","14.1",",,E,22,","44.1",",,,E"
"NOE00111300","2008-08","68.8606","18.3375","114.0","SAETERMOEN II, NO","14",",E","3",",E","0",",E","0",",","20080831","+,,E","20080827",",,E","0",",,E,31,+","4.4",",,E,27,","23.2",",,,E"
"NOE00111300","2008-09","68.8606","18.3375","114.0","SAETERMOEN II, NO","17",",E","11",",E","0",",E","0",",","20080930","+,,E","20080928",",,E","0",",,E,30,+","22.5",",,E,28,","111.7",",,,E"
"NOE00111300","2008-10","68.8606","18.3375","114.0","SAETERMOEN II, NO","16",",E","6",",E","0",",E","3",",","20081030",",,E","20081011",",,E","90",",,E,30,","8.4",",,E,11,","40.1",",,,E"
"NOE00111300","2008-11","68.8606","18.3375","114.0","SAETERMOEN II, NO","16",",E","12",",E","0",",E","30",",","20081127",",,E","20081102",",,E","400",",,E,27,","19.5",",,E,02,","92.5",",,,E"
"NOE00111300","2008-12","68.8606","18.3375","114.0","SAETERMOEN II, NO","12",",E","8",",E","0",",E","31",",","20081202",",,E","20081225",",,E","380",",,E,02,","17.5",",,E,25,","75.8",",,,E"
"NOE00111300","2009-01","68.8606","18.3375","114.0","SAETERMOEN II, NO","13",",E","9",",E","0",",E","31",",","20090109",",,E","20090101",",,E","550",",,E,09,","13.0",",,E,01,","56.4",",,,E"
"NOE00111300","2009-02","68.8606","18.3375","114.0","SAETERMOEN II, NO","11",",E","5",",E","0",",E","28",",","20090227","+,,E","20090224",",,E","580",",,E,27,+","11.6",",,E,24,","38.5",",,,E"
"NOE00111300","2009-03","68.8606","18.3375","114.0","SAETERMOEN II, NO","9",",E","4",",E","0",",E","31",",","20090321",",,E","20090319",",,E","600",",,E,21,","20.0",",,E,19,","34.7",",,,E"
"NOE00111300","2009-04","68.8606","18.3375","114.0","SAETERMOEN II, NO","16",",E","8",",E","0",",E","30",",","20090403","+,,E","20090425",",,E","530",",,E,03,+","15.8",",,E,25,","55.7",",,,E"
"NOE00111300","2009-05","68.8606","18.3375","114.0","SAETERMOEN II, NO","14",",E","8",",E","0",",E","4",",","20090503","+,,E","20090527",",,E","140",",,E,03,+","11.1",",,E,27,","60.0",",,,E"
"NOE00111300","2009-06","68.8606","18.3375","114.0","SAETERMOEN II, NO","12",",E","6",",E","0",",E","0",",","20090630","+,,E","20090614",",,E","0",",,E,30,+","11.8",",,E,14,","34.4",",,,E"
"NOE00111300","2009-07","68.8606","18.3375","114.0","SAETERMOEN II, NO","9",",E","7",",E","0",",E","","","","","20090715",",,E","","","11.9",",,E,15,","47.7",",,,E"
"NOE00111300","2009-08","68.8606","18.3375","114.0","SAETERMOEN II, NO","16",",E","9",",E","0",",E","0",",","20090831","+,,E","20090811",",,E","0",",,E,31,+","18.8",",,E,11,","84.8",",,,E"
"NOE00111300","2009-09","68.8606","18.3375","114.0","SAETERMOEN II, NO","27",",E","19",",E","0",",E","1",",","20090930",",,E","20090923",",,E","30",",,E,30,","20.3",",,E,23,","200.4",",,,E"
"NOE00111300","2009-10","68.8606","18.3375","114.0","SAETERMOEN II, NO","18",",E","9",",E","0",",E","12",",","20091010",",,E","20091008",",,E","320",",,E,10,","18.6",",,E,08,","85.7",",,,E"
"NOE00111300","2009-11","68.8606","18.3375","114.0","SAETERMOEN II, NO","3",",E","1",",E","0",",E","3",",","20091103","+,,E","20091121",",,E","30",",,E,03,+","6.6",",,E,21,","8.1",",,,E"
"NOE00111300","2009-12","68.8606","18.3375","114.0","SAETERMOEN II, NO","6",",E","4",",E","0",",E","30",",","20091219",",,E","20091201",",,E","190",",,E,19,","11.1",",,E,01,","23.8",",,,E"
"NOE00111300","2010-01","68.8606","18.3375","114.0","SAETERMOEN II, NO","12",",E","9",",E","0",",E","31",",","20100109",",,E","20100110",",,E","280",",,E,09,","14.4",",,E,10,","64.2",",,,E"
"NOE00111300","2010-02","68.8606","18.3375","114.0","SAETERMOEN II, NO","9",",E","5",",E","0",",E","28",",","20100216",",,E","20100214",",,E","650",",,E,16,","17.9",",,E,14,","66.0",",,,E"
"NOE00111300","2010-03","68.8606","18.3375","114.0","SAETERMOEN II, NO","15",",E","13",",E","0",",E","31",",","20100318",",,E","20100312",",,E","1020",",,E,18,","12.9",",,E,12,","108.9",",,,E"
"NOE00111300","2010-04","68.8606","18.3375","114.0","SAETERMOEN II, NO","13",",E","7",",E","0",",E","30",",","20100401",",,E","20100427",",,E","730",",,E,01,","11.5",",,E,27,","57.0",",,,E"
"NOE00111300","2010-05","68.8606","18.3375","114.0","SAETERMOEN II, NO","12",",E","7",",E","0",",E","14",",","20100501",",,E","20100531",",,E","550",",,E,01,","7.1",",,E,31,","33.7",",,,E"
"NOE00111300","2010-06","68.8606","18.3375","114.0","SAETERMOEN II, NO","21",",E","11",",E","0",",E","0",",","20100630","+,,E","20100618",",,E","0",",,E,30,+","22.3",",,E,18,","108.9",",,,E"
"NOE00111300","2010-07","68.8606","18.3375","114.0","SAETERMOEN II, NO","19",",E","11",",E","0",",E","0",",","20100731","+,,E","20100718",",,E","0",",,E,31,+","19.4",",,E,18,","105.2",",,,E"
"NOE00111300","2010-08","68.8606","18.3375","114.0","SAETERMOEN II, NO","5",",E","3",",E","0",",E","0",",","20100831","+,,E","20100831",",,E","0",",,E,31,+","9.0",",,E,31,","21.3",",,,E"
"NOE00111300","2010-09","68.8606","18.3375","114.0","SAETERMOEN II, NO","15",",E","4",",E","0",",E","0",",","20100930","+,,E","20100901",",,E","0",",,E,30,+","16.7",",,E,01,","44.6",",,,E"
"NOE00111300","2010-10","68.8606","18.3375","114.0","SAETERMOEN II, NO","18",",E","10",",E","0",",E","19",",","20101022",",,E","20101011",",,E","240",",,E,22,","14.4",",,E,11,","98.9",",,,E"
"NOE00111300","2010-11","68.8606","18.3375","114.0","SAETERMOEN II, NO","10",",E","5",",E","0",",E","30",",","20101130",",,E","20101107",",,E","170",",,E,30,","5.6",",,E,07,","22.3",",,,E"
"NOE00111300","2010-12","68.8606","18.3375","114.0","SAETERMOEN II, NO","13",",E","4",",E","0",",E","31",",","20101231",",,E","20101231",",,E","460",",,E,31,","15.6",",,E,31,","61.2",",,,E"
"NOE00111300","2011-01","68.8606","18.3375","114.0","SAETERMOEN II, NO","16",",E","10",",E","0",",E","31",",","20110131","+,,E","20110127",",,E","720",",,E,31,+","24.1",",,E,27,","81.9",",,,E"
"NOE00111300","2011-02","68.8606","18.3375","114.0","SAETERMOEN II, NO","13",",E","6",",E","0",",E","28",",","20110213",",,E","20110211",",,E","930",",,E,13,","12.1",",,E,11,","37.2",",,,E"
"NOE00111300","2011-03","68.8606","18.3375","114.0","SAETERMOEN II, NO","22",",E","16",",E","0",",E","31",",","20110331",",,E","20110303",",,E","1290",",,E,31,","19.6",",,E,03,","167.2",",,,E"
"NOE00111300","2011-04","68.8606","18.3375","114.0","SAETERMOEN II, NO","20",",E","7",",E","0",",E","30",",","20110401",",,E","20110427",",,E","1230",",,E,01,","15.0",",,E,27,","72.5",",,,E"
"NOE00111300","2011-05","68.8606","18.3375","114.0","SAETERMOEN II, NO","13",",E","5",",E","0",",E","11",",","20110501",",,E","20110523",",,E","410",",,E,01,","7.2",",,E,23,","36.9",",,,E"
"NOE00111300","2011-06","68.8606","18.3375","114.0","SAETERMOEN II, NO","11",",E","5",",E","0",",E","0",",","20110630","+,,E","20110604",",,E","0",",,E,30,+","14.0",",,E,04,","37.1",",,,E"
"NOE00111300","2011-07","68.8606","18.3375","114.0","SAETERMOEN II, NO","15",",E","8",",E","0",",E","","","","","20110714",",,E","","","10.5",",,E,14,","58.7",",,,E"
"NOE00111300","2011-08","68.8606","18.3375","114.0","SAETERMOEN II, NO","13",",E","4",",E","0",",E","","","","","20110829",",,E","","","6.1",",,E,29,","33.0",",,,E"
"NOE00111300","2011-09","68.8606","18.3375","114.0","SAETERMOEN II, NO","16",",E","8",",E","0",",E","","","","","20110929",",,E","","","12.8",",,E,29,","65.7",",,,E"
"NOE00111300","2011-10","68.8606","18.3375","114.0","SAETERMOEN II, NO","25",",E","14",",E","1",",E","","","","","20111020",",,E","","","43.0",",,E,20,","172.2",",,,E"
"NOE00111300","2011-11","68.8606","18.3375","114.0","SAETERMOEN II, NO","19",",E","13",",E","2",",E","8",",","20111129","+,,E","20111115",",,E","80",",,E,29,+","40.0",",,E,15,","169.8",",,,E"
"NOE00111300","2011-12","68.8606","18.3375","114.0","SAETERMOEN II, NO","12",",E","6",",E","0",",E","30",",","20111229","+,,E","20111202",",,E","340",",,E,29,+","14.4",",,E,02,","54.6",",,,E"
"NOE00111300","2012-01","68.8606","18.3375","114.0","SAETERMOEN II, NO","5",",E","1",",E","0",",E","31",",","20120115",",,E","20120114",",,E","260",",,E,15,","12.3",",,E,14,","14.8",",,,E"
"NOE00111300","2012-02","68.8606","18.3375","114.0","SAETERMOEN II, NO","14",",E","9",",E","0",",E","29",",","20120228",",,E","20120210",",,E","580",",,E,28,","14.4",",,E,10,","71.7",",,,E"
"NOE00111300","2012-03","68.8606","18.3375","114.0","SAETERMOEN II, NO","18",",E","15",",E","0",",E","","","","","20120326",",,E","","","20.6",",,E,26,","120.0",",,,E"
"NOE00111300","2012-04","68.8606","18.3375","114.0","SAETERMOEN II, NO","13",",E","8",",E","0",",E","","","","","20120405",",,E","","","8.0",",,E,05,","53.6",",,,E"
"NOE00111300","2012-05","68.8606","18.3375","114.0","SAETERMOEN II, NO","18",",E","9",",E","0",",E","17",",","20120513",",,E","20120512",",,E","540",",,E,13,","19.2",",,E,12,","82.2",",,,E"
"NOE00111300","2012-06","68.8606","18.3375","114.0","SAETERMOEN II, NO","11",",E","5",",E","0",",E","0",",","20120630","+,,E","20120620",",,E","0",",,E,30,+","10.6",",,E,20,","35.5",",,,E"
"NOE00111300","2012-07","68.8606","18.3375","114.0","SAETERMOEN II, NO","20",",E","6",",E","1",",E","0",",","20120731","+,,E","20120714",",,E","0",",,E,31,+","49.8",",,E,14,","88.2",",,,E"
"NOE00111300","2012-08","68.8606","18.3375","114.0","SAETERMOEN II, NO","13",",E","5",",E","0",",E","0",",","20120831","+,,E","20120808",",,E","0",",,E,31,+","8.3",",,E,08,","31.9",",,,E"
"NOE00111300","2012-09","68.8606","18.3375","114.0","SAETERMOEN II, NO","18",",E","10",",E","0",",E","0",",","20120930","+,,E","20120912",",,E","0",",,E,30,+","18.6",",,E,12,","77.6",",,,E"
"NOE00111300","2012-10","68.8606","18.3375","114.0","SAETERMOEN II, NO","15",",E","11",",E","0",",E","11",",","20121029",",,E","20121025",",,E","700",",,E,29,","21.4",",,E,25,","120.1",",,,E"
"NOE00111300","2012-11","68.8606","18.3375","114.0","SAETERMOEN II, NO","10",",E","8",",E","0",",E","30",",","20121101",",,E","20121114",",,E","560",",,E,01,","18.5",",,E,14,","61.8",",,,E"
"NOE00111300","2012-12","68.8606","18.3375","114.0","SAETERMOEN II, NO","2",",E","1",",E","0",",E","31",",","20121229",",,E","20121228",",,E","560",",,E,29,","9.9",",,E,28,","11.2",",,,E"
"NOE00111300","2013-01","68.8606","18.3375","114.0","SAETERMOEN II, NO","20",",E","9",",E","1",",E","31",",","20130124",",,E","20130118",",,E","940",",,E,24,","45.6",",,E,18,","100.1",",,,E"
"NOE00111300","2013-02","68.8606","18.3375","114.0","SAETERMOEN II, NO","8",",E","7",",E","0",",E","28",",","20130201",",,E","20130227",",,E","800",",,E,01,","20.6",",,E,27,","66.9",",,,E"
"NOE00111300","2013-03","68.8606","18.3375","114.0","SAETERMOEN II, NO","18",",E","12",",E","0",",E","31",",","20130327",",,E","20130323",",,E","1200",",,E,27,","10.4",",,E,23,","70.6",",,,E"
"NOE00111300","2013-04","68.8606","18.3375","114.0","SAETERMOEN II, NO","12",",E","5",",E","0",",E","30",",","20130404",",,E","20130403",",,E","1410",",,E,04,","9.2",",,E,03,","38.1",",,,E"
"NOE00111300","2013-05","68.8606","18.3375","114.0","SAETERMOEN II, NO","6",",E","2",",E","0",",E","11",",","20130503","+,,E","20130507",",,E","500",",,E,03,+","6.9",",,E,07,","13.0",",,,E"
"NOE00111300","2013-06","68.8606","18.3375","114.0","SAETERMOEN II, NO","15",",E","8",",E","1",",E","0",",","20130630","+,,E","20130607",",,E","0",",,E,30,+","29.1",",,E,07,","80.5",",,,E"
"NOE00111300","2013-07","68.8606","18.3375","114.0","SAETERMOEN II, NO","21",",E","8",",E","0",",E","0",",","20130731","+,,E","20130702",",,E","0",",,E,31,+","24.2",",,E,02,","117.5",",,,E"
"NOE00111300","2013-08","68.8606","18.3375","114.0","SAETERMOEN II, NO","21",",E","12",",E","0",",E","0",",","20130831","+,,E","20130822",",,E","0",",,E,31,+","11.4",",,E,22,","81.5",",,,E"
"NOE00111300","2013-09","68.8606","18.3375","114.0","SAETERMOEN II, NO","10",",E","3",",E","0",",E","0",",","20130930","+,,E","20130921",",,E","0",",,E,30,+","10.1",",,E,21,","23.3",",,,E"
"NOE00111300","2013-10","68.8606","18.3375","114.0","SAETERMOEN II, NO","21",",E","14",",E","0",",E","17",",","20131020",",,E","20131010",",,E","210",",,E,20,","18.6",",,E,10,","130.0",",,,E"
"NOE00111300","2013-11","68.8606","18.3375","114.0","SAETERMOEN II, NO","21",",E","15",",E","1",",E","30",",","20131130",",,E","20131127",",,E","590",",,E,30,","31.1",",,E,27,","130.2",",,,E"
"NOE00111300","2013-12","68.8606","18.3375","114.0","SAETERMOEN II, NO","15",",E","9",",E","0",",E","31",",","20131202",",,E","20131210",",,E","810",",,E,02,","17.9",",,E,10,","99.4",",,,E"
"NOE00111300","2014-01","68.8606","18.3375","114.0","SAETERMOEN II, NO","0",",E","0",",E","0",",E","31",",","20140101",",,E","20140131","+,,E","640",",,E,01,","0.0",",,E,31,+","0.0",",,,E"
"NOE00111300","2014-02","68.8606","18.3375","114.0","SAETERMOEN II, NO","8",",E","2",",E","0",",E","28",",","20140203","+,,E","20140203",",,E","600",",,E,03,+","7.0",",,E,03,","16.9",",,,E"
"NOE00111300","2014-03","68.8606","18.3375","114.0","SAETERMOEN II, NO","18",",E","15",",E","0",",E","31",",","20140316",",,E","20140314",",,E","770",",,E,16,","19.8",",,E,14,","109.4",",,,E"
"NOE00111300","2014-04","68.8606","18.3375","114.0","SAETERMOEN II, NO","21",",E","13",",E","0",",E","30",",","20140405",",,E","20140404",",,E","860",",,E,05,","12.0",",,E,04,","91.4",",,,E"
"NOE00111300","2014-05","68.8606","18.3375","114.0","SAETERMOEN II, NO","9",",E","3",",E","0",",E","17",",","20140507","+,,E","20140501",",,E","350",",,E,07,+","4.0",",,E,01,","15.3",",,,E"
"NOE00111300","2014-06","68.8606","18.3375","114.0","SAETERMOEN II, NO","17",",E","7",",E","0",",E","0",",","20140630","+,,E","20140617",",,E","0",",,E,30,+","14.0",",,E,17,","55.7",",,,E"
"NOE00111300","2014-08","68.8606","18.3375","114.0","SAETERMOEN II, NO","13",",E","5",",E","0",",E","0",",","20140831","+,,E","20140814",",,E","0",",,E,31,+","16.6",",,E,14,","51.9",",,,E"
"NOE00111300","2014-09","68.8606","18.3375","114.0","SAETERMOEN II, NO","19",",E","12",",E","1",",E","0",",","20140930","+,,E","20140927",",,E","0",",,E,30,+","32.2",",,E,27,","131.9",",,,E"
"NOE00111300","2014-10","68.8606","18.3375","114.0","SAETERMOEN II, NO","11",",E","6",",E","0",",E","0",",","20141031","+,,E","20141029",",,E","0",",,E,31,+","17.0",",,E,29,","47.3",",,,E"
"NOE00111300","2014-11","68.8606","18.3375","114.0","SAETERMOEN II, NO","16",",E","6",",E","0",",E","9",",","20141112",",,E","20141103",",,E","50",",,E,12,","8.4",",,E,03,","40.8",",,,E"
"NOE00111300","2014-12","68.8606","18.3375","114.0","SAETERMOEN II, NO","17",",E","13",",E","1",",E","26",",","20141227",",,E","20141226",",,E","1210",",,E,27,","30.1",",,E,26,","135.9",",,,E"
"NOE00111300","2015-01","68.8606","18.3375","114.0","SAETERMOEN II, NO","4",",E","2",",E","0",",E","31",",","20150101",",,E","20150109",",,E","590",",,E,01,","5.0",",,E,09,","11.4",",,,E"
"NOE00111300","2015-02","68.8606","18.3375","114.0","SAETERMOEN II, NO","15",",E","12",",E","0",",E","28",",","20150214",",,E","20150212",",,E","1160",",,E,14,","17.5",",,E,12,","123.2",",,,E"
"NOE00111300","2015-03","68.8606","18.3375","114.0","SAETERMOEN II, NO","17",",E","11",",E","0",",E","31",",","20150312",",,E","20150310",",,E","960",",,E,12,","11.0",",,E,10,","69.9",",,,E"
"NOE00111300","2015-04","68.8606","18.3375","114.0","SAETERMOEN II, NO","15",",E","12",",E","0",",E","30",",","20150411",",,E","20150418",",,E","890",",,E,11,","12.4",",,E,18,","99.5",",,,E"
"NOE00111300","2015-05","68.8606","18.3375","114.0","SAETERMOEN II, NO","16",",E","6",",E","0",",E","12",",","20150502","+,,E","20150509",",,E","440",",,E,02,+","8.2",",,E,09,","40.9",",,,E"
"NOE00111300","2015-06","68.8606","18.3375","114.0","SAETERMOEN II, NO","21",",E","9",",E","0",",E","0",",","20150630","+,,E","20150610",",,E","0",",,E,30,+","15.1",",,E,10,","84.3",",,,E"
"NOE00111300","2015-07","68.8606","18.3375","114.0","SAETERMOEN II, NO","17",",E","8",",E","0",",E","0",",","20150731","+,,E","20150702",",,E","0",",,E,31,+","24.9",",,E,02,","75.7",",,,E"
"NOE00111300","2015-08","68.8606","18.3375","114.0","SAETERMOEN II, NO","14",",E","9",",E","0",",E","0",",","20150831","+,,E","20150811",",,E","0",",,E,31,+","12.1",",,E,11,","44.0",",,,E"
"NOE00111300","2015-09","68.8606","18.3375","114.0","SAETERMOEN II, NO","15",",E","7",",E","0",",E","0",",","20150930","+,,E","20150930",",,E","0",",,E,30,+","24.5",",,E,30,","91.0",",,,E"
"NOE00111300","2015-10","68.8606","18.3375","114.0","SAETERMOEN II, NO","20",",E","14",",E","0",",E","3",",","20151028","+,,E","20151011",",,E","50",",,E,28,+","23.3",",,E,11,","149.4",",,,E"
"NOE00111300","2015-11","68.8606","18.3375","114.0","SAETERMOEN II, NO","15",",E","7",",E","1",",E","11",",","20151121",",,E","20151102",",,E","320",",,E,21,","30.5",",,E,02,","97.6",",,,E"
"NOE00111300","2015-12","68.8606","18.3375","114.0","SAETERMOEN II, NO","20",",E","12",",E","0",",E","31",",","20151227",",,E","20151207",",,E","570",",,E,27,","15.9",",,E,07,","117.4",",,,E"
"NOE00111300","2016-01","68.8606","18.3375","114.0","SAETERMOEN II, NO","7",",E","3",",E","0",",E","31",",","20160131",",,E","20160126",",,E","540",",,E,31,","7.4",",,E,26,","23.6",",,,E"
"NOE00111300","2016-02","68.8606","18.3375","114.0","SAETERMOEN II, NO","15",",E","7",",E","0",",E","29",",","20160216",",,E","20160215",",,E","930",",,E,16,","15.5",",,E,15,","52.6",",,,E"
"NOE00111300","2016-03","68.8606","18.3375","114.0","SAETERMOEN II, NO","10",",E","6",",E","0",",E","31",",","20160301",",,E","20160317",",,E","830",",,E,01,","12.5",",,E,17,","47.4",",,,E"
"NOE00111300","2016-04","68.8606","18.3375","114.0","SAETERMOEN II, NO","7",",E","0",",E","0",",E","28",",","20160401",",,E","20160422",",,E","410",",,E,01,","2.0",",,E,22,","8.9",",,,E"
"NOE00111300","2016-05","68.8606","18.3375","114.0","SAETERMOEN II, NO","13",",E","3",",E","0",",E","0",",","20160531","+,,E","20160515",",,E","0",",,E,31,+","5.1",",,E,15,","24.9",",,,E"
"NOE00111300","2016-06","68.8606","18.3375","114.0","SAETERMOEN II, NO","23",",E","14",",E","0",",E","0",",","20160630","+,,E","20160607",",,E","0",",,E,30,+","14.4",",,E,07,","98.0",",,,E"
"NOE00111300","2016-07","68.8606","18.3375","114.0","SAETERMOEN II, NO","20",",E","9",",E","0",",E","0",",","20160731","+,,E","20160705",",,E","0",",,E,31,+","21.0",",,E,05,","82.4",",,,E"
"NOE00111300","2016-08","68.8606","18.3375","114.0","SAETERMOEN II, NO","17",",E","7",",E","0",",E","0",",","20160831","+,,E","20160808",",,E","0",",,E,31,+","18.9",",,E,08,","71.7",",,,E"
"NOE00111300","2016-09","68.8606","18.3375","114.0","SAETERMOEN II, NO","11","5,E","5","5,E","0","5,E","","","","","20160930","+,5,E","","","23.7","5,,E,30,+","85.3","5,,,E"
"NOE00111300","2016-10","68.8606","18.3375","114.0","SAETERMOEN II, NO","8",",E","4",",E","0",",E","0",",","20161031","+,,E","20161001",",,E","0",",,E,31,+","21.2",",,E,01,","50.9",",,,E"
"NOE00111300","2016-11","68.8606","18.3375","114.0","SAETERMOEN II, NO","6",",E","3",",E","0",",E","3",",","20161128",",,E","20161130",",,E","170",",,E,28,","10.4",",,E,30,","31.2",",,,E"
"NOE00111300","2016-12","68.8606","18.3375","114.0","SAETERMOEN II, NO","28",",E","24",",E","0",",E","31",",","20161212",",,E","20161211",",,E","780",",,E,12,","20.8",",,E,11,","197.7",",,,E"
"NOE00111300","2017-01","68.8606","18.3375","114.0","SAETERMOEN II, NO","22",",E","13",",E","0",",E","31",",","20170122",",,E","20170126",",,E","970",",,E,22,","22.4",",,E,26,","135.3",",,,E"
"NOE00111300","2017-02","68.8606","18.3375","114.0","SAETERMOEN II, NO","12",",E","9",",E","0",",E","28",",","20170227","+,,E","20170212",",,E","880",",,E,27,+","20.6",",,E,12,","84.6",",,,E"
"NOE00111300","2017-03","68.8606","18.3375","114.0","SAETERMOEN II, NO","16",",E","13",",E","1",",E","31",",","20170331",",,E","20170315",",,E","1260",",,E,31,","26.1",",,E,15,","111.6",",,,E"
