"STATION","DATE","LATITUDE","LONGITUDE","ELEVATION","NAME","DP01","DP01_ATTRIBUTES","DP10","DP10_ATTRIBUTES","DP1X","DP1X_ATTRIBUTES","DSND","DSND_ATTRIBUTES","DYSD","DYSD_ATTRIBUTES","DYXP","DYXP_ATTRIBUTES","EMSD","EMSD_ATTRIBUTES","EMXP","EMXP_ATTRIBUTES","PRCP","PRCP_ATTRIBUTES"
"SWE00139880","1975-01","62.72","16.18","345.0","ORAATJARNARNA D, SW","15",",E","9",",E","0",",E","","","","","19750112",",,E","","","12.8",",,E,12,","61.1",",,,E"
"SWE00139880","1975-02","62.72","16.18","345.0","ORAATJARNARNA D, SW","7",",E","3",",E","0",",E","","","","","19750228",",,E","","","9.0",",,E,28,","20.7",",,,E"
"SWE00139880","1975-03","62.72","16.18","345.0","ORAATJARNARNA D, SW","7",",E","2",",E","0",",E","","","","","19750327",",,E","","","4.5",",,E,27,","13.4",",,,E"
"SWE00139880","1975-04","62.72","16.18","345.0","ORAATJARNARNA D, SW","8",",E","3",",E","0",",E","","","","","19750412",",,E","","","6.3",",,E,12,","18.8",",,,E"
"SWE00139880","1975-05","62.72","16.18","345.0","ORAATJARNARNA D, SW","11",",E","7",",E","0",",E","","","","","19750521",",,E","","","23.4",",,E,21,","77.0",",,,E"
"SWE00139880","1975-06","62.72","16.18","345.0","ORAATJARNARNA D, SW","11",",E","5",",E","0",",E","","","","","19750626",",,E","","","16.6",",,E,26,","54.1",",,,E"
"SWE00139880","1975-07","62.72","16.18","345.0","ORAATJARNARNA D, SW","6",",E","5",",E","0",",E","","","","","19750712",",,E","","","13.7",",,E,12,","38.6",",,,E"
"SWE00139880","1975-08","62.72","16.18","345.0","ORAATJARNARNA D, SW","9",",E","3",",E","1",",E","","","","","19750823",",,E","","","27.0",",,E,23,","42.6",",,,E"
"SWE00139880","1975-09","62.72","16.18","345.0","ORAATJARNARNA D, SW","21",",E","10",",E","0",",E","","","","","19750921",",,E","","","14.4",",,E,21,","83.0",",,,E"
"SWE00139880","1975-10","62.72","16.18","345.0","ORAATJARNARNA D, SW","13",",E","6",",E","0",",E","","","","","19751005",",,E","","","12.9",",,E,05,","34.9",",,,E"
"SWE00139880","1975-11","62.72","16.18","345.0","ORAATJARNARNA D, SW","13",",E","6",",E","0",",E","","","","","19751103",",,E","","","7.0",",,E,03,","36.7",",,,E"
"SWE00139880","1975-12","62.72","16.18","345.0","ORAATJARNARNA D, SW","15",",E","4",",E","0",",E","","","","","19751202",",,E","","","9.4",",,E,02,","30.6",",,,E"
"SWE00139880","1976-01","62.72","16.18","345.0","ORAATJARNARNA D, SW","15",",E","8",",E","0",",E","","","","","19760105",",,E","","","13.6",",,E,05,","56.2",",,,E"
"SWE00139880","1976-02","62.72","16.18","345.0","ORAATJARNARNA D, SW","12",",E","2",",E","0",",E","","","","","19760229",",,E","","","3.0",",,E,29,","16.2",",,,E"
"SWE00139880","1976-03","62.72","16.18","345.0","ORAATJARNARNA D, SW","11",",E","2",",E","0",",E","","","","","19760301",",,E","","","3.8",",,E,01,","17.0",",,,E"
"SWE00139880","1976-04","62.72","16.18","345.0","ORAATJARNARNA D, SW","9",",E","4",",E","0",",E","","","","","19760417",",,E","","","4.8",",,E,17,","19.4",",,,E"
"SWE00139880","1976-05","62.72","16.18","345.0","ORAATJARNARNA D, SW","6",",E","2",",E","0",",E","","","","","19760501",",,E","","","7.0",",,E,01,","14.5",",,,E"
"SWE00139880","1976-06","62.72","16.18","345.0","ORAATJARNARNA D, SW","11",",E","6",",E","1",",E","","","","","19760614",",,E","","","35.5",",,E,14,","63.4",",,,E"
"SWE00139880","1976-07","62.72","16.18","345.0","ORAATJARNARNA D, SW","12",",E","7",",E","0",",E","","","","","19760710",",,E","","","24.1",",,E,10,","79.3",",,,E"
"SWE00139880","1976-08","62.72","16.18","345.0","ORAATJARNARNA D, SW","4",",E","4",",E","0",",E","","","","","19760830",",,E","","","11.2",",,E,30,","35.6",",,,E"
"SWE00139880","1976-09","62.72","16.18","345.0","ORAATJARNARNA D, SW","9",",E","5",",E","0",",E","","","","","19760910",",,E","","","12.8",",,E,10,","43.7",",,,E"
"SWE00139880","1976-10","62.72","16.18","345.0","ORAATJARNARNA D, SW","8",",E","5",",E","0",",E","","","","","19761006",",,E","","","15.5",",,E,06,","45.6",",,,E"
"SWE00139880","1976-11","62.72","16.18","345.0","ORAATJARNARNA D, SW","14",",E","11",",E","0",",E","","","","","19761112",",,E","","","10.8",",,E,12,","64.0",",,,E"
"SWE00139880","1976-12","62.72","16.18","345.0","ORAATJARNARNA D, SW","20",",E","8",",E","0",",E","","","","","19761201",",,E","","","8.0",",,E,01,","56.3",",,,E"
"SWE00139880","1977-01","62.72","16.18","345.0","ORAATJARNARNA D, SW","20",",E","6",",E","0",",E","","","","","19770101",",,E","","","15.4",",,E,01,","62.5",",,,E"
"SWE00139880","1977-02","62.72","16.18","345.0","ORAATJARNARNA D, SW","16",",E","3",",E","0",",E","","","","","19770221",",,E","","","7.1",",,E,21,","35.3",",,,E"
"SWE00139880","1977-03","62.72","16.18","345.0","ORAATJARNARNA D, SW","9",",E","5",",E","0",",E","","","","","19770316",",,E","","","7.8",",,E,16,","31.8",",,,E"
"SWE00139880","1977-04","62.72","16.18","345.0","ORAATJARNARNA D, SW","15",",E","11",",E","0",",E","","","","","19770427",",,E","","","15.6",",,E,27,","83.0",",,,E"
"SWE00139880","1977-05","62.72","16.18","345.0","ORAATJARNARNA D, SW","10",",E","3",",E","0",",E","","","","","19770512",",,E","","","14.2",",,E,12,","31.1",",,,E"
"SWE00139880","1977-06","62.72","16.18","345.0","ORAATJARNARNA D, SW","15",",E","10",",E","0",",E","","","","","19770629",",,E","","","18.1",",,E,29,","85.4",",,,E"
"SWE00139880","1977-07","62.72","16.18","345.0","ORAATJARNARNA D, SW","18",",E","9",",E","0",",E","","","","","19770721",",,E","","","15.1",",,E,21,","71.0",",,,E"
"SWE00139880","1977-08","62.72","16.18","345.0","ORAATJARNARNA D, SW","11",",E","5",",E","0",",E","","","","","19770805",",,E","","","17.0",",,E,05,","37.2",",,,E"
"SWE00139880","1977-09","62.72","16.18","345.0","ORAATJARNARNA D, SW","9",",E","4",",E","0",",E","","","","","19770929",",,E","","","7.7",",,E,29,","25.8",",,,E"
"SWE00139880","1977-10","62.72","16.18","345.0","ORAATJARNARNA D, SW","15",",E","3",",E","0",",E","","","","","19771005",",,E","","","12.9",",,E,05,","31.0",",,,E"
"SWE00139880","1977-11","62.72","16.18","345.0","ORAATJARNARNA D, SW","18",",E","10",",E","0",",E","","","","","19771103",",,E","","","13.0",",,E,03,","67.0",",,,E"
"SWE00139880","1977-12","62.72","16.18","345.0","ORAATJARNARNA D, SW","17",",E","5",",E","0",",E","","","","","19771230",",,E","","","6.4",",,E,30,","34.1",",,,E"
"SWE00139880","1978-01","62.72","16.18","345.0","ORAATJARNARNA D, SW","19",",E","6",",E","0",",E","","","","","19780130",",,E","","","11.5",",,E,30,","54.2",",,,E"
"SWE00139880","1978-02","62.72","16.18","345.0","ORAATJARNARNA D, SW","12",",E","2",",E","0",",E","","","","","19780201",",,E","","","6.9",",,E,01,","20.6",",,,E"
"SWE00139880","1978-03","62.72","16.18","345.0","ORAATJARNARNA D, SW","17",",E","4",",E","0",",E","","","","","19780305",",,E","","","18.0",",,E,05,","50.0",",,,E"
"SWE00139880","1978-04","62.72","16.18","345.0","ORAATJARNARNA D, SW","8",",E","4",",E","0",",E","","","","","19780412",",,E","","","6.5",",,E,12,","22.8",",,,E"
"SWE00139880","1978-05","62.72","16.18","345.0","ORAATJARNARNA D, SW","6",",E","2",",E","0",",E","","","","","19780515",",,E","","","6.5",",,E,15,","13.7",",,,E"
"SWE00139880","1978-06","62.72","16.18","345.0","ORAATJARNARNA D, SW","15",",E","10",",E","0",",E","","","","","19780623",",,E","","","20.5",",,E,23,","94.7",",,,E"
"SWE00139880","1978-07","62.72","16.18","345.0","ORAATJARNARNA D, SW","14",",E","7",",E","1",",E","","","","","19780706",",,E","","","42.3",",,E,06,","85.2",",,,E"
"SWE00139880","1978-08","62.72","16.18","345.0","ORAATJARNARNA D, SW","22",",E","11",",E","0",",E","","","","","19780825",",,E","","","15.2",",,E,25,","110.4",",,,E"
"SWE00139880","1978-09","62.72","16.18","345.0","ORAATJARNARNA D, SW","19",",E","8",",E","1",",E","","","","","19780924",",,E","","","26.7",",,E,24,","102.0",",,,E"
"SWE00139880","1978-10","62.72","16.18","345.0","ORAATJARNARNA D, SW","11",",E","3",",E","0",",E","","","","","19781016",",,E","","","8.5",",,E,16,","24.6",",,,E"
"SWE00139880","1978-11","62.72","16.18","345.0","ORAATJARNARNA D, SW","14",",E","4",",E","0",",E","","","","","19781115",",,E","","","14.2",",,E,15,","37.5",",,,E"
"SWE00139880","1978-12","62.72","16.18","345.0","ORAATJARNARNA D, SW","16",",E","2",",E","0",",E","","","","","19781218",",,E","","","6.6",",,E,18,","24.7",",,,E"
"SWE00139880","1979-01","62.72","16.18","345.0","ORAATJARNARNA D, SW","13",",E","5",",E","0",",E","","","","","19790112",",,E","","","5.8",",,E,12,","26.5",",,,E"
"SWE00139880","1979-02","62.72","16.18","345.0","ORAATJARNARNA D, SW","9",",E","2",",E","0",",E","","","","","19790227",",,E","","","3.7",",,E,27,","14.1",",,,E"
"SWE00139880","1979-03","62.72","16.18","345.0","ORAATJARNARNA D, SW","20",",E","8",",E","0",",E","","","","","19790310",",,E","","","7.6",",,E,10,","53.8",",,,E"
"SWE00139880","1979-04","62.72","16.18","345.0","ORAATJARNARNA D, SW","14",",E","8",",E","0",",E","","","","","19790429",",,E","","","7.7",",,E,29,","48.4",",,,E"
"SWE00139880","1979-05","62.72","16.18","345.0","ORAATJARNARNA D, SW","12",",E","7",",E","0",",E","","","","","19790524",",,E","","","11.6",",,E,24,","51.7",",,,E"
"SWE00139880","1979-06","62.72","16.18","345.0","ORAATJARNARNA D, SW","14",",E","9",",E","0",",E","","","","","19790608",",,E","","","15.4",",,E,08,","52.6",",,,E"
"SWE00139880","1979-07","62.72","16.18","345.0","ORAATJARNARNA D, SW","24",",E","16",",E","0",",E","","","","","19790714",",,E","","","19.3",",,E,14,","127.4",",,,E"
"SWE00139880","1979-08","62.72","16.18","345.0","ORAATJARNARNA D, SW","11",",E","5",",E","0",",E","","","","","19790827",",,E","","","22.3",",,E,27,","78.6",",,,E"
"SWE00139880","1979-09","62.72","16.18","345.0","ORAATJARNARNA D, SW","16",",E","8",",E","0",",E","","","","","19790913",",,E","","","19.3",",,E,13,","58.9",",,,E"
"SWE00139880","1979-10","62.72","16.18","345.0","ORAATJARNARNA D, SW","16",",E","7",",E","0",",E","","","","","19791016",",,E","","","19.0",",,E,16,","67.6",",,,E"
"SWE00139880","1979-11","62.72","16.18","345.0","ORAATJARNARNA D, SW","22",",E","11",",E","0",",E","","","","","19791103",",,E","","","17.0",",,E,03,","83.3",",,,E"
"SWE00139880","1979-12","62.72","16.18","345.0","ORAATJARNARNA D, SW","17",",E","5",",E","0",",E","","","","","19791229",",,E","","","9.7",",,E,29,","39.3",",,,E"
"SWE00139880","1980-01","62.72","16.18","345.0","ORAATJARNARNA D, SW","14",",E","1",",E","0",",E","","","","","19800123",",,E","","","4.6",",,E,23,","16.3",",,,E"
"SWE00139880","1980-02","62.72","16.18","345.0","ORAATJARNARNA D, SW","6",",E","1",",E","0",",E","","","","","19800215",",,E","","","3.6",",,E,15,","6.3",",,,E"
"SWE00139880","1980-03","62.72","16.18","345.0","ORAATJARNARNA D, SW","15",",E","6",",E","0",",E","","","","","19800329",",,E","","","7.9",",,E,29,","41.3",",,,E"
"SWE00139880","1980-04","62.72","16.18","345.0","ORAATJARNARNA D, SW","11",",E","6",",E","0",",E","","","","","19800418",",,E","","","12.0",",,E,18,","44.0",",,,E"
"SWE00139880","1980-05","62.72","16.18","345.0","ORAATJARNARNA D, SW","9",",E","0",",E","0",",E","","","","","19800508",",,E","","","2.0",",,E,08,","10.2",",,,E"
"SWE00139880","1980-06","62.72","16.18","345.0","ORAATJARNARNA D, SW","14",",E","8",",E","1",",E","","","","","19800628",",,E","","","28.0",",,E,28,","109.5",",,,E"
"SWE00139880","1980-07","62.72","16.18","345.0","ORAATJARNARNA D, SW","13",",E","7",",E","0",",E","","","","","19800711",",,E","","","8.2",",,E,11,","45.6",",,,E"
"SWE00139880","1980-08","62.72","16.18","345.0","ORAATJARNARNA D, SW","19",",E","15",",E","1",",E","","","","","19800821",",,E","","","30.2",",,E,21,","146.0",",,,E"
"SWE00139880","1980-09","62.72","16.18","345.0","ORAATJARNARNA D, SW","15",",E","8",",E","0",",E","","","","","19800920",",,E","","","8.6",",,E,20,","49.9",",,,E"
"SWE00139880","1980-10","62.72","16.18","345.0","ORAATJARNARNA D, SW","16",",E","8",",E","0",",E","","","","","19801007",",,E","","","22.9",",,E,07,","101.7",",,,E"
"SWE00139880","1980-11","62.72","16.18","345.0","ORAATJARNARNA D, SW","11",",E","5",",E","0",",E","","","","","19801115",",,E","","","11.4",",,E,15,","40.4",",,,E"
"SWE00139880","1980-12","62.72","16.18","345.0","ORAATJARNARNA D, SW","22",",E","6",",E","0",",E","","","","","19801221",",,E","","","6.7",",,E,21,","40.5",",,,E"
"SWE00139880","1981-01","62.72","16.18","345.0","ORAATJARNARNA D, SW","18",",E","3",",E","0",",E","","","","","19810115",",,E","","","16.0",",,E,15,","38.9",",,,E"
"SWE00139880","1981-02","62.72","16.18","345.0","ORAATJARNARNA D, SW","15",",E","4",",E","0",",E","","","","","19810202",",,E","","","9.4",",,E,02,","40.6",",,,E"
"SWE00139880","1981-03","62.72","16.18","345.0","ORAATJARNARNA D, SW","11",",E","8",",E","0",",E","","","","","19810308",",,E","","","14.9",",,E,08,","65.0",",,,E"
"SWE00139880","1981-04","62.72","16.18","345.0","ORAATJARNARNA D, SW","7",",E","2",",E","0",",E","","","","","19810430",",,E","","","13.4",",,E,30,","26.9",",,,E"
"SWE00139880","1981-05","62.72","16.18","345.0","ORAATJARNARNA D, SW","9",",E","4",",E","0",",E","","","","","19810529",",,E","","","4.5",",,E,29,","20.0",",,,E"
"SWE00139880","1981-06","62.72","16.18","345.0","ORAATJARNARNA D, SW","20",",E","12",",E","2",",E","","","","","19810626",",,E","","","27.2",",,E,26,","148.4",",,,E"
"SWE00139880","1981-07","62.72","16.18","345.0","ORAATJARNARNA D, SW","13",",E","9",",E","0",",E","","","","","19810727",",,E","","","25.2",",,E,27,","83.5",",,,E"
"SWE00139880","1981-08","62.72","16.18","345.0","ORAATJARNARNA D, SW","12",",E","7",",E","0",",E","","","","","19810802",",,E","","","6.8",",,E,02,","35.2",",,,E"
"SWE00139880","1981-09","62.72","16.18","345.0","ORAATJARNARNA D, SW","11",",E","3",",E","0",",E","","","","","19810929",",,E","","","13.6",",,E,29,","29.0",",,,E"
"SWE00139880","1981-10","62.72","16.18","345.0","ORAATJARNARNA D, SW","21",",E","9",",E","0",",E","","","","","19811010",",,E","","","17.4",",,E,10,","96.4",",,,E"
"SWE00139880","1981-11","62.72","16.18","345.0","ORAATJARNARNA D, SW","16",",E","7",",E","0",",E","","","","","19811123",",,E","","","18.1",",,E,23,","77.4",",,,E"
"SWE00139880","1981-12","62.72","16.18","345.0","ORAATJARNARNA D, SW","20",",E","6",",E","0",",E","","","","","19811227",",,E","","","12.2",",,E,27,","50.1",",,,E"
"SWE00139880","1982-01","62.72","16.18","345.0","ORAATJARNARNA D, SW","18",",E","2",",E","0",",E","","","","","19820102",",,E","","","5.1",",,E,02,","26.3",",,,E"
"SWE00139880","1982-02","62.72","16.18","345.0","ORAATJARNARNA D, SW","8",",E","3",",E","0",",E","","","","","19820206",",,E","","","13.7",",,E,06,","28.7",",,,E"
"SWE00139880","1982-03","62.72","16.18","345.0","ORAATJARNARNA D, SW","15",",E","6",",E","0",",E","","","","","19820311",",,E","","","16.5",",,E,11,","53.6",",,,E"
"SWE00139880","1982-04","62.72","16.18","345.0","ORAATJARNARNA D, SW","10",",E","2",",E","0",",E","","","","","19820407",",,E","","","11.1",",,E,07,","23.4",",,,E"
"SWE00139880","1982-05","62.72","16.18","345.0","ORAATJARNARNA D, SW","14",",E","9",",E","1",",E","","","","","19820528",",,E","","","32.1",",,E,28,","73.7",",,,E"
"SWE00139880","1982-06","62.72","16.18","345.0","ORAATJARNARNA D, SW","7",",E","4",",E","0",",E","","","","","19820623",",,E","","","6.1",",,E,23,","18.7",",,,E"
"SWE00139880","1982-07","62.72","16.18","345.0","ORAATJARNARNA D, SW","10",",E","4",",E","0",",E","","","","","19820703",",,E","","","18.5",",,E,03,","49.6",",,,E"
"SWE00139880","1982-08","62.72","16.18","345.0","ORAATJARNARNA D, SW","16",",E","7",",E","0",",E","","","","","19820814",",,E","","","17.6",",,E,14,","81.1",",,,E"
"SWE00139880","1982-09","62.72","16.18","345.0","ORAATJARNARNA D, SW","13",",E","9",",E","1",",E","","","","","19820921",",,E","","","28.2",",,E,21,","93.7",",,,E"
"SWE00139880","1982-10","62.72","16.18","345.0","ORAATJARNARNA D, SW","10",",E","3",",E","0",",E","","","","","19821019",",,E","","","12.2",",,E,19,","29.1",",,,E"
"SWE00139880","1982-11","62.72","16.18","345.0","ORAATJARNARNA D, SW","14",",E","7",",E","0",",E","","","","","19821113",",,E","","","18.2",",,E,13,","73.5",",,,E"
"SWE00139880","1982-12","62.72","16.18","345.0","ORAATJARNARNA D, SW","17",",E","6",",E","0",",E","","","","","19821215",",,E","","","19.5",",,E,15,","50.8",",,,E"
"SWE00139880","1983-01","62.72","16.18","345.0","ORAATJARNARNA D, SW","22",",E","7",",E","0",",E","","","","","19830130",",,E","","","8.4",",,E,30,","53.1",",,,E"
"SWE00139880","1983-02","62.72","16.18","345.0","ORAATJARNARNA D, SW","8",",E","1",",E","0",",E","","","","","19830205",",,E","","","2.8",",,E,05,","9.0",",,,E"
"SWE00139880","1983-03","62.72","16.18","345.0","ORAATJARNARNA D, SW","20",",E","8",",E","0",",E","","","","","19830326",",,E","","","10.8",",,E,26,","61.4",",,,E"
"SWE00139880","1983-04","62.72","16.18","345.0","ORAATJARNARNA D, SW","17",",E","7",",E","1",",E","","","","","19830423",",,E","","","27.3",",,E,23,","92.0",",,,E"
"SWE00139880","1983-05","62.72","16.18","345.0","ORAATJARNARNA D, SW","12",",E","10",",E","0",",E","","","","","19830528",",,E","","","18.5",",,E,28,","72.3",",,,E"
"SWE00139880","1983-06","62.72","16.18","345.0","ORAATJARNARNA D, SW","9",",E","5",",E","0",",E","","","","","19830626",",,E","","","9.1",",,E,26,","28.7",",,,E"
"SWE00139880","1983-07","62.72","16.18","345.0","ORAATJARNARNA D, SW","12",",E","6",",E","0",",E","","","","","19830715",",,E","","","7.5",",,E,15,","40.6",",,,E"
"SWE00139880","1983-08","62.72","16.18","345.0","ORAATJARNARNA D, SW","10",",E","2",",E","0",",E","","","","","19830816",",,E","","","6.8",",,E,16,","19.5",",,,E"
"SWE00139880","1983-09","62.72","16.18","345.0","ORAATJARNARNA D, SW","20",",E","13",",E","3",",E","","","","","19830911",",,E","","","33.5",",,E,11,","164.3",",,,E"
"SWE00139880","1983-10","62.72","16.18","345.0","ORAATJARNARNA D, SW","19",",E","7",",E","0",",E","","","","","19831004",",,E","","","15.7",",,E,04,","75.6",",,,E"
"SWE00139880","1983-11","62.72","16.18","345.0","ORAATJARNARNA D, SW","12",",E","3",",E","0",",E","","","","","19831119",",,E","","","7.6",",,E,19,","23.6",",,,E"
"SWE00139880","1983-12","62.72","16.18","345.0","ORAATJARNARNA D, SW","23",",E","9",",E","0",",E","","","","","19831223",",,E","","","10.3",",,E,23,","59.2",",,,E"
"SWE00139880","1984-01","62.72","16.18","345.0","ORAATJARNARNA D, SW","17",",E","5",",E","0",",E","","","","","19840113",",,E","","","8.6",",,E,13,","39.7",",,,E"
"SWE00139880","1984-02","62.72","16.18","345.0","ORAATJARNARNA D, SW","17",",E","5",",E","0",",E","","","","","19840206",",,E","","","6.4",",,E,06,","35.6",",,,E"
"SWE00139880","1984-03","62.72","16.18","345.0","ORAATJARNARNA D, SW","13",",E","4",",E","0",",E","","","","","19840329",",,E","","","11.0",",,E,29,","34.5",",,,E"
"SWE00139880","1984-04","62.72","16.18","345.0","ORAATJARNARNA D, SW","9",",E","2",",E","0",",E","","","","","19840425",",,E","","","6.9",",,E,25,","18.4",",,,E"
"SWE00139880","1984-05","62.72","16.18","345.0","ORAATJARNARNA D, SW","8",",E","2",",E","0",",E","","","","","19840516",",,E","","","6.5",",,E,16,","14.4",",,,E"
"SWE00139880","1984-06","62.72","16.18","345.0","ORAATJARNARNA D, SW","20",",E","14",",E","0",",E","","","","","19840624",",,E","","","12.6",",,E,24,","85.0",",,,E"
"SWE00139880","1984-07","62.72","16.18","345.0","ORAATJARNARNA D, SW","12",",E","4",",E","0",",E","","","","","19840725",",,E","","","12.9",",,E,25,","45.7",",,,E"
"SWE00139880","1984-08","62.72","16.18","345.0","ORAATJARNARNA D, SW","13",",E","5",",E","0",",E","","","","","19840803",",,E","","","18.8",",,E,03,","78.7",",,,E"
"SWE00139880","1984-09","62.72","16.18","345.0","ORAATJARNARNA D, SW","23",",E","12",",E","1",",E","","","","","19840903",",,E","","","27.0",",,E,03,","112.4",",,,E"
"SWE00139880","1984-10","62.72","16.18","345.0","ORAATJARNARNA D, SW","24",",E","17",",E","0",",E","","","","","19841006",",,E","","","19.4",",,E,06,","135.2",",,,E"
"SWE00139880","1984-11","62.72","16.18","345.0","ORAATJARNARNA D, SW","13",",E","6",",E","0",",E","","","","","19841127",",,E","","","9.7",",,E,27,","46.0",",,,E"
"SWE00139880","1984-12","62.72","16.18","345.0","ORAATJARNARNA D, SW","16",",E","6",",E","0",",E","","","","","19841218",",,E","","","7.4",",,E,18,","42.2",",,,E"
"SWE00139880","1985-01","62.72","16.18","345.0","ORAATJARNARNA D, SW","12",",E","6",",E","0",",E","","","","","19850131",",,E","","","10.7",",,E,31,","37.2",",,,E"
"SWE00139880","1985-02","62.72","16.18","345.0","ORAATJARNARNA D, SW","16",",E","8",",E","0",",E","","","","","19850223",",,E","","","8.6",",,E,23,","50.5",",,,E"
"SWE00139880","1985-03","62.72","16.18","345.0","ORAATJARNARNA D, SW","17",",E","6",",E","0",",E","","","","","19850328",",,E","","","16.0",",,E,28,","43.3",",,,E"
"SWE00139880","1985-04","62.72","16.18","345.0","ORAATJARNARNA D, SW","10",",E","3",",E","0",",E","","","","","19850402",",,E","","","13.8",",,E,02,","31.0",",,,E"
"SWE00139880","1985-05","62.72","16.18","345.0","ORAATJARNARNA D, SW","10",",E","7",",E","0",",E","","","","","19850529",",,E","","","22.1",",,E,29,","76.7",",,,E"
"SWE00139880","1985-06","62.72","16.18","345.0","ORAATJARNARNA D, SW","12",",E","4",",E","0",",E","","","","","19850609",",,E","","","19.7",",,E,09,","53.2",",,,E"
"SWE00139880","1985-07","62.72","16.18","345.0","ORAATJARNARNA D, SW","16",",E","8",",E","1",",E","","","","","19850715",",,E","","","29.5",",,E,15,","116.5",",,,E"
"SWE00139880","1985-08","62.72","16.18","345.0","ORAATJARNARNA D, SW","22",",E","12",",E","0",",E","","","","","19850810",",,E","","","23.6",",,E,10,","127.8",",,,E"
"SWE00139880","1985-09","62.72","16.18","345.0","ORAATJARNARNA D, SW","15",",E","9",",E","0",",E","","","","","19850904",",,E","","","18.2",",,E,04,","86.7",",,,E"
"SWE00139880","1985-10","62.72","16.18","345.0","ORAATJARNARNA D, SW","15",",E","7",",E","0",",E","","","","","19851011",",,E","","","19.0",",,E,11,","63.1",",,,E"
"SWE00139880","1985-11","62.72","16.18","345.0","ORAATJARNARNA D, SW","16",",E","6",",E","0",",E","","","","","19851109",",,E","","","12.7",",,E,09,","59.8",",,,E"
"SWE00139880","1985-12","62.72","16.18","345.0","ORAATJARNARNA D, SW","17",",E","9",",E","0",",E","","","","","19851203",",,E","","","13.1",",,E,03,","60.4",",,,E"
"SWE00139880","1986-01","62.72","16.18","345.0","ORAATJARNARNA D, SW","17",",E","10",",E","0",",E","","","","","19860121",",,E","","","5.3",",,E,21,","49.6",",,,E"
"SWE00139880","1986-02","62.72","16.18","345.0","ORAATJARNARNA D, SW","8",",E","0",",E","0",",E","","","","","19860201",",,E","","","1.7",",,E,01,","6.2",",,,E"
"SWE00139880","1986-03","62.72","16.18","345.0","ORAATJARNARNA D, SW","11",",E","4",",E","0",",E","","","","","19860323",",,E","","","7.0",",,E,23,","27.7",",,,E"
"SWE00139880","1986-04","62.72","16.18","345.0","ORAATJARNARNA D, SW","18",",E","7",",E","0",",E","","","","","19860401",",,E","","","8.2",",,E,01,","48.3",",,,E"
"SWE00139880","1986-05","62.72","16.18","345.0","ORAATJARNARNA D, SW","14",",E","7",",E","0",",E","","","","","19860521",",,E","","","7.1",",,E,21,","41.7",",,,E"
"SWE00139880","1986-06","62.72","16.18","345.0","ORAATJARNARNA D, SW","6",",E","3",",E","0",",E","","","","","19860607",",,E","","","19.5",",,E,07,","30.2",",,,E"
"SWE00139880","1986-07","62.72","16.18","345.0","ORAATJARNARNA D, SW","14",",E","8",",E","0",",E","","","","","19860708",",,E","","","24.0",",,E,08,","84.2",",,,E"
"SWE00139880","1986-08","62.72","16.18","345.0","ORAATJARNARNA D, SW","21",",E","17",",E","1",",E","","","","","19860817",",,E","","","27.6",",,E,17,","177.0",",,,E"
"SWE00139880","1986-09","62.72","16.18","345.0","ORAATJARNARNA D, SW","21",",E","9",",E","0",",E","","","","","19860910",",,E","","","19.6",",,E,10,","83.1",",,,E"
"SWE00139880","1986-10","62.72","16.18","345.0","ORAATJARNARNA D, SW","16",",E","6",",E","0",",E","","","","","19861028",",,E","","","6.8",",,E,28,","39.0",",,,E"
"SWE00139880","1986-11","62.72","16.18","345.0","ORAATJARNARNA D, SW","17",",E","11",",E","0",",E","","","","","19861117",",,E","","","13.2",",,E,17,","74.2",",,,E"
"SWE00139880","1986-12","62.72","16.18","345.0","ORAATJARNARNA D, SW","25",",E","7",",E","0",",E","","","","","19861205",",,E","","","24.9",",,E,05,","79.2",",,,E"
"SWE00139880","1987-01","62.72","16.18","345.0","ORAATJARNARNA D, SW","17",",E","7",",E","0",",E","","","","","19870130","+,,E","","","4.7",",,E,30,+","36.5",",,,E"
"SWE00139880","1987-02","62.72","16.18","345.0","ORAATJARNARNA D, SW","19",",E","6",",E","0",",E","","","","","19870213",",,E","","","21.2",",,E,13,","52.6",",,,E"
"SWE00139880","1987-03","62.72","16.18","345.0","ORAATJARNARNA D, SW","13",",E","4",",E","0",",E","","","","","19870328",",,E","","","10.0",",,E,28,","35.2",",,,E"
"SWE00139880","1987-04","62.72","16.18","345.0","ORAATJARNARNA D, SW","6",",E","2",",E","0",",E","","","","","19870421",",,E","","","4.0",",,E,21,","8.8",",,,E"
"SWE00139880","1987-05","62.72","16.18","345.0","ORAATJARNARNA D, SW","18",",E","6",",E","0",",E","","","","","19870517",",,E","","","16.5",",,E,17,","66.9",",,,E"
"SWE00139880","1987-06","62.72","16.18","345.0","ORAATJARNARNA D, SW","25",",E","14",",E","0",",E","","","","","19870622",",,E","","","22.0",",,E,22,","135.7",",,,E"
"SWE00139880","1987-07","62.72","16.18","345.0","ORAATJARNARNA D, SW","16",",E","7",",E","1",",E","","","","","19870707",",,E","","","31.0",",,E,07,","86.1",",,,E"
"SWE00139880","1987-08","62.72","16.18","345.0","ORAATJARNARNA D, SW","16",",E","10",",E","1",",E","","","","","19870802",",,E","","","25.5",",,E,02,","107.6",",,,E"
"SWE00139880","1987-09","62.72","16.18","345.0","ORAATJARNARNA D, SW","22",",E","11",",E","2",",E","","","","","19870917",",,E","","","28.6",",,E,17,","136.5",",,,E"
"SWE00139880","1987-10","62.72","16.18","345.0","ORAATJARNARNA D, SW","15",",E","8",",E","0",",E","","","","","19871015",",,E","","","10.5",",,E,15,","52.4",",,,E"
"SWE00139880","1987-11","62.72","16.18","345.0","ORAATJARNARNA D, SW","21",",E","10",",E","0",",E","","","","","19871120",",,E","","","8.1",",,E,20,","61.8",",,,E"
"SWE00139880","1987-12","62.72","16.18","345.0","ORAATJARNARNA D, SW","17",",E","10",",E","0",",E","","","","","19871231",",,E","","","11.4",",,E,31,","66.6",",,,E"
"SWE00139880","1988-01","62.72","16.18","345.0","ORAATJARNARNA D, SW","19",",E","10",",E","0",",E","","","","","19880102",",,E","","","8.9",",,E,02,","70.9",",,,E"
"SWE00139880","1988-02","62.72","16.18","345.0","ORAATJARNARNA D, SW","27",",E","11",",E","0",",E","","","","","19880228",",,E","","","12.0",",,E,28,","78.7",",,,E"
"SWE00139880","1988-03","62.72","16.18","345.0","ORAATJARNARNA D, SW","22",",E","9",",E","0",",E","","","","","19880304",",,E","","","11.7",",,E,04,","64.8",",,,E"
"SWE00139880","1988-04","62.72","16.18","345.0","ORAATJARNARNA D, SW","8",",E","3",",E","0",",E","","","","","19880417","+,,E","","","5.0",",,E,17,+","20.6",",,,E"
"SWE00139880","1988-05","62.72","16.18","345.0","ORAATJARNARNA D, SW","8",",E","3",",E","0",",E","","","","","19880530",",,E","","","12.8",",,E,30,","27.2",",,,E"
"SWE00139880","1988-06","62.72","16.18","345.0","ORAATJARNARNA D, SW","9",",E","5",",E","0",",E","","","","","19880604",",,E","","","8.6",",,E,04,","28.2",",,,E"
"SWE00139880","1988-07","62.72","16.18","345.0","ORAATJARNARNA D, SW","15",",E","8",",E","0",",E","","","","","19880707",",,E","","","11.3",",,E,07,","58.9",",,,E"
"SWE00139880","1988-08","62.72","16.18","345.0","ORAATJARNARNA D, SW","18",",E","11",",E","0",",E","","","","","19880824",",,E","","","13.7",",,E,24,","93.3",",,,E"
"SWE00139880","1988-09","62.72","16.18","345.0","ORAATJARNARNA D, SW","21",",E","7",",E","0",",E","","","","","19880912",",,E","","","19.1",",,E,12,","78.6",",,,E"
"SWE00139880","1988-10","62.72","16.18","345.0","ORAATJARNARNA D, SW","10",",E","5",",E","0",",E","","","","","19881013",",,E","","","6.2",",,E,13,","27.5",",,,E"
"SWE00139880","1988-11","62.72","16.18","345.0","ORAATJARNARNA D, SW","9",",E","3",",E","0",",E","","","","","19881101",",,E","","","7.6",",,E,01,","26.3",",,,E"
"SWE00139880","1988-12","62.72","16.18","345.0","ORAATJARNARNA D, SW","17",",E","8",",E","0",",E","","","","","19881226",",,E","","","8.0",",,E,26,","44.5",",,,E"
"SWE00139880","1989-01","62.72","16.18","345.0","ORAATJARNARNA D, SW","15",",E","4",",E","0",",E","","","","","19890113",",,E","","","7.2",",,E,13,","29.4",",,,E"
"SWE00139880","1989-02","62.72","16.18","345.0","ORAATJARNARNA D, SW","12",",E","7",",E","0",",E","","","","","19890227","+,,E","","","8.6",",,E,27,+","50.7",",,,E"
"SWE00139880","1989-03","62.72","16.18","345.0","ORAATJARNARNA D, SW","16",",E","7",",E","0",",E","","","","","19890308",",,E","","","12.8",",,E,08,","71.3",",,,E"
"SWE00139880","1989-04","62.72","16.18","345.0","ORAATJARNARNA D, SW","15",",E","7",",E","0",",E","","","","","19890422",",,E","","","20.0",",,E,22,","78.3",",,,E"
"SWE00139880","1989-05","62.72","16.18","345.0","ORAATJARNARNA D, SW","14",",E","7",",E","0",",E","","","","","19890509",",,E","","","16.8",",,E,09,","61.5",",,,E"
"SWE00139880","1989-06","62.72","16.18","345.0","ORAATJARNARNA D, SW","11",",E","7",",E","0",",E","","","","","19890622",",,E","","","18.6",",,E,22,","77.1",",,,E"
"SWE00139880","1989-07","62.72","16.18","345.0","ORAATJARNARNA D, SW","9",",E","6",",E","1",",E","","","","","19890731",",,E","","","29.3",",,E,31,","46.5",",,,E"
"SWE00139880","1989-08","62.72","16.18","345.0","ORAATJARNARNA D, SW","19",",E","10",",E","0",",E","","","","","19890804",",,E","","","19.5",",,E,04,","103.8",",,,E"
"SWE00139880","1989-09","62.72","16.18","345.0","ORAATJARNARNA D, SW","9",",E","2",",E","0",",E","","","","","19890919","+,,E","","","2.6",",,E,19,+","12.4",",,,E"
"SWE00139880","1989-10","62.72","16.18","345.0","ORAATJARNARNA D, SW","14",",E","1",",E","0",",E","","","","","19891009",",,E","","","3.1",",,E,09,","14.9",",,,E"
"SWE00139880","1989-11","62.72","16.18","345.0","ORAATJARNARNA D, SW","15",",E","7",",E","0",",E","","","","","19891107",",,E","","","11.9",",,E,07,","51.4",",,,E"
"SWE00139880","1989-12","62.72","16.18","345.0","ORAATJARNARNA D, SW","11",",E","8",",E","0",",E","","","","","19891218",",,E","","","7.1",",,E,18,","43.0",",,,E"
"SWE00139880","1990-01","62.72","16.18","345.0","ORAATJARNARNA D, SW","22",",E","10",",E","0",",E","","","","","19900112",",,E","","","14.5",",,E,12,","89.9",",,,E"
"SWE00139880","1990-02","62.72","16.18","345.0","ORAATJARNARNA D, SW","12",",E","5",",E","0",",E","","","","","19900226",",,E","","","8.9",",,E,26,","37.6",",,,E"
"SWE00139880","1990-03","62.72","16.18","345.0","ORAATJARNARNA D, SW","10",",E","3",",E","0",",E","","","","","19900311","+,,E","","","3.1",",,E,11,+","17.4",",,,E"
"SWE00139880","1990-04","62.72","16.18","345.0","ORAATJARNARNA D, SW","14",",E","9",",E","0",",E","","","","","19900426",",,E","","","13.1",",,E,26,","58.7",",,,E"
"SWE00139880","1990-05","62.72","16.18","345.0","ORAATJARNARNA D, SW","5",",E","2",",E","0",",E","","","","","19900524",",,E","","","14.2",",,E,24,","22.7",",,,E"
"SWE00139880","1990-06","62.72","16.18","345.0","ORAATJARNARNA D, SW","12",",E","7",",E","0",",E","","","","","19900628",",,E","","","19.5",",,E,28,","63.8",",,,E"
"SWE00139880","1990-07","62.72","16.18","345.0","ORAATJARNARNA D, SW","24",",E","16",",E","0",",E","","","","","19900723",",,E","","","19.3",",,E,23,","143.9",",,,E"
"SWE00139880","1990-08","62.72","16.18","345.0","ORAATJARNARNA D, SW","20",",E","3",",E","0",",E","","","","","19900806",",,E","","","6.8",",,E,06,","34.3",",,,E"
"SWE00139880","1990-09","62.72","16.18","345.0","ORAATJARNARNA D, SW","20",",E","11",",E","0",",E","","","","","19900919",",,E","","","21.0",",,E,19,","85.6",",,,E"
"SWE00139880","1990-10","62.72","16.18","345.0","ORAATJARNARNA D, SW","8",",E","5",",E","0",",E","","","","","19901030",",,E","","","17.4",",,E,30,","45.6",",,,E"
"SWE00139880","1990-11","62.72","16.18","345.0","ORAATJARNARNA D, SW","17",",E","6",",E","0",",E","","","","","19901101",",,E","","","9.9",",,E,01,","46.6",",,,E"
"SWE00139880","1990-12","62.72","16.18","345.0","ORAATJARNARNA D, SW","18",",E","4",",E","0",",E","","","","","19901227",",,E","","","11.7",",,E,27,","53.2",",,,E"
"SWE00139880","1991-01","62.72","16.18","345.0","ORAATJARNARNA D, SW","14",",E","8",",E","0",",E","","","","","19910103",",,E","","","7.5",",,E,03,","41.5",",,,E"
"SWE00139880","1991-02","62.72","16.18","345.0","ORAATJARNARNA D, SW","10",",E","3",",E","0",",E","","","","","19910201",",,E","","","4.1",",,E,01,","17.3",",,,E"
"SWE00139880","1991-03","62.72","16.18","345.0","ORAATJARNARNA D, SW","16",",E","9",",E","0",",E","","","","","19910322",",,E","","","10.7",",,E,22,","52.4",",,,E"
"SWE00139880","1991-04","62.72","16.18","345.0","ORAATJARNARNA D, SW","6",",E","3",",E","0",",E","","","","","19910401",",,E","","","5.7",",,E,01,","15.2",",,,E"
"SWE00139880","1991-05","62.72","16.18","345.0","ORAATJARNARNA D, SW","10",",E","3",",E","1",",E","","","","","19910514",",,E","","","36.0",",,E,14,","60.6",",,,E"
"SWE00139880","1991-06","62.72","16.18","345.0","ORAATJARNARNA D, SW","27",",E","19",",E","1",",E","","","","","19910629",",,E","","","31.5",",,E,29,","147.5",",,,E"
"SWE00139880","1991-07","62.72","16.18","345.0","ORAATJARNARNA D, SW","12",",E","8",",E","0",",E","","","","","19910719",",,E","","","24.7",",,E,19,","64.8",",,,E"
"SWE00139880","1991-08","62.72","16.18","345.0","ORAATJARNARNA D, SW","15",",E","8",",E","0",",E","","","","","19910818",",,E","","","7.4",",,E,18,","43.0",",,,E"
"SWE00139880","1991-09","62.72","16.18","345.0","ORAATJARNARNA D, SW","14",",E","7",",E","0",",E","","","","","19910910",",,E","","","20.1",",,E,10,","75.1",",,,E"
"SWE00139880","1991-10","62.72","16.18","345.0","ORAATJARNARNA D, SW","17",",E","9",",E","0",",E","","","","","19911017",",,E","","","15.5",",,E,17,","67.3",",,,E"
"SWE00139880","1991-11","62.72","16.18","345.0","ORAATJARNARNA D, SW","11",",E","7",",E","0",",E","","","","","19911103",",,E","","","10.8",",,E,03,","44.3",",,,E"
"SWE00139880","1991-12","62.72","16.18","345.0","ORAATJARNARNA D, SW","13",",E","5",",E","0",",E","","","","","19911222",",,E","","","6.2",",,E,22,","30.7",",,,E"
"SWE00139880","1992-01","62.72","16.18","345.0","ORAATJARNARNA D, SW","8",",E","4",",E","0",",E","","","","","19920116",",,E","","","5.8",",,E,16,","21.1",",,,E"
"SWE00139880","1992-02","62.72","16.18","345.0","ORAATJARNARNA D, SW","12",",E","4",",E","0",",E","","","","","19920213",",,E","","","15.3",",,E,13,","35.6",",,,E"
"SWE00139880","1992-03","62.72","16.18","345.0","ORAATJARNARNA D, SW","17",",E","6",",E","0",",E","","","","","19920319",",,E","","","4.6",",,E,19,","33.2",",,,E"
"SWE00139880","1992-04","62.72","16.18","345.0","ORAATJARNARNA D, SW","20",",E","8",",E","2",",E","","","","","19920425",",,E","","","28.5",",,E,25,","114.6",",,,E"
"SWE00139880","1992-05","62.72","16.18","345.0","ORAATJARNARNA D, SW","14",",E","4",",E","0",",E","","","","","19920501",",,E","","","6.3",",,E,01,","27.4",",,,E"
"SWE00139880","1992-06","62.72","16.18","345.0","ORAATJARNARNA D, SW","9",",E","5",",E","0",",E","","","","","19920620",",,E","","","9.5",",,E,20,","32.8",",,,E"
"SWE00139880","1992-07","62.72","16.18","345.0","ORAATJARNARNA D, SW","21",",E","8",",E","1",",E","","","","","19920714",",,E","","","34.0",",,E,14,","132.0",",,,E"
"SWE00139880","1992-08","62.72","16.18","345.0","ORAATJARNARNA D, SW","20",",E","11",",E","0",",E","","","","","19920810",",,E","","","15.8",",,E,10,","125.7",",,,E"
"SWE00139880","1992-09","62.72","16.18","345.0","ORAATJARNARNA D, SW","7",",E","5",",E","0",",E","","","","","19920904",",,E","","","11.8",",,E,04,","35.1",",,,E"
"SWE00139880","1992-10","62.72","16.18","345.0","ORAATJARNARNA D, SW","19",",E","7",",E","0",",E","","","","","19921015",",,E","","","9.2",",,E,15,","53.9",",,,E"
"SWE00139880","1992-11","62.72","16.18","345.0","ORAATJARNARNA D, SW","24",",E","12",",E","0",",E","","","","","19921125",",,E","","","13.0",",,E,25,","108.8",",,,E"
"SWE00139880","1992-12","62.72","16.18","345.0","ORAATJARNARNA D, SW","11",",E","2",",E","0",",E","","","","","19921203",",,E","","","24.1",",,E,03,","38.8",",,,E"
"SWE00139880","1993-01","62.72","16.18","345.0","ORAATJARNARNA D, SW","15",",E","3",",E","0",",E","","","","","19930115",",,E","","","6.5",",,E,15,","28.5",",,,E"
"SWE00139880","1993-02","62.72","16.18","345.0","ORAATJARNARNA D, SW","9",",E","2",",E","0",",E","","","","","19930218",",,E","","","12.5",",,E,18,","23.5",",,,E"
"SWE00139880","1993-03","62.72","16.18","345.0","ORAATJARNARNA D, SW","9",",E","2",",E","0",",E","","","","","19930322",",,E","","","4.9",",,E,22,","15.4",",,,E"
"SWE00139880","1993-04","62.72","16.18","345.0","ORAATJARNARNA D, SW","5",",E","1",",E","0",",E","","","","","19930420",",,E","","","3.7",",,E,20,","6.7",",,,E"
"SWE00139880","1993-05","62.72","16.18","345.0","ORAATJARNARNA D, SW","16",",E","8",",E","0",",E","","","","","19930512",",,E","","","13.2",",,E,12,","62.3",",,,E"
"SWE00139880","1993-06","62.72","16.18","345.0","ORAATJARNARNA D, SW","20",",E","14",",E","1",",E","","","","","19930602",",,E","","","25.7",",,E,02,","100.6",",,,E"
"SWE00139880","1993-07","62.72","16.18","345.0","ORAATJARNARNA D, SW","25",",E","12",",E","3",",E","","","","","19930722",",,E","","","60.7",",,E,22,","233.1",",,,E"
"SWE00139880","1993-08","62.72","16.18","345.0","ORAATJARNARNA D, SW","23",",E","12",",E","2",",E","","","","","19930813",",,E","","","44.3",",,E,13,","184.8",",,,E"
"SWE00139880","1993-09","62.72","16.18","345.0","ORAATJARNARNA D, SW","11",",E","4",",E","0",",E","","","","","19930901",",,E","","","7.0",",,E,01,","24.7",",,,E"
"SWE00139880","1993-10","62.72","16.18","345.0","ORAATJARNARNA D, SW","15",",E","9",",E","1",",E","","","","","19931012",",,E","","","34.5",",,E,12,","129.7",",,,E"
"SWE00139880","1993-11","62.72","16.18","345.0","ORAATJARNARNA D, SW","17",",E","5",",E","0",",E","","","","","19931107",",,E","","","7.0",",,E,07,","32.6",",,,E"
"SWE00139880","1993-12","62.72","16.18","345.0","ORAATJARNARNA D, SW","22",",E","11",",E","0",",E","","","","","19931204",",,E","","","16.4",",,E,04,","99.9",",,,E"
"SWE00139880","1994-01","62.72","16.18","345.0","ORAATJARNARNA D, SW","23",",E","12",",E","0",",E","","","","","19940107",",,E","","","15.0",",,E,07,","91.0",",,,E"
"SWE00139880","1994-02","62.72","16.18","345.0","ORAATJARNARNA D, SW","5",",E","0",",E","0",",E","","","","","19940202",",,E","","","1.5",",,E,02,","3.7",",,,E"
"SWE00139880","1994-03","62.72","16.18","345.0","ORAATJARNARNA D, SW","13",",E","5",",E","0",",E","","","","","19940323",",,E","","","12.0",",,E,23,","45.7",",,,E"
"SWE00139880","1994-04","62.72","16.18","345.0","ORAATJARNARNA D, SW","13",",E","2",",E","0",",E","","","","","19940405",",,E","","","12.0",",,E,05,","28.4",",,,E"
"SWE00139880","1994-05","62.72","16.18","345.0","ORAATJARNARNA D, SW","10",",E","4",",E","0",",E","","","","","19940519",",,E","","","14.0",",,E,19,","33.4",",,,E"
"SWE00139880","1994-06","62.72","16.18","345.0","ORAATJARNARNA D, SW","23",",E","10",",E","0",",E","","","","","19940606",",,E","","","12.7",",,E,06,","74.8",",,,E"
"SWE00139880","1994-07","62.72","16.18","345.0","ORAATJARNARNA D, SW","6",",E","2",",E","0",",E","","","","","19940729",",,E","","","15.3",",,E,29,","29.9",",,,E"
"SWE00139880","1994-08","62.72","16.18","345.0","ORAATJARNARNA D, SW","10",",E","4",",E","0",",E","","","","","19940822",",,E","","","11.5",",,E,22,","33.2",",,,E"
"SWE00139880","1994-09","62.72","16.18","345.0","ORAATJARNARNA D, SW","12",",E","6",",E","0",",E","","","","","19940916",",,E","","","12.3",",,E,16,","56.3",",,,E"
"SWE00139880","1994-10","62.72","16.18","345.0","ORAATJARNARNA D, SW","16",",E","9",",E","0",",E","","","","","19941027",",,E","","","13.3",",,E,27,","83.2",",,,E"
"SWE00139880","1994-11","62.72","16.18","345.0","ORAATJARNARNA D, SW","16",",E","6",",E","0",",E","","","","","19941101",",,E","","","11.3",",,E,01,","48.4",",,,E"
"SWE00139880","1994-12","62.72","16.18","345.0","ORAATJARNARNA D, SW","16",",E","8",",E","0",",E","","","","","19941231",",,E","","","17.0",",,E,31,","59.3",",,,E"
"SWE00139880","1995-01","62.72","16.18","345.0","ORAATJARNARNA D, SW","17",",E","7",",E","0",",E","","","","","19950110",",,E","","","7.7",",,E,10,","47.3",",,,E"
"SWE00139880","1995-02","62.72","16.18","345.0","ORAATJARNARNA D, SW","16",",E","4",",E","0",",E","","","","","19950212",",,E","","","5.3",",,E,12,","30.5",",,,E"
"SWE00139880","1995-03","62.72","16.18","345.0","ORAATJARNARNA D, SW","20",",E","7",",E","0",",E","","","","","19950318",",,E","","","19.4",",,E,18,","66.5",",,,E"
"SWE00139880","1995-04","62.72","16.18","345.0","ORAATJARNARNA D, SW","15",",E","7",",E","0",",E","","","","","19950418",",,E","","","13.6",",,E,18,","63.8",",,,E"
"SWE00139880","1995-05","62.72","16.18","345.0","ORAATJARNARNA D, SW","15",",E","6",",E","0",",E","","","","","19950518",",,E","","","22.2",",,E,18,","60.5",",,,E"
"SWE00139880","1995-06","62.72","16.18","345.0","ORAATJARNARNA D, SW","16",",E","7",",E","0",",E","","","","","19950619",",,E","","","13.5",",,E,19,","65.8",",,,E"
"SWE00139880","1995-07","62.72","16.18","345.0","ORAATJARNARNA D, SW","11",",E","8",",E","0",",E","","","","","19950721",",,E","","","16.0",",,E,21,","67.8",",,,E"
"SWE00139880","1995-08","62.72","16.18","345.0","ORAATJARNARNA D, SW","12",",E","8",",E","0",",E","","","","","19950825",",,E","","","22.3",",,E,25,","112.3",",,,E"
"SWE00139880","1995-09","62.72","16.18","345.0","ORAATJARNARNA D, SW","19",",E","6",",E","0",",E","","","","","19950905",",,E","","","4.5",",,E,05,","38.0",",,,E"
"SWE00139880","1995-10","62.72","16.18","345.0","ORAATJARNARNA D, SW","15",",E","8",",E","0",",E","","","","","19951027",",,E","","","10.6",",,E,27,","43.3",",,,E"
"SWE00139880","1995-11","62.72","16.18","345.0","ORAATJARNARNA D, SW","15",",E","5",",E","0",",E","","","","","19951125",",,E","","","15.0",",,E,25,","43.2",",,,E"
"SWE00139880","1995-12","62.72","16.18","345.0","ORAATJARNARNA D, SW","12",",E","0",",E","0",",E","","","","","19951217",",,E","","","1.8",",,E,17,","8.4",",,,E"
"SWE00139880","1996-01","62.72","16.18","345.0","ORAATJARNARNA D, SW","11",",E","1",",E","0",",E","","","","","19960113",",,E","","","4.0",",,E,13,","8.7",",,,E"
"SWE00139880","1996-02","62.72","16.18","345.0","ORAATJARNARNA D, SW","11",",E","0",",E","0",",E","","","","","19960226","+,,E","","","1.8",",,E,26,+","12.2",",,,E"
"SWE00139880","1996-03","62.72","16.18","345.0","ORAATJARNARNA D, SW","7",",E","2",",E","0",",E","","","","","19960331",",,E","","","6.9",",,E,31,","16.4",",,,E"
"SWE00139880","1996-04","62.72","16.18","345.0","ORAATJARNARNA D, SW","6",",E","3",",E","0",",E","","","","","19960423",",,E","","","13.0",",,E,23,","31.3",",,,E"
"SWE00139880","1996-05","62.72","16.18","345.0","ORAATJARNARNA D, SW","17",",E","10",",E","0",",E","","","","","19960505",",,E","","","11.3",",,E,05,","57.9",",,,E"
"SWE00139880","1996-06","62.72","16.18","345.0","ORAATJARNARNA D, SW","17",",E","9",",E","0",",E","","","","","19960617",",,E","","","23.0",",,E,17,","87.2",",,,E"
"SWE00139880","1996-07","62.72","16.18","345.0","ORAATJARNARNA D, SW","18",",E","12",",E","0",",E","","","","","19960717",",,E","","","14.0",",,E,17,","89.9",",,,E"
"SWE00139880","1996-08","62.72","16.18","345.0","ORAATJARNARNA D, SW","9",",E","7",",E","2",",E","","","","","19960826",",,E","","","43.3",",,E,26,","104.9",",,,E"
"SWE00139880","1996-09","62.72","16.18","345.0","ORAATJARNARNA D, SW","10",",E","3",",E","0",",E","","","","","19960929",",,E","","","15.5",",,E,29,","31.0",",,,E"
"SWE00139880","1996-10","62.72","16.18","345.0","ORAATJARNARNA D, SW","15",",E","7",",E","0",",E","","","","","19961017",",,E","","","21.5",",,E,17,","82.9",",,,E"
"SWE00139880","1996-11","62.72","16.18","345.0","ORAATJARNARNA D, SW","19",",E","14",",E","0",",E","","","","","19961119",",,E","","","21.5",",,E,19,","111.4",",,,E"
"SWE00139880","1996-12","62.72","16.18","345.0","ORAATJARNARNA D, SW","17",",E","6",",E","0",",E","","","","","19961211",",,E","","","9.3",",,E,11,","51.2",",,,E"
"SWE00139880","1997-01","62.72","16.18","345.0","ORAATJARNARNA D, SW","9",",E","1",",E","0",",E","","","","","19970112",",,E","","","3.0",",,E,12,","9.9",",,,E"
"SWE00139880","1997-02","62.72","16.18","345.0","ORAATJARNARNA D, SW","17",",E","9",",E","0",",E","","","","","19970211",",,E","","","18.2",",,E,11,","72.4",",,,E"
"SWE00139880","1997-03","62.72","16.18","345.0","ORAATJARNARNA D, SW","12",",E","3",",E","0",",E","","","","","19970326",",,E","","","16.4",",,E,26,","33.5",",,,E"
"SWE00139880","1997-04","62.72","16.18","345.0","ORAATJARNARNA D, SW","14",",E","7",",E","0",",E","","","","","19970421",",,E","","","23.4",",,E,21,","56.6",",,,E"
"SWE00139880","1997-05","62.72","16.18","345.0","ORAATJARNARNA D, SW","10",",E","5",",E","0",",E","","","","","19970527",",,E","","","14.7",",,E,27,","56.4",",,,E"
"SWE00139880","1997-06","62.72","16.18","345.0","ORAATJARNARNA D, SW","12",",E","6",",E","0",",E","","","","","19970622",",,E","","","11.7",",,E,22,","55.0",",,,E"
"SWE00139880","1997-07","62.72","16.18","345.0","ORAATJARNARNA D, SW","6",",E","3",",E","0",",E","","","","","19970728",",,E","","","12.4",",,E,28,","25.9",",,,E"
"SWE00139880","1997-08","62.72","16.18","345.0","ORAATJARNARNA D, SW","10",",E","7",",E","1",",E","","","","","19970831",",,E","","","37.4",",,E,31,","76.4",",,,E"
"SWE00139880","1997-09","62.72","16.18","345.0","ORAATJARNARNA D, SW","15",",E","6",",E","0",",E","","","","","19970902",",,E","","","12.5",",,E,02,","50.8",",,,E"
"SWE00139880","1997-10","62.72","16.18","345.0","ORAATJARNARNA D, SW","11",",E","3",",E","0",",E","","","","","19971008",",,E","","","16.5",",,E,08,","33.3",",,,E"
"SWE00139880","1997-11","62.72","16.18","345.0","ORAATJARNARNA D, SW","17",",E","11",",E","0",",E","","","","","19971110",",,E","","","16.7",",,E,10,","78.9",",,,E"
"SWE00139880","1997-12","62.72","16.18","345.0","ORAATJARNARNA D, SW","19",",E","4",",E","0",",E","","","","","19971215",",,E","","","24.5",",,E,15,","58.6",",,,E"
"SWE00139880","1998-01","62.72","16.18","345.0","ORAATJARNARNA D, SW","18",",E","9",",E","0",",E","","","","","19980109",",,E","","","7.7",",,E,09,","50.2",",,,E"
"SWE00139880","1998-02","62.72","16.18","345.0","ORAATJARNARNA D, SW","18",",E","8",",E","0",",E","","","","","19980214",",,E","","","8.0",",,E,14,","42.2",",,,E"
"SWE00139880","1998-03","62.72","16.18","345.0","ORAATJARNARNA D, SW","12",",E","5",",E","0",",E","","","","","19980303",",,E","","","5.9",",,E,03,","27.7",",,,E"
"SWE00139880","1998-04","62.72","16.18","345.0","ORAATJARNARNA D, SW","12",",E","5",",E","0",",E","","","","","19980417",",,E","","","11.5",",,E,17,","43.2",",,,E"
"SWE00139880","1998-05","62.72","16.18","345.0","ORAATJARNARNA D, SW","11",",E","6",",E","0",",E","","","","","19980525",",,E","","","7.0",",,E,25,","34.0",",,,E"
"SWE00139880","1998-06","62.72","16.18","345.0","ORAATJARNARNA D, SW","16",",E","11",",E","0",",E","","","","","19980615",",,E","","","24.4",",,E,15,","123.8",",,,E"
"SWE00139880","1998-07","62.72","16.18","345.0","ORAATJARNARNA D, SW","22",",E","19",",E","0",",E","","","","","19980730",",,E","","","24.0",",,E,30,","187.2",",,,E"
"SWE00139880","1998-08","62.72","16.18","345.0","ORAATJARNARNA D, SW","21",",E","12",",E","0",",E","","","","","19980822",",,E","","","25.0",",,E,22,","162.0",",,,E"
"SWE00139880","1998-09","62.72","16.18","345.0","ORAATJARNARNA D, SW","13",",E","5",",E","0",",E","","","","","19980927",",,E","","","17.0",",,E,27,","58.9",",,,E"
"SWE00139880","1998-10","62.72","16.18","345.0","ORAATJARNARNA D, SW","18",",E","13",",E","0",",E","","","","","19981025",",,E","","","20.0",",,E,25,","91.6",",,,E"
"SWE00139880","1998-11","62.72","16.18","345.0","ORAATJARNARNA D, SW","9",",E","2",",E","0",",E","","","","","19981121",",,E","","","5.2",",,E,21,","17.9",",,,E"
"SWE00139880","1998-12","62.72","16.18","345.0","ORAATJARNARNA D, SW","11",",E","8",",E","0",",E","","","","","19981225",",,E","","","7.3",",,E,25,","38.3",",,,E"
"SWE00139880","1999-01","62.72","16.18","345.0","ORAATJARNARNA D, SW","14",",E","5",",E","0",",E","","","","","19990124",",,E","","","10.5",",,E,24,","38.6",",,,E"
"SWE00139880","1999-02","62.72","16.18","345.0","ORAATJARNARNA D, SW","15",",E","9",",E","0",",E","","","","","19990219",",,E","","","15.8",",,E,19,","67.6",",,,E"
"SWE00139880","1999-03","62.72","16.18","345.0","ORAATJARNARNA D, SW","17",",E","3",",E","0",",E","","","","","19990326",",,E","","","8.0",",,E,26,","34.6",",,,E"
"SWE00139880","1999-04","62.72","16.18","345.0","ORAATJARNARNA D, SW","12",",E","6",",E","0",",E","","","","","19990418",",,E","","","23.4",",,E,18,","60.2",",,,E"
"SWE00139880","1999-05","62.72","16.18","345.0","ORAATJARNARNA D, SW","7",",E","2",",E","0",",E","","","","","19990528",",,E","","","13.0",",,E,28,","21.8",",,,E"
"SWE00139880","1999-06","62.72","16.18","345.0","ORAATJARNARNA D, SW","15",",E","10",",E","0",",E","","","","","19990626",",,E","","","14.4",",,E,26,","78.6",",,,E"
"SWE00139880","1999-07","62.72","16.18","345.0","ORAATJARNARNA D, SW","15",",E","8",",E","0",",E","","","","","19990722",",,E","","","18.0",",,E,22,","59.3",",,,E"
"SWE00139880","1999-08","62.72","16.18","345.0","ORAATJARNARNA D, SW","12",",E","3",",E","0",",E","","","","","19990830",",,E","","","8.2",",,E,30,","36.5",",,,E"
"SWE00139880","1999-09","62.72","16.18","345.0","ORAATJARNARNA D, SW","11",",E","6",",E","0",",E","","","","","19990916",",,E","","","17.8",",,E,16,","72.4",",,,E"
"SWE00139880","1999-10","62.72","16.18","345.0","ORAATJARNARNA D, SW","12",",E","8",",E","1",",E","","","","","19991009",",,E","","","25.6",",,E,09,","77.7",",,,E"
"SWE00139880","1999-11","62.72","16.18","345.0","ORAATJARNARNA D, SW","15",",E","6",",E","0",",E","","","","","19991129",",,E","","","12.9",",,E,29,","50.5",",,,E"
"SWE00139880","1999-12","62.72","16.18","345.0","ORAATJARNARNA D, SW","17",",E","8",",E","0",",E","","","","","19991217",",,E","","","12.6",",,E,17,","65.9",",,,E"
"SWE00139880","2000-01","62.72","16.18","345.0","ORAATJARNARNA D, SW","14",",E","6",",E","0",",E","","","","","20000129",",,E","","","15.3",",,E,29,","48.6",",,,E"
"SWE00139880","2000-02","62.72","16.18","345.0","ORAATJARNARNA D, SW","15",",E","2",",E","0",",E","","","","","20000224",",,E","","","15.4",",,E,24,","32.7",",,,E"
"SWE00139880","2000-03","62.72","16.18","345.0","ORAATJARNARNA D, SW","7",",E","4",",E","0",",E","","","","","20000303",",,E","","","10.0",",,E,03,","29.5",",,,E"
"SWE00139880","2000-04","62.72","16.18","345.0","ORAATJARNARNA D, SW","14",",E","11",",E","0",",E","","","","","20000424",",,E","","","15.1",",,E,24,","87.2",",,,E"
"SWE00139880","2000-05","62.72","16.18","345.0","ORAATJARNARNA D, SW","16",",E","7",",E","0",",E","","","","","20000530",",,E","","","15.5",",,E,30,","69.8",",,,E"
"SWE00139880","2000-06","62.72","16.18","345.0","ORAATJARNARNA D, SW","15",",E","4",",E","0",",E","","","","","20000626",",,E","","","24.6",",,E,26,","58.9",",,,E"
"SWE00139880","2000-07","62.72","16.18","345.0","ORAATJARNARNA D, SW","18",",E","16",",E","3",",E","","","","","20000719",",,E","","","60.0",",,E,19,","267.7",",,,E"
"SWE00139880","2000-08","62.72","16.18","345.0","ORAATJARNARNA D, SW","16",",E","8",",E","0",",E","","","","","20000806",",,E","","","18.0",",,E,06,","68.0",",,,E"
"SWE00139880","2000-09","62.72","16.18","345.0","ORAATJARNARNA D, SW","6",",E","2",",E","0",",E","","","","","20000907",",,E","","","13.3",",,E,07,","21.4",",,,E"
"SWE00139880","2000-10","62.72","16.18","345.0","ORAATJARNARNA D, SW","18",",E","10",",E","2",",E","","","","","20001030",",,E","","","26.9",",,E,30,","140.8",",,,E"
"SWE00139880","2000-11","62.72","16.18","345.0","ORAATJARNARNA D, SW","23",",E","16",",E","0",",E","","","","","20001103",",,E","","","14.7",",,E,03,","118.0",",,,E"
"SWE00139880","2000-12","62.72","16.18","345.0","ORAATJARNARNA D, SW","13",",E","5",",E","1",",E","","","","","20001213",",,E","","","27.1",",,E,13,","79.5",",,,E"
"SWE00139880","2001-01","62.72","16.18","345.0","ORAATJARNARNA D, SW","18",",E","9",",E","0",",E","","","","","20010124",",,E","","","7.6",",,E,24,","50.4",",,,E"
"SWE00139880","2001-02","62.72","16.18","345.0","ORAATJARNARNA D, SW","9",",E","2",",E","0",",E","","","","","20010211",",,E","","","4.6",",,E,11,","16.0",",,,E"
"SWE00139880","2001-03","62.72","16.18","345.0","ORAATJARNARNA D, SW","13",",E","10",",E","0",",E","","","","","20010315",",,E","","","9.6",",,E,15,","47.6",",,,E"
"SWE00139880","2001-04","62.72","16.18","345.0","ORAATJARNARNA D, SW","10",",E","6",",E","0",",E","","","","","20010407",",,E","","","10.5",",,E,07,","51.4",",,,E"
"SWE00139880","2001-05","62.72","16.18","345.0","ORAATJARNARNA D, SW","11",",E","5",",E","0",",E","","","","","20010501",",,E","","","16.3",",,E,01,","39.1",",,,E"
"SWE00139880","2001-06","62.72","16.18","345.0","ORAATJARNARNA D, SW","13",",E","5",",E","0",",E","","","","","20010601",",,E","","","11.9",",,E,01,","38.1",",,,E"
"SWE00139880","2001-07","62.72","16.18","345.0","ORAATJARNARNA D, SW","20",",E","12",",E","1",",E","","","","","20010710",",,E","","","27.7",",,E,10,","139.0",",,,E"
"SWE00139880","2001-08","62.72","16.18","345.0","ORAATJARNARNA D, SW","19",",E","11",",E","1",",E","","","","","20010827",",,E","","","60.4",",,E,27,","152.4",",,,E"
"SWE00139880","2001-09","62.72","16.18","345.0","ORAATJARNARNA D, SW","15",",E","12",",E","2",",E","","","","","20010909",",,E","","","27.4",",,E,09,","123.7",",,,E"
"SWE00139880","2001-10","62.72","16.18","345.0","ORAATJARNARNA D, SW","16",",E","9",",E","0",",E","","","","","20011007",",,E","","","17.1",",,E,07,","68.4",",,,E"
"SWE00139880","2001-11","62.72","16.18","345.0","ORAATJARNARNA D, SW","14",",E","5",",E","0",",E","","","","","20011126",",,E","","","5.7",",,E,26,","34.8",",,,E"
"SWE00139880","2001-12","62.72","16.18","345.0","ORAATJARNARNA D, SW","16",",E","9",",E","0",",E","","","","","20011201",",,E","","","5.3",",,E,01,","41.2",",,,E"
"SWE00139880","2002-01","62.72","16.18","345.0","ORAATJARNARNA D, SW","15",",E","10",",E","0",",E","","","","","20020128",",,E","","","8.1",",,E,28,","51.2",",,,E"
"SWE00139880","2002-02","62.72","16.18","345.0","ORAATJARNARNA D, SW","13",",E","4",",E","0",",E","","","","","20020222",",,E","","","11.8",",,E,22,","44.9",",,,E"
"SWE00139880","2002-03","62.72","16.18","345.0","ORAATJARNARNA D, SW","7",",E","4",",E","0",",E","","","","","20020319",",,E","","","18.3",",,E,19,","35.2",",,,E"
"SWE00139880","2002-04","62.72","16.18","345.0","ORAATJARNARNA D, SW","6",",E","2",",E","0",",E","","","","","20020427",",,E","","","6.2",",,E,27,","16.8",",,,E"
"SWE00139880","2002-05","62.72","16.18","345.0","ORAATJARNARNA D, SW","7",",E","3",",E","0",",E","","","","","20020524",",,E","","","5.1",",,E,24,","14.8",",,,E"
"SWE00139880","2002-06","62.72","16.18","345.0","ORAATJARNARNA D, SW","19",",E","11",",E","0",",E","","","","","20020627",",,E","","","24.4",",,E,27,","103.7",",,,E"
"SWE00139880","2002-07","62.72","16.18","345.0","ORAATJARNARNA D, SW","19",",E","12",",E","1",",E","","","","","20020707",",,E","","","28.1",",,E,07,","103.1",",,,E"
"SWE00139880","2002-08","62.72","16.18","345.0","ORAATJARNARNA D, SW","8",",E","5",",E","0",",E","","","","","20020813",",,E","","","11.4",",,E,13,","40.3",",,,E"
"SWE00139880","2002-09","62.72","16.18","345.0","ORAATJARNARNA D, SW","13",",E","3",",E","0",",E","","","","","20020920",",,E","","","5.5",",,E,20,","25.3",",,,E"
"SWE00139880","2002-10","62.72","16.18","345.0","ORAATJARNARNA D, SW","15",",E","5",",E","0",",E","","","","","20021023",",,E","","","11.7",",,E,23,","38.5",",,,E"
"SWE00139880","2002-11","62.72","16.18","345.0","ORAATJARNARNA D, SW","16",",E","6",",E","0",",E","29","1,","20021125","+,1,E","20021108",",,E","290","1,,E,25,+","10.5",",,E,08,","55.6",",,,E"
"SWE00139880","2002-12","62.72","16.18","345.0","ORAATJARNARNA D, SW","11",",E","3",",E","0",",E","30","1,","20021205","+,1,E","20021231",",,E","350","1,,E,05,+","4.8",",,E,31,","17.6",",,,E"
"SWE00139880","2003-01","62.72","16.18","345.0","ORAATJARNARNA D, SW","22",",E","9",",E","0",",E","31",",","20030129",",,E","20030120",",,E","570",",,E,29,","9.5",",,E,20,","55.5",",,,E"
"SWE00139880","2003-02","62.72","16.18","345.0","ORAATJARNARNA D, SW","4",",E","2",",E","0",",E","28",",","20030206","+,,E","20030203",",,E","610",",,E,06,+","5.4",",,E,03,","12.1",",,,E"
"SWE00139880","2003-03","62.72","16.18","345.0","ORAATJARNARNA D, SW","3",",E","2",",E","0",",E","31",",","20030309","+,,E","20030329",",,E","510",",,E,09,+","2.7",",,E,29,","7.4",",,,E"
"SWE00139880","2003-04","62.72","16.18","345.0","ORAATJARNARNA D, SW","12",",E","7",",E","0",",E","22","2,","20030413",",2,E","20030411",",,E","290","2,,E,13,","13.1",",,E,11,","50.8",",,,E"
"SWE00139880","2003-05","62.72","16.18","345.0","ORAATJARNARNA D, SW","16",",E","6",",E","0",",E","","","","","20030519",",,E","","","12.5",",,E,19,","54.7",",,,E"
"SWE00139880","2003-06","62.72","16.18","345.0","ORAATJARNARNA D, SW","16",",E","6",",E","0",",E","","","","","20030619",",,E","","","15.6",",,E,19,","60.7",",,,E"
"SWE00139880","2003-07","62.72","16.18","345.0","ORAATJARNARNA D, SW","15",",E","5",",E","0",",E","","","","","20030709",",,E","","","16.9",",,E,09,","57.4",",,,E"
"SWE00139880","2003-08","62.72","16.18","345.0","ORAATJARNARNA D, SW","17",",E","10",",E","0",",E","","","","","20030813",",,E","","","21.1",",,E,13,","110.0",",,,E"
"SWE00139880","2003-09","62.72","16.18","345.0","ORAATJARNARNA D, SW","10",",E","5",",E","1",",E","","","","","20030922",",,E","","","31.2",",,E,22,","53.1",",,,E"
"SWE00139880","2003-10","62.72","16.18","345.0","ORAATJARNARNA D, SW","10",",E","4",",E","0",",E","","","","","20031004",",,E","","","14.0",",,E,04,","43.3",",,,E"
"SWE00139880","2003-11","62.72","16.18","345.0","ORAATJARNARNA D, SW","18",",E","8",",E","0",",E","12","5,","20031126","+,5,E","20031101",",,E","260","5,,E,26,+","18.8",",,E,01,","67.6",",,,E"
"SWE00139880","2003-12","62.72","16.18","345.0","ORAATJARNARNA D, SW","15",",E","6",",E","0",",E","31",",","20031229","+,,E","20031205",",,E","390",",,E,29,+","7.1",",,E,05,","41.0",",,,E"
"SWE00139880","2004-01","62.72","16.18","345.0","ORAATJARNARNA D, SW","12",",E","3",",E","0",",E","31",",","20040131",",,E","20040112",",,E","530",",,E,31,","9.2",",,E,12,","26.6",",,,E"
"SWE00139880","2004-02","62.72","16.18","345.0","ORAATJARNARNA D, SW","11",",E","1",",E","0",",E","29",",","20040203","+,,E","20040203",",,E","520",",,E,03,+","6.6",",,E,03,","16.5",",,,E"
"SWE00139880","2004-03","62.72","16.18","345.0","ORAATJARNARNA D, SW","10",",E","3",",E","0",",E","31",",","20040325","+,,E","20040320",",,E","410",",,E,25,+","5.3",",,E,20,","20.7",",,,E"
"SWE00139880","2004-04","62.72","16.18","345.0","ORAATJARNARNA D, SW","7",",E","5",",E","0",",E","","","","","20040424",",,E","","","5.1",",,E,24,","21.3",",,,E"
"SWE00139880","2004-05","62.72","16.18","345.0","ORAATJARNARNA D, SW","11",",E","6",",E","0",",E","","","","","20040504",",,E","","","10.7",",,E,04,","36.8",",,,E"
"SWE00139880","2004-06","62.72","16.18","345.0","ORAATJARNARNA D, SW","11",",E","8",",E","0",",E","","","","","20040625",",,E","","","8.4",",,E,25,","43.2",",,,E"
"SWE00139880","2004-07","62.72","16.18","345.0","ORAATJARNARNA D, SW","10",",E","6",",E","0",",E","0",",","20040731","+,,E","20040702",",,E","0",",,E,31,+","16.6",",,E,02,","66.4",",,,E"
"SWE00139880","2004-08","62.72","16.18","345.0","ORAATJARNARNA D, SW","13",",E","8",",E","1",",E","0",",","20040831","+,,E","20040819",",,E","0",",,E,31,+","25.8",",,E,19,","77.1",",,,E"
"SWE00139880","2004-09","62.72","16.18","345.0","ORAATJARNARNA D, SW","17",",E","11",",E","1",",E","0",",","20040930","+,,E","20040915",",,E","0",",,E,30,+","38.6",",,E,15,","107.2",",,,E"
"SWE00139880","2004-10","62.72","16.18","345.0","ORAATJARNARNA D, SW","14",",E","5",",E","0",",E","0",",","20041031","+,,E","20041023","+,,E","0",",,E,31,+","8.0",",,E,23,+","41.5",",,,E"
"SWE00139880","2004-11","62.72","16.18","345.0","ORAATJARNARNA D, SW","15",",E","4",",E","0",",E","16",",","20041130","+,,E","20041105",",,E","90",",,E,30,+","4.8",",,E,05,","29.5",",,,E"
"SWE00139880","2004-12","62.72","16.18","345.0","ORAATJARNARNA D, SW","12",",E","5",",E","0",",E","25",",","20041224",",,E","20041205",",,E","220",",,E,24,","11.0",",,E,05,","41.0",",,,E"
"SWE00139880","2005-01","62.72","16.18","345.0","ORAATJARNARNA D, SW","18",",E","6",",E","0",",E","31",",","20050110","+,,E","20050108",",,E","520",",,E,10,+","21.3",",,E,08,","58.0",",,,E"
"SWE00139880","2005-02","62.72","16.18","345.0","ORAATJARNARNA D, SW","10",",E","2",",E","0",",E","28",",","20050228","+,,E","20050210",",,E","490",",,E,28,+","7.4",",,E,10,","18.6",",,,E"
"SWE00139880","2005-03","62.72","16.18","345.0","ORAATJARNARNA D, SW","8",",E","3",",E","0",",E","31",",","20050322",",,E","20050321",",,E","580",",,E,22,","7.5",",,E,21,","22.4",",,,E"
"SWE00139880","2005-04","62.72","16.18","345.0","ORAATJARNARNA D, SW","8",",E","4",",E","0",",E","12",",","20050401",",,E","20050407",",,E","190",",,E,01,","12.5",",,E,07,","30.9",",,,E"
"SWE00139880","2005-05","62.72","16.18","345.0","ORAATJARNARNA D, SW","21",",E","10",",E","0",",E","3",",","20050517",",,E","20050516",",,E","150",",,E,17,","24.4",",,E,16,","104.0",",,,E"
"SWE00139880","2005-06","62.72","16.18","345.0","ORAATJARNARNA D, SW","13",",E","11",",E","1",",E","0",",","20050630","+,,E","20050604",",,E","0",",,E,30,+","27.0",",,E,04,","122.2",",,,E"
"SWE00139880","2005-07","62.72","16.18","345.0","ORAATJARNARNA D, SW","15",",E","9",",E","2",",E","0",",","20050731","+,,E","20050723",",,E","0",",,E,31,+","28.0",",,E,23,","143.7",",,,E"
"SWE00139880","2005-08","62.72","16.18","345.0","ORAATJARNARNA D, SW","16",",E","10",",E","0",",E","0",",","20050831","+,,E","20050807",",,E","0",",,E,31,+","15.8",",,E,07,","90.4",",,,E"
"SWE00139880","2005-09","62.72","16.18","345.0","ORAATJARNARNA D, SW","8",",E","3",",E","0",",E","0",",","20050930","+,,E","20050914",",,E","0",",,E,30,+","13.2",",,E,14,","35.3",",,,E"
"SWE00139880","2005-10","62.72","16.18","345.0","ORAATJARNARNA D, SW","6",",E","4",",E","0",",E","2",",","20051026",",,E","20051001",",,E","70",",,E,26,","17.4",",,E,01,","40.6",",,,E"
"SWE00139880","2005-11","62.72","16.18","345.0","ORAATJARNARNA D, SW","14",",E","6",",E","0",",E","16",",","20051121","+,,E","20051114",",,E","90",",,E,21,+","5.3",",,E,14,","31.4",",,,E"
"SWE00139880","2005-12","62.72","16.18","345.0","ORAATJARNARNA D, SW","19",",E","8",",E","0",",E","31",",","20051231",",,E","20051225",",,E","420",",,E,31,","6.1",",,E,25,","48.3",",,,E"
"SWE00139880","2006-01","62.72","16.18","345.0","ORAATJARNARNA D, SW","11",",E","3",",E","0",",E","31",",","20060122",",,E","20060130",",,E","460",",,E,22,","8.0",",,E,30,","25.5",",,,E"
"SWE00139880","2006-02","62.72","16.18","345.0","ORAATJARNARNA D, SW","15",",E","3",",E","0",",E","28",",","20060220","+,,E","20060206",",,E","380",",,E,20,+","6.1",",,E,06,","28.1",",,,E"
"SWE00139880","2006-03","62.72","16.18","345.0","ORAATJARNARNA D, SW","10",",E","5",",E","0",",E","31",",","20060331",",,E","20060327",",,E","520",",,E,31,","11.8",",,E,27,","47.1",",,,E"
"SWE00139880","2006-04","62.72","16.18","345.0","ORAATJARNARNA D, SW","18",",E","8",",E","0",",E","28",",","20060406",",,E","20060428",",,E","600",",,E,06,","7.1",",,E,28,","45.3",",,,E"
"SWE00139880","2006-05","62.72","16.18","345.0","ORAATJARNARNA D, SW","16",",E","7",",E","0",",E","0",",","20060531","+,,E","20060529",",,E","0",",,E,31,+","20.0",",,E,29,","56.8",",,,E"
"SWE00139880","2006-06","62.72","16.18","345.0","ORAATJARNARNA D, SW","11",",E","6",",E","1",",E","0",",","20060630","+,,E","20060620",",,E","0",",,E,30,+","35.1",",,E,20,","63.3",",,,E"
"SWE00139880","2006-07","62.72","16.18","345.0","ORAATJARNARNA D, SW","13",",E","7",",E","0",",E","0",",","20060731","+,,E","20060710",",,E","0",",,E,31,+","21.8",",,E,10,","58.2",",,,E"
"SWE00139880","2006-08","62.72","16.18","345.0","ORAATJARNARNA D, SW","12",",E","6",",E","3",",E","0",",","20060831","+,,E","20060828",",,E","0",",,E,31,+","47.5",",,E,28,","137.7",",,,E"
"SWE00139880","2006-09","62.72","16.18","345.0","ORAATJARNARNA D, SW","11",",E","7",",E","0",",E","0",",","20060930","+,,E","20060903",",,E","0",",,E,30,+","10.9",",,E,03,","54.6",",,,E"
"SWE00139880","2006-10","62.72","16.18","345.0","ORAATJARNARNA D, SW","19",",E","15",",E","2",",E","8",",","20061028",",,E","20061020",",,E","100",",,E,28,","38.1",",,E,20,","187.8",",,,E"
"SWE00139880","2006-11","62.72","16.18","345.0","ORAATJARNARNA D, SW","15",",E","9",",E","0",",E","27",",","20061116","+,,E","20061116",",,E","290",",,E,16,+","19.8",",,E,16,","71.6",",,,E"
"SWE00139880","2006-12","62.72","16.18","345.0","ORAATJARNARNA D, SW","19",",E","8",",E","0",",E","4",",","20061231",",,E","20061230",",,E","70",",,E,31,","6.7",",,E,30,","45.7",",,,E"
"SWE00139880","2007-01","62.72","16.18","345.0","ORAATJARNARNA D, SW","17",",E","9",",E","0",",E","31",",","20070123","+,,E","20070114",",,E","430",",,E,23,+","12.5",",,E,14,","71.7",",,,E"
"SWE00139880","2007-02","62.72","16.18","345.0","ORAATJARNARNA D, SW","13",",E","1",",E","0",",E","28",",","20070228",",,E","20070219",",,E","530",",,E,28,","6.5",",,E,19,","23.6",",,,E"
"SWE00139880","2007-03","62.72","16.18","345.0","ORAATJARNARNA D, SW","13",",E","5",",E","0",",E","30","1,","20070320","+,1,E","20070318",",,E","620","1,,E,20,+","18.2",",,E,18,","46.1",",,,E"
"SWE00139880","2007-04","62.72","16.18","345.0","ORAATJARNARNA D, SW","5",",E","1",",E","0",",E","15",",","20070404","+,,E","20070419",",,E","300",",,E,04,+","8.1",",,E,19,","11.5",",,,E"
"SWE00139880","2007-05","62.72","16.18","345.0","ORAATJARNARNA D, SW","17",",E","9",",E","0",",E","1",",","20070512",",,E","20070530",",,E","30",",,E,12,","11.6",",,E,30,","63.1",",,,E"
"SWE00139880","2007-06","62.72","16.18","345.0","ORAATJARNARNA D, SW","5",",E","2",",E","0",",E","0",",","20070630","+,,E","20070612",",,E","0",",,E,30,+","10.0",",,E,12,","20.6",",,,E"
"SWE00139880","2007-07","62.72","16.18","345.0","ORAATJARNARNA D, SW","17",",E","12",",E","0",",E","0",",","20070731","+,,E","20070730",",,E","0",",,E,31,+","11.0",",,E,30,","81.3",",,,E"
"SWE00139880","2007-08","62.72","16.18","345.0","ORAATJARNARNA D, SW","15",",E","10",",E","0",",E","0",",","20070831","+,,E","20070827",",,E","0",",,E,31,+","14.9",",,E,27,","60.9",",,,E"
"SWE00139880","2007-09","62.72","16.18","345.0","ORAATJARNARNA D, SW","16",",E","7",",E","0",",E","0",",","20070930","+,,E","20070914",",,E","0",",,E,30,+","15.1",",,E,14,","56.4",",,,E"
"SWE00139880","2007-10","62.72","16.18","345.0","ORAATJARNARNA D, SW","13",",E","3",",E","0",",E","1",",","20071013",",,E","20071011",",,E","30",",,E,13,","3.8",",,E,11,","17.6",",,,E"
"SWE00139880","2007-11","62.72","16.18","345.0","ORAATJARNARNA D, SW","18",",E","9",",E","0",",E","28",",","20071130",",,E","20071122",",,E","350",",,E,30,","9.2",",,E,22,","61.3",",,,E"
"SWE00139880","2007-12","62.72","16.18","345.0","ORAATJARNARNA D, SW","10",",E","6",",E","0",",E","31",",","20071204","+,,E","20071201",",,E","460",",,E,04,+","13.2",",,E,01,","57.9",",,,E"
"SWE00139880","2008-01","62.72","16.18","345.0","ORAATJARNARNA D, SW","21",",E","12",",E","0",",E","31",",","20080126","+,,E","20080112",",,E","700",",,E,26,+","10.0",",,E,12,","83.3",",,,E"
"SWE00139880","2008-02","62.72","16.18","345.0","ORAATJARNARNA D, SW","12",",E","5",",E","0",",E","29",",","20080202",",,E","20080206",",,E","810",",,E,02,","7.5",",,E,06,","34.9",",,,E"
"SWE00139880","2008-03","62.72","16.18","345.0","ORAATJARNARNA D, SW","17",",E","8",",E","0",",E","31",",","20080304",",,E","20080308",",,E","750",",,E,04,","5.9",",,E,08,","45.2",",,,E"
"SWE00139880","2008-04","62.72","16.18","345.0","ORAATJARNARNA D, SW","10",",E","5",",E","0",",E","29",",","20080411","+,,E","20080409",",,E","660",",,E,11,+","6.4",",,E,09,","31.2",",,,E"
"SWE00139880","2008-05","62.72","16.18","345.0","ORAATJARNARNA D, SW","5",",E","3",",E","0",",E","0",",","20080531","+,,E","20080502",",,E","0",",,E,31,+","10.1",",,E,02,","21.7",",,,E"
"SWE00139880","2008-06","62.72","16.18","345.0","ORAATJARNARNA D, SW","16",",E","10",",E","0",",E","0",",","20080630","+,,E","20080623",",,E","0",",,E,30,+","15.2",",,E,23,","68.1",",,,E"
"SWE00139880","2008-07","62.72","16.18","345.0","ORAATJARNARNA D, SW","11",",E","8",",E","0",",E","0",",","20080731","+,,E","20080712",",,E","0",",,E,31,+","10.8",",,E,12,","51.4",",,,E"
"SWE00139880","2008-08","62.72","16.18","345.0","ORAATJARNARNA D, SW","17",",E","14",",E","1",",E","0",",","20080831","+,,E","20080827",",,E","0",",,E,31,+","32.1",",,E,27,","135.8",",,,E"
"SWE00139880","2008-09","62.72","16.18","345.0","ORAATJARNARNA D, SW","9",",E","4",",E","0",",E","0",",","20080930","+,,E","20080902",",,E","0",",,E,30,+","11.7",",,E,02,","28.5",",,,E"
"SWE00139880","2008-10","62.72","16.18","345.0","ORAATJARNARNA D, SW","16",",E","7",",E","1",",E","0",",","20081031","+,,E","20081001",",,E","20",",,E,31,+","27.2",",,E,01,","60.2",",,,E"
"SWE00139880","2008-11","62.72","16.18","345.0","ORAATJARNARNA D, SW","15",",E","7",",E","0",",E","16",",","20081130",",,E","20081129",",,E","370",",,E,30,","10.5",",,E,29,","45.6",",,,E"
"SWE00139880","2008-12","62.72","16.18","345.0","ORAATJARNARNA D, SW","13",",E","8",",E","0",",E","31",",","20081213",",,E","20081202",",,E","670",",,E,13,","15.7",",,E,02,","66.4",",,,E"
"SWE00139880","2009-01","62.72","16.18","345.0","ORAATJARNARNA D, SW","12",",E","5",",E","0",",E","31",",","20090126",",,E","20090125",",,E","650",",,E,26,","8.2",",,E,25,","33.2",",,,E"
"SWE00139880","2009-02","62.72","16.18","345.0","ORAATJARNARNA D, SW","14",",E","6",",E","0",",E","28",",","20090209",",,E","20090207",",,E","900",",,E,09,","18.6",",,E,07,","53.4",",,,E"
"SWE00139880","2009-03","62.72","16.18","345.0","ORAATJARNARNA D, SW","13",",E","4",",E","0",",E","31",",","20090329",",,E","20090328",",,E","920",",,E,29,","7.0",",,E,28,","32.1",",,,E"
"SWE00139880","2009-04","62.72","16.18","345.0","ORAATJARNARNA D, SW","11",",E","4",",E","0",",E","27",",","20090401",",,E","20090403",",,E","800",",,E,01,","7.0",",,E,03,","22.6",",,,E"
"SWE00139880","2009-05","62.72","16.18","345.0","ORAATJARNARNA D, SW","15",",E","5",",E","0",",E","5",",","20090505","+,,E","20090507",",,E","50",",,E,05,+","4.0",",,E,07,","30.4",",,,E"
"SWE00139880","2009-06","62.72","16.18","345.0","ORAATJARNARNA D, SW","13",",E","7",",E","1",",E","0",",","20090630","+,,E","20090614",",,E","0",",,E,30,+","29.0",",,E,14,","71.9",",,,E"
"SWE00139880","2009-07","62.72","16.18","345.0","ORAATJARNARNA D, SW","22",",E","15",",E","1",",E","0",",","20090731","+,,E","20090723",",,E","0",",,E,31,+","41.5",",,E,23,","178.0",",,,E"
"SWE00139880","2009-08","62.72","16.18","345.0","ORAATJARNARNA D, SW","15",",E","8",",E","1",",E","0",",","20090831","+,,E","20090821",",,E","0",",,E,31,+","28.1",",,E,21,","112.6",",,,E"
"SWE00139880","2009-09","62.72","16.18","345.0","ORAATJARNARNA D, SW","12",",E","5",",E","1",",E","0",",","20090930","+,,E","20090904",",,E","0",",,E,30,+","34.1",",,E,04,","64.1",",,,E"
"SWE00139880","2009-10","62.72","16.18","345.0","ORAATJARNARNA D, SW","14",",E","8",",E","0",",E","7",",","20091020","+,,E","20091006",",,E","50",",,E,20,+","14.9",",,E,06,","65.8",",,,E"
"SWE00139880","2009-11","62.72","16.18","345.0","ORAATJARNARNA D, SW","19",",E","13",",E","0",",E","4",",","20091106",",,E","20091114",",,E","100",",,E,06,","11.1",",,E,14,","83.9",",,,E"
"SWE00139880","2009-12","62.72","16.18","345.0","ORAATJARNARNA D, SW","15",",E","6",",E","0",",E","31",",","20091227",",,E","20091226",",,E","490",",,E,27,","12.6",",,E,26,","43.3",",,,E"
"SWE00139880","2010-01","62.72","16.18","345.0","ORAATJARNARNA D, SW","8",",E","3",",E","0",",E","31",",","20100131","+,,E","20100127",",,E","600",",,E,31,+","14.5",",,E,27,","27.9",",,,E"
"SWE00139880","2010-02","62.72","16.18","345.0","ORAATJARNARNA D, SW","22",",E","7",",E","0",",E","28",",","20100228",",,E","20100227",",,E","800",",,E,28,","9.0",",,E,27,","46.1",",,,E"
"SWE00139880","2010-03","62.72","16.18","345.0","ORAATJARNARNA D, SW","12",",E","3",",E","0",",E","31",",","20100302","+,,E","20100327",",,E","800",",,E,02,+","7.5",",,E,27,","22.5",",,,E"
"SWE00139880","2010-04","62.72","16.18","345.0","ORAATJARNARNA D, SW","7",",E","4",",E","0",",E","23",",","20100401",",,E","20100430",",,E","570",",,E,01,","12.8",",,E,30,","26.2",",,,E"
"SWE00139880","2010-05","62.72","16.18","345.0","ORAATJARNARNA D, SW","12",",E","6",",E","0",",E","1",",","20100504",",,E","20100513",",,E","30",",,E,04,","17.2",",,E,13,","62.9",",,,E"
"SWE00139880","2010-06","62.72","16.18","345.0","ORAATJARNARNA D, SW","11",",E","9",",E","1",",E","0",",","20100630","+,,E","20100630",",,E","0",",,E,30,+","41.0",",,E,30,","108.4",",,,E"
"SWE00139880","2010-07","62.72","16.18","345.0","ORAATJARNARNA D, SW","13",",E","7",",E","0",",E","0",",","20100731","+,,E","20100725",",,E","0",",,E,31,+","25.3",",,E,25,","63.3",",,,E"
"SWE00139880","2010-08","62.72","16.18","345.0","ORAATJARNARNA D, SW","19",",E","8",",E","1",",E","0","4,","20100831","+,4,E","20100809",",,E","0","4,,E,31,+","29.1",",,E,09,","94.5",",,,E"
"SWE00139880","2010-09","62.72","16.18","345.0","ORAATJARNARNA D, SW","11",",E","8",",E","1",",E","0",",","20100930","+,,E","20100924",",,E","0",",,E,30,+","49.8",",,E,24,","90.5",",,,E"
"SWE00139880","2010-10","62.72","16.18","345.0","ORAATJARNARNA D, SW","8",",E","3",",E","0",",E","9",",","20101020",",,E","20101019",",,E","70",",,E,20,","18.6",",,E,19,","42.9",",,,E"
"SWE00139880","2010-11","62.72","16.18","345.0","ORAATJARNARNA D, SW","12",",E","3",",E","0",",E","21",",","20101129","+,,E","20101102",",,E","100",",,E,29,+","10.0",",,E,02,","27.3",",,,E"
"SWE00139880","2010-12","62.72","16.18","345.0","ORAATJARNARNA D, SW","17",",E","7",",E","0",",E","31",",","20101231",",,E","20101226",",,E","460",",,E,31,","12.2",",,E,26,","48.2",",,,E"
"SWE00139880","2011-01","62.72","16.18","345.0","ORAATJARNARNA D, SW","17",",E","7",",E","0",",E","31",",","20110115",",,E","20110106",",,E","750",",,E,15,","9.0",",,E,06,","42.3",",,,E"
"SWE00139880","2011-02","62.72","16.18","345.0","ORAATJARNARNA D, SW","10",",E","3",",E","0",",E","28",",","20110217","+,,E","20110210",",,E","740",",,E,17,+","16.4",",,E,10,","28.4",",,,E"
"SWE00139880","2011-03","62.72","16.18","345.0","ORAATJARNARNA D, SW","7",",E","2",",E","0",",E","31",",","20110302","+,,E","20110318",",,E","670",",,E,02,+","5.8",",,E,18,","17.5",",,,E"
"SWE00139880","2011-04","62.72","16.18","345.0","ORAATJARNARNA D, SW","8",",E","4",",E","0",",E","15",",","20110402","+,,E","20110406",",,E","540",",,E,02,+","6.1",",,E,06,","20.0",",,,E"
"SWE00139880","2011-05","62.72","16.18","345.0","ORAATJARNARNA D, SW","18",",E","12",",E","0",",E","0",",","20110531","+,,E","20110513",",,E","0",",,E,31,+","18.3",",,E,13,","79.0",",,,E"
"SWE00139880","2011-06","62.72","16.18","345.0","ORAATJARNARNA D, SW","12",",E","8",",E","1",",E","0",",","20110630","+,,E","20110613",",,E","0",",,E,30,+","28.2",",,E,13,","74.4",",,,E"
"SWE00139880","2011-07","62.72","16.18","345.0","ORAATJARNARNA D, SW","12",",E","6",",E","1",",E","0",",","20110731","+,,E","20110718",",,E","0",",,E,31,+","27.6",",,E,18,","55.6",",,,E"
"SWE00139880","2011-08","62.72","16.18","345.0","ORAATJARNARNA D, SW","14",",E","8",",E","2",",E","0",",","20110831","+,,E","20110807",",,E","0",",,E,31,+","38.3",",,E,07,","146.4",",,,E"
"SWE00139880","2011-09","62.72","16.18","345.0","ORAATJARNARNA D, SW","14",",E","10",",E","0",",E","0",",","20110930","+,,E","20110919",",,E","0",",,E,30,+","20.5",",,E,19,","82.8",",,,E"
"SWE00139880","2011-10","62.72","16.18","345.0","ORAATJARNARNA D, SW","8",",E","4",",E","0",",E","1",",","20111010",",,E","20111009",",,E","60",",,E,10,","5.8",",,E,09,","26.4",",,,E"
"SWE00139880","2011-11","62.72","16.18","345.0","ORAATJARNARNA D, SW","12",",E","7",",E","0",",E","6",",","20111128",",,E","20111119",",,E","100",",,E,28,","6.0",",,E,19,","33.2",",,,E"
"SWE00139880","2011-12","62.72","16.18","345.0","ORAATJARNARNA D, SW","16",",E","9",",E","0",",E","29",",","20111221",",,E","20111218",",,E","470",",,E,21,","14.8",",,E,18,","79.8",",,,E"
"SWE00139880","2012-01","62.72","16.18","345.0","ORAATJARNARNA D, SW","19",",E","9",",E","0",",E","31",",","20120106",",,E","20120102",",,E","790",",,E,06,","12.1",",,E,02,","61.2",",,,E"
"SWE00139880","2012-02","62.72","16.18","345.0","ORAATJARNARNA D, SW","10",",E","5",",E","0",",E","29",",","20120219",",,E","20120218",",,E","750",",,E,19,","9.3",",,E,18,","28.0",",,,E"
"SWE00139880","2012-03","62.72","16.18","345.0","ORAATJARNARNA D, SW","7",",E","1",",E","0",",E","31",",","20120301",",,E","20120327",",,E","650",",,E,01,","3.8",",,E,27,","12.7",",,,E"
"SWE00139880","2012-04","62.72","16.18","345.0","ORAATJARNARNA D, SW","12",",E","8",",E","0",",E","20",",","20120418",",,E","20120417",",,E","130",",,E,18,","8.8",",,E,17,","51.6",",,,E"
"SWE00139880","2012-05","62.72","16.18","345.0","ORAATJARNARNA D, SW","10",",E","7",",E","0",",E","2",",","20120506","+,,E","20120511",",,E","50",",,E,06,+","17.7",",,E,11,","69.1",",,,E"
"SWE00139880","2012-06","62.72","16.18","345.0","ORAATJARNARNA D, SW","13",",E","8",",E","0",",E","0",",","20120630","+,,E","20120602",",,E","0",",,E,30,+","23.0",",,E,02,","59.6",",,,E"
"SWE00139880","2012-07","62.72","16.18","345.0","ORAATJARNARNA D, SW","13",",E","8",",E","0",",E","0",",","20120731","+,,E","20120728",",,E","0",",,E,31,+","12.6",",,E,28,","59.5",",,,E"
"SWE00139880","2012-08","62.72","16.18","345.0","ORAATJARNARNA D, SW","12",",E","5",",E","0",",E","0",",","20120831","+,,E","20120826",",,E","0",",,E,31,+","11.1",",,E,26,","52.1",",,,E"
"SWE00139880","2012-09","62.72","16.18","345.0","ORAATJARNARNA D, SW","16",",E","10",",E","0",",E","0",",","20120930","+,,E","20120926",",,E","0",",,E,30,+","11.1",",,E,26,","54.2",",,,E"
"SWE00139880","2012-10","62.72","16.18","345.0","ORAATJARNARNA D, SW","21",",E","12",",E","0",",E","","","","","20121006",",,E","","","15.5",",,E,06,","108.1",",,,E"
"SWE00139880","2012-11","62.72","16.18","345.0","ORAATJARNARNA D, SW","11",",E","2",",E","0",",E","","","","","20121111",",,E","","","8.0",",,E,11,","19.8",",,,E"
"SWE00139880","2012-12","62.72","16.18","345.0","ORAATJARNARNA D, SW","22",",E","9",",E","0",",E","26","5,","20121225",",5,E","20121229",",,E","380","5,,E,25,","7.4",",,E,29,","55.9",",,,E"
"SWE00139880","2013-01","62.72","16.18","345.0","ORAATJARNARNA D, SW","11",",E","4",",E","0",",E","31",",","20130131","+,,E","20130130",",,E","400",",,E,31,+","6.5",",,E,30,","24.8",",,,E"
"SWE00139880","2013-02","62.72","16.18","345.0","ORAATJARNARNA D, SW","9",",E","4",",E","0",",E","28",",","20130228","+,,E","20130205",",,E","450",",,E,28,+","3.8",",,E,05,","18.0",",,,E"
"SWE00139880","2013-03","62.72","16.18","345.0","ORAATJARNARNA D, SW","5",",E","3",",E","0",",E","31",",","20130331","+,,E","20130302",",,E","500",",,E,31,+","8.0",",,E,02,","18.5",",,,E"
"SWE00139880","2013-04","62.72","16.18","345.0","ORAATJARNARNA D, SW","7",",E","3",",E","0",",E","19",",","20130408","+,,E","20130418",",,E","500",",,E,08,+","4.1",",,E,18,","15.3",",,,E"
"SWE00139880","2013-05","62.72","16.18","345.0","ORAATJARNARNA D, SW","10",",E","9",",E","0",",E","0",",","20130531","+,,E","20130520",",,E","0",",,E,31,+","8.0",",,E,20,","53.1",",,,E"
"SWE00139880","2013-06","62.72","16.18","345.0","ORAATJARNARNA D, SW","18",",E","11",",E","0",",E","0","5,","20130630","+,5,E","20130619",",,E","0","5,,E,30,+","25.2",",,E,19,","103.5",",,,E"
"SWE00139880","2013-07","62.72","16.18","345.0","ORAATJARNARNA D, SW","15",",E","9",",E","0",",E","0",",","20130731","+,,E","20130730",",,E","0",",,E,31,+","18.0",",,E,30,","93.7",",,,E"
"SWE00139880","2013-08","62.72","16.18","345.0","ORAATJARNARNA D, SW","12",",E","8",",E","1",",E","0",",","20130831","+,,E","20130831",",,E","0",",,E,31,+","29.7",",,E,31,","97.8",",,,E"
"SWE00139880","2013-09","62.72","16.18","345.0","ORAATJARNARNA D, SW","10",",E","6",",E","1",",E","0",",","20130930","+,,E","20130917",",,E","0",",,E,30,+","49.9",",,E,17,","110.8",",,,E"
"SWE00139880","2013-10","62.72","16.18","345.0","ORAATJARNARNA D, SW","8",",E","3",",E","0",",E","0",",","20131019",",,E","20131022",",,E","20",",,E,19,","21.9",",,E,22,","41.8",",,,E"
"SWE00139880","2013-11","62.72","16.18","345.0","ORAATJARNARNA D, SW","12",",E","4",",E","0",",E","3","1,","20131129","+,1,E","20131103",",,E","50","1,,E,29,+","15.1",",,E,03,","30.6",",,,E"
"SWE00139880","2013-12","62.72","16.18","345.0","ORAATJARNARNA D, SW","17",",E","10",",E","0",",E","","","","","20131216",",,E","","","14.2",",,E,16,","68.8",",,,E"
"SWE00139880","2014-01","62.72","16.18","345.0","ORAATJARNARNA D, SW","17",",E","7",",E","0",",E","31",",","20140131",",,E","20140110",",,E","200",",,E,31,","4.8",",,E,10,","35.9",",,,E"
"SWE00139880","2014-02","62.72","16.18","345.0","ORAATJARNARNA D, SW","15",",E","10",",E","0",",E","28",",","20140223","+,,E","20140209",",,E","700",",,E,23,+","18.2",",,E,09,","64.9",",,,E"
"SWE00139880","2014-03","62.72","16.18","345.0","ORAATJARNARNA D, SW","7",",E","5",",E","0",",E","","","","","20140317",",,E","","","7.6",",,E,17,","31.5",",,,E"
"SWE00139880","2014-04","62.72","16.18","345.0","ORAATJARNARNA D, SW","5",",E","4",",E","0",",E","15",",","20140404","+,,E","20140417",",,E","300",",,E,04,+","6.8",",,E,17,","20.7",",,,E"
"SWE00139880","2014-05","62.72","16.18","345.0","ORAATJARNARNA D, SW","10",",E","6",",E","0",",E","0",",","20140531","+,,E","20140525",",,E","0",",,E,31,+","20.0",",,E,25,","63.6",",,,E"
"SWE00139880","2014-06","62.72","16.18","345.0","ORAATJARNARNA D, SW","18",",E","10",",E","1",",E","0","2,","20140630","+,2,E","20140607",",,E","0","2,,E,30,+","27.6",",,E,07,","80.0",",,,E"
"SWE00139880","2014-07","62.72","16.18","345.0","ORAATJARNARNA D, SW","6",",E","6",",E","0",",E","0",",","20140731","+,,E","20140718",",,E","0",",,E,31,+","25.0",",,E,18,","55.1",",,,E"
"SWE00139880","2014-08","62.72","16.18","345.0","ORAATJARNARNA D, SW","15",",E","11",",E","0",",E","0",",","20140831","+,,E","20140817",",,E","0",",,E,31,+","11.3",",,E,17,","64.9",",,,E"
"SWE00139880","2014-09","62.72","16.18","345.0","ORAATJARNARNA D, SW","5",",E","3",",E","0",",E","","","","","20140926",",,E","","","7.5",",,E,26,","19.2",",,,E"
"SWE00139880","2014-10","62.72","16.18","345.0","ORAATJARNARNA D, SW","19",",E","10",",E","1",",E","","","","","20141023",",,E","","","28.0",",,E,23,","114.9",",,,E"
"SWE00139880","2014-11","62.72","16.18","345.0","ORAATJARNARNA D, SW","11",",E","6",",E","0",",E","14",",","20141105",",,E","20141104",",,E","150",",,E,05,","24.6",",,E,04,","84.0",",,,E"
"SWE00139880","2014-12","62.72","16.18","345.0","ORAATJARNARNA D, SW","12",",E","4",",E","0",",E","","","","","20141222",",,E","","","14.8",",,E,22,","37.8",",,,E"
"SWE00139880","2015-01","62.72","16.18","345.0","ORAATJARNARNA D, SW","19",",E","10",",E","0",",E","27","4,","20150131",",4,E","20150112",",,E","450","4,,E,31,","13.1",",,E,12,","73.3",",,,E"
"SWE00139880","2015-02","62.72","16.18","345.0","ORAATJARNARNA D, SW","7",",E","2",",E","0",",E","","","","","20150201",",,E","","","11.0",",,E,01,","20.4",",,,E"
"SWE00139880","2015-03","62.72","16.18","345.0","ORAATJARNARNA D, SW","8",",E","3",",E","0",",E","","","","","20150329","+,,E","","","10.0",",,E,29,+","35.1",",,,E"
"SWE00139880","2015-04","62.72","16.18","345.0","ORAATJARNARNA D, SW","8",",E","5",",E","0",",E","","","","","20150430",",,E","","","15.3",",,E,30,","46.0",",,,E"
"SWE00139880","2015-05","62.72","16.18","345.0","ORAATJARNARNA D, SW","18",",E","14",",E","0",",E","","","","","20150508",",,E","","","15.8",",,E,08,","111.7",",,,E"
"SWE00139880","2015-06","62.72","16.18","345.0","ORAATJARNARNA D, SW","12",",E","7",",E","0",",E","","","","","20150622",",,E","","","11.8",",,E,22,","58.6",",,,E"
"SWE00139880","2015-07","62.72","16.18","345.0","ORAATJARNARNA D, SW","18",",E","13",",E","0",",E","","","","","20150723",",,E","","","24.1",",,E,23,","148.2",",,,E"
"SWE00139880","2015-08","62.72","16.18","345.0","ORAATJARNARNA D, SW","9",",E","7",",E","0",",E","","","","","20150805",",,E","","","13.0",",,E,05,","49.2",",,,E"
"SWE00139880","2015-09","62.72","16.18","345.0","ORAATJARNARNA D, SW","16",",E","7",",E","1",",E","","","","","20150917",",,E","","","31.3",",,E,17,","88.6",",,,E"
"SWE00139880","2015-10","62.72","16.18","345.0","ORAATJARNARNA D, SW","6",",E","1",",E","0",",E","","","","","20151022",",,E","","","6.0",",,E,22,","11.3",",,,E"
"SWE00139880","2015-11","62.72","16.18","345.0","ORAATJARNARNA D, SW","9",",E","6",",E","0",",E","","","","","20151116",",,E","","","12.6",",,E,16,","44.3",",,,E"
"SWE00139880","2015-12","62.72","16.18","345.0","ORAATJARNARNA D, SW","12",",E","6",",E","0",",E","","","","","20151204",",,E","","","13.8",",,E,04,","47.7",",,,E"
"SWE00139880","2016-01","62.72","16.18","345.0","ORAATJARNARNA D, SW","9",",E","6",",E","0",",E","","","","","20160110",",,E","","","10.1",",,E,10,","42.3",",,,E"
"SWE00139880","2016-02","62.72","16.18","345.0","ORAATJARNARNA D, SW","14",",E","4",",E","0",",E","","","","","20160212",",,E","","","8.5",",,E,12,","29.1",",,,E"
"SWE00139880","2016-03","62.72","16.18","345.0","ORAATJARNARNA D, SW","8",",E","7",",E","0",",E","","","","","20160304",",,E","","","6.5",",,E,04,","33.3",",,,E"
"SWE00139880","2016-04","62.72","16.18","345.0","ORAATJARNARNA D, SW","12",",E","8",",E","0",",E","","","","","20160428",",,E","","","24.0",",,E,28,","71.3",",,,E"
"SWE00139880","2016-05","62.72","16.18","345.0","ORAATJARNARNA D, SW","12",",E","7",",E","0",",E","","","","","20160520",",,E","","","10.3",",,E,20,","54.6",",,,E"
"SWE00139880","2016-06","62.72","16.18","345.0","ORAATJARNARNA D, SW","10",",E","5",",E","0",",E","","","","","20160621",",,E","","","10.0",",,E,21,","32.8",",,,E"
"SWE00139880","2016-07","62.72","16.18","345.0","ORAATJARNARNA D, SW","13",",E","8",",E","0",",E","","","","","20160716",",,E","","","13.5",",,E,16,","57.1",",,,E"
"SWE00139880","2016-09","62.72","16.18","345.0","ORAATJARNARNA D, SW","6",",E","4",",E","0",",E","0",",","20160930","+,,E","20160903",",,E","0",",,E,30,+","10.2",",,E,03,","31.8",",,,E"
"SWE00139880","2016-10","62.72","16.18","345.0","ORAATJARNARNA D, SW","9",",E","0",",E","0",",E","","","","","20161023",",,E","","","2.4",",,E,23,","10.3",",,,E"
"SWE00139880","2016-11","62.72","16.18","345.0","ORAATJARNARNA D, SW","14",",E","6",",E","0",",E","","","","","20161115",",,E","","","10.0",",,E,15,","53.2",",,,E"
"SWE00139880","2017-01","62.72","16.18","345.0","ORAATJARNARNA D, SW","8",",E","3",",E","0",",E","","","","","20170103",",,E","","","12.5",",,E,03,","27.9",",,,E"
"SWE00139880","2017-02","62.72","16.18","345.0","ORAATJARNARNA D, SW","10",",E","5",",E","0",",E","","","","","20170222",",,E","","","10.0",",,E,22,","27.8",",,,E"
"SWE00139880","2017-03","62.72","16.18","345.0","ORAATJARNARNA D, SW","11",",E","6",",E","0",",E","","","","","20170316",",,E","","","3.5",",,E,16,","23.9",",,,E"
"SWE00139880","2017-04","62.72","16.18","345.0","ORAATJARNARNA D, SW","7",",E","2",",E","0",",E","","","","","20170410",",,E","","","10.5",",,E,10,","18.7",",,,E"
"SWE00139880","2017-05","62.72","16.18","345.0","ORAATJARNARNA D, SW","6",",E","2",",E","0",",E","","","","","20170518",",,E","","","6.0",",,E,18,","15.0",",,,E"
"SWE00139880","2017-06","62.72","16.18","345.0","ORAATJARNARNA D, SW","13",",E","8",",E","0",",E","0","1,","20170630","+,1,E","20170626",",,E","0","1,,E,30,+","17.2",",,E,26,","73.1",",,,E"
"SWE00139880","2017-07","62.72","16.18","345.0","ORAATJARNARNA D, SW","13",",E","6",",E","0",",E","","","","","20170713",",,E","","","19.6",",,E,13,","78.2",",,,E"
"SWE00139880","2017-08","62.72","16.18","345.0","ORAATJARNARNA D, SW","14",",E","9",",E","0",",E","","","","","20170809",",,E","","","21.4",",,E,09,","81.6",",,,E"
"SWE00139880","2017-09","62.72","16.18","345.0","ORAATJARNARNA D, SW","14",",E","7",",E","0",",E","","","","","20170913",",,E","","","6.0",",,E,13,","43.0",",,,E"
"SWE00139880","2017-10","62.72","16.18","345.0","ORAATJARNARNA D, SW","16",",E","13",",E","0",",E","","","","","20171025",",,E","","","21.5",",,E,25,","103.5",",,,E"
"SWE00139880","2017-11","62.72","16.18","345.0","ORAATJARNARNA D, SW","14",",E","9",",E","0",",E","","","","","20171122",",,E","","","18.2",",,E,22,","68.3",",,,E"
"SWE00139880","2017-12","62.72","16.18","345.0","ORAATJARNARNA D, SW","18",",E","9",",E","0",",E","","","","","20171207",",,E","","","13.1",",,E,07,","77.4",",,,E"
"SWE00139880","2018-01","62.72","16.18","345.0","ORAATJARNARNA D, SW","17",",E","8",",E","0",",E","","","","","20180131",",,E","","","10.0",",,E,31,","52.5",",,,E"
"SWE00139880","2018-02","62.72","16.18","345.0","ORAATJARNARNA D, SW","15",",E","5",",E","0",",E","","","","","20180201",",,E","","","10.0",",,E,01,","38.6",",,,E"
"SWE00139880","2018-03","62.72","16.18","345.0","ORAATJARNARNA D, SW","11",",E","2",",E","0",",E","","","","","20180312",",,E","","","5.0",",,E,12,","17.2",",,,E"
"SWE00139880","2018-04","62.72","16.18","345.0","ORAATJARNARNA D, SW","8",",E","6",",E","0",",E","","","","","20180420",",,E","","","15.0",",,E,20,","55.3",",,,E"
"SWE00139880","2018-05","62.72","16.18","345.0","ORAATJARNARNA D, SW","7",",E","4",",E","0",",E","","","","","20180511",",,E","","","12.0",",,E,11,","30.7",",,,E"
"SWE00139880","2018-06","62.72","16.18","345.0","ORAATJARNARNA D, SW","7",",E","3",",E","0",",E","","","","","20180617",",,E","","","13.0",",,E,17,","31.9",",,,E"
"SWE00139880","2018-07","62.72","16.18","345.0","ORAATJARNARNA D, SW","10",",E","9",",E","1",",E","","","","","20180721",",,E","","","47.0",",,E,21,","136.3",",,,E"
"SWE00139880","2018-08","62.72","16.18","345.0","ORAATJARNARNA D, SW","16",",E","10",",E","0",",E","0",",","20180831","+,,E","20180824",",,E","0",",,E,31,+","18.0",",,E,24,","90.4",",,,E"
"SWE00139880","2018-09","62.72","16.18","345.0","ORAATJARNARNA D, SW","11",",E","6",",E","0",",E","0",",","20180930","+,,E","20180921",",,E","0",",,E,30,+","7.7",",,E,21,","33.0",",,,E"
"SWE00139880","2018-10","62.72","16.18","345.0","ORAATJARNARNA D, SW","7",",E","2",",E","0",",E","","","","","20181030",",,E","","","24.5",",,E,30,","45.8",",,,E"
"SWE00139880","2018-11","62.72","16.18","345.0","ORAATJARNARNA D, SW","9",",E","3",",E","0",",E","","","","","20181102",",,E","","","6.1",",,E,02,","20.1",",,,E"
"SWE00139880","2018-12","62.72","16.18","345.0","ORAATJARNARNA D, SW","17",",E","11",",E","0",",E","","","","","20181203",",,E","","","24.0",",,E,03,","107.2",",,,E"
"SWE00139880","2019-01","62.72","16.18","345.0","ORAATJARNARNA D, SW","13",",E","5",",E","0",",E","","","","","20190116",",,E","","","7.1",",,E,16,","31.3",",,,E"
"SWE00139880","2019-02","62.72","16.18","345.0","ORAATJARNARNA D, SW","7",",E","6",",E","0",",E","","","","","20190209",",,E","","","8.5",",,E,09,","31.0",",,,E"
"SWE00139880","2019-03","62.72","16.18","345.0","ORAATJARNARNA D, SW","12",",E","7",",E","0",",E","","","","","20190307",",,E","","","13.4",",,E,07,","58.8",",,,E"
"SWE00139880","2019-04","62.72","16.18","345.0","ORAATJARNARNA D, SW","4",",E","4",",E","0",",E","","","","","20190406",",,E","","","16.2",",,E,06,","30.3",",,,E"
"SWE00139880","2019-05","62.72","16.18","345.0","ORAATJARNARNA D, SW","16",",E","13",",E","0",",E","","","","","20190530",",,E","","","13.5",",,E,30,","90.0",",,,E"
"SWE00139880","2019-06","62.72","16.18","345.0","ORAATJARNARNA D, SW","11",",E","7",",E","1",",E","","","","","20190613",",,E","","","31.6",",,E,13,","64.7",",,,E"
"SWE00139880","2019-07","62.72","16.18","345.0","ORAATJARNARNA D, SW","17",",E","11",",E","0",",E","","","","","20190729",",,E","","","19.5",",,E,29,","84.2",",,,E"
"SWE00139880","2019-08","62.72","16.18","345.0","ORAATJARNARNA D, SW","8",",E","5",",E","0",",E","","","","","20190817",",,E","","","16.5",",,E,17,","58.9",",,,E"
"SWE00139880","2019-09","62.72","16.18","345.0","ORAATJARNARNA D, SW","18",",E","10",",E","0",",E","","","","","20190907",",,E","","","16.0",",,E,07,","81.8",",,,E"
"SWE00139880","2019-10","62.72","16.18","345.0","ORAATJARNARNA D, SW","16",",E","5",",E","0",",E","","","","","20191019",",,E","","","13.5",",,E,19,","58.6",",,,E"
"SWE00139880","2019-11","62.72","16.18","345.0","ORAATJARNARNA D, SW","14",",E","9",",E","0",",E","","","","","20191116",",,E","","","9.5",",,E,16,","55.3",",,,E"
"SWE00139880","2019-12","62.72","16.18","345.0","ORAATJARNARNA D, SW","13",",E","9",",E","0",",E","27","4,","20191216",",4,E","20191214",",,E","300","4,,E,16,","14.0",",,E,14,","60.5",",,,E"
"SWE00139880","2020-01","62.72","16.18","345.0","ORAATJARNARNA D, SW","13",",E","6",",E","0",",E","","","","","20200127",",,E","","","10.5",",,E,27,","50.5",",,,E"
"SWE00139880","2020-02","62.72","16.18","345.0","ORAATJARNARNA D, SW","8",",E","5",",E","0",",E","24","5,","20200209","+,5,E","20200220",",,E","400","5,,E,09,+","12.0",",,E,20,","32.6",",,,E"
"SWE00139880","2020-03","62.72","16.18","345.0","ORAATJARNARNA D, SW","12",",E","6",",E","0",",E","","","","","20200302",",,E","","","9.5",",,E,02,","38.7",",,,E"
"SWE00139880","2020-04","62.72","16.18","345.0","ORAATJARNARNA D, SW","9",",E","2",",E","0",",E","","","","","20200402",",,E","","","7.0",",,E,02,","15.7",",,,E"
"SWE00139880","2020-05","62.72","16.18","345.0","ORAATJARNARNA D, SW","13",",E","2",",E","0",",E","","","","","20200501",",,E","","","12.9",",,E,01,","28.6",",,,E"
"SWE00139880","2020-06","62.72","16.18","345.0","ORAATJARNARNA D, SW","8",",E","7",",E","0",",E","","","","","20200629",",,E","","","24.0",",,E,29,","52.3",",,,E"
"SWE00139880","2020-07","62.72","16.18","345.0","ORAATJARNARNA D, SW","15",",E","13",",E","1",",E","","","","","20200705",",,E","","","26.3",",,E,05,","123.4",",,,E"
"SWE00139880","2020-08","62.72","16.18","345.0","ORAATJARNARNA D, SW","8",",E","5",",E","0",",E","","","","","20200803",",,E","","","7.0",",,E,03,","31.0",",,,E"
"SWE00139880","2020-09","62.72","16.18","345.0","ORAATJARNARNA D, SW","17",",E","9",",E","0",",E","","","","","20200926",",,E","","","22.6",",,E,26,","68.1",",,,E"
"SWE00139880","2020-10","62.72","16.18","345.0","ORAATJARNARNA D, SW","22",",E","12",",E","1",",E","","","","","20201020",",,E","","","28.0",",,E,20,","126.9",",,,E"
"SWE00139880","2020-11","62.72","16.18","345.0","ORAATJARNARNA D, SW","12",",E","5",",E","0",",E","","","","","20201118",",,E","","","19.9",",,E,18,","56.7",",,,E"
"SWE00139880","2020-12","62.72","16.18","345.0","ORAATJARNARNA D, SW","23",",E","12",",E","0",",E","","","","","20201228",",,E","","","13.4",",,E,28,","78.2",",,,E"
"SWE00139880","2023-01","62.72","16.18","345.0","ORAATJARNARNA D, SW","18",",E","10",",E","0",",E","","","","","20230115",",,E","","","12.5",",,E,15,","67.0",",,,E"
"SWE00139880","2023-02","62.72","16.18","345.0","ORAATJARNARNA D, SW","5",",E","3",",E","0",",E","","","","","20230220",",,E","","","15.3",",,E,20,","34.9",",,,E"
"SWE00139880","2023-03","62.72","16.18","345.0","ORAATJARNARNA D, SW","12",",E","5",",E","0",",E","","","","","20230322",",,E","","","12.0",",,E,22,","37.0",",,,E"
"SWE00139880","2023-04","62.72","16.18","345.0","ORAATJARNARNA D, SW","12",",E","9",",E","0",",E","","","","","20230423",",,E","","","15.0",",,E,23,","58.3",",,,E"
"SWE00139880","2023-05","62.72","16.18","345.0","ORAATJARNARNA D, SW","8",",E","2",",E","0",",E","","","","","20230517",",,E","","","8.7",",,E,17,","19.7",",,,E"
"SWE00139880","2023-06","62.72","16.18","345.0","ORAATJARNARNA D, SW","7",",E","0",",E","0",",E","","","","","20230627","+,,E","","","1.7",",,E,27,+","6.6",",,,E"
"SWE00139880","2023-07","62.72","16.18","345.0","ORAATJARNARNA D, SW","17",",E","8",",E","0",",E","","","","","20230731",",,E","","","16.5",",,E,31,","74.1",",,,E"
"SWE00139880","2023-08","62.72","16.18","345.0","ORAATJARNARNA D, SW","22",",E","16",",E","3",",E","","","","","20230802",",,E","","","33.0",",,E,02,","236.1",",,,E"
"SWE00139880","2023-09","62.72","16.18","345.0","ORAATJARNARNA D, SW","16",",E","10",",E","0",",E","","","","","20230919",",,E","","","13.5",",,E,19,","62.9",",,,E"
