"STATION","DATE","LATITUDE","LONGITUDE","ELEVATION","NAME","CDSD","CDSD_ATTRIBUTES","CLDD","CLDD_ATTRIBUTES","DP01","DP01_ATTRIBUTES","DP10","DP10_ATTRIBUTES","DP1X","DP1X_ATTRIBUTES","DT00","DT00_ATTRIBUTES","DT32","DT32_ATTRIBUTES","DX32","DX32_ATTRIBUTES","DX70","DX70_ATTRIBUTES","DX90","DX90_ATTRIBUTES","DYNT","DYNT_ATTRIBUTES","DYXP","DYXP_ATTRIBUTES","DYXT","DYXT_ATTRIBUTES","EMNT","EMNT_ATTRIBUTES","EMXP","EMXP_ATTRIBUTES","EMXT","EMXT_ATTRIBUTES","HDSD","HDSD_ATTRIBUTES","HTDD","HTDD_ATTRIBUTES","PRCP","PRCP_ATTRIBUTES","TAVG","TAVG_ATTRIBUTES","TMAX","TMAX_ATTRIBUTES","TMIN","TMIN_ATTRIBUTES"
"UPM00033929","1936-01","45.183","33.367","6.0","YEVPATORIIA, UP","","","","","10","2,I","2","2,I","0","2,I","","","","","","","","","","","","","19360111",",2,I","","","","","12.4","2,,I,11,","","","","","","","23.9","2,,,I","","","","","",""
"UPM00033929","1936-02","45.183","33.367","6.0","YEVPATORIIA, UP","","","","","7","2,I","3","2,I","0","2,I","","","","","","","","","","","","","19360212",",2,I","","","","","9.3","2,,I,12,","","","","","","","20.9","2,,,I","","","","","",""
"UPM00033929","1936-03","45.183","33.367","6.0","YEVPATORIIA, UP","","","","","6",",I","1",",I","0",",I","","","","","","","","","","","","","19360315",",,I","","","","","4.8",",,I,15,","","","","","","","9.1",",,,I","","","","","",""
"UPM00033929","1936-04","45.183","33.367","6.0","YEVPATORIIA, UP","","","","","8","2,I","4","2,I","0","2,I","","","","","","","","","","","","","19360406",",2,I","","","","","12.5","2,,I,06,","","","","","","","26.3","2,,,I","","","","","",""
"UPM00033929","1936-05","45.183","33.367","6.0","YEVPATORIIA, UP","","","","","7","3,I","2","3,I","0","3,I","","","","","","","","","","","","","19360506",",3,I","","","","","6.2","3,,I,06,","","","","","","","14.4","3,,,I","","","","","",""
"UPM00033929","1936-06","45.183","33.367","6.0","YEVPATORIIA, UP","","","","","9","1,I","5","1,I","1","1,I","","","","","","","","","","","","","19360627",",1,I","","","","","28.9","1,,I,27,","","","","","","","66.9","1,,,I","","","","","",""
"UPM00033929","1936-07","45.183","33.367","6.0","YEVPATORIIA, UP","","","","","3","3,I","3","3,I","0","3,I","","","","","","","","","","","","","19360715",",3,I","","","","","11.2","3,,I,15,","","","","","","","19.2","3,,,I","","","","","",""
"UPM00033929","1936-08","45.183","33.367","6.0","YEVPATORIIA, UP","","","","","7",",I","4",",I","0",",I","","","","","","","","","","","","","19360812",",,I","","","","","5.7",",,I,12,","","","","","","","17.5",",,,I","","","","","",""
"UPM00033929","1936-09","45.183","33.367","6.0","YEVPATORIIA, UP","","","","","4",",I","4",",I","0",",I","","","","","","","","","","","","","19360910",",,I","","","","","15.1",",,I,10,","","","","","","","36.5",",,,I","","","","","",""
"UPM00033929","1936-10","45.183","33.367","6.0","YEVPATORIIA, UP","","","","","10",",I","8",",I","0",",I","","","","","","","","","","","","","19361002",",,I","","","","","16.6",",,I,02,","","","","","","","69.9",",,,I","","","","","",""
"UPM00033929","1936-11","45.183","33.367","6.0","YEVPATORIIA, UP","","","","","9","3,I","3","3,I","0","3,I","","","","","","","","","","","","","19361127",",3,I","","","","","5.7","3,,I,27,","","","","","","","18.8","3,,,I","","","","","",""
"UPM00033929","1936-12","45.183","33.367","6.0","YEVPATORIIA, UP","","","","","8",",I","5",",I","0",",I","","","","","","","","","","","","","19361201",",,I","","","","","17.3",",,I,01,","","","","","","","36.2",",,,I","","","","","",""
"UPM00033929","1937-01","45.183","33.367","6.0","YEVPATORIIA, UP","","","","","18","3,I","10","3,I","0","3,I","","","","","","","","","","","","","19370121",",3,I","","","","","16.2","3,,I,21,","","","","","","","99.9","3,,,I","","","","","",""
"UPM00033929","1937-02","45.183","33.367","6.0","YEVPATORIIA, UP","","","","","13",",I","8",",I","0",",I","","","","","","","","","","","","","19370226",",,I","","","","","16.3",",,I,26,","","","","","","","69.5",",,,I","","","","","",""
"UPM00033929","1937-03","45.183","33.367","6.0","YEVPATORIIA, UP","","","","","9",",I","3",",I","0",",I","","","","","","","","","","","","","19370327",",,I","","","","","3.9",",,I,27,","","","","","","","20.0",",,,I","","","","","",""
"UPM00033929","1937-04","45.183","33.367","6.0","YEVPATORIIA, UP","","","","","5",",I","3",",I","0",",I","","","","","","","","","","","","","19370422",",,I","","","","","6.1",",,I,22,","","","","","","","13.6",",,,I","","","","","",""
"UPM00033929","1937-05","45.183","33.367","6.0","YEVPATORIIA, UP","","","","","4",",I","1",",I","0",",I","","","","","","","","","","","","","19370511",",,I","","","","","5.2",",,I,11,","","","","","","","9.7",",,,I","","","","","",""
"UPM00033929","1937-06","45.183","33.367","6.0","YEVPATORIIA, UP","","","","","9",",I","2",",I","0",",I","","","","","","","","","","","","","19370627",",,I","","","","","5.2",",,I,27,","","","","","","","14.1",",,,I","","","","","",""
"UPM00033929","1937-07","45.183","33.367","6.0","YEVPATORIIA, UP","","","","","1",",I","0",",I","0",",I","","","","","","","","","","","","","19370716",",,I","","","","","1.3",",,I,16,","","","","","","","1.7",",,,I","","","","","",""
"UPM00033929","1937-08","45.183","33.367","6.0","YEVPATORIIA, UP","","","","","9",",I","5",",I","0",",I","","","","","","","","","","","","","19370813",",,I","","","","","9.5",",,I,13,","","","","","","","35.9",",,,I","","","","","",""
"UPM00033929","1937-09","45.183","33.367","6.0","YEVPATORIIA, UP","","","","","5","1,I","0","1,I","0","1,I","","","","","","","","","","","","","19370914",",1,I","","","","","1.3","1,,I,14,","","","","","","","4.3","1,,,I","","","","","",""
"UPM00033929","1937-10","45.183","33.367","6.0","YEVPATORIIA, UP","","","","","4","4,I","2","4,I","1","4,I","","","","","","","","","","","","","19371006",",4,I","","","","","38.6","4,,I,06,","","","","","","","44.0","4,,,I","","","","","",""
"UPM00033929","1937-11","45.183","33.367","6.0","YEVPATORIIA, UP","","","","","7","2,I","4","2,I","0","2,I","","","","","","","","","","","","","19371114",",2,I","","","","","13.2","2,,I,14,","","","","","","","33.8","2,,,I","","","","","",""
"UPM00033929","1937-12","45.183","33.367","6.0","YEVPATORIIA, UP","","","","","16",",I","5",",I","1",",I","","","","","","","","","","","","","19371223",",,I","","","","","39.7",",,I,23,","","","","","","","84.0",",,,I","","","","","",""
"UPM00033929","1938-01","45.183","33.367","6.0","YEVPATORIIA, UP","","","","","17","2,I","8","2,I","0","2,I","","","","","","","","","","","","","19380106",",2,I","","","","","6.9","2,,I,06,","","","","","","","50.9","2,,,I","","","","","",""
"UPM00033929","1938-02","45.183","33.367","6.0","YEVPATORIIA, UP","","","","","10","2,I","2","2,I","0","2,I","","","","","","","","","","","","","19380223",",2,I","","","","","8.2","2,,I,23,","","","","","","","20.1","2,,,I","","","","","",""
"UPM00033929","1938-03","45.183","33.367","6.0","YEVPATORIIA, UP","","","","","5","1,I","4","1,I","0","1,I","","","","","","","","","","","","","19380311",",1,I","","","","","7.8","1,,I,11,","","","","","","","19.8","1,,,I","","","","","",""
"UPM00033929","1938-04","45.183","33.367","6.0","YEVPATORIIA, UP","","","","","12",",I","8",",I","0",",I","","","","","","","","","","","","","19380423",",,I","","","","","17.4",",,I,23,","","","","","","","57.9",",,,I","","","","","",""
"UPM00033929","1938-05","45.183","33.367","6.0","YEVPATORIIA, UP","","","","","7",",I","3",",I","0",",I","","","","","","","","","","","","","19380513",",,I","","","","","7.6",",,I,13,","","","","","","","22.4",",,,I","","","","","",""
"UPM00033929","1938-06","45.183","33.367","6.0","YEVPATORIIA, UP","","","","","6",",I","5",",I","0",",I","","","","","","","","","","","","","19380609",",,I","","","","","18.5",",,I,09,","","","","","","","45.6",",,,I","","","","","",""
"UPM00033929","1938-07","45.183","33.367","6.0","YEVPATORIIA, UP","","","","","3",",I","1",",I","0",",I","","","","","","","","","","","","","19380707",",,I","","","","","5.7",",,I,07,","","","","","","","7.4",",,,I","","","","","",""
"UPM00033929","1938-08","45.183","33.367","6.0","YEVPATORIIA, UP","","","","","4",",I","3",",I","0",",I","","","","","","","","","","","","","19380805",",,I","","","","","10.1",",,I,05,","","","","","","","26.9",",,,I","","","","","",""
"UPM00033929","1938-09","45.183","33.367","6.0","YEVPATORIIA, UP","","","","","4",",I","1",",I","0",",I","","","","","","","","","","","","","19380912",",,I","","","","","20.0",",,I,12,","","","","","","","21.6",",,,I","","","","","",""
"UPM00033929","1938-10","45.183","33.367","6.0","YEVPATORIIA, UP","","","","","6","1,I","6","1,I","0","1,I","","","","","","","","","","","","","19381025",",1,I","","","","","21.9","1,,I,25,","","","","","","","54.3","1,,,I","","","","","",""
"UPM00033929","1938-11","45.183","33.367","6.0","YEVPATORIIA, UP","","","","","7","2,I","3","2,I","0","2,I","","","","","","","","","","","","","19381106",",2,I","","","","","13.6","2,,I,06,","","","","","","","25.0","2,,,I","","","","","",""
"UPM00033929","1938-12","45.183","33.367","6.0","YEVPATORIIA, UP","","","","","10","1,I","1","1,I","0","1,I","","","","","","","","","","","","","19381220",",1,I","","","","","3.3","1,,I,20,","","","","","","","12.9","1,,,I","","","","","",""
"UPM00033929","1939-01","45.183","33.367","6.0","YEVPATORIIA, UP","","","","","11","2,I","2","2,I","0","2,I","","","","","","","","","","","","","19390128",",2,I","","","","","11.0","2,,I,28,","","","","","","","24.1","2,,,I","","","","","",""
"UPM00033929","1939-02","45.183","33.367","6.0","YEVPATORIIA, UP","","","","","2","1,I","2","1,I","0","1,I","","","","","","","","","","","","","19390201",",1,I","","","","","7.0","1,,I,01,","","","","","","","10.9","1,,,I","","","","","",""
"UPM00033929","1939-03","45.183","33.367","6.0","YEVPATORIIA, UP","","","","","10","2,I","4","2,I","0","2,I","","","","","","","","","","","","","19390309",",2,I","","","","","14.5","2,,I,09,","","","","","","","35.4","2,,,I","","","","","",""
"UPM00033929","1939-04","45.183","33.367","6.0","YEVPATORIIA, UP","","","","","2",",I","1",",I","0",",I","","","","","","","","","","","","","19390427",",,I","","","","","2.5",",,I,27,","","","","","","","3.3",",,,I","","","","","",""
"UPM00033929","1939-05","45.183","33.367","6.0","YEVPATORIIA, UP","","","","","3",",I","2",",I","0",",I","","","","","","","","","","","","","19390531",",,I","","","","","9.8",",,I,31,","","","","","","","18.8",",,,I","","","","","",""
"UPM00033929","1939-06","45.183","33.367","6.0","YEVPATORIIA, UP","","","","","8","1,I","5","1,I","0","1,I","","","","","","","","","","","","","19390611",",1,I","","","","","4.8","1,,I,11,","","","","","","","21.6","1,,,I","","","","","",""
"UPM00033929","1939-07","45.183","33.367","6.0","YEVPATORIIA, UP","","","","","3",",I","3",",I","0",",I","","","","","","","","","","","","","19390720",",,I","","","","","6.7",",,I,20,","","","","","","","17.2",",,,I","","","","","",""
"UPM00033929","1939-08","45.183","33.367","6.0","YEVPATORIIA, UP","","","","","10",",I","6",",I","1",",I","","","","","","","","","","","","","19390811",",,I","","","","","30.0",",,I,11,","","","","","","","84.9",",,,I","","","","","",""
"UPM00033929","1939-09","45.183","33.367","6.0","YEVPATORIIA, UP","","","","","6","2,I","6","2,I","1","2,I","","","","","","","","","","","","","19390904",",2,I","","","","","74.6","2,,I,04,","","","","","","","138.6","2,,,I","","","","","",""
"UPM00033929","1939-10","45.183","33.367","6.0","YEVPATORIIA, UP","","","","","15","1,I","8","1,I","1","1,I","","","","","","","","","","","","","19391004",",1,I","","","","","35.8","1,,I,04,","","","","","","","94.0","1,,,I","","","","","",""
"UPM00033929","1939-11","45.183","33.367","6.0","YEVPATORIIA, UP","","","","","10",",I","5",",I","0",",I","","","","","","","","","","","","","19391126",",,I","","","","","15.0",",,I,26,","","","","","","","55.0",",,,I","","","","","",""
"UPM00033929","1939-12","45.183","33.367","6.0","YEVPATORIIA, UP","","","","","17","1,I","7","1,I","0","1,I","","","","","","","","","","","","","19391228",",1,I","","","","","14.0","1,,I,28,","","","","","","","60.7","1,,,I","","","","","",""
"UPM00033929","1940-01","45.183","33.367","6.0","YEVPATORIIA, UP","","","","","9","1,I","4","1,I","0","1,I","","","","","","","","","","","","","19400102",",1,I","","","","","10.8","1,,I,02,","","","","","","","35.5","1,,,I","","","","","",""
"UPM00033929","1940-02","45.183","33.367","6.0","YEVPATORIIA, UP","","","","","12","1,I","5","1,I","0","1,I","","","","","","","","","","","","","19400214",",1,I","","","","","6.1","1,,I,14,","","","","","","","34.6","1,,,I","","","","","",""
"UPM00033929","1940-03","45.183","33.367","6.0","YEVPATORIIA, UP","","","","","15",",I","7",",I","0",",I","","","","","","","","","","","","","19400307",",,I","","","","","19.8",",,I,07,","","","","","","","56.1",",,,I","","","","","",""
"UPM00033929","1940-04","45.183","33.367","6.0","YEVPATORIIA, UP","","","","","6",",I","3",",I","0",",I","","","","","","","","","","","","","19400410",",,I","","","","","19.6",",,I,10,","","","","","","","29.5",",,,I","","","","","",""
"UPM00033929","1940-05","45.183","33.367","6.0","YEVPATORIIA, UP","","","","","6",",I","3",",I","0",",I","","","","","","","","","","","","","19400507",",,I","","","","","6.8",",,I,07,","","","","","","","21.3",",,,I","","","","","",""
"UPM00033929","1940-06","45.183","33.367","6.0","YEVPATORIIA, UP","","","","","5","4,I","3","4,I","0","4,I","","","","","","","","","","","","","19400626",",4,I","","","","","4.8","4,,I,26,","","","","","","","12.9","4,,,I","","","","","",""
"UPM00033929","1940-07","45.183","33.367","6.0","YEVPATORIIA, UP","","","","","6",",I","1",",I","0",",I","","","","","","","","","","","","","19400704",",,I","","","","","4.0",",,I,04,","","","","","","","12.6",",,,I","","","","","",""
"UPM00033929","1940-08","45.183","33.367","6.0","YEVPATORIIA, UP","","","","","4",",I","2",",I","1",",I","","","","","","","","","","","","","19400805",",,I","","","","","90.7",",,I,05,","","","","","","","101.5",",,,I","","","","","",""
"UPM00033929","1940-09","45.183","33.367","6.0","YEVPATORIIA, UP","","","","","5","2,I","2","2,I","0","2,I","","","","","","","","","","","","","19400917",",2,I","","","","","13.5","2,,I,17,","","","","","","","23.8","2,,,I","","","","","",""
"UPM00033929","1940-10","45.183","33.367","6.0","YEVPATORIIA, UP","","","","","8",",I","2",",I","0",",I","","","","","","","","","","","","","19401031",",,I","","","","","4.4",",,I,31,","","","","","","","14.4",",,,I","","","","","",""
"UPM00033929","1940-11","45.183","33.367","6.0","YEVPATORIIA, UP","","","","","4","1,I","1","1,I","0","1,I","","","","","","","","","","","","","19401113",",1,I","","","","","6.9","1,,I,13,","","","","","","","8.5","1,,,I","","","","","",""
"UPM00033929","1940-12","45.183","33.367","6.0","YEVPATORIIA, UP","","","","","9","1,I","4","1,I","0","1,I","","","","","","","","","","","","","19401207",",1,I","","","","","10.5","1,,I,07,","","","","","","","33.9","1,,,I","","","","","",""
"UPM00033929","1941-01","45.183","33.367","6.0","YEVPATORIIA, UP","","","","","17","1,I","5","1,I","0","1,I","","","","","","","","","","","","","19410126",",1,I","","","","","10.7","1,,I,26,","","","","","","","37.9","1,,,I","","","","","",""
"UPM00033929","1941-02","45.183","33.367","6.0","YEVPATORIIA, UP","","","","","11",",I","4",",I","0",",I","","","","","","","","","","","","","19410218",",,I","","","","","9.8",",,I,18,","","","","","","","32.1",",,,I","","","","","",""
"UPM00033929","1941-03","45.183","33.367","6.0","YEVPATORIIA, UP","","","","","8","1,I","2","1,I","0","1,I","","","","","","","","","","","","","19410324",",1,I","","","","","8.1","1,,I,24,","","","","","","","16.1","1,,,I","","","","","",""
"UPM00033929","1941-04","45.183","33.367","6.0","YEVPATORIIA, UP","","","","","4","2,I","1","2,I","0","2,I","","","","","","","","","","","","","19410429",",2,I","","","","","8.3","2,,I,29,","","","","","","","13.1","2,,,I","","","","","",""
"UPM00033929","1941-05","45.183","33.367","6.0","YEVPATORIIA, UP","","","","","7",",I","2",",I","0",",I","","","","","","","","","","","","","19410525",",,I","","","","","15.1",",,I,25,","","","","","","","34.0",",,,I","","","","","",""
"UPM00033929","1941-06","45.183","33.367","6.0","YEVPATORIIA, UP","","","","","7",",I","4",",I","1",",I","","","","","","","","","","","","","19410609",",,I","","","","","38.4",",,I,09,","","","","","","","52.7",",,,I","","","","","",""
"UPM00033929","1941-07","45.183","33.367","6.0","YEVPATORIIA, UP","","","","","9",",I","6",",I","0",",I","","","","","","","","","","","","","19410709",",,I","","","","","23.2",",,I,09,","","","","","","","85.1",",,,I","","","","","",""
"UPM00033929","1941-09","45.183","33.367","6.0","YEVPATORIIA, UP","","","","","5","1,I","3","1,I","0","1,I","","","","","","","","","","","","","19410927",",1,I","","","","","6.1","1,,I,27,","","","","","","","17.0","1,,,I","","","","","",""
"UPM00033929","1945-08","45.183","33.367","6.0","YEVPATORIIA, UP","","","","","8",",I","6",",I","1",",I","","","","","","","","","","","","","19450805",",,I","","","","","27.0",",,I,05,","","","","","","","78.7",",,,I","","","","","",""
"UPM00033929","1945-09","45.183","33.367","6.0","YEVPATORIIA, UP","","","","","4","1,I","3","1,I","0","1,I","","","","","","","","","","","","","19450917",",1,I","","","","","8.9","1,,I,17,","","","","","","","20.6","1,,,I","","","","","",""
"UPM00033929","1945-10","45.183","33.367","6.0","YEVPATORIIA, UP","","","","","9","2,I","6","2,I","1","2,I","","","","","","","","","","","","","19451007",",2,I","","","","","27.2","2,,I,07,","","","","","","","64.2","2,,,I","","","","","",""
"UPM00033929","1945-11","45.183","33.367","6.0","YEVPATORIIA, UP","","","","","6",",I","2",",I","0",",I","","","","","","","","","","","","","19451109",",,I","","","","","8.0",",,I,09,","","","","","","","18.1",",,,I","","","","","",""
"UPM00033929","1946-01","45.183","33.367","6.0","YEVPATORIIA, UP","","","","","3","2,I","1","2,I","0","2,I","","","","","","","","","","","","","19460114",",2,I","","","","","3.2","2,,I,14,","","","","","","","4.5","2,,,I","","","","","",""
"UPM00033929","1946-02","45.183","33.367","6.0","YEVPATORIIA, UP","","","","","11",",I","5",",I","0",",I","","","","","","","","","","","","","19460223",",,I","","","","","7.9",",,I,23,","","","","","","","35.4",",,,I","","","","","",""
"UPM00033929","1946-03","45.183","33.367","6.0","YEVPATORIIA, UP","","","","","8",",I","4",",I","0",",I","","","","","","","","","","","","","19460327",",,I","","","","","11.9",",,I,27,","","","","","","","28.1",",,,I","","","","","",""
"UPM00033929","1946-04","45.183","33.367","6.0","YEVPATORIIA, UP","","","","","3","1,I","0","1,I","0","1,I","","","","","","","","","","","","","19460425",",1,I","","","","","1.3","1,,I,25,","","","","","","","2.1","1,,,I","","","","","",""
"UPM00033929","1946-05","45.183","33.367","6.0","YEVPATORIIA, UP","","","","","3",",I","2",",I","0",",I","","","","","","","","","","","","","19460530",",,I","","","","","5.0",",,I,30,","","","","","","","10.5",",,,I","","","","","",""
"UPM00033929","1946-06","45.183","33.367","6.0","YEVPATORIIA, UP","","","","","4",",I","3",",I","0",",I","","","","","","","","","","","","","19460616",",,I","","","","","8.1",",,I,16,","","","","","","","17.9",",,,I","","","","","",""
"UPM00033929","1946-07","45.183","33.367","6.0","YEVPATORIIA, UP","","","","","3","1,I","1","1,I","0","1,I","","","","","","","","","","","","","19460713",",1,I","","","","","5.5","1,,I,13,","","","","","","","6.6","1,,,I","","","","","",""
"UPM00033929","1946-08","45.183","33.367","6.0","YEVPATORIIA, UP","","","","","4","1,I","2","1,I","1","1,I","","","","","","","","","","","","","19460827",",1,I","","","","","32.3","1,,I,27,","","","","","","","48.8","1,,,I","","","","","",""
"UPM00033929","1946-09","45.183","33.367","6.0","YEVPATORIIA, UP","","","","","1","2,I","0","2,I","0","2,I","","","","","","","","","","","","","19460922",",2,I","","","","","1.4","2,,I,22,","","","","","","","1.4","2,,,I","","","","","",""
"UPM00033929","1946-10","45.183","33.367","6.0","YEVPATORIIA, UP","","","","","14","3,I","10","3,I","1","3,I","","","","","","","","","","","","","19461007",",3,I","","","","","50.3","3,,I,07,","","","","","","","142.7","3,,,I","","","","","",""
"UPM00033929","1946-11","45.183","33.367","6.0","YEVPATORIIA, UP","","","","","6",",I","4",",I","0",",I","","","","","","","","","","","","","19461120",",,I","","","","","12.0",",,I,20,","","","","","","","30.5",",,,I","","","","","",""
"UPM00033929","1946-12","45.183","33.367","6.0","YEVPATORIIA, UP","","","","","6","4,I","1","4,I","0","4,I","","","","","","","","","","","","","19461228",",4,I","","","","","11.0","4,,I,28,","","","","","","","16.5","4,,,I","","","","","",""
"UPM00033929","1947-01","45.183","33.367","6.0","YEVPATORIIA, UP","","","","","8","1,I","4","1,I","0","1,I","","","","","","","","","","","","","19470127",",1,I","","","","","12.7","1,,I,27,","","","","","","","28.3","1,,,I","","","","","",""
"UPM00033929","1947-02","45.183","33.367","6.0","YEVPATORIIA, UP","","","","","8",",I","2",",I","0",",I","","","","","","","","","","","","","19470210",",,I","","","","","6.2",",,I,10,","","","","","","","17.1",",,,I","","","","","",""
"UPM00033929","1947-03","45.183","33.367","6.0","YEVPATORIIA, UP","","","","","5","1,I","2","1,I","0","1,I","","","","","","","","","","","","","19470302",",1,I","","","","","4.1","1,,I,02,","","","","","","","11.9","1,,,I","","","","","",""
"UPM00033929","1947-04","45.183","33.367","6.0","YEVPATORIIA, UP","","","","","0",",I","0",",I","0",",I","","","","","","","","","","","","","19470416",",,I","","","","","0.0",",T,I,16,","","","","","","","0.0",",T,,I","","","","","",""
"UPM00033929","1947-05","45.183","33.367","6.0","YEVPATORIIA, UP","","","","","1",",I","0",",I","0",",I","","","","","","","","","","","","","19470519",",,I","","","","","0.5",",,I,19,","","","","","","","0.5",",,,I","","","","","",""
"UPM00033929","1947-06","45.183","33.367","6.0","YEVPATORIIA, UP","","","","","4","2,I","1","2,I","0","2,I","","","","","","","","","","","","","19470624",",2,I","","","","","7.5","2,,I,24,","","","","","","","11.4","2,,,I","","","","","",""
"UPM00033929","1947-07","45.183","33.367","6.0","YEVPATORIIA, UP","","","","","5",",I","3",",I","1",",I","","","","","","","","","","","","","19470722",",,I","","","","","42.1",",,I,22,","","","","","","","54.2",",,,I","","","","","",""
"UPM00033929","1947-08","45.183","33.367","6.0","YEVPATORIIA, UP","","","","","7",",I","4",",I","0",",I","","","","","","","","","","","","","19470815",",,I","","","","","9.8",",,I,15,","","","","","","","29.8",",,,I","","","","","",""
"UPM00033929","1947-09","45.183","33.367","6.0","YEVPATORIIA, UP","","","","","4",",I","2",",I","0",",I","","","","","","","","","","","","","19470905",",,I","","","","","23.5",",,I,05,","","","","","","","37.9",",,,I","","","","","",""
"UPM00033929","1947-10","45.183","33.367","6.0","YEVPATORIIA, UP","","","","","7",",I","5",",I","0",",I","","","","","","","","","","","","","19471019",",,I","","","","","20.5",",,I,19,","","","","","","","41.9",",,,I","","","","","",""
"UPM00033929","1947-11","45.183","33.367","6.0","YEVPATORIIA, UP","","","","","12",",I","8",",I","0",",I","","","","","","","","","","","","","19471124",",,I","","","","","11.7",",,I,24,","","","","","","","55.6",",,,I","","","","","",""
"UPM00033929","1947-12","45.183","33.367","6.0","YEVPATORIIA, UP","","","","","15",",I","9",",I","0",",I","","","","","","","","","","","","","19471221",",,I","","","","","9.0",",,I,21,","","","","","","","59.1",",,,I","","","","","",""
"UPM00033929","1948-01","45.183","33.367","6.0","YEVPATORIIA, UP","","","","","9",",I","2",",I","0",",I","","","","","","","","","","","","","19480101",",,I","","","","","10.1",",,I,01,","","","","","","","20.5",",,,I","","","","","",""
"UPM00033929","1948-02","45.183","33.367","6.0","YEVPATORIIA, UP","","","","","8","3,I","3","3,I","0","3,I","","","","","","","","","","","","","19480224",",3,I","","","","","11.5","3,,I,24,","","","","","","","26.2","3,,,I","","","","","",""
"UPM00033929","1948-03","45.183","33.367","6.0","YEVPATORIIA, UP","","","","","7","1,I","2","1,I","0","1,I","","","","","","","","","","","","","19480320",",1,I","","","","","13.9","1,,I,20,","","","","","","","27.4","1,,,I","","","","","",""
"UPM00033929","1948-04","45.183","33.367","6.0","YEVPATORIIA, UP","","","","","2","1,I","0","1,I","0","1,I","","","","","","","","","","","","","19480412",",1,I","","","","","0.8","1,,I,12,","","","","","","","1.2","1,,,I","","","","","",""
"UPM00033929","1948-05","45.183","33.367","6.0","YEVPATORIIA, UP","","","","","6",",I","4",",I","0",",I","","","","","","","","","","","","","19480530",",,I","","","","","12.4",",,I,30,","","","","","","","23.4",",,,I","","","","","",""
"UPM00033929","1948-06","45.183","33.367","6.0","YEVPATORIIA, UP","","","","","8",",I","5",",I","0",",I","","","","","","","","","","","","","19480617",",,I","","","","","12.9",",,I,17,","","","","","","","48.0",",,,I","","","","","",""
"UPM00033929","1948-07","45.183","33.367","6.0","YEVPATORIIA, UP","","","","","4",",I","0",",I","0",",I","","","","","","","","","","","","","19480726",",,I","","","","","1.9",",,I,26,","","","","","","","5.0",",,,I","","","","","",""
"UPM00033929","1948-08","45.183","33.367","6.0","YEVPATORIIA, UP","","","","","1","2,I","0","2,I","0","2,I","","","","","","","","","","","","","19480825",",2,I","","","","","0.4","2,,I,25,","","","","","","","0.6","2,,,I","","","","","",""
"UPM00033929","1948-09","45.183","33.367","6.0","YEVPATORIIA, UP","","","","","2","1,I","1","1,I","0","1,I","","","","","","","","","","","","","19480924",",1,I","","","","","10.3","1,,I,24,","","","","","","","12.4","1,,,I","","","","","",""
"UPM00033929","1948-10","45.183","33.367","6.0","YEVPATORIIA, UP","","","","","5",",I","1",",I","0",",I","","","","","","","","","","","","","19481018",",,I","","","","","4.6",",,I,18,","","","","","","","7.6",",,,I","","","","","",""
"UPM00033929","1948-11","45.183","33.367","6.0","YEVPATORIIA, UP","","","","","7",",I","2",",I","0",",I","","","","","","","","","","","","","19481124",",,I","","","","","7.7",",,I,24,","","","","","","","18.0",",,,I","","","","","",""
"UPM00033929","1948-12","45.183","33.367","6.0","YEVPATORIIA, UP","","","","","3","4,I","1","4,I","0","4,I","","","","","","","","","","","","","19481224",",4,I","","","","","4.3","4,,I,24,","","","","","","","6.3","4,,,I","","","","","",""
"UPM00033929","1949-01","45.183","33.367","6.0","YEVPATORIIA, UP","","","","","6","1,I","1","1,I","0","1,I","","","","","","","","","","","","","19490120",",1,I","","","","","3.0","1,,I,20,","","","","","","","7.7","1,,,I","","","","","",""
"UPM00033929","1949-02","45.183","33.367","6.0","YEVPATORIIA, UP","","","","","14","2,I","6","2,I","0","2,I","","","","","","","","","","","","","19490206",",2,I","","","","","7.8","2,,I,06,","","","","","","","33.5","2,,,I","","","","","",""
"UPM00033929","1949-03","45.183","33.367","6.0","YEVPATORIIA, UP","","","","","4","1,I","1","1,I","0","1,I","","","","","","","","","","","","","19490302",",1,I","","","","","5.2","1,,I,02,","","","","","","","8.0","1,,,I","","","","","",""
"UPM00033929","1949-04","45.183","33.367","6.0","YEVPATORIIA, UP","","","","","7",",I","3",",I","0",",I","","","","","","","","","","","","","19490416",",,I","","","","","5.5",",,I,16,","","","","","","","16.6",",,,I","","","","","",""
"UPM00033929","1949-05","45.183","33.367","6.0","YEVPATORIIA, UP","","","","","4",",I","0",",I","0",",I","","","","","","","","","","","","","19490529",",,I","","","","","2.1",",,I,29,","","","","","","","3.7",",,,I","","","","","",""
"UPM00033929","1949-06","45.183","33.367","6.0","YEVPATORIIA, UP","","","","","11",",I","4",",I","0",",I","","","","","","","","","","","","","19490610",",,I","","","","","20.9",",,I,10,","","","","","","","67.9",",,,I","","","","","",""
"UPM00033929","1949-07","45.183","33.367","6.0","YEVPATORIIA, UP","","","","","7","1,I","4","1,I","0","1,I","","","","","","","","","","","","","19490711",",1,I","","","","","5.2","1,,I,11,","","","","","","","20.8","1,,,I","","","","","",""
"UPM00033929","1949-08","45.183","33.367","6.0","YEVPATORIIA, UP","","","","","3",",I","1",",I","0",",I","","","","","","","","","","","","","19490820",",,I","","","","","11.1",",,I,20,","","","","","","","14.0",",,,I","","","","","",""
"UPM00033929","1949-09","45.183","33.367","6.0","YEVPATORIIA, UP","","","","","5",",I","3",",I","0",",I","","","","","","","","","","","","","19490915",",,I","","","","","24.3",",,I,15,","","","","","","","35.0",",,,I","","","","","",""
"UPM00033929","1949-11","45.183","33.367","6.0","YEVPATORIIA, UP","","","","","5",",I","3",",I","0",",I","","","","","","","","","","","","","19491130",",,I","","","","","5.0",",,I,30,","","","","","","","15.2",",,,I","","","","","",""
"UPM00033929","1949-12","45.183","33.367","6.0","YEVPATORIIA, UP","","","","","13",",I","4",",I","0",",I","","","","","","","","","","","","","19491228",",,I","","","","","8.6",",,I,28,","","","","","","","29.9",",,,I","","","","","",""
"UPM00033929","1950-01","45.183","33.367","6.0","YEVPATORIIA, UP","","","","","11","1,I","4","1,I","0","1,I","","","","","","","","","","","","","19500104",",1,I","","","","","4.9","1,,I,04,","","","","","","","21.6","1,,,I","","","","","",""
"UPM00033929","1950-02","45.183","33.367","6.0","YEVPATORIIA, UP","","","","","8",",I","3",",I","0",",I","","","","","","","","","","","","","19500211","+,,I","","","","","7.3",",,I,11,+","","","","","","","20.1",",,,I","","","","","",""
"UPM00033929","1950-03","45.183","33.367","6.0","YEVPATORIIA, UP","","","","","9",",I","4",",I","0",",I","","","","","","","","","","","","","19500325",",,I","","","","","9.0",",,I,25,","","","","","","","28.2",",,,I","","","","","",""
"UPM00033929","1950-04","45.183","33.367","6.0","YEVPATORIIA, UP","","","","","9",",I","7",",I","0",",I","","","","","","","","","","","","","19500405",",,I","","","","","12.0",",,I,05,","","","","","","","45.2",",,,I","","","","","",""
"UPM00033929","1950-05","45.183","33.367","6.0","YEVPATORIIA, UP","","","","","6","1,I","2","1,I","0","1,I","","","","","","","","","","","","","19500526",",1,I","","","","","12.8","1,,I,26,","","","","","","","21.3","1,,,I","","","","","",""
"UPM00033929","1950-06","45.183","33.367","6.0","YEVPATORIIA, UP","","","","","5",",I","2",",I","0",",I","","","","","","","","","","","","","19500611",",,I","","","","","9.1",",,I,11,","","","","","","","17.3",",,,I","","","","","",""
"UPM00033929","1950-07","45.183","33.367","6.0","YEVPATORIIA, UP","","","","","2","2,I","1","2,I","1","2,I","","","","","","","","","","","","","19500710",",2,I","","","","","56.7","2,,I,10,","","","","","","","57.7","2,,,I","","","","","",""
"UPM00033929","1950-08","45.183","33.367","6.0","YEVPATORIIA, UP","","","","","4",",I","2",",I","0",",I","","","","","","","","","","","","","19500822",",,I","","","","","10.4",",,I,22,","","","","","","","22.2",",,,I","","","","","",""
"UPM00033929","1950-09","45.183","33.367","6.0","YEVPATORIIA, UP","","","","","2","3,I","2","3,I","0","3,I","","","","","","","","","","","","","19500924",",3,I","","","","","11.2","3,,I,24,","","","","","","","15.4","3,,,I","","","","","",""
"UPM00033929","1950-11","45.183","33.367","6.0","YEVPATORIIA, UP","","","","","11",",I","4",",I","0",",I","","","","","","","","","","","","","19501118",",,I","","","","","10.4",",,I,18,","","","","","","","47.1",",,,I","","","","","",""
"UPM00033929","1950-12","45.183","33.367","6.0","YEVPATORIIA, UP","","","","","8","3,I","4","3,I","0","3,I","","","","","","","","","","","","","19501229",",3,I","","","","","14.3","3,,I,29,","","","","","","","35.3","3,,,I","","","","","",""
"UPM00033929","1951-01","45.183","33.367","6.0","YEVPATORIIA, UP","","","","","10",",I","6",",I","0",",I","","","","","","","","","","","","","19510120",",,I","","","","","13.7",",,I,20,","","","","","","","40.5",",,,I","","","","","",""
"UPM00033929","1951-02","45.183","33.367","6.0","YEVPATORIIA, UP","","","","","5",",I","1",",I","0",",I","","","","","","","","","","","","","19510221",",,I","","","","","8.2",",,I,21,","","","","","","","11.4",",,,I","","","","","",""
"UPM00033929","1951-03","45.183","33.367","6.0","YEVPATORIIA, UP","","","","","9","1,I","6","1,I","0","1,I","","","","","","","","","","","","","19510321",",1,I","","","","","12.4","1,,I,21,","","","","","","","44.4","1,,,I","","","","","",""
"UPM00033929","1951-04","45.183","33.367","6.0","YEVPATORIIA, UP","","","","","4",",I","1",",I","0",",I","","","","","","","","","","","","","19510407",",,I","","","","","6.3",",,I,07,","","","","","","","10.2",",,,I","","","","","",""
"UPM00033929","1951-05","45.183","33.367","6.0","YEVPATORIIA, UP","","","","","4",",I","2",",I","0",",I","","","","","","","","","","","","","19510525",",,I","","","","","20.2",",,I,25,","","","","","","","29.6",",,,I","","","","","",""
"UPM00033929","1951-06","45.183","33.367","6.0","YEVPATORIIA, UP","","","","","3","1,I","0","1,I","0","1,I","","","","","","","","","","","","","19510617","+,1,I","","","","","0.9","1,,I,17,+","","","","","","","2.5","1,,,I","","","","","",""
"UPM00033929","1951-07","45.183","33.367","6.0","YEVPATORIIA, UP","","","","","4","1,I","1","1,I","0","1,I","","","","","","","","","","","","","19510707",",1,I","","","","","11.2","1,,I,07,","","","","","","","16.9","1,,,I","","","","","",""
"UPM00033929","1951-08","45.183","33.367","6.0","YEVPATORIIA, UP","","","","","1",",I","0",",I","0",",I","","","","","","","","","","","","","19510805",",,I","","","","","0.4",",,I,05,","","","","","","","0.4",",,,I","","","","","",""
"UPM00033929","1951-09","45.183","33.367","6.0","YEVPATORIIA, UP","","","","","5","1,I","3","1,I","0","1,I","","","","","","","","","","","","","19510920",",1,I","","","","","5.8","1,,I,20,","","","","","","","14.4","1,,,I","","","","","",""
"UPM00033929","1951-11","45.183","33.367","6.0","YEVPATORIIA, UP","","","","","12",",I","5",",I","0",",I","","","","","","","","","","","","","19511106",",,I","","","","","9.4",",,I,06,","","","","","","","34.6",",,,I","","","","","",""
"UPM00033929","1951-12","45.183","33.367","6.0","YEVPATORIIA, UP","","","","","5",",I","2",",I","0",",I","","","","","","","","","","","","","19511217",",,I","","","","","8.1",",,I,17,","","","","","","","16.1",",,,I","","","","","",""
"UPM00033929","1952-01","45.183","33.367","6.0","YEVPATORIIA, UP","","","","","11",",I","5",",I","0",",I","","","","","","","","","","","","","19520127",",,I","","","","","8.3",",,I,27,","","","","","","","40.0",",,,I","","","","","",""
"UPM00033929","1952-02","45.183","33.367","6.0","YEVPATORIIA, UP","","","","","13","2,I","6","2,I","0","2,I","","","","","","","","","","","","","19520206",",2,I","","","","","17.0","2,,I,06,","","","","","","","64.6","2,,,I","","","","","",""
"UPM00033929","1952-03","45.183","33.367","6.0","YEVPATORIIA, UP","","","","","8",",I","4",",I","0",",I","","","","","","","","","","","","","19520302",",,I","","","","","15.0",",,I,02,","","","","","","","38.6",",,,I","","","","","",""
"UPM00033929","1952-04","45.183","33.367","6.0","YEVPATORIIA, UP","","","","","1","1,I","0","1,I","0","1,I","","","","","","","","","","","","","19520404",",1,I","","","","","0.6","1,,I,04,","","","","","","","0.6","1,,,I","","","","","",""
"UPM00033929","1952-05","45.183","33.367","6.0","YEVPATORIIA, UP","","","","","6","1,I","3","1,I","0","1,I","","","","","","","","","","","","","19520519",",1,I","","","","","9.1","1,,I,19,","","","","","","","19.5","1,,,I","","","","","",""
"UPM00033929","1952-06","45.183","33.367","6.0","YEVPATORIIA, UP","","","","","8","1,I","2","1,I","0","1,I","","","","","","","","","","","","","19520613",",1,I","","","","","9.9","1,,I,13,","","","","","","","20.6","1,,,I","","","","","",""
"UPM00033929","1952-07","45.183","33.367","6.0","YEVPATORIIA, UP","","","","","4","1,I","3","1,I","0","1,I","","","","","","","","","","","","","19520726",",1,I","","","","","6.1","1,,I,26,","","","","","","","11.8","1,,,I","","","","","",""
"UPM00033929","1952-08","45.183","33.367","6.0","YEVPATORIIA, UP","","","","","7",",I","3",",I","0",",I","","","","","","","","","","","","","19520823",",,I","","","","","12.8",",,I,23,","","","","","","","23.9",",,,I","","","","","",""
"UPM00033929","1952-09","45.183","33.367","6.0","YEVPATORIIA, UP","","","","","4",",I","2",",I","0",",I","","","","","","","","","","","","","19520914",",,I","","","","","5.2",",,I,14,","","","","","","","10.6",",,,I","","","","","",""
"UPM00033929","1952-10","45.183","33.367","6.0","YEVPATORIIA, UP","","","","","9",",I","6",",I","0",",I","","","","","","","","","","","","","19521007",",,I","","","","","11.6",",,I,07,","","","","","","","47.7",",,,I","","","","","",""
"UPM00033929","1952-11","45.183","33.367","6.0","YEVPATORIIA, UP","","","","","11","2,I","6","2,I","0","2,I","","","","","","","","","","","","","19521112",",2,I","","","","","16.4","2,,I,12,","","","","","","","53.9","2,,,I","","","","","",""
"UPM00033929","1952-12","45.183","33.367","6.0","YEVPATORIIA, UP","","","","","7","1,I","2","1,I","0","1,I","","","","","","","","","","","","","19521203",",1,I","","","","","7.9","1,,I,03,","","","","","","","16.4","1,,,I","","","","","",""
"UPM00033929","1953-01","45.183","33.367","6.0","YEVPATORIIA, UP","","","","","10","1,I","4","1,I","0","1,I","","","","","","","","","","","","","19530112",",1,I","","","","","9.8","1,,I,12,","","","","","","","38.2","1,,,I","","","","","",""
"UPM00033929","1953-02","45.183","33.367","6.0","YEVPATORIIA, UP","","","","","13","1,I","8","1,I","0","1,I","","","","","","","","","","","","","19530209",",1,I","","","","","10.6","1,,I,09,","","","","","","","46.6","1,,,I","","","","","",""
"UPM00033929","1953-03","45.183","33.367","6.0","YEVPATORIIA, UP","","","","","7",",I","1",",I","0",",I","","","","","","","","","","","","","19530321",",,I","","","","","2.7",",,I,21,","","","","","","","9.0",",,,I","","","","","",""
"UPM00033929","1953-04","45.183","33.367","6.0","YEVPATORIIA, UP","","","","","3","1,I","1","1,I","0","1,I","","","","","","","","","","","","","19530419",",1,I","","","","","8.4","1,,I,19,","","","","","","","11.8","1,,,I","","","","","",""
"UPM00033929","1953-05","45.183","33.367","6.0","YEVPATORIIA, UP","","","","","7",",I","1",",I","0",",I","","","","","","","","","","","","","19530512",",,I","","","","","5.2",",,I,12,","","","","","","","11.1",",,,I","","","","","",""
"UPM00033929","1953-06","45.183","33.367","6.0","YEVPATORIIA, UP","","","","","5","1,I","3","1,I","1","1,I","","","","","","","","","","","","","19530616",",1,I","","","","","26.8","1,,I,16,","","","","","","","52.5","1,,,I","","","","","",""
"UPM00033929","1953-07","45.183","33.367","6.0","YEVPATORIIA, UP","","","","","4","1,I","2","1,I","0","1,I","","","","","","","","","","","","","19530707",",1,I","","","","","7.6","1,,I,07,","","","","","","","12.1","1,,,I","","","","","",""
"UPM00033929","1953-08","45.183","33.367","6.0","YEVPATORIIA, UP","","","","","2","2,I","1","2,I","0","2,I","","","","","","","","","","","","","19530823",",2,I","","","","","6.2","2,,I,23,","","","","","","","8.8","2,,,I","","","","","",""
"UPM00033929","1953-09","45.183","33.367","6.0","YEVPATORIIA, UP","","","","","4","2,I","3","2,I","0","2,I","","","","","","","","","","","","","19530914",",2,I","","","","","8.4","2,,I,14,","","","","","","","21.2","2,,,I","","","","","",""
"UPM00033929","1953-10","45.183","33.367","6.0","YEVPATORIIA, UP","","","","","5",",I","2",",I","0",",I","","","","","","","","","","","","","19531007",",,I","","","","","10.1",",,I,07,","","","","","","","22.3",",,,I","","","","","",""
"UPM00033929","1953-11","45.183","33.367","6.0","YEVPATORIIA, UP","","","","","6","1,I","3","1,I","0","1,I","","","","","","","","","","","","","19531122",",1,I","","","","","12.2","1,,I,22,","","","","","","","25.3","1,,,I","","","","","",""
"UPM00033929","1953-12","45.183","33.367","6.0","YEVPATORIIA, UP","","","","","6","3,I","1","3,I","0","3,I","","","","","","","","","","","","","19531216",",3,I","","","","","2.9","3,,I,16,","","","","","","","7.2","3,,,I","","","","","",""
"UPM00033929","1954-02","45.183","33.367","6.0","YEVPATORIIA, UP","","","","","6",",I","1",",I","0",",I","","","","","","","","","","","","","19540203",",,I","","","","","5.2",",,I,03,","","","","","","","12.4",",,,I","","","","","",""
"UPM00033929","1954-03","45.183","33.367","6.0","YEVPATORIIA, UP","","","","","5",",I","1",",I","0",",I","","","","","","","","","","","","","19540330",",,I","","","","","3.0",",,I,30,","","","","","","","6.6",",,,I","","","","","",""
"UPM00033929","1954-04","45.183","33.367","6.0","YEVPATORIIA, UP","","","","","2",",I","1",",I","0",",I","","","","","","","","","","","","","19540423",",,I","","","","","4.9",",,I,23,","","","","","","","6.9",",,,I","","","","","",""
"UPM00033929","1954-05","45.183","33.367","6.0","YEVPATORIIA, UP","","","","","6",",I","2",",I","0",",I","","","","","","","","","","","","","19540526","+,,I","","","","","5.1",",,I,26,+","","","","","","","14.4",",,,I","","","","","",""
"UPM00033929","1954-06","45.183","33.367","6.0","YEVPATORIIA, UP","","","","","8","1,I","5","1,I","1","1,I","","","","","","","","","","","","","19540615",",1,I","","","","","39.6","1,,I,15,","","","","","","","64.1","1,,,I","","","","","",""
"UPM00033929","1954-07","45.183","33.367","6.0","YEVPATORIIA, UP","","","","","4","3,I","4","3,I","1","3,I","","","","","","","","","","","","","19540708",",3,I","","","","","77.7","3,,I,08,","","","","","","","113.0","3,,,I","","","","","",""
"UPM00033929","1954-08","45.183","33.367","6.0","YEVPATORIIA, UP","","","","","3","3,I","3","3,I","0","3,I","","","","","","","","","","","","","19540806",",3,I","","","","","5.6","3,,I,06,","","","","","","","12.9","3,,,I","","","","","",""
"UPM00033929","1954-09","45.183","33.367","6.0","YEVPATORIIA, UP","","","","","1","4,I","0","4,I","0","4,I","","","","","","","","","","","","","19540911",",4,I","","","","","1.3","4,,I,11,","","","","","","","1.4","4,,,I","","","","","",""
"UPM00033929","1954-10","45.183","33.367","6.0","YEVPATORIIA, UP","","","","","9",",I","3",",I","0",",I","","","","","","","","","","","","","19541007",",,I","","","","","7.0",",,I,07,","","","","","","","26.6",",,,I","","","","","",""
"UPM00033929","1954-11","45.183","33.367","6.0","YEVPATORIIA, UP","","","","","9",",I","4",",I","0",",I","","","","","","","","","","","","","19541123",",,I","","","","","9.6",",,I,23,","","","","","","","34.0",",,,I","","","","","",""
"UPM00033929","1954-12","45.183","33.367","6.0","YEVPATORIIA, UP","","","","","11","1,I","8","1,I","0","1,I","","","","","","","","","","","","","19541222",",1,I","","","","","13.7","1,,I,22,","","","","","","","67.2","1,,,I","","","","","",""
"UPM00033929","1955-01","45.183","33.367","6.0","YEVPATORIIA, UP","","","","","9","3,I","4","3,I","0","3,I","","","","","","","","","","","","","19550115",",3,I","","","","","14.4","3,,I,15,","","","","","","","32.7","3,,,I","","","","","",""
"UPM00033929","1955-02","45.183","33.367","6.0","YEVPATORIIA, UP","","","","","16","3,I","8","3,I","0","3,I","","","","","","","","","","","","","19550215",",3,I","","","","","17.3","3,,I,15,","","","","","","","69.3","3,,,I","","","","","",""
"UPM00033929","1955-03","45.183","33.367","6.0","YEVPATORIIA, UP","","","","","5","2,I","4","2,I","0","2,I","","","","","","","","","","","","","19550326",",2,I","","","","","6.6","2,,I,26,","","","","","","","18.4","2,,,I","","","","","",""
"UPM00033929","1955-04","45.183","33.367","6.0","YEVPATORIIA, UP","","","","","7","1,I","3","1,I","0","1,I","","","","","","","","","","","","","19550421",",1,I","","","","","7.8","1,,I,21,","","","","","","","21.4","1,,,I","","","","","",""
"UPM00033929","1955-05","45.183","33.367","6.0","YEVPATORIIA, UP","","","","","4",",I","2",",I","0",",I","","","","","","","","","","","","","19550530",",,I","","","","","6.2",",,I,30,","","","","","","","11.6",",,,I","","","","","",""
"UPM00033929","1955-06","45.183","33.367","6.0","YEVPATORIIA, UP","","","","","10",",I","5",",I","1",",I","","","","","","","","","","","","","19550613",",,I","","","","","34.4",",,I,13,","","","","","","","59.9",",,,I","","","","","",""
"UPM00033929","1955-07","45.183","33.367","6.0","YEVPATORIIA, UP","","","","","6",",I","1",",I","1",",I","","","","","","","","","","","","","19550731",",,I","","","","","26.4",",,I,31,","","","","","","","30.4",",,,I","","","","","",""
"UPM00033929","1955-08","45.183","33.367","6.0","YEVPATORIIA, UP","","","","","10","3,I","7","3,I","1","3,I","","","","","","","","","","","","","19550827",",3,I","","","","","36.6","3,,I,27,","","","","","","","93.5","3,,,I","","","","","",""
"UPM00033929","1955-09","45.183","33.367","6.0","YEVPATORIIA, UP","","","","","3",",I","3",",I","0",",I","","","","","","","","","","","","","19550930",",,I","","","","","8.9",",,I,30,","","","","","","","17.5",",,,I","","","","","",""
"UPM00033929","1955-10","45.183","33.367","6.0","YEVPATORIIA, UP","","","","","9",",I","5",",I","0",",I","","","","","","","","","","","","","19551005",",,I","","","","","19.7",",,I,05,","","","","","","","49.6",",,,I","","","","","",""
"UPM00033929","1955-11","45.183","33.367","6.0","YEVPATORIIA, UP","","","","","10",",I","6",",I","0",",I","","","","","","","","","","","","","19551125",",,I","","","","","21.5",",,I,25,","","","","","","","71.2",",,,I","","","","","",""
"UPM00033929","1955-12","45.183","33.367","6.0","YEVPATORIIA, UP","","","","","11","3,I","6","3,I","0","3,I","","","","","","","","","","","","","19551222",",3,I","","","","","18.4","3,,I,22,","","","","","","","65.9","3,,,I","","","","","",""
"UPM00033929","1956-02","45.183","33.367","6.0","YEVPATORIIA, UP","","","","","5","3,I","1","3,I","0","3,I","","","","","","","","","","","","","19560212",",3,I","","","","","4.0","3,,I,12,","","","","","","","8.6","3,,,I","","","","","",""
"UPM00033929","1956-03","45.183","33.367","6.0","YEVPATORIIA, UP","","","","","10",",I","3",",I","0",",I","","","","","","","","","","","","","19560303",",,I","","","","","8.2",",,I,03,","","","","","","","24.2",",,,I","","","","","",""
"UPM00033929","1956-04","45.183","33.367","6.0","YEVPATORIIA, UP","","","","","8",",I","3",",I","0",",I","","","","","","","","","","","","","19560409",",,I","","","","","12.0",",,I,09,","","","","","","","29.8",",,,I","","","","","",""
"UPM00033929","1956-05","45.183","33.367","6.0","YEVPATORIIA, UP","","","","","14",",I","11",",I","0",",I","","","","","","","","","","","","","19560530",",,I","","","","","15.6",",,I,30,","","","","","","","75.8",",,,I","","","","","",""
"UPM00033929","1956-06","45.183","33.367","6.0","YEVPATORIIA, UP","","","","","8",",I","3",",I","0",",I","","","","","","","","","","","","","19560626",",,I","","","","","13.1",",,I,26,","","","","","","","29.5",",,,I","","","","","",""
"UPM00033929","1956-08","45.183","33.367","6.0","YEVPATORIIA, UP","","","","","2","1,I","2","1,I","0","1,I","","","","","","","","","","","","","19560825",",1,I","","","","","7.8","1,,I,25,","","","","","","","14.1","1,,,I","","","","","",""
"UPM00033929","1956-09","45.183","33.367","6.0","YEVPATORIIA, UP","","","","","6",",I","5",",I","1",",I","","","","","","","","","","","","","19560913",",,I","","","","","31.5",",,I,13,","","","","","","","72.0",",,,I","","","","","",""
"UPM00033929","1956-10","45.183","33.367","6.0","YEVPATORIIA, UP","","","","","9","2,I","2","2,I","0","2,I","","","","","","","","","","","","","19561030",",2,I","","","","","12.0","2,,I,30,","","","","","","","23.9","2,,,I","","","","","",""
"UPM00033929","1956-11","45.183","33.367","6.0","YEVPATORIIA, UP","","","","","14","1,I","4","1,I","1","1,I","","","","","","","","","","","","","19561103",",1,I","","","","","28.0","1,,I,03,","","","","","","","56.4","1,,,I","","","","","",""
"UPM00033929","1956-12","45.183","33.367","6.0","YEVPATORIIA, UP","","","","","11",",I","2",",I","0",",I","","","","","","","","","","","","","19561204",",,I","","","","","5.8",",,I,04,","","","","","","","19.7",",,,I","","","","","",""
"UPM00033929","1957-02","45.183","33.367","6.0","YEVPATORIIA, UP","","","","","6",",I","4",",I","0",",I","","","","","","","","","","","","","19570215",",,I","","","","","8.1",",,I,15,","","","","","","","20.7",",,,I","","","","","",""
"UPM00033929","1957-03","45.183","33.367","6.0","YEVPATORIIA, UP","","","","","4",",I","4",",I","0",",I","","","","","","","","","","","","","19570304",",,I","","","","","7.8",",,I,04,","","","","","","","22.3",",,,I","","","","","",""
"UPM00033929","1957-04","45.183","33.367","6.0","YEVPATORIIA, UP","","","","","4","2,I","1","2,I","0","2,I","","","","","","","","","","","","","19570420",",2,I","","","","","5.2","2,,I,20,","","","","","","","8.2","2,,,I","","","","","",""
"UPM00033929","1957-05","45.183","33.367","6.0","YEVPATORIIA, UP","","","","","9",",I","3",",I","0",",I","","","","","","","","","","","","","19570525",",,I","","","","","18.3",",,I,25,","","","","","","","47.6",",,,I","","","","","",""
"UPM00033929","1957-06","45.183","33.367","6.0","YEVPATORIIA, UP","","","","","1",",I","0",",I","0",",I","","","","","","","","","","","","","19570602",",,I","","","","","1.4",",,I,02,","","","","","","","1.4",",,,I","","","","","",""
"UPM00033929","1957-07","45.183","33.367","6.0","YEVPATORIIA, UP","","","","","4",",I","1",",I","0",",I","","","","","","","","","","","","","19570719",",,I","","","","","12.9",",,I,19,","","","","","","","17.8",",,,I","","","","","",""
"UPM00033929","1957-08","45.183","33.367","6.0","YEVPATORIIA, UP","","","","","0","1,I","0","1,I","0","1,I","","","","","","","","","","","","","19570831",",1,I","","","","","0.1","1,,I,31,","","","","","","","0.1","1,,,I","","","","","",""
"UPM00033929","1957-09","45.183","33.367","6.0","YEVPATORIIA, UP","","","","","7","1,I","4","1,I","0","1,I","","","","","","","","","","","","","19570927",",1,I","","","","","12.9","1,,I,27,","","","","","","","33.7","1,,,I","","","","","",""
"UPM00033929","1957-10","45.183","33.367","6.0","YEVPATORIIA, UP","","","","","6","1,I","4","1,I","0","1,I","","","","","","","","","","","","","19571005",",1,I","","","","","9.7","1,,I,05,","","","","","","","31.5","1,,,I","","","","","",""
"UPM00033929","1957-11","45.183","33.367","6.0","YEVPATORIIA, UP","","","","","4","5,I","2","5,I","0","5,I","","","","","","","","","","","","","19571130",",5,I","","","","","14.5","5,,I,30,","","","","","","","21.7","5,,,I","","","","","",""
"UPM00033929","1957-12","45.183","33.367","6.0","YEVPATORIIA, UP","","","","","10","1,I","6","1,I","0","1,I","","","","","","","","","","","","","19571205",",1,I","","","","","11.6","1,,I,05,","","","","","","","46.7","1,,,I","","","","","",""
"UPM00033929","1958-01","45.183","33.367","6.0","YEVPATORIIA, UP","","","","","13",",I","7",",I","0",",I","","","","","","","","","","","","","19580124",",,I","","","","","7.8",",,I,24,","","","","","","","46.7",",,,I","","","","","",""
"UPM00033929","1958-02","45.183","33.367","6.0","YEVPATORIIA, UP","","","","","12","1,I","3","1,I","0","1,I","","","","","","","","","","","","","19580216",",1,I","","","","","5.7","1,,I,16,","","","","","","","22.2","1,,,I","","","","","",""
"UPM00033929","1958-03","45.183","33.367","6.0","YEVPATORIIA, UP","","","","","11",",I","3",",I","0",",I","","","","","","","","","","","","","19580303",",,I","","","","","5.0",",,I,03,","","","","","","","22.1",",,,I","","","","","",""
"UPM00033929","1958-04","45.183","33.367","6.0","YEVPATORIIA, UP","","","","","10",",I","4",",I","0",",I","","","","","","","","","","","","","19580401",",,I","","","","","7.0",",,I,01,","","","","","","","27.0",",,,I","","","","","",""
"UPM00033929","1958-05","45.183","33.367","6.0","YEVPATORIIA, UP","","","","","6",",I","1",",I","0",",I","","","","","","","","","","","","","19580508",",,I","","","","","2.9",",,I,08,","","","","","","","6.2",",,,I","","","","","",""
"UPM00033929","1958-06","45.183","33.367","6.0","YEVPATORIIA, UP","","","","","5",",I","3",",I","0",",I","","","","","","","","","","","","","19580612",",,I","","","","","8.2",",,I,12,","","","","","","","20.5",",,,I","","","","","",""
"UPM00033929","1958-07","45.183","33.367","6.0","YEVPATORIIA, UP","","","","","4",",I","1",",I","0",",I","","","","","","","","","","","","","19580726",",,I","","","","","2.7",",,I,26,","","","","","","","5.2",",,,I","","","","","",""
"UPM00033929","1958-08","45.183","33.367","6.0","YEVPATORIIA, UP","","","","","5","1,I","5","1,I","0","1,I","","","","","","","","","","","","","19580831",",1,I","","","","","13.9","1,,I,31,","","","","","","","48.7","1,,,I","","","","","",""
"UPM00033929","1958-09","45.183","33.367","6.0","YEVPATORIIA, UP","","","","","2",",I","1",",I","0",",I","","","","","","","","","","","","","19580901",",,I","","","","","9.1",",,I,01,","","","","","","","11.2",",,,I","","","","","",""
"UPM00033929","1958-10","45.183","33.367","6.0","YEVPATORIIA, UP","","","","","7",",I","4",",I","0",",I","","","","","","","","","","","","","19581016",",,I","","","","","13.6",",,I,16,","","","","","","","37.0",",,,I","","","","","",""
"UPM00033929","1958-11","45.183","33.367","6.0","YEVPATORIIA, UP","","","","","5","1,I","1","1,I","0","1,I","","","","","","","","","","","","","19581107",",1,I","","","","","3.0","1,,I,07,","","","","","","","7.6","1,,,I","","","","","",""
"UPM00033929","1958-12","45.183","33.367","6.0","YEVPATORIIA, UP","","","","","11","1,I","5","1,I","0","1,I","","","","","","","","","","","","","19581226",",1,I","","","","","12.6","1,,I,26,","","","","","","","41.0","1,,,I","","","","","",""
"UPM00033929","1959-01","45.183","33.367","6.0","YEVPATORIIA, UP","","","","","13","1,I","8","1,I","0","1,I","","","","","","","","","","","","","19590118",",1,I","","","","","16.9","1,,I,18,","","","","","","","74.7","1,,,I","","","","","",""
"UPM00033929","1959-02","45.183","33.367","6.0","YEVPATORIIA, UP","","","","","9",",I","1",",I","0",",I","","","","","","","","","","","","","19590203",",,I","","","","","4.6",",,I,03,","","","","","","","13.4",",,,I","","","","","",""
"UPM00033929","1959-03","45.183","33.367","6.0","YEVPATORIIA, UP","","","","","5","2,I","1","2,I","0","2,I","","","","","","","","","","","","","19590316",",2,I","","","","","4.9","2,,I,16,","","","","","","","9.9","2,,,I","","","","","",""
"UPM00033929","1959-04","45.183","33.367","6.0","YEVPATORIIA, UP","","","","","9",",I","5",",I","0",",I","","","","","","","","","","","","","19590416",",,I","","","","","25.3",",,I,16,","","","","","","","57.7",",,,I","","","","","",""
"UPM00033929","1959-05","45.183","33.367","6.0","YEVPATORIIA, UP","","","","","10",",I","4",",I","0",",I","","","","","","","","","","","","","19590523",",,I","","","","","9.4",",,I,23,","","","","","","","23.1",",,,I","","","","","",""
"UPM00033929","1959-06","45.183","33.367","6.0","YEVPATORIIA, UP","","","","","6",",I","3",",I","0",",I","","","","","","","","","","","","","19590613",",,I","","","","","20.1",",,I,13,","","","","","","","49.0",",,,I","","","","","",""
"UPM00033929","1959-07","45.183","33.367","6.0","YEVPATORIIA, UP","","","","","2",",I","2",",I","0",",I","","","","","","","","","","","","","19590704",",,I","","","","","22.8",",,I,04,","","","","","","","27.9",",,,I","","","","","",""
"UPM00033929","1959-08","45.183","33.367","6.0","YEVPATORIIA, UP","","","","","9","1,I","6","1,I","1","1,I","","","","","","","","","","","","","19590803",",1,I","","","","","43.4","1,,I,03,","","","","","","","82.8","1,,,I","","","","","",""
"UPM00033929","1959-09","45.183","33.367","6.0","YEVPATORIIA, UP","","","","","3","4,I","2","4,I","0","4,I","","","","","","","","","","","","","19590903",",4,I","","","","","9.8","4,,I,03,","","","","","","","15.3","4,,,I","","","","","",""
"UPM00033929","1959-10","45.183","33.367","6.0","YEVPATORIIA, UP","","","","","7",",I","0",",I","0",",I","","","","","","","","","","","","","19591004",",,I","","","","","2.1",",,I,04,","","","","","","","6.5",",,,I","","","","","",""
"UPM00033929","1959-11","45.183","33.367","6.0","YEVPATORIIA, UP","","","","","9","2,I","2","2,I","0","2,I","","","","","","","","","","","","","19591117",",2,I","","","","","4.6","2,,I,17,","","","","","","","12.7","2,,,I","","","","","",""
"UPM00033929","1959-12","45.183","33.367","6.0","YEVPATORIIA, UP","","","","","6","1,I","4","1,I","0","1,I","","","","","","","","","","","","","19591210",",1,I","","","","","7.1","1,,I,10,","","","","","","","24.3","1,,,I","","","","","",""
"UPM00033929","1960-01","45.183","33.367","6.0","YEVPATORIIA, UP","","","","","12","2,I","7","2,I","0","2,I","","","","","","","","","","","","","19600109",",2,I","","","","","15.5","2,,I,09,","","","","","","","54.8","2,,,I","","","","","",""
"UPM00033929","1960-02","45.183","33.367","6.0","YEVPATORIIA, UP","","","","","9",",I","4",",I","0",",I","","","","","","","","","","","","","19600227",",,I","","","","","9.6",",,I,27,","","","","","","","25.8",",,,I","","","","","",""
"UPM00033929","1960-03","45.183","33.367","6.0","YEVPATORIIA, UP","","","","","3",",I","1",",I","0",",I","","","","","","","","","","","","","19600301",",,I","","","","","3.0",",,I,01,","","","","","","","4.8",",,,I","","","","","",""
"UPM00033929","1960-04","45.183","33.367","6.0","YEVPATORIIA, UP","","","","","5",",I","2",",I","0",",I","","","","","","","","","","","","","19600417",",,I","","","","","6.4",",,I,17,","","","","","","","15.2",",,,I","","","","","",""
"UPM00033929","1960-05","45.183","33.367","6.0","YEVPATORIIA, UP","","","","","10",",I","4",",I","0",",I","","","","","","","","","","","","","19600527",",,I","","","","","10.2",",,I,27,","","","","","","","37.4",",,,I","","","","","",""
"UPM00033929","1960-06","45.183","33.367","6.0","YEVPATORIIA, UP","","","","","6","3,I","2","3,I","1","3,I","","","","","","","","","","","","","19600625",",3,I","","","","","41.2","3,,I,25,","","","","","","","59.9","3,,,I","","","","","",""
"UPM00033929","1960-07","45.183","33.367","6.0","YEVPATORIIA, UP","","","","","7","3,I","5","3,I","0","3,I","","","","","","","","","","","","","19600711",",3,I","","","","","16.6","3,,I,11,","","","","","","","51.9","3,,,I","","","","","",""
"UPM00033929","1960-08","45.183","33.367","6.0","YEVPATORIIA, UP","","","","","5",",I","2",",I","0",",I","","","","","","","","","","","","","19600817",",,I","","","","","15.3",",,I,17,","","","","","","","30.5",",,,I","","","","","",""
"UPM00033929","1960-09","45.183","33.367","6.0","YEVPATORIIA, UP","","","","","4",",I","2",",I","0",",I","","","","","","","","","","","","","19600926",",,I","","","","","9.3",",,I,26,","","","","","","","15.4",",,,I","","","","","",""
"UPM00033929","1960-10","45.183","33.367","6.0","YEVPATORIIA, UP","","","","","9","3,I","5","3,I","0","3,I","","","","","","","","","","","","","19601019",",3,I","","","","","7.4","3,,I,19,","","","","","","","30.0","3,,,I","","","","","",""
"UPM00033929","1960-11","45.183","33.367","6.0","YEVPATORIIA, UP","","","","","2","2,I","2","2,I","0","2,I","","","","","","","","","","","","","19601130",",2,I","","","","","6.6","2,,I,30,","","","","","","","13.6","2,,,I","","","","","",""
"UPM00033929","1960-12","45.183","33.367","6.0","YEVPATORIIA, UP","","","","","11",",I","8",",I","1",",I","","","","","","","","","","","","","19601229",",,I","","","","","31.9",",,I,29,","","","","","","","93.6",",,,I","","","","","",""
"UPM00033929","1961-01","45.183","33.367","6.0","YEVPATORIIA, UP","","","","","11","2,I","3","2,I","0","2,I","","","","","","","","","","","","","19610113",",2,I","","","","","4.7","2,,I,13,","","","","","","","22.4","2,,,I","","","","","",""
"UPM00033929","1961-02","45.183","33.367","6.0","YEVPATORIIA, UP","","","","","5","2,I","1","2,I","0","2,I","","","","","","","","","","","","","19610206",",2,I","","","","","19.8","2,,I,06,","","","","","","","23.7","2,,,I","","","","","",""
"UPM00033929","1961-03","45.183","33.367","6.0","YEVPATORIIA, UP","","","","","10","1,I","5","1,I","0","1,I","","","","","","","","","","","","","19610323",",1,I","","","","","22.8","1,,I,23,","","","","","","","47.3","1,,,I","","","","","",""
"UPM00033929","1961-05","45.183","33.367","6.0","YEVPATORIIA, UP","","","","","10","2,I","6","2,I","0","2,I","","","","","","","","","","","","","19610524",",2,I","","","","","14.5","2,,I,24,","","","","","","","52.3","2,,,I","","","","","",""
"UPM00033929","1961-06","45.183","33.367","6.0","YEVPATORIIA, UP","","","","","6",",I","5",",I","0",",I","","","","","","","","","","","","","19610630",",,I","","","","","10.5",",,I,30,","","","","","","","26.1",",,,I","","","","","",""
"UPM00033929","1961-07","45.183","33.367","6.0","YEVPATORIIA, UP","","","","","2",",I","0",",I","0",",I","","","","","","","","","","","","","19610720",",,I","","","","","1.4",",,I,20,","","","","","","","2.1",",,,I","","","","","",""
"UPM00033929","1961-08","45.183","33.367","6.0","YEVPATORIIA, UP","","","","","2","1,I","0","1,I","0","1,I","","","","","","","","","","","","","19610824",",1,I","","","","","1.1","1,,I,24,","","","","","","","1.8","1,,,I","","","","","",""
"UPM00033929","1961-09","45.183","33.367","6.0","YEVPATORIIA, UP","","","","","3","1,I","1","1,I","0","1,I","","","","","","","","","","","","","19610916",",1,I","","","","","9.1","1,,I,16,","","","","","","","12.2","1,,,I","","","","","",""
"UPM00033929","1961-10","45.183","33.367","6.0","YEVPATORIIA, UP","","","","","3","1,I","1","1,I","0","1,I","","","","","","","","","","","","","19611014",",1,I","","","","","3.3","1,,I,14,","","","","","","","4.6","1,,,I","","","","","",""
"UPM00033929","1961-11","45.183","33.367","6.0","YEVPATORIIA, UP","","","","","9",",I","3",",I","0",",I","","","","","","","","","","","","","19611109",",,I","","","","","8.7",",,I,09,","","","","","","","24.6",",,,I","","","","","",""
"UPM00033929","1961-12","45.183","33.367","6.0","YEVPATORIIA, UP","","","","","11","2,I","9","2,I","0","2,I","","","","","","","","","","","","","19611218",",2,I","","","","","10.4","2,,I,18,","","","","","","","70.0","2,,,I","","","","","",""
"UPM00033929","1962-01","45.183","33.367","6.0","YEVPATORIIA, UP","","","","","8","2,I","3","2,I","0","2,I","","","","","","","","","","","","","19620129",",2,I","","","","","9.2","2,,I,29,","","","","","","","25.5","2,,,I","","","","","",""
"UPM00033929","1962-02","45.183","33.367","6.0","YEVPATORIIA, UP","","","","","10","1,I","2","1,I","0","1,I","","","","","","","","","","","","","19620209",",1,I","","","","","4.8","1,,I,09,","","","","","","","22.3","1,,,I","","","","","",""
"UPM00033929","1962-03","45.183","33.367","6.0","YEVPATORIIA, UP","","","","","8","2,I","4","2,I","0","2,I","","","","","","","","","","","","","19620317",",2,I","","","","","11.9","2,,I,17,","","","","","","","36.9","2,,,I","","","","","",""
"UPM00033929","1962-04","45.183","33.367","6.0","YEVPATORIIA, UP","","","","","4","3,I","1","3,I","0","3,I","","","","","","","","","","","","","19620401",",3,I","","","","","6.2","3,,I,01,","","","","","","","10.0","3,,,I","","","","","",""
"UPM00033929","1962-05","45.183","33.367","6.0","YEVPATORIIA, UP","","","","","3",",I","1",",I","0",",I","","","","","","","","","","","","","19620503",",,I","","","","","11.2",",,I,03,","","","","","","","12.6",",,,I","","","","","",""
"UPM00033929","1962-06","45.183","33.367","6.0","YEVPATORIIA, UP","","","","","6","2,I","4","2,I","0","2,I","","","","","","","","","","","","","19620620",",2,I","","","","","6.7","2,,I,20,","","","","","","","24.2","2,,,I","","","","","",""
"UPM00033929","1962-07","45.183","33.367","6.0","YEVPATORIIA, UP","","","","","1","1,I","1","1,I","1","1,I","","","","","","","","","","","","","19620721",",1,I","","","","","36.5","1,,I,21,","","","","","","","36.7","1,,,I","","","","","",""
"UPM00033929","1962-08","45.183","33.367","6.0","YEVPATORIIA, UP","","","","","2",",I","2",",I","0",",I","","","","","","","","","","","","","19620803",",,I","","","","","23.0",",,I,03,","","","","","","","28.3",",,,I","","","","","",""
"UPM00033929","1962-09","45.183","33.367","6.0","YEVPATORIIA, UP","","","","","7","2,I","6","2,I","0","2,I","","","","","","","","","","","","","19620922",",2,I","","","","","7.9","2,,I,22,","","","","","","","35.9","2,,,I","","","","","",""
"UPM00033929","1962-10","45.183","33.367","6.0","YEVPATORIIA, UP","","","","","4","1,I","2","1,I","0","1,I","","","","","","","","","","","","","19621015",",1,I","","","","","13.8","1,,I,15,","","","","","","","21.2","1,,,I","","","","","",""
"UPM00033929","1962-11","45.183","33.367","6.0","YEVPATORIIA, UP","","","","","7","2,I","4","2,I","0","2,I","","","","","","","","","","","","","19621113",",2,I","","","","","16.9","2,,I,13,","","","","","","","33.2","2,,,I","","","","","",""
"UPM00033929","1962-12","45.183","33.367","6.0","YEVPATORIIA, UP","","","","","12","2,I","8","2,I","0","2,I","","","","","","","","","","","","","19621228",",2,I","","","","","11.8","2,,I,28,","","","","","","","58.2","2,,,I","","","","","",""
"UPM00033929","1963-01","45.183","33.367","6.0","YEVPATORIIA, UP","","","","","12","2,I","6","2,I","0","2,I","","","","","","","","","","","","","19630105",",2,I","","","","","7.6","2,,I,05,","","","","","","","44.9","2,,,I","","","","","",""
"UPM00033929","1963-02","45.183","33.367","6.0","YEVPATORIIA, UP","","","","","6",",I","1",",I","0",",I","","","","","","","","","","","","","19630221",",,I","","","","","3.7",",,I,21,","","","","","","","8.7",",,,I","","","","","",""
"UPM00033929","1963-03","45.183","33.367","6.0","YEVPATORIIA, UP","","","","","8","4,I","2","4,I","0","4,I","","","","","","","","","","","","","19630329",",4,I","","","","","12.2","4,,I,29,","","","","","","","28.1","4,,,I","","","","","",""
"UPM00033929","1963-04","45.183","33.367","6.0","YEVPATORIIA, UP","","","","","7",",I","3",",I","0",",I","","","","","","","","","","","","","19630427",",,I","","","","","13.8",",,I,27,","","","","","","","30.9",",,,I","","","","","",""
"UPM00033929","1963-05","45.183","33.367","6.0","YEVPATORIIA, UP","","","","","3",",I","1",",I","0",",I","","","","","","","","","","","","","19630520",",,I","","","","","3.7",",,I,20,","","","","","","","7.2",",,,I","","","","","",""
"UPM00033929","1963-06","45.183","33.367","6.0","YEVPATORIIA, UP","","","","","2","1,I","2","1,I","0","1,I","","","","","","","","","","","","","19630621",",1,I","","","","","12.9","1,,I,21,","","","","","","","16.2","1,,,I","","","","","",""
"UPM00033929","1963-07","45.183","33.367","6.0","YEVPATORIIA, UP","","","","","1",",I","1",",I","0",",I","","","","","","","","","","","","","19630728",",,I","","","","","2.5",",,I,28,","","","","","","","2.5",",,,I","","","","","",""
"UPM00033929","1963-08","45.183","33.367","6.0","YEVPATORIIA, UP","","","","","1",",I","1",",I","0",",I","","","","","","","","","","","","","19630811",",,I","","","","","13.1",",,I,11,","","","","","","","13.1",",,,I","","","","","",""
"UPM00033929","1963-09","45.183","33.367","6.0","YEVPATORIIA, UP","","","","","5",",I","2",",I","1",",I","","","","","","","","","","","","","19630929",",,I","","","","","27.7",",,I,29,","","","","","","","38.5",",,,I","","","","","",""
"UPM00033929","1963-10","45.183","33.367","6.0","YEVPATORIIA, UP","","","","","4","1,I","2","1,I","0","1,I","","","","","","","","","","","","","19631019",",1,I","","","","","13.5","1,,I,19,","","","","","","","19.5","1,,,I","","","","","",""
"UPM00033929","1963-11","45.183","33.367","6.0","YEVPATORIIA, UP","","","","","5","1,I","2","1,I","0","1,I","","","","","","","","","","","","","19631122",",1,I","","","","","4.4","1,,I,22,","","","","","","","11.1","1,,,I","","","","","",""
"UPM00033929","1963-12","45.183","33.367","6.0","YEVPATORIIA, UP","","","","","13",",I","6",",I","0",",I","","","","","","","","","","","","","19631213",",,I","","","","","10.1",",,I,13,","","","","","","","44.3",",,,I","","","","","",""
"UPM00033929","1964-02","45.183","33.367","6.0","YEVPATORIIA, UP","","","","","12",",I","4",",I","0",",I","","","","","","","","","","","","","19640221",",,I","","","","","11.8",",,I,21,","","","","","","","39.1",",,,I","","","","","",""
"UPM00033929","1964-03","45.183","33.367","6.0","YEVPATORIIA, UP","","","","","8",",I","4",",I","0",",I","","","","","","","","","","","","","19640326",",,I","","","","","10.8",",,I,26,","","","","","","","30.5",",,,I","","","","","",""
"UPM00033929","1964-04","45.183","33.367","6.0","YEVPATORIIA, UP","","","","","3","3,I","2","3,I","0","3,I","","","","","","","","","","","","","19640428",",3,I","","","","","11.9","3,,I,28,","","","","","","","17.2","3,,,I","","","","","",""
"UPM00033929","1964-05","45.183","33.367","6.0","YEVPATORIIA, UP","","","","","14","2,I","7","2,I","0","2,I","","","","","","","","","","","","","19640507",",2,I","","","","","17.2","2,,I,07,","","","","","","","60.5","2,,,I","","","","","",""
"UPM00033929","1964-06","45.183","33.367","6.0","YEVPATORIIA, UP","","","","","4","3,I","2","3,I","0","3,I","","","","","","","","","","","","","19640627",",3,I","","","","","9.0","3,,I,27,","","","","","","","17.3","3,,,I","","","","","",""
"UPM00033929","1964-07","45.183","33.367","6.0","YEVPATORIIA, UP","","","","","6",",I","5",",I","0",",I","","","","","","","","","","","","","19640718",",,I","","","","","9.3",",,I,18,","","","","","","","37.0",",,,I","","","","","",""
"UPM00033929","1964-08","45.183","33.367","6.0","YEVPATORIIA, UP","","","","","9",",I","2",",I","0",",I","","","","","","","","","","","","","19640803",",,I","","","","","6.2",",,I,03,","","","","","","","18.5",",,,I","","","","","",""
"UPM00033929","1964-09","45.183","33.367","6.0","YEVPATORIIA, UP","","","","","3","1,I","3","1,I","0","1,I","","","","","","","","","","","","","19640924",",1,I","","","","","6.2","1,,I,24,","","","","","","","17.1","1,,,I","","","","","",""
"UPM00033929","1964-10","45.183","33.367","6.0","YEVPATORIIA, UP","","","","","4",",I","3",",I","0",",I","","","","","","","","","","","","","19641001",",,I","","","","","7.3",",,I,01,","","","","","","","18.5",",,,I","","","","","",""
"UPM00033929","1964-11","45.183","33.367","6.0","YEVPATORIIA, UP","","","","","7","2,I","4","2,I","0","2,I","","","","","","","","","","","","","19641123",",2,I","","","","","9.0","2,,I,23,","","","","","","","26.9","2,,,I","","","","","",""
"UPM00033929","1964-12","45.183","33.367","6.0","YEVPATORIIA, UP","","","","","7",",I","5",",I","0",",I","","","","","","","","","","","","","19641220",",,I","","","","","4.5",",,I,20,","","","","","","","19.1",",,,I","","","","","",""
"UPM00033929","1965-01","45.183","33.367","6.0","YEVPATORIIA, UP","","","","","6","3,I","2","3,I","0","3,I","","","","","","","","","","","","","19650105",",3,I","","","","","9.8","3,,I,05,","","","","","","","19.6","3,,,I","","","","","",""
"UPM00033929","1965-02","45.183","33.367","6.0","YEVPATORIIA, UP","","","","","11","4,I","6","4,I","0","4,I","","","","","","","","","","","","","19650218",",4,I","","","","","19.4","4,,I,18,","","","","","","","51.6","4,,,I","","","","","",""
"UPM00033929","1965-03","45.183","33.367","6.0","YEVPATORIIA, UP","","","","","4","4,I","1","4,I","0","4,I","","","","","","","","","","","","","19650323",",4,I","","","","","3.6","4,,I,23,","","","","","","","8.7","4,,,I","","","","","",""
"UPM00033929","1965-04","45.183","33.367","6.0","YEVPATORIIA, UP","","","","","10","4,I","4","4,I","0","4,I","","","","","","","","","","","","","19650417",",4,I","","","","","8.1","4,,I,17,","","","","","","","30.3","4,,,I","","","","","",""
"UPM00033929","1965-05","45.183","33.367","6.0","YEVPATORIIA, UP","","","","","6","4,I","2","4,I","0","4,I","","","","","","","","","","","","","19650502",",4,I","","","","","5.1","4,,I,02,","","","","","","","15.2","4,,,I","","","","","",""
"UPM00033929","1965-06","45.183","33.367","6.0","YEVPATORIIA, UP","","","","","2","3,I","2","3,I","0","3,I","","","","","","","","","","","","","19650607",",3,I","","","","","10.5","3,,I,07,","","","","","","","20.5","3,,,I","","","","","",""
"UPM00033929","1965-07","45.183","33.367","6.0","YEVPATORIIA, UP","","","","","3","3,I","2","3,I","1","3,I","","","","","","","","","","","","","19650711",",3,I","","","","","48.0","3,,I,11,","","","","","","","62.5","3,,,I","","","","","",""
"UPM00033929","1965-08","45.183","33.367","6.0","YEVPATORIIA, UP","","","","","6","2,I","5","2,I","0","2,I","","","","","","","","","","","","","19650830",",2,I","","","","","12.9","2,,I,30,","","","","","","","44.4","2,,,I","","","","","",""
"UPM00033929","1965-09","45.183","33.367","6.0","YEVPATORIIA, UP","","","","","1",",I","0",",I","0",",I","","","","","","","","","","","","","19650914",",,I","","","","","0.4",",,I,14,","","","","","","","0.5",",,,I","","","","","",""
"UPM00033929","1965-10","45.183","33.367","6.0","YEVPATORIIA, UP","","","","","4","5,I","2","5,I","0","5,I","","","","","","","","","","","","","19651031",",5,I","","","","","3.3","5,,I,31,","","","","","","","7.5","5,,,I","","","","","",""
"UPM00033929","1965-11","45.183","33.367","6.0","YEVPATORIIA, UP","","","","","11","4,I","6","4,I","0","4,I","","","","","","","","","","","","","19651129",",4,I","","","","","25.0","4,,I,29,","","","","","","","70.4","4,,,I","","","","","",""
"UPM00033929","1965-12","45.183","33.367","6.0","YEVPATORIIA, UP","","","","","10","1,I","3","1,I","0","1,I","","","","","","","","","","","","","19651230",",1,I","","","","","4.3","1,,I,30,","","","","","","","20.8","1,,,I","","","","","",""
"UPM00033929","1966-01","45.183","33.367","6.0","YEVPATORIIA, UP","","","","","15",",I","9",",I","0",",I","","","","","","","","","","","","","19660114",",,I","","","","","9.0",",,I,14,","","","","","","","58.4",",,,I","","","","","",""
"UPM00033929","1966-02","45.183","33.367","6.0","YEVPATORIIA, UP","","","","","11",",I","5",",I","0",",I","","","","","","","","","","","","","19660204",",,I","","","","","12.1",",,I,04,","","","","","","","30.8",",,,I","","","","","",""
"UPM00033929","1966-03","45.183","33.367","6.0","YEVPATORIIA, UP","","","","","10","1,I","5","1,I","0","1,I","","","","","","","","","","","","","19660316",",1,I","","","","","12.0","1,,I,16,","","","","","","","45.4","1,,,I","","","","","",""
"UPM00033929","1966-04","45.183","33.367","6.0","YEVPATORIIA, UP","","","","","10",",I","6",",I","0",",I","","","","","","","","","","","","","19660418",",,I","","","","","4.7",",,I,18,","","","","","","","22.1",",,,I","","","","","",""
"UPM00033929","1966-05","45.183","33.367","6.0","YEVPATORIIA, UP","","","","","10",",I","1",",I","0",",I","","","","","","","","","","","","","19660531",",,I","","","","","2.8",",,I,31,","","","","","","","12.0",",,,I","","","","","",""
"UPM00033929","1966-06","45.183","33.367","6.0","YEVPATORIIA, UP","","","","","6",",I","4",",I","0",",I","","","","","","","","","","","","","19660628",",,I","","","","","22.9",",,I,28,","","","","","","","42.9",",,,I","","","","","",""
"UPM00033929","1966-07","45.183","33.367","6.0","YEVPATORIIA, UP","","","","","5",",I","1",",I","0",",I","","","","","","","","","","","","","19660702",",,I","","","","","23.0",",,I,02,","","","","","","","27.4",",,,I","","","","","",""
"UPM00033929","1966-08","45.183","33.367","6.0","YEVPATORIIA, UP","","","","","6",",I","4",",I","1",",I","","","","","","","","","","","","","19660812",",,I","","","","","48.3",",,I,12,","","","","","","","78.2",",,,I","","","","","",""
"UPM00033929","1966-09","45.183","33.367","6.0","YEVPATORIIA, UP","","","","","6",",I","3",",I","1",",I","","","","","","","","","","","","","19660903",",,I","","","","","37.4",",,I,03,","","","","","","","50.6",",,,I","","","","","",""
"UPM00033929","1966-10","45.183","33.367","6.0","YEVPATORIIA, UP","","","","","3",",I","2",",I","0",",I","","","","","","","","","","","","","19661023",",,I","","","","","3.0",",,I,23,","","","","","","","6.6",",,,I","","","","","",""
"UPM00033929","1966-11","45.183","33.367","6.0","YEVPATORIIA, UP","","","","","9","2,I","4","2,I","0","2,I","","","","","","","","","","","","","19661115",",2,I","","","","","11.4","2,,I,15,","","","","","","","26.1","2,,,I","","","","","",""
"UPM00033929","1966-12","45.183","33.367","6.0","YEVPATORIIA, UP","","","","","19",",I","7",",I","0",",I","","","","","","","","","","","","","19661209",",,I","","","","","8.8",",,I,09,","","","","","","","52.3",",,,I","","","","","",""
"UPM00033929","1967-01","45.183","33.367","6.0","YEVPATORIIA, UP","","","","","18",",I","9",",I","0",",I","","","","","","","","","","","","","19670110",",,I","","","","","18.5",",,I,10,","","","","","","","71.4",",,,I","","","","","",""
"UPM00033929","1967-02","45.183","33.367","6.0","YEVPATORIIA, UP","","","","","8",",I","6",",I","0",",I","","","","","","","","","","","","","19670223",",,I","","","","","7.6",",,I,23,","","","","","","","27.4",",,,I","","","","","",""
"UPM00033929","1967-03","45.183","33.367","6.0","YEVPATORIIA, UP","","","","","8",",I","3",",I","0",",I","","","","","","","","","","","","","19670324",",,I","","","","","6.5",",,I,24,","","","","","","","19.7",",,,I","","","","","",""
"UPM00033929","1967-04","45.183","33.367","6.0","YEVPATORIIA, UP","","","","","5",",I","0",",I","0",",I","","","","","","","","","","","","","19670420",",,I","","","","","1.7",",,I,20,","","","","","","","4.5",",,,I","","","","","",""
"UPM00033929","1967-05","45.183","33.367","6.0","YEVPATORIIA, UP","","","","","8","1,I","4","1,I","0","1,I","","","","","","","","","","","","","19670527",",1,I","","","","","22.1","1,,I,27,","","","","","","","47.2","1,,,I","","","","","",""
"UPM00033929","1967-06","45.183","33.367","6.0","YEVPATORIIA, UP","","","","","7",",I","2",",I","0",",I","","","","","","","","","","","","","19670627",",,I","","","","","3.5",",,I,27,","","","","","","","11.3",",,,I","","","","","",""
"UPM00033929","1967-07","45.183","33.367","6.0","YEVPATORIIA, UP","","","","","3",",I","2",",I","0",",I","","","","","","","","","","","","","19670728",",,I","","","","","10.7",",,I,28,","","","","","","","16.5",",,,I","","","","","",""
"UPM00033929","1967-08","45.183","33.367","6.0","YEVPATORIIA, UP","","","","","5",",I","2",",I","0",",I","","","","","","","","","","","","","19670809",",,I","","","","","8.2",",,I,09,","","","","","","","18.3",",,,I","","","","","",""
"UPM00033929","1967-09","45.183","33.367","6.0","YEVPATORIIA, UP","","","","","5","1,I","4","1,I","0","1,I","","","","","","","","","","","","","19670929",",1,I","","","","","8.6","1,,I,29,","","","","","","","18.4","1,,,I","","","","","",""
"UPM00033929","1967-10","45.183","33.367","6.0","YEVPATORIIA, UP","","","","","4",",I","1",",I","0",",I","","","","","","","","","","","","","19671020",",,I","","","","","2.8",",,I,20,","","","","","","","4.6",",,,I","","","","","",""
"UPM00033929","1967-11","45.183","33.367","6.0","YEVPATORIIA, UP","","","","","10",",I","6",",I","0",",I","","","","","","","","","","","","","19671125",",,I","","","","","8.6",",,I,25,","","","","","","","40.0",",,,I","","","","","",""
"UPM00033929","1967-12","45.183","33.367","6.0","YEVPATORIIA, UP","","","","","18",",I","11",",I","1",",I","","","","","","","","","","","","","19671213",",,I","","","","","35.3",",,I,13,","","","","","","","105.2",",,,I","","","","","",""
"UPM00033929","1968-01","45.183","33.367","6.0","YEVPATORIIA, UP","","","","","18",",I","11",",I","0",",I","","","","","","","","","","","","","19680103",",,I","","","","","8.9",",,I,03,","","","","","","","63.2",",,,I","","","","","",""
"UPM00033929","1968-02","45.183","33.367","6.0","YEVPATORIIA, UP","","","","","7",",I","3",",I","0",",I","","","","","","","","","","","","","19680211",",,I","","","","","10.0",",,I,11,","","","","","","","26.9",",,,I","","","","","",""
"UPM00033929","1968-03","45.183","33.367","6.0","YEVPATORIIA, UP","","","","","10",",I","3",",I","0",",I","","","","","","","","","","","","","19680308",",,I","","","","","9.5",",,I,08,","","","","","","","29.3",",,,I","","","","","",""
"UPM00033929","1968-04","45.183","33.367","6.0","YEVPATORIIA, UP","","","","","0",",I","0",",I","0",",I","","","","","","","","","","","","","19680403","+,,I","","","","","0.1",",,I,03,+","","","","","","","0.2",",,,I","","","","","",""
"UPM00033929","1968-05","45.183","33.367","6.0","YEVPATORIIA, UP","","","","","0",",I","0",",I","0",",I","","","","","","","","","","","","","19680525","+,,I","","","","","0.0",",T,I,25,+","","","","","","","0.0",",T,,I","","","","","",""
"UPM00033929","1968-06","45.183","33.367","6.0","YEVPATORIIA, UP","","","","","7","2,I","3","2,I","0","2,I","","","","","","","","","","","","","19680616",",2,I","","","","","7.6","2,,I,16,","","","","","","","20.4","2,,,I","","","","","",""
"UPM00033929","1968-07","45.183","33.367","6.0","YEVPATORIIA, UP","","","","","6",",I","4",",I","0",",I","","","","","","","","","","","","","19680702",",,I","","","","","7.6",",,I,02,","","","","","","","25.9",",,,I","","","","","",""
"UPM00033929","1968-08","45.183","33.367","6.0","YEVPATORIIA, UP","","","","","9","1,I","5","1,I","1","1,I","","","","","","","","","","","","","19680805",",1,I","","","","","43.6","1,,I,05,","","","","","","","92.4","1,,,I","","","","","",""
"UPM00033929","1968-09","45.183","33.367","6.0","YEVPATORIIA, UP","","","","","10",",I","7",",I","0",",I","","","","","","","","","","","","","19680925",",,I","","","","","15.3",",,I,25,","","","","","","","57.0",",,,I","","","","","",""
"UPM00033929","1968-10","45.183","33.367","6.0","YEVPATORIIA, UP","","","","","9",",I","6",",I","0",",I","","","","","","","","","","","","","19681019",",,I","","","","","25.2",",,I,19,","","","","","","","77.6",",,,I","","","","","",""
"UPM00033929","1968-11","45.183","33.367","6.0","YEVPATORIIA, UP","","","","","10",",I","6",",I","0",",I","","","","","","","","","","","","","19681126",",,I","","","","","9.6",",,I,26,","","","","","","","42.4",",,,I","","","","","",""
"UPM00033929","1968-12","45.183","33.367","6.0","YEVPATORIIA, UP","","","","","11",",I","5",",I","0",",I","","","","","","","","","","","","","19681227",",,I","","","","","6.5",",,I,27,","","","","","","","26.7",",,,I","","","","","",""
"UPM00033929","1969-01","45.183","33.367","6.0","YEVPATORIIA, UP","","","","","6",",I","3",",I","0",",I","","","","","","","","","","","","","19690125",",,I","","","","","6.8",",,I,25,","","","","","","","17.7",",,,I","","","","","",""
"UPM00033929","1969-02","45.183","33.367","6.0","YEVPATORIIA, UP","","","","","8",",I","5",",I","0",",I","","","","","","","","","","","","","19690212",",,I","","","","","14.3",",,I,12,","","","","","","","33.4",",,,I","","","","","",""
"UPM00033929","1969-03","45.183","33.367","6.0","YEVPATORIIA, UP","","","","","7",",I","2",",I","0",",I","","","","","","","","","","","","","19690330",",,I","","","","","15.4",",,I,30,","","","","","","","29.6",",,,I","","","","","",""
"UPM00033929","1969-04","45.183","33.367","6.0","YEVPATORIIA, UP","","","","","14",",I","7",",I","0",",I","","","","","","","","","","","","","19690426",",,I","","","","","21.7",",,I,26,","","","","","","","84.3",",,,I","","","","","",""
"UPM00033929","1969-05","45.183","33.367","6.0","YEVPATORIIA, UP","","","","","8",",I","2",",I","0",",I","","","","","","","","","","","","","19690511",",,I","","","","","13.5",",,I,11,","","","","","","","22.2",",,,I","","","","","",""
"UPM00033929","1969-06","45.183","33.367","6.0","YEVPATORIIA, UP","","","","","7",",I","2",",I","0",",I","","","","","","","","","","","","","19690628",",,I","","","","","22.7",",,I,28,","","","","","","","30.2",",,,I","","","","","",""
"UPM00033929","1969-07","45.183","33.367","6.0","YEVPATORIIA, UP","","","","","9",",I","5",",I","0",",I","","","","","","","","","","","","","19690713",",,I","","","","","13.6",",,I,13,","","","","","","","34.9",",,,I","","","","","",""
"UPM00033929","1969-08","45.183","33.367","6.0","YEVPATORIIA, UP","","","","","1",",I","0",",I","0",",I","","","","","","","","","","","","","19690821",",,I","","","","","0.3",",,I,21,","","","","","","","0.3",",,,I","","","","","",""
"UPM00033929","1969-09","45.183","33.367","6.0","YEVPATORIIA, UP","","","","","5",",I","5",",I","0",",I","","","","","","","","","","","","","19690921",",,I","","","","","24.4",",,I,21,","","","","","","","60.7",",,,I","","","","","",""
"UPM00033929","1969-10","45.183","33.367","6.0","YEVPATORIIA, UP","","","","","7",",I","2",",I","0",",I","","","","","","","","","","","","","19691031",",,I","","","","","10.6",",,I,31,","","","","","","","24.8",",,,I","","","","","",""
"UPM00033929","1969-11","45.183","33.367","6.0","YEVPATORIIA, UP","","","","","8",",I","3",",I","0",",I","","","","","","","","","","","","","19691127",",,I","","","","","7.7",",,I,27,","","","","","","","21.4",",,,I","","","","","",""
"UPM00033929","1969-12","45.183","33.367","6.0","YEVPATORIIA, UP","","","","","10","5,I","6","5,I","0","5,I","","","","","","","","","","","","","19691217",",5,I","","","","","10.6","5,,I,17,","","","","","","","37.7","5,,,I","","","","","",""
"UPM00033929","1970-01","45.183","33.367","6.0","YEVPATORIIA, UP","","","","","13",",I","8",",I","0",",I","","","","","","","","","","","","","19700108",",,I","","","","","6.0",",,I,08,","","","","","","","36.5",",,,I","","","","","",""
"UPM00033929","1970-02","45.183","33.367","6.0","YEVPATORIIA, UP","","","","","15",",I","10",",I","0",",I","","","","","","","","","","","","","19700226",",,I","","","","","9.6",",,I,26,","","","","","","","54.6",",,,I","","","","","",""
"UPM00033929","1970-03","45.183","33.367","6.0","YEVPATORIIA, UP","","","","","9",",I","3",",I","0",",I","","","","","","","","","","","","","19700318",",,I","","","","","12.6",",,I,18,","","","","","","","23.8",",,,I","","","","","",""
"UPM00033929","1970-04","45.183","33.367","6.0","YEVPATORIIA, UP","","","","","8",",I","3",",I","0",",I","","","","","","","","","","","","","19700406",",,I","","","","","18.5",",,I,06,","","","","","","","34.2",",,,I","","","","","",""
"UPM00033929","1970-05","45.183","33.367","6.0","YEVPATORIIA, UP","","","","","17","1,I","7","1,I","0","1,I","","","","","","","","","","","","","19700518",",1,I","","","","","23.2","1,,I,18,","","","","","","","80.9","1,,,I","","","","","",""
"UPM00033929","1970-06","45.183","33.367","6.0","YEVPATORIIA, UP","","","","","6",",I","2",",I","0",",I","","","","","","","","","","","","","19700603",",,I","","","","","16.2",",,I,03,","","","","","","","33.8",",,,I","","","","","",""
"UPM00033929","1970-07","45.183","33.367","6.0","YEVPATORIIA, UP","","","","","3",",I","2",",I","1",",I","","","","","","","","","","","","","19700728",",,I","","","","","52.2",",,I,28,","","","","","","","60.0",",,,I","","","","","",""
"UPM00033929","1970-08","45.183","33.367","6.0","YEVPATORIIA, UP","","","","","5",",I","4",",I","0",",I","","","","","","","","","","","","","19700826",",,I","","","","","6.3",",,I,26,","","","","","","","18.4",",,,I","","","","","",""
"UPM00033929","1970-09","45.183","33.367","6.0","YEVPATORIIA, UP","","","","","2",",I","1",",I","0",",I","","","","","","","","","","","","","19700907",",,I","","","","","2.7",",,I,07,","","","","","","","3.9",",,,I","","","","","",""
"UPM00033929","1970-10","45.183","33.367","6.0","YEVPATORIIA, UP","","","","","9",",I","6",",I","0",",I","","","","","","","","","","","","","19701004",",,I","","","","","16.3",",,I,04,","","","","","","","52.4",",,,I","","","","","",""
"UPM00033929","1970-11","45.183","33.367","6.0","YEVPATORIIA, UP","","","","","14",",I","6",",I","0",",I","","","","","","","","","","","","","19701109",",,I","","","","","12.4",",,I,09,","","","","","","","45.4",",,,I","","","","","",""
"UPM00033929","1970-12","45.183","33.367","6.0","YEVPATORIIA, UP","","","","","13",",I","3",",I","0",",I","","","","","","","","","","","","","19701220",",,I","","","","","6.0",",,I,20,","","","","","","","27.5",",,,I","","","","","",""
"UPM00033929","1971-01","45.183","33.367","6.0","YEVPATORIIA, UP","","","","","4",",I","2",",I","0",",I","","","","","","","","","","","","","19710101",",,I","","","","","4.4",",,I,01,","","","","","","","8.6",",,,I","","","","","",""
"UPM00033929","1971-02","45.183","33.367","6.0","YEVPATORIIA, UP","","","","","9",",I","5",",I","0",",I","","","","","","","","","","","","","19710218",",,I","","","","","4.6",",,I,18,","","","","","","","23.0",",,,I","","","","","",""
"UPM00033929","1971-03","45.183","33.367","6.0","YEVPATORIIA, UP","","","","","10",",I","4",",I","0",",I","","","","","","","","","","","","","19710308",",,I","","","","","12.0",",,I,08,","","","","","","","28.1",",,,I","","","","","",""
"UPM00033929","1971-04","45.183","33.367","6.0","YEVPATORIIA, UP","","","","","1",",I","0",",I","0",",I","","","","","","","","","","","","","19710429",",,I","","","","","0.5",",,I,29,","","","","","","","0.5",",,,I","","","","","",""
"UPM00033929","1971-05","45.183","33.367","6.0","YEVPATORIIA, UP","","","","","7",",I","0",",I","0",",I","","","","","","","","","","","","","19710508",",,I","","","","","1.9",",,I,08,","","","","","","","8.4",",,,I","","","","","",""
"UPM00033929","1971-06","45.183","33.367","6.0","YEVPATORIIA, UP","","","","","3",",I","2",",I","0",",I","","","","","","","","","","","","","19710621",",,I","","","","","9.1",",,I,21,","","","","","","","15.3",",,,I","","","","","",""
"UPM00033929","1971-08","45.183","33.367","6.0","YEVPATORIIA, UP","","","","","5",",I","2",",I","0",",I","","","","","","","","","","","","","19710828",",,I","","","","","4.7",",,I,28,","","","","","","","10.4",",,,I","","","","","",""
"UPM00033929","1971-09","45.183","33.367","6.0","YEVPATORIIA, UP","","","","","6",",I","4",",I","0",",I","","","","","","","","","","","","","19710908",",,I","","","","","14.2",",,I,08,","","","","","","","39.2",",,,I","","","","","",""
"UPM00033929","1971-10","45.183","33.367","6.0","YEVPATORIIA, UP","","","","","6",",I","2",",I","0",",I","","","","","","","","","","","","","19711008",",,I","","","","","7.0",",,I,08,","","","","","","","18.1",",,,I","","","","","",""
"UPM00033929","1971-11","45.183","33.367","6.0","YEVPATORIIA, UP","","","","","14",",I","5",",I","0",",I","","","","","","","","","","","","","19711114",",,I","","","","","12.4",",,I,14,","","","","","","","38.9",",,,I","","","","","",""
"UPM00033929","1971-12","45.183","33.367","6.0","YEVPATORIIA, UP","","","","","14",",I","6",",I","0",",I","","","","","","","","","","","","","19711224",",,I","","","","","11.5",",,I,24,","","","","","","","41.1",",,,I","","","","","",""
"UPM00033929","1972-01","45.183","33.367","6.0","YEVPATORIIA, UP","","","","","5",",I","2",",I","0",",I","","","","","","","","","","","","","19720112",",,I","","","","","3.9",",,I,12,","","","","","","","8.2",",,,I","","","","","",""
"UPM00033929","1972-02","45.183","33.367","6.0","YEVPATORIIA, UP","","","","","4",",I","2",",I","0",",I","","","","","","","","","","","","","19720216",",,I","","","","","7.1",",,I,16,","","","","","","","11.9",",,,I","","","","","",""
"UPM00033929","1972-03","45.183","33.367","6.0","YEVPATORIIA, UP","","","","","4",",I","1",",I","0",",I","","","","","","","","","","","","","19720324",",,I","","","","","2.7",",,I,24,","","","","","","","4.5",",,,I","","","","","",""
"UPM00033929","1972-04","45.183","33.367","6.0","YEVPATORIIA, UP","","","","","4",",I","2",",I","0",",I","","","","","","","","","","","","","19720402",",,I","","","","","8.2",",,I,02,","","","","","","","12.6",",,,I","","","","","",""
"UPM00033929","1972-05","45.183","33.367","6.0","YEVPATORIIA, UP","","","","","9",",I","4",",I","0",",I","","","","","","","","","","","","","19720505",",,I","","","","","6.7",",,I,05,","","","","","","","25.1",",,,I","","","","","",""
"UPM00033929","1972-06","45.183","33.367","6.0","YEVPATORIIA, UP","","","","","9",",I","5",",I","2",",I","","","","","","","","","","","","","19720630",",,I","","","","","33.2",",,I,30,","","","","","","","92.8",",,,I","","","","","",""
"UPM00033929","1972-07","45.183","33.367","6.0","YEVPATORIIA, UP","","","","","5",",I","3",",I","1",",I","","","","","","","","","","","","","19720706",",,I","","","","","41.2",",,I,06,","","","","","","","56.4",",,,I","","","","","",""
"UPM00033929","1972-08","45.183","33.367","6.0","YEVPATORIIA, UP","","","","","5",",I","4",",I","1",",I","","","","","","","","","","","","","19720811",",,I","","","","","35.7",",,I,11,","","","","","","","55.3",",,,I","","","","","",""
"UPM00033929","1972-09","45.183","33.367","6.0","YEVPATORIIA, UP","","","","","6",",I","4",",I","0",",I","","","","","","","","","","","","","19720928",",,I","","","","","23.6",",,I,28,","","","","","","","52.5",",,,I","","","","","",""
"UPM00033929","1972-10","45.183","33.367","6.0","YEVPATORIIA, UP","","","","","13",",I","4",",I","1",",I","","","","","","","","","","","","","19721011",",,I","","","","","28.7",",,I,11,","","","","","","","68.4",",,,I","","","","","",""
"UPM00033929","1972-11","45.183","33.367","6.0","YEVPATORIIA, UP","","","","","11",",I","4",",I","0",",I","","","","","","","","","","","","","19721126",",,I","","","","","10.9",",,I,26,","","","","","","","28.3",",,,I","","","","","",""
"UPM00033929","1972-12","45.183","33.367","6.0","YEVPATORIIA, UP","","","","","3",",I","1",",I","0",",I","","","","","","","","","","","","","19721227",",,I","","","","","2.9",",,I,27,","","","","","","","5.6",",,,I","","","","","",""
"UPM00033929","1973-01","45.183","33.367","6.0","YEVPATORIIA, UP","","","","","8","1,I","3","1,I","0","1,I","","","","","","","","","","","","","19730115",",1,I","","","","","4.0","1,,I,15,","","","","","","","14.6","1,,,I","","","","","",""
"UPM00033929","1973-02","45.183","33.367","6.0","YEVPATORIIA, UP","","","","","13",",I","6",",I","0",",I","","","","","","","","","","","","","19730225",",,I","","","","","16.1",",,I,25,","","","","","","","52.7",",,,I","","","","","",""
"UPM00033929","1973-03","45.183","33.367","6.0","YEVPATORIIA, UP","","","","","14",",I","9",",I","0",",I","","","","","","","","","","","","","19730313",",,I","","","","","17.3",",,I,13,","","","","","","","62.8",",,,I","","","","","",""
"UPM00033929","1973-04","45.183","33.367","6.0","YEVPATORIIA, UP","","","","","8",",I","2",",I","1",",I","","","","","","","","","","","","","19730416",",,I","","","","","40.5",",,I,16,","","","","","","","55.7",",,,I","","","","","",""
"UPM00033929","1973-05","45.183","33.367","6.0","YEVPATORIIA, UP","","","","","9",",I","5",",I","1",",I","","","","","","","","","","","","","19730528",",,I","","","","","40.2",",,I,28,","","","","","","","87.8",",,,I","","","","","",""
"UPM00033929","1973-06","45.183","33.367","6.0","YEVPATORIIA, UP","","","","","10",",I","7",",I","0",",I","","","","","","","","","","","","","19730616",",,I","","","","","18.1",",,I,16,","","","","","","","92.1",",,,I","","","","","",""
"UPM00033929","1973-07","45.183","33.367","6.0","YEVPATORIIA, UP","","","","","9",",I","5",",I","0",",I","","","","","","","","","","","","","19730703",",,I","","","","","20.5",",,I,03,","","","","","","","45.5",",,,I","","","","","",""
"UPM00033929","1973-08","45.183","33.367","6.0","YEVPATORIIA, UP","","","","","4",",I","3",",I","0",",I","","","","","","","","","","","","","19730823",",,I","","","","","10.0",",,I,23,","","","","","","","22.5",",,,I","","","","","",""
"UPM00033929","1973-09","45.183","33.367","6.0","YEVPATORIIA, UP","","","","","3",",I","2",",I","0",",I","","","","","","","","","","","","","19730914",",,I","","","","","4.8",",,I,14,","","","","","","","9.2",",,,I","","","","","",""
"UPM00033929","1973-10","45.183","33.367","6.0","YEVPATORIIA, UP","","","","","7",",I","2",",I","0",",I","","","","","","","","","","","","","19731031",",,I","","","","","7.5",",,I,31,","","","","","","","13.7",",,,I","","","","","",""
"UPM00033929","1973-11","45.183","33.367","6.0","YEVPATORIIA, UP","","","","","14",",I","8",",I","0",",I","","","","","","","","","","","","","19731117",",,I","","","","","6.5",",,I,17,","","","","","","","39.8",",,,I","","","","","",""
"UPM00033929","1973-12","45.183","33.367","6.0","YEVPATORIIA, UP","","","","","12","1,I","4","1,I","0","1,I","","","","","","","","","","","","","19731214",",1,I","","","","","14.7","1,,I,14,","","","","","","","49.3","1,,,I","","","","","",""
"UPM00033929","1974-01","45.183","33.367","6.0","YEVPATORIIA, UP","","","","","5",",I","3",",I","0",",I","","","","","","","","","","","","","19740126",",,I","","","","","2.7",",,I,26,","","","","","","","9.1",",,,I","","","","","",""
"UPM00033929","1974-02","45.183","33.367","6.0","YEVPATORIIA, UP","","","","","9",",I","1",",I","0",",I","","","","","","","","","","","","","19740206",",,I","","","","","3.3",",,I,06,","","","","","","","11.1",",,,I","","","","","",""
"UPM00033929","1974-03","45.183","33.367","6.0","YEVPATORIIA, UP","","","","","3",",I","2",",I","0",",I","","","","","","","","","","","","","19740309",",,I","","","","","10.2",",,I,09,","","","","","","","19.6",",,,I","","","","","",""
"UPM00033929","1974-04","45.183","33.367","6.0","YEVPATORIIA, UP","","","","","11",",I","5",",I","0",",I","","","","","","","","","","","","","19740415","+,,I","","","","","5.6",",,I,15,+","","","","","","","26.6",",,,I","","","","","",""
"UPM00033929","1974-05","45.183","33.367","6.0","YEVPATORIIA, UP","","","","","10",",I","4",",I","1",",I","","","","","","","","","","","","","19740517",",,I","","","","","33.9",",,I,17,","","","","","","","56.0",",,,I","","","","","",""
"UPM00033929","1974-06","45.183","33.367","6.0","YEVPATORIIA, UP","","","","","6",",I","1",",I","0",",I","","","","","","","","","","","","","19740626",",,I","","","","","5.8",",,I,26,","","","","","","","12.5",",,,I","","","","","",""
"UPM00033929","1974-07","45.183","33.367","6.0","YEVPATORIIA, UP","","","","","7",",I","3",",I","0",",I","","","","","","","","","","","","","19740712",",,I","","","","","14.0",",,I,12,","","","","","","","26.0",",,,I","","","","","",""
"UPM00033929","1974-08","45.183","33.367","6.0","YEVPATORIIA, UP","","","","","4",",I","0",",I","0",",I","","","","","","","","","","","","","19740811",",,I","","","","","2.1",",,I,11,","","","","","","","4.8",",,,I","","","","","",""
"UPM00033929","1974-09","45.183","33.367","6.0","YEVPATORIIA, UP","","","","","5",",I","2",",I","0",",I","","","","","","","","","","","","","19740928",",,I","","","","","11.0",",,I,28,","","","","","","","21.6",",,,I","","","","","",""
"UPM00033929","1974-10","45.183","33.367","6.0","YEVPATORIIA, UP","","","","","7",",I","3",",I","0",",I","","","","","","","","","","","","","19741026",",,I","","","","","5.3",",,I,26,","","","","","","","17.6",",,,I","","","","","",""
"UPM00033929","1974-11","45.183","33.367","6.0","YEVPATORIIA, UP","","","","","11",",I","5",",I","0",",I","","","","","","","","","","","","","19741104",",,I","","","","","12.8",",,I,04,","","","","","","","48.6",",,,I","","","","","",""
"UPM00033929","1974-12","45.183","33.367","6.0","YEVPATORIIA, UP","","","","","15","2,I","10","2,I","0","2,I","","","","","","","","","","","","","19741209",",2,I","","","","","15.2","2,,I,09,","","","","","","","83.7","2,,,I","","","","","",""
"UPM00033929","1975-01","45.183","33.367","6.0","YEVPATORIIA, UP","","","","","5","1,I","2","1,I","0","1,I","","","","","","","","","","","","","19750109",",1,I","","","","","5.1","1,,I,09,","","","","","","","13.0","1,,,I","","","","","",""
"UPM00033929","1975-02","45.183","33.367","6.0","YEVPATORIIA, UP","","","","","6",",I","2",",I","0",",I","","","","","","","","","","","","","19750228",",,I","","","","","13.2",",,I,28,","","","","","","","23.8",",,,I","","","","","",""
"UPM00033929","1975-03","45.183","33.367","6.0","YEVPATORIIA, UP","","","","","2",",I","2",",I","0",",I","","","","","","","","","","","","","19750324",",,I","","","","","4.3",",,I,24,","","","","","","","7.2",",,,I","","","","","",""
"UPM00033929","1975-04","45.183","33.367","6.0","YEVPATORIIA, UP","","","","","6",",I","1",",I","0",",I","","","","","","","","","","","","","19750430",",,I","","","","","6.2",",,I,30,","","","","","","","11.5",",,,I","","","","","",""
"UPM00033929","1975-05","45.183","33.367","6.0","YEVPATORIIA, UP","","","","","8",",I","1",",I","0",",I","","","","","","","","","","","","","19750520",",,I","","","","","19.1",",,I,20,","","","","","","","23.9",",,,I","","","","","",""
"UPM00033929","1975-06","45.183","33.367","6.0","YEVPATORIIA, UP","","","","","7",",I","1",",I","1",",I","","","","","","","","","","","","","19750611",",,I","","","","","36.7",",,I,11,","","","","","","","41.5",",,,I","","","","","",""
"UPM00033929","1975-07","45.183","33.367","6.0","YEVPATORIIA, UP","","","","","6",",I","2",",I","0",",I","","","","","","","","","","","","","19750729",",,I","","","","","4.7",",,I,29,","","","","","","","11.3",",,,I","","","","","",""
"UPM00033929","1975-08","45.183","33.367","6.0","YEVPATORIIA, UP","","","","","5",",I","4",",I","0",",I","","","","","","","","","","","","","19750802",",,I","","","","","14.2",",,I,02,","","","","","","","37.2",",,,I","","","","","",""
"UPM00033929","1975-09","45.183","33.367","6.0","YEVPATORIIA, UP","","","","","1",",I","0",",I","0",",I","","","","","","","","","","","","","19750921",",,I","","","","","0.4",",,I,21,","","","","","","","0.4",",,,I","","","","","",""
"UPM00033929","1975-10","45.183","33.367","6.0","YEVPATORIIA, UP","","","","","9",",I","4",",I","0",",I","","","","","","","","","","","","","19751025",",,I","","","","","18.4",",,I,25,","","","","","","","37.1",",,,I","","","","","",""
"UPM00033929","1975-11","45.183","33.367","6.0","YEVPATORIIA, UP","","","","","5",",I","3",",I","0",",I","","","","","","","","","","","","","19751125",",,I","","","","","13.3",",,I,25,","","","","","","","22.8",",,,I","","","","","",""
"UPM00033929","1975-12","45.183","33.367","6.0","YEVPATORIIA, UP","","","","","6","1,I","4","1,I","0","1,I","","","","","","","","","","","","","19751215",",1,I","","","","","5.5","1,,I,15,","","","","","","","22.6","1,,,I","","","","","",""
"UPM00033929","1976-09","45.183","33.367","6.0","YEVPATORIIA, UP","","","","","7","3,S","4","3,S","0","3,S","","","","","0","5,S","12","5,S","0","5,S","","","19760926",",3,S","19760914","+,5,S","","","23.1","3,,S,26,","25.0","5,S,14,+","","","","","54.3","3,,,S","","","20.76","5,,,S","",""
"UPM00033929","1976-11","45.183","33.367","6.0","YEVPATORIIA, UP","","","","","5",",I","2",",I","0",",I","","","","","","","","","","","","","19761123",",,I","","","","","12.5",",,I,23,","","","","","","","21.2",",,,I","","","","","",""
"UPM00033929","1976-12","45.183","33.367","6.0","YEVPATORIIA, UP","","","","","16",",I","8",",I","0",",I","","","","","","","","","","","","","19761211",",,I","","","","","6.3",",,I,11,","","","","","","","41.3",",,,I","","","","","",""
"UPM00033929","1977-01","45.183","33.367","6.0","YEVPATORIIA, UP","","","","","7",",I","4",",I","0",",I","","","","","","","","","","","","","19770122",",,I","","","","","3.2",",,I,22,","","","","","","","12.9",",,,I","","","","","",""
"UPM00033929","1977-02","45.183","33.367","6.0","YEVPATORIIA, UP","","","","","10",",I","5",",I","0",",I","","","","","","","","","","","","","19770212",",,I","","","","","5.6",",,I,12,","","","","","","","24.9",",,,I","","","","","",""
"UPM00033929","1977-03","45.183","33.367","6.0","YEVPATORIIA, UP","","","","","10",",I","2",",I","0",",I","","","","","","","","","","","","","19770319",",,I","","","","","6.1",",,I,19,","","","","","","","17.4",",,,I","","","","","",""
"UPM00033929","1977-04","45.183","33.367","6.0","YEVPATORIIA, UP","","","","","13",",I","4",",I","0",",I","","","","","","","","","","","","","19770426",",,I","","","","","21.4",",,I,26,","","","","","","","47.8",",,,I","","","","","",""
"UPM00033929","1977-05","45.183","33.367","6.0","YEVPATORIIA, UP","","","","","9",",I","5",",I","0",",I","","","","","","","","","","","","","19770504",",,I","","","","","12.9",",,I,04,","","","","","","","33.4",",,,I","","","","","",""
"UPM00033929","1977-06","45.183","33.367","6.0","YEVPATORIIA, UP","","","","","10",",I","6",",I","1",",I","","","","","","","","","","","","","19770629",",,I","","","","","56.5",",,I,29,","","","","","","","110.5",",,,I","","","","","",""
"UPM00033929","1977-07","45.183","33.367","6.0","YEVPATORIIA, UP","","","","","4",",I","3",",I","0",",I","","","","","","","","","","","","","19770712",",,I","","","","","23.7",",,I,12,","","","","","","","31.8",",,,I","","","","","",""
"UPM00033929","1977-08","45.183","33.367","6.0","YEVPATORIIA, UP","","","","","9",",I","4",",I","0",",I","","","","","","","","","","","","","19770809",",,I","","","","","24.9",",,I,09,","","","","","","","47.5",",,,I","","","","","",""
"UPM00033929","1977-09","45.183","33.367","6.0","YEVPATORIIA, UP","","","","","7",",I","1",",I","1",",I","","","","","","","","","","","","","19770925",",,I","","","","","31.0",",,I,25,","","","","","","","37.5",",,,I","","","","","",""
"UPM00033929","1977-10","45.183","33.367","6.0","YEVPATORIIA, UP","","","","","5",",I","2",",I","0",",I","","","","","","","","","","","","","19771026",",,I","","","","","3.6",",,I,26,","","","","","","","8.0",",,,I","","","","","",""
"UPM00033929","1977-11","45.183","33.367","6.0","YEVPATORIIA, UP","","","","","11",",I","4",",I","0",",I","","","","","","","","","","","","","19771117",",,I","","","","","9.9",",,I,17,","","","","","","","40.2",",,,I","","","","","",""
"UPM00033929","1977-12","45.183","33.367","6.0","YEVPATORIIA, UP","","","","","12",",I","7",",I","0",",I","","","","","","","","","","","","","19771206",",,I","","","","","16.2",",,I,06,","","","","","","","60.8",",,,I","","","","","",""
"UPM00033929","1978-01","45.183","33.367","6.0","YEVPATORIIA, UP","","","","","8",",I","3",",I","0",",I","","","","","","","","","","","","","19780126",",,I","","","","","7.8",",,I,26,","","","","","","","20.2",",,,I","","","","","",""
"UPM00033929","1978-02","45.183","33.367","6.0","YEVPATORIIA, UP","","","","","14",",I","4",",I","0",",I","","","","","","","","","","","","","19780220",",,I","","","","","4.4",",,I,20,","","","","","","","22.0",",,,I","","","","","",""
"UPM00033929","1978-03","45.183","33.367","6.0","YEVPATORIIA, UP","","","","","16",",I","3",",I","0",",I","","","","","","","","","","","","","19780301",",,I","","","","","13.9",",,I,01,","","","","","","","32.0",",,,I","","","","","",""
"UPM00033929","1978-04","45.183","33.367","6.0","YEVPATORIIA, UP","","","","","16",",I","10",",I","0",",I","","","","","","","","","","","","","19780417",",,I","","","","","10.1",",,I,17,","","","","","","","67.4",",,,I","","","","","",""
"UPM00033929","1978-05","45.183","33.367","6.0","YEVPATORIIA, UP","","","","","8",",I","2",",I","0",",I","","","","","","","","","","","","","19780514",",,I","","","","","12.2",",,I,14,","","","","","","","24.7",",,,I","","","","","",""
"UPM00033929","1978-06","45.183","33.367","6.0","YEVPATORIIA, UP","","","","","11",",I","2",",I","0",",I","","","","","","","","","","","","","19780619",",,I","","","","","10.7",",,I,19,","","","","","","","25.3",",,,I","","","","","",""
"UPM00033929","1978-07","45.183","33.367","6.0","YEVPATORIIA, UP","","","","","7",",I","4",",I","0",",I","","","","","","","","","","","","","19780723",",,I","","","","","22.7",",,I,23,","","","","","","","55.5",",,,I","","","","","",""
"UPM00033929","1978-08","45.183","33.367","6.0","YEVPATORIIA, UP","","","","","3",",I","0",",I","0",",I","","","","","","","","","","","","","19780813",",,I","","","","","1.9",",,I,13,","","","","","","","3.7",",,,I","","","","","",""
"UPM00033929","1978-09","45.183","33.367","6.0","YEVPATORIIA, UP","","","","","11",",I","5",",I","0",",I","","","","","","","","","","","","","19780904",",,I","","","","","6.9",",,I,04,","","","","","","","28.7",",,,I","","","","","",""
"UPM00033929","1978-12","45.183","33.367","6.0","YEVPATORIIA, UP","","","","","13",",I","5",",I","0",",I","","","","","","","","","","","","","19781205",",,I","","","","","11.2",",,I,05,","","","","","","","53.0",",,,I","","","","","",""
"UPM00033929","1979-01","45.183","33.367","6.0","YEVPATORIIA, UP","","","","","19",",I","11",",I","0",",I","","","","","","","","","","","","","19790119",",,I","","","","","14.4",",,I,19,","","","","","","","87.0",",,,I","","","","","",""
"UPM00033929","1979-02","45.183","33.367","6.0","YEVPATORIIA, UP","","","","","13",",I","6",",I","1",",I","","","","","","","","","","","","","19790205",",,I","","","","","25.8",",,I,05,","","","","","","","62.6",",,,I","","","","","",""
"UPM00033929","1979-03","45.183","33.367","6.0","YEVPATORIIA, UP","","","","","8",",I","1",",I","0",",I","","","","","","","","","","","","","19790322",",,I","","","","","6.5",",,I,22,","","","","","","","13.6",",,,I","","","","","",""
"UPM00033929","1979-04","45.183","33.367","6.0","YEVPATORIIA, UP","","","","","8",",I","3",",I","0",",I","","","","","","","","","","","","","19790403",",,I","","","","","14.0",",,I,03,","","","","","","","27.7",",,,I","","","","","",""
"UPM00033929","1979-05","45.183","33.367","6.0","YEVPATORIIA, UP","","","","","7",",I","1",",I","0",",I","","","","","","","","","","","","","19790522",",,I","","","","","2.5",",,I,22,","","","","","","","8.3",",,,I","","","","","",""
"UPM00033929","1979-06","45.183","33.367","6.0","YEVPATORIIA, UP","","","","","3",",I","2",",I","0",",I","","","","","","","","","","","","","19790623",",,I","","","","","8.2",",,I,23,","","","","","","","15.0",",,,I","","","","","",""
"UPM00033929","1979-07","45.183","33.367","6.0","YEVPATORIIA, UP","","","","","8",",I","2",",I","0",",I","","","","","","","","","","","","","19790712",",,I","","","","","11.8",",,I,12,","","","","","","","20.8",",,,I","","","","","",""
"UPM00033929","1979-08","45.183","33.367","6.0","YEVPATORIIA, UP","","","","","6",",I","1",",I","0",",I","","","","","","","","","","","","","19790825",",,I","","","","","3.1",",,I,25,","","","","","","","10.9",",,,I","","","","","",""
"UPM00033929","1979-09","45.183","33.367","6.0","YEVPATORIIA, UP","","","","","5",",I","1",",I","0",",I","","","","","","","","","","","","","19790916",",,I","","","","","18.1",",,I,16,","","","","","","","23.3",",,,I","","","","","",""
"UPM00033929","1979-10","45.183","33.367","6.0","YEVPATORIIA, UP","","","","","8",",I","5",",I","0",",I","","","","","","","","","","","","","19791019",",,I","","","","","7.9",",,I,19,","","","","","","","25.0",",,,I","","","","","",""
"UPM00033929","1979-11","45.183","33.367","6.0","YEVPATORIIA, UP","","","","","8",",I","3",",I","0",",I","","","","","","","","","","","","","19791113",",,I","","","","","5.9",",,I,13,","","","","","","","18.4",",,,I","","","","","",""
"UPM00033929","1979-12","45.183","33.367","6.0","YEVPATORIIA, UP","","","","","10",",I","2",",I","0",",I","","","","","","","","","","","","","19791212",",,I","","","","","6.0",",,I,12,","","","","","","","18.6",",,,I","","","","","",""
"UPM00033929","1980-01","45.183","33.367","6.0","YEVPATORIIA, UP","","","","","13",",I","8",",I","0",",I","","","","","","","","","","","","","19800126",",,I","","","","","14.9",",,I,26,","","","","","","","64.2",",,,I","","","","","",""
"UPM00033929","1980-02","45.183","33.367","6.0","YEVPATORIIA, UP","","","","","10",",I","1",",I","0",",I","","","","","","","","","","","","","19800204",",,I","","","","","3.5",",,I,04,","","","","","","","12.6",",,,I","","","","","",""
"UPM00033929","1980-03","45.183","33.367","6.0","YEVPATORIIA, UP","","","","","16",",I","8",",I","0",",I","","","","","","","","","","","","","19800311",",,I","","","","","23.4",",,I,11,","","","","","","","90.1",",,,I","","","","","",""
"UPM00033929","1980-04","45.183","33.367","6.0","YEVPATORIIA, UP","","","","","11",",I","6",",I","0",",I","","","","","","","","","","","","","19800421",",,I","","","","","12.4",",,I,21,","","","","","","","43.0",",,,I","","","","","",""
"UPM00033929","1980-05","45.183","33.367","6.0","YEVPATORIIA, UP","","","","","6",",I","2",",I","0",",I","","","","","","","","","","","","","19800522",",,I","","","","","3.7",",,I,22,","","","","","","","11.1",",,,I","","","","","",""
"UPM00033929","1980-06","45.183","33.367","6.0","YEVPATORIIA, UP","","","","","7",",I","4",",I","0",",I","","","","","","","","","","","","","19800602",",,I","","","","","11.6",",,I,02,","","","","","","","32.6",",,,I","","","","","",""
"UPM00033929","1980-07","45.183","33.367","6.0","YEVPATORIIA, UP","","","","","9",",I","2",",I","1",",I","","","","","","","","","","","","","19800728",",,I","","","","","58.0",",,I,28,","","","","","","","77.5",",,,I","","","","","",""
"UPM00033929","1980-08","45.183","33.367","6.0","YEVPATORIIA, UP","","","","","6",",I","2",",I","0",",I","","","","","","","","","","","","","19800825",",,I","","","","","10.7",",,I,25,","","","","","","","21.3",",,,I","","","","","",""
"UPM00033929","1980-09","45.183","33.367","6.0","YEVPATORIIA, UP","","","","","7",",I","4",",I","0",",I","","","","","","","","","","","","","19800919",",,I","","","","","22.7",",,I,19,","","","","","","","45.1",",,,I","","","","","",""
"UPM00033929","1980-10","45.183","33.367","6.0","YEVPATORIIA, UP","","","","","3",",I","2",",I","0",",I","","","","","","","","","","","","","19801004",",,I","","","","","7.9",",,I,04,","","","","","","","11.5",",,,I","","","","","",""
"UPM00033929","1980-11","45.183","33.367","6.0","YEVPATORIIA, UP","","","","","12",",I","5",",I","0",",I","","","","","","","","","","","","","19801106",",,I","","","","","5.6",",,I,06,","","","","","","","25.5",",,,I","","","","","",""
"UPM00033929","1980-12","45.183","33.367","6.0","YEVPATORIIA, UP","","","","","13",",I","5",",I","0",",I","","","","","","","","","","","","","19801209",",,I","","","","","24.9",",,I,09,","","","","","","","54.2",",,,I","","","","","",""
"UPM00033929","1981-01","45.183","33.367","6.0","YEVPATORIIA, UP","","","","","13",",I","1",",I","0",",I","","","","","","","","","","","","","19810106",",,I","","","","","4.3",",,I,06,","","","","","","","18.1",",,,I","","","","","",""
"UPM00033929","1981-02","45.183","33.367","6.0","YEVPATORIIA, UP","","","","","9",",I","4",",I","0",",I","","","","","","","","","","","","","19810213",",,I","","","","","7.0",",,I,13,","","","","","","","24.1",",,,I","","","","","",""
"UPM00033929","1981-03","45.183","33.367","6.0","YEVPATORIIA, UP","","","","","8",",I","3",",I","0",",I","","","","","","","","","","","","","19810305",",,I","","","","","10.5",",,I,05,","","","","","","","26.7",",,,I","","","","","",""
"UPM00033929","1981-04","45.183","33.367","6.0","YEVPATORIIA, UP","","","","","10",",I","6",",I","0",",I","","","","","","","","","","","","","19810404",",,I","","","","","11.9",",,I,04,","","","","","","","36.3",",,,I","","","","","",""
"UPM00033929","1981-05","45.183","33.367","6.0","YEVPATORIIA, UP","","","","","9",",I","5",",I","0",",I","","","","","","","","","","","","","19810507",",,I","","","","","13.1",",,I,07,","","","","","","","32.0",",,,I","","","","","",""
"UPM00033929","1981-06","45.183","33.367","6.0","YEVPATORIIA, UP","","","","","3",",I","3",",I","1",",I","","","","","","","","","","","","","19810601",",,I","","","","","49.6",",,I,01,","","","","","","","56.2",",,,I","","","","","",""
"UPM00033929","1981-07","45.183","33.367","6.0","YEVPATORIIA, UP","","","","","2",",I","2",",I","1",",I","","","","","","","","","","","","","19810712",",,I","","","","","33.1",",,I,12,","","","","","","","36.1",",,,I","","","","","",""
"UPM00033929","1981-08","45.183","33.367","6.0","YEVPATORIIA, UP","","","","","6",",I","4",",I","0",",I","","","","","","","","","","","","","19810828",",,I","","","","","22.7",",,I,28,","","","","","","","58.0",",,,I","","","","","",""
"UPM00033929","1981-09","45.183","33.367","6.0","YEVPATORIIA, UP","","","","","4",",I","4",",I","0",",I","","","","","","","","","","","","","19810916",",,I","","","","","19.2",",,I,16,","","","","","","","37.9",",,,I","","","","","",""
"UPM00033929","1981-10","45.183","33.367","6.0","YEVPATORIIA, UP","","","","","14",",I","3",",I","0",",I","","","","","","","","","","","","","19811014",",,I","","","","","12.9",",,I,14,","","","","","","","37.1",",,,I","","","","","",""
"UPM00033929","1981-11","45.183","33.367","6.0","YEVPATORIIA, UP","","","","","19",",I","12",",I","0",",I","","","","","","","","","","","","","19811117",",,I","","","","","20.6",",,I,17,","","","","","","","93.9",",,,I","","","","","",""
"UPM00033929","1981-12","45.183","33.367","6.0","YEVPATORIIA, UP","","","","","18",",I","7",",I","0",",I","","","","","","","","","","","","","19811214",",,I","","","","","15.6",",,I,14,","","","","","","","58.5",",,,I","","","","","",""
"UPM00033929","1982-01","45.183","33.367","6.0","YEVPATORIIA, UP","","","","","10",",I","4",",I","0",",I","","","","","","","","","","","","","19820110",",,I","","","","","20.7",",,I,10,","","","","","","","49.1",",,,I","","","","","",""
"UPM00033929","1982-02","45.183","33.367","6.0","YEVPATORIIA, UP","","","","","7",",I","4",",I","0",",I","","","","","","","","","","","","","19820202",",,I","","","","","16.3",",,I,02,","","","","","","","39.2",",,,I","","","","","",""
"UPM00033929","1982-03","45.183","33.367","6.0","YEVPATORIIA, UP","","","","","9",",I","5",",I","0",",I","","","","","","","","","","","","","19820331",",,I","","","","","6.9",",,I,31,","","","","","","","28.1",",,,I","","","","","",""
"UPM00033929","1982-04","45.183","33.367","6.0","YEVPATORIIA, UP","","","","","8",",I","4",",I","0",",I","","","","","","","","","","","","","19820422",",,I","","","","","7.5",",,I,22,","","","","","","","26.4",",,,I","","","","","",""
"UPM00033929","1982-05","45.183","33.367","6.0","YEVPATORIIA, UP","","","","","3",",I","2",",I","0",",I","","","","","","","","","","","","","19820501",",,I","","","","","4.8",",,I,01,","","","","","","","8.4",",,,I","","","","","",""
"UPM00033929","1982-06","45.183","33.367","6.0","YEVPATORIIA, UP","","","","","7",",I","2",",I","0",",I","","","","","","","","","","","","","19820608",",,I","","","","","15.1",",,I,08,","","","","","","","27.8",",,,I","","","","","",""
"UPM00033929","1982-07","45.183","33.367","6.0","YEVPATORIIA, UP","","","","","11",",I","8",",I","2",",I","","","","","","","","","","","","","19820716",",,I","","","","","51.8",",,I,16,","","","","","","","147.2",",,,I","","","","","",""
"UPM00033929","1982-08","45.183","33.367","6.0","YEVPATORIIA, UP","","","","","9",",I","6",",I","1",",I","","","","","","","","","","","","","19820827",",,I","","","","","26.8",",,I,27,","","","","","","","68.6",",,,I","","","","","",""
"UPM00033929","1982-09","45.183","33.367","6.0","YEVPATORIIA, UP","","","","","2",",I","1",",I","1",",I","","","","","","","","","","","","","19820926",",,I","","","","","32.7",",,I,26,","","","","","","","34.5",",,,I","","","","","",""
"UPM00033929","1982-10","45.183","33.367","6.0","YEVPATORIIA, UP","","","","","5",",I","2",",I","1",",I","","","","","","","","","","","","","19821017",",,I","","","","","36.4",",,I,17,","","","","","","","41.0",",,,I","","","","","",""
"UPM00033929","1982-11","45.183","33.367","6.0","YEVPATORIIA, UP","","","","","2",",I","1",",I","0",",I","","","","","","","","","","","","","19821116",",,I","","","","","6.4",",,I,16,","","","","","","","7.5",",,,I","","","","","",""
"UPM00033929","1982-12","45.183","33.367","6.0","YEVPATORIIA, UP","","","","","9",",I","3",",I","0",",I","","","","","","","","","","","","","19821214",",,I","","","","","7.3",",,I,14,","","","","","","","16.5",",,,I","","","","","",""
"UPM00033929","1983-01","45.183","33.367","6.0","YEVPATORIIA, UP","","","","","11",",I","4",",I","0",",I","","","","","","","","","","","","","19830124",",,I","","","","","5.8",",,I,24,","","","","","","","24.0",",,,I","","","","","",""
"UPM00033929","1983-02","45.183","33.367","6.0","YEVPATORIIA, UP","","","","","14",",I","8",",I","0",",I","","","","","","","","","","","","","19830221",",,I","","","","","7.4",",,I,21,","","","","","","","37.9",",,,I","","","","","",""
"UPM00033929","1983-03","45.183","33.367","6.0","YEVPATORIIA, UP","","","","","4",",I","1",",I","0",",I","","","","","","","","","","","","","19830307",",,I","","","","","3.1",",,I,07,","","","","","","","8.6",",,,I","","","","","",""
"UPM00033929","1983-04","45.183","33.367","6.0","YEVPATORIIA, UP","","","","","5",",I","0",",I","0",",I","","","","","","","","","","","","","19830407",",,I","","","","","1.4",",,I,07,","","","","","","","4.0",",,,I","","","","","",""
"UPM00033929","1983-05","45.183","33.367","6.0","YEVPATORIIA, UP","","","","","7",",I","4",",I","0",",I","","","","","","","","","","","","","19830503",",,I","","","","","7.0",",,I,03,","","","","","","","23.3",",,,I","","","","","",""
"UPM00033929","1983-07","45.183","33.367","6.0","YEVPATORIIA, UP","","","","","11",",I","6",",I","1",",I","","","","","","","","","","","","","19830704",",,I","","","","","49.4",",,I,04,","","","","","","","92.9",",,,I","","","","","",""
"UPM00033929","1983-08","45.183","33.367","6.0","YEVPATORIIA, UP","","","","","6",",I","2",",I","0",",I","","","","","","","","","","","","","19830811",",,I","","","","","20.1",",,I,11,","","","","","","","38.1",",,,I","","","","","",""
"UPM00033929","1983-09","45.183","33.367","6.0","YEVPATORIIA, UP","","","","","2",",I","1",",I","0",",I","","","","","","","","","","","","","19830924",",,I","","","","","8.9",",,I,24,","","","","","","","9.2",",,,I","","","","","",""
"UPM00033929","1983-10","45.183","33.367","6.0","YEVPATORIIA, UP","","","","","9",",I","4",",I","0",",I","","","","","","","","","","","","","19831013",",,I","","","","","9.9",",,I,13,","","","","","","","29.9",",,,I","","","","","",""
"UPM00033929","1983-11","45.183","33.367","6.0","YEVPATORIIA, UP","","","","","7",",I","5",",I","0",",I","","","","","","","","","","","","","19831113",",,I","","","","","5.9",",,I,13,","","","","","","","23.6",",,,I","","","","","",""
"UPM00033929","1983-12","45.183","33.367","6.0","YEVPATORIIA, UP","","","","","9",",I","1",",I","0",",I","","","","","","","","","","","","","19831201",",,I","","","","","9.0",",,I,01,","","","","","","","15.2",",,,I","","","","","",""
"UPM00033929","1984-01","45.183","33.367","6.0","YEVPATORIIA, UP","","","","","13",",I","4",",I","0",",I","","","","","","","","","","","","","19840114",",,I","","","","","5.8",",,I,14,","","","","","","","24.5",",,,I","","","","","",""
"UPM00033929","1984-02","45.183","33.367","6.0","YEVPATORIIA, UP","","","","","7",",I","3",",I","0",",I","","","","","","","","","","","","","19840212",",,I","","","","","11.7",",,I,12,","","","","","","","32.0",",,,I","","","","","",""
"UPM00033929","1984-03","45.183","33.367","6.0","YEVPATORIIA, UP","","","","","17",",I","5",",I","0",",I","","","","","","","","","","","","","19840310",",,I","","","","","7.7",",,I,10,","","","","","","","40.6",",,,I","","","","","",""
"UPM00033929","1984-04","45.183","33.367","6.0","YEVPATORIIA, UP","","","","","5",",I","3",",I","0",",I","","","","","","","","","","","","","19840422",",,I","","","","","10.7",",,I,22,","","","","","","","30.1",",,,I","","","","","",""
"UPM00033929","1984-05","45.183","33.367","6.0","YEVPATORIIA, UP","","","","","3",",I","0",",I","0",",I","","","","","","","","","","","","","19840514",",,I","","","","","0.7",",,I,14,","","","","","","","1.6",",,,I","","","","","",""
"UPM00033929","1984-06","45.183","33.367","6.0","YEVPATORIIA, UP","","","","","5",",I","1",",I","0",",I","","","","","","","","","","","","","19840604",",,I","","","","","15.3",",,I,04,","","","","","","","21.4",",,,I","","","","","",""
"UPM00033929","1984-07","45.183","33.367","6.0","YEVPATORIIA, UP","","","","","1",",I","1",",I","0",",I","","","","","","","","","","","","","19840708",",,I","","","","","7.7",",,I,08,","","","","","","","7.7",",,,I","","","","","",""
"UPM00033929","1984-08","45.183","33.367","6.0","YEVPATORIIA, UP","","","","","8",",I","4",",I","2",",I","","","","","","","","","","","","","19840813",",,I","","","","","40.2",",,I,13,","","","","","","","87.7",",,,I","","","","","",""
"UPM00033929","1984-09","45.183","33.367","6.0","YEVPATORIIA, UP","","","","","3",",I","1",",I","0",",I","","","","","","","","","","","","","19840903",",,I","","","","","4.1",",,I,03,","","","","","","","6.7",",,,I","","","","","",""
"UPM00033929","1984-10","45.183","33.367","6.0","YEVPATORIIA, UP","","","","","5",",I","1",",I","0",",I","","","","","","","","","","","","","19841013",",,I","","","","","9.6",",,I,13,","","","","","","","13.7",",,,I","","","","","",""
"UPM00033929","1984-11","45.183","33.367","6.0","YEVPATORIIA, UP","","","","","8",",I","7",",I","0",",I","","","","","","","","","","","","","19841111",",,I","","","","","12.0",",,I,11,","","","","","","","47.5",",,,I","","","","","",""
"UPM00033929","1984-12","45.183","33.367","6.0","YEVPATORIIA, UP","","","","","7",",I","3",",I","0",",I","","","","","","","","","","","","","19841215","+,,I","","","","","8.8",",,I,15,+","","","","","","","24.1",",,,I","","","","","",""
"UPM00033929","1985-01","45.183","33.367","6.0","YEVPATORIIA, UP","","","","","7",",I","3",",I","0",",I","","","","","","","","","","","","","19850119",",,I","","","","","5.5",",,I,19,","","","","","","","15.1",",,,I","","","","","",""
"UPM00033929","1985-02","45.183","33.367","6.0","YEVPATORIIA, UP","","","","","16",",I","11",",I","0",",I","","","","","","","","","","","","","19850210",",,I","","","","","11.0",",,I,10,","","","","","","","68.7",",,,I","","","","","",""
"UPM00033929","1985-03","45.183","33.367","6.0","YEVPATORIIA, UP","","","","","3",",I","1",",I","0",",I","","","","","","","","","","","","","19850316",",,I","","","","","3.5",",,I,16,","","","","","","","5.9",",,,I","","","","","",""
"UPM00033929","1985-04","45.183","33.367","6.0","YEVPATORIIA, UP","","","","","10",",I","4",",I","0",",I","","","","","","","","","","","","","19850421",",,I","","","","","10.3",",,I,21,","","","","","","","28.2",",,,I","","","","","",""
"UPM00033929","1985-05","45.183","33.367","6.0","YEVPATORIIA, UP","","","","","8",",I","1",",I","0",",I","","","","","","","","","","","","","19850527",",,I","","","","","5.4",",,I,27,","","","","","","","14.0",",,,I","","","","","",""
"UPM00033929","1985-06","45.183","33.367","6.0","YEVPATORIIA, UP","","","","","10",",I","8",",I","0",",I","","","","","","","","","","","","","19850620",",,I","","","","","8.4",",,I,20,","","","","","","","42.9",",,,I","","","","","",""
"UPM00033929","1985-07","45.183","33.367","6.0","YEVPATORIIA, UP","","","","","8",",I","4",",I","0",",I","","","","","","","","","","","","","19850706",",,I","","","","","15.2",",,I,06,","","","","","","","39.1",",,,I","","","","","",""
"UPM00033929","1985-08","45.183","33.367","6.0","YEVPATORIIA, UP","","","","","3",",I","2",",I","0",",I","","","","","","","","","","","","","19850821",",,I","","","","","24.6",",,I,21,","","","","","","","35.5",",,,I","","","","","",""
"UPM00033929","1985-09","45.183","33.367","6.0","YEVPATORIIA, UP","","","","","10",",I","7",",I","0",",I","","","","","","","","","","","","","19850912",",,I","","","","","18.4",",,I,12,","","","","","","","76.4",",,,I","","","","","",""
"UPM00033929","1985-10","45.183","33.367","6.0","YEVPATORIIA, UP","","","","","4",",I","3",",I","1",",I","","","","","","","","","","","","","19851016",",,I","","","","","36.8",",,I,16,","","","","","","","62.1",",,,I","","","","","",""
"UPM00033929","1985-11","45.183","33.367","6.0","YEVPATORIIA, UP","","","","","10",",I","4",",I","0",",I","","","","","","","","","","","","","19851129",",,I","","","","","20.9",",,I,29,","","","","","","","43.9",",,,I","","","","","",""
"UPM00033929","1985-12","45.183","33.367","6.0","YEVPATORIIA, UP","","","","","14",",I","7",",I","0",",I","","","","","","","","","","","","","19851231",",,I","","","","","8.4",",,I,31,","","","","","","","39.5",",,,I","","","","","",""
"UPM00033929","1986-01","45.183","33.367","6.0","YEVPATORIIA, UP","","","","","19",",I","9",",I","0",",I","","","","","","","","","","","","","19860101",",,I","","","","","9.7",",,I,01,","","","","","","","55.6",",,,I","","","","","",""
"UPM00033929","1986-02","45.183","33.367","6.0","YEVPATORIIA, UP","","","","","9",",I","3",",I","0",",I","","","","","","","","","","","","","19860220",",,I","","","","","13.6",",,I,20,","","","","","","","31.0",",,,I","","","","","",""
"UPM00033929","1986-03","45.183","33.367","6.0","YEVPATORIIA, UP","","","","","4",",I","0",",I","0",",I","","","","","","","","","","","","","19860303",",,I","","","","","2.4",",,I,03,","","","","","","","5.6",",,,I","","","","","",""
"UPM00033929","1986-04","45.183","33.367","6.0","YEVPATORIIA, UP","","","","","11",",I","5",",I","1",",I","","","","","","","","","","","","","19860425",",,I","","","","","29.7",",,I,25,","","","","","","","59.4",",,,I","","","","","",""
"UPM00033929","1986-05","45.183","33.367","6.0","YEVPATORIIA, UP","","","","","5",",I","3",",I","0",",I","","","","","","","","","","","","","19860510",",,I","","","","","20.0",",,I,10,","","","","","","","34.0",",,,I","","","","","",""
"UPM00033929","1986-06","45.183","33.367","6.0","YEVPATORIIA, UP","","","","","8",",I","4",",I","0",",I","","","","","","","","","","","","","19860610",",,I","","","","","18.1",",,I,10,","","","","","","","44.0",",,,I","","","","","",""
"UPM00033929","1986-07","45.183","33.367","6.0","YEVPATORIIA, UP","","","","","7",",I","6",",I","0",",I","","","","","","","","","","","","","19860704",",,I","","","","","18.0",",,I,04,","","","","","","","57.7",",,,I","","","","","",""
"UPM00033929","1986-08","45.183","33.367","6.0","YEVPATORIIA, UP","","","","","0",",I","0",",I","0",",I","","","","","","","","","","","","","19860821",",,I","","","","","0.0",",T,I,21,","","","","","","","0.0",",T,,I","","","","","",""
"UPM00033929","1986-09","45.183","33.367","6.0","YEVPATORIIA, UP","","","","","4",",I","1",",I","0",",I","","","","","","","","","","","","","19860930",",,I","","","","","2.9",",,I,30,","","","","","","","5.9",",,,I","","","","","",""
"UPM00033929","1986-10","45.183","33.367","6.0","YEVPATORIIA, UP","","","","","10",",I","3",",I","0",",I","","","","","","","","","","","","","19861019",",,I","","","","","7.2",",,I,19,","","","","","","","24.5",",,,I","","","","","",""
"UPM00033929","1986-11","45.183","33.367","6.0","YEVPATORIIA, UP","","","","","4",",I","0",",I","0",",I","","","","","","","","","","","","","19861110",",,I","","","","","1.8",",,I,10,","","","","","","","4.5",",,,I","","","","","",""
"UPM00033929","1986-12","45.183","33.367","6.0","YEVPATORIIA, UP","","","","","11",",I","6",",I","0",",I","","","","","","","","","","","","","19861218",",,I","","","","","11.4",",,I,18,","","","","","","","38.1",",,,I","","","","","",""
"UPM00033929","1987-01","45.183","33.367","6.0","YEVPATORIIA, UP","","","","","16",",I","9",",I","0",",I","","","","","","","","","","","","","19870107",",,I","","","","","16.3",",,I,07,","","","","","","","71.8",",,,I","","","","","",""
"UPM00033929","1987-02","45.183","33.367","6.0","YEVPATORIIA, UP","","","","","7",",I","2",",I","0",",I","","","","","","","","","","","","","19870224",",,I","","","","","19.7",",,I,24,","","","","","","","25.6",",,,I","","","","","",""
"UPM00033929","1987-03","45.183","33.367","6.0","YEVPATORIIA, UP","","","","","11",",I","6",",I","0",",I","","","","","","","","","","","","","19870303",",,I","","","","","10.9",",,I,03,","","","","","","","41.2",",,,I","","","","","",""
"UPM00033929","1987-04","45.183","33.367","6.0","YEVPATORIIA, UP","","","","","9",",I","5",",I","1",",I","","","","","","","","","","","","","19870412",",,I","","","","","26.4",",,I,12,","","","","","","","53.7",",,,I","","","","","",""
"UPM00033929","1987-05","45.183","33.367","6.0","YEVPATORIIA, UP","","","","","12",",I","5",",I","0",",I","","","","","","","","","","","","","19870501",",,I","","","","","17.3",",,I,01,","","","","","","","43.4",",,,I","","","","","",""
"UPM00033929","1987-06","45.183","33.367","6.0","YEVPATORIIA, UP","","","","","6",",I","3",",I","0",",I","","","","","","","","","","","","","19870601",",,I","","","","","15.1",",,I,01,","","","","","","","37.9",",,,I","","","","","",""
"UPM00033929","1987-07","45.183","33.367","6.0","YEVPATORIIA, UP","","","","","2",",I","1",",I","0",",I","","","","","","","","","","","","","19870707",",,I","","","","","2.5",",,I,07,","","","","","","","2.9",",,,I","","","","","",""
"UPM00033929","1987-08","45.183","33.367","6.0","YEVPATORIIA, UP","","","","","9",",I","1",",I","0",",I","","","","","","","","","","","","","19870823",",,I","","","","","2.5",",,I,23,","","","","","","","10.9",",,,I","","","","","",""
"UPM00033929","1987-09","45.183","33.367","6.0","YEVPATORIIA, UP","","","","","4",",I","2",",I","0",",I","","","","","","","","","","","","","19870901",",,I","","","","","10.9",",,I,01,","","","","","","","16.7",",,,I","","","","","",""
"UPM00033929","1987-10","45.183","33.367","6.0","YEVPATORIIA, UP","","","","","10",",I","2",",I","0",",I","","","","","","","","","","","","","19871001",",,I","","","","","8.4",",,I,01,","","","","","","","20.2",",,,I","","","","","",""
"UPM00033929","1987-11","45.183","33.367","6.0","YEVPATORIIA, UP","","","","","12",",I","4",",I","0",",I","","","","","","","","","","","","","19871112",",,I","","","","","5.6",",,I,12,","","","","","","","24.2",",,,I","","","","","",""
"UPM00033929","1987-12","45.183","33.367","6.0","YEVPATORIIA, UP","","","","","17",",I","8",",I","0",",I","","","","","","","","","","","","","19871216",",,I","","","","","11.0",",,I,16,","","","","","","","46.3",",,,I","","","","","",""
"UPM00033929","1988-01","45.183","33.367","6.0","YEVPATORIIA, UP","","","","","8",",I","3",",I","0",",I","","","","","","","","","","","","","19880127",",,I","","","","","5.7",",,I,27,","","","","","","","19.0",",,,I","","","","","",""
"UPM00033929","1988-02","45.183","33.367","6.0","YEVPATORIIA, UP","","","","","7",",I","2",",I","0",",I","","","","","","","","","","","","","19880201",",,I","","","","","9.8",",,I,01,","","","","","","","20.9",",,,I","","","","","",""
"UPM00033929","1988-03","45.183","33.367","6.0","YEVPATORIIA, UP","","","","","14",",I","8",",I","0",",I","","","","","","","","","","","","","19880303",",,I","","","","","18.2",",,I,03,","","","","","","","61.4",",,,I","","","","","",""
"UPM00033929","1988-04","45.183","33.367","6.0","YEVPATORIIA, UP","","","","","8",",I","3",",I","0",",I","","","","","","","","","","","","","19880418",",,I","","","","","18.8",",,I,18,","","","","","","","33.4",",,,I","","","","","",""
"UPM00033929","1988-05","45.183","33.367","6.0","YEVPATORIIA, UP","","","","","7",",I","4",",I","0",",I","","","","","","","","","","","","","19880525",",,I","","","","","5.4",",,I,25,","","","","","","","20.2",",,,I","","","","","",""
"UPM00033929","1988-06","45.183","33.367","6.0","YEVPATORIIA, UP","","","","","9",",I","3",",I","0",",I","","","","","","","","","","","","","19880622",",,I","","","","","20.2",",,I,22,","","","","","","","41.9",",,,I","","","","","",""
"UPM00033929","1988-07","45.183","33.367","6.0","YEVPATORIIA, UP","","","","","3",",I","2",",I","1",",I","","","","","","","","","","","","","19880711",",,I","","","","","36.7",",,I,11,","","","","","","","47.0",",,,I","","","","","",""
"UPM00033929","1988-08","45.183","33.367","6.0","YEVPATORIIA, UP","","","","","3",",I","2",",I","0",",I","","","","","","","","","","","","","19880828",",,I","","","","","11.2",",,I,28,","","","","","","","15.7",",,,I","","","","","",""
"UPM00033929","1988-09","45.183","33.367","6.0","YEVPATORIIA, UP","","","","","5",",I","5",",I","0",",I","","","","","","","","","","","","","19880907",",,I","","","","","24.4",",,I,07,","","","","","","","60.9",",,,I","","","","","",""
"UPM00033929","1988-10","45.183","33.367","6.0","YEVPATORIIA, UP","","","","","8",",I","3",",I","0",",I","","","","","","","","","","","","","19881006",",,I","","","","","15.8",",,I,06,","","","","","","","29.8",",,,I","","","","","",""
"UPM00033929","1988-11","45.183","33.367","6.0","YEVPATORIIA, UP","","","","","13",",I","8",",I","0",",I","","","","","","","","","","","","","19881115",",,I","","","","","14.7",",,I,15,","","","","","","","54.9",",,,I","","","","","",""
"UPM00033929","1988-12","45.183","33.367","6.0","YEVPATORIIA, UP","","","","","14",",I","8",",I","0",",I","","","","","","","","","","","","","19881203",",,I","","","","","21.4",",,I,03,","","","","","","","86.0",",,,I","","","","","",""
"UPM00033929","1989-01","45.183","33.367","6.0","YEVPATORIIA, UP","","","","","6",",I","0",",I","0",",I","","","","","","","","","","","","","19890107",",,I","","","","","2.3",",,I,07,","","","","","","","4.9",",,,I","","","","","",""
"UPM00033929","1989-02","45.183","33.367","6.0","YEVPATORIIA, UP","","","","","6",",I","4",",I","0",",I","","","","","","","","","","","","","19890228",",,I","","","","","8.5",",,I,28,","","","","","","","29.1",",,,I","","","","","",""
"UPM00033929","1989-03","45.183","33.367","6.0","YEVPATORIIA, UP","","","","","8",",I","2",",I","0",",I","","","","","","","","","","","","","19890308",",,I","","","","","5.6",",,I,08,","","","","","","","11.9",",,,I","","","","","",""
"UPM00033929","1989-04","45.183","33.367","6.0","YEVPATORIIA, UP","","","","","7",",I","2",",I","0",",I","","","","","","","","","","","","","19890416",",,I","","","","","7.9",",,I,16,","","","","","","","13.8",",,,I","","","","","",""
"UPM00033929","1989-05","45.183","33.367","6.0","YEVPATORIIA, UP","","","","","7",",I","4",",I","0",",I","","","","","","","","","","","","","19890528",",,I","","","","","4.9",",,I,28,","","","","","","","21.3",",,,I","","","","","",""
"UPM00033929","1989-06","45.183","33.367","6.0","YEVPATORIIA, UP","","","","","2",",I","1",",I","0",",I","","","","","","","","","","","","","19890623",",,I","","","","","20.5",",,I,23,","","","","","","","23.1",",,,I","","","","","",""
"UPM00033929","1989-07","45.183","33.367","6.0","YEVPATORIIA, UP","","","","","3",",I","0",",I","0",",I","","","","","","","","","","","","","19890702",",,I","","","","","1.1",",,I,02,","","","","","","","2.2",",,,I","","","","","",""
"UPM00033929","1989-09","45.183","33.367","6.0","YEVPATORIIA, UP","","","","","8",",I","7",",I","1",",I","","","","","","","","","","","","","19890903",",,I","","","","","34.8",",,I,03,","","","","","","","111.4",",,,I","","","","","",""
"UPM00033929","1989-10","45.183","33.367","6.0","YEVPATORIIA, UP","","","","","13",",I","4",",I","0",",I","","","","","","","","","","","","","19891001",",,I","","","","","10.3",",,I,01,","","","","","","","28.7",",,,I","","","","","",""
"UPM00033929","1989-11","45.183","33.367","6.0","YEVPATORIIA, UP","","","","","9",",I","4",",I","0",",I","","","","","","","","","","","","","19891116",",,I","","","","","7.1",",,I,16,","","","","","","","24.8",",,,I","","","","","",""
"UPM00033929","1989-12","45.183","33.367","6.0","YEVPATORIIA, UP","","","","","7",",I","1",",I","0",",I","","","","","","","","","","","","","19891228",",,I","","","","","8.8",",,I,28,","","","","","","","14.9",",,,I","","","","","",""
"UPM00033929","1990-01","45.183","33.367","6.0","YEVPATORIIA, UP","","","","","8",",I","2",",I","0",",I","","","","","","","","","","","","","19900120",",,I","","","","","7.5",",,I,20,","","","","","","","14.1",",,,I","","","","","",""
"UPM00033929","1990-02","45.183","33.367","6.0","YEVPATORIIA, UP","","","","","9",",I","5",",I","0",",I","","","","","","","","","","","","","19900220",",,I","","","","","9.3",",,I,20,","","","","","","","35.7",",,,I","","","","","",""
"UPM00033929","1990-03","45.183","33.367","6.0","YEVPATORIIA, UP","","","","","6",",I","1",",I","0",",I","","","","","","","","","","","","","19900301",",,I","","","","","13.4",",,I,01,","","","","","","","19.2",",,,I","","","","","",""
"UPM00033929","1990-04","45.183","33.367","6.0","YEVPATORIIA, UP","","","","","9",",I","3",",I","0",",I","","","","","","","","","","","","","19900429",",,I","","","","","6.4",",,I,29,","","","","","","","21.5",",,,I","","","","","",""
"UPM00033929","1990-05","45.183","33.367","6.0","YEVPATORIIA, UP","","","","","5",",I","3",",I","1",",I","","","","","","","","","","","","","19900501",",,I","","","","","37.4",",,I,01,","","","","","","","45.7",",,,I","","","","","",""
"UPM00033929","1990-06","45.183","33.367","6.0","YEVPATORIIA, UP","","","","","6",",I","2",",I","1",",I","","","","","","","","","","","","","19900602",",,I","","","","","29.2",",,I,02,","","","","","","","52.5",",,,I","","","","","",""
"UPM00033929","1990-07","45.183","33.367","6.0","YEVPATORIIA, UP","","","","","0",",I","0",",I","0",",I","","","","","","","","","","","","","19900707","+,,I","","","","","0.0",",T,I,07,+","","","","","","","0.0",",T,,I","","","","","",""
"UPM00033929","1990-08","45.183","33.367","6.0","YEVPATORIIA, UP","","","","","1",",I","0",",I","0",",I","","","","","","","","","","","","","19900818",",,I","","","","","1.3",",,I,18,","","","","","","","1.3",",,,I","","","","","",""
"UPM00033929","1990-09","45.183","33.367","6.0","YEVPATORIIA, UP","","","","","10",",I","5",",I","0",",I","","","","","","","","","","","","","19900920",",,I","","","","","17.0",",,I,20,","","","","","","","52.9",",,,I","","","","","",""
"UPM00033929","1990-10","45.183","33.367","6.0","YEVPATORIIA, UP","","","","","3",",I","2",",I","0",",I","","","","","","","","","","","","","19901022",",,I","","","","","5.3",",,I,22,","","","","","","","12.0",",,,I","","","","","",""
"UPM00033929","1990-11","45.183","33.367","6.0","YEVPATORIIA, UP","","","","","9",",I","2",",I","0",",I","","","","","","","","","","","","","19901106",",,I","","","","","13.9",",,I,06,","","","","","","","23.3",",,,I","","","","","",""
"UPM00033929","1990-12","45.183","33.367","6.0","YEVPATORIIA, UP","","","","","9",",I","6",",I","0",",I","","","","","","","","","","","","","19901209",",,I","","","","","21.1",",,I,09,","","","","","","","66.6",",,,I","","","","","",""
"UPM00033929","2000-01","45.183","33.367","6.0","YEVPATORIIA, UP","","","","","","","","","","","0","4,u","22","4,u","","","","","","","20000126",",4,u","","","","","-10.1","4,u,26,","","","","","","","","","","","","","","","-2.45","4,,,u"
"UPM00033929","2000-03","45.183","33.367","6.0","YEVPATORIIA, UP","","","","","","","","","","","0","3,u","11","3,u","","","","","","","20000314",",3,u","","","","","-3.9","3,u,14,","","","","","","","","","","","","","","","1.91","3,,,u"
"UPM00033929","2000-04","45.183","33.367","6.0","YEVPATORIIA, UP","","","3.0","1,u","","","","","","","0",",u","0",",u","0","1,u","8","1,u","0","1,u","20000411",",,u","","","20000430",",1,u","2.6",",u,11,","","","24.8","1,u,30,","","","141.4","1,u","","","13.55","1,u","17.96","1,,,u","9.14",",,,u"
"UPM00033929","2000-05","45.183","33.367","6.0","YEVPATORIIA, UP","","","25.2","5,u","","","","","","","0","5,u","0","5,u","0","1,u","15","1,u","0","1,u","20000503",",5,u","","","20000527",",1,u","4.2","5,u,03,","","","28.4","1,u,27,","","","71.4","1,u","","","16.60","5,u","21.06","1,,,u","12.13","5,,,u"
"UPM00033929","2000-06","45.183","33.367","6.0","YEVPATORIIA, UP","","","72.1","3,u","","","","","","","0","2,u","0","2,u","0","1,u","24","1,u","3","1,u","20000619",",2,u","","","20000608","+,1,u","11.0","2,u,19,","","","32.7","1,u,08,+","","","10.3","1,u","","","20.82","3,u","25.41","1,,,u","16.24","2,,,u"
"UPM00033929","2000-07","45.183","33.367","6.0","YEVPATORIIA, UP","","","","","","","","","","","0","3,u","0","3,u","0","5,u","26","5,u","4","5,u","20000715",",3,u","","","20000730",",5,u","15.6","3,u,15,","","","35.7","5,u,30,","","","","","","","24.18","7,u","28.66","5,,,u","19.71","3,,,u"
"UPM00033929","2000-08","45.183","33.367","6.0","YEVPATORIIA, UP","","","173.8","4,u","","","","","","","0","1,u","0","1,u","0","3,u","26","3,u","10","3,u","20000828",",1,u","","","20000823",",3,u","15.6","1,u,28,","","","37.1","3,u,23,","","","2.6","3,u","","","24.73","4,u","29.76","3,,,u","19.71","1,,,u"
"UPM00033929","2000-09","45.183","33.367","6.0","YEVPATORIIA, UP","","","21.7","3,u","","","","","","","0","2,u","0","2,u","0","2,u","14","2,u","0","2,u","20000928",",2,u","","","20000905",",2,u","8.2","2,u,28,","","","26.0","2,u,05,","","","52.1","2,u","","","17.32","3,u","20.82","2,,,u","13.81","2,,,u"
"UPM00033929","2000-10","45.183","33.367","6.0","YEVPATORIIA, UP","","","0.0","4,u","","","","","","","0","3,u","0","3,u","0","1,u","1","1,u","0","1,u","20001022",",3,u","","","20001003",",1,u","2.7","3,u,22,","","","23.6","1,u,03,","","","157.3","1,u","","","12.57","4,u","16.09","1,,,u","9.05","3,,,u"
"UPM00033929","2000-11","45.183","33.367","6.0","YEVPATORIIA, UP","","","","","","","","","","","","","","","0","5,u","1","5,u","0","5,u","","","","","20001108",",5,u","","","","","21.3","5,u,08,","","","","","","","","","13.41","5,,,u","",""
"UPM00033929","2001-01","45.183","33.367","6.0","YEVPATORIIA, UP","0.0","u","0.0","2,u","","","","","","","0","1,u","15","1,u","5","1,u","1","1,u","0","1,u","20010125",",1,u","","","20010113",",1,u","-6.6","1,u,25,","","","21.3","1,u,13,","","","420.5","1,u","","","4.07","2,u","6.50","1,,,u","1.65","1,,,u"
"UPM00033929","2001-02","45.183","33.367","6.0","YEVPATORIIA, UP","","","","","","","","","","","0","4,u","11","4,u","1","4,u","0","4,u","0","4,u","20010221",",4,u","","","20010210",",4,u","-8.2","4,u,21,","","","10.8","4,u,10,","","","","","","","2.83","6,u","5.84","4,,,u","-0.18","4,,,u"
"UPM00033929","2001-03","45.183","33.367","6.0","YEVPATORIIA, UP","","","0.0","3,u","","","","","","","0","2,u","6","2,u","0","1,u","0","1,u","0","1,u","20010308",",2,u","","","20010314",",1,u","-2.5","2,u,08,","","","15.0","1,u,14,","","","310.2","1,u","","","7.35","3,u","10.60","1,,,u","4.09","2,,,u"
"UPM00033929","2001-04","45.183","33.367","6.0","YEVPATORIIA, UP","","","0.0",",u","","","","","","","0",",u","0",",u","0",",u","2",",u","0",",u","20010403",",,u","","","20010422",",,u","1.9",",u,03,","","","22.4",",u,22,","","","202.6",",u","","","11.58",",u","15.21",",,,u","7.95",",,,u"
"UPM00033929","2001-05","45.183","33.367","6.0","YEVPATORIIA, UP","","","5.1","2,u","","","","","","","0","2,u","0","2,u","0",",u","13",",u","0",",u","20010516",",2,u","","","20010503",",,u","7.3","2,u,16,","","","25.1",",u,03,","","","73.9",",u","","","15.98","2,u","20.10",",,,u","11.86","2,,,u"
"UPM00033929","2001-06","45.183","33.367","6.0","YEVPATORIIA, UP","","","49.5","4,u","","","","","","","0","3,u","0","3,u","0","1,u","22","1,u","0","1,u","20010603",",3,u","","","20010619",",1,u","8.5","3,u,03,","","","27.3","1,u,19,","","","12.4","1,u","","","19.68","4,u","22.86","1,,,u","16.50","3,,,u"
"UPM00033929","2001-07","45.183","33.367","6.0","YEVPATORIIA, UP","","","278.7","1,u","","","","","","","0","1,u","0","1,u","0",",u","31",",u","17",",u","20010702",",1,u","","","20010721",",,u","18.2","1,u,02,","","","35.6",",u,21,","0.0","u","0.0",",u","","","27.65","1,u","32.64",",,,u","22.67","1,,,u"
"UPM00033929","2001-08","45.183","33.367","6.0","YEVPATORIIA, UP","","","208.3","5,u","","","","","","","0","2,u","0","2,u","0","3,u","28","3,u","14","3,u","20010831",",2,u","","","20010808",",3,u","12.5","2,u,31,","","","36.9","3,u,08,","1.3","u","1.3","3,u","","","26.17","5,u","31.50","3,,,u","20.85","2,,,u"
"UPM00033929","2001-09","45.183","33.367","6.0","YEVPATORIIA, UP","","","","","","","","","","","0","3,u","0","3,u","0","4,u","23","4,u","0","4,u","20010929",",3,u","","","20010918",",4,u","8.2","3,u,29,","","","29.4","4,u,18,","","","","","","","19.38","7,u","24.02","4,,,u","14.73","3,,,u"
"UPM00033929","2001-10","45.183","33.367","6.0","YEVPATORIIA, UP","","","","","","","","","","","0","3,u","3","3,u","","","","","","","20011026",",3,u","","","","","-2.2","3,u,26,","","","","","","","","","","","","","","","8.68","3,,,u"
"UPM00033929","2001-11","45.183","33.367","6.0","YEVPATORIIA, UP","","","","","","","","","","","0","2,u","4","2,u","","","","","","","20011118",",2,u","","","","","-4.6","2,u,18,","","","","","","","","","","","","","","","4.60","2,,,u"
"UPM00033929","2002-09","45.183","33.367","6.0","YEVPATORIIA, UP","","","","","","","","","","","0","5,u","0","5,u","","","","","","","20020919",",5,u","","","","","10.8","5,u,19,","","","","","","","","","","","","","","","16.55","5,,,u"
"UPM00033929","2002-10","45.183","33.367","6.0","YEVPATORIIA, UP","","","","","","","","","","","0","5,u","0","5,u","","","","","","","20021030","+,5,u","","","","","4.6","5,u,30,+","","","","","","","","","","","","","","","10.52","5,,,u"
"UPM00033929","2003-01","45.183","33.367","6.0","YEVPATORIIA, UP","0.0","u","0.0","5,u","","","","","","","0","2,u","20","2,u","7","4,u","0","4,u","0","4,u","20030113",",2,u","","","20030110",",4,u","-10.5","2,u,13,","","","11.3","4,u,10,","","","435.2","4,u","","","1.38","5,u","3.78","4,,,u","-1.03","2,,,u"
"UPM00033929","2003-02","45.183","33.367","6.0","YEVPATORIIA, UP","","","","","","","","","","","0","5,u","20","5,u","","","","","","","20030204",",5,u","","","","","-10.6","5,u,04,","","","","","","","","","","","","","","","-5.83","5,,,u"
"UPM00033929","2003-03","45.183","33.367","6.0","YEVPATORIIA, UP","","","0.0",",u","","","","","","","0",",u","21",",u","1",",u","0",",u","0",",u","20030302",",,u","","","20030326",",,u","-5.3",",u,02,","","","11.9",",u,26,","","","502.4",",u","","","2.13",",u","5.45",",,,u","-1.20",",,,u"
"UPM00033929","2003-04","45.183","33.367","6.0","YEVPATORIIA, UP","","","0.0",",u","","","","","","","0",",u","0",",u","0",",u","0",",u","0",",u","20030411",",,u","","","20030425",",,u","0.1",",u,11,","","","19.2",",u,25,","","","290.7",",u","","","8.64",",u","12.60",",,,u","4.68",",,,u"
"UPM00033929","2003-05","45.183","33.367","6.0","YEVPATORIIA, UP","","","36.7","2,u","","","","","","","0","1,u","0","1,u","0","2,u","22","2,u","1","2,u","20030501",",1,u","","","20030512",",2,u","8.0","1,u,01,","","","33.0","2,u,12,","","","37.3","2,u","","","18.37","2,u","23.16","2,,,u","13.58","1,,,u"
"UPM00033929","2003-06","45.183","33.367","6.0","YEVPATORIIA, UP","","","90.4",",u","","","","","","","0",",u","0",",u","0",",u","30",",u","0",",u","20030605",",,u","","","20030611",",,u","12.3",",u,05,","","","32.1",",u,11,","","","1.4",",u","","","21.30",",u","25.50",",,,u","17.10",",,,u"
"UPM00033929","2003-07","45.183","33.367","6.0","YEVPATORIIA, UP","","","135.9",",u","","","","","","","0",",u","0",",u","0",",u","31",",u","1",",u","20030714",",,u","","","20030703",",,u","16.5",",u,14,","","","33.6",",u,03,","0.0","u","0.0",",u","","","22.72",",u","26.69",",,,u","18.74",",,,u"
"UPM00033929","2003-08","45.183","33.367","6.0","YEVPATORIIA, UP","","","177.0",",u","","","","","","","0",",u","0",",u","0",",u","31",",u","1",",u","20030827",",,u","","","20030829",",,u","16.0",",u,27,","","","32.2",",u,29,","0.0","u","0.0",",u","","","24.04",",u","28.49",",,,u","19.60",",,,u"
"UPM00033929","2003-09","45.183","33.367","6.0","YEVPATORIIA, UP","","","17.0",",u","","","","","","","0",",u","0",",u","0",",u","23",",u","0",",u","20030905",",,u","","","20030901",",,u","8.6",",u,05,","","","29.1",",u,01,","23.1","u","23.1",",u","","","18.13",",u","22.68",",,,u","13.58",",,,u"
"UPM00033929","2003-10","45.183","33.367","6.0","YEVPATORIIA, UP","","","11.0","3,u","","","","","","","0","1,u","1","1,u","0","2,u","8","2,u","0","2,u","20031029",",1,u","","","20031002",",2,u","-2.3","1,u,29,","","","25.2","2,u,02,","187.4","u","164.3","2,u","","","12.96","3,u","16.60","2,,,u","9.33","1,,,u"
"UPM00033929","2003-11","45.183","33.367","6.0","YEVPATORIIA, UP","","","0.0","3,u","","","","","","","0","2,u","0","2,u","0","2,u","0","2,u","0","2,u","20031108",",2,u","","","20031102",",2,u","0.4","2,u,08,","","","19.8","2,u,02,","486.2","u","298.8","2,u","","","7.46","3,u","9.86","2,,,u","5.06","2,,,u"
"UPM00033929","2003-12","45.183","33.367","6.0","YEVPATORIIA, UP","","","0.0","3,u","","","","","","","0","1,u","8","1,u","0","2,u","0","2,u","0","2,u","20031208",",1,u","","","20031223",",2,u","-3.7","1,u,08,","","","12.3","2,u,23,","871.9","u","385.7","2,u","","","4.48","3,u","6.62","2,,,u","2.34","1,,,u"
"UPM00033929","2004-01","45.183","33.367","6.0","YEVPATORIIA, UP","","","","","18","5,u","8","5,u","0","5,u","0","4,u","14","4,u","3","4,u","0","4,u","0","4,u","20040109",",4,u","20040123",",5,u","20040129",",4,u","-8.3","4,u,09,","16.0","5,,u,23,","12.3","4,u,29,","","","","","75.8","5,,,u","2.55","8,u","5.02","4,,,u","0.09","4,,,u"
"UPM00033929","2004-02","45.183","33.367","6.0","YEVPATORIIA, UP","","","","","","","","","","","0","4,u","15","4,u","3","4,u","0","4,u","0","4,u","20040221",",4,u","","","20040229",",4,u","-10.5","4,u,21,","","","13.6","4,u,29,","","","","","","","2.81","7,u","5.98","4,,,u","-0.36","4,,,u"
"UPM00033929","2004-03","45.183","33.367","6.0","YEVPATORIIA, UP","","","0.0",",u","","","","","","","0",",u","6",",u","1",",u","1",",u","0",",u","20040307",",,u","","","20040324",",,u","-5.2",",u,07,","","","22.1",",u,24,","","","363.3",",u","","","6.61",",u","9.60",",,,u","3.62",",,,u"
"UPM00033929","2004-04","45.183","33.367","6.0","YEVPATORIIA, UP","","","0.0",",u","","","","","","","0",",u","3",",u","0",",u","0",",u","0",",u","20040404",",,u","","","20040430",",,u","-5.5",",u,04,","","","20.5",",u,30,","","","228.0",",u","","","10.73",",u","14.41",",,,u","7.05",",,,u"
"UPM00033929","2005-02","45.183","33.367","6.0","YEVPATORIIA, UP","","","","","","","","","","","0","4,u","11","4,u","","","","","","","20050208",",4,u","","","","","-12.6","4,u,08,","","","","","","","","","","","","","","","-1.13","4,,,u"
"UPM00033929","2005-03","45.183","33.367","6.0","YEVPATORIIA, UP","","","","","","","","","","","0","5,u","16","5,u","","","","","","","20050302",",5,u","","","","","-7.1","5,u,02,","","","","","","","","","","","","","","","-0.25","5,,,u"
"UPM00033929","2006-06","45.183","33.367","6.0","YEVPATORIIA, UP","","","","","","","","","","","0","5,u","0","5,u","","","","","","","20060613",",5,u","","","","","12.7","5,u,13,","","","","","","","","","","","","","","","17.20","5,,,u"
"UPM00033929","2007-02","45.183","33.367","6.0","YEVPATORIIA, UP","","","","","","","","","","","0","4,u","11","4,u","","","","","","","20070224",",4,u","","","","","-13.6","4,u,24,","","","","","","","","","","","","","","","0.10","4,,,u"
"UPM00033929","2008-07","45.183","33.367","6.0","YEVPATORIIA, UP","","","","","","","","","","","0","5,u","0","5,u","0","5,u","26","5,u","6","5,u","20080710",",5,u","","","20080715",",5,u","17.5","5,u,10,","","","35.0","5,u,15,","","","","","","","24.77","7,u","29.79","5,,,u","19.75","5,,,u"
