"STATION","DATE","LATITUDE","LONGITUDE","ELEVATION","NAME","CDSD","CDSD_ATTRIBUTES","CLDD","CLDD_ATTRIBUTES","DP01","DP01_ATTRIBUTES","DP10","DP10_ATTRIBUTES","DP1X","DP1X_ATTRIBUTES","DSND","DSND_ATTRIBUTES","DSNW","DSNW_ATTRIBUTES","DT00","DT00_ATTRIBUTES","DT32","DT32_ATTRIBUTES","DX32","DX32_ATTRIBUTES","DX70","DX70_ATTRIBUTES","DX90","DX90_ATTRIBUTES","DYNT","DYNT_ATTRIBUTES","DYSD","DYSD_ATTRIBUTES","DYSN","DYSN_ATTRIBUTES","DYXP","DYXP_ATTRIBUTES","DYXT","DYXT_ATTRIBUTES","EMNT","EMNT_ATTRIBUTES","EMSD","EMSD_ATTRIBUTES","EMSN","EMSN_ATTRIBUTES","EMXP","EMXP_ATTRIBUTES","EMXT","EMXT_ATTRIBUTES","HDSD","HDSD_ATTRIBUTES","HTDD","HTDD_ATTRIBUTES","PRCP","PRCP_ATTRIBUTES","SNOW","SNOW_ATTRIBUTES","TAVG","TAVG_ATTRIBUTES","TMAX","TMAX_ATTRIBUTES","TMIN","TMIN_ATTRIBUTES"
"USC00045080","1970-03","33.78333","-118.2","3.0","LONG BEACH PUB SERVICE, CA US","","","","","","","","","","","0",",0","0",",0","","","","","","","","","","","","","19700331","+,,0","19700331","+,,0","","","","","","","0",",,0,31,+","0",",,0,31,+","","","","","","","","","","","0",",,,0","","","","","",""
"USC00045080","1970-04","33.78333","-118.2","3.0","LONG BEACH PUB SERVICE, CA US","","","3.4",",0","0",",0","0",",0","0",",0","0",",0","0",",0","0",",0","0",",0","0",",0","18",",0","0",",0","19700421",",,0","19700430","+,,0","19700430","+,,0","19700430","+,,0","19700405",",,0","5.6",",0,21,","0",",,0,30,+","0",",,0,30,+","0.0",",,0,30,+","31.1",",0,05,","","","76.1",",0","0.0",",,,0","0",",,,0","15.91",",0","22.22",",,,0","9.59",",,,0"
"USC00045080","1970-05","33.78333","-118.2","3.0","LONG BEACH PUB SERVICE, CA US","","","36.6","1,0","0",",0","0",",0","0",",0","0",",0","0",",0","0","1,0","0","1,0","0","1,0","27","1,0","6","1,0","19700507",",1,0","19700531","+,,0","19700531","+,,0","19700531","+,,0","19700515",",1,0","8.9","1,0,07,","0",",,0,31,+","0",",,0,31,+","0.0",",,0,31,+","35.6","1,0,15,","","","19.7","1,0","0.0",",,,0","0",",,,0","18.90","1,0","25.48","1,,,0","12.31","1,,,0"
"USC00045080","1970-06","33.78333","-118.2","3.0","LONG BEACH PUB SERVICE, CA US","","","48.0","2,0","0",",0","0",",0","0",",0","0",",0","0",",0","0","2,0","0","2,0","0","2,0","28","2,0","0","2,0","19700628","+,2,0","19700630","+,,0","19700630","+,,0","19700630","+,,0","19700626",",2,0","12.8","2,0,28,+","0",",,0,30,+","0",",,0,30,+","0.0",",,0,30,+","31.1","2,0,26,","","","0.0","2,0","0.0",",,,0","0",",,,0","20.05","2,0","25.54","2,,,0","14.56","2,,,0"
"USC00045080","1970-07","33.78333","-118.2","3.0","LONG BEACH PUB SERVICE, CA US","","","118.8",",0","0",",0","0",",0","0",",0","0",",0","0",",0","0",",0","0",",0","0",",0","31",",0","3",",0","19700731",",,0","19700731","+,,0","19700731","+,,0","19700731","+,,0","19700704",",,0","13.3",",0,31,","0",",,0,31,+","0",",,0,31,+","0.0",",,0,31,+","35.0",",0,04,","0.0","0","0.0",",0","0.0",",,,0","0",",,,0","22.17",",0","28.61",",,,0","15.72",",,,0"
"USC00045080","1970-08","33.78333","-118.2","3.0","LONG BEACH PUB SERVICE, CA US","","","132.2","1,0","0",",0","0",",0","0",",0","0",",0","0",",0","0","1,0","0","1,0","0","1,0","30","1,0","5","1,0","19700806",",1,0","19700831","+,,0","19700831","+,,0","19700831","+,,0","19700813",",1,0","13.3","1,0,06,","0",",,0,31,+","0",",,0,31,+","0.0",",,0,31,+","35.0","1,0,13,","0.0","0","0.0","1,0","0.0",",,,0","0",",,,0","22.74","1,0","29.46","1,,,0","16.02","1,,,0"
"USC00045080","1970-09","33.78333","-118.2","3.0","LONG BEACH PUB SERVICE, CA US","","","90.7",",0","0",",0","0",",0","0",",0","0",",0","0",",0","0",",0","0",",0","0",",0","30",",0","8",",0","19700915",",,0","19700930","+,,0","19700930","+,,0","19700930","+,,0","19700927",",,0","10.6",",0,15,","0",",,0,30,+","0",",,0,30,+","0.0",",,0,30,+","38.3",",0,27,","0.0","0","0.0",",0","0.0",",,,0","0",",,,0","21.36",",0","29.01",",,,0","13.71",",,,0"
"USC00045080","1970-10","33.78333","-118.2","3.0","LONG BEACH PUB SERVICE, CA US","","","24.7",",0","1",",0","0",",0","0",",0","0",",0","0",",0","0",",0","0",",0","0",",0","30",",0","0",",0","19701026",",,0","19701031","+,,0","19701031","+,,0","19701021",",,0","19701001",",,0","5.0",",0,26,","0",",,0,31,+","0",",,0,31,+","0.3",",,0,21,","30.6",",0,01,","21.0","0","21.0",",0","0.3",",,,0","0",",,,0","18.45",",0","24.83",",,,0","12.07",",,,0"
"USC00045080","1970-11","33.78333","-118.2","3.0","LONG BEACH PUB SERVICE, CA US","","","0.6",",0","5",",0","4",",0","1",",0","0",",0","0",",0","0",",0","0",",0","0",",0","14",",0","0",",0","19701123","+,,0","19701130","+,,0","19701130","+,,0","19701129",",,0","19701115",",,0","5.6",",0,23,+","0",",,0,30,+","0",",,0,30,+","76.2",",,0,29,","28.3",",0,15,","110.7","0","89.7",",0","95.7",",,,0","0",",,,0","15.36",",0","21.26",",,,0","9.46",",,,0"
"USC00045080","1970-12","33.78333","-118.2","3.0","LONG BEACH PUB SERVICE, CA US","","","0.0",",0","7",",0","5",",0","1",",0","0",",0","0",",0","0",",0","0",",0","0",",0","6",",0","0",",0","19701229",",,0","19701231","+,,0","19701231","+,,0","19701219",",,0","19701206",",,0","3.3",",0,29,","0",",,0,31,+","0",",,0,31,+","40.1",",,0,19,","25.6",",0,06,","291.4","0","180.7",",0","70.3",",,,0","0",",,,0","12.50",",0","18.01",",,,0","7.00",",,,0"
"USC00045080","1971-01","33.78333","-118.2","3.0","LONG BEACH PUB SERVICE, CA US","4.1","0","4.1",",0","3",",0","1",",0","0",",0","0",",0","0",",0","0",",0","2",",0","0",",0","11",",0","0",",0","19710107","+,,0","19710131","+,,0","19710131","+,,0","19710102",",,0","19710119",",,0","-0.6",",0,07,+","0",",,0,31,+","0",",,0,31,+","9.9",",,0,02,","30.6",",0,19,","467.3","0","175.9",",0","12.9",",,,0","0",",,,0","12.79",",0","19.34",",,,0","6.25",",,,0"
"USC00045080","1971-02","33.78333","-118.2","3.0","LONG BEACH PUB SERVICE, CA US","7.4","0","3.3",",0","2",",0","1",",0","0",",0","0",",0","0",",0","0",",0","1",",0","0",",0","7",",0","0",",0","19710227",",,0","19710228","+,,0","19710228","+,,0","19710217",",,0","19710213","+,,0","0.0",",0,27,","0",",,0,28,+","0",",,0,28,+","18.5",",,0,17,","30.6",",0,13,+","603.7","0","136.4",",0","19.3",",,,0","0",",,,0","13.58",",0","19.74",",,,0","7.42",",,,0"
"USC00045080","1971-03","33.78333","-118.2","3.0","LONG BEACH PUB SERVICE, CA US","8.8","0","1.4",",0","1",",0","1",",0","0",",0","0",",0","0",",0","0",",0","0",",0","0",",0","14",",0","0",",0","19710302",",,0","19710331","+,,0","19710331","+,,0","19710313",",,0","19710329","+,,0","2.2",",0,02,","0",",,0,31,+","0",",,0,31,+","4.3",",,0,13,","26.7",",0,29,+","709.9","0","106.2",",0","4.3",",,,0","0",",,,0","14.95",",0","20.80",",,,0","9.10",",,,0"
"USC00045080","1971-04","33.78333","-118.2","3.0","LONG BEACH PUB SERVICE, CA US","19.9","0","11.1","1,0","1",",0","1",",0","0",",0","0",",0","0",",0","0","1,0","0","1,0","0","1,0","15","1,0","1","1,0","19710422",",1,0","19710430","+,,0","19710430","+,,0","19710414",",,0","19710404",",1,0","7.2","1,0,22,","0",",,0,30,+","0",",,0,30,+","15.7",",,0,14,","33.3","1,0,04,","778.7","0","68.8","1,0","15.7",",,,0","0",",,,0","16.34","1,0","22.31","1,,,0","10.38","1,,,0"
"USC00045080","1971-05","33.78333","-118.2","3.0","LONG BEACH PUB SERVICE, CA US","27.7","0","7.8","4,0","4",",0","2",",0","0",",0","0",",0","0",",0","0","3,0","0","3,0","0","2,0","21","2,0","0","2,0","19710504",",3,0","19710531","+,,0","19710531","+,,0","19710528",",,0","19710518",",2,0","5.0","3,0,04,","0",",,0,31,+","0",",,0,31,+","4.8",",,0,28,","31.1","2,0,18,","819.7","0","41.0","2,0","8.9",",,,0","0",",,,0","17.07","4,0","22.53","2,,,0","11.61","3,,,0"
"USC00045080","1971-06","33.78333","-118.2","3.0","LONG BEACH PUB SERVICE, CA US","77.6","0","49.9","2,0","0",",0","0",",0","0",",0","0",",0","0",",0","0","1,0","0","1,0","0","2,0","25","2,0","1","2,0","19710604","+,1,0","19710630","+,,0","19710630","+,,0","19710630","+,,0","19710620",",2,0","10.6","1,0,04,+","0",",,0,30,+","0",",,0,30,+","0.0",",,0,30,+","32.8","2,0,20,","829.8","0","10.1","2,0","0.0",",,,0","0",",,,0","19.77","2,0","24.56","2,,,0","14.98","1,,,0"
"USC00045080","1971-07","33.78333","-118.2","3.0","LONG BEACH PUB SERVICE, CA US","212.1","0","134.5","1,0","0",",0","0",",0","0",",0","0",",0","0",",0","0","1,0","0","1,0","0","1,0","30","1,0","3","1,0","19710711","+,1,0","19710731","+,,0","19710731","+,,0","19710721",",,0","19710712",",1,0","13.9","1,0,11,+","0",",,0,31,+","0",",,0,31,+","0.0",",T,0,21,","35.0","1,0,12,","0.0","0","0.0","1,0","0.0",",T,,0","0",",,,0","22.82","1,0","28.20","1,,,0","17.43","1,,,0"
"USC00045080","1971-08","33.78333","-118.2","3.0","LONG BEACH PUB SERVICE, CA US","426.0","0","213.9",",0","0",",0","0",",0","0",",0","0",",0","0",",0","0",",0","0",",0","0",",0","31",",0","13",",0","19710828",",,0","19710831","+,,0","19710831","+,,0","19710831","+,,0","19710806",",,0","16.1",",0,28,","0",",,0,31,+","0",",,0,31,+","0.0",",,0,31,+","35.0",",0,06,","0.0","0","0.0",",0","0.0",",,,0","0",",,,0","25.23",",0","30.97",",,,0","19.50",",,,0"
"USC00045080","1971-09","33.78333","-118.2","3.0","LONG BEACH PUB SERVICE, CA US","572.5","0","146.5",",0","0",",0","0",",0","0",",0","0",",0","0",",0","0",",0","0",",0","0",",0","30",",0","8",",0","19710929",",,0","19710930","+,,0","19710930","+,,0","19710906",",,0","19710913","+,,0","11.7",",0,29,","0",",,0,30,+","0",",,0,30,+","0.0",",T,0,06,","38.9",",0,13,+","1.1","0","1.1",",0","0.0",",T,,0","0",",,,0","23.18",",0","28.85",",,,0","17.51",",,,0"
"USC00045080","1971-10","33.78333","-118.2","3.0","LONG BEACH PUB SERVICE, CA US","640.9","0","68.4",",0","3",",0","0",",0","0",",0","0",",0","0",",0","0",",0","0",",0","0",",0","22",",0","7",",0","19711029",",,0","19711031","+,,0","19711031","+,,0","19711017","+,,0","19711006",",,0","4.4",",0,29,","0",",,0,31,+","0",",,0,31,+","1.0",",,0,17,+","38.9",",0,06,","49.1","0","48.0",",0","2.5",",,,0","0",",,,0","18.99",",0","26.12",",,,0","11.86",",,,0"
"USC00045080","1971-11","33.78333","-118.2","3.0","LONG BEACH PUB SERVICE, CA US","641.5","0","0.6","4,0","2",",0","1",",0","0",",0","0",",0","0",",0","0","3,0","0","3,0","0","3,0","8","3,0","0","3,0","19711115",",3,0","19711130","+,,0","19711130","+,,0","19711112",",,0","19711103",",3,0","5.6","3,0,15,","0",",,0,30,+","0",",,0,30,+","4.3",",,0,12,","28.9","3,0,03,","145.4","0","96.3","3,0","4.8",",,,0","0",",,,0","14.80","4,0","20.46","3,,,0","9.14","3,,,0"
"USC00045080","1971-12","33.78333","-118.2","3.0","LONG BEACH PUB SERVICE, CA US","641.5","0","0.0",",0","9",",0","8",",0","2",",0","0",",0","0",",0","0",",0","0",",0","0",",0","1",",0","0",",0","19711212","+,,0","19711231","+,,0","19711231","+,,0","19711224",",,0","19711201",",,0","2.2",",0,12,+","0",",,0,31,+","0",",,0,31,+","38.6",",,0,24,","21.1",",0,01,","367.0","0","221.6",",0","126.7",",,,0","0",",,,0","11.19",",0","16.28",",,,0","6.09",",,,0"
"USC00045080","1972-01","33.78333","-118.2","3.0","LONG BEACH PUB SERVICE, CA US","0.0","0","0.0","1,0","0",",0","0",",0","0",",0","0",",0","0",",0","0","1,0","0","1,0","0","1,0","9","1,0","0","1,0","19720105",",1,0","19720131","+,,0","19720131","+,,0","19720131","+,,0","19720115",",1,0","2.2","1,0,05,","0",",,0,31,+","0",",,0,31,+","0.0",",,0,31,+","26.1","1,0,15,","541.5","0","174.5","1,0","0.0",",,,0","0",",,,0","12.52","1,0","18.52","1,,,0","6.51","1,,,0"
"USC00045080","1972-02","33.78333","-118.2","3.0","LONG BEACH PUB SERVICE, CA US","0.0","0","0.0",",0","1",",0","1",",0","0",",0","0",",0","0",",0","0",",0","0",",0","0",",0","6",",0","0",",0","19720203",",,0","19720229","+,,0","19720229","+,,0","19720205",",,0","19720212",",,0","4.4",",0,03,","0",",,0,29,+","0",",,0,29,+","2.5",",,0,05,","25.6",",0,12,","662.4","0","120.9",",0","2.5",",,,0","0",",,,0","14.17",",0","19.94",",,,0","8.39",",,,0"
"USC00045080","1972-03","33.78333","-118.2","3.0","LONG BEACH PUB SERVICE, CA US","0.0","0","0.0",",0","0",",0","0",",0","0",",0","0",",0","0",",0","0",",0","0",",0","0",",0","13",",0","0",",0","19720326",",,0","19720331","+,,0","19720331","+,,0","19720307",",,0","19720324",",,0","5.6",",0,26,","0",",,0,31,+","0",",,0,31,+","0.0",",T,0,07,","26.7",",0,24,","730.7","0","68.3",",0","0.0",",T,,0","0",",,,0","16.13",",0","21.35",",,,0","10.91",",,,0"
"USC00045080","1972-04","33.78333","-118.2","3.0","LONG BEACH PUB SERVICE, CA US","8.0","0","8.0","1,0","1",",0","1",",0","0",",0","0",",0","0",",0","0","1,0","0","1,0","0","1,0","24","1,0","0","1,0","19720420",",1,0","19720430","+,,0","19720430","+,,0","19720419",",,0","19720427","+,1,0","7.2","1,0,20,","0",",,0,30,+","0",",,0,30,+","4.3",",,0,19,","29.4","1,0,27,+","770.8","0","40.1","1,0","4.3",",,,0","0",",,,0","17.23","1,0","23.06","1,,,0","11.40","1,,,0"
"USC00045080","1972-05","33.78333","-118.2","3.0","LONG BEACH PUB SERVICE, CA US","41.4","0","33.4","1,0","1",",0","0",",0","0",",0","0",",0","0",",0","0","1,0","0","1,0","0","1,0","26","1,0","0","1,0","19720520",",1,0","19720531","+,,0","19720531","+,,0","19720520",",,0","19720528",",1,0","10.6","1,0,20,","0",",,0,31,+","0",",,0,31,+","0.3",",,0,20,","31.7","1,0,28,","790.8","0","20.0","1,0","0.3",",,,0","0",",,,0","18.78","1,0","24.47","1,,,0","13.09","1,,,0"
"USC00045080","1972-06","33.78333","-118.2","3.0","LONG BEACH PUB SERVICE, CA US","127.5","0","86.1",",0","3",",0","0",",0","0",",0","0",",0","0",",0","0",",0","0",",0","0",",0","30",",0","0",",0","19720611",",,0","19720630","+,,0","19720630","+,,0","19720608",",,0","19720630","+,,0","12.8",",0,11,","0",",,0,30,+","0",",,0,30,+","1.5",",,0,08,","29.4",",0,30,+","790.8","0","0.0",",0","3.0",",,,0","0",",,,0","21.20",",0","25.94",",,,0","16.46",",,,0"
"USC00045080","1972-07","33.78333","-118.2","3.0","LONG BEACH PUB SERVICE, CA US","282.8","0","155.3",",0","0",",0","0",",0","0",",0","0",",0","0",",0","0",",0","0",",0","0",",0","31",",0","6",",0","19720705","+,,0","19720731","+,,0","19720731","+,,0","19720731","+,,0","19720727",",,0","14.4",",0,05,+","0",",,0,31,+","0",",,0,31,+","0.0",",,0,31,+","36.7",",0,27,","0.0","0","0.0",",0","0.0",",,,0","0",",,,0","23.34",",0","29.45",",,,0","17.24",",,,0"
"USC00045080","1972-08","33.78333","-118.2","3.0","LONG BEACH PUB SERVICE, CA US","458.4","0","175.6","1,0","1",",0","0",",0","0",",0","0",",0","0",",0","0","1,0","0","1,0","0","1,0","30","1,0","8","1,0","19720820",",1,0","19720831","+,,0","19720831","+,,0","19720812",",,0","19720822",",1,0","16.1","1,0,20,","0",",,0,31,+","0",",,0,31,+","1.3",",,0,12,","36.7","1,0,22,","0.0","0","0.0","1,0","1.3",",,,0","0",",,,0","24.19","1,0","29.75","1,,,0","18.63","1,,,0"
"USC00045080","1972-09","33.78333","-118.2","3.0","LONG BEACH PUB SERVICE, CA US","558.6","0","100.2","3,0","1",",0","1",",0","0",",0","0",",0","0",",0","0","3,0","0","3,0","0","3,0","27","3,0","1","3,0","19720920",",3,0","19720930","+,,0","19720930","+,,0","19720903",",,0","19720921",",3,0","9.4","3,0,20,","0",",,0,30,+","0",",,0,30,+","4.6",",,0,03,","32.8","3,0,21,","0.0","0","0.0","3,0","4.6",",,,0","0",",,,0","22.04","3,0","27.40","3,,,0","16.69","3,,,0"
"USC00045080","1972-10","33.78333","-118.2","3.0","LONG BEACH PUB SERVICE, CA US","600.4","0","41.8","3,0","1",",0","0",",0","0",",0","0",",0","0",",0","0","3,0","0","3,0","0","3,0","27","3,0","2","3,0","19721031",",3,0","19721031","+,,0","19721031","+,,0","19721019",",,0","19721006",",3,0","1.1","3,0,31,","0",",,0,31,+","0",",,0,31,+","1.8",",,0,19,","35.6","3,0,06,","26.5","0","26.5","3,0","1.8",",,,0","0",",,,0","18.88","3,0","24.80","3,,,0","12.96","3,,,0"
"USC00045080","1972-11","33.78333","-118.2","3.0","LONG BEACH PUB SERVICE, CA US","600.4","0","0.0",",0","4",",0","4",",0","2",",0","0",",0","0",",0","0",",0","0",",0","0",",0","18",",0","0",",0","19721124",",,0","19721130","+,,0","19721130","+,,0","19721116",",,0","19721129",",,0","4.4",",0,24,","0",",,0,30,+","0",",,0,30,+","51.3",",,0,16,","26.1",",0,29,","126.9","0","100.4",",0","119.3",",,,0","0",",,,0","14.99",",0","21.13",",,,0","8.85",",,,0"
"USC00045080","1972-12","33.78333","-118.2","3.0","LONG BEACH PUB SERVICE, CA US","600.4","0","0.0","1,0","2",",0","2",",0","0",",0","0",",0","0",",0","0","1,0","1","1,0","0",",0","11",",0","0",",0","19721212",",1,0","19721231","+,,0","19721231","+,,0","19721204",",,0","19721226",",,0","0.0","1,0,12,","0",",,0,31,+","0",",,0,31,+","13.5",",,0,04,","26.7",",0,26,","288.0","0","161.1",",0","20.4",",,,0","0",",,,0","12.91","1,0","19.25",",,,0","6.57","1,,,0"
"USC00045080","1973-01","33.78333","-118.2","3.0","LONG BEACH PUB SERVICE, CA US","0.0","","0.0","1,0","7",",0","5",",0","0",",0","0",",0","0",",0","0","1,0","0","1,0","0","1,0","5","1,0","0","1,0","19730105",",1,0","19730131","+,,0","19730131","+,,0","19730117",",,0","19730128","+,1,0","1.1","1,0,05,","0",",,0,31,+","0",",,0,31,+","17.0",",,0,17,","23.9","1,0,28,+","472.1","","184.1","1,0","72.7",",,,0","0",",,,0","12.20","1,0","18.09","1,,,0","6.31","1,,,0"
"USC00045080","1973-02","33.78333","-118.2","3.0","LONG BEACH PUB SERVICE, CA US","1.1","","1.1","2,0","8",",0","7",",0","1",",0","0",",0","0",",0","0","2,0","0","2,0","0","2,0","7","2,0","0","2,0","19730211",",2,0","19730228","+,,0","19730228","+,,0","19730211",",,0","19730220",",2,0","5.6","2,0,11,","0",",,0,28,+","0",",,0,28,+","39.6",",,0,11,","25.6","2,0,20,","560.9","","88.8","2,0","95.5",",,,0","0",",,,0","14.96","2,0","19.94","2,,,0","9.98","2,,,0"
"USC00045080","1973-03","33.78333","-118.2","3.0","LONG BEACH PUB SERVICE, CA US","1.1","","0.0","5,0","7",",0","6",",0","0",",0","0",",0","0",",0","0","5,0","0","5,0","0","3,0","3","3,0","0","3,0","19730309",",5,0","19730331","+,,0","19730331","+,,0","19730308",",,0","19730316",",3,0","6.1","5,0,09,","0",",,0,31,+","0",",,0,31,+","15.7",",,0,08,","23.3","3,0,16,","678.0","","117.1","3,0","56.4",",,,0","0",",,,0","13.77","5,0","18.58","3,,,0","8.95","5,,,0"
"USC00045080","1973-04","33.78333","-118.2","3.0","LONG BEACH PUB SERVICE, CA US","","","","","","","","","","","0",",0","0",",0","","","","","","","","","","","","","19730430","+,,0","19730430","+,,0","","","","","","","0",",,0,30,+","0",",,0,30,+","","","","","","","","","","","0",",,,0","","","","","",""
