"STATION","DATE","LATITUDE","LONGITUDE","ELEVATION","NAME","CDSD","CDSD_ATTRIBUTES","CLDD","CLDD_ATTRIBUTES","DP01","DP01_ATTRIBUTES","DP10","DP10_ATTRIBUTES","DP1X","DP1X_ATTRIBUTES","DSNW","DSNW_ATTRIBUTES","DT00","DT00_ATTRIBUTES","DT32","DT32_ATTRIBUTES","DX32","DX32_ATTRIBUTES","DX70","DX70_ATTRIBUTES","DX90","DX90_ATTRIBUTES","DYNT","DYNT_ATTRIBUTES","DYSN","DYSN_ATTRIBUTES","DYXP","DYXP_ATTRIBUTES","DYXT","DYXT_ATTRIBUTES","EMNT","EMNT_ATTRIBUTES","EMSN","EMSN_ATTRIBUTES","EMXP","EMXP_ATTRIBUTES","EMXT","EMXT_ATTRIBUTES","HDSD","HDSD_ATTRIBUTES","HTDD","HTDD_ATTRIBUTES","PRCP","PRCP_ATTRIBUTES","SNOW","SNOW_ATTRIBUTES","TAVG","TAVG_ATTRIBUTES","TMAX","TMAX_ATTRIBUTES","TMIN","TMIN_ATTRIBUTES"
"USC00334440","1908-01","38.966667","-83.483333","274.3","LAWSHE, OH US","0.0","6","0.0",",6","10",",6","5",",6","0",",6","0",",6","0",",6","30",",6","3",",6","0",",6","0",",6","19080130",",,6","19080128","+,,6","19080112",",,6","19080122",",,6","-14.4",",6,30,","0",",T,6,28,+","15.0",",,6,12,","12.2",",6,22,","","","581.6",",6","42.5",",,,6","0",",T,,6","-0.43",",6","5.46",",,,6","-6.32",",,,6"
"USC00334440","1908-02","38.966667","-83.483333","274.3","LAWSHE, OH US","0.0","6","0.0",",6","15",",6","7",",6","2",",6","0",",6","0",",6","25",",6","3",",6","0",",6","0",",6","19080202",",,6","19080220","+,,6","19080205",",,6","19080215","+,,6","-15.6",",6,02,","13",",,6,20,+","49.8",",,6,05,","15.6",",6,15,+","","","526.6",",6","145.0",",,,6","26",",,,6","0.18",",6","5.21",",,,6","-4.86",",,,6"
"USC00334440","1908-03","38.966667","-83.483333","274.3","LAWSHE, OH US","5.0","6","5.0",",6","19",",6","14",",6","1",",6","1",",6","0",",6","12",",6","0",",6","7",",6","0",",6","19080321",",,6","19080309",",,6","19080301",",,6","19080327",",,6","-6.1",",6,21,","25",",,6,09,","32.0",",,6,01,","27.2",",6,27,","","","293.0",",6","164.4",",,,6","25",",,,6","9.05",",6","15.74",",,,6","2.35",",,,6"
"USC00334440","1908-04","38.966667","-83.483333","274.3","LAWSHE, OH US","8.9","6","3.9",",6","14",",6","10",",6","1",",6","1",",6","0",",6","5",",6","0",",6","17",",6","0",",6","19080403",",,6","19080430",",,6","19080430",",,6","19080426",",,6","-3.3",",6,03,","51",",,6,30,","29.7",",,6,30,","28.9",",6,26,","","","164.2",",6","132.4",",,,6","51",",,,6","12.99",",6","20.63",",,,6","5.35",",,,6"
"USC00334440","1908-05","38.966667","-83.483333","274.3","LAWSHE, OH US","84.4","6","75.5",",6","13",",6","9",",6","2",",6","0",",6","0",",6","1",",6","0",",6","23",",6","4",",6","19080501",",,6","19080531","+,,6","19080505",",,6","19080525",",,6","0.0",",6,01,","0",",,6,31,+","42.4",",,6,05,","34.4",",6,25,","","","76.5",",6","165.1",",,,6","0",",,,6","18.30",",6","24.74",",,,6","11.86",",,,6"
"USC00334440","1908-06","38.966667","-83.483333","274.3","LAWSHE, OH US","192.8","6","108.4",",6","11",",6","6",",6","1",",6","0",",6","0",",6","0",",6","0",",6","30",",6","10",",6","19080616",",,6","19080630","+,,6","19080614",",,6","19080623",",,6","5.6",",6,16,","0",",,6,30,+","43.7",",,6,14,","36.1",",6,23,","","","12.8",",6","100.2",",,,6","0",",,,6","21.52",",6","29.25",",,,6","13.78",",,,6"
"USC00334440","1908-07","38.966667","-83.483333","274.3","LAWSHE, OH US","374.5","6","181.7",",6","14",",6","8",",6","1",",6","","","0",",6","0",",6","0",",6","31",",6","10",",6","19080716",",,6","","","19080718",",,6","19080713",",,6","10.0",",6,16,","","","47.5",",,6,18,","36.7",",6,13,","0.0","6","0.0",",6","92.8",",,,6","","","24.19",",6","31.31",",,,6","17.07",",,,6"
"USC00334440","1908-08","38.966667","-83.483333","274.3","LAWSHE, OH US","517.3","6","142.8",",6","7",",6","2",",6","2",",6","","","0",",6","0",",6","0",",6","31",",6","13",",6","19080828",",,6","","","19080805",",,6","19080817","+,,6","7.8",",6,28,","","","48.3",",,6,05,","36.1",",6,17,+","0.0","6","0.0",",6","87.6",",,,6","","","22.94",",6","30.89",",,,6","14.98",",,,6"
"USC00334440","1908-09","38.966667","-83.483333","274.3","LAWSHE, OH US","583.9","6","66.6","1,6","2",",6","1",",6","0",",6","","","0",",6","1",",6","0","1,6","29","1,6","13","1,6","19080930",",,6","","","19080928",",,6","19080912",",1,6","-1.1",",6,30,","","","6.4",",,6,28,","36.1","1,6,12,","13.4","6","13.4","1,6","7.4",",,,6","","","20.03","1,6","31.38","1,,,6","8.67",",,,6"
"USC00334440","1908-10","38.966667","-83.483333","274.3","LAWSHE, OH US","583.9","6","0.0",",6","5",",6","5",",6","0",",6","0",",6","0",",6","13",",6","0",",6","20",",6","0",",6","19081031",",,6","19081031","+,,6","19081023",",,6","19081005",",,6","-8.9",",6,31,","0",",,6,31,+","7.6",",,6,23,","31.1",",6,05,","204.1","6","190.7",",6","24.1",",,,6","0",",,,6","12.18",",6","22.39",",,,6","1.97",",,,6"
"USC00334440","1908-11","38.966667","-83.483333","274.3","LAWSHE, OH US","583.9","6","0.0",",6","10",",6","6",",6","0",",6","0",",6","0",",6","18",",6","0",",6","2",",6","0",",6","19081105",",,6","19081114",",,6","19081111","+,,6","19081125","+,,6","-12.8",",6,05,","13",",,6,14,","13.5",",,6,11,+","21.1",",6,25,+","559.8","6","355.7",",6","51.9",",,,6","13",",,,6","6.48",",6","14.27",",,,6","-1.32",",,,6"
"USC00334440","1908-12","38.966667","-83.483333","274.3","LAWSHE, OH US","583.9","6","0.0",",6","10",",6","5",",6","0",",6","0",",6","0",",6","23",",6","0",",6","0",",6","0",",6","19081203",",,6","19081226","+,,6","19081207",",,6","19081217",",,6","-14.4",",6,03,","0",",T,6,26,+","16.0",",,6,07,","17.8",",6,17,","1062.5","6","502.7",",6","56.9",",,,6","0",",T,,6","2.12",",6","7.84",",,,6","-3.60",",,,6"
"USC00334440","1909-01","38.966667","-83.483333","274.3","LAWSHE, OH US","0.0","6","0.0",",6","14",",6","7",",6","0",",6","3",",6","1",",6","22",",6","5",",6","0",",6","0",",6","19090113",",,6","19090112",",,6","19090116",",,6","19090124","+,,6","-20.0",",6,13,","102",",,6,12,","14.2",",,6,16,","20.6",",6,24,+","1559.4","6","496.9",",6","78.6",",,,6","229",",,,6","2.30",",6","7.87",",,,6","-3.27",",,,6"
"USC00334440","1909-02","38.966667","-83.483333","274.3","LAWSHE, OH US","0.0","6","0.0",",6","14",",6","12",",6","2",",6","0",",6","1",",6","18",",6","1",",6","0",",6","0",",6","19090201",",,6","19090216",",,6","19090223",",,6","19090215",",,6","-22.8",",6,01,","0",",T,6,16,","115.1",",,6,23,","17.2",",6,15,","1964.4","6","405.0",",6","251.9",",,,6","0",",T,,6","3.87",",6","10.30",",,,6","-2.56",",,,6"
"USC00334440","1909-03","38.966667","-83.483333","274.3","LAWSHE, OH US","0.0","6","0.0",",6","16",",6","7",",6","1",",6","0",",6","0",",6","21",",6","0",",6","0",",6","0",",6","19090318",",,6","19090326","+,,6","19090309",",,6","19090319",",,6","-7.8",",6,18,","0",",T,6,26,+","40.1",",,6,09,","18.9",",6,19,","2363.4","6","399.0",",6","79.0",",,,6","0",",T,,6","5.46",",6","11.61",",,,6","-0.69",",,,6"
"USC00334440","1909-04","38.966667","-83.483333","274.3","LAWSHE, OH US","10.0","6","10.0",",6","11",",6","9",",6","2",",6","0",",6","0",",6","9",",6","0",",6","13",",6","0",",6","19090411",",,6","19090403",",,6","19090420",",,6","19090430",",,6","-6.1",",6,11,","0",",T,6,03,","39.9",",,6,20,","31.7",",6,30,","2560.9","6","197.5",",6","121.8",",,,6","0",",T,,6","12.08",",6","20.13",",,,6","4.04",",,,6"
"USC00334440","1909-05","38.966667","-83.483333","274.3","LAWSHE, OH US","33.7","6","23.7",",6","15",",6","9",",6","1",",6","0",",6","0",",6","0",",6","0",",6","25",",6","0",",6","19090504",",,6","19090531","+,,6","19090510",",,6","19090531","+,,6","0.6",",6,04,","0",",,6,31,+","28.2",",,6,10,","29.4",",6,31,+","2637.0","6","76.1",",6","113.9",",,,6","0",",,,6","16.64",",6","23.94",",,,6","9.34",",,,6"
"USC00334440","1909-06","38.966667","-83.483333","274.3","LAWSHE, OH US","167.5","6","133.8",",6","13",",6","8",",6","1",",6","","","0",",6","0",",6","0",",6","30",",6","7",",6","19090619",",,6","","","19090622",",,6","19090627",",,6","7.8",",6,19,","","","26.4",",,6,22,","33.9",",6,27,","2640.3","6","3.3",",6","102.1",",,,6","","","22.68",",6","28.91",",,,6","16.45",",,,6"
"USC00334440","1909-07","38.966667","-83.483333","274.3","LAWSHE, OH US","300.6","6","133.1",",6","8",",6","6",",6","2",",6","","","0",",6","0",",6","0",",6","30",",6","5",",6","19090704",",,6","","","19090713",",,6","19090729",",,6","8.3",",6,04,","","","51.3",",,6,13,","33.9",",6,29,","5.0","6","5.0",",6","125.3",",,,6","","","22.46",",6","28.95",",,,6","15.98",",,,6"
"USC00334440","1909-08","38.966667","-83.483333","274.3","LAWSHE, OH US","449.6","6","149.0",",6","11",",6","8",",6","2",",6","","","0",",6","0",",6","0",",6","31",",6","7",",6","19090822",",,6","","","19090815",",,6","19090828",",,6","7.8",",6,22,","","","41.7",",,6,15,","35.0",",6,28,","6.4","6","1.4",",6","135.4",",,,6","","","23.10",",6","30.17",",,,6","16.03",",,,6"
"USC00334440","1909-09","38.966667","-83.483333","274.3","LAWSHE, OH US","505.4","6","55.8",",6","8",",6","4",",6","1",",6","0",",6","0",",6","1",",6","0",",6","27",",6","1",",6","19090928",",,6","19090930","+,,6","19090910",",,6","19090914",",,6","-0.6",",6,28,","0",",,6,30,+","35.6",",,6,10,","32.2",",6,14,","62.0","6","55.6",",6","58.9",",,,6","0",",,,6","18.34",",6","26.09",",,,6","10.59",",,,6"
"USC00334440","1909-10","38.966667","-83.483333","274.3","LAWSHE, OH US","505.4","6","0.0",",6","6",",6","5",",6","0",",6","0",",6","0",",6","12",",6","0",",6","14",",6","0",",6","19091029",",,6","19091014",",,6","19091018",",,6","19091008",",,6","-7.8",",6,29,","0",",T,6,14,","24.4",",,6,18,","28.3",",6,08,","332.9","6","270.9",",6","74.7",",,,6","0",",T,,6","9.59",",6","18.46",",,,6","0.73",",,,6"
"USC00334440","1909-11","38.966667","-83.483333","274.3","LAWSHE, OH US","505.4","6","0.0",",6","6",",6","4",",6","0",",6","0",",6","0",",6","12",",6","0",",6","13",",6","0",",6","19091130","+,,6","19091130","+,,6","19091123","+,,6","19091114",",,6","-6.7",",6,30,+","0",",,6,30,+","12.7",",,6,23,+","25.0",",6,14,","571.1","6","238.2",",6","44.7",",,,6","0",",,,6","10.39",",6","18.35",",,,6","2.44",",,,6"
"USC00334440","1909-12","38.966667","-83.483333","274.3","LAWSHE, OH US","505.4","6","0.0",",6","13",",6","4",",6","1",",6","2",",6","3",",6","28",",6","13",",6","1",",6","0",",6","19091231",",,6","19091225","+,,6","19091207",",,6","19091205",",,6","-21.1",",6,31,","51",",,6,25,+","27.9",",,6,07,","22.2",",6,05,","1211.2","6","640.1",",6","64.3",",,,6","141",",,,6","-2.32",",6","3.40",",,,6","-8.03",",,,6"
"USC00334440","1910-01","38.966667","-83.483333","274.3","LAWSHE, OH US","0.0","","0.0",",6","","","","","","","","","4",",6","26",",6","5",",6","0",",6","0",",6","19100110",",,6","","","","","19100127","+,,6","-29.4",",6,10,","","","","","14.4",",6,27,+","1802.4","","591.2",",6","","","","","-0.74",",6","4.60",",,,6","-6.07",",,,6"
"USC00334440","1910-02","38.966667","-83.483333","274.3","LAWSHE, OH US","0.0","","0.0",",6","6","1,6","6","1,6","2","1,6","3",",6","4",",6","25",",6","5",",6","0",",6","0",",6","19100219",",,6","19100217","+,,6","19100217",",1,6","19100228",",,6","-26.7",",6,19,","152",",,6,17,+","43.2","1,,6,17,","12.8",",6,28,","2360.7","","558.3",",6","143.1","1,,,6","406",",,,6","-1.61",",6","5.04",",,,6","-8.26",",,,6"
"USC00334440","1910-03","38.966667","-83.483333","274.3","LAWSHE, OH US","3.4","","3.4",",6","3",",6","3",",6","0",",6","0",",6","0",",6","18",",6","0",",6","15",",6","0",",6","19100315",",,6","19100314",",,6","19100306",",,6","19100324",",,6","-10.0",",6,15,","0",",T,6,14,","7.6",",,6,06,","30.6",",6,24,","2621.8","","261.1",",6","19.8",",,,6","0",",T,,6","10.02",",6","20.19",",,,6","-0.15",",,,6"
"USC00334440","1910-04","38.966667","-83.483333","274.3","LAWSHE, OH US","8.4","","5.0",",6","14",",6","8",",6","0",",6","","","0",",6","11",",6","0",",6","18",",6","0",",6","19100424","+,,6","","","19100426",",,6","19100430",",,6","-4.4",",6,24,+","","","22.9",",,6,26,","28.9",",6,30,","2821.5","","199.7",",6","72.9",",,,6","","","11.84",",6","20.56",",,,6","3.13",",,,6"
"USC00334440","1910-05","38.966667","-83.483333","274.3","LAWSHE, OH US","17.6","","9.2",",6","15",",6","10",",6","0",",6","","","0",",6","5",",6","0",",6","17",",6","0",",6","19100515",",,6","","","19100530",",,6","19100502",",,6","-2.8",",6,15,","","","13.7",",,6,30,","28.9",",6,02,","2948.5","","127.0",",6","86.6",",,,6","","","14.53",",6","21.57",",,,6","7.49",",,,6"
"USC00334440","1910-06","38.966667","-83.483333","274.3","LAWSHE, OH US","105.3","","87.7",",6","13",",6","6",",6","3",",6","0",",6","0",",6","0",",6","0",",6","24",",6","7",",6","19100602",",,6","19100630","+,,6","19100609",",,6","19100624",",,6","2.8",",6,02,","0",",,6,30,+","50.0",",,6,09,","35.0",",6,24,","2998.2","","49.7",",6","176.8",",,,6","0",",,,6","19.60",",6","26.88",",,,6","12.32",",,,6"
"USC00334440","1910-07","38.966667","-83.483333","274.3","LAWSHE, OH US","287.9","","182.6",",6","19",",6","10",",6","1",",6","","","0",",6","0",",6","0",",6","31",",6","6",",6","19100720","+,,6","","","19100706",",,6","19100710",",,6","10.0",",6,20,+","","","25.4",",,6,06,","35.0",",6,10,","0.3","","0.3",",6","132.3",",,,6","","","24.21",",6","30.32",",,,6","18.10",",,,6"
"USC00334440","1910-08","38.966667","-83.483333","274.3","LAWSHE, OH US","409.4","","121.5",",6","8",",6","4",",6","0",",6","","","0",",6","0",",6","0",",6","31",",6","10",",6","19100827",",,6","","","19100826",",,6","19100819","+,,6","5.6",",6,27,","","","19.8",",,6,26,","34.4",",6,19,+","3.0","","2.7",",6","39.5",",,,6","","","22.16",",6","30.67",",,,6","13.65",",,,6"
"USC00334440","1910-09","38.966667","-83.483333","274.3","LAWSHE, OH US","","","","","6",",6","4",",6","0",",6","","","","","","","","","","","","","","","","","19100924",",,6","","","","","","","21.1",",,6,24,","","","","","","","55.4",",,,6","","","","","","","",""
