"STATION","DATE","LATITUDE","LONGITUDE","ELEVATION","NAME","CDSD","CDSD_ATTRIBUTES","CLDD","CLDD_ATTRIBUTES","DP01","DP01_ATTRIBUTES","DP10","DP10_ATTRIBUTES","DP1X","DP1X_ATTRIBUTES","DSND","DSND_ATTRIBUTES","DSNW","DSNW_ATTRIBUTES","DT00","DT00_ATTRIBUTES","DT32","DT32_ATTRIBUTES","DX32","DX32_ATTRIBUTES","DX70","DX70_ATTRIBUTES","DX90","DX90_ATTRIBUTES","DYFG","DYFG_ATTRIBUTES","DYNT","DYNT_ATTRIBUTES","DYSD","DYSD_ATTRIBUTES","DYSN","DYSN_ATTRIBUTES","DYTS","DYTS_ATTRIBUTES","DYXP","DYXP_ATTRIBUTES","DYXT","DYXT_ATTRIBUTES","EMNT","EMNT_ATTRIBUTES","EMSD","EMSD_ATTRIBUTES","EMSN","EMSN_ATTRIBUTES","EMXP","EMXP_ATTRIBUTES","EMXT","EMXT_ATTRIBUTES","HDSD","HDSD_ATTRIBUTES","HTDD","HTDD_ATTRIBUTES","PRCP","PRCP_ATTRIBUTES","SNOW","SNOW_ATTRIBUTES","TAVG","TAVG_ATTRIBUTES","TMAX","TMAX_ATTRIBUTES","TMIN","TMIN_ATTRIBUTES"
"USC00351574","1980-08","42.70384","-121.99548","1275.3","CHILOQUIN 12 NW FORT KLAMATH, OR US","","","0.0",",0","0",",0","0",",0","0",",0","0",",0","0",",0","0",",0","2",",0","0",",0","26",",0","0",",0","","","19800830",",,0","19800831","+,,0","19800831","+,,0","","","19800831","+,,0","19800826",",,0","-1.1",",0,30,","0",",,0,31,+","0",",,0,31,+","0.0",",,0,31,+","31.1",",0,26,","","","120.5",",0","0.0",",,,0","0",",,,0","14.45",",0","25.36",",,,0","3.53",",,,0"
"USC00351574","1980-09","42.70384","-121.99548","1275.3","CHILOQUIN 12 NW FORT KLAMATH, OR US","","","0.0",",0","5",",0","1",",0","0",",0","0",",0","0",",0","0",",0","5",",0","0",",0","22",",0","0",",0","","","19800929","+,,0","19800930","+,,0","19800930","+,,0","3","","19800918",",,0","19800906","+,,0","-0.6",",0,29,+","0",",,0,30,+","0",",,0,30,+","9.1",",,0,18,","27.8",",0,06,+","","","177.0",",0","11.0",",,,0","0",",,,0","12.43",",0","22.57",",,,0","2.29",",,,0"
"USC00351574","1980-10","42.70384","-121.99548","1275.3","CHILOQUIN 12 NW FORT KLAMATH, OR US","","","0.0","1,0","5",",0","3",",0","0",",0","0",",0","0",",0","0","1,0","18","1,0","0",",0","9",",0","0",",0","","","19801018","+,1,0","19801031","+,,0","19801031","+,,0","","","19801012",",,0","19801006",",,0","-6.1","1,0,18,+","0",",,0,31,+","0",",,0,31,+","12.4",",,0,12,","28.3",",0,06,","","","305.8",",0","23.9",",,,0","0",",,,0","8.01","1,0","17.09",",,,0","-1.07","1,,,0"
"USC00351574","1980-11","42.70384","-121.99548","1275.3","CHILOQUIN 12 NW FORT KLAMATH, OR US","","","0.0",",0","8",",0","5",",0","1",",0","1",",0","0",",0","0",",0","22",",0","0",",0","0",",0","0",",0","","","19801116","+,,0","19801130",",,0","19801130",",,0","","","19801122",",,0","19801105",",,0","-7.8",",0,16,+","25",",,0,30,","18",",,0,30,","25.4",",,0,22,","18.3",",0,05,","","","460.4",",0","62.7",",,,0","18",",,,0","2.99",",0","8.98",",,,0","-3.01",",,,0"
"USC00351574","1980-12","42.70384","-121.99548","1275.3","CHILOQUIN 12 NW FORT KLAMATH, OR US","","","0.0","1,0","15",",0","9",",0","1",",0","3",",0","4",",0","0","1,0","25","1,0","7",",0","0",",0","0",",0","","","19801214","+,1,0","19801202",",,0","19801202",",,0","","","19801202",",,0","19801226",",,0","-15.0","1,0,14,+","102",",,0,02,","102",",,0,02,","30.5",",,0,02,","10.0",",0,26,","","","593.6",",0","94.1",",,,0","301",",,,0","-1.44","1,0","3.11",",,,0","-5.99","1,,,0"
"USC00351574","1981-01","42.70384","-121.99548","1275.3","CHILOQUIN 12 NW FORT KLAMATH, OR US","0.0","0","0.0",",0","7",",0","4",",0","0",",0","6",",0","4",",0","0",",0","26",",0","2",",0","0",",0","0",",0","","","19810131",",,0","19810129",",,0","19810127",",,0","","","19810127",",,0","19810122",",,0","-12.8",",0,31,","203",",,0,29,","102",",,0,27,","15.2",",,0,27,","13.3",",0,22,","","","534.2",",0","46.7",",,,0","234",",,,0","1.10",",0","5.70",",,,0","-3.50",",,,0"
"USC00351574","1981-02","42.70384","-121.99548","1275.3","CHILOQUIN 12 NW FORT KLAMATH, OR US","0.0","0","0.0",",0","8",",0","6",",0","0",",0","3",",0","3",",0","0",",0","27",",0","1",",0","0",",0","0",",0","","","19810204","+,,0","19810211",",,0","19810211",",,0","","","19810214",",,0","19810224",",,0","-12.8",",0,04,+","76",",,0,11,","76",",,0,11,","17.8",",,0,14,","13.3",",0,24,","","","503.3",",0","42.9",",,,0","178",",,,0","0.36",",0","5.90",",,,0","-5.18",",,,0"
"USC00351574","1981-03","42.70384","-121.99548","1275.3","CHILOQUIN 12 NW FORT KLAMATH, OR US","0.0","0","0.0",",0","11",",0","7",",0","0",",0","0",",0","2",",0","0",",0","30",",0","0",",0","0",",0","0",",0","","","19810317",",,0","19810319","+,,0","19810330","+,,0","","","19810325",",,0","19810329",",,0","-7.8",",0,17,","0",",T,0,19,+","25",",,0,30,+","10.4",",,0,25,","15.6",",0,29,","","","457.5",",0","46.9",",,,0","50",",,,0","3.58",",0","9.93",",,,0","-2.78",",,,0"
"USC00351574","1981-04","42.70384","-121.99548","1275.3","CHILOQUIN 12 NW FORT KLAMATH, OR US","0.0","0","0.0",",0","6",",0","4",",0","0",",0","0",",0","0",",0","0",",0","20",",0","0",",0","6",",0","0",",0","","","19810410",",,0","19810430","+,,0","19810430","+,,0","","","19810420",",,0","19810424",",,0","-7.8",",0,10,","0",",,0,30,+","0",",,0,30,+","5.1",",,0,20,","25.0",",0,24,","","","373.4",",0","16.3",",,,0","0",",,,0","5.89",",0","13.55",",,,0","-1.78",",,,0"
"USC00351574","1981-05","42.70384","-121.99548","1275.3","CHILOQUIN 12 NW FORT KLAMATH, OR US","0.0","0","0.0","2,0","7",",0","6",",0","0",",0","0",",0","0",",0","0","2,0","15","2,0","0",",0","6",",0","0",",0","","","19810507",",2,0","19810531","+,,0","19810506",",,0","","","19810518",",,0","19810529",",,0","-5.6","2,0,07,","0",",,0,31,+","0",",T,0,06,","24.1",",,0,18,","26.7",",0,29,","","","278.6",",0","58.6",",,,0","0",",T,,0","8.70","2,0","16.92",",,,0","0.48","2,,,0"
"USC00351574","1981-06","42.70384","-121.99548","1275.3","CHILOQUIN 12 NW FORT KLAMATH, OR US","0.3","0","0.3",",0","4",",0","1",",0","0",",0","0",",0","0",",0","0",",0","6",",0","0",",0","17",",0","0",",0","","","19810614",",,0","19810630","+,,0","19810630","+,,0","","","19810608",",,0","19810625",",,0","-3.3",",0,14,","0",",,0,30,+","0",",,0,30,+","7.6",",,0,08,","30.0",",0,25,","","","178.2",",0","10.4",",,,0","0",",,,0","12.40",",0","21.35",",,,0","3.45",",,,0"
"USC00351574","1981-07","42.70384","-121.99548","1275.3","CHILOQUIN 12 NW FORT KLAMATH, OR US","6.4","0","6.1",",0","2",",0","0",",0","0",",0","0",",0","0",",0","0",",0","1",",0","0",",0","27",",0","2",",0","","","19810707",",,0","19810731","+,,0","19810731","+,,0","1","","19810705",",,0","19810705","+,,0","0.0",",0,07,","0",",,0,31,+","0",",,0,31,+","1.8",",,0,05,","32.2",",0,05,+","111.7","0","111.7",",0","2.8",",,,0","0",",,,0","14.93",",0","25.73",",,,0","4.12",",,,0"
"USC00351574","1981-08","42.70384","-121.99548","1275.3","CHILOQUIN 12 NW FORT KLAMATH, OR US","28.3","0","21.9","1,0","0",",0","0",",0","0",",0","0",",0","0",",0","0","1,0","0","1,0","0",",0","31",",0","6",",0","","","19810827","+,1,0","19810831","+,,0","19810831","+,,0","1","","19810802",",,0","19810809",",,0","2.2","1,0,27,+","0",",,0,31,+","0",",,0,31,+","0.0",",T,0,02,","35.6",",0,09,","180.1","0","68.4",",0","0.0",",T,,0","0",",,,0","16.80","1,0","28.33",",,,0","5.27","1,,,0"
"USC00351574","1981-09","42.70384","-121.99548","1275.3","CHILOQUIN 12 NW FORT KLAMATH, OR US","29.1","0","0.8",",0","4",",0","2",",0","0",",0","0",",0","0",",0","0",",0","8",",0","0",",0","20",",0","0",",0","","","19810926",",,0","19810930","+,,0","19810930","+,,0","","","19810928",",,0","19810917","+,,0","-5.0",",0,26,","0",",,0,30,+","0",",,0,30,+","9.4",",,0,28,","31.1",",0,17,+","347.3","0","167.2",",0","16.1",",,,0","0",",,,0","12.79",",0","23.29",",,,0","2.28",",,,0"
"USC00351574","1981-10","42.70384","-121.99548","1275.3","CHILOQUIN 12 NW FORT KLAMATH, OR US","29.1","0","0.0",",0","11",",0","5",",0","0",",0","0",",0","0",",0","0",",0","26",",0","0",",0","3",",0","0",",0","","","19811012",",,0","19811029",",,0","19811029",",,0","","","19811010",",,0","19811018",",,0","-6.1",",0,12,","0",",T,0,29,","0",",T,0,29,","17.0",",,0,10,","22.2",",0,18,","727.7","0","380.4",",0","52.4",",,,0","0",",T,,0","6.06",",0","14.00",",,,0","-1.87",",,,0"
"USC00351574","1981-11","42.70384","-121.99548","1275.3","CHILOQUIN 12 NW FORT KLAMATH, OR US","29.1","0","0.0",",0","16",",0","12",",0","1",",0","0",",0","4",",0","0",",0","22",",0","2",",0","0",",0","0",",0","","","19811129",",,0","19811130","+,,0","19811126","+,,0","","","19811115",",,0","19811103",",,0","-9.4",",0,29,","0",",,0,30,+","51",",,0,26,+","27.7",",,0,15,","15.0",",0,03,","1193.2","0","465.5",",0","135.1",",,,0","178",",,,0","2.82",",0","7.78",",,,0","-2.14",",,,0"
"USC00351574","1981-12","42.70384","-121.99548","1275.3","CHILOQUIN 12 NW FORT KLAMATH, OR US","29.1","0","0.0",",0","23",",0","16",",0","2",",0","10",",0","7",",0","0",",0","25",",0","3",",0","0",",0","0",",0","","","19811231",",,0","19811231",",,0","19811229",",,0","","","19811219",",,0","19811210",",,0","-8.9",",0,31,","330",",,0,31,","229",",,0,29,","35.1",",,0,19,","10.6",",0,10,","1724.7","0","531.5",",0","214.5",",,,0","687",",,,0","1.19",",0","4.75",",,,0","-2.37",",,,0"
"USC00351574","1982-01","42.70384","-121.99548","1275.3","CHILOQUIN 12 NW FORT KLAMATH, OR US","0.0","0","0.0","2,0","15",",0","11",",0","0",",0","","","10",",0","3","2,0","28","2,0","18",",0","0",",0","0",",0","3","","19820108",",2,0","","","19820101",",,0","","","19820101",",,0","19820117",",,0","-20.6","2,0,08,","","","241",",,0,01,","19.3",",,0,01,","8.3",",0,17,","2406.7","0","682.0",",0","88.4",",,,0","1084",",,,0","-5.20","2,0","0.03",",,,0","-10.43","2,,,0"
"USC00351574","1982-02","42.70384","-121.99548","1275.3","CHILOQUIN 12 NW FORT KLAMATH, OR US","0.0","0","0.0","1,0","10",",0","8",",0","1",",0","","","0","1,0","1","1,0","22","1,0","5",",0","0",",0","0",",0","1","","19820206",",1,0","","","19820227",",1,0","","","19820214",",,0","19820221",",,0","-17.8","1,0,06,","","","20","1,,0,27,","43.9",",,0,14,","14.4",",0,21,","2955.2","0","548.5",",0","121.7",",,,0","46","1,,,0","-1.96","1,0","3.73",",,,0","-7.64","1,,,0"
"USC00351574","1982-03","42.70384","-121.99548","1275.3","CHILOQUIN 12 NW FORT KLAMATH, OR US","0.0","0","0.0","1,0","16",",0","8",",0","0",",0","6",",0","5",",0","0","1,0","28","1,0","0",",0","0",",0","0",",0","","","19820306",",1,0","19820331",",,0","19820331",",,0","","","19820331",",,0","19820325",",,0","-6.7","1,0,06,","178",",,0,31,","231",",,0,31,","16.5",",,0,31,","15.6",",0,25,","3447.7","0","492.5",",0","67.9",",,,0","420",",,,0","2.04","1,0","7.37",",,,0","-3.28","1,,,0"
"USC00351574","1982-04","42.70384","-121.99548","1275.3","CHILOQUIN 12 NW FORT KLAMATH, OR US","0.0","0","0.0","1,0","10",",0","8",",0","0",",0","9",",0","6",",0","0","1,0","27","1,0","0",",0","0",",0","0",",0","","","19820401",",1,0","19820403","+,,0","19820401",",,0","","","19820411",",,0","19820423",",,0","-11.1","1,0,01,","178",",,0,03,+","127",",,0,01,","23.4",",,0,11,","20.6",",0,23,","3880.6","0","432.9",",0","50.6",",,,0","377",",,,0","3.52","1,0","10.43",",,,0","-3.38","1,,,0"
"USC00351574","1982-05","42.70384","-121.99548","1275.3","CHILOQUIN 12 NW FORT KLAMATH, OR US","0.0","0","0.0","1,0","3",",0","1",",0","0",",0","0",",0","0",",0","0","1,0","23","1,0","0",",0","8",",0","0",",0","","","19820510","+,1,0","19820531","+,,0","19820531","+,,0","","","19820517",",,0","19820525",",,0","-5.0","1,0,10,+","0",",,0,31,+","0",",,0,31,+","3.0",",,0,17,","27.8",",0,25,","4176.8","0","296.2",",0","4.1",",,,0","0",",,,0","8.56","1,0","18.03",",,,0","-0.91","1,,,0"
"USC00351574","1982-06","42.70384","-121.99548","1275.3","CHILOQUIN 12 NW FORT KLAMATH, OR US","3.6","0","3.6","1,0","11",",0","4",",0","0",",0","0",",0","0",",0","0","1,0","6","1,0","0",",0","15",",0","0",",0","","","19820606",",1,0","19820630","+,,0","19820630","+,,0","1","","19820629",",,0","19820618",",,0","-3.3","1,0,06,","0",",,0,30,+","0",",,0,30,+","14.0",",,0,29,","30.0",",0,18,","4329.5","0","152.7",",0","34.4",",,,0","0",",,,0","13.08","1,0","21.53",",,,0","4.62","1,,,0"
"USC00351574","1982-07","42.70384","-121.99548","1275.3","CHILOQUIN 12 NW FORT KLAMATH, OR US","10.0","0","6.4","1,0","4",",0","3",",0","0",",0","0",",0","0",",0","0","1,0","0","1,0","0",",0","25",",0","0",",0","","","19820716","+,1,0","19820731","+,,0","19820731","+,,0","","","19820702",",,0","19820730",",,0","1.7","1,0,16,+","0",",,0,31,+","0",",,0,31,+","8.1",",,0,02,","31.7",",0,30,","99.3","0","99.3",",0","20.3",",,,0","0",",,,0","15.21","1,0","24.65",",,,0","5.76","1,,,0"
"USC00351574","1982-08","42.70384","-121.99548","1275.3","CHILOQUIN 12 NW FORT KLAMATH, OR US","12.0","0","2.0","2,0","3",",0","1",",0","0",",0","0",",0","0",",0","0","2,0","0","2,0","0",",0","27",",0","0",",0","","","19820803","+,2,0","19820831","+,,0","19820831","+,,0","1","","19820829",",,0","19820825",",,0","1.1","2,0,03,+","0",",,0,31,+","0",",,0,31,+","8.4",",,0,29,","31.1",",0,25,","189.2","0","89.9",",0","10.4",",,,0","0",",,,0","15.37","2,0","25.73",",,,0","5.01","2,,,0"
"USC00351574","1982-09","42.70384","-121.99548","1275.3","CHILOQUIN 12 NW FORT KLAMATH, OR US","12.0","0","0.0","2,0","9",",0","3",",0","0",",0","0",",0","0",",0","0","2,0","7","2,0","0",",0","11",",0","0",",0","","","19820929","+,2,0","19820930","+,,0","19820930","+,,0","","","19820924",",,0","19820909",",,0","-2.2","2,0,29,+","0",",,0,30,+","0",",,0,30,+","6.1",",,0,24,","27.2",",0,09,","410.0","0","220.8",",0","21.2",",,,0","0",",,,0","10.49","2,0","19.15",",,,0","1.83","2,,,0"
"USC00351574","1982-10","42.70384","-121.99548","1275.3","CHILOQUIN 12 NW FORT KLAMATH, OR US","12.0","0","0.0","2,0","10",",0","5",",0","0",",0","0",",0","0",",0","0","2,0","18","2,0","0",",0","2",",0","0",",0","","","19821018",",2,0","19821031","+,,0","19821031","+,,0","","","19821030",",,0","19821013",",,0","-6.1","2,0,18,","0",",,0,31,+","0",",,0,31,+","21.8",",,0,30,","23.3",",0,13,","743.0","0","333.0",",0","64.2",",,,0","0",",,,0","6.93","2,0","14.27",",,,0","-0.42","2,,,0"
"USC00351574","1982-11","42.70384","-121.99548","1275.3","CHILOQUIN 12 NW FORT KLAMATH, OR US","12.0","0","0.0","4,0","12",",0","8",",0","0",",0","11","2,0","2","1,0","0","4,0","25","4,0","2",",0","0",",0","0",",0","","","19821125","+,4,0","19821122",",2,0","19821121",",1,0","","","19821129",",,0","19821105",",,0","-11.7","4,0,25,+","127","2,,0,22,","64","1,,0,21,","14.0",",,0,29,","13.3",",0,05,","1210.5","0","467.5",",0","64.7",",,,0","169","1,,,0","0.32","4,0","5.73",",,,0","-5.08","4,,,0"
"USC00351574","1982-12","42.70384","-121.99548","1275.3","CHILOQUIN 12 NW FORT KLAMATH, OR US","12.0","0","0.0","1,0","18",",0","14",",0","2",",0","18","4,0","6","2,0","1","1,0","28","1,0","7",",0","0",",0","0",",0","","","19821231",",1,0","19821229",",4,0","19821215",",2,0","","","19821217",",,0","19821205",",,0","-17.8","1,0,31,","305","4,,0,29,","152","2,,0,15,","30.2",",,0,17,","11.1",",0,05,","1821.4","0","610.9",",0","157.4",",,,0","388","2,,,0","-2.13","1,0","1.85",",,,0","-6.11","1,,,0"
"USC00351574","1983-01","42.70384","-121.99548","1275.3","CHILOQUIN 12 NW FORT KLAMATH, OR US","0.0","0","0.0","3,0","17",",0","7",",0","0",",0","31",",0","3",",0","0","3,0","25","3,0","1",",0","0",",0","0",",0","","","19830101",",3,0","19830103","+,,0","19830122",",,0","","","19830127",",,0","19830102",",,0","-17.2","3,0,01,","279",",,0,03,+","51",",,0,22,","11.7",",,0,27,","12.8",",0,02,","2325.7","0","504.3",",0","51.4",",,,0","117",",,,0","0.36","3,0","4.60",",,,0","-3.87","3,,,0"
"USC00351574","1983-02","42.70384","-121.99548","1275.3","CHILOQUIN 12 NW FORT KLAMATH, OR US","0.0","0","0.0","3,0","21",",0","16",",0","1",",0","","","5","2,0","0","2,0","22","2,0","0","1,0","0","1,0","0","1,0","","","19830204",",2,0","","","19830215",",2,0","","","19830218",",,0","19830224",",1,0","-9.4","2,0,04,","","","102","2,,0,15,","25.4",",,0,18,","10.0","1,0,24,","2761.0","0","435.3","1,0","141.9",",,,0","342","2,,,0","1.05","3,0","4.73","1,,,0","-2.63","2,,,0"
"USC00351574","1983-03","42.70384","-121.99548","1275.3","CHILOQUIN 12 NW FORT KLAMATH, OR US","0.0","0","0.0",",0","25","2,0","14","2,0","1","2,0","2",",0","3",",0","0",",0","18",",0","0",",0","0",",0","0",",0","","","19830316","+,,0","19830327",",,0","19830327",",,0","","","19830330",",2,0","19830311",",,0","-5.0",",0,16,+","51",",,0,27,","43",",,0,27,","42.9","2,,0,30,","13.3",",0,11,","3222.0","0","461.0",",0","137.7",",a,,0","137",",,,0","3.46",",0","7.53",",,,0","-0.61",",,,0"
"USC00351574","1983-04","42.70384","-121.99548","1275.3","CHILOQUIN 12 NW FORT KLAMATH, OR US","0.0","0","0.0",",0","10",",0","5",",0","0",",0","4",",0","2",",0","0",",0","20",",0","0",",0","0",",0","0",",0","","","19830412",",,0","19830426","+,,0","19830402",",,0","","","19830429",",,0","19830417",",,0","-6.7",",0,12,","25",",,0,26,+","127",",,0,02,","5.8",",,0,29,","17.2",",0,17,","3640.1","0","418.1",",0","24.5",",,,0","178",",,,0","4.40",",0","10.45",",,,0","-1.66",",,,0"
"USC00351574","1983-05","42.70384","-121.99548","1275.3","CHILOQUIN 12 NW FORT KLAMATH, OR US","2.5","0","2.5",",0","8",",0","2",",0","0",",0","1",",0","1",",0","0",",0","14",",0","0",",0","12",",0","0",",0","","","19830510",",,0","19830509",",,0","19830509",",,0","","","19830509",",,0","19830529",",,0","-6.1",",0,10,","25",",,0,09,","25",",,0,09,","6.4",",,0,09,","31.1",",0,29,","3912.9","0","272.8",",0","16.9",",,,0","25",",,,0","9.61",",0","18.48",",,,0","0.75",",,,0"
"USC00351574","1983-06","42.70384","-121.99548","1275.3","CHILOQUIN 12 NW FORT KLAMATH, OR US","2.5","0","0.0","1,0","3",",0","1",",0","0",",0","0",",0","0",",0","0",",0","6",",0","0","1,0","16","1,0","0","1,0","","","19830624","+,,0","19830630","+,,0","19830630","+,,0","","","19830611",",,0","19830608",",1,0","-1.7",",0,24,+","0",",,0,30,+","0",",,0,30,+","3.0",",,0,11,","26.7","1,0,08,","4116.4","0","203.5","1,0","4.6",",,,0","0",",,,0","11.34","1,0","20.21","1,,,0","2.47",",,,0"
"USC00351574","1983-07","42.70384","-121.99548","1275.3","CHILOQUIN 12 NW FORT KLAMATH, OR US","5.0","0","2.5","2,0","6",",0","3",",0","0",",0","0",",0","0",",0","0","2,0","1","2,0","0",",0","18",",0","1",",0","","","19830715",",2,0","19830731","+,,0","19830731","+,,0","4","","19830717",",,0","19830731",",,0","0.0","2,0,15,","0",",,0,31,+","0",",,0,31,+","5.1",",,0,17,","32.8",",0,31,","152.9","0","152.9",",0","15.4",",,,0","0",",,,0","13.21","2,0","22.79",",,,0","3.63","2,,,0"
"USC00351574","1983-08","42.70384","-121.99548","1275.3","CHILOQUIN 12 NW FORT KLAMATH, OR US","8.0","0","3.0","1,0","8",",0","5",",0","0",",0","0",",0","0",",0","0","1,0","0","1,0","0",",0","26",",0","1",",0","","","19830816","+,1,0","19830831","+,,0","19830831","+,,0","","","19830823",",,0","19830807",",,0","2.2","1,0,16,+","0",",,0,31,+","0",",,0,31,+","16.0",",,0,23,","32.2",",0,07,","237.8","0","84.9",",0","49.4",",,,0","0",",,,0","15.67","1,0","25.19",",,,0","6.14","1,,,0"
"USC00351574","1983-09","42.70384","-121.99548","1275.3","CHILOQUIN 12 NW FORT KLAMATH, OR US","8.0","0","0.0",",0","4",",0","2",",0","0",",0","0",",0","0",",0","0",",0","9",",0","0",",0","18",",0","0",",0","","","19830920","+,,0","19830930","+,,0","19830930","+,,0","","","19830923","+,,0","19830913",",,0","-2.8",",0,20,+","0",",,0,30,+","0",",,0,30,+","2.8",",,0,23,+","27.8",",0,13,","446.9","0","209.1",",0","6.9",",,,0","0",",,,0","11.36",",0","21.59",",,,0","1.13",",,,0"
"USC00351574","1983-10","42.70384","-121.99548","1275.3","CHILOQUIN 12 NW FORT KLAMATH, OR US","8.0","0","0.0","2,0","5",",0","4",",0","0",",0","0",",0","0",",0","0","1,0","25","1,0","0","1,0","4","1,0","0","1,0","","","19831024","+,1,0","19831031","+,,0","19831031","+,,0","","","19831023",",,0","19831006","+,1,0","-3.9","1,0,24,+","0",",,0,31,+","0",",,0,31,+","4.8",",,0,23,","22.2","1,0,06,+","753.5","0","306.6","1,0","17.0",",,,0","0",",,,0","7.88","2,0","16.76","1,,,0","-1.00","1,,,0"
"USC00351574","1983-11","42.70384","-121.99548","1275.3","CHILOQUIN 12 NW FORT KLAMATH, OR US","8.0","0","0.0","2,0","20",",0","15",",0","0",",0","12",",0","5",",0","0","2,0","21","2,0","3",",0","0",",0","0",",0","","","19831126",",2,0","19831130","+,,0","19831123",",,0","","","19831119",",,0","19831111",",,0","-11.7","2,0,26,","178",",,0,30,+","114",",,0,23,","15.2",",,0,19,","16.1",",0,11,","1204.3","0","450.8",",0","126.9",",,,0","285",",,,0","2.11","2,0","5.86",",,,0","-1.63","2,,,0"
"USC00351574","1983-12","42.70384","-121.99548","1275.3","CHILOQUIN 12 NW FORT KLAMATH, OR US","","","","","23",",0","17",",0","1",",0","31",",0","13",",0","","","","","6",",0","0",",0","0",",0","","","","","19831227","+,,0","19831224","+,,0","","","19831213",",,0","19831216","+,,0","","","584",",,0,27,+","178",",,0,24,+","33.5",",,0,13,","8.9",",0,16,+","","","","","182.3",",,,0","1349",",,,0","","","1.49",",,,0","",""
"USC00351574","1984-01","42.70384","-121.99548","1275.3","CHILOQUIN 12 NW FORT KLAMATH, OR US","0.0","0","0.0","2,0","3",",0","0",",0","0",",0","31",",","","","0","2,0","29","2,0","8",",0","0",",0","0",",0","","","19840118","+,2,0","19840101",",,0","","","","","19840124",",,0","19840126","+,,0","-15.0","2,0,18,+","457",",,0,01,","","","2.3",",,0,24,","8.3",",0,26,+","","","619.9",",0","4.6",",,,0","","","-3.12","2,0","2.26",",,,0","-8.50","2,,,0"
"USC00351574","1984-02","42.70384","-121.99548","1275.3","CHILOQUIN 12 NW FORT KLAMATH, OR US","0.0","0","0.0","1,0","12",",0","10",",0","0",",0","29",",0","5",",0","0","1,0","26","1,0","0",",0","0",",0","0",",0","","","19840218",",1,0","19840226","+,,0","19840215",",,0","","","19840215",",,0","19840205",",,0","-15.0","1,0,18,","406",",,0,26,+","152",",,0,15,","12.7",",,0,15,","11.1",",0,05,","","","542.2",",0","67.3",",,,0","437",",,,0","-1.04","1,0","4.56",",,,0","-6.65","1,,,0"
"USC00351574","1984-03","42.70384","-121.99548","1275.3","CHILOQUIN 12 NW FORT KLAMATH, OR US","0.0","0","0.0",",0","12",",0","6",",0","0",",0","17",",0","1",",0","0",",0","25",",0","0",",0","0",",0","0",",0","","","19840303",",,0","19840302","+,,0","19840331",",,0","","","19840326",",,0","19840324",",,0","-6.1",",0,03,","330",",,0,02,+","25",",,0,31,","12.4",",,0,26,","13.9",",0,24,","","","456.3",",0","46.7",",,,0","25",",,,0","3.61",",0","9.47",",,,0","-2.24",",,,0"
"USC00351574","1984-04","42.70384","-121.99548","1275.3","CHILOQUIN 12 NW FORT KLAMATH, OR US","0.0","0","0.0","2,0","11",",0","5",",0","0",",0","","","0","1,0","0","2,0","22","2,0","0",",0","3",",0","0",",0","","","19840427",",2,0","","","19840411",",1,0","","","19840410",",,0","19840415",",,0","-6.1","2,0,27,","","","13","1,,0,11,","12.2",",,0,10,","23.3",",0,15,","","","378.5",",0","43.1",",,,0","16","1,,,0","4.76","2,0","11.30",",,,0","-1.78","2,,,0"
"USC00351574","1984-05","42.70384","-121.99548","1275.3","CHILOQUIN 12 NW FORT KLAMATH, OR US","0.3","0","0.3",",0","7",",0","5",",0","0",",0","0",",0","0",",0","0",",0","10",",0","0",",0","9",",0","0",",0","","","19840516",",,0","19840505",",,0","19840505",",,0","","","19840511","+,,0","19840530","+,,0","-5.0",",0,16,","0",",T,0,05,","13",",,0,05,","9.4",",,0,11,+","30.6",",0,30,+","","","277.9",",0","32.6",",,,0","13",",,,0","9.38",",0","17.77",",,,0","0.99",",,,0"
"USC00351574","1984-06","42.70384","-121.99548","1275.3","CHILOQUIN 12 NW FORT KLAMATH, OR US","0.9","0","0.6",",0","6",",0","4",",0","0",",0","0",",0","0",",0","0",",0","8",",0","0",",0","15",",0","0",",0","","","19840601",",,0","19840630","+,,0","19840630","+,,0","","","19840607",",,0","19840626",",,0","-2.8",",0,01,","0",",,0,30,+","0",",,0,30,+","5.3",",,0,07,","30.0",",0,26,","","","209.8",",0","18.8",",,,0","0",",,,0","11.36",",0","20.37",",,,0","2.34",",,,0"
"USC00351574","1984-07","42.70384","-121.99548","1275.3","CHILOQUIN 12 NW FORT KLAMATH, OR US","13.5","0","12.6",",0","1",",0","0",",0","0",",0","0",",0","0",",0","0",",0","0",",0","0",",0","31",",0","2",",0","","","19840701",",,0","19840731","+,,0","19840731","+,,0","","","19840722",",,0","19840717",",,0","2.2",",0,01,","0",",,0,31,+","0",",,0,31,+","1.3",",,0,22,","33.9",",0,17,","49.6","0","49.6",",0","1.3",",,,0","0",",,,0","17.14",",0","28.29",",,,0","5.99",",,,0"
"USC00351574","1984-08","42.70384","-121.99548","1275.3","CHILOQUIN 12 NW FORT KLAMATH, OR US","15.7","0","2.2",",0","2",",0","2",",0","0",",0","0",",0","0",",0","0",",0","0",",0","0",",0","30",",0","1",",0","","","19840813",",,0","19840831","+,,0","19840831","+,,0","","","19840831",",,0","19840809",",,0","3.3",",0,13,","0",",,0,31,+","0",",,0,31,+","18.0",",,0,31,","32.2",",0,09,","119.6","0","70.0",",0","34.0",",,,0","0",",,,0","16.15",",0","26.97",",,,0","5.32",",,,0"
"USC00351574","1984-09","42.70384","-121.99548","1275.3","CHILOQUIN 12 NW FORT KLAMATH, OR US","16.3","0","0.6","1,0","3",",0","1",",0","0",",0","0",",0","0",",0","0","1,0","11","1,0","0",",0","17",",0","0",",0","","","19840924",",1,0","19840930","+,,0","19840930","+,,0","","","19840920",",,0","19840920","+,,0","-4.4","1,0,24,","0",",,0,30,+","0",",,0,30,+","11.9",",,0,20,","27.8",",0,20,+","323.3","0","203.7",",0","13.2",",,,0","0",",,,0","11.44","1,0","21.67",",,,0","1.20","1,,,0"
"USC00351574","1984-10","42.70384","-121.99548","1275.3","CHILOQUIN 12 NW FORT KLAMATH, OR US","16.3","0","0.0",",0","14",",0","9",",0","0",",0","2",",0","2",",0","0",",0","26",",0","0",",0","5",",0","0",",0","","","19841030",",,0","19841019",",,0","19841019",",,0","","","19841011",",,0","19841008","+,,0","-6.7",",0,30,","76",",,0,19,","64",",,0,19,","20.3",",,0,11,","23.3",",0,08,+","736.3","0","413.0",",0","69.5",",,,0","102",",,,0","5.01",",0","12.05",",,,0","-2.04",",,,0"
"USC00351574","1984-11","42.70384","-121.99548","1275.3","CHILOQUIN 12 NW FORT KLAMATH, OR US","16.3","0","0.0",",0","20",",0","17",",0","0",",0","9",",0","6",",0","0",",0","26",",0","1",",0","0",",0","0",",0","","","19841126",",,0","19841130","+,,0","19841128",",,0","","","19841103",",,0","19841102",",,0","-8.3",",0,26,","229",",,0,30,+","114",",,0,28,","21.3",",,0,03,","9.4",",0,02,","1252.1","0","515.8",",0","167.0",",,,0","340",",,,0","1.14",",0","4.94",",,,0","-2.66",",,,0"
"USC00351574","1984-12","42.70384","-121.99548","1275.3","CHILOQUIN 12 NW FORT KLAMATH, OR US","16.3","0","0.0","3,0","10",",0","4",",0","0",",0","31",",0","7",",0","2","3,0","28","3,0","13",",0","0",",0","0",",0","2","","19841220",",3,0","19841230",",,0","19841230",",,0","","","19841230",",,0","19841222",",,0","-21.1","3,0,20,","508",",,0,30,","216",",,0,30,","8.9",",,0,30,","4.4",",0,22,","1922.5","0","670.4",",0","38.1",",,,0","563",",,,0","-5.67","3,0","-0.03",",,,0","-11.30","3,,,0"
"USC00351574","1985-01","42.70384","-121.99548","1275.3","CHILOQUIN 12 NW FORT KLAMATH, OR US","0.0","0","0.0","1,0","2",",0","0",",0","0",",0","31",",0","1",",0","7","1,0","30","1,0","16",",0","0",",0","0",",0","","","19850102","+,1,0","19850103","+,,0","19850128",",,0","","","19850128",",,0","19850122","+,,0","-20.6","1,0,02,+","457",",,0,03,+","33",",,0,28,","1.8",",,0,28,","5.0",",0,22,+","2664.5","0","742.0",",0","2.1",",,,0","41",",,,0","-6.44","1,0","-0.22",",,,0","-12.67","1,,,0"
"USC00351574","1985-02","42.70384","-121.99548","1275.3","CHILOQUIN 12 NW FORT KLAMATH, OR US","0.0","0","0.0",",0","9",",0","4",",0","0",",0","28",",0","4",",0","2",",0","28",",0","2",",0","0",",0","0",",0","","","19850205",",,0","19850212","+,,0","19850208",",,0","","","19850208",",,0","19850223",",,0","-21.7",",0,05,","584",",,0,12,+","236",",,0,08,","24.9",",,0,08,","11.1",",0,23,","3247.5","0","583.0",",0","49.2",",,,0","439",",,,0","-2.49",",0","4.13",",,,0","-9.11",",,,0"
"USC00351574","1985-03","42.70384","-121.99548","1275.3","CHILOQUIN 12 NW FORT KLAMATH, OR US","0.0","0","0.0",",0","13",",0","3",",0","0",",0","31",",0","6",",0","0",",0","31",",0","1",",0","0",",0","0",",0","","","19850329","+,,0","19850328",",,0","19850327",",,0","","","19850327",",,0","19850319",",,0","-12.2",",0,29,+","508",",,0,28,","203",",,0,27,","14.7",",,0,27,","14.4",",0,19,","3819.7","0","572.2",",0","41.3",",,,0","596",",,,0","-0.13",",0","6.64",",,,0","-6.89",",,,0"
"USC00351574","1985-05","42.70384","-121.99548","1275.3","CHILOQUIN 12 NW FORT KLAMATH, OR US","","","0.0",",0","5",",0","2",",0","0",",0","0",",0","0",",0","0",",0","16",",0","0",",0","12",",0","0",",0","","","19850515",",,0","19850531","+,,0","19850531","+,,0","","","19850531",",,0","19850523",",,0","-6.7",",0,15,","0",",,0,31,+","0",",,0,31,+","7.6",",,0,31,","25.0",",0,23,","","","290.1",",0","15.8",",,,0","0",",,,0","8.98",",0","18.06",",,,0","-0.11",",,,0"
"USC00351574","1985-06","42.70384","-121.99548","1275.3","CHILOQUIN 12 NW FORT KLAMATH, OR US","","","5.5","2,0","7",",0","4",",0","0",",0","0",",0","0",",0","0","2,0","3","2,0","0",",0","22",",0","2",",0","","","19850625",",2,0","19850630","+,,0","19850630","+,,0","","","19850604",",,0","19850619",",,0","-3.3","2,0,25,","0",",,0,30,+","0",",,0,30,+","4.3",",,0,04,","33.9",",0,19,","","","128.9",",0","15.8",",,,0","0",",,,0","13.74","2,0","23.72",",,,0","3.77","2,,,0"
"USC00351574","1985-07","42.70384","-121.99548","1275.3","CHILOQUIN 12 NW FORT KLAMATH, OR US","","","31.1",",0","3",",0","2",",0","0",",0","0",",0","0",",0","0",",0","0",",0","0",",0","30",",0","5",",0","","","19850701",",,0","19850731","+,,0","19850731","+,,0","3","","19850731",",,0","19850727",",,0","2.2",",0,01,","0",",,0,31,+","0",",,0,31,+","24.4",",,0,31,","33.3",",0,27,","20.7","0","20.7",",0","31.7",",,,0","0",",,,0","18.67",",0","29.83",",,,0","7.51",",,,0"
"USC00351574","1985-08","42.70384","-121.99548","1275.3","CHILOQUIN 12 NW FORT KLAMATH, OR US","","","0.6",",0","2","1,0","1","1,0","0","1,0","","","0","1,0","0",",0","0",",0","0",",0","24",",0","0",",0","","","19850831",",,0","","","19850831","+,1,0","2","","19850818",",1,0","19850825",",,0","1.7",",0,31,","","","0","1,,0,31,+","14.0","1,,0,18,","30.6",",0,25,","125.3","0","104.6",",0","15.3","1,,,0","0","1,,,0","14.98",",0","25.29",",,,0","4.67",",,,0"
"USC00351574","1985-09","42.70384","-121.99548","1275.3","CHILOQUIN 12 NW FORT KLAMATH, OR US","","","0.0",",0","9",",0","6",",0","0",",0","0",",0","0",",0","0",",0","13",",0","0",",0","11",",0","0",",0","","","19850930",",,0","19850909",",,0","19850909",",,0","","","19850914","+,,0","19850927","+,,0","-3.9",",0,30,","0",",T,0,09,","0",",T,0,09,","11.4",",,0,14,+","25.6",",0,27,+","390.7","0","265.4",",0","42.0",",,,0","0",",T,,0","9.49",",0","17.86",",,,0","1.11",",,,0"
"USC00351574","1985-10","42.70384","-121.99548","1275.3","CHILOQUIN 12 NW FORT KLAMATH, OR US","","","0.0","1,0","5",",0","3",",0","1",",0","0",",0","0",",0","0","1,0","24","1,0","0",",0","6",",0","0",",0","","","19851010","+,1,0","19851031","+,,0","19851031","+,,0","","","19851023",",,0","19851004",",,0","-8.3","1,0,10,+","0",",,0,31,+","0",",,0,31,+","28.4",",,0,23,","24.4",",0,04,","750.2","0","359.5",",0","45.5",",,,0","0",",,,0","6.34","1,0","14.80",",,,0","-2.12","1,,,0"
"USC00351574","1985-11","42.70384","-121.99548","1275.3","CHILOQUIN 12 NW FORT KLAMATH, OR US","","","0.0",",0","12",",0","5",",0","0",",0","22",",0","7",",0","2",",0","30",",0","14",",0","0",",0","0",",0","2","","19851126",",,0","19851128",",,0","19851128",",,0","","","19851110",",,0","19851104",",,0","-21.7",",0,26,","381",",,0,28,","203",",,0,28,","13.0",",,0,10,","15.6",",0,04,","1393.5","0","643.3",",0","42.3",",,,0","586",",,,0","-3.11",",0","2.91",",,,0","-9.13",",,,0"
"USC00351574","1985-12","42.70384","-121.99548","1275.3","CHILOQUIN 12 NW FORT KLAMATH, OR US","","","0.0","1,0","6","1,0","3","1,0","0","1,0","31",",0","2",",0","0","1,0","30","1,0","12",",0","0",",0","0",",0","2","","19851212",",1,0","19851202",",,0","19851202",",,0","","","19851202",",1,0","19851206",",,0","-16.1","1,0,12,","406",",,0,02,","152",",,0,02,","21.8","1,,0,02,","6.7",",0,06,","2082.7","0","689.2",",0","36.2","1,,,0","239",",,,0","-4.63","1,0","0.46",",,,0","-9.72","1,,,0"
"USC00351574","1986-01","42.70384","-121.99548","1275.3","CHILOQUIN 12 NW FORT KLAMATH, OR US","0.0","0","0.0",",0","14",",0","10",",0","0",",0","31",",0","2",",0","0",",0","25",",0","1",",0","0",",0","0",",0","","","19860102",",,0","19860104","+,,0","19860123","+,,0","","","19860116",",,0","19860114",",,0","-7.8",",0,02,","127",",,0,04,+","25",",,0,23,+","22.6",",,0,16,","11.1",",0,14,","2625.9","0","543.2",",0","74.3",",,,0","50",",,,0","0.81",",0","5.12",",,,0","-3.50",",,,0"
"USC00351574","1986-02","42.70384","-121.99548","1275.3","CHILOQUIN 12 NW FORT KLAMATH, OR US","0.0","0","0.0",",0","17",",0","15",",0","1",",0","21",",0","4",",0","0",",0","21",",0","0",",0","0",",0","0",",0","","","19860208",",,0","19860219","+,,0","19860213",",,0","","","19860218",",,0","19860228",",,0","-9.4",",0,08,","76",",,0,19,+","64",",,0,13,","34.3",",,0,18,","17.2",",0,28,","3068.6","0","442.7",",0","167.2",",,,0","195",",,,0","2.52",",0","6.78",",,,0","-1.74",",,,0"
"USC00351574","1986-03","42.70384","-121.99548","1275.3","CHILOQUIN 12 NW FORT KLAMATH, OR US","0.0","0","0.0","1,0","8",",0","6",",0","0",",0","2",",0","1","1,0","0","1,0","28","1,0","0",",0","1",",0","0",",0","","","19860315",",1,0","19860312","+,,0","19860312",",1,0","","","19860308",",,0","19860330",",,0","-7.8","1,0,15,","25",",,0,12,+","38","1,,0,12,","17.0",",,0,08,","22.2",",0,30,","3450.7","0","382.1",",0","43.3",",,,0","38","1,,,0","5.59","1,0","12.79",",,,0","-1.62","1,,,0"
"USC00351574","1986-04","42.70384","-121.99548","1275.3","CHILOQUIN 12 NW FORT KLAMATH, OR US","0.0","0","0.0",",0","3",",0","1",",0","0",",0","0",",0","0",",0","0",",0","27",",0","0",",0","3",",0","0",",0","","","19860418",",,0","19860430","+,,0","19860412",",,0","","","19860417",",,0","19860422",",,0","-6.1",",0,18,","0",",,0,30,+","5",",,0,12,","2.8",",,0,17,","26.7",",0,22,","3833.7","0","383.0",",0","3.9",",,,0","5",",,,0","5.57",",0","13.34",",,,0","-2.21",",,,0"
"USC00351574","1986-05","42.70384","-121.99548","1275.3","CHILOQUIN 12 NW FORT KLAMATH, OR US","7.5","0","7.5","1,0","6",",0","4",",0","0",",0","0",",0","0",",0","0","1,0","19","1,0","0",",0","11",",0","2",",0","","","19860523","+,1,0","19860531","+,,0","19860531","+,,0","1","","19860503",",,0","19860531","+,,0","-5.0","1,0,23,+","0",",,0,31,+","0",",,0,31,+","8.6",",,0,03,","33.9",",0,31,+","4128.9","0","295.2",",0","21.8",",,,0","0",",,,0","8.94","1,0","18.14",",,,0","-0.26","1,,,0"
"USC00351574","1986-06","42.70384","-121.99548","1275.3","CHILOQUIN 12 NW FORT KLAMATH, OR US","21.4","0","13.9","1,0","4",",0","0",",0","0",",0","0",",0","0",",0","0","1,0","3","1,0","0",",0","24",",0","2",",0","","","19860619",",1,0","19860630","+,,0","19860630","+,,0","","","19860603",",,0","19860601",",,0","-1.1","1,0,19,","0",",,0,30,+","0",",,0,30,+","2.0",",,0,03,","33.9",",0,01,","4231.4","0","102.5",",0","3.4",",,,0","0",",,,0","15.23","1,0","25.35",",,,0","5.11","1,,,0"
"USC00351574","1986-07","42.70384","-121.99548","1275.3","CHILOQUIN 12 NW FORT KLAMATH, OR US","23.6","0","2.2","1,0","1",",0","0",",0","0",",0","0",",0","0",",0","0","1,0","3","1,0","0",",0","29",",0","0",",0","","","19860705",",1,0","19860731","+,,0","19860731","+,,0","","","19860704",",,0","19860722","+,,0","-1.1","1,0,05,","0",",,0,31,+","0",",,0,31,+","0.8",",,0,04,","31.1",",0,22,+","119.7","0","119.7",",0","0.8",",,,0","0",",,,0","14.48","1,0","24.82",",,,0","4.14","1,,,0"
"USC00351574","1986-08","42.70384","-121.99548","1275.3","CHILOQUIN 12 NW FORT KLAMATH, OR US","41.3","0","17.7",",0","2",",0","1",",0","0",",0","0",",0","0",",0","0",",0","1",",0","0",",0","31",",0","2",",0","","","19860807",",,0","19860831","+,,0","19860831","+,,0","3","","19860807",",,0","19860810","+,,0","-1.1",",0,07,","0",",,0,31,+","0",",,0,31,+","3.8",",,0,07,","32.2",",0,10,+","145.6","0","25.9",",0","4.8",",,,0","0",",,,0","18.07",",0","29.25",",,,0","6.88",",,,0"
"USC00351574","1986-09","42.70384","-121.99548","1275.3","CHILOQUIN 12 NW FORT KLAMATH, OR US","41.8","0","0.5",",0","10",",0","7",",0","0",",0","0",",0","0",",0","0",",0","13",",0","0",",0","10",",0","0",",0","","","19860929","+,,0","19860926",",,0","19860926",",,0","","","19860917",",,0","19860905",",,0","-2.2",",0,29,+","0",",T,0,26,","0",",T,0,26,","13.0",",,0,17,","31.1",",0,05,","404.0","0","258.4",",0","56.2",",,,0","0",",T,,0","9.74",",0","17.90",",,,0","1.58",",,,0"
"USC00351574","1986-10","42.70384","-121.99548","1275.3","CHILOQUIN 12 NW FORT KLAMATH, OR US","41.8","0","0.0","1,0","4",",0","2",",0","0",",0","0",",0","0",",0","0","1,0","25","1,0","0",",0","7",",0","0",",0","","","19861013",",1,0","19861031","+,,0","19861031","+,,0","","","19861030",",,0","19861008",",,0","-5.0","1,0,13,","0",",,0,31,+","0",",,0,31,+","10.7",",,0,30,","25.0",",0,08,","714.9","0","310.9",",0","19.4",",,,0","0",",,,0","8.02","1,0","17.33",",,,0","-1.28","1,,,0"
"USC00351574","1986-11","42.70384","-121.99548","1275.3","CHILOQUIN 12 NW FORT KLAMATH, OR US","41.8","0","0.0","1,0","9",",0","2",",0","0",",0","0",",0","0",",0","0","1,0","28","1,0","0",",0","0",",0","0",",0","","","19861130",",1,0","19861108","+,,0","19861122","+,,0","","","19861122",",,0","19861104",",,0","-7.8","1,0,30,","0",",T,0,08,+","3",",,0,22,+","14.0",",,0,22,","18.9",",0,04,","1156.9","0","442.0",",0","29.2",",,,0","6",",,,0","3.06","1,0","9.22",",,,0","-3.11","1,,,0"
"USC00351574","1986-12","42.70384","-121.99548","1275.3","CHILOQUIN 12 NW FORT KLAMATH, OR US","41.8","0","0.0",",0","9","2,0","3","2,0","0","2,0","9","5,0","3",",0","0",",0","31",",0","1",",0","0",",0","0",",0","","","19861212","+,,0","19861226","+,5,0","19861231",",,0","","","19861205",",2,0","19861203",",,0","-8.3",",0,12,+","76","5,,0,26,+","38",",,0,31,","4.8","2,,0,05,","7.8",",0,03,","1744.7","0","587.8",",0","18.3","2,,,0","153",",,,0","-0.63",",0","3.60",",,,0","-4.85",",,,0"
"USC00351574","1987-01","42.70384","-121.99548","1275.3","CHILOQUIN 12 NW FORT KLAMATH, OR US","0.0","0","0.0","1,0","13",",0","6",",0","0",",0","29","2,0","3","1,0","2","1,0","29","1,0","11",",0","0",",0","0",",0","","","19870116",",1,0","19870125",",2,0","19870101",",1,0","","","19870101",",,0","19870129","+,,0","-20.6","1,0,16,","381","2,,0,25,","864","1,,0,01,","22.1",",,0,01,","10.6",",0,29,+","2402.0","0","657.3",",0","67.6",",,,0","1160","1,,,0","-3.54","1,0","2.03",",,,0","-9.11","1,,,0"
"USC00351574","1987-02","42.70384","-121.99548","1275.3","CHILOQUIN 12 NW FORT KLAMATH, OR US","0.0","0","0.0",",0","8",",0","3",",0","0",",0","28",",0","1",",0","0",",0","28",",0","0",",0","0",",0","0",",0","","","19870226","+,,0","19870202",",,0","19870202",",,0","","","19870202",",,0","19870208","+,,0","-9.4",",0,26,+","330",",,0,02,","51",",,0,02,","23.4",",,0,02,","11.7",",0,08,+","2897.4","0","495.4",",0","44.7",",,,0","100",",,,0","0.64",",0","5.98",",,,0","-4.70",",,,0"
"USC00351574","1987-03","42.70384","-121.99548","1275.3","CHILOQUIN 12 NW FORT KLAMATH, OR US","0.0","0","0.0",",0","11",",0","4",",0","0",",0","6",",0","3",",0","0",",0","28",",0","0",",0","0",",0","0",",0","","","19870320",",,0","19870314",",,0","19870314",",,0","","","19870312",",,0","19870331",",,0","-7.2",",0,20,","51",",,0,14,","51",",,0,14,","22.1",",,0,12,","18.9",",0,31,","3367.3","0","469.9",",0","59.8",",,,0","114",",,,0","3.18",",0","9.42",",,,0","-3.06",",,,0"
"USC00351574","1987-04","42.70384","-121.99548","1275.3","CHILOQUIN 12 NW FORT KLAMATH, OR US","0.0","0","0.0","2,0","4",",0","1",",0","0",",0","0",",0","0",",0","0","2,0","20","2,0","0",",0","12",",0","0",",0","","","19870419",",2,0","19870430","+,,0","19870418","+,,0","","","19870430",",,0","19870428",",,0","-7.8","2,0,19,","0",",,0,30,+","0",",T,0,18,+","2.8",",,0,30,","28.9",",0,28,","3640.8","0","273.5",",0","5.9",",,,0","0",",T,,0","8.72","2,0","18.82",",,,0","-1.39","2,,,0"
"USC00351574","1987-05","42.70384","-121.99548","1275.3","CHILOQUIN 12 NW FORT KLAMATH, OR US","0.0","0","0.0","1,0","5",",0","3",",0","0",",0","0",",0","0",",0","0","1,0","7","1,0","0",",0","16",",0","0",",0","","","19870519",",1,0","19870501",",,0","19870531","+,,0","1","","19870501",",,0","19870507",",,0","-3.9","1,0,19,","0",",T,0,01,","0",",,0,31,+","8.9",",,0,01,","30.6",",0,07,","3841.3","0","200.5",",0","20.9",",,,0","0",",,,0","11.56","1,0","20.75",",,,0","2.37","1,,,0"
"USC00351574","1987-06","42.70384","-121.99548","1275.3","CHILOQUIN 12 NW FORT KLAMATH, OR US","16.5","0","16.5","4,0","6",",0","2",",0","0",",0","0",",0","0",",0","0","4,0","4","4,0","0",",0","24",",0","2",",0","","","19870601",",4,0","19870630","+,,0","19870630","+,,0","","","19870615",",,0","19870627",",,0","-2.8","4,0,01,","0",",,0,30,+","0",",,0,30,+","15.0",",,0,15,","32.8",",0,27,","3943.7","0","102.4",",0","23.9",",,,0","0",",,,0","15.25","4,0","25.28",",,,0","5.21","4,,,0"
"USC00351574","1987-07","42.70384","-121.99548","1275.3","CHILOQUIN 12 NW FORT KLAMATH, OR US","24.8","0","8.3","3,0","10",",0","5",",0","1",",0","0",",0","0",",0","0","3,0","0","3,0","0","1,0","25","1,0","3","1,0","","","19870716",",3,0","19870731","+,,0","19870731","+,,0","4","","19870718",",,0","19870715",",1,0","1.7","3,0,16,","0",",,0,31,+","0",",,0,31,+","30.5",",,0,18,","36.7","1,0,15,","100.2","0","100.2","1,0","67.4",",,,0","0",",,,0","15.28","3,0","24.83","1,,,0","5.72","3,,,0"
"USC00351574","1987-08","42.70384","-121.99548","1275.3","CHILOQUIN 12 NW FORT KLAMATH, OR US","38.2","0","13.4","3,0","0",",0","0",",0","0",",0","0",",0","0",",0","0","3,0","0","3,0","0",",0","31",",0","5",",0","","","19870816",",3,0","19870831","+,,0","19870831","+,,0","1","","19870824",",,0","19870831","+,,0","1.7","3,0,16,","0",",,0,31,+","0",",,0,31,+","0.0",",T,0,24,","34.4",",0,31,+","143.5","0","43.3",",0","0.0",",T,,0","0",",,,0","17.24","3,0","29.20",",,,0","5.27","3,,,0"
"USC00351574","1987-09","42.70384","-121.99548","1275.3","CHILOQUIN 12 NW FORT KLAMATH, OR US","43.2","0","5.0","2,0","0",",0","0",",0","0",",0","0",",0","0",",0","0","2,0","5","2,0","0",",0","27",",0","2",",0","","","19870916",",2,0","19870930","+,,0","19870930","+,,0","","","19870930","+,,0","19870902","+,,0","-2.2","2,0,16,","0",",,0,30,+","0",",,0,30,+","0.0",",,0,30,+","32.8",",0,02,+","250.5","0","107.0",",0","0.0",",,,0","0",",,,0","14.63","2,0","26.28",",,,0","2.99","2,,,0"
"USC00351574","1987-10","42.70384","-121.99548","1275.3","CHILOQUIN 12 NW FORT KLAMATH, OR US","43.2","0","0.0","1,0","0",",0","0",",0","0",",0","0",",0","0",",0","0","1,0","14","1,0","0",",0","21",",0","0",",0","","","19871016","+,1,0","19871031","+,,0","19871031","+,,0","","","19871029",",,0","19871002","+,,0","-3.9","1,0,16,+","0",",,0,31,+","0",",,0,31,+","0.0",",T,0,29,","28.9",",0,02,+","467.8","0","217.3",",0","0.0",",T,,0","0",",,,0","11.09","1,0","22.33",",,,0","-0.16","1,,,0"
"USC00351574","1987-11","42.70384","-121.99548","1275.3","CHILOQUIN 12 NW FORT KLAMATH, OR US","43.2","0","0.0","2,0","7",",0","3",",0","0",",0","0","1,0","1",",0","0","2,0","27","2,0","0",",0","0",",0","0",",0","","","19871130","+,2,0","19871114",",1,0","19871116",",,0","","","19871113",",,0","19871106",",,0","-10.0","2,0,30,+","0","1,T,0,14,","51",",,0,16,","9.1",",,0,13,","18.9",",0,06,","905.7","0","437.9",",0","24.0",",,,0","54",",,,0","2.63","2,0","8.98",",,,0","-3.72","2,,,0"
"USC00351574","1987-12","42.70384","-121.99548","1275.3","CHILOQUIN 12 NW FORT KLAMATH, OR US","43.2","0","0.0","1,0","18",",0","14",",0","1",",0","21",",0","7",",0","0","1,0","23","1,0","12",",0","0",",0","0",",0","","","19871219",",1,0","19871217",",,0","19871216",",,0","","","19871216",",,0","19871204",",,0","-17.2","1,0,19,","406",",,0,17,","279",",,0,16,","26.4",",,0,16,","11.1",",0,04,","1531.8","0","626.1",",0","156.4",",,,0","762",",,,0","-2.48","1,0","2.23",",,,0","-7.20","1,,,0"
"USC00351574","1988-01","42.70384","-121.99548","1275.3","CHILOQUIN 12 NW FORT KLAMATH, OR US","0.0","0","0.0",",0","14",",0","12",",0","0",",0","31",",0","10",",0","6",",0","29",",0","15",",0","0",",0","0",",0","","","19880101",",,0","19880108",",,0","19880108",",,0","","","19880108",",,0","19880117","+,,0","-21.7",",0,01,","508",",,0,08,","127",",,0,08,","11.4",",,0,08,","7.2",",0,17,+","2262.7","0","730.9",",0","85.5",",,,0","747",",,,0","-5.25",",0","0.51",",,,0","-11.00",",,,0"
"USC00351574","1988-02","42.70384","-121.99548","1275.3","CHILOQUIN 12 NW FORT KLAMATH, OR US","0.0","0","0.0","2,0","5",",0","0",",0","0",",0","24",",0","0",",0","4","2,0","26","2,0","6",",0","0",",0","0",",0","","","19880205","+,2,0","19880201",",,0","19880213",",,0","","","19880208",",,0","19880228",",,0","-18.9","2,0,05,+","406",",,0,01,","5",",,0,13,","1.3",",,0,08,","14.4",",0,28,","2765.9","0","503.2",",0","3.7",",,,0","5",",,,0","-0.48","2,0","6.63",",,,0","-7.59","2,,,0"
"USC00351574","1988-03","42.70384","-121.99548","1275.3","CHILOQUIN 12 NW FORT KLAMATH, OR US","0.0","0","0.0",",0","7",",0","4",",0","0",",0","1",",0","1",",0","0",",0","31",",0","0",",0","0",",0","0",",0","","","19880311",",,0","19880309",",,0","19880309",",,0","","","19880301",",,0","19880319",",,0","-8.3",",0,11,","51",",,0,09,","58",",,0,09,","4.8",",,0,01,","19.4",",0,19,","3235.4","0","469.5",",0","18.5",",,,0","58",",,,0","3.19",",0","10.79",",,,0","-4.41",",,,0"
"USC00351574","1988-04","42.70384","-121.99548","1275.3","CHILOQUIN 12 NW FORT KLAMATH, OR US","0.0","0","0.0","2,0","10",",0","4",",0","0",",0","0",",0","0",",0","0","2,0","16","2,0","0",",0","4",",0","0",",0","","","19880409","+,2,0","19880430","+,,0","19880430","+,,0","","","19880429",",,0","19880412",",,0","-7.8","2,0,09,+","0",",,0,30,+","0",",T,0,30,+","20.3",",,0,29,","25.6",",0,12,","3538.4","0","303.0",",0","53.8",",,,0","0",",T,,0","7.49","2,0","15.63",",,,0","-0.65","2,,,0"
"USC00351574","1988-05","42.70384","-121.99548","1275.3","CHILOQUIN 12 NW FORT KLAMATH, OR US","0.0","0","0.0","2,0","8",",0","4",",0","0",",0","0",",0","0",",0","0","2,0","16","2,0","0","1,0","13","1,0","0","1,0","","","19880501",",2,0","19880505",",,0","19880505",",,0","","","19880507",",,0","19880522",",1,0","-5.0","2,0,01,","0",",T,0,05,","0",",T,0,05,","8.1",",,0,07,","29.4","1,0,22,","3825.7","0","287.3","1,0","23.6",",,,0","0",",T,,0","8.61","2,0","17.40","1,,,0","-0.19","2,,,0"
"USC00351574","1988-06","42.70384","-121.99548","1275.3","CHILOQUIN 12 NW FORT KLAMATH, OR US","7.8","0","7.8","4,0","11",",0","9",",0","0",",0","0",",0","0",",0","0","4,0","5","4,0","0",",0","19",",0","1",",0","","","19880611","+,4,0","19880630","+,,0","19880630","+,,0","","","19880605",",,0","19880620",",,0","-2.2","4,0,11,+","0",",,0,30,+","0",",,0,30,+","7.9",",,0,05,","32.2",",0,20,","3973.4","0","147.7",",0","48.5",",,,0","0",",,,0","13.34","4,0","22.15",",,,0","4.53","4,,,0"
"USC00351574","1988-07","42.70384","-121.99548","1275.3","CHILOQUIN 12 NW FORT KLAMATH, OR US","43.3","0","35.5",",0","0",",0","0",",0","0",",0","0",",0","0",",0","0",",0","2",",0","0",",0","30",",0","10",",0","","","19880707","+,,0","19880731","+,,0","19880731","+,,0","","","19880731","+,,0","19880721",",,0","-0.6",",0,07,+","0",",,0,31,+","0",",,0,31,+","0.0",",,0,31,+","36.1",",0,21,","47.2","0","47.2",",0","0.0",",,,0","0",",,,0","17.95",",0","29.19",",,,0","6.72",",,,0"
"USC00351574","1988-08","42.70384","-121.99548","1275.3","CHILOQUIN 12 NW FORT KLAMATH, OR US","49.3","0","6.0","3,0","0",",0","0",",0","0",",0","0",",0","0",",0","0","3,0","0","3,0","0",",0","31",",0","6",",0","","","19880817","+,3,0","19880831","+,,0","19880831","+,,0","","","19880806",",,0","19880829","+,,0","1.1","3,0,17,+","0",",,0,31,+","0",",,0,31,+","0.0",",T,0,06,","33.3",",0,29,+","98.6","0","51.4",",0","0.0",",T,,0","0",",,,0","16.89","3,0","29.26",",,,0","4.52","3,,,0"
"USC00351574","1988-09","42.70384","-121.99548","1275.3","CHILOQUIN 12 NW FORT KLAMATH, OR US","61.9","0","12.6",",0","2",",0","1",",0","0",",0","0",",0","0",",0","0",",0","12",",0","0",",0","22",",0","5",",0","","","19880920",",,0","19880930","+,,0","19880930","+,,0","","","19880927",",,0","19880904","+,,0","-2.8",",0,20,","0",",,0,30,+","0",",,0,30,+","2.8",",,0,27,","35.6",",0,04,+","265.4","0","166.8",",0","3.8",",,,0","0",",,,0","13.19",",0","24.53",",,,0","1.85",",,,0"
"USC00351574","1988-10","42.70384","-121.99548","1275.3","CHILOQUIN 12 NW FORT KLAMATH, OR US","61.9","0","0.0","1,0","1",",0","0",",0","0",",0","0",",0","0",",0","0","1,0","13","1,0","0",",0","24",",0","0",",0","","","19881028",",1,0","19881031","+,,0","19881031","+,,0","","","19881014",",,0","19881001",",,0","-3.3","1,0,28,","0",",,0,31,+","0",",,0,31,+","1.3",",,0,14,","29.4",",0,01,","467.6","0","202.2",",0","1.3",",,,0","0",",,,0","11.64","1,0","23.18",",,,0","0.10","1,,,0"
"USC00351574","1988-11","42.70384","-121.99548","1275.3","CHILOQUIN 12 NW FORT KLAMATH, OR US","61.9","0","0.0","1,0","21",",0","11",",0","2",",0","16",",0","4",",0","0","1,0","25","1,0","2",",0","0",",0","0",",0","","","19881130",",1,0","19881125",",,0","19881125",",,0","","","19881122",",,0","19881101",",,0","-12.8","1,0,30,","305",",,0,25,","279",",,0,25,","34.0",",,0,22,","19.4",",0,01,","958.6","0","491.0",",0","182.0",",,,0","451",",,,0","1.32","1,0","5.88",",,,0","-3.24","1,,,0"
"USC00351574","1988-12","42.70384","-121.99548","1275.3","CHILOQUIN 12 NW FORT KLAMATH, OR US","61.9","0","0.0",",0","11",",0","6",",0","0",",0","31",",0","9",",0","2",",0","31",",0","10",",0","0",",0","0",",0","","","19881226",",,0","19881231",",,0","19881222",",,0","","","19881221",",,0","19881214",",,0","-23.3",",0,26,","508",",,0,31,","216",",,0,22,","16.0",",,0,21,","9.4",",0,14,","1628.8","0","670.2",",0","53.3",",,,0","742",",,,0","-3.29",",0","2.09",",,,0","-8.66",",,,0"
"USC00351574","1989-01","42.70384","-121.99548","1275.3","CHILOQUIN 12 NW FORT KLAMATH, OR US","0.0","0","0.0","2,0","10",",0","8",",0","0",",0","30","1,0","7",",0","1","1,0","30","1,0","17","1,0","0","1,0","0","1,0","","","19890124",",1,0","19890115",",1,0","19890114",",,0","","","19890110",",,0","19890131","+,1,0","-17.8","1,0,24,","660","1,,0,15,","127",",,0,14,","18.3",",,0,10,","5.6","1,0,31,+","2319.5","0","690.7","1,0","55.3",",,,0","548",",,,0","-5.52","2,0","-0.24","1,,,0","-10.79","1,,,0"
"USC00351574","1989-02","42.70384","-121.99548","1275.3","CHILOQUIN 12 NW FORT KLAMATH, OR US","0.0","0","0.0","1,0","10",",0","6",",0","0",",0","28",",0","5",",0","10","1,0","27","1,0","13",",0","0",",0","0",",0","","","19890205",",1,0","19890212","+,,0","19890203","+,,0","","","19890202",",,0","19890224",",,0","-28.3","1,0,05,","483",",,0,12,+","76",",,0,03,+","7.1",",,0,02,","8.9",",0,24,","2973.4","0","653.9",",0","29.8",",,,0","318",",,,0","-5.93","1,0","0.49",",,,0","-12.34","1,,,0"
"USC00351574","1989-03","42.70384","-121.99548","1275.3","CHILOQUIN 12 NW FORT KLAMATH, OR US","0.0","0","0.0","1,0","21",",0","17",",0","0",",0","20",",0","2",",0","0","1,0","23","1,0","1",",0","0",",0","0",",0","","","19890304","+,1,0","19890305",",,0","19890305",",,0","","","19890309","+,,0","19890322",",,0","-14.4","1,0,04,+","381",",,0,05,","152",",,0,05,","16.8",",,0,09,+","12.8",",0,22,","3457.6","0","484.2",",0","135.0",",,,0","345",",,,0","2.21","1,0","7.17",",,,0","-2.74","1,,,0"
"USC00351574","1989-04","42.70384","-121.99548","1275.3","CHILOQUIN 12 NW FORT KLAMATH, OR US","0.0","0","0.0",",0","9",",0","7",",0","0",",0","","","1",",0","0",",0","19",",0","0",",0","12",",0","0",",0","","","19890429","+,,0","","","19890424",",,0","","","19890424",",,0","19890407",",,0","-4.4",",0,29,+","","","76",",,0,24,","20.1",",,0,24,","25.0",",0,07,","3767.0","0","309.4",",0","61.9",",,,0","102",",,,0","8.02",",0","16.33",",,,0","-0.29",",,,0"
"USC00351574","1989-05","42.70384","-121.99548","1275.3","CHILOQUIN 12 NW FORT KLAMATH, OR US","0.0","0","0.0","2,0","6",",0","5",",0","0",",0","0",",0","0",",0","0","2,0","19","2,0","0",",0","7",",0","0",",0","","","19890520","+,2,0","19890531","+,,0","19890531","+,,0","","","19890509",",,0","19890508","+,,0","-5.0","2,0,20,+","0",",,0,31,+","0",",,0,31,+","14.7",",,0,09,","26.1",",0,08,+","4050.5","0","283.5",",0","38.4",",,,0","0",",,,0","8.67","2,0","17.01",",,,0","0.34","2,,,0"
"USC00351574","1989-06","42.70384","-121.99548","1275.3","CHILOQUIN 12 NW FORT KLAMATH, OR US","0.0","0","0.0","2,0","3",",0","0",",0","0",",0","0",",0","0",",0","0","2,0","1","2,0","0",",0","25",",0","0",",0","","","19890616",",2,0","19890630","+,,0","19890630","+,,0","","","19890629","+,,0","19890602",",,0","0.0","2,0,16,","0",",,0,30,+","0",",,0,30,+","1.5",",,0,29,+","28.3",",0,02,","4154.6","0","104.1",",0","3.8",",,,0","0",",,,0","14.62","2,0","24.34",",,,0","4.90","2,,,0"
"USC00351574","1989-07","42.70384","-121.99548","1275.3","CHILOQUIN 12 NW FORT KLAMATH, OR US","2.2","0","2.2","3,0","1",",0","0",",0","0",",0","0",",0","0",",0","0","3,0","0","3,0","0",",0","29",",0","0",",0","","","19890710",",3,0","19890731","+,,0","19890731","+,,0","","","19890716",",,0","19890707",",,0","1.7","3,0,10,","0",",,0,31,+","0",",,0,31,+","0.3",",,0,16,","31.1",",0,07,","55.8","0","55.8",",0","0.3",",,,0","0",",,,0","16.37","3,0","26.84",",,,0","5.90","3,,,0"
"USC00351574","1989-08","42.70384","-121.99548","1275.3","CHILOQUIN 12 NW FORT KLAMATH, OR US","6.1","0","3.9","1,0","4",",0","2",",0","0",",0","0",",0","0",",0","0","1,0","2","1,0","0","1,0","26","1,0","0","1,0","","","19890802","+,1,0","19890831","+,,0","19890831","+,,0","","","19890823",",,0","19890808","+,1,0","-0.6","1,0,02,+","0",",,0,31,+","0",",,0,31,+","4.8",",,0,23,","31.1","1,0,08,+","148.2","0","92.4","1,0","10.6",",,,0","0",",,,0","15.38","1,0","25.73","1,,,0","5.04","1,,,0"
"USC00351574","1989-09","42.70384","-121.99548","1275.3","CHILOQUIN 12 NW FORT KLAMATH, OR US","6.1","0","0.0","1,0","4",",0","3",",0","0",",0","0",",0","0",",0","0","1,0","3","1,0","0",",0","23",",0","0",",0","","","19890920","+,1,0","19890930","+,,0","19890930","+,,0","","","19890918",",,0","19890925","+,,0","-0.6","1,0,20,+","0",",,0,30,+","0",",,0,30,+","21.6",",,0,18,","27.8",",0,25,+","309.0","0","160.8",",0","36.3",",,,0","0",",,,0","12.78","1,0","23.30",",,,0","2.26","1,,,0"
"USC00351574","1989-10","42.70384","-121.99548","1275.3","CHILOQUIN 12 NW FORT KLAMATH, OR US","6.1","0","0.0",",0","8",",0","4",",0","0",",0","0",",0","0",",0","0",",0","23",",0","0",",0","7",",0","0",",0","","","19891030","+,,0","19891031","+,,0","19891031","+,,0","","","19891024",",,0","19891010",",,0","-7.2",",0,30,+","0",",,0,31,+","0",",,0,31,+","10.7",",,0,24,","25.6",",0,10,","657.4","0","348.4",",0","34.0",",,,0","0",",,,0","7.10",",0","15.88",",,,0","-1.69",",,,0"
"USC00351574","1989-11","42.70384","-121.99548","1275.3","CHILOQUIN 12 NW FORT KLAMATH, OR US","6.1","0","0.0","2,0","6",",0","3",",0","0",",0","","","2",",0","0","2,0","27","2,0","2",",0","0",",0","0",",0","","","19891130","+,2,0","","","19891126",",,0","","","19891126",",,0","19891111",",,0","-15.6","2,0,30,+","","","140",",,0,26,","15.7",",,0,26,","16.1",",0,11,","1117.3","0","459.9",",0","30.0",",,,0","165",",,,0","2.02","2,0","9.45",",,,0","-5.42","2,,,0"
"USC00351574","1989-12","42.70384","-121.99548","1275.3","CHILOQUIN 12 NW FORT KLAMATH, OR US","6.1","0","0.0","1,0","3",",0","1",",0","0",",0","0",",0","0",",0","0","1,0","29","1,0","1",",0","0",",0","0",",0","","","19891228","+,1,0","19891231","+,,0","19891231","+,,0","","","19891206",",,0","19891225","+,,0","-9.4","1,0,28,+","0",",,0,31,+","0",",,0,31,+","15.0",",,0,06,","10.0",",0,25,+","1685.4","0","568.1",",0","18.0",",,,0","0",",,,0","-0.61","1,0","5.70",",,,0","-6.92","1,,,0"
"USC00351574","1990-01","42.70384","-121.99548","1275.3","CHILOQUIN 12 NW FORT KLAMATH, OR US","0.0","0","0.0",",0","12",",0","8",",0","2",",0","","","5",",0","0",",0","27",",0","3",",0","0",",0","0",",0","","","19900103",",,0","","","19900131","+,,0","","","19900108",",,0","19900113","+,,0","-11.7",",0,03,","","","51",",,0,31,+","37.6",",,0,08,","10.0",",0,13,+","2257.9","0","572.5",",0","108.0",",,,0","203",",,,0","-0.14",",0","4.42",",,,0","-4.69",",,,0"
"USC00351574","1990-02","42.70384","-121.99548","1275.3","CHILOQUIN 12 NW FORT KLAMATH, OR US","0.0","0","0.0","2,0","11",",0","6",",0","0",",0","","","7",",0","3","1,0","27","1,0","9","1,0","0","1,0","0","1,0","","","19900215","+,1,0","","","19900216",",,0","","","19900216",",,0","19900227",",1,0","-21.1","1,0,15,+","","","318",",,0,16,","18.3",",,0,16,","13.3","1,0,27,","2804.7","0","546.8","1,0","49.8",",,,0","796",",,,0","-2.88","2,0","3.36","1,,,0","-9.13","1,,,0"
"USC00351574","1990-03","42.70384","-121.99548","1275.3","CHILOQUIN 12 NW FORT KLAMATH, OR US","0.0","0","0.0","2,0","6",",0","3",",0","0",",0","16",",0","1",",0","0","2,0","29","2,0","1",",0","0",",0","0",",0","","","19900314",",2,0","19900306","+,,0","19900305",",,0","","","19900303",",,0","19900331",",,0","-10.6","2,0,14,","254",",,0,06,+","51",",,0,05,","13.2",",,0,03,","18.9",",0,31,","3257.7","0","453.0",",0","31.3",",,,0","62",",,,0","2.86","2,0","10.57",",,,0","-4.84","2,,,0"
"USC00351574","1990-04","42.70384","-121.99548","1275.3","CHILOQUIN 12 NW FORT KLAMATH, OR US","0.0","0","0.0","1,0","6",",0","2",",0","0",",0","0",",0","0",",0","0","1,0","18","1,0","0",",0","8",",0","0",",0","","","19900429",",1,0","19900430","+,,0","19900430","+,,0","","","19900417",",,0","19900415",",,0","-4.4","1,0,29,","0",",,0,30,+","0",",,0,30,+","24.9",",,0,17,","25.6",",0,15,","3526.3","0","268.6",",0","36.6",",,,0","0",",,,0","9.17","1,0","18.75",",,,0","-0.41","1,,,0"
"USC00351574","1990-05","42.70384","-121.99548","1275.3","CHILOQUIN 12 NW FORT KLAMATH, OR US","0.0","0","0.0",",0","10",",0","10",",0","0",",0","0",",0","0",",0","0",",0","22",",0","0",",0","7",",0","0",",0","","","19900507",",,0","19900531","+,,0","19900531","+,,0","","","19900523",",,0","19900507","+,,0","-5.6",",0,07,","0",",,0,31,+","0",",,0,31,+","24.9",",,0,23,","27.8",",0,07,+","3838.3","0","312.0",",0","90.7",",,,0","0",",,,0","8.27",",0","16.96",",,,0","-0.43",",,,0"
"USC00351574","1990-06","42.70384","-121.99548","1275.3","CHILOQUIN 12 NW FORT KLAMATH, OR US","4.1","0","4.1","1,0","1",",0","0",",0","0",",0","0",",0","0",",0","0","1,0","7","1,0","0",",0","17",",0","1",",0","","","19900611",",1,0","19900630","+,,0","19900630","+,,0","","","19900601",",,0","19900621",",,0","-1.7","1,0,11,","0",",,0,30,+","0",",,0,30,+","2.3",",,0,01,","32.2",",0,21,","4002.8","0","164.5",",0","2.3",",,,0","0",",,,0","12.75","1,0","21.93",",,,0","3.57","1,,,0"
"USC00351574","1990-07","42.70384","-121.99548","1275.3","CHILOQUIN 12 NW FORT KLAMATH, OR US","40.4","0","36.3","4,0","2",",0","2",",0","0",",0","0",",0","0",",0","0","4,0","0","4,0","0",",0","28",",0","10",",0","","","19900702",",4,0","19900731","+,,0","19900731","+,,0","","","19900711",",,0","19900716",",,0","2.2","4,0,02,","0",",,0,31,+","0",",,0,31,+","9.4",",,0,11,","35.0",",0,16,","47.0","0","47.0",",0","16.3",",,,0","0",",,,0","17.95","4,0","28.61",",,,0","7.28","4,,,0"
"USC00351574","1990-08","42.70384","-121.99548","1275.3","CHILOQUIN 12 NW FORT KLAMATH, OR US","74.7","0","34.3","2,0","9",",0","5",",0","0",",0","0",",0","0",",0","0","2,0","0","2,0","0",",0","25",",0","8",",0","","","19900831","+,2,0","19900831","+,,0","19900831","+,,0","","","19900818",",,0","19900806",",,0","2.8","2,0,31,+","0",",,0,31,+","0",",,0,31,+","9.4",",,0,18,","35.6",",0,06,","115.1","0","68.1",",0","33.6",",,,0","0",",,,0","17.01","2,0","26.64",",,,0","7.38","2,,,0"
"USC00351574","1990-09","42.70384","-121.99548","1275.3","CHILOQUIN 12 NW FORT KLAMATH, OR US","75.0","0","0.3","3,0","2",",0","2",",0","0",",0","0",",0","0",",0","0","2,0","0","2,0","0","1,0","27","1,0","0","1,0","","","19900917","+,2,0","19900930","+,,0","19900930","+,,0","","","19900925",",,0","19900910","+,1,0","1.7","2,0,17,+","0",",,0,30,+","0",",,0,30,+","17.3",",,0,25,","31.1","1,0,10,+","218.6","0","103.5","1,0","21.4",",,,0","0",",,,0","14.63","3,0","25.45","1,,,0","3.81","2,,,0"
"USC00351574","1990-10","42.70384","-121.99548","1275.3","CHILOQUIN 12 NW FORT KLAMATH, OR US","75.0","0","0.0","1,0","6",",0","2",",0","0",",0","0",",0","0",",0","0","1,0","26","1,0","0",",0","7",",0","0",",0","","","19901019","+,1,0","19901031","+,,0","19901031","+,,0","","","19901021",",,0","19901004",",,0","-6.1","1,0,19,+","0",",,0,31,+","0",",,0,31,+","5.6",",,0,21,","23.3",",0,04,","574.6","0","356.0",",0","15.5",",,,0","0",",,,0","6.55","1,0","15.95",",,,0","-2.85","1,,,0"
"USC00351574","1990-11","42.70384","-121.99548","1275.3","CHILOQUIN 12 NW FORT KLAMATH, OR US","75.0","0","0.0","2,0","9",",0","3",",0","0",",0","0","4,0","0","2,0","0","2,0","27","2,0","0",",0","0",",0","0",",0","","","19901130",",2,0","19901130","+,4,0","19901130","+,2,0","","","19901104",",,0","19901112",",,0","-8.9","2,0,30,","0","4,,0,30,+","0","2,,0,30,+","7.9",",,0,04,","15.6",",0,12,","1046.5","0","471.9",",0","24.1",",,,0","0","2,,,0","1.66","2,0","8.36",",,,0","-5.04","2,,,0"
"USC00351574","1990-12","42.70384","-121.99548","1275.3","CHILOQUIN 12 NW FORT KLAMATH, OR US","75.0","0","0.0",",0","7",",0","4",",0","0",",0","","","1","1,0","9",",0","31",",0","14",",0","0",",0","0",",0","","","19901220",",,0","","","19901218",",1,0","","","19901209",",,0","19901208",",,0","-27.8",",0,20,","","","76","1,,0,18,","12.4",",,0,09,","8.3",",0,08,","1803.4","0","756.9",",0","34.8",",,,0","84","1,,,0","-6.08",",0","0.05",",,,0","-12.22",",,,0"
"USC00351574","1991-01","42.70384","-121.99548","1275.3","CHILOQUIN 12 NW FORT KLAMATH, OR US","0.0","0","0.0",",0","7",",0","6",",0","0",",0","","","1","1,0","0",",0","25",",0","7",",0","0",",0","0",",0","","","19910105","+,,0","","","19910106",",1,0","","","19910112",",,0","19910128",",,0","-14.4",",0,05,+","","","64","1,,0,06,","11.9",",,0,12,","10.6",",0,28,","2401.7","0","598.3",",0","45.5",",,,0","64","1,,,0","-0.97",",0","5.12",",,,0","-7.05",",,,0"
"USC00351574","1991-02","42.70384","-121.99548","1275.3","CHILOQUIN 12 NW FORT KLAMATH, OR US","0.0","0","0.0","4,0","7",",0","6",",0","0",",0","0",",0","0",",0","0","4,0","21","4,0","0","1,0","0","1,0","0","1,0","","","19910221","+,4,0","19910228","+,,0","19910216",",,0","","","19910204",",,0","19910222",",1,0","-4.4","4,0,21,+","0",",,0,28,+","10",",,0,16,","14.0",",,0,04,","16.1","1,0,22,","2739.2","0","337.5","1,0","45.1",",,,0","10",",,,0","4.16","4,0","10.64","1,,,0","-2.33","4,,,0"
"USC00351574","1991-03","42.70384","-121.99548","1275.3","CHILOQUIN 12 NW FORT KLAMATH, OR US","0.0","0","0.0","2,0","15","2,0","9","2,0","0","2,0","","","5","1,0","0","2,0","26","2,0","0",",0","0",",0","0",",0","","","19910306",",2,0","","","19910325",",1,0","","","19910302",",2,0","19910331","+,,0","-8.3","2,0,06,","","","114","1,,0,25,","15.7","2,,0,02,","17.8",",0,31,+","3215.3","0","476.1",",0","84.7",",a,,0","287","1,,,0","2.04","2,0","8.10",",,,0","-4.02","2,,,0"
"USC00351574","1991-04","42.70384","-121.99548","1275.3","CHILOQUIN 12 NW FORT KLAMATH, OR US","0.0","0","0.0","2,0","11",",0","9",",0","0",",0","0",",0","0",",0","0","2,0","23","2,0","0",",0","0",",0","0",",0","","","19910410",",2,0","19910430","+,,0","19910430","+,,0","","","19910421",",,0","19910430",",,0","-7.8","2,0,10,","0",",,0,30,+","0",",,0,30,+","5.1",",,0,21,","17.8",",0,30,","3604.7","0","389.4",",0","35.5",",,,0","0",",,,0","4.48","2,0","11.57",",,,0","-2.61","2,,,0"
"USC00351574","1991-05","42.70384","-121.99548","1275.3","CHILOQUIN 12 NW FORT KLAMATH, OR US","0.0","0","0.0","2,0","6","4,0","4","4,0","0","4,0","0","1,0","0","1,0","0","2,0","20","2,0","0","1,0","4","1,0","0","1,0","","","19910530","+,2,0","19910531","+,1,0","19910517",",1,0","","","19910516",",4,0","19910531","+,1,0","-3.3","2,0,30,+","0","1,,0,31,+","3","1,,0,17,","17.8","4,,0,16,","22.8","1,0,31,+","3924.8","0","320.1","1,0","43.5","2,a,,0","3","1,,,0","7.31","2,0","15.21","1,,,0","-0.59","2,,,0"
"USC00351574","1991-06","42.70384","-121.99548","1275.3","CHILOQUIN 12 NW FORT KLAMATH, OR US","0.0","0","0.0","1,0","5",",0","2",",0","0",",0","0",",0","0",",0","0","1,0","9","1,0","0",",0","14",",0","0",",0","","","19910614","+,1,0","19910630","+,,0","19910630","+,,0","","","19910627",",,0","19910614","+,,0","-2.2","1,0,14,+","0",",,0,30,+","0",",,0,30,+","8.4",",,0,27,","29.4",",0,14,+","4116.2","0","191.4",",0","16.8",",,,0","0",",,,0","11.72","1,0","21.50",",,,0","1.94","1,,,0"
"USC00351574","1991-07","42.70384","-121.99548","1275.3","CHILOQUIN 12 NW FORT KLAMATH, OR US","25.7","0","25.7","2,0","4",",0","3",",0","0",",0","0",",0","0",",0","0","2,0","0","2,0","0",",0","30",",0","3",",0","","","19910709",",2,0","19910731","+,,0","19910731","+,,0","","","19910715",",,0","19910703",",,0","2.8","2,0,09,","0",",,0,31,+","0",",,0,31,+","7.9",",,0,15,","35.6",",0,03,","29.2","0","29.2",",0","20.4",",,,0","0",",,,0","18.27","2,0","29.10",",,,0","7.44","2,,,0"
"USC00351574","1991-08","42.70384","-121.99548","1275.3","CHILOQUIN 12 NW FORT KLAMATH, OR US","35.4","0","9.7",",0","1",",0","1",",0","0",",0","0",",0","0",",0","0",",0","0",",0","0",",0","29",",0","1",",0","","","19910811",",,0","19910831","+,,0","19910831","+,,0","","","19910820",",,0","19910820",",,0","2.2",",0,11,","0",",,0,31,+","0",",,0,31,+","9.1",",,0,20,","32.2",",0,20,","75.9","0","46.7",",0","9.1",",,,0","0",",,,0","17.14",",0","27.58",",,,0","6.71",",,,0"
"USC00351574","1991-09","42.70384","-121.99548","1275.3","CHILOQUIN 12 NW FORT KLAMATH, OR US","38.2","0","2.8","2,0","0",",0","0",",0","0",",0","0",",0","0",",0","0","2,0","1","2,0","0",",0","30",",0","2",",0","","","19910920",",2,0","19910930","+,,0","19910930","+,,0","","","19910930","+,,0","19910905",",,0","-3.3","2,0,20,","0",",,0,30,+","0",",,0,30,+","0.0",",,0,30,+","32.8",",0,05,","168.1","0","92.2",",0","0.0",",,,0","0",",,,0","15.18","2,0","27.20",",,,0","3.15","2,,,0"
"USC00351574","1991-10","42.70384","-121.99548","1275.3","CHILOQUIN 12 NW FORT KLAMATH, OR US","38.2","0","0.0",",0","5",",0","2",",0","0",",0","0",",0","0",",0","0",",0","14",",0","0",",0","18",",0","0",",0","","","19911030","+,,0","19911031","+,,0","19911026",",,0","","","19911025",",,0","19911010","+,,0","-8.9",",0,30,+","0",",,0,31,+","0",",T,0,26,","11.4",",,0,25,","27.8",",0,10,+","454.3","0","286.2",",0","17.0",",,,0","0",",T,,0","9.10",",0","18.84",",,,0","-0.64",",,,0"
"USC00351574","1991-11","42.70384","-121.99548","1275.3","CHILOQUIN 12 NW FORT KLAMATH, OR US","38.2","0","0.0",",0","","","","","","","3",",0","0","5,0","0",",0","22",",0","0",",0","0",",0","0",",0","","","19911129",",,0","19911116",",,0","19911128",",5,0","","","","","19911107",",,0","-10.0",",0,29,","51",",,0,16,","0","5,T,0,28,","","","16.7",",0,07,","915.8","0","461.5",",0","","","0","5,T,,0","2.95",",0","8.34",",,,0","-2.44",",,,0"
"USC00351574","1991-12","42.70384","-121.99548","1275.3","CHILOQUIN 12 NW FORT KLAMATH, OR US","38.2","0","0.0","3,0","8",",0","5",",0","0",",0","2","3,0","0",",0","0","2,0","29","2,0","1","2,0","0","2,0","0","2,0","","","19911220","+,2,0","19911219","+,3,0","19911218",",,0","","","19911207","+,,0","19911227",",2,0","-9.4","2,0,20,+","25","3,,0,19,+","20",",,0,18,","13.2",",,0,07,+","10.6","2,0,27,","1454.4","0","538.6","2,0","50.5",",,,0","59",",,,0","-0.83","3,0","3.97","2,,,0","-5.63","2,,,0"
"USC00351574","1992-01","42.70384","-121.99548","1275.3","CHILOQUIN 12 NW FORT KLAMATH, OR US","0.0","0","0.0","2,0","7",",0","5",",0","0",",0","","","3","1,0","0","2,0","29","2,0","6",",0","0",",0","0",",0","","","19920118","+,2,0","","","19920116","+,1,0","","","19920104",",,0","19920131",",,0","-15.6","2,0,18,+","","","51","1,,0,16,+","8.4",",,0,04,","11.1",",0,31,","2080.4","0","626.0",",0","30.9",",,,0","127","1,,,0","-3.14","2,0","2.69",",,,0","-8.96","2,,,0"
"USC00351574","1992-02","42.70384","-121.99548","1275.3","CHILOQUIN 12 NW FORT KLAMATH, OR US","0.0","0","0.0",",0","9",",0","6",",0","0",",0","0",",0","0",",0","0",",0","23",",0","0",",0","0",",0","0",",0","","","19920215",",,0","19920229","+,,0","19920215","+,,0","","","19920220",",,0","19920228","+,,0","-6.1",",0,15,","0",",,0,29,+","3",",,0,15,+","10.9",",,0,20,","17.8",",0,28,+","2511.4","0","431.0",",0","43.9",",,,0","6",",,,0","3.47",",0","9.51",",,,0","-2.57",",,,0"
"USC00351574","1992-03","42.70384","-121.99548","1275.3","CHILOQUIN 12 NW FORT KLAMATH, OR US","0.0","0","0.0","1,0","4",",0","1",",0","0",",0","0",",0","0",",0","0","1,0","25","1,0","0",",0","1",",0","0",",0","","","19920317","+,1,0","19920331","+,,0","19920331","+,,0","","","19920316",",,0","19920331",",,0","-5.6","1,0,17,+","0",",,0,31,+","0",",,0,31,+","3.3",",,0,16,","21.1",",0,31,","2886.1","0","374.7",",0","8.6",",,,0","0",",,,0","5.77","1,0","13.95",",,,0","-2.42","1,,,0"
"USC00351574","1992-04","42.70384","-121.99548","1275.3","CHILOQUIN 12 NW FORT KLAMATH, OR US","0.0","0","0.0","2,0","9",",0","6",",0","0",",0","0",",0","0",",0","0","2,0","15","2,0","0",",0","6",",0","0",",0","","","19920406",",2,0","19920430","+,,0","19920430","+,,0","","","19920416",",,0","19920428","+,,0","-6.7","2,0,06,","0",",,0,30,+","0",",,0,30,+","11.4",",,0,16,","23.9",",0,28,+","3174.6","0","288.5",",0","43.9",",,,0","0",",,,0","8.17","2,0","16.14",",,,0","0.20","2,,,0"
"USC00351574","1992-05","42.70384","-121.99548","1275.3","CHILOQUIN 12 NW FORT KLAMATH, OR US","1.7","0","1.7","1,0","1",",0","0",",0","0",",0","0",",0","0",",0","0","1,0","11","1,0","0",",0","23",",0","0",",0","","","19920520","+,1,0","19920531","+,,0","19920531","+,,0","","","19920518",",,0","19920531",",,0","-2.2","1,0,20,+","0",",,0,31,+","0",",,0,31,+","1.8",",,0,18,","31.7",",0,31,","3320.7","0","146.1",",0","1.8",",,,0","0",",,,0","13.60","1,0","24.56",",,,0","2.64","1,,,0"
"USC00351574","1992-06","42.70384","-121.99548","1275.3","CHILOQUIN 12 NW FORT KLAMATH, OR US","15.1","0","13.4","2,0","9",",0","5",",0","0",",0","0",",0","0",",0","0","2,0","3","2,0","0",",0","22",",0","3",",0","","","19920614","+,2,0","19920630","+,,0","19920630","+,,0","","","19920630",",,0","19920622",",,0","-1.1","2,0,14,+","0",",,0,30,+","0",",,0,30,+","13.5",",,0,30,","34.4",",0,22,","3433.4","0","112.7",",0","36.6",",,,0","0",",,,0","14.98","2,0","24.63",",,,0","5.34","2,,,0"
"USC00351574","1992-07","42.70384","-121.99548","1275.3","CHILOQUIN 12 NW FORT KLAMATH, OR US","33.5","0","18.4","2,0","6",",0","4",",0","0",",0","0",",0","0",",0","0","2,0","0","2,0","0",",0","29",",0","3",",0","","","19920706",",2,0","19920731","+,,0","19920731","+,,0","","","19920705",",,0","19920730",",,0","2.8","2,0,06,","0",",,0,31,+","0",",,0,31,+","6.9",",,0,05,","34.4",",0,30,","57.6","0","57.6",",0","18.3",",,,0","0",",,,0","17.01","2,0","26.99",",,,0","7.03","2,,,0"
"USC00351574","1992-08","42.70384","-121.99548","1275.3","CHILOQUIN 12 NW FORT KLAMATH, OR US","71.4","0","37.9","1,0","1",",0","1",",0","0",",0","0",",0","0",",0","0","1,0","0","1,0","0",",0","31",",0","7",",0","","","19920822",",1,0","19920831","+,,0","19920831","+,,0","","","19920815",",,0","19920811","+,,0","0.6","1,0,22,","0",",,0,31,+","0",",,0,31,+","5.8",",,0,15,","35.6",",0,11,+","117.1","0","59.5",",0","5.8",",,,0","0",",,,0","17.73","1,0","28.89",",,,0","6.56","1,,,0"
"USC00351574","1992-09","42.70384","-121.99548","1275.3","CHILOQUIN 12 NW FORT KLAMATH, OR US","71.4","0","0.0","1,0","5",",0","1",",0","0",",0","0",",0","0",",0","0","1,0","5","1,0","0",",0","22",",0","0",",0","","","19920914","+,1,0","19920930","+,,0","19920930","+,,0","","","19920923",",,0","19920921",",,0","-2.8","1,0,14,+","0",",,0,30,+","0",",,0,30,+","2.5",",,0,23,","30.6",",0,21,","277.5","0","160.4",",0","9.1",",,,0","0",",,,0","12.89","1,0","23.40",",,,0","2.37","1,,,0"
"USC00351574","1992-10","42.70384","-121.99548","1275.3","CHILOQUIN 12 NW FORT KLAMATH, OR US","71.4","0","0.0","1,0","","","","","","","0",",0","0",",0","0","1,0","22","1,0","0",",0","11",",0","0",",0","","","19921014","+,1,0","19921031","+,,0","19921031","+,,0","","","","","19921012",",,0","-5.0","1,0,14,+","0",",,0,31,+","0",",,0,31,+","","","26.1",",0,12,","574.9","0","297.4",",0","","","0",",,,0","8.42","1,0","17.67",",,,0","-0.83","1,,,0"
"USC00351574","1992-11","42.70384","-121.99548","1275.3","CHILOQUIN 12 NW FORT KLAMATH, OR US","71.4","0","0.0","2,0","","","","","","","","","","","0","2,0","27","2,0","1","2,0","0","2,0","0","2,0","","","19921124","+,2,0","","","","","","","","","19921113",",2,0","-9.4","2,0,24,+","","","","","","","14.4","2,0,13,","1062.1","0","487.2","2,0","","","","","0.93","2,0","6.64","2,,,0","-4.77","2,,,0"
"USC00351574","1992-12","42.70384","-121.99548","1275.3","CHILOQUIN 12 NW FORT KLAMATH, OR US","71.4","0","0.0",",0","17","1,0","14","1,0","1","1,0","","","11","3,0","2",",0","31",",0","15",",0","0",",0","0",",0","","","19921225","+,,0","","","19921208",",3,0","","","19921208",",1,0","19921201",",,0","-18.9",",0,25,+","","","457","3,,0,08,","63.5","1,,0,08,","3.3",",0,01,","1775.5","0","713.4",",0","158.1","1,,,0","1268","3,,,0","-4.68",",0","-0.40",",,,0","-8.96",",,,0"
"USC00351574","1993-01","42.70384","-121.99548","1275.3","CHILOQUIN 12 NW FORT KLAMATH, OR US","0.0","0","0.0","1,0","","","","","","","28","3,0","","","4","1,0","30","1,0","24",",0","0",",0","0",",0","1","","19930104","+,1,0","19930115",",3,0","","","","","","","19930129",",,0","-20.6","1,0,04,+","1067","3,,0,15,","","","","","4.4",",0,29,","2548.0","0","772.5",",0","","","","","-7.39","1,0","-1.56",",,,0","-13.22","1,,,0"
"USC00351574","1993-02","42.70384","-121.99548","1275.3","CHILOQUIN 12 NW FORT KLAMATH, OR US","0.0","0","0.0",",0","","","","","","","28",",0","","","7",",0","28",",0","10",",0","0",",0","0",",0","2","","19930224",",,0","19930221",",,0","","","","","","","19930206",",,0","-20.6",",0,24,","1143",",,0,21,","","","","","6.7",",0,06,","3195.4","0","647.4",",0","","","","","-4.79",",0","0.91",",,,0","-10.49",",,,0"
"USC00351574","1993-03","42.70384","-121.99548","1275.3","CHILOQUIN 12 NW FORT KLAMATH, OR US","0.0","0","0.0","1,0","","","","","","","25","5,0","","","0","1,0","24","1,0","0",",0","0",",0","0",",0","","","19930301",",1,0","19930301",",5,0","","","","","","","19930331","+,,0","-12.8","1,0,01,","914","5,,0,01,","","","","","12.2",",0,31,+","3661.1","0","465.7",",0","","","","","2.84","1,0","7.50",",,,0","-1.82","1,,,0"
"USC00351574","1993-04","42.70384","-121.99548","1275.3","CHILOQUIN 12 NW FORT KLAMATH, OR US","0.0","0","0.0","3,0","13",",0","6",",0","0",",0","0","2,0","1",",0","0","3,0","20","3,0","0","1,0","0","1,0","0","1,0","","","19930411",",3,0","19930430","+,2,0","19930410",",,0","","","19930417",",,0","19930428",",1,0","-5.0","3,0,11,","0","2,,0,30,+","33",",,0,10,","14.0",",,0,17,","17.8","1,0,28,","4020.6","0","359.5","1,0","49.0",",,,0","41",",,,0","5.13","3,0","11.20","1,,,0","-0.95","3,,,0"
"USC00351574","1993-05","42.70384","-121.99548","1275.3","CHILOQUIN 12 NW FORT KLAMATH, OR US","0.0","0","0.0","2,0","10",",0","6",",0","0",",0","0",",0","0",",0","0","2,0","9","2,0","0",",0","13",",0","0",",0","","","19930506","+,2,0","19930531","+,,0","19930531","+,,0","","","19930530",",,0","19930523","+,,0","-1.7","2,0,06,+","0",",,0,31,+","0",",,0,31,+","22.9",",,0,30,","25.6",",0,23,+","4233.8","0","213.2",",0","77.3",",,,0","0",",,,0","11.06","2,0","19.69",",,,0","2.43","2,,,0"
"USC00351574","1993-06","42.70384","-121.99548","1275.3","CHILOQUIN 12 NW FORT KLAMATH, OR US","","","","","4",",0","3",",0","0",",0","0",",0","0",",0","","","","","0",",0","18",",0","0",",0","","","","","19930630","+,,0","19930630","+,,0","","","19930605",",,0","19930625",",,0","","","0",",,0,30,+","0",",,0,30,+","9.7",",,0,05,","30.6",",0,25,","","","","","26.9",",,,0","0",",,,0","","","21.65",",,,0","",""
"USC00351574","1993-07","42.70384","-121.99548","1275.3","CHILOQUIN 12 NW FORT KLAMATH, OR US","","","0.0","4,0","1",",0","1",",0","0",",0","0",",0","0",",0","0","4,0","1","4,0","0",",0","23",",0","0",",0","","","19930709",",4,0","19930731","+,,0","19930731","+,,0","","","19930722",",,0","19930731",",,0","0.0","4,0,09,","0",",,0,31,+","0",",,0,31,+","2.5",",,0,22,","29.4",",0,31,","147.2","0","147.2",",0","2.5",",,,0","0",",,,0","13.12","4,0","23.55",",,,0","2.70","4,,,0"
"USC00351574","1993-08","42.70384","-121.99548","1275.3","CHILOQUIN 12 NW FORT KLAMATH, OR US","","","9.2","2,0","7",",0","4",",0","0",",0","0",",0","0",",0","0","2,0","2","2,0","0",",0","27",",0","3",",0","","","19930825","+,2,0","19930831","+,,0","19930831","+,,0","","","19930814",",,0","19930803",",,0","0.0","2,0,25,+","0",",,0,31,+","0",",,0,31,+","8.1",",,0,14,","33.3",",0,03,","245.1","0","97.9",",0","31.5",",,,0","0",",,,0","15.43","2,0","25.55",",,,0","5.30","2,,,0"
"USC00351574","1993-09","42.70384","-121.99548","1275.3","CHILOQUIN 12 NW FORT KLAMATH, OR US","","","5.8","2,0","1","1,0","0","1,0","0","1,0","0",",0","0",",0","0","2,0","9","2,0","0","1,0","20","1,0","3","1,0","","","19930923","+,2,0","19930930","+,,0","19930930","+,,0","","","19930916",",1,0","19930910","+,1,0","-3.3","2,0,23,+","0",",,0,30,+","0",",,0,30,+","1.8","1,,0,16,","33.3","1,0,10,+","388.4","0","143.3","1,0","1.8","1,,,0","0",",,,0","13.53","2,0","24.75","1,,,0","2.31","2,,,0"
"USC00351574","1993-10","42.70384","-121.99548","1275.3","CHILOQUIN 12 NW FORT KLAMATH, OR US","","","0.0","2,0","","","","","","","0",",0","0",",0","0","2,0","17","2,0","0",",0","4",",0","0",",0","","","19931031",",2,0","19931031","+,,0","19931031","+,,0","","","","","19931003",",,0","-5.0","2,0,31,","0",",,0,31,+","0",",,0,31,+","","","27.8",",0,03,","677.4","0","289.0",",0","","","0",",,,0","8.56","2,0","17.25",",,,0","-0.13","2,,,0"
"USC00351574","1993-11","42.70384","-121.99548","1275.3","CHILOQUIN 12 NW FORT KLAMATH, OR US","","","0.0","1,0","5",",0","3",",0","0",",0","2","4,0","0","2,0","1","1,0","29","1,0","5",",0","0",",0","0",",0","","","19931123",",1,0","19931122",",4,0","19931130","+,2,0","","","19931129","+,,0","19931106","+,,0","-17.8","1,0,23,","51","4,,0,22,","0","2,,0,30,+","5.1",",,0,29,+","13.9",",0,06,+","1222.2","0","544.8",",0","15.0",",,,0","0","2,,,0","-0.51","1,0","7.44",",,,0","-8.47","1,,,0"
"USC00351574","1993-12","42.70384","-121.99548","1275.3","CHILOQUIN 12 NW FORT KLAMATH, OR US","","","0.0","1,0","9",",0","5",",0","1",",0","","","1",",0","0","1,0","27","1,0","3",",0","0",",0","0",",0","","","19931221","+,1,0","","","19931214",",,0","","","19931207",",,0","19931210",",,0","-12.2","1,0,21,+","","","71",",,0,14,","27.4",",,0,07,","9.4",",0,10,","1812.4","0","590.2",",0","53.9",",,,0","89",",,,0","-1.38","1,0","2.90",",,,0","-5.66","1,,,0"
"USC00351574","1994-01","42.70384","-121.99548","1275.3","CHILOQUIN 12 NW FORT KLAMATH, OR US","0.0","0","0.0","2,0","8",",0","5",",0","0",",0","8","4,0","3",",0","0","2,0","27","2,0","1",",0","0",",0","0",",0","1","","19940106",",2,0","19940110","+,4,0","19940104",",,0","","","19940104",",,0","19940122",",,0","-10.0","2,0,06,","76","4,,0,10,+","51",",,0,04,","6.4",",,0,04,","8.9",",0,22,","2357.4","0","545.0",",0","29.9",",,,0","127",",,,0","-0.56","2,0","4.61",",,,0","-5.73","2,,,0"
"USC00351574","1994-02","42.70384","-121.99548","1275.3","CHILOQUIN 12 NW FORT KLAMATH, OR US","0.0","0","0.0",",0","9",",0","7",",0","1",",0","5","4,0","4",",0","0",",0","27",",0","1",",0","0",",0","0",",0","","","19940208","+,,0","19940221",",4,0","19940221",",,0","","","19940219",",,0","19940228",",,0","-13.3",",0,08,+","203","4,,0,21,","102",",,0,21,","48.3",",,0,19,","10.0",",0,28,","2881.1","0","523.7",",0","79.7",",,,0","229",",,,0","-0.37",",0","4.92",",,,0","-5.66",",,,0"
"USC00351574","1994-03","42.70384","-121.99548","1275.3","CHILOQUIN 12 NW FORT KLAMATH, OR US","0.0","0","0.0","3,0","2",",0","0",",0","0",",0","0",",0","0",",0","0","3,0","24","3,0","0","1,0","2","1,0","0","1,0","","","19940322",",3,0","19940331","+,,0","19940331","+,,0","","","19940331",",,0","19940329","+,1,0","-8.3","3,0,22,","0",",,0,31,+","0",",,0,31,+","2.3",",,0,31,","21.1","1,0,29,+","3242.8","0","361.7","1,0","3.1",",,,0","0",",,,0","5.22","3,0","13.98","1,,,0","-3.53","3,,,0"
"USC00351574","1994-04","42.70384","-121.99548","1275.3","CHILOQUIN 12 NW FORT KLAMATH, OR US","0.0","0","0.0","2,0","8",",0","3",",0","0",",0","0",",0","0",",0","0","2,0","18","2,0","0",",0","3",",0","0",",0","","","19940406","+,2,0","19940430","+,,0","19940430","+,,0","","","19940409",",,0","19940415",",,0","-5.6","2,0,06,+","0",",,0,30,+","0",",,0,30,+","6.4",",,0,09,","25.0",",0,15,","3559.9","0","317.1",",0","19.4",",,,0","0",",,,0","7.16","2,0","15.45",",,,0","-1.13","2,,,0"
"USC00351574","1994-05","42.70384","-121.99548","1275.3","CHILOQUIN 12 NW FORT KLAMATH, OR US","","","","","8",",0","3",",0","0",",0","0",",0","0",",0","","","","","0","3,0","11","3,0","0","3,0","","","","","19940531","+,,0","19940531","+,,0","","","19940505",",,0","19940525",",3,0","","","0",",,0,31,+","0",",,0,31,+","10.9",",,0,05,","28.3","3,0,25,","","","","","32.1",",,,0","0",",,,0","","","19.35","3,,,0","",""
"USC00351574","1994-06","42.70384","-121.99548","1275.3","CHILOQUIN 12 NW FORT KLAMATH, OR US","","","2.0","5,0","1",",0","1",",0","0",",0","0",",0","0",",0","0","5,0","8","5,0","0",",0","21",",0","0",",0","","","19940608",",5,0","19940630","+,,0","19940630","+,,0","","","19940606",",,0","19940630","+,,0","-1.7","5,0,08,","0",",,0,30,+","0",",,0,30,+","3.8",",,0,06,","31.7",",0,30,+","","","139.8",",0","3.8",",,,0","0",",,,0","13.09","5,0","23.10",",,,0","3.07","5,,,0"
"USC00351574","1994-07","42.70384","-121.99548","1275.3","CHILOQUIN 12 NW FORT KLAMATH, OR US","","","22.3","4,0","2",",0","2",",0","0",",0","0",",0","0",",0","0","4,0","0","4,0","0",",0","30",",0","9",",0","","","19940702",",4,0","19940731","+,,0","19940731","+,,0","1","","19940723","+,,0","19940720",",,0","2.2","4,0,02,","0",",,0,31,+","0",",,0,31,+","2.8",",,0,23,+","36.1",",0,20,","24.1","0","24.1",",0","5.6",",,,0","0",",,,0","18.50","4,0","30.69",",,,0","6.31","4,,,0"
"USC00351574","1994-08","42.70384","-121.99548","1275.3","CHILOQUIN 12 NW FORT KLAMATH, OR US","","","2.3","1,0","0",",0","0",",0","0",",0","0",",0","0",",0","0","1,0","0","1,0","0",",0","31",",0","1",",0","","","19940809","+,1,0","19940831","+,,0","19940831","+,,0","","","19940831","+,,0","19940813",",,0","2.8","1,0,09,+","0",",,0,31,+","0",",,0,31,+","0.0",",,0,31,+","32.2",",0,13,","80.1","0","56.0",",0","0.0",",,,0","0",",,,0","16.57","1,0","28.49",",,,0","4.65","1,,,0"
"USC00351574","1994-09","42.70384","-121.99548","1275.3","CHILOQUIN 12 NW FORT KLAMATH, OR US","","","0.0","2,0","5",",0","1",",0","0",",0","0",",0","0",",0","0","2,0","3","2,0","0",",0","21",",0","0",",0","","","19940913","+,2,0","19940930","+,,0","19940930","+,,0","2","","19940928",",,0","19940926","+,,0","-0.6","2,0,13,+","0",",,0,30,+","0",",,0,30,+","19.8",",,0,28,","31.1",",0,26,+","207.7","0","127.6",",0","25.1",",,,0","0",",,,0","13.91","2,0","24.73",",,,0","3.09","2,,,0"
"USC00351574","1994-10","42.70384","-121.99548","1275.3","CHILOQUIN 12 NW FORT KLAMATH, OR US","","","0.0","2,0","","","","","","","1",",0","0",",0","0","2,0","29","2,0","0",",0","2",",0","0",",0","","","19941029",",2,0","19941031",",,0","19941031",",,0","","","","","19941001",",,0","-6.7","2,0,29,","25",",,0,31,","13",",,0,31,","","","23.9",",0,01,","559.5","0","351.8",",0","","","13",",,,0","6.24","2,0","15.55",",,,0","-3.06","2,,,0"
"USC00351574","1994-11","42.70384","-121.99548","1275.3","CHILOQUIN 12 NW FORT KLAMATH, OR US","","","0.0","1,0","","","","","","","28","2,0","","","2","1,0","29","1,0","9",",0","0",",0","0",",0","","","19941122",",1,0","19941126","+,2,0","","","","","","","19941130",",,0","-18.9","1,0,22,","457","2,,0,26,+","","","","","7.2",",0,30,","1201.7","0","642.2",",0","","","","","-3.80","1,0","1.74",",,,0","-9.34","1,,,0"
"USC00351574","1994-12","42.70384","-121.99548","1275.3","CHILOQUIN 12 NW FORT KLAMATH, OR US","","","0.0",",0","","","","","","","31",",0","","","1",",0","30",",0","16",",0","0",",0","0",",0","","","19941207",",,0","19941215",",,0","","","","","","","19941218","+,,0","-17.8",",0,07,","635",",,0,15,","","","","","7.8",",0,18,+","1899.8","0","698.1",",0","","","","","-4.19",",0","0.68",",,,0","-9.05",",,,0"
"USC00351574","1995-01","42.70384","-121.99548","1275.3","CHILOQUIN 12 NW FORT KLAMATH, OR US","0.0","0","0.0",",0","","","","","","","30",",0","","","0",",0","27",",0","4",",0","0",",0","0",",0","","","19950117","+,,0","19950106",",,0","","","","","","","19950130",",,0","-10.0",",0,17,+","356",",,0,06,","","","","","10.6",",0,30,","2452.1","0","552.3",",0","","","","","0.52",",0","3.51",",,,0","-2.47",",,,0"
"USC00351574","1995-02","42.70384","-121.99548","1275.3","CHILOQUIN 12 NW FORT KLAMATH, OR US","0.0","0","0.0","4,0","4",",0","3",",0","0",",0","4",",0","2",",0","0","4,0","22","4,0","1",",0","0",",0","0",",0","","","19950215","+,4,0","19950212",",,0","19950212",",,0","","","19950217",",,0","19950223",",,0","-12.8","4,0,15,+","127",",,0,12,","114",",,0,12,","8.4",",,0,17,","17.2",",0,23,","2812.3","0","360.2",",0","21.1",",,,0","139",",,,0","3.49","4,0","10.44",",,,0","-3.45","4,,,0"
"USC00351574","1995-03","42.70384","-121.99548","1275.3","CHILOQUIN 12 NW FORT KLAMATH, OR US","0.0","0","0.0","3,0","","","","","","","","","","","0","3,0","26","3,0","1",",0","0",",0","0",",0","","","19950305",",3,0","","","","","","","","","19950330",",,0","-10.0","3,0,05,","","","","","","","16.1",",0,30,","3251.1","0","438.8",",0","","","","","2.63","3,0","7.85",",,,0","-2.60","3,,,0"
"USC00351574","1995-04","42.70384","-121.99548","1275.3","CHILOQUIN 12 NW FORT KLAMATH, OR US","0.0","0","0.0","2,0","","","","","","","","","","","0","2,0","24","2,0","0",",0","1",",0","0",",0","","","19950420",",2,0","","","","","","","","","19950424",",,0","-6.7","2,0,20,","","","","","","","21.1",",0,24,","3632.2","0","381.1",",0","","","","","4.64","2,0","11.91",",,,0","-2.64","2,,,0"
"USC00351574","1995-05","42.70384","-121.99548","1275.3","CHILOQUIN 12 NW FORT KLAMATH, OR US","0.0","0","0.0",",0","","","","","","","0",",0","0",",0","0",",0","9",",0","0",",0","10",",0","0",",0","","","19950507","+,,0","19950531","+,,0","19950531","+,,0","","","","","19950529",",,0","-3.3",",0,07,+","0",",,0,31,+","0",",,0,31,+","","","27.8",",0,29,","3894.3","0","262.1",",0","","","0",",,,0","9.88",",0","18.05",",,,0","1.71",",,,0"
"USC00351574","1995-06","42.70384","-121.99548","1275.3","CHILOQUIN 12 NW FORT KLAMATH, OR US","3.4","0","3.4","2,0","","","","","","","0",",0","0",",0","0","2,0","3","2,0","0",",0","17",",0","1",",0","","","19950605",",2,0","19950630","+,,0","19950630","+,,0","","","","","19950626",",,0","-1.1","2,0,05,","0",",,0,30,+","0",",,0,30,+","","","32.2",",0,26,","4053.8","0","159.5",",0","","","0",",,,0","12.82","2,0","21.93",",,,0","3.71","2,,,0"
"USC00351574","1995-07","42.70384","-121.99548","1275.3","CHILOQUIN 12 NW FORT KLAMATH, OR US","11.7","0","8.3","2,0","","","","","","","0",",0","0",",0","0","2,0","0","2,0","0",",0","28",",0","3",",0","","","19950729","+,2,0","19950731","+,,0","19950731","+,,0","2","","","","19950717",",,0","2.2","2,0,29,+","0",",,0,31,+","0",",,0,31,+","","","32.8",",0,17,","72.9","0","72.9",",0","","","0",",,,0","16.28","2,0","26.15",",,,0","6.40","2,,,0"
"USC00351574","1995-08","42.70384","-121.99548","1275.3","CHILOQUIN 12 NW FORT KLAMATH, OR US","17.0","0","5.3","2,0","0",",0","0",",0","0",",0","0",",0","0",",0","0","2,0","1","2,0","0",",0","26",",0","1",",0","","","19950807",",2,0","19950831","+,,0","19950831","+,,0","","","19950831","+,,0","19950804",",,0","0.0","2,0,07,","0",",,0,31,+","0",",,0,31,+","0.0",",,0,31,+","32.8",",0,04,","173.5","0","100.6",",0","0.0",",,,0","0",",,,0","14.78","2,0","25.70",",,,0","3.87","2,,,0"
"USC00351574","1995-09","42.70384","-121.99548","1275.3","CHILOQUIN 12 NW FORT KLAMATH, OR US","17.6","0","0.6",",0","1",",0","0",",0","0",",0","0",",0","0",",0","0",",0","1",",0","0",",0","24",",0","0",",0","","","19950930",",,0","19950930","+,,0","19950930","+,,0","","","19950925",",,0","19950913",",,0","-0.6",",0,30,","0",",,0,30,+","0",",,0,30,+","0.5",",,0,25,","31.7",",0,13,","312.4","0","138.9",",0","0.5",",,,0","0",",,,0","13.72",",0","24.08",",,,0","3.36",",,,0"
"USC00351574","1995-10","42.70384","-121.99548","1275.3","CHILOQUIN 12 NW FORT KLAMATH, OR US","17.6","0","0.0",",0","","","","","","","0",",0","0",",0","0",",0","29",",0","0",",0","5",",0","0",",0","","","19951031",",,0","19951031","+,,0","19951031","+,,0","","","","","19951015","+,,0","-6.1",",0,31,","0",",,0,31,+","0",",,0,31,+","","","22.2",",0,15,+","662.3","0","349.9",",0","","","0",",,,0","7.05",",0","16.69",",,,0","-2.60",",,,0"
"USC00351574","1995-11","42.70384","-121.99548","1275.3","CHILOQUIN 12 NW FORT KLAMATH, OR US","17.6","0","0.0",",0","","","","","","","0",",0","0",",0","0",",0","16",",0","0",",0","0",",0","0",",0","","","19951103","+,,0","19951130","+,,0","19951130","+,,0","","","","","19951113",",,0","-8.3",",0,03,+","0",",,0,30,+","0",",,0,30,+","","","18.3",",0,13,","1043.4","0","381.1",",0","","","0",",,,0","5.63",",0","11.58",",,,0","-0.33",",,,0"
"USC00351574","1995-12","42.70384","-121.99548","1275.3","CHILOQUIN 12 NW FORT KLAMATH, OR US","17.6","0","0.0",",0","","","","","","","","","","","0",",0","22",",0","6",",0","0",",0","0",",0","","","19951224","+,,0","","","","","","","","","19951201",",,0","-12.8",",0,24,+","","","","","","","12.8",",0,01,","1587.8","0","544.4",",0","","","","","0.77",",0","4.69",",,,0","-3.15",",,,0"
"USC00351574","1996-01","42.70384","-121.99548","1275.3","CHILOQUIN 12 NW FORT KLAMATH, OR US","0.0","0","0.0",",0","","","","","","","","","","","0",",0","31",",0","6",",0","0",",0","0",",0","","","19960122",",,0","","","","","","","","","19960113","+,,0","-15.6",",0,22,","","","","","","","8.9",",0,13,+","2189.5","0","601.7",",0","","","","","-1.08",",0","2.81",",,,0","-4.96",",,,0"
"USC00351574","1996-02","42.70384","-121.99548","1275.3","CHILOQUIN 12 NW FORT KLAMATH, OR US","0.0","0","0.0",",0","","","","","","","25","3,0","","","0",",0","22",",0","6",",0","0",",0","0",",0","","","19960202",",,0","19960201",",3,0","","","","","","","19960216","+,,0","-13.9",",0,02,","813","3,,0,01,","","","","","15.0",",0,16,+","2708.2","0","518.7",",0","","","","","0.45",",0","5.54",",,,0","-4.64",",,,0"
"USC00351574","1996-03","42.70384","-121.99548","1275.3","CHILOQUIN 12 NW FORT KLAMATH, OR US","0.0","0","0.0",",0","","","","","","","","","","","0",",0","27",",0","0",",0","0",",0","0",",0","","","19960324",",,0","","","","","","","","","19960317",",,0","-10.6",",0,24,","","","","","","","18.3",",0,17,","3160.4","0","452.2",",0","","","","","3.75",",0","10.65",",,,0","-3.15",",,,0"
"USC00351574","1996-04","42.70384","-121.99548","1275.3","CHILOQUIN 12 NW FORT KLAMATH, OR US","0.0","0","0.0",",0","","","","","","","0",",0","0",",0","0",",0","25",",0","0",",0","4",",0","0",",0","","","19960413","+,,0","19960411",",,0","19960412","+,,0","","","","","19960407",",,0","-5.0",",0,13,+","0",",T,0,11,","3",",,0,12,+","","","24.4",",0,07,","3528.5","0","368.1",",0","","","6",",,,0","6.06",",0","13.38",",,,0","-1.25",",,,0"
"USC00351574","1996-05","42.70384","-121.99548","1275.3","CHILOQUIN 12 NW FORT KLAMATH, OR US","0.0","0","0.0","1,0","","","","","","","","","","","0","1,0","19","1,0","0",",0","5",",0","0",",0","","","19960503",",1,0","","","","","","","","","19960512",",,0","-5.6","1,0,03,","","","","","","","26.7",",0,12,","3820.1","0","291.6",",0","","","","","8.67","1,0","17.19",",,,0","0.15","1,,,0"
"USC00351574","1996-06","42.70384","-121.99548","1275.3","CHILOQUIN 12 NW FORT KLAMATH, OR US","2.6","0","2.6",",0","","","","","","","0",",0","0",",0","0",",0","6",",0","0",",0","24",",0","0",",0","","","19960617",",,0","19960630","+,,0","19960630","+,,0","","","","","19960606",",,0","-2.8",",0,17,","0",",,0,30,+","0",",,0,30,+","","","31.7",",0,06,","3966.0","0","145.9",",0","","","0",",,,0","13.55",",0","24.08",",,,0","3.03",",,,0"
"USC00351574","1996-07","42.70384","-121.99548","1275.3","CHILOQUIN 12 NW FORT KLAMATH, OR US","63.8","0","61.2",",0","","","","","","","0",",0","0",",0","0",",0","2",",0","0",",0","28",",0","14",",0","","","19960718",",,0","19960731","+,,0","19960731","+,,0","","","","","19960713",",,0","-0.6",",0,18,","0",",,0,31,+","0",",,0,31,+","","","36.7",",0,13,","44.2","0","44.2",",0","","","0",",,,0","18.88",",0","30.45",",,,0","7.31",",,,0"
"USC00351574","1996-08","42.70384","-121.99548","1275.3","CHILOQUIN 12 NW FORT KLAMATH, OR US","96.0","0","32.2",",0","3",",0","0",",0","0",",0","0",",0","0",",0","0",",0","1",",0","0",",0","30",",0","12",",0","","","19960804",",,0","19960831","+,,0","19960831","+,,0","","","19960825",",,0","19960824","+,,0","-2.8",",0,04,","0",",,0,31,+","0",",,0,31,+","2.0",",,0,25,","35.6",",0,24,+","105.0","0","60.8",",0","4.3",",,,0","0",",,,0","17.41",",0","29.66",",,,0","5.16",",,,0"
"USC00351574","1996-09","42.70384","-121.99548","1275.3","CHILOQUIN 12 NW FORT KLAMATH, OR US","96.0","0","0.0",",0","4",",0","1",",0","0",",0","0",",0","0",",0","0",",0","12",",0","0",",0","17",",0","0",",0","","","19960922",",,0","19960930","+,,0","19960930","+,,0","","","19960915",",,0","19960910","+,,0","-3.3",",0,22,","0",",,0,30,+","0",",,0,30,+","4.1",",,0,15,","30.0",",0,10,+","306.9","0","201.9",",0","7.1",",,,0","0",",,,0","11.60",",0","22.01",",,,0","1.19",",,,0"
"USC00351574","1996-10","42.70384","-121.99548","1275.3","CHILOQUIN 12 NW FORT KLAMATH, OR US","96.0","0","0.0",",0","","","","","","","","","","","0",",0","20",",0","0",",0","10",",0","0",",0","","","19961021","+,,0","","","","","","","","","19961008",",,0","-7.2",",0,21,+","","","","","","","28.9",",0,08,","653.9","0","347.0",",0","","","","","7.14",",0","15.88",",,,0","-1.60",",,,0"
"USC00351574","1996-11","42.70384","-121.99548","1275.3","CHILOQUIN 12 NW FORT KLAMATH, OR US","96.0","0","0.0","1,0","","","","","","","","","","","0","1,0","24","1,0","0","1,0","0","1,0","0","1,0","","","19961105",",1,0","","","","","","","","","19961110",",1,0","-6.1","1,0,05,","","","","","","","18.3","1,0,10,","1073.3","0","419.4","1,0","","","","","3.87","1,0","9.66","1,,,0","-1.91","1,,,0"
"USC00351574","1996-12","42.70384","-121.99548","1275.3","CHILOQUIN 12 NW FORT KLAMATH, OR US","96.0","0","0.0","1,0","25","1,0","19","1,0","2","1,0","","","","","0",",0","26",",0","0","1,0","0","1,0","0","1,0","","","19961217","+,,0","","","","","","","19961204",",1,0","19961231",",1,0","-9.4",",0,17,+","","","","","33.8","1,,0,04,","10.0","1,0,31,","1625.9","0","552.6","1,0","218.9","1,,,0","","","0.02","1,0","3.38","1,,,0","-3.35",",,,0"
"USC00351574","1997-01","42.70384","-121.99548","1275.3","CHILOQUIN 12 NW FORT KLAMATH, OR US","0.0","0","0.0","2,0","","","","","","","","","","","2","2,0","27","2,0","8",",0","0",",0","0",",0","","","19970113","+,2,0","","","","","","","","","19970131",",,0","-17.8","2,0,13,+","","","","","","","8.3",",0,31,","2227.0","0","601.1",",0","","","","","-2.37","2,0","2.35",",,,0","-7.09","2,,,0"
"USC00351574","1997-02","42.70384","-121.99548","1275.3","CHILOQUIN 12 NW FORT KLAMATH, OR US","0.0","0","0.0",",0","","","","","","","","","","","0",",0","28",",0","0",",0","0",",0","0",",0","","","19970206","+,,0","","","","","","","","","19970216",",,0","-7.8",",0,06,+","","","","","","","12.2",",0,16,","2715.7","0","488.7",",0","","","","","0.88",",0","6.15",",,,0","-4.39",",,,0"
"USC00351574","1997-03","42.70384","-121.99548","1275.3","CHILOQUIN 12 NW FORT KLAMATH, OR US","0.0","0","0.0",",0","","","","","","","","","","","0",",0","27",",0","0",",0","0",",0","0",",0","","","19970304",",,0","","","","","","","","","19970325",",,0","-8.3",",0,04,","","","","","","","20.6",",0,25,","3149.3","0","433.6",",0","","","","","4.35",",0","11.49",",,,0","-2.79",",,,0"
"USC00351574","1997-04","42.70384","-121.99548","1275.3","CHILOQUIN 12 NW FORT KLAMATH, OR US","0.0","0","0.0",",0","","","","","","","","","","","0",",0","22",",0","0",",0","3",",0","0",",0","","","19970404",",,0","","","","","","","","","19970426",",,0","-8.3",",0,04,","","","","","","","23.9",",0,26,","3540.1","0","390.8",",0","","","","","5.31",",0","12.84",",,,0","-2.22",",,,0"
"USC00351574","1997-05","42.70384","-121.99548","1275.3","CHILOQUIN 12 NW FORT KLAMATH, OR US","0.0","0","0.0",",0","","","","","","","0",",0","0",",0","0",",0","17",",0","0",",0","18",",0","0",",0","","","19970502","+,,0","19970531","+,,0","19970531","+,,0","","","","","19970513","+,,0","-3.3",",0,02,+","0",",,0,31,+","0",",,0,31,+","","","29.4",",0,13,+","3754.0","0","213.9",",0","","","0",",,,0","11.43",",0","22.11",",,,0","0.75",",,,0"
"USC00351574","1997-06","42.70384","-121.99548","1275.3","CHILOQUIN 12 NW FORT KLAMATH, OR US","0.0","0","0.0","3,0","","","","","","","0",",0","0",",0","0","3,0","2","3,0","0",",0","22",",0","0",",0","","","19970622","+,3,0","19970630","+,,0","19970630","+,,0","","","","","19970615","+,,0","-1.7","3,0,22,+","0",",,0,30,+","0",",,0,30,+","","","28.3",",0,15,+","3911.3","0","157.3",",0","","","0",",,,0","12.49","3,0","22.23",",,,0","2.74","3,,,0"
"USC00351574","1997-07","42.70384","-121.99548","1275.3","CHILOQUIN 12 NW FORT KLAMATH, OR US","7.0","0","7.0","2,0","3","1,0","3","1,0","0","1,0","0",",0","0",",0","0","2,0","0","2,0","0",",0","29",",0","0",",0","","","19970712",",2,0","19970731","+,,0","19970731","+,,0","","","19970727",",1,0","19970720",",,0","1.1","2,0,12,","0",",,0,31,+","0",",,0,31,+","22.4","1,,0,27,","31.1",",0,20,","56.1","0","56.1",",0","39.4","1,,,0","0",",,,0","16.67","2,0","27.62",",,,0","5.72","2,,,0"
"USC00351574","1997-08","42.70384","-121.99548","1275.3","CHILOQUIN 12 NW FORT KLAMATH, OR US","16.0","0","9.0","3,0","","","","","","","0","1,0","0",",0","0","3,0","0","3,0","0",",0","30",",0","2",",0","","","19970815",",3,0","19970831","+,1,0","19970831","+,,0","","","","","19970805",",,0","5.0","3,0,15,","0","1,,0,31,+","0",",,0,31,+","","","32.8",",0,05,","97.5","0","41.4",",0","","","0",",,,0","17.07","3,0","27.26",",,,0","6.89","3,,,0"
"USC00351574","1997-09","42.70384","-121.99548","1275.3","CHILOQUIN 12 NW FORT KLAMATH, OR US","16.3","0","0.3",",0","4",",0","3",",0","0",",0","0",",0","0",",0","0",",0","5",",0","0",",0","20",",0","0",",0","","","19970917",",,0","19970930","+,,0","19970930","+,,0","","","19970913",",,0","19970925","+,,0","-1.7",",0,17,","0",",,0,30,+","0",",,0,30,+","12.4",",,0,13,","27.8",",0,25,+","263.9","0","166.4",",0","22.0",",,,0","0",",,,0","12.80",",0","22.61",",,,0","2.99",",,,0"
"USC00351574","1997-10","42.70384","-121.99548","1275.3","CHILOQUIN 12 NW FORT KLAMATH, OR US","16.3","0","0.0","1,0","9",",0","4",",0","0",",0","0",",0","0",",0","0","1,0","20","1,0","0",",0","4",",0","0",",0","","","19971023",",1,0","19971031","+,,0","19971031","+,,0","","","19971030",",,0","19971001",",,0","-5.6","1,0,23,","0",",,0,31,+","0",",,0,31,+","23.9",",,0,30,","23.9",",0,01,","601.2","0","337.3",",0","47.4",",,,0","0",",,,0","7.04","1,0","15.22",",,,0","-1.14","1,,,0"
"USC00351574","1997-11","42.70384","-121.99548","1275.3","CHILOQUIN 12 NW FORT KLAMATH, OR US","16.3","0","0.0",",0","14",",0","10",",0","0",",0","0",",0","0",",0","0",",0","27",",0","0",",0","0",",0","0",",0","","","19971130",",,0","19971124",",,0","19971124",",,0","","","19971106",",,0","19971103",",,0","-5.6",",0,30,","0",",T,0,24,","0",",T,0,24,","10.9",",,0,06,","19.4",",0,03,","1054.3","0","453.1",",0","57.1",",,,0","0",",T,,0","3.23",",0","8.44",",,,0","-1.98",",,,0"
"USC00351574","1997-12","42.70384","-121.99548","1275.3","CHILOQUIN 12 NW FORT KLAMATH, OR US","16.3","0","0.0",",0","9",",0","6",",0","0",",0","18",",0","3",",0","0",",0","31",",0","3",",0","0",",0","0",",0","","","19971221",",,0","19971215",",,0","19971215",",,0","","","19971215",",,0","19971204",",,0","-13.9",",0,21,","203",",,0,15,","152",",,0,15,","18.3",",,0,15,","7.8",",0,04,","1699.7","0","645.4",",0","42.3",",,,0","236",",,,0","-2.49",",0","3.02",",,,0","-7.99",",,,0"
"USC00351574","1998-01","42.70384","-121.99548","1275.3","CHILOQUIN 12 NW FORT KLAMATH, OR US","0.0","0","0.0","2,0","20","1,0","16","1,0","1","1,0","25","2,0","4",",0","0","1,0","29","1,0","2","1,0","0","1,0","0","1,0","","","19980102","+,1,0","19980109",",2,0","19980106",",,0","","","19980116",",1,0","19980117",",1,0","-7.2","1,0,02,+","330","2,,0,09,","191",",,0,06,","29.5","1,,0,16,","10.6","1,0,17,","2211.2","0","511.5","1,0","148.9","1,,,0","554",",,,0","0.71","2,0","4.18","1,,,0","-2.76","1,,,0"
"USC00351574","1998-02","42.70384","-121.99548","1275.3","CHILOQUIN 12 NW FORT KLAMATH, OR US","0.0","0","0.0","1,0","18",",0","8",",0","0",",0","15",",0","5",",0","0","1,0","27","1,0","0",",0","0",",0","0",",0","","","19980226",",1,0","19980222","+,,0","19980220",",,0","","","19980220",",,0","19980228",",,0","-8.3","1,0,26,","178",",,0,22,+","152",",,0,20,","18.3",",,0,20,","7.8",",0,28,","2688.6","0","477.4",",0","55.1",",,,0","353",",,,0","0.71","1,0","4.60",",,,0","-3.18","1,,,0"
"USC00351574","1998-03","42.70384","-121.99548","1275.3","CHILOQUIN 12 NW FORT KLAMATH, OR US","0.0","0","0.0","1,0","13",",0","7",",0","0",",0","4",",0","2",",0","0","1,0","26","1,0","0",",0","0",",0","0",",0","","","19980304",",1,0","19980307","+,,0","19980307","+,,0","","","19980321",",,0","19980319",",,0","-9.4","1,0,04,","76",",,0,07,+","76",",,0,07,+","17.8",",,0,21,","17.8",",0,19,","3149.9","0","461.3",",0","74.8",",,,0","185",",,,0","3.00","1,0","9.39",",,,0","-3.38","1,,,0"
"USC00351574","1998-04","42.70384","-121.99548","1275.3","CHILOQUIN 12 NW FORT KLAMATH, OR US","0.0","0","0.0","2,0","5",",0","2",",0","0",",0","1","2,0","1",",0","0","1,0","25","1,0","0","1,0","8","1,0","0","1,0","","","19980415",",1,0","19980412",",2,0","19980412",",,0","","","19980412","+,,0","19980429",",1,0","-6.1","1,0,15,","25","2,,0,12,","25",",,0,12,","8.9",",,0,12,+","25.6","1,0,29,","3501.3","0","351.4","1,0","21.1",",,,0","25",",,,0","5.69","2,0","14.20","1,,,0","-2.82","1,,,0"
"USC00351574","1998-05","42.70384","-121.99548","1275.3","CHILOQUIN 12 NW FORT KLAMATH, OR US","0.0","0","0.0","2,0","20",",0","9",",0","0",",0","0",",0","0",",0","0","2,0","15","2,0","0",",0","2",",0","0",",0","","","19980525",",2,0","19980531","+,,0","19980531","+,,0","","","19980528",",,0","19980531",",,0","-3.3","2,0,25,","0",",,0,31,+","0",",,0,31,+","15.0",",,0,28,","22.8",",0,31,","3830.0","0","328.7",",0","69.7",",,,0","0",",,,0","7.19","2,0","13.71",",,,0","0.67","2,,,0"
"USC00351574","1998-06","42.70384","-121.99548","1275.3","CHILOQUIN 12 NW FORT KLAMATH, OR US","0.0","0","0.0",",0","2",",0","2",",0","0",",0","0",",0","0",",0","0",",0","0",",0","0",",0","22",",0","0",",0","","","19980626","+,,0","19980630","+,,0","19980630","+,,0","","","19980608",",,0","19980628",",,0","1.1",",0,26,+","0",",,0,30,+","0",",,0,30,+","6.4",",,0,08,","27.2",",0,28,","3985.6","0","155.6",",0","11.7",",,,0","0",",,,0","13.15",",0","23.03",",,,0","3.26",",,,0"
"USC00351574","1998-07","42.70384","-121.99548","1275.3","CHILOQUIN 12 NW FORT KLAMATH, OR US","44.5","0","44.5","1,0","2",",0","2",",0","0",",0","0",",0","0",",0","0","1,0","0","1,0","0",",0","31",",0","9",",0","","","19980704",",1,0","19980731","+,,0","19980731","+,,0","","","19980731",",,0","19980722","+,,0","2.2","1,0,04,","0",",,0,31,+","0",",,0,31,+","7.4",",,0,31,","35.0",",0,22,+","22.8","0","22.8",",0","9.9",",,,0","0",",,,0","19.08","1,0","30.07",",,,0","8.08","1,,,0"
"USC00351574","1998-08","42.70384","-121.99548","1275.3","CHILOQUIN 12 NW FORT KLAMATH, OR US","76.7","0","32.2",",0","0",",0","0",",0","0",",0","0",",0","0",",0","0",",0","0",",0","0",",0","31",",0","12",",0","","","19980821","+,,0","19980831","+,,0","19980831","+,,0","","","19980831","+,,0","19980807","+,,0","3.3",",0,21,+","0",",,0,31,+","0",",,0,31,+","0.0",",,0,31,+","37.2",",0,07,+","60.8","0","38.0",",0","0.0",",,,0","0",",,,0","18.14",",0","30.31",",,,0","5.98",",,,0"
"USC00351574","1998-09","42.70384","-121.99548","1275.3","CHILOQUIN 12 NW FORT KLAMATH, OR US","95.3","0","18.6","1,0","5",",0","3",",0","0",",0","0",",0","0",",0","0","1,0","5","1,0","0","1,0","25","1,0","6","1,0","","","19980924","+,1,0","19980930","+,,0","19980930","+,,0","","","19980909",",,0","19980903",",1,0","-1.7","1,0,24,+","0",",,0,30,+","0",",,0,30,+","5.6",",,0,09,","37.2","1,0,03,","181.2","0","120.4","1,0","12.2",",,,0","0",",,,0","14.82","1,0","26.19","1,,,0","3.46","1,,,0"
"USC00351574","1998-10","42.70384","-121.99548","1275.3","CHILOQUIN 12 NW FORT KLAMATH, OR US","95.3","0","0.0","3,0","4",",0","2",",0","0",",0","","","0",",0","0","3,0","27","3,0","0","1,0","6","1,0","0","1,0","","","19981030",",3,0","","","19981031","+,,0","","","19981025",",,0","19981001",",1,0","-7.8","3,0,30,","","","0",",,0,31,+","8.9",",,0,25,","26.1","1,0,01,","508.8","0","327.6","1,0","14.5",",,,0","0",",,,0","6.85","3,0","16.15","1,,,0","-2.45","3,,,0"
"USC00351574","1998-11","42.70384","-121.99548","1275.3","CHILOQUIN 12 NW FORT KLAMATH, OR US","95.3","0","0.0",",0","21",",0","16",",0","1",",0","15","2,0","7",",0","0",",0","27",",0","0",",0","0",",0","0",",0","","","19981109",",,0","19981110","+,2,0","19981107",",,0","","","19981122",",,0","19981126","+,,0","-7.8",",0,09,","203","2,,0,10,+","178",",,0,07,","29.2",",,0,22,","10.0",",0,26,+","1008.9","0","500.1",",0","190.2",",,,0","575",",,,0","1.66",",0","5.69",",,,0","-2.37",",,,0"
"USC00351574","1998-12","42.70384","-121.99548","1275.3","CHILOQUIN 12 NW FORT KLAMATH, OR US","95.3","0","0.0",",0","13",",0","9",",0","0",",0","18",",0","4",",0","4",",0","30",",0","11",",0","0",",0","0",",0","","","19981221",",,0","19981211","+,,0","19981206",",,0","","","19981220",",,0","19981215","+,,0","-22.2",",0,21,","127",",,0,11,+","102",",,0,06,","12.7",",,0,20,","10.6",",0,15,+","1663.2","0","654.3",",0","61.6",",,,0","237",",,,0","-2.77",",0","2.33",",,,0","-7.87",",,,0"
"USC00351574","1999-01","42.70384","-121.99548","1275.3","CHILOQUIN 12 NW FORT KLAMATH, OR US","0.0","0","0.0",",0","11",",0","7",",0","1",",0","14","1,0","5",",0","0",",0","31",",0","3",",0","0",",0","0",",0","","","19990130","+,,0","19990124",",1,0","19990123",",,0","","","19990123",",,0","19990112","+,,0","-16.7",",0,30,+","584","1,,0,24,","330",",,0,23,","46.5",",,0,23,","10.0",",0,12,+","2268.2","0","605.0",",0","108.5",",,,0","658",",,,0","-1.18",",0","4.50",",,,0","-6.86",",,,0"
"USC00351574","1999-02","42.70384","-121.99548","1275.3","CHILOQUIN 12 NW FORT KLAMATH, OR US","0.0","0","0.0","1,0","16",",0","10",",0","0",",0","28",",0","11",",0","0","1,0","26","1,0","4",",0","0",",0","0",",0","","","19990202","+,1,0","19990222",",,0","19990209",",,0","","","19990209",",,0","19990224",",,0","-16.7","1,0,02,+","711",",,0,22,","152",",,0,09,","10.4",",,0,09,","7.8",",0,24,","2831.5","0","563.3",",0","78.8",",,,0","944",",,,0","-2.52","1,0","2.58",",,,0","-7.62","1,,,0"
"USC00351574","1999-03","42.70384","-121.99548","1275.3","CHILOQUIN 12 NW FORT KLAMATH, OR US","0.0","0","0.0",",0","7",",0","2",",0","0",",0","29",",0","4",",0","0",",0","30",",0","0",",0","0",",0","0",",0","","","19990306",",,0","19990304","+,,0","19990327",",,0","","","19990327",",,0","19990320",",,0","-12.2",",0,06,","635",",,0,04,+","76",",,0,27,","4.1",",,0,27,","15.0",",0,20,","3397.1","0","565.6",",0","13.3",",,,0","164",",,,0","0.09",",0","6.21",",,,0","-6.03",",,,0"
"USC00351574","1999-04","42.70384","-121.99548","1275.3","CHILOQUIN 12 NW FORT KLAMATH, OR US","0.0","0","0.0","1,0","4",",0","2",",0","0",",0","4",",0","2",",0","0","1,0","24","1,0","0",",0","5",",0","0",",0","","","19990407","+,1,0","19990410",",,0","19990410",",,0","","","19990405",",,0","19990418",",,0","-7.2","1,0,07,+","51",",,0,10,","51",",,0,10,","2.8",",,0,05,","22.8",",0,18,","3789.9","0","392.8",",0","7.6",",,,0","117",",,,0","4.77","1,0","12.50",",,,0","-2.96","1,,,0"
"USC00351574","1999-05","42.70384","-121.99548","1275.3","CHILOQUIN 12 NW FORT KLAMATH, OR US","0.0","0","0.0",",0","4",",0","2",",0","0",",0","1",",0","0",",0","0",",0","19",",0","0",",0","9",",0","1",",0","","","19990515",",,0","19990503",",,0","19990503",",,0","","","19990511",",,0","19990527",",,0","-6.1",",0,15,","25",",,0,03,","13",",,0,03,","10.7",",,0,11,","32.2",",0,27,","4100.9","0","311.0",",0","16.1",",,,0","13",",,,0","8.30",",0","17.47",",,,0","-0.87",",,,0"
"USC00351574","1999-06","42.70384","-121.99548","1275.3","CHILOQUIN 12 NW FORT KLAMATH, OR US","0.0","0","0.0","1,0","0",",0","0",",0","0",",0","0",",0","0",",0","0","1,0","9","1,0","0",",0","22",",0","0",",0","","","19990608",",1,0","19990630","+,,0","19990630","+,,0","","","19990630","+,,0","19990615",",,0","-2.2","1,0,08,","0",",,0,30,+","0",",,0,30,+","0.0",",,0,30,+","30.0",",0,15,","4254.3","0","153.4",",0","0.0",",,,0","0",",,,0","13.04","1,0","23.82",",,,0","2.27","1,,,0"
"USC00351574","1999-07","42.70384","-121.99548","1275.3","CHILOQUIN 12 NW FORT KLAMATH, OR US","12.9","0","12.9",",0","1",",0","0",",0","0",",0","0",",0","0",",0","0",",0","2",",0","0",",0","28",",0","5",",0","","","19990703",",,0","19990731","+,,0","19990731","+,,0","","","19990721",",,0","19990713",",,0","-1.1",",0,03,","0",",,0,31,+","0",",,0,31,+","0.8",",,0,21,","35.6",",0,13,","81.6","0","81.6",",0","0.8",",,,0","0",",,,0","16.11",",0","27.64",",,,0","4.59",",,,0"
"USC00351574","1999-08","42.70384","-121.99548","1275.3","CHILOQUIN 12 NW FORT KLAMATH, OR US","19.3","0","6.4",",0","10",",0","4",",0","1",",0","0",",0","0",",0","0",",0","1",",0","0",",0","26",",0","0",",0","","","19990831",",,0","19990831","+,,0","19990831","+,,0","","","19990807",",,0","19990829","+,,0","-2.2",",0,31,","0",",,0,31,+","0",",,0,31,+","29.2",",,0,07,","31.1",",0,29,+","140.5","0","58.9",",0","53.4",",,,0","0",",,,0","16.64",",0","26.88",",,,0","6.40",",,,0"
"USC00351574","1999-09","42.70384","-121.99548","1275.3","CHILOQUIN 12 NW FORT KLAMATH, OR US","19.3","0","0.0",",0","0",",0","0",",0","0",",0","0",",0","0",",0","0",",0","9",",0","0",",0","25",",0","0",",0","","","19990929","+,,0","19990930","+,,0","19990930","+,,0","","","19990930","+,,0","19990916",",,0","-2.2",",0,29,+","0",",,0,30,+","0",",,0,30,+","0.0",",,0,30,+","29.4",",0,16,","292.8","0","152.3",",0","0.0",",,,0","0",",,,0","13.26",",0","24.96",",,,0","1.55",",,,0"
"USC00351574","1999-10","42.70384","-121.99548","1275.3","CHILOQUIN 12 NW FORT KLAMATH, OR US","19.3","0","0.0",",0","8",",0","4",",0","0",",0","0",",0","0",",0","0",",0","30",",0","0",",0","16",",0","0",",0","","","19991016",",,0","19991031","+,,0","19991031","+,,0","","","19991028",",,0","19991001",",,0","-5.0",",0,16,","0",",,0,31,+","0",",,0,31,+","24.6",",,0,28,","25.6",",0,01,","589.3","0","296.5",",0","37.0",",,,0","0",",,,0","8.77",",0","20.41",",,,0","-2.87",",,,0"
"USC00351574","1999-11","42.70384","-121.99548","1275.3","CHILOQUIN 12 NW FORT KLAMATH, OR US","19.3","0","0.0",",0","14",",0","5",",0","0",",0","3",",0","3",",0","0",",0","19",",0","1",",0","0",",0","0",",0","","","19991122",",,0","19991124",",,0","19991123","+,,0","","","19991117",",,0","19991113","+,,0","-8.9",",0,22,","76",",,0,24,","51",",,0,23,+","15.7",",,0,17,","18.9",",0,13,+","1000.3","0","411.0",",0","44.3",",,,0","135",",,,0","4.63",",0","10.52",",,,0","-1.25",",,,0"
"USC00351574","1999-12","42.70384","-121.99548","1275.3","CHILOQUIN 12 NW FORT KLAMATH, OR US","19.3","0","0.0","2,0","8",",0","4",",0","0",",0","11","2,0","5","1,0","0","2,0","29","2,0","4",",0","0",",0","0",",0","","","19991212","+,2,0","19991210",",2,0","19991207",",1,0","","","19991202",",,0","19991226",",,0","-11.1","2,0,12,+","127","2,,0,10,","76","1,,0,07,","9.4",",,0,02,","12.2",",0,26,","1542.1","0","541.8",",0","27.5",",,,0","249","1,,,0","-0.43","2,0","5.01",",,,0","-5.86","2,,,0"
"USC00351574","2000-01","42.70384","-121.99548","1275.3","CHILOQUIN 12 NW FORT KLAMATH, OR US","0.0","0","0.0",",0","21",",0","11",",0","0",",0","30",",0","7",",0","0",",0","31",",0","0",",0","0",",0","0",",0","","","20000107","+,,0","20000113",",,0","20000110",",,0","","","20000110",",,0","20000121",",,0","-10.0",",0,07,+","254",",,0,13,","152",",,0,10,","15.7",",,0,10,","7.2",",0,21,","2123.8","0","581.7",",0","84.2",",,,0","418",",,,0","-0.43",",0","3.50",",,,0","-4.36",",,,0"
"USC00351574","2000-02","42.70384","-121.99548","1275.3","CHILOQUIN 12 NW FORT KLAMATH, OR US","0.0","0","0.0",",0","19",",0","11",",0","0",",0","11",",0","4",",0","0",",0","27",",0","0",",0","0",",0","0",",0","","","20000220","+,,0","20000226",",,0","20000226",",,0","","","20000226",",,0","20000210",",,0","-7.2",",0,20,+","127",",,0,26,","127",",,0,26,","21.3",",,0,26,","11.7",",0,10,","2599.7","0","475.9",",0","120.8",",,,0","331",",,,0","1.92",",0","6.12",",,,0","-2.28",",,,0"
"USC00351574","2000-03","42.70384","-121.99548","1275.3","CHILOQUIN 12 NW FORT KLAMATH, OR US","0.0","0","0.0",",0","12",",0","4",",0","0",",0","3",",0","1",",0","0",",0","31",",0","0",",0","0",",0","0",",0","","","20000301",",,0","20000308","+,,0","20000305",",,0","","","20000305",",,0","20000327",",,0","-6.7",",0,01,","25",",,0,08,+","25",",,0,05,","9.4",",,0,05,","18.3",",0,27,","3085.2","0","485.5",",0","28.3",",,,0","41",",,,0","2.67",",0","9.19",",,,0","-3.84",",,,0"
"USC00351574","2000-04","42.70384","-121.99548","1275.3","CHILOQUIN 12 NW FORT KLAMATH, OR US","0.0","0","0.0",",0","9",",0","5",",0","1",",0","1",",0","1",",0","0",",0","22",",0","0",",0","5",",0","0",",0","","","20000430",",,0","20000418",",,0","20000418",",,0","","","20000418",",,0","20000404",",,0","-5.0",",0,30,","25",",,0,18,","25",",,0,18,","40.6",",,0,18,","25.0",",0,04,","3409.6","0","324.4",",0","78.0",",,,0","25",",,,0","7.52",",0","15.85",",,,0","-0.81",",,,0"
"USC00351574","2000-05","42.70384","-121.99548","1275.3","CHILOQUIN 12 NW FORT KLAMATH, OR US","0.0","0","0.0",",0","6",",0","1",",0","0",",0","1",",0","0",",0","0",",0","12",",0","0",",0","9",",0","0",",0","","","20000512",",,0","20000510",",,0","20000510",",,0","","","20000507",",,0","20000523","+,,0","-3.3",",0,12,","25",",,0,10,","13",",,0,10,","5.1",",,0,07,","28.9",",0,23,+","3677.3","0","267.7",",0","10.7",",,,0","13",",,,0","9.70",",0","17.56",",,,0","1.84",",,,0"
"USC00351574","2000-06","42.70384","-121.99548","1275.3","CHILOQUIN 12 NW FORT KLAMATH, OR US","6.8","0","6.8",",0","4",",0","0",",0","0",",0","0",",0","0",",0","0",",0","2",",0","0",",0","23",",0","0",",0","","","20000601",",,0","20000630","+,,0","20000630","+,,0","","","20000608",",,0","20000630","+,,0","-2.2",",0,01,","0",",,0,30,+","0",",,0,30,+","1.8",",,0,08,","31.7",",0,30,+","3783.8","0","106.5",",0","4.6",",,,0","0",",,,0","15.01",",0","25.42",",,,0","4.60",",,,0"
"USC00351574","2000-07","42.70384","-121.99548","1275.3","CHILOQUIN 12 NW FORT KLAMATH, OR US","19.6","0","12.8","3,0","2",",0","2",",0","0",",0","0",",0","0",",0","0","3,0","2","3,0","0","1,0","28","1,0","2","1,0","","","20000704",",3,0","20000731","+,,0","20000731","+,,0","","","20000706",",,0","20000730",",1,0","-0.6","3,0,04,","0",",,0,31,+","0",",,0,31,+","10.4",",,0,06,","33.9","1,0,30,","60.8","0","60.8","1,0","15.5",",,,0","0",",,,0","16.65","3,0","26.93","1,,,0","6.37","3,,,0"
"USC00351574","2000-08","42.70384","-121.99548","1275.3","CHILOQUIN 12 NW FORT KLAMATH, OR US","35.1","0","15.5","3,0","1",",0","1",",0","0",",0","0",",0","0",",0","0","3,0","0","3,0","0",",0","31",",0","4",",0","","","20000818",",3,0","20000831","+,,0","20000831","+,,0","","","20000811",",,0","20000803","+,,0","2.2","3,0,18,","0",",,0,31,+","0",",,0,31,+","2.5",",,0,11,","33.9",",0,03,+","105.3","0","44.5",",0","2.5",",,,0","0",",,,0","17.22","3,0","28.95",",,,0","5.48","3,,,0"
"USC00351574","2000-09","42.70384","-121.99548","1275.3","CHILOQUIN 12 NW FORT KLAMATH, OR US","35.1","0","0.0","3,0","4",",0","1",",0","0",",0","0",",0","0",",0","0","3,0","10","3,0","0",",0","21",",0","0",",0","","","20000924",",3,0","20000930","+,,0","20000930","+,,0","","","20000903",",,0","20000919",",,0","-5.6","3,0,24,","0",",,0,30,+","0",",,0,30,+","6.6",",,0,03,","30.6",",0,19,","275.3","0","170.0",",0","7.7",",,,0","0",",,,0","12.17","3,0","22.37",",,,0","1.97","3,,,0"
"USC00351574","2000-10","42.70384","-121.99548","1275.3","CHILOQUIN 12 NW FORT KLAMATH, OR US","35.1","0","0.0","4,0","6",",0","5",",0","0",",0","0",",0","0",",0","0","4,0","20","4,0","0",",0","8",",0","0",",0","","","20001031",",4,0","20001031","+,,0","20001031","+,,0","","","20001021",",,0","20001008",",,0","-5.6","4,0,31,","0",",,0,31,+","0",",,0,31,+","12.2",",,0,21,","25.0",",0,08,","589.1","0","313.8",",0","38.6",",,,0","0",",,,0","6.93","4,0","15.34",",,,0","-1.47","4,,,0"
"USC00351574","2000-11","42.70384","-121.99548","1275.3","CHILOQUIN 12 NW FORT KLAMATH, OR US","35.1","0","0.0","3,0","7",",0","3",",0","0",",0","14","3,0","1",",0","0","3,0","27","3,0","4",",0","0",",0","0",",0","","","20001118","+,3,0","20001116","+,3,0","20001114",",,0","","","20001114",",,0","20001104",",,0","-16.1","3,0,18,+","102","3,,0,16,+","165",",,0,14,","10.2",",,0,14,","15.6",",0,04,","1117.1","0","528.0",",0","20.9",",,,0","165",",,,0","-1.09","3,0","4.70",",,,0","-6.89","3,,,0"
"USC00351574","2000-12","42.70384","-121.99548","1275.3","CHILOQUIN 12 NW FORT KLAMATH, OR US","35.1","0","0.0","1,0","8",",0","6",",0","0",",0","15","5,0","4",",0","0","1,0","30","1,0","3",",0","0",",0","0",",0","","","20001219",",1,0","20001214",",5,0","20001212",",,0","","","20001214",",,0","20001206","+,,0","-12.8","1,0,19,","305","5,,0,14,","140",",,0,12,","21.6",",,0,14,","10.6",",0,06,+","1708.8","0","591.7",",0","46.4",",,,0","330",",,,0","-1.41","1,0","3.91",",,,0","-6.73","1,,,0"
"USC00351574","2001-01","42.70384","-121.99548","1275.3","CHILOQUIN 12 NW FORT KLAMATH, OR US","0.0","0","0.0","2,0","9","1,0","3","1,0","0","1,0","31",",0","3",",0","0","2,0","29","2,0","4",",0","0",",0","0",",0","","","20010117",",2,0","20010130","+,,0","20010112",",,0","","","20010124",",1,0","20010103",",,0","-15.0","2,0,17,","203",",,0,30,+","51",",,0,12,","6.4","1,,0,24,","8.9",",0,03,","2307.2","0","598.4",",0","20.4","1,,,0","177",",,,0","-2.32","2,0","3.16",",,,0","-7.81","2,,,0"
"USC00351574","2001-02","42.70384","-121.99548","1275.3","CHILOQUIN 12 NW FORT KLAMATH, OR US","0.0","0","0.0",",0","11",",0","5",",0","0",",0","26",",0","5",",0","0",",0","27",",0","4",",0","0",",0","0",",0","","","20010213",",,0","20010201",",,0","20010209",",,0","","","20010222",",,0","20010228","+,,0","-16.7",",0,13,","178",",,0,01,","64",",,0,09,","6.4",",,0,22,","10.6",",0,28,+","2855.3","0","548.1",",0","29.5",",,,0","227",",,,0","-1.24",",0","4.13",",,,0","-6.61",",,,0"
"USC00351574","2001-03","42.70384","-121.99548","1275.3","CHILOQUIN 12 NW FORT KLAMATH, OR US","0.0","0","0.0","2,0","8",",0","6",",0","0",",0","4",",0","2",",0","0","2,0","24","2,0","0",",0","0",",0","0",",0","","","20010303",",2,0","20010302",",,0","20010302",",,0","","","20010302",",,0","20010324","+,,0","-9.4","2,0,03,","76",",,0,02,","64",",,0,02,","8.9",",,0,02,","19.4",",0,24,+","3257.3","0","402.0",",0","30.7",",,,0","102",",,,0","4.61","2,0","11.65",",,,0","-2.43","2,,,0"
"USC00351574","2001-04","42.70384","-121.99548","1275.3","CHILOQUIN 12 NW FORT KLAMATH, OR US","0.0","0","0.0","2,0","4",",0","3",",0","0",",0","1","4,0","0",",0","0","2,0","22","2,0","0",",0","3",",0","0",",0","","","20010409",",2,0","20010411",",4,0","20010411",",,0","","","20010419",",,0","20010426",",,0","-8.9","2,0,09,","25","4,,0,11,","23",",,0,11,","8.9",",,0,19,","25.6",",0,26,","3656.1","0","398.8",",0","15.7",",,,0","41",",,,0","4.35","2,0","12.02",",,,0","-3.31","2,,,0"
"USC00351574","2001-05","42.70384","-121.99548","1275.3","CHILOQUIN 12 NW FORT KLAMATH, OR US","6.7","0","6.7",",0","2",",0","2",",0","0",",0","0",",0","0",",0","0",",0","10",",0","0",",0","21",",0","1",",0","","","20010502",",,0","20010531","+,,0","20010531","+,,0","","","20010515",",,0","20010523",",,0","-5.0",",0,02,","0",",,0,31,+","0",",,0,31,+","11.7",",,0,15,","32.2",",0,23,","3838.0","0","181.9",",0","18.6",",,,0","0",",,,0","12.68",",0","23.06",",,,0","2.30",",,,0"
"USC00351574","2001-06","42.70384","-121.99548","1275.3","CHILOQUIN 12 NW FORT KLAMATH, OR US","9.2","0","2.5","1,0","3",",0","2",",0","0",",0","0",",0","0",",0","0","1,0","7","1,0","0",",0","18",",0","1",",0","","","20010606",",1,0","20010630","+,,0","20010630","+,,0","","","20010627",",,0","20010601",",,0","-3.9","1,0,06,","0",",,0,30,+","0",",,0,30,+","6.4",",,0,27,","33.9",",0,01,","4011.1","0","173.1",",0","12.0",",,,0","0",",,,0","12.61","1,0","22.63",",,,0","2.59","1,,,0"
"USC00351574","2001-07","42.70384","-121.99548","1275.3","CHILOQUIN 12 NW FORT KLAMATH, OR US","19.0","0","9.8","1,0","3",",0","2",",0","0",",0","0",",0","0",",0","0","1,0","0","1,0","0",",0","30",",0","2",",0","","","20010718","+,1,0","20010731","+,,0","20010731","+,,0","","","20010720","+,,0","20010703",",,0","2.2","1,0,18,+","0",",,0,31,+","0",",,0,31,+","6.9",",,0,20,+","33.9",",0,03,","56.8","0","56.8",",0","14.3",",,,0","0",",,,0","16.82","1,0","27.77",",,,0","5.86","1,,,0"
"USC00351574","2001-08","42.70384","-121.99548","1275.3","CHILOQUIN 12 NW FORT KLAMATH, OR US","49.1","0","30.1","3,0","1",",0","0",",0","0",",0","0",",0","0",",0","0","2,0","0","2,0","0","3,0","27","3,0","9","3,0","","","20010825","+,2,0","20010831","+,,0","20010831","+,,0","","","20010823",",,0","20010808",",3,0","2.8","2,0,25,+","0",",,0,31,+","0",",,0,31,+","0.8",",,0,23,","35.0","3,0,08,","91.5","0","34.7","3,0","0.8",",,,0","0",",,,0","18.11","3,0","29.86","3,,,0","6.36","2,,,0"
"USC00351574","2001-09","42.70384","-121.99548","1275.3","CHILOQUIN 12 NW FORT KLAMATH, OR US","49.1","0","0.0","2,0","5",",0","3",",0","0",",0","0",",0","0",",0","0","2,0","6","2,0","0",",0","25",",0","0",",0","","","20010906",",2,0","20010930","+,,0","20010930","+,,0","","","20010913",",,0","20010923",",,0","-2.2","2,0,06,","0",",,0,30,+","0",",,0,30,+","10.9",",,0,13,","31.7",",0,23,","206.9","0","115.4",",0","22.8",",,,0","0",",,,0","14.31","2,0","25.78",",,,0","2.84","2,,,0"
"USC00351574","2001-10","42.70384","-121.99548","1275.3","CHILOQUIN 12 NW FORT KLAMATH, OR US","49.1","0","0.0",",0","4","1,0","2","1,0","0","1,0","0",",0","0",",0","0",",0","20",",0","0",",0","11",",0","0",",0","","","20011010","+,,0","20011031","+,,0","20011031","+,,0","","","20011030",",1,0","20011003","+,,0","-5.6",",0,10,+","0",",,0,31,+","0",",,0,31,+","16.8","1,,0,30,","28.9",",0,03,+","510.7","0","303.8",",0","23.9","1,,,0","0",",,,0","8.53",",0","18.46",",,,0","-1.40",",,,0"
"USC00351574","2001-11","42.70384","-121.99548","1275.3","CHILOQUIN 12 NW FORT KLAMATH, OR US","49.1","0","0.0","1,0","15","1,0","10","1,0","0","1,0","7",",0","4",",0","0",",0","22",",0","2","1,0","0","1,0","0","1,0","","","20011128","+,,0","20011129",",,0","20011128",",,0","","","20011122",",1,0","20011104",",1,0","-14.4",",0,28,+","406",",,0,29,","152",",,0,28,","21.3","1,,0,22,","17.8","1,0,04,","963.6","0","452.9","1,0","101.3","1,,,0","534",",,,0","2.82","1,0","8.40","1,,,0","-2.76",",,,0"
"USC00351574","2001-12","42.70384","-121.99548","1275.3","CHILOQUIN 12 NW FORT KLAMATH, OR US","49.1","0","0.0","2,0","21",",0","14",",0","2",",0","31",",0","9",",0","0","2,0","29","2,0","3",",0","0",",0","0",",0","","","20011224","+,2,0","20011205",",,0","20011205",",,0","","","20011214",",,0","20011217","+,,0","-11.1","2,0,24,+","711",",,0,05,","330",",,0,05,","29.0",",,0,14,","5.0",",0,17,+","1536.0","0","572.4",",0","146.7",",,,0","956",",,,0","-1.44","2,0","2.15",",,,0","-5.02","2,,,0"
"USC00351574","2002-01","42.70384","-121.99548","1275.3","CHILOQUIN 12 NW FORT KLAMATH, OR US","0.0","0","0.0",",0","13",",0","8",",0","0",",0","27","4,0","4",",0","0",",0","29",",0","11",",0","0",",0","0",",0","","","20020130","+,,0","20020127","+,4,0","20020121",",,0","","","20020107","+,,0","20020109","+,,0","-17.2",",0,30,+","279","4,,0,27,+","76",",,0,21,","17.8",",,0,07,+","5.6",",0,09,+","2192.7","0","656.7",",0","84.6",",,,0","238",",,,0","-2.85",",0","1.24",",,,0","-6.94",",,,0"
"USC00351574","2002-02","42.70384","-121.99548","1275.3","CHILOQUIN 12 NW FORT KLAMATH, OR US","0.0","0","0.0",",0","8",",0","6",",0","0",",0","23","2,0","2",",0","0",",0","27",",0","2",",0","0",",0","0",",0","","","20020206",",,0","20020202","+,2,0","20020201",",,0","","","20020220",",,0","20020223",",,0","-15.0",",0,06,","254","2,,0,02,+","51",",,0,01,","19.1",",,0,20,","11.7",",0,23,","2715.5","0","522.8",",0","44.9",",,,0","89",",,,0","-0.34",",0","6.04",",,,0","-6.71",",,,0"
"USC00351574","2002-03","42.70384","-121.99548","1275.3","CHILOQUIN 12 NW FORT KLAMATH, OR US","0.0","0","0.0","1,0","8",",0","4",",0","0",",0","3",",0","1",",0","0","1,0","26","1,0","0",",0","0",",0","0",",0","","","20020318",",1,0","20020317",",,0","20020317",",,0","","","20020317",",,0","20020331",",,0","-12.8","1,0,18,","102",",,0,17,","102",",,0,17,","6.4",",,0,17,","20.6",",0,31,","3209.3","0","493.8",",0","19.6",",,,0","123",",,,0","1.98","1,0","8.59",",,,0","-4.63","1,,,0"
"USC00351574","2002-04","42.70384","-121.99548","1275.3","CHILOQUIN 12 NW FORT KLAMATH, OR US","0.0","0","0.0",",0","6",",0","3",",0","0",",0","1","2,0","0","1,0","0",",0","24",",0","0",",0","5",",0","0",",0","","","20020421","+,,0","20020417",",2,0","20020430","+,1,0","","","20020410",",,0","20020405",",,0","-3.9",",0,21,+","25","2,,0,17,","0","1,,0,30,+","7.6",",,0,10,","23.9",",0,05,","3542.6","0","333.3",",0","22.9",",,,0","0","1,,,0","7.22",",0","15.41",",,,0","-0.96",",,,0"
"USC00351574","2002-05","42.70384","-121.99548","1275.3","CHILOQUIN 12 NW FORT KLAMATH, OR US","0.0","0","0.0","3,0","2",",0","1",",0","0",",0","0",",0","0",",0","0","3,0","17","3,0","0","3,0","11","3,0","0","3,0","","","20020509",",3,0","20020531","+,,0","20020531","+,,0","","","20020520",",,0","20020530",",3,0","-5.0","3,0,09,","0",",,0,31,+","0",",,0,31,+","3.0",",,0,20,","26.1","3,0,30,","3784.2","0","241.6","3,0","3.8",",,,0","0",",,,0","9.71","3,0","18.74","3,,,0","0.67","3,,,0"
"USC00351574","2002-06","42.70384","-121.99548","1275.3","CHILOQUIN 12 NW FORT KLAMATH, OR US","7.0","0","7.0","3,0","3",",0","1",",0","0",",0","0",",0","0",",0","0","3,0","3","3,0","0","1,0","23","1,0","1","1,0","","","20020609","+,3,0","20020630","+,,0","20020630","+,,0","","","20020601",",,0","20020626",",1,0","-2.8","3,0,09,+","0",",,0,30,+","0",",,0,30,+","12.7",",,0,01,","33.9","1,0,26,","3886.5","0","102.3","1,0","16.8",",,,0","0",",,,0","14.74","3,0","24.99","1,,,0","4.49","3,,,0"
"USC00351574","2002-07","42.70384","-121.99548","1275.3","CHILOQUIN 12 NW FORT KLAMATH, OR US","48.8","0","41.8","1,0","1",",0","0",",0","0",",0","0",",0","0",",0","0","1,0","0","1,0","0",",0","31",",0","8",",0","","","20020705","+,1,0","20020731","+,,0","20020731","+,,0","","","20020723",",,0","20020711",",,0","2.8","1,0,05,+","0",",,0,31,+","0",",,0,31,+","0.5",",,0,23,","37.8",",0,11,","23.1","0","23.1",",0","0.5",",,,0","0",",,,0","18.98","1,0","30.52",",,,0","7.45","1,,,0"
"USC00351574","2002-08","42.70384","-121.99548","1275.3","CHILOQUIN 12 NW FORT KLAMATH, OR US","60.2","0","11.4","1,0","0",",0","0",",0","0",",0","0",",0","0",",0","0","1,0","4","1,0","0","1,0","26","1,0","4","1,0","","","20020806","+,1,0","20020831","+,,0","20020831","+,,0","","","20020831","+,,0","20020815","+,1,0","-0.6","1,0,06,+","0",",,0,31,+","0",",,0,31,+","0.0",",,0,31,+","35.0","1,0,15,+","115.6","0","92.5","1,0","0.0",",,,0","0",",,,0","15.63","1,0","27.12","1,,,0","4.14","1,,,0"
"USC00351574","2002-09","42.70384","-121.99548","1275.3","CHILOQUIN 12 NW FORT KLAMATH, OR US","60.2","0","0.0","1,0","2",",0","1",",0","0",",0","0",",0","0",",0","0","1,0","7","1,0","0",",0","23",",0","0",",0","","","20020909","+,1,0","20020930","+,,0","20020930","+,,0","","","20020907",",,0","20020912",",,0","-2.2","1,0,09,+","0",",,0,30,+","0",",,0,30,+","3.8",",,0,07,","31.7",",0,12,","248.7","0","133.1",",0","4.1",",,,0","0",",,,0","13.82","1,0","25.76",",,,0","1.87","1,,,0"
"USC00351574","2002-10","42.70384","-121.99548","1275.3","CHILOQUIN 12 NW FORT KLAMATH, OR US","60.2","0","0.0","1,0","2",",0","0",",0","0",",0","0",",0","0",",0","0","1,0","29","1,0","0",",0","12",",0","0",",0","","","20021031",",1,0","20021031","+,,0","20021031","+,,0","","","20021021","+,,0","20021008",",,0","-12.2","1,0,31,","0",",,0,31,+","0",",,0,31,+","0.5",",,0,21,+","26.1",",0,08,","588.3","0","339.6",",0","1.0",",,,0","0",",,,0","7.12","1,0","18.35",",,,0","-4.10","1,,,0"
"USC00351574","2002-11","42.70384","-121.99548","1275.3","CHILOQUIN 12 NW FORT KLAMATH, OR US","60.2","0","0.0","1,0","6",",0","5",",0","0",",0","1","3,0","0","1,0","0","1,0","28","1,0","0",",0","0",",0","0",",0","","","20021102",",1,0","20021110",",3,0","20021130","+,1,0","","","20021110",",,0","20021121",",,0","-14.4","1,0,02,","25","3,,0,10,","0","1,,0,30,+","23.4",",,0,10,","18.3",",0,21,","1039.2","0","450.9",",0","66.8",",,,0","0","1,,,0","2.78","1,0","9.96",",,,0","-4.40","1,,,0"
"USC00351574","2002-12","42.70384","-121.99548","1275.3","CHILOQUIN 12 NW FORT KLAMATH, OR US","60.2","0","0.0","1,0","17",",0","14",",0","1",",0","10","5,0","7",",0","0","1,0","29","1,0","0",",0","0",",0","0",",0","","","20021224",",1,0","20021231",",5,0","20021230",",,0","","","20021228",",,0","20021202","+,,0","-8.9","1,0,24,","305","5,,0,31,","127",",,0,30,","34.8",",,0,28,","13.3",",0,02,+","1572.0","0","532.8",",0","153.2",",,,0","500",",,,0","0.50","1,0","4.92",",,,0","-3.92","1,,,0"
"USC00351574","2003-01","42.70384","-121.99548","1275.3","CHILOQUIN 12 NW FORT KLAMATH, OR US","0.0","0","0.0",",0","18",",0","8",",0","0",",0","22",",0","1",",0","0",",0","24",",0","0",",0","0",",0","0",",0","","","20030108",",,0","20030102",",,0","20030102",",,0","","","20030114",",,0","20030131",",,0","-10.0",",0,08,","330",",,0,02,","51",",,0,02,","21.6",",,0,14,","10.6",",0,31,","2102.2","0","530.2",",0","95.4",",,,0","54",",,,0","1.23",",0","5.16",",,,0","-2.70",",,,0"
"USC00351574","2003-02","42.70384","-121.99548","1275.3","CHILOQUIN 12 NW FORT KLAMATH, OR US","0.0","0","0.0",",0","8",",0","4",",0","0",",0","1","2,0","0",",0","0",",0","27",",0","0",",0","0",",0","0",",0","","","20030225","+,,0","20030218",",2,0","20030218",",,0","","","20030216",",,0","20030201",",,0","-8.9",",0,25,+","25","2,,0,18,","20",",,0,18,","7.6",",,0,16,","13.3",",0,01,","2578.6","0","476.4",",0","19.3",",,,0","41",",,,0","1.32",",0","7.54",",,,0","-4.90",",,,0"
"USC00351574","2003-03","42.70384","-121.99548","1275.3","CHILOQUIN 12 NW FORT KLAMATH, OR US","0.0","0","0.0","2,0","","","","","","","","","","","0","2,0","24","2,0","0","1,0","1","1,0","0","1,0","","","20030304","+,2,0","","","","","","","","","20030330",",1,0","-6.7","2,0,04,+","","","","","","","21.1","1,0,30,","2996.5","0","417.9","1,0","","","","","3.93","2,0","9.91","1,,,0","-2.04","2,,,0"
"USC00351574","2003-04","42.70384","-121.99548","1275.3","CHILOQUIN 12 NW FORT KLAMATH, OR US","0.0","0","0.0",",0","15",",0","7",",0","0",",0","","","4",",0","0",",0","27",",0","0",",0","1",",0","0",",0","","","20030402",",,0","","","20030414",",,0","","","20030414",",,0","20030401",",,0","-4.4",",0,02,","","","71",",,0,14,","10.2",",,0,14,","21.1",",0,01,","3420.6","0","424.1",",0","49.1",",,,0","244",",,,0","4.20",",0","9.88",",,,0","-1.48",",,,0"
"USC00351574","2003-05","42.70384","-121.99548","1275.3","CHILOQUIN 12 NW FORT KLAMATH, OR US","0.8","0","0.8",",0","7",",0","3",",0","0",",0","0",",0","0",",0","0",",0","12",",0","0",",0","12",",0","0",",0","","","20030518",",,0","20030508",",,0","20030508",",,0","","","20030505",",,0","20030528","+,,0","-6.1",",0,18,","0",",T,0,08,","0",",T,0,08,","3.8",",,0,05,","29.4",",0,28,+","3701.2","0","280.6",",0","14.2",",,,0","0",",T,,0","9.31",",0","17.33",",,,0","1.29",",,,0"
"USC00351574","2003-06","42.70384","-121.99548","1275.3","CHILOQUIN 12 NW FORT KLAMATH, OR US","9.2","0","8.4","2,0","0",",0","0",",0","0",",0","0",",0","0",",0","0","2,0","2","2,0","0","1,0","24","1,0","2","1,0","","","20030625","+,2,0","20030630","+,,0","20030630","+,,0","","","20030630","+,,0","20030629",",1,0","-0.6","2,0,25,+","0",",,0,30,+","0",",,0,30,+","0.0",",,0,30,+","32.8","1,0,29,","3800.8","0","99.6","1,0","0.0",",,,0","0",",,,0","15.07","2,0","26.08","1,,,0","4.05","2,,,0"
"USC00351574","2003-07","42.70384","-121.99548","1275.3","CHILOQUIN 12 NW FORT KLAMATH, OR US","65.0","0","55.8",",0","2",",0","1",",0","0",",0","0",",0","0",",0","0",",0","0",",0","0",",0","31",",0","11",",0","","","20030708",",,0","20030731","+,,0","20030731","+,,0","","","20030725",",,0","20030723","+,,0","2.8",",0,08,","0",",,0,31,+","0",",,0,31,+","3.0",",,0,25,","36.7",",0,23,+","28.9","0","28.9",",0","5.3",",,,0","0",",,,0","19.20",",0","30.43",",,,0","7.98",",,,0"
"USC00351574","2003-08","42.70384","-121.99548","1275.3","CHILOQUIN 12 NW FORT KLAMATH, OR US","76.6","0","11.6","1,0","4",",0","1",",0","0",",0","0",",0","0",",0","0","1,0","0","1,0","0",",0","30",",0","2",",0","","","20030812","+,1,0","20030831","+,,0","20030831","+,,0","","","20030829",",,0","20030819",",,0","3.3","1,0,12,+","0",",,0,31,+","0",",,0,31,+","4.8",",,0,29,","33.9",",0,19,","75.8","0","46.9",",0","6.6",",,,0","0",",,,0","17.26","1,0","27.83",",,,0","6.69","1,,,0"
"USC00351574","2003-09","42.70384","-121.99548","1275.3","CHILOQUIN 12 NW FORT KLAMATH, OR US","82.6","0","6.0","1,0","5",",0","3",",0","0",",0","0",",0","0",",0","0","1,0","6","1,0","0",",0","25",",0","4",",0","","","20030918","+,1,0","20030930","+,,0","20030930","+,,0","","","20030909",",,0","20030903",",,0","-2.2","1,0,18,+","0",",,0,30,+","0",",,0,30,+","14.0",",,0,09,","32.8",",0,03,","191.6","0","115.8",",0","31.1",",,,0","0",",,,0","14.48","1,0","26.03",",,,0","2.93","1,,,0"
"USC00351574","2003-10","42.70384","-121.99548","1275.3","CHILOQUIN 12 NW FORT KLAMATH, OR US","82.6","0","0.0",",0","1",",0","0",",0","0",",0","0",",0","0",",0","0",",0","19",",0","0",",0","15",",0","0",",0","","","20031031",",,0","20031031","+,,0","20031031","+,,0","","","20031012",",,0","20031022",",,0","-8.9",",0,31,","0",",,0,31,+","0",",,0,31,+","1.3",",,0,12,","25.6",",0,22,","469.8","0","278.2",",0","1.3",",,,0","0",",,,0","9.36",",0","19.52",",,,0","-0.80",",,,0"
"USC00351574","2003-11","42.70384","-121.99548","1275.3","CHILOQUIN 12 NW FORT KLAMATH, OR US","82.6","0","0.0",",0","14",",0","10",",0","0",",0","","","2",",0","0",",0","24",",0","0",",0","0",",0","0",",0","","","20031122",",,0","","","20031126","+,,0","","","20031129",",,0","20031120","+,,0","-11.7",",0,22,","","","25",",,0,26,+","16.3",",,0,29,","11.7",",0,20,+","1004.2","0","534.4",",0","65.9",",,,0","76",",,,0","0.52",",0","5.46",",,,0","-4.43",",,,0"
"USC00351574","2003-12","42.70384","-121.99548","1275.3","CHILOQUIN 12 NW FORT KLAMATH, OR US","82.6","0","0.0","3,0","20",",0","13",",0","1",",0","","","4","3,0","0","3,0","26","3,0","5","1,0","0","1,0","0","1,0","","","20031215",",3,0","","","20031212",",3,0","","","20031229",",,0","20031204",",1,0","-10.6","3,0,15,","","","41","3,,0,12,","47.8",",,0,29,","10.6","1,0,04,","1527.5","0","523.3","1,0","141.3",",,,0","173","3,,,0","-0.28","3,0","3.11","1,,,0","-3.68","3,,,0"
"USC00351574","2004-01","42.70384","-121.99548","1275.3","CHILOQUIN 12 NW FORT KLAMATH, OR US","0.0","0","0.0","3,0","15","2,0","10","2,0","1","2,0","29","2,0","8","2,0","0","1,0","30","1,0","8","2,0","0","2,0","0","2,0","","","20040122",",1,0","20040102",",2,0","20040101",",2,0","","","20040127",",2,0","20040121",",2,0","-12.8","1,0,22,","762","2,,0,02,","305","2,,0,01,","27.9","2,,0,27,","7.2","2,0,21,","2075.2","0","547.7","2,0","106.4","2,,,0","1024","2,,,0","-1.29","3,0","2.27","2,,,0","-4.86","1,,,0"
"USC00351574","2004-02","42.70384","-121.99548","1275.3","CHILOQUIN 12 NW FORT KLAMATH, OR US","0.0","0","0.0",",0","10",",0","9",",0","1",",0","27","2,0","2","1,0","0",",0","29",",0","1",",0","0",",0","0",",0","","","20040208",",,0","20040203","+,2,0","20040202",",1,0","","","20040217",",,0","20040212",",,0","-13.3",",0,08,","508","2,,0,03,+","51","1,,0,02,","36.8",",,0,17,","9.4",",0,12,","2614.3","0","539.1",",0","84.8",",,,0","76","1,,,0","-0.26",",0","4.70",",,,0","-5.22",",,,0"
"USC00351574","2004-03","42.70384","-121.99548","1275.3","CHILOQUIN 12 NW FORT KLAMATH, OR US","0.0","0","0.0","2,0","2",",0","2",",0","0",",0","9",",0","1",",0","0","2,0","25","2,0","0","2,0","3","2,0","0","2,0","","","20040302",",2,0","20040303","+,,0","20040301",",,0","","","20040301",",,0","20040331","+,2,0","-6.1","2,0,02,","356",",,0,03,+","76",",,0,01,","20.3",",,0,01,","21.1","2,0,31,+","2973.2","0","358.9","2,0","23.9",",,,0","76",",,,0","5.96","2,0","13.97","2,,,0","-2.05","2,,,0"
"USC00351574","2004-04","42.70384","-121.99548","1275.3","CHILOQUIN 12 NW FORT KLAMATH, OR US","0.0","0","0.0","2,0","4","2,0","2","2,0","0","2,0","0","2,0","0","2,0","0","1,0","23","1,0","0","2,0","5","2,0","0","2,0","","","20040402","+,1,0","20040415",",2,0","20040419","+,2,0","","","20040420",",2,0","20040427",",2,0","-5.0","1,0,02,+","0","2,T,0,15,","0","2,T,0,19,+","3.0","2,,0,20,","26.1","2,0,27,","3280.4","0","307.2","2,0","7.6","2,,,0","0","2,T,,0","7.37","2,0","16.14","2,,,0","-1.40","1,,,0"
"USC00351574","2004-05","42.70384","-121.99548","1275.3","CHILOQUIN 12 NW FORT KLAMATH, OR US","0.0","0","0.0","3,0","8","3,0","4","3,0","0","3,0","0",",0","0",",0","0","3,0","16","3,0","0","3,0","11","3,0","0","3,0","","","20040511",",3,0","20040531","+,,0","20040531","+,,0","","","20040521",",3,0","20040503",",3,0","-3.9","3,0,11,","0",",,0,31,+","0",",,0,31,+","14.0","3,,0,21,","26.1","3,0,03,","3532.6","0","252.2","3,0","48.8",",a,,0","0",",,,0","9.33","3,0","18.49","3,,,0","0.16","3,,,0"
"USC00351574","2004-06","42.70384","-121.99548","1275.3","CHILOQUIN 12 NW FORT KLAMATH, OR US","","","","","1",",0","0",",0","0",",0","0",",0","0",",0","","","","","","","","","","","","","","","20040630","+,,0","20040630","+,,0","","","20040610",",,0","","","","","0",",,0,30,+","0",",,0,30,+","1.0",",,0,10,","","","","","","","1.0",",,,0","0",",,,0","","","","","",""
"USC00351574","2004-08","42.70384","-121.99548","1275.3","CHILOQUIN 12 NW FORT KLAMATH, OR US","","","66.4","5,0","7",",0","4",",0","0",",0","0","1,0","0",",0","0","4,0","0","4,0","0","5,0","23","5,0","12","5,0","","","20040828","+,4,0","20040831","+,1,0","20040831","+,,0","","","20040823","+,,0","20040818",",5,0","4.4","4,0,28,+","0","1,,0,31,+","0",",,0,31,+","2.5",",,0,23,+","40.0","5,0,18,","","","44.7","5,0","12.1",",,,0","0",",,,0","19.10","5,0","29.70","5,,,0","8.50","4,,,0"
"USC00351574","2004-10","42.70384","-121.99548","1275.3","CHILOQUIN 12 NW FORT KLAMATH, OR US","","","0.0","2,0","10",",0","3",",0","0",",0","0","1,0","0",",0","0","2,0","23","2,0","0",",0","15",",0","0",",0","","","20041026","+,2,0","20041031","+,1,0","20041031","+,,0","","","20041024",",,0","20041005",",,0","-7.8","2,0,26,+","0","1,,0,31,+","0",",,0,31,+","12.7",",,0,24,","28.9",",0,05,","","","293.6",",0","36.0",",,,0","0",",,,0","8.12","2,0","18.72",",,,0","-2.48","2,,,0"
"USC00351574","2004-11","42.70384","-121.99548","1275.3","CHILOQUIN 12 NW FORT KLAMATH, OR US","","","0.0","1,0","5",",0","4",",0","0",",0","0",",0","0",",0","0",",0","30",",0","0","1,0","0","1,0","0","1,0","","","20041128",",,0","20041130","+,,0","20041130","+,,0","","","20041125",",,0","20041109",",1,0","-15.0",",0,28,","0",",,0,30,+","0",",,0,30,+","6.4",",,0,25,","20.6","1,0,09,","","","503.3","1,0","17.3",",,,0","0",",,,0","1.09","1,0","10.69","1,,,0","-8.51",",,,0"
"USC00351574","2004-12","42.70384","-121.99548","1275.3","CHILOQUIN 12 NW FORT KLAMATH, OR US","","","0.0","3,0","6","3,0","4","3,0","1","3,0","","","","","0","3,0","24","3,0","0","2,0","0","2,0","0","2,0","","","20041203",",3,0","","","","","","","20041209",",3,0","20041219",",2,0","-12.8","3,0,03,","","","","","35.6","3,,0,09,","12.2","2,0,19,","","","479.9","2,0","65.4","1,a,,0","","","1.17","3,0","6.38","2,,,0","-4.04","3,,,0"
"USC00351574","2005-01","42.70384","-121.99548","1275.3","CHILOQUIN 12 NW FORT KLAMATH, OR US","","","","","8","1,0","3","1,0","0","1,0","30","1,0","7","1,0","","","","","3","2,0","0","2,0","0","2,0","","","","","20050110",",1,0","20050109","+,1,0","","","20050115","+,1,0","20050119",",2,0","","","483","1,,0,10,","76","1,,0,09,+","7.6","1,,0,15,+","10.0","2,0,19,","","","","","24.8","1,,,0","380","1,,,0","","","4.63","2,,,0","",""
"USC00351574","2005-02","42.70384","-121.99548","1275.3","CHILOQUIN 12 NW FORT KLAMATH, OR US","","","0.0","4,0","2","3,0","0","3,0","0","3,0","13","4,0","1","1,0","0","4,0","22","4,0","0","2,0","0","2,0","0","2,0","","","20050210","+,4,0","20050207",",4,0","20050207",",1,0","","","20050213","+,3,0","20050224",",2,0","-15.0","4,0,10,+","229","4,,0,07,","51","1,,0,07,","0.3","3,,0,13,+","14.4","2,0,24,","","","423.4","2,0","4.4","1,a,,0","51","1,,,0","0.79","4,0","9.21","2,,,0","-7.63","4,,,0"
"USC00351574","2005-03","42.70384","-121.99548","1275.3","CHILOQUIN 12 NW FORT KLAMATH, OR US","","","0.0","2,0","6","2,0","0","2,0","0","2,0","","","1","2,0","0","2,0","23","2,0","0","2,0","2","2,0","0","2,0","","","20050303",",2,0","","","20050322",",2,0","","","20050322",",2,0","20050312","+,2,0","-6.7","2,0,03,","","","76","2,,0,22,","1.8","2,,0,22,","21.1","2,0,12,+","","","380.6","2,0","6.6","2,,,0","79","2,,,0","5.21","2,0","12.52","2,,,0","-2.10","2,,,0"
"USC00351574","2005-04","42.70384","-121.99548","1275.3","CHILOQUIN 12 NW FORT KLAMATH, OR US","","","0.0","1,0","10","1,0","5","1,0","0","1,0","1","5,0","1","3,0","0","1,0","15","1,0","0","1,0","1","1,0","0","1,0","","","20050420","+,1,0","20050408",",5,0","20050408",",3,0","","","20050428",",1,0","20050428",",1,0","-7.8","1,0,20,+","102","5,,0,08,","102","3,,0,08,","12.7","1,,0,28,","21.1","1,0,28,","","","356.0","1,0","51.4","1,,,0","102","3,,,0","6.06","1,0","13.36","1,,,0","-1.24","1,,,0"
"USC00351574","2005-05","42.70384","-121.99548","1275.3","CHILOQUIN 12 NW FORT KLAMATH, OR US","","","0.0","4,0","10","5,0","7","5,0","0","5,0","0",",0","0",",0","0","4,0","2","4,0","0","4,0","8","4,0","0","4,0","","","20050511",",4,0","20050509",",,0","20050509",",,0","","","20050508",",5,0","20050528",",4,0","-1.1","4,0,11,","0",",T,0,09,","0",",T,0,09,","20.3","5,,0,08,","29.4","4,0,28,","","","196.9","4,0","82.9","3,a,,0","0",",T,,0","11.04","4,0","18.80","4,,,0","3.28","4,,,0"
"USC00351574","2005-06","42.70384","-121.99548","1275.3","CHILOQUIN 12 NW FORT KLAMATH, OR US","","","0.0",",0","3",",0","2",",0","0",",0","0",",0","0",",0","0",",0","10",",0","0",",0","19",",0","0",",0","","","20050612","+,,0","20050630","+,,0","20050630","+,,0","","","20050619",",,0","20050625",",,0","-2.8",",0,12,+","0",",,0,30,+","0",",,0,30,+","5.1",",,0,19,","28.3",",0,25,","","","221.4",",0","8.1",",,,0","0",",,,0","10.95",",0","20.96",",,,0","0.95",",,,0"
"USC00351574","2005-07","42.70384","-121.99548","1275.3","CHILOQUIN 12 NW FORT KLAMATH, OR US","","","14.0","2,0","0",",0","0",",0","0",",0","0",",0","0",",0","0","2,0","0","2,0","0","2,0","29","2,0","13","2,0","","","20050706","+,2,0","20050731","+,,0","20050731","+,,0","","","20050710","+,,0","20050728","+,2,0","1.1","2,0,06,+","0",",,0,31,+","0",",,0,31,+","0.0",",T,0,10,+","35.0","2,0,28,+","28.7","","28.7","2,0","0.0",",T,,0","0",",,,0","17.82","2,0","31.29","2,,,0","4.36","2,,,0"
"USC00351574","2005-09","42.70384","-121.99548","1275.3","CHILOQUIN 12 NW FORT KLAMATH, OR US","","","0.0","2,0","2","1,0","2","1,0","0","1,0","0",",0","0",",0","0","1,0","23","1,0","0","2,0","23","2,0","1","2,0","","","20050930",",1,0","20050930","+,,0","20050930","+,,0","","","20050924",",1,0","20050902",",2,0","-5.6","1,0,30,","0",",,0,30,+","0",",,0,30,+","7.6","1,,0,24,","32.2","2,0,02,","","","192.2","2,0","10.1","1,,,0","0",",,,0","11.44","2,0","25.12","2,,,0","-2.24","1,,,0"
"USC00351574","2005-10","42.70384","-121.99548","1275.3","CHILOQUIN 12 NW FORT KLAMATH, OR US","","","0.0","2,0","3","2,0","2","2,0","0","2,0","0","2,0","0","2,0","0","2,0","28","2,0","0","2,0","13","2,0","0","2,0","","","20051031","+,2,0","20051031","+,2,0","20051031","+,2,0","","","20051028",",2,0","20051001",",2,0","-8.3","2,0,31,+","0","2,,0,31,+","0","2,,0,31,+","5.1","2,,0,28,","28.9","2,0,01,","","","337.6","2,0","8.1","2,,,0","0","2,,,0","6.69","2,0","18.22","2,,,0","-4.83","2,,,0"
"USC00351574","2006-01","42.70384","-121.99548","1275.3","CHILOQUIN 12 NW FORT KLAMATH, OR US","0.0","0","0.0","2,0","18","1,0","14","1,0","1","1,0","29","2,0","13","2,0","2","2,0","28","2,0","0","1,0","0","1,0","0","1,0","","","20060124","+,2,0","20060129",",2,0","20060128",",2,0","","","20060111",",1,0","20060125",",1,0","-17.8","2,0,24,+","991","2,,0,29,","127","2,,0,28,","33.0","1,,0,11,","6.7","1,0,25,","","","597.4","1,0","165.4","1,,,0","891","2,,,0","-2.26","2,0","4.24","1,,,0","-8.77","2,,,0"
"USC00351574","2006-02","42.70384","-121.99548","1275.3","CHILOQUIN 12 NW FORT KLAMATH, OR US","0.0","0","0.0","3,0","5","2,0","4","2,0","0","2,0","26","2,0","1","2,0","5","2,0","26","2,0","1","3,0","0","3,0","0","3,0","","","20060221","+,2,0","20060206","+,2,0","20060205",",2,0","","","20060228",",2,0","20060226","+,3,0","-20.6","2,0,21,+","813","2,,0,06,+","25","2,,0,05,","20.3","2,,0,28,","11.7","3,0,26,+","","","527.0","3,0","36.8","2,,,0","25","2,,,0","-2.80","3,0","6.73","3,,,0","-12.33","2,,,0"
"USC00351574","2006-03","42.70384","-121.99548","1275.3","CHILOQUIN 12 NW FORT KLAMATH, OR US","0.0","0","0.0",",0","9",",0","4",",0","0",",0","29","2,0","5","1,0","6",",0","31",",0","0",",0","0",",0","0",",0","","","20060310",",,0","20060314","+,2,0","20060307",",1,0","","","20060325",",,0","20060325",",,0","-24.4",",0,10,","838","2,,0,14,+","127","1,,0,07,","8.9",",,0,25,","10.6",",0,25,","","","620.4",",0","30.3",",,,0","317","1,,,0","-1.68",",0","7.03",",,,0","-10.39",",,,0"
"USC00351574","2006-04","42.70384","-121.99548","1275.3","CHILOQUIN 12 NW FORT KLAMATH, OR US","0.0","0","0.0","1,0","11","1,0","2","1,0","0","1,0","8","1,0","1","1,0","0","1,0","23","1,0","0","1,0","4","1,0","0","1,0","","","20060419","+,1,0","20060402","+,1,0","20060402",",1,0","","","20060403",",1,0","20060429",",1,0","-5.6","1,0,19,+","381","1,,0,02,+","25","1,,0,02,","8.9","1,,0,03,","26.7","1,0,29,","","","357.4","1,0","25.8","1,,,0","25","1,,,0","6.01","1,0","13.74","1,,,0","-1.72","1,,,0"
"USC00351574","2006-05","42.70384","-121.99548","1275.3","CHILOQUIN 12 NW FORT KLAMATH, OR US","0.8","0","0.8","1,0","7","1,0","4","1,0","0","1,0","0","1,0","0","1,0","0","1,0","18","1,0","0","1,0","13","1,0","1","1,0","","","20060513","+,1,0","20060531","+,1,0","20060527","+,1,0","","","20060527","+,1,0","20060517",",1,0","-5.0","1,0,13,+","0","1,,0,31,+","0","1,T,0,27,+","3.8","1,,0,27,+","32.2","1,0,17,","","","238.6","1,0","15.5","1,,,0","0","1,T,,0","10.41","1,0","20.94","1,,,0","-0.13","1,,,0"
"USC00351574","2006-06","42.70384","-121.99548","1275.3","CHILOQUIN 12 NW FORT KLAMATH, OR US","17.2","0","16.4","3,0","4","3,0","3","3,0","0","3,0","0",",0","0",",0","0","3,0","7","3,0","0","3,0","25","3,0","7","3,0","","","20060620","+,3,0","20060630","+,,0","20060630","+,,0","","","20060602",",3,0","20060626",",3,0","-1.1","3,0,20,+","0",",,0,30,+","0",",,0,30,+","5.1","3,,0,02,","36.7","3,0,26,","","","99.2","3,0","10.6","3,,,0","0",",,,0","15.26","3,0","27.79","3,,,0","2.74","3,,,0"
"USC00351574","2006-07","42.70384","-121.99548","1275.3","CHILOQUIN 12 NW FORT KLAMATH, OR US","67.9","0","50.7","1,0","0",",0","0",",0","0",",0","0",",0","0",",0","0","1,0","1","1,0","0",",0","31",",0","21",",0","","","20060707",",1,0","20060731","+,,0","20060731","+,,0","","","20060731","+,,0","20060723",",,0","0.0","1,0,07,","0",",,0,31,+","0",",,0,31,+","0.0",",,0,31,+","38.9",",0,23,","13.8","0","13.8",",0","0.0",",,,0","0",",,,0","19.43","1,0","33.12",",,,0","5.74","1,,,0"
"USC00351574","2006-08","42.70384","-121.99548","1275.3","CHILOQUIN 12 NW FORT KLAMATH, OR US","71.7","0","3.8",",0","1",",0","0",",0","0",",0","0",",0","0",",0","0",",0","2",",0","0",",0","31",",0","8",",0","","","20060831","+,,0","20060831","+,,0","20060831","+,,0","","","20060807",",,0","20060829","+,,0","-1.7",",0,31,+","0",",,0,31,+","0",",,0,31,+","0.3",",,0,07,","34.4",",0,29,+","85.9","0","72.1",",0","0.3",",,,0","0",",,,0","16.13",",0","29.87",",,,0","2.40",",,,0"
"USC00351574","2006-09","42.70384","-121.99548","1275.3","CHILOQUIN 12 NW FORT KLAMATH, OR US","71.7","0","0.0","3,0","1","2,0","0","2,0","0","2,0","0",",0","0",",0","0","3,0","20","3,0","0","2,0","22","2,0","4","2,0","","","20060920",",3,0","20060930","+,,0","20060930","+,,0","","","20060916",",2,0","20060913",",2,0","-5.6","3,0,20,","0",",,0,30,+","0",",,0,30,+","1.3","2,,0,16,","32.8","2,0,13,","245.3","0","159.4","2,0","1.3","2,,,0","0",",,,0","12.45","3,0","26.23","2,,,0","-1.33","3,,,0"
"USC00351574","2006-10","42.70384","-121.99548","1275.3","CHILOQUIN 12 NW FORT KLAMATH, OR US","","","","","3","5,0","0","5,0","0","5,0","0","5,0","0","5,0","","","","","","","","","","","","","","","20061031","+,5,0","20061031","+,5,0","","","20061016","+,5,0","","","","","0","5,,0,31,+","0","5,,0,31,+","1.3","5,,0,16,+","","","","","","","2.9","5,,,0","0","5,,,0","","","","","",""
"USC00351574","2006-12","42.70384","-121.99548","1275.3","CHILOQUIN 12 NW FORT KLAMATH, OR US","","","","","","","","","","","","","3","5,0","","","","","","","","","","","","","","","","","20061227",",5,0","","","","","","","","","","","89","5,,0,27,","","","","","","","","","107.1","3,a,,0","229","5,,,0","","","","","",""
"USC00351574","2007-01","42.70384","-121.99548","1275.3","CHILOQUIN 12 NW FORT KLAMATH, OR US","","","","","3","5,0","2","5,0","0","5,0","","","3","5,0","7","5,0","26","5,0","","","","","","","","","20070113",",5,0","","","20070104",",5,0","","","20070104",",5,0","","","-23.9","5,0,13,","","","127","5,,0,04,","16.5","5,,0,04,","","","","","","","24.4","5,,,0","203","5,,,0","","","","","-14.80","5,,,0"
"USC00351574","2007-02","42.70384","-121.99548","1275.3","CHILOQUIN 12 NW FORT KLAMATH, OR US","","","0.0","3,0","11","3,0","6","3,0","0","3,0","9","3,0","5","3,0","0","3,0","24","3,0","0","3,0","0","3,0","0","3,0","","","20070202",",3,0","20070225",",3,0","20070222",",3,0","","","20070225","+,3,0","20070218",",3,0","-15.6","3,0,02,","381","3,,0,25,","178","3,,0,22,","7.1","3,,0,25,+","11.7","3,0,18,","","","461.6","3,0","36.8","3,,,0","508","3,,,0","-0.13","3,0","6.48","3,,,0","-6.74","3,,,0"
"USC00351574","2007-03","42.70384","-121.99548","1275.3","CHILOQUIN 12 NW FORT KLAMATH, OR US","","","0.0","5,0","5","5,0","0","5,0","0","5,0","9","5,0","2","5,0","0","5,0","26","5,0","0","5,0","0","5,0","0","5,0","","","20070305",",5,0","20070302",",5,0","20070310","+,5,0","","","20070302",",5,0","20070318",",5,0","-10.6","5,0,05,","381","5,,0,02,","25","5,,0,10,+","2.3","5,,0,02,","20.0","5,0,18,","","","376.5","5,0","6.1","5,,,0","63","5,,,0","3.85","5,0","13.39","5,,,0","-5.68","5,,,0"
"USC00351574","2007-04","42.70384","-121.99548","1275.3","CHILOQUIN 12 NW FORT KLAMATH, OR US","","","","","","","","","","","","","","","","","","","","","","","","","","","","","","","","","","","","","","","","","","","","","","","","","","","","","43.1","4,a,,0","","","","","","","",""
"USC00351574","2007-05","42.70384","-121.99548","1275.3","CHILOQUIN 12 NW FORT KLAMATH, OR US","","","0.0","2,0","5",",0","2",",0","0",",0","0",",0","0",",0","0","2,0","20","2,0","0","2,0","19","2,0","0","2,0","","","20070505",",2,0","20070520",",,0","20070520","+,,0","","","20070502",",,0","20070527","+,2,0","-6.7","2,0,05,","0",",T,0,20,","0",",T,0,20,+","7.6",",,0,02,","27.8","2,0,27,+","","","247.8","2,0","14.4",",,,0","0",",T,,0","9.79","2,0","20.77","2,,,0","-1.20","2,,,0"
"USC00351574","2007-06","42.70384","-121.99548","1275.3","CHILOQUIN 12 NW FORT KLAMATH, OR US","","","0.0",",0","4",",0","0",",0","0",",0","0",",0","0",",0","0",",0","16",",0","0",",0","26",",0","0",",0","","","20070611",",,0","20070630","+,,0","20070630","+,,0","","","20070610",",,0","20070620","+,,0","-3.9",",0,11,","0",",,0,30,+","0",",,0,30,+","1.5",",,0,10,","31.1",",0,20,+","","","157.0",",0","4.4",",,,0","0",",,,0","13.10",",0","25.69",",,,0","0.51",",,,0"
"USC00351574","2007-09","42.70384","-121.99548","1275.3","CHILOQUIN 12 NW FORT KLAMATH, OR US","","","","","3","5,0","1","5,0","0","5,0","0",",0","0",",0","","","","","","","","","","","","","","","20070930","+,,0","20070930","+,,0","","","20070920",",5,0","","","","","0",",,0,30,+","0",",,0,30,+","2.5","5,,0,20,","","","","","","","4.6","5,,,0","0",",,,0","","","","","",""
"USC00351574","2007-10","42.70384","-121.99548","1275.3","CHILOQUIN 12 NW FORT KLAMATH, OR US","","","","","","","","","","","0","5,0","0","5,0","","","","","","","","","","","","","","","20071031","+,5,0","20071031","+,5,0","","","","","","","","","0","5,,0,31,+","0","5,,0,31,+","","","","","","","","","57.9","5,a,,0","0","5,,,0","","","","","",""
"USC00351574","2007-11","42.70384","-121.99548","1275.3","CHILOQUIN 12 NW FORT KLAMATH, OR US","","","0.0",",0","7",",0","5",",0","0",",0","0",",0","0",",0","0",",0","26",",0","0",",0","0",",0","0",",0","","","20071130","+,,0","20071129",",,0","20071127",",,0","","","20071111",",,0","20071106",",,0","-12.8",",0,30,+","0",",T,0,29,","3",",,0,27,","16.0",",,0,11,","18.9",",0,06,","","","466.7",",0","62.6",",,,0","3",",,,0","2.78",",0","11.94",",,,0","-6.39",",,,0"
"USC00351574","2007-12","42.70384","-121.99548","1275.3","CHILOQUIN 12 NW FORT KLAMATH, OR US","","","0.0","2,0","12",",0","10",",0","2",",0","","","2","4,0","3","1,0","29","1,0","5","1,0","0","1,0","0","1,0","","","20071231",",1,0","","","20071217",",4,0","","","20071220",",,0","20071205",",1,0","-21.1","1,0,31,","","","76","4,,0,17,","34.5",",,0,20,","12.8","1,0,05,","","","640.9","1,0","132.1",",,,0","110","4,,,0","-3.71","2,0","2.76","1,,,0","-10.19","1,,,0"
"USC00351574","2008-05","42.70384","-121.99548","1275.3","CHILOQUIN 12 NW FORT KLAMATH, OR US","","","","","","","","","","","0","1,0","0",",0","","","","","","","","","","","","","","","20080531","+,1,0","20080531","+,,0","","","","","","","","","0","1,,0,31,+","0",",,0,31,+","","","","","","","","","","","0",",,,0","","","","","",""
"USC00351574","2008-10","42.70384","-121.99548","1275.3","CHILOQUIN 12 NW FORT KLAMATH, OR US","","","0.0","1,0","5",",0","2",",0","1",",0","0","1,0","0",",0","0",",0","24",",0","0","1,0","8","1,0","0","1,0","","","20081012",",,0","20081031","+,1,0","20081010",",,0","","","20081004",",,0","20081003",",1,0","-8.9",",0,12,","0","1,,0,31,+","0",",T,0,10,","31.2",",,0,04,","28.3","1,0,03,","","","307.9","1,0","39.1",",,,0","0",",T,,0","8.22","1,0","18.40","1,,,0","-1.96",",,,0"
"USC00351574","2008-11","42.70384","-121.99548","1275.3","CHILOQUIN 12 NW FORT KLAMATH, OR US","","","0.0",",0","12",",0","6",",0","0",",0","4",",0","2",",0","0",",0","25",",0","0",",0","0",",0","0",",0","","","20081124",",,0","20081106","+,,0","20081104",",,0","","","20081106",",,0","20081118","+,,0","-7.2",",0,24,","102",",,0,06,+","102",",,0,04,","21.3",",,0,06,","17.2",",0,18,+","","","418.0",",0","72.5",",,,0","160",",,,0","4.40",",0","10.89",",,,0","-2.09",",,,0"
"USC00351574","2008-12","42.70384","-121.99548","1275.3","CHILOQUIN 12 NW FORT KLAMATH, OR US","","","0.0",",0","19",",0","11",",0","1",",0","19",",0","11",",0","3",",0","30",",0","6",",0","0",",0","0",",0","","","20081217","+,,0","20081227",",,0","20081225",",,0","","","20081228",",,0","20081201",",,0","-22.2",",0,17,+","686",",,0,27,","229",",,0,25,","25.9",",,0,28,","13.3",",0,01,","","","624.9",",0","136.5",",,,0","1133",",,,0","-1.82",",0","4.33",",,,0","-7.98",",,,0"
"USC00351574","2009-01","42.70384","-121.99548","1275.3","CHILOQUIN 12 NW FORT KLAMATH, OR US","0.0","0","0.0",",0","12",",0","4",",0","0",",0","31",",0","1",",0","1",",0","29",",0","0",",0","0",",0","0",",0","","","20090104",",,0","20090107","+,,0","20090105",",,0","","","20090105",",,0","20090102",",,0","-17.8",",0,04,","330",",,0,07,+","76",",,0,05,","14.2",",,0,05,","10.0",",0,02,","","","596.2",",0","42.7",",,,0","86",",,,0","-0.90",",0","6.13",",,,0","-7.93",",,,0"
"USC00351574","2009-02","42.70384","-121.99548","1275.3","CHILOQUIN 12 NW FORT KLAMATH, OR US","0.0","0","0.0",",0","15",",0","8",",0","0",",0","28",",0","5",",0","0",",0","28",",0","1",",0","0",",0","0",",0","","","20090212",",,0","20090217","+,,0","20090211",",,0","","","20090223",",,0","20090204",",,0","-16.1",",0,12,","457",",,0,17,+","229",",,0,11,","15.0",",,0,23,","14.4",",0,04,","","","507.1",",0","54.6",",,,0","404",",,,0","0.22",",0","6.30",",,,0","-5.86",",,,0"
"USC00351574","2009-03","42.70384","-121.99548","1275.3","CHILOQUIN 12 NW FORT KLAMATH, OR US","0.0","0","0.0",",0","13",",0","6",",0","0",",0","24",",0","1",",0","0",",0","29",",0","0",",0","0",",0","0",",0","","","20090309",",,0","20090305","+,,0","20090304",",,0","","","20090316",",,0","20090328",",,0","-15.0",",0,09,","356",",,0,05,+","142",",,0,04,","19.1",",,0,16,","16.7",",0,28,","","","520.3",",0","58.4",",,,0","213",",,,0","1.55",",0","8.16",",,,0","-5.06",",,,0"
"USC00351574","2009-04","42.70384","-121.99548","1275.3","CHILOQUIN 12 NW FORT KLAMATH, OR US","0.0","0","0.0",",0","7",",0","1",",0","0",",0","1",",0","0",",0","0",",0","24",",0","0",",0","4",",0","0",",0","","","20090404",",,0","20090403",",,0","20090403",",,0","","","20090410",",,0","20090422",",,0","-10.0",",0,04,","25",",,0,03,","15",",,0,03,","4.6",",,0,10,","27.8",",0,22,","","","390.4",",0","11.7",",,,0","15",",,,0","5.32",",0","13.47",",,,0","-2.83",",,,0"
"USC00351574","2009-05","42.70384","-121.99548","1275.3","CHILOQUIN 12 NW FORT KLAMATH, OR US","1.1","0","1.1",",0","11",",0","7",",0","1",",0","1",",0","1",",0","0",",0","11",",0","0",",0","15",",0","0",",0","","","20090513",",,0","20090503",",,0","20090503",",,0","","","20090503",",,0","20090529",",,0","-5.6",",0,13,","51",",,0,03,","51",",,0,03,","26.7",",,0,03,","29.4",",0,29,","","","239.9",",0","69.6",",,,0","51",",,,0","10.63",",0","19.87",",,,0","1.39",",,,0"
"USC00351574","2009-06","42.70384","-121.99548","1275.3","CHILOQUIN 12 NW FORT KLAMATH, OR US","1.1","0","0.0","1,0","8",",0","6",",0","0",",0","0",",0","0",",0","0","1,0","3","1,0","0","1,0","21","1,0","0","1,0","","","20090622",",1,0","20090630","+,,0","20090630","+,,0","","","20090603",",,0","20090630","+,1,0","-2.8","1,0,22,","0",",,0,30,+","0",",,0,30,+","11.2",",,0,03,","29.4","1,0,30,+","","","140.1","1,0","41.2",",,,0","0",",,,0","13.50","1,0","22.47","1,,,0","4.53","1,,,0"
"USC00351574","2009-07","42.70384","-121.99548","1275.3","CHILOQUIN 12 NW FORT KLAMATH, OR US","27.0","0","25.9",",0","0",",0","0",",0","0",",0","0",",0","0",",0","0",",0","1",",0","0",",0","31",",0","13",",0","","","20090708",",,0","20090731","+,,0","20090731","+,,0","","","20090731","+,,0","20090731","+,,0","0.0",",0,08,","0",",,0,31,+","0",",,0,31,+","0.0",",,0,31,+","35.0",",0,31,+","45.4","0","45.4",",0","0.0",",,,0","0",",,,0","17.70",",0","29.94",",,,0","5.47",",,,0"
"USC00351574","2009-08","42.70384","-121.99548","1275.3","CHILOQUIN 12 NW FORT KLAMATH, OR US","47.6","0","20.6","3,0","4",",0","1",",0","0",",0","0",",0","0",",0","0","3,0","4","3,0","0","3,0","26","3,0","5","3,0","","","20090815",",3,0","20090831","+,,0","20090831","+,,0","","","20090803",",,0","20090820","+,3,0","-1.7","3,0,15,","0",",,0,31,+","0",",,0,31,+","7.6",",,0,03,","35.6","3,0,20,+","119.8","0","74.4","3,0","10.4",",,,0","0",",,,0","16.41","3,0","28.40","3,,,0","4.42","3,,,0"
"USC00351574","2009-09","42.70384","-121.99548","1275.3","CHILOQUIN 12 NW FORT KLAMATH, OR US","52.0","0","4.4","3,0","2",",0","0",",0","0",",0","0",",0","0",",0","0","2,0","11","2,0","0","2,0","26","2,0","4","2,0","","","20090907",",2,0","20090930","+,,0","20090930","+,,0","","","20090913",",,0","20090913",",2,0","-3.9","2,0,07,","0",",,0,30,+","0",",,0,30,+","1.0",",,0,13,","33.9","2,0,13,","231.3","0","111.5","2,0","1.8",",,,0","0",",,,0","14.37","3,0","27.36","2,,,0","1.38","2,,,0"
"USC00351574","2009-10","42.70384","-121.99548","1275.3","CHILOQUIN 12 NW FORT KLAMATH, OR US","52.0","0","0.0","1,0","10","2,0","3","2,0","0","2,0","0",",0","0",",0","0","1,0","24","1,0","0","1,0","5","1,0","0","1,0","","","20091028",",1,0","20091031","+,,0","20091027",",,0","","","20091014",",2,0","20091010",",1,0","-9.4","1,0,28,","0",",,0,31,+","13",",,0,27,","6.1","2,,0,14,","23.3","1,0,10,","586.9","0","355.6","1,0","15.5",",a,,0","13",",,,0","6.48","1,0","16.08","1,,,0","-3.12","1,,,0"
"USC00351574","2009-11","42.70384","-121.99548","1275.3","CHILOQUIN 12 NW FORT KLAMATH, OR US","52.0","0","0.0","1,0","13",",0","5",",0","0",",0","12",",0","3",",0","0","1,0","27","1,0","0","1,0","0","1,0","0","1,0","","","20091113",",1,0","20091129","+,,0","20091122","+,,0","","","20091122",",,0","20091104",",1,0","-14.4","1,0,13,","25",",,0,29,+","25",",,0,22,+","16.8",",,0,22,","19.4","1,0,04,","1082.7","0","495.8","1,0","40.0",",,,0","75",",,,0","1.24","1,0","8.24","1,,,0","-5.77","1,,,0"
"USC00351574","2009-12","42.70384","-121.99548","1275.3","CHILOQUIN 12 NW FORT KLAMATH, OR US","52.0","0","0.0",",0","13",",0","6",",0","1",",0","18",",0","4",",0","3",",0","30",",0","6",",0","0",",0","0",",0","","","20091209",",,0","20091231",",,0","20091230",",,0","","","20091215",",,0","20091202",",,0","-22.2",",0,09,","432",",,0,31,","203",",,0,30,","40.4",",,0,15,","10.6",",0,02,","1756.3","0","673.6",",0","105.4",",,,0","603",",,,0","-3.40",",0","3.10",",,,0","-9.89",",,,0"
"USC00351574","2010-01","42.70384","-121.99548","1275.3","CHILOQUIN 12 NW FORT KLAMATH, OR US","0.0","0","0.0",",0","17",",0","7",",0","1",",0","28",",0","3",",0","0",",0","27",",0","0",",0","0",",0","0",",0","","","20100128","+,,0","20100101",",,0","20100124",",,0","","","20100101",",,0","20100116","+,,0","-9.4",",0,28,+","356",",,0,01,","203",",,0,24,","31.8",",,0,01,","8.3",",0,16,+","2282.6","0","526.3",",0","94.8",",,,0","274",",,,0","1.35",",0","5.39",",,,0","-2.68",",,,0"
"USC00351574","2010-02","42.70384","-121.99548","1275.3","CHILOQUIN 12 NW FORT KLAMATH, OR US","0.0","0","0.0",",0","16",",0","7",",0","0",",0","28",",0","3",",0","0",",0","25",",0","0",",0","0",",0","0",",0","","","20100222",",,0","20100203",",,0","20100224",",,0","","","20100224",",,0","20100228",",,0","-13.3",",0,22,","305",",,0,03,","127",",,0,24,","21.8",",,0,24,","11.1",",0,28,","2751.2","0","468.6",",0","56.0",",,,0","262",",,,0","1.60",",0","7.08",",,,0","-3.89",",,,0"
"USC00351574","2010-03","42.70384","-121.99548","1275.3","CHILOQUIN 12 NW FORT KLAMATH, OR US","0.0","0","0.0",",0","12",",0","5",",0","0",",0","7",",0","3",",0","0",",0","26",",0","0",",0","0",",0","0",",0","","","20100309",",,0","20100330",",,0","20100330",",,0","","","20100330",",,0","20100325","+,,0","-12.8",",0,09,","127",",,0,30,","127",",,0,30,","12.2",",,0,30,","18.3",",0,25,+","3224.7","0","473.5",",0","37.0",",,,0","249",",,,0","3.06",",0","10.62",",,,0","-4.50",",,,0"
"USC00351574","2010-04","42.70384","-121.99548","1275.3","CHILOQUIN 12 NW FORT KLAMATH, OR US","0.0","0","0.0","1,0","16","1,0","5","1,0","0","1,0","5","1,0","2","1,0","0","1,0","26","1,0","0","1,0","1","1,0","0","1,0","","","20100409","+,1,0","20100402",",1,0","20100402",",1,0","","","20100427",",1,0","20100419",",1,0","-10.0","1,0,09,+","102","1,,0,02,","102","1,,0,02,","11.4","1,,0,27,","21.1","1,0,19,","3644.4","0","419.7","1,0","38.2","1,,,0","148","1,,,0","3.86","1,0","11.31","1,,,0","-3.59","1,,,0"
"USC00351574","2010-05","42.70384","-121.99548","1275.3","CHILOQUIN 12 NW FORT KLAMATH, OR US","0.0","0","0.0","1,0","12",",0","5",",0","0",",0","0",",0","0",",0","0","1,0","19","1,0","0","1,0","2","1,0","0","1,0","","","20100506",",1,0","20100531","+,,0","20100522",",,0","","","20100526",",,0","20100516",",1,0","-10.0","1,0,06,","0",",,0,31,+","13",",,0,22,","7.1",",,0,26,","22.8","1,0,16,","3995.1","0","350.7","1,0","27.1",",,,0","21",",,,0","6.64","1,0","14.51","1,,,0","-1.22","1,,,0"
"USC00351574","2010-06","42.70384","-121.99548","1275.3","CHILOQUIN 12 NW FORT KLAMATH, OR US","0.0","0","0.0","2,0","8",",0","3",",0","0",",0","0",",0","0",",0","0","2,0","3","2,0","0","2,0","17","2,0","0","2,0","","","20100611",",2,0","20100630","+,,0","20100630","+,,0","","","20100604",",,0","20100628","+,2,0","-3.3","2,0,11,","0",",,0,30,+","0",",,0,30,+","21.3",",,0,04,","28.9","2,0,28,+","4150.6","0","155.5","2,0","29.2",",,,0","0",",,,0","12.78","2,0","21.80","2,,,0","3.75","2,,,0"
"USC00351574","2010-07","42.70384","-121.99548","1275.3","CHILOQUIN 12 NW FORT KLAMATH, OR US","15.7","0","15.7","1,0","3",",0","0",",0","0",",0","0",",0","0",",0","0","1,0","4","1,0","0",",0","31",",0","5",",0","","","20100703",",1,0","20100731","+,,0","20100731","+,,0","","","20100727",",,0","20100725",",,0","-2.2","1,0,03,","0",",,0,31,+","0",",,0,31,+","0.5",",,0,27,","34.4",",0,25,","45.1","0","45.1",",0","1.1",",,,0","0",",,,0","17.38","1,0","29.65",",,,0","5.11","1,,,0"
"USC00351574","2010-08","42.70384","-121.99548","1275.3","CHILOQUIN 12 NW FORT KLAMATH, OR US","26.0","0","10.3",",0","4",",0","0",",0","0",",0","0",",0","0",",0","0",",0","6",",0","0",",0","28",",0","5",",0","","","20100829",",,0","20100831","+,,0","20100831","+,,0","","","20100830",",,0","20100816",",,0","-3.3",",0,29,","0",",,0,31,+","0",",,0,31,+","2.0",",,0,30,","35.0",",0,16,","144.9","0","99.8",",0","4.8",",,,0","0",",,,0","15.45",",0","27.75",",,,0","3.14",",,,0"
"USC00351574","2010-09","42.70384","-121.99548","1275.3","CHILOQUIN 12 NW FORT KLAMATH, OR US","26.0","0","0.0",",0","10",",0","3",",0","0",",0","0",",0","0",",0","0",",0","13",",0","0",",0","23",",0","0",",0","","","20100910","+,,0","20100930","+,,0","20100930","+,,0","","","20100919",",,0","20100930",",,0","-4.4",",0,10,+","0",",,0,30,+","0",",,0,30,+","21.3",",,0,19,","31.1",",0,30,","322.3","0","177.4",",0","36.5",",,,0","0",",,,0","12.42",",0","23.96",",,,0","0.88",",,,0"
"USC00351574","2010-10","42.70384","-121.99548","1275.3","CHILOQUIN 12 NW FORT KLAMATH, OR US","26.0","0","0.0",",0","12",",0","8",",0","1",",0","1",",0","0",",0","0",",0","19",",0","0",",0","11",",0","0",",0","","","20101027",",,0","20101026",",,0","20101026",",,0","","","20101024",",,0","20101002","+,,0","-8.3",",0,27,","25",",,0,26,","8",",,0,26,","38.1",",,0,24,","30.0",",0,02,+","622.3","0","300.0",",0","90.3",",,,0","8",",,,0","8.66",",0","18.08",",,,0","-0.77",",,,0"
"USC00351574","2010-11","42.70384","-121.99548","1275.3","CHILOQUIN 12 NW FORT KLAMATH, OR US","26.0","0","0.0","1,0","12",",0","9",",0","0",",0","12",",0","5",",0","2","1,0","25","1,0","4",",0","1",",0","0",",0","","","20101124",",1,0","20101127",",,0","20101127",",,0","","","20101127",",,0","20101103",",,0","-18.9","1,0,24,","381",",,0,27,","229",",,0,27,","17.8",",,0,27,","21.1",",0,03,","1124.2","0","501.9",",0","69.8",",,,0","623",",,,0","1.17","1,0","7.09",",,,0","-4.75","1,,,0"
"USC00351574","2010-12","42.70384","-121.99548","1275.3","CHILOQUIN 12 NW FORT KLAMATH, OR US","26.0","0","0.0",",0","22",",0","16",",0","1",",0","31",",0","10",",0","1",",0","28",",0","3",",0","0",",0","0",",0","","","20101231",",,0","20101229",",,0","20101229",",,0","","","20101229",",,0","20101213",",,0","-22.8",",0,31,","559",",,0,29,","213",",,0,29,","37.6",",,0,29,","11.1",",0,13,","1693.9","0","569.7",",0","186.4",",,,0","995",",,,0","-0.05",",0","4.40",",,,0","-4.49",",,,0"
"USC00351574","2011-01","42.70384","-121.99548","1275.3","CHILOQUIN 12 NW FORT KLAMATH, OR US","0.0","7","0.0",",7","10",",7","7",",7","0",",7","31",",7","2",",7","4",",7","29",",7","8",",7","0",",7","0",",7","","","20110110",",,7","20110112",",,7","20110101",",,7","","","20110116",",,7","20110129",",,7","-22.2",",7,10,","559",",,7,12,","41",",,7,01,","18.3",",,7,16,","13.3",",7,29,","2331.4","7","637.5",",7","69.7",",,,7","91",",,,7","-2.23",",7","4.95",",,,7","-9.42",",,,7"
"USC00351574","2011-02","42.70384","-121.99548","1275.3","CHILOQUIN 12 NW FORT KLAMATH, OR US","0.0","7","0.0","1,7","11",",7","4",",7","0",",7","28",",7","3",",7","1","1,7","23","1,7","3",",7","0",",7","0",",7","","","20110226",",1,7","20110226","+,,7","20110224",",,7","","","20110224",",,7","20110213",",,7","-25.6","1,7,26,","203",",,7,26,+","112",",,7,24,","6.3",",,7,24,","15.0",",7,13,","2833.4","7","502.0",",7","24.7",",,,7","242",",,,7","-0.31","1,7","6.07",",,,7","-6.69","1,,,7"
"USC00351574","2011-03","42.70384","-121.99548","1275.3","CHILOQUIN 12 NW FORT KLAMATH, OR US","0.0","7","0.0",",7","26",",7","14",",7","0",",7","26",",7","10",",7","0",",7","20",",7","0",",7","0",",7","0",",7","","","20110317",",,7","20110326",",,7","20110326",",,7","","","20110326",",,7","20110331",",,7","-8.3",",7,17,","254",",,7,26,","157",",,7,26,","18.3",",,7,26,","13.9",",7,31,","3317.7","7","484.3",",7","128.9",",,,7","648",",,,7","2.71",",7","6.88",",,,7","-1.46",",,,7"
"USC00351574","2011-04","42.70384","-121.99548","1275.3","CHILOQUIN 12 NW FORT KLAMATH, OR US","0.0","7","0.0",",7","13",",7","9",",7","0",",7","4",",7","2",",7","0",",7","24",",7","0",",7","0",",7","0",",7","","","20110407",",,7","20110407",",,7","20110407",",,7","","","20110415",",,7","20110402",",,7","-11.1",",7,07,","76",",,7,07,","89",",,7,07,","14.0",",,7,15,","19.4",",7,02,","3754.2","7","436.5",",7","53.8",",,,7","153",",,,7","3.78",",7","10.44",",,,7","-2.87",",,,7"
"USC00351574","2011-05","42.70384","-121.99548","1275.3","CHILOQUIN 12 NW FORT KLAMATH, OR US","0.0","7","0.0",",7","11",",7","6",",7","0",",7","1",",7","1",",7","0",",7","20",",7","0",",7","0",",7","0",",7","","","20110524","+,,7","20110517",",,7","20110517",",,7","","","20110517",",,7","20110521","+,,7","-6.7",",7,24,+","25",",,7,17,","25",",,7,17,","23.6",",,7,17,","20.6",",7,21,+","4115.1","7","360.9",",7","52.6",",,,7","25",",,,7","6.69",",7","14.66",",,,7","-1.28",",,,7"
"USC00351574","2011-06","42.70384","-121.99548","1275.3","CHILOQUIN 12 NW FORT KLAMATH, OR US","1.7","7","1.7","1,7","8",",7","2",",7","0",",7","0","1,7","0","1,7","0","1,7","10","1,7","0","1,7","17","1,7","0","1,7","","","20110608",",1,7","20110630","+,1,7","20110630","+,1,7","","","20110628",",,7","20110623",",1,7","-4.4","1,7,08,","0","1,,7,30,+","0","1,,7,30,+","14.5",",,7,28,","29.4","1,7,23,","4302.0","7","186.9","1,7","23.1",",,,7","0","1,,,7","11.95","1,7","21.43","1,,,7","2.47","1,,,7"
"USC00351574","2011-07","42.70384","-121.99548","1275.3","CHILOQUIN 12 NW FORT KLAMATH, OR US","8.9","7","7.2",",7","6",",7","2",",7","0",",7","0",",7","0",",7","0",",7","3",",7","0",",7","29",",7","3",",7","","","20110714","+,,7","20110731","+,,7","20110731","+,,7","","","20110719",",,7","20110730","+,,7","0.0",",7,14,+","0",",,7,31,+","0",",,7,31,+","8.6",",,7,19,","32.2",",7,30,+","94.9","7","94.9",",7","14.0",",,,7","0",",,,7","15.50",",7","26.24",",,,7","4.77",",,,7"
"USC00351574","2011-08","42.70384","-121.99548","1275.3","CHILOQUIN 12 NW FORT KLAMATH, OR US","10.9","7","2.0",",7","1",",7","0",",7","0",",7","0",",7","0",",7","0",",7","3",",7","0",",7","31",",7","1",",7","","","20110815","+,,7","20110831","+,,7","20110831","+,,7","","","20110825",",,7","20110821",",,7","0.0",",7,15,+","0",",,7,31,+","0",",,7,31,+","0.3",",,7,25,","32.8",",7,21,","147.4","7","52.5",",7","0.3",",,,7","0",",,,7","16.70",",7","29.03",",,,7","4.38",",,,7"
"USC00351574","2011-09","42.70384","-121.99548","1275.3","CHILOQUIN 12 NW FORT KLAMATH, OR US","15.9","7","5.0",",7","3",",7","0",",7","0",",7","0",",7","0",",7","0",",7","12",",7","0",",7","29",",7","3",",7","","","20110901",",,7","20110930","+,,7","20110930","+,,7","","","20110909",",,7","20110912","+,,7","-3.9",",7,01,","0",",,7,30,+","0",",,7,30,+","0.8",",,7,09,","32.8",",7,12,+","263.9","7","116.5",",7","1.4",",,,7","0",",,,7","14.62",",7","27.46",",,,7","1.77",",,,7"
"USC00351574","2011-10","42.70384","-121.99548","1275.3","CHILOQUIN 12 NW FORT KLAMATH, OR US","15.9","7","0.0",",7","18",",7","3",",7","0",",7","0",",7","0",",7","0",",7","22",",7","0",",7","8",",7","0",",7","","","20111026",",,7","20111031","+,,7","20111031","+,,7","","","20111005",",,7","20111001",",,7","-10.0",",7,26,","0",",,7,31,+","0",",,7,31,+","18.8",",,7,05,","27.8",",7,01,","590.4","7","326.5",",7","33.1",",,,7","0",",,,7","7.80",",7","17.65",",,,7","-2.05",",,,7"
"USC00351574","2011-11","42.70384","-121.99548","1275.3","CHILOQUIN 12 NW FORT KLAMATH, OR US","15.9","7","0.0",",7","16",",7","7",",7","0",",7","16",",7","3",",7","0",",7","27",",7","0",",7","0",",7","0",",7","","","20111107",",,7","20111106",",,7","20111106",",,7","","","20111106",",,7","20111101",",,7","-15.6",",7,07,","305",",,7,06,","292",",,7,06,","19.0",",,7,06,","13.9",",7,01,","1108.5","7","518.1",",7","58.2",",,,7","506",",,,7","1.06",",7","7.28",",,,7","-5.15",",,,7"
"USC00351574","2011-12","42.70384","-121.99548","1275.3","CHILOQUIN 12 NW FORT KLAMATH, OR US","15.9","7","0.0",",7","6",",7","3",",7","0",",7","2",",7","1",",7","1",",7","30",",7","0",",7","0",",7","0",",7","","","20111222",",,7","20111231","+,,7","20111215",",,7","","","20111230",",,7","20111229",",,7","-17.8",",7,22,","25",",,7,31,+","25",",,7,15,","14.7",",,7,30,","13.9",",7,29,","1703.7","7","595.2",",7","35.1",",,,7","38",",,,7","-0.87",",7","8.27",",,,7","-10.00",",,,7"
"USC00351574","2012-01","42.70384","-121.99548","1275.3","CHILOQUIN 12 NW FORT KLAMATH, OR US","0.0","7","0.0",",7","12",",7","11",",7","2",",7","16",",7","6",",7","0",",7","29",",7","2",",7","0",",7","0",",7","","","20120117",",,7","20120123",",,7","20120118",",,7","","","20120121",",,7","20120114","+,,7","-15.6",",7,17,","305",",,7,23,","203",",,7,18,","33.3",",,7,21,","12.2",",7,14,+","2272.4","7","568.7",",7","150.9",",,,7","546",",,,7","-0.01",",7","6.70",",,,7","-6.73",",,,7"
"USC00351574","2012-02","42.70384","-121.99548","1275.3","CHILOQUIN 12 NW FORT KLAMATH, OR US","0.0","7","0.0",",7","11",",7","6",",7","0",",7","24",",7","4","1,7","1",",7","28",",7","0",",7","0",",7","0",",7","","","20120226",",,7","20120229",",,7","20120229","+,1,7","","","20120220",",,7","20120225",",,7","-17.8",",7,26,","178",",,7,29,","127","1,,7,29,+","9.7",",,7,20,","14.4",",7,25,","2801.7","7","529.3",",7","41.3",",,,7","396","1,,,7","0.08",",7","7.15",",,,7","-6.99",",,,7"
"USC00351574","2012-03","42.70384","-121.99548","1275.3","CHILOQUIN 12 NW FORT KLAMATH, OR US","0.0","7","0.0",",7","15","3,7","9","3,7","0","3,7","15",",7","7",",7","1",",7","26",",7","0",",7","0",",7","0",",7","","","20120302",",,7","20120301",",,7","20120320",",,7","","","20120320",",3,7","20120310",",,7","-18.3",",7,02,","279",",,7,01,","152",",,7,20,","20.6","3,,7,20,","16.1",",7,10,","3327.5","7","525.8",",7","76.6","3,,,7","515",",,,7","1.37",",7","7.69",",,,7","-4.94",",,,7"
"USC00351574","2012-04","42.70384","-121.99548","1275.3","CHILOQUIN 12 NW FORT KLAMATH, OR US","0.0","7","0.0",",7","16",",7","4",",7","0",",7","3",",7","3",",7","0",",7","14",",7","0",",7","5",",7","0",",7","","","20120406",",,7","20120413",",,7","20120413",",,7","","","20120413",",,7","20120423",",,7","-8.3",",7,06,","51",",,7,13,","51",",,7,13,","5.3",",,7,13,","26.1",",7,23,","3670.6","7","343.1",",7","29.1",",,,7","101",",,,7","6.90",",7","13.71",",,,7","0.08",",,,7"
"USC00351574","2012-05","42.70384","-121.99548","1275.3","CHILOQUIN 12 NW FORT KLAMATH, OR US","0.0","7","0.0",",7","4",",7","2",",7","0",",7","0",",7","0",",7","0",",7","17",",7","0",",7","13",",7","0",",7","","","20120505",",,7","20120531","+,,7","20120531","+,,7","","","20120525",",,7","20120516","+,,7","-7.8",",7,05,","0",",,7,31,+","0",",,7,31,+","5.8",",,7,25,","28.9",",7,16,+","3929.3","7","258.7",",7","12.7",",,,7","0",",,,7","9.99",",7","19.23",",,,7","0.75",",,,7"
"USC00351574","2012-06","42.70384","-121.99548","1275.3","CHILOQUIN 12 NW FORT KLAMATH, OR US","1.4","7","1.4",",7","10",",7","5",",7","0",",7","0",",7","0",",7","0",",7","8",",7","0",",7","16",",7","0",",7","","","20120606",",,7","20120630","+,,7","20120605",",,7","","","20120604",",,7","20120616","+,,7","-5.0",",7,06,","0",",,7,30,+","5",",,7,05,","17.0",",,7,04,","31.1",",7,16,+","4115.1","7","185.8",",7","43.9",",,,7","5",",,,7","12.18",",7","21.50",",,,7","2.86",",,,7"
"USC00351574","2012-09","42.70384","-121.99548","1275.3","CHILOQUIN 12 NW FORT KLAMATH, OR US","","","1.4",",7","0",",7","0",",7","0",",7","","","","","0",",7","13",",7","0",",7","30",",7","0",",7","","","20120912",",,7","","","","","","","20120930","+,,7","20120920",",,7","-3.9",",7,12,","","","","","0.0",",,7,30,+","31.1",",7,20,","","","113.0",",7","0.0",",,,7","","","14.61",",7","28.17",",,,7","1.05",",,,7"
"USC00351574","2012-10","42.70384","-121.99548","1275.3","CHILOQUIN 12 NW FORT KLAMATH, OR US","","","0.0",",7","9",",7","6",",7","1",",7","","","","","0",",7","19",",7","0",",7","14",",7","0",",7","","","20121021",",,7","","","","","","","20121016",",,7","20121002",",,7","-7.8",",7,21,","","","","","36.6",",,7,16,","29.4",",7,02,","","","309.0",",7","68.0",",,,7","","","8.37",",7","18.40",",,,7","-1.67",",,,7"
"USC00351574","2012-11","42.70384","-121.99548","1275.3","CHILOQUIN 12 NW FORT KLAMATH, OR US","","","0.0",",7","13",",7","7",",7","1",",7","2",",7","1",",7","0",",7","22",",7","0",",7","0",",7","0",",7","","","20121111","+,,7","20121112","+,,7","20121112",",,7","","","20121130",",,7","20121107","+,,7","-8.3",",7,11,+","25",",,7,12,+","25",",,7,12,","26.9",",,7,30,","19.4",",7,07,+","","","452.7",",7","65.6",",,,7","38",",,,7","3.24",",7","9.39",",,,7","-2.90",",,,7"
"USC00351574","2012-12","42.70384","-121.99548","1275.3","CHILOQUIN 12 NW FORT KLAMATH, OR US","","","0.0",",7","19",",7","15",",7","1",",7","18",",7","12",",7","2",",7","26",",7","4",",7","0",",7","0",",7","","","20121231",",,7","20121226",",,7","20121221",",,7","","","20121202",",,7","20121206","+,,7","-20.0",",7,31,","660",",,7,26,","229",",,7,21,","29.2",",,7,02,","11.1",",7,06,+","","","618.8",",7","176.7",",,,7","1199",",,,7","-1.63",",7","4.09",",,,7","-7.34",",,,7"
"USC00351574","2013-01","42.70384","-121.99548","1275.3","CHILOQUIN 12 NW FORT KLAMATH, OR US","0.0","7","0.0",",7","10",",7","4",",7","0",",7","31",",7","3",",7","15",",7","30",",7","14",",7","0",",7","0",",7","","","20130113",",,7","20130102","+,,7","20130111",",,7","","","20130125",",,7","20130131","+,,7","-26.1",",7,13,","533",",,7,02,+","46",",,7,11,","5.6",",,7,25,","7.2",",7,31,+","","","760.8",",7","21.2",",,,7","109",",,,7","-6.21",",7","0.91",",,,7","-13.33",",,,7"
"USC00351574","2013-02","42.70384","-121.99548","1275.3","CHILOQUIN 12 NW FORT KLAMATH, OR US","0.0","7","0.0",",7","4",",7","1",",7","0",",7","28",",7","2",",7","0",",7","28",",7","0",",7","0",",7","0",",7","","","20130220",",,7","20130223",",,7","20130223",",,7","","","20130223",",,7","20130216",",,7","-16.1",",7,20,","356",",,7,23,","76",",,7,23,","11.4",",,7,23,","12.2",",7,16,","","","565.8",",7","14.7",",,,7","101",",,,7","-1.87",",7","6.12",",,,7","-9.86",",,,7"
"USC00351574","2013-03","42.70384","-121.99548","1275.3","CHILOQUIN 12 NW FORT KLAMATH, OR US","0.0","7","0.0",",7","6",",7","3",",7","0",",7","20",",7","1",",7","0",",7","29",",7","0",",7","1",",7","0",",7","","","20130308",",,7","20130306",",,7","20130306",",,7","","","20130306",",,7","20130331",",,7","-13.3",",7,08,","305",",,7,06,","71",",,7,06,","8.4",",,7,06,","21.7",",7,31,","","","483.1",",7","18.8",",,,7","76",",,,7","2.75",",7","10.17",",,,7","-4.67",",,,7"
"USC00351574","2013-04","42.70384","-121.99548","1275.3","CHILOQUIN 12 NW FORT KLAMATH, OR US","0.0","7","0.0","1,7","10","2,7","3","2,7","0","2,7","0","1,7","0","1,7","0","1,7","20","1,7","0","1,7","3","1,7","0","1,7","","","20130417","+,1,7","20130430","+,1,7","20130430","+,1,7","","","20130401",",2,7","20130427",",1,7","-7.2","1,7,17,+","0","1,,7,30,+","0","1,,7,30,+","16.5","2,,7,01,","23.9","1,7,27,","","","353.8","1,7","31.1",",a,,7","0","1,,,7","6.13","1,7","14.11","1,,,7","-1.84","1,,,7"
"USC00351574","2013-05","42.70384","-121.99548","1275.3","CHILOQUIN 12 NW FORT KLAMATH, OR US","0.0","7","0.0","3,7","9","2,7","3","2,7","0","2,7","0","1,7","0","1,7","0","3,7","8","3,7","0","1,7","12","1,7","0","1,7","","","20130522",",3,7","20130531","+,1,7","20130522",",1,7","","","20130507",",2,7","20130512",",1,7","-3.9","3,7,22,","0","1,,7,31,+","8","1,,7,22,","4.6","2,,7,07,","27.8","1,7,12,","","","208.2","1,7","16.8",",a,,7","8","1,,,7","10.90","3,7","18.98","1,,,7","2.83","3,,,7"
"USC00351574","2013-06","42.70384","-121.99548","1275.3","CHILOQUIN 12 NW FORT KLAMATH, OR US","7.5","7","7.5",",7","4",",7","2",",7","0",",7","0",",7","0",",7","0",",7","5",",7","0",",7","20",",7","1",",7","","","20130620",",,7","20130630","+,,7","20130630","+,,7","","","20130624",",,7","20130607",",,7","-3.9",",7,20,","0",",,7,30,+","0",",,7,30,+","8.4",",,7,24,","33.3",",7,07,","","","130.3",",7","14.8",",,,7","0",",,,7","14.24",",7","23.73",",,,7","4.75",",,,7"
"USC00351574","2013-07","42.70384","-121.99548","1275.3","CHILOQUIN 12 NW FORT KLAMATH, OR US","73.9","7","66.4","1,7","0","2,7","0","2,7","0","2,7","0","1,7","0","1,7","0","1,7","1","1,7","0","1,7","30","1,7","14","1,7","","","20130713",",1,7","20130731","+,1,7","20130731","+,1,7","","","20130731","+,2,7","20130703",",1,7","0.0","1,7,13,","0","1,,7,31,+","0","1,,7,31,+","0.0","2,,7,31,+","36.1","1,7,03,","16.5","7","16.5","1,7","0.0",",a,,7","0","1,,,7","20.00","1,7","31.86","1,,,7","8.13","1,,,7"
"USC00351574","2013-08","42.70384","-121.99548","1275.3","CHILOQUIN 12 NW FORT KLAMATH, OR US","86.2","7","12.3","1,7","5","2,7","2","2,7","0","2,7","0","1,7","0","1,7","0","1,7","0","1,7","0","1,7","30","1,7","4","1,7","","","20130802",",1,7","20130831","+,1,7","20130831","+,1,7","","","20130826",",2,7","20130820",",1,7","0.6","1,7,02,","0","1,,7,31,+","0","1,,7,31,+","14.2","2,,7,26,","34.4","1,7,20,","73.4","7","56.9","1,7","26.1",",a,,7","0","1,,,7","16.85","1,7","27.99","1,,,7","5.70","1,,,7"
"USC00351574","2013-09","42.70384","-121.99548","1275.3","CHILOQUIN 12 NW FORT KLAMATH, OR US","93.2","7","7.0","2,7","8","3,7","5","3,7","0","3,7","0","2,7","0","2,7","0","2,7","6","2,7","0","2,7","17","2,7","4","2,7","","","20130927",",2,7","20130930","+,2,7","20130930","+,2,7","","","20130929",",3,7","20130915",",2,7","-7.8","2,7,27,","0","2,,7,30,+","0","2,,7,30,+","11.9","3,,7,29,","36.1","2,7,15,","215.0","7","141.6","2,7","31.1","1,a,,7","0","2,,,7","13.52","2,7","24.12","2,,,7","2.93","2,,,7"
"USC00351574","2013-10","42.70384","-121.99548","1275.3","CHILOQUIN 12 NW FORT KLAMATH, OR US","93.2","7","0.0",",7","2",",7","1",",7","0",",7","0",",7","0",",7","0",",7","28",",7","0",",7","9",",7","0",",7","","","20131029",",,7","20131031","+,,7","20131031","+,,7","","","20131001",",,7","20131022","+,,7","-11.1",",7,29,","0",",,7,31,+","0",",,7,31,+","11.7",",,7,01,","23.3",",7,22,+","597.0","7","382.0",",7","12.5",",,,7","0",",,,7","6.01",",7","16.85",",,,7","-4.83",",,,7"
"USC00351574","2013-11","42.70384","-121.99548","1275.3","CHILOQUIN 12 NW FORT KLAMATH, OR US","93.2","7","0.0","1,7","7","2,7","2","2,7","0","2,7","0","1,7","0","1,7","0","1,7","25","1,7","0","1,7","0","1,7","0","1,7","","","20131122",",1,7","20131130","+,1,7","20131130","+,1,7","","","20131119",",2,7","20131114",",1,7","-13.9","1,7,22,","0","1,,7,30,+","0","1,,7,30,+","11.2","2,,7,19,","16.7","1,7,14,","1052.3","7","455.3","1,7","19.5",",a,,7","0","1,,,7","2.63","1,7","11.38","1,,,7","-6.11","1,,,7"
"USC00351574","2013-12","42.70384","-121.99548","1275.3","CHILOQUIN 12 NW FORT KLAMATH, OR US","93.2","7","0.0","1,7","6",",7","3",",7","0",",7","26",",7","2",",7","6","1,7","29","1,7","11",",7","0",",7","0",",7","","","20131208",",1,7","20131211","+,,7","20131207",",,7","","","20131207",",,7","20131201",",,7","-28.9","1,7,08,","279",",,7,11,+","191",",,7,07,","10.4",",,7,07,","13.3",",7,01,","1761.5","7","709.2",",7","26.8",",,,7","280",",,,7","-5.36","1,7","2.26",",,,7","-12.98","1,,,7"
"USC00351574","2014-01","42.70384","-121.99548","1275.3","CHILOQUIN 12 NW FORT KLAMATH, OR US","0.0","7","0.0",",7","8",",7","6",",7","0",",7","13",",7","1",",7","0",",7","31",",7","0",",7","0",",7","0",",7","","","20140116","+,,7","20140112",",,7","20140112",",,7","","","20140129",",,7","20140126",",,7","-15.0",",7,16,+","76",",,7,12,","64",",,7,12,","16.8",",,7,29,","12.8",",7,26,","2331.8","7","570.3",",7","38.5",",,,7","72",",,,7","-0.06",",7","7.57",",,,7","-7.70",",,,7"
"USC00351574","2014-02","42.70384","-121.99548","1275.3","CHILOQUIN 12 NW FORT KLAMATH, OR US","0.0","7","0.0",",7","15",",7","12",",7","0",",7","5",",7","2",",7","0",",7","21",",7","0",",7","0",",7","0",",7","","","20140201",",,7","20140207",",,7","20140207",",,7","","","20140214",",,7","20140226",",,7","-11.7",",7,01,","127",",,7,07,","109",",,7,07,","17.8",",,7,14,","17.2",",7,26,","2783.7","7","451.9",",7","129.3",",,,7","208",",,,7","2.19",",7","8.15",",,,7","-3.76",",,,7"
"USC00351574","2014-03","42.70384","-121.99548","1275.3","CHILOQUIN 12 NW FORT KLAMATH, OR US","0.0","7","0.0","1,7","16","2,7","10","2,7","0","2,7","1","1,7","0","1,7","0","1,7","21","1,7","0","1,7","0","1,7","0","1,7","","","20140323",",1,7","20140310",",1,7","20140310",",1,7","","","20140329",",2,7","20140325","+,1,7","-8.9","1,7,23,","25","1,,7,10,","15","1,,7,10,","16.8","2,,7,29,","19.4","1,7,25,+","3183.6","7","399.9","1,7","77.0",",a,,7","33","1,,,7","5.00","1,7","12.20","1,,,7","-2.19","1,,,7"
"USC00351574","2014-04","42.70384","-121.99548","1275.3","CHILOQUIN 12 NW FORT KLAMATH, OR US","0.0","7","0.0","1,7","9","2,7","4","2,7","0","2,7","1","1,7","1","1,7","0","1,7","18","1,7","0","1,7","5","1,7","0","1,7","","","20140427",",1,7","20140401",",1,7","20140401",",1,7","","","20140401",",2,7","20140412",",1,7","-8.3","1,7,27,","25","1,,7,01,","25","1,,7,01,","4.6","2,,7,01,","23.3","1,7,12,","3514.9","7","331.3","1,7","22.1",",a,,7","36","1,,,7","6.91","1,7","15.39","1,,,7","-1.57","1,,,7"
"USC00351574","2014-05","42.70384","-121.99548","1275.3","CHILOQUIN 12 NW FORT KLAMATH, OR US","1.7","7","1.7","2,7","5","2,7","1","2,7","1","2,7","0","1,7","0","1,7","0","2,7","9","2,7","0","1,7","15","1,7","0","1,7","","","20140511",",2,7","20140531","+,1,7","20140531","+,1,7","","","20140509",",2,7","20140515",",1,7","-6.7","2,7,11,","0","1,,7,31,+","0","1,,7,31,+","27.9","2,,7,09,","27.8","1,7,15,","3727.5","7","212.6","1,7","30.6",",a,,7","0","1,,,7","11.12","2,7","20.13","1,,,7","2.12","2,,,7"
"USC00351574","2014-06","42.70384","-121.99548","1275.3","CHILOQUIN 12 NW FORT KLAMATH, OR US","2.6","7","0.9","2,7","1","2,7","1","2,7","0","2,7","0","1,7","0","1,7","0","2,7","9","2,7","0","1,7","23","1,7","0","1,7","","","20140617",",2,7","20140630","+,1,7","20140630","+,1,7","","","20140626",",2,7","20140610",",1,7","-6.1","2,7,17,","0","1,,7,30,+","0","1,,7,30,+","5.8","2,,7,26,","28.9","1,7,10,","3859.9","7","132.4","1,7","5.8",",a,,7","0","1,,,7","13.67","2,7","24.30","1,,,7","3.03","2,,,7"
"USC00351574","2014-07","42.70384","-121.99548","1275.3","CHILOQUIN 12 NW FORT KLAMATH, OR US","50.8","7","48.2",",7","1",",7","1",",7","0",",7","0",",7","0",",7","0",",7","1",",7","0",",7","30",",7","18",",7","","","20140724",",,7","20140731","+,,7","20140731","+,,7","","","20140722",",,7","20140730","+,,7","0.0",",7,24,","0",",,7,31,+","0",",,7,31,+","4.3",",,7,22,","35.0",",7,30,+","23.9","7","23.9",",7","4.3",",,,7","0",",,,7","19.12",",7","31.66",",,,7","6.57",",,,7"
"USC00351574","2014-08","42.70384","-121.99548","1275.3","CHILOQUIN 12 NW FORT KLAMATH, OR US","81.4","7","30.6",",7","1",",7","1",",7","0",",7","0",",7","0",",7","0",",7","3",",7","0",",7","31",",7","10",",7","","","20140831","+,,7","20140831","+,,7","20140831","+,,7","","","20140805",",,7","20140804","+,,7","-1.1",",7,31,+","0",",,7,31,+","0",",,7,31,+","6.4",",,7,05,","33.9",",7,04,+","75.1","7","51.2",",7","6.4",",,,7","0",",,,7","17.67",",7","29.87",",,,7","5.46",",,,7"
"USC00351574","2014-09","42.70384","-121.99548","1275.3","CHILOQUIN 12 NW FORT KLAMATH, OR US","84.2","7","2.8","1,7","2","2,7","2","2,7","1","2,7","0","1,7","0","1,7","0","1,7","12","1,7","0","1,7","24","1,7","1","1,7","","","20140903",",1,7","20140930","+,1,7","20140930","+,1,7","","","20140924",",2,7","20140921",",1,7","-3.3","1,7,03,","0","1,,7,30,+","0","1,,7,30,+","31.2","2,,7,24,","32.2","1,7,21,","195.0","7","119.9","1,7","34.0",",a,,7","0","1,,,7","14.29","1,7","26.38","1,,,7","2.21","1,,,7"
"USC00351574","2014-10","42.70384","-121.99548","1275.3","CHILOQUIN 12 NW FORT KLAMATH, OR US","84.2","7","0.0",",7","13",",7","9",",7","0",",7","0",",7","0",",7","0",",7","18",",7","0",",7","11",",7","0",",7","","","20141001",",,7","20141031","+,,7","20141031","+,,7","","","20141023",",,7","20141007","+,,7","-6.1",",7,01,","0",",,7,31,+","0",",,7,31,+","14.5",",,7,23,","28.9",",7,07,+","470.2","7","275.2",",7","57.4",",,,7","0",",,,7","9.46",",7","18.89",",,,7","0.02",",,,7"
"USC00351574","2014-11","42.70384","-121.99548","1275.3","CHILOQUIN 12 NW FORT KLAMATH, OR US","84.2","7","0.0","1,7","14",",7","6",",7","1",",7","","","","","0","1,7","23","1,7","0",",7","0",",7","0",",7","","","20141117","+,1,7","","","","","","","20141122",",,7","20141109",",,7","-13.9","1,7,17,+","","","","","34.0",",,7,22,","18.9",",7,09,","917.5","7","447.3",",7","85.6",",,,7","","","2.92","1,7","9.61",",,,7","-3.78","1,,,7"
"USC00351574","2014-12","42.70384","-121.99548","1275.3","CHILOQUIN 12 NW FORT KLAMATH, OR US","84.2","7","0.0",",7","22",",7","15",",7","1",",7","","","","","1",",7","18",",7","2",",7","0",",7","0",",7","","","20141231",",,7","","","","","","","20141221",",,7","20141223",",,7","-17.8",",7,31,","","","","","61.2",",,7,21,","13.3",",7,23,","1411.6","7","494.1",",7","161.9",",,,7","","","2.40",",7","6.36",",,,7","-1.57",",,,7"
"USC00351574","2015-01","42.70384","-121.99548","1275.3","CHILOQUIN 12 NW FORT KLAMATH, OR US","0.0","7","0.0",",7","5",",7","3",",7","0",",7","","","","","0",",7","30",",7","0",",7","0",",7","0",",7","","","20150101",",,7","","","","","","","20150118",",,7","20150126",",,7","-14.4",",7,01,","","","","","12.2",",,7,18,","16.7",",7,26,","1910.4","7","498.8",",7","35.4",",,,7","","","2.24",",7","9.99",",,,7","-5.50",",,,7"
"USC00351574","2015-02","42.70384","-121.99548","1275.3","CHILOQUIN 12 NW FORT KLAMATH, OR US","0.0","7","0.0",",7","10",",7","6",",7","0",",7","","","","","0",",7","18",",7","0",",7","0",",7","0",",7","","","20150223","+,,7","","","","","","","20150203",",,7","20150219","+,,7","-7.2",",7,23,+","","","","","17.5",",,7,03,","17.2",",7,19,+","2278.2","7","367.8",",7","59.2",",,,7","","","5.20",",7","11.94",",,,7","-1.54",",,,7"
"USC00351574","2015-03","42.70384","-121.99548","1275.3","CHILOQUIN 12 NW FORT KLAMATH, OR US","0.0","7","0.0","1,7","10","1,7","5","1,7","0","1,7","","","","","0","1,7","26","1,7","0","1,7","3","1,7","0","1,7","","","20150301",",1,7","","","","","","","20150315",",1,7","20150328",",1,7","-11.7","1,7,01,","","","","","17.5","1,,7,15,","22.2","1,7,28,","2674.3","7","396.1","1,7","54.8","1,,,7","","","5.13","1,7","14.52","1,,,7","-4.26","1,,,7"
"USC00351574","2015-04","42.70384","-121.99548","1275.3","CHILOQUIN 12 NW FORT KLAMATH, OR US","0.0","7","0.0","2,7","6","1,7","0","1,7","0","1,7","","","","","0","2,7","28","2,7","0","1,7","7","1,7","0","1,7","","","20150415",",2,7","","","","","","","20150402","+,1,7","20150421",",1,7","-10.0","2,7,15,","","","","","1.3","1,,7,02,+","23.9","1,7,21,","3053.2","7","378.9","1,7","4.7","1,,,7","","","4.71","2,7","14.79","1,,,7","-5.36","2,,,7"
"USC00351574","2015-05","42.70384","-121.99548","1275.3","CHILOQUIN 12 NW FORT KLAMATH, OR US","0.6","7","0.6",",7","11",",7","5",",7","0",",7","","","","","0",",7","13",",7","0",",7","15",",7","0",",7","","","20150506",",,7","","","","","","","20150519",",,7","20150531",",,7","-6.7",",7,06,","","","","","10.7",",,7,19,","28.9",",7,31,","3290.8","7","237.6",",7","49.5",",,,7","","","10.69",",7","19.95",",,,7","1.43",",,,7"
"USC00351574","2015-06","42.70384","-121.99548","1275.3","CHILOQUIN 12 NW FORT KLAMATH, OR US","25.0","7","24.4",",7","2",",7","1",",7","0",",7","","","","","0",",7","2",",7","0",",7","27",",7","6",",7","","","20150612","+,,7","","","","","","","20150602",",,7","20150627",",,7","-0.6",",7,12,+","","","","","4.1",",,7,02,","36.1",",7,27,","3361.5","7","70.7",",7","4.4",",,,7","","","16.79",",7","28.23",",,,7","5.35",",,,7"
"USC00351574","2015-07","42.70384","-121.99548","1275.3","CHILOQUIN 12 NW FORT KLAMATH, OR US","54.8","7","29.8",",7","5",",7","1",",7","0",",7","","","","","0",",7","2",",7","0",",7","31",",7","7",",7","","","20150727",",,7","","","","","","","20150712",",,7","20150702",",,7","-2.2",",7,27,","","","","","7.4",",,7,12,","36.1",",7,02,","44.7","7","44.7",",7","11.8",",,,7","","","17.85",",7","29.28",",,,7","6.43",",,,7"
"USC00351574","2015-08","42.70384","-121.99548","1275.3","CHILOQUIN 12 NW FORT KLAMATH, OR US","74.8","7","20.0",",7","2",",7","1",",7","0",",7","","","","","0",",7","4",",7","0",",7","30",",7","5",",7","","","20150831",",,7","","","","","","","20150803",",,7","20150802",",,7","-2.2",",7,31,","","","","","2.5",",,7,03,","37.2",",7,02,","100.6","7","55.9",",7","3.0",",,,7","","","17.17",",7","29.69",",,,7","4.66",",,,7"
"USC00351574","2015-09","42.70384","-121.99548","1275.3","CHILOQUIN 12 NW FORT KLAMATH, OR US","76.2","7","1.4",",7","2",",7","1",",7","0",",7","","","","","0",",7","20",",7","0",",7","23",",7","4",",7","","","20150904",",,7","","","","","","","20150917",",,7","20150913","+,,7","-6.7",",7,04,","","","","","10.7",",,7,17,","33.3",",7,13,+","280.4","7","179.8",",7","11.5",",,,7","","","12.39",",7","25.44",",,,7","-0.66",",,,7"
"USC00351574","2015-10","42.70384","-121.99548","1275.3","CHILOQUIN 12 NW FORT KLAMATH, OR US","76.2","7","0.0","2,7","7",",7","3",",7","0",",7","","","","","0","2,7","22","2,7","0",",7","16",",7","0",",7","","","20151023",",2,7","","","","","","","20151017",",,7","20151014",",,7","-8.3","2,7,23,","","","","","7.4",",,7,17,","29.4",",7,14,","520.8","7","240.4",",7","21.0",",,,7","","","10.05","2,7","20.79",",,,7","-0.69","2,,,7"
"USC00351574","2015-11","42.70384","-121.99548","1275.3","CHILOQUIN 12 NW FORT KLAMATH, OR US","76.2","7","0.0",",7","14",",7","6",",7","0",",7","","","","","2",",7","26",",7","0",",7","0",",7","0",",7","","","20151129",",,7","","","","","","","20151101",",,7","20151101",",,7","-18.3",",7,29,","","","","","7.9",",,7,01,","18.9",",7,01,","1053.0","7","532.2",",7","33.3",",,,7","","","0.59",",7","8.27",",,,7","-7.09",",,,7"
"USC00351574","2015-12","42.70384","-121.99548","1275.3","CHILOQUIN 12 NW FORT KLAMATH, OR US","76.2","7","0.0",",7","25",",7","17",",7","1",",7","21","1,7","11","1,7","4",",7","28",",7","5",",7","0",",7","0",",7","","","20151231",",,7","20151230",",1,7","20151213",",1,7","","","20151213",",,7","20151209",",,7","-25.6",",7,31,","635","1,,7,30,","203","1,,7,13,","25.4",",,7,13,","11.7",",7,09,","1687.0","7","634.0",",7","203.2",",,,7","1203","1,,,7","-2.12",",7","3.52",",,,7","-7.75",",,,7"
"USC00351574","2016-01","42.70384","-121.99548","1275.3","CHILOQUIN 12 NW FORT KLAMATH, OR US","0.0","7","0.0","1,7","17","1,7","15","1,7","1","1,7","30","1,7","8","1,7","3","1,7","29","1,7","6","1,7","0","1,7","0","1,7","","","20160101",",1,7","20160116","+,1,7","20160115",",1,7","","","20160115",",1,7","20160128",",1,7","-27.8","1,7,01,","813","1,,7,16,+","305","1,,7,15,","25.4","1,,7,15,","7.8","1,7,28,","2311.5","7","624.5","1,7","155.3","1,,,7","913","1,,,7","-2.49","1,7","3.37","1,,,7","-8.34","1,,,7"
"USC00351574","2016-02","42.70384","-121.99548","1275.3","CHILOQUIN 12 NW FORT KLAMATH, OR US","0.0","7","0.0","1,7","6","1,7","5","1,7","0","1,7","28","1,7","4","1,7","1","1,7","28","1,7","0","1,7","0","1,7","0","1,7","","","20160201",",1,7","20160203",",1,7","20160202",",1,7","","","20160227",",1,7","20160225",",1,7","-18.9","1,7,01,","686","1,,7,03,","51","1,,7,02,","6.9","1,,7,27,","15.6","1,7,25,","2815.9","7","504.4","1,7","24.2","1,,,7","131","1,,,7","0.32","1,7","8.51","1,,,7","-7.88","1,,,7"
"USC00351574","2016-03","42.70384","-121.99548","1275.3","CHILOQUIN 12 NW FORT KLAMATH, OR US","0.0","7","0.0",",7","14",",7","10",",7","0",",7","","","","","0",",7","22",",7","0",",7","0",",7","0",",7","","","20160308","+,,7","","","","","","","20160306",",,7","20160320",",,7","-8.3",",7,08,+","","","","","22.1",",,7,06,","19.4",",7,20,","3244.2","7","428.3",",7","90.8",",,,7","","","4.52",",7","10.36",",,,7","-1.33",",,,7"
"USC00351574","2016-04","42.70384","-121.99548","1275.3","CHILOQUIN 12 NW FORT KLAMATH, OR US","0.6","7","0.6",",7","6",",7","2",",7","0",",7","","","","","0",",7","14",",7","0",",7","13",",7","0",",7","","","20160426",",,7","","","","","","","20160415",",,7","20160408",",,7","-10.0",",7,26,","","","","","9.9",",,7,15,","27.2",",7,08,","3509.3","7","265.1",",7","18.3",",,,7","","","9.52",",7","18.40",",,,7","0.63",",,,7"
"USC00351574","2016-05","42.70384","-121.99548","1275.3","CHILOQUIN 12 NW FORT KLAMATH, OR US","0.6","7","0.0","1,7","5",",7","1",",7","0",",7","","","","","0","1,7","17","1,7","0",",7","14",",7","0",",7","","","20160526",",1,7","","","","","","","20160506",",,7","20160531","+,,7","-3.9","1,7,26,","","","","","6.9",",,7,06,","26.1",",7,31,+","3745.6","7","236.3",",7","10.2",",,,7","","","10.46","1,7","19.98",",,,7","0.93","1,,,7"
"USC00351574","2016-06","42.70384","-121.99548","1275.3","CHILOQUIN 12 NW FORT KLAMATH, OR US","21.8","7","21.2",",7","3",",7","1",",7","0",",7","","","","","0",",7","10",",7","0",",7","24",",7","4",",7","","","20160611",",,7","","","","","","","20160618",",,7","20160607",",,7","-5.0",",7,11,","","","","","9.7",",,7,18,","33.3",",7,07,","3889.6","7","144.0",",7","11.2",",,,7","","","14.24",",7","24.95",",,,7","3.52",",,,7"
"USC00351574","2016-07","42.70384","-121.99548","1275.3","CHILOQUIN 12 NW FORT KLAMATH, OR US","43.9","7","22.1",",7","4",",7","2",",7","0",",7","","","","","0",",7","4",",7","0",",7","29",",7","9",",7","","","20160711",",,7","","","","","","","20160718",",,7","20160730",",,7","-2.2",",7,11,","","","","","3.8",",,7,18,","37.2",",7,30,","68.1","7","68.1",",7","7.3",",,,7","","","16.85",",7","28.76",",,,7","4.93",",,,7"
"USC00351574","2016-08","42.70384","-121.99548","1275.3","CHILOQUIN 12 NW FORT KLAMATH, OR US","72.3","7","28.4",",7","0",",7","0",",7","0",",7","","","","","0",",7","3",",7","0",",7","31",",7","14",",7","","","20160823","+,,7","","","","","","","20160831","+,,7","20160819",",,7","-2.2",",7,23,+","","","","","0.0",",,7,31,+","36.7",",7,19,","109.4","7","41.3",",7","0.0",",,,7","","","17.91",",7","31.36",",,,7","4.46",",,,7"
"USC00351574","2016-09","42.70384","-121.99548","1275.3","CHILOQUIN 12 NW FORT KLAMATH, OR US","72.3","7","0.0","1,7","1",",7","0",",7","0",",7","","","","","0","1,7","16","1,7","0",",7","26",",7","0",",7","","","20160923",",1,7","","","","","","","20160922",",,7","20160928","+,,7","-6.7","1,7,23,","","","","","0.5",",,7,22,","31.7",",7,28,+","282.3","7","172.9",",7","0.5",",,,7","","","12.49","1,7","25.01",",,,7","-0.04","1,,,7"
"USC00351574","2016-10","42.70384","-121.99548","1275.3","CHILOQUIN 12 NW FORT KLAMATH, OR US","72.3","7","0.0","1,7","19",",7","13",",7","0",",7","","","","","0","1,7","13","1,7","0",",7","5",",7","0",",7","","","20161002",",1,7","","","","","","","20161014",",,7","20161010",",,7","-7.2","1,7,02,","","","","","23.4",",,7,14,","24.4",",7,10,","615.3","7","333.0",",7","131.1",",,,7","","","7.19","1,7","13.95",",,,7","0.44","1,,,7"
"USC00351574","2016-11","42.70384","-121.99548","1275.3","CHILOQUIN 12 NW FORT KLAMATH, OR US","72.3","7","0.0","1,7","13","1,7","8","1,7","0","1,7","","","","","0","1,7","22","1,7","0",",7","0",",7","0",",7","","","20161129",",1,7","","","","","","","20161115",",1,7","20161111",",,7","-8.9","1,7,29,","","","","","20.6","1,,7,15,","20.6",",7,11,","1022.8","7","407.5",",7","55.9","1,,,7","","","4.26","1,7","10.50",",,,7","-1.99","1,,,7"
"USC00351574","2016-12","42.70384","-121.99548","1275.3","CHILOQUIN 12 NW FORT KLAMATH, OR US","72.3","7","0.0",",7","12",",7","9",",7","1",",7","23",",7","6",",7","9",",7","30",",7","6",",7","0",",7","0",",7","","","20161225",",,7","20161214",",,7","20161214",",,7","","","20161214",",,7","20161205","+,,7","-25.0",",7,25,","406",",,7,14,","406",",,7,14,","46.5",",,7,14,","8.3",",7,05,+","1729.1","7","706.3",",7","115.8",",,,7","698",",,,7","-4.45",",7","3.29",",,,7","-12.19",",,,7"
"USC00351574","2017-01","42.70384","-121.99548","1275.3","CHILOQUIN 12 NW FORT KLAMATH, OR US","0.0","7","0.0",",7","14",",7","12",",7","4",",7","31",",7","11",",7","8",",7","31",",7","9",",7","0",",7","0",",7","","","20170106",",,7","20170122",",,7","20170104",",,7","","","20170104",",,7","20170127",",,7","-31.7",",7,06,","940",",,7,22,","711",",,7,04,","30.2",",,7,04,","7.2",",7,27,","2498.3","7","769.2",",7","160.7",",,,7","1628",",,,7","-6.48",",7","0.89",",,,7","-13.85",",,,7"
"USC00351574","2017-02","42.70384","-121.99548","1275.3","CHILOQUIN 12 NW FORT KLAMATH, OR US","0.0","7","0.0","3,7","17","1,7","11","1,7","0","1,7","28",",7","8",",7","0","3,7","22","3,7","0",",7","0",",7","0",",7","","","20170224",",3,7","20170203","+,,7","20170207",",,7","","","20170216",",1,7","20170221","+,,7","-16.1","3,7,24,","940",",,7,03,+","203",",,7,07,","17.8","1,,7,16,","10.0",",7,21,+","2946.2","7","447.9",",7","102.5","1,,,7","600",",,,7","0.48","3,7","6.34",",,,7","-5.38","3,,,7"
"USC00351574","2017-03","42.70384","-121.99548","1275.3","CHILOQUIN 12 NW FORT KLAMATH, OR US","0.0","7","0.0",",7","19",",7","14",",7","0",",7","21",",7","3",",7","0",",7","22",",7","0",",7","0",",7","0",",7","","","20170301",",,7","20170306",",,7","20170306",",,7","","","20170324",",,7","20170314",",,7","-16.1",",7,01,","711",",,7,06,","127",",,7,06,","13.0",",,7,24,","16.7",",7,14,","3413.1","7","466.9",",7","97.8",",,,7","216",",,,7","3.27",",7","9.77",",,,7","-3.23",",,,7"
"USC00351574","2017-04","42.70384","-121.99548","1275.3","CHILOQUIN 12 NW FORT KLAMATH, OR US","0.0","7","0.0","1,7","13",",7","8",",7","0",",7","0",",7","2",",7","0","1,7","19","1,7","0",",7","0",",7","0",",7","","","20170409","+,1,7","20170430","+,,7","20170414",",,7","","","20170418",",,7","20170424","+,,7","-8.3","1,7,09,+","0",",,7,30,+","38",",,7,14,","6.9",",,7,18,","18.3",",7,24,+","3782.3","7","369.2",",7","43.8",",,,7","71",",,,7","5.54","1,7","12.79",",,,7","-1.70","1,,,7"
"USC00351574","2017-05","42.70384","-121.99548","1275.3","CHILOQUIN 12 NW FORT KLAMATH, OR US","0.0","7","0.0",",7","7",",7","2",",7","0",",7","0",",7","2",",7","0",",7","12",",7","0",",7","18",",7","0",",7","","","20170514",",,7","20170531","+,,7","20170513","+,,7","","","20170516",",,7","20170524",",,7","-5.0",",7,14,","0",",,7,31,+","25",",,7,13,+","6.4",",,7,16,","30.0",",7,24,","4004.9","7","222.6",",7","16.6",",,,7","50",",,,7","11.15",",7","20.67",",,,7","1.63",",,,7"
"USC00351574","2017-06","42.70384","-121.99548","1275.3","CHILOQUIN 12 NW FORT KLAMATH, OR US","10.0","7","10.0","1,7","6",",7","3",",7","0",",7","","","","","0","1,7","2","1,7","0",",7","20",",7","5",",7","","","20170605",",1,7","","","","","","","20170611",",,7","20170625","+,,7","-1.7","1,7,05,","","","","","6.1",",,7,11,","33.9",",7,25,+","4113.3","7","108.4",",7","17.1",",,,7","","","14.71","1,7","24.15",",,,7","5.27","1,,,7"
"USC00351574","2017-07","42.70384","-121.99548","1275.3","CHILOQUIN 12 NW FORT KLAMATH, OR US","47.3","7","37.3",",7","2",",7","0",",7","0",",7","","","","","0",",7","0",",7","0",",7","31",",7","10",",7","","","20170717",",,7","","","","","","","20170726","+,,7","20170701",",,7","3.3",",7,17,","","","","","2.0",",,7,26,+","35.6",",7,01,","14.8","7","14.8",",7","4.0",",,,7","","","19.06",",7","31.11",",,,7","7.01",",,,7"
"USC00351574","2017-08","42.70384","-121.99548","1275.3","CHILOQUIN 12 NW FORT KLAMATH, OR US","86.7","7","39.4",",7","2",",7","0",",7","0",",7","","","","","0",",7","0",",7","0",",7","31",",7","9",",7","","","20170815",",,7","","","","","","","20170807",",,7","20170803","+,,7","1.7",",7,15,","","","","","2.3",",,7,07,","37.2",",7,03,+","35.4","7","20.6",",7","2.6",",,,7","","","18.94",",7","31.30",",,,7","6.59",",,,7"
"USC00351574","2017-09","42.70384","-121.99548","1275.3","CHILOQUIN 12 NW FORT KLAMATH, OR US","110.9","7","24.2",",7","5",",7","3",",7","0",",7","","","","","0",",7","10",",7","0",",7","21",",7","5",",7","","","20170922",",,7","","","","","","","20170921",",,7","20170906","+,,7","-4.4",",7,22,","","","","","7.4",",,7,21,","36.1",",7,06,+","180.7","7","145.3",",7","17.1",",,,7","","","14.30",",7","25.12",",,,7","3.48",",,,7"
"USC00351574","2017-10","42.70384","-121.99548","1275.3","CHILOQUIN 12 NW FORT KLAMATH, OR US","110.9","7","0.0","1,7","5",",7","3",",7","0",",7","","","","","0","1,7","24","1,7","0",",7","10",",7","0",",7","","","20171012",",1,7","","","","","","","20171021",",,7","20171029","+,,7","-9.4","1,7,12,","","","","","18.3",",,7,21,","23.9",",7,29,+","508.7","7","328.0",",7","35.3",",,,7","","","7.29","1,7","17.46",",,,7","-2.89","1,,,7"
"USC00351574","2017-11","42.70384","-121.99548","1275.3","CHILOQUIN 12 NW FORT KLAMATH, OR US","110.9","7","0.0",",7","18",",7","9",",7","0",",7","2",",7","3",",7","0",",7","21",",7","0",",7","0",",7","0",",7","","","20171119","+,,7","20171117",",,7","20171117",",,7","","","20171113",",,7","20171123",",,7","-8.9",",7,19,+","51",",,7,17,","38",",,7,17,","17.3",",,7,13,","18.3",",7,23,","954.3","7","445.6",",7","69.8",",,,7","88",",,,7","3.48",",7","9.25",",,,7","-2.29",",,,7"
"USC00351574","2017-12","42.70384","-121.99548","1275.3","CHILOQUIN 12 NW FORT KLAMATH, OR US","110.9","7","0.0",",7","4",",7","3",",7","0",",7","6",",7","2",",7","0",",7","30",",7","0",",7","0",",7","0",",7","","","20171221",",,7","20171203",",,7","20171203",",,7","","","20171220",",,7","20171231",",,7","-15.6",",7,21,","76",",,7,03,","76",",,7,03,","11.9",",,7,20,","10.6",",7,31,","1554.6","7","600.3",",7","19.6",",,,7","127",",,,7","-1.03",",7","5.94",",,,7","-8.00",",,,7"
"USC00351574","2018-01","42.70384","-121.99548","1275.3","CHILOQUIN 12 NW FORT KLAMATH, OR US","0.0","7","0.0",",7","14",",7","9",",7","0",",7","6",",7","3",",7","0",",7","27",",7","0",",7","0",",7","0",",7","","","20180125","+,,7","20180127",",,7","20180127",",,7","","","20180127",",,7","20180114",",,7","-7.8",",7,25,+","152",",,7,27,","76",",,7,27,","10.7",",,7,27,","13.3",",7,14,","2056.7","7","502.1",",7","54.1",",,,7","186",",,,7","2.14",",7","7.25",",,,7","-2.98",",,,7"
"USC00351574","2018-02","42.70384","-121.99548","1275.3","CHILOQUIN 12 NW FORT KLAMATH, OR US","0.0","7","0.0",",7","6",",7","2",",7","0",",7","10",",7","5",",7","1",",7","28",",7","2",",7","0",",7","0",",7","","","20180227",",,7","20180226",",,7","20180226",",,7","","","20180226",",,7","20180208",",,7","-18.3",",7,27,","178",",,7,26,","178",",,7,26,","8.4",",,7,26,","16.7",",7,08,","2563.6","7","506.9",",7","18.6",",,,7","394",",,,7","0.23",",7","7.40",",,,7","-6.94",",,,7"
"USC00351574","2018-03","42.70384","-121.99548","1275.3","CHILOQUIN 12 NW FORT KLAMATH, OR US","0.0","7","0.0","1,7","11",",7","7",",7","0",",7","12",",7","4",",7","0","1,7","24","1,7","0",",7","0",",7","0",",7","","","20180306",",1,7","20180303","+,,7","20180301",",,7","","","20180301",",,7","20180330",",,7","-12.8","1,7,06,","305",",,7,03,+","178",",,7,01,","11.4",",,7,01,","19.4",",7,30,","3045.1","7","481.5",",7","43.8",",,,7","305",",,,7","2.20","1,7","8.87",",,,7","-4.47","1,,,7"
"USC00351574","2018-04","42.70384","-121.99548","1275.3","CHILOQUIN 12 NW FORT KLAMATH, OR US","0.0","7","0.0",",7","16",",7","6",",7","0",",7","","","","","0",",7","19",",7","0",",7","3",",7","0",",7","","","20180403",",,7","","","","","","","20180406",",,7","20180427",",,7","-8.3",",7,03,","","","","","16.5",",,7,06,","26.7",",7,27,","3392.9","7","347.8",",7","55.8",",,,7","","","6.74",",7","14.14",",,,7","-0.66",",,,7"
"USC00351574","2018-05","42.70384","-121.99548","1275.3","CHILOQUIN 12 NW FORT KLAMATH, OR US","0.6","7","0.6",",7","10",",7","3",",7","0",",7","","","","","0",",7","8",",7","0",",7","20",",7","0",",7","","","20180501",",,7","","","","","","","20180525",",,7","20180529",",,7","-4.4",",7,01,","","","","","23.9",",,7,25,","27.2",",7,29,","3601.2","7","208.3",",7","38.4",",,,7","","","11.63",",7","20.87",",,,7","2.39",",,,7"
"USC00351574","2018-06","42.70384","-121.99548","1275.3","CHILOQUIN 12 NW FORT KLAMATH, OR US","1.7","7","1.1",",7","8",",7","2",",7","0",",7","","","","","0",",7","4",",7","0",",7","25",",7","0",",7","","","20180616","+,,7","","","","","","","20180617",",,7","20180625",",,7","-2.2",",7,16,+","","","","","5.8",",,7,17,","31.1",",7,25,","3749.5","7","148.3",",7","14.1",",,,7","","","13.43",",7","24.07",",,,7","2.79",",,,7"
"USC00351574","2018-07","42.70384","-121.99548","1275.3","CHILOQUIN 12 NW FORT KLAMATH, OR US","37.5","7","35.8",",7","1",",7","0",",7","0",",7","","","","","0",",7","0",",7","0",",7","31",",7","18",",7","","","20180703",",,7","","","","","","","20180716",",,7","20180730","+,,7","1.1",",7,03,","","","","","1.3",",,7,16,","34.4",",7,30,+","29.2","7","29.2",",7","1.3",",,,7","","","18.55",",7","31.32",",,,7","5.78",",,,7"
"USC00351574","2018-08","42.70384","-121.99548","1275.3","CHILOQUIN 12 NW FORT KLAMATH, OR US","57.2","7","19.7",",7","1",",7","0",",7","0",",7","","","","","0",",7","1",",7","0",",7","31",",7","7",",7","","","20180825",",,7","","","","","","","20180815",",,7","20180810","+,,7","-0.6",",7,25,","","","","","0.3",",,7,15,","36.1",",7,10,+","82.3","7","53.1",",7","0.3",",,,7","","","17.26",",7","29.92",",,,7","4.60",",,,7"
"USC00351574","2018-09","42.70384","-121.99548","1275.3","CHILOQUIN 12 NW FORT KLAMATH, OR US","57.2","7","0.0",",7","1",",7","0",",7","0",",7","","","","","0",",7","17",",7","0",",7","24",",7","2",",7","","","20180924",",,7","","","","","","","20180930",",,7","20180928","+,,7","-5.0",",7,24,","","","","","2.0",",,7,30,","32.2",",7,28,+","255.4","7","173.1",",7","2.0",",,,7","","","12.56",",7","25.51",",,,7","-0.38",",,,7"
"USC00351574","2018-10","42.70384","-121.99548","1275.3","CHILOQUIN 12 NW FORT KLAMATH, OR US","57.2","7","0.0",",7","8",",7","4",",7","0",",7","","","","","0",",7","25",",7","0",",7","9",",7","0",",7","","","20181015",",,7","","","","","","","20181004",",,7","20181021",",,7","-8.9",",7,15,","","","","","9.9",",,7,04,","25.0",",7,21,","571.8","7","316.4",",7","24.1",",,,7","","","8.13",",7","18.17",",,,7","-1.92",",,,7"
"USC00351574","2018-11","42.70384","-121.99548","1275.3","CHILOQUIN 12 NW FORT KLAMATH, OR US","57.2","7","0.0",",7","12",",7","5",",7","0",",7","","","","","0",",7","28",",7","0",",7","0",",7","0",",7","","","20181109",",,7","","","","","","","20181123",",,7","20181118","+,,7","-12.8",",7,09,","","","","","23.6",",,7,23,","19.4",",7,18,+","1025.3","7","453.5",",7","50.5",",,,7","","","3.22",",7","11.93",",,,7","-5.50",",,,7"
"USC00351574","2018-12","42.70384","-121.99548","1275.3","CHILOQUIN 12 NW FORT KLAMATH, OR US","57.2","7","0.0","1,7","15",",7","10",",7","0",",7","26",",7","3",",7","0","1,7","28","1,7","2","1,7","0","1,7","0","1,7","","","20181206","+,1,7","20181201",",,7","20181224",",,7","","","20181224",",,7","20181219","+,1,7","-16.7","1,7,06,+","203",",,7,01,","127",",,7,24,","17.3",",,7,24,","7.8","1,7,19,+","1625.6","7","600.3","1,7","81.7",",,,7","244",",,,7","-1.68","1,7","3.88","1,,,7","-7.24","1,,,7"
"USC00351574","2019-01","42.70384","-121.99548","1275.3","CHILOQUIN 12 NW FORT KLAMATH, OR US","0.0","7","0.0",",7","10",",7","7",",7","1",",7","31",",7","4",",7","0",",7","27",",7","0",",7","0",",7","0",",7","","","20190101",",,7","20190119","+,,7","20190119",",,7","","","20190119",",,7","20190130",",,7","-15.0",",7,01,","203",",,7,19,+","152",",,7,19,","55.9",",,7,19,","11.1",",7,30,","2200.0","7","574.4",",7","97.2",",,,7","286",",,,7","-0.20",",7","5.54",",,,7","-5.93",",,,7"
"USC00351574","2019-02","42.70384","-121.99548","1275.3","CHILOQUIN 12 NW FORT KLAMATH, OR US","0.0","7","0.0","1,7","18","1,7","9","1,7","3","1,7","27","1,7","8","1,7","3","1,7","27","1,7","5","1,7","0","1,7","0","1,7","","","20190219",",1,7","20190227",",1,7","20190213",",1,7","","","20190213",",1,7","20190201",",1,7","-20.6","1,7,19,","660","1,,7,27,","432","1,,7,13,","37.6","1,,7,13,","11.1","1,7,01,","2745.2","7","545.2","1,7","149.2","1,,,7","1370","1,,,7","-1.86","1,7","2.68","1,,,7","-6.40","1,,,7"
"USC00351574","2019-03","42.70384","-121.99548","1275.3","CHILOQUIN 12 NW FORT KLAMATH, OR US","0.0","7","0.0",",7","11",",7","5",",7","0",",7","31",",7","3",",7","0",",7","30",",7","0",",7","0",",7","0",",7","","","20190303",",,7","20190307","+,,7","20190306",",,7","","","20190306",",,7","20190321",",,7","-13.9",",7,03,","584",",,7,07,+","76",",,7,06,","15.0",",,7,06,","19.4",",7,21,","3278.8","7","533.6",",7","39.6",",,,7","142",",,,7","1.12",",7","8.48",",,,7","-6.24",",,,7"
"USC00351574","2019-04","42.70384","-121.99548","1275.3","CHILOQUIN 12 NW FORT KLAMATH, OR US","0.0","7","0.0",",7","12",",7","11",",7","0",",7","","","","","0",",7","16",",7","0",",7","6",",7","0",",7","","","20190429","+,,7","","","","","","","20190408",",,7","20190426",",,7","-4.4",",7,29,+","","","","","16.3",",,7,08,","24.4",",7,26,","3608.7","7","329.9",",7","72.9",",,,7","","","7.34",",7","14.70",",,,7","-0.03",",,,7"
"USC00351574","2019-05","42.70384","-121.99548","1275.3","CHILOQUIN 12 NW FORT KLAMATH, OR US","0.0","7","0.0",",7","11",",7","9",",7","1",",7","","","","","0",",7","11",",7","0",",7","14",",7","0",",7","","","20190501",",,7","","","","","","","20190529",",,7","20190513",",,7","-7.2",",7,01,","","","","","26.2",",,7,29,","26.7",",7,13,","3864.2","7","255.5",",7","80.9",",,,7","","","10.09",",7","19.26",",,,7","0.92",",,,7"
"USC00351574","2019-06","42.70384","-121.99548","1275.3","CHILOQUIN 12 NW FORT KLAMATH, OR US","2.5","7","2.5",",7","2",",7","0",",7","0",",7","","","","","0",",7","7",",7","0",",7","24",",7","0",",7","","","20190621","+,,7","","","","","","","20190606",",,7","20190613","+,,7","-3.9",",7,21,+","","","","","1.5",",,7,06,","31.7",",7,13,+","4003.8","7","139.6",",7","1.8",",,,7","","","13.77",",7","25.19",",,,7","2.34",",,,7"
"USC00351574","2019-07","42.70384","-121.99548","1275.3","CHILOQUIN 12 NW FORT KLAMATH, OR US","8.7","7","6.2",",7","1",",7","0",",7","0",",7","","","","","0",",7","0",",7","0",",7","31",",7","3",",7","","","20190707","+,,7","","","","","","","20190710",",,7","20190729",",,7","0.6",",7,07,+","","","","","0.5",",,7,10,","32.8",",7,29,","63.5","7","63.5",",7","0.5",",,,7","","","16.48",",7","28.00",",,,7","4.97",",,,7"
"USC00351574","2019-08","42.70384","-121.99548","1275.3","CHILOQUIN 12 NW FORT KLAMATH, OR US","25.2","7","16.5",",7","3",",7","2",",7","0",",7","","","","","0",",7","0",",7","0",",7","30",",7","7",",7","","","20190812",",,7","","","","","","","20190810",",,7","20190828",",,7","1.1",",7,12,","","","","","13.2",",,7,10,","35.0",",7,28,","103.8","7","40.3",",7","21.1",",,,7","","","17.56",",7","29.53",",,,7","5.60",",,,7"
"USC00351574","2019-09","42.70384","-121.99548","1275.3","CHILOQUIN 12 NW FORT KLAMATH, OR US","29.6","7","4.4",",7","10",",7","3",",7","0",",7","","","","","0",",7","7",",7","0",",7","18",",7","1",",7","","","20190929","+,,7","","","","","","","20190918",",,7","20190905",",,7","-5.0",",7,29,+","","","","","14.0",",,7,18,","32.2",",7,05,","282.7","7","178.9",",7","28.0",",,,7","","","12.52",",7","22.91",",,,7","2.13",",,,7"
"USC00351574","2019-11","42.70384","-121.99548","1275.3","CHILOQUIN 12 NW FORT KLAMATH, OR US","","","0.0",",7","4",",7","1",",7","0",",7","4",",7","1",",7","1",",7","29",",7","0",",7","2",",7","0",",7","","","20191130",",,7","20191128","+,,7","20191127",",,7","","","20191127",",,7","20191107","+,,7","-18.3",",7,30,","305",",,7,28,+","305",",,7,27,","21.1",",,7,27,","21.1",",7,07,+","","","441.4",",7","22.0",",,,7","305",",,,7","3.62",",7","13.00",",,,7","-5.76",",,,7"
"USC00351574","2019-12","42.70384","-121.99548","1275.3","CHILOQUIN 12 NW FORT KLAMATH, OR US","","","0.0",",7","12",",7","8",",7","0",",7","30",",7","7",",7","0",",7","27",",7","3",",7","0",",7","0",",7","","","20191217",",,7","20191201",",,7","20191213","+,,7","","","20191213",",,7","20191231",",,7","-14.4",",7,17,","279",",,7,01,","127",",,7,13,+","24.9",",,7,13,","10.0",",7,31,","","","583.0",",7","97.1",",,,7","507",",,,7","-0.47",",7","4.05",",,,7","-5.00",",,,7"
"USC00351574","2020-02","42.70384","-121.99548","1275.3","CHILOQUIN 12 NW FORT KLAMATH, OR US","","","0.0",",7","1",",7","1",",7","0",",7","15",",7","0",",7","0",",7","28",",7","0",",7","0",",7","0",",7","","","20200204",",,7","20200201",",,7","20200229","+,,7","","","20200216",",,7","20200228",",,7","-13.9",",7,04,","127",",,7,01,","0",",,7,29,+","6.6",",,7,16,","18.3",",7,28,","","","471.9",",7","6.6",",,,7","0",",,,7","2.06",",7","10.19",",,,7","-6.07",",,,7"
"USC00351574","2020-03","42.70384","-121.99548","1275.3","CHILOQUIN 12 NW FORT KLAMATH, OR US","","","0.0",",7","12",",7","5",",7","0",",7","2",",7","5",",7","0",",7","29",",7","0",",7","0",",7","0",",7","","","20200326",",,7","20200316","+,,7","20200324",",,7","","","20200331",",,7","20200305",",,7","-11.1",",7,26,","25",",,7,16,+","76",",,7,24,","10.4",",,7,31,","18.3",",7,05,","","","459.8",",7","31.5",",,,7","246",",,,7","3.50",",7","11.37",",,,7","-4.37",",,,7"
"USC00351574","2020-04","42.70384","-121.99548","1275.3","CHILOQUIN 12 NW FORT KLAMATH, OR US","","","0.0",",7","8",",7","2",",7","0",",7","0",",7","1",",7","0",",7","24",",7","0",",7","5",",7","0",",7","","","20200402",",,7","20200430","+,,7","20200405",",,7","","","20200405",",,7","20200430","+,,7","-10.6",",7,02,","0",",,7,30,+","102",",,7,05,","9.9",",,7,05,","23.9",",7,30,+","","","351.0",",7","18.8",",,,7","110",",,,7","6.63",",7","15.49",",,,7","-2.22",",,,7"
"USC00351574","2020-05","42.70384","-121.99548","1275.3","CHILOQUIN 12 NW FORT KLAMATH, OR US","","","6.4","1,7","9",",7","4",",7","0",",7","0",",7","0",",7","0",",7","12",",7","0","1,7","12","1,7","0","1,7","","","20200504",",,7","20200531","+,,7","20200501",",,7","","","20200518",",,7","20200529",",1,7","-6.1",",7,04,","0",",,7,31,+","8",",,7,01,","13.5",",,7,18,","31.1","1,7,29,","","","233.4","1,7","34.9",",,,7","8",",,,7","10.67","1,7","19.72","1,,,7","1.62",",,,7"
"USC00351574","2020-07","42.70384","-121.99548","1275.3","CHILOQUIN 12 NW FORT KLAMATH, OR US","","","33.6",",7","0",",7","0",",7","0",",7","0",",7","0",",7","0",",7","3",",7","0",",7","30",",7","12",",7","","","20200702","+,,7","20200731","+,,7","20200731","+,,7","","","20200731","+,,7","20200727",",,7","-1.7",",7,02,+","0",",,7,31,+","0",",,7,31,+","0.0",",,7,31,+","36.1",",7,27,","72.4","7","72.4",",7","0.0",",,,7","0",",,,7","17.08",",7","29.53",",,,7","4.64",",,,7"
"USC00351574","2020-08","42.70384","-121.99548","1275.3","CHILOQUIN 12 NW FORT KLAMATH, OR US","","","29.4",",7","0",",7","0",",7","0",",7","0",",7","0",",7","0",",7","1",",7","0",",7","31",",7","12",",7","","","20200807",",,7","20200831","+,,7","20200831","+,,7","","","20200831","+,,7","20200815",",,7","-0.6",",7,07,","0",",,7,31,+","0",",,7,31,+","0.0",",,7,31,+","36.7",",7,15,","94.1","7","21.7",",7","0.0",",,,7","0",",,,7","18.58",",7","31.32",",,,7","5.84",",,,7"
"USC00351574","2020-09","42.70384","-121.99548","1275.3","CHILOQUIN 12 NW FORT KLAMATH, OR US","","","16.7",",7","1",",7","1",",7","0",",7","0",",7","0",",7","0",",7","13",",7","0",",7","27",",7","7",",7","","","20200921",",,7","20200930","+,,7","20200930","+,,7","","","20200926",",,7","20200904",",,7","-4.4",",7,21,","0",",,7,30,+","0",",,7,30,+","2.5",",,7,26,","37.2",",7,04,","211.7","7","117.6",",7","2.5",",,,7","0",",,,7","14.97",",7","28.24",",,,7","1.70",",,,7"
"USC00351574","2020-10","42.70384","-121.99548","1275.3","CHILOQUIN 12 NW FORT KLAMATH, OR US","","","0.0",",7","2",",7","1",",7","0",",7","0",",7","0",",7","0",",7","25",",7","0",",7","18",",7","1",",7","","","20201026",",,7","20201031","+,,7","20201031","+,,7","","","20201010",",,7","20201002",",,7","-12.8",",7,26,","0",",,7,31,+","0",",,7,31,+","6.4",",,7,10,","33.3",",7,02,","501.0","7","289.3",",7","6.7",",,,7","0",",,,7","9.00",",7","21.61",",,,7","-3.61",",,,7"
"USC00351574","2020-11","42.70384","-121.99548","1275.3","CHILOQUIN 12 NW FORT KLAMATH, OR US","","","0.0",",7","11",",7","7",",7","1",",7","2",",7","2",",7","0",",7","29",",7","0",",7","4",",7","0",",7","","","20201112",",,7","20201119","+,,7","20201119","+,,7","","","20201115",",,7","20201106","+,,7","-15.0",",7,12,","51",",,7,19,+","51",",,7,19,+","57.2",",,7,15,","22.2",",7,06,+","1010.8","7","509.8",",7","103.1",",,,7","118",",,,7","1.34",",7","9.24",",,,7","-6.56",",,,7"
"USC00351574","2020-12","42.70384","-121.99548","1275.3","CHILOQUIN 12 NW FORT KLAMATH, OR US","","","0.0",",7","12",",7","6",",7","0",",7","20",",7","2",",7","0",",7","31",",7","1",",7","0",",7","0",",7","","","20201212",",,7","20201215","+,,7","20201213","+,,7","","","20201217",",,7","20201209",",,7","-16.7",",7,12,","152",",,7,15,+","76",",,7,13,+","19.3",",,7,17,","12.8",",7,09,","1629.1","7","618.3",",7","57.1",",,,7","207",",,,7","-1.61",",7","5.58",",,,7","-8.81",",,,7"
"USC00351574","2021-01","42.70384","-121.99548","1275.3","CHILOQUIN 12 NW FORT KLAMATH, OR US","0.0","","0.0",",7","12",",7","10",",7","0",",7","23",",7","7",",7","0",",7","30",",7","0",",7","0",",7","0",",7","","","20210126",",,7","20210108",",,7","20210108",",,7","","","20210113",",,7","20210119",",,7","-15.6",",7,26,","203",",,7,08,","178",",,7,08,","19.3",",,7,13,","11.7",",7,19,","2202.0","","572.9",",7","75.4",",,,7","367",",,,7","-0.15",",7","5.60",",,,7","-5.90",",,,7"
"USC00351574","2021-02","42.70384","-121.99548","1275.3","CHILOQUIN 12 NW FORT KLAMATH, OR US","0.0","","0.0",",7","11",",7","7",",7","1",",7","13",",7","3",",7","0",",7","28",",7","0",",7","0",",7","0",",7","","","20210204",",,7","20210220","+,,7","20210219",",,7","","","20210219",",,7","20210223",",,7","-14.4",",7,04,","152",",,7,20,+","152",",,7,19,","26.7",",,7,19,","12.2",",7,23,","2710.0","","508.0",",7","69.9",",,,7","279",",,,7","0.19",",7","6.66",",,,7","-6.28",",,,7"
"USC00351574","2021-03","42.70384","-121.99548","1275.3","CHILOQUIN 12 NW FORT KLAMATH, OR US","0.0","","0.0",",7","5",",7","2",",7","0",",7","0",",7","1",",7","0",",7","30",",7","0",",7","0",",7","0",",7","","","20210330",",,7","20210331","+,,7","20210306",",,7","","","20210310",",,7","20210328",",,7","-10.6",",7,30,","0",",,7,31,+","51",",,7,06,","3.0",",,7,10,","20.6",",7,28,","3212.7","","502.7",",7","9.2",",,,7","92",",,,7","2.12",",7","10.87",",,,7","-6.64",",,,7"
"USC00351574","2021-04","42.70384","-121.99548","1275.3","CHILOQUIN 12 NW FORT KLAMATH, OR US","0.0","","0.0","1,7","3",",7","0",",7","0",",7","0",",7","0",",7","0",",7","29",",7","0","1,7","8","1,7","0","1,7","","","20210409",",,7","20210430","+,,7","20210425",",,7","","","20210425",",,7","20210430",",1,7","-10.0",",7,09,","0",",,7,30,+","13",",,7,25,","2.0",",,7,25,","26.7","1,7,30,","3568.4","","355.7","1,7","5.1",",,,7","13",",,,7","6.06","1,7","17.59","1,,,7","-5.47",",,,7"
"USC00351574","2021-05","42.70384","-121.99548","1275.3","CHILOQUIN 12 NW FORT KLAMATH, OR US","0.0","","0.0",",7","1",",7","1",",7","0",",7","0",",7","0",",7","0",",7","23",",7","0",",7","16",",7","0",",7","","","20210508",",,7","20210531","+,,7","20210531","+,,7","","","20210515",",,7","20210531",",,7","-8.3",",7,08,","0",",,7,31,+","0",",,7,31,+","2.5",",,7,15,","29.4",",7,31,","3842.7","","274.3",",7","2.5",",,,7","0",",,,7","9.49",",7","20.60",",,,7","-1.63",",,,7"
"USC00351574","2021-06","42.70384","-121.99548","1275.3","CHILOQUIN 12 NW FORT KLAMATH, OR US","33.7","","33.7",",7","6",",7","1",",7","0",",7","0",",7","0",",7","0",",7","5",",7","0",",7","23",",7","13",",7","","","20210606",",,7","20210630","+,,7","20210630","+,,7","","","20210612",",,7","20210629",",,7","-5.0",",7,06,","0",",,7,30,+","0",",,7,30,+","10.2",",,7,12,","40.0",",7,29,","3937.5","","94.8",",7","12.7",",,,7","0",",,,7","16.30",",7","28.52",",,,7","4.07",",,,7"
"USC00351574","2021-07","42.70384","-121.99548","1275.3","CHILOQUIN 12 NW FORT KLAMATH, OR US","90.2","","56.5",",7","3",",7","2",",7","0",",7","0",",7","0",",7","0",",7","0",",7","0",",7","31",",7","21",",7","","","20210723",",,7","20210731","+,,7","20210731","+,,7","","","20210730",",,7","20210726",",,7","0.6",",7,23,","0",",,7,31,+","0",",,7,31,+","11.2",",,7,30,","36.7",",7,26,","14.1","","14.1",",7","16.1",",,,7","0",",,,7","19.70",",7","33.32",",,,7","6.08",",,,7"
"USC00351574","2021-08","42.70384","-121.99548","1275.3","CHILOQUIN 12 NW FORT KLAMATH, OR US","132.6","","42.4",",7","1",",7","0",",7","0",",7","0",",7","0",",7","0",",7","9",",7","0",",7","31",",7","15",",7","","","20210822",",,7","20210831","+,,7","20210831","+,,7","","","20210801",",,7","20210816","+,,7","-3.3",",7,22,","0",",,7,31,+","0",",,7,31,+","0.3",",,7,01,","37.2",",7,16,+","85.8","","71.7",",7","0.3",",,,7","0",",,,7","17.39",",7","31.07",",,,7","3.71",",,,7"
"USC00351574","2021-09","42.70384","-121.99548","1275.3","CHILOQUIN 12 NW FORT KLAMATH, OR US","134.8","","2.2",",7","4",",7","2",",7","0",",7","0",",7","0",",7","0",",7","20",",7","0",",7","25",",7","1",",7","","","20210929","+,,7","20210930","+,,7","20210930","+,,7","","","20210910",",,7","20210908",",,7","-5.6",",7,29,+","0",",,7,30,+","0",",,7,30,+","14.7",",,7,10,","32.2",",7,08,","246.1","","160.3",",7","20.5",",,,7","0",",,,7","13.06",",7","26.24",",,,7","-0.12",",,,7"
"USC00351574","2021-10","42.70384","-121.99548","1275.3","CHILOQUIN 12 NW FORT KLAMATH, OR US","134.8","","0.0",",7","8",",7","5",",7","1",",7","0",",7","0",",7","0",",7","21",",7","0",",7","8",",7","0",",7","","","20211012",",,7","20211031","+,,7","20211031","+,,7","","","20211022",",,7","20211004",",,7","-11.1",",7,12,","0",",,7,31,+","0",",,7,31,+","31.2",",,7,22,","27.8",",7,04,","584.4","","338.3",",7","64.5",",,,7","0",",,,7","7.42",",7","17.22",",,,7","-2.38",",,,7"
"USC00351574","2021-11","42.70384","-121.99548","1275.3","CHILOQUIN 12 NW FORT KLAMATH, OR US","134.8","","0.0",",7","13",",7","6",",7","0",",7","1",",7","1",",7","0",",7","28",",7","0",",7","0",",7","0",",7","","","20211124",",,7","20211109",",,7","20211109",",,7","","","20211109",",,7","20211115","+,,7","-11.1",",7,24,","51",",,7,09,","64",",,7,09,","19.8",",,7,09,","15.6",",7,15,+","1048.3","","463.9",",7","72.3",",,,7","69",",,,7","2.87",",7","10.13",",,,7","-4.39",",,,7"
"USC00351574","2022-01","42.70384","-121.99548","1275.3","CHILOQUIN 12 NW FORT KLAMATH, OR US","0.0","7","0.0",",7","4",",7","4",",7","0",",7","31",",7","1",",7","1",",7","30",",7","0",",7","0",",7","0",",7","","","20220101",",,7","20220104",",,7","20220104",",,7","","","20220104",",,7","20220123",",,7","-22.8",",7,01,","584",",,7,04,","76",",,7,04,","15.7",",,7,04,","14.4",",7,23,","","","618.1",",7","44.9",",,,7","76",",,,7","-1.60",",7","6.58",",,,7","-9.79",",,,7"
"USC00351574","2022-02","42.70384","-121.99548","1275.3","CHILOQUIN 12 NW FORT KLAMATH, OR US","0.0","7","0.0",",7","4",",7","1",",7","0",",7","28",",7","2",",7","1",",7","28",",7","0",",7","0",",7","0",",7","","","20220223",",,7","20220207","+,,7","20220222","+,,7","","","20220227",",,7","20220212","+,,7","-20.0",",7,23,","305",",,7,07,+","25",",,7,22,+","2.5",",,7,27,","16.1",",7,12,+","","","535.6",",7","6.3",",,,7","66",",,,7","-0.80",",7","9.11",",,,7","-10.70",",,,7"
"USC00351574","2022-03","42.70384","-121.99548","1275.3","CHILOQUIN 12 NW FORT KLAMATH, OR US","0.0","7","0.0",",7","4",",7","2",",7","0",",7","16",",7","0",",7","0",",7","29",",7","0",",7","3",",7","0",",7","","","20220310",",,7","20220301",",,7","20220313",",,7","","","20220316",",,7","20220323",",,7","-12.2",",7,10,","127",",,7,01,","13",",,7,13,","6.4",",,7,16,","21.7",",7,23,","","","446.1",",7","12.6",",,,7","13",",,,7","3.94",",7","12.53",",,,7","-4.64",",,,7"
"USC00351574","2022-04","42.70384","-121.99548","1275.3","CHILOQUIN 12 NW FORT KLAMATH, OR US","0.0","7","0.0",",7","12",",7","10",",7","0",",7","7",",7","5",",7","0",",7","27",",7","0",",7","1",",7","0",",7","","","20220415",",,7","20220415","+,,7","20220415","+,,7","","","20220404",",,7","20220408",",,7","-11.7",",7,15,","152",",,7,15,+","102",",,7,15,+","16.3",",,7,04,","24.4",",7,08,","","","451.4",",7","69.1",",,,7","384",",,,7","3.29",",7","11.15",",,,7","-4.58",",,,7"
"USC00351574","2022-05","42.70384","-121.99548","1275.3","CHILOQUIN 12 NW FORT KLAMATH, OR US","0.0","7","0.0",",7","12",",7","5",",7","0",",7","1",",7","1",",7","0",",7","22",",7","0",",7","6",",7","0",",7","","","20220520",",,7","20220510",",,7","20220510",",,7","","","20220529",",,7","20220526",",,7","-10.0",",7,20,","25",",,7,10,","25",",,7,10,","4.3",",,7,29,","27.2",",7,26,","","","345.4",",7","25.4",",,,7","38",",,,7","7.19",",7","16.20",",,,7","-1.81",",,,7"
"USC00351574","2022-06","42.70384","-121.99548","1275.3","CHILOQUIN 12 NW FORT KLAMATH, OR US","3.9","7","3.9",",7","3",",7","2",",7","0",",7","0",",7","0",",7","0",",7","8",",7","0",",7","19",",7","3",",7","","","20220614",",,7","20220630","+,,7","20220617",",,7","","","20220605",",,7","20220627",",,7","-5.0",",7,14,","0",",,7,30,+","0",",T,7,17,","23.9",",,7,05,","35.0",",7,27,","","","162.1",",7","28.0",",,,7","0",",T,,7","13.06",",7","23.61",",,,7","2.50",",,,7"
"USC00351574","2022-07","42.70384","-121.99548","1275.3","CHILOQUIN 12 NW FORT KLAMATH, OR US","50.3","7","46.4",",7","2",",7","0",",7","0",",7","0",",7","0",",7","0",",7","0",",7","0",",7","30",",7","15",",7","","","20220718","+,,7","20220731","+,,7","20220731","+,,7","","","20220705",",,7","20220730",",,7","1.7",",7,18,+","0",",,7,31,+","0",",,7,31,+","2.0",",,7,05,","39.4",",7,30,","37.7","7","37.7",",7","2.3",",,,7","0",",,,7","18.61",",7","31.06",",,,7","6.17",",,,7"
"USC00351574","2022-08","42.70384","-121.99548","1275.3","CHILOQUIN 12 NW FORT KLAMATH, OR US","92.8","7","42.5",",7","2",",7","0",",7","0",",7","0",",7","0",",7","0",",7","2",",7","0",",7","31",",7","21",",7","","","20220828","+,,7","20220831","+,,7","20220831","+,,7","","","20220802",",,7","20220818",",,7","0.0",",7,28,+","0",",,7,31,+","0",",,7,31,+","1.3",",,7,02,","37.8",",7,18,","59.4","7","21.7",",7","1.6",",,,7","0",",,,7","19.00",",7","32.66",",,,7","5.34",",,,7"
"USC00351574","2022-09","42.70384","-121.99548","1275.3","CHILOQUIN 12 NW FORT KLAMATH, OR US","110.6","7","17.8",",7","5",",7","2",",7","0",",7","0",",7","0",",7","0",",7","14",",7","0",",7","25",",7","9",",7","","","20220917",",,7","20220930","+,,7","20220930","+,,7","","","20220920",",,7","20220907",",,7","-4.4",",7,17,","0",",,7,30,+","0",",,7,30,+","14.2",",,7,20,","37.8",",7,07,","187.6","7","128.2",",7","19.9",",,,7","0",",,,7","14.65",",7","27.58",",,,7","1.73",",,,7"
"USC00351574","2022-10","42.70384","-121.99548","1275.3","CHILOQUIN 12 NW FORT KLAMATH, OR US","110.6","7","0.0",",7","3",",7","2",",7","0",",7","0",",7","0",",7","0",",7","31",",7","0",",7","21",",7","0",",7","","","20221027",",,7","20221031","+,,7","20221031","+,,7","","","20221022",",,7","20221008",",,7","-8.9",",7,27,","0",",,7,31,+","0",",,7,31,+","6.4",",,7,22,","31.7",",7,08,","464.0","7","276.4",",7","9.2",",,,7","0",",,,7","9.42",",7","23.10",",,,7","-4.27",",,,7"
"USC00351574","2022-11","42.70384","-121.99548","1275.3","CHILOQUIN 12 NW FORT KLAMATH, OR US","110.6","7","0.0",",7","10",",7","5",",7","0",",7","25",",7","6",",7","1",",7","29",",7","0",",7","0",",7","0",",7","","","20221119",",,7","20221112","+,,7","20221102",",,7","","","20221105",",,7","20221101",",,7","-18.3",",7,19,","76",",,7,12,+","76",",,7,02,","22.1",",,7,05,","20.0",",7,01,","1049.1","7","585.1",",7","52.8",",,,7","271",",,,7","-1.17",",7","6.80",",,,7","-9.14",",,,7"
"USC00351574","2022-12","42.70384","-121.99548","1275.3","CHILOQUIN 12 NW FORT KLAMATH, OR US","","","","","9","5,7","6","5,7","0","5,7","19","5,7","4","5,7","","","","","","","","","","","","","","","20221215","+,5,7","20221208",",5,7","","","20221208",",5,7","","","","","330","5,,7,15,+","203","5,,7,08,","16.8","5,,7,08,","","","","","","","53.4","5,,,7","426","5,,,7","","","","","",""
"USC00351574","2023-01","42.70384","-121.99548","1275.3","CHILOQUIN 12 NW FORT KLAMATH, OR US","0.0","7","0.0",",7","10",",7","5",",7","1",",7","31",",7","5",",7","5",",7","31",",7","1",",7","0",",7","0",",7","","","20230130",",,7","20230112",",,7","20230112","+,,7","","","20230112",",,7","20230126",",,7","-22.8",",7,30,","457",",,7,12,","152",",,7,12,+","29.2",",,7,12,","9.4",",7,26,","","","661.6",",7","68.7",",,,7","457",",,,7","-3.01",",7","4.57",",,,7","-10.59",",,,7"
"USC00351574","2023-02","42.70384","-121.99548","1275.3","CHILOQUIN 12 NW FORT KLAMATH, OR US","0.0","7","0.0",",7","9",",7","4",",7","0",",7","28",",7","4",",7","4",",7","28",",7","4",",7","0",",7","0",",7","","","20230215",",,7","20230228",",,7","20230228",",,7","","","20230228",",,7","20230221","+,,7","-21.7",",7,15,","432",",,7,28,","152",",,7,28,","11.7",",,7,28,","12.8",",7,21,+","","","592.7",",7","31.9",",,,7","341",",,,7","-2.84",",7","5.97",",,,7","-11.64",",,,7"
"USC00351574","2023-03","42.70384","-121.99548","1275.3","CHILOQUIN 12 NW FORT KLAMATH, OR US","0.0","7","0.0",",7","15","1,7","11","1,7","0","1,7","31",",7","12",",7","4",",7","31",",7","0",",7","0",",7","0",",7","","","20230301",",,7","20230310",",,7","20230328",",,7","","","20230320",",1,7","20230319",",,7","-22.8",",7,01,","660",",,7,10,","178",",,7,28,","19.3","1,,7,20,","12.2",",7,19,","","","642.9",",7","108.0","1,,,7","902",",,,7","-2.41",",7","5.49",",,,7","-10.30",",,,7"
"USC00351574","2023-04","42.70384","-121.99548","1275.3","CHILOQUIN 12 NW FORT KLAMATH, OR US","0.0","7","0.0",",7","5",",7","4",",7","0",",7","23",",7","2",",7","0",",7","29",",7","0",",7","5",",7","0",",7","","","20230413",",,7","20230402",",,7","20230402",",,7","","","20230407",",,7","20230429",",,7","-14.4",",7,13,","508",",,7,02,","102",",,7,02,","15.0",",,7,07,","27.8",",7,29,","","","441.5",",7","36.9",",,,7","153",",,,7","3.62",",7","12.30",",,,7","-5.06",",,,7"
"USC00351574","2023-05","42.70384","-121.99548","1275.3","CHILOQUIN 12 NW FORT KLAMATH, OR US","0.3","7","0.3",",7","9",",7","5",",7","0",",7","0",",7","0",",7","0",",7","14",",7","0",",7","18",",7","0",",7","","","20230509",",,7","20230531","+,,7","20230531","+,,7","","","20230501",",,7","20230520",",,7","-6.1",",7,09,","0",",,7,31,+","0",",,7,31,+","8.1",",,7,01,","30.0",",7,20,","","","237.7",",7","36.9",",,,7","0",",,,7","10.67",",7","21.22",",,,7","0.13",",,,7"
"USC00351574","2023-06","42.70384","-121.99548","1275.3","CHILOQUIN 12 NW FORT KLAMATH, OR US","1.1","7","0.8",",7","4",",7","2",",7","0",",7","0",",7","0",",7","0",",7","8",",7","0",",7","26",",7","0",",7","","","20230620",",,7","20230630","+,,7","20230630","+,,7","","","20230607",",,7","20230630",",,7","-6.7",",7,20,","0",",,7,30,+","0",",,7,30,+","7.9",",,7,07,","31.7",",7,30,","","","154.2",",7","15.6",",,,7","0",",,,7","13.22",",7","24.80",",,,7","1.64",",,,7"
"USC00351574","2023-07","42.70384","-121.99548","1275.3","CHILOQUIN 12 NW FORT KLAMATH, OR US","18.8","7","17.7",",7","0",",7","0",",7","0",",7","0",",7","0",",7","0",",7","1",",7","0",",7","31",",7","15",",7","","","20230711",",,7","20230731","+,,7","20230731","+,,7","","","20230731","+,,7","20230716",",,7","-1.1",",7,11,","0",",,7,31,+","0",",,7,31,+","0.0",",,7,31,+","36.1",",7,16,","31.8","7","31.8",",7","0.0",",,,7","0",",,,7","17.88",",7","31.71",",,,7","4.04",",,,7"
"USC00351574","2023-08","42.70384","-121.99548","1275.3","CHILOQUIN 12 NW FORT KLAMATH, OR US","48.4","7","29.6","2,7","2",",7","1",",7","0",",7","0",",7","0",",7","0","1,7","3","1,7","0","1,7","30","1,7","8","1,7","","","20230830",",1,7","20230831","+,,7","20230831","+,,7","","","20230805",",,7","20230815",",1,7","-3.3","1,7,30,","0",",,7,31,+","0",",,7,31,+","2.8",",,7,05,","37.2","1,7,15,","77.0","7","45.2","1,7","3.3",",,,7","0",",,,7","17.71","2,7","30.78","1,,,7","4.63","1,,,7"
"USC00351574","2023-09","42.70384","-121.99548","1275.3","CHILOQUIN 12 NW FORT KLAMATH, OR US","48.4","7","0.0",",7","4",",7","2",",7","0",",7","0",",7","0",",7","0",",7","17",",7","0",",7","19",",7","1",",7","","","20230928","+,,7","20230930","+,,7","20230930","+,,7","","","20230926",",,7","20230916",",,7","-7.2",",7,28,+","0",",,7,30,+","0",",,7,30,+","13.0",",,7,26,","32.2",",7,16,","277.5","7","200.5",",7","21.4",",,,7","0",",,,7","11.65",",7","23.37",",,,7","-0.08",",,,7"
"USC00351574","2023-10","42.70384","-121.99548","1275.3","CHILOQUIN 12 NW FORT KLAMATH, OR US","48.4","7","0.0",",7","5",",7","4",",7","0",",7","1",",7","1",",7","0",",7","27",",7","0",",7","12",",7","0",",7","","","20231029",",,7","20231026",",,7","20231026",",,7","","","20231011",",,7","20231006",",,7","-13.3",",7,29,","25",",,7,26,","25",",,7,26,","3.6",",,7,11,","29.4",",7,06,","616.1","7","338.6",",7","13.7",",,,7","25",",,,7","7.41",",7","18.73",",,,7","-3.91",",,,7"
"USC00351574","2023-11","42.70384","-121.99548","1275.3","CHILOQUIN 12 NW FORT KLAMATH, OR US","48.4","7","0.0",",7","11",",7","6",",7","0",",7","0",",7","0",",7","0",",7","27",",7","0",",7","0",",7","0",",7","","","20231128",",,7","20231130","+,,7","20231130",",,7","","","20231119",",,7","20231105",",,7","-15.0",",7,28,","0",",,7,30,+","13",",,7,30,","13.5",",,7,19,","17.8",",7,05,","1105.1","7","489.0",",7","46.6",",,,7","21",",,,7","2.03",",7","10.38",",,,7","-6.31",",,,7"
"USC00351574","2023-12","42.70384","-121.99548","1275.3","CHILOQUIN 12 NW FORT KLAMATH, OR US","48.4","7","0.0",",7","15",",7","10",",7","0",",7","7",",7","3",",7","0",",7","29",",7","0",",7","0",",7","0",",7","","","20231209",",,7","20231201",",,7","20231201",",,7","","","20231203",",,7","20231221","+,,7","-13.3",",7,09,","127",",,7,01,","127",",,7,01,","19.6",",,7,03,","11.1",",7,21,+","1670.9","7","565.8",",7","93.6",",,,7","216",",,,7","0.08",",7","5.88",",,,7","-5.72",",,,7"
"USC00351574","2024-01","42.70384","-121.99548","1275.3","CHILOQUIN 12 NW FORT KLAMATH, OR US","0.0","","0.0",",7","21",",7","14",",7","1",",7","24",",7","5",",7","0",",7","29",",7","1",",7","0",",7","0",",7","","","20240115",",,7","20240114","+,,7","20240110",",,7","","","20240114",",,7","20240130",",,7","-11.7",",7,15,","254",",,7,14,+","178",",,7,10,","30.5",",,7,14,","17.8",",7,30,","2220.8","","549.9",",7","185.9",",,,7","550",",,,7","0.59",",7","5.67",",,,7","-4.48",",,,7"
