"STATION","DATE","LATITUDE","LONGITUDE","ELEVATION","NAME","CDSD","CDSD_ATTRIBUTES","CLDD","CLDD_ATTRIBUTES","DP01","DP01_ATTRIBUTES","DP10","DP10_ATTRIBUTES","DP1X","DP1X_ATTRIBUTES","DSNW","DSNW_ATTRIBUTES","DT00","DT00_ATTRIBUTES","DT32","DT32_ATTRIBUTES","DX32","DX32_ATTRIBUTES","DX70","DX70_ATTRIBUTES","DX90","DX90_ATTRIBUTES","DYNT","DYNT_ATTRIBUTES","DYSN","DYSN_ATTRIBUTES","DYXP","DYXP_ATTRIBUTES","DYXT","DYXT_ATTRIBUTES","EMNT","EMNT_ATTRIBUTES","EMSN","EMSN_ATTRIBUTES","EMXP","EMXP_ATTRIBUTES","EMXT","EMXT_ATTRIBUTES","HDSD","HDSD_ATTRIBUTES","HTDD","HTDD_ATTRIBUTES","PRCP","PRCP_ATTRIBUTES","SNOW","SNOW_ATTRIBUTES","TAVG","TAVG_ATTRIBUTES","TMAX","TMAX_ATTRIBUTES","TMIN","TMIN_ATTRIBUTES"
"USC00448257","1917-09","36.533333","-79.533333","190.2","SWANSONVILLE, VA US","","","57.6",",6","7",",6","6",",6","0",",6","0",",6","0",",6","0",",6","0",",6","21",",6","1",",6","19170912",",,6","19170930","+,,6","19170928",",,6","19170902",",,6","5.6",",6,12,","0",",,6,30,+","8.4",",,6,28,","33.3",",6,02,","","","43.3",",6","30.3",",,,6","0",",,,6","18.81",",6","24.15",",,,6","13.46",",,,6"
"USC00448257","1917-10","36.533333","-79.533333","190.2","SWANSONVILLE, VA US","","","4.8","1,6","7",",6","4",",6","0",",6","0",",6","0","1,6","4","1,6","0",",6","14",",6","0",",6","19171031",",1,6","19171029",",,6","19171029",",,6","19171016",",,6","-3.9","1,6,31,","0",",T,6,29,","20.1",",,6,29,","30.0",",6,16,","","","189.3",",6","49.9",",,,6","0",",T,,6","12.24","1,6","20.13",",,,6","4.35","1,,,6"
"USC00448257","1917-11","36.533333","-79.533333","190.2","SWANSONVILLE, VA US","","","0.0","1,6","4",",6","2",",6","0",",6","0",",6","0","1,6","10","1,6","0",",6","6",",6","0",",6","19171125",",1,6","19171130","+,,6","19171130",",,6","19171110","+,,6","-6.7","1,6,25,","0",",,6,30,+","8.4",",,6,30,","22.8",",6,10,+","","","287.8",",6","15.5",",,,6","0",",,,6","8.48","1,6","15.76",",,,6","1.20","1,,,6"
"USC00448257","1917-12","36.533333","-79.533333","190.2","SWANSONVILLE, VA US","","","0.0",",6","7","1,6","4","1,6","0","1,6","","","1",",6","27",",6","10",",6","0",",6","0",",6","19171230",",,6","","","19171212",",1,6","19171221",",,6","-18.9",",6,30,","","","20.3","1,,6,12,","16.7",",6,21,","","","587.5",",6","42.9","1,,,6","","","-0.62",",6","4.91",",,,6","-6.15",",,,6"
"USC00448257","1918-01","36.533333","-79.533333","190.2","SWANSONVILLE, VA US","0.0","6","0.0","4,6","","","","","","","","","0","4,6","27","4,6","6","3,6","0","3,6","0","3,6","19180113",",4,6","","","","","19180111",",3,6","-16.7","4,6,13,","","","","","11.1","3,6,11,","","","560.3","3,6","","","","","-2.29","4,6","3.91","3,,,6","-8.48","4,,,6"
"USC00448257","1918-02","36.533333","-79.533333","190.2","SWANSONVILLE, VA US","0.0","6","0.0","1,6","6","1,6","2","1,6","0","1,6","0",",6","0",",6","14",",6","2","1,6","6","1,6","0","1,6","19180205",",,6","19180221",",,6","19180219",",1,6","19180228",",1,6","-12.2",",6,05,","3",",,6,21,","4.1","1,,6,19,","25.6","1,6,28,","","","304.4","1,6","8.2","1,,,6","3",",,,6","7.07","1,6","13.97","1,,,6","0.16",",,,6"
"USC00448257","1918-03","36.533333","-79.533333","190.2","SWANSONVILLE, VA US","5.1","6","5.1","2,6","10",",6","8",",6","0",",6","0",",6","0","1,6","2","1,6","0","1,6","11","1,6","0","1,6","19180316",",1,6","19180331","+,,6","19180304",",,6","19180322","+,1,6","-2.8","1,6,16,","0",",,6,31,+","15.5",",,6,04,","26.7","1,6,22,+","","","175.5","1,6","59.4",",,,6","0",",,,6","12.31","2,6","18.80","1,,,6","5.82","1,,,6"
"USC00448257","1918-04","36.533333","-79.533333","190.2","SWANSONVILLE, VA US","8.4","6","3.3","1,6","","","","","","","0",",6","0","1,6","6","1,6","0","1,6","14","1,6","0","1,6","19180406",",1,6","19180430","+,,6","","","19180403",",1,6","-1.7","1,6,06,","0",",,6,30,+","","","27.8","1,6,03,","","","185.2","1,6","","","0",",,,6","12.06","1,6","18.18","1,,,6","5.94","1,,,6"
"USC00448257","1918-05","36.533333","-79.533333","190.2","SWANSONVILLE, VA US","99.2","6","90.8","3,6","7",",6","5",",6","0",",6","0",",6","0","3,6","0","3,6","0",",6","27",",6","6",",6","19180502",",3,6","19180531","+,,6","19180522",",,6","19180531","+,,6","2.2","3,6,02,","0",",,6,31,+","14.0",",,6,22,","35.0",",6,31,+","","","22.2",",6","53.2",",,,6","0",",,,6","20.81","3,6","27.74",",,,6","13.89","3,,,6"
"USC00448257","1918-06","36.533333","-79.533333","190.2","SWANSONVILLE, VA US","200.9","6","101.7","3,6","","","","","","","0",",6","0",",6","0",",6","0","3,6","27","3,6","5","3,6","19180623",",,6","19180630","+,,6","","","19180602",",3,6","7.2",",6,23,","0",",,6,30,+","","","36.7","3,6,02,","","","4.2","3,6","","","0",",,,6","21.91","3,6","28.64","3,,,6","15.18",",,,6"
"USC00448257","1918-07","36.533333","-79.533333","190.2","SWANSONVILLE, VA US","330.9","6","130.0","1,6","","","","","","","0",",6","0",",6","0",",6","0","1,6","30","1,6","5","1,6","19180703",",,6","19180731","+,,6","","","19180722",",1,6","10.0",",6,03,","0",",,6,31,+","","","36.7","1,6,22,","0.6","6","0.6","1,6","","","0",",,,6","22.68","1,6","29.24","1,,,6","16.12",",,,6"
"USC00448257","1918-08","36.533333","-79.533333","190.2","SWANSONVILLE, VA US","531.1","6","200.2","1,6","6",",6","4",",6","1",",6","0",",6","0",",6","0",",6","0","1,6","30","1,6","18","1,6","19180821",",,6","19180831","+,,6","19180810",",,6","19180806",",1,6","11.1",",6,21,","0",",,6,31,+","32.3",",,6,10,","38.3","1,6,06,","0.9","6","0.3","1,6","77.0",",,,6","0",",,,6","25.00","1,6","32.03","1,,,6","17.98",",,,6"
"USC00448257","1918-09","36.533333","-79.533333","190.2","SWANSONVILLE, VA US","573.4","6","42.3",",6","","","","","","","0",",6","0",",6","0",",6","0",",6","26",",6","0",",6","19180928","+,,6","19180930","+,,6","","","19180904",",,6","3.3",",6,28,+","0",",,6,30,+","","","31.1",",6,04,","38.7","6","37.8",",6","","","0",",,,6","18.48",",6","26.06",",,,6","10.90",",,,6"
"USC00448257","1918-10","36.533333","-79.533333","190.2","SWANSONVILLE, VA US","599.0","6","25.6","1,6","7",",6","5",",6","0",",6","0",",6","0",",6","0",",6","0","1,6","25","1,6","0","1,6","19181023",",,6","19181031","+,,6","19181030",",,6","19181006",",1,6","0.6",",6,23,","0",",,6,31,+","21.6",",,6,30,","31.1","1,6,06,","87.2","6","48.5","1,6","54.1",",,,6","0",",,,6","17.58","1,6","24.80","1,,,6","10.36",",,,6"
"USC00448257","1918-11","36.533333","-79.533333","190.2","SWANSONVILLE, VA US","599.0","6","0.0","1,6","3",",6","2",",6","1",",6","0",",6","0","1,6","7","1,6","0","1,6","4","1,6","0","1,6","19181113",",1,6","19181130","+,,6","19181128",",,6","19181108",",1,6","-3.3","1,6,13,","0",",,6,30,+","30.5",",,6,28,","23.3","1,6,08,","352.5","6","265.3","1,6","54.4",",,,6","0",",,,6","9.19","1,6","15.73","1,,,6","2.64","1,,,6"
"USC00448257","1918-12","36.533333","-79.533333","190.2","SWANSONVILLE, VA US","599.0","6","0.0",",6","8",",6","6",",6","0",",6","0",",6","0",",6","13",",6","0",",6","1",",6","0",",6","19181230","+,,6","19181231","+,,6","19181222",",,6","19181209",",,6","-7.2",",6,30,+","0",",,6,31,+","19.1",",,6,22,","21.7",",6,09,","719.3","6","366.8",",6","61.7",",,,6","0",",,,6","6.50",",6","11.40",",,,6","1.61",",,,6"
"USC00448257","1919-01","36.533333","-79.533333","190.2","SWANSONVILLE, VA US","0.0","6","0.0","1,6","6",",6","6",",6","0",",6","0",",6","0",",6","17",",6","2","1,6","0","1,6","0","1,6","19190106","+,,6","19190131","+,,6","19190126",",,6","19190122",",1,6","-11.1",",6,06,+","0",",,6,31,+","20.3",",,6,26,","20.6","1,6,22,","1098.0","6","378.7","1,6","86.8",",,,6","0",",,,6","5.81","1,6","12.75","1,,,6","-1.13",",,,6"
"USC00448257","1919-02","36.533333","-79.533333","190.2","SWANSONVILLE, VA US","0.0","6","0.0","1,6","9",",6","3",",6","0",",6","0",",6","0",",6","20",",6","0","1,6","0","1,6","0","1,6","19190227","+,,6","19190222",",,6","19190213",",,6","19190228",",1,6","-9.4",",6,27,+","0",",T,6,22,","15.2",",,6,13,","20.0","1,6,28,","1479.0","6","381.0","1,6","42.4",",,,6","0",",T,,6","4.32","1,6","11.44","1,,,6","-2.79",",,,6"
"USC00448257","1919-03","36.533333","-79.533333","190.2","SWANSONVILLE, VA US","0.0","6","0.0","1,6","9",",6","8",",6","1",",6","0",",6","0","1,6","5","1,6","0","1,6","7","1,6","0","1,6","19190312",",1,6","19190331","+,,6","19190309",",,6","19190326",",1,6","-2.8","1,6,12,","0",",,6,31,+","30.5",",,6,09,","22.8","1,6,26,","1734.7","6","255.7","1,6","94.7",",,,6","0",",,,6","9.81","1,6","16.60","1,,,6","3.02","1,,,6"
"USC00448257","1919-04","36.533333","-79.533333","190.2","SWANSONVILLE, VA US","11.1","6","11.1",",6","7",",6","7",",6","0",",6","0",",6","0",",6","5",",6","0",",6","20",",6","0",",6","19190402","+,,6","19190430","+,,6","19190430",",,6","19190407",",,6","-3.3",",6,02,+","0",",,6,30,+","17.5",",,6,30,","31.1",",6,07,","1866.6","6","131.9",",6","63.8",",,,6","0",",,,6","14.31",",6","21.92",",,,6","6.69",",,,6"
"USC00448257","1919-05","36.533333","-79.533333","190.2","SWANSONVILLE, VA US","52.6","6","41.5","1,6","","","","","","","0",",6","0",",6","0",",6","0","1,6","27","1,6","2","1,6","19190503",",,6","19190531","+,,6","","","19190531","+,1,6","4.4",",6,03,","0",",,6,31,+","","","32.2","1,6,31,+","1900.2","6","33.6","1,6","","","0",",,,6","18.47","1,6","25.05","1,,,6","11.89",",,,6"
"USC00448257","1919-06","36.533333","-79.533333","190.2","SWANSONVILLE, VA US","175.9","6","123.3","2,6","9",",6","6",",6","3",",6","0",",6","0",",6","0",",6","0","2,6","27","2,6","4","2,6","19190630",",,6","19190630","+,,6","19190625",",,6","19190601",",2,6","10.6",",6,30,","0",",,6,30,+","33.5",",,6,25,","35.0","2,6,01,","1901.8","6","1.6","2,6","140.6",",,,6","0",",,,6","22.66","2,6","28.29","2,,,6","17.03",",,,6"
"USC00448257","1919-07","36.533333","-79.533333","190.2","SWANSONVILLE, VA US","370.7","6","194.8","1,6","9",",6","8",",6","3",",6","0",",6","0","1,6","0","1,6","0",",6","31",",6","15",",6","19190701",",1,6","19190731","+,,6","19190706",",,6","19190715","+,,6","10.0","1,6,01,","0",",,6,31,+","48.3",",,6,06,","35.0",",6,15,+","0.0","6","0.0",",6","207.0",",,,6","0",",,,6","24.89","1,6","30.84",",,,6","18.95","1,,,6"
"USC00448257","1919-08","36.533333","-79.533333","190.2","SWANSONVILLE, VA US","533.9","6","163.2",",6","3",",6","2",",6","1",",6","0",",6","0",",6","0",",6","0",",6","31",",6","8",",6","19190810",",,6","19190831","+,,6","19190801",",,6","19190808",",,6","10.6",",6,10,","0",",,6,31,+","25.9",",,6,01,","34.4",",6,08,","0.0","6","0.0",",6","43.7",",,,6","0",",,,6","23.60",",6","30.41",",,,6","16.79",",,,6"
"USC00448257","1919-09","36.533333","-79.533333","190.2","SWANSONVILLE, VA US","666.4","6","132.5","1,6","1",",6","1",",6","0",",6","0",",6","0",",6","0",",6","0","1,6","29","1,6","11","1,6","19190929",",,6","19190930","+,,6","19190922",",,6","19190910",",1,6","5.0",",6,29,","0",",,6,30,+","5.1",",,6,22,","36.7","1,6,10,","4.1","6","4.1","1,6","5.1",",,,6","0",",,,6","22.77","1,6","31.34","1,,,6","14.20",",,,6"
"USC00448257","1919-10","36.533333","-79.533333","190.2","SWANSONVILLE, VA US","760.8","6","94.4","5,6","5",",6","2",",6","0",",6","0",",6","0","1,6","0","1,6","0","4,6","27","4,6","8","4,6","19191019",",1,6","19191031","+,,6","19191023",",,6","19191005",",4,6","5.0","1,6,19,","0",",,6,31,+","20.8",",,6,23,","35.0","4,6,05,","11.7","6","7.6","4,6","28.0",",,,6","0",",,,6","21.65","5,6","29.46","4,,,6","13.85","1,,,6"
"USC00448257","1919-11","36.533333","-79.533333","190.2","SWANSONVILLE, VA US","764.1","6","3.3","3,6","8",",6","5",",6","0",",6","0",",6","0","2,6","9","2,6","0","1,6","3","1,6","0","1,6","19191121",",2,6","19191130","+,,6","19191112",",,6","19191101",",1,6","-6.7","2,6,21,","0",",,6,30,+","17.0",",,6,12,","27.2","1,6,01,","244.0","6","232.3","1,6","50.6",",,,6","0",",,,6","9.75","3,6","16.16","1,,,6","3.34","2,,,6"
"USC00448257","1919-12","36.533333","-79.533333","190.2","SWANSONVILLE, VA US","764.1","6","0.0","1,6","6",",6","6",",6","0",",6","0",",6","0",",6","24",",6","0","1,6","0","1,6","0","1,6","19191220","+,,6","19191231","+,,6","19191208",",,6","19191208",",1,6","-8.9",",6,20,+","0",",,6,31,+","15.5",",,6,08,","16.1","1,6,08,","711.0","6","467.0","1,6","57.9",",,,6","0",",,,6","2.90","1,6","8.74","1,,,6","-2.95",",,,6"
