"STATION","DATE","LATITUDE","LONGITUDE","ELEVATION","NAME","CDSD","CDSD_ATTRIBUTES","CLDD","CLDD_ATTRIBUTES","DP01","DP01_ATTRIBUTES","DP10","DP10_ATTRIBUTES","DP1X","DP1X_ATTRIBUTES","DSNW","DSNW_ATTRIBUTES","DT00","DT00_ATTRIBUTES","DT32","DT32_ATTRIBUTES","DX32","DX32_ATTRIBUTES","DX70","DX70_ATTRIBUTES","DX90","DX90_ATTRIBUTES","DYFG","DYFG_ATTRIBUTES","DYNT","DYNT_ATTRIBUTES","DYSN","DYSN_ATTRIBUTES","DYXP","DYXP_ATTRIBUTES","DYXT","DYXT_ATTRIBUTES","EMNT","EMNT_ATTRIBUTES","EMSN","EMSN_ATTRIBUTES","EMXP","EMXP_ATTRIBUTES","EMXT","EMXT_ATTRIBUTES","HDSD","HDSD_ATTRIBUTES","HTDD","HTDD_ATTRIBUTES","PRCP","PRCP_ATTRIBUTES","SNOW","SNOW_ATTRIBUTES","TAVG","TAVG_ATTRIBUTES","TMAX","TMAX_ATTRIBUTES","TMIN","TMIN_ATTRIBUTES"
"USC00171705","1896-07","43.683333","-70.366667","20.4","CUMBERLAND MILLS, ME US","","","126.0","1,6","12",",6","9",",6","0",",6","","","0","1,6","0","1,6","0","1,6","28","1,6","8","1,6","","","18960731",",1,6","","","18960728",",,6","18960712",",1,6","8.3","1,6,31,","","","19.1",",,6,28,","36.1","1,6,12,","5.3","6","5.3","1,6","87.0",",,,6","","","22.36","1,6","28.50","1,,,6","16.21","1,,,6"
"USC00171705","1896-08","43.683333","-70.366667","20.4","CUMBERLAND MILLS, ME US","","","64.2","2,6","13",",6","7",",6","0",",6","","","0","2,6","0","2,6","0","2,6","27","2,6","3","2,6","2","","18960831",",2,6","","","18960802",",,6","18960811",",2,6","6.7","2,6,31,","","","17.8",",,6,02,","35.0","2,6,11,","26.1","6","20.8","2,6","56.7",",,,6","","","19.83","2,6","25.86","2,,,6","13.80","2,,,6"
"USC00171705","1896-09","43.683333","-70.366667","20.4","CUMBERLAND MILLS, ME US","","","8.3","2,6","11",",6","10",",6","2",",6","","","0","2,6","0","2,6","0","2,6","13","2,6","0","2,6","","","18960904",",2,6","","","18960906",",,6","18960912","+,2,6","2.8","2,6,04,","","","123.2",",,6,06,","28.3","2,6,12,+","126.4","6","100.3","2,6","219.4",",,,6","","","15.05","2,6","20.59","2,,,6","9.50","2,,,6"
"USC00171705","1896-10","43.683333","-70.366667","20.4","CUMBERLAND MILLS, ME US","","","0.0",",6","13",",6","6",",6","1",",6","","","0",",6","10",",6","0",",6","1",",6","0",",6","","","18961019",",,6","","","18961014",",,6","18961001",",,6","-3.9",",6,19,","","","34.3",",,6,14,","21.1",",6,01,","449.2","6","322.8",",6","81.5",",,,6","","","7.92",",6","12.66",",,,6","3.18",",,,6"
"USC00171705","1896-11","43.683333","-70.366667","20.4","CUMBERLAND MILLS, ME US","","","0.0",",6","9",",6","8",",6","1",",6","","","0",",6","16",",6","1",",6","1",",6","0",",6","","","18961122",",,6","","","18961105",",,6","18961117",",,6","-16.7",",6,22,","","","25.4",",,6,05,","22.8",",6,17,","880.3","6","431.1",",6","68.0",",,,6","","","3.96",",6","9.73",",,,6","-1.80",",,,6"
"USC00171705","1896-12","43.683333","-70.366667","20.4","CUMBERLAND MILLS, ME US","","","0.0",",6","5",",6","2",",6","1",",6","","","1",",6","31",",6","12",",6","0",",6","0",",6","1","","18961225",",,6","","","18961209",",,6","18961207",",,6","-17.8",",6,25,","","","27.2",",,6,09,","9.4",",6,07,","1592.0","6","711.7",",6","42.0",",,,6","","","-4.62",",6","1.53",",,,6","-10.77",",,,6"
"USC00171705","1897-01","43.683333","-70.366667","20.4","CUMBERLAND MILLS, ME US","0.0","6","0.0",",6","6","3,6","5","3,6","2","3,6","3",",6","6",",6","29",",6","10",",6","0",",6","0",",6","","","18970120",",,6","18970121",",,6","18970121",",3,6","18970105",",,6","-22.8",",6,20,","152",",,6,21,","47.8","3,,6,21,","11.1",",6,05,","2286.0","6","694.0",",6","108.0","3,,,6","319",",,,6","-4.05",",6","2.00",",,,6","-10.11",",,,6"
"USC00171705","1897-02","43.683333","-70.366667","20.4","CUMBERLAND MILLS, ME US","0.0","6","0.0",",6","6",",6","6",",6","0",",6","5",",6","0",",6","26",",6","3",",6","0",",6","0",",6","","","18970212",",,6","18970223",",,6","18970207",",,6","18970218",",,6","-16.7",",6,12,","193",",,6,23,","21.1",",,6,07,","10.0",",6,18,","2880.9","6","594.9",",6","64.3",",,,6","432",",,,6","-2.91",",6","3.38",",,,6","-9.20",",,,6"
"USC00171705","1897-03","43.683333","-70.366667","20.4","CUMBERLAND MILLS, ME US","0.0","6","0.0",",6","11",",6","11",",6","0",",6","4",",6","2",",6","28",",6","2",",6","0",",6","0",",6","","","18970301",",,6","18970315",",,6","18970324",",,6","18970330","+,,6","-22.2",",6,01,","160",",,6,15,","18.5",",,6,24,","15.0",",6,30,+","3444.3","6","563.4",",6","102.9",",,,6","317",",,,6","0.16",",6","6.40",",,,6","-6.08",",,,6"
"USC00171705","1897-04","43.683333","-70.366667","20.4","CUMBERLAND MILLS, ME US","0.0","6","0.0",",6","11",",6","6",",6","1",",6","","","0",",6","12",",6","0",",6","4",",6","0",",6","","","18970421","+,,6","","","18970409",",,6","18970424",",,6","-7.2",",6,21,+","","","25.4",",,6,09,","27.8",",6,24,","3758.9","6","314.6",",6","66.1",",,,6","","","7.85",",6","14.67",",,,6","1.02",",,,6"
"USC00171705","1897-05","43.683333","-70.366667","20.4","CUMBERLAND MILLS, ME US","0.0","6","0.0",",6","18",",6","11",",6","1",",6","","","0",",6","1",",6","0",",6","9",",6","0",",6","","","18970507",",,6","","","18970513",",,6","18970515",",,6","-0.6",",6,07,","","","25.4",",,6,13,","25.0",",6,15,","3953.6","6","194.7",",6","150.9",",,,6","","","12.05",",6","17.58",",,,6","6.52",",,,6"
"USC00171705","1897-06","43.683333","-70.366667","20.4","CUMBERLAND MILLS, ME US","15.4","6","15.4",",6","13",",6","6",",6","2",",6","","","0",",6","0",",6","0",",6","16",",6","0",",6","","","18970602","+,,6","","","18970610",",,6","18970625",",,6","2.2",",6,02,+","","","61.7",",,6,10,","31.7",",6,25,","4052.1","6","98.5",",6","123.9",",,,6","","","15.56",",6","21.80",",,,6","9.32",",,,6"
"USC00171705","1897-07","43.683333","-70.366667","20.4","CUMBERLAND MILLS, ME US","82.7","6","67.3",",6","9",",6","6",",6","0",",6","","","0",",6","0",",6","0",",6","26",",6","1",",6","","","18970727",",,6","","","18970713",",,6","18970709",",,6","7.2",",6,27,","","","16.5",",,6,13,","34.4",",6,09,","19.7","6","19.7",",6","75.6",",,,6","","","19.87",",6","25.50",",,,6","14.24",",,,6"
"USC00171705","1897-08","43.683333","-70.366667","20.4","CUMBERLAND MILLS, ME US","141.3","6","58.6",",6","9",",6","7",",6","0",",6","","","0",",6","0",",6","0",",6","29",",6","0",",6","","","18970821",",,6","","","18970819",",,6","18970806",",,6","7.8",",6,21,","","","16.0",",,6,19,","31.7",",6,06,","36.1","6","16.4",",6","55.3",",,,6","","","19.69",",6","25.72",",,,6","13.66",",,,6"
"USC00171705","1897-09","43.683333","-70.366667","20.4","CUMBERLAND MILLS, ME US","170.1","6","28.8",",6","8",",6","7",",6","0",",6","","","0",",6","1",",6","0",",6","17",",6","3",",6","","","18970922",",,6","","","18970921","+,,6","18970910",",,6","0.0",",6,22,","","","15.2",",,6,21,+","36.7",",6,10,","125.5","6","89.4",",6","59.5",",,,6","","","16.31",",6","23.46",",,,6","9.17",",,,6"
"USC00171705","1897-10","43.683333","-70.366667","20.4","CUMBERLAND MILLS, ME US","177.0","6","6.9",",6","5",",6","2",",6","0",",6","","","0",",6","12",",6","0",",6","8",",6","0",",6","","","18971031",",,6","","","18971012",",,6","18971015",",,6","-6.7",",6,31,","","","3.6",",,6,12,","30.0",",6,15,","402.6","6","277.1",",6","7.9",",,,6","","","9.62",",6","17.29",",,,6","1.94",",,,6"
"USC00171705","1897-11","43.683333","-70.366667","20.4","CUMBERLAND MILLS, ME US","177.0","6","0.0",",6","15",",6","12",",6","2",",6","1",",6","0",",6","21",",6","2",",6","0",",6","0",",6","","","18971124",",,6","18971129",",,6","18971102",",,6","18971106",",,6","-16.1",",6,24,","25",",,6,29,","48.3",",,6,02,","15.0",",6,06,","900.0","6","497.4",",6","168.6",",,,6","58",",,,6","1.75",",6","7.25",",,,6","-3.75",",,,6"
"USC00171705","1897-12","43.683333","-70.366667","20.4","CUMBERLAND MILLS, ME US","177.0","6","0.0",",6","12",",6","11",",6","1",",6","6",",6","5",",6","30",",6","12",",6","0",",6","0",",6","","","18971229",",,6","18971231",",,6","18971215",",,6","18971211",",,6","-20.0",",6,29,","76",",,6,31,","36.6",",,6,15,","15.0",",6,11,","1574.4","6","674.4",",6","117.3",",,,6","289",",,,6","-3.42",",6","2.73",",,,6","-9.57",",,,6"
"USC00171705","1898-01","43.683333","-70.366667","20.4","CUMBERLAND MILLS, ME US","0.0","6","0.0",",6","11",",6","11",",6","1",",6","7",",6","8",",6","31",",6","15",",6","0",",6","0",",6","","","18980131",",,6","18980126",",,6","18980123",",,6","18980113","+,,6","-27.2",",6,31,","241",",,6,26,","28.4",",,6,23,","5.6",",6,13,+","2338.7","6","764.3",",6","135.7",",,,6","923",",,,6","-6.32",",6","-0.45",",,,6","-12.19",",,,6"
"USC00171705","1898-02","43.683333","-70.366667","20.4","CUMBERLAND MILLS, ME US","0.0","6","0.0",",6","7",",6","7",",6","2",",6","4",",6","3",",6","27",",6","6",",6","0",",6","0",",6","","","18980203",",,6","18980201",",,6","18980222",",,6","18980211","+,,6","-26.7",",6,03,","203",",,6,01,","76.2",",,6,22,","12.8",",6,11,+","2922.1","6","583.4",",6","165.5",",,,6","406",",,,6","-2.50",",6","3.08",",,,6","-8.08",",,,6"
"USC00171705","1898-03","43.683333","-70.366667","20.4","CUMBERLAND MILLS, ME US","0.0","6","0.0",",6","","","","","","","","","0",",6","22",",6","0",",6","0",",6","0",",6","","","18980316",",,6","","","","","18980323",",,6","-11.1",",6,16,","","","","","17.2",",6,23,","3398.2","6","476.1",",6","","","","","2.98",",6","9.10",",,,6","-3.15",",,,6"
"USC00171705","1898-04","43.683333","-70.366667","20.4","CUMBERLAND MILLS, ME US","0.0","6","0.0",",6","12",",6","9",",6","1",",6","","","0",",6","15",",6","0",",6","1",",6","0",",6","","","18980404",",,6","","","18980424",",,6","18980417",",,6","-10.0",",6,04,","","","38.4",",,6,24,","22.8",",6,17,","3772.8","6","374.6",",6","96.7",",,,6","","","5.85",",6","11.93",",,,6","-0.24",",,,6"
"USC00171705","1898-05","43.683333","-70.366667","20.4","CUMBERLAND MILLS, ME US","0.3","6","0.3",",6","14",",6","7",",6","1",",6","","","0",",6","1",",6","0",",6","7",",6","0",",6","","","18980510",",,6","","","18980527",",,6","18980520",",,6","-2.8",",6,10,","","","25.4",",,6,27,","29.4",",6,20,","3976.2","6","203.4",",6","71.0",",,,6","","","11.78",",6","17.52",",,,6","6.05",",,,6"
"USC00171705","1898-06","43.683333","-70.366667","20.4","CUMBERLAND MILLS, ME US","37.9","6","37.6",",6","13",",6","9",",6","2",",6","","","0",",6","0",",6","0",",6","21",",6","1",",6","","","18980616","+,,6","","","18980619",",,6","18980625",",,6","6.7",",6,16,+","","","32.5",",,6,19,","32.8",",6,25,","4029.9","6","53.7",",6","116.1",",,,6","","","17.80",",6","23.81",",,,6","11.78",",,,6"
"USC00171705","1898-07","43.683333","-70.366667","20.4","CUMBERLAND MILLS, ME US","148.5","6","110.6",",6","8",",6","5",",6","0",",6","","","0",",6","0",",6","0",",6","30",",6","4",",6","","","18980711",",,6","","","18980713",",,6","18980703",",,6","8.9",",6,11,","","","12.2",",,6,13,","37.8",",6,03,","10.8","6","10.8",",6","31.5",",,,6","","","21.55",",6","27.76",",,,6","15.35",",,,6"
"USC00171705","1898-08","43.683333","-70.366667","20.4","CUMBERLAND MILLS, ME US","254.0","6","105.5","1,6","9",",6","6",",6","0",",6","","","0","1,6","0","1,6","0",",6","30",",6","5",",6","","","18980828",",1,6","","","18980805",",,6","18980802",",,6","8.3","1,6,28,","","","22.1",",,6,05,","33.3",",6,02,","15.5","6","4.7",",6","71.0",",,,6","","","21.74","1,6","28.13",",,,6","15.36","1,,,6"
"USC00171705","1898-09","43.683333","-70.366667","20.4","CUMBERLAND MILLS, ME US","286.5","6","32.5",",6","8",",6","6",",6","3",",6","","","0",",6","0",",6","0",",6","24",",6","1",",6","","","18980921",",,6","","","18980924",",,6","18980903",",,6","1.7",",6,21,","","","38.4",",,6,24,","34.4",",6,03,","91.8","6","76.3",",6","114.1",",,,6","","","16.87",",6","23.80",",,,6","9.95",",,,6"
"USC00171705","1898-10","43.683333","-70.366667","20.4","CUMBERLAND MILLS, ME US","297.3","6","10.8",",6","10",",6","8",",6","2",",6","","","0",",6","7",",6","0",",6","5",",6","1",",6","","","18981018","+,,6","","","18981022",",,6","18981004",",,6","-2.8",",6,18,+","","","30.5",",,6,22,","32.8",",6,04,","339.9","6","248.1",",6","127.4",",,,6","","","10.68",",6","16.44",",,,6","4.92",",,,6"
"USC00171705","1898-11","43.683333","-70.366667","20.4","CUMBERLAND MILLS, ME US","297.3","6","0.0",",6","10",",6","9",",6","2",",6","1",",6","0",",6","21",",6","2",",6","0",",6","0",",6","","","18981126",",,6","18981127",",,6","18981127",",,6","18981109",",,6","-10.6",",6,26,","305",",,6,27,","30.5",",,6,27,","15.6",",6,09,","774.8","6","434.9",",6","129.3",",,,6","305",",,,6","3.84",",6","8.92",",,,6","-1.25",",,,6"
"USC00171705","1898-12","43.683333","-70.366667","20.4","CUMBERLAND MILLS, ME US","297.3","6","0.0",",6","8",",6","6",",6","1",",6","3",",6","2",",6","31",",6","9",",6","0",",6","0",",6","","","18981214",",,6","18981231",",,6","18981205",",,6","18981231","+,,6","-28.9",",6,14,","127",",,6,31,","29.0",",,6,05,","10.0",",6,31,+","1459.1","6","684.3",",6","81.2",",,,6","259",",,,6","-3.74",",6","2.23",",,,6","-9.71",",,,6"
"USC00171705","1899-01","43.683333","-70.366667","20.4","CUMBERLAND MILLS, ME US","0.0","","0.0",",6","4",",6","4",",6","0",",6","","","5",",6","31",",6","15",",6","0",",6","0",",6","","","18990102",",,6","","","18990114",",,6","18990105",",,6","-29.4",",6,02,","","","19.3",",,6,14,","11.1",",6,05,","2173.9","","714.8",",6","69.5",",,,6","","","-4.72",",6","1.30",",,,6","-10.75",",,,6"
"USC00171705","1899-02","43.683333","-70.366667","20.4","CUMBERLAND MILLS, ME US","0.0","","0.0",",6","6",",6","6",",6","1",",6","3",",6","6",",6","28",",6","15",",6","0",",6","0",",6","","","18990211",",,6","18990213",",,6","18990213",",,6","18990221",",,6","-25.0",",6,11,","381",",,6,13,","38.1",",,6,13,","11.7",",6,21,","2846.6","","672.7",",6","77.0",",,,6","521",",,,6","-5.69",",6","-0.18",",,,6","-11.21",",,,6"
"USC00171705","1899-03","43.683333","-70.366667","20.4","CUMBERLAND MILLS, ME US","0.0","","0.0",",6","13",",6","12",",6","1",",6","8",",6","2",",6","30",",6","6",",6","0",",6","0",",6","","","18990318","+,,6","18990323",",,6","18990319",",,6","18990312",",,6","-17.8",",6,18,+","127",",,6,23,","29.7",",,6,19,","11.7",",6,12,","3468.9","","622.3",",6","170.7",",,,6","681",",,,6","-1.74",",6","3.67",",,,6","-7.15",",,,6"
"USC00171705","1899-04","43.683333","-70.366667","20.4","CUMBERLAND MILLS, ME US","0.0","","0.0",",6","4",",6","3",",6","1",",6","","","0",",6","16",",6","0",",6","4",",6","0",",6","","","18990405",",,6","","","18990408",",,6","18990430",",,6","-6.1",",6,05,","","","26.4",",,6,08,","26.1",",6,30,","3799.4","","330.5",",6","33.3",",,,6","","","7.32",",6","14.76",",,,6","-0.13",",,,6"
"USC00171705","1899-05","43.683333","-70.366667","20.4","CUMBERLAND MILLS, ME US","10.0","","10.0",",6","6",",6","5",",6","0",",6","","","0",",6","1",",6","0",",6","17",",6","0",",6","","","18990504",",,6","","","18990520",",,6","18990531",",,6","-0.6",",6,04,","","","4.8",",,6,20,","31.1",",6,31,","3960.5","","161.1",",6","20.1",",,,6","","","13.46",",6","20.61",",,,6","6.31",",,,6"
"USC00171705","1899-06","43.683333","-70.366667","20.4","CUMBERLAND MILLS, ME US","56.7","","46.7","2,6","9",",6","8",",6","0",",6","","","0","1,6","0","1,6","0","1,6","26","1,6","3","1,6","","","18990611",",1,6","","","18990608",",,6","18990605",",1,6","6.1","1,6,11,","","","6.4",",,6,08,","35.6","1,6,05,","3986.0","","25.5","1,6","33.1",",,,6","","","19.21","2,6","26.48","1,,,6","11.93","1,,,6"
"USC00171705","1899-07","43.683333","-70.366667","20.4","CUMBERLAND MILLS, ME US","160.7","","104.0",",6","12",",6","10",",6","1",",6","","","0",",6","0",",6","0",",6","29",",6","5",",6","","","18990720",",,6","","","18990726",",,6","18990703",",,6","5.6",",6,20,","","","40.1",",,6,26,","36.7",",6,03,","13.3","","13.3",",6","119.5",",,,6","","","21.26",",6","27.89",",,,6","14.63",",,,6"
"USC00171705","1899-08","43.683333","-70.366667","20.4","CUMBERLAND MILLS, ME US","206.8","","46.1","3,6","9",",6","6",",6","0",",6","","","0","3,6","0","3,6","0","3,6","25","3,6","2","3,6","","","18990809",",3,6","","","18990805",",,6","18990819",",3,6","7.2","3,6,09,","","","21.1",",,6,05,","33.9","3,6,19,","23.0","","9.7","3,6","45.0",",,,6","","","19.63","3,6","25.95","3,,,6","13.31","3,,,6"
