"STATION","DATE","LATITUDE","LONGITUDE","ELEVATION","NAME","CDSD","CDSD_ATTRIBUTES","CLDD","CLDD_ATTRIBUTES","DP01","DP01_ATTRIBUTES","DP10","DP10_ATTRIBUTES","DP1X","DP1X_ATTRIBUTES","DSNW","DSNW_ATTRIBUTES","DT00","DT00_ATTRIBUTES","DT32","DT32_ATTRIBUTES","DX32","DX32_ATTRIBUTES","DX70","DX70_ATTRIBUTES","DX90","DX90_ATTRIBUTES","DYNT","DYNT_ATTRIBUTES","DYSN","DYSN_ATTRIBUTES","DYXP","DYXP_ATTRIBUTES","DYXT","DYXT_ATTRIBUTES","EMNT","EMNT_ATTRIBUTES","EMSN","EMSN_ATTRIBUTES","EMXP","EMXP_ATTRIBUTES","EMXT","EMXT_ATTRIBUTES","HDSD","HDSD_ATTRIBUTES","HTDD","HTDD_ATTRIBUTES","PRCP","PRCP_ATTRIBUTES","SNOW","SNOW_ATTRIBUTES","TAVG","TAVG_ATTRIBUTES","TMAX","TMAX_ATTRIBUTES","TMIN","TMIN_ATTRIBUTES"
"USC00416118","1893-01","33.483333","-97.05",,"MOUNTAIN SPRINGS, TX US","0.0","6","0.0","2,6","","","","","","","1",",6","0","1,6","22","1,6","0","1,6","6","1,6","0","1,6","18930119",",1,6","18930116",",,6","","","18930128",",1,6","-9.4","1,6,19,","25",",,6,16,","","","25.6","1,6,28,","","","311.1","1,6","","","25",",,,6","7.46","2,6","15.48","1,,,6","-0.56","1,,,6"
"USC00416118","1893-02","33.483333","-97.05",,"MOUNTAIN SPRINGS, TX US","0.0","6","0.0","1,6","","","","","","","","","0","1,6","13","1,6","3",",6","8",",6","0",",6","18930202",",1,6","","","","","18930223","+,,6","-10.0","1,6,02,","","","","","23.9",",6,23,+","","","296.1",",6","","","","","7.50","1,6","15.20",",,,6","-0.20","1,,,6"
"USC00416118","1893-03","33.483333","-97.05",,"MOUNTAIN SPRINGS, TX US","15.9","6","15.9",",6","","","","","","","0",",6","0",",6","5",",6","0",",6","14",",6","0",",6","18930304",",,6","18930331","+,,6","","","18930320",",,6","-8.3",",6,04,","0",",,6,31,+","","","30.6",",6,20,","","","174.2",",6","","","0",",,,6","13.23",",6","20.60",",,,6","5.85",",,,6"
"USC00416118","1893-04","33.483333","-97.05",,"MOUNTAIN SPRINGS, TX US","121.2","6","105.3",",6","","","","","","","0",",6","0",",6","0",",6","0",",6","27",",6","7",",6","18930420","+,,6","18930430","+,,6","","","18930405","+,,6","4.4",",6,20,+","0",",,6,30,+","","","35.6",",6,05,+","","","30.5",",6","","","0",",,,6","20.83",",6","27.95",",,,6","13.70",",,,6"
"USC00416118","1893-05","33.483333","-97.05",,"MOUNTAIN SPRINGS, TX US","228.0","6","106.8",",6","","","","","","","0",",6","0",",6","0",",6","0",",6","29",",6","3",",6","18930501",",,6","18930531","+,,6","","","18930530",",,6","6.7",",6,01,","0",",,6,31,+","","","34.4",",6,30,","","","14.7",",6","","","0",",,,6","21.30",",6","26.99",",,,6","15.62",",,,6"
"USC00416118","1893-06","33.483333","-97.05",,"MOUNTAIN SPRINGS, TX US","451.1","6","223.1",",6","4",",6","4",",6","0",",6","","","0",",6","0",",6","0",",6","30",",6","16",",6","18930608","+,,6","","","18930604",",,6","18930627",",,6","14.4",",6,08,+","","","14.0",",,6,04,","37.8",",6,27,","","","0.0",",6","33.6",",,,6","","","25.77",",6","31.75",",,,6","19.79",",,,6"
"USC00416118","1893-07","33.483333","-97.05",,"MOUNTAIN SPRINGS, TX US","784.8","6","333.7",",6","","","","","","","","","0",",6","0",",6","0",",6","31",",6","30",",6","18930720",",,6","","","","","18930730",",,6","20.0",",6,20,","","","","","38.3",",6,30,","0.0","6","0.0",",6","","","","","29.10",",6","35.72",",,,6","22.47",",,,6"
"USC00416118","1893-08","33.483333","-97.05",,"MOUNTAIN SPRINGS, TX US","1057.2","6","272.4",",6","","","","","","","","","0",",6","0",",6","0",",6","31",",6","24",",6","18930830",",,6","","","","","18930817","+,,6","12.2",",6,30,","","","","","38.3",",6,17,+","0.0","6","0.0",",6","","","","","27.12",",6","33.30",",,,6","20.94",",,,6"
"USC00416118","1893-09","33.483333","-97.05",,"MOUNTAIN SPRINGS, TX US","1291.3","6","234.1",",6","","","","","","","","","0",",6","0",",6","0",",6","30",",6","23",",6","18930926","+,,6","","","","","18930913",",,6","11.1",",6,26,+","","","","","40.6",",6,13,","1.7","6","1.7",",6","","","","","26.08",",6","34.02",",,,6","18.14",",,,6"
"USC00416118","1893-10","33.483333","-97.05",,"MOUNTAIN SPRINGS, TX US","1352.9","6","61.6",",6","","","","","","","","","0",",6","1",",6","0",",6","31",",6","6",",6","18931027",",,6","","","","","18931008",",,6","0.0",",6,27,","","","","","35.6",",6,08,","50.3","6","48.6",",6","","","","","18.75",",6","27.97",",,,6","9.53",",,,6"
"USC00416118","1893-11","33.483333","-97.05",,"MOUNTAIN SPRINGS, TX US","1359.6","6","6.7",",6","","","","","","","","","0",",6","4",",6","0",",6","9",",6","0",",6","18931124",",,6","","","","","18931101",",,6","-5.6",",6,24,","","","","","29.4",",6,01,","282.7","6","232.4",",6","","","","","10.81",",6","17.46",",,,6","4.16",",,,6"
"USC00416118","1893-12","33.483333","-97.05",,"MOUNTAIN SPRINGS, TX US","1361.3","6","1.7",",6","","","","","","","","","0",",6","7",",6","0",",6","9",",6","0",",6","18931231",",,6","","","","","18931211",",,6","-5.0",",6,31,","","","","","25.0",",6,11,","507.1","6","224.4",",6","","","","","11.15",",6","17.93",",,,6","4.36",",,,6"
"USC00416118","1894-01","33.483333","-97.05",,"MOUNTAIN SPRINGS, TX US","2.2","6","2.2",",6","","","","","","","","","1",",6","15",",6","2",",6","10",",6","0",",6","18940124",",,6","","","","","18940117","+,,6","-17.8",",6,24,","","","","","26.7",",6,17,+","823.0","6","315.9",",6","","","","","8.21",",6","15.59",",,,6","0.84",",,,6"
"USC00416118","1894-02","33.483333","-97.05",,"MOUNTAIN SPRINGS, TX US","2.2","6","0.0","1,6","","","","","","","","","0","1,6","16","1,6","0",",6","2",",6","0",",6","18940212",",1,6","","","","","18940218",",,6","-9.4","1,6,12,","","","","","25.6",",6,18,","1147.0","6","324.0",",6","","","","","6.13","1,6","12.18",",,,6","0.08","1,,,6"
"USC00416118","1894-03","33.483333","-97.05",,"MOUNTAIN SPRINGS, TX US","34.7","6","32.5",",6","","","","","","","","","0",",6","5",",6","0",",6","20",",6","1",",6","18940326",",,6","","","","","18940313",",,6","-3.9",",6,26,","","","","","32.8",",6,13,","1283.2","6","136.2",",6","","","","","14.99",",6","21.72",",,,6","8.25",",,,6"
"USC00416118","1894-04","33.483333","-97.05",,"MOUNTAIN SPRINGS, TX US","116.4","6","81.7",",6","","","","","","","","","0",",6","0",",6","0",",6","30",",6","1",",6","18940410",",,6","","","","","18940415",",,6","5.6",",6,10,","","","","","32.8",",6,15,","1301.5","6","18.3",",6","","","","","20.45",",6","27.15",",,,6","13.74",",,,6"
"USC00416118","1894-05","33.483333","-97.05",,"MOUNTAIN SPRINGS, TX US","245.1","6","128.7",",6","","","","","","","","","0",",6","0",",6","0",",6","30",",6","6",",6","18940520",",,6","","","","","18940506",",,6","6.7",",6,20,","","","","","35.6",",6,06,","1309.1","6","7.6",",6","","","","","22.24",",6","28.11",",,,6","16.37",",,,6"
"USC00416118","1894-06","33.483333","-97.05",,"MOUNTAIN SPRINGS, TX US","458.9","6","213.8",",6","","","","","","","","","0",",6","0",",6","0",",6","30",",6","15",",6","18940602",",,6","","","","","18940630",",,6","10.6",",6,02,","","","","","38.3",",6,30,","1309.6","6","0.5",",6","","","","","25.44",",6","31.42",",,,6","19.46",",,,6"
"USC00416118","1894-07","33.483333","-97.05",,"MOUNTAIN SPRINGS, TX US","740.3","6","281.4",",6","","","","","","","","","0",",6","0",",6","0",",6","31",",6","21",",6","18940712","+,,6","","","","","18940703",",,6","16.7",",6,12,+","","","","","42.2",",6,03,","0.0","6","0.0",",6","","","","","27.41",",6","33.81",",,,6","21.01",",,,6"
"USC00416118","1894-08","33.483333","-97.05",,"MOUNTAIN SPRINGS, TX US","981.2","6","240.9",",6","","","","","","","","","0",",6","0",",6","0",",6","31",",6","20",",6","18940806",",,6","","","","","18940814",",,6","15.6",",6,06,","","","","","37.8",",6,14,","0.0","6","0.0",",6","","","","","26.10",",6","32.02",",,,6","20.19",",,,6"
"USC00416118","1894-09","33.483333","-97.05",,"MOUNTAIN SPRINGS, TX US","1177.8","6","196.6",",6","","","","","","","","","0",",6","0",",6","0",",6","30",",6","10",",6","18940926",",,6","","","","","18940907",",,6","11.7",",6,26,","","","","","37.8",",6,07,","0.0","6","0.0",",6","","","","","24.89",",6","30.48",",,,6","19.29",",,,6"
"USC00416118","1894-10","33.483333","-97.05",,"MOUNTAIN SPRINGS, TX US","1260.8","6","83.0",",6","","","","","","","0",",6","0",",6","0",",6","0",",6","30",",6","2",",6","18941031",",,6","18941031","+,,6","","","18941002",",,6","1.7",",6,31,","0",",,6,31,+","","","33.3",",6,02,","28.6","6","28.6",",6","","","0",",,,6","20.09",",6","27.90",",,,6","12.27",",,,6"
"USC00416118","1894-11","33.483333","-97.05",,"MOUNTAIN SPRINGS, TX US","1270.2","6","9.4","3,6","","","","","","","","","0","2,6","6","2,6","0","1,6","25","1,6","0","1,6","18941124",",2,6","","","","","18941127",",1,6","-1.1","2,6,24,","","","","","28.9","1,6,27,","149.4","6","120.8","1,6","","","","","14.19","3,6","22.97","1,,,6","5.42","2,,,6"
"USC00416118","1894-12","33.483333","-97.05",,"MOUNTAIN SPRINGS, TX US","1274.7","6","4.5","2,6","","","","","","","","","0","1,6","8","1,6","2","1,6","13","1,6","0","1,6","18941228",",1,6","","","","","18941223","+,1,6","-14.4","1,6,28,","","","","","26.7","1,6,23,+","380.6","6","231.2","1,6","","","","","10.66","2,6","17.13","1,,,6","4.18","1,,,6"
"USC00416118","1895-01","33.483333","-97.05",,"MOUNTAIN SPRINGS, TX US","","","","","","","","","","","1",",6","0","2,6","16","2,6","0","2,6","7","2,6","0","2,6","18950131",",2,6","18950128",",,6","","","18950105",",2,6","-15.0","2,6,31,","254",",,6,28,","","","26.7","2,6,05,","","","","","","","254",",,,6","5.42","4,6","12.08","2,,,6","-1.24","2,,,6"
"USC00416118","1895-02","33.483333","-97.05",,"MOUNTAIN SPRINGS, TX US","","","0.0",",6","","","","","","","1",",6","0",",6","21",",6","7",",6","5",",6","0",",6","18950208","+,,6","18950213",",,6","","","18950222",",,6","-16.1",",6,08,+","25",",,6,13,","","","24.4",",6,22,","","","439.1",",6","","","25",",,,6","2.65",",6","8.57",",,,6","-3.27",",,,6"
"USC00416118","1895-03","33.483333","-97.05",,"MOUNTAIN SPRINGS, TX US","","","30.3",",6","","","","","","","","","0",",6","7",",6","0",",6","14",",6","3",",6","18950304",",,6","","","","","18950327",",,6","-6.1",",6,04,","","","","","32.8",",6,27,","","","173.5",",6","","","","","13.71",",6","21.04",",,,6","6.38",",,,6"
"USC00416118","1895-04","33.483333","-97.05",,"MOUNTAIN SPRINGS, TX US","","","62.8",",6","","","","","","","","","0",",6","0",",6","0",",6","27",",6","4",",6","18950403",",,6","","","","","18950414",",,6","2.8",",6,03,","","","","","33.3",",6,14,","","","35.8",",6","","","","","19.23",",6","26.95",",,,6","11.52",",,,6"
