"STATION","DATE","LATITUDE","LONGITUDE","ELEVATION","NAME","CDSD","CDSD_ATTRIBUTES","CLDD","CLDD_ATTRIBUTES","DP01","DP01_ATTRIBUTES","DP10","DP10_ATTRIBUTES","DP1X","DP1X_ATTRIBUTES","DSND","DSND_ATTRIBUTES","DSNW","DSNW_ATTRIBUTES","DT00","DT00_ATTRIBUTES","DT32","DT32_ATTRIBUTES","DX32","DX32_ATTRIBUTES","DX70","DX70_ATTRIBUTES","DX90","DX90_ATTRIBUTES","DYFG","DYFG_ATTRIBUTES","DYNT","DYNT_ATTRIBUTES","DYSD","DYSD_ATTRIBUTES","DYSN","DYSN_ATTRIBUTES","DYTS","DYTS_ATTRIBUTES","DYXP","DYXP_ATTRIBUTES","DYXT","DYXT_ATTRIBUTES","EMNT","EMNT_ATTRIBUTES","EMSD","EMSD_ATTRIBUTES","EMSN","EMSN_ATTRIBUTES","EMXP","EMXP_ATTRIBUTES","EMXT","EMXT_ATTRIBUTES","HDSD","HDSD_ATTRIBUTES","HTDD","HTDD_ATTRIBUTES","PRCP","PRCP_ATTRIBUTES","SNOW","SNOW_ATTRIBUTES","TAVG","TAVG_ATTRIBUTES","TMAX","TMAX_ATTRIBUTES","TMIN","TMIN_ATTRIBUTES"
"USC00034712","2005-05","35.25","-91.09889","63.1","MCCRORY 6 E, AR US","","","74.8","5,0","3","5,0","1","5,0","0","5,0","0",",0","0",",0","0","5,0","0","5,0","0","5,0","22","5,0","3","5,0","","","20050504","+,5,0","20050531","+,,0","20050531","+,,0","","","20050510",",5,0","20050521",",5,0","5.0","5,0,04,+","0",",,0,31,+","0",",,0,31,+","15.2","5,,0,10,","32.8","5,0,21,","","","31.9","5,0","20.0","1,a,,0","0",",,,0","19.98","5,0","27.03","5,,,0","12.93","5,,,0"
"USC00034712","2005-06","35.25","-91.09889","63.1","MCCRORY 6 E, AR US","","","227.1",",0","4",",0","3",",0","0",",0","0",",0","0",",0","0",",0","0",",0","0",",0","30",",0","18",",0","","","20050620","+,,0","20050630","+,,0","20050630","+,,0","","","20050630",",,0","20050630",",,0","15.6",",0,20,+","0",",,0,30,+","0",",,0,30,+","8.9",",,0,30,","35.0",",0,30,","","","0.0",",0","17.9",",,,0","0",",,,0","25.90",",0","32.42",",,,0","19.38",",,,0"
"USC00034712","2005-07","35.25","-91.09889","63.1","MCCRORY 6 E, AR US","","","236.9","3,0","5","3,0","5","3,0","1","3,0","0",",0","0",",0","0","3,0","0","3,0","0","3,0","28","3,0","20","3,0","","","20050731","+,3,0","20050731","+,,0","20050731","+,,0","","","20050718",",3,0","20050726","+,3,0","17.2","3,0,31,+","0",",,0,31,+","0",",,0,31,+","42.7","3,,0,18,","36.1","3,0,26,+","0.0","0","0.0","3,0","104.6","3,,,0","0",",,,0","26.79","3,0","32.20","3,,,0","21.39","3,,,0"
"USC00034712","2005-08","35.25","-91.09889","63.1","MCCRORY 6 E, AR US","","","278.9","1,0","3","1,0","3","1,0","1","1,0","0",",0","0","1,0","0",",0","0",",0","0","1,0","30","1,0","26","1,0","","","20050831",",,0","20050831","+,,0","20050831","+,1,0","1","","20050829",",1,0","20050823",",1,0","18.9",",0,31,","0",",,0,31,+","0","1,,0,31,+","43.9","1,,0,29,","36.7","1,0,23,","0.0","0","0.0","1,0","128.7",",a,,0","0","1,,,0","27.62","1,0","33.63","1,,,0","21.61",",,,0"
"USC00034712","2005-09","35.25","-91.09889","63.1","MCCRORY 6 E, AR US","","","188.9","1,0","6",",0","6",",0","1",",0","0",",0","0",",0","0","1,0","0","1,0","0",",0","30",",0","12",",0","1","","20050930",",1,0","20050930","+,,0","20050930","+,,0","2","","20050925",",,0","20050921",",,0","7.8","1,0,30,","0",",,0,30,+","0",",,0,30,+","71.4",",,0,25,","36.1",",0,21,","1.4","0","1.4",",0","135.9",",,,0","0",",,,0","24.82","1,0","31.19",",,,0","18.44","1,,,0"
"USC00034712","2005-10","35.25","-91.09889","63.1","MCCRORY 6 E, AR US","","","48.6",",0","0",",0","0",",0","0",",0","0",",0","0",",0","0",",0","0",",0","0",",0","21",",0","0",",0","","","20051029","+,,0","20051031","+,,0","20051031","+,,0","","","20051031","+,,0","20051020","+,,0","1.1",",0,29,+","0",",,0,31,+","0",",,0,31,+","0.0",",,0,31,+","31.7",",0,20,+","99.3","0","97.9",",0","0.0",",,,0","0",",,,0","16.75",",0","24.41",",,,0","9.08",",,,0"
"USC00034712","2005-11","35.25","-91.09889","63.1","MCCRORY 6 E, AR US","","","6.1","1,0","6",",0","4",",0","1",",0","0",",0","0",",0","0","1,0","11","1,0","0",",0","17",",0","0",",0","","","20051118",",1,0","20051130","+,,0","20051130","+,,0","","","20051128",",,0","20051108",",,0","-6.1","1,0,18,","0",",,0,30,+","0",",,0,30,+","27.9",",,0,28,","28.9",",0,08,","320.2","0","220.9",",0","70.1",",,,0","0",",,,0","10.97","1,0","19.37",",,,0","2.58","1,,,0"
"USC00034712","2005-12","35.25","-91.09889","63.1","MCCRORY 6 E, AR US","","","0.0",",0","5",",0","4",",0","0",",0","0",",0","0",",0","0",",0","22",",0","1",",0","3",",0","0",",0","","","20051209",",,0","20051231","+,,0","20051231","+,,0","","","20051225",",,0","20051204","+,,0","-9.4",",0,09,","0",",,0,31,+","0",",,0,31,+","9.1",",,0,25,","21.7",",0,04,+","759.8","0","439.6",",0","25.1",",,,0","0",",,,0","4.15",",0","10.57",",,,0","-2.27",",,,0"
"USC00034712","2006-01","35.25","-91.09889","63.1","MCCRORY 6 E, AR US","0.0","0","0.0",",0","8",",0","6",",0","1",",0","0",",0","0",",0","0",",0","8",",0","0",",0","1",",0","0",",0","","","20060108",",,0","20060131","+,,0","20060131","+,,0","","","20060123",",,0","20060109",",,0","-3.3",",0,08,","0",",,0,31,+","0",",,0,31,+","54.6",",,0,23,","21.7",",0,09,","1076.0","0","316.2",",0","132.2",",,,0","0",",,,0","8.13",",0","13.85",",,,0","2.42",",,,0"
"USC00034712","2006-02","35.25","-91.09889","63.1","MCCRORY 6 E, AR US","0.0","0","0.0",",0","9",",0","7",",0","1",",0","0",",0","0","1,0","0",",0","22",",0","1",",0","1",",0","0",",0","","","20060219",",,0","20060228","+,,0","20060228","+,1,0","","","20060202",",,0","20060217",",,0","-9.4",",0,19,","0",",,0,28,+","0","1,,0,28,+","25.4",",,0,02,","21.7",",0,17,","1464.4","0","388.4",",0","87.8",",,,0","0","1,,,0","4.46",",0","10.18",",,,0","-1.26",",,,0"
"USC00034712","2006-03","35.25","-91.09889","63.1","MCCRORY 6 E, AR US","14.4","0","14.4",",0","9",",0","5",",0","2",",0","0",",0","0",",0","0",",0","4",",0","0",",0","12",",0","0",",0","","","20060327","+,,0","20060331","+,,0","20060331","+,,0","","","20060320",",,0","20060313",",,0","-0.6",",0,27,+","0",",,0,31,+","0",",,0,31,+","33.3",",,0,20,","28.9",",0,13,","1689.6","0","225.2",",0","93.9",",,,0","0",",,,0","11.53",",0","17.80",",,,0","5.26",",,,0"
"USC00034712","2006-04","35.25","-91.09889","63.1","MCCRORY 6 E, AR US","88.5","0","74.1",",0","8",",0","6",",0","0",",0","0",",0","0",",0","0",",0","0",",0","0",",0","24",",0","2",",0","","","20060409",",,0","20060430","+,,0","20060430","+,,0","","","20060421",",,0","20060419",",,0","2.8",",0,09,","0",",,0,30,+","0",",,0,30,+","13.0",",,0,21,","34.4",",0,19,","1730.3","0","40.7",",0","55.9",",,,0","0",",,,0","19.45",",0","26.08",",,,0","12.81",",,,0"
"USC00034712","2006-05","35.25","-91.09889","63.1","MCCRORY 6 E, AR US","211.0","0","122.5",",0","8",",0","7",",0","2",",0","0",",0","0",",0","0",",0","0",",0","0",",0","28",",0","9",",0","","","20060516","+,,0","20060531","+,,0","20060531","+,,0","","","20060510",",,0","20060529","+,,0","10.6",",0,16,+","0",",,0,31,+","0",",,0,31,+","37.3",",,0,10,","34.4",",0,29,+","1747.5","0","17.2",",0","130.0",",,,0","0",",,,0","21.73",",0","27.39",",,,0","16.06",",,,0"
"USC00034712","2006-06","35.25","-91.09889","63.1","MCCRORY 6 E, AR US","418.0","0","207.0",",0","2",",0","2",",0","1",",0","0",",0","0",",0","0",",0","0",",0","0",",0","30",",0","11",",0","","","20060614",",,0","20060630","+,,0","20060630","+,,0","","","20060617",",,0","20060612",",,0","16.1",",0,14,","0",",,0,30,+","0",",,0,30,+","55.9",",,0,17,","35.0",",0,12,","1747.5","0","0.0",",0","69.1",",,,0","0",",,,0","25.23",",0","30.96",",,,0","19.50",",,,0"
"USC00034712","2006-07","35.25","-91.09889","63.1","MCCRORY 6 E, AR US","708.0","0","290.0",",0","1",",0","1",",0","1",",0","0",",0","0",",0","0",",0","0",",0","0",",0","31",",0","27",",0","","","20060707",",,0","20060731","+,,0","20060731","+,,0","","","20060728",",,0","20060722",",,0","15.6",",0,07,","0",",,0,31,+","0",",,0,31,+","58.4",",,0,28,","38.3",",0,22,","0.0","0","0.0",",0","58.4",",,,0","0",",,,0","27.69",",0","34.03",",,,0","21.35",",,,0"
"USC00034712","2006-08","35.25","-91.09889","63.1","MCCRORY 6 E, AR US","989.4","0","281.4","1,0","5",",0","4",",0","0",",0","0",",0","0",",0","0","1,0","0","1,0","0","1,0","30","1,0","23","1,0","","","20060830",",1,0","20060831","+,,0","20060831","+,,0","","","20060823",",,0","20060815",",1,0","17.8","1,0,30,","0",",,0,31,+","0",",,0,31,+","20.8",",,0,23,","37.2","1,0,15,","0.0","0","0.0","1,0","64.5",",,,0","0",",,,0","27.71","1,0","33.50","1,,,0","21.92","1,,,0"
"USC00034712","2006-09","35.25","-91.09889","63.1","MCCRORY 6 E, AR US","1076.5","0","87.1","1,0","5",",0","5",",0","2",",0","0",",0","0",",0","0","1,0","0","1,0","0",",0","29",",0","5",",0","","","20060930",",1,0","20060930","+,,0","20060930","+,,0","","","20060918",",,0","20060911",",,0","4.4","1,0,30,","0",",,0,30,+","0",",,0,30,+","58.4",",,0,18,","33.9",",0,11,","18.4","0","18.4",",0","105.3",",,,0","0",",,,0","20.78","1,0","27.95",",,,0","13.62","1,,,0"
"USC00034712","2006-10","35.25","-91.09889","63.1","MCCRORY 6 E, AR US","1107.8","0","31.3","1,0","7",",0","5",",0","0",",0","0",",0","0",",0","0","1,0","0","1,0","0",",0","20",",0","3",",0","","","20061024",",1,0","20061031","+,,0","20061031","+,,0","","","20061017",",,0","20061005",",,0","1.7","1,0,24,","0",",,0,31,+","0",",,0,31,+","15.7",",,0,17,","32.8",",0,05,","121.9","0","103.5",",0","52.3",",,,0","0",",,,0","16.02","1,0","23.71",",,,0","8.33","1,,,0"
"USC00034712","2006-11","35.25","-91.09889","63.1","MCCRORY 6 E, AR US","1109.2","0","1.4",",0","10",",0","6",",0","1",",0","0",",0","0",",0","0",",0","5",",0","0",",0","10",",0","0",",0","","","20061121",",,0","20061130","+,,0","20061130","+,,0","","","20061116",",,0","20061110",",,0","-1.7",",0,21,","0",",,0,30,+","0",",,0,30,+","41.7",",,0,16,","26.7",",0,10,","327.0","0","205.1",",0","89.0",",,,0","0",",,,0","11.54",",0","18.03",",,,0","5.06",",,,0"
"USC00034712","2007-01","35.25","-91.09889","63.1","MCCRORY 6 E, AR US","","","","","","","","","","","0",",0","0",",0","","","","","","","","","","","","","","","20070131","+,,0","20070131","+,,0","","","","","","","","","0",",,0,31,+","0",",,0,31,+","","","","","","","","","","","0",",,,0","","","","","",""
"USC00034712","2007-02","35.25","-91.09889","63.1","MCCRORY 6 E, AR US","","","0.0",",0","4",",0","4",",0","2",",0","0",",0","0","1,0","0",",0","17",",0","3",",0","3",",0","0",",0","","","20070217","+,,0","20070228","+,,0","20070228","+,1,0","","","20070225",",,0","20070221",",,0","-8.9",",0,17,+","0",",,0,28,+","0","1,,0,28,+","46.2",",,0,25,","23.3",",0,21,","","","386.9",",0","98.1",",,,0","0","1,,,0","4.52",",0","9.84",",,,0","-0.81",",,,0"
"USC00034712","2007-03","35.25","-91.09889","63.1","MCCRORY 6 E, AR US","","","22.3","1,0","3",",0","3",",0","0",",0","0",",0","0",",0","0","1,0","1","1,0","0",",0","21",",0","0",",0","","","20070303",",1,0","20070331","+,,0","20070331","+,,0","","","20070315",",,0","20070331",",,0","-2.2","1,0,03,","0",",,0,31,+","0",",,0,31,+","17.3",",,0,15,","28.9",",0,31,","","","123.4",",0","44.2",",,,0","0",",,,0","15.08","1,0","22.13",",,,0","8.02","1,,,0"
