"STATION","DATE","LATITUDE","LONGITUDE","ELEVATION","NAME","CDSD","CDSD_ATTRIBUTES","CLDD","CLDD_ATTRIBUTES","DP01","DP01_ATTRIBUTES","DP10","DP10_ATTRIBUTES","DP1X","DP1X_ATTRIBUTES","DSNW","DSNW_ATTRIBUTES","DT00","DT00_ATTRIBUTES","DT32","DT32_ATTRIBUTES","DX32","DX32_ATTRIBUTES","DX70","DX70_ATTRIBUTES","DX90","DX90_ATTRIBUTES","DYNT","DYNT_ATTRIBUTES","DYSN","DYSN_ATTRIBUTES","DYXP","DYXP_ATTRIBUTES","DYXT","DYXT_ATTRIBUTES","EMNT","EMNT_ATTRIBUTES","EMSN","EMSN_ATTRIBUTES","EMXP","EMXP_ATTRIBUTES","EMXT","EMXT_ATTRIBUTES","HDSD","HDSD_ATTRIBUTES","HTDD","HTDD_ATTRIBUTES","PRCP","PRCP_ATTRIBUTES","SNOW","SNOW_ATTRIBUTES","TAVG","TAVG_ATTRIBUTES","TMAX","TMAX_ATTRIBUTES","TMIN","TMIN_ATTRIBUTES"
"USC00193295","1893-09","42.5","-72.583333","41.1","HADLEY, MA US","","","1.7",",6","8",",6","7",",6","0",",6","","","0",",6","3",",6","0",",6","14",",6","0",",6","18930929","+,,6","","","18930907",",,6","18930905",",,6","0.0",",6,29,+","","","17.8",",,6,07,","26.1",",6,05,","","","155.0",",6","60.4",",,,6","","","13.22",",6","20.19",",,,6","6.25",",,,6"
"USC00193295","1893-10","42.5","-72.583333","41.1","HADLEY, MA US","","","","","7",",6","5",",6","1",",6","","","","","","","","","","","","","","","","","18931028",",,6","","","","","","","47.5",",,6,28,","","","","","","","116.9",",,,6","","","","","","","",""
"USC00193295","1893-11","42.5","-72.583333","41.1","HADLEY, MA US","","","0.0",",6","7","1,6","4","1,6","1","1,6","0",",6","0",",6","26",",6","3",",6","0",",6","0",",6","18931127",",,6","18931122","+,,6","18931128",",1,6","18931102",",,6","-12.8",",6,27,","0",",T,6,22,+","26.7","1,,6,28,","15.6",",6,02,","","","499.7",",6","64.8","1,,,6","0",",T,,6","1.68",",6","6.86",",,,6","-3.50",",,,6"
"USC00193295","1893-12","42.5","-72.583333","41.1","HADLEY, MA US","","","0.0",",6","","","","","","","","","5",",6","31",",6","16",",6","0",",6","0",",6","18931214",",,6","","","","","18931225",",,6","-24.4",",6,14,","","","","","8.3",",6,25,","","","728.3",",6","","","","","-5.16",",6","-0.11",",,,6","-10.21",",,,6"
"USC00193295","1894-07","42.5","-72.583333","41.1","HADLEY, MA US","","","131.3",",6","11",",6","6",",6","0",",6","","","0",",6","0",",6","0",",6","31",",6","10",",6","18940716","+,,6","","","18940722",",,6","18940729","+,,6","6.1",",6,16,+","","","7.1",",,6,22,","36.7",",6,29,+","9.7","6","9.7",",6","31.9",",,,6","","","22.25",",6","30.17",",,,6","14.34",",,,6"
"USC00193295","1894-08","42.5","-72.583333","41.1","HADLEY, MA US","","","68.1",",6","7",",6","2",",6","0",",6","","","0",",6","0",",6","0",",6","30",",6","5",",6","18940822",",,6","","","18940813",",,6","18940825","+,,6","2.2",",6,22,","","","3.0",",,6,13,","32.2",",6,25,+","27.4","6","17.7",",6","12.6",",,,6","","","19.96",",6","28.03",",,,6","11.89",",,,6"
"USC00193295","1894-09","42.5","-72.583333","41.1","HADLEY, MA US","","","38.3",",6","8",",6","8",",6","2",",6","","","0",",6","1",",6","0",",6","23",",6","1",",6","18940926",",,6","","","18940920",",,6","18940910",",,6","-1.7",",6,26,","","","53.3",",,6,20,","32.8",",6,10,","88.8","6","61.4",",6","131.0",",,,6","","","17.56",",6","24.82",",,,6","10.31",",,,6"
"USC00193295","1894-10","42.5","-72.583333","41.1","HADLEY, MA US","","","0.0","1,6","11",",6","9",",6","1",",6","","","0","1,6","7","1,6","0","1,6","3","1,6","0","1,6","18941016",",1,6","","","18941010",",,6","18941020",",1,6","-3.9","1,6,16,","","","46.2",",,6,10,","23.3","1,6,20,","340.6","6","251.8","1,6","121.2",",,,6","","","9.94","1,6","16.90","1,,,6","2.98","1,,,6"
"USC00193295","1894-11","42.5","-72.583333","41.1","HADLEY, MA US","","","0.0","2,6","5","2,6","4","2,6","1","2,6","","","0",",6","27",",6","8","2,6","0","2,6","0","2,6","18941120",",,6","","","18941103",",2,6","18941101",",2,6","-12.8",",6,20,","","","52.1","2,,6,03,","15.0","2,6,01,","860.2","6","519.6","2,6","96.1","2,,,6","","","-0.02","2,6","4.55","2,,,6","-4.60",",,,6"
"USC00193295","1894-12","42.5","-72.583333","41.1","HADLEY, MA US","","","0.0","2,6","","","","","","","","","4","1,6","29","1,6","10","1,6","0","1,6","0","1,6","18941230",",1,6","","","","","18941222","+,1,6","-24.4","1,6,30,","","","","","8.9","1,6,22,+","1510.2","6","650.0","1,6","","","","","-4.05","2,6","1.82","1,,,6","-9.92","1,,,6"
"USC00193295","1895-01","42.5","-72.583333","41.1","HADLEY, MA US","0.0","6","0.0",",6","","","","","","","","","8",",6","31",",6","18",",6","0",",6","0",",6","18950104",",,6","","","","","18950107",",,6","-24.4",",6,04,","","","","","7.8",",6,07,","2291.9","6","781.7",",6","","","","","-6.88",",6","-0.24",",,,6","-13.53",",,,6"
"USC00193295","1895-02","42.5","-72.583333","41.1","HADLEY, MA US","0.0","6","0.0",",6","","","","","","","","","10",",6","28",",6","13",",6","0",",6","0",",6","18950206",",,6","","","","","18950216",",,6","-24.4",",6,06,","","","","","7.2",",6,16,","3024.1","6","732.2",",6","","","","","-7.82",",6","-0.25",",,,6","-15.39",",,,6"
"USC00193295","1895-03","42.5","-72.583333","41.1","HADLEY, MA US","0.0","6","0.0","1,6","","","","","","","","","0",",6","31",",6","3","1,6","0","1,6","0","1,6","18950306",",,6","","","","","18950301",",1,6","-16.1",",6,06,","","","","","10.0","1,6,01,","3606.0","6","581.9","1,6","","","","","-1.05","1,6","4.55","1,,,6","-6.64",",,,6"
"USC00193295","1895-04","42.5","-72.583333","41.1","HADLEY, MA US","0.0","6","0.0",",6","13",",6","10",",6","2",",6","1",",6","0",",6","18",",6","0",",6","4",",6","0",",6","18950406",",,6","18950403",",,6","18950409",",,6","18950425",",,6","-6.1",",6,06,","51",",,6,03,","34.5",",,6,09,","27.8",",6,25,","3955.5","6","349.5",",6","116.9",",,,6","51",",,,6","6.68",",6","13.59",",,,6","-0.23",",,,6"
"USC00193295","1895-05","42.5","-72.583333","41.1","HADLEY, MA US","34.2","6","34.2",",6","7",",6","3",",6","0",",6","","","0",",6","3",",6","0",",6","19",",6","3",",6","18950518","+,,6","","","18950527",",,6","18950530",",,6","-2.8",",6,18,+","","","23.6",",,6,27,","34.4",",6,30,","4092.4","6","136.9",",6","36.7",",,,6","","","15.02",",6","23.54",",,,6","6.50",",,,6"
"USC00193295","1895-06","42.5","-72.583333","41.1","HADLEY, MA US","96.6","6","62.4","1,6","12",",6","6",",6","0",",6","","","0","1,6","0","1,6","0",",6","27",",6","3",",6","18950609","+,1,6","","","18950604",",,6","18950602","+,,6","5.6","1,6,09,+","","","24.6",",,6,04,","33.9",",6,02,+","4108.5","6","16.1",",6","83.5",",,,6","","","19.94","1,6","27.23",",,,6","12.64","1,,,6"
"USC00193295","1895-07","42.5","-72.583333","41.1","HADLEY, MA US","152.5","6","55.9",",6","12",",6","8",",6","1",",6","","","0",",6","0",",6","0",",6","29",",6","1",",6","18950727","+,,6","","","18950722",",,6","18950721",",,6","6.7",",6,27,+","","","26.4",",,6,22,","35.0",",6,21,","24.0","6","24.0",",6","102.6",",,,6","","","19.36",",6","26.43",",,,6","12.29",",,,6"
"USC00193295","1895-08","42.5","-72.583333","41.1","HADLEY, MA US","231.0","6","78.5",",6","9",",6","6",",6","1",",6","","","0",",6","0",",6","0",",6","30",",6","0",",6","18950822",",,6","","","18950818",",,6","18950824",",,6","2.8",",6,22,","","","35.3",",,6,18,","31.7",",6,24,","45.1","6","21.1",",6","80.8",",,,6","","","20.19",",6","27.82",",,,6","12.56",",,,6"
"USC00193295","1895-09","42.5","-72.583333","41.1","HADLEY, MA US","279.6","6","48.6",",6","7",",6","7",",6","1",",6","","","0",",6","1",",6","0",",6","22",",6","3",",6","18950915",",,6","","","18950930",",,6","18950923",",,6","-1.1",",6,15,","","","29.2",",,6,30,","35.0",",6,23,","129.9","6","84.8",",6","101.0",",,,6","","","17.13",",6","25.15",",,,6","9.10",",,,6"
"USC00193295","1895-10","42.5","-72.583333","41.1","HADLEY, MA US","279.6","6","0.0",",6","9",",6","5",",6","1",",6","","","0",",6","18",",6","0",",6","0",",6","0",",6","18951022",",,6","","","18951013",",,6","18951003","+,,6","-8.9",",6,22,","","","44.7",",,6,13,","20.6",",6,03,+","484.9","6","355.0",",6","98.3",",,,6","","","6.88",",6","14.09",",,,6","-0.33",",,,6"
"USC00193295","1895-11","42.5","-72.583333","41.1","HADLEY, MA US","279.6","6","0.0",",6","13",",6","10",",6","2",",6","","","0",",6","21",",6","2",",6","2",",6","0",",6","18951122",",,6","","","18951115",",,6","18951108","+,,6","-11.1",",6,22,","","","52.1",",,6,15,","21.1",",6,08,+","909.2","6","424.3",",6","152.9",",,,6","","","4.19",",6","10.21",",,,6","-1.83",",,,6"
"USC00193295","1895-12","42.5","-72.583333","41.1","HADLEY, MA US","279.6","6","0.0",",6","","","","","","","","","3",",6","27",",6","10",",6","0",",6","0",",6","18951213","+,,6","","","","","18951231",",,6","-21.1",",6,13,+","","","","","15.6",",6,31,","1531.3","6","622.1",",6","","","","","-1.74",",6","4.55",",,,6","-8.03",",,,6"
"USC00193295","1896-01","42.5","-72.583333","41.1","HADLEY, MA US","0.0","","0.0","2,6","","","","","","","","","5","1,6","30","1,6","19","1,6","0","1,6","0","1,6","18960106",",1,6","","","","","18960124","+,1,6","-24.4","1,6,06,","","","","","3.3","1,6,24,+","2275.3","","744.0","1,6","","","","","-7.36","2,6","-1.67","1,,,6","-13.05","1,,,6"
"USC00193295","1896-02","42.5","-72.583333","41.1","HADLEY, MA US","0.0","","0.0","2,6","","","","","","","","","3","1,6","26","1,6","14","1,6","0","1,6","0","1,6","18960217",",1,6","","","","","18960229",",1,6","-26.7","1,6,17,","","","","","11.1","1,6,29,","2881.7","","606.4","1,6","","","","","-4.39","2,6","1.50","1,,,6","-10.28","1,,,6"
"USC00193295","1896-03","42.5","-72.583333","41.1","HADLEY, MA US","0.0","","0.0",",6","","","","","","","","","1",",6","30",",6","10",",6","0",",6","0",",6","18960314",",,6","","","","","18960331",",,6","-20.6",",6,14,","","","","","14.4",",6,31,","3517.8","","636.1",",6","","","","","-2.19",",6","3.98",",,,6","-8.35",",,,6"
"USC00193295","1896-04","42.5","-72.583333","41.1","HADLEY, MA US","2.8","","2.8",",6","6",",6","4",",6","0",",6","","","0",",6","16",",6","1",",6","10",",6","1",",6","18960403",",,6","","","18960402",",,6","18960417",",,6","-7.8",",6,03,","","","15.0",",,6,02,","36.1",",6,17,","3819.0","","301.2",",6","44.3",",,,6","","","8.39",",6","16.95",",,,6","-0.18",",,,6"
"USC00193295","1896-05","42.5","-72.583333","41.1","HADLEY, MA US","20.5","","17.7",",6","9",",6","4",",6","0",",6","","","0",",6","2",",6","0",",6","25",",6","2",",6","18960502","+,,6","","","18960531",",,6","18960510",",,6","-1.1",",6,02,+","","","19.3",",,6,31,","33.3",",6,10,","3921.2","","102.2",",6","64.4",",,,6","","","15.61",",6","23.96",",,,6","7.25",",,,6"
"USC00193295","1896-06","42.5","-72.583333","41.1","HADLEY, MA US","52.0","","31.5",",6","","","","","","","","","0",",6","0",",6","0",",6","26",",6","2",",6","18960611","+,,6","","","","","18960621",",,6","3.3",",6,11,+","","","","","32.8",",6,21,","3978.7","","57.5",",6","","","","","17.47",",6","25.26",",,,6","9.67",",,,6"
"USC00193295","1896-07","42.5","-72.583333","41.1","HADLEY, MA US","158.9","","106.9",",6","","","","","","","","","0",",6","0",",6","0",",6","30",",6","5",",6","18960718","+,,6","","","","","18960729",",,6","9.4",",6,18,+","","","","","33.3",",6,29,","5.2","","5.2",",6","","","","","21.61",",6","28.46",",,,6","14.76",",,,6"
"USC00193295","1896-08","42.5","-72.583333","41.1","HADLEY, MA US","245.5","","86.6",",6","14",",6","12",",6","0",",6","","","0",",6","0",",6","0",",6","30",",6","7",",6","18960820",",,6","","","18960802",",,6","18960812","+,,6","4.4",",6,20,","","","23.4",",,6,02,","35.0",",6,12,+","36.0","","30.8",",6","87.2",",,,6","","","20.13",",6","27.50",",,,6","12.76",",,,6"
"USC00193295","1896-09","42.5","-72.583333","41.1","HADLEY, MA US","257.7","","12.2",",6","10",",6","7",",6","2",",6","","","0",",6","1",",6","0",",6","19",",6","0",",6","18960924",",,6","","","18960906",",,6","18960911",",,6","-2.2",",6,24,","","","60.7",",,6,06,","31.7",",6,11,","148.8","","112.8",",6","144.5",",,,6","","","14.98",",6","21.76",",,,6","8.20",",,,6"
"USC00193295","1896-10","42.5","-72.583333","41.1","HADLEY, MA US","257.7","","0.0",",6","","","","","","","","","0",",6","14",",6","0",",6","1",",6","0",",6","18961026",",,6","","","","","18961031",",,6","-7.2",",6,26,","","","","","22.2",",6,31,","482.9","","334.1",",6","","","","","7.55",",6","13.62",",,,6","1.49",",,,6"
"USC00193295","1896-11","42.5","-72.583333","41.1","HADLEY, MA US","257.7","","0.0",",6","12","1,6","5","1,6","1","1,6","","","0",",6","15",",6","1",",6","1",",6","0",",6","18961123",",,6","","","18961105",",1,6","18961117",",,6","-11.1",",6,23,","","","33.0","1,,6,05,","21.1",",6,17,","875.7","","392.8",",6","77.0","1,,,6","","","5.24",",6","11.03",",,,6","-0.56",",,,6"
"USC00193295","1897-01","42.5","-72.583333","41.1","HADLEY, MA US","0.0","6","0.0","2,6","","","","","","","","","5","1,6","28","1,6","12","1,6","0","1,6","0","1,6","18970130",",1,6","","","","","18970105",",1,6","-21.1","1,6,30,","","","","","12.8","1,6,05,","","","652.7","1,6","","","","","-4.39","2,6","1.57","1,,,6","-10.35","1,,,6"
"USC00193295","1897-02","42.5","-72.583333","41.1","HADLEY, MA US","0.0","6","0.0",",6","","","","","","","","","5",",6","28",",6","8",",6","0",",6","0",",6","18970201",",,6","","","","","18970221",",,6","-27.2",",6,01,","","","","","8.9",",6,21,","","","643.2",",6","","","","","-4.64",",6","2.36",",,,6","-11.64",",,,6"
"USC00193295","1897-03","42.5","-72.583333","41.1","HADLEY, MA US","0.0","6","0.0",",6","","","","","","","","","2",",6","30",",6","4",",6","0",",6","0",",6","18970301",",,6","","","","","18970331","+,,6","-20.6",",6,01,","","","","","14.4",",6,31,+","","","569.7",",6","","","","","-0.04",",6","6.29",",,,6","-6.38",",,,6"
"USC00193295","1897-04","42.5","-72.583333","41.1","HADLEY, MA US","0.0","6","0.0","2,6","11",",6","4",",6","0",",6","","","0","1,6","13","1,6","0","1,6","8","1,6","0","1,6","18970421",",1,6","","","18970409",",,6","18970430","+,1,6","-8.3","1,6,21,","","","11.7",",,6,09,","27.2","1,6,30,+","","","290.2","1,6","36.2",",,,6","","","8.03","2,6","16.39","1,,,6","-0.32","1,,,6"
"USC00193295","1897-05","42.5","-72.583333","41.1","HADLEY, MA US","2.0","6","2.0",",6","","","","","","","","","0",",6","1",",6","0",",6","22",",6","0",",6","18970508",",,6","","","","","18970510","+,,6","-2.2",",6,08,","","","","","27.8",",6,10,+","","","142.0",",6","","","","","13.82",",6","21.55",",,,6","6.09",",,,6"
"USC00193295","1897-06","42.5","-72.583333","41.1","HADLEY, MA US","18.7","6","16.7",",6","","","","","","","","","0",",6","0",",6","0",",6","24",",6","0",",6","18970621","+,,6","","","","","18970625",",,6","2.2",",6,21,+","","","","","30.6",",6,25,","","","78.1",",6","","","","","16.29",",6","23.56",",,,6","9.01",",,,6"
"USC00193295","1897-07","42.5","-72.583333","41.1","HADLEY, MA US","146.8","6","128.1",",6","","","","","","","","","0",",6","0",",6","0",",6","28",",6","6",",6","18970729","+,,6","","","","","18970706","+,,6","11.1",",6,29,+","","","","","34.4",",6,06,+","9.1","6","9.1",",6","","","","","22.17",",6","28.27",",,,6","16.07",",,,6"
"USC00193295","1897-08","42.5","-72.583333","41.1","HADLEY, MA US","197.1","6","50.3",",6","8",",6","6",",6","0",",6","","","0",",6","0",",6","0",",6","30",",6","0",",6","18970821",",,6","","","18970824",",,6","18970804",",,6","4.4",",6,21,","","","22.9",",,6,24,","31.1",",6,04,","30.2","6","21.1",",6","86.0",",,,6","","","19.27",",6","25.93",",,,6","12.62",",,,6"
"USC00193295","1897-09","42.5","-72.583333","41.1","HADLEY, MA US","221.1","6","24.0",",6","5",",6","4",",6","1",",6","","","0",",6","2",",6","0",",6","21",",6","1",",6","18970929",",,6","","","18970902",",,6","18970910",",,6","-1.1",",6,29,","","","32.3",",,6,02,","32.8",",6,10,","134.1","6","103.9",",6","49.0",",,,6","","","15.67",",6","23.52",",,,6","7.81",",,,6"
"USC00193295","1897-10","42.5","-72.583333","41.1","HADLEY, MA US","223.4","6","2.3",",6","3",",6","1",",6","0",",6","","","0",",6","15",",6","0",",6","8",",6","0",",6","18971031",",,6","","","18971012",",,6","18971016",",,6","-8.3",",6,31,","","","18.3",",,6,12,","30.6",",6,16,","414.8","6","280.7",",6","19.4",",,,6","","","9.35",",6","18.34",",,,6","0.36",",,,6"
"USC00193295","1897-11","42.5","-72.583333","41.1","HADLEY, MA US","223.4","6","0.0",",6","","","","","","","","","1",",6","24",",6","3",",6","0",",6","0",",6","18971124",",,6","","","","","18971106",",,6","-18.3",",6,24,","","","","","18.3",",6,06,","906.6","6","491.8",",6","","","","","1.94",",6","7.42",",,,6","-3.54",",,,6"
"USC00193295","1897-12","42.5","-72.583333","41.1","HADLEY, MA US","223.4","6","0.0",",6","","","","","","","","","2",",6","31",",6","11",",6","0",",6","0",",6","18971225",",,6","","","","","18971211",",,6","-19.4",",6,25,","","","","","15.0",",6,11,","1560.7","6","654.1",",6","","","","","-2.77",",6","2.23",",,,6","-7.76",",,,6"
"USC00193295","1898-01","42.5","-72.583333","41.1","HADLEY, MA US","0.0","","0.0","2,6","","","","","","","","","10","1,6","29","1,6","14","1,6","0","1,6","0","1,6","18980130",",1,6","","","","","18980113",",1,6","-28.9","1,6,30,","","","","","9.4","1,6,13,","2289.3","","728.6","1,6","","","","","-6.67","2,6","-0.11","1,,,6","-13.22","1,,,6"
"USC00193295","1898-02","42.5","-72.583333","41.1","HADLEY, MA US","0.0","","0.0",",6","","","","","","","","","5",",6","28",",6","8",",6","0",",6","0",",6","18980203",",,6","","","","","18980210",",,6","-30.0",",6,03,","","","","","12.2",",6,10,","2912.9","","623.6",",6","","","","","-3.94",",6","2.64",",,,6","-10.51",",,,6"
