"STATION","DATE","LATITUDE","LONGITUDE","ELEVATION","NAME","CDSD","CDSD_ATTRIBUTES","CLDD","CLDD_ATTRIBUTES","DP01","DP01_ATTRIBUTES","DP10","DP10_ATTRIBUTES","DP1X","DP1X_ATTRIBUTES","DSND","DSND_ATTRIBUTES","DSNW","DSNW_ATTRIBUTES","DT00","DT00_ATTRIBUTES","DT32","DT32_ATTRIBUTES","DX32","DX32_ATTRIBUTES","DX70","DX70_ATTRIBUTES","DX90","DX90_ATTRIBUTES","DYFG","DYFG_ATTRIBUTES","DYNT","DYNT_ATTRIBUTES","DYSD","DYSD_ATTRIBUTES","DYSN","DYSN_ATTRIBUTES","DYTS","DYTS_ATTRIBUTES","DYXP","DYXP_ATTRIBUTES","DYXT","DYXT_ATTRIBUTES","EMNT","EMNT_ATTRIBUTES","EMSD","EMSD_ATTRIBUTES","EMSN","EMSN_ATTRIBUTES","EMXP","EMXP_ATTRIBUTES","EMXT","EMXT_ATTRIBUTES","HDSD","HDSD_ATTRIBUTES","HTDD","HTDD_ATTRIBUTES","PRCP","PRCP_ATTRIBUTES","SNOW","SNOW_ATTRIBUTES","TAVG","TAVG_ATTRIBUTES","TMAX","TMAX_ATTRIBUTES","TMIN","TMIN_ATTRIBUTES"
"USC00295056","1906-02","35.36667","-103.41667","1168.0","LOGAN, NM US","","","0.0","1,6","1",",6","1",",6","0",",6","","","","","0","1,6","25","1,6","1",",6","6",",6","0",",6","","","19060209","+,1,6","","","","","","","19060212",",,6","19060228","+,,6","-11.1","1,6,09,+","","","","","15.2",",,6,12,","23.9",",6,28,+","","","387.2",",6","15.2",",,,6","","","4.13","1,6","13.81",",,,6","-5.56","1,,,6"
"USC00295056","1906-03","35.36667","-103.41667","1168.0","LOGAN, NM US","","","0.0","1,6","1",",6","1",",6","0",",6","","","0",",6","0",",6","25",",6","0","1,6","9","1,6","0","1,6","","","19060319","+,,6","","","19060331","+,,6","","","19060327",",,6","19060331",",1,6","-12.2",",6,19,+","","","0",",,6,31,+","5.1",",,6,27,","25.0","1,6,31,","","","358.2","1,6","5.1",",,,6","0",",,,6","6.39","1,6","16.80","1,,,6","-4.03",",,,6"
"USC00295056","1906-04","35.36667","-103.41667","1168.0","LOGAN, NM US","","","0.8",",6","5",",6","5",",6","1",",6","","","","","0",",6","4",",6","0",",6","22",",6","0",",6","","","19060404",",,6","","","","","","","19060419",",,6","19060423",",,6","-0.6",",6,04,","","","","","50.8",",,6,19,","28.3",",6,23,","","","151.5",",6","96.5",",,,6","","","13.31",",6","21.98",",,,6","4.64",",,,6"
"USC00295056","1906-05","35.36667","-103.41667","1168.0","LOGAN, NM US","","","34.7",",6","1",",6","1",",6","0",",6","","","0",",6","0",",6","0",",6","0",",6","30",",6","2",",6","","","19060507",",,6","","","19060531","+,,6","","","19060523",",,6","19060516","+,,6","1.7",",6,07,","","","0",",,6,31,+","22.9",",,6,23,","32.2",",6,16,+","","","46.1",",6","22.9",",,,6","0",",,,6","17.97",",6","26.67",",,,6","9.26",",,,6"
"USC00295056","1906-06","35.36667","-103.41667","1168.0","LOGAN, NM US","","","138.5","1,6","0",",6","0",",6","0",",6","","","0",",6","0","1,6","0","1,6","0","1,6","29","1,6","16","1,6","","","19060608",",1,6","","","19060630","+,,6","","","19060613","+,,6","19060630",",1,6","5.6","1,6,08,","","","0",",,6,30,+","0.0",",T,6,13,+","38.9","1,6,30,","","","1.1","1,6","0.0",",T,,6","0",",,,6","23.07","1,6","32.58","1,,,6","13.56","1,,,6"
"USC00295056","1906-07","35.36667","-103.41667","1168.0","LOGAN, NM US","","","145.0",",6","10",",6","9",",6","1",",6","","","","","0",",6","0",",6","0",",6","31",",6","9",",6","","","19060703",",,6","","","","","","","19060716",",,6","19060701",",,6","10.6",",6,03,","","","","","31.8",",,6,16,","37.2",",6,01,","1.4","","1.4",",6","126.6",",,,6","","","22.96",",6","30.41",",,,6","15.52",",,,6"
"USC00295056","1906-08","35.36667","-103.41667","1168.0","LOGAN, NM US","","","143.4",",6","4",",6","4",",6","1",",6","","","0",",6","0",",6","0",",6","0",",6","31",",6","15",",6","","","19060828","+,,6","","","19060831","+,,6","","","19060809",",,6","19060824",",,6","10.0",",6,28,+","","","0",",,6,31,+","27.9",",,6,09,","35.0",",6,24,","1.4","","0.0",",6","50.6",",,,6","0",",,,6","22.96",",6","31.48",",,,6","14.44",",,,6"
"USC00295056","1907-04","35.36667","-103.41667","1168.0","LOGAN, NM US","","","","","4",",6","3",",6","0",",6","","","","","","","","","","","","","","","","","","","","","","","","","19070429",",,6","","","","","","","","","11.9",",,6,29,","","","","","","","29.2",",,,6","","","","","","","",""
"USC00295056","1907-05","35.36667","-103.41667","1168.0","LOGAN, NM US","","","17.5","1,6","3",",6","3",",6","0",",6","","","","","0","1,6","1","1,6","0","1,6","25","1,6","0","1,6","","","19070504",",1,6","","","","","","","19070530",",,6","19070522",",1,6","0.0","1,6,04,","","","","","16.0",",,6,30,","31.1","1,6,22,","","","91.5","1,6","31.5",",,,6","","","15.87","1,6","24.64","1,,,6","7.09","1,,,6"
"USC00295056","1907-06","35.36667","-103.41667","1168.0","LOGAN, NM US","","","86.2","1,6","6",",6","4",",6","1",",6","","","","","0","1,6","0","1,6","0","1,6","27","1,6","8","1,6","","","19070601",",1,6","","","","","","","19070617",",,6","19070629",",1,6","5.6","1,6,01,","","","","","53.1",",,6,17,","38.9","1,6,29,","","","10.8","1,6","77.9",",,,6","","","20.93","1,6","29.25","1,,,6","12.62","1,,,6"
"USC00295056","1907-07","35.36667","-103.41667","1168.0","LOGAN, NM US","","","228.0",",6","4",",6","3",",6","0",",6","","","","","0",",6","0",",6","0",",6","31",",6","24",",6","","","19070706","+,,6","","","","","","","19070728",",,6","19070724",",,6","14.4",",6,06,+","","","","","10.4",",,6,28,","37.8",",6,24,","0.0","6","0.0",",6","26.6",",,,6","","","25.69",",6","33.83",",,,6","17.55",",,,6"
"USC00295056","1907-08","35.36667","-103.41667","1168.0","LOGAN, NM US","","","212.6","1,6","10",",6","8",",6","0",",6","","","","","0",",6","0",",6","0","1,6","30","1,6","18","1,6","","","19070830","+,,6","","","","","","","19070820",",,6","19070815","+,1,6","15.0",",6,30,+","","","","","19.8",",,6,20,","38.3","1,6,15,+","0.0","6","0.0","1,6","75.4",",,,6","","","25.41","1,6","32.89","1,,,6","17.92",",,,6"
"USC00295056","1907-09","35.36667","-103.41667","1168.0","LOGAN, NM US","","","105.2",",6","2",",6","1",",6","0",",6","","","","","0",",6","0",",6","0",",6","30",",6","13",",6","","","19070924",",,6","","","","","","","19070901",",,6","19070918",",,6","3.9",",6,24,","","","","","12.7",",,6,01,","33.9",",6,18,","2.8","6","2.8",",6","14.0",",,,6","","","21.75",",6","30.89",",,,6","12.60",",,,6"
"USC00295056","1907-11","35.36667","-103.41667","1168.0","LOGAN, NM US","","","0.0",",6","2",",6","1",",6","0",",6","","","1",",6","0",",6","23",",6","1",",6","6",",6","0",",6","","","19071114",",,6","","","19071119",",,6","","","19071119",",,6","19071106",",,6","-10.0",",6,14,","","","76",",,6,19,","9.1",",,6,19,","25.0",",6,06,","","","362.8",",6","10.9",",,,6","76",",,,6","6.24",",6","14.79",",,,6","-2.31",",,,6"
"USC00295056","1907-12","35.36667","-103.41667","1168.0","LOGAN, NM US","","","0.0",",6","1",",6","1",",6","0",",6","","","1",",6","0",",6","30",",6","0",",6","0",",6","0",",6","","","19071218",",,6","","","19071221",",,6","","","19071221",",,6","19071202",",,6","-14.4",",6,18,","","","76",",,6,21,","2.5",",,6,21,","20.6",",6,02,","","","469.8",",6","2.5",",,,6","76",",,,6","3.18",",6","12.95",",,,6","-6.59",",,,6"
"USC00295056","1908-01","35.36667","-103.41667","1168.0","LOGAN, NM US","0.0","6","0.0",",6","2",",6","1",",6","0",",6","","","1",",6","0",",6","30",",6","0",",6","1",",6","0",",6","","","19080116",",,6","","","19080115",",,6","","","19080104",",,6","19080109",",,6","-17.2",",6,16,","","","64",",,6,15,","3.0",",,6,04,","21.1",",6,09,","","","464.6",",6","4.5",",,,6","64",",,,6","3.35",",6","13.45",",,,6","-6.76",",,,6"
"USC00295056","1908-02","35.36667","-103.41667","1168.0","LOGAN, NM US","0.0","6","0.0",",6","2",",6","2",",6","1",",6","","","1",",6","1",",6","24",",6","1",",6","3",",6","0",",6","","","19080215",",,6","","","19080214",",,6","","","19080214",",,6","19080227",",,6","-18.3",",6,15,","","","216",",,6,14,","31.2",",,6,14,","25.6",",6,27,","","","408.5",",6","37.0",",,,6","216",",,,6","4.25",",6","13.53",",,,6","-5.03",",,,6"
"USC00295056","1908-03","35.36667","-103.41667","1168.0","LOGAN, NM US","1.4","6","1.4","4,6","","","","","","","","","","","0","4,6","12","4,6","0","3,6","21","3,6","0","3,6","","","19080309",",4,6","","","","","","","","","19080318",",3,6","-8.9","4,6,09,","","","","","","","31.7","3,6,18,","","","181.2","3,6","","","","","11.66","4,6","22.85","3,,,6","0.47","4,,,6"
"USC00295056","1908-04","35.36667","-103.41667","1168.0","LOGAN, NM US","4.4","6","3.0",",6","4",",6","4",",6","1",",6","","","","","0",",6","3",",6","0",",6","22",",6","0",",6","","","19080402",",,6","","","","","","","19080415",",,6","19080411",",,6","-2.8",",6,02,","","","","","25.4",",,6,15,","29.4",",6,11,","","","122.6",",6","56.4",",,,6","","","14.35",",6","22.78",",,,6","5.92",",,,6"
"USC00295056","1908-05","35.36667","-103.41667","1168.0","LOGAN, NM US","38.0","6","33.6","1,6","3",",6","3",",6","0",",6","","","","","0",",6","1",",6","0","1,6","27","1,6","6","1,6","","","19080507",",,6","","","","","","","19080522",",,6","19080531","+,1,6","-0.6",",6,07,","","","","","5.8",",,6,22,","34.4","1,6,31,+","","","52.5","1,6","13.9",",,,6","","","17.73","1,6","27.85","1,,,6","7.61",",,,6"
"USC00295056","1908-06","35.36667","-103.41667","1168.0","LOGAN, NM US","234.9","6","196.9","1,6","1",",6","1",",6","0",",6","","","","","0",",6","0",",6","0","1,6","29","1,6","27","1,6","","","19080602",",,6","","","","","","","19080626",",,6","19080621",",1,6","6.7",",6,02,","","","","","7.9",",,6,26,","40.0","1,6,21,","","","0.0","1,6","7.9",",,,6","","","25.15","1,6","34.86","1,,,6","15.44",",,,6"
"USC00295056","1908-07","35.36667","-103.41667","1168.0","LOGAN, NM US","440.6","6","205.7","3,6","8",",6","6",",6","0",",6","","","","","0","3,6","0","3,6","0",",6","31",",6","22",",6","","","19080701",",3,6","","","","","","","19080718",",,6","19080711",",,6","13.3","3,6,01,","","","","","11.7",",,6,18,","37.8",",6,11,","0.0","6","0.0",",6","49.3",",,,6","","","25.66","3,6","33.21",",,,6","18.12","3,,,6"
"USC00295056","1908-08","35.36667","-103.41667","1168.0","LOGAN, NM US","635.5","6","194.9",",6","5",",6","5",",6","1",",6","","","","","0",",6","0",",6","0",",6","31",",6","19",",6","","","19080824","+,,6","","","","","","","19080828",",,6","19080810",",,6","13.9",",6,24,+","","","","","45.5",",,6,28,","38.3",",6,10,","0.0","6","0.0",",6","69.6",",,,6","","","24.62",",6","32.09",",,,6","17.15",",,,6"
"USC00295056","1908-09","35.36667","-103.41667","1168.0","LOGAN, NM US","733.1","6","97.6","1,6","4",",6","2",",6","0",",6","","","","","0",",6","0",",6","0","1,6","27","1,6","16","1,6","","","19080928",",,6","","","","","","","19080915",",,6","19080909",",1,6","0.6",",6,28,","","","","","19.1",",,6,15,","36.1","1,6,09,","26.3","6","26.3","1,6","28.5",",,,6","","","20.85","1,6","30.84","1,,,6","10.86",",,,6"
"USC00295056","1908-10","35.36667","-103.41667","1168.0","LOGAN, NM US","749.6","6","16.5",",6","3",",6","3",",6","0",",6","","","0",",6","0",",6","11",",6","0",",6","22",",6","0",",6","","","19081027",",,6","","","19081022",",,6","","","19081019",",,6","19081014",",,6","-5.6",",6,27,","","","0",",T,6,22,","10.2",",,6,19,","31.7",",6,14,","181.5","6","155.2",",6","20.4",",,,6","0",",T,,6","13.86",",6","23.31",",,,6","4.41",",,,6"
"USC00295056","1908-11","35.36667","-103.41667","1168.0","LOGAN, NM US","749.6","6","0.0",",6","2",",6","2",",6","1",",6","","","2",",6","0",",6","25",",6","0",",6","12",",6","0",",6","","","19081114",",,6","","","19081128",",,6","","","19081128",",,6","19081105",",,6","-12.2",",6,14,","","","152",",,6,28,","25.4",",,6,28,","26.1",",6,05,","551.8","6","370.3",",6","38.1",",,,6","228",",,,6","5.99",",6","15.44",",,,6","-3.46",",,,6"
"USC00295056","1908-12","35.36667","-103.41667","1168.0","LOGAN, NM US","749.6","6","0.0",",6","0",",6","0",",6","0",",6","","","0",",6","0",",6","28",",6","2",",6","4",",6","0",",6","","","19081230","+,,6","","","19081231","+,,6","","","19081201",",,6","19081223","+,,6","-11.7",",6,30,+","","","0",",,6,31,+","0.0",",T,6,01,","25.0",",6,23,+","996.6","6","444.8",",6","0.0",",T,,6","0",",,,6","3.99",",6","13.75",",,,6","-5.77",",,,6"
"USC00295056","1909-01","35.36667","-103.41667","1168.0","LOGAN, NM US","0.0","6","0.0",",6","1",",6","0",",6","0",",6","","","1",",6","0",",6","24",",6","1",",6","5",",6","0",",6","","","19090130","+,,6","","","19090111",",,6","","","19090111",",,6","19090109",",,6","-15.6",",6,30,+","","","25",",,6,11,","2.0",",,6,11,","25.6",",6,09,","1389.8","6","393.2",",6","2.0",",,,6","25",",,,6","5.65",",6","15.97",",,,6","-4.67",",,,6"
"USC00295056","1909-02","35.36667","-103.41667","1168.0","LOGAN, NM US","0.0","6","0.0",",6","1",",6","0",",6","0",",6","","","0",",6","0",",6","22",",6","0",",6","4",",6","0",",6","","","19090224",",,6","","","19090214",",,6","","","19090217",",,6","19090225",",,6","-13.3",",6,24,","","","0",",T,6,14,","1.3",",,6,17,","23.3",",6,25,","1727.0","6","337.2",",6","1.3",",,,6","0",",T,,6","6.29",",6","16.15",",,,6","-3.57",",,,6"
"USC00295056","1909-03","35.36667","-103.41667","1168.0","LOGAN, NM US","","","","","2","1,6","1","1,6","1","1,6","","","2",",6","0",",6","20",",6","","","","","","","","","19090313",",,6","","","19090331",",,6","","","19090330",",1,6","","","-15.0",",6,13,","","","229",",,6,31,","47.0","1,,6,30,","","","","","","","47.8","1,,,6","356",",,,6","","","","","-1.75",",,,6"
"USC00295056","1909-04","35.36667","-103.41667","1168.0","LOGAN, NM US","","","5.8","1,6","3",",6","1",",6","0",",6","","","0",",6","0","1,6","7","1,6","0",",6","20",",6","1",",6","","","19090401",",1,6","","","19090430","+,,6","","","19090422",",,6","19090417",",,6","-6.7","1,6,01,","","","0",",T,6,30,+","4.1",",,6,22,","32.2",",6,17,","","","149.9",",6","6.4",",,,6","0",",T,,6","13.16","1,6","23.29",",,,6","3.02","1,,,6"
"USC00295056","1909-05","35.36667","-103.41667","1168.0","LOGAN, NM US","","","22.6",",6","3",",6","3",",6","0",",6","","","","","0",",6","1",",6","0",",6","27",",6","3",",6","","","19090501",",,6","","","","","","","19090520",",,6","19090528",",,6","0.0",",6,01,","","","","","22.1",",,6,20,","34.4",",6,28,","","","57.0",",6","33.6",",,,6","","","17.22",",6","26.16",",,,6","8.28",",,,6"
"USC00295056","1909-06","35.36667","-103.41667","1168.0","LOGAN, NM US","","","190.6","1,6","7",",6","7",",6","1",",6","","","","","0","1,6","0","1,6","0",",6","30",",6","22",",6","","","19090603",",1,6","","","","","","","19090628",",,6","19090605",",,6","10.0","1,6,03,","","","","","25.4",",,6,28,","37.8",",6,05,","","","0.3",",6","86.9",",,,6","","","24.81","1,6","33.58",",,,6","16.05","1,,,6"
"USC00295056","1909-07","35.36667","-103.41667","1168.0","LOGAN, NM US","","","268.6",",6","6",",6","5",",6","0",",6","","","","","0",",6","0",",6","0",",6","31",",6","28",",6","","","19090728",",,6","","","","","","","19090704",",,6","19090711",",,6","13.9",",6,28,","","","","","23.6",",,6,04,","39.4",",6,11,","0.0","6","0.0",",6","53.3",",,,6","","","27.00",",6","34.98",",,,6","19.02",",,,6"
"USC00295056","1909-08","35.36667","-103.41667","1168.0","LOGAN, NM US","","","237.4",",6","7",",6","7",",6","0",",6","","","0",",6","0",",6","0",",6","0",",6","31",",6","28",",6","","","19090820",",,6","","","19090831","+,,6","","","19090820",",,6","19090817",",,6","14.4",",6,20,","","","0",",,6,31,+","6.9",",,6,20,","38.9",",6,17,","0.0","6","0.0",",6","34.9",",,,6","0",",,,6","25.99",",6","34.42",",,,6","17.56",",,,6"
"USC00295056","1909-09","35.36667","-103.41667","1168.0","LOGAN, NM US","","","100.9",",6","5",",6","4",",6","1",",6","","","","","0",",6","0",",6","0",",6","30",",6","9",",6","","","19090928",",,6","","","","","","","19090912",",,6","19090902","+,,6","2.8",",6,28,","","","","","30.5",",,6,12,","36.7",",6,02,+","19.5","6","19.5",",6","61.7",",,,6","","","21.05",",6","30.04",",,,6","12.06",",,,6"
"USC00295056","1909-10","35.36667","-103.41667","1168.0","LOGAN, NM US","","","17.2","1,6","5",",6","4",",6","1",",6","","","","","0","1,6","3","1,6","0","1,6","21","1,6","0","1,6","","","19091027",",1,6","","","","","","","19091018",",,6","19091016",",1,6","-1.7","1,6,27,","","","","","38.1",",,6,18,","31.7","1,6,16,","151.6","6","132.1","1,6","72.4",",,,6","","","14.50","1,6","23.70","1,,,6","5.30","1,,,6"
"USC00295056","1909-11","35.36667","-103.41667","1168.0","LOGAN, NM US","","","3.4",",6","3",",6","3",",6","0",",6","","","2",",6","0",",6","12",",6","1",",6","16",",6","0",",6","","","19091130",",,6","","","19091128",",,6","","","19091128",",,6","19091106",",,6","-11.7",",6,30,","","","102",",,6,28,","20.6",",,6,28,","27.8",",6,06,","384.7","6","233.1",",6","46.5",",,,6","191",",,,6","10.68",",6","19.48",",,,6","1.87",",,,6"
"USC00295056","1909-12","35.36667","-103.41667","1168.0","LOGAN, NM US","","","0.0","1,6","1",",6","1",",6","0",",6","","","1",",6","3","1,6","27","1,6","4","1,6","1","1,6","0","1,6","","","19091219",",1,6","","","19091218",",,6","","","19091218",",,6","19091231",",1,6","-21.7","1,6,19,","","","76",",,6,18,","7.1",",,6,18,","23.9","1,6,31,","951.5","6","566.8","1,6","7.1",",,,6","76",",,,6","-0.56","1,6","7.66","1,,,6","-8.78","1,,,6"
"USC00295056","1910-01","35.36667","-103.41667","1168.0","LOGAN, NM US","0.0","6","0.0","3,6","0",",6","0",",6","0",",6","","","0",",6","0","1,6","25","1,6","2","2,6","4","2,6","0","2,6","","","19100107",",1,6","","","19100131","+,,6","","","19100131","+,,6","19100124",",2,6","-15.6","1,6,07,","","","0",",,6,31,+","0.0",",,6,31,+","24.4","2,6,24,","1324.3","6","372.8","2,6","0.0",",,,6","0",",,,6","4.76","3,6","14.42","2,,,6","-4.91","1,,,6"
"USC00295056","1910-02","35.36667","-103.41667","1168.0","LOGAN, NM US","0.0","6","0.0","2,6","1",",6","1",",6","0",",6","","","1",",6","0","2,6","23","2,6","1","1,6","5","1,6","0","1,6","","","19100218",",2,6","","","19100216",",,6","","","19100216",",,6","19100214",",1,6","-16.7","2,6,18,","","","51",",,6,16,","4.6",",,6,16,","23.9","1,6,14,","1711.2","6","386.9","1,6","4.6",",,,6","51",",,,6","3.13","2,6","14.29","1,,,6","-8.02","2,,,6"
"USC00295056","1910-03","35.36667","-103.41667","1168.0","LOGAN, NM US","2.5","6","2.5",",6","0",",6","0",",6","0",",6","","","0",",6","0",",6","18",",6","0",",6","27",",6","0",",6","","","19100331","+,,6","","","19100331","+,,6","","","19100331","+,,6","19100325","+,,6","-6.1",",6,31,+","","","0",",,6,31,+","0.0",",,6,31,+","30.6",",6,25,+","1893.4","6","182.2",",6","0.0",",,,6","0",",,,6","12.54",",6","24.76",",,,6","0.32",",,,6"
"USC00295056","1910-04","35.36667","-103.41667","1168.0","LOGAN, NM US","20.5","6","18.0",",6","2",",6","1",",6","0",",6","","","0",",6","0",",6","4",",6","0",",6","26",",6","3",",6","","","19100405",",,6","","","19100430","+,,6","","","19100409",",,6","19100428",",,6","-6.1",",6,05,","","","0",",,6,30,+","3.8",",,6,09,","35.0",",6,28,","1994.1","6","100.7",",6","6.1",",,,6","0",",,,6","15.57",",6","25.46",",,,6","5.68",",,,6"
"USC00295056","1910-05","35.36667","-103.41667","1168.0","LOGAN, NM US","51.4","6","30.9","3,6","0",",6","0",",6","0",",6","","","0",",6","0","3,6","0","3,6","0","2,6","25","2,6","10","2,6","","","19100503",",3,6","","","19100531","+,,6","","","19100522",",,6","19100530",",2,6","1.7","3,6,03,","","","0",",,6,31,+","0.0",",T,6,22,","36.7","2,6,30,","2055.7","6","61.6","2,6","0.0",",T,,6","0",",,,6","17.30","3,6","28.26","2,,,6","6.35","3,,,6"
"USC00295056","1910-06","35.36667","-103.41667","1168.0","LOGAN, NM US","223.4","6","172.0","4,6","1",",6","1",",6","0",",6","","","0",",6","0","3,6","0","3,6","0","3,6","27","3,6","22","3,6","","","19100604",",3,6","","","19100630","+,,6","","","19100616",",,6","19100608",",3,6","8.9","3,6,04,","","","0",",,6,30,+","10.7",",,6,16,","41.1","3,6,08,","2055.7","6","0.0","3,6","10.7",",,,6","0",",,,6","24.88","4,6","35.54","3,,,6","14.22","3,,,6"
"USC00295056","1910-07","35.36667","-103.41667","1168.0","LOGAN, NM US","473.4","6","250.0","1,6","5",",6","5",",6","1",",6","","","0",",6","0","1,6","0","1,6","0","1,6","30","1,6","28","1,6","","","19100704",",1,6","","","19100731","+,,6","","","19100731",",,6","19100723","+,1,6","10.0","1,6,04,","","","0",",,6,31,+","36.6",",,6,31,","40.0","1,6,23,+","0.0","6","0.0","1,6","68.2",",,,6","0",",,,6","26.67","1,6","36.70","1,,,6","16.63","1,,,6"
"USC00295056","1910-08","35.36667","-103.41667","1168.0","LOGAN, NM US","673.5","6","200.1","2,6","8",",6","8",",6","1",",6","","","0",",6","0","2,6","0","2,6","0","2,6","29","2,6","20","2,6","","","19100826",",2,6","","","19100831","+,,6","","","19100818",",,6","19100824",",2,6","7.8","2,6,26,","","","0",",,6,31,+","25.9",",,6,18,","37.8","2,6,24,","0.8","6","0.8","2,6","111.2",",,,6","0",",,,6","25.21","2,6","33.19","2,,,6","17.22","2,,,6"
"USC00295056","1910-09","35.36667","-103.41667","1168.0","LOGAN, NM US","791.4","6","117.9","3,6","1",",6","1",",6","0",",6","","","0",",6","0","3,6","0","3,6","0","3,6","27","3,6","15","3,6","","","19100927",",3,6","","","19100930","+,,6","","","19100922",",,6","19100911","+,3,6","6.1","3,6,27,","","","0",",,6,30,+","3.8",",,6,22,","36.7","3,6,11,+","1.4","6","0.6","3,6","3.8",",,,6","0",",,,6","22.68","3,6","31.68","3,,,6","13.67","3,,,6"
"USC00295056","1910-10","35.36667","-103.41667","1168.0","LOGAN, NM US","","","","","2",",6","1",",6","0",",6","","","0",",6","0","5,6","2","5,6","","","","","","","","","19101021",",5,6","","","19101020",",,6","","","19101020",",,6","","","-5.6","5,6,21,","","","0",",T,6,20,","4.1",",,6,20,","","","","","","","6.1",",,,6","0",",T,,6","","","","","5.67","5,,,6"
"USC00295056","1910-11","35.36667","-103.41667","1168.0","LOGAN, NM US","","","","","0",",6","0",",6","0",",6","","","0",",6","","","","","","","","","","","","","","","","","19101130","+,,6","","","19101130","+,,6","","","","","","","0",",,6,30,+","0.0",",,6,30,+","","","","","","","0.0",",,,6","0",",,,6","","","","","",""
"USC00295056","1910-12","35.36667","-103.41667","1168.0","LOGAN, NM US","","","0.0","5,6","0",",6","0",",6","0",",6","","","0",",6","0","5,6","25","5,6","0","5,6","1","5,6","0","5,6","","","19101223","+,5,6","","","19101231","+,,6","","","19101231","+,,6","19101204",",5,6","-12.8","5,6,23,+","","","0",",,6,31,+","0.0",",,6,31,+","21.7","5,6,04,","","","405.9","5,6","0.0",",,,6","0",",,,6","2.72","5,6","12.41","5,,,6","-6.97","5,,,6"
"USC00295056","1911-01","35.36667","-103.41667","1168.0","LOGAN, NM US","0.0","6","0.0","4,6","1",",6","1",",6","0",",6","","","1",",6","2","4,6","14","4,6","2","3,6","13","3,6","0","3,6","","","19110103",",4,6","","","19110101",",,6","","","19110101",",,6","19110131",",3,6","-30.6","4,6,03,","","","38",",,6,01,","5.3",",,6,01,","25.6","3,6,31,","","","314.3","3,6","5.3",",,,6","38",",,,6","6.80","4,6","15.25","3,,,6","-1.65","4,,,6"
"USC00295056","1911-02","35.36667","-103.41667","1168.0","LOGAN, NM US","0.0","6","0.0","4,6","4",",6","4",",6","0",",6","","","3",",6","1","4,6","19","4,6","7","3,6","6","3,6","0","3,6","","","19110222",",4,6","","","19110228","+,,6","","","19110228",",,6","19110214","+,3,6","-18.3","4,6,22,","","","102",",,6,28,+","18.3",",,6,28,","22.8","3,6,14,+","","","371.6","3,6","30.9",",,,6","242",",,,6","3.05","4,6","11.26","3,,,6","-5.15","4,,,6"
"USC00295056","1911-03","35.36667","-103.41667","1168.0","LOGAN, NM US","0.0","6","0.0","5,6","1",",6","0",",6","0",",6","","","0",",6","0","5,6","14","5,6","0","5,6","13","5,6","0","5,6","","","19110301",",5,6","","","19110331","+,,6","","","19110321",",,6","19110310",",5,6","-15.6","5,6,01,","","","0",",,6,31,+","1.8",",,6,21,","28.9","5,6,10,","","","212.9","5,6","1.8",",,,6","0",",,,6","10.15","5,6","19.98","5,,,6","0.31","5,,,6"
"USC00295056","1911-04","35.36667","-103.41667","1168.0","LOGAN, NM US","","","","","25","5,6","24","5,6","0","5,6","","","0",",6","","","","","","","","","","","","","","","","","19110430","+,,6","","","19110422",",5,6","","","","","","","0",",,6,30,+","20.3","5,,6,22,","","","","","","","389.2","5,,,6","0",",,,6","","","","","",""
"USC00295056","1911-05","35.36667","-103.41667","1168.0","LOGAN, NM US","","","","","4",",6","3",",6","1",",6","","","0",",6","","","","","0","5,6","24","5,6","5","5,6","","","","","","","19110531","+,,6","","","19110529",",,6","19110526",",5,6","","","","","0",",,6,31,+","87.9",",,6,29,","35.0","5,6,26,","","","","","114.4",",,,6","0",",,,6","","","29.12","5,,,6","",""
"USC00295056","1911-06","35.36667","-103.41667","1168.0","LOGAN, NM US","","","","","1",",6","1",",6","0",",6","","","0",",6","","","","","","","","","","","","","","","","","19110630","+,,6","","","19110628",",,6","","","","","","","0",",,6,30,+","11.9",",,6,28,","","","","","","","11.9",",,,6","0",",,,6","","","","","",""
"USC00295056","1911-07","35.36667","-103.41667","1168.0","LOGAN, NM US","","","197.4","3,6","9",",6","9",",6","2",",6","","","0",",6","0","3,6","0","3,6","0","3,6","28","3,6","21","3,6","","","19110725",",3,6","","","19110731","+,,6","","","19110719",",,6","19110705",",3,6","15.0","3,6,25,","","","0",",,6,31,+","56.9",",,6,19,","36.7","3,6,05,","0.0","6","0.0","3,6","140.7",",,,6","0",",,,6","25.38","3,6","32.88","3,,,6","17.89","3,,,6"
"USC00295056","1911-08","35.36667","-103.41667","1168.0","LOGAN, NM US","","","218.9","3,6","4",",6","4",",6","2",",6","","","0",",6","0","2,6","0","2,6","0","3,6","27","3,6","21","3,6","","","19110823","+,2,6","","","19110831","+,,6","","","19110823",",,6","19110821","+,3,6","11.7","2,6,23,+","","","0",",,6,31,+","46.5",",,6,23,","40.0","3,6,21,+","4.2","6","4.2","3,6","99.1",",,,6","0",",,,6","25.97","3,6","35.18","3,,,6","16.77","2,,,6"
"USC00295056","1911-09","35.36667","-103.41667","1168.0","LOGAN, NM US","","","139.4","4,6","4",",6","4",",6","1",",6","","","0",",6","0","4,6","0","4,6","0","4,6","26","4,6","16","4,6","","","19110921",",4,6","","","19110930","+,,6","","","19110909",",,6","19110903",",4,6","8.9","4,6,21,","","","0",",,6,30,+","89.7",",,6,09,","35.0","4,6,03,","4.2","6","0.0","4,6","99.3",",,,6","0",",,,6","23.70","4,6","32.02","4,,,6","15.37","4,,,6"
"USC00295056","1911-10","35.36667","-103.41667","1168.0","LOGAN, NM US","","","26.2","2,6","4",",6","4",",6","0",",6","","","1",",6","0","2,6","7","2,6","0","2,6","18","2,6","1","2,6","","","19111022",",2,6","","","19111021",",,6","","","19111021",",,6","19111002",",2,6","-2.8","2,6,22,","","","76",",,6,21,","17.3",",,6,21,","32.8","2,6,02,","159.3","6","155.1","2,6","46.1",",,,6","76",",,,6","13.89","2,6","22.22","2,,,6","5.56","2,,,6"
"USC00295056","1911-11","35.36667","-103.41667","1168.0","LOGAN, NM US","","","0.0","4,6","1",",6","1",",6","0",",6","","","1",",6","0","4,6","22","4,6","1","4,6","6","4,6","0","4,6","","","19111129",",4,6","","","19111102",",,6","","","19111102",",,6","19111110",",4,6","-14.4","4,6,29,","","","51",",,6,02,","5.8",",,6,02,","23.3","4,6,10,","492.6","6","333.3","4,6","5.8",",,,6","51",",,,6","5.51","4,6","16.19","4,,,6","-5.17","4,,,6"
"USC00295056","1911-12","35.36667","-103.41667","1168.0","LOGAN, NM US","","","0.0","4,6","2",",6","2",",6","0",",6","","","2",",6","3","4,6","27","4,6","4","3,6","0","3,6","0","3,6","","","19111227",",4,6","","","19111219",",,6","","","19111219",",,6","19111204",",3,6","-20.6","4,6,27,","","","178",",,6,19,","14.0",",,6,19,","17.8","3,6,04,","1049.9","6","557.3","3,6","17.0",",,,6","216",",,,6","-2.22","4,6","6.14","3,,,6","-10.59","4,,,6"
"USC00295056","1912-01","35.36667","-103.41667","1168.0","LOGAN, NM US","0.0","6","0.0",",6","0",",6","0",",6","0",",6","","","0",",6","2",",6","30",",6","2",",6","2",",6","0",",6","","","19120112",",,6","","","19120131","+,,6","","","19120131","+,,6","19120126",",,6","-18.9",",6,12,","","","0",",,6,31,+","0.0",",,6,31,+","23.9",",6,26,","1582.8","6","532.9",",6","0.0",",,,6","0",",,,6","1.14",",6","10.72",",,,6","-8.43",",,,6"
"USC00295056","1912-02","35.36667","-103.41667","1168.0","LOGAN, NM US","0.0","6","0.0","3,6","3",",6","2",",6","1",",6","","","2",",6","0","3,6","21","3,6","2","2,6","1","2,6","0","2,6","","","19120204",",3,6","","","19120225",",,6","","","19120225",",,6","19120218",",2,6","-15.0","3,6,04,","","","457",",,6,25,","50.8",",,6,25,","23.3","2,6,18,","2000.3","6","417.5","2,6","55.9",",,,6","508",",,,6","2.29","3,6","10.39","2,,,6","-5.81","3,,,6"
"USC00295056","1912-03","35.36667","-103.41667","1168.0","LOGAN, NM US","0.0","6","0.0","2,6","3",",6","3",",6","0",",6","","","2",",6","0","1,6","25","1,6","0","2,6","6","2,6","0","2,6","","","19120313",",1,6","","","19120323",",,6","","","19120323",",,6","19120318",",2,6","-11.7","1,6,13,","","","36",",,6,23,","7.4",",,6,23,","27.2","2,6,18,","2384.2","6","383.9","2,6","17.5",",,,6","61",",,,6","4.98","2,6","13.79","2,,,6","-3.83","1,,,6"
"USC00295056","1912-04","35.36667","-103.41667","1168.0","LOGAN, NM US","1.7","6","1.7","1,6","3",",6","3",",6","0",",6","","","0",",6","0","1,6","4","1,6","0","1,6","17","1,6","0","1,6","","","19120402",",1,6","","","19120430","+,,6","","","19120428",",,6","19120430",",1,6","-1.7","1,6,02,","","","0",",,6,30,+","12.7",",,6,28,","31.1","1,6,30,","2564.0","6","179.8","1,6","24.9",",,,6","0",",,,6","12.19","1,6","21.18","1,,,6","3.20","1,,,6"
"USC00295056","1912-05","35.36667","-103.41667","1168.0","LOGAN, NM US","65.9","6","64.2","2,6","4",",6","3",",6","1",",6","","","0",",6","0","2,6","0","2,6","0","2,6","26","2,6","12","2,6","","","19120506",",2,6","","","19120531","+,,6","","","19120513",",,6","19120527","+,2,6","1.1","2,6,06,","","","0",",,6,31,+","26.4",",,6,13,","35.6","2,6,27,+","2614.8","6","50.8","2,6","40.3",",,,6","0",",,,6","18.79","2,6","27.95","2,,,6","9.64","2,,,6"
"USC00295056","1912-06","35.36667","-103.41667","1168.0","LOGAN, NM US","163.1","6","97.2","3,6","5",",6","4",",6","0",",6","","","0",",6","0","3,6","0","3,6","0","3,6","27","3,6","13","3,6","","","19120601",",3,6","","","19120630","+,,6","","","19120610",",,6","19120603",",3,6","5.6","3,6,01,","","","0",",,6,30,+","18.0",",,6,10,","36.7","3,6,03,","2625.6","6","10.8","3,6","45.7",",,,6","0",",,,6","21.54","3,6","30.35","3,,,6","12.72","3,,,6"
"USC00295056","1912-07","35.36667","-103.41667","1168.0","LOGAN, NM US","375.3","6","212.2","4,6","6",",6","6",",6","2",",6","","","0",",6","0","4,6","0","4,6","0","4,6","27","4,6","25","4,6","","","19120706","+,4,6","","","19120731","+,,6","","","19120720",",,6","19120709",",4,6","13.3","4,6,06,+","","","0",",,6,31,+","36.6",",,6,20,","38.9","4,6,09,","0.0","6","0.0","4,6","99.1",",,,6","0",",,,6","26.19","4,6","35.11","4,,,6","17.27","4,,,6"
"USC00295056","1912-08","35.36667","-103.41667","1168.0","LOGAN, NM US","572.3","6","197.0","1,6","6",",6","6",",6","2",",6","","","0",",6","0","1,6","0","1,6","0","1,6","30","1,6","19","1,6","","","19120809",",1,6","","","19120831","+,,6","","","19120821",",,6","19120810",",1,6","12.8","1,6,09,","","","0",",,6,31,+","46.0",",,6,21,","37.8","1,6,10,","0.0","6","0.0","1,6","106.9",",,,6","0",",,,6","24.90","1,6","32.91","1,,,6","16.89","1,,,6"
"USC00295056","1912-09","35.36667","-103.41667","1168.0","LOGAN, NM US","643.9","6","71.6","3,6","2",",6","2",",6","0",",6","","","0",",6","0","3,6","1","3,6","0","3,6","22","3,6","10","3,6","","","19120926",",3,6","","","19120930","+,,6","","","19120912",",,6","19120902",",3,6","-0.6","3,6,26,","","","0",",,6,30,+","14.0",",,6,12,","35.6","3,6,02,","49.1","6","49.1","3,6","21.6",",,,6","0",",,,6","19.17","3,6","27.53","3,,,6","10.80","3,,,6"
"USC00295056","1912-10","35.36667","-103.41667","1168.0","LOGAN, NM US","648.9","6","5.0",",6","1",",6","0",",6","0",",6","","","0",",6","0",",6","4",",6","0",",6","28",",6","0",",6","","","19121022",",,6","","","19121031","+,,6","","","19121031",",,6","19121005",",,6","-3.9",",6,22,","","","0",",,6,31,+","2.0",",,6,31,","30.0",",6,05,","168.3","6","119.2",",6","2.0",",,,6","0",",,,6","14.65",",6","25.31",",,,6","3.99",",,,6"
"USC00295056","1912-11","35.36667","-103.41667","1168.0","LOGAN, NM US","648.9","6","0.0","4,6","0",",6","0",",6","0",",6","","","0",",6","0","4,6","20","4,6","0","4,6","11","4,6","0","4,6","","","19121127",",4,6","","","19121130","+,,6","","","19121130","+,,6","19121108",",4,6","-13.3","4,6,27,","","","0",",,6,30,+","0.0",",,6,30,+","28.3","4,6,08,","454.7","6","286.4","4,6","0.0",",,,6","0",",,,6","7.32","4,6","18.80","4,,,6","-4.17","4,,,6"
"USC00295056","1912-12","35.36667","-103.41667","1168.0","LOGAN, NM US","648.9","6","0.0","2,6","2",",6","1",",6","0",",6","","","1",",6","2","2,6","28","2,6","1","2,6","0","2,6","0","2,6","","","19121207",",2,6","","","19121206",",,6","","","19121206",",,6","19121214",",2,6","-18.9","2,6,07,","","","102",",,6,06,","6.9",",,6,06,","18.3","2,6,14,","949.7","6","495.0","2,6","8.9",",,,6","102",",,,6","1.26","2,6","11.30","2,,,6","-8.77","2,,,6"
"USC00295056","1913-01","35.36667","-103.41667","1168.0","LOGAN, NM US","0.0","6","0.0",",6","1",",6","1",",6","0",",6","","","1",",6","3",",6","30",",6","4",",6","0",",6","0",",6","","","19130108",",,6","","","19130106",",,6","","","19130106",",,6","19130131","+,,6","-27.8",",6,08,","","","71",",,6,06,","3.8",",,6,06,","20.0",",6,31,+","1503.6","6","553.9",",6","3.8",",,,6","71",",,,6","0.47",",6","11.37",",,,6","-10.44",",,,6"
"USC00295056","1913-02","35.36667","-103.41667","1168.0","LOGAN, NM US","0.0","6","0.0","1,6","3",",6","2",",6","0",",6","","","3",",6","0",",6","26",",6","3","1,6","3","1,6","0","1,6","","","19130208",",,6","","","19130203",",,6","","","19130203",",,6","19130217",",1,6","-14.4",",6,08,","","","76",",,6,03,","6.9",",,6,03,","23.9","1,6,17,","1931.9","6","428.3","1,6","11.5",",,,6","152",",,,6","2.51","1,6","11.31","1,,,6","-6.29",",,,6"
"USC00295056","1913-03","35.36667","-103.41667","1168.0","LOGAN, NM US","","","","","1",",6","1",",6","0",",6","","","1",",6","","","","","","","","","","","","","","","","","19130326",",,6","","","19130326",",,6","","","","","","","51",",,6,26,","3.3",",,6,26,","","","","","","","3.3",",,,6","51",",,,6","","","","","",""
"USC00295056","1913-04","35.36667","-103.41667","1168.0","LOGAN, NM US","","","0.6","1,6","3",",6","3",",6","1",",6","","","0",",6","0","1,6","10","1,6","0","1,6","22","1,6","0","1,6","","","19130411",",1,6","","","19130430","+,,6","","","19130421",",,6","19130429","+,1,6","-6.7","1,6,11,","","","0",",,6,30,+","35.6",",,6,21,","31.1","1,6,29,+","","","158.8","1,6","76.0",",,,6","0",",,,6","12.88","1,6","24.45","1,,,6","1.31","1,,,6"
"USC00295056","1913-05","35.36667","-103.41667","1168.0","LOGAN, NM US","","","69.0","2,6","2",",6","1",",6","1",",6","","","0",",6","0",",6","0",",6","0","2,6","29","2,6","16","2,6","","","19130517","+,,6","","","19130531","+,,6","","","19130527",",,6","19130525",",2,6","3.3",",6,17,+","","","0",",,6,31,+","29.5",",,6,27,","36.1","2,6,25,","","","19.2","2,6","31.8",",,,6","0",",,,6","19.94","2,6","30.89","2,,,6","8.99",",,,6"
"USC00295056","1913-06","35.36667","-103.41667","1168.0","LOGAN, NM US","","","130.9",",6","3",",6","3",",6","1",",6","","","0",",6","0",",6","0",",6","0",",6","30",",6","18",",6","","","19130607",",,6","","","19130630","+,,6","","","19130619",",,6","19130629","+,,6","8.3",",6,07,","","","0",",,6,30,+","53.3",",,6,19,","35.6",",6,29,+","","","3.4",",6","80.8",",,,6","0",",,,6","22.58",",6","31.09",",,,6","14.08",",,,6"
"USC00295056","1913-07","35.36667","-103.41667","1168.0","LOGAN, NM US","","","286.0",",6","1",",6","1",",6","0",",6","","","0",",6","0",",6","0",",6","0",",6","31",",6","31",",6","","","19130724",",,6","","","19130731","+,,6","","","19130720",",,6","19130713",",,6","14.4",",6,24,","","","0",",,6,31,+","2.5",",,6,20,","42.2",",6,13,","0.0","6","0.0",",6","2.5",",,,6","0",",,,6","27.56",",6","37.00",",,,6","18.12",",,,6"
"USC00295056","1913-08","35.36667","-103.41667","1168.0","LOGAN, NM US","","","268.6",",6","3",",6","3",",6","0",",6","","","0",",6","0",",6","0",",6","0",",6","31",",6","31",",6","","","19130804",",,6","","","19130831","+,,6","","","19130822","+,,6","19130814","+,,6","11.1",",6,04,","","","0",",,6,31,+","11.2",",,6,22,+","40.0",",6,14,+","0.0","6","0.0",",6","32.3",",,,6","0",",,,6","27.00",",6","37.43",",,,6","16.56",",,,6"
"USC00295056","1913-09","35.36667","-103.41667","1168.0","LOGAN, NM US","","","","","4",",6","4",",6","0",",6","","","0",",6","","","","","","","","","","","","","","","","","19130930","+,,6","","","19130924",",,6","","","","","","","0",",,6,30,+","22.9",",,6,24,","","","","","","","43.6",",,,6","0",",,,6","","","","","",""
"USC00295056","1913-10","35.36667","-103.41667","1168.0","LOGAN, NM US","","","","","2",",6","2",",6","0",",6","","","1",",6","","","","","","","","","","","","","","","","","19131026",",,6","","","19131002",",,6","","","","","","","51",",,6,26,","4.3",",,6,02,","","","","","","","8.4",",,,6","51",",,,6","","","","","",""
"USC00295056","1913-11","35.36667","-103.41667","1168.0","LOGAN, NM US","","","0.0","2,6","4",",6","4",",6","0",",6","","","0",",6","0","1,6","10","1,6","0","1,6","13","1,6","0","1,6","","","19131124",",1,6","","","19131104",",,6","","","19131104",",,6","19131106",",1,6","-5.0","1,6,24,","","","5",",,6,04,","10.2",",,6,04,","31.1","1,6,06,","","","195.5","1,6","31.3",",,,6","5",",,,6","11.18","2,6","20.16","1,,,6","2.20","1,,,6"
"USC00295056","1913-12","35.36667","-103.41667","1168.0","LOGAN, NM US","","","0.0","1,6","4","1,6","4","1,6","0","1,6","","","1",",6","0","1,6","24","1,6","3","1,6","0","1,6","0","1,6","","","19131223",",1,6","","","19131222",",,6","","","19131204",",1,6","19131214","+,1,6","-16.7","1,6,23,","","","64",",,6,22,","20.3","1,,6,04,","11.7","1,6,14,+","","","523.7","1,6","40.9","1,,,6","64",",,,6","0.88","1,6","7.33","1,,,6","-5.58","1,,,6"
"USC00295056","1914-01","35.36667","-103.41667","1168.0","LOGAN, NM US","0.0","6","0.0","1,6","0",",6","0",",6","0",",6","","","0",",6","0",",6","23",",6","0","1,6","6","1,6","0","1,6","","","19140130",",,6","","","19140131","+,,6","","","19140131","+,,6","19140126","+,1,6","-12.2",",6,30,","","","0",",,6,31,+","0.0",",,6,31,+","23.9","1,6,26,+","","","345.4","1,6","0.0",",,,6","0",",,,6","6.78","1,6","16.54","1,,,6","-2.98",",,,6"
"USC00295056","1914-02","35.36667","-103.41667","1168.0","LOGAN, NM US","0.0","6","0.0",",6","0",",6","0",",6","0",",6","","","0",",6","0",",6","25",",6","0",",6","4",",6","0",",6","","","19140207",",,6","","","19140227",",,6","","","19140227",",,6","19140221",",,6","-17.2",",6,07,","","","0",",T,6,27,","0.0",",T,6,27,","23.9",",6,21,","","","421.7",",6","0.0",",T,,6","0",",T,,6","3.27",",6","15.06",",,,6","-8.51",",,,6"
"USC00295056","1914-03","35.36667","-103.41667","1168.0","LOGAN, NM US","0.0","6","0.0","1,6","0",",6","0",",6","0",",6","","","0",",6","0","1,6","30","1,6","0",",6","14",",6","0",",6","","","19140321","+,1,6","","","19140321","+,,6","","","19140321","+,,6","19140327",",,6","-9.4","1,6,21,+","","","0",",T,6,21,+","0.0",",T,6,21,+","30.0",",6,27,","","","328.4",",6","0.0",",T,,6","0",",T,,6","7.39","1,6","20.09",",,,6","-5.32","1,,,6"
"USC00295056","1914-04","35.36667","-103.41667","1168.0","LOGAN, NM US","2.5","6","2.5","2,6","4",",6","1",",6","1",",6","","","0",",6","0","2,6","7","2,6","0",",6","19",",6","2",",6","","","19140408",",2,6","","","19140408",",,6","","","19140430",",,6","19140421",",,6","-5.6","2,6,08,","","","13",",,6,08,","50.8",",,6,30,","32.8",",6,21,","","","169.9",",6","53.6",",,,6","13",",,,6","11.93","2,6","21.42",",,,6","2.44","2,,,6"
"USC00295056","1914-05","35.36667","-103.41667","1168.0","LOGAN, NM US","","","","","","","","","","","","","0",",6","","","","","","","","","","","","","","","","","19140531","+,,6","","","","","","","","","","","0",",,6,31,+","","","","","","","","","","","0",",,,6","","","","","",""
"USC00295056","1914-06","35.36667","-103.41667","1168.0","LOGAN, NM US","","","","","4",",6","3",",6","1",",6","","","0",",6","0","5,6","0","5,6","","","","","","","","","19140628",",5,6","","","19140630","+,,6","","","19140612",",,6","","","12.2","5,6,28,","","","0",",,6,30,+","29.7",",,6,12,","","","","","","","57.1",",,,6","0",",,,6","","","","","15.87","5,,,6"
"USC00295056","1914-07","35.36667","-103.41667","1168.0","LOGAN, NM US","","","153.0","3,6","9",",6","9",",6","1",",6","","","0",",6","0","3,6","0","3,6","0","3,6","28","3,6","15","3,6","","","19140701",",3,6","","","19140731","+,,6","","","19140701",",,6","19140716","+,3,6","13.9","3,6,01,","","","0",",,6,31,+","38.9",",,6,01,","36.7","3,6,16,+","0.0","6","0.0","3,6","119.6",",,,6","0",",,,6","23.80","3,6","30.81","3,,,6","16.78","3,,,6"
"USC00295056","1914-08","35.36667","-103.41667","1168.0","LOGAN, NM US","","","131.2","3,6","5",",6","4",",6","0",",6","","","0",",6","0","3,6","0","3,6","0","3,6","28","3,6","10","3,6","","","19140828",",3,6","","","19140831","+,,6","","","19140810",",,6","19140818",",3,6","7.2","3,6,28,","","","0",",,6,31,+","24.9",",,6,10,","36.7","3,6,18,","0.0","6","0.0","3,6","57.6",",,,6","0",",,,6","23.02","3,6","31.55","3,,,6","14.49","3,,,6"
"USC00295056","1914-09","35.36667","-103.41667","1168.0","LOGAN, NM US","","","","","2",",6","2",",6","0",",6","","","0",",6","","","","","","","","","","","","","","","","","19140930","+,,6","","","19140912",",,6","","","","","","","0",",,6,30,+","16.5",",,6,12,","","","","","","","19.0",",,,6","0",",,,6","","","","","",""
"USC00295056","1914-10","35.36667","-103.41667","1168.0","LOGAN, NM US","","","","","3",",6","3",",6","2",",6","","","0",",6","","","","","","","","","","","","","","","","","19141031","+,,6","","","19141022",",,6","","","","","","","0",",,6,31,+","40.6",",,6,22,","","","","","","","72.3",",,,6","0",",,,6","","","","","",""
"USC00295056","1914-11","35.36667","-103.41667","1168.0","LOGAN, NM US","","","","","0",",6","0",",6","0",",6","","","0",",6","","","","","","","","","","","","","","","","","19141130","+,,6","","","19141130","+,,6","","","","","","","0",",,6,30,+","0.0",",,6,30,+","","","","","","","0.0",",,,6","0",",,,6","","","","","",""
"USC00295056","1914-12","35.36667","-103.41667","1168.0","LOGAN, NM US","","","","","2",",6","2",",6","0",",6","","","2",",6","","","","","","","","","","","","","","","","","19141226","+,,6","","","19141219",",,6","","","","","","","64",",,6,26,+","10.2",",,6,19,","","","","","","","15.8",",,,6","128",",,,6","","","","","",""
"USC00295056","1915-01","35.36667","-103.41667","1168.0","LOGAN, NM US","0.0","6","0.0","3,6","1",",6","1",",6","0",",6","","","1",",6","0","3,6","27","3,6","2","3,6","0","3,6","0","3,6","","","19150118",",3,6","","","19150115",",,6","","","19150115",",,6","19150129",",3,6","-15.6","3,6,18,","","","51",",,6,15,","4.6",",,6,15,","17.8","3,6,29,","","","485.0","3,6","4.6",",,,6","51",",,,6","1.01","3,6","9.75","3,,,6","-7.73","3,,,6"
"USC00295056","1915-02","35.36667","-103.41667","1168.0","LOGAN, NM US","","","","","3",",6","2",",6","0",",6","","","1",",6","","","","","","","","","","","","","","","","","19150220",",,6","","","19150220",",,6","","","","","","","64",",,6,20,","13.5",",,6,20,","","","","","","","21.4",",,,6","77",",,,6","","","","","",""
"USC00295056","1915-03","35.36667","-103.41667","1168.0","LOGAN, NM US","","","","","4",",6","2",",6","0",",6","","","3",",6","","","","","","","","","","","1","","","","","","19150303",",,6","","","19150303",",,6","","","","","","","64",",,6,03,","7.9",",,6,03,","","","","","","","15.3",",,,6","153",",,,6","","","","","",""
"USC00295056","1915-06","35.36667","-103.41667","1168.0","LOGAN, NM US","","","","","2",",6","2",",6","1",",6","","","0",",6","","","","","","","","","","","","","","","","","19150630","+,,6","","","19150625",",,6","","","","","","","0",",,6,30,+","30.5",",,6,25,","","","","","","","33.0",",,,6","0",",,,6","","","","","",""
"USC00295056","1915-07","35.36667","-103.41667","1168.0","LOGAN, NM US","","","","","3",",6","3",",6","1",",6","","","0",",6","","","","","","","","","","","","","","","","","19150731","+,,6","","","19150720",",,6","","","","","","","0",",,6,31,+","50.8",",,6,20,","","","","","","","85.6",",,,6","0",",,,6","","","","","",""
"USC00295056","1915-08","35.36667","-103.41667","1168.0","LOGAN, NM US","","","","","4",",6","4",",6","1",",6","","","0",",6","","","","","","","","","","","","","","","","","19150831","+,,6","","","19150815",",,6","","","","","","","0",",,6,31,+","25.4",",,6,15,","","","","","","","73.2",",,,6","0",",,,6","","","","","",""
"USC00295056","1915-09","35.36667","-103.41667","1168.0","LOGAN, NM US","","","88.7","2,6","4",",6","4",",6","1",",6","","","0",",6","0","2,6","0","2,6","0","2,6","28","2,6","14","2,6","","","19150930",",2,6","","","19150930","+,,6","","","19150924",",,6","19150910",",2,6","4.4","2,6,30,","","","0",",,6,30,+","31.8",",,6,24,","36.1","2,6,10,","","","9.2","2,6","63.7",",,,6","0",",,,6","21.18","2,6","31.03","2,,,6","11.32","2,,,6"
"USC00295056","1915-10","35.36667","-103.41667","1168.0","LOGAN, NM US","","","0.0","4,6","1",",6","1",",6","0",",6","","","0",",6","0","4,6","4","4,6","0","4,6","26","4,6","0","4,6","","","19151028",",4,6","","","19151031","+,,6","","","19151014",",,6","19151011","+,4,6","-1.7","4,6,28,","","","0",",,6,31,+","15.2",",,6,14,","30.0","4,6,11,+","","","96.1","4,6","15.2",",,,6","0",",,,6","14.77","4,6","25.88","4,,,6","3.67","4,,,6"
"USC00295056","1915-11","35.36667","-103.41667","1168.0","LOGAN, NM US","","","0.0","1,6","0",",6","0",",6","0",",6","","","0",",6","0","1,6","22","1,6","0","1,6","21","1,6","0","1,6","","","19151115","+,1,6","","","19151130","+,,6","","","19151130","+,,6","19151105",",1,6","-12.2","1,6,15,+","","","0",",,6,30,+","0.0",",,6,30,+","29.4","1,6,05,","","","249.0","1,6","0.0",",,,6","0",",,,6","9.75","1,6","23.13","1,,,6","-3.64","1,,,6"
"USC00295056","1915-12","35.36667","-103.41667","1168.0","LOGAN, NM US","","","0.0",",6","1",",6","1",",6","0",",6","","","1",",6","2",",6","27",",6","1",",6","5",",6","0",",6","","","19151227",",,6","","","19151226",",,6","","","19151226",",,6","19151212","+,,6","-23.3",",6,27,","","","51",",,6,26,","4.6",",,6,26,","22.2",",6,12,+","","","471.7",",6","4.6",",,,6","51",",,,6","3.12",",6","13.73",",,,6","-7.49",",,,6"
"USC00295056","1916-01","35.36667","-103.41667","1168.0","LOGAN, NM US","","","","","3",",6","3",",6","0",",6","","","2",",6","","","","","","","","","","","","","","","","","19160117",",,6","","","19160120",",,6","","","","","","","102",",,6,17,","20.3",",,6,20,","","","","","","","32.0",",,,6","153",",,,6","","","","","",""
"USC00295056","1916-02","35.36667","-103.41667","1168.0","LOGAN, NM US","","","","","0",",6","0",",6","0",",6","","","0",",6","","","","","","","","","","","","","","","","","19160229","+,,6","","","19160229","+,,6","","","","","","","0",",,6,29,+","0.0",",,6,29,+","","","","","","","0.0",",,,6","0",",,,6","","","","","",""
"USC00295056","1916-04","35.36667","-103.41667","1168.0","LOGAN, NM US","","","","","2",",6","2",",6","1",",6","","","0",",6","","","","","","","","","","","","","","","","","19160430","+,,6","","","19160414",",,6","","","","","","","0",",,6,30,+","45.7",",,6,14,","","","","","","","51.5",",,,6","0",",,,6","","","","","",""
"USC00295056","1916-05","35.36667","-103.41667","1168.0","LOGAN, NM US","","","","","1",",6","0",",6","0",",6","","","0",",6","","","","","","","","","","","","","","","","","19160531","+,,6","","","19160502",",,6","","","","","","","0",",,6,31,+","1.3",",,6,02,","","","","","","","1.3",",,,6","0",",,,6","","","","","",""
"USC00295056","1916-06","35.36667","-103.41667","1168.0","LOGAN, NM US","","","","","2",",6","2",",6","1",",6","","","0",",6","","","","","","","","","","","","","","","","","19160630","+,,6","","","19160604",",,6","","","","","","","0",",,6,30,+","38.1",",,6,04,","","","","","","","45.0",",,,6","0",",,,6","","","","","",""
"USC00295056","1916-07","35.36667","-103.41667","1168.0","LOGAN, NM US","","","189.5","5,6","4",",6","3",",6","0",",6","","","0",",6","0","4,6","0","4,6","0","3,6","28","3,6","24","3,6","","","19160705",",4,6","","","19160731","+,,6","","","19160728",",,6","19160723",",3,6","11.7","4,6,05,","","","0",",,6,31,+","17.3",",,6,28,","37.8","3,6,23,","0.0","6","0.0","3,6","28.5",",,,6","0",",,,6","25.68","5,6","34.10","3,,,6","17.26","4,,,6"
"USC00295056","1916-08","35.36667","-103.41667","1168.0","LOGAN, NM US","","","","","3",",6","3",",6","1",",6","","","0",",6","","","","","","","","","","","","","","","","","19160831","+,,6","","","19160820",",,6","","","","","","","0",",,6,31,+","55.9",",,6,20,","","","","","","","82.8",",,,6","0",",,,6","","","","","",""
"USC00295056","1916-09","35.36667","-103.41667","1168.0","LOGAN, NM US","","","","","1",",6","1",",6","0",",6","","","0",",6","","","","","","","","","","","","","","","","","19160930","+,,6","","","19160902",",,6","","","","","","","0",",,6,30,+","14.0",",,6,02,","","","","","","","14.0",",,,6","0",",,,6","","","","","",""
"USC00295056","1916-11","35.36667","-103.41667","1168.0","LOGAN, NM US","","","","","2",",6","2",",6","0",",6","","","1",",6","","","","","","","","","","","","","","","","","19161121",",,6","","","19161121",",,6","","","","","","","76",",,6,21,","6.1",",,6,21,","","","","","","","10.4",",,,6","76",",,,6","","","","","",""
"USC00295056","1916-12","35.36667","-103.41667","1168.0","LOGAN, NM US","","","0.0","4,6","1",",6","1",",6","0",",6","","","","","0","4,6","23","4,6","0","3,6","4","3,6","0","3,6","","","19161208",",4,6","","","","","","","19161230",",,6","19161204",",3,6","-16.1","4,6,08,","","","","","7.1",",,6,30,","23.9","3,6,04,","","","347.1","3,6","7.1",",,,6","","","5.45","4,6","17.41","3,,,6","-6.50","4,,,6"
"USC00295056","1917-01","35.36667","-103.41667","1168.0","LOGAN, NM US","0.0","6","0.0","2,6","2",",6","1",",6","0",",6","","","2",",6","0","1,6","26","1,6","0","1,6","2","1,6","0","1,6","","","19170117",",1,6","","","19170114",",,6","","","19170114",",,6","19170131","+,1,6","-15.6","1,6,17,","","","51",",,6,14,","4.1",",,6,14,","21.1","1,6,31,+","","","355.8","1,6","5.9",",,,6","76",",,,6","6.04","2,6","16.96","1,,,6","-4.88","1,,,6"
"USC00295056","1917-02","35.36667","-103.41667","1168.0","LOGAN, NM US","0.0","6","0.0","1,6","","","","","","","","","","","0","1,6","27","1,6","0",",6","5",",6","0",",6","","","19170202","+,1,6","","","","","","","","","19170226",",,6","-15.0","1,6,02,+","","","","","","","23.3",",6,26,","","","334.2",",6","","","","","5.84","1,6","18.86",",,,6","-7.18","1,,,6"
"USC00295056","1917-03","35.36667","-103.41667","1168.0","LOGAN, NM US","0.0","6","0.0","1,6","","","","","","","","","","","0",",6","23",",6","0","1,6","24","1,6","0","1,6","","","19170304",",,6","","","","","","","","","19170330",",1,6","-17.2",",6,04,","","","","","","","28.3","1,6,30,","","","260.3","1,6","","","","","9.58","1,6","22.26","1,,,6","-3.10",",,,6"
"USC00295056","1917-04","35.36667","-103.41667","1168.0","LOGAN, NM US","12.0","6","12.0","1,6","1",",6","1",",6","0",",6","","","0",",6","0",",6","8",",6","0","1,6","22","1,6","0","1,6","","","19170404",",,6","","","19170430","+,,6","","","19170430",",,6","19170426",",1,6","-6.7",",6,04,","","","0",",,6,30,+","3.6",",,6,30,","31.7","1,6,26,","","","136.9","1,6","3.6",",,,6","0",",,,6","14.04","1,6","23.78","1,,,6","4.29",",,,6"
"USC00295056","1917-05","35.36667","-103.41667","1168.0","LOGAN, NM US","32.1","6","20.1","2,6","2",",6","2",",6","1",",6","","","1",",6","0","1,6","1","1,6","0","1,6","26","1,6","2","1,6","","","19170507",",1,6","","","19170506",",,6","","","19170506",",,6","19170520","+,1,6","-2.8","1,6,07,","","","51",",,6,06,","28.2",",,6,06,","32.2","1,6,20,+","","","43.8","1,6","39.6",",,,6","51",",,,6","17.35","2,6","27.72","1,,,6","6.98","1,,,6"
"USC00295056","1917-06","35.36667","-103.41667","1168.0","LOGAN, NM US","150.6","6","118.5",",6","2",",6","2",",6","0",",6","","","0",",6","0",",6","0",",6","0",",6","30",",6","25",",6","","","19170622","+,,6","","","19170630","+,,6","","","19170601",",,6","19170630","+,,6","4.4",",6,22,+","","","0",",,6,30,+","10.2",",,6,01,","37.8",",6,30,+","","","2.6",",6","17.8",",,,6","0",",,,6","22.20",",6","35.29",",,,6","9.11",",,,6"
"USC00295056","1917-07","35.36667","-103.41667","1168.0","LOGAN, NM US","407.9","6","257.3","2,6","2",",6","2",",6","1",",6","","","0",",6","0","2,6","0","2,6","0","2,6","29","2,6","28","2,6","","","19170701",",2,6","","","19170731","+,,6","","","19170702",",,6","19170714",",2,6","13.3","2,6,01,","","","0",",,6,31,+","50.8",",,6,02,","40.0","2,6,14,","0.0","6","0.0","2,6","63.5",",,,6","0",",,,6","27.21","2,6","36.24","2,,,6","18.17","2,,,6"
"USC00295056","1917-08","35.36667","-103.41667","1168.0","LOGAN, NM US","652.3","6","244.4","3,6","7",",6","7",",6","2",",6","","","0",",6","0","3,6","0","3,6","0","3,6","28","3,6","28","3,6","","","19170829",",3,6","","","19170831","+,,6","","","19170815",",,6","19170808",",3,6","11.1","3,6,29,","","","0",",,6,31,+","38.1",",,6,15,","38.3","3,6,08,","0.0","6","0.0","3,6","111.1",",,,6","0",",,,6","27.06","3,6","36.52","3,,,6","17.60","3,,,6"
"USC00295056","1917-09","35.36667","-103.41667","1168.0","LOGAN, NM US","783.2","6","130.9","2,6","1",",6","1",",6","1",",6","","","0",",6","0","2,6","1","2,6","0",",6","30",",6","30",",6","","","19170927",",2,6","","","19170930","+,,6","","","19170911",",,6","19170912",",,6","0.0","2,6,27,","","","0",",,6,30,+","25.4",",,6,11,","37.2",",6,12,","2.5","6","2.5",",6","25.4",",,,6","0",",,,6","22.91","2,6","34.36",",,,6","11.47","2,,,6"
"USC00295056","1917-10","35.36667","-103.41667","1168.0","LOGAN, NM US","821.8","6","38.6",",6","0",",6","0",",6","0",",6","","","0",",6","0",",6","9",",6","0",",6","31",",6","15",",6","","","19171030","+,,6","","","19171031","+,,6","","","19171031","+,,6","19171005",",,6","-10.0",",6,30,+","","","0",",,6,31,+","0.0",",,6,31,+","35.0",",6,05,","70.6","6","68.1",",6","0.0",",,,6","0",",,,6","17.38",",6","30.35",",,,6","4.41",",,,6"
"USC00295056","1917-11","35.36667","-103.41667","1168.0","LOGAN, NM US","821.8","6","0.0",",6","1",",6","1",",6","0",",6","","","0",",6","0",",6","24",",6","0",",6","30",",6","0",",6","","","19171128","+,,6","","","19171130","+,,6","","","19171116",",,6","19171116","+,,6","-6.1",",6,28,+","","","0",",,6,30,+","18.5",",,6,16,","28.3",",6,16,+","257.6","6","187.0",",6","18.5",",,,6","0",",,,6","12.10",",6","26.02",",,,6","-1.82",",,,6"
"USC00295056","1917-12","35.36667","-103.41667","1168.0","LOGAN, NM US","","","","","0",",6","0",",6","0",",6","","","0",",6","","","","","","","","","","","","","","","","","19171231","+,,6","","","19171231","+,,6","","","","","","","0",",,6,31,+","0.0",",,6,31,+","","","","","","","0.0",",,,6","0",",,,6","","","","","",""
"USC00295056","1918-01","35.36667","-103.41667","1168.0","LOGAN, NM US","","","","","","","","","","","","","","","","","","","4","4,6","4","4,6","0","4,6","","","","","","","","","","","","","19180103",",4,6","","","","","","","","","23.3","4,6,03,","","","","","","","","","","","10.89","4,,,6","",""
"USC00295056","1918-04","35.36667","-103.41667","1168.0","LOGAN, NM US","","","0.0","1,6","1",",6","1",",6","1",",6","","","0",",6","0",",6","7",",6","0","1,6","20","1,6","0","1,6","","","19180421","+,,6","","","19180430","+,,6","","","19180408",",,6","19180426",",1,6","-3.3",",6,21,+","","","0",",,6,30,+","27.9",",,6,08,","29.4","1,6,26,","","","172.4","1,6","27.9",",,,6","0",",,,6","12.36","1,6","21.88","1,,,6","2.84",",,,6"
"USC00295056","1918-05","35.36667","-103.41667","1168.0","LOGAN, NM US","","","","","3",",6","3",",6","1",",6","","","0",",6","","","","","","","","","","","","","","","","","19180531","+,,6","","","19180529",",,6","","","","","","","0",",,6,31,+","32.5",",,6,29,","","","","","","","41.4",",,,6","0",",,,6","","","","","",""
"USC00295056","1918-06","35.36667","-103.41667","1168.0","LOGAN, NM US","","","","","5",",6","5",",6","0",",6","","","0",",6","","","","","","","","","","","","","","","","","19180630","+,,6","","","19180622",",,6","","","","","","","0",",,6,30,+","8.4",",,6,22,","","","","","","","25.1",",,,6","0",",,,6","","","","","",""
"USC00295056","1918-07","35.36667","-103.41667","1168.0","LOGAN, NM US","","","196.1","5,6","7",",6","7",",6","1",",6","","","0",",6","0","4,6","0","4,6","0","5,6","26","5,6","22","5,6","","","19180715","+,4,6","","","19180731","+,,6","","","19180709",",,6","19180702",",5,6","16.1","4,6,15,+","","","0",",,6,31,+","50.8",",,6,09,","36.7","5,6,02,","0.0","","0.0","5,6","111.0",",,,6","0",",,,6","25.98","5,6","33.57","5,,,6","18.40","4,,,6"
"USC00295056","1918-08","35.36667","-103.41667","1168.0","LOGAN, NM US","","","","","2",",6","2",",6","0",",6","","","0",",6","","","","","","","","","","","","","","","","","19180831","+,,6","","","19180807",",,6","","","","","","","0",",,6,31,+","17.8",",,6,07,","","","","","","","32.3",",,,6","0",",,,6","","","","","",""
"USC00295056","1919-04","35.36667","-103.41667","1168.0","LOGAN, NM US","","","17.2","3,6","8",",6","6",",6","1",",6","","","2",",6","0","2,6","4","2,6","0","2,6","13","2,6","2","2,6","","","19190410",",2,6","","","19190409",",,6","","","19190424",",,6","19190422",",2,6","-5.0","2,6,10,","","","203",",,6,09,","42.7",",,6,24,","32.8","2,6,22,","","","163.3","2,6","101.8",",,,6","228",",,,6","12.67","3,6","19.19","2,,,6","6.15","2,,,6"
"USC00295056","1919-05","35.36667","-103.41667","1168.0","LOGAN, NM US","","","21.7",",6","9",",6","6",",6","0",",6","","","0",",6","0",",6","0",",6","0",",6","27",",6","0",",6","","","19190507",",,6","","","19190523","+,,6","","","19190524",",,6","19190531","+,,6","4.4",",6,07,","","","0",",T,6,23,+","21.1",",,6,24,","31.1",",6,31,+","","","45.3",",6","73.0",",,,6","0",",T,,6","17.57",",6","25.11",",,,6","10.03",",,,6"
"USC00295056","1919-06","35.36667","-103.41667","1168.0","LOGAN, NM US","","","92.3",",6","7",",6","5",",6","2",",6","","","0",",6","0",",6","0",",6","0",",6","28",",6","5",",6","","","19190602",",,6","","","19190630","+,,6","","","19190614",",,6","19190624",",,6","1.7",",6,02,","","","0",",,6,30,+","48.8",",,6,14,","33.3",",6,24,","","","30.0",",6","89.1",",,,6","0",",,,6","20.41",",6","27.98",",,,6","12.84",",,,6"
"USC00295056","1919-07","35.36667","-103.41667","1168.0","LOGAN, NM US","","","185.7",",6","9",",6","7",",6","2",",6","","","0",",6","0",",6","0",",6","0",",6","31",",6","14",",6","","","19190723",",,6","","","19190731","+,,6","","","19190719",",,6","19190713",",,6","13.3",",6,23,","","","0",",,6,31,+","57.2",",,6,19,","36.7",",6,13,","0.0","","0.0",",6","155.8",",,,6","0",",,,6","24.32",",6","31.38",",,,6","17.27",",,,6"
"USC00295056","1919-08","35.36667","-103.41667","1168.0","LOGAN, NM US","","","211.5",",6","4",",6","3",",6","1",",6","","","0",",6","0",",6","0",",6","0",",6","31",",6","28",",6","","","19190829","+,,6","","","19190831","+,,6","","","19190807",",,6","19190814","+,,6","12.8",",6,29,+","","","0",",,6,31,+","28.7",",,6,07,","36.7",",6,14,+","0.0","","0.0",",6","47.5",",,,6","0",",,,6","25.15",",6","34.18",",,,6","16.13",",,,6"
"USC00295056","1919-09","35.36667","-103.41667","1168.0","LOGAN, NM US","","","139.0",",6","2",",6","2",",6","2",",6","","","0",",6","0",",6","0",",6","0",",6","28",",6","15",",6","","","19190922",",,6","","","19190930","+,,6","","","19190916",",,6","19190904","+,,6","5.6",",6,22,","","","0",",,6,30,+","52.1",",,6,16,","36.1",",6,04,+","14.4","","14.4",",6","83.3",",,,6","0",",,,6","22.49",",6","30.78",",,,6","14.20",",,,6"
"USC00295056","1919-10","35.36667","-103.41667","1168.0","LOGAN, NM US","","","2.5",",6","3",",6","3",",6","0",",6","","","0",",6","0",",6","2",",6","0",",6","28",",6","0",",6","","","19191028",",,6","","","19191031","+,,6","","","19191013",",,6","19191001",",,6","-2.8",",6,28,","","","0",",,6,31,+","24.9",",,6,13,","31.1",",6,01,","123.3","","108.9",",6","48.0",",,,6","0",",,,6","14.90",",6","24.03",",,,6","5.77",",,,6"
"USC00295056","1919-11","35.36667","-103.41667","1168.0","LOGAN, NM US","","","0.0","1,6","6",",6","5",",6","0",",6","","","2",",6","0",",6","16",",6","0","1,6","16","1,6","0","1,6","","","19191128",",,6","","","19191129","+,,6","","","19191108",",,6","19191104","+,1,6","-12.8",",6,28,","","","51",",,6,29,+","8.4",",,6,08,","25.0","1,6,04,+","404.3","","281.0","1,6","25.4",",,,6","102",",,,6","8.64","1,6","19.82","1,,,6","-2.54",",,,6"
"USC00295056","1920-01","35.36667","-103.41667","1168.0","LOGAN, NM US","0.0","6","0.0","2,6","2",",6","1",",6","0",",6","","","1",",6","0",",6","30",",6","0","2,6","5","2,6","0","2,6","","","19200109",",,6","","","19200107",",,6","","","19200107",",,6","19200121",",2,6","-16.7",",6,09,","","","64",",,6,07,","4.6",",,6,07,","25.0","2,6,21,","","","388.0","2,6","5.1",",,,6","77",",,,6","4.99","2,6","16.33","2,,,6","-6.35",",,,6"
"USC00295056","1920-02","35.36667","-103.41667","1168.0","LOGAN, NM US","0.0","6","0.0",",6","4",",6","3",",6","0",",6","","","2",",6","0",",6","22",",6","0",",6","9",",6","0",",6","","","19200229",",,6","","","19200213","+,,6","","","19200204",",,6","19200224","+,,6","-7.8",",6,29,","","","25",",,6,13,+","4.1",",,6,04,","25.6",",6,24,+","","","300.9",",6","12.5",",,,6","50",",,,6","7.96",",6","18.05",",,,6","-2.13",",,,6"
"USC00295056","1920-03","35.36667","-103.41667","1168.0","LOGAN, NM US","0.0","6","0.0",",6","0",",6","0",",6","0",",6","","","0",",6","0",",6","17",",6","0",",6","18",",6","0",",6","","","19200308","+,,6","","","19200303",",,6","","","19200303",",,6","19200315",",,6","-12.2",",6,08,+","","","0",",T,6,03,","0.0",",T,6,03,","25.6",",6,15,","","","270.5",",6","0.0",",T,,6","0",",T,,6","9.61",",6","20.95",",,,6","-1.74",",,,6"
"USC00295056","1920-04","35.36667","-103.41667","1168.0","LOGAN, NM US","0.0","6","0.0",",6","4",",6","3",",6","0",",6","","","0",",6","0",",6","9",",6","0",",6","24",",6","0",",6","","","19200404",",,6","","","19200403",",,6","","","19200418",",,6","19200429",",,6","-11.1",",6,04,","","","0",",T,6,03,","4.6",",,6,18,","30.0",",6,29,","","","160.1",",6","12.2",",,,6","0",",T,,6","13.00",",6","24.49",",,,6","1.51",",,,6"
"USC00295056","1920-05","35.36667","-103.41667","1168.0","LOGAN, NM US","54.9","6","54.9",",6","7",",6","7",",6","0",",6","","","0",",6","0",",6","0",",6","0",",6","28",",6","3",",6","","","19200515",",,6","","","19200531","+,,6","","","19200514",",,6","19200531",",,6","4.4",",6,15,","","","0",",,6,31,+","21.6",",,6,14,","35.0",",6,31,","","","33.4",",6","69.7",",,,6","0",",,,6","19.03",",6","27.97",",,,6","10.09",",,,6"
"USC00295056","1920-06","35.36667","-103.41667","1168.0","LOGAN, NM US","195.0","6","140.1",",6","6",",6","5",",6","0",",6","","","0",",6","0",",6","0",",6","0",",6","30",",6","13",",6","","","19200618",",,6","","","19200630","+,,6","","","19200611",",,6","19200623",",,6","10.0",",6,18,","","","0",",,6,30,+","16.8",",,6,11,","36.7",",6,23,","","","0.0",",6","58.6",",,,6","0",",,,6","23.00",",6","31.24",",,,6","14.76",",,,6"
"USC00295056","1920-07","35.36667","-103.41667","1168.0","LOGAN, NM US","384.5","6","189.5",",6","9",",6","7",",6","0",",6","","","0",",6","0",",6","0",",6","0",",6","31",",6","19",",6","","","19200731",",,6","","","19200731","+,,6","","","19200718",",,6","19200724",",,6","10.0",",6,31,","","","0",",,6,31,+","18.5",",,6,18,","37.8",",6,24,","1.6","6","1.6",",6","78.9",",,,6","0",",,,6","24.39",",6","33.00",",,,6","15.78",",,,6"
"USC00295056","1920-08","35.36667","-103.41667","1168.0","LOGAN, NM US","509.7","6","125.2","1,6","5",",6","4",",6","1",",6","","","0",",6","0",",6","0",",6","0","1,6","30","1,6","11","1,6","","","19200829","+,,6","","","19200831","+,,6","","","19200811",",,6","19200801",",1,6","10.0",",6,29,+","","","0",",,6,31,+","61.0",",,6,11,","36.7","1,6,01,","1.6","6","0.0","1,6","96.5",",,,6","0",",,,6","22.49","1,6","31.19","1,,,6","13.79",",,,6"
"USC00295056","1920-09","35.36667","-103.41667","1168.0","LOGAN, NM US","597.8","6","88.1",",6","3",",6","2",",6","1",",6","","","0",",6","0",",6","0",",6","0",",6","30",",6","10",",6","","","19200926",",,6","","","19200930","+,,6","","","19200902",",,6","19200919",",,6","3.9",",6,26,","","","0",",,6,30,+","32.3",",,6,02,","35.6",",6,19,","6.9","6","5.3",",6","52.9",",,,6","0",",,,6","21.09",",6","30.36",",,,6","11.83",",,,6"
"USC00295056","1920-10","35.36667","-103.41667","1168.0","LOGAN, NM US","611.2","6","13.4","1,6","5",",6","5",",6","1",",6","","","0",",6","0",",6","2",",6","0","1,6","19","1,6","3","1,6","","","19201027",",,6","","","19201031","+,,6","","","19201029",",,6","19201009",",1,6","-1.1",",6,27,","","","0",",,6,31,+","50.8",",,6,29,","32.8","1,6,09,","122.7","6","115.8","1,6","92.4",",,,6","0",",,,6","14.90","1,6","24.23","1,,,6","5.57",",,,6"
"USC00295056","1920-11","35.36667","-103.41667","1168.0","LOGAN, NM US","611.2","6","0.0",",6","1",",6","1",",6","0",",6","","","0",",6","0",",6","23",",6","1",",6","4",",6","0",",6","","","19201128",",,6","","","19201130","+,,6","","","19201106",",,6","19201119","+,,6","-9.4",",6,28,","","","0",",,6,30,+","4.6",",,6,06,","26.7",",6,19,+","492.2","6","369.5",",6","4.6",",,,6","0",",,,6","6.02",",6","14.79",",,,6","-2.76",",,,6"
"USC00295056","1920-12","35.36667","-103.41667","1168.0","LOGAN, NM US","611.2","6","0.0",",6","2",",6","2",",6","0",",6","","","2",",6","0",",6","29",",6","0",",6","4",",6","0",",6","","","19201224",",,6","","","19201226","+,,6","","","19201226",",,6","19201202","+,,6","-16.7",",6,24,","","","51",",,6,26,+","4.1",",,6,26,","22.2",",6,02,+","964.1","6","471.9",",6","7.7",",,,6","102",",,,6","3.11",",6","13.34",",,,6","-7.12",",,,6"
"USC00295056","1921-01","35.36667","-103.41667","1168.0","LOGAN, NM US","0.0","","0.0","1,6","4",",6","3",",6","0",",6","","","0",",6","0","1,6","23","1,6","0",",6","2",",6","0",",6","","","19210111",",1,6","","","19210111",",,6","","","19210120",",,6","19210105","+,,6","-14.4","1,6,11,","","","13",",,6,11,","10.2",",,6,20,","22.8",",6,05,+","1385.0","","420.9",",6","26.5",",,,6","13",",,,6","4.40","1,6","12.87",",,,6","-4.06","1,,,6"
"USC00295056","1921-02","35.36667","-103.41667","1168.0","LOGAN, NM US","0.0","","0.0",",6","2",",6","2",",6","0",",6","","","2",",6","0",",6","24",",6","1",",6","4",",6","0",",6","","","19210219",",,6","","","19210207",",,6","","","19210207",",,6","19210225",",,6","-9.4",",6,19,","","","127",",,6,07,","8.9",",,6,07,","26.7",",6,25,","1743.3","","358.3",",6","11.4",",,,6","157",",,,6","5.54",",6","14.53",",,,6","-3.45",",,,6"
"USC00295056","1921-03","35.36667","-103.41667","1168.0","LOGAN, NM US","0.0","","0.0","5,6","5",",6","5",",6","0",",6","","","2",",6","0",",6","14",",6","0","5,6","14","5,6","0","5,6","","","19210326","+,,6","","","19210325","+,,6","","","19210319",",,6","19210314",",5,6","-8.9",",6,26,+","","","51",",,6,25,+","15.2",",,6,19,","28.9","5,6,14,","1964.2","","220.9","5,6","45.9",",,,6","102",",,,6","9.81","5,6","19.21","5,,,6","0.41",",,,6"
"USC00295056","1922-04","35.36667","-103.41667","1168.0","LOGAN, NM US","","","1.4",",6","8",",6","5",",6","1",",6","","","0",",6","0",",6","7",",6","0",",6","20",",6","0",",6","","","19220419",",,6","","","19220430","+,,6","","","19220424",",,6","19220423",",,6","-3.3",",6,19,","","","0",",,6,30,+","33.0",",,6,24,","27.2",",6,23,","","","157.5",",6","61.6",",,,6","0",",,,6","13.13",",6","21.46",",,,6","4.80",",,,6"
"USC00295056","1922-05","35.36667","-103.41667","1168.0","LOGAN, NM US","","","27.9","1,6","9",",6","6",",6","0",",6","","","0",",6","0",",6","0",",6","0","1,6","28","1,6","3","1,6","","","19220513",",,6","","","19220531","+,,6","","","19220507",",,6","19220526","+,1,6","3.9",",6,13,","","","0",",,6,31,+","22.6",",,6,07,","33.3","1,6,26,+","","","36.2","1,6","56.2",",,,6","0",",,,6","18.05","1,6","26.44","1,,,6","9.67",",,,6"
"USC00295056","1922-06","35.36667","-103.41667","1168.0","LOGAN, NM US","","","143.4",",6","10",",6","8",",6","1",",6","","","0",",6","0",",6","0",",6","0",",6","30",",6","14",",6","","","19220603",",,6","","","19220630","+,,6","","","19220617",",,6","19220610",",,6","8.9",",6,03,","","","0",",,6,30,+","30.7",",,6,17,","40.0",",6,10,","","","8.1",",6","97.3",",,,6","0",",,,6","22.84",",6","30.13",",,,6","15.56",",,,6"
"USC00295056","1922-07","35.36667","-103.41667","1168.0","LOGAN, NM US","","","200.2",",6","6",",6","4",",6","0",",6","","","0",",6","0",",6","0",",6","0",",6","31",",6","20",",6","","","19220703",",,6","","","19220731","+,,6","","","19220712",",,6","19220720","+,,6","13.9",",6,03,","","","0",",,6,31,+","7.9",",,6,12,","38.3",",6,20,+","0.5","6","0.5",",6","23.1",",,,6","0",",,,6","24.77",",6","32.73",",,,6","16.82",",,,6"
"USC00295056","1922-08","35.36667","-103.41667","1168.0","LOGAN, NM US","","","212.5","1,6","4",",6","3",",6","0",",6","","","0",",6","0",",6","0",",6","0","1,6","30","1,6","17","1,6","","","19220819","+,,6","","","19220831","+,,6","","","19220807",",,6","19220825","+,1,6","15.6",",6,19,+","","","0",",,6,31,+","21.6",",,6,07,","39.4","1,6,25,+","0.5","6","0.0","1,6","36.6",",,,6","0",",,,6","25.37","1,6","32.66","1,,,6","18.08",",,,6"
"USC00295056","1922-09","35.36667","-103.41667","1168.0","LOGAN, NM US","","","64.8","2,6","4",",6","2",",6","0",",6","","","0",",6","0",",6","0",",6","0","2,6","28","2,6","8","2,6","","","19220911","+,,6","","","19220930","+,,6","","","19220908",",,6","19220901",",2,6","7.2",",6,11,+","","","0",",,6,30,+","4.3",",,6,08,","38.3","2,6,01,","21.0","6","20.5","2,6","10.2",",,,6","0",",,,6","19.98","2,6","26.90","2,,,6","13.05",",,,6"
"USC00295056","1922-10","35.36667","-103.41667","1168.0","LOGAN, NM US","","","2.0",",6","1",",6","1",",6","0",",6","","","0",",6","0",",6","14",",6","0",",6","25",",6","0",",6","","","19221029",",,6","","","19221031","+,,6","","","19221015",",,6","19221008",",,6","-4.4",",6,29,","","","0",",,6,31,+","2.5",",,6,15,","30.6",",6,08,","193.9","6","172.9",",6","2.5",",,,6","0",",,,6","12.82",",6","24.19",",,,6","1.45",",,,6"
"USC00295056","1922-11","35.36667","-103.41667","1168.0","LOGAN, NM US","","","","","3",",6","3",",6","0",",6","","","1",",6","","","","","","","","","","","","","","","","","19221123",",,6","","","19221124",",,6","","","","","","","25",",,6,23,","17.5",",,6,24,","","","","","","","23.1",",,,6","38",",,,6","","","","","",""
"USC00295056","1922-12","35.36667","-103.41667","1168.0","LOGAN, NM US","","","0.0",",6","0",",6","0",",6","0",",6","","","0",",6","0",",6","29",",6","1",",6","3",",6","0",",6","","","19221218",",,6","","","19221231","+,,6","","","19221231","+,,6","19221228",",,6","-13.9",",6,18,","","","0",",,6,31,+","0.0",",,6,31,+","25.0",",6,28,","","","432.3",",6","0.0",",,,6","0",",,,6","4.39",",6","15.18",",,,6","-6.41",",,,6"
"USC00295056","1923-01","35.36667","-103.41667","1168.0","LOGAN, NM US","0.0","6","0.0","1,6","0",",6","0",",6","0",",6","","","0",",6","0",",6","25",",6","0","1,6","5","1,6","0","1,6","","","19230127","+,,6","","","19230131","+,,6","","","19230131","+,,6","19230117",",1,6","-11.7",",6,27,+","","","0",",,6,31,+","0.0",",,6,31,+","25.0","1,6,17,","","","373.8","1,6","0.0",",,,6","0",",,,6","5.84","1,6","15.92","1,,,6","-4.24",",,,6"
"USC00295056","1923-02","35.36667","-103.41667","1168.0","LOGAN, NM US","0.0","6","0.0",",6","4",",6","2",",6","0",",6","","","1",",6","0",",6","20",",6","1",",6","0",",6","0",",6","","","19230204",",,6","","","19230226",",,6","","","19230223",",,6","19230220",",,6","-15.6",",6,04,","","","51",",,6,26,","16.5",",,6,23,","17.2",",6,20,","","","463.0",",6","24.9",",,,6","87",",,,6","1.80",",6","9.09",",,,6","-5.49",",,,6"
"USC00295056","1923-03","35.36667","-103.41667","1168.0","LOGAN, NM US","0.0","6","0.0","1,6","4",",6","3",",6","0",",6","","","2",",6","0",",6","18",",6","0","1,6","0","1,6","0","1,6","","","19230312",",,6","","","19230310",",,6","","","19230310",",,6","19230308","+,1,6","-6.1",",6,12,","","","102",",,6,10,","18.3",",,6,10,","20.6","1,6,08,+","","","386.6","1,6","37.4",",,,6","132",",,,6","5.45","1,6","11.23","1,,,6","-0.33",",,,6"
"USC00295056","1923-04","35.36667","-103.41667","1168.0","LOGAN, NM US","0.3","6","0.3",",6","10",",6","8",",6","2",",6","","","0",",6","0",",6","1",",6","0",",6","13",",6","0",",6","","","19230421",",,6","","","19230430","+,,6","","","19230426",",,6","19230405",",,6","0.0",",6,21,","","","0",",,6,30,+","35.6",",,6,26,","26.1",",6,05,","","","180.1",",6","109.4",",,,6","0",",,,6","12.34",",6","19.10",",,,6","5.58",",,,6"
"USC00295056","1923-05","35.36667","-103.41667","1168.0","LOGAN, NM US","64.4","6","64.1",",6","4",",6","1",",6","0",",6","","","0",",6","0",",6","0",",6","0",",6","25",",6","7",",6","","","19230516",",,6","","","19230531","+,,6","","","19230514",",,6","19230520",",,6","0.6",",6,16,","","","0",",,6,31,+","13.5",",,6,14,","35.6",",6,20,","","","48.1",",6","17.5",",,,6","0",",,,6","18.85",",6","26.80",",,,6","10.91",",,,6"
"USC00295056","1923-06","35.36667","-103.41667","1168.0","LOGAN, NM US","245.9","6","181.5",",6","12",",6","6",",6","0",",6","","","0",",6","0",",6","0",",6","0",",6","29",",6","17",",6","","","19230608","+,,6","","","19230630","+,,6","","","19230607","+,,6","19230626",",,6","10.6",",6,08,+","","","0",",,6,30,+","19.1",",,6,07,+","37.2",",6,26,","","","5.2",",6","86.5",",,,6","0",",,,6","24.21",",6","31.14",",,,6","17.28",",,,6"
"USC00295056","1923-07","35.36667","-103.41667","1168.0","LOGAN, NM US","","","","","4",",6","0",",6","0",",6","","","0",",6","","","","","","","","","","","","","","","","","19230731","+,,6","","","19230708",",,6","","","","","","","0",",,6,31,+","2.0",",,6,08,","","","","","","","3.6",",,,6","0",",,,6","","","","","",""
"USC00295056","1923-08","35.36667","-103.41667","1168.0","LOGAN, NM US","","","","","7",",6","7",",6","2",",6","","","0",",6","","","","","","","","","","","","","","","","","19230831","+,,6","","","19230817",",,6","","","","","","","0",",,6,31,+","52.8",",,6,17,","","","","","","","122.2",",,,6","0",",,,6","","","","","",""
"USC00295056","1923-09","35.36667","-103.41667","1168.0","LOGAN, NM US","","","58.1","2,6","8",",6","4",",6","1",",6","","","0",",6","0","2,6","0","2,6","0",",6","29",",6","2",",6","","","19230928",",2,6","","","19230930","+,,6","","","19230915",",,6","19230925","+,,6","5.0","2,6,28,","","","0",",,6,30,+","30.5",",,6,15,","32.2",",6,25,+","","","12.9",",6","65.0",",,,6","0",",,,6","19.98","2,6","28.43",",,,6","11.53","2,,,6"
"USC00295056","1923-10","35.36667","-103.41667","1168.0","LOGAN, NM US","","","2.5","2,6","10",",6","9",",6","3",",6","","","0",",6","0","2,6","4","2,6","0",",6","10",",6","0",",6","","","19231031","+,2,6","","","19231026",",,6","","","19231009",",,6","19231007","+,,6","-1.7","2,6,31,+","","","0",",T,6,26,","39.4",",,6,09,","26.7",",6,07,+","","","181.3",",6","159.0",",,,6","0",",T,,6","12.16","2,6","18.57",",,,6","5.75","2,,,6"
"USC00295056","1923-11","35.36667","-103.41667","1168.0","LOGAN, NM US","","","0.0","2,6","5",",6","5",",6","0",",6","","","1",",6","0","1,6","22","1,6","3","1,6","2","1,6","0","1,6","","","19231129",",1,6","","","19231128",",,6","","","19231128",",,6","19231109",",1,6","-15.0","1,6,29,","","","152",",,6,28,","21.6",",,6,28,","21.7","1,6,09,","","","345.7","1,6","54.6",",,,6","152",",,,6","5.84","2,6","14.04","1,,,6","-2.37","1,,,6"
"USC00295056","1923-12","35.36667","-103.41667","1168.0","LOGAN, NM US","","","0.0",",6","4",",6","3",",6","1",",6","","","3",",6","2",",6","30",",6","5",",6","1",",6","0",",6","","","19231214",",,6","","","19231211",",,6","","","19231211",",,6","19231208",",,6","-21.1",",6,14,","","","191",",,6,11,","30.2",",,6,11,","21.7",",6,08,","","","550.1",",6","48.8",",,,6","381",",,,6","0.59",",6","7.65",",,,6","-6.47",",,,6"
"USC00295056","1924-01","35.36667","-103.41667","1168.0","LOGAN, NM US","0.0","6","0.0","1,6","0",",6","0",",6","0",",6","","","0",",6","0","1,6","29","1,6","2",",6","0",",6","0",",6","","","19240121",",1,6","","","19240112",",,6","","","19240112",",,6","19240131",",,6","-13.9","1,6,21,","","","0",",T,6,12,","0.0",",T,6,12,","18.3",",6,31,","","","509.4",",6","0.0",",T,,6","0",",T,,6","1.07","1,6","9.74",",,,6","-7.60","1,,,6"
"USC00295056","1924-02","35.36667","-103.41667","1168.0","LOGAN, NM US","0.0","6","0.0","1,6","1",",6","0",",6","0",",6","","","0",",6","0","1,6","26","1,6","1",",6","9",",6","0",",6","","","19240226",",1,6","","","19240210",",,6","","","19240210",",,6","19240215",",,6","-11.7","1,6,26,","","","13",",,6,10,","1.3",",,6,10,","25.0",",6,15,","","","361.8",",6","1.3",",,,6","13",",,,6","5.33","1,6","14.84",",,,6","-4.19","1,,,6"
"USC00295056","1924-03","35.36667","-103.41667","1168.0","LOGAN, NM US","0.0","6","0.0","1,6","7",",6","3",",6","0",",6","","","1",",6","0","1,6","27","1,6","1",",6","5",",6","0",",6","","","19240309",",1,6","","","19240313",",,6","","","19240322",",,6","19240327",",,6","-12.8","1,6,09,","","","38",",,6,13,","11.9",",,6,22,","24.4",",6,27,","","","432.8",",6","29.7",",,,6","77",",,,6","3.91","1,6","12.01",",,,6","-4.19","1,,,6"
"USC00295056","1924-04","35.36667","-103.41667","1168.0","LOGAN, NM US","0.3","6","0.3",",6","6",",6","3",",6","0",",6","","","1",",6","0",",6","5",",6","0",",6","21",",6","0",",6","","","19240417",",,6","","","19240417",",,6","","","19240425","+,,6","19240424",",,6","-2.2",",6,17,","","","25",",,6,17,","7.6",",,6,25,+","28.9",",6,24,","","","150.2",",6","20.1",",,,6","25",",,,6","13.34",",6","21.97",",,,6","4.70",",,,6"
"USC00295056","1924-05","35.36667","-103.41667","1168.0","LOGAN, NM US","22.2","6","21.9",",6","8",",6","6",",6","0",",6","","","0",",6","0",",6","0",",6","0",",6","26",",6","3",",6","","","19240502",",,6","","","19240531","+,,6","","","19240530",",,6","19240520",",,6","3.9",",6,02,","","","0",",,6,31,+","19.1",",,6,30,","33.3",",6,20,","","","83.7",",6","62.0",",,,6","0",",,,6","16.34",",6","24.86",",,,6","7.82",",,,6"
"USC00295056","1924-06","35.36667","-103.41667","1168.0","LOGAN, NM US","238.3","6","216.1",",6","7",",6","5",",6","1",",6","","","0",",6","0",",6","0",",6","0",",6","30",",6","24",",6","","","19240611","+,,6","","","19240630","+,,6","","","19240630",",,6","19240628",",,6","7.8",",6,11,+","","","0",",,6,30,+","30.7",",,6,30,","41.1",",6,28,","","","1.1",",6","69.8",",,,6","0",",,,6","25.50",",6","35.13",",,,6","15.87",",,,6"
"USC00295056","1924-07","35.36667","-103.41667","1168.0","LOGAN, NM US","433.8","6","195.5",",6","2",",6","2",",6","0",",6","","","0",",6","0",",6","0",",6","0",",6","31",",6","19",",6","","","19240726","+,,6","","","19240731","+,,6","","","19240702",",,6","19240720",",,6","12.2",",6,26,+","","","0",",,6,31,+","13.2",",,6,02,","38.9",",6,20,","1.1","6","1.1",",6","15.7",",,,6","0",",,,6","24.60",",6","32.83",",,,6","16.38",",,,6"
"USC00295056","1924-08","35.36667","-103.41667","1168.0","LOGAN, NM US","657.8","6","224.0",",6","10",",6","6",",6","0",",6","","","0",",6","0",",6","0",",6","0",",6","31",",6","24",",6","","","19240809",",,6","","","19240831","+,,6","","","19240814",",,6","19240804",",,6","12.8",",6,09,","","","0",",,6,31,+","20.1",",,6,14,","39.4",",6,04,","1.1","6","0.0",",6","71.2",",,,6","0",",,,6","25.56",",6","34.08",",,,6","17.04",",,,6"
"USC00295056","1924-09","35.36667","-103.41667","1168.0","LOGAN, NM US","742.4","6","84.6","1,6","2",",6","2",",6","1",",6","","","0",",6","0","1,6","1","1,6","0",",6","28",",6","13",",6","","","19240928",",1,6","","","19240930","+,,6","","","19240902",",,6","19240906",",,6","0.0","1,6,28,","","","0",",,6,30,+","46.7",",,6,02,","34.4",",6,06,","36.9","6","35.8",",6","60.2",",,,6","0",",,,6","19.93","1,6","29.40",",,,6","10.46","1,,,6"
"USC00295056","1924-11","35.36667","-103.41667","1168.0","LOGAN, NM US","","","0.0","2,6","3",",6","1",",6","0",",6","","","0",",6","0","2,6","15","2,6","0",",6","16",",6","0",",6","","","19241127",",2,6","","","19241130","+,,6","","","19241115",",,6","19241123","+,,6","-10.6","2,6,27,","","","0",",,6,30,+","3.8",",,6,15,","26.7",",6,23,+","","","262.4",",6","5.4",",,,6","0",",,,6","8.98","2,6","19.47",",,,6","-1.51","2,,,6"
"USC00295056","1924-12","35.36667","-103.41667","1168.0","LOGAN, NM US","","","0.0","5,6","3",",6","3",",6","0",",6","","","2",",6","8","4,6","27","4,6","7","1,6","1","1,6","0","1,6","","","19241226",",4,6","","","19241210",",,6","","","19241224",",,6","19241216",",1,6","-24.4","4,6,26,","","","51",",,6,10,","7.6",",,6,24,","21.1","1,6,16,","","","532.2","1,6","17.2",",,,6","76",",,,6","-2.06","5,6","7.40","1,,,6","-11.51","4,,,6"
"USC00295056","1925-01","35.36667","-103.41667","1168.0","LOGAN, NM US","0.0","6","0.0",",6","3",",6","0",",6","0",",6","","","1",",6","3",",6","31",",6","4",",6","0",",6","0",",6","","","19250127","+,,6","","","19250127",",,6","","","19250127",",,6","19250131",",,6","-17.8",",6,27,+","","","38",",,6,27,","2.0",",,6,27,","20.0",",6,31,","","","567.6",",6","4.8",",,,6","38",",,,6","0.02",",6","10.18",",,,6","-10.13",",,,6"
"USC00295056","1925-02","35.36667","-103.41667","1168.0","LOGAN, NM US","0.0","6","0.0",",6","1",",6","1",",6","0",",6","","","0",",6","0",",6","25",",6","0",",6","10",",6","0",",6","","","19250227",",,6","","","19250208",",,6","","","19250208",",,6","19250204",",,6","-12.8",",6,27,","","","13",",,6,08,","5.1",",,6,08,","24.4",",6,04,","","","333.4",",6","5.1",",,,6","13",",,,6","6.43",",6","18.25",",,,6","-5.39",",,,6"
"USC00295056","1925-03","35.36667","-103.41667","1168.0","LOGAN, NM US","0.0","6","0.0","2,6","1",",6","0",",6","0",",6","","","0",",6","0","1,6","18","1,6","0","2,6","15","2,6","0","2,6","","","19250301",",1,6","","","19250314",",,6","","","19250328",",,6","19250308",",2,6","-9.4","1,6,01,","","","0",",T,6,14,","1.0",",,6,28,","28.3","2,6,08,","","","244.6","2,6","1.0",",,,6","0",",T,,6","9.84","2,6","21.42","2,,,6","-1.74","1,,,6"
"USC00295056","1925-04","35.36667","-103.41667","1168.0","LOGAN, NM US","2.1","6","2.1",",6","2",",6","1",",6","0",",6","","","0",",6","0",",6","3",",6","0",",6","29",",6","0",",6","","","19250407",",,6","","","19250430","+,,6","","","19250422",",,6","19250413",",,6","-3.9",",6,07,","","","0",",,6,30,+","18.3",",,6,22,","31.1",",6,13,","","","103.4",",6","19.1",",,,6","0",",,,6","14.95",",6","25.58",",,,6","4.33",",,,6"
"USC00295056","1925-05","35.36667","-103.41667","1168.0","LOGAN, NM US","64.4","6","62.3",",6","8",",6","5",",6","0",",6","","","0",",6","0",",6","0",",6","0",",6","30",",6","6",",6","","","19250501",",,6","","","19250531","+,,6","","","19250514",",,6","19250521",",,6","1.7",",6,01,","","","0",",,6,31,+","20.8",",,6,14,","37.2",",6,21,","","","23.3",",6","60.8",",,,6","0",",,,6","19.59",",6","28.18",",,,6","11.00",",,,6"
"USC00295056","1925-06","35.36667","-103.41667","1168.0","LOGAN, NM US","236.6","6","172.2","1,6","4",",6","4",",6","0",",6","","","0",",6","0","1,6","0","1,6","0",",6","30",",6","20",",6","","","19250607",",1,6","","","19250630","+,,6","","","19250624",",,6","19250623","+,,6","8.3","1,6,07,","","","0",",,6,30,+","10.4",",,6,24,","37.8",",6,23,+","","","0.0",",6","24.5",",,,6","0",",,,6","24.35","1,6","33.47",",,,6","15.22","1,,,6"
"USC00295056","1925-07","35.36667","-103.41667","1168.0","LOGAN, NM US","476.7","6","240.1","1,6","12",",6","7",",6","2",",6","","","0",",6","0","1,6","0","1,6","0",",6","31",",6","26",",6","","","19250731",",1,6","","","19250731","+,,6","","","19250727",",,6","19250715",",,6","12.8","1,6,31,","","","0",",,6,31,+","33.0",",,6,27,","40.0",",6,15,","0.0","6","0.0",",6","129.1",",,,6","0",",,,6","26.34","1,6","34.81",",,,6","17.87","1,,,6"
"USC00295056","1925-08","35.36667","-103.41667","1168.0","LOGAN, NM US","602.7","6","126.0",",6","10",",6","5",",6","0",",6","","","0",",6","0",",6","0",",6","0",",6","31",",6","8",",6","","","19250827",",,6","","","19250831","+,,6","","","19250806",",,6","19250819","+,,6","11.7",",6,27,","","","0",",,6,31,+","10.9",",,6,06,","35.0",",6,19,+","0.0","6","0.0",",6","30.4",",,,6","0",",,,6","22.40",",6","29.55",",,,6","15.24",",,,6"
"USC00295056","1925-09","35.36667","-103.41667","1168.0","LOGAN, NM US","681.7","6","79.0",",6","10",",6","8",",6","0",",6","","","0",",6","0",",6","0",",6","0",",6","27",",6","7",",6","","","19250925",",,6","","","19250930","+,,6","","","19250923",",,6","19250921",",,6","5.6",",6,25,","","","0",",,6,30,+","13.5",",,6,23,","34.4",",6,21,","24.4","6","24.4",",6","58.2",",,,6","0",",,,6","20.15",",6","28.42",",,,6","11.88",",,,6"
"USC00295056","1925-10","35.36667","-103.41667","1168.0","LOGAN, NM US","686.5","6","4.8",",6","5",",6","4",",6","1",",6","","","0",",6","0",",6","9",",6","0",",6","16",",6","0",",6","","","19251030","+,,6","","","19251031","+,,6","","","19251016",",,6","19251028","+,,6","-8.3",",6,30,+","","","0",",,6,31,+","25.9",",,6,16,","26.7",",6,28,+","265.8","6","241.4",",6","44.9",",,,6","0",",,,6","10.70",",6","18.32",",,,6","3.08",",,,6"
"USC00295056","1925-11","35.36667","-103.41667","1168.0","LOGAN, NM US","686.5","6","0.0",",6","3",",6","2",",6","0",",6","","","1",",6","0",",6","25",",6","0",",6","9",",6","0",",6","","","19251122",",,6","","","19251114",",,6","","","19251114",",,6","19251113",",,6","-8.9",",6,22,","","","25",",,6,14,","5.1",",,6,14,","23.9",",6,13,","620.4","6","354.6",",6","9.9",",,,6","25",",,,6","6.51",",6","15.96",",,,6","-2.94",",,,6"
"USC00295056","1925-12","35.36667","-103.41667","1168.0","LOGAN, NM US","686.5","6","0.0","1,6","2",",6","1",",6","0",",6","","","0",",6","0",",6","31",",6","1","1,6","1","1,6","0","1,6","","","19251228",",,6","","","19251231",",,6","","","19251204",",,6","19251203",",1,6","-12.8",",6,28,","","","13",",,6,31,","5.8",",,6,04,","21.1","1,6,03,","1103.9","6","483.5","1,6","7.3",",,,6","21",",,,6","2.16","1,6","12.41","1,,,6","-8.10",",,,6"
"USC00295056","1926-01","35.36667","-103.41667","1168.0","LOGAN, NM US","0.0","6","0.0",",6","3",",6","0",",6","0",",6","","","1",",6","0",",6","31",",6","1",",6","1",",6","0",",6","","","19260108",",,6","","","19260102",",,6","","","19260102",",,6","19260130",",,6","-16.1",",6,08,","","","25",",,6,02,","2.3",",,6,02,","21.1",",6,30,","1657.9","6","554.0",",6","4.8",",,,6","51",",,,6","0.46",",6","9.12",",,,6","-8.19",",,,6"
"USC00295056","1926-02","35.36667","-103.41667","1168.0","LOGAN, NM US","0.0","6","0.0","1,6","1",",6","1",",6","0",",6","","","0",",6","0","1,6","19","1,6","0","1,6","9","1,6","0","1,6","","","19260203",",1,6","","","19260224",",,6","","","19260224",",,6","19260208",",1,6","-9.4","1,6,03,","","","20",",,6,24,","3.8",",,6,24,","22.8","1,6,08,","1938.2","6","280.3","1,6","3.8",",,,6","20",",,,6","7.95","1,6","18.56","1,,,6","-2.66","1,,,6"
"USC00295056","1926-03","35.36667","-103.41667","1168.0","LOGAN, NM US","0.0","6","0.0","3,6","5","1,6","2","1,6","0","1,6","","","2",",6","0","3,6","25","3,6","1",",6","7",",6","0",",6","","","19260307",",3,6","","","19260330",",,6","","","19260330",",1,6","19260323",",,6","-12.2","3,6,07,","","","203",",,6,30,","15.2","1,,6,30,","23.9",",6,23,","2299.5","6","361.3",",6","22.4","1,,,6","241",",,,6","5.52","3,6","14.51",",,,6","-3.46","3,,,6"
"USC00295056","1926-04","35.36667","-103.41667","1168.0","LOGAN, NM US","0.0","6","0.0","2,6","7",",6","4",",6","2",",6","","","2",",6","0","1,6","8","1,6","0","1,6","17","1,6","0","1,6","","","19260401",",1,6","","","19260410",",,6","","","19260411",",,6","19260426","+,1,6","-6.1","1,6,01,","","","152",",,6,10,","26.7",",,6,11,","26.7","1,6,26,+","2508.0","6","208.5","1,6","85.2",",,,6","254",",,,6","11.05","2,6","19.38","1,,,6","2.71","1,,,6"
"USC00295056","1926-05","35.36667","-103.41667","1168.0","LOGAN, NM US","14.0","6","14.0","2,6","14",",6","7",",6","0",",6","","","0",",6","0","2,6","0","2,6","0",",6","27",",6","0",",6","","","19260510",",2,6","","","19260531","+,,6","","","19260527",",,6","19260522",",,6","1.7","2,6,10,","","","0",",,6,31,+","21.6",",,6,27,","31.7",",6,22,","2574.0","6","66.0",",6","71.9",",,,6","0",",,,6","16.51","2,6","24.84",",,,6","8.19","2,,,6"
"USC00295056","1926-06","35.36667","-103.41667","1168.0","LOGAN, NM US","134.0","6","120.0",",6","9",",6","8",",6","0",",6","","","0",",6","0",",6","0",",6","0",",6","30",",6","18",",6","","","19260618",",,6","","","19260630","+,,6","","","19260618",",,6","19260618",",,6","7.2",",6,18,","","","0",",,6,30,+","21.3",",,6,18,","33.9",",6,18,","2575.1","6","1.1",",6","86.1",",,,6","0",",,,6","22.30",",6","31.34",",,,6","13.26",",,,6"
"USC00295056","1926-07","35.36667","-103.41667","1168.0","LOGAN, NM US","292.5","6","158.5",",6","8",",6","2",",6","1",",6","","","0",",6","0",",6","0",",6","0",",6","31",",6","21",",6","","","19260726","+,,6","","","19260731","+,,6","","","19260706",",,6","19260731",",,6","12.2",",6,26,+","","","0",",,6,31,+","50.8",",,6,06,","36.7",",6,31,","0.0","6","0.0",",6","62.4",",,,6","0",",,,6","23.45",",6","31.62",",,,6","15.27",",,,6"
"USC00295056","1926-08","35.36667","-103.41667","1168.0","LOGAN, NM US","474.8","6","182.3","1,6","6",",6","3",",6","0",",6","","","0",",6","0","1,6","0","1,6","0",",6","31",",6","27",",6","","","19260827","+,1,6","","","19260831","+,,6","","","19260816",",,6","19260827",",,6","8.3","1,6,27,+","","","0",",,6,31,+","24.4",",,6,16,","40.6",",6,27,","0.0","6","0.0",",6","31.8",",,,6","0",",,,6","24.44","1,6","35.33",",,,6","13.55","1,,,6"
"USC00295056","1926-09","35.36667","-103.41667","1168.0","LOGAN, NM US","602.7","6","127.9","1,6","6",",6","5",",6","0",",6","","","0",",6","0","1,6","0","1,6","0",",6","26",",6","16",",6","","","19260927","+,1,6","","","19260930","+,,6","","","19260918",",,6","19260902",",,6","0.6","1,6,27,+","","","0",",,6,30,+","16.3",",,6,18,","37.8",",6,02,","39.4","6","39.4",",6","34.1",",,,6","0",",,,6","21.49","1,6","30.32",",,,6","12.67","1,,,6"
"USC00295056","1926-10","35.36667","-103.41667","1168.0","LOGAN, NM US","611.3","6","8.6","1,6","2",",6","1",",6","0",",6","","","0",",6","0",",6","5",",6","0","1,6","25","1,6","2","1,6","","","19261031","+,,6","","","19261031","+,,6","","","19261003",",,6","19261019","+,1,6","-4.4",",6,31,+","","","0",",,6,31,+","6.6",",,6,03,","32.2","1,6,19,+","150.7","6","111.3","1,6","7.4",",,,6","0",",,,6","14.90","1,6","25.58","1,,,6","4.23",",,,6"
"USC00295056","1926-11","35.36667","-103.41667","1168.0","LOGAN, NM US","611.3","6","0.0","3,6","1",",6","1",",6","0",",6","","","1",",6","0","1,6","28","1,6","0","2,6","8","2,6","0","2,6","","","19261116",",1,6","","","19261103",",,6","","","19261103",",,6","19261116",",2,6","-10.0","1,6,16,","","","25",",,6,03,","3.3",",,6,03,","28.3","2,6,16,","471.4","6","320.7","2,6","3.3",",,,6","25",",,,6","6.53","3,6","18.29","2,,,6","-5.23","1,,,6"
"USC00295056","1926-12","35.36667","-103.41667","1168.0","LOGAN, NM US","611.3","6","0.0",",6","6",",6","3",",6","0",",6","","","4",",6","0",",6","29",",6","3",",6","3",",6","0",",6","","","19261226","+,,6","","","19261214","+,,6","","","19261206",",,6","19261204","+,,6","-13.9",",6,26,+","","","51",",,6,14,+","16.0",",,6,06,","23.9",",6,04,+","1015.9","6","544.5",",6","31.9",",,,6","152",",,,6","0.77",",6","8.25",",,,6","-6.71",",,,6"
"USC00295056","1927-01","35.36667","-103.41667","1168.0","LOGAN, NM US","0.0","6","0.0","2,6","0",",6","0",",6","0",",6","","","0",",6","0","1,6","29","1,6","0","1,6","7","1,6","0","1,6","","","19270115",",1,6","","","19270131","+,,6","","","19270122",",,6","19270106",",1,6","-12.8","1,6,15,","","","0",",,6,31,+","0.0",",T,6,22,","26.7","1,6,06,","1408.3","6","392.4","1,6","0.0",",T,,6","0",",,,6","4.88","2,6","15.01","1,,,6","-5.25","1,,,6"
"USC00295056","1927-02","35.36667","-103.41667","1168.0","LOGAN, NM US","0.0","6","0.0",",6","2",",6","2",",6","0",",6","","","1",",6","0",",6","23",",6","2",",6","2",",6","0",",6","","","19270210",",,6","","","19270228",",,6","","","19270228",",,6","19270227","+,,6","-11.7",",6,10,","","","25",",,6,28,","3.6",",,6,28,","21.1",",6,27,+","1829.1","6","420.8",",6","6.9",",,,6","25",",,,6","3.31",",6","10.29",",,,6","-3.68",",,,6"
"USC00295056","1927-03","35.36667","-103.41667","1168.0","LOGAN, NM US","0.0","6","0.0","1,6","2",",6","1",",6","0",",6","","","0",",6","0","1,6","19","1,6","0",",6","5",",6","0",",6","","","19270321",",1,6","","","19270311",",,6","","","19270311",",,6","19270328",",,6","-12.8","1,6,21,","","","13",",,6,11,","3.6",",,6,11,","25.6",",6,28,","2176.3","6","347.2",",6","4.9",",,,6","13",",,,6","6.68","1,6","14.69",",,,6","-1.33","1,,,6"
"USC00295056","1927-04","35.36667","-103.41667","1168.0","LOGAN, NM US","4.4","6","4.4","2,6","1",",6","0",",6","0",",6","","","0",",6","0","1,6","6","1,6","0","2,6","20","2,6","1","2,6","","","19270421","+,1,6","","","19270430","+,,6","","","19270414",",,6","19270428",",2,6","-2.2","1,6,21,+","","","0",",,6,30,+","1.5",",,6,14,","32.2","2,6,28,","2319.7","6","143.4","2,6","1.5",",,,6","0",",,,6","13.28","2,6","22.71","2,,,6","3.85","1,,,6"
"USC00295056","1927-05","35.36667","-103.41667","1168.0","LOGAN, NM US","87.8","6","83.4","1,6","0",",6","0",",6","0",",6","","","0",",6","0","1,6","1","1,6","0",",6","29",",6","21",",6","","","19270509",",1,6","","","19270531","+,,6","","","19270514",",,6","19270521","+,,6","0.0","1,6,09,","","","0",",,6,31,+","0.0",",T,6,14,","37.8",",6,21,+","2344.7","6","25.0",",6","0.0",",T,,6","0",",,,6","20.33","1,6","32.10",",,,6","8.55","1,,,6"
"USC00295056","1927-06","35.36667","-103.41667","1168.0","LOGAN, NM US","217.9","6","130.1","1,6","9",",6","6",",6","0",",6","","","0",",6","0","1,6","0","1,6","0",",6","27",",6","18",",6","","","19270604",",1,6","","","19270630","+,,6","","","19270612",",,6","19270625","+,,6","5.6","1,6,04,","","","0",",,6,30,+","20.3",",,6,12,","37.8",",6,25,+","2363.6","6","18.9",",6","82.2",",,,6","0",",,,6","22.17","1,6","31.42",",,,6","12.92","1,,,6"
"USC00295056","1927-07","35.36667","-103.41667","1168.0","LOGAN, NM US","426.5","6","208.6",",6","14",",6","7",",6","1",",6","","","0",",6","0",",6","0",",6","0",",6","31",",6","20",",6","","","19270729","+,,6","","","19270731","+,,6","","","19270731",",,6","19270721",",,6","12.8",",6,29,+","","","0",",,6,31,+","45.7",",,6,31,","40.0",",6,21,","0.0","6","0.0",",6","105.1",",,,6","0",",,,6","25.06",",6","33.47",",,,6","16.65",",,,6"
"USC00295056","1927-08","35.36667","-103.41667","1168.0","LOGAN, NM US","554.5","6","128.0",",6","10",",6","7",",6","0",",6","","","0",",6","0",",6","0",",6","0",",6","31",",6","14",",6","","","19270804","+,,6","","","19270831","+,,6","","","19270810",",,6","19270828",",,6","11.7",",6,04,+","","","0",",,6,31,+","19.8",",,6,10,","35.0",",6,28,","0.0","6","0.0",",6","85.4",",,,6","0",",,,6","22.46",",6","30.97",",,,6","13.95",",,,6"
"USC00295056","1927-09","35.36667","-103.41667","1168.0","LOGAN, NM US","646.6","6","92.1","2,6","11",",6","7",",6","0",",6","","","0",",6","0","1,6","0","1,6","0","1,6","26","1,6","17","1,6","","","19270928",",1,6","","","19270930","+,,6","","","19270918",",,6","19270916","+,1,6","2.2","1,6,28,","","","0",",,6,30,+","13.5",",,6,18,","33.9","1,6,16,+","29.2","6","29.2","1,6","49.5",",,,6","0",",,,6","20.53","2,6","29.61","1,,,6","11.45","1,,,6"
"USC00295056","1927-10","35.36667","-103.41667","1168.0","LOGAN, NM US","646.6","6","0.0","2,6","1",",6","1",",6","0",",6","","","0",",6","0","2,6","5","2,6","0",",6","30",",6","0",",6","","","19271012",",2,6","","","19271031","+,,6","","","19271029",",,6","19271008",",,6","-5.0","2,6,12,","","","0",",,6,31,+","13.2",",,6,29,","31.1",",6,08,","132.6","6","103.4",",6","13.2",",,,6","0",",,,6","14.70","2,6","27.06",",,,6","2.35","2,,,6"
"USC00295056","1927-11","35.36667","-103.41667","1168.0","LOGAN, NM US","646.6","6","0.0","1,6","0",",6","0",",6","0",",6","","","0",",6","0",",6","17",",6","0","1,6","14","1,6","0","1,6","","","19271118","+,,6","","","19271130",",,6","","","19271130",",,6","19271103",",1,6","-7.2",",6,18,+","","","0",",T,6,30,","0.0",",T,6,30,","30.6","1,6,03,","370.8","6","238.2","1,6","0.0",",T,,6","0",",T,,6","10.02","1,6","19.97","1,,,6","0.08",",,,6"
"USC00295056","1927-12","35.36667","-103.41667","1168.0","LOGAN, NM US","","","","","3","1,6","1","1,6","0","1,6","","","","","4","1,6","27","1,6","","","","","","","","","19271218",",1,6","","","","","","","19271218",",1,6","","","-20.6","1,6,18,","","","","","5.3","1,,6,18,","","","","","","","9.1","1,,,6","","","","","","","-9.42","1,,,6"
"USC00295056","1928-01","35.36667","-103.41667","1168.0","LOGAN, NM US","0.0","6","0.0","2,6","0",",6","0",",6","0",",6","","","0",",6","0","1,6","30","1,6","3","1,6","3","1,6","0","1,6","","","19280101",",1,6","","","19280131","+,,6","","","19280131","+,,6","19280112",",1,6","-17.2","1,6,01,","","","0",",,6,31,+","0.0",",,6,31,+","23.3","1,6,12,","","","485.7","1,6","0.0",",,,6","0",",,,6","1.56","2,6","10.92","1,,,6","-7.80","1,,,6"
"USC00295056","1928-02","35.36667","-103.41667","1168.0","LOGAN, NM US","0.0","6","0.0","3,6","6","1,6","4","1,6","0","1,6","","","4",",6","0","3,6","25","3,6","1","3,6","0","3,6","0","3,6","","","19280217",",3,6","","","19280217",",,6","","","19280208",",1,6","19280206",",3,6","-15.0","3,6,17,","","","51",",,6,17,","8.4","1,,6,08,","19.4","3,6,06,","","","423.2","3,6","23.7","1,,,6","152",",,,6","2.06","3,6","10.05","3,,,6","-5.94","3,,,6"
"USC00295056","1928-03","35.36667","-103.41667","1168.0","LOGAN, NM US","","","","","1",",6","1",",6","0",",6","","","0",",6","","","","","","","","","","","","","","","","","19280331","+,,6","","","19280315",",,6","","","","","","","0",",,6,31,+","7.1",",,6,15,","","","","","","","7.1",",,,6","0",",,,6","","","","","",""
"USC00295056","1928-04","35.36667","-103.41667","1168.0","LOGAN, NM US","","","","","3",",6","1",",6","0",",6","","","1",",6","","","","","","","","","","","","","","","","","19280406",",,6","","","19280406",",,6","","","","","","","25",",,6,06,","2.8",",,6,06,","","","","","","","3.4",",,,6","25",",,,6","","","","","",""
"USC00295056","1928-05","35.36667","-103.41667","1168.0","LOGAN, NM US","","","","","13",",6","8",",6","0",",6","","","0",",6","","","","","0","5,6","21","5,6","3","5,6","","","","","","","19280531","+,,6","","","19280503",",,6","19280531",",5,6","","","","","0",",,6,31,+","22.9",",,6,03,","34.4","5,6,31,","","","","","70.4",",,,6","0",",,,6","","","24.81","5,,,6","",""
"USC00295056","1928-06","35.36667","-103.41667","1168.0","LOGAN, NM US","","","","","6",",6","5",",6","0",",6","","","","","","","","","","","","","","","","","","","","","","","","","19280604",",,6","","","","","","","","","18.5",",,6,04,","","","","","","","59.3",",,,6","","","","","","","",""
"USC00295056","1928-07","35.36667","-103.41667","1168.0","LOGAN, NM US","","","221.1","2,6","9",",6","6",",6","1",",6","","","0",",6","0","2,6","0","2,6","0","2,6","29","2,6","21","2,6","","","19280724",",2,6","","","19280731","+,,6","","","19280710",",,6","19280706","+,2,6","13.3","2,6,24,","","","0",",,6,31,+","34.3",",,6,10,","40.0","2,6,06,+","0.0","6","0.0","2,6","60.4",",,,6","0",",,,6","25.96","2,6","34.23","2,,,6","17.68","2,,,6"
"USC00295056","1928-08","35.36667","-103.41667","1168.0","LOGAN, NM US","","","","","4",",6","4",",6","0",",6","","","0",",6","","","","","","","","","","","","","","","","","19280831","+,,6","","","19280818",",,6","","","","","","","0",",,6,31,+","21.3",",,6,18,","","","","","","","39.1",",,,6","0",",,,6","","","","","",""
"USC00295056","1928-09","35.36667","-103.41667","1168.0","LOGAN, NM US","","","50.8","4,6","3",",6","2",",6","0",",6","","","0",",6","0","4,6","0","4,6","0","4,6","25","4,6","12","4,6","","","19280924",",4,6","","","19280930","+,,6","","","19280901",",,6","19280914",",4,6","4.4","4,6,24,","","","0",",,6,30,+","13.0",",,6,01,","35.0","4,6,14,","","","10.6","4,6","16.8",",,,6","0",",,,6","19.88","4,6","30.35","4,,,6","9.41","4,,,6"
"USC00295056","1928-10","35.36667","-103.41667","1168.0","LOGAN, NM US","","","19.4","3,6","7",",6","5",",6","0",",6","","","0",",6","0","3,6","2","3,6","0","2,6","19","2,6","3","2,6","","","19281023","+,3,6","","","19281031","+,,6","","","19281031",",,6","19281001",",2,6","0.0","3,6,23,+","","","0",",,6,31,+","21.6",",,6,31,","35.0","2,6,01,","","","139.6","2,6","76.2",",,,6","0",",,,6","14.00","3,6","22.33","2,,,6","5.66","3,,,6"
"USC00295056","1928-11","35.36667","-103.41667","1168.0","LOGAN, NM US","","","0.0","4,6","4","1,6","3","1,6","1","1,6","","","1",",6","0","4,6","21","4,6","1",",6","6",",6","0",",6","","","19281119",",4,6","","","19281119",",,6","","","19281117",",1,6","19281111",",,6","-13.9","4,6,19,","","","51",",,6,19,","28.4","1,,6,17,","21.7",",6,11,","","","333.1",",6","44.7","1,,,6","51",",,,6","5.65","4,6","13.02",",,,6","-1.71","4,,,6"
"USC00295056","1928-12","35.36667","-103.41667","1168.0","LOGAN, NM US","","","0.0",",6","3",",6","1",",6","0",",6","","","1",",6","0",",6","31",",6","2",",6","0",",6","0",",6","","","19281218",",,6","","","19281212",",,6","","","19281212",",,6","19281228",",,6","-10.6",",6,18,","","","51",",,6,12,","18.8",",,6,12,","19.4",",6,28,","","","507.1",",6","19.9",",,,6","51",",,,6","1.98",",6","10.31",",,,6","-6.36",",,,6"
"USC00295056","1929-01","35.36667","-103.41667","1168.0","LOGAN, NM US","0.0","6","0.0","3,6","2",",6","0",",6","0",",6","","","0",",6","1","2,6","28","2,6","0","2,6","0","2,6","0","2,6","","","19290125",",2,6","","","19290124",",,6","","","19290124",",,6","19290117",",2,6","-20.0","2,6,25,","","","13",",,6,24,","0.8",",,6,24,","16.7","2,6,17,","","","444.9","2,6","1.1",",,,6","18",",,,6","2.19","3,6","11.60","2,,,6","-7.22","2,,,6"
"USC00295056","1929-02","35.36667","-103.41667","1168.0","LOGAN, NM US","0.0","6","0.0",",6","5",",6","3",",6","0",",6","","","4",",6","4",",6","28",",6","8",",6","0",",6","0",",6","","","19290210","+,,6","","","19290207",",,6","","","19290207",",,6","19290205",",,6","-27.2",",6,10,+","","","102",",,6,07,","8.4",",,6,07,","18.3",",6,05,","","","575.9",",6","24.5",",,,6","254",",,,6","-2.24",",6","5.38",",,,6","-9.85",",,,6"
"USC00295056","1929-03","35.36667","-103.41667","1168.0","LOGAN, NM US","0.0","6","0.0",",6","2",",6","2",",6","1",",6","","","1",",6","0",",6","26",",6","1",",6","8",",6","0",",6","","","19290301",",,6","","","19290328",",,6","","","19290328",",,6","19290307","+,,6","-11.1",",6,01,","","","64",",,6,28,","47.5",",,6,28,","26.7",",6,07,+","","","339.3",",6","56.9",",,,6","64",",,,6","7.39",",6","16.49",",,,6","-1.72",",,,6"
"USC00295056","1929-04","35.36667","-103.41667","1168.0","LOGAN, NM US","3.3","6","3.3","1,6","2",",6","2",",6","0",",6","","","0",",6","0",",6","5",",6","0","1,6","21","1,6","0","1,6","","","19290411","+,,6","","","19290430","+,,6","","","19290404",",,6","19290405","+,1,6","-2.8",",6,11,+","","","0",",,6,30,+","9.4",",,6,04,","29.4","1,6,05,+","","","154.1","1,6","12.4",",,,6","0",",,,6","13.11","1,6","22.49","1,,,6","3.72",",,,6"
"USC00295056","1929-05","35.36667","-103.41667","1168.0","LOGAN, NM US","25.2","6","21.9",",6","7",",6","5",",6","1",",6","","","0",",6","0",",6","2",",6","0",",6","21",",6","1",",6","","","19290502",",,6","","","19290531","+,,6","","","19290513",",,6","19290510",",,6","-3.3",",6,02,","","","0",",,6,31,+","37.3",",,6,13,","33.3",",6,10,","","","88.3",",6","53.1",",,,6","0",",,,6","16.19",",6","23.85",",,,6","8.53",",,,6"
"USC00295056","1929-06","35.36667","-103.41667","1168.0","LOGAN, NM US","166.8","6","141.6",",6","3",",6","2",",6","1",",6","","","0",",6","0",",6","0",",6","0",",6","30",",6","17",",6","","","19290612",",,6","","","19290630","+,,6","","","19290605",",,6","19290622",",,6","8.9",",6,12,","","","0",",,6,30,+","31.8",",,6,05,","38.3",",6,22,","","","4.4",",6","37.2",",,,6","0",",,,6","22.91",",6","31.75",",,,6","14.06",",,,6"
"USC00295056","1929-07","35.36667","-103.41667","1168.0","LOGAN, NM US","378.9","6","212.1","2,6","6",",6","3",",6","0",",6","","","0",",6","0","2,6","0","2,6","0","1,6","30","1,6","24","1,6","","","19290702",",2,6","","","19290731","+,,6","","","19290709",",,6","19290718",",1,6","10.6","2,6,02,","","","0",",,6,31,+","19.1",",,6,09,","38.9","1,6,18,","0.0","6","0.0","1,6","30.6",",,,6","0",",,,6","25.67","2,6","34.18","1,,,6","17.17","2,,,6"
"USC00295056","1929-08","35.36667","-103.41667","1168.0","LOGAN, NM US","565.9","6","187.0","1,6","10",",6","6",",6","1",",6","","","0",",6","0","1,6","0","1,6","0",",6","31",",6","21",",6","","","19290818",",1,6","","","19290831","+,,6","","","19290807",",,6","19290803",",,6","12.2","1,6,18,","","","0",",,6,31,+","58.7",",,6,07,","37.2",",6,03,","0.0","6","0.0",",6","107.0",",,,6","0",",,,6","24.62","1,6","33.08",",,,6","16.15","1,,,6"
"USC00295056","1929-09","35.36667","-103.41667","1168.0","LOGAN, NM US","640.1","6","74.2",",6","9",",6","2",",6","0",",6","","","0",",6","0",",6","0",",6","0",",6","27",",6","9",",6","","","19290910",",,6","","","19290930","+,,6","","","19290921",",,6","19290904",",,6","3.3",",6,10,","","","0",",,6,30,+","14.7",",,6,21,","35.6",",6,04,","26.7","6","26.7",",6","28.9",",,,6","0",",,,6","19.92",",6","28.71",",,,6","11.13",",,,6"
"USC00295056","1929-11","35.36667","-103.41667","1168.0","LOGAN, NM US","","","0.0",",6","4",",6","3",",6","0",",6","","","2",",6","0",",6","28",",6","5",",6","1",",6","0",",6","","","19291122",",,6","","","19291109",",,6","","","19291108",",,6","19291106",",,6","-15.0",",6,22,","","","203",",,6,09,","24.4",",,6,08,","23.9",",6,06,","","","490.1",",6","43.7",",,,6","355",",,,6","2.00",",6","8.68",",,,6","-4.69",",,,6"
"USC00295056","1929-12","35.36667","-103.41667","1168.0","LOGAN, NM US","","","0.0",",6","1",",6","1",",6","0",",6","","","1",",6","1",",6","30",",6","7",",6","8",",6","0",",6","","","19291221",",,6","","","19291220",",,6","","","19291220",",,6","19291211",",,6","-21.1",",6,21,","","","102",",,6,20,","7.6",",,6,20,","24.4",",6,11,","","","491.5",",6","7.6",",,,6","102",",,,6","2.48",",6","12.36",",,,6","-7.40",",,,6"
"USC00295056","1930-01","35.36667","-103.41667","1168.0","LOGAN, NM US","0.0","6","0.0","1,6","3",",6","1",",6","0",",6","","","2",",6","4","1,6","29","1,6","10",",6","0",",6","0",",6","","","19300118",",1,6","","","19300115",",,6","","","19300115",",,6","19300101",",,6","-23.9","1,6,18,","","","38",",,6,15,","3.3",",,6,15,","20.6",",6,01,","","","642.9",",6","6.1",",,,6","76",",,,6","-3.20","1,6","4.61",",,,6","-11.01","1,,,6"
"USC00295056","1930-02","35.36667","-103.41667","1168.0","LOGAN, NM US","0.0","6","0.0",",6","0",",6","0",",6","0",",6","","","0",",6","0",",6","26",",6","0",",6","15",",6","0",",6","","","19300226",",,6","","","19300224",",,6","","","19300224","+,,6","19300223","+,,6","-10.6",",6,26,","","","0",",T,6,24,","0.0",",T,6,24,+","25.6",",6,23,+","","","292.2",",6","0.0",",T,,6","0",",T,,6","7.90",",6","19.89",",,,6","-4.09",",,,6"
"USC00295056","1930-03","35.36667","-103.41667","1168.0","LOGAN, NM US","","","","","4","1,6","2","1,6","0","1,6","","","0",",6","","","","","","","","","","","","","","","","","19300318",",,6","","","19300318",",1,6","","","","","","","13",",,6,18,","4.6","1,,6,18,","","","","","","","8.7","1,,,6","13",",,,6","","","","","",""
"USC00295056","1930-04","35.36667","-103.41667","1168.0","LOGAN, NM US","","","8.3",",6","4",",6","4",",6","0",",6","","","0",",6","0",",6","5",",6","0",",6","29",",6","0",",6","","","19300402",",,6","","","19300430","+,,6","","","19300412",",,6","19300409","+,,6","-3.9",",6,02,","","","0",",,6,30,+","14.0",",,6,12,","31.1",",6,09,+","","","75.6",",6","31.8",",,,6","0",",,,6","16.09",",6","26.06",",,,6","6.12",",,,6"
"USC00295056","1930-05","35.36667","-103.41667","1168.0","LOGAN, NM US","","","25.5",",6","6",",6","5",",6","0",",6","","","0",",6","0",",6","1",",6","0",",6","30",",6","4",",6","","","19300511",",,6","","","19300531","+,,6","","","19300514",",,6","19300503",",,6","0.0",",6,11,","","","0",",,6,31,+","12.7",",,6,14,","36.1",",6,03,","","","65.8",",6","35.8",",,,6","0",",,,6","17.03",",6","26.61",",,,6","7.45",",,,6"
"USC00295056","1930-06","35.36667","-103.41667","1168.0","LOGAN, NM US","","","140.1",",6","7",",6","5",",6","2",",6","","","0",",6","0",",6","0",",6","0",",6","30",",6","14",",6","","","19300601",",,6","","","19300630","+,,6","","","19300604",",,6","19300630",",,6","5.6",",6,01,","","","0",",,6,30,+","51.3",",,6,04,","40.0",",6,30,","","","2.5",",6","125.8",",,,6","0",",,,6","22.92",",6","31.86",",,,6","13.98",",,,6"
"USC00295056","1930-07","35.36667","-103.41667","1168.0","LOGAN, NM US","","","211.3",",6","7",",6","6",",6","1",",6","","","0",",6","0",",6","0",",6","0",",6","31",",6","22",",6","","","19300702",",,6","","","19300731","+,,6","","","19300722",",,6","19300719","+,,6","12.8",",6,02,","","","0",",,6,31,+","44.2",",,6,22,","37.8",",6,19,+","0.0","6","0.0",",6","87.9",",,,6","0",",,,6","25.15",",6","33.23",",,,6","17.07",",,,6"
"USC00295056","1930-08","35.36667","-103.41667","1168.0","LOGAN, NM US","","","193.8",",6","6",",6","4",",6","1",",6","","","0",",6","0",",6","0",",6","0",",6","31",",6","23",",6","","","19300808",",,6","","","19300831","+,,6","","","19300828",",,6","19300823","+,,6","12.2",",6,08,","","","0",",,6,31,+","37.6",",,6,28,","38.9",",6,23,+","0.0","6","0.0",",6","55.3",",,,6","0",",,,6","24.59",",6","33.15",",,,6","16.02",",,,6"
"USC00295056","1930-09","35.36667","-103.41667","1168.0","LOGAN, NM US","","","116.0","3,6","5",",6","4",",6","0",",6","","","0",",6","0","3,6","0","3,6","0","3,6","26","3,6","11","3,6","","","19300926",",3,6","","","19300930","+,,6","","","19300905",",,6","19300923","+,3,6","1.7","3,6,26,","","","0",",,6,30,+","21.1",",,6,05,","39.4","3,6,23,+","10.8","6","10.8","3,6","47.7",",,,6","0",",,,6","22.23","3,6","31.63","3,,,6","12.83","3,,,6"
"USC00295056","1930-10","35.36667","-103.41667","1168.0","LOGAN, NM US","","","5.3","1,6","9",",6","6",",6","1",",6","","","0",",6","0","1,6","4","1,6","0",",6","10",",6","0",",6","","","19301031","+,1,6","","","19301031","+,,6","","","19301011",",,6","19301001",",,6","-1.7","1,6,31,+","","","0",",,6,31,+","42.4",",,6,11,","30.6",",6,01,","177.5","6","166.7",",6","77.8",",,,6","0",",,,6","13.08","1,6","20.11",",,,6","6.05","1,,,6"
"USC00295056","1930-11","35.36667","-103.41667","1168.0","LOGAN, NM US","","","0.0","1,6","3",",6","3",",6","0",",6","","","2",",6","0","1,6","19","1,6","0",",6","5",",6","0",",6","","","19301120",",1,6","","","19301120",",,6","","","19301119",",,6","19301104",",,6","-10.0","1,6,20,","","","51",",,6,20,","6.4",",,6,19,","23.9",",6,04,","504.9","6","327.4",",6","15.8",",,,6","76",",,,6","7.12","1,6","15.42",",,,6","-1.18","1,,,6"
"USC00295056","1930-12","35.36667","-103.41667","1168.0","LOGAN, NM US","","","0.0","4,6","1",",6","1",",6","0",",6","","","1",",6","1",",6","31",",6","0","4,6","0","4,6","0","4,6","","","19301228",",,6","","","19301227",",,6","","","19301227",",,6","19301210",",4,6","-20.6",",6,28,","","","102",",,6,27,","8.4",",,6,27,","17.8","4,6,10,","972.2","6","467.3","4,6","8.4",",,,6","102",",,,6","0.61","4,6","10.12","4,,,6","-8.90",",,,6"
"USC00295056","1931-01","35.36667","-103.41667","1168.0","LOGAN, NM US","0.0","6","0.0","2,6","2",",6","1",",6","0",",6","","","1",",6","1","1,6","28","1,6","6","2,6","0","2,6","0","2,6","","","19310112",",1,6","","","19310111",",,6","","","19310111",",,6","19310129","+,2,6","-18.3","1,6,12,","","","178",",,6,11,","13.0",",,6,11,","16.7","2,6,29,+","1501.6","6","529.4","2,6","14.3",",,,6","178",",,,6","0.10","2,6","7.42","2,,,6","-7.23","1,,,6"
"USC00295056","1931-02","35.36667","-103.41667","1168.0","LOGAN, NM US","0.0","6","0.0","1,6","3",",6","3",",6","0",",6","","","2",",6","0",",6","24",",6","0","1,6","0","1,6","0","1,6","","","19310225",",,6","","","19310228",",,6","","","19310228",",,6","19310205",",1,6","-6.7",",6,25,","","","76",",,6,28,","13.5",",,6,28,","20.0","1,6,05,","1855.5","6","353.9","1,6","21.1",",,,6","101",",,,6","5.25","1,6","12.66","1,,,6","-2.15",",,,6"
"USC00295056","1931-03","35.36667","-103.41667","1168.0","LOGAN, NM US","0.0","6","0.0","3,6","7",",6","5",",6","0",",6","","","5",",6","0","1,6","21","1,6","1","2,6","5","2,6","0","2,6","","","19310307",",1,6","","","19310301",",,6","","","19310330",",,6","19310322",",2,6","-12.2","1,6,07,","","","76",",,6,01,","14.2",",,6,30,","28.3","2,6,22,","2234.3","6","378.8","2,6","58.5",",,,6","254",",,,6","4.49","3,6","11.54","2,,,6","-2.55","1,,,6"
"USC00295056","1931-04","35.36667","-103.41667","1168.0","LOGAN, NM US","","","","","7",",6","4",",6","1",",6","","","","","0","3,6","5","3,6","","","","","","","","","19310401",",3,6","","","","","","","19310429",",,6","","","-1.7","3,6,01,","","","","","37.8",",,6,29,","","","","","","","66.0",",,,6","","","","","","","3.94","3,,,6"
"USC00295056","1931-05","35.36667","-103.41667","1168.0","LOGAN, NM US","","","","","9",",6","7",",6","0",",6","","","0",",6","0","5,6","0","5,6","","","","","","","","","19310512",",5,6","","","19310531","+,,6","","","19310502",",,6","","","1.1","5,6,12,","","","0",",,6,31,+","15.2",",,6,02,","","","","","","","42.7",",,,6","0",",,,6","","","","","6.70","5,,,6"
"USC00295056","1931-06","35.36667","-103.41667","1168.0","LOGAN, NM US","","","175.0",",6","2",",6","2",",6","0",",6","","","0",",6","0",",6","0",",6","0",",6","30",",6","27",",6","","","19310610","+,,6","","","19310630","+,,6","","","19310605",",,6","19310620","+,,6","10.0",",6,10,+","","","0",",,6,30,+","23.1",",,6,05,","38.3",",6,20,+","","","0.0",",6","25.9",",,,6","0",",,,6","24.17",",6","34.02",",,,6","14.32",",,,6"
"USC00295056","1931-07","35.36667","-103.41667","1168.0","LOGAN, NM US","","","212.2","2,6","7",",6","6",",6","0",",6","","","0",",6","0","1,6","0","1,6","0","2,6","29","2,6","26","2,6","","","19310709","+,1,6","","","19310731","+,,6","","","19310719",",,6","19310724","+,2,6","12.8","1,6,09,+","","","0",",,6,31,+","20.6",",,6,19,","37.8","2,6,24,+","0.0","6","0.0","2,6","50.1",",,,6","0",",,,6","25.69","2,6","34.70","2,,,6","16.68","1,,,6"
"USC00295056","1931-08","35.36667","-103.41667","1168.0","LOGAN, NM US","","","151.9",",6","10",",6","7",",6","1",",6","","","0",",6","0",",6","0",",6","0",",6","31",",6","12",",6","","","19310824","+,,6","","","19310831","+,,6","","","19310802",",,6","19310807",",,6","11.7",",6,24,+","","","0",",,6,31,+","27.7",",,6,02,","37.8",",6,07,","0.0","6","0.0",",6","93.7",",,,6","0",",,,6","23.23",",6","31.16",",,,6","15.31",",,,6"
"USC00295056","1931-09","35.36667","-103.41667","1168.0","LOGAN, NM US","","","","","4",",6","2",",6","0",",6","","","0",",6","0","4,6","0","4,6","","","","","","","","","19310922",",4,6","","","19310930","+,,6","","","19310930",",,6","","","5.6","4,6,22,","","","0",",,6,30,+","13.2",",,6,30,","","","","","","","23.3",",,,6","0",",,,6","","","","","13.60","4,,,6"
"USC00295056","1931-10","35.36667","-103.41667","1168.0","LOGAN, NM US","","","22.5",",6","3",",6","2",",6","0",",6","","","0",",6","0",",6","5",",6","0",",6","21",",6","0",",6","","","19311031",",,6","","","19311031","+,,6","","","19311021",",,6","19311010","+,,6","-4.4",",6,31,","","","0",",,6,31,+","24.4",",,6,21,","31.1",",6,10,+","","","122.5",",6","34.9",",,,6","0",",,,6","15.11",",6","24.04",",,,6","6.18",",,,6"
"USC00295056","1931-11","35.36667","-103.41667","1168.0","LOGAN, NM US","","","0.0",",6","4",",6","4",",6","0",",6","","","1",",6","0",",6","18",",6","0",",6","7",",6","0",",6","","","19311124",",,6","","","19311126",",,6","","","19311111",",,6","19311108","+,,6","-10.0",",6,24,","","","25",",,6,26,","7.6",",,6,11,","26.1",",6,08,+","","","356.8",",6","17.7",",,,6","25",",,,6","6.44",",6","14.71",",,,6","-1.83",",,,6"
"USC00295056","1931-12","35.36667","-103.41667","1168.0","LOGAN, NM US","","","0.0","1,6","3",",6","1",",6","0",",6","","","1",",6","0",",6","26",",6","4","1,6","0","1,6","0","1,6","","","19311214",",,6","","","19311217",",,6","","","19311208",",,6","19311228",",1,6","-13.9",",6,14,","","","25",",,6,17,","2.5",",,6,08,","18.9","1,6,28,","","","509.2","1,6","6.1",",,,6","51",",,,6","1.37","1,6","7.96","1,,,6","-5.21",",,,6"
"USC00295056","1932-01","35.36667","-103.41667","1168.0","LOGAN, NM US","0.0","6","0.0","3,6","4",",6","1",",6","0",",6","","","","","0","1,6","30","1,6","7","2,6","0","2,6","0","2,6","","","19320124",",1,6","","","","","","","19320105",",,6","19320119",",2,6","-13.3","1,6,24,","","","","","7.6",",,6,05,","16.1","2,6,19,","","","522.1","2,6","10.7",",,,6","","","-0.36","3,6","6.28","2,,,6","-6.99","1,,,6"
"USC00295056","1932-02","35.36667","-103.41667","1168.0","LOGAN, NM US","0.0","6","0.0","1,6","3",",6","2",",6","0",",6","","","1",",6","0",",6","19",",6","0","1,6","8","1,6","0","1,6","","","19320204",",,6","","","19320220",",,6","","","19320220",",,6","19320227",",1,6","-12.2",",6,04,","","","64",",,6,20,","6.1",",,6,20,","28.9","1,6,27,","","","312.6","1,6","9.2",",,,6","64",",,,6","7.13","1,6","15.45","1,,,6","-1.19",",,,6"
"USC00295056","1932-03","35.36667","-103.41667","1168.0","LOGAN, NM US","0.0","6","0.0","3,6","6",",6","2",",6","0",",6","","","3",",6","1","1,6","21","1,6","5","2,6","5","2,6","0","2,6","","","19320312",",1,6","","","19320312",",,6","","","19320312",",,6","19320319",",2,6","-18.9","1,6,12,","","","152",",,6,12,","9.1",",,6,12,","26.7","2,6,19,","","","383.4","2,6","19.8",",,,6","309",",,,6","4.46","3,6","12.27","2,,,6","-3.34","1,,,6"
"USC00295056","1932-04","35.36667","-103.41667","1168.0","LOGAN, NM US","0.0","6","0.0","3,6","4",",6","2",",6","0",",6","","","0",",6","0","2,6","11","2,6","0","1,6","10","1,6","0","1,6","","","19320411",",2,6","","","19320430","+,,6","","","19320428",",,6","19320403","+,1,6","-5.0","2,6,11,","","","0",",,6,30,+","24.6",",,6,28,","28.9","1,6,03,+","","","210.0","1,6","30.9",",,,6","0",",,,6","10.78","3,6","18.89","1,,,6","2.68","2,,,6"
"USC00295056","1932-05","35.36667","-103.41667","1168.0","LOGAN, NM US","23.9","6","23.9",",6","5",",6","2",",6","0",",6","","","0",",6","0",",6","0",",6","0",",6","24",",6","1",",6","","","19320507",",,6","","","19320531","+,,6","","","19320511",",,6","19320530",",,6","3.3",",6,07,","","","0",",,6,31,+","20.3",",,6,11,","32.2",",6,30,","","","40.8",",6","26.4",",,,6","0",",,,6","17.79",",6","25.36",",,,6","10.21",",,,6"
"USC00295056","1932-06","35.36667","-103.41667","1168.0","LOGAN, NM US","113.6","6","89.7",",6","12",",6","9",",6","1",",6","","","0",",6","0",",6","0",",6","0",",6","30",",6","5",",6","","","19320601",",,6","","","19320630","+,,6","","","19320612",",,6","19320630",",,6","8.3",",6,01,","","","0",",,6,30,+","36.3",",,6,12,","33.9",",6,30,","","","6.7",",6","113.6",",,,6","0",",,,6","21.10",",6","28.28",",,,6","13.92",",,,6"
"USC00295056","1932-07","35.36667","-103.41667","1168.0","LOGAN, NM US","344.1","6","230.5",",6","4",",6","2",",6","0",",6","","","0",",6","0",",6","0",",6","0",",6","31",",6","22",",6","","","19320720",",,6","","","19320731","+,,6","","","19320709",",,6","19320731",",,6","16.7",",6,20,","","","0",",,6,31,+","7.6",",,6,09,","38.3",",6,31,","0.0","6","0.0",",6","16.3",",,,6","0",",,,6","25.77",",6","32.85",",,,6","18.69",",,,6"
"USC00295056","1932-08","35.36667","-103.41667","1168.0","LOGAN, NM US","524.8","6","180.7","1,6","7",",6","6",",6","1",",6","","","0",",6","0",",6","0",",6","0","1,6","29","1,6","12","1,6","","","19320805",",,6","","","19320831","+,,6","","","19320829",",,6","19320806","+,1,6","13.3",",6,05,","","","0",",,6,31,+","31.5",",,6,29,","36.7","1,6,06,+","0.2","6","0.2","1,6","78.9",",,,6","0",",,,6","24.39","1,6","30.84","1,,,6","17.95",",,,6"
"USC00295056","1932-09","35.36667","-103.41667","1168.0","LOGAN, NM US","552.5","6","27.7",",6","6",",6","6",",6","1",",6","","","0",",6","0",",6","0",",6","0",",6","25",",6","0",",6","","","19320930",",,6","","","19320930","+,,6","","","19320923",",,6","19320919",",,6","6.7",",6,30,","","","0",",,6,30,+","32.0",",,6,23,","30.0",",6,19,","41.4","6","41.2",",6","93.3",",,,6","0",",,,6","17.89",",6","24.49",",,,6","11.28",",,,6"
"USC00295056","1932-10","35.36667","-103.41667","1168.0","LOGAN, NM US","554.4","6","1.9","1,6","3",",6","1",",6","0",",6","","","0",",6","0","1,6","7","1,6","0",",6","14",",6","0",",6","","","19321031","+,1,6","","","19321031","+,,6","","","19321022",",,6","19321012",",,6","-2.2","1,6,31,+","","","0",",,6,31,+","12.7",",,6,22,","31.1",",6,12,","220.9","6","179.5",",6","14.3",",,,6","0",",,,6","12.38","1,6","20.31",",,,6","4.45","1,,,6"
"USC00295056","1932-11","35.36667","-103.41667","1168.0","LOGAN, NM US","554.4","6","0.0",",6","0",",6","0",",6","0",",6","","","0",",6","0",",6","27",",6","1",",6","6",",6","0",",6","","","19321117",",,6","","","19321130","+,,6","","","19321130","+,,6","19321120",",,6","-13.3",",6,17,","","","0",",,6,30,+","0.0",",,6,30,+","25.0",",6,20,","617.6","6","396.7",",6","0.0",",,,6","0",",,,6","5.11",",6","14.44",",,,6","-4.23",",,,6"
"USC00295056","1932-12","35.36667","-103.41667","1168.0","LOGAN, NM US","554.4","6","0.0","3,6","5",",6","3",",6","0",",6","","","3",",6","4","1,6","30","1,6","9","2,6","1","2,6","0","2,6","","","19321218","+,1,6","","","19321216",",,6","","","19321216",",,6","19321205",",2,6","-22.2","1,6,18,+","","","114",",,6,16,","6.6",",,6,16,","22.2","2,6,05,","1213.4","6","595.8","2,6","22.3",",,,6","216",",,,6","-2.60","3,6","4.33","2,,,6","-9.53","1,,,6"
"USC00295056","1933-01","35.36667","-103.41667","1168.0","LOGAN, NM US","0.0","6","0.0","1,6","0",",6","0",",6","0",",6","","","0",",6","0","1,6","29","1,6","0",",6","0",",6","0",",6","","","19330127","+,1,6","","","19330131","+,,6","","","19330118","+,,6","19330114",",,6","-10.6","1,6,27,+","","","0",",,6,31,+","0.0",",T,6,18,+","17.8",",6,14,","1652.0","6","438.6",",6","0.0",",T,,6","0",",,,6","3.62","1,6","12.34",",,,6","-5.10","1,,,6"
"USC00295056","1933-02","35.36667","-103.41667","1168.0","LOGAN, NM US","0.0","6","0.0","1,6","3",",6","1",",6","0",",6","","","1",",6","5","1,6","26","1,6","3",",6","2",",6","0",",6","","","19330208",",1,6","","","19330207",",,6","","","19330207",",,6","19330223",",,6","-28.9","1,6,08,","","","51",",,6,07,","3.0",",,6,07,","22.2",",6,23,","2128.6","6","476.6",",6","4.8",",,,6","64",",,,6","0.84","1,6","10.80",",,,6","-9.12","1,,,6"
"USC00295056","1933-03","35.36667","-103.41667","1168.0","LOGAN, NM US","0.0","6","0.0","2,6","0",",6","0",",6","0",",6","","","0",",6","0",",6","22",",6","0","2,6","8","2,6","0","2,6","","","19330315",",,6","","","19330331","+,,6","","","19330329","+,,6","19330328",",2,6","-7.8",",6,15,","","","0",",,6,31,+","0.0",",T,6,29,+","30.6","2,6,28,","2411.1","6","282.5","2,6","0.0",",T,,6","0",",,,6","8.50","2,6","18.18","2,,,6","-1.18",",,,6"
"USC00295056","1933-04","35.36667","-103.41667","1168.0","LOGAN, NM US","0.0","6","0.0","3,6","4",",6","1",",6","0",",6","","","0",",6","0","1,6","9","1,6","0","2,6","14","2,6","0","2,6","","","19330414",",1,6","","","19330430","+,,6","","","19330427",",,6","19330428",",2,6","-6.7","1,6,14,","","","0",",,6,30,+","5.6",",,6,27,","30.0","2,6,28,","2618.3","6","207.2","2,6","6.7",",,,6","0",",,,6","10.83","3,6","19.93","2,,,6","1.74","1,,,6"
"USC00295056","1933-05","35.36667","-103.41667","1168.0","LOGAN, NM US","25.0","6","25.0",",6","6",",6","3",",6","0",",6","","","0",",6","0",",6","0",",6","0",",6","25",",6","4",",6","","","19330514",",,6","","","19330531","+,,6","","","19330526",",,6","19330520",",,6","0.6",",6,14,","","","0",",,6,31,+","9.9",",,6,26,","36.7",",6,20,","2696.8","6","78.5",",6","20.6",",,,6","0",",,,6","16.61",",6","25.36",",,,6","7.85",",,,6"
"USC00295056","1933-06","35.36667","-103.41667","1168.0","LOGAN, NM US","176.6","6","151.6",",6","5",",6","1",",6","0",",6","","","0",",6","0",",6","0",",6","0",",6","30",",6","14",",6","","","19330608",",,6","","","19330630","+,,6","","","19330606",",,6","19330629",",,6","10.0",",6,08,","","","0",",,6,30,+","3.8",",,6,06,","40.6",",6,29,","2696.8","6","0.0",",6","7.4",",,,6","0",",,,6","23.39",",6","31.49",",,,6","15.28",",,,6"
"USC00295056","1933-07","35.36667","-103.41667","1168.0","LOGAN, NM US","435.7","6","259.1",",6","4",",6","3",",6","1",",6","","","0",",6","0",",6","0",",6","0",",6","31",",6","29",",6","","","19330728",",,6","","","19330731","+,,6","","","19330712",",,6","19330701",",,6","11.7",",6,28,","","","0",",,6,31,+","31.0",",,6,12,","40.0",",6,01,","0.0","6","0.0",",6","55.9",",,,6","0",",,,6","26.69",",6","35.31",",,,6","18.08",",,,6"
"USC00295056","1933-08","35.36667","-103.41667","1168.0","LOGAN, NM US","624.2","6","188.5",",6","14",",6","10",",6","1",",6","","","0",",6","0",",6","0",",6","0",",6","31",",6","19",",6","","","19330826","+,,6","","","19330831","+,,6","","","19330824",",,6","19330809",",,6","14.4",",6,26,+","","","0",",,6,31,+","33.0",",,6,24,","36.7",",6,09,","0.0","6","0.0",",6","104.6",",,,6","0",",,,6","24.41",",6","31.98",",,,6","16.85",",,,6"
"USC00295056","1933-09","35.36667","-103.41667","1168.0","LOGAN, NM US","754.5","6","130.3","1,6","1",",6","0",",6","0",",6","","","0",",6","0","1,6","0","1,6","0",",6","30",",6","18",",6","","","19330920",",1,6","","","19330930","+,,6","","","19330912",",,6","19330917",",,6","8.9","1,6,20,","","","0",",,6,30,+","0.3",",,6,12,","35.0",",6,17,","0.0","6","0.0",",6","0.3",",,,6","0",",,,6","22.69","1,6","30.88",",,,6","14.49","1,,,6"
"USC00295056","1933-10","35.36667","-103.41667","1168.0","LOGAN, NM US","755.6","6","1.1",",6","3",",6","1",",6","0",",6","","","0",",6","0",",6","1",",6","0",",6","26",",6","0",",6","","","19331022",",,6","","","19331031","+,,6","","","19331004",",,6","19331028","+,,6","0.0",",6,22,","","","0",",,6,31,+","8.9",",,6,04,","29.4",",6,28,+","86.4","6","86.4",",6","11.5",",,,6","0",",,,6","15.58",",6","25.43",",,,6","5.74",",,,6"
"USC00295056","1933-11","35.36667","-103.41667","1168.0","LOGAN, NM US","755.6","6","0.0",",6","1",",6","0",",6","0",",6","","","0",",6","0",",6","24",",6","1",",6","9",",6","0",",6","","","19331107",",,6","","","19331105",",,6","","","19331105",",,6","19331127","+,,6","-6.7",",6,07,","","","20",",,6,05,","1.3",",,6,05,","25.6",",6,27,+","391.9","6","305.5",",6","1.3",",,,6","20",",,,6","8.15",",6","18.08",",,,6","-1.78",",,,6"
"USC00295056","1933-12","35.36667","-103.41667","1168.0","LOGAN, NM US","755.6","6","0.0","1,6","1",",6","1",",6","0",",6","","","0",",6","0",",6","27",",6","0","1,6","14","1,6","0","1,6","","","19331218",",,6","","","19331231","+,,6","","","19331201",",,6","19331210",",1,6","-13.3",",6,18,","","","0",",,6,31,+","3.8",",,6,01,","26.1","1,6,10,","726.2","6","334.3","1,6","3.8",",,,6","0",",,,6","7.15","1,6","18.88","1,,,6","-4.57",",,,6"
"USC00295056","1934-01","35.36667","-103.41667","1168.0","LOGAN, NM US","0.0","6","0.0",",6","0",",6","0",",6","0",",6","","","0",",6","0",",6","31",",6","0",",6","2",",6","0",",6","","","19340108",",,6","","","19340131","+,,6","","","19340131","+,,6","19340124","+,,6","-13.9",",6,08,","","","0",",,6,31,+","0.0",",,6,31,+","21.1",",6,24,+","1189.2","6","463.0",",6","0.0",",,,6","0",",,,6","3.40",",6","13.57",",,,6","-6.78",",,,6"
"USC00295056","1934-02","35.36667","-103.41667","1168.0","LOGAN, NM US","0.0","6","0.0",",6","1",",6","1",",6","0",",6","","","0",",6","0",",6","25",",6","0",",6","3",",6","0",",6","","","19340226",",,6","","","19340228","+,,6","","","19340211",",,6","19340203",",,6","-12.8",",6,26,","","","0",",,6,28,+","5.1",",,6,11,","26.7",",6,03,","1555.0","6","365.8",",6","5.1",",,,6","0",",,,6","5.27",",6","14.95",",,,6","-4.42",",,,6"
"USC00295056","1934-03","35.36667","-103.41667","1168.0","LOGAN, NM US","0.0","6","0.0","1,6","1",",6","0",",6","0",",6","","","0",",6","0",",6","20",",6","0","1,6","14","1,6","0","1,6","","","19340318",",,6","","","19340325",",,6","","","19340325",",,6","19340320","+,1,6","-12.2",",6,18,","","","13",",,6,25,","1.3",",,6,25,","29.4","1,6,20,+","1831.3","6","276.3","1,6","1.3",",,,6","13",",,,6","8.94","1,6","19.13","1,,,6","-1.25",",,,6"
"USC00295056","1934-04","35.36667","-103.41667","1168.0","LOGAN, NM US","7.2","6","7.2","1,6","1",",6","1",",6","0",",6","","","0",",6","0",",6","2",",6","0","1,6","21","1,6","0","1,6","","","19340405",",,6","","","19340430","+,,6","","","19340414",",,6","19340429","+,1,6","-3.3",",6,05,","","","0",",,6,30,+","8.4",",,6,14,","30.0","1,6,29,+","1934.6","6","103.3","1,6","8.4",",,,6","0",",,,6","15.06","1,6","23.89","1,,,6","6.24",",,,6"
"USC00295056","1934-05","35.36667","-103.41667","1168.0","LOGAN, NM US","118.8","6","111.6",",6","6",",6","2",",6","0",",6","","","0",",6","0",",6","0",",6","0",",6","29",",6","13",",6","","","19340515",",,6","","","19340531","+,,6","","","19340512",",,6","19340529",",,6","4.4",",6,15,","","","0",",,6,31,+","6.1",",,6,12,","37.2",",6,29,","1947.1","6","12.5",",6","11.4",",,,6","0",",,,6","21.53",",6","29.93",",,,6","13.13",",,,6"
"USC00295056","1934-06","35.36667","-103.41667","1168.0","LOGAN, NM US","325.3","6","206.5","1,6","3",",6","1",",6","0",",6","","","0",",6","0","1,6","0","1,6","0",",6","30",",6","25",",6","","","19340617","+,1,6","","","19340630","+,,6","","","19340604",",,6","19340619",",,6","10.6","1,6,17,+","","","0",",,6,30,+","17.5",",,6,04,","40.0",",6,19,","1947.1","6","0.0",",6","20.1",",,,6","0",",,,6","25.49","1,6","34.80",",,,6","16.18","1,,,6"
"USC00295056","1934-07","35.36667","-103.41667","1168.0","LOGAN, NM US","648.5","6","323.2",",6","7",",6","4",",6","1",",6","","","0",",6","0",",6","0",",6","0",",6","31",",6","30",",6","","","19340707",",,6","","","19340731","+,,6","","","19340715",",,6","19340731","+,,6","16.1",",6,07,","","","0",",,6,31,+","29.0",",,6,15,","41.1",",6,31,+","0.0","6","0.0",",6","68.2",",,,6","0",",,,6","28.76",",6","36.95",",,,6","20.56",",,,6"
"USC00295056","1934-08","35.36667","-103.41667","1168.0","LOGAN, NM US","924.6","6","276.1",",6","7",",6","4",",6","0",",6","","","0",",6","0",",6","0",",6","0",",6","31",",6","24",",6","","","19340825",",,6","","","19340831","+,,6","","","19340826",",,6","19340815","+,,6","13.3",",6,25,","","","0",",,6,31,+","15.7",",,6,26,","38.3",",6,15,+","0.0","6","0.0",",6","42.7",",,,6","0",",,,6","27.24",",6","34.47",",,,6","20.01",",,,6"
"USC00295056","1934-09","35.36667","-103.41667","1168.0","LOGAN, NM US","994.0","6","69.4","3,6","5",",6","3",",6","0",",6","","","0",",6","0",",6","0",",6","0","3,6","25","3,6","10","3,6","","","19340926",",,6","","","19340930","+,,6","","","19340901",",,6","19340913",",3,6","2.2",",6,26,","","","0",",,6,30,+","6.6",",,6,01,","36.1","3,6,13,","17.9","6","17.9","3,6","14.4",",,,6","0",",,,6","20.41","3,6","29.71","3,,,6","11.12",",,,6"
"USC00295056","1934-10","35.36667","-103.41667","1168.0","LOGAN, NM US","1017.4","6","23.4",",6","2",",6","2",",6","0",",6","","","0",",6","0",",6","1",",6","0",",6","29",",6","3",",6","","","19341028",",,6","","","19341031","+,,6","","","19341018",",,6","19341008",",,6","-1.7",",6,28,","","","0",",,6,31,+","7.4",",,6,18,","33.9",",6,08,","86.9","6","69.0",",6","13.2",",,,6","0",",,,6","16.86",",6","26.61",",,,6","7.11",",,,6"
"USC00295056","1934-11","35.36667","-103.41667","1168.0","LOGAN, NM US","1017.4","6","0.0",",6","1",",6","0",",6","0",",6","","","0",",6","0",",6","12",",6","0",",6","10",",6","0",",6","","","19341130",",,6","","","19341130","+,,6","","","19341117",",,6","19341107",",,6","-7.2",",6,30,","","","0",",,6,30,+","1.0",",,6,17,","27.8",",6,07,","369.6","6","282.7",",6","1.0",",,,6","0",",,,6","8.91",",6","17.40",",,,6","0.42",",,,6"
"USC00295056","1934-12","35.36667","-103.41667","1168.0","LOGAN, NM US","1017.4","6","0.0","1,6","1",",6","0",",6","0",",6","","","0",",6","0","1,6","21","1,6","0",",6","0",",6","0",",6","","","19341203",",1,6","","","19341231","+,,6","","","19341213",",,6","19341222","+,,6","-12.8","1,6,03,","","","0",",,6,31,+","0.3",",,6,13,","20.0",",6,22,+","762.3","6","392.7",",6","0.3",",,,6","0",",,,6","5.32","1,6","13.95",",,,6","-3.31","1,,,6"
"USC00295056","1935-01","35.36667","-103.41667","1168.0","LOGAN, NM US","0.0","6","0.0","2,6","1",",6","1",",6","0",",6","","","0",",6","0","2,6","22","2,6","0",",6","1",",6","0",",6","","","19350121",",2,6","","","19350131","+,,6","","","19350107",",,6","19350126",",,6","-17.2","2,6,21,","","","0",",,6,31,+","10.2",",,6,07,","21.1",",6,26,","1136.6","6","374.3",",6","10.2",",,,6","0",",,,6","5.32","2,6","12.88",",,,6","-2.25","2,,,6"
"USC00295056","1935-02","35.36667","-103.41667","1168.0","LOGAN, NM US","0.0","6","0.0","3,6","0",",6","0",",6","0",",6","","","0",",6","0","1,6","22","1,6","0","2,6","4","2,6","0","2,6","","","19350226",",1,6","","","19350228","+,,6","","","19350228","+,,6","19350221","+,2,6","-14.4","1,6,26,","","","0",",,6,28,+","0.0",",,6,28,+","24.4","2,6,21,+","1451.7","6","315.1","2,6","0.0",",,,6","0",",,,6","5.80","3,6","14.88","2,,,6","-3.29","1,,,6"
"USC00295056","1935-03","35.36667","-103.41667","1168.0","LOGAN, NM US","0.0","6","0.0",",6","2",",6","1",",6","0",",6","","","0",",6","0",",6","8",",6","0",",6","15",",6","0",",6","","","19350312","+,,6","","","19350311",",,6","","","19350311",",,6","19350322",",,6","-3.9",",6,12,+","","","13",",,6,11,","2.5",",,6,11,","31.1",",6,22,","1673.7","6","222.0",",6","3.3",",,,6","13",",,,6","11.17",",6","20.46",",,,6","1.88",",,,6"
"USC00295056","1935-04","35.36667","-103.41667","1168.0","LOGAN, NM US","12.0","6","12.0","1,6","1",",6","1",",6","0",",6","","","0",",6","0","1,6","2","1,6","0","1,6","22","1,6","3","1,6","","","19350412",",1,6","","","19350430","+,,6","","","19350419",",,6","19350423",",1,6","-1.7","1,6,12,","","","0",",,6,30,+","5.3",",,6,19,","33.9","1,6,23,","1781.2","6","107.5","1,6","5.3",",,,6","0",",,,6","15.04","1,6","24.66","1,,,6","5.42","1,,,6"
"USC00295056","1935-05","35.36667","-103.41667","1168.0","LOGAN, NM US","40.3","6","28.3","2,6","6",",6","5",",6","0",",6","","","1",",6","0","1,6","1","1,6","0","2,6","21","2,6","2","2,6","","","19350504",",1,6","","","19350503",",,6","","","19350514",",,6","19350530",",2,6","-0.6","1,6,04,","","","76",",,6,03,","18.5",",,6,14,","33.9","2,6,30,","1861.7","6","80.5","2,6","59.2",",,,6","76",",,,6","16.43","2,6","24.14","2,,,6","8.72","1,,,6"
"USC00295056","1935-06","35.36667","-103.41667","1168.0","LOGAN, NM US","204.3","6","164.0",",6","7",",6","4",",6","0",",6","","","0",",6","0",",6","0",",6","0",",6","30",",6","17",",6","","","19350607",",,6","","","19350630","+,,6","","","19350605",",,6","19350620",",,6","9.4",",6,07,","","","0",",,6,30,+","8.9",",,6,05,","40.0",",6,20,","1862.0","6","0.3",",6","21.8",",,,6","0",",,,6","23.79",",6","32.80",",,,6","14.78",",,,6"
"USC00295056","1935-07","35.36667","-103.41667","1168.0","LOGAN, NM US","474.5","6","270.2",",6","6",",6","3",",6","1",",6","","","0",",6","0",",6","0",",6","0",",6","31",",6","27",",6","","","19350719","+,,6","","","19350731","+,,6","","","19350701",",,6","19350708",",,6","15.6",",6,19,+","","","0",",,6,31,+","31.2",",,6,01,","38.9",",6,08,","0.0","6","0.0",",6","42.3",",,,6","0",",,,6","27.05",",6","35.19",",,,6","18.91",",,,6"
"USC00295056","1935-08","35.36667","-103.41667","1168.0","LOGAN, NM US","696.1","6","221.6",",6","9",",6","5",",6","2",",6","","","0",",6","0",",6","0",",6","0",",6","31",",6","22",",6","","","19350824",",,6","","","19350831","+,,6","","","19350803",",,6","19350802",",,6","13.3",",6,24,","","","0",",,6,31,+","33.5",",,6,03,","38.9",",6,02,","0.0","6","0.0",",6","83.6",",,,6","0",",,,6","25.48",",6","33.21",",,,6","17.75",",,,6"
"USC00295056","1935-09","35.36667","-103.41667","1168.0","LOGAN, NM US","779.1","6","83.0","2,6","6",",6","5",",6","0",",6","","","0",",6","0",",6","0",",6","0","2,6","24","2,6","11","2,6","","","19350929","+,,6","","","19350930","+,,6","","","19350908",",,6","19350913",",2,6","1.7",",6,29,+","","","0",",,6,30,+","6.6",",,6,08,","35.0","2,6,13,","41.6","6","41.6","2,6","25.4",",,,6","0",",,,6","19.96","2,6","27.90","2,,,6","12.02",",,,6"
"USC00295056","1935-10","35.36667","-103.41667","1168.0","LOGAN, NM US","790.6","6","11.5","2,6","3",",6","2",",6","0",",6","","","0",",6","0","1,6","2","1,6","0","1,6","23","1,6","0","1,6","","","19351025",",1,6","","","19351031","+,,6","","","19351020",",,6","19351002",",1,6","-1.1","1,6,25,","","","0",",,6,31,+","5.1",",,6,20,","31.7","1,6,02,","145.3","6","103.7","1,6","8.1",",,,6","0",",,,6","14.96","2,6","23.93","1,,,6","5.99","1,,,6"
"USC00295056","1935-11","35.36667","-103.41667","1168.0","LOGAN, NM US","790.6","6","0.0",",6","3",",6","3",",6","0",",6","","","0",",6","0",",6","23",",6","0",",6","8",",6","0",",6","","","19351105",",,6","","","19351130","+,,6","","","19351126",",,6","19351109","+,,6","-8.9",",6,05,","","","0",",,6,30,+","17.3",",,6,26,","24.4",",6,09,+","489.2","6","343.9",",6","38.1",",,,6","0",",,,6","6.87",",6","15.63",",,,6","-1.89",",,,6"
"USC00295056","1935-12","35.36667","-103.41667","1168.0","LOGAN, NM US","790.6","6","0.0",",6","1",",6","1",",6","0",",6","","","0",",6","0",",6","30",",6","1",",6","0",",6","0",",6","","","19351229",",,6","","","19351231","+,,6","","","19351205",",,6","19351213",",,6","-8.9",",6,29,","","","0",",,6,31,+","5.1",",,6,05,","16.7",",6,13,","986.7","6","497.5",",6","5.1",",,,6","0",",,,6","2.29",",6","9.70",",,,6","-5.13",",,,6"
"USC00295056","1936-01","35.36667","-103.41667","1168.0","LOGAN, NM US","0.0","6","0.0",",6","5",",6","4",",6","0",",6","","","4",",6","2",",6","31",",6","4",",6","0",",6","0",",6","","","19360130",",,6","","","19360108",",,6","","","19360130",",,6","19360116",",,6","-20.6",",6,30,","","","102",",,6,08,","6.4",",,6,30,","20.0",",6,16,","1540.4","6","553.7",",6","20.9",",,,6","275",",,,6","0.47",",6","8.28",",,,6","-7.34",",,,6"
"USC00295056","1936-02","35.36667","-103.41667","1168.0","LOGAN, NM US","0.0","6","0.0","1,6","1",",6","0",",6","0",",6","","","1",",6","0","1,6","23","1,6","2",",6","3",",6","0",",6","","","19360208",",1,6","","","19360219",",,6","","","19360219",",,6","19360224",",,6","-16.7","1,6,08,","","","25",",,6,19,","2.0",",,6,19,","23.9",",6,24,","1972.1","6","431.7",",6","2.0",",,,6","25",",,,6","2.80","1,6","12.39",",,,6","-6.78","1,,,6"
"USC00295056","1936-03","35.36667","-103.41667","1168.0","LOGAN, NM US","0.0","6","0.0",",6","1",",6","0",",6","0",",6","","","0",",6","0",",6","23",",6","0",",6","18",",6","0",",6","","","19360324",",,6","","","19360331","+,,6","","","19360307",",,6","19360318","+,,6","-6.1",",6,24,","","","0",",,6,31,+","0.5",",,6,07,","25.6",",6,18,+","2245.5","6","273.4",",6","0.5",",,,6","0",",,,6","9.51",",6","19.82",",,,6","-0.79",",,,6"
"USC00295056","1936-04","35.36667","-103.41667","1168.0","LOGAN, NM US","10.1","6","10.1",",6","2",",6","1",",6","0",",6","","","0",",6","0",",6","8",",6","0",",6","21",",6","1",",6","","","19360406","+,,6","","","19360430","+,,6","","","19360421",",,6","19360414",",,6","-9.4",",6,06,+","","","0",",,6,30,+","5.3",",,6,21,","32.2",",6,14,","2406.6","6","161.1",",6","6.3",",,,6","0",",,,6","13.30",",6","23.37",",,,6","3.23",",,,6"
"USC00295056","1936-05","35.36667","-103.41667","1168.0","LOGAN, NM US","71.6","6","61.5","1,6","10",",6","7",",6","1",",6","","","0",",6","0","1,6","0","1,6","0",",6","27",",6","3",",6","","","19360509",",1,6","","","19360531","+,,6","","","19360519",",,6","19360505",",,6","4.4","1,6,09,","","","0",",,6,31,+","34.0",",,6,19,","33.9",",6,05,","2434.4","6","27.8",",6","99.6",",,,6","0",",,,6","19.49","1,6","26.76",",,,6","12.22","1,,,6"
"USC00295056","1936-06","35.36667","-103.41667","1168.0","LOGAN, NM US","254.1","6","182.5","1,6","4",",6","3",",6","0",",6","","","0",",6","0","1,6","0","1,6","0",",6","30",",6","18",",6","","","19360603","+,1,6","","","19360630","+,,6","","","19360624",",,6","19360627",",,6","11.7","1,6,03,+","","","0",",,6,30,+","20.1",",,6,24,","40.6",",6,27,","2434.4","6","0.0",",6","33.3",",,,6","0",",,,6","24.67","1,6","33.69",",,,6","15.65","1,,,6"
"USC00295056","1936-07","35.36667","-103.41667","1168.0","LOGAN, NM US","494.9","6","240.8",",6","5",",6","2",",6","0",",6","","","","","0",",6","0",",6","0",",6","31",",6","26",",6","","","19360702",",,6","","","","","","","19360701",",,6","19360728","+,,6","13.9",",6,02,","","","","","10.9",",,6,01,","37.8",",6,28,+","0.0","6","0.0",",6","18.1",",,,6","","","26.10",",6","34.82",",,,6","17.38",",,,6"
"USC00295056","1936-08","35.36667","-103.41667","1168.0","LOGAN, NM US","725.0","6","230.1",",6","3",",6","3",",6","0",",6","","","0",",6","0",",6","0",",6","0",",6","31",",6","26",",6","","","19360830","+,,6","","","19360831","+,,6","","","19360828",",,6","19360814","+,,6","13.9",",6,30,+","","","0",",,6,31,+","20.3",",,6,28,","40.6",",6,14,+","0.0","6","0.0",",6","33.5",",,,6","0",",,,6","25.75",",6","35.27",",,,6","16.24",",,,6"
"USC00295056","1936-09","35.36667","-103.41667","1168.0","LOGAN, NM US","844.0","6","119.0",",6","6",",6","4",",6","0",",6","","","0",",6","0",",6","3",",6","0",",6","26",",6","13",",6","","","19360929","+,,6","","","19360930","+,,6","","","19360928",",,6","19360902",",,6","0.0",",6,29,+","","","0",",,6,30,+","8.9",",,6,28,","36.1",",6,02,","56.6","6","56.6",",6","25.4",",,,6","0",",,,6","20.41",",6","27.65",",,,6","13.18",",,,6"
"USC00295056","1936-10","35.36667","-103.41667","1168.0","LOGAN, NM US","851.0","6","7.0",",6","2",",6","0",",6","0",",6","","","0",",6","0",",6","6",",6","0",",6","19",",6","0",",6","","","19361027",",,6","","","19361023",",,6","","","19361022",",,6","19361013","+,,6","-3.9",",6,27,","","","0",",T,6,23,","2.0",",,6,22,","31.7",",6,13,+","222.5","6","165.9",",6","2.8",",,,6","0",",T,,6","13.21",",6","22.04",",,,6","4.38",",,,6"
"USC00295056","1936-11","35.36667","-103.41667","1168.0","LOGAN, NM US","851.0","6","0.0","1,6","0",",6","0",",6","0",",6","","","0",",6","0","1,6","22","1,6","0","1,6","3","1,6","0","1,6","","","19361103",",1,6","","","19361130","+,,6","","","19361130","+,,6","19361101",",1,6","-12.8","1,6,03,","","","0",",,6,30,+","0.0",",,6,30,+","23.9","1,6,01,","571.1","6","348.6","1,6","0.0",",,,6","0",",,,6","6.31","1,6","16.30","1,,,6","-3.68","1,,,6"
"USC00295056","1936-12","35.36667","-103.41667","1168.0","LOGAN, NM US","","","","","4",",6","2",",6","0",",6","","","1",",6","","","","","","","","","","","","","","","","","19361202",",,6","","","19361205","+,,6","","","","","","","25",",,6,02,","11.4",",,6,05,+","","","","","","","26.4",",,,6","45",",,,6","","","","","",""
"USC00295056","1937-01","35.36667","-103.41667","1168.0","LOGAN, NM US","0.0","6","0.0","1,6","1","1,6","0","1,6","0","1,6","","","1",",6","1","1,6","30","1,6","3",",6","0",",6","0",",6","","","19370108",",1,6","","","19370108",",,6","","","19370108",",1,6","19370119",",,6","-18.3","1,6,08,","","","38",",,6,08,","2.3","1,,6,08,","17.8",",6,19,","","","594.1",",6","2.3","1,,,6","46",",,,6","-1.35","1,6","7.62",",,,6","-10.32","1,,,6"
"USC00295056","1937-02","35.36667","-103.41667","1168.0","LOGAN, NM US","0.0","6","0.0","2,6","1",",6","0",",6","0",",6","","","0",",6","0","1,6","23","1,6","2","2,6","2","2,6","0","2,6","","","19370210",",1,6","","","19370226","+,,6","","","19370217",",,6","19370207",",2,6","-14.4","1,6,10,","","","0",",T,6,26,+","0.3",",,6,17,","23.9","2,6,07,","","","368.6","2,6","0.3",",,,6","0",",T,,6","4.01","2,6","13.88","2,,,6","-5.86","1,,,6"
"USC00295056","1937-03","35.36667","-103.41667","1168.0","LOGAN, NM US","","","","","3",",6","2",",6","0",",6","","","0",",6","0","2,6","18","2,6","1","3,6","4","3,6","0","3,6","","","19370301",",2,6","","","19370329","+,,6","","","19370308",",,6","19370318",",3,6","-7.8","2,6,01,","","","20",",,6,29,+","16.3",",,6,08,","27.2","3,6,18,","","","","","21.4",",,,6","40",",,,6","6.25","4,6","13.69","3,,,6","-1.18","2,,,6"
"USC00295056","1937-04","35.36667","-103.41667","1168.0","LOGAN, NM US","","","9.2","1,6","3",",6","2",",6","0",",6","","","0",",6","0","1,6","4","1,6","0","1,6","20","1,6","2","1,6","","","19370409","+,1,6","","","19370404",",,6","","","19370419",",,6","19370416",",1,6","-1.1","1,6,09,+","","","0",",T,6,04,","13.0",",,6,19,","34.4","1,6,16,","","","127.8","1,6","25.7",",,,6","0",",T,,6","14.24","1,6","23.54","1,,,6","4.94","1,,,6"
"USC00295056","1937-05","35.36667","-103.41667","1168.0","LOGAN, NM US","","","57.0","1,6","10",",6","7",",6","2",",6","","","0",",6","0","1,6","0","1,6","0","1,6","27","1,6","6","1,6","","","19370505",",1,6","","","19370531","+,,6","","","19370529",",,6","19370518",",1,6","5.6","1,6,05,","","","0",",,6,31,+","37.1",",,6,29,","33.9","1,6,18,","","","19.0","1,6","134.1",",,,6","0",",,,6","19.60","1,6","27.17","1,,,6","12.03","1,,,6"
"USC00295056","1937-06","35.36667","-103.41667","1168.0","LOGAN, NM US","","","","","4",",6","4",",6","0",",6","","","0",",6","","","","","","","","","","","","","","","","","19370630","+,,6","","","19370602",",,6","","","","","","","0",",,6,30,+","24.9",",,6,02,","","","","","","","50.6",",,,6","0",",,,6","","","","","",""
"USC00295056","1937-07","35.36667","-103.41667","1168.0","LOGAN, NM US","","","214.0","3,6","7",",6","7",",6","0",",6","","","0",",6","0","3,6","0","3,6","0","3,6","28","3,6","25","3,6","","","19370721",",3,6","","","19370731","+,,6","","","19370721",",,6","19370724",",3,6","10.6","3,6,21,","","","0",",,6,31,+","24.1",",,6,21,","39.4","3,6,24,","0.0","6","0.0","3,6","63.3",",,,6","0",",,,6","25.98","3,6","35.08","3,,,6","16.87","3,,,6"
"USC00295056","1937-08","35.36667","-103.41667","1168.0","LOGAN, NM US","","","242.1","1,6","7",",6","3",",6","0",",6","","","0",",6","0","1,6","0","1,6","0","1,6","30","1,6","26","1,6","","","19370822","+,1,6","","","19370831","+,,6","","","19370820",",,6","19370810",",1,6","15.0","1,6,22,+","","","0",",,6,31,+","9.1",",,6,20,","40.0","1,6,10,","0.0","6","0.0","1,6","25.2",",,,6","0",",,,6","26.40","1,6","35.20","1,,,6","17.60","1,,,6"
"USC00295056","1937-09","35.36667","-103.41667","1168.0","LOGAN, NM US","","","112.0",",6","5",",6","4",",6","2",",6","","","0",",6","0",",6","0",",6","0",",6","29",",6","6",",6","","","19370927",",,6","","","19370930","+,,6","","","19370905",",,6","19370903","+,,6","5.0",",6,27,","","","0",",,6,30,+","59.4",",,6,05,","37.2",",6,03,+","10.0","6","10.0",",6","99.0",",,,6","0",",,,6","21.73",",6","29.79",",,,6","13.67",",,,6"
"USC00295056","1937-10","35.36667","-103.41667","1168.0","LOGAN, NM US","","","5.0","1,6","3",",6","2",",6","1",",6","","","0",",6","0","1,6","2","1,6","0",",6","21",",6","0",",6","","","19371019",",1,6","","","19371031","+,,6","","","19371016",",,6","19371004",",,6","-0.6","1,6,19,","","","0",",,6,31,+","27.9",",,6,16,","31.7",",6,04,","119.8","6","109.8",",6","32.5",",,,6","0",",,,6","14.76","1,6","24.09",",,,6","5.43","1,,,6"
"USC00295056","1937-11","35.36667","-103.41667","1168.0","LOGAN, NM US","","","0.0","1,6","0",",6","0",",6","0",",6","","","0",",6","0","1,6","19","1,6","0","1,6","8","1,6","0","1,6","","","19371119",",1,6","","","19371127",",,6","","","19371127",",,6","19371101",",1,6","-12.2","1,6,19,","","","0",",T,6,27,","0.0",",T,6,27,","27.2","1,6,01,","433.5","6","313.7","1,6","0.0",",T,,6","0",",T,,6","7.52","1,6","17.26","1,,,6","-2.22","1,,,6"
"USC00295056","1937-12","35.36667","-103.41667","1168.0","LOGAN, NM US","","","","","1",",6","1",",6","0",",6","","","1",",6","","","","","","","","","","","","","","","","","19371213",",,6","","","19371213",",,6","","","","","","","51",",,6,13,","10.4",",,6,13,","","","","","","","10.4",",,,6","51",",,,6","","","","","",""
"USC00295056","1938-01","35.36667","-103.41667","1168.0","LOGAN, NM US","","","","","0",",6","0",",6","0",",6","","","0",",6","","","","","","","","","","","","","","","","","19380131","+,,6","","","19380131","+,,6","","","","","","","0",",,6,31,+","0.0",",,6,31,+","","","","","","","0.0",",,,6","0",",,,6","","","","","",""
"USC00295056","1938-02","35.36667","-103.41667","1168.0","LOGAN, NM US","","","","","3","2,6","3","2,6","1","2,6","","","4",",6","","","","","","","","","","","","","","","","","19380220",",,6","","","19380221",",2,6","","","","","","","178",",,6,20,","38.1","2,,6,21,","","","","","","","49.0","2,,,6","368",",,,6","","","","","",""
"USC00295056","1938-08","35.36667","-103.41667","1168.0","LOGAN, NM US","","","","","0",",6","0",",6","0",",6","","","0",",6","","","","","0",",6","31",",6","30",",6","","","","","","","19380831","+,,6","","","19380817","+,,6","19380819",",,6","","","","","0",",,6,31,+","0.0",",T,6,17,+","40.0",",6,19,","","","","","0.0",",T,,6","0",",,,6","","","36.25",",,,6","",""
"USC00295056","1938-09","35.36667","-103.41667","1168.0","LOGAN, NM US","","","","","8",",6","7",",6","0",",6","","","0",",6","","","","","","","","","","","","","","","","","19380930","+,,6","","","19380904",",,6","","","","","","","0",",,6,30,+","10.4",",,6,04,","","","","","","","52.0",",,,6","0",",,,6","","","","","",""
"USC00295056","1938-11","35.36667","-103.41667","1168.0","LOGAN, NM US","","","0.0",",6","1",",6","1",",6","0",",6","","","1",",6","0",",6","22",",6","0",",6","11",",6","0",",6","","","19381124",",,6","","","19381117",",,6","","","19381117",",,6","19381101",",,6","-15.0",",6,24,","","","51",",,6,17,","5.1",",,6,17,","28.9",",6,01,","","","350.1",",6","5.1",",,,6","51",",,,6","6.66",",6","16.38",",,,6","-3.06",",,,6"
"USC00295056","1938-12","35.36667","-103.41667","1168.0","LOGAN, NM US","","","0.0","1,6","1",",6","1",",6","0",",6","","","1",",6","0","1,6","29","1,6","0","1,6","3","1,6","0","1,6","","","19381214",",1,6","","","19381220",",,6","","","19381220",",,6","19381210",",1,6","-11.7","1,6,14,","","","51",",,6,20,","10.7",",,6,20,","22.8","1,6,10,","","","427.6","1,6","10.7",",,,6","51",",,,6","4.08","1,6","13.10","1,,,6","-4.95","1,,,6"
"USC00295056","1939-01","35.36667","-103.41667","1168.0","LOGAN, NM US","0.0","6","0.0","1,6","3",",6","3",",6","0",",6","","","2",",6","0","1,6","25","1,6","0",",6","1",",6","0",",6","","","19390105",",1,6","","","19390116",",,6","","","19390108",",,6","19390102",",,6","-11.1","1,6,05,","","","51",",,6,16,","24.4",",,6,08,","22.2",",6,02,","","","404.4",",6","32.0",",,,6","76",",,,6","4.87","1,6","12.46",",,,6","-2.73","1,,,6"
"USC00295056","1939-02","35.36667","-103.41667","1168.0","LOGAN, NM US","0.0","6","0.0","2,6","0","5,6","0","5,6","0","5,6","","","1",",6","1","2,6","24","2,6","1","2,6","0","2,6","0","2,6","","","19390203",",2,6","","","19390202",",,6","","","19390227","+,5,6","19390215",",2,6","-21.1","2,6,03,","","","51",",,6,02,","0.0","5,T,6,27,+","18.3","2,6,15,","","","448.5","2,6","0.0","5,T,,6","51",",,,6","1.08","2,6","9.19","2,,,6","-7.02","2,,,6"
"USC00295056","1939-03","35.36667","-103.41667","1168.0","LOGAN, NM US","0.0","6","0.0",",6","2",",6","1",",6","0",",6","","","2",",6","0",",6","17",",6","0",",6","17",",6","0",",6","","","19390306","+,,6","","","19390301",",,6","","","19390301",",,6","19390319",",,6","-9.4",",6,06,+","","","51",",,6,01,","3.0",",,6,01,","27.8",",6,19,","","","247.9",",6","4.5",",,,6","76",",,,6","10.34",",6","19.90",",,,6","0.77",",,,6"
"USC00295056","1939-04","35.36667","-103.41667","1168.0","LOGAN, NM US","9.0","6","9.0","3,6","4",",6","4",",6","0",",6","","","1",",6","0","3,6","4","3,6","0","3,6","20","3,6","1","3,6","","","19390406",",3,6","","","19390406",",,6","","","19390404",",,6","19390423",",3,6","-4.4","3,6,06,","","","51",",,6,06,","23.9",",,6,04,","32.2","3,6,23,","","","102.6","3,6","41.6",",,,6","51",",,,6","14.86","3,6","24.02","3,,,6","5.71","3,,,6"
"USC00295056","1939-05","35.36667","-103.41667","1168.0","LOGAN, NM US","70.4","6","61.4","2,6","5",",6","5",",6","0",",6","","","0",",6","0","2,6","0","2,6","0",",6","30",",6","5",",6","","","19390517","+,2,6","","","19390531","+,,6","","","19390528",",,6","19390519",",,6","6.1","2,6,17,+","","","0",",,6,31,+","12.2",",,6,28,","35.0",",6,19,","","","20.3",",6","49.1",",,,6","0",",,,6","19.75","2,6","27.58",",,,6","11.91","2,,,6"
"USC00295056","1939-06","35.36667","-103.41667","1168.0","LOGAN, NM US","257.3","6","186.9","1,6","5",",6","4",",6","0",",6","","","0",",6","0","1,6","0","1,6","0",",6","30",",6","20",",6","","","19390623","+,1,6","","","19390630","+,,6","","","19390621",",,6","19390614",",,6","10.0","1,6,23,+","","","0",",,6,30,+","17.3",",,6,21,","41.7",",6,14,","","","0.0",",6","38.4",",,,6","0",",,,6","24.79","1,6","33.84",",,,6","15.74","1,,,6"
"USC00295056","1939-07","35.36667","-103.41667","1168.0","LOGAN, NM US","504.9","6","247.6",",6","6",",6","5",",6","0",",6","","","0",",6","0",",6","0",",6","0",",6","31",",6","27",",6","","","19390712",",,6","","","19390731","+,,6","","","19390718",",,6","19390720",",,6","10.6",",6,12,","","","0",",,6,31,+","24.1",",,6,18,","39.4",",6,20,","0.0","6","0.0",",6","57.0",",,,6","0",",,,6","26.32",",6","34.78",",,,6","17.85",",,,6"
"USC00295056","1939-08","35.36667","-103.41667","1168.0","LOGAN, NM US","709.4","6","204.5","1,6","9",",6","4",",6","0",",6","","","0",",6","0",",6","0",",6","0","1,6","30","1,6","25","1,6","","","19390808",",,6","","","19390831","+,,6","","","19390802",",,6","19390831","+,1,6","11.1",",6,08,","","","0",",,6,31,+","8.1",",,6,02,","37.2","1,6,31,+","0.0","6","0.0","1,6","26.6",",,,6","0",",,,6","25.22","1,6","33.86","1,,,6","16.57",",,,6"
"USC00295056","1939-09","35.36667","-103.41667","1168.0","LOGAN, NM US","870.2","6","160.8","1,6","2",",6","2",",6","0",",6","","","0",",6","0","1,6","0","1,6","0",",6","29",",6","18",",6","","","19390930",",1,6","","","19390930","+,,6","","","19390916",",,6","19390903",",,6","5.0","1,6,30,","","","0",",,6,30,+","15.7",",,6,16,","40.0",",6,03,","9.8","6","9.8",",6","21.3",",,,6","0",",,,6","23.51","1,6","32.22",",,,6","14.80","1,,,6"
"USC00295056","1939-10","35.36667","-103.41667","1168.0","LOGAN, NM US","880.8","6","10.6",",6","2",",6","2",",6","0",",6","","","0",",6","0",",6","2",",6","0",",6","25",",6","1",",6","","","19391030",",,6","","","19391031","+,,6","","","19391007",",,6","19391006",",,6","-3.3",",6,30,","","","0",",,6,31,+","13.0",",,6,07,","32.2",",6,06,","119.2","6","109.4",",6","22.1",",,,6","0",",,,6","15.15",",6","24.68",",,,6","5.61",",,,6"
"USC00295056","1939-11","35.36667","-103.41667","1168.0","LOGAN, NM US","880.8","6","0.0","3,6","1",",6","1",",6","0",",6","","","0",",6","0","1,6","19","1,6","0","3,6","7","3,6","0","3,6","","","19391126",",1,6","","","19391130","+,,6","","","19391129",",,6","19391109","+,3,6","-8.3","1,6,26,","","","0",",,6,30,+","11.4",",,6,29,","24.4","3,6,09,+","439.3","6","320.1","3,6","11.4",",,,6","0",",,,6","6.62","3,6","15.88","3,,,6","-2.64","1,,,6"
"USC00295056","1939-12","35.36667","-103.41667","1168.0","LOGAN, NM US","880.8","6","0.0","4,6","2",",6","2",",6","1",",6","","","2",",6","3","4,6","25","4,6","4","3,6","8","3,6","0","3,6","","","19391227",",4,6","","","19391225",",,6","","","19391225",",,6","19391211",",3,6","-23.9","4,6,27,","","","254",",,6,25,","25.4",",,6,25,","25.0","3,6,11,","846.0","6","406.7","3,6","37.3",",,,6","381",",,,6","3.15","4,6","13.03","3,,,6","-6.73","4,,,6"
"USC00295056","1940-01","35.36667","-103.41667","1168.0","LOGAN, NM US","0.0","6","0.0","3,6","3",",6","2",",6","0",",6","","","3",",6","1","2,6","28","2,6","7","1,6","0","1,6","0","1,6","","","19400107",",2,6","","","19400106","+,,6","","","19400106","+,,6","19400129",",1,6","-18.9","2,6,07,","","","51",",,6,06,+","4.8",",,6,06,+","19.4","1,6,29,","1412.5","6","566.5","1,6","11.9",",,,6","127",",,,6","-1.68","3,6","5.34","1,,,6","-8.71","2,,,6"
"USC00295056","1940-02","35.36667","-103.41667","1168.0","LOGAN, NM US","0.0","6","0.0",",6","2",",6","2",",6","0",",6","","","2",",6","0",",6","23",",6","0",",6","5",",6","0",",6","","","19400213","+,,6","","","19400202",",,6","","","19400202",",,6","19400228",",,6","-13.3",",6,13,+","","","76",",,6,02,","5.1",",,6,02,","31.1",",6,28,","1802.8","6","390.3",",6","8.9",",,,6","127",",,,6","4.88",",6","13.66",",,,6","-3.90",",,,6"
"USC00295056","1940-03","35.36667","-103.41667","1168.0","LOGAN, NM US","0.3","6","0.3","4,6","1",",6","1",",6","0",",6","","","1",",6","0","4,6","14","4,6","0","2,6","13","2,6","0","2,6","","","19400313",",4,6","","","19400304",",,6","","","19400304",",,6","19400331",",2,6","-11.1","4,6,13,","","","102",",,6,04,","17.8",",,6,04,","30.0","2,6,31,","2033.4","6","230.6","2,6","17.8",",,,6","102",",,,6","9.67","4,6","19.39","2,,,6","-0.05","4,,,6"
"USC00295056","1940-04","35.36667","-103.41667","1168.0","LOGAN, NM US","7.5","6","7.2","3,6","1",",6","1",",6","0",",6","","","1",",6","0","3,6","5","3,6","0","2,6","20","2,6","1","2,6","","","19400412",",3,6","","","19400406",",,6","","","19400406",",,6","19400420",",2,6","-6.7","3,6,12,","","","152",",,6,06,","12.7",",,6,06,","32.2","2,6,20,","2159.3","6","125.9","2,6","12.7",",,,6","152",",,,6","13.84","3,6","23.59","2,,,6","4.09","3,,,6"
"USC00295056","1940-05","35.36667","-103.41667","1168.0","LOGAN, NM US","60.8","6","53.3",",6","3",",6","3",",6","1",",6","","","","","0",",6","0",",6","0",",6","29",",6","8",",6","","","19400510",",,6","","","","","","","19400522",",,6","19400505","+,,6","4.4",",6,10,","","","","","26.9",",,6,22,","35.6",",6,05,+","2182.4","6","23.1",",6","42.7",",,,6","","","19.31",",6","28.59",",,,6","10.03",",,,6"
"USC00295056","1940-06","35.36667","-103.41667","1168.0","LOGAN, NM US","212.9","6","152.1",",6","2",",6","1",",6","0",",6","","","0",",6","0",",6","0",",6","0",",6","30",",6","16",",6","","","19400610",",,6","","","19400630","+,,6","","","19400609",",,6","19400627","+,,6","9.4",",6,10,","","","0",",,6,30,+","17.0",",,6,09,","38.9",",6,27,+","2184.9","6","2.5",",6","18.5",",,,6","0",",,,6","23.32",",6","32.10",",,,6","14.54",",,,6"
"USC00295056","1940-07","35.36667","-103.41667","1168.0","LOGAN, NM US","503.0","6","290.1",",6","5",",6","3",",6","0",",6","","","0",",6","0",",6","0",",6","0",",6","31",",6","28",",6","","","19400705",",,6","","","19400731","+,,6","","","19400705",",,6","19400726","+,,6","12.2",",6,05,","","","0",",,6,31,+","15.0",",,6,05,","41.1",",6,26,+","0.0","6","0.0",",6","31.5",",,,6","0",",,,6","27.69",",6","36.75",",,,6","18.64",",,,6"
"USC00295056","1940-08","35.36667","-103.41667","1168.0","LOGAN, NM US","693.1","6","190.1","1,6","7",",6","3",",6","0",",6","","","0",",6","0",",6","0",",6","0","1,6","30","1,6","19","1,6","","","19400828",",,6","","","19400831","+,,6","","","19400810",",,6","19400803",",1,6","12.2",",6,28,","","","0",",,6,31,+","9.4",",,6,10,","38.9","1,6,03,","0.0","6","0.0","1,6","29.3",",,,6","0",",,,6","24.69","1,6","32.81","1,,,6","16.57",",,,6"
"USC00295056","1940-09","35.36667","-103.41667","1168.0","LOGAN, NM US","","","","","1",",6","1",",6","0",",6","","","0",",6","","","","","0","1,6","29","1,6","18","1,6","","","","","","","19400930","+,,6","","","19400919",",,6","19400905",",1,6","","","","","0",",,6,30,+","7.6",",,6,19,","36.7","1,6,05,","","","","","7.6",",,,6","0",",,,6","","","32.27","1,,,6","",""
"USC00295056","1940-10","35.36667","-103.41667","1168.0","LOGAN, NM US","","","26.3","1,6","0",",6","0",",6","0",",6","","","0",",6","0","1,6","2","1,6","0","1,6","27","1,6","2","1,6","","","19401029",",1,6","","","19401031","+,,6","","","19401031","+,,6","19401008","+,1,6","-2.2","1,6,29,","","","0",",,6,31,+","0.0",",,6,31,+","32.2","1,6,08,+","","","54.7","1,6","0.0",",,,6","0",",,,6","17.39","1,6","26.80","1,,,6","7.97","1,,,6"
"USC00295056","1940-11","35.36667","-103.41667","1168.0","LOGAN, NM US","","","0.0","2,6","3","1,6","2","1,6","1","1,6","","","2",",6","0","1,6","20","1,6","0","1,6","8","1,6","0","1,6","","","19401113",",1,6","","","19401123",",,6","","","19401124",",1,6","19401103","+,1,6","-15.6","1,6,13,","","","178",",,6,23,","68.6","1,,6,24,","25.6","1,6,03,+","","","337.1","1,6","83.9","1,,,6","330",",,,6","6.13","2,6","14.05","1,,,6","-1.80","1,,,6"
"USC00295056","1940-12","35.36667","-103.41667","1168.0","LOGAN, NM US","","","0.0","1,6","1",",6","1",",6","0",",6","","","1",",6","0",",6","25",",6","2","1,6","1","1,6","0","1,6","","","19401216",",,6","","","19401212",",,6","","","19401212",",,6","19401209",",1,6","-11.7",",6,16,","","","51",",,6,12,","3.3",",,6,12,","23.3","1,6,09,","","","390.6","1,6","3.3",",,,6","51",",,,6","5.20","1,6","12.83","1,,,6","-2.44",",,,6"
"USC00295056","1941-01","35.36667","-103.41667","1168.0","LOGAN, NM US","0.0","6","0.0",",6","4",",6","3",",6","0",",6","","","1",",6","0",",6","25",",6","1",",6","0",",6","0",",6","","","19410118",",,6","","","19410101",",,6","","","19410113",",,6","19410119",",,6","-8.9",",6,18,","","","51",",,6,01,","15.2",",,6,13,","18.9",",6,19,","","","444.8",",6","23.1",",,,6","51",",,,6","3.99",",6","11.27",",,,6","-3.30",",,,6"
"USC00295056","1941-02","35.36667","-103.41667","1168.0","LOGAN, NM US","0.0","6","0.0",",6","1",",6","1",",6","0",",6","","","0",",6","0",",6","23",",6","0",",6","4",",6","0",",6","","","19410209",",,6","","","19410224","+,,6","","","19410223",",,6","19410214",",,6","-6.7",",6,09,","","","0",",T,6,24,+","8.4",",,6,23,","23.9",",6,14,","","","343.4",",6","8.4",",,,6","0",",T,,6","6.07",",6","13.57",",,,6","-1.43",",,,6"
"USC00295056","1941-03","35.36667","-103.41667","1168.0","LOGAN, NM US","0.0","6","0.0",",6","3",",6","2",",6","1",",6","","","0",",6","0",",6","16",",6","0",",6","6",",6","0",",6","","","19410311","+,,6","","","19410331","+,,6","","","19410321",",,6","19410301",",,6","-5.6",",6,11,+","","","0",",,6,31,+","30.5",",,6,21,","27.8",",6,01,","","","336.4",",6","53.1",",,,6","0",",,,6","7.48",",6","14.46",",,,6","0.50",",,,6"
"USC00295056","1941-04","35.36667","-103.41667","1168.0","LOGAN, NM US","3.3","6","3.3",",6","5",",6","4",",6","0",",6","","","0",",6","0",",6","0",",6","0",",6","17",",6","0",",6","","","19410419",",,6","","","19410430","+,,6","","","19410427",",,6","19410412",",,6","1.1",",6,19,","","","0",",,6,30,+","24.6",",,6,27,","28.9",",6,12,","","","148.9",",6","57.0",",,,6","0",",,,6","13.48",",6","20.32",",,,6","6.64",",,,6"
"USC00295056","1941-05","35.36667","-103.41667","1168.0","LOGAN, NM US","59.2","6","55.9","2,6","","","","","","","","","0",",6","0","1,6","0","1,6","0","2,6","22","2,6","3","2,6","","","19410506","+,1,6","","","19410531","+,,6","","","","","19410513",",2,6","8.9","1,6,06,+","","","0",",,6,31,+","","","35.0","2,6,13,","","","33.0","2,6","","","0",",,,6","19.13","2,6","25.81","2,,,6","12.45","1,,,6"
"USC00295056","1941-06","35.36667","-103.41667","1168.0","LOGAN, NM US","172.6","6","113.4","1,6","10",",6","8",",6","1",",6","","","0",",6","0",",6","0",",6","0","1,6","28","1,6","8","1,6","","","19410613","+,,6","","","19410630","+,,6","","","19410624",",,6","19410619",",1,6","11.1",",6,13,+","","","0",",,6,30,+","41.1",",,6,24,","36.7","1,6,19,","","","2.5","1,6","89.1",",,,6","0",",,,6","22.14","1,6","29.04","1,,,6","15.24",",,,6"
"USC00295056","1941-07","35.36667","-103.41667","1168.0","LOGAN, NM US","358.5","6","185.9",",6","15",",6","10",",6","1",",6","","","0",",6","0",",6","0",",6","0",",6","31",",6","16",",6","","","19410710",",,6","","","19410731","+,,6","","","19410730",",,6","19410729","+,,6","13.9",",6,10,","","","0",",,6,31,+","27.2",",,6,30,","35.0",",6,29,+","0.0","6","0.0",",6","139.3",",,,6","0",",,,6","24.33",",6","31.31",",,,6","17.35",",,,6"
"USC00295056","1941-08","35.36667","-103.41667","1168.0","LOGAN, NM US","555.7","6","197.2","1,6","3",",6","3",",6","0",",6","","","0",",6","0","1,6","0","1,6","0",",6","31",",6","22",",6","","","19410826",",1,6","","","19410831","+,,6","","","19410829",",,6","19410825","+,,6","12.2","1,6,26,","","","0",",,6,31,+","17.8",",,6,29,","36.1",",6,25,+","0.0","6","0.0",",6","29.3",",,,6","0",",,,6","24.91","1,6","33.00",",,,6","16.82","1,,,6"
"USC00295056","1941-09","35.36667","-103.41667","1168.0","LOGAN, NM US","666.7","6","111.0",",6","10",",6","8",",6","2",",6","","","","","0",",6","0",",6","0",",6","28",",6","9",",6","","","19410929",",,6","","","","","","","19410922",",,6","19410902",",,6","5.6",",6,29,","","","","","62.2",",,6,22,","37.2",",6,02,","22.5","6","22.5",",6","170.3",",,,6","","","21.28",",6","28.93",",,,6","13.64",",,,6"
"USC00295056","1941-10","35.36667","-103.41667","1168.0","LOGAN, NM US","680.9","6","14.2","1,6","","","","","","","","","0",",6","0",",6","1",",6","0","1,6","17","1,6","0","1,6","","","19411030",",,6","","","19411031","+,,6","","","","","19411013",",1,6","0.0",",6,30,","","","0",",,6,31,+","","","30.6","1,6,13,","136.3","6","113.8","1,6","","","0",",,,6","15.04","1,6","21.87","1,,,6","8.22",",,,6"
"USC00295056","1941-11","35.36667","-103.41667","1168.0","LOGAN, NM US","680.9","6","0.0","1,6","0",",6","0",",6","0",",6","","","0",",6","0",",6","17",",6","0","1,6","13","1,6","0","1,6","","","19411123",",,6","","","19411130","+,,6","","","19411121",",,6","19411115",",1,6","-9.4",",6,23,","","","0",",,6,30,+","0.0",",T,6,21,","26.1","1,6,15,","397.8","6","261.5","1,6","0.0",",T,,6","0",",,,6","9.34","1,6","18.66","1,,,6","0.01",",,,6"
"USC00295056","1941-12","35.36667","-103.41667","1168.0","LOGAN, NM US","680.9","6","0.0","2,6","1",",6","0",",6","0",",6","","","1",",6","0","2,6","22","2,6","0","2,6","1","2,6","0","2,6","","","19411206",",2,6","","","19411209",",,6","","","19411209",",,6","19411203",",2,6","-6.7","2,6,06,","","","25",",,6,09,","1.3",",,6,09,","22.2","2,6,03,","775.9","6","378.1","2,6","1.3",",,,6","25",",,,6","5.29","2,6","12.78","2,,,6","-2.19","2,,,6"
"USC00295056","1942-01","35.36667","-103.41667","1168.0","LOGAN, NM US","0.0","6","0.0","1,6","0",",6","0",",6","0",",6","","","0",",6","0","1,6","26","1,6","4","1,6","2","1,6","0","1,6","","","19420104",",1,6","","","19420107",",,6","","","19420107",",,6","19420125","+,1,6","-16.1","1,6,04,","","","0",",T,6,07,","0.0",",T,6,07,","21.1","1,6,25,+","1237.6","6","461.7","1,6","0.0",",T,,6","0",",T,,6","2.94","1,6","12.39","1,,,6","-6.50","1,,,6"
"USC00295056","1942-02","35.36667","-103.41667","1168.0","LOGAN, NM US","0.0","6","0.0","1,6","1",",6","1",",6","0",",6","","","1",",6","0","1,6","25","1,6","0","1,6","3","1,6","0","1,6","","","19420218",",1,6","","","19420228",",,6","","","19420228",",,6","19420207",",1,6","-17.2","1,6,18,","","","178",",,6,28,","9.7",",,6,28,","21.7","1,6,07,","1644.2","6","406.6","1,6","9.7",",,,6","178",",,,6","3.27","1,6","12.35","1,,,6","-5.80","1,,,6"
"USC00295056","1942-03","35.36667","-103.41667","1168.0","LOGAN, NM US","0.0","6","0.0",",6","1",",6","1",",6","0",",6","","","1",",6","0",",6","21",",6","0",",6","10",",6","0",",6","","","19420321",",,6","","","19420315",",,6","","","19420315",",,6","19420324",",,6","-8.3",",6,21,","","","51",",,6,15,","3.8",",,6,15,","25.6",",6,24,","1971.5","6","327.3",",6","3.8",",,,6","51",",,,6","7.78",",6","16.88",",,,6","-1.33",",,,6"
"USC00295056","1942-04","35.36667","-103.41667","1168.0","LOGAN, NM US","4.7","6","4.7",",6","8",",6","6",",6","2",",6","","","","","0",",6","3",",6","0",",6","18",",6","0",",6","","","19420408",",,6","","","","","","","19420423",",,6","19420404",",,6","-1.1",",6,08,","","","","","39.4",",,6,23,","30.6",",6,04,","2093.7","6","122.2",",6","105.7",",,,6","","","14.42",",6","21.80",",,,6","7.04",",,,6"
"USC00295056","1942-05","35.36667","-103.41667","1168.0","LOGAN, NM US","62.7","6","58.0","4,6","4",",6","2",",6","0",",6","","","0",",6","0","4,6","0","4,6","0","2,6","26","2,6","8","2,6","","","19420515",",4,6","","","19420531","+,,6","","","19420522","+,,6","19420526",",2,6","1.7","4,6,15,","","","0",",,6,31,+","4.1",",,6,22,+","35.6","2,6,26,","2134.3","6","40.6","2,6","10.5",",,,6","0",",,,6","18.92","4,6","28.04","2,,,6","9.80","4,,,6"
"USC00295056","1942-06","35.36667","-103.41667","1168.0","LOGAN, NM US","212.8","6","150.1","1,6","5",",6","5",",6","0",",6","","","0",",6","0","1,6","0","1,6","0","1,6","28","1,6","13","1,6","","","19420614",",1,6","","","19420630","+,,6","","","19420614",",,6","19420619",",1,6","5.0","1,6,14,","","","0",",,6,30,+","23.1",",,6,14,","38.9","1,6,19,","2138.5","6","4.2","1,6","55.9",",,,6","0",",,,6","23.36","1,6","31.32","1,,,6","15.41","1,,,6"
"USC00295056","1942-07","35.36667","-103.41667","1168.0","LOGAN, NM US","455.2","6","242.4",",6","3",",6","3",",6","0",",6","","","0",",6","0",",6","0",",6","0",",6","31",",6","25",",6","","","19420725",",,6","","","19420731","+,,6","","","19420720",",,6","19420730",",,6","8.9",",6,25,","","","0",",,6,31,+","12.7",",,6,20,","39.4",",6,30,","0.0","6","0.0",",6","19.8",",,,6","0",",,,6","26.15",",6","34.70",",,,6","17.61",",,,6"
"USC00295056","1942-08","35.36667","-103.41667","1168.0","LOGAN, NM US","659.1","6","203.9",",6","10",",6","10",",6","0",",6","","","0",",6","0",",6","0",",6","0",",6","31",",6","17",",6","","","19420823",",,6","","","19420831","+,,6","","","19420831",",,6","19420806",",,6","12.8",",6,23,","","","0",",,6,31,+","22.4",",,6,31,","38.9",",6,06,","0.0","6","0.0",",6","79.5",",,,6","0",",,,6","24.91",",6","32.43",",,,6","17.39",",,,6"
"USC00295056","1942-09","35.36667","-103.41667","1168.0","LOGAN, NM US","740.6","6","81.5",",6","3",",6","3",",6","1",",6","","","","","0",",6","0",",6","0",",6","28",",6","6",",6","","","19420926",",,6","","","","","","","19420905",",,6","19420917","+,,6","2.2",",6,26,","","","","","29.2",",,6,05,","33.9",",6,17,+","25.0","6","25.0",",6","45.8",",,,6","","","20.22",",6","28.43",",,,6","12.01",",,,6"
"USC00295056","1942-10","35.36667","-103.41667","1168.0","LOGAN, NM US","755.5","6","14.9",",6","5",",6","5",",6","0",",6","","","0",",6","0",",6","2",",6","0",",6","17",",6","1",",6","","","19421031",",,6","","","19421031","+,,6","","","19421016",",,6","19421008",",,6","-2.2",",6,31,","","","0",",,6,31,+","14.2",",,6,16,","32.2",",6,08,","159.8","6","134.8",",6","44.7",",,,6","0",",,,6","14.47",",6","21.84",",,,6","7.10",",,,6"
"USC00295056","1942-11","35.36667","-103.41667","1168.0","LOGAN, NM US","755.5","6","0.0",",6","0",",6","0",",6","0",",6","","","0",",6","0",",6","13",",6","0",",6","19",",6","0",",6","","","19421129","+,,6","","","19421130","+,,6","","","19421130","+,,6","19421123","+,,6","-4.4",",6,29,+","","","0",",,6,30,+","0.0",",,6,30,+","29.4",",6,23,+","365.3","6","205.5",",6","0.0",",,,6","0",",,,6","11.48",",6","22.21",",,,6","0.76",",,,6"
"USC00295056","1942-12","35.36667","-103.41667","1168.0","LOGAN, NM US","","","","","2",",6","2",",6","0",",6","","","0",",6","","","","","","","","","","","","","","","","","19421206",",,6","","","19421226",",,6","","","","","","","0",",T,6,06,","3.8",",,6,26,","","","","","","","7.4",",,,6","0",",T,,6","","","","","",""
"USC00295056","1943-01","35.36667","-103.41667","1168.0","LOGAN, NM US","","","","","0",",6","0",",6","0",",6","","","0",",6","","","","","","","","","","","","","","","","","19430127",",,6","","","19430127",",,6","","","","","","","0",",T,6,27,","0.0",",T,6,27,","","","","","","","0.0",",T,,6","0",",T,,6","","","","","",""
"USC00295056","1943-02","35.36667","-103.41667","1168.0","LOGAN, NM US","","","","","0",",6","0",",6","0",",6","","","0",",6","","","","","","","","","","","","","","","","","19430228","+,,6","","","19430202","+,,6","","","","","","","0",",,6,28,+","0.0",",T,6,02,+","","","","","","","0.0",",T,,6","0",",,,6","","","","","",""
"USC00295056","1943-05","35.36667","-103.41667","1168.0","LOGAN, NM US","","","50.5","5,6","6",",6","5",",6","0",",6","","","0",",6","0","3,6","0","3,6","0","3,6","28","3,6","12","3,6","","","19430513",",3,6","","","19430531","+,,6","","","19430528",",,6","19430504",",3,6","3.3","3,6,13,","","","0",",,6,31,+","22.9",",,6,28,","36.1","3,6,04,","","","13.9","3,6","69.9",",,,6","0",",,,6","19.73","5,6","30.05","3,,,6","9.40","3,,,6"
"USC00295056","1943-06","35.36667","-103.41667","1168.0","LOGAN, NM US","","","200.6","1,6","8",",6","7",",6","0",",6","","","0",",6","0","1,6","0","1,6","0",",6","30",",6","23",",6","","","19430605","+,1,6","","","19430630","+,,6","","","19430627",",,6","19430623",",,6","10.6","1,6,05,+","","","0",",,6,30,+","12.7",",,6,27,","38.3",",6,23,","","","0.0",",6","45.0",",,,6","0",",,,6","25.24","1,6","33.90",",,,6","16.58","1,,,6"
"USC00295056","1943-07","35.36667","-103.41667","1168.0","LOGAN, NM US","","","240.0","3,6","6",",6","6",",6","0",",6","","","0",",6","0","2,6","0","2,6","0","1,6","30","1,6","28","1,6","","","19430710",",2,6","","","19430731","+,,6","","","19430717",",,6","19430729",",1,6","15.6","2,6,10,","","","0",",,6,31,+","17.8",",,6,17,","40.0","1,6,29,","0.0","6","0.0","1,6","51.5",",,,6","0",",,,6","26.83","3,6","35.98","1,,,6","17.68","2,,,6"
"USC00295056","1943-08","35.36667","-103.41667","1168.0","LOGAN, NM US","","","296.9","1,6","5",",6","4",",6","0",",6","","","0",",6","0",",6","0",",6","0","1,6","30","1,6","29","1,6","","","19430817",",,6","","","19430831","+,,6","","","19430817",",,6","19430802",",1,6","14.4",",6,17,","","","0",",,6,31,+","21.6",",,6,17,","41.1","1,6,02,","0.0","6","0.0","1,6","56.4",",,,6","0",",,,6","28.18","1,6","37.59","1,,,6","18.76",",,,6"
"USC00295056","1943-09","35.36667","-103.41667","1168.0","LOGAN, NM US","","","104.8","4,6","1",",6","1",",6","0",",6","","","0",",6","0","3,6","0","3,6","0","2,6","28","2,6","19","2,6","","","19430920",",3,6","","","19430930","+,,6","","","19430930",",,6","19430901",",2,6","5.0","3,6,20,","","","0",",,6,30,+","2.5",",,6,30,","37.8","2,6,01,","0.0","6","0.0","2,6","2.5",",,,6","0",",,,6","22.27","4,6","33.49","2,,,6","11.06","3,,,6"
"USC00295056","1943-10","35.36667","-103.41667","1168.0","LOGAN, NM US","","","","","1",",6","1",",6","0",",6","","","0",",6","","","","","","","","","","","","","","","","","19431031","+,,6","","","19431002",",,6","","","","","","","0",",,6,31,+","2.5",",,6,02,","","","","","","","2.5",",,,6","0",",,,6","","","","","",""
"USC00295056","1943-11","35.36667","-103.41667","1168.0","LOGAN, NM US","","","","","1",",6","1",",6","0",",6","","","1",",6","","","","","","","","","","","","","","","","","19431127",",,6","","","19431127",",,6","","","","","","","38",",,6,27,","6.9",",,6,27,","","","","","","","6.9",",,,6","38",",,,6","","","","","",""
"USC00295056","1943-12","35.36667","-103.41667","1168.0","LOGAN, NM US","","","0.0","2,6","3",",6","2",",6","1",",6","","","3",",6","2",",6","31",",6","1","2,6","1","2,6","0","2,6","","","19431229",",,6","","","19431209",",,6","","","19431209",",,6","19431208",",2,6","-20.0",",6,29,","","","254",",,6,09,","26.2",",,6,09,","21.1","2,6,08,","","","550.1","2,6","34.6",",,,6","407",",,,6","-0.58","2,6","8.39","2,,,6","-9.55",",,,6"
"USC00295056","1944-02","35.36667","-103.41667","1168.0","LOGAN, NM US","","","","","1",",6","1",",6","0",",6","","","0",",6","0","5,6","23","5,6","0","2,6","5","2,6","0","2,6","","","19440214",",5,6","","","19440229","+,,6","","","19440226",",,6","19440229",",2,6","-10.0","5,6,14,","","","0",",,6,29,+","11.2",",,6,26,","23.9","2,6,29,","","","","","11.2",",,,6","0",",,,6","6.32","7,6","16.76","2,,,6","-4.12","5,,,6"
"USC00295056","1944-03","35.36667","-103.41667","1168.0","LOGAN, NM US","","","0.8","5,6","0",",6","0",",6","0",",6","","","0",",6","0","3,6","14","3,6","0","2,6","16","2,6","0","2,6","","","19440307",",3,6","","","19440331","+,,6","","","19440331","+,,6","19440324","+,2,6","-8.3","3,6,07,","","","0",",,6,31,+","0.0",",,6,31,+","26.7","2,6,24,+","","","223.4","2,6","0.0",",,,6","0",",,,6","9.87","5,6","19.83","2,,,6","-0.09","3,,,6"
"USC00295056","1944-04","35.36667","-103.41667","1168.0","LOGAN, NM US","","","0.6","2,6","3","1,6","3","1,6","1","1,6","","","0",",6","0","2,6","6","2,6","0",",6","27",",6","0",",6","","","19440417",",2,6","","","19440422","+,,6","","","19440428",",1,6","19440406",",,6","-4.4","2,6,17,","","","0",",T,6,22,+","25.7","1,,6,28,","29.4",",6,06,","","","122.4",",6","54.6","1,,,6","0",",T,,6","13.91","2,6","24.64",",,,6","3.17","2,,,6"
"USC00295056","1944-05","35.36667","-103.41667","1168.0","LOGAN, NM US","","","35.3","2,6","3",",6","3",",6","3",",6","","","0",",6","0","1,6","1","1,6","0","1,6","30","1,6","8","1,6","","","19440502",",1,6","","","19440531","+,,6","","","19440511",",,6","19440522",",1,6","-1.1","1,6,02,","","","0",",,6,31,+","63.0",",,6,11,","32.8","1,6,22,","","","29.2","1,6","124.0",",,,6","0",",,,6","18.46","2,6","29.85","1,,,6","7.08","1,,,6"
"USC00295056","1944-06","35.36667","-103.41667","1168.0","LOGAN, NM US","","","162.0","3,6","2",",6","2",",6","2",",6","","","0",",6","0",",6","0",",6","0","3,6","27","3,6","22","3,6","","","19440613",",,6","","","19440630","+,,6","","","19440611",",,6","19440624","+,3,6","7.2",",6,13,","","","0",",,6,30,+","76.2",",,6,11,","38.3","3,6,24,+","","","0.0","3,6","124.5",",,,6","0",",,,6","24.10","3,6","34.32","3,,,6","13.88",",,,6"
"USC00295056","1944-07","35.36667","-103.41667","1168.0","LOGAN, NM US","","","218.1","2,6","4",",6","3",",6","1",",6","","","0",",6","0","1,6","0","1,6","0","1,6","30","1,6","25","1,6","","","19440726",",1,6","","","19440731","+,,6","","","19440704",",,6","19440731","+,1,6","13.9","1,6,26,","","","0",",,6,31,+","31.8",",,6,04,","41.1","1,6,31,+","0.0","6","0.0","1,6","54.2",",,,6","0",",,,6","25.66","2,6","34.86","1,,,6","16.46","1,,,6"
"USC00295056","1944-08","35.36667","-103.41667","1168.0","LOGAN, NM US","","","247.6","2,6","3",",6","3",",6","0",",6","","","0",",6","0","2,6","0","2,6","0",",6","31",",6","28",",6","","","19440827",",2,6","","","19440831","+,,6","","","19440818",",,6","19440804",",,6","10.0","2,6,27,","","","0",",,6,31,+","18.3",",,6,18,","43.3",",6,04,","0.0","6","0.0",",6","38.7",",,,6","0",",,,6","26.96","2,6","36.20",",,,6","17.72","2,,,6"
"USC00295056","1944-11","35.36667","-103.41667","1168.0","LOGAN, NM US","","","0.0","2,6","1","1,6","1","1,6","0","1,6","","","1",",6","0",",6","18",",6","0","2,6","14","2,6","0","2,6","","","19441129",",,6","","","19441125",",,6","","","19441124",",1,6","19441101",",2,6","-9.4",",6,29,","","","51",",,6,25,","8.9","1,,6,24,","27.8","2,6,01,","","","238.8","2,6","8.9","1,,,6","51",",,,6","9.83","2,6","20.31","2,,,6","-0.66",",,,6"
"USC00295056","1944-12","35.36667","-103.41667","1168.0","LOGAN, NM US","","","0.0","1,6","4",",6","2",",6","1",",6","","","","","0",",6","30",",6","0","1,6","0","1,6","0","1,6","","","19441206",",,6","","","","","","","19441204",",,6","19441222","+,1,6","-12.2",",6,06,","","","","","33.0",",,6,04,","20.6","1,6,22,+","","","430.5","1,6","46.2",",,,6","","","4.00","1,6","13.08","1,,,6","-5.07",",,,6"
"USC00295056","1945-01","35.36667","-103.41667","1168.0","LOGAN, NM US","0.0","6","0.0","3,6","3",",6","2",",6","0",",6","","","1",",6","0","2,6","29","2,6","0","1,6","6","1,6","0","1,6","","","19450122",",2,6","","","19450120",",,6","","","19450120",",,6","19450111",",1,6","-9.4","2,6,22,","","","152",",,6,20,","10.2",",,6,20,","23.3","1,6,11,","","","380.3","1,6","16.8",",,,6","152",",,,6","4.75","3,6","15.77","1,,,6","-6.28","2,,,6"
"USC00295056","1945-02","35.36667","-103.41667","1168.0","LOGAN, NM US","0.0","6","0.0","1,6","0",",6","0",",6","0",",6","","","0",",6","0",",6","25",",6","0","1,6","9","1,6","0","1,6","","","19450223",",,6","","","19450217",",,6","","","19450217",",,6","19450203",",1,6","-7.8",",6,23,","","","0",",T,6,17,","0.0",",T,6,17,","25.6","1,6,03,","","","291.3","1,6","0.0",",T,,6","0",",T,,6","7.58","1,6","18.92","1,,,6","-3.76",",,,6"
"USC00295056","1945-03","35.36667","-103.41667","1168.0","LOGAN, NM US","0.0","6","0.0",",6","1",",6","0",",6","0",",6","","","0",",6","0",",6","17",",6","0",",6","28",",6","0",",6","","","19450308","+,,6","","","19450319",",,6","","","19450319",",,6","19450323",",,6","-6.7",",6,08,+","","","0",",T,6,19,","1.0",",,6,19,","31.1",",6,23,","","","176.1",",6","1.0",",,,6","0",",T,,6","12.65",",6","24.95",",,,6","0.35",",,,6"
"USC00295056","1945-04","35.36667","-103.41667","1168.0","LOGAN, NM US","","","","","3",",6","1",",6","0",",6","","","2",",6","0","2,6","10","2,6","","","","","","","","","19450403",",2,6","","","19450418","+,,6","","","19450414",",,6","","","-11.1","2,6,03,","","","25",",,6,18,+","2.5",",,6,14,","","","","","","","5.1",",,,6","63",",,,6","","","","","1.53","2,,,6"
"USC00295056","1945-05","35.36667","-103.41667","1168.0","LOGAN, NM US","","","86.5","3,6","2",",6","1",",6","0",",6","","","0",",6","0",",6","0",",6","0","3,6","28","3,6","25","3,6","","","19450504",",,6","","","19450531","+,,6","","","19450515",",,6","19450528","+,3,6","2.8",",6,04,","","","0",",,6,31,+","8.9",",,6,15,","37.2","3,6,28,+","","","1.9","3,6","9.9",",,,6","0",",,,6","21.29","3,6","34.19","3,,,6","8.39",",,,6"
"USC00295056","1945-06","35.36667","-103.41667","1168.0","LOGAN, NM US","","","191.0","1,6","1",",6","1",",6","0",",6","","","0",",6","0",",6","0",",6","0","1,6","29","1,6","28","1,6","","","19450602",",,6","","","19450630","+,,6","","","19450611",",,6","19450626",",1,6","5.0",",6,02,","","","0",",,6,30,+","4.8",",,6,11,","40.6","1,6,26,","","","0.0","1,6","4.8",",,,6","0",",,,6","24.89","1,6","36.07","1,,,6","13.70",",,,6"
"USC00295056","1945-07","35.36667","-103.41667","1168.0","LOGAN, NM US","","","248.9","1,6","7",",6","7",",6","0",",6","","","","","0",",6","0",",6","0","1,6","30","1,6","30","1,6","","","19450703",",,6","","","","","","","19450709",",,6","19450726",",1,6","13.9",",6,03,","","","","","20.3",",,6,09,","38.9","1,6,26,","0.0","6","0.0","1,6","89.2",",,,6","","","26.64","1,6","36.13","1,,,6","17.15",",,,6"
"USC00295056","1945-09","35.36667","-103.41667","1168.0","LOGAN, NM US","","","149.0","3,6","4",",6","4",",6","0",",6","","","0",",6","0",",6","0",",6","0","3,6","27","3,6","26","3,6","","","19450929",",,6","","","19450928",",,6","","","19450928",",,6","19450906",",3,6","0.6",",6,29,","","","5",",,6,28,","19.8",",,6,28,","41.1","3,6,06,","","","6.4","3,6","57.7",",,,6","5",",,,6","23.38","3,6","35.47","3,,,6","11.30",",,,6"
"USC00295056","1945-10","35.36667","-103.41667","1168.0","LOGAN, NM US","","","","","","","","","","","","","0",",6","0",",6","4",",6","","","","","","","","","19451024",",,6","","","19451031","+,,6","","","","","","","-4.4",",6,24,","","","0",",,6,31,+","","","","","","","","","","","0",",,,6","","","","","6.00",",,,6"
"USC00295056","1945-11","35.36667","-103.41667","1168.0","LOGAN, NM US","","","1.7","2,6","0",",6","0",",6","0",",6","","","0",",6","0",",6","20",",6","0","2,6","21","2,6","0","2,6","","","19451123","+,,6","","","19451130","+,,6","","","19451130","+,,6","19451105","+,2,6","-11.1",",6,23,+","","","0",",,6,30,+","0.0",",,6,30,+","31.7","2,6,05,+","","","203.2","2,6","0.0",",,,6","0",",,,6","11.18","2,6","24.23","2,,,6","-1.87",",,,6"
"USC00295056","1945-12","35.36667","-103.41667","1168.0","LOGAN, NM US","","","0.0","2,6","0",",6","0",",6","0",",6","","","0",",6","1",",6","30",",6","0","2,6","11","2,6","0","2,6","","","19451219",",,6","","","19451231","+,,6","","","19451231","+,,6","19451229","+,2,6","-17.8",",6,19,","","","0",",,6,31,+","0.0",",,6,31,+","25.6","2,6,29,+","","","387.2","2,6","0.0",",,,6","0",",,,6","5.05","2,6","18.09","2,,,6","-7.99",",,,6"
"USC00295056","1946-01","35.36667","-103.41667","1168.0","LOGAN, NM US","0.0","6","0.0",",6","0",",6","0",",6","0",",6","","","0",",6","0",",6","29",",6","0",",6","10",",6","0",",6","","","19460113",",,6","","","19460131","+,,6","","","19460131","+,,6","19460126",",,6","-13.9",",6,13,","","","0",",,6,31,+","0.0",",,6,31,+","28.9",",6,26,","","","413.6",",6","0.0",",,,6","0",",,,6","4.99",",6","16.47",",,,6","-6.49",",,,6"
"USC00295056","1946-02","35.36667","-103.41667","1168.0","LOGAN, NM US","0.0","6","0.0","2,6","1",",6","0",",6","0",",6","","","0",",6","0",",6","23",",6","0","2,6","13","2,6","0","2,6","","","19460205",",,6","","","19460213",",,6","","","19460213",",,6","19460228",",2,6","-12.8",",6,05,","","","18",",,6,13,","0.8",",,6,13,","28.9","2,6,28,","","","256.0","2,6","0.8",",,,6","18",",,,6","8.28","2,6","21.17","2,,,6","-4.60",",,,6"
"USC00295056","1946-03","35.36667","-103.41667","1168.0","LOGAN, NM US","","","","","1",",6","1",",6","0",",6","","","0",",6","0",",6","18",",6","","","","","","","","","19460308",",,6","","","19460307","+,,6","","","19460305",",,6","","","-11.1",",6,08,","","","0",",T,6,07,+","4.3",",,6,05,","","","","","","","4.3",",,,6","0",",T,,6","","","","","0.15",",,,6"
"USC00295056","1946-04","35.36667","-103.41667","1168.0","LOGAN, NM US","","","62.1","4,6","4",",6","3",",6","0",",6","","","0",",6","0",",6","2",",6","0","4,6","26","4,6","10","4,6","","","19460411",",,6","","","19460430","+,,6","","","19460415",",,6","19460402",",4,6","-1.1",",6,11,","","","0",",,6,30,+","14.5",",,6,15,","34.4","4,6,02,","","","13.4","4,6","29.4",",,,6","0",",,,6","20.02","4,6","31.00","4,,,6","9.04",",,,6"
"USC00295056","1946-05","35.36667","-103.41667","1168.0","LOGAN, NM US","","","51.8","5,6","3",",6","3",",6","0",",6","","","0",",6","0","1,6","0","1,6","0","5,6","26","5,6","8","5,6","","","19460511",",1,6","","","19460531","+,,6","","","19460528",",,6","19460529",",5,6","2.8","1,6,11,","","","0",",,6,31,+","17.3",",,6,28,","35.6","5,6,29,","","","10.3","5,6","27.7",",,,6","0",",,,6","19.97","5,6","30.55","5,,,6","9.38","1,,,6"
"USC00295056","1946-07","35.36667","-103.41667","1168.0","LOGAN, NM US","","","269.6","3,6","3",",6","3",",6","0",",6","","","0",",6","0",",6","0",",6","0","3,6","28","3,6","28","3,6","","","19460721",",,6","","","19460731","+,,6","","","19460708",",,6","19460728",",3,6","12.2",",6,21,","","","0",",,6,31,+","14.0",",,6,08,","40.0","3,6,28,","0.0","6","0.0","3,6","24.2",",,,6","0",",,,6","27.79","3,6","37.39","3,,,6","18.19",",,,6"
"USC00295056","1946-08","35.36667","-103.41667","1168.0","LOGAN, NM US","","","262.9",",6","4",",6","4",",6","1",",6","","","0",",6","0",",6","0",",6","0",",6","31",",6","25",",6","","","19460829",",,6","","","19460831","+,,6","","","19460818",",,6","19460817",",,6","12.2",",6,29,","","","0",",,6,31,+","36.6",",,6,18,","40.6",",6,17,","0.0","6","0.0",",6","82.0",",,,6","0",",,,6","26.81",",6","35.55",",,,6","18.08",",,,6"
"USC00295056","1946-09","35.36667","-103.41667","1168.0","LOGAN, NM US","","","153.3","1,6","6",",6","5",",6","1",",6","","","0",",6","0","1,6","0","1,6","0","1,6","29","1,6","19","1,6","","","19460923",",1,6","","","19460930","+,,6","","","19460928",",,6","19460908",",1,6","3.3","1,6,23,","","","0",",,6,30,+","26.7",",,6,28,","36.7","1,6,08,","5.3","6","5.3","1,6","86.2",",,,6","0",",,,6","23.44","1,6","32.41","1,,,6","14.47","1,,,6"
"USC00295056","1946-10","35.36667","-103.41667","1168.0","LOGAN, NM US","","","","","4",",6","4",",6","0",",6","","","0",",6","0",",","2",",6","","","","","","","","","19461011",",,6","","","19461031","+,,6","","","19461009",",,6","","","-2.8",",6,11,","","","0",",,6,31,+","18.5",",,6,09,","","","","","","","47.5",",,,6","0",",,,6","","","","","6.71",",,,6"
"USC00295056","1946-12","35.36667","-103.41667","1168.0","LOGAN, NM US","","","","","0",",6","0",",6","0",",6","","","0",",6","0",",","26",",6","","","","","","","","","19461231",",,6","","","19461231","+,,6","","","19461231","+,,6","","","-13.9",",6,31,","","","0",",,6,31,+","0.0",",,6,31,+","","","","","","","0.0",",,,6","0",",,,6","","","","","-3.59",",,,6"
"USC00295056","1947-02","35.36667","-103.41667","1168.0","LOGAN, NM US","","","0.0","1,6","0",",6","0",",6","0",",6","","","0",",6","0",",6","26",",6","0","1,6","6","1,6","0","1,6","","","19470201",",,6","","","19470225",",,6","","","19470225",",,6","19470215","+,1,6","-13.3",",6,01,","","","0",",T,6,25,","0.0",",T,6,25,","23.3","1,6,15,+","","","357.8","1,6","0.0",",T,,6","0",",T,,6","4.93","1,6","15.31","1,,,6","-5.45",",,,6"
"USC00295056","1947-03","35.36667","-103.41667","1168.0","LOGAN, NM US","","","0.0","3,6","3",",6","2",",6","0",",6","","","2",",6","0",",6","21",",6","0","3,6","14","3,6","0","3,6","","","19470301",",,6","","","19470306",",,6","","","19470309",",,6","19470327","+,3,6","-12.8",",6,01,","","","102",",,6,06,","7.6",",,6,09,","28.9","3,6,27,+","","","262.3","3,6","14.5",",,,6","127",",,,6","8.66","3,6","19.64","3,,,6","-2.31",",,,6"
"USC00295056","1947-04","35.36667","-103.41667","1168.0","LOGAN, NM US","","","9.2",",6","3",",6","3",",6","0",",6","","","0",",6","0",",6","7",",6","0",",6","21",",6","0",",6","","","19470413",",,6","","","19470430","+,,6","","","19470414",",,6","19470422",",,6","-2.8",",6,13,","","","0",",,6,30,+","9.7",",,6,14,","31.7",",6,22,","","","141.8",",6","20.2",",,,6","0",",,,6","13.91",",6","24.00",",,,6","3.83",",,,6"
"USC00295056","1947-05","35.36667","-103.41667","1168.0","LOGAN, NM US","","","48.6",",6","7",",6","6",",6","0",",6","","","0",",6","0",",6","0",",6","0",",6","30",",6","5",",6","","","19470529",",,6","","","19470531","+,,6","","","19470510",",,6","19470503",",,6","2.8",",6,29,","","","0",",,6,31,+","21.3",",,6,10,","37.8",",6,03,","","","17.2",",6","73.5",",,,6","0",",,,6","19.35",",6","29.16",",,,6","9.53",",,,6"
"USC00295056","1947-06","35.36667","-103.41667","1168.0","LOGAN, NM US","","","187.5",",6","1",",6","1",",6","0",",6","","","","","0",",6","0",",6","0",",6","30",",6","26",",6","","","19470613",",,6","","","","","","","19470625",",,6","19470617",",,6","4.4",",6,13,","","","","","22.1",",,6,25,","39.4",",6,17,","","","3.1",",6","22.1",",,,6","","","24.48",",6","35.16",",,,6","13.80",",,,6"
"USC00295056","1947-08","35.36667","-103.41667","1168.0","LOGAN, NM US","","","220.1","3,6","","","","","","","","","","","0","3,6","0","3,6","0","2,6","29","2,6","25","2,6","","","19470825",",3,6","","","","","2","","","","19470811",",2,6","13.9","3,6,25,","","","","","","","39.4","2,6,11,","","","0.0","2,6","","","","","26.17","3,6","34.86","2,,,6","17.48","3,,,6"
"USC00295056","1947-09","35.36667","-103.41667","1168.0","LOGAN, NM US","","","158.7","1,6","","","","","","","","","","","0","1,6","0","1,6","0","1,6","29","1,6","23","1,6","","","19470915",",1,6","","","","","","","","","19470903",",1,6","1.7","1,6,15,","","","","","","","40.6","1,6,03,","","","0.3","1,6","","","","","23.79","1,6","35.13","1,,,6","12.46","1,,,6"
"USC00295056","1947-10","35.36667","-103.41667","1168.0","LOGAN, NM US","","","49.7","4,6","","","","","","","","","","","0","2,6","3","2,6","0","4,6","27","4,6","8","4,6","","","19471023",",2,6","","","","","1","","","","19471004",",4,6","-3.9","2,6,23,","","","","","","","33.9","4,6,04,","","","47.6","4,6","","","","","18.38","4,6","29.23","4,,,6","7.53","2,,,6"
"USC00295056","1947-11","35.36667","-103.41667","1168.0","LOGAN, NM US","","","0.0","1,6","","","","","","","","","","","1",",6","25",",6","0","1,6","6","1,6","0","1,6","","","19471122",",,6","","","","","","","","","19471106",",1,6","-17.8",",6,22,","","","","","","","22.8","1,6,06,","","","368.4","1,6","","","","","5.42","1,6","16.31","1,,,6","-5.47",",,,6"
"USC00295056","1947-12","35.36667","-103.41667","1168.0","LOGAN, NM US","","","0.0","2,6","","","","","","","","","","","0","2,6","27","2,6","0","2,6","2","2,6","0","2,6","","","19471213",",2,6","","","","","","","","","19471201",",2,6","-11.7","2,6,13,","","","","","","","22.8","2,6,01,","","","436.9","2,6","","","","","3.27","2,6","13.05","2,,,6","-6.51","2,,,6"
"USC00295056","1948-01","35.36667","-103.41667","1168.0","LOGAN, NM US","","","","","2",",0","2",",0","0",",0","1","1,0","2",",0","1","4,0","27","4,0","3","5,0","3","5,0","0","5,0","","","19480128",",4,0","19480128",",1,0","19480128",",,0","","","19480128",",,0","19480108",",5,0","-20.6","4,0,28,","127","1,,0,28,","127",",,0,28,","14.7",",,0,28,","26.7","5,0,08,","","","","","17.2",",,,0","152",",,,0","1.85","6,0","12.12","5,,,0","-8.41","4,,,0"
"USC00295056","1948-02","35.36667","-103.41667","1168.0","LOGAN, NM US","","","0.0","3,0","1",",0","1",",0","0",",0","0",",0","0",",0","0","2,0","25","2,0","1","2,0","2","2,0","0","2,0","","","19480213","+,2,0","19480205",",,0","19480205",",,0","","","19480205",",,0","19480218",",2,0","-16.7","2,0,13,+","0",",T,0,05,","0",",T,0,05,","24.9",",,0,05,","24.4","2,0,18,","","","401.4","2,0","24.9",",,,0","0",",T,,0","2.90","3,0","11.19","2,,,0","-5.39","2,,,0"
"USC00295056","1948-03","35.36667","-103.41667","1168.0","LOGAN, NM US","","","0.0","5,0","0",",0","0",",0","0",",0","0",",0","0",",0","2","1,0","23","1,0","4","4,0","10","4,0","0","4,0","","","19480305",",1,0","19480331","+,,0","19480331","+,,0","","","19480331","+,,0","19480324",",4,0","-20.0","1,0,05,","0",",,0,31,+","0",",,0,31,+","0.0",",,0,31,+","26.7","4,0,24,","","","343.8","4,0","0.0",",,,0","0",",,,0","5.31","5,0","14.96","4,,,0","-4.35","1,,,0"
"USC00295056","1948-04","35.36667","-103.41667","1168.0","LOGAN, NM US","","","14.5","3,0","1",",0","1",",0","0",",0","0",",0","0",",0","0","2,0","1","2,0","0","3,0","26","3,0","6","3,0","","","19480401",",2,0","19480430","+,,0","19480430","+,,0","","","19480421",",,0","19480430","+,3,0","-8.9","2,0,01,","0",",,0,30,+","0",",,0,30,+","4.1",",,0,21,","34.4","3,0,30,+","","","61.5","3,0","4.1",",,,0","0",",,,0","16.52","3,0","28.43","3,,,0","4.60","2,,,0"
"USC00295056","1948-05","35.36667","-103.41667","1168.0","LOGAN, NM US","","","","","6",",0","5",",0","2",",0","0",",0","0",",0","0","4,0","0","4,0","","","","","","","","","19480506",",4,0","19480531","+,,0","19480531","+,,0","1","","19480524",",,0","","","0.6","4,0,06,","0",",,0,31,+","0",",,0,31,+","26.7",",,0,24,","","","","","","","84.8",",,,0","0",",,,0","","","","","7.33","4,,,0"
"USC00295056","1948-06","35.36667","-103.41667","1168.0","LOGAN, NM US","","","160.0","1,0","4",",0","4",",0","1",",0","0",",0","0",",0","0",",0","0",",0","0","1,0","29","1,0","24","1,0","","","19480604","+,,0","19480630","+,,0","19480630","+,,0","","","19480619",",,0","19480618","+,1,0","5.6",",0,04,+","0",",,0,30,+","0",",,0,30,+","38.4",",,0,19,","38.9","1,0,18,+","","","1.6","1,0","62.7",",,,0","0",",,,0","23.67","1,0","34.33","1,,,0","13.00",",,,0"
"USC00295056","1948-07","35.36667","-103.41667","1168.0","LOGAN, NM US","","","254.0","3,0","2",",0","2",",0","0",",0","0",",0","0",",0","0","2,0","0","2,0","0","3,0","28","3,0","28","3,0","","","19480723",",2,0","19480731","+,,0","19480731","+,,0","","","19480718",",,0","19480720","+,3,0","12.8","2,0,23,","0",",,0,31,+","0",",,0,31,+","5.3",",,0,18,","40.0","3,0,20,+","0.0","","0.0","3,0","7.8",",,,0","0",",,,0","27.43","3,0","37.38","3,,,0","17.48","2,,,0"
"USC00295056","1948-08","35.36667","-103.41667","1168.0","LOGAN, NM US","","","204.2","3,0","5",",0","5",",0","2",",0","0",",0","0",",0","0","2,0","0","2,0","0","3,0","28","3,0","28","3,0","","","19480826",",2,0","19480831","+,,0","19480831","+,,0","","","19480815",",,0","19480812","+,3,0","10.6","2,0,26,","0",",,0,31,+","0",",,0,31,+","74.4",",,0,15,","37.8","3,0,12,+","0.0","","0.0","3,0","119.3",",,,0","0",",,,0","25.63","3,0","35.70","3,,,0","15.56","2,,,0"
"USC00295056","1949-02","35.36667","-103.41667","1168.0","LOGAN, NM US","","","","","1",",0","1",",0","0",",0","0",",0","0",",0","","","","","0","1,0","6","1,0","0","1,0","","","","","19490228","+,,0","19490228","+,,0","1","","19490226",",,0","19490223","+,1,0","","","0",",,0,28,+","0",",,0,28,+","16.3",",,0,26,","25.0","1,0,23,+","","","","","16.3",",,,0","0",",,,0","","","15.37","1,,,0","",""
"USC00295056","1949-03","35.36667","-103.41667","1168.0","LOGAN, NM US","","","","","4",",0","2",",0","0",",0","0",",0","0",",0","","","","","","","","","","","","","","","19490331","+,,0","19490330","+,,0","1","","19490320",",,0","","","","","0",",,0,31,+","0",",T,0,30,+","4.6",",,0,20,","","","","","","","11.9",",,,0","0",",T,,0","","","","","",""
"USC00295056","1949-04","35.36667","-103.41667","1168.0","LOGAN, NM US","","","","","4",",0","4",",0","0",",0","0",",0","0",",0","","","","","0","4,0","20","4,0","0","4,0","","","","","19490430","+,,0","19490401",",,0","1","","19490420",",,0","19490425",",4,0","","","0",",,0,30,+","0",",T,0,01,","24.6",",,0,20,","30.0","4,0,25,","","","","","60.5",",,,0","0",",T,,0","","","23.54","4,,,0","",""
"USC00295056","1949-05","35.36667","-103.41667","1168.0","LOGAN, NM US","","","","","4","2,0","4","2,0","0","2,0","0",",0","0",",0","","","","","","","","","","","","","","","19490531","+,,0","19490531","+,,0","2","","19490506",",2,0","","","","","0",",,0,31,+","0",",,0,31,+","18.3","2,,0,06,","","","","","","","55.4",",a,,0","0",",,,0","","","","","",""
"USC00295056","1949-06","35.36667","-103.41667","1168.0","LOGAN, NM US","","","","","10",",0","10",",0","1",",0","0",",0","0",",0","","","","","0","1,0","29","1,0","15","1,0","","","","","19490630","+,,0","19490630","+,,0","","","19490619",",,0","19490617",",1,0","","","0",",,0,30,+","0",",,0,30,+","28.7",",,0,19,","38.3","1,0,17,","","","","","129.3",",,,0","0",",,,0","","","31.91","1,,,0","",""
"USC00295056","1949-07","35.36667","-103.41667","1168.0","LOGAN, NM US","","","","","8",",0","6",",0","0",",0","0",",0","0",",0","","","","","0","3,0","28","3,0","23","3,0","","","","","19490731","+,,0","19490731","+,,0","","","19490709",",,0","19490720","+,3,0","","","0",",,0,31,+","0",",,0,31,+","17.3",",,0,09,","38.3","3,0,20,+","","","","","72.5",",,,0","0",",,,0","","","35.03","3,,,0","",""
"USC00295056","1949-08","35.36667","-103.41667","1168.0","LOGAN, NM US","","","","","2",",0","2",",0","0",",0","0",",0","0",",0","","","","","0","5,0","26","5,0","25","5,0","","","","","19490831","+,,0","19490831","+,,0","","","19490804",",,0","19490819",",5,0","","","0",",,0,31,+","0",",,0,31,+","9.7",",,0,04,","38.3","5,0,19,","","","","","14.3",",,,0","0",",,,0","","","35.47","5,,,0","",""
"USC00295056","1950-04","35.36667","-103.41667","1168.0","LOGAN, NM US","","","12.6","2,0","1","2,0","1","2,0","0","2,0","0","1,0","0","1,0","0",",0","5",",0","0","2,0","25","2,0","2","2,0","","","19500405",",,0","19500430","+,1,0","19500430","+,1,0","","","19500416",",2,0","19500422",",2,0","-5.0",",0,05,","0","1,,0,30,+","0","1,,0,30,+","2.5","2,,0,16,","35.6","2,0,22,","","","88.8","2,0","12.9",",a,,0","0","1,,,0","15.51","2,0","26.21","2,,,0","4.80",",,,0"
"USC00295056","1950-05","35.36667","-103.41667","1168.0","LOGAN, NM US","","","73.6","1,0","2","2,0","1","2,0","0","2,0","0",",0","0",",0","0","1,0","0","1,0","0",",0","30",",0","12",",0","","","19500506",",1,0","19500531","+,,0","19500531","+,,0","","","19500520",",2,0","19500523",",,0","2.2","1,0,06,","0",",,0,31,+","0",",,0,31,+","3.6","2,,0,20,","35.6",",0,23,","","","19.2",",0","4.6","2,,,0","0",",,,0","20.14","1,0","29.89",",,,0","10.38","1,,,0"
"USC00295056","1950-06","35.36667","-103.41667","1168.0","LOGAN, NM US","","","220.7",",0","2",",0","2",",0","0",",0","0",",0","0",",0","0",",0","0",",0","0",",0","29",",0","26",",0","","","19500605",",,0","19500630","+,,0","19500630","+,,0","","","19500611",",,0","19500625","+,,0","7.8",",0,05,","0",",,0,30,+","0",",,0,30,+","15.5",",,0,11,","38.9",",0,25,+","","","4.7",",0","27.7",",,,0","0",",,,0","25.53",",0","34.94",",,,0","16.12",",,,0"
"USC00295056","1950-07","35.36667","-103.41667","1168.0","LOGAN, NM US","","","200.0",",0","9",",0","8",",0","2",",0","0",",0","0",",0","0",",0","0",",0","0",",0","31",",0","19",",0","","","19500713",",,0","19500731","+,,0","19500731","+,,0","1","","19500706",",,0","19500702",",,0","11.7",",0,13,","0",",,0,31,+","0",",,0,31,+","54.4",",,0,06,","37.8",",0,02,","0.0","0","0.0",",0","155.3",",,,0","0",",,,0","24.79",",0","32.65",",,,0","16.92",",,,0"
"USC00295056","1950-08","35.36667","-103.41667","1168.0","LOGAN, NM US","","","177.8",",0","5","2,0","1","2,0","0","2,0","0",",0","0",",0","0",",0","0",",0","0",",0","31",",0","24",",0","","","19500819","+,,0","19500831","+,,0","19500831","+,,0","","","19500803",",2,0","19500824",",,0","9.4",",0,19,+","0",",,0,31,+","0",",,0,31,+","2.5","2,,0,03,","38.9",",0,24,","0.0","0","0.0",",0","25.9",",a,,0","0",",,,0","24.07",",0","33.62",",,,0","14.52",",,,0"
"USC00295056","1950-09","35.36667","-103.41667","1168.0","LOGAN, NM US","","","68.0",",0","6",",0","4",",0","1",",0","0",",0","0",",0","0",",0","0",",0","0",",0","30",",0","2",",0","4","","19500926",",,0","19500930","+,,0","19500930","+,,0","","","19500904",",,0","19500902",",,0","6.1",",0,26,","0",",,0,30,+","0",",,0,30,+","44.2",",,0,04,","34.4",",0,02,","6.1","0","6.1",",0","58.3",",,,0","0",",,,0","20.40",",0","27.88",",,,0","12.91",",,,0"
"USC00295056","1950-10","35.36667","-103.41667","1168.0","LOGAN, NM US","","","27.4",",0","1",",0","1",",0","0",",0","0",",0","0",",0","0",",0","0",",0","0",",0","31",",0","1",",0","","","19501028","+,,0","19501031","+,,0","19501031","+,,0","","","19501001",",,0","19501029",",,0","2.2",",0,28,+","0",",,0,31,+","0",",,0,31,+","3.6",",,0,01,","32.8",",0,29,","37.5","0","31.4",",0","3.6",",,,0","0",",,,0","18.20",",0","28.59",",,,0","7.81",",,,0"
"USC00295056","1950-11","35.36667","-103.41667","1168.0","LOGAN, NM US","","","0.0","1,0","0",",0","0",",0","0",",0","0",",0","0",",0","0","1,0","20","1,0","0",",0","14",",0","0",",0","","","19501110",",1,0","19501130","+,,0","19501109",",,0","","","19501109",",,0","19501105",",,0","-15.0","1,0,10,","0",",,0,30,+","0",",T,0,09,","0.0",",T,0,09,","27.2",",0,05,","331.4","0","293.9",",0","0.0",",T,,0","0",",T,,0","8.10","1,0","18.99",",,,0","-2.79","1,,,0"
"USC00295056","1950-12","35.36667","-103.41667","1168.0","LOGAN, NM US","","","0.0","2,0","1",",0","1",",0","0",",0","0","3,0","0","1,0","1","2,0","27","2,0","1",",0","3",",0","0",",0","","","19501206",",2,0","19501231","+,3,0","19501231","+,1,0","","","19501205",",,0","19501212",",,0","-19.4","2,0,06,","0","3,,0,31,+","0","1,,0,31,+","7.1",",,0,05,","22.8",",0,12,","743.9","0","412.5",",0","7.1",",,,0","0","1,,,0","4.16","2,0","14.97",",,,0","-6.66","2,,,0"
"USC00295056","1951-01","35.36667","-103.41667","1168.0","LOGAN, NM US","0.0","0","0.0","2,0","2",",0","2",",0","0",",0","0","5,0","1","1,0","1","1,0","27","1,0","4","1,0","2","1,0","0","1,0","","","19510129",",1,0","19510131","+,5,0","19510102",",1,0","","","19510102",",,0","19510126",",1,0","-17.8","1,0,29,","0","5,,0,31,+","89","1,,0,02,","8.9",",,0,02,","25.0","1,0,26,","1219.6","0","475.7","1,0","13.0",",,,0","89","1,,,0","2.08","2,0","11.09","1,,,0","-6.94","1,,,0"
"USC00295056","1951-02","35.36667","-103.41667","1168.0","LOGAN, NM US","0.0","0","0.0","1,0","3",",0","2",",0","0",",0","0",",0","0",",0","2","1,0","24","1,0","1","1,0","5","1,0","0","1,0","","","19510201",",1,0","19510228","+,,0","19510228","+,,0","","","19510225",",,0","19510211",",1,0","-28.9","1,0,01,","0",",,0,28,+","0",",,0,28,+","6.4",",,0,25,","26.7","1,0,11,","1572.2","0","352.6","1,0","11.3",",,,0","0",",,,0","5.27","1,0","15.77","1,,,0","-5.23","1,,,0"
"USC00295056","1951-03","35.36667","-103.41667","1168.0","LOGAN, NM US","0.0","0","0.0","1,0","5",",0","3",",0","0",",0","0",",0","0",",0","0","1,0","19","1,0","0",",0","11",",0","0",",0","","","19510312",",1,0","19510331","+,,0","19510331","+,,0","","","19510326",",,0","19510323","+,,0","-10.6","1,0,12,","0",",,0,31,+","0",",,0,31,+","5.8",",,0,26,","25.6",",0,23,+","1856.4","0","284.2",",0","16.2",",,,0","0",",,,0","8.87","1,0","18.24",",,,0","-0.50","1,,,0"
"USC00295056","1951-04","35.36667","-103.41667","1168.0","LOGAN, NM US","12.7","0","12.7",",0","3",",0","0",",0","0",",0","0",",0","0",",0","0",",0","7",",0","0",",0","20",",0","1",",0","","","19510411",",,0","19510430","+,,0","19510430",",,0","1","","19510420",",,0","19510424",",,0","-6.1",",0,11,","0",",,0,30,+","0",",T,0,30,","1.5",",,0,20,","32.2",",0,24,","2007.1","0","150.7",",0","3.6",",,,0","0",",T,,0","13.74",",0","23.60",",,,0","3.87",",,,0"
"USC00295056","1951-05","35.36667","-103.41667","1168.0","LOGAN, NM US","94.9","0","82.2",",0","6",",0","4",",0","1",",0","0",",0","0",",0","0",",0","1",",0","0",",0","28",",0","9",",0","","","19510503",",,0","19510531","+,,0","19510531","+,,0","","","19510515",",,0","19510528",",,0","0.0",",0,03,","0",",,0,31,+","0",",,0,31,+","35.3",",,0,15,","37.2",",0,28,","2049.8","0","42.7",",0","66.3",",,,0","0",",,,0","19.61",",0","28.56",",,,0","10.65",",,,0"
"USC00295056","1951-06","35.36667","-103.41667","1168.0","LOGAN, NM US","255.1","0","160.2","2,0","4",",0","3",",0","0",",0","0",",0","0",",0","0","1,0","0","1,0","0","2,0","28","2,0","15","2,0","","","19510602",",1,0","19510630","+,,0","19510630","+,,0","1","","19510605",",,0","19510627","+,2,0","7.8","1,0,02,","0",",,0,30,+","0",",,0,30,+","18.8",",,0,05,","39.4","2,0,27,+","2051.8","0","2.0","2,0","35.6",",,,0","0",",,,0","24.03","2,0","33.21","2,,,0","14.84","1,,,0"
"USC00295056","1951-07","35.36667","-103.41667","1168.0","LOGAN, NM US","543.1","0","288.0","3,0","4","2,0","3","2,0","0","2,0","0",",0","0",",0","0","3,0","0","3,0","0","1,0","30","1,0","29","1,0","","","19510713",",3,0","19510731","+,,0","19510731","+,,0","1","","19510713",",2,0","19510721",",1,0","16.7","3,0,13,","0",",,0,31,+","0",",,0,31,+","10.4","2,,0,13,","42.2","1,0,21,","0.0","0","0.0","1,0","46.2",",a,,0","0",",,,0","28.64","3,0","37.15","1,,,0","20.14","3,,,0"
"USC00295056","1951-08","35.36667","-103.41667","1168.0","LOGAN, NM US","830.1","0","287.0",",0","5",",0","1",",0","0",",0","0",",0","0",",0","0",",0","0",",0","0",",0","31",",0","30",",0","","","19510831","+,,0","19510831","+,,0","19510831","+,,0","2","","19510825",",,0","19510807",",,0","15.0",",0,31,+","0",",,0,31,+","0",",,0,31,+","3.3",",,0,25,","41.1",",0,07,","0.0","0","0.0",",0","7.1",",,,0","0",",,,0","27.59",",0","36.73",",,,0","18.45",",,,0"
"USC00295056","1951-09","35.36667","-103.41667","1168.0","LOGAN, NM US","964.8","0","134.7","2,0","1",",0","1",",0","0",",0","0",",0","0",",0","0","2,0","0","2,0","0","2,0","28","2,0","18","2,0","1","","19510916",",2,0","19510930","+,,0","19510930","+,,0","","","19510930",",,0","19510906",",2,0","1.7","2,0,16,","0",",,0,30,+","0",",,0,30,+","6.4",",,0,30,","39.4","2,0,06,","8.6","0","8.6","2,0","6.4",",,,0","0",",,,0","22.84","2,0","33.24","2,,,0","12.44","2,,,0"
"USC00295056","1951-10","35.36667","-103.41667","1168.0","LOGAN, NM US","984.2","0","19.4",",0","4",",0","2",",0","0",",0","0",",0","0",",0","0",",0","2",",0","0",",0","25",",0","2",",0","","","19511023",",,0","19511031","+,,0","19511031","+,,0","","","19511027",",,0","19511002","+,,0","-1.1",",0,23,","0",",,0,31,+","0",",,0,31,+","11.4",",,0,27,","32.8",",0,02,+","106.6","0","98.0",",0","21.8",",,,0","0",",,,0","15.80",",0","25.49",",,,0","6.10",",,,0"
"USC00295056","1951-11","35.36667","-103.41667","1168.0","LOGAN, NM US","984.2","0","0.0",",0","1",",0","0",",0","0",",0","0",",0","0",",0","0",",0","21",",0","0",",0","7",",0","0",",0","1","","19511102",",,0","19511130","+,,0","19511130","+,,0","","","19511101",",,0","19511130","+,,0","-13.9",",0,02,","0",",,0,30,+","0",",,0,30,+","1.8",",,0,01,","22.8",",0,30,+","459.9","0","353.3",",0","1.8",",,,0","0",",,,0","6.56",",0","15.67",",,,0","-2.55",",,,0"
"USC00295056","1951-12","35.36667","-103.41667","1168.0","LOGAN, NM US","984.2","0","0.0",",0","1",",0","1",",0","0",",0","0","1,0","0","1,0","1",",0","24",",0","1",",0","4",",0","0",",0","","","19511221",",,0","19511231","+,1,0","19511231","+,1,0","","","19511208",",,0","19511201",",,0","-20.0",",0,21,","0","1,,0,31,+","0","1,,0,31,+","2.8",",,0,08,","22.8",",0,01,","890.0","0","430.1",",0","2.8",",,,0","0","1,,,0","4.46",",0","13.51",",,,0","-4.59",",,,0"
"USC00295056","1952-01","35.36667","-103.41667","1168.0","LOGAN, NM US","0.0","0","0.0",",0","1",",0","1",",0","0",",0","","","0","1,0","2",",0","18",",0","0",",0","3",",0","0",",0","","","19520104",",,0","","","19520101",",1,0","","","19520103",",,0","19520125",",,0","-20.6",",0,04,","","","0","1,T,0,01,","9.9",",,0,03,","22.8",",0,25,","1282.0","0","392.0",",0","9.9",",,,0","0","1,T,,0","5.69",",0","14.29",",,,0","-2.92",",,,0"
"USC00295056","1952-02","35.36667","-103.41667","1168.0","LOGAN, NM US","0.0","0","0.0",",0","3",",0","0",",0","0",",0","0",",0","0",",0","0",",0","22",",0","0",",0","3",",0","0",",0","1","","19520226",",,0","19520229","+,,0","19520224",",,0","","","19520213",",,0","19520227",",,0","-11.7",",0,26,","0",",,0,29,+","0",",T,0,24,","1.3",",,0,13,","22.2",",0,27,","1633.5","0","351.5",",0","2.3",",,,0","0",",T,,0","6.21",",0","16.05",",,,0","-3.62",",,,0"
"USC00295056","1952-03","35.36667","-103.41667","1168.0","LOGAN, NM US","0.0","0","0.0","5,0","2",",0","2",",0","0",",0","0",",0","0",",0","0","4,0","15","4,0","0","4,0","6","4,0","0","4,0","","","19520323",",4,0","19520331","+,,0","19520321",",,0","","","19520310",",,0","19520331","+,4,0","-10.0","4,0,23,","0",",,0,31,+","0",",T,0,21,","13.7",",,0,10,","25.0","4,0,31,+","1912.1","0","278.6","4,0","17.3",",,,0","0",",T,,0","7.89","5,0","16.62","4,,,0","-0.84","4,,,0"
"USC00295056","1952-04","35.36667","-103.41667","1168.0","LOGAN, NM US","5.0","0","5.0",",0","7",",0","3",",0","0",",0","0",",0","0",",0","0",",0","3",",0","0",",0","22",",0","0",",0","","","19520410",",,0","19520430","+,,0","19520430","+,,0","","","19520418",",,0","19520407",",,0","-6.7",",0,10,","0",",,0,30,+","0",",,0,30,+","14.5",",,0,18,","31.1",",0,07,","2030.3","0","118.2",",0","37.4",",,,0","0",",,,0","14.56",",0","23.76",",,,0","5.36",",,,0"
"USC00295056","1952-05","35.36667","-103.41667","1168.0","LOGAN, NM US","75.6","0","70.6","1,0","4",",0","4",",0","0",",0","0",",0","0",",0","0","1,0","0","1,0","0","1,0","26","1,0","13","1,0","","","19520519",",1,0","19520531","+,,0","19520509",",,0","","","19520531",",,0","19520505",",1,0","1.1","1,0,19,","0",",,0,31,+","0",",T,0,09,","8.9",",,0,31,","35.6","1,0,05,","2065.0","0","34.7","1,0","22.4",",,,0","0",",T,,0","19.53","1,0","29.03","1,,,0","10.02","1,,,0"
"USC00295056","1952-06","35.36667","-103.41667","1168.0","LOGAN, NM US","353.2","0","277.6","1,0","0",",0","0",",0","0",",0","0",",0","0",",0","0","1,0","0","1,0","0",",0","30",",0","27",",0","","","19520601",",1,0","19520630","+,,0","19520630","+,,0","","","19520628","+,,0","19520614",",,0","12.2","1,0,01,","0",",,0,30,+","0",",,0,30,+","0.0",",T,0,28,+","41.7",",0,14,","2065.0","0","0.0",",0","0.0",",T,,0","0",",,,0","27.98","1,0","36.86",",,,0","19.10","1,,,0"
"USC00295056","1952-07","35.36667","-103.41667","1168.0","LOGAN, NM US","622.6","0","269.4",",0","11",",0","4",",0","0",",0","0",",0","0",",0","0",",0","0",",0","0",",0","31",",0","27",",0","","","19520709",",,0","19520731","+,,0","19520731","+,,0","","","19520713",",,0","19520702",",,0","11.7",",0,09,","0",",,0,31,+","0",",,0,31,+","18.0",",,0,13,","40.6",",0,02,","0.0","0","0.0",",0","39.0",",,,0","0",",,,0","27.02",",0","35.86",",,,0","18.19",",,,0"
"USC00295056","1952-08","35.36667","-103.41667","1168.0","LOGAN, NM US","871.5","0","248.9","5,0","8",",0","6",",0","1",",0","0",",0","0",",0","0","2,0","0","2,0","0","4,0","27","4,0","25","4,0","","","19520830",",2,0","19520831","+,,0","19520831","+,,0","","","19520823",",,0","19520816",",4,0","14.4","2,0,30,","0",",,0,31,+","0",",,0,31,+","34.3",",,0,23,","41.1","4,0,16,","0.0","0","0.0","4,0","67.3",",,,0","0",",,,0","27.91","5,0","36.96","4,,,0","18.87","2,,,0"
"USC00295056","1952-09","35.36667","-103.41667","1168.0","LOGAN, NM US","960.3","0","88.8",",0","2",",0","1",",0","0",",0","0",",0","0",",0","0",",0","0",",0","0",",0","27",",0","9",",0","","","19520923",",,0","19520930","+,,0","19520930","+,,0","","","19520922",",,0","19520920","+,,0","6.7",",0,23,","0",",,0,30,+","0",",,0,30,+","6.1",",,0,22,","34.4",",0,20,+","15.5","0","15.5",",0","7.6",",,,0","0",",,,0","20.78",",0","28.67",",,,0","12.88",",,,0"
"USC00295056","1952-10","35.36667","-103.41667","1168.0","LOGAN, NM US","962.8","0","2.5",",0","0",",0","0",",0","0",",0","0",",0","0",",0","0",",0","5",",0","0",",0","19",",0","0",",0","","","19521015",",,0","19521031","+,,0","19521031","+,,0","","","19521031","+,,0","19521013","+,,0","-2.2",",0,15,","0",",,0,31,+","0",",,0,31,+","0.0",",,0,31,+","27.8",",0,13,+","186.3","0","170.8",",0","0.0",",,,0","0",",,,0","12.90",",0","22.08",",,,0","3.73",",,,0"
"USC00295056","1952-11","35.36667","-103.41667","1168.0","LOGAN, NM US","962.8","0","0.0","5,0","2","3,0","0","3,0","0","3,0","","","0",",0","1","4,0","17","4,0","3","5,0","4","5,0","0","5,0","","","19521126",",4,0","","","19521130","+,,0","","","19521104",",3,0","19521117",",5,0","-20.0","4,0,26,","","","0",",T,0,30,+","2.0","3,,0,04,","21.7","5,0,17,","514.3","0","328.0","5,0","15.4",",a,,0","124",",a,,0","4.96","5,0","12.51","5,,,0","-2.58","4,,,0"
"USC00295056","1952-12","35.36667","-103.41667","1168.0","LOGAN, NM US","962.8","0","0.0",",0","1",",0","1",",0","0",",0","","","0","1,0","1",",0","30",",0","2",",0","0",",0","0",",0","","","19521225",",,0","","","19521223","+,1,0","","","19521224",",,0","19521216","+,,0","-20.6",",0,25,","","","0","1,T,0,23,+","6.4",",,0,24,","18.3",",0,16,+","1018.4","0","504.1",",0","6.4",",,,0","0","1,T,,0","2.07",",0","10.15",",,,0","-6.01",",,,0"
"USC00295056","1953-01","35.36667","-103.41667","1168.0","LOGAN, NM US","0.0","0","0.0",",0","0",",0","0",",0","0",",0","0",",0","0",",0","0",",0","22",",0","0",",0","6",",0","0",",0","","","19530116",",,0","19530131","+,,0","19530131","+,,0","","","19530122","+,,0","19530112",",,0","-11.1",",0,16,","0",",,0,31,+","0",",,0,31,+","0.0",",T,0,22,+","24.4",",0,12,","1355.0","0","336.6",",0","0.0",",T,,0","0",",,,0","7.48",",0","17.29",",,,0","-2.34",",,,0"
"USC00295056","1953-02","35.36667","-103.41667","1168.0","LOGAN, NM US","0.0","0","0.0","1,0","2",",0","2",",0","0",",0","","","2",",0","0","1,0","23","1,0","0","1,0","3","1,0","0","1,0","","","19530211",",1,0","","","19530223",",,0","","","19530223",",,0","19530204",",1,0","-16.1","1,0,11,","","","102",",,0,23,","5.6",",,0,23,","22.2","1,0,04,","1726.8","0","371.8","1,0","8.6",",,,0","153",",,,0","4.56","1,0","13.91","1,,,0","-4.79","1,,,0"
"USC00295056","1953-03","35.36667","-103.41667","1168.0","LOGAN, NM US","1.4","0","1.4","1,0","2","2,0","1","2,0","0","2,0","0","2,0","0","2,0","0","1,0","9","1,0","0",",0","19",",0","0",",0","","","19530304",",1,0","19530331","+,2,0","19530331","+,2,0","","","19530308",",2,0","19530328","+,,0","-12.8","1,0,04,","0","2,,0,31,+","0","2,,0,31,+","5.6","2,,0,08,","28.3",",0,28,+","1927.2","0","200.4",",0","10.7",",a,,0","0","2,,,0","11.75","1,0","21.16",",,,0","2.34","1,,,0"
"USC00295056","1953-04","35.36667","-103.41667","1168.0","LOGAN, NM US","13.9","0","12.5",",0","3",",0","1",",0","0",",0","0",",0","0",",0","0",",0","9",",0","0",",0","22",",0","2",",0","","","19530413",",,0","19530430","+,,0","19530430","+,,0","","","19530423",",,0","19530427","+,,0","-3.9",",0,13,","0",",,0,30,+","0",",,0,30,+","4.1",",,0,23,","32.2",",0,27,+","2081.3","0","154.1",",0","6.6",",,,0","0",",,,0","13.61",",0","23.30",",,,0","3.93",",,,0"
"USC00295056","1953-05","35.36667","-103.41667","1168.0","LOGAN, NM US","99.9","0","86.0",",0","5",",0","3",",0","1",",0","0",",0","0",",0","0",",0","3",",0","0",",0","26",",0","10",",0","1","","19530514","+,,0","19530531","+,,0","19530528","+,,0","","","19530528",",,0","19530526",",,0","-1.1",",0,14,+","0",",,0,31,+","0",",T,0,28,+","32.8",",,0,28,","38.9",",0,26,","2162.1","0","80.8",",0","42.2",",,,0","0",",T,,0","18.50",",0","28.41",",,,0","8.59",",,,0"
"USC00295056","1953-06","35.36667","-103.41667","1168.0","LOGAN, NM US","414.6","0","314.7",",0","1",",0","0",",0","0",",0","0",",0","0",",0","0",",0","0",",0","0",",0","30",",0","29",",0","","","19530606",",,0","19530630","+,,0","19530630","+,,0","2","","19530602",",,0","19530622",",,0","13.9",",0,06,","0",",,0,30,+","0",",,0,30,+","2.3",",,0,02,","42.8",",0,22,","2162.1","0","0.0",",0","2.3",",,,0","0",",,,0","28.82",",0","37.98",",,,0","19.66",",,,0"
"USC00295056","1953-07","35.36667","-103.41667","1168.0","LOGAN, NM US","707.3","0","292.7",",0","8",",0","4",",0","1",",0","0",",0","0",",0","0",",0","0",",0","0",",0","31",",0","27",",0","","","19530713",",,0","19530731","+,,0","19530731","+,,0","2","","19530717",",,0","19530702","+,,0","13.3",",0,13,","0",",,0,31,+","0",",,0,31,+","34.5",",,0,17,","41.1",",0,02,+","0.0","0","0.0",",0","52.2",",,,0","0",",,,0","27.77",",0","36.41",",,,0","19.14",",,,0"
"USC00295056","1953-08","35.36667","-103.41667","1168.0","LOGAN, NM US","929.8","0","222.5",",0","8",",0","4",",0","2",",0","0",",0","0",",0","0",",0","0",",0","0",",0","31",",0","22",",0","","","19530818","+,,0","19530831","+,,0","19530817",",,0","1","","19530817",",,0","19530809","+,,0","13.3",",0,18,+","0",",,0,31,+","0",",T,0,17,","87.9",",,0,17,","39.4",",0,09,+","0.0","0","0.0",",0","134.7",",,,0","0",",T,,0","25.51",",0","33.62",",,,0","17.40",",,,0"
"USC00295056","1953-09","35.36667","-103.41667","1168.0","LOGAN, NM US","1037.1","0","107.3","1,0","0",",0","0",",0","0",",0","0",",0","0",",0","0","1,0","0","1,0","0","1,0","29","1,0","19","1,0","","","19530904",",1,0","19530930","+,,0","19530930","+,,0","","","19530923",",,0","19530927","+,1,0","5.6","1,0,04,","0",",,0,30,+","0",",,0,30,+","0.0",",T,0,23,","36.1","1,0,27,+","4.7","0","4.7","1,0","0.0",",T,,0","0",",,,0","21.87","1,0","32.28","1,,,0","11.47","1,,,0"
"USC00295056","1953-10","35.36667","-103.41667","1168.0","LOGAN, NM US","1052.9","0","15.8","1,0","4",",0","3",",0","0",",0","0",",0","0",",0","0","1,0","2","1,0","0",",0","22",",0","2",",0","","","19531026","+,1,0","19531031","+,,0","19531031","+,,0","","","19531023","+,,0","19531010",",,0","0.0","1,0,26,+","0",",,0,31,+","0",",,0,31,+","4.1",",,0,23,+","32.8",",0,10,","105.0","0","100.3",",0","12.0",",,,0","0",",,,0","15.46","1,0","24.21",",,,0","6.72","1,,,0"
"USC00295056","1953-11","35.36667","-103.41667","1168.0","LOGAN, NM US","1052.9","0","0.0",",0","4",",0","1",",0","0",",0","0",",0","0",",0","0",",0","20",",0","0",",0","8",",0","0",",0","","","19531122",",,0","19531130","+,,0","19531130","+,,0","","","19531105",",,0","19531102",",,0","-8.9",",0,22,","0",",,0,30,+","0",",,0,30,+","7.4",",,0,05,","25.6",",0,02,","384.8","0","279.8",",0","10.5",",,,0","0",",,,0","9.01",",0","18.18",",,,0","-0.17",",,,0"
"USC00295056","1953-12","35.36667","-103.41667","1168.0","LOGAN, NM US","1052.9","0","0.0",",0","3",",0","3",",0","0",",0","0","5,0","0","3,0","0",",0","30",",0","0",",0","0",",0","0",",0","","","19531224","+,,0","19531231","+,5,0","19531222",",3,0","","","19531202",",,0","19531220",",,0","-15.0",",0,24,+","0","5,,0,31,+","0","3,T,0,22,","11.7",",,0,02,","19.4",",0,20,","886.1","0","501.3",",0","17.5",",,,0","0","3,T,,0","2.16",",0","10.72",",,,0","-6.39",",,,0"
"USC00295056","1954-01","35.36667","-103.41667","1168.0","LOGAN, NM US","0.0","0","0.0",",0","2","2,0","0","2,0","0","2,0","","","0","1,0","0",",0","27",",0","1",",0","0",",0","0",",0","","","19540121","+,,0","","","19540120",",1,0","","","19540121",",2,0","19540107",",,0","-12.8",",0,21,+","","","0","1,T,0,20,","1.5","2,,0,21,","20.6",",0,07,","1317.9","0","431.8",",0","5.6",",a,,0","89","1,a,,0","4.40",",0","14.01",",,,0","-5.20",",,,0"
"USC00295056","1954-02","35.36667","-103.41667","1168.0","LOGAN, NM US","0.0","0","0.0",",0","1","1,0","0","1,0","0","1,0","0","3,0","0","2,0","0",",0","19",",0","0",",0","14",",0","0",",0","","","19540228","+,,0","19540228","+,3,0","19540228","+,2,0","","","19540227",",1,0","19540214",",,0","-6.7",",0,28,+","0","3,,0,28,+","0","2,,0,28,+","2.0","1,,0,27,","25.0",",0,14,","1561.6","0","243.7",",0","2.0","1,,,0","0","2,,,0","9.63",",0","20.73",",,,0","-1.47",",,,0"
"USC00295056","1954-03","35.36667","-103.41667","1168.0","LOGAN, NM US","0.0","0","0.0",",0","2",",0","0",",0","0",",0","","","0",",0","0",",0","18",",0","0",",0","13",",0","0",",0","","","19540314",",,0","","","19540316","+,,0","","","19540324",",,0","19540328",",,0","-10.0",",0,14,","","","0",",T,0,16,+","0.8",",,0,24,","28.3",",0,28,","1851.6","0","290.0",",0","1.1",",,,0","0",",T,,0","8.98",",0","18.91",",,,0","-0.95",",,,0"
"USC00295056","1954-04","35.36667","-103.41667","1168.0","LOGAN, NM US","33.6","0","33.6","2,0","3",",0","2",",0","0",",0","0",",0","0",",0","0","2,0","1","2,0","0","2,0","27","2,0","3","2,0","","","19540402",",2,0","19540430","+,,0","19540430","+,,0","1","","19540412",",,0","19540424","+,2,0","-1.1","2,0,02,","0",",,0,30,+","0",",,0,30,+","8.1",",,0,12,","33.3","2,0,24,+","1899.5","0","47.9","2,0","14.5",",,,0","0",",,,0","17.82","2,0","28.33","2,,,0","7.31","2,,,0"
"USC00295056","1954-05","35.36667","-103.41667","1168.0","LOGAN, NM US","102.7","0","69.1",",0","5",",0","4",",0","0",",0","0",",0","0",",0","0",",0","1",",0","0",",0","26",",0","6",",0","","","19540503",",,0","19540510",",,0","19540523","+,,0","1","","19540523",",,0","19540530",",,0","-2.2",",0,03,","0",",T,0,10,","0",",T,0,23,+","23.4",",,0,23,","33.9",",0,30,","1952.9","0","53.4",",0","49.3",",,,0","0",",T,,0","18.84",",0","26.86",",,,0","10.82",",,,0"
"USC00295056","1954-06","35.36667","-103.41667","1168.0","LOGAN, NM US","","","","","2",",0","1",",0","0",",0","0",",0","0",",0","","","","","","","","","","","","","","","19540630","+,,0","19540630","+,,0","1","","19540630",",,0","","","","","0",",,0,30,+","0",",,0,30,+","11.4",",,0,30,","","","","","","","12.2",",,,0","0",",,,0","","","","","",""
"USC00295056","1954-07","35.36667","-103.41667","1168.0","LOGAN, NM US","","","330.2",",0","5",",0","2",",0","1",",0","0",",0","0",",0","0",",0","0",",0","0",",0","31",",0","31",",0","","","19540701",",,0","19540731","+,,0","19540731","+,,0","3","","19540723",",,0","19540727","+,,0","14.4",",0,01,","0",",,0,31,+","0",",,0,31,+","29.5",",,0,23,","40.6",",0,27,+","0.0","0","0.0",",0","36.1",",,,0","0",",,,0","28.99",",0","37.72",",,,0","20.25",",,,0"
"USC00295056","1954-08","35.36667","-103.41667","1168.0","LOGAN, NM US","","","260.6",",0","5",",0","3",",0","0",",0","0",",0","0",",0","0",",0","0",",0","0",",0","31",",0","24",",0","","","19540807",",,0","19540831","+,,0","19540831","+,,0","4","","19540824",",,0","19540805",",,0","15.6",",0,07,","0",",,0,31,+","0",",,0,31,+","13.0",",,0,24,","38.9",",0,05,","0.0","0","0.0",",0","36.1",",,,0","0",",,,0","26.74",",0","34.96",",,,0","18.52",",,,0"
"USC00295056","1954-09","35.36667","-103.41667","1168.0","LOGAN, NM US","","","156.9","1,0","3",",0","3",",0","0",",0","0",",0","0",",0","0","1,0","0","1,0","0",",0","29",",0","21",",0","","","19540930","+,1,0","19540930","+,,0","19540908",",,0","1","","19540927",",,0","19540918",",,0","10.0","1,0,30,+","0",",,0,30,+","0",",T,0,08,","12.4",",,0,27,","36.7",",0,18,","2.5","0","2.5",",0","26.6",",,,0","0",",T,,0","23.72","1,0","32.18",",,,0","15.25","1,,,0"
"USC00295056","1954-10","35.36667","-103.41667","1168.0","LOGAN, NM US","","","42.6",",0","2",",0","2",",0","1",",0","0",",0","0",",0","0",",0","4",",0","0",",0","21",",0","2",",0","","","19541030",",,0","19541031","+,,0","19541031","+,,0","","","19541006",",,0","19541004",",,0","-2.8",",0,30,","0",",,0,31,+","0",",,0,31,+","35.8",",,0,06,","33.9",",0,04,","118.4","0","115.9",",0","43.9",",,,0","0",",,,0","15.97",",0","24.41",",,,0","7.52",",,,0"
"USC00295056","1954-11","35.36667","-103.41667","1168.0","LOGAN, NM US","","","0.0","1,0","1",",0","0",",0","0",",0","0",",0","0",",0","0","1,0","21","1,0","0",",0","13",",0","0",",0","","","19541129",",1,0","19541130","+,,0","19541130","+,,0","","","19541118",",,0","19541116",",,0","-5.0","1,0,29,","0",",,0,30,+","0",",,0,30,+","0.8",",,0,18,","26.1",",0,16,","373.9","0","255.5",",0","0.8",",,,0","0",",,,0","9.60","1,0","19.76",",,,0","-0.56","1,,,0"
"USC00295056","1954-12","35.36667","-103.41667","1168.0","LOGAN, NM US","","","0.0",",0","0",",0","0",",0","0",",0","0",",0","0",",0","0",",0","24",",0","0",",0","3",",0","0",",0","","","19541229",",,0","19541231","+,,0","19541227","+,,0","","","19541228","+,,0","19541204",",,0","-15.0",",0,29,","0",",,0,31,+","0",",T,0,27,+","0.0",",T,0,28,+","23.3",",0,04,","779.7","0","405.8",",0","0.0",",T,,0","0",",T,,0","5.24",",0","15.14",",,,0","-4.65",",,,0"
"USC00295056","1955-01","35.36667","-103.41667","1168.0","LOGAN, NM US","0.0","0","0.0",",0","2",",0","1",",0","0",",0","0",",0","0",",0","0",",0","27",",0","0",",0","0",",0","0",",0","","","19550122",",,0","19550131","+,,0","19550118",",,0","","","19550105",",,0","19550131",",,0","-13.3",",0,22,","0",",,0,31,+","0",",T,0,18,","2.5",",,0,05,","20.0",",0,31,","1256.6","0","476.9",",0","4.3",",,,0","0",",T,,0","2.95",",0","11.57",",,,0","-5.67",",,,0"
"USC00295056","1955-02","35.36667","-103.41667","1168.0","LOGAN, NM US","0.0","0","0.0",",0","1",",0","0",",0","0",",0","0",",0","0",",0","0",",0","23",",0","1",",0","2",",0","0",",0","1","","19550221","+,,0","19550228","+,,0","19550226","+,,0","","","19550219",",,0","19550214",",,0","-15.6",",0,21,+","0",",,0,28,+","0",",T,0,26,+","0.8",",,0,19,","22.2",",0,14,","1664.9","0","408.3",",0","0.8",",,,0","0",",T,,0","3.75",",0","13.98",",,,0","-6.47",",,,0"
"USC00295056","1955-03","35.36667","-103.41667","1168.0","LOGAN, NM US","0.0","0","0.0",",0","0",",0","0",",0","0",",0","0",",0","0",",0","0",",0","19",",0","0",",0","20",",0","0",",0","","","19550327",",,0","19550331","+,,0","19550331","+,,0","","","19550331","+,,0","19550330",",,0","-12.8",",0,27,","0",",,0,31,+","0",",T,0,31,+","0.0",",T,0,31,+","27.8",",0,30,","1936.2","0","271.3",",0","0.0",",T,,0","0",",T,,0","9.58",",0","20.48",",,,0","-1.32",",,,0"
"USC00295056","1955-04","35.36667","-103.41667","1168.0","LOGAN, NM US","10.0","0","10.0",",0","4",",0","4",",0","0",",0","0",",0","0",",0","0",",0","3",",0","0",",0","21",",0","0",",0","","","19550404",",,0","19550430","+,,0","19550408",",,0","","","19550409",",,0","19550425",",,0","-4.4",",0,04,","0",",,0,30,+","0",",T,0,08,","15.7",",,0,09,","31.1",",0,25,","2046.1","0","109.9",",0","36.8",",,,0","0",",T,,0","15.00",",0","24.23",",,,0","5.77",",,,0"
"USC00295056","1955-05","35.36667","-103.41667","1168.0","LOGAN, NM US","51.4","0","41.4","1,0","6",",0","4",",0","1",",0","0",",0","0",",0","0","1,0","0","1,0","0",",0","30",",0","5",",0","","","19550519","+,1,0","19550531","+,,0","19550531","+,,0","3","","19550518",",,0","19550531",",,0","6.1","1,0,19,+","0",",,0,31,+","0",",,0,31,+","47.8",",,0,18,","33.9",",0,31,","2070.9","0","24.8",",0","89.7",",,,0","0",",,,0","18.97","1,0","27.64",",,,0","10.31","1,,,0"
"USC00295056","1955-06","35.36667","-103.41667","1168.0","LOGAN, NM US","208.7","0","157.3","2,0","3",",0","1",",0","0",",0","0",",0","0",",0","0","2,0","0","2,0","0",",0","30",",0","21",",0","","","19550610",",2,0","19550630","+,,0","19550630","+,,0","1","","19550609",",,0","19550624",",,0","6.7","2,0,10,","0",",,0,30,+","0",",,0,30,+","2.8",",,0,09,","40.0",",0,24,","2075.3","0","4.4",",0","4.6",",,,0","0",",,,0","23.74","2,0","33.02",",,,0","14.47","2,,,0"
"USC00295056","1955-07","35.36667","-103.41667","1168.0","LOGAN, NM US","450.6","0","241.9",",0","8",",0","6",",0","1",",0","0",",0","0",",0","0",",0","0",",0","0",",0","31",",0","23",",0","","","19550701",",,0","19550731","+,,0","19550731","+,,0","","","19550705",",,0","19550702",",,0","14.4",",0,01,","0",",,0,31,+","0",",,0,31,+","26.7",",,0,05,","39.4",",0,02,","0.0","0","0.0",",0","72.2",",,,0","0",",,,0","26.14",",0","33.85",",,,0","18.42",",,,0"
"USC00295056","1955-08","35.36667","-103.41667","1168.0","LOGAN, NM US","703.3","0","252.7",",0","3",",0","3",",0","0",",0","0",",0","0",",0","0",",0","0",",0","0",",0","31",",0","28",",0","","","19550831",",,0","19550831","+,,0","19550831","+,,0","","","19550808",",,0","19550826","+,,0","11.1",",0,31,","0",",,0,31,+","0",",,0,31,+","5.8",",,0,08,","38.3",",0,26,+","0.0","0","0.0",",0","10.8",",,,0","0",",,,0","26.48",",0","35.14",",,,0","17.83",",,,0"
"USC00295056","1955-09","35.36667","-103.41667","1168.0","LOGAN, NM US","837.5","0","134.2","1,0","6",",0","5",",0","1",",0","0",",0","0",",0","0","1,0","0","1,0","0",",0","28",",0","19",",0","2","","19550926",",1,0","19550930","+,,0","19550922",",,0","8","","19550925",",,0","19550915","+,,0","7.2","1,0,26,","0",",,0,30,+","0",",T,0,22,","30.0",",,0,25,","36.7",",0,15,+","12.8","0","12.8",",0","58.3",",,,0","0",",T,,0","22.54","1,0","31.25",",,,0","13.83","1,,,0"
"USC00295056","1955-10","35.36667","-103.41667","1168.0","LOGAN, NM US","856.4","0","18.9",",0","0",",0","0",",0","0",",0","0",",0","0",",0","0",",0","5",",0","0",",0","28",",0","0",",0","","","19551030",",,0","19551031","+,,0","19551031","+,,0","","","19551002",",,0","19551018",",,0","-5.6",",0,30,","0",",,0,31,+","0",",,0,31,+","0.0",",T,0,02,","31.1",",0,18,","99.4","0","86.6",",0","0.0",",T,,0","0",",,,0","16.15",",0","26.04",",,,0","6.25",",,,0"
"USC00295056","1955-11","35.36667","-103.41667","1168.0","LOGAN, NM US","856.4","0","0.0","1,0","1",",0","0",",0","0",",0","0",",0","0",",0","0","1,0","22","1,0","0","1,0","14","1,0","0","1,0","","","19551116",",1,0","19551116",",,0","19551116","+,,0","","","19551107",",,0","19551120","+,1,0","-14.4","1,0,16,","0",",T,0,16,","0",",T,0,16,+","0.8",",,0,07,","26.7","1,0,20,+","404.5","0","305.1","1,0","0.8",",,,0","0",",T,,0","7.81","1,0","18.58","1,,,0","-2.96","1,,,0"
"USC00295056","1955-12","35.36667","-103.41667","1168.0","LOGAN, NM US","856.4","0","0.0","3,0","0",",0","0",",0","0",",0","0",",0","0",",0","0","2,0","25","2,0","0","2,0","7","2,0","0","2,0","","","19551204",",2,0","19551231","+,,0","19551214","+,,0","","","19551214","+,,0","19551224",",2,0","-13.3","2,0,04,","0",",,0,31,+","0",",T,0,14,+","0.0",",T,0,14,+","25.6","2,0,24,","762.8","0","358.3","2,0","0.0",",T,,0","0",",T,,0","5.68","3,0","16.04","2,,,0","-4.67","2,,,0"
"USC00295056","1956-01","35.36667","-103.41667","1168.0","LOGAN, NM US","0.0","0","0.0",",0","0",",0","0",",0","0",",0","0",",0","0",",0","0",",0","27",",0","0",",0","3",",0","0",",0","3","","19560130",",,0","19560131","+,,0","19560129","+,,0","","","19560129","+,,0","19560105",",,0","-16.7",",0,30,","0",",,0,31,+","0",",T,0,29,+","0.0",",T,0,29,+","23.9",",0,05,","1185.8","0","423.0",",0","0.0",",T,,0","0",",T,,0","4.69",",0","14.80",",,,0","-5.42",",,,0"
"USC00295056","1956-02","35.36667","-103.41667","1168.0","LOGAN, NM US","0.0","0","0.0","1,0","0","4,0","0","4,0","0","4,0","","","0","1,0","0","1,0","25","1,0","3","1,0","3","1,0","0","1,0","","","19560206",",1,0","","","19560212","+,1,0","","","19560217","+,4,0","19560223",",1,0","-15.0","1,0,06,","","","0","1,T,0,12,+","0.0","4,T,0,17,+","25.6","1,0,23,","1589.5","0","403.7","1,0","0.0","4,T,,0","305","1,a,,0","3.91","1,0","12.99","1,,,0","-5.16","1,,,0"
"USC00295056","1956-03","35.36667","-103.41667","1168.0","LOGAN, NM US","1.9","0","1.9",",0","1",",0","0",",0","0",",0","0",",0","0",",0","0",",0","20",",0","0",",0","18",",0","0",",0","","","19560312",",,0","19560331","+,,0","19560331","+,,0","","","19560315",",,0","19560326",",,0","-13.3",",0,12,","0",",,0,31,+","0",",,0,31,+","0.3",",,0,15,","30.0",",0,26,","1854.3","0","264.8",",0","0.3",",,,0","0",",,,0","9.85",",0","21.30",",,,0","-1.60",",,,0"
"USC00295056","1956-04","35.36667","-103.41667","1168.0","LOGAN, NM US","6.9","0","5.0","1,0","2",",0","0",",0","0",",0","0","1,0","0",",0","0","1,0","7","1,0","0","1,0","23","1,0","2","1,0","","","19560409",",1,0","19560430","+,1,0","19560415","+,,0","","","19560419",",,0","19560426",",1,0","-4.4","1,0,09,","0","1,,0,30,+","0",",T,0,15,+","0.5",",,0,19,","32.8","1,0,26,","1987.5","0","133.2","1,0","0.8",",,,0","0",",T,,0","13.91","1,0","24.68","1,,,0","3.14","1,,,0"
"USC00295056","1956-05","35.36667","-103.41667","1168.0","LOGAN, NM US","148.4","0","141.5",",0","6",",0","3",",0","1",",0","0",",0","0",",0","0",",0","0",",0","0",",0","31",",0","20",",0","","","19560515",",,0","19560531","+,,0","19560531","+,,0","","","19560523",",,0","19560512",",,0","4.4",",0,15,","0",",,0,31,+","0",",,0,31,+","25.7",",,0,23,","37.8",",0,12,","1991.7","0","4.2",",0","45.7",",,,0","0",",,,0","22.76",",0","32.33",",,,0","13.20",",,,0"
"USC00295056","1956-06","35.36667","-103.41667","1168.0","LOGAN, NM US","389.4","0","241.0","1,0","4",",0","4",",0","0",",0","0",",0","0",",0","0","1,0","0","1,0","0",",0","30",",0","27",",0","","","19560608",",1,0","19560630","+,,0","19560630","+,,0","8","","19560608",",,0","19560629","+,,0","14.4","1,0,08,","0",",,0,30,+","0",",,0,30,+","18.0",",,0,08,","39.4",",0,29,+","1991.7","0","0.0",",0","40.1",",,,0","0",",,,0","26.67","1,0","35.76",",,,0","17.58","1,,,0"
"USC00295056","1956-07","35.36667","-103.41667","1168.0","LOGAN, NM US","650.0","0","260.6",",0","4",",0","3",",0","2",",0","0",",0","0",",0","0",",0","0",",0","0",",0","31",",0","25",",0","","","19560723","+,,0","19560731","+,,0","19560731","+,,0","8","","19560717",",,0","19560715","+,,0","15.0",",0,23,+","0",",,0,31,+","0",",,0,31,+","54.9",",,0,17,","40.0",",0,15,+","0.0","0","0.0",",0","103.1",",,,0","0",",,,0","26.74",",0","35.21",",,,0","18.27",",,,0"
"USC00295056","1956-08","35.36667","-103.41667","1168.0","LOGAN, NM US","870.8","0","220.8","1,0","4",",0","3",",0","0",",0","0","1,0","0",",0","0","1,0","0","1,0","0","1,0","30","1,0","24","1,0","","","19560821",",1,0","19560831","+,1,0","19560830",",,0","1","","19560801",",,0","19560811","+,1,0","11.7","1,0,21,","0","1,,0,31,+","0",",T,0,30,","9.7",",,0,01,","39.4","1,0,11,+","0.9","0","0.9","1,0","18.5",",,,0","0",",T,,0","25.66","1,0","34.63","1,,,0","16.70","1,,,0"
"USC00295056","1956-09","35.36667","-103.41667","1168.0","LOGAN, NM US","1026.6","0","155.8",",0","1",",0","0",",0","0",",0","0",",0","0",",0","0",",0","0",",0","0",",0","30",",0","25",",0","","","19560925",",,0","19560930","+,,0","19560930","+,,0","","","19560924",",,0","19560914",",,0","7.8",",0,25,","0",",,0,30,+","0",",,0,30,+","0.5",",,0,24,","39.4",",0,14,","2.0","0","1.1",",0","0.5",",,,0","0",",,,0","23.49",",0","34.10",",,,0","12.89",",,,0"
"USC00295056","1956-10","35.36667","-103.41667","1168.0","LOGAN, NM US","1052.1","0","25.5",",0","3",",0","1",",0","0",",0","0",",0","0",",0","0",",0","3",",0","0",",0","27",",0","2",",0","","","19561031",",,0","19561031","+,,0","19561031","+,,0","","","19561018",",,0","19561005",",,0","-3.9",",0,31,","0",",,0,31,+","0",",,0,31,+","2.8",",,0,18,","33.3",",0,05,","73.4","0","71.4",",0","5.9",",,,0","0",",,,0","16.85",",0","26.61",",,,0","7.10",",,,0"
"USC00295056","1956-11","35.36667","-103.41667","1168.0","LOGAN, NM US","1052.1","0","0.0",",0","3",",0","2",",0","0",",0","","","1",",0","0",",0","24",",0","0",",0","6",",0","0",",0","","","19561116",",,0","","","19561103",",,0","","","19561103",",,0","19561111",",,0","-12.2",",0,16,","","","51",",,0,03,","5.1",",,0,03,","27.2",",0,11,","422.4","0","349.0",",0","11.0",",,,0","51",",,,0","6.70",",0","17.11",",,,0","-3.71",",,,0"
"USC00295056","1956-12","35.36667","-103.41667","1168.0","LOGAN, NM US","1052.1","0","0.0","1,0","0",",0","0",",0","0",",0","0",",0","0",",0","0","1,0","27","1,0","0","1,0","2","1,0","0","1,0","","","19561209",",1,0","19561231","+,,0","19561222","+,,0","","","19561222","+,,0","19561204",",1,0","-14.4","1,0,09,","0",",,0,31,+","0",",T,0,22,+","0.0",",T,0,22,+","22.8","1,0,04,","842.5","0","420.1","1,0","0.0",",T,,0","0",",T,,0","4.33","1,0","14.90","1,,,0","-6.25","1,,,0"
"USC00295056","1957-01","35.36667","-103.41667","1168.0","LOGAN, NM US","0.0","0","0.0",",0","1",",0","1",",0","0",",0","0",",0","0",",0","0",",0","25",",0","2",",0","3",",0","0",",0","3","","19570117",",,0","19570126","+,,0","19570126","+,,0","","","19570104",",,0","19570113",",,0","-16.1",",0,17,","0",",T,0,26,+","0",",T,0,26,+","6.4",",,0,04,","22.2",",0,13,","1277.1","0","434.6",",0","6.4",",,,0","0",",T,,0","4.31",",0","13.40",",,,0","-4.77",",,,0"
"USC00295056","1957-02","35.36667","-103.41667","1168.0","LOGAN, NM US","0.8","0","0.8",",0","2",",0","1",",0","0",",0","0",",0","0",",0","0",",0","10",",0","0",",0","9",",0","0",",0","4","","19570201",",,0","19570228","+,,0","19570222","+,,0","","","19570218",",,0","19570208",",,0","-8.3",",0,01,","0",",,0,28,+","0",",T,0,22,+","5.1",",,0,18,","26.7",",0,08,","1507.8","0","230.7",",0","5.9",",,,0","0",",T,,0","10.12",",0","18.97",",,,0","1.28",",,,0"
"USC00295056","1957-03","35.36667","-103.41667","1168.0","LOGAN, NM US","0.8","0","0.0","1,0","3",",0","3",",0","0",",0","0",",0","0",",0","0","1,0","14","1,0","0","1,0","12","1,0","0","1,0","","","19570307",",1,0","19570323",",,0","19570323","+,,0","","","19570320",",,0","19570329","+,1,0","-5.0","1,0,07,","0",",T,0,23,","0",",T,0,23,+","21.8",",,0,20,","24.4","1,0,29,+","1759.0","0","251.2","1,0","33.3",",,,0","0",",T,,0","9.96","1,0","18.33","1,,,0","1.59","1,,,0"
"USC00295056","1957-04","35.36667","-103.41667","1168.0","LOGAN, NM US","3.9","0","3.1",",0","5",",0","3",",0","0",",0","0",",0","0",",0","0",",0","7",",0","0",",0","21",",0","0",",0","1","","19570408",",,0","19570430","+,,0","19570421","+,,0","1","","19570422",",,0","19570419",",,0","-6.7",",0,08,","0",",,0,30,+","0",",T,0,21,+","10.9",",,0,22,","30.6",",0,19,","1929.3","0","170.3",",0","22.1",",,,0","0",",T,,0","12.76",",0","21.73",",,,0","3.79",",,,0"
"USC00295056","1957-05","35.36667","-103.41667","1168.0","LOGAN, NM US","31.2","0","27.3",",0","7",",0","5",",0","0",",0","0",",0","0",",0","0",",0","0",",0","0",",0","30",",0","0",",0","","","19570523",",,0","19570531","+,,0","19570531","+,,0","2","","19570528",",,0","19570519",",,0","6.7",",0,23,","0",",,0,31,+","0",",,0,31,+","14.0",",,0,28,","31.7",",0,19,","1961.1","0","31.8",",0","46.3",",,,0","0",",,,0","18.19",",0","26.05",",,,0","10.32",",,,0"
"USC00295056","1957-06","35.36667","-103.41667","1168.0","LOGAN, NM US","215.5","0","184.3","1,0","1","2,0","0","2,0","0","2,0","0",",0","0",",0","0","1,0","0","1,0","0",",0","29",",0","23",",0","","","19570602",",1,0","19570630","+,,0","19570630","+,,0","2","","19570601",",2,0","19570629",",,0","7.2","1,0,02,","0",",,0,30,+","0",",,0,30,+","1.3","2,,0,01,","42.8",",0,29,","1969.1","0","8.0",",0","6.4",",a,,0","0",",,,0","24.38","1,0","33.84",",,,0","14.93","1,,,0"
"USC00295056","1957-07","35.36667","-103.41667","1168.0","LOGAN, NM US","499.5","0","284.0","2,0","8",",0","5",",0","2",",0","0",",0","0",",0","0","2,0","0","2,0","0",",0","31",",0","30",",0","","","19570728",",2,0","19570731","+,,0","19570731","+,,0","6","","19570726",",,0","19570706","+,,0","16.1","2,0,28,","0",",,0,31,+","0",",,0,31,+","44.5",",,0,26,","42.8",",0,06,+","0.0","0","0.0",",0","97.4",",,,0","0",",,,0","28.24","2,0","37.15",",,,0","19.34","2,,,0"
"USC00295056","1957-08","35.36667","-103.41667","1168.0","LOGAN, NM US","733.9","0","234.4",",0","8","2,0","7","2,0","0","2,0","0",",0","0",",0","0",",0","0",",0","0",",0","31",",0","21",",0","","","19570827","+,,0","19570831","+,,0","19570831","+,,0","7","","19570805",",2,0","19570803",",,0","16.1",",0,27,+","0",",,0,31,+","0",",,0,31,+","15.7","2,,0,05,","38.3",",0,03,","0.0","0","0.0",",0","66.5",",a,,0","0",",,,0","25.90",",0","33.64",",,,0","18.15",",,,0"
"USC00295056","1957-09","35.36667","-103.41667","1168.0","LOGAN, NM US","799.0","0","65.1",",0","1",",0","0",",0","0",",0","0",",0","0",",0","0",",0","0",",0","0",",0","30",",0","8",",0","","","19570915",",,0","19570930","+,,0","19570930","+,,0","3","","19570907",",,0","19570905",",,0","3.9",",0,15,","0",",,0,30,+","0",",,0,30,+","2.0",",,0,07,","35.0",",0,05,","10.0","0","10.0",",0","2.0",",,,0","0",",,,0","20.17",",0","30.06",",,,0","10.28",",,,0"
"USC00295056","1957-10","35.36667","-103.41667","1168.0","LOGAN, NM US","811.5","0","12.5",",0","8",",0","6",",0","0",",0","0",",0","0",",0","0",",0","1",",0","0",",0","14",",0","0",",0","1","","19571027",",,0","19571031","+,,0","19571031","+,,0","2","","19571012",",,0","19571003",",,0","-2.2",",0,27,","0",",,0,31,+","0",",,0,31,+","12.2",",,0,12,","31.7",",0,03,","139.9","0","129.9",",0","45.2",",,,0","0",",,,0","14.55",",0","21.17",",,,0","7.92",",,,0"
"USC00295056","1957-11","35.36667","-103.41667","1168.0","LOGAN, NM US","811.5","0","0.0",",0","3",",0","3",",0","0",",0","","","0","1,0","0",",0","15",",0","1",",0","1",",0","0",",0","2","","19571123",",,0","","","19571129",",1,0","","","19571117",",,0","19571101",",,0","-16.7",",0,23,","","","0","1,T,0,29,","6.6",",,0,17,","23.3",",0,01,","516.6","0","376.7",",0","17.0",",,,0","0","1,T,,0","5.78",",0","12.44",",,,0","-0.89",",,,0"
"USC00295056","1957-12","35.36667","-103.41667","1168.0","LOGAN, NM US","811.5","0","0.0",",0","0",",0","0",",0","0",",0","0",",0","0",",0","0",",0","26",",0","0",",0","2",",0","0",",0","","","19571211",",,0","19571231","+,,0","19571224",",,0","","","19571224",",,0","19571217","+,,0","-11.1",",0,11,","0",",,0,31,+","0",",T,0,24,","0.0",",T,0,24,","21.1",",0,17,+","901.3","0","384.7",",0","0.0",",T,,0","0",",T,,0","5.92",",0","15.90",",,,0","-4.05",",,,0"
"USC00295056","1958-01","35.36667","-103.41667","1168.0","LOGAN, NM US","0.0","0","0.0",",0","3","2,0","1","2,0","0","2,0","","","0","4,0","0",",0","28",",0","0",",0","0",",0","0",",0","","","19580101",",,0","","","19580118",",4,0","","","19580119",",2,0","19580130",",,0","-12.2",",0,01,","","","0","4,T,0,18,","5.1","2,,0,19,","20.0",",0,30,","1389.8","0","488.5",",0","21.1",",a,,0","0","4,T,,0","2.57",",0","10.38",",,,0","-5.23",",,,0"
"USC00295056","1958-02","35.36667","-103.41667","1168.0","LOGAN, NM US","0.0","0","0.0","1,0","3",",0","1",",0","0",",0","","","0","2,0","0",",0","19",",0","1","1,0","1","1,0","0","1,0","1","","19580202",",,0","","","19580206",",2,0","","","19580211",",,0","19580224",",1,0","-9.4",",0,02,","","","8","2,,0,06,","4.1",",,0,11,","22.2","1,0,24,","1723.0","0","333.2","1,0","7.1",",,,0","8","2,,,0","6.02","1,0","14.27","1,,,0","-2.23",",,,0"
"USC00295056","1958-03","35.36667","-103.41667","1168.0","LOGAN, NM US","0.0","0","0.0",",0","7",",0","6",",0","0",",0","","","1","3,0","0",",0","20",",0","1",",0","2",",0","0",",0","12","","19580307",",,0","","","19580306",",3,0","","","19580306",",,0","19580321",",,0","-8.9",",0,07,","","","102","3,,0,06,","16.8",",,0,06,","24.4",",0,21,","2124.9","0","401.9",",0","44.6",",,,0","107","3,,,0","5.37",",0","11.99",",,,0","-1.25",",,,0"
"USC00295056","1958-04","35.36667","-103.41667","1168.0","LOGAN, NM US","5.0","0","5.0",",0","4",",0","3",",0","1",",0","","","0","1,0","0",",0","4",",0","0",",0","17",",0","0",",0","1","","19580414",",,0","","","19580430","+,1,0","2","","19580412",",,0","19580423",",,0","-1.7",",0,14,","","","0","1,,0,30,+","28.4",",,0,12,","31.1",",0,23,","2292.7","0","167.8",",0","38.8",",,,0","0","1,,,0","12.91",",0","21.08",",,,0","4.73",",,,0"
"USC00295056","1958-05","35.36667","-103.41667","1168.0","LOGAN, NM US","91.8","0","86.8",",0","9",",0","7",",0","1",",0","0",",0","0",",0","0",",0","0",",0","0",",0","29",",0","8",",0","","","19580504",",,0","19580531","+,,0","19580531","+,,0","9","","19580525",",,0","19580527","+,,0","6.7",",0,04,","0",",,0,31,+","0",",,0,31,+","37.6",",,0,25,","33.9",",0,27,+","2309.7","0","17.0",",0","106.2",",,,0","0",",,,0","20.59",",0","28.43",",,,0","12.75",",,,0"
"USC00295056","1958-06","35.36667","-103.41667","1168.0","LOGAN, NM US","286.3","0","194.5","3,0","4",",0","3",",0","1",",0","0",",0","0",",0","0","3,0","0","3,0","0","2,0","28","2,0","25","2,0","","","19580626",",3,0","19580630","+,,0","19580630","+,,0","2","","19580616",",,0","19580624",",2,0","8.3","3,0,26,","0",",,0,30,+","0",",,0,30,+","53.8",",,0,16,","38.9","2,0,24,","2309.7","0","0.0","2,0","65.9",",,,0","0",",,,0","25.58","3,0","34.54","2,,,0","16.61","3,,,0"
"USC00295056","1958-07","35.36667","-103.41667","1168.0","LOGAN, NM US","530.3","0","244.0",",0","8",",0","6",",0","2",",0","0",",0","0",",0","0",",0","0",",0","0",",0","31",",0","25",",0","","","19580706",",,0","19580731","+,,0","19580731","+,,0","5","","19580716",",,0","19580713",",,0","13.3",",0,06,","0",",,0,31,+","0",",,0,31,+","65.5",",,0,16,","40.6",",0,13,","0.0","0","0.0",",0","157.0",",,,0","0",",,,0","26.20",",0","34.27",",,,0","18.14",",,,0"
"USC00295056","1958-08","35.36667","-103.41667","1168.0","LOGAN, NM US","761.9","0","231.6",",0","8",",0","4",",0","2",",0","0",",0","0",",0","0",",0","0",",0","0",",0","31",",0","26",",0","","","19580826","+,,0","19580831","+,,0","19580831","+,,0","10","","19580817",",,0","19580815",",,0","13.9",",0,26,+","0",",,0,31,+","0",",,0,31,+","40.1",",,0,17,","38.9",",0,15,","0.0","0","0.0",",0","77.5",",,,0","0",",,,0","25.80",",0","34.11",",,,0","17.50",",,,0"
"USC00295056","1958-09","35.36667","-103.41667","1168.0","LOGAN, NM US","875.5","0","113.6",",0","4",",0","4",",0","2",",0","0",",0","0",",0","0",",0","0",",0","0",",0","28",",0","5",",0","","","19580930","+,,0","19580930","+,,0","19580930","+,,0","3","","19580905",",,0","19580903",",,0","7.2",",0,30,+","0",",,0,30,+","0",",,0,30,+","44.5",",,0,05,","37.8",",0,03,","12.7","0","12.7",",0","112.5",",,,0","0",",,,0","21.70",",0","28.81",",,,0","14.58",",,,0"
"USC00295056","1958-10","35.36667","-103.41667","1168.0","LOGAN, NM US","884.1","0","8.6",",0","2","2,0","2","2,0","0","2,0","0",",0","0",",0","0",",0","2",",0","0",",0","22",",0","0",",0","","","19581022",",,0","19581031","+,,0","19581031","+,,0","","","19581026",",2,0","19581008",",,0","-2.2",",0,22,","0",",,0,31,+","0",",,0,31,+","4.6","2,,0,26,","31.1",",0,08,","145.2","0","132.5",",0","10.4",",a,,0","0",",,,0","14.34",",0","22.19",",,,0","6.48",",,,0"
"USC00295056","1958-11","35.36667","-103.41667","1168.0","LOGAN, NM US","884.1","0","0.0",",0","1",",0","1",",0","0",",0","0","1,0","0","1,0","0",",0","20",",0","0",",0","9",",0","0",",0","","","19581128",",,0","19581130","+,1,0","19581127",",1,0","","","19581117",",,0","19581107",",,0","-15.0",",0,28,","0","1,,0,30,+","0","1,T,0,27,","9.7",",,0,17,","27.2",",0,07,","431.7","0","286.5",",0","9.7",",,,0","0","1,T,,0","8.78",",0","18.71",",,,0","-1.15",",,,0"
"USC00295056","1958-12","35.36667","-103.41667","1168.0","LOGAN, NM US","884.1","0","0.0",",0","0","2,0","0","2,0","0","2,0","1","2,0","0","2,0","2",",0","28",",0","1",",0","1",",0","0",",0","","","19581230",",,0","19581228",",2,0","19581231","+,2,0","","","19581231","+,2,0","19581204",",,0","-22.2",",0,30,","25","2,,0,28,","0","2,,0,31,+","0.0","2,,0,31,+","26.1",",0,04,","880.1","0","448.4",",0","8.9",",a,,0","0","2,,,0","3.87",",0","14.44",",,,0","-6.71",",,,0"
"USC00295056","1959-01","35.36667","-103.41667","1168.0","LOGAN, NM US","0.0","0","0.0","1,0","2",",0","1",",0","0",",0","","","0","3,0","4","1,0","29","1,0","3",",0","1",",0","0",",0","","","19590104",",1,0","","","19590131","+,3,0","","","19590120",",,0","19590118",",,0","-25.6","1,0,04,","","","0","3,,0,31,+","5.3",",,0,20,","21.1",",0,18,","1402.5","0","522.4",",0","7.3",",,,0","0","3,,,0","0.96","1,0","10.43",",,,0","-8.51","1,,,0"
"USC00295056","1959-02","35.36667","-103.41667","1168.0","LOGAN, NM US","0.0","0","0.0",",0","1",",0","1",",0","0",",0","","","0","1,0","0",",0","22",",0","2",",0","2",",0","0",",0","2","","19590203",",,0","","","19590228","+,1,0","","","19590201",",,0","19590216",",,0","-13.3",",0,03,","","","0","1,,0,28,+","2.8",",,0,01,","24.4",",0,16,","1758.7","0","356.2",",0","2.8",",,,0","0","1,,,0","5.61",",0","14.38",",,,0","-3.15",",,,0"
"USC00295056","1959-03","35.36667","-103.41667","1168.0","LOGAN, NM US","0.0","0","0.0",",0","1",",0","1",",0","0",",0","0",",0","0",",0","0",",0","21",",0","0",",0","19",",0","0",",0","","","19590316","+,,0","19590331","+,,0","19590331","+,,0","","","19590325",",,0","19590301",",,0","-10.0",",0,16,+","0",",,0,31,+","0",",,0,31,+","6.6",",,0,25,","26.1",",0,01,","2050.0","0","291.3",",0","6.6",",,,0","0",",,,0","8.94",",0","19.81",",,,0","-1.94",",,,0"
"USC00295056","1959-04","35.36667","-103.41667","1168.0","LOGAN, NM US","9.2","0","9.2",",0","2","2,0","0","2,0","0","2,0","0",",0","0",",0","0",",0","4",",0","0",",0","22",",0","3",",0","","","19590413",",,0","19590430","+,,0","19590430","+,,0","","","19590421",",2,0","19590425",",,0","-3.9",",0,13,","0",",,0,30,+","0",",,0,30,+","2.3","2,,0,21,","33.9",",0,25,","2197.2","0","147.2",",0","11.9",",a,,0","0",",,,0","13.73",",0","23.34",",,,0","4.13",",,,0"
"USC00295056","1959-05","35.36667","-103.41667","1168.0","LOGAN, NM US","87.3","0","78.1",",0","4",",0","2",",0","0",",0","0",",0","0",",0","0",",0","0",",0","0",",0","30",",0","7",",0","","","19590506",",,0","19590531","+,,0","19590531","+,,0","","","19590507",",,0","19590529",",,0","2.8",",0,06,","0",",,0,31,+","0",",,0,31,+","12.4",",,0,07,","35.0",",0,29,","2215.2","0","18.0",",0","22.5",",,,0","0",",,,0","20.27",",0","28.81",",,,0","11.74",",,,0"
"USC00295056","1959-06","35.36667","-103.41667","1168.0","LOGAN, NM US","292.8","0","205.5",",0","5",",0","2",",0","1",",0","0",",0","0",",0","0",",0","0",",0","0",",0","30",",0","25",",0","","","19590602",",,0","19590630","+,,0","19590630","+,,0","","","19590622",",,0","19590611",",,0","9.4",",0,02,","0",",,0,30,+","0",",,0,30,+","32.8",",,0,22,","40.6",",0,11,","2215.5","0","0.3",",0","48.3",",,,0","0",",,,0","25.18",",0","33.51",",,,0","16.84",",,,0"
"USC00295056","1959-07","35.36667","-103.41667","1168.0","LOGAN, NM US","512.0","0","219.2",",0","8",",0","6",",0","3",",0","0",",0","0",",0","0",",0","0",",0","0",",0","31",",0","24",",0","","","19590701",",,0","19590731","+,,0","19590731","+,,0","5","","19590701",",,0","19590722",",,0","13.3",",0,01,","0",",,0,31,+","0",",,0,31,+","46.2",",,0,01,","36.7",",0,22,","0.0","0","0.0",",0","126.8",",,,0","0",",,,0","25.40",",0","33.45",",,,0","17.36",",,,0"
"USC00295056","1959-08","35.36667","-103.41667","1168.0","LOGAN, NM US","746.1","0","234.1",",0","7",",0","7",",0","2",",0","0",",0","0",",0","0",",0","0",",0","0",",0","31",",0","24",",0","","","19590831",",,0","19590831","+,,0","19590831","+,,0","3","","19590823",",,0","19590804","+,,0","10.0",",0,31,","0",",,0,31,+","0",",,0,31,+","34.8",",,0,23,","38.3",",0,04,+","0.0","0","0.0",",0","104.3",",,,0","0",",,,0","25.88",",0","33.41",",,,0","18.36",",,,0"
"USC00295056","1959-09","35.36667","-103.41667","1168.0","LOGAN, NM US","859.8","0","113.7",",0","0",",0","0",",0","0",",0","0",",0","0",",0","0",",0","0",",0","0",",0","29",",0","14",",0","","","19590925","+,,0","19590930","+,,0","19590930","+,,0","","","19590930","+,,0","19590906","+,,0","3.9",",0,25,+","0",",,0,30,+","0",",,0,30,+","0.0",",T,0,30,+","36.7",",0,06,+","15.8","0","15.8",",0","0.0",",T,,0","0",",,,0","21.59",",0","31.13",",,,0","12.05",",,,0"
"USC00295056","1959-10","35.36667","-103.41667","1168.0","LOGAN, NM US","860.4","0","0.6",",0","5","2,0","5","2,0","0","2,0","0",",0","0",",0","0",",0","1",",0","0",",0","23",",0","1",",0","2","","19591027",",,0","19591031","+,,0","19591031","+,,0","","","19591002",",2,0","19591025",",,0","-1.1",",0,27,","0",",,0,31,+","0",",,0,31,+","8.9","2,,0,02,","33.9",",0,25,","164.6","0","148.8",",0","39.4",",a,,0","0",",,,0","13.55",",0","22.46",",,,0","4.64",",,,0"
"USC00295056","1959-11","35.36667","-103.41667","1168.0","LOGAN, NM US","860.4","0","0.0","3,0","","","","","","","","","","","0","1,0","22","1,0","0","2,0","6","2,0","0","2,0","","","19591128",",1,0","","","","","","","","","19591124","+,2,0","-13.3","1,0,28,","","","","","","","23.3","2,0,24,+","480.2","0","315.6","2,0","","","","","6.63","3,0","16.78","2,,,0","-3.52","1,,,0"
"USC00295056","1959-12","35.36667","-103.41667","1168.0","LOGAN, NM US","860.4","0","0.0",",0","1","3,0","1","3,0","0","3,0","","","0","3,0","0",",0","28",",0","0",",0","0",",0","0",",0","","","19591209",",,0","","","19591231","+,3,0","","","19591225",",3,0","19591203",",,0","-10.0",",0,09,","","","0","3,,0,31,+","3.0","3,,0,25,","20.0",",0,03,","946.5","0","466.3",",0","104.6",",a,,0","0","3,,,0","3.29",",0","10.20",",,,0","-3.62",",,,0"
"USC00295056","1960-01","35.36667","-103.41667","1168.0","LOGAN, NM US","0.0","","0.0","1,0","2",",0","2",",0","0",",0","","","0","2,0","4","1,0","27","1,0","6","1,0","0","1,0","0","1,0","","","19600106",",1,0","","","19600131","+,2,0","","","19600114",",,0","19600110",",1,0","-22.8","1,0,06,","","","0","2,,0,31,+","10.7",",,0,14,","18.9","1,0,10,","1476.3","","529.8","1,0","20.4",",,,0","0","2,,,0","0.67","1,0","8.75","1,,,0","-7.40","1,,,0"
