"STATION","DATE","LATITUDE","LONGITUDE","ELEVATION","NAME","CDSD","CDSD_ATTRIBUTES","CLDD","CLDD_ATTRIBUTES","DP01","DP01_ATTRIBUTES","DP10","DP10_ATTRIBUTES","DP1X","DP1X_ATTRIBUTES","DSND","DSND_ATTRIBUTES","DSNW","DSNW_ATTRIBUTES","DT00","DT00_ATTRIBUTES","DT32","DT32_ATTRIBUTES","DX32","DX32_ATTRIBUTES","DX70","DX70_ATTRIBUTES","DX90","DX90_ATTRIBUTES","DYNT","DYNT_ATTRIBUTES","DYSD","DYSD_ATTRIBUTES","DYSN","DYSN_ATTRIBUTES","DYTS","DYTS_ATTRIBUTES","DYXP","DYXP_ATTRIBUTES","DYXT","DYXT_ATTRIBUTES","EMNT","EMNT_ATTRIBUTES","EMSD","EMSD_ATTRIBUTES","EMSN","EMSN_ATTRIBUTES","EMXP","EMXP_ATTRIBUTES","EMXT","EMXT_ATTRIBUTES","HDSD","HDSD_ATTRIBUTES","HTDD","HTDD_ATTRIBUTES","PRCP","PRCP_ATTRIBUTES","SNOW","SNOW_ATTRIBUTES","TAVG","TAVG_ATTRIBUTES","TMAX","TMAX_ATTRIBUTES","TMIN","TMIN_ATTRIBUTES"
"USC00046630","1982-07","33.73333","-116.38333","59.4","PALM DESERT, CA US","","","317.4","4,0","2",",0","0",",0","0",",0","0",",0","0",",0","0",",0","0",",0","0","4,0","27","4,0","27","4,0","19820704","+,,0","19820731","+,,0","19820731","+,,0","","","19820726",",,0","19820719",",4,0","14.4",",0,04,+","0",",,0,31,+","0",",,0,31,+","1.3",",,0,26,","45.6","4,0,19,","0.0","0","0.0","4,0","2.1",",,,0","0",",,,0","30.37","4,0","41.51","4,,,0","19.23",",,,0"
"USC00046630","1982-08","33.73333","-116.38333","59.4","PALM DESERT, CA US","","","380.2","2,0","3",",0","3",",0","0",",0","0",",0","0",",0","0",",0","0",",0","0","2,0","29","2,0","29","2,0","19820803",",,0","19820831","+,,0","19820831","+,,0","","","19820825",",,0","19820822","+,2,0","15.6",",0,03,","0",",,0,31,+","0",",,0,31,+","4.1",",,0,25,","45.0","2,0,22,+","0.0","0","0.0","2,0","10.5",",,,0","0",",,,0","31.47","2,0","41.15","2,,,0","21.79",",,,0"
"USC00046630","1982-09","33.73333","-116.38333","59.4","PALM DESERT, CA US","","","245.6","5,0","3",",0","3",",0","0",",0","0",",0","0",",0","0",",0","0",",0","0","5,0","25","5,0","20","5,0","19820930",",,0","19820930","+,,0","19820930","+,,0","","","19820908",",,0","19820902",",5,0","7.2",",0,30,","0",",,0,30,+","0",",,0,30,+","11.9",",,0,08,","47.2","5,0,02,","0.6","0","0.6","5,0","20.6",",,,0","0",",,,0","28.37","5,0","37.36","5,,,0","19.37",",,,0"
"USC00046630","1982-10","33.73333","-116.38333","59.4","PALM DESERT, CA US","","","98.4","1,0","0",",0","0",",0","0",",0","0",",0","0",",0","0",",0","0",",0","0","1,0","30","1,0","20","1,0","19821011",",,0","19821031","+,,0","19821031","+,,0","","","19821031","+,,0","19821023","+,1,0","4.4",",0,11,","0",",,0,31,+","0",",,0,31,+","0.0",",,0,31,+","36.7","1,0,23,+","2.3","0","1.7","1,0","0.0",",,,0","0",",,,0","21.50","1,0","32.40","1,,,0","10.59",",,,0"
"USC00046630","1982-11","33.73333","-116.38333","59.4","PALM DESERT, CA US","","","3.6","3,0","1",",0","1",",0","0",",0","0",",0","0",",0","0",",0","0",",0","0","3,0","23","3,0","2","3,0","19821111",",,0","19821130","+,,0","19821130","+,,0","","","19821130",",,0","19821105","+,3,0","1.1",",0,11,","0",",,0,30,+","0",",,0,30,+","10.7",",,0,30,","32.2","3,0,05,+","111.6","0","109.3","3,0","10.7",",,,0","0",",,,0","14.42","3,0","23.62","3,,,0","5.22",",,,0"
"USC00046630","1982-12","33.73333","-116.38333","59.4","PALM DESERT, CA US","","","0.0","4,0","","","","","","","","","","","0","4,0","4","4,0","0","3,0","13","3,0","0","3,0","19821227",",4,0","","","","","","","","","19821217","+,3,0","-0.6","4,0,27,","","","","","","","23.9","3,0,17,+","290.8","0","179.2","3,0","","","","","11.71","4,0","20.00","3,,,0","3.43","4,,,0"
"USC00046630","1983-01","33.73333","-116.38333","59.4","PALM DESERT, CA US","0.6","0","0.6","1,0","3",",0","1",",0","0",",0","0",",0","0",",0","0",",0","4",",0","0","1,0","22","1,0","0","1,0","19830102",",,0","19830131","+,,0","19830131","+,,0","","","19830127",",,0","19830111",",1,0","-2.8",",0,02,","0",",,0,31,+","0",",,0,31,+","6.6",",,0,27,","30.0","1,0,11,","404.6","0","113.8","1,0","7.9",",,,0","0",",,,0","14.48","1,0","23.86","1,,,0","5.09",",,,0"
"USC00046630","1983-02","33.73333","-116.38333","59.4","PALM DESERT, CA US","8.9","0","8.3","2,0","6",",0","5",",0","1",",0","0",",0","0",",0","0",",0","0",",0","0","2,0","20","2,0","0","2,0","19830201",",,0","19830228","+,,0","19830228","+,,0","","","19830202",",,0","19830217",",2,0","2.8",",0,01,","0",",,0,28,+","0",",,0,28,+","30.5",",,0,02,","30.6","2,0,17,","467.9","0","63.3","2,0","53.7",",,,0","0",",,,0","16.18","2,0","24.25","2,,,0","8.11",",,,0"
"USC00046630","1983-03","33.73333","-116.38333","59.4","PALM DESERT, CA US","","","","","5",",0","4",",0","1",",0","0",",0","0",",0","0",",0","0",",0","","","","","","","19830327","+,,0","19830331","+,,0","19830331","+,,0","","","19830302",",,0","","","6.1",",0,27,+","0",",,0,31,+","0",",,0,31,+","33.0",",,0,02,","","","","","","","50.0",",,,0","0",",,,0","","","","","10.67",",,,0"
"USC00046630","1983-04","33.73333","-116.38333","59.4","PALM DESERT, CA US","","","29.1","1,0","2",",0","0",",0","0",",0","0",",0","0",",0","0",",0","0",",0","0","1,0","29","1,0","1","1,0","19830412",",,0","19830430","+,,0","19830430","+,,0","","","19830421",",,0","19830416",",1,0","3.3",",0,12,","0",",,0,30,+","0",",,0,30,+","0.8",",,0,21,","32.2","1,0,16,","","","25.9","1,0","1.1",",,,0","0",",,,0","18.52","1,0","27.91","1,,,0","9.12",",,,0"
"USC00046630","1983-05","33.73333","-116.38333","59.4","PALM DESERT, CA US","","","222.6","2,0","1",",0","0",",0","0",",0","0",",0","0",",0","0",",0","0",",0","0","2,0","29","2,0","22","2,0","19830505",",,0","19830531","+,,0","19830531","+,,0","","","19830501",",,0","19830528",",2,0","7.2",",0,05,","0",",,0,31,+","0",",,0,31,+","1.8",",,0,01,","46.1","2,0,28,","","","0.6","2,0","1.8",",,,0","0",",,,0","26.01","2,0","37.29","2,,,0","14.73",",,,0"
"USC00046630","1983-06","33.73333","-116.38333","59.4","PALM DESERT, CA US","","","273.9","3,0","0",",0","0",",0","0",",0","0",",0","0",",0","0",",0","0",",0","0","3,0","27","3,0","26","3,0","19830603","+,,0","19830630","+,,0","19830630","+,,0","","","19830630","+,,0","19830618","+,3,0","12.2",",0,03,+","0",",,0,30,+","0",",,0,30,+","0.0",",,0,30,+","43.3","3,0,18,+","","","0.0","3,0","0.0",",,,0","0",",,,0","28.56","3,0","40.00","3,,,0","17.11",",,,0"
"USC00046630","1983-07","33.73333","-116.38333","59.4","PALM DESERT, CA US","","","400.0","2,0","0",",0","0",",0","0",",0","0",",0","0",",0","0",",0","0",",0","0","2,0","29","2,0","29","2,0","19830726",",,0","19830731","+,,0","19830731","+,,0","","","19830721",",,0","19830713",",2,0","15.6",",0,26,","0",",,0,31,+","0",",,0,31,+","0.0",",T,0,21,","48.3","2,0,13,","0.0","0","0.0","2,0","0.0",",T,,0","0",",,,0","32.11","2,0","43.47","2,,,0","20.75",",,,0"
"USC00046630","1983-08","33.73333","-116.38333","59.4","PALM DESERT, CA US","","","","","7",",0","7",",0","1",",0","0",",0","0",",0","0",",0","0",",0","","","","","","","19830823",",,0","19830831","+,,0","19830831","+,,0","","","19830818",",,0","","","17.2",",0,23,","0",",,0,31,+","0",",,0,31,+","65.0",",,0,18,","","","","","","","108.0",",,,0","0",",,,0","","","","","23.19",",,,0"
"USC00046630","1983-09","33.73333","-116.38333","59.4","PALM DESERT, CA US","","","","","1","4,0","1","4,0","1","4,0","0",",0","0",",0","","","","","","","","","","","","","19830930","+,,0","19830930","+,,0","","","19830926",",4,0","","","","","0",",,0,30,+","0",",,0,30,+","34.3","4,,0,26,","","","","","","","70.9",",a,,0","0",",,,0","","","","","",""
"USC00046630","1983-10","33.73333","-116.38333","59.4","PALM DESERT, CA US","","","181.6","1,0","2",",0","1",",0","0",",0","0",",0","0",",0","0",",0","0",",0","0","1,0","30","1,0","24","1,0","19831019","+,,0","19831031","+,,0","19831031","+,,0","","","19831005",",,0","19831012",",1,0","12.2",",0,19,+","0",",,0,31,+","0",",,0,31,+","4.1",",,0,05,","38.9","1,0,12,","","","0.0","1,0","5.1",",,,0","0",",,,0","24.35","1,0","34.07","1,,,0","14.64",",,,0"
"USC00046630","1983-11","33.73333","-116.38333","59.4","PALM DESERT, CA US","","","38.3","2,0","1",",0","1",",0","0",",0","0",",0","0",",0","0",",0","0",",0","0","2,0","22","2,0","3","2,0","19831127",",,0","19831130","+,,0","19831130","+,,0","","","19831125",",,0","19831103",",2,0","1.1",",0,27,","0",",,0,30,+","0",",,0,30,+","2.5",",,0,25,","36.1","2,0,03,","","","70.1","2,0","2.5",",,,0","0",",,,0","17.32","2,0","26.40","2,,,0","8.24",",,,0"
"USC00046630","1983-12","33.73333","-116.38333","59.4","PALM DESERT, CA US","","","0.0","2,0","3",",0","1",",0","1",",0","0",",0","0",",0","0",",0","2",",0","0","2,0","22","2,0","0","2,0","19831206",",,0","19831231","+,,0","19831231","+,,0","","","19831225",",,0","19831218",",2,0","-0.6",",0,06,","0",",,0,31,+","0",",,0,31,+","29.7",",,0,25,","27.2","2,0,18,","","","142.3","2,0","31.2",",,,0","0",",,,0","13.54","2,0","22.33","2,,,0","4.75",",,,0"
"USC00046630","1984-01","33.73333","-116.38333","59.4","PALM DESERT, CA US","7.2","0","7.2","3,0","1",",0","1",",0","0",",0","0",",0","0",",0","0",",0","1",",0","0","3,0","24","3,0","1","3,0","19840118",",,0","19840131","+,,0","19840131","+,,0","","","19840105",",,0","19840129",",3,0","0.0",",0,18,","0",",,0,31,+","0",",,0,31,+","2.5",",,0,05,","32.8","3,0,29,","","","98.5","3,0","2.5",",,,0","0",",,,0","15.14","3,0","24.93","3,,,0","5.35",",,,0"
"USC00046630","1984-02","33.73333","-116.38333","59.4","PALM DESERT, CA US","17.5","0","10.3","1,0","0",",0","0",",0","0",",0","0",",0","0",",0","0",",0","0",",0","0","1,0","28","1,0","3","1,0","19840221",",,0","19840229","+,,0","19840229","+,,0","","","19840229","+,,0","19840204",",1,0","1.7",",0,21,","0",",,0,29,+","0",",,0,29,+","0.0",",,0,29,+","33.9","1,0,04,","","","62.3","1,0","0.0",",,,0","0",",,,0","16.51","1,0","27.07","1,,,0","5.94",",,,0"
"USC00046630","1984-03","33.73333","-116.38333","59.4","PALM DESERT, CA US","63.2","0","45.7","3,0","0",",0","0",",0","0",",0","0",",0","0",",0","0",",0","0",",0","0","3,0","28","3,0","4","3,0","19840306",",,0","19840331","+,,0","19840331","+,,0","","","19840331","+,,0","19840320",",3,0","2.2",",0,06,","0",",,0,31,+","0",",,0,31,+","0.0",",,0,31,+","34.4","3,0,20,","","","8.1","3,0","0.0",",,,0","0",",,,0","19.81","3,0","30.22","3,,,0","9.39",",,,0"
"USC00046630","1984-04","33.73333","-116.38333","59.4","PALM DESERT, CA US","143.5","0","80.3","3,0","0",",0","0",",0","0",",0","0",",0","0",",0","0",",0","0",",0","0","3,0","27","3,0","10","3,0","19840402",",,0","19840430","+,,0","19840430","+,,0","","","19840430","+,,0","19840415","+,3,0","3.3",",0,02,","0",",,0,30,+","0",",,0,30,+","0.0",",,0,30,+","39.4","3,0,15,+","","","14.2","3,0","0.0",",,,0","0",",,,0","20.84","3,0","31.34","3,,,0","10.35",",,,0"
"USC00046630","1984-05","33.73333","-116.38333","59.4","PALM DESERT, CA US","433.0","0","289.5","2,0","0",",0","0",",0","0",",0","0",",0","0",",0","0",",0","0",",0","0","2,0","29","2,0","28","2,0","19840516","+,,0","19840531","+,,0","19840531","+,,0","1","","19840530",",,0","19840529",",2,0","11.7",",0,16,+","0",",,0,31,+","0",",,0,31,+","0.0",",T,0,30,","46.1","2,0,29,","","","0.0","2,0","0.0",",T,,0","0",",,,0","28.41","2,0","39.66","2,,,0","17.17",",,,0"
"USC00046630","1984-06","33.73333","-116.38333","59.4","PALM DESERT, CA US","722.8","0","289.8","3,0","0",",0","0",",0","0",",0","0",",0","0",",0","0",",0","0",",0","0","3,0","27","3,0","27","3,0","19840615",",,0","19840630","+,,0","19840630","+,,0","","","19840629",",,0","19840627",",3,0","12.8",",0,15,","0",",,0,30,+","0",",,0,30,+","0.0",",T,0,29,","46.1","3,0,27,","","","0.0","3,0","0.0",",T,,0","0",",,,0","29.26","3,0","39.71","3,,,0","18.81",",,,0"
"USC00046630","1984-07","33.73333","-116.38333","59.4","PALM DESERT, CA US","1134.5","0","411.7","5,0","2",",0","1",",0","0",",0","0",",0","0",",0","0",",0","0",",0","0","5,0","26","5,0","26","5,0","19840724",",,0","19840731","+,,0","19840731","+,,0","1","","19840722",",,0","19840704",",5,0","20.6",",0,24,","0",",,0,31,+","0",",,0,31,+","2.8",",,0,22,","47.8","5,0,04,","0.0","0","0.0","5,0","5.1",",,,0","0",",,,0","34.26","5,0","42.69","5,,,0","25.83",",,,0"
"USC00046630","1984-08","33.73333","-116.38333","59.4","PALM DESERT, CA US","1533.0","0","398.5","4,0","3",",0","1",",0","0",",0","0",",0","0",",0","0",",0","0",",0","0","4,0","27","4,0","27","4,0","19840808",",,0","19840831","+,,0","19840831","+,,0","1","","19840819",",,0","19840830",",4,0","20.6",",0,08,","0",",,0,31,+","0",",,0,31,+","5.6",",,0,19,","48.3","4,0,30,","0.0","0","0.0","4,0","8.6",",,,0","0",",,,0","33.26","4,0","42.46","4,,,0","24.06",",,,0"
"USC00046630","1984-09","33.73333","-116.38333","59.4","PALM DESERT, CA US","1878.1","0","345.1","4,0","0",",0","0",",0","0",",0","0",",0","0",",0","0",",0","0",",0","0","4,0","26","4,0","26","4,0","19840926","+,,0","19840930","+,,0","19840930","+,,0","","","19840911",",,0","19840903",",4,0","15.6",",0,26,+","0",",,0,30,+","0",",,0,30,+","0.0",",T,0,11,","45.6","4,0,03,","0.0","0","0.0","4,0","0.0",",T,,0","0",",,,0","31.55","4,0","41.03","4,,,0","22.08",",,,0"
"USC00046630","1984-10","33.73333","-116.38333","59.4","PALM DESERT, CA US","1976.3","0","98.2","3,0","0",",0","0",",0","0",",0","0",",0","0",",0","0",",0","0",",0","0","3,0","28","3,0","11","3,0","19841023",",,0","19841031","+,,0","19841031","+,,0","","","19841031","+,,0","19841008",",3,0","6.7",",0,23,","0",",,0,31,+","0",",,0,31,+","0.0",",,0,31,+","40.6","3,0,08,","6.7","0","6.7","3,0","0.0",",,,0","0",",,,0","21.84","3,0","31.63","3,,,0","12.06",",,,0"
"USC00046630","1984-11","33.73333","-116.38333","59.4","PALM DESERT, CA US","1987.4","0","11.1","2,0","0","3,0","0","3,0","0","3,0","0",",0","0",",0","0",",0","0",",0","0","2,0","22","2,0","1","2,0","19841127",",,0","19841130","+,,0","19841130","+,,0","","","19841121",",3,0","19841103",",2,0","0.6",",0,27,","0",",,0,30,+","0",",,0,30,+","0.0","3,T,0,21,","32.2","2,0,03,","80.4","0","73.7","2,0","11.9",",a,,0","0",",,,0","16.14","2,0","25.84","2,,,0","6.45",",,,0"
"USC00046630","1984-12","33.73333","-116.38333","59.4","PALM DESERT, CA US","1987.4","0","0.0","5,0","9",",0","4",",0","0",",0","0",",0","0",",0","0",",0","7",",0","0","5,0","11","5,0","0","5,0","19841224",",,0","19841231","+,,0","19841231","+,,0","","","19841208",",,0","19841206",",5,0","-2.2",",0,24,","0",",,0,31,+","0",",,0,31,+","11.2",",,0,08,","24.4","5,0,06,","239.4","0","159.0","5,0","34.9",",,,0","0",",,,0","12.24","5,0","19.88","5,,,0","4.59",",,,0"
"USC00046630","1985-01","33.73333","-116.38333","59.4","PALM DESERT, CA US","0.0","","0.0","3,0","3",",0","2",",0","0",",0","0",",0","0",",0","0",",0","2",",0","0","3,0","17","3,0","0","3,0","19850131",",,0","19850131","+,,0","19850131","+,,0","","","19850108",",,0","19850105",",3,0","-1.1",",0,31,","0",",,0,31,+","0",",,0,31,+","7.1",",,0,08,","25.6","3,0,05,","409.0","","169.6","3,0","11.9",",,,0","0",",,,0","12.42","3,0","21.33","3,,,0","3.52",",,,0"
"USC00046630","1985-02","33.73333","-116.38333","59.4","PALM DESERT, CA US","5.0","","5.0","3,0","4",",0","1",",0","0",",0","0",",0","0",",0","0",",0","7",",0","0","3,0","17","3,0","3","3,0","19850201",",,0","19850228","+,,0","19850202",",,0","","","19850202",",,0","19850215","+,3,0","-3.3",",0,01,","0",",,0,28,+","0",",T,0,02,","4.8",",,0,02,","32.8","3,0,15,+","518.0","","109.0","3,0","6.6",",,,0","0",",T,,0","14.05","3,0","24.12","3,,,0","3.99",",,,0"
"USC00046630","1985-03","33.73333","-116.38333","59.4","PALM DESERT, CA US","32.8","","27.8","4,0","0",",0","0",",0","0",",0","0",",0","0",",0","0",",0","0",",0","0","4,0","26","4,0","6","4,0","19850304",",,0","19850331","+,,0","19850331","+,,0","","","19850328","+,,0","19850331",",4,0","2.2",",0,04,","0",",,0,31,+","0",",,0,31,+","0.0",",T,0,28,+","34.4","4,0,31,","561.9","","43.9","4,0","0.0",",T,,0","0",",,,0","17.94","4,0","27.80","4,,,0","8.08",",,,0"
"USC00046630","1985-04","33.73333","-116.38333","59.4","PALM DESERT, CA US","195.8","","163.0","2,0","0",",0","0",",0","0",",0","0",",0","0",",0","0",",0","0",",0","0","2,0","28","2,0","20","2,0","19850421","+,,0","19850430","+,,0","19850430","+,,0","","","19850430","+,,0","19850413",",2,0","8.9",",0,21,+","0",",,0,30,+","0",",,0,30,+","0.0",",,0,30,+","42.8","2,0,13,","562.4","","0.5","2,0","0.0",",,,0","0",",,,0","24.17","2,0","35.05","2,,,0","13.29",",,,0"
"USC00046630","1985-05","33.73333","-116.38333","59.4","PALM DESERT, CA US","413.5","","217.7","1,0","0",",0","0",",0","0",",0","0",",0","0",",0","0",",0","0",",0","0","1,0","30","1,0","28","1,0","19850511",",,0","19850531","+,,0","19850531","+,,0","","","19850531","+,,0","19850518","+,1,0","8.3",",0,11,","0",",,0,31,+","0",",,0,31,+","0.0",",,0,31,+","40.6","1,0,18,+","562.4","","0.0","1,0","0.0",",,,0","0",",,,0","25.63","1,0","36.45","1,,,0","14.81",",,,0"
"USC00046630","1985-06","33.73333","-116.38333","59.4","PALM DESERT, CA US","750.6","","337.1","3,0","0",",0","0",",0","0",",0","0",",0","0",",0","0",",0","0",",0","0","3,0","27","3,0","27","3,0","19850602",",,0","19850630","+,,0","19850630","+,,0","","","19850630","+,,0","19850609","+,3,0","11.7",",0,02,","0",",,0,30,+","0",",,0,30,+","0.0",",,0,30,+","46.7","3,0,09,+","562.4","","0.0","3,0","0.0",",,,0","0",",,,0","30.79","3,0","42.87","3,,,0","18.70",",,,0"
