"STATION","DATE","LATITUDE","LONGITUDE","ELEVATION","NAME","CDSD","CDSD_ATTRIBUTES","CLDD","CLDD_ATTRIBUTES","DP01","DP01_ATTRIBUTES","DP10","DP10_ATTRIBUTES","DP1X","DP1X_ATTRIBUTES","DSND","DSND_ATTRIBUTES","DSNW","DSNW_ATTRIBUTES","DT00","DT00_ATTRIBUTES","DT32","DT32_ATTRIBUTES","DX32","DX32_ATTRIBUTES","DX70","DX70_ATTRIBUTES","DX90","DX90_ATTRIBUTES","DYFG","DYFG_ATTRIBUTES","DYNT","DYNT_ATTRIBUTES","DYSD","DYSD_ATTRIBUTES","DYSN","DYSN_ATTRIBUTES","DYTS","DYTS_ATTRIBUTES","DYXP","DYXP_ATTRIBUTES","DYXT","DYXT_ATTRIBUTES","EMNT","EMNT_ATTRIBUTES","EMSD","EMSD_ATTRIBUTES","EMSN","EMSN_ATTRIBUTES","EMXP","EMXP_ATTRIBUTES","EMXT","EMXT_ATTRIBUTES","HDSD","HDSD_ATTRIBUTES","HTDD","HTDD_ATTRIBUTES","PRCP","PRCP_ATTRIBUTES","SNOW","SNOW_ATTRIBUTES","TAVG","TAVG_ATTRIBUTES","TMAX","TMAX_ATTRIBUTES","TMIN","TMIN_ATTRIBUTES"
"USC00416825","1956-10","29.71667","-95.21667","9.1","PASADENA HOUSTON, TX US","","","","","8",",0","7",",0","0",",0","0",",0","0",",0","","","","","","","","","","","","","","","19561031","+,,0","19561031","+,,0","","","19561002",",,0","","","","","0",",,0,31,+","0",",,0,31,+","22.9",",,0,02,","","","","","","","84.7",",,,0","0",",,,0","","","","","",""
"USC00416825","1956-11","29.71667","-95.21667","9.1","PASADENA HOUSTON, TX US","","","43.1",",0","5",",0","3",",0","0",",0","0",",0","0",",0","0",",0","2",",0","0",",0","26",",0","0",",0","","","19561130","+,,0","19561130","+,,0","19561130","+,,0","","","19561114",",,0","19561102",",,0","-0.6",",0,30,+","0",",,0,30,+","0",",,0,30,+","16.5",",,0,14,","30.0",",0,02,","","","84.4",",0","36.3",",,,0","0",",,,0","16.96",",0","24.91",",,,0","9.01",",,,0"
"USC00416825","1956-12","29.71667","-95.21667","9.1","PASADENA HOUSTON, TX US","","","22.3",",0","7",",0","7",",0","3",",0","0",",0","0",",0","0",",0","0",",0","0",",0","18",",0","0",",0","","","19561227",",,0","19561231","+,,0","19561231","+,,0","","","19561222",",,0","19561209",",,0","2.2",",0,27,","0",",,0,31,+","0",",,0,31,+","40.6",",,0,22,","28.3",",0,09,","","","102.3",",0","144.9",",,,0","0",",,,0","15.75",",0","22.26",",,,0","9.24",",,,0"
"USC00416825","1957-01","29.71667","-95.21667","9.1","PASADENA HOUSTON, TX US","19.9","0","19.9",",0","4",",0","4",",0","0",",0","0",",0","0",",0","0",",0","3",",0","0",",0","21",",0","0",",0","5","","19570117","+,,0","19570131","+,,0","19570131","+,,0","","","19570126","+,,0","19570110",",,0","-2.8",",0,17,+","0",",,0,31,+","0",",,0,31,+","13.2",",,0,26,+","27.8",",0,10,","","","107.5",",0","44.0",",,,0","0",",,,0","15.51",",0","21.43",",,,0","9.59",",,,0"
"USC00416825","1957-02","29.71667","-95.21667","9.1","PASADENA HOUSTON, TX US","70.4","0","50.5",",0","6",",0","6",",0","1",",0","0",",0","0",",0","0",",0","0",",0","0",",0","16",",0","0",",0","5","","19570221",",,0","19570228","+,,0","19570228","+,,0","","","19570218",",,0","19570206",",,0","3.9",",0,21,","0",",,0,28,+","0",",,0,28,+","30.2",",,0,18,","30.0",",0,06,","","","67.3",",0","70.9",",,,0","0",",,,0","17.73",",0","22.70",",,,0","12.77",",,,0"
"USC00416825","1957-03","29.71667","-95.21667","9.1","PASADENA HOUSTON, TX US","86.3","0","15.9","1,0","8",",0","7",",0","2",",0","0",",0","0",",0","0","1,0","0","1,0","0",",0","20",",0","0",",0","2","","19570308",",1,0","19570331","+,,0","19570331","+,,0","","","19570318",",,0","19570315",",,0","1.7","1,0,08,","0",",,0,31,+","0",",,0,31,+","106.2",",,0,18,","27.2",",0,15,","","","75.9",",0","214.8",",,,0","0",",,,0","16.36","1,0","21.64",",,,0","11.09","1,,,0"
"USC00416825","1957-04","29.71667","-95.21667","9.1","PASADENA HOUSTON, TX US","171.3","0","85.0",",0","8",",0","8",",0","3",",0","0",",0","0",",0","0",",0","0",",0","0",",0","25",",0","0",",0","1","","19570409",",,0","19570430","+,,0","19570430","+,,0","","","19570429",",,0","19570426",",,0","7.8",",0,09,","0",",,0,30,+","0",",,0,30,+","43.2",",,0,29,","30.0",",0,26,","","","23.3",",0","206.4",",,,0","0",",,,0","20.39",",0","24.94",",,,0","15.83",",,,0"
"USC00416825","1957-05","29.71667","-95.21667","9.1","PASADENA HOUSTON, TX US","382.0","0","210.7",",0","3",",0","3",",0","0",",0","0",",0","0",",0","0",",0","0",",0","0",",0","31",",0","8",",0","","","19570506",",,0","19570531","+,,0","19570531","+,,0","","","19570501",",,0","19570518",",,0","11.7",",0,06,","0",",,0,31,+","0",",,0,31,+","14.7",",,0,01,","33.9",",0,18,","","","0.0",",0","35.0",",,,0","0",",,,0","25.13",",0","29.90",",,,0","20.36",",,,0"
"USC00416825","1957-06","29.71667","-95.21667","9.1","PASADENA HOUSTON, TX US","651.3","0","269.3",",0","8",",0","8",",0","2",",0","0",",0","0",",0","0",",0","0",",0","0",",0","30",",0","18",",0","","","19570606","+,,0","19570630","+,,0","19570630","+,,0","","","19570622",",,0","19570612",",,0","19.4",",0,06,+","0",",,0,30,+","0",",,0,30,+","50.8",",,0,22,","35.0",",0,12,","","","0.0",",0","152.2",",,,0","0",",,,0","27.31",",0","32.00",",,,0","22.62",",,,0"
"USC00416825","1957-07","29.71667","-95.21667","9.1","PASADENA HOUSTON, TX US","1014.2","0","362.9",",0","2",",0","2",",0","0",",0","0",",0","0",",0","0",",0","0",",0","0",",0","31",",0","31",",0","","","19570724",",,0","19570731","+,,0","19570731","+,,0","","","19570722",",,0","19570731",",,0","21.7",",0,24,","0",",,0,31,+","0",",,0,31,+","10.2",",,0,22,","37.8",",0,31,","0.0","0","0.0",",0","14.5",",,,0","0",",,,0","30.04",",0","35.93",",,,0","24.15",",,,0"
"USC00416825","1957-08","29.71667","-95.21667","9.1","PASADENA HOUSTON, TX US","1349.9","0","335.7","1,0","3",",0","3",",0","0",",0","0",",0","0",",0","0","1,0","0","1,0","0","1,0","30","1,0","30","1,0","","","19570830",",1,0","19570831","+,,0","19570831","+,,0","2","","19570819",",,0","19570819",",1,0","21.1","1,0,30,","0",",,0,31,+","0",",,0,31,+","14.7",",,0,19,","37.8","1,0,19,","0.0","0","0.0","1,0","25.1",",,,0","0",",,,0","29.52","1,0","35.61","1,,,0","23.43","1,,,0"
"USC00416825","1957-09","29.71667","-95.21667","9.1","PASADENA HOUSTON, TX US","1553.9","0","204.0",",0","7",",0","7",",0","4",",0","0",",0","0",",0","0",",0","0",",0","0",",0","30",",0","14",",0","","","19570929",",,0","19570930","+,,0","19570930","+,,0","1","","19570926",",,0","19570912","+,,0","15.0",",0,29,","0",",,0,30,+","0",",,0,30,+","50.5",",,0,26,","36.1",",0,12,+","0.0","0","0.0",",0","195.5",",,,0","0",",,,0","25.13",",0","30.29",",,,0","19.97",",,,0"
"USC00416825","1957-10","29.71667","-95.21667","9.1","PASADENA HOUSTON, TX US","1630.9","0","77.0",",0","5",",0","5",",0","3",",0","0",",0","0",",0","0",",0","0",",0","0",",0","26",",0","0",",0","1","","19571027",",,0","19571031","+,,0","19571031","+,,0","2","","19571015",",,0","19571005",",,0","1.1",",0,27,","0",",,0,31,+","0",",,0,31,+","133.1",",,0,15,","30.6",",0,05,","39.6","0","39.6",",0","298.0",",,,0","0",",,,0","19.54",",0","25.54",",,,0","13.54",",,,0"
"USC00416825","1957-11","29.71667","-95.21667","9.1","PASADENA HOUSTON, TX US","1676.0","0","45.1",",0","10",",0","10",",0","4",",0","0",",0","0",",0","0",",0","0",",0","0",",0","17",",0","0",",0","","","19571125",",,0","19571130","+,,0","19571130","+,,0","","","19571108",",,0","19571103",",,0","1.1",",0,25,","0",",,0,30,+","0",",,0,30,+","41.4",",,0,08,","30.0",",0,03,","145.1","0","105.5",",0","205.1",",,,0","0",",,,0","16.32",",0","21.76",",,,0","10.88",",,,0"
"USC00416825","1957-12","29.71667","-95.21667","9.1","PASADENA HOUSTON, TX US","1684.3","0","8.3",",0","3",",0","3",",0","1",",0","0",",0","0",",0","0",",0","3",",0","0",",0","16",",0","0",",0","","","19571213","+,,0","19571231","+,,0","19571231","+,,0","","","19571207",",,0","19571218","+,,0","-3.9",",0,13,+","0",",,0,31,+","0",",,0,31,+","25.4",",,0,07,","25.0",",0,18,+","274.8","0","129.7",",0","52.0",",,,0","0",",,,0","14.42",",0","20.16",",,,0","8.67",",,,0"
"USC00416825","1958-01","29.71667","-95.21667","9.1","PASADENA HOUSTON, TX US","0.0","0","0.0",",0","7",",0","6",",0","2",",0","0",",0","0",",0","0",",0","1",",0","0",",0","4",",0","0",",0","","","19580108",",,0","19580131","+,,0","19580131","+,,0","","","19580121",",,0","19580131","+,,0","-1.7",",0,08,","0",",,0,31,+","0",",,0,31,+","48.3",",,0,21,","22.8",",0,31,+","508.8","0","234.0",",0","133.3",",,,0","0",",,,0","10.79",",0","16.51",",,,0","5.06",",,,0"
"USC00416825","1958-02","29.71667","-95.21667","9.1","PASADENA HOUSTON, TX US","3.4","0","3.4",",0","5",",0","5",",0","2",",0","0","1,0","0","1,0","0",",0","5",",0","0",",0","6",",0","0",",0","1","","19580215",",,0","19580228","+,1,0","19580228","+,1,0","","","19580223","+,,0","19580227",",,0","-3.9",",0,15,","0","1,,0,28,+","0","1,,0,28,+","30.5",",,0,23,+","25.0",",0,27,","745.7","0","236.9",",0","101.6",",,,0","0","1,,,0","9.99",",0","14.88",",,,0","5.10",",,,0"
"USC00416825","1958-03","29.71667","-95.21667","9.1","PASADENA HOUSTON, TX US","9.3","0","5.9",",0","4",",0","4",",0","0",",0","0",",0","0",",0","0",",0","0",",0","0",",0","16",",0","0",",0","1","","19580319",",,0","19580331","+,,0","19580331","+,,0","","","19580323",",,0","19580324",",,0","2.2",",0,19,","0",",,0,31,+","0",",,0,31,+","21.6",",,0,23,","27.8",",0,24,","871.9","0","126.2",",0","47.5",",,,0","0",",,,0","14.45",",0","20.34",",,,0","8.56",",,,0"
"USC00416825","1958-04","29.71667","-95.21667","9.1","PASADENA HOUSTON, TX US","85.7","0","76.4","1,0","4",",0","4",",0","1",",0","0",",0","0",",0","0","1,0","0","1,0","0",",0","28",",0","1",",0","1","","19580412","+,1,0","19580430","+,,0","19580430","+,,0","","","19580409",",,0","19580424",",,0","9.4","1,0,12,+","0",",,0,30,+","0",",,0,30,+","31.8",",,0,09,","32.2",",0,24,","884.5","0","12.6",",0","84.7",",,,0","0",",,,0","20.59","1,0","26.78",",,,0","14.40","1,,,0"
"USC00416825","1958-05","29.71667","-95.21667","9.1","PASADENA HOUSTON, TX US","294.1","0","208.4",",0","3",",0","3",",0","0",",0","0",",0","0",",0","0",",0","0",",0","0",",0","31",",0","7",",0","","","19580506",",,0","19580531","+,,0","19580531","+,,0","","","19580523",",,0","19580531",",,0","13.9",",0,06,","0",",,0,31,+","0",",,0,31,+","20.8",",,0,23,","37.8",",0,31,","884.5","0","0.0",",0","36.0",",,,0","0",",,,0","25.05",",0","31.04",",,,0","19.07",",,,0"
"USC00416825","1958-06","29.71667","-95.21667","9.1","PASADENA HOUSTON, TX US","616.5","0","322.4",",0","0",",0","0",",0","0",",0","0",",0","0",",0","0",",0","0",",0","0",",0","30",",0","26",",0","","","19580628",",,0","19580630","+,,0","19580630","+,,0","","","19580623","+,,0","19580608",",,0","20.0",",0,28,","0",",,0,30,+","0",",,0,30,+","0.0",",T,0,23,+","38.3",",0,08,","884.5","0","0.0",",0","0.0",",T,,0","0",",,,0","29.08",",0","34.66",",,,0","23.49",",,,0"
"USC00416825","1958-07","29.71667","-95.21667","9.1","PASADENA HOUSTON, TX US","949.3","0","332.8","1,0","6",",0","6",",0","2",",0","0",",0","0",",0","0","1,0","0","1,0","0","1,0","30","1,0","30","1,0","","","19580707","+,1,0","19580731","+,,0","19580731","+,,0","","","19580708",",,0","19580730","+,1,0","21.7","1,0,07,+","0",",,0,31,+","0",",,0,31,+","104.1",",,0,08,","37.2","1,0,30,+","0.0","0","0.0","1,0","213.8",",,,0","0",",,,0","29.43","1,0","35.12","1,,,0","23.73","1,,,0"
"USC00416825","1958-08","29.71667","-95.21667","9.1","PASADENA HOUSTON, TX US","1278.3","0","329.0",",0","4",",0","4",",0","2",",0","0",",0","0",",0","0",",0","0",",0","0",",0","31",",0","30",",0","","","19580829",",,0","19580831","+,,0","19580831","+,,0","","","19580819",",,0","19580804",",,0","19.4",",0,29,","0",",,0,31,+","0",",,0,31,+","52.1",",,0,19,","37.8",",0,04,","0.0","0","0.0",",0","128.4",",,,0","0",",,,0","28.95",",0","34.67",",,,0","23.22",",,,0"
"USC00416825","1958-09","29.71667","-95.21667","9.1","PASADENA HOUSTON, TX US","1515.2","0","236.9",",0","12",",0","12",",0","6",",0","0",",0","0",",0","0",",0","0",",0","0",",0","30",",0","11",",0","","","19580929",",,0","19580930","+,,0","19580930","+,,0","","","19580922",",,0","19580925",",,0","16.7",",0,29,","0",",,0,30,+","0",",,0,30,+","49.0",",,0,22,","33.9",",0,25,","0.0","0","0.0",",0","307.7",",,,0","0",",,,0","26.23",",0","30.78",",,,0","21.68",",,,0"
"USC00416825","1958-10","29.71667","-95.21667","9.1","PASADENA HOUSTON, TX US","1617.1","0","101.9",",0","6",",0","6",",0","1",",0","0",",0","0",",0","0",",0","0",",0","0",",0","25",",0","2",",0","","","19581029",",,0","19581031","+,,0","19581031","+,,0","","","19581001",",,0","19581011","+,,0","10.6",",0,29,","0",",,0,31,+","0",",,0,31,+","29.2",",,0,01,","32.2",",0,11,+","26.1","0","26.1",",0","96.0",",,,0","0",",,,0","20.78",",0","25.66",",,,0","15.89",",,,0"
"USC00416825","1958-11","29.71667","-95.21667","9.1","PASADENA HOUSTON, TX US","1658.6","0","41.5",",0","4",",0","4",",0","0",",0","0",",0","0",",0","0",",0","2",",0","0",",0","20",",0","0",",0","8","","19581130",",,0","19581130","+,,0","19581130","+,,0","","","19581118",",,0","19581116",",,0","-0.6",",0,30,","0",",,0,30,+","0",",,0,30,+","14.7",",,0,18,","29.4",",0,16,","102.2","0","76.1",",0","40.8",",,,0","0",",,,0","17.18",",0","22.41",",,,0","11.95",",,,0"
"USC00416825","1958-12","29.71667","-95.21667","9.1","PASADENA HOUSTON, TX US","1658.6","0","0.0",",0","6",",0","4",",0","0",",0","0",",0","0",",0","0",",0","4",",0","0",",0","6",",0","0",",0","1","","19581214","+,,0","19581231","+,,0","19581231","+,,0","","","19581213",",,0","19581205",",,0","-1.7",",0,14,+","0",",,0,31,+","0",",,0,31,+","7.6",",,0,13,","25.6",",0,05,","316.4","0","214.2",",0","25.8",",,,0","0",",,,0","11.42",",0","17.33",",,,0","5.52",",,,0"
"USC00416825","1959-01","29.71667","-95.21667","9.1","PASADENA HOUSTON, TX US","1.7","0","1.7",",0","4",",0","3",",0","1",",0","0",",0","0",",0","0",",0","11",",0","0",",0","8",",0","0",",0","4","","19590104",",,0","19590131","+,,0","19590131","+,,0","","","19590130",",,0","19590114",",,0","-5.6",",0,04,","0",",,0,31,+","0",",,0,31,+","56.6",",,0,30,","24.4",",0,14,","581.3","0","264.9",",0","79.7",",,,0","0",",,,0","9.84",",0","15.73",",,,0","3.96",",,,0"
"USC00416825","1959-02","29.71667","-95.21667","9.1","PASADENA HOUSTON, TX US","7.8","0","6.1","2,0","10",",0","10",",0","5",",0","0",",0","0",",0","0","2,0","0","2,0","0","2,0","7","2,0","0","2,0","4","","19590221",",2,0","19590228","+,,0","19590228","+,,0","","","19590202",",,0","19590218",",2,0","0.6","2,0,21,","0",",,0,28,+","0",",,0,28,+","103.9",",,0,02,","26.7","2,0,18,","739.1","0","157.8","2,0","333.5",",,,0","0",",,,0","12.50","2,0","16.92","2,,,0","8.08","2,,,0"
"USC00416825","1959-03","29.71667","-95.21667","9.1","PASADENA HOUSTON, TX US","","","","","2",",0","2",",0","0",",0","0",",0","0",",0","","","","","0","1,0","21","1,0","0","1,0","","","","","19590331","+,,0","19590331","+,,0","","","19590329",",,0","19590327",",1,0","","","0",",,0,31,+","0",",,0,31,+","13.5",",,0,29,","28.9","1,0,27,","","","","","24.7",",,,0","0",",,,0","","","21.61","1,,,0","",""
"USC00416825","1959-04","29.71667","-95.21667","9.1","PASADENA HOUSTON, TX US","","","63.7",",0","7",",0","5",",0","3",",0","0",",0","0",",0","0",",0","0",",0","0",",0","23",",0","0",",0","","","19590414","+,,0","19590430","+,,0","19590430","+,,0","","","19590410",",,0","19590429",",,0","5.6",",0,14,+","0",",,0,30,+","0",",,0,30,+","109.5",",,0,10,","30.6",",0,29,","","","34.5",",0","229.5",",,,0","0",",,,0","19.31",",0","24.52",",,,0","14.09",",,,0"
"USC00416825","1959-05","29.71667","-95.21667","9.1","PASADENA HOUSTON, TX US","","","212.7",",0","6",",0","6",",0","2",",0","0",",0","0",",0","0",",0","0",",0","0",",0","31",",0","7",",0","1","","19590511",",,0","19590531","+,,0","19590531","+,,0","","","19590511",",,0","19590531","+,,0","15.6",",0,11,","0",",,0,31,+","0",",,0,31,+","87.6",",,0,11,","33.9",",0,31,+","","","0.0",",0","208.1",",,,0","0",",,,0","25.19",",0","30.38",",,,0","20.01",",,,0"
"USC00416825","1959-06","29.71667","-95.21667","9.1","PASADENA HOUSTON, TX US","","","285.1",",0","4",",0","3",",0","0",",0","0",",0","0",",0","0",",0","0",",0","0",",0","30",",0","24",",0","","","19590609",",,0","19590630","+,,0","19590630","+,,0","2","","19590606",",,0","19590620",",,0","20.0",",0,09,","0",",,0,30,+","0",",,0,30,+","16.0",",,0,06,","37.2",",0,20,","","","0.0",",0","36.4",",,,0","0",",,,0","27.84",",0","33.00",",,,0","22.67",",,,0"
"USC00416825","1959-07","29.71667","-95.21667","9.1","PASADENA HOUSTON, TX US","","","","","11","3,0","9","3,0","2","3,0","0",",0","0",",0","","","","","","","","","","","","","","","19590731","+,,0","19590731","+,,0","","","19590725",",3,0","","","","","0",",,0,31,+","0",",,0,31,+","131.8","3,,0,25,","","","","","","","294.8","3,,,0","0",",,,0","","","","","",""
"USC00416825","1959-08","29.71667","-95.21667","9.1","PASADENA HOUSTON, TX US","","","","","7","4,0","7","4,0","2","4,0","0",",0","0",",0","","","","","","","","","","","","","","","19590831","+,,0","19590831","+,,0","","","19590826",",4,0","","","","","0",",,0,31,+","0",",,0,31,+","50.0","4,,0,26,","","","","","","","128.5","4,,,0","0",",,,0","","","","","",""
"USC00416825","1959-09","29.71667","-95.21667","9.1","PASADENA HOUSTON, TX US","","","215.7","5,0","6",",0","6",",0","2",",0","0",",0","0",",0","0","5,0","0","5,0","0","5,0","25","5,0","14","5,0","","","19590918",",5,0","19590930","+,,0","19590930","+,,0","","","19590925",",,0","19590910","+,5,0","19.4","5,0,18,","0",",,0,30,+","0",",,0,30,+","42.7",",,0,25,","35.0","5,0,10,+","","","0.0","5,0","113.6",",,,0","0",",,,0","26.96","5,0","31.71","5,,,0","22.21","5,,,0"
"USC00416825","1959-10","29.71667","-95.21667","9.1","PASADENA HOUSTON, TX US","","","106.2","4,0","6",",0","5",",0","2",",0","0",",0","0",",0","0","4,0","0","4,0","0","4,0","27","4,0","2","4,0","4","","19591029",",4,0","19591031","+,,0","19591031","+,,0","","","19591014",",,0","19591004",",4,0","10.6","4,0,29,","0",",,0,31,+","0",",,0,31,+","57.2",",,0,14,","32.8","4,0,04,","","","4.3","4,0","141.3",",,,0","0",",,,0","22.11","4,0","27.73","4,,,0","16.49","4,,,0"
"USC00416825","1959-11","29.71667","-95.21667","9.1","PASADENA HOUSTON, TX US","","","","","2",",0","2",",0","1",",0","0",",0","0",",0","","","","","","","","","","","4","","","","19591130","+,,0","19591130","+,,0","","","19591115",",,0","","","","","0",",,0,30,+","0",",,0,30,+","30.5",",,0,15,","","","","","","","33.0",",,,0","0",",,,0","","","","","",""
"USC00416825","1959-12","29.71667","-95.21667","9.1","PASADENA HOUSTON, TX US","","","","","5",",0","5",",0","1",",0","0",",0","0",",0","","","","","","","","","","","","","","","19591231","+,,0","19591231","+,,0","","","19591216",",,0","","","","","0",",,0,31,+","0",",,0,31,+","64.5",",,0,16,","","","","","","","112.8",",,,0","0",",,,0","","","","","",""
"USC00416825","1960-01","29.71667","-95.21667","9.1","PASADENA HOUSTON, TX US","","","","","7",",0","7",",0","1",",0","0",",0","0",",0","","","","","","","","","","","6","","","","19600131","+,,0","19600131","+,,0","","","19600101",",,0","","","","","0",",,0,31,+","0",",,0,31,+","30.7",",,0,01,","","","","","","","89.1",",,,0","0",",,,0","","","","","",""
