"STATION","DATE","LATITUDE","LONGITUDE","ELEVATION","NAME","CDSD","CDSD_ATTRIBUTES","CLDD","CLDD_ATTRIBUTES","DP01","DP01_ATTRIBUTES","DP10","DP10_ATTRIBUTES","DP1X","DP1X_ATTRIBUTES","DSND","DSND_ATTRIBUTES","DSNW","DSNW_ATTRIBUTES","DT00","DT00_ATTRIBUTES","DT32","DT32_ATTRIBUTES","DX32","DX32_ATTRIBUTES","DX70","DX70_ATTRIBUTES","DX90","DX90_ATTRIBUTES","DYFG","DYFG_ATTRIBUTES","DYNT","DYNT_ATTRIBUTES","DYSD","DYSD_ATTRIBUTES","DYSN","DYSN_ATTRIBUTES","DYTS","DYTS_ATTRIBUTES","DYXP","DYXP_ATTRIBUTES","DYXT","DYXT_ATTRIBUTES","EMNT","EMNT_ATTRIBUTES","EMSD","EMSD_ATTRIBUTES","EMSN","EMSN_ATTRIBUTES","EMXP","EMXP_ATTRIBUTES","EMXT","EMXT_ATTRIBUTES","HDSD","HDSD_ATTRIBUTES","HTDD","HTDD_ATTRIBUTES","PRCP","PRCP_ATTRIBUTES","SNOW","SNOW_ATTRIBUTES","TAVG","TAVG_ATTRIBUTES","TMAX","TMAX_ATTRIBUTES","TMIN","TMIN_ATTRIBUTES"
"USC00023975","1948-07","31.91667","-111.08333","1158.8","HELMET PEAK RUBY STATION, AZ US","","","322.8",",0","5","2,0","5","2,0","1","2,0","0",",0","0",",0","0",",0","0",",0","0",",0","31",",0","26",",0","","","19480722",",,0","19480731","+,,0","19480731","+,,0","","","19480722",",2,0","19480710","+,,0","17.2",",0,22,","0",",,0,31,+","0",",,0,31,+","74.4","2,,0,22,","40.0",",0,10,+","0.0","0","0.0",",0","120.1",",a,,0","0",",,,0","28.75",",0","35.81",",,,0","21.68",",,,0"
"USC00023975","1948-08","31.91667","-111.08333","1158.8","HELMET PEAK RUBY STATION, AZ US","","","","","9",",0","3",",0","0",",0","0",",0","0",",0","","","","","","","","","","","","","","","19480831","+,,0","19480831","+,,0","","","19480807",",,0","","","","","0",",,0,31,+","0",",,0,31,+","12.7",",,0,07,","","","","","","","30.0",",,,0","0",",,,0","","","","","",""
"USC00023975","1948-09","31.91667","-111.08333","1158.8","HELMET PEAK RUBY STATION, AZ US","","","","","4","2,0","2","2,0","1","2,0","0",",0","0",",0","","","","","0","3,0","27","3,0","16","3,0","","","","","19480930","+,,0","19480930","+,,0","","","19480918",",2,0","19480904",",3,0","","","0",",,0,30,+","0",",,0,30,+","33.0","2,,0,18,","38.3","3,0,04,","","","","","51.8",",a,,0","0",",,,0","","","32.53","3,,,0","",""
"USC00023975","1948-10","31.91667","-111.08333","1158.8","HELMET PEAK RUBY STATION, AZ US","","","","","3",",0","1",",0","0",",0","0",",0","0",",0","","","","","","","","","","","","","","","19481031","+,,0","19481031","+,,0","","","19481018",",,0","","","","","0",",,0,31,+","0",",,0,31,+","24.4",",,0,18,","","","","","","","26.9",",,,0","0",",,,0","","","","","",""
"USC00023975","1948-11","31.91667","-111.08333","1158.8","HELMET PEAK RUBY STATION, AZ US","","","0.0",",0","1",",0","0",",0","0",",0","0",",0","0",",0","0",",0","6",",0","0",",0","11",",0","0",",0","","","19481120","+,,0","19481130","+,,0","19481130","+,,0","","","19481127",",,0","19481116","+,,0","-1.7",",0,20,+","0",",,0,30,+","0",",,0,30,+","1.0",",,0,27,","25.6",",0,16,+","","","208.5",",0","1.0",",,,0","0",",,,0","11.38",",0","19.53",",,,0","3.24",",,,0"
"USC00023975","1948-12","31.91667","-111.08333","1158.8","HELMET PEAK RUBY STATION, AZ US","","","0.0",",0","7",",0","4",",0","0",",0","0",",0","0",",0","0",",0","6",",0","0",",0","6",",0","0",",0","1","","19481205",",,0","19481231","+,,0","19481204",",,0","","","19481226",",,0","19481212",",,0","-3.9",",0,05,","0",",,0,31,+","0",",T,0,04,","7.4",",,0,26,","23.3",",0,12,","","","257.0",",0","26.4",",,,0","0",",T,,0","10.04",",0","16.36",",,,0","3.73",",,,0"
"USC00023975","1949-01","31.91667","-111.08333","1158.8","HELMET PEAK RUBY STATION, AZ US","0.0","0","0.0",",0","7","2,0","5","2,0","0","2,0","0","3,0","2",",0","0",",0","18",",0","0",",0","0",",0","0",",0","","","19490104",",,0","19490131","+,3,0","19490125",",,0","","","19490125",",2,0","19490112",",,0","-10.6",",0,04,","0","3,,0,31,+","89",",,0,25,","14.0","2,,0,25,","19.4",",0,12,","","","427.1",",0","42.7",",a,,0","165",",,,0","4.56",",0","9.98",",,,0","-0.86",",,,0"
"USC00023975","1949-02","31.91667","-111.08333","1158.8","HELMET PEAK RUBY STATION, AZ US","0.0","0","0.0",",0","3",",0","0",",0","0",",0","0",",0","0",",0","0",",0","13",",0","0",",0","7",",0","0",",0","","","19490215","+,,0","19490228","+,,0","19490228","+,,0","","","19490214",",,0","19490222",",,0","-3.9",",0,15,+","0",",,0,28,+","0",",,0,28,+","2.3",",,0,14,","25.6",",0,22,","","","253.9",",0","5.3",",,,0","0",",,,0","9.26",",0","17.38",",,,0","1.15",",,,0"
"USC00023975","1949-03","31.91667","-111.08333","1158.8","HELMET PEAK RUBY STATION, AZ US","0.3","0","0.3",",0","3",",0","1",",0","0",",0","0",",0","0",",0","0",",0","3",",0","0",",0","18",",0","0",",0","","","19490330",",,0","19490331","+,,0","19490325",",,0","","","19490325",",,0","19490319",",,0","-1.1",",0,30,","0",",,0,31,+","0",",T,0,25,","6.1",",,0,25,","28.9",",0,19,","","","149.1",",0","8.2",",,,0","0",",T,,0","13.53",",0","21.64",",,,0","5.43",",,,0"
"USC00023975","1949-04","31.91667","-111.08333","1158.8","HELMET PEAK RUBY STATION, AZ US","56.2","0","55.9","1,0","1",",0","0",",0","0",",0","0",",0","0",",0","0",",0","0",",0","0","1,0","25","1,0","6","1,0","2","","19490405","+,,0","19490430","+,,0","19490430","+,,0","","","19490401",",,0","19490424",",1,0","1.1",",0,05,+","0",",,0,30,+","0",",,0,30,+","2.0",",,0,01,","33.9","1,0,24,","","","54.5","1,0","2.0",",,,0","0",",,,0","18.23","1,0","26.71","1,,,0","9.75",",,,0"
"USC00023975","1949-05","31.91667","-111.08333","1158.8","HELMET PEAK RUBY STATION, AZ US","164.7","0","108.5",",0","0",",0","0",",0","0",",0","0",",0","0",",0","0",",0","0",",0","0",",0","31",",0","8",",0","","","19490515",",,0","19490531","+,,0","19490531","+,,0","","","19490531","+,,0","19490525",",,0","5.6",",0,15,","0",",,0,31,+","0",",,0,31,+","0.0",",,0,31,+","37.8",",0,25,","","","3.5",",0","0.0",",,,0","0",",,,0","21.72",",0","30.63",",,,0","12.80",",,,0"
"USC00023975","1949-06","31.91667","-111.08333","1158.8","HELMET PEAK RUBY STATION, AZ US","414.3","0","249.6",",0","1",",0","0",",0","0",",0","0",",0","0",",0","0",",0","0",",0","0",",0","30",",0","26",",0","","","19490604",",,0","19490630","+,,0","19490630","+,,0","","","19490608",",,0","19490616",",,0","8.9",",0,04,","0",",,0,30,+","0",",,0,30,+","1.5",",,0,08,","38.9",",0,16,","","","0.0",",0","1.5",",,,0","0",",,,0","26.65",",0","34.91",",,,0","18.39",",,,0"
"USC00023975","1949-07","31.91667","-111.08333","1158.8","HELMET PEAK RUBY STATION, AZ US","696.3","0","282.0",",0","12",",0","6",",0","0",",0","0",",0","0",",0","0",",0","0",",0","0",",0","31",",0","23",",0","","","19490707","+,,0","19490731","+,,0","19490731",",,0","","","19490731",",,0","19490714",",,0","17.8",",0,07,+","0",",,0,31,+","0",",T,0,31,","19.1",",,0,31,","38.9",",0,14,","0.0","0","0.0",",0","56.0",",,,0","0",",T,,0","27.43",",0","34.09",",,,0","20.77",",,,0"
"USC00023975","1949-08","31.91667","-111.08333","1158.8","HELMET PEAK RUBY STATION, AZ US","973.9","0","277.6",",0","4",",0","3",",0","1",",0","0",",0","0",",0","0",",0","0",",0","0",",0","31",",0","27",",0","","","19490815",",,0","19490831","+,,0","19490831","+,,0","","","19490808",",,0","19490831","+,,0","16.1",",0,15,","0",",,0,31,+","0",",,0,31,+","31.5",",,0,08,","38.9",",0,31,+","0.0","0","0.0",",0","53.2",",,,0","0",",,,0","27.29",",0","34.71",",,,0","19.87",",,,0"
"USC00023975","1949-09","31.91667","-111.08333","1158.8","HELMET PEAK RUBY STATION, AZ US","1197.4","0","223.5",",0","10",",0","5",",0","1",",0","0",",0","0",",0","0",",0","0",",0","0",",0","30",",0","19",",0","","","19490924","+,,0","19490930","+,,0","19490930","+,,0","","","19490913",",,0","19490901",",,0","16.1",",0,24,+","0",",,0,30,+","0",",,0,30,+","32.0",",,0,13,","38.3",",0,01,","0.0","0","0.0",",0","83.6",",,,0","0",",,,0","25.78",",0","32.57",",,,0","18.99",",,,0"
"USC00023975","1949-10","31.91667","-111.08333","1158.8","HELMET PEAK RUBY STATION, AZ US","1245.8","0","48.4",",0","6",",0","5",",0","0",",0","0",",0","0",",0","0",",0","0",",0","0",",0","28",",0","2",",0","","","19491021",",,0","19491031","+,,0","19491004",",,0","","","19491004",",,0","19491002",",,0","2.2",",0,21,","0",",,0,31,+","0",",T,0,04,","6.6",",,0,04,","32.8",",0,02,","54.9","0","54.9",",0","26.9",",,,0","0",",T,,0","18.12",",0","25.42",",,,0","10.83",",,,0"
"USC00023975","1949-11","31.91667","-111.08333","1158.8","HELMET PEAK RUBY STATION, AZ US","1252.0","0","6.2",",0","1",",0","0",",0","0",",0","0",",0","0",",0","0",",0","0",",0","0",",0","29",",0","0",",0","","","19491112",",,0","19491130","+,,0","19491130","+,,0","","","19491111",",,0","19491125",",,0","4.4",",0,12,","0",",,0,30,+","0",",,0,30,+","1.5",",,0,11,","29.4",",0,25,","91.1","0","36.2",",0","1.5",",,,0","0",",,,0","17.33",",0","26.02",",,,0","8.64",",,,0"
"USC00023975","1949-12","31.91667","-111.08333","1158.8","HELMET PEAK RUBY STATION, AZ US","1252.0","0","0.0",",0","4",",0","2",",0","0",",0","0",",0","1",",0","0",",0","11",",0","0",",0","13",",0","0",",0","","","19491221",",,0","19491220",",,0","19491220",",,0","1","","19491210",",,0","19491205",",,0","-7.2",",0,21,","0",",T,0,20,","30",",,0,20,","14.5",",,0,10,","25.0",",0,05,","346.0","0","254.9",",0","25.7",",,,0","30",",,,0","10.11",",0","17.44",",,,0","2.78",",,,0"
"USC00023975","1950-01","31.91667","-111.08333","1158.8","HELMET PEAK RUBY STATION, AZ US","0.6","","0.6","1,0","3",",0","1",",0","0",",0","0",",0","0",",0","0",",0","9",",0","0","1,0","7","1,0","0","1,0","","","19500104",",,0","19500131","+,,0","19500131","+,,0","","","19500113",",,0","19500120",",1,0","-7.2",",0,04,","0",",,0,31,+","0",",,0,31,+","3.6",",,0,13,","28.9","1,0,20,","592.3","","246.3","1,0","7.2",",,,0","0",",,,0","10.25","1,0","17.80","1,,,0","2.70",",,,0"
