"STATION","DATE","LATITUDE","LONGITUDE","ELEVATION","NAME","CDSD","CDSD_ATTRIBUTES","CLDD","CLDD_ATTRIBUTES","DP01","DP01_ATTRIBUTES","DP10","DP10_ATTRIBUTES","DP1X","DP1X_ATTRIBUTES","DSND","DSND_ATTRIBUTES","DSNW","DSNW_ATTRIBUTES","DT00","DT00_ATTRIBUTES","DT32","DT32_ATTRIBUTES","DX32","DX32_ATTRIBUTES","DX70","DX70_ATTRIBUTES","DX90","DX90_ATTRIBUTES","DYNT","DYNT_ATTRIBUTES","DYSD","DYSD_ATTRIBUTES","DYSN","DYSN_ATTRIBUTES","DYXP","DYXP_ATTRIBUTES","DYXT","DYXT_ATTRIBUTES","EMNT","EMNT_ATTRIBUTES","EMSD","EMSD_ATTRIBUTES","EMSN","EMSN_ATTRIBUTES","EMXP","EMXP_ATTRIBUTES","EMXT","EMXT_ATTRIBUTES","EVAP","EVAP_ATTRIBUTES","HDSD","HDSD_ATTRIBUTES","HTDD","HTDD_ATTRIBUTES","MNPN","MNPN_ATTRIBUTES","MXPN","MXPN_ATTRIBUTES","PRCP","PRCP_ATTRIBUTES","SNOW","SNOW_ATTRIBUTES","TAVG","TAVG_ATTRIBUTES","TMAX","TMAX_ATTRIBUTES","TMIN","TMIN_ATTRIBUTES","WDMV","WDMV_ATTRIBUTES"
"USC00427343","1965-10","40.51667","-111.98333","1421.0","RIVERTON, UT US","","","0.0",",0","2",",0","2",",0","0",",0","0",",0","0",",0","0",",0","13",",0","0",",0","20",",0","0",",0","19651018",",,0","19651031","+,,0","19651031","+,,0","19651015",",,0","19651010",",,0","-1.1",",0,18,","0",",,0,31,+","0",",,0,31,+","7.6",",,0,15,","28.3",",0,10,","145.2",",,,0","","","203.0",",0","5.23",",,,0","18.28",",,,0","10.4",",,,0","0",",,,0","11.78",",0","21.59",",,,0","1.97",",,,0","2071","1,,,0"
"USC00427343","1965-11","40.51667","-111.98333","1421.0","RIVERTON, UT US","","","0.0",",0","7",",0","4",",0","0",",0","0",",0","0",",0","0",",0","10",",0","0",",0","2",",0","0",",0","19651129",",,0","19651130","+,,0","19651130","+,,0","19651117",",,0","19651102","+,,0","-10.0",",0,29,","0",",,0,30,+","0",",,0,30,+","10.7",",,0,17,","21.1",",0,02,+","","","","","338.3",",0","","","","","25.7",",,,0","0",",,,0","7.06",",0","13.27",",,,0","0.84",",,,0","",""
"USC00427343","1965-12","40.51667","-111.98333","1421.0","RIVERTON, UT US","","","0.0",",0","9",",0","6",",0","1",",0","2",",","","","0",",0","29",",0","4",",0","0",",0","0",",0","19651226","+,,0","19651226","+,,0","","","19651230",",,0","19651206",",,0","-13.9",",0,26,+","25",",,0,26,+","","","31.5",",,0,30,","14.4",",0,06,","","","","","583.9",",0","","","","","60.0",",,,0","","","-0.50",",0","5.74",",,,0","-6.74",",,,0","",""
"USC00427343","1966-01","40.51667","-111.98333","1421.0","RIVERTON, UT US","0.0","0","0.0",",0","6",",0","1",",0","0",",0","2",",","","","0",",0","30",",0","5",",0","0",",0","0",",0","19660125","+,,0","19660125","+,,0","","","19660101",",,0","19660109","+,,0","-16.7",",0,25,+","25",",,0,25,+","","","3.0",",,0,01,","9.4",",0,09,+","","","","","614.7",",0","","","","","8.1",",,,0","","","-1.50",",0","4.16",",,,0","-7.15",",,,0","",""
"USC00427343","1966-02","40.51667","-111.98333","1421.0","RIVERTON, UT US","0.0","0","0.0",",0","8",",0","4",",0","0",",0","","","5",",0","0",",0","28",",0","6",",0","0",",0","0",",0","19660216",",,0","","","19660226","+,,0","19660226",",,0","19660219",",,0","-15.6",",0,16,","","","38",",,0,26,+","7.1",",,0,26,","9.4",",0,19,","","","","","552.8",",0","","","","","24.2",",,,0","216",",,,0","-1.41",",0","4.13",",,,0","-6.94",",,,0","",""
"USC00427343","1966-03","40.51667","-111.98333","1421.0","RIVERTON, UT US","0.0","0","0.0",",0","6",",0","2",",0","0",",0","4",",","","","2",",0","20",",0","2",",0","3",",0","0",",0","19660304",",,0","19660302",",,0","","","19660302",",,0","19660331",",,0","-19.4",",0,04,","152",",,0,02,","","","15.0",",,0,02,","23.9",",0,31,","","","","","430.2",",0","","","","","23.7",",,,0","","","4.46",",0","12.44",",,,0","-3.53",",,,0","",""
"USC00427343","1966-04","40.51667","-111.98333","1421.0","RIVERTON, UT US","0.0","0","0.0",",0","8",",0","4",",0","0",",0","0",",0","0",",0","0",",0","13",",0","0",",0","10",",0","0",",0","19660420",",,0","19660430","+,,0","19660430","+,,0","19660410",",,0","19660416","+,,0","-12.2",",0,20,","0",",,0,30,+","0",",,0,30,+","6.6",",,0,10,","24.4",",0,16,+","","","","","293.2",",0","","","","","25.7",",,,0","0",",,,0","8.56",",0","17.18",",,,0","-0.06",",,,0","",""
"USC00427343","1966-05","40.51667","-111.98333","1421.0","RIVERTON, UT US","12.0","0","12.0",",0","3",",0","2",",0","0",",0","0",",0","0",",0","0",",0","3",",0","0",",0","26",",0","0",",0","19660523",",,0","19660531","+,,0","19660531","+,,0","19660510",",,0","19660529","+,,0","-1.7",",0,23,","0",",,0,31,+","0",",,0,31,+","3.8",",,0,10,","30.0",",0,29,+","229.9",",,,0","","","93.4",",0","9.59",",,,0","26.11",",,,0","6.8",",,,0","0",",,,0","15.71",",0","24.85",",,,0","6.57",",,,0","2934",",,,0"
"USC00427343","1966-06","40.51667","-111.98333","1421.0","RIVERTON, UT US","79.5","0","67.5",",0","1",",0","0",",0","0",",0","0",",0","0",",0","0",",0","0",",0","0",",0","30",",0","9",",0","19660605",",,0","19660630","+,,0","19660630","+,,0","19660610",",,0","19660628",",,0","1.1",",0,05,","0",",,0,30,+","0",",,0,30,+","0.8",",,0,10,","35.6",",0,28,","266.8",",,,0","","","37.6",",0","11.66",",,,0","29.38",",,,0","0.8",",,,0","0",",,,0","19.33",",0","28.54",",,,0","10.12",",,,0","2514",",,,0"
"USC00427343","1966-07","40.51667","-111.98333","1421.0","RIVERTON, UT US","281.9","0","202.4",",0","6",",0","3",",0","0",",0","0",",0","0",",0","0",",0","0",",0","0",",0","31",",0","26",",0","19660703",",,0","19660731","+,,0","19660731","+,,0","19660731","+,,0","19660729","+,,0","9.4",",0,03,","0",",,0,31,+","0",",,0,31,+","3.3",",,0,31,+","37.2",",0,29,+","304.2",",,,0","0.0","0","0.0",",0","16.60",",,,0","32.62",",,,0","13.2",",,,0","0",",,,0","24.86",",0","33.64",",,,0","16.09",",,,0","2529",",,,0"
"USC00427343","1966-08","40.51667","-111.98333","1421.0","RIVERTON, UT US","400.1","0","118.2",",0","4",",0","2",",0","0",",0","0",",0","0",",0","0",",0","0",",0","0",",0","31",",0","17",",0","19660828","+,,0","19660831","+,,0","19660831","+,,0","19660803",",,0","19660811",",,0","6.7",",0,28,+","0",",,0,31,+","0",",,0,31,+","8.9",",,0,03,","36.7",",0,11,","321.3",",,,0","1.1","0","1.1",",0","14.06",",,,0","29.98",",,,0","17.5",",,,0","0",",,,0","22.11",",0","32.20",",,,0","12.02",",,,0","2318","2,,,0"
"USC00427343","1966-09","40.51667","-111.98333","1421.0","RIVERTON, UT US","449.0","0","48.9",",0","7",",0","2",",0","0",",0","0",",0","0",",0","0",",0","0",",0","0",",0","28",",0","4",",0","19660927","+,,0","19660930","+,,0","19660930","+,,0","19660914",",,0","19660923","+,,0","4.4",",0,27,+","0",",,0,30,+","0",",,0,30,+","16.0",",,0,14,","32.8",",0,23,+","201.7",",,,0","45.3","0","44.2",",0","12.39",",,,0","25.22",",,,0","23.0",",,,0","0",",,,0","18.49",",0","27.37",",,,0","9.61",",,,0","2306",",,,0"
"USC00427343","1966-10","40.51667","-111.98333","1421.0","RIVERTON, UT US","449.0","0","0.0","1,0","4",",0","3",",0","1",",0","0","2,0","1",",0","0","1,0","16","1,0","0",",0","11",",0","0",",0","19661014",",1,0","19661031","+,2,0","19661013",",,0","19661013",",,0","19661002",",,0","-8.9","1,0,14,","0","2,,0,31,+","127",",,0,13,","27.9",",,0,13,","25.6",",0,02,","","","316.7","0","271.4",",0","","","","","37.8",",,,0","127",",,,0","9.41","1,0","18.15",",,,0","0.66","1,,,0","",""
"USC00427343","1966-11","40.51667","-111.98333","1421.0","RIVERTON, UT US","449.0","0","0.0",",0","4",",0","2",",0","0",",0","0",",0","1",",0","0",",0","18",",0","0",",0","0",",0","0",",0","19661109",",,0","19661130","+,,0","19661108",",,0","19661108",",,0","19661120",",,0","-12.2",",0,09,","0",",,0,30,+","51",",,0,08,","9.1",",,0,08,","18.9",",0,20,","","","699.1","0","382.4",",0","","","","","14.3",",,,0","51",",,,0","5.59",",0","12.04",",,,0","-0.86",",,,0","",""
"USC00427343","1966-12","40.51667","-111.98333","1421.0","RIVERTON, UT US","449.0","0","0.0",",0","10",",0","4",",0","0",",0","0",",0","2",",0","0",",0","28",",0","14",",0","0",",0","0",",0","19661223",",,0","19661231","+,,0","19661231","+,,0","19661203",",,0","19661202",",,0","-17.2",",0,23,","0",",,0,31,+","25",",,0,31,+","11.4",",,0,03,","14.4",",0,02,","","","1331.3","0","632.2",",0","","","","","29.4",",,,0","76",",,,0","-2.06",",0","2.66",",,,0","-6.78",",,,0","",""
"USC00427343","1967-01","40.51667","-111.98333","1421.0","RIVERTON, UT US","0.0","0","0.0","1,0","10",",0","5",",0","1",",0","6","1,0","5",",0","0","1,0","28","1,0","8",",0","0",",0","0",",0","19670108",",1,0","19670123",",1,0","19670123",",,0","19670123",",,0","19670114",",,0","-16.1","1,0,08,","203","1,,0,23,","203",",,0,23,","26.4",",,0,23,","9.4",",0,14,","","","1941.4","0","610.1",",0","","","","","45.5",",,,0","354",",,,0","-1.95","1,0","3.11",",,,0","-7.00","1,,,0","",""
"USC00427343","1967-02","40.51667","-111.98333","1421.0","RIVERTON, UT US","0.0","0","0.0",",0","3",",0","1",",0","0",",0","0",",0","0",",0","0",",0","26",",0","1",",0","0",",0","0",",0","19670215",",,0","19670215","+,,0","19670214",",,0","19670226",",,0","19670228",",,0","-12.2",",0,15,","0",",T,0,15,+","0",",T,0,14,","3.6",",,0,26,","15.0",",0,28,","","","2423.2","0","481.8",",0","","","","","5.2",",,,0","0",",T,,0","1.13",",0","6.92",",,,0","-4.67",",,,0","",""
"USC00427343","1967-03","40.51667","-111.98333","1421.0","RIVERTON, UT US","0.0","0","0.0",",0","8",",0","3",",0","0",",0","1",",0","0",",0","0",",0","19",",0","0",",0","3",",0","0",",0","19670330",",,0","19670313",",,0","19670313",",,0","19670319",",,0","19670328","+,,0","-13.3",",0,30,","25",",,0,13,","13",",,0,13,","7.4",",,0,19,","21.1",",0,28,+","","","2797.7","0","374.5",",0","","","","","27.3",",,,0","13",",,,0","6.25",",0","13.73",",,,0","-1.23",",,,0","",""
"USC00427343","1967-04","40.51667","-111.98333","1421.0","RIVERTON, UT US","0.0","0","0.0",",0","11",",0","1",",0","0",",0","","","","","0",",0","19",",0","0",",0","2",",0","0",",0","19670421","+,,0","","","","","19670415",",,0","19670418",",,0","-3.9",",0,21,+","","","","","3.3",",,0,15,","23.9",",0,18,","157.3",",,,0","3127.7","0","330.0",",0","3.55",",,,0","16.30",",,,0","14.9",",,,0","","","7.33",",0","14.89",",,,0","-0.22",",,,0","3710","3,,,0"
"USC00427343","1967-05","40.51667","-111.98333","1421.0","RIVERTON, UT US","7.0","0","7.0",",0","13",",0","6",",0","0",",0","0",",0","0",",0","0",",0","8",",0","0",",0","17",",0","0",",0","19670502","+,,0","19670531","+,,0","19670531","+,,0","19670530",",,0","19670523",",,0","-4.4",",0,02,+","0",",,0,31,+","0",",,0,31,+","12.4",",,0,30,","31.7",",0,23,","149.1","1,,,0","3319.9","0","192.2",",0","8.94",",,,0","23.29",",,,0","56.1",",,,0","0",",,,0","12.36",",0","20.16",",,,0","4.55",",,,0","834",",,,0"
"USC00427343","1967-06","40.51667","-111.98333","1421.0","RIVERTON, UT US","32.6","0","25.6","1,0","15",",0","6",",0","0",",0","0",",0","0",",0","0",",0","0",",0","0","1,0","23","1,0","3","1,0","19670602",",,0","19670630","+,,0","19670630","+,,0","19670608",",,0","19670628",",1,0","4.4",",0,02,","0",",,0,30,+","0",",,0,30,+","19.8",",,0,08,","36.7","1,0,28,","168.0",",,,0","3383.1","0","63.2","1,0","12.24",",,,0","28.48",",,,0","72.9",",,,0","0",",,,0","17.17","1,0","25.32","1,,,0","9.02",",,,0","",""
"USC00427343","1967-07","40.51667","-111.98333","1421.0","RIVERTON, UT US","210.4","0","177.8",",0","4",",0","1",",0","0",",0","0",",0","0",",0","0",",0","0",",0","0",",0","31",",0","24",",0","19670728","+,,0","19670731","+,,0","19670731","+,,0","19670717",",,0","19670721",",,0","11.1",",0,28,+","0",",,0,31,+","0",",,0,31,+","8.6",",,0,17,","36.7",",0,21,","235.5",",,,0","0.0","0","0.0",",0","17.49",",,,0","33.50",",,,0","12.4",",,,0","0",",,,0","24.07",",0","33.42",",,,0","14.72",",,,0","1407",",,,0"
"USC00427343","1967-08","40.51667","-111.98333","1421.0","RIVERTON, UT US","385.4","0","175.0",",0","3",",0","2",",0","0",",0","0",",0","0",",0","0",",0","0",",0","0",",0","31",",0","25",",0","19670830","+,,0","19670831","+,,0","19670831","+,,0","19670801",",,0","19670825","+,,0","10.6",",0,30,+","0",",,0,31,+","0",",,0,31,+","9.9",",,0,01,","36.7",",0,25,+","250.6",",,,0","0.0","0","0.0",",0","16.27",",,,0","32.67",",,,0","17.8",",,,0","0",",,,0","23.98",",0","34.08",",,,0","13.88",",,,0","1407",",,,0"
"USC00427343","1967-09","40.51667","-111.98333","1421.0","RIVERTON, UT US","420.9","0","35.5",",0","7",",0","5",",0","0",",0","0",",0","0",",0","0",",0","1",",0","0",",0","29",",0","4",",0","19670913",",,0","19670930","+,,0","19670930","+,,0","19670906",",,0","19670904",",,0","-1.1",",0,13,","0",",,0,30,+","0",",,0,30,+","8.6",",,0,06,","34.4",",0,04,","158.1",",,,0","37.1","0","37.1",",0","12.24","1,,,0","26.80","1,,,0","30.0",",,,0","0",",,,0","18.28",",0","27.37",",,,0","9.19",",,,0","1524",",,,0"
"USC00427343","1967-10","40.51667","-111.98333","1421.0","RIVERTON, UT US","420.9","0","0.0","1,0","4",",0","1",",0","0",",0","0",",0","0",",0","0",",0","9",",0","0","1,0","16","1,0","0","1,0","19671030",",,0","19671031","+,,0","19671031","+,,0","19671028",",,0","19671002","+,1,0","-3.9",",0,30,","0",",,0,31,+","0",",,0,31,+","7.6",",,0,28,","26.7","1,0,02,+","115.8","2,,,0","249.4","0","212.3","1,0","6.41","3,,,0","19.87","3,,,0","10.4",",,,0","0",",,,0","11.34","1,0","19.87","1,,,0","2.81",",,,0","2307",",,,0"
"USC00427343","1967-11","40.51667","-111.98333","1421.0","RIVERTON, UT US","420.9","0","0.0","1,0","5",",0","2",",0","0",",0","0",",0","0",",0","0",",0","20",",0","0","1,0","3","1,0","0","1,0","19671127",",,0","19671130","+,,0","19671130","+,,0","19671121",",,0","19671114","+,1,0","-11.7",",0,27,","0",",,0,30,+","0",",,0,30,+","9.7",",,0,21,","21.7","1,0,14,+","","","607.4","0","358.0","1,0","","","","","18.1",",,,0","0",",,,0","5.91","1,0","13.38","1,,,0","-1.56",",,,0","",""
"USC00427343","1967-12","40.51667","-111.98333","1421.0","RIVERTON, UT US","420.9","0","0.0","1,0","7","2,0","2","2,0","0","2,0","","","","","1","1,0","30","1,0","16","1,0","0","1,0","0","1,0","19671213",",1,0","","","","","19671216",",2,0","19671204",",1,0","-17.8","1,0,13,","","","","","4.6","2,,0,16,","7.2","1,0,04,","","","1289.9","0","682.5","1,0","","","","","22.7",",a,,0","","","-4.42","1,0","0.46","1,,,0","-9.30","1,,,0","",""
"USC00427343","1968-01","40.51667","-111.98333","1421.0","RIVERTON, UT US","0.0","","0.0",",0","3",",0","2",",0","0",",0","","","","","1",",0","30",",0","9",",0","0",",0","0",",0","19680112",",,0","","","","","19680102",",,0","19680126",",,0","-18.3",",0,12,","","","","","3.3",",,0,02,","7.8",",0,26,","","","1981.6","","691.7",",0","","","","","7.8",",,,0","","","-3.98",",0","2.51",",,,0","-10.46",",,,0","",""
"USC00427343","1968-02","40.51667","-111.98333","1421.0","RIVERTON, UT US","0.0","","0.0","1,0","11",",0","7",",0","0",",0","","","","","0",",0","23",",0","0","1,0","0","1,0","0","1,0","19680201",",,0","","","","","19680213",",,0","19680225",",1,0","-11.7",",0,01,","","","","","9.7",",,0,13,","14.4","1,0,25,","","","2414.3","","432.7","1,0","","","","","42.5",",,,0","","","2.84","1,0","8.58","1,,,0","-2.89",",,,0","",""
"USC00427343","1968-03","40.51667","-111.98333","1421.0","RIVERTON, UT US","0.0","","0.0",",0","10",",0","5",",0","0",",0","","","","","0",",0","25",",0","0",",0","4",",0","0",",0","19680312",",,0","","","","","19680309",",,0","19680330",",,0","-6.1",",0,12,","","","","","18.5",",,0,09,","24.4",",0,30,","","","2787.4","","373.1",",0","","","","","54.3",",,,0","","","6.30",",0","13.91",",,,0","-1.31",",,,0","",""
"USC00427343","1968-04","40.51667","-111.98333","1421.0","RIVERTON, UT US","0.0","","0.0","2,0","15",",0","7",",0","0",",0","","","","","0",",0","21",",0","0","2,0","5","2,0","0","2,0","19680421",",,0","","","","","19680402",",,0","19680430",",2,0","-7.2",",0,21,","","","","","21.8",",,0,02,","24.4","2,0,30,","","","3125.6","","338.2","2,0","","","","","69.0",",,,0","","","6.24","2,0","13.18","2,,,0","-0.69",",,,0","",""
"USC00427343","1968-05","40.51667","-111.98333","1421.0","RIVERTON, UT US","4.4","","4.4",",0","14",",0","6",",0","0",",0","0",",0","0",",0","0",",0","6",",0","0",",0","18",",0","0",",0","19680507",",,0","19680531","+,,0","19680531","+,,0","19680523",",,0","19680529",",,0","-3.9",",0,07,","0",",,0,31,+","0",",,0,31,+","24.9",",,0,23,","28.9",",0,29,","","","3325.2","","199.6",",0","","","","","59.5",",,,0","0",",,,0","12.04",",0","20.60",",,,0","3.47",",,,0","",""
"USC00427343","1968-06","40.51667","-111.98333","1421.0","RIVERTON, UT US","57.7","","53.3",",0","5",",0","3",",0","0",",0","0",",0","0",",0","0",",0","0",",0","0",",0","27",",0","9",",0","19680630",",,0","19680630","+,,0","19680630","+,,0","19680609",",,0","19680627",",,0","0.6",",0,30,","0",",,0,30,+","0",",,0,30,+","11.4",",,0,09,","36.7",",0,27,","211.4",",,,0","3361.9","","36.7",",0","9.15",",,,0","30.04",",,,0","20.4",",,,0","0",",,,0","18.89",",0","28.61",",,,0","9.16",",,,0","1471",",,,0"
"USC00427343","1968-07","40.51667","-111.98333","1421.0","RIVERTON, UT US","211.8","","154.1","1,0","4",",0","2",",0","0",",0","0",",0","0",",0","0","1,0","0","1,0","0","1,0","30","1,0","24","1,0","19680701",",1,0","19680731","+,,0","19680731","+,,0","19680722",",,0","19680724","+,1,0","5.0","1,0,01,","0",",,0,31,+","0",",,0,31,+","8.4",",,0,22,","35.6","1,0,24,+","276.1","1,,,0","1.7","","1.7","1,0","14.38","1,,,0","34.71","1,,,0","13.8",",,,0","0",",,,0","23.41","1,0","32.85","1,,,0","13.98","1,,,0","1211","1,,,0"
"USC00427343","1968-08","40.51667","-111.98333","1421.0","RIVERTON, UT US","288.4","","76.6",",0","14",",0","8",",0","0",",0","0",",0","0",",0","0",",0","0",",0","0",",0","31",",0","4",",0","19680818",",,0","19680831","+,,0","19680831","+,,0","19680823",",,0","19680806",",,0","4.4",",0,18,","0",",,0,31,+","0",",,0,31,+","14.5",",,0,23,","35.0",",0,06,","189.7",",,,0","25.3","","23.6",",0","11.59",",,,0","29.06",",,,0","70.2",",,,0","0",",,,0","20.04",",0","28.06",",,,0","12.03",",,,0","",""
"USC00427343","1968-09","40.51667","-111.98333","1421.0","RIVERTON, UT US","294.3","","5.9","3,0","6",",0","2",",0","0",",0","0",",0","0",",0","0","2,0","1","2,0","0","3,0","27","3,0","0","3,0","19680923",",2,0","19680930","+,,0","19680930","+,,0","19680907",",,0","19680902",",3,0","-1.7","2,0,23,","0",",,0,30,+","0",",,0,30,+","3.8",",,0,07,","31.7","3,0,02,","184.7",",,,0","95.1","","69.8","3,0","4.74","3,,,0","25.60",",,,0","9.5",",,,0","0",",,,0","15.83","3,0","26.33","3,,,0","5.34","2,,,0","1862","1,,,0"
