"STATION","DATE","LATITUDE","LONGITUDE","ELEVATION","NAME","CDSD","CDSD_ATTRIBUTES","CLDD","CLDD_ATTRIBUTES","DP01","DP01_ATTRIBUTES","DP10","DP10_ATTRIBUTES","DP1X","DP1X_ATTRIBUTES","DSND","DSND_ATTRIBUTES","DSNW","DSNW_ATTRIBUTES","DT00","DT00_ATTRIBUTES","DT32","DT32_ATTRIBUTES","DX32","DX32_ATTRIBUTES","DX70","DX70_ATTRIBUTES","DX90","DX90_ATTRIBUTES","DYNT","DYNT_ATTRIBUTES","DYSD","DYSD_ATTRIBUTES","DYSN","DYSN_ATTRIBUTES","DYXP","DYXP_ATTRIBUTES","DYXT","DYXT_ATTRIBUTES","EMNT","EMNT_ATTRIBUTES","EMSD","EMSD_ATTRIBUTES","EMSN","EMSN_ATTRIBUTES","EMXP","EMXP_ATTRIBUTES","EMXT","EMXT_ATTRIBUTES","HDSD","HDSD_ATTRIBUTES","HTDD","HTDD_ATTRIBUTES","PRCP","PRCP_ATTRIBUTES","SNOW","SNOW_ATTRIBUTES","TAVG","TAVG_ATTRIBUTES","TMAX","TMAX_ATTRIBUTES","TMIN","TMIN_ATTRIBUTES"
"USC00105015","2008-01","46.09833","-115.8875","768.1","KOOSKIA 5 SE, ID US","0.0","0","0.0","2,0","5","1,0","0","1,0","0","1,0","","","3",",0","0","1,0","30","1,0","8","1,0","0","1,0","0","1,0","20080122",",1,0","","","20080120",",,0","20080128",",1,0","20080127",",1,0","-16.1","1,0,22,","","","127",",,0,20,","1.3","1,,0,28,","10.0","1,0,27,","","","593.6","1,0","4.4","1,,,0","368",",a,,0","-2.10","2,0","1.78","1,,,0","-5.98","1,,,0"
"USC00105015","2008-02","46.09833","-115.8875","768.1","KOOSKIA 5 SE, ID US","0.0","0","0.0",",0","11",",0","3",",0","0",",0","1",",0","0",",0","0",",0","22",",0","1",",0","0",",0","0",",0","20080214","+,,0","20080203",",,0","20080203",",,0","20080224",",,0","20080229","+,,0","-6.1",",0,14,+","25",",,0,03,","13",",,0,03,","5.8",",,0,24,","12.8",",0,29,+","","","459.7",",0","16.3",",,,0","23",",,,0","2.48",",0","6.87",",,,0","-1.91",",,,0"
"USC00105015","2008-03","46.09833","-115.8875","768.1","KOOSKIA 5 SE, ID US","0.0","0","0.0","3,0","16",",0","11",",0","0",",0","1","1,0","2",",0","0","3,0","25","3,0","0","1,0","0","1,0","0","1,0","20080329","+,3,0","20080330",",1,0","20080330",",,0","20080304",",,0","20080309",",1,0","-6.1","3,0,29,+","25","1,,0,30,","102",",,0,30,","14.2",",,0,04,","16.7","1,0,09,","","","435.6","1,0","84.5",",,,0","153",",,,0","2.78","3,0","7.53","1,,,0","-1.97","3,,,0"
"USC00105015","2008-04","46.09833","-115.8875","768.1","KOOSKIA 5 SE, ID US","0.0","0","0.0","3,0","9",",0","7",",0","0",",0","0","2,0","3",",0","0","2,0","19","2,0","0","1,0","2","1,0","0","1,0","20080422","+,2,0","20080430","+,2,0","20080405",",,0","20080423",",,0","20080413",",1,0","-4.4","2,0,22,+","0","2,,0,30,+","51",",,0,05,","8.4",",,0,23,","21.7","1,0,13,","","","342.6","1,0","41.0",",,,0","114",",,,0","5.69","3,0","11.70","1,,,0","-0.33","2,,,0"
"USC00105015","2008-05","46.09833","-115.8875","768.1","KOOSKIA 5 SE, ID US","2.8","0","2.8","1,0","9",",0","7",",0","0",",0","0",",0","0",",0","0",",0","3",",0","0","1,0","12","1,0","0","1,0","20080501",",,0","20080531","+,,0","20080531","+,,0","20080520",",,0","20080517",",1,0","-1.7",",0,01,","0",",,0,31,+","0",",,0,31,+","9.9",",,0,20,","30.6","1,0,17,","","","170.6","1,0","53.5",",,,0","0",",,,0","12.64","1,0","19.39","1,,,0","5.89",",,,0"
"USC00105015","2008-06","46.09833","-115.8875","768.1","KOOSKIA 5 SE, ID US","29.5","0","26.7","2,0","10",",0","7",",0","0",",0","0",",0","0",",0","0","1,0","0","1,0","0","1,0","18","1,0","3","1,0","20080611",",1,0","20080630","+,,0","20080630","+,,0","20080611",",,0","20080629",",1,0","1.1","1,0,11,","0",",,0,30,+","0",",,0,30,+","12.2",",,0,11,","35.6","1,0,29,","","","101.4","1,0","58.2",",,,0","0",",,,0","15.61","2,0","23.66","1,,,0","7.57","1,,,0"
"USC00105015","2008-07","46.09833","-115.8875","768.1","KOOSKIA 5 SE, ID US","140.4","0","110.9",",0","1",",0","0",",0","0",",0","0",",0","0",",0","0",",0","0",",0","0",",0","31",",0","22",",0","20080709",",,0","20080731","+,,0","20080731","+,,0","20080721",",,0","20080704",",,0","6.1",",0,09,","0",",,0,31,+","0",",,0,31,+","2.0",",,0,21,","37.2",",0,04,","0.0","0","0.0",",0","2.0",",,,0","0",",,,0","21.91",",0","32.58",",,,0","11.24",",,,0"
"USC00105015","2008-08","46.09833","-115.8875","768.1","KOOSKIA 5 SE, ID US","266.8","0","126.4",",0","1",",0","1",",0","0",",0","0",",0","0",",0","0",",0","0",",0","0",",0","30",",0","17",",0","20080827","+,,0","20080831","+,,0","20080831","+,,0","20080827",",,0","20080819","+,,0","7.2",",0,27,+","0",",,0,31,+","0",",,0,31,+","10.7",",,0,27,","40.0",",0,19,+","9.4","0","9.4",",0","10.7",",,,0","0",",,,0","22.11",",0","32.78",",,,0","11.44",",,,0"
"USC00105015","2008-09","46.09833","-115.8875","768.1","KOOSKIA 5 SE, ID US","288.8","0","22.0",",0","3",",0","3",",0","0",",0","0",",0","0",",0","0",",0","0",",0","0",",0","30",",0","4",",0","20080923",",,0","20080930","+,,0","20080930","+,,0","20080921",",,0","20080923","+,,0","1.1",",0,23,","0",",,0,30,+","0",",,0,30,+","13.0",",,0,21,","32.8",",0,23,+","59.3","0","49.9",",0","21.7",",,,0","0",",,,0","17.40",",0","27.65",",,,0","7.15",",,,0"
"USC00105015","2008-10","46.09833","-115.8875","768.1","KOOSKIA 5 SE, ID US","289.9","0","1.1","2,0","5",",0","3",",0","0",",0","0",",0","0",",0","0","1,0","10","1,0","0","1,0","8","1,0","0","1,0","20081012",",1,0","20081031","+,,0","20081031","+,,0","20081016",",,0","20081001",",1,0","-3.3","1,0,12,","0",",,0,31,+","0",",,0,31,+","7.6",",,0,16,","30.6","1,0,01,","327.8","0","268.5","1,0","19.0",",,,0","0",",,,0","9.32","2,0","16.90","1,,,0","1.74","1,,,0"
"USC00105015","2008-11","46.09833","-115.8875","768.1","KOOSKIA 5 SE, ID US","289.9","0","0.0",",0","13",",0","8",",0","0",",0","0",",0","0",",0","0",",0","16",",0","0",",0","0",",0","0",",0","20081123","+,,0","20081130","+,,0","20081130","+,,0","20081102",",,0","20081101",",,0","-5.0",",0,23,+","0",",,0,30,+","0",",,0,30,+","13.7",",,0,02,","18.3",",0,01,","724.7","0","396.9",",0","67.3",",,,0","0",",,,0","5.10",",0","9.93",",,,0","0.28",",,,0"
"USC00105015","2008-12","46.09833","-115.8875","768.1","KOOSKIA 5 SE, ID US","289.9","0","0.0","1,0","14",",0","8",",0","0",",0","18",",0","6",",0","1",",0","30",",0","11","1,0","0","1,0","0","1,0","20081217",",,0","20081227",",,0","20081227",",,0","20081229",",,0","20081204","+,1,0","-17.8",",0,17,","406",",,0,27,","178",",,0,27,","10.2",",,0,29,","9.4","1,0,04,+","1360.9","0","636.2","1,0","55.9",",,,0","406",",,,0","-2.96","1,0","2.03","1,,,0","-7.95",",,,0"
"USC00105015","2009-01","46.09833","-115.8875","768.1","KOOSKIA 5 SE, ID US","0.0","0","0.0","3,0","9",",0","4",",0","0",",0","20",",0","5","1,0","1","2,0","26","2,0","6","1,0","0","1,0","0","1,0","20090127",",2,0","20090105",",,0","20090105",",1,0","20090110",",,0","20090107",",1,0","-18.9","2,0,27,","229",",,0,05,","130","1,,0,05,","17.8",",,0,10,","9.4","1,0,07,","1912.4","0","551.5","1,0","44.8",",,,0","367","1,,,0","-1.36","3,0","3.57","1,,,0","-6.29","2,,,0"
"USC00105015","2009-02","46.09833","-115.8875","768.1","KOOSKIA 5 SE, ID US","0.0","0","0.0",",0","6","1,0","3","1,0","0","1,0","3",",0","3",",0","0",",0","27",",0","0",",0","0",",0","0",",0","20090227","+,,0","20090226",",,0","20090226",",,0","20090226",",1,0","20090225",",,0","-8.9",",0,27,+","51",",,0,26,","51",",,0,26,","8.1","1,,0,26,","16.1",",0,25,","2372.9","0","460.5",",0","17.5","1,,,0","114",",,,0","1.89",",0","7.74",",,,0","-3.97",",,,0"
"USC00105015","2009-03","46.09833","-115.8875","768.1","KOOSKIA 5 SE, ID US","0.0","0","0.0","2,0","13",",0","13",",0","0",",0","10",",0","6",",0","0","2,0","26","2,0","1",",0","0",",0","0",",0","20090312",",2,0","20090329",",,0","20090329",",,0","20090329",",,0","20090321",",,0","-13.9","2,0,12,","203",",,0,29,","216",",,0,29,","20.3",",,0,29,","16.7",",0,21,","2851.0","0","478.1",",0","104.6",",,,0","494",",,,0","1.96","2,0","8.06",",,,0","-4.14","2,,,0"
"USC00105015","2009-04","46.09833","-115.8875","768.1","KOOSKIA 5 SE, ID US","0.0","0","0.0","3,0","8",",0","7",",0","0",",0","0",",0","1",",0","0",",0","12",",0","0","3,0","5","3,0","0","3,0","20090424",",,0","20090430","+,,0","20090423",",,0","20090401",",,0","20090421",",3,0","-3.3",",0,24,","0",",,0,30,+","25",",,0,23,","10.7",",,0,01,","26.7","3,0,21,","3110.0","0","259.0","3,0","51.9",",,,0","25",",,,0","8.74","3,0","16.02","3,,,0","1.46",",,,0"
"USC00105015","2009-05","46.09833","-115.8875","768.1","KOOSKIA 5 SE, ID US","4.1","0","4.1",",0","8",",0","8",",0","0",",0","0",",0","0",",0","0",",0","1",",0","0",",0","16",",0","0",",0","20090503",",,0","20090531","+,,0","20090531","+,,0","20090505",",,0","20090530","+,,0","0.0",",0,03,","0",",,0,31,+","0",",,0,31,+","12.4",",,0,05,","30.0",",0,30,+","3270.2","0","160.2",",0","53.3",",,,0","0",",,,0","13.30",",0","21.64",",,,0","4.95",",,,0"
"USC00105015","2009-06","46.09833","-115.8875","768.1","KOOSKIA 5 SE, ID US","17.7","0","13.6",",0","14",",0","6",",0","0",",0","0",",0","0",",0","0",",0","0",",0","0",",0","26",",0","0",",0","20090609",",,0","20090630","+,,0","20090630","+,,0","20090604",",,0","20090625",",,0","3.9",",0,09,","0",",,0,30,+","0",",,0,30,+","18.8",",,0,04,","31.7",",0,25,","3311.9","0","41.7",",0","48.1",",,,0","0",",,,0","17.40",",0","25.69",",,,0","9.10",",,,0"
"USC00105015","2009-07","46.09833","-115.8875","768.1","KOOSKIA 5 SE, ID US","149.3","0","131.6","1,0","2",",0","2",",0","0",",0","0",",0","0",",0","0",",0","0",",0","0","1,0","30","1,0","21","1,0","20090711","+,,0","20090731","+,,0","20090731","+,,0","20090713",",,0","20090722",",1,0","7.8",",0,11,+","0",",,0,31,+","0",",,0,31,+","14.5",",,0,13,","36.1","1,0,22,","1.4","0","1.4","1,0","22.9",",,,0","0",",,,0","22.61","1,0","32.96","1,,,0","12.26",",,,0"
"USC00105015","2009-08","46.09833","-115.8875","768.1","KOOSKIA 5 SE, ID US","254.2","0","104.9","1,0","6",",0","3",",0","0",",0","0",",0","0",",0","0",",0","0",",0","0","1,0","30","1,0","10","1,0","20090825","+,,0","20090831","+,,0","20090831","+,,0","20090814",",,0","20090831",",1,0","8.9",",0,25,+","0",",,0,31,+","0",",,0,31,+","13.0",",,0,14,","36.1","1,0,31,","1.4","0","0.0","1,0","31.8",",,,0","0",",,,0","21.78","1,0","31.48","1,,,0","12.07",",,,0"
"USC00105015","2009-09","46.09833","-115.8875","768.1","KOOSKIA 5 SE, ID US","321.3","0","67.1",",0","0",",0","0",",0","0",",0","0",",0","0",",0","0",",0","0",",0","0",",0","30",",0","30",",0","20090929",",,0","20090930","+,,0","20090930","+,,0","20090930","+,,0","20090905",",,0","3.9",",0,29,","0",",,0,30,+","0",",,0,30,+","0.0",",T,0,30,+","35.6",",0,05,","1.4","0","0.0",",0","0.0",",T,,0","0",",,,0","20.57",",0","33.95",",,,0","7.19",",,,0"
"USC00105015","2009-10","46.09833","-115.8875","768.1","KOOSKIA 5 SE, ID US","321.3","0","0.0","1,0","7",",0","4",",0","0",",0","0",",0","0",",0","0",",0","15",",0","0","1,0","6","1,0","0","1,0","20091011",",,0","20091031","+,,0","20091031","+,,0","20091023",",,0","20091002",",1,0","-8.3",",0,11,","0",",,0,31,+","0",",,0,31,+","10.7",",,0,23,","26.1","1,0,02,","311.0","0","309.6","1,0","26.3",",,,0","0",",,,0","8.13","1,0","16.41","1,,,0","-0.15",",,,0"
"USC00105015","2009-11","46.09833","-115.8875","768.1","KOOSKIA 5 SE, ID US","321.3","0","0.0",",0","6",",0","5",",0","0",",0","0",",0","0",",0","0",",0","29",",0","0",",0","0",",0","0",",0","20091115",",,0","20091130","+,,0","20091121",",,0","20091113",",,0","20091108","+,,0","-7.2",",0,15,","0",",,0,30,+","5",",,0,21,","7.4",",,0,13,","15.0",",0,08,+","752.3","0","441.3",",0","26.3",",,,0","8",",,,0","3.62",",0","9.45",",,,0","-2.21",",,,0"
"USC00105015","2009-12","46.09833","-115.8875","768.1","KOOSKIA 5 SE, ID US","321.3","0","0.0",",0","11",",0","6",",0","0",",0","","","6","1,0","1",",0","31",",0","11",",0","0",",0","0",",0","20091212",",,0","","","20091213",",1,0","20091215",",,0","20091221",",,0","-18.9",",0,12,","","","254","1,,0,13,","7.4",",,0,15,","6.7",",0,21,","1420.4","0","668.1",",0","31.3",",,,0","660","1,,,0","-3.22",",0","1.16",",,,0","-7.60",",,,0"
"USC00105015","2010-01","46.09833","-115.8875","768.1","KOOSKIA 5 SE, ID US","","","","","","","","","","","","","","","","","","","0","1,0","0","1,0","0","1,0","","","","","","","","","20100121",",1,0","","","","","","","","","12.2","1,0,21,","","","","","","","","","","","6.35","1,,,0","",""
