"STATION","DATE","LATITUDE","LONGITUDE","ELEVATION","NAME","CDSD","CDSD_ATTRIBUTES","CLDD","CLDD_ATTRIBUTES","DP01","DP01_ATTRIBUTES","DP10","DP10_ATTRIBUTES","DP1X","DP1X_ATTRIBUTES","DSND","DSND_ATTRIBUTES","DSNW","DSNW_ATTRIBUTES","DT00","DT00_ATTRIBUTES","DT32","DT32_ATTRIBUTES","DX32","DX32_ATTRIBUTES","DX70","DX70_ATTRIBUTES","DX90","DX90_ATTRIBUTES","DYNT","DYNT_ATTRIBUTES","DYSD","DYSD_ATTRIBUTES","DYSN","DYSN_ATTRIBUTES","DYXP","DYXP_ATTRIBUTES","DYXT","DYXT_ATTRIBUTES","EMNT","EMNT_ATTRIBUTES","EMSD","EMSD_ATTRIBUTES","EMSN","EMSN_ATTRIBUTES","EMXP","EMXP_ATTRIBUTES","EMXT","EMXT_ATTRIBUTES","HDSD","HDSD_ATTRIBUTES","HTDD","HTDD_ATTRIBUTES","PRCP","PRCP_ATTRIBUTES","SNOW","SNOW_ATTRIBUTES","TAVG","TAVG_ATTRIBUTES","TMAX","TMAX_ATTRIBUTES","TMIN","TMIN_ATTRIBUTES"
"USC00516222","2006-01","21.35083","-157.76667","127.7","MAUNAWILI 787.1, HI US","96.0","0","96.0","3,0","19","2,0","14","2,0","2","2,0","0",",0","0",",0","0","3,0","0","3,0","0","3,0","28","3,0","0","3,0","20060104",",3,0","20060131","+,,0","20060131","+,,0","20060102",",2,0","20060104","+,3,0","15.6","3,0,04,","0",",,0,31,+","0",",,0,31,+","35.6","2,,0,02,","27.8","3,0,04,+","","","0.0","3,0","186.7",",a,,0","0",",,,0","21.76","3,0","24.21","3,,,0","19.32","3,,,0"
"USC00516222","2006-02","21.35083","-157.76667","127.7","MAUNAWILI 787.1, HI US","142.2","0","46.2","4,0","14",",0","12",",0","4",",0","0",",0","0",",0","0","4,0","0","4,0","0","3,0","23","3,0","0","3,0","20060212",",4,0","20060228","+,,0","20060228","+,,0","20060224",",,0","20060201",",3,0","13.3","4,0,12,","0",",,0,28,+","0",",,0,28,+","68.1",",,0,24,","26.7","3,0,01,","","","0.3","3,0","310.2",",,,0","0",",,,0","20.21","4,0","23.14","3,,,0","17.27","4,,,0"
"USC00516222","2006-03","21.35083","-157.76667","127.7","MAUNAWILI 787.1, HI US","247.0","0","104.8",",0","29",",0","21",",0","9",",0","0",",0","0",",0","0",",0","0",",0","0",",0","30",",0","0",",0","20060320",",,0","20060331","+,,0","20060331","+,,0","20060320",",,0","20060322","+,,0","16.7",",0,20,","0",",,0,31,+","0",",,0,31,+","76.2",",,0,20,","26.1",",0,22,+","","","0.0",",0","629.5",",,,0","0",",,,0","21.71",",0","24.14",",,,0","19.29",",,,0"
"USC00516222","2006-04","21.35083","-157.76667","127.7","MAUNAWILI 787.1, HI US","331.2","0","84.2","4,0","20","2,0","9","2,0","2","2,0","0",",0","0",",0","0","4,0","0","4,0","0","4,0","26","4,0","0","4,0","20060401",",4,0","20060430","+,,0","20060430","+,,0","20060403",",2,0","20060402",",4,0","17.8","4,0,01,","0",",,0,30,+","0",",,0,30,+","185.7","2,,0,03,","28.3","4,0,02,","","","0.0","4,0","345.2",",a,,0","0",",,,0","21.57","4,0","23.90","4,,,0","19.24","4,,,0"
"USC00516222","2006-05","21.35083","-157.76667","127.7","MAUNAWILI 787.1, HI US","","","","","18","3,0","12","3,0","2","3,0","0",",0","0",",0","","","","","","","","","","","","","20060531","+,,0","20060531","+,,0","20060524",",3,0","","","","","0",",,0,31,+","0",",,0,31,+","50.8","3,,0,24,","","","","","","","170.8",",a,,0","0",",,,0","","","","","",""
"USC00516222","2006-06","21.35083","-157.76667","127.7","MAUNAWILI 787.1, HI US","","","","","","","","","","","0",",0","0",",0","","","","","","","","","","","","","20060630","+,,0","20060630","+,,0","","","","","","","0",",,0,30,+","0",",,0,30,+","","","","","","","","","33.9",",a,,0","0",",,,0","","","","","",""
"USC00516222","2006-07","21.35083","-157.76667","127.7","MAUNAWILI 787.1, HI US","","","174.1","3,0","19","2,0","4","2,0","0","2,0","0",",0","0",",0","0","2,0","0","2,0","0","3,0","28","3,0","0","3,0","20060722","+,2,0","20060731","+,,0","20060731","+,,0","20060715",",2,0","20060722",",3,0","20.6","2,0,22,+","0",",,0,31,+","0",",,0,31,+","20.3","2,,0,15,","29.4","3,0,22,","0.0","0","0.0","3,0","52.7",",a,,0","0",",,,0","24.54","3,0","27.01","3,,,0","22.08","2,,,0"
"USC00516222","2006-08","21.35083","-157.76667","127.7","MAUNAWILI 787.1, HI US","","","184.2","2,0","17","2,0","11","2,0","0","2,0","0",",0","0",",0","0","2,0","0","2,0","0","2,0","29","2,0","0","2,0","20060825",",2,0","20060831","+,,0","20060831","+,,0","20060801",",2,0","20060828",",2,0","18.9","2,0,25,","0",",,0,31,+","0",",,0,31,+","12.2","2,,0,01,","31.1","2,0,28,","0.0","0","0.0","2,0","60.5",",a,,0","0",",,,0","24.68","2,0","27.58","2,,,0","21.79","2,,,0"
"USC00516222","2006-09","21.35083","-157.76667","127.7","MAUNAWILI 787.1, HI US","","","180.8","1,0","19",",0","12",",0","0",",0","0",",0","0",",0","0","1,0","0","1,0","0","1,0","29","1,0","0","1,0","20060912",",1,0","20060930","+,,0","20060930","+,,0","20060927",",,0","20060913",",1,0","19.4","1,0,12,","0",",,0,30,+","0",",,0,30,+","20.3",",,0,27,","29.4","1,0,13,","0.0","0","0.0","1,0","106.7",",,,0","0",",,,0","24.57","1,0","27.28","1,,,0","21.86","1,,,0"
"USC00516222","2006-10","21.35083","-157.76667","127.7","MAUNAWILI 787.1, HI US","","","146.0","5,0","15","4,0","11","4,0","3","4,0","0",",0","0",",0","0","5,0","0","5,0","0","5,0","26","5,0","0","5,0","20061017","+,5,0","20061031","+,,0","20061031","+,,0","20061031",",4,0","20061013","+,5,0","19.4","5,0,17,+","0",",,0,31,+","0",",,0,31,+","52.1","4,,0,31,","29.4","5,0,13,+","0.0","0","0.0","5,0","215.4",",a,,0","0",",,,0","23.95","5,0","26.87","5,,,0","21.03","5,,,0"
"USC00516222","2006-11","21.35083","-157.76667","127.7","MAUNAWILI 787.1, HI US","","","","","13","5,0","10","5,0","3","5,0","0",",0","0",",0","","","","","","","","","","","","","20061130","+,,0","20061130","+,,0","20061101",",5,0","","","","","0",",,0,30,+","0",",,0,30,+","141.5","5,,0,01,","","","","","","","336.8",",a,,0","0",",,,0","","","","","",""
"USC00516222","2006-12","21.35083","-157.76667","127.7","MAUNAWILI 787.1, HI US","","","","","","","","","","","0",",0","0",",0","","","","","","","","","","","","","20061231","+,,0","20061231","+,,0","","","","","","","0",",,0,31,+","0",",,0,31,+","","","","","","","","","","","0",",,,0","","","","","",""
"USC00516222","2007-01","21.35083","-157.76667","127.7","MAUNAWILI 787.1, HI US","93.6","0","93.6","1,0","21",",0","12",",0","1",",0","0",",0","0",",0","0","1,0","0","1,0","0","1,0","30","1,0","0","1,0","20070123","+,1,0","20070131","+,,0","20070131","+,,0","20070130",",,0","20070123",",1,0","14.4","1,0,23,+","0",",,0,31,+","0",",,0,31,+","38.4",",,0,30,","26.1","1,0,23,","","","0.0","1,0","155.2",",,,0","0",",,,0","21.45","1,0","24.10","1,,,0","18.81","1,,,0"
"USC00516222","2007-02","21.35083","-157.76667","127.7","MAUNAWILI 787.1, HI US","159.8","0","66.2","1,0","17","4,0","7","4,0","0","4,0","0",",0","0",",0","0","1,0","0","1,0","0","1,0","27","1,0","0","1,0","20070204",",1,0","20070228","+,,0","20070228","+,,0","20070208",",4,0","20070216",",1,0","12.8","1,0,04,","0",",,0,28,+","0",",,0,28,+","17.5","4,,0,08,","25.6","1,0,16,","","","1.1","1,0","61.9",",a,,0","0",",,,0","20.74","1,0","23.65","1,,,0","17.84","1,,,0"
"USC00516222","2007-03","21.35083","-157.76667","127.7","MAUNAWILI 787.1, HI US","266.4","0","106.6",",0","23",",0","11",",0","2",",0","0",",0","0",",0","0",",0","0",",0","0",",0","31",",0","0",",0","20070331","+,,0","20070331","+,,0","20070331","+,,0","20070327",",,0","20070307",",,0","15.0",",0,31,+","0",",,0,31,+","0",",,0,31,+","52.8",",,0,27,","27.2",",0,07,","","","0.0",",0","169.2",",,,0","0",",,,0","21.77",",0","24.85",",,,0","18.69",",,,0"
"USC00516222","2007-04","21.35083","-157.76667","127.7","MAUNAWILI 787.1, HI US","366.3","0","99.9",",0","20",",0","13",",0","0",",0","0",",0","0",",0","0",",0","0",",0","0",",0","30",",0","0",",0","20070406","+,,0","20070430","+,,0","20070430","+,,0","20070408",",,0","20070407",",,0","13.9",",0,06,+","0",",,0,30,+","0",",,0,30,+","12.7",",,0,08,","26.7",",0,07,","","","0.0",",0","78.5",",,,0","0",",,,0","21.66",",0","24.81",",,,0","18.51",",,,0"
"USC00516222","2007-05","21.35083","-157.76667","127.7","MAUNAWILI 787.1, HI US","497.1","0","130.8","4,0","13","3,0","8","3,0","0","3,0","0",",0","0",",0","0","4,0","0","4,0","0","4,0","27","4,0","0","4,0","20070505",",4,0","20070531","+,,0","20070531","+,,0","20070525",",3,0","20070521",",4,0","18.3","4,0,05,","0",",,0,31,+","0",",,0,31,+","11.9","3,,0,25,","28.3","4,0,21,","","","0.0","4,0","52.0",",a,,0","0",",,,0","23.18","4,0","26.14","4,,,0","20.21","4,,,0"
"USC00516222","2007-06","21.35083","-157.76667","127.7","MAUNAWILI 787.1, HI US","669.9","0","172.8",",0","15",",0","6",",0","1",",0","0",",0","0",",0","0",",0","0",",0","0",",0","30",",0","0",",0","20070603",",,0","20070630","+,,0","20070630","+,,0","20070605",",,0","20070603",",,0","18.3",",0,03,","0",",,0,30,+","0",",,0,30,+","51.6",",,0,05,","28.3",",0,03,","","","0.0",",0","86.2",",,,0","0",",,,0","24.09",",0","26.63",",,,0","21.55",",,,0"
"USC00516222","2007-07","21.35083","-157.76667","127.7","MAUNAWILI 787.1, HI US","","","","","","","","","","","0",",0","0",",0","","","","","","","","","","","","","20070731","+,,0","20070731","+,,0","","","","","","","0",",,0,31,+","0",",,0,31,+","","","","","","","","","","","0",",,,0","","","","","",""
"USC00516222","2007-08","21.35083","-157.76667","127.7","MAUNAWILI 787.1, HI US","","","","","","","","","","","0",",0","0",",0","","","","","","","","","","","","","20070831","+,,0","20070831","+,,0","","","","","","","0",",,0,31,+","0",",,0,31,+","","","","","","","","","87.7","4,a,,0","0",",,,0","","","","","",""
"USC00516222","2007-09","21.35083","-157.76667","127.7","MAUNAWILI 787.1, HI US","","","","","20","1,0","11","1,0","0","1,0","0",",0","0",",0","","","","","","","","","","","","","20070930","+,,0","20070930","+,,0","20070929",",1,0","","","","","0",",,0,30,+","0",",,0,30,+","16.3","1,,0,29,","","","","","","","83.1","1,,,0","0",",,,0","","","","","",""
"USC00516222","2007-10","21.35083","-157.76667","127.7","MAUNAWILI 787.1, HI US","","","","","24",",0","10",",0","0",",0","0",",0","0",",0","","","","","","","","","","","","","20071031","+,,0","20071031","+,,0","20071006",",,0","","","","","0",",,0,31,+","0",",,0,31,+","17.8",",,0,06,","","","","","","","81.0",",,,0","0",",,,0","","","","","",""
"USC00516222","2007-11","21.35083","-157.76667","127.7","MAUNAWILI 787.1, HI US","","","145.0",",0","26",",0","16",",0","4",",0","0",",0","0",",0","0",",0","0",",0","0",",0","30",",0","0",",0","20071121",",,0","20071130","+,,0","20071130","+,,0","20071104",",,0","20071103","+,,0","17.2",",0,21,","0",",,0,30,+","0",",,0,30,+","182.1",",,0,04,","28.9",",0,03,+","","","0.0",",0","393.6",",,,0","0",",,,0","23.17",",0","26.23",",,,0","20.11",",,,0"
"USC00516222","2007-12","21.35083","-157.76667","127.7","MAUNAWILI 787.1, HI US","","","122.2",",0","29",",0","22",",0","6",",0","0",",0","0",",0","0",",0","0",",0","0",",0","31",",0","0",",0","20071231",",,0","20071231","+,,0","20071231","+,,0","20071231",",,0","20071209",",,0","18.3",",0,31,","0",",,0,31,+","0",",,0,31,+","72.9",",,0,31,","27.2",",0,09,","","","0.0",",0","429.1",",,,0","0",",,,0","22.27",",0","24.33",",,,0","20.22",",,,0"
"USC00516222","2008-01","21.35083","-157.76667","127.7","MAUNAWILI 787.1, HI US","81.5","0","81.5",",0","29",",0","18",",0","0",",0","0",",0","0",",0","0",",0","0",",0","0",",0","31",",0","0",",0","20080109",",,0","20080131","+,,0","20080131","+,,0","20080102",",,0","20080108",",,0","16.1",",0,09,","0",",,0,31,+","0",",,0,31,+","19.6",",,0,02,","26.7",",0,08,","","","0.0",",0","134.3",",,,0","0",",,,0","20.96",",0","23.66",",,,0","18.26",",,,0"
"USC00516222","2008-03","21.35083","-157.76667","127.7","MAUNAWILI 787.1, HI US","","","142.9",",0","10",",0","2",",0","0",",0","0","1,0","0",",0","0",",0","0",",0","0",",0","31",",0","0",",0","20080310","+,,0","20080331","+,1,0","20080331","+,,0","20080319",",,0","20080308","+,,0","17.2",",0,10,+","0","1,,0,31,+","0",",,0,31,+","5.8",",,0,19,","27.8",",0,08,+","","","0.0",",0","13.4",",,,0","0",",,,0","22.94",",0","25.97",",,,0","19.91",",,,0"
"USC00516222","2008-04","21.35083","-157.76667","127.7","MAUNAWILI 787.1, HI US","","","118.9",",0","20",",0","9",",0","0",",0","0",",0","0",",0","0",",0","0",",0","0",",0","30",",0","0",",0","20080404",",,0","20080430","+,,0","20080430","+,,0","20080406",",,0","20080423",",,0","16.1",",0,04,","0",",,0,30,+","0",",,0,30,+","19.8",",,0,06,","28.3",",0,23,","","","0.0",",0","76.0",",,,0","0",",,,0","22.30",",0","25.28",",,,0","19.31",",,,0"
"USC00516222","2008-05","21.35083","-157.76667","127.7","MAUNAWILI 787.1, HI US","","","169.9",",0","15",",0","4",",0","1",",0","0",",0","0",",0","0",",0","0",",0","0",",0","31",",0","0",",0","20080514","+,,0","20080531","+,,0","20080531","+,,0","20080521",",,0","20080516",",,0","18.3",",0,14,+","0",",,0,31,+","0",",,0,31,+","36.6",",,0,21,","30.0",",0,16,","","","0.0",",0","64.3",",,,0","0",",,,0","23.81",",0","26.93",",,,0","20.70",",,,0"
"USC00516222","2008-06","21.35083","-157.76667","127.7","MAUNAWILI 787.1, HI US","","","166.8","1,0","21",",0","7",",0","1",",0","0",",0","0",",0","0","1,0","0","1,0","0",",0","30",",0","0",",0","20080630",",1,0","20080630","+,,0","20080630","+,,0","20080612",",,0","20080630",",,0","19.4","1,0,30,","0",",,0,30,+","0",",,0,30,+","50.5",",,0,12,","28.9",",0,30,","","","0.0",",0","89.4",",,,0","0",",,,0","24.08","1,0","26.79",",,,0","21.38","1,,,0"
"USC00516222","2008-07","21.35083","-157.76667","127.7","MAUNAWILI 787.1, HI US","","","191.0",",0","21",",0","12",",0","0",",0","0",",0","0",",0","0",",0","0",",0","0",",0","31",",0","0",",0","20080715",",,0","20080731","+,,0","20080731","+,,0","20080701",",,0","20080715",",,0","20.0",",0,15,","0",",,0,31,+","0",",,0,31,+","15.0",",,0,01,","28.9",",0,15,","0.0","0","0.0",",0","84.4",",,,0","0",",,,0","24.50",",0","27.19",",,,0","21.80",",,,0"
"USC00516222","2008-08","21.35083","-157.76667","127.7","MAUNAWILI 787.1, HI US","","","194.5",",0","24",",0","13",",0","0",",0","0",",0","0",",0","0",",0","0",",0","0",",0","31",",0","0",",0","20080830","+,,0","20080831","+,,0","20080831","+,,0","20080814",",,0","20080824",",,0","20.6",",0,30,+","0",",,0,31,+","0",",,0,31,+","13.0",",,0,14,","28.9",",0,24,","0.0","0","0.0",",0","76.4",",,,0","0",",,,0","24.61",",0","27.30",",,,0","21.91",",,,0"
"USC00516222","2008-09","21.35083","-157.76667","127.7","MAUNAWILI 787.1, HI US","","","179.2",",0","24",",0","15",",0","1",",0","0",",0","0",",0","0",",0","0",",0","0",",0","30",",0","0",",0","20080914",",,0","20080930","+,,0","20080930","+,,0","20080919",",,0","20080912",",,0","18.9",",0,14,","0",",,0,30,+","0",",,0,30,+","32.5",",,0,19,","30.0",",0,12,","0.0","0","0.0",",0","147.1",",,,0","0",",,,0","24.31",",0","27.49",",,,0","21.12",",,,0"
"USC00516222","2008-10","21.35083","-157.76667","127.7","MAUNAWILI 787.1, HI US","","","177.9",",0","23",",0","13",",0","2",",0","0",",0","0",",0","0",",0","0",",0","0",",0","31",",0","0",",0","20081027",",,0","20081031","+,,0","20081031","+,,0","20081025",",,0","20081014","+,,0","18.9",",0,27,","0",",,0,31,+","0",",,0,31,+","63.2",",,0,25,","28.3",",0,14,+","0.0","0","0.0",",0","179.4",",,,0","0",",,,0","24.07",",0","26.70",",,,0","21.45",",,,0"
"USC00516222","2008-11","21.35083","-157.76667","127.7","MAUNAWILI 787.1, HI US","","","142.1",",0","21",",0","12",",0","1",",0","0",",0","0",",0","0",",0","0",",0","0",",0","30",",0","0",",0","20081122",",,0","20081130","+,,0","20081130","+,,0","20081122",",,0","20081115",",,0","17.8",",0,22,","0",",,0,30,+","0",",,0,30,+","72.4",",,0,22,","27.8",",0,15,","0.0","0","0.0",",0","161.9",",,,0","0",",,,0","23.07",",0","25.77",",,,0","20.37",",,,0"
"USC00516222","2008-12","21.35083","-157.76667","127.7","MAUNAWILI 787.1, HI US","","","126.3",",0","25",",0","20",",0","2",",0","0",",0","0",",0","0",",0","0",",0","0",",0","31",",0","0",",0","20081222","+,,0","20081231","+,,0","20081231","+,,0","20081211",",,0","20081212",",,0","18.3",",0,22,+","0",",,0,31,+","0",",,0,31,+","274.6",",,0,11,","27.2",",0,12,","0.0","0","0.0",",0","503.4",",,,0","0",",,,0","22.41",",0","24.95",",,,0","19.86",",,,0"
"USC00516222","2009-02","21.35083","-157.76667","127.7","MAUNAWILI 787.1, HI US","","","63.3",",0","22",",0","7",",0","0",",0","0","1,0","0",",0","0",",0","0",",0","0",",0","27",",0","0",",0","20090223",",,0","20090228","+,1,0","20090228","+,,0","20090203",",,0","20090211","+,,0","13.3",",0,23,","0","1,,0,28,+","0",",,0,28,+","14.0",",,0,03,","26.1",",0,11,+","","","0.3",",0","63.2",",,,0","0",",,,0","20.58",",0","23.11",",,,0","18.05",",,,0"
"USC00516222","2009-03","21.35083","-157.76667","127.7","MAUNAWILI 787.1, HI US","","","51.3",",0","23",",0","13",",0","2",",0","0",",0","0",",0","0",",0","0",",0","0",",0","27",",0","0",",0","20090322",",,0","20090331","+,,0","20090331","+,,0","20090314",",,0","20090316",",,0","8.3",",0,22,","0",",,0,31,+","0",",,0,31,+","109.7",",,0,14,","25.6",",0,16,","","","21.4",",0","304.4",",,,0","0",",,,0","19.30",",0","22.04",",,,0","16.55",",,,0"
