"STATION","DATE","LATITUDE","LONGITUDE","ELEVATION","NAME","CDSD","CDSD_ATTRIBUTES","CLDD","CLDD_ATTRIBUTES","DP01","DP01_ATTRIBUTES","DP10","DP10_ATTRIBUTES","DP1X","DP1X_ATTRIBUTES","DSND","DSND_ATTRIBUTES","DSNW","DSNW_ATTRIBUTES","DT00","DT00_ATTRIBUTES","DT32","DT32_ATTRIBUTES","DX32","DX32_ATTRIBUTES","DX70","DX70_ATTRIBUTES","DX90","DX90_ATTRIBUTES","DYFG","DYFG_ATTRIBUTES","DYNT","DYNT_ATTRIBUTES","DYSD","DYSD_ATTRIBUTES","DYSN","DYSN_ATTRIBUTES","DYTS","DYTS_ATTRIBUTES","DYXP","DYXP_ATTRIBUTES","DYXT","DYXT_ATTRIBUTES","EMNT","EMNT_ATTRIBUTES","EMSD","EMSD_ATTRIBUTES","EMSN","EMSN_ATTRIBUTES","EMXP","EMXP_ATTRIBUTES","EMXT","EMXT_ATTRIBUTES","HDSD","HDSD_ATTRIBUTES","HTDD","HTDD_ATTRIBUTES","PRCP","PRCP_ATTRIBUTES","SNOW","SNOW_ATTRIBUTES","TAVG","TAVG_ATTRIBUTES","TMAX","TMAX_ATTRIBUTES","TMIN","TMIN_ATTRIBUTES"
"USC00268822","1972-06","39.0747","-119.1189","1310.6","WABUSKA 6 SE, NV US","","","55.5","2,0","4",",0","4",",0","0",",0","0",",0","0",",0","0","2,0","0","2,0","0","2,0","28","2,0","11","2,0","","","19720611",",2,0","19720630","+,,0","19720630","+,,0","","","19720618",",,0","19720630",",2,0","1.7","2,0,11,","0",",,0,30,+","0",",,0,30,+","3.3",",,0,18,","38.9","2,0,30,","","","23.9","2,0","11.1",",,,0","0",",,,0","19.46","2,0","29.95","2,,,0","8.96","2,,,0"
"USC00268822","1972-08","39.0747","-119.1189","1310.6","WABUSKA 6 SE, NV US","","","88.4","1,0","0",",0","0",",0","0",",0","0",",0","0",",0","0",",0","0",",0","0","1,0","30","1,0","20","1,0","","","19720816",",,0","19720831","+,,0","19720831","+,,0","","","19720831","+,,0","19720808",",1,0","2.8",",0,16,","0",",,0,31,+","0",",,0,31,+","0.0",",,0,31,+","39.4","1,0,08,","","","3.1","1,0","0.0",",,,0","0",",,,0","21.21","1,0","33.59","1,,,0","8.83",",,,0"
"USC00268822","1972-09","39.0747","-119.1189","1310.6","WABUSKA 6 SE, NV US","","","9.9",",0","0",",0","0",",0","0",",0","0",",0","0",",0","0",",0","12",",0","0",",0","30",",0","2",",0","","","19720925",",,0","19720930","+,,0","19720930","+,,0","","","19720926","+,,0","19720902","+,,0","-3.9",",0,25,","0",",,0,30,+","0",",,0,30,+","0.0",",T,0,26,+","32.2",",0,02,+","","","102.8",",0","0.0",",T,,0","0",",,,0","15.24",",0","27.51",",,,0","2.96",",,,0"
"USC00268822","1972-10","39.0747","-119.1189","1310.6","WABUSKA 6 SE, NV US","","","0.0",",0","6",",0","5",",0","0",",0","0",",0","0",",0","0",",0","12",",0","0",",0","6",",0","0",",0","","","19721030",",,0","19721031","+,,0","19721031","+,,0","","","19721002",",,0","19721003",",,0","-11.1",",0,30,","0",",,0,31,+","0",",,0,31,+","22.9",",,0,02,","26.1",",0,03,","","","281.5",",0","62.1",",,,0","0",",,,0","9.25",",0","18.00",",,,0","0.51",",,,0"
"USC00268822","1972-11","39.0747","-119.1189","1310.6","WABUSKA 6 SE, NV US","","","0.0",",0","2",",0","1",",0","0",",0","0",",0","0",",0","0",",0","29",",0","0",",0","0",",0","0",",0","","","19721125",",,0","19721130","+,,0","19721130","+,,0","","","19721113",",,0","19721104",",,0","-12.2",",0,25,","0",",,0,30,+","0",",,0,30,+","3.8",",,0,13,","20.0",",0,04,","","","480.0",",0","4.1",",,,0","0",",,,0","2.33",",0","11.02",",,,0","-6.35",",,,0"
"USC00268822","1972-12","39.0747","-119.1189","1310.6","WABUSKA 6 SE, NV US","","","0.0","1,0","1",",0","0",",0","0",",0","0","1,0","0","1,0","4",",0","31",",0","9","1,0","0","1,0","0","1,0","","","19721211",",,0","19721231","+,1,0","19721231","+,1,0","","","19721205",",,0","19721221",",1,0","-25.0",",0,11,","0","1,,0,31,+","0","1,,0,31,+","1.3",",,0,05,","18.3","1,0,21,","","","645.6","1,0","1.3",",,,0","0","1,,,0","-3.17","1,0","5.88","1,,,0","-12.22",",,,0"
"USC00268822","1973-01","39.0747","-119.1189","1310.6","WABUSKA 6 SE, NV US","0.0","0","0.0",",0","3",",0","3",",0","0",",0","","","","","5",",0","31",",0","2",",0","0",",0","0",",0","","","19730105",",,0","","","","","","","19730116",",,0","19730115",",,0","-20.6",",0,05,","","","","","7.6",",,0,16,","17.8",",0,15,","","","653.8",",0","13.1",",,,0","","","-2.76",",0","5.62",",,,0","-11.14",",,,0"
"USC00268822","1973-02","39.0747","-119.1189","1310.6","WABUSKA 6 SE, NV US","0.0","0","0.0",",0","4",",0","3",",0","0",",0","0",",0","0",",0","0",",0","27",",0","0",",0","0",",0","0",",0","","","19730203",",,0","19730228","+,,0","19730211",",,0","","","19730210",",,0","19730226","+,,0","-11.7",",0,03,","0",",,0,28,+","0",",T,0,11,","5.6",",,0,10,","15.6",",0,26,+","","","452.5",",0","14.5",",,,0","0",",T,,0","2.17",",0","10.08",",,,0","-5.73",",,,0"
"USC00268822","1973-03","39.0747","-119.1189","1310.6","WABUSKA 6 SE, NV US","0.0","0","0.0",",0","2",",0","1",",0","0",",0","","","","","0",",0","28",",0","0",",0","0",",0","0",",0","","","19730306",",,0","","","","","","","19730328",",,0","19730310",",,0","-10.0",",0,06,","","","","","8.6",",,0,28,","17.8",",0,10,","","","450.5",",0","10.4",",,,0","","","3.80",",0","12.65",",,,0","-5.05",",,,0"
"USC00268822","1973-04","39.0747","-119.1189","1310.6","WABUSKA 6 SE, NV US","0.0","0","0.0",",0","1",",0","1",",0","0",",0","0",",0","0",",0","0",",0","21",",0","0",",0","14",",0","0",",0","","","19730408",",,0","19730430","+,,0","19730430","+,,0","","","19730414",",,0","19730427","+,,0","-8.9",",0,08,","0",",,0,30,+","0",",,0,30,+","4.1",",,0,14,","27.2",",0,27,+","","","282.2",",0","4.1",",,,0","0",",,,0","8.93",",0","18.80",",,,0","-0.95",",,,0"
"USC00268822","1973-05","39.0747","-119.1189","1310.6","WABUSKA 6 SE, NV US","14.5","0","14.5",",0","2",",0","1",",0","0",",0","0",",0","0",",0","0",",0","5",",0","0",",0","28",",0","2",",0","","","19730501",",,0","19730531","+,,0","19730531","+,,0","","","19730505",",,0","19730517",",,0","-4.4",",0,01,","0",",,0,31,+","0",",,0,31,+","2.8",",,0,05,","32.8",",0,17,","","","97.9",",0","3.3",",,,0","0",",,,0","15.64",",0","26.60",",,,0","4.68",",,,0"
"USC00268822","1973-06","39.0747","-119.1189","1310.6","WABUSKA 6 SE, NV US","67.3","0","52.8","1,0","0",",0","0",",0","0",",0","0",",0","0",",0","0","1,0","0","1,0","0","1,0","29","1,0","16","1,0","","","19730619","+,1,0","19730630","+,,0","19730630","+,,0","","","19730630","+,,0","19730628","+,1,0","2.2","1,0,19,+","0",",,0,30,+","0",",,0,30,+","0.0",",,0,30,+","36.7","1,0,28,+","","","36.3","1,0","0.0",",,,0","0",",,,0","18.90","1,0","30.37","1,,,0","7.43","1,,,0"
"USC00268822","1973-07","39.0747","-119.1189","1310.6","WABUSKA 6 SE, NV US","185.7","0","118.4","1,0","0",",0","0",",0","0",",0","0",",0","0",",0","0",",0","0",",0","0","1,0","30","1,0","25","1,0","","","19730701",",,0","19730731","+,,0","19730731","+,,0","","","19730731","+,,0","19730726",",1,0","4.4",",0,01,","0",",,0,31,+","0",",,0,31,+","0.0",",,0,31,+","37.8","1,0,26,","1.1","0","1.1","1,0","0.0",",,,0","0",",,,0","22.16","1,0","34.69","1,,,0","9.63",",,,0"
"USC00268822","1973-08","39.0747","-119.1189","1310.6","WABUSKA 6 SE, NV US","272.0","0","86.3",",0","2",",0","1",",0","0",",0","0",",0","0",",0","0",",0","2",",0","0",",0","30",",0","23",",0","","","19730824","+,,0","19730831","+,,0","19730831","+,,0","","","19730826",",,0","19730815",",,0","-2.2",",0,24,+","0",",,0,31,+","0",",,0,31,+","4.6",",,0,26,","38.3",",0,15,","22.5","0","21.4",",0","6.6",",,,0","0",",,,0","20.43",",0","32.60",",,,0","8.25",",,,0"
"USC00268822","1973-09","39.0747","-119.1189","1310.6","WABUSKA 6 SE, NV US","276.7","0","4.7",",0","0",",0","0",",0","0",",0","0",",0","0",",0","0",",0","10",",0","0",",0","29",",0","5",",0","","","19730902",",,0","19730930","+,,0","19730930","+,,0","","","19730930","+,,0","19730906",",,0","-3.3",",0,02,","0",",,0,30,+","0",",,0,30,+","0.0",",,0,30,+","33.9",",0,06,","118.6","0","96.1",",0","0.0",",,,0","0",",,,0","15.29",",0","28.41",",,,0","2.17",",,,0"
"USC00268822","1973-10","39.0747","-119.1189","1310.6","WABUSKA 6 SE, NV US","276.7","0","0.0",",0","1",",0","1",",0","0",",0","0",",0","0",",0","0",",0","29",",0","0",",0","18",",0","0",",0","","","19731029",",,0","19731031","+,,0","19731031","+,,0","","","19731023",",,0","19731001",",,0","-10.0",",0,29,","0",",,0,31,+","0",",,0,31,+","3.0",",,0,23,","30.6",",0,01,","412.5","0","293.9",",0","3.0",",,,0","0",",,,0","8.85",",0","21.87",",,,0","-4.16",",,,0"
"USC00268822","1973-11","39.0747","-119.1189","1310.6","WABUSKA 6 SE, NV US","276.7","0","0.0","1,0","2",",0","2",",0","0",",0","0",",0","0",",0","0","1,0","24","1,0","0",",0","3",",0","0",",0","","","19731105",",1,0","19731130","+,,0","19731126",",,0","","","19731117",",,0","19731111",",,0","-15.0","1,0,05,","0",",,0,30,+","0",",T,0,26,","8.9",",,0,17,","21.7",",0,11,","805.0","0","392.5",",0","16.5",",,,0","0",",T,,0","4.82","1,0","13.87",",,,0","-4.23","1,,,0"
"USC00268822","1973-12","39.0747","-119.1189","1310.6","WABUSKA 6 SE, NV US","276.7","0","0.0","1,0","3",",0","3",",0","0",",0","0","4,0","0","2,0","0",",0","29",",0","0","1,0","0","1,0","0","1,0","","","19731224","+,,0","19731231","+,4,0","19731231","+,2,0","","","19731201",",,0","19731216",",1,0","-12.2",",0,24,+","0","4,,0,31,+","0","2,,0,31,+","8.1",",,0,01,","18.9","1,0,16,","1305.7","0","500.7","1,0","17.2",",,,0","0","2,,,0","1.64","1,0","10.53","1,,,0","-7.25",",,,0"
"USC00268822","1974-01","39.0747","-119.1189","1310.6","WABUSKA 6 SE, NV US","0.0","0","0.0","1,0","4",",0","3",",0","0",",0","0",",0","0","1,0","5",",0","27",",0","6","1,0","0","1,0","0","1,0","","","19740103",",,0","19740131","+,,0","19740131","+,1,0","","","19740117",",,0","19740115",",1,0","-25.0",",0,03,","0",",,0,31,+","0","1,,0,31,+","5.3",",,0,17,","20.6","1,0,15,","1873.7","0","568.0","1,0","13.1",",,,0","0","1,,,0","-0.83","1,0","7.65","1,,,0","-9.30",",,,0"
"USC00268822","1974-02","39.0747","-119.1189","1310.6","WABUSKA 6 SE, NV US","0.0","0","0.0",",0","1",",0","0",",0","0",",0","0",",0","0","1,0","0",",0","26",",0","0",",0","0",",0","0",",0","","","19740223",",,0","19740228","+,,0","19740228","+,1,0","","","19740219",",,0","19740225",",,0","-12.8",",0,23,","0",",,0,28,+","0","1,,0,28,+","0.8",",,0,19,","17.8",",0,25,","2323.7","0","450.0",",0","0.8",",,,0","0","1,,,0","2.26",",0","12.16",",,,0","-7.64",",,,0"
"USC00268822","1974-03","39.0747","-119.1189","1310.6","WABUSKA 6 SE, NV US","0.0","0","0.0",",0","1",",0","1",",0","0",",0","","","","","0",",0","21",",0","0",",0","8",",0","0",",0","","","19740304",",,0","","","","","","","19740303",",,0","19740331","+,,0","-11.1",",0,04,","","","","","5.1",",,0,03,","22.2",",0,31,+","2649.3","0","325.6",",0","5.1",",,,0","","","7.83",",0","17.26",",,,0","-1.60",",,,0"
"USC00268822","1974-04","39.0747","-119.1189","1310.6","WABUSKA 6 SE, NV US","0.0","0","0.0",",0","","","","","","","0",",","","","0",",0","24",",0","0",",0","11",",0","0",",0","","","19740415","+,,0","19740430","+,,0","","","","","","","19740430",",,0","-8.3",",0,15,+","0",",,0,30,+","","","","","27.2",",0,30,","2960.1","0","310.8",",0","","","","","7.97",",0","19.54",",,,0","-3.60",",,,0"
"USC00268822","1974-05","39.0747","-119.1189","1310.6","WABUSKA 6 SE, NV US","","","","","0",",0","0",",0","0",",0","0",",0","0",",0","","","","","","","","","","","","","","","19740531","+,,0","19740531","+,,0","","","19740531","+,,0","","","","","0",",,0,31,+","0",",,0,31,+","0.0",",,0,31,+","","","","","","","0.0",",,,0","0",",,,0","","","","","",""
"USC00268822","1974-06","39.0747","-119.1189","1310.6","WABUSKA 6 SE, NV US","","","53.3","5,0","0",",0","0",",0","0",",0","0",",0","0",",0","0","5,0","1","5,0","0","4,0","26","4,0","17","4,0","","","19740608",",5,0","19740630","+,,0","19740630","+,,0","","","19740630","+,,0","19740612",",4,0","-2.2","5,0,08,","0",",,0,30,+","0",",,0,30,+","0.0",",,0,30,+","37.8","4,0,12,","","","10.2","4,0","0.0",",,,0","0",",,,0","20.04","5,0","32.74","4,,,0","7.34","5,,,0"
"USC00268822","1974-07","39.0747","-119.1189","1310.6","WABUSKA 6 SE, NV US","","","","","0",",0","0",",0","0",",0","0",",0","0",",0","","","","","","","","","","","","","","","19740731","+,,0","19740731","+,,0","","","19740731","+,,0","","","","","0",",,0,31,+","0",",,0,31,+","0.0",",,0,31,+","","","","","","","0.0",",,,0","0",",,,0","","","","","",""
"USC00268822","1974-08","39.0747","-119.1189","1310.6","WABUSKA 6 SE, NV US","","","75.0","5,0","3",",0","2",",0","0",",0","0",",0","0",",0","0","5,0","0","5,0","0","5,0","26","5,0","18","5,0","","","19740821",",5,0","19740831","+,,0","19740831","+,,0","","","19740801",",,0","19740804",",5,0","3.3","5,0,21,","0",",,0,31,+","0",",,0,31,+","19.3",",,0,01,","35.6","5,0,04,","","","6.1","5,0","26.4",",,,0","0",",,,0","20.98","5,0","32.76","5,,,0","9.21","5,,,0"
"USC00268822","1974-09","39.0747","-119.1189","1310.6","WABUSKA 6 SE, NV US","","","","","0",",0","0",",0","0",",0","0",",0","0",",0","","","","","","","","","","","","","","","19740930","+,,0","19740930","+,,0","","","19740930","+,,0","","","","","0",",,0,30,+","0",",,0,30,+","0.0",",,0,30,+","","","","","","","0.0",",,,0","0",",,,0","","","","","",""
"USC00268822","1974-10","39.0747","-119.1189","1310.6","WABUSKA 6 SE, NV US","","","0.0","5,0","3",",0","3",",0","0",",0","0",",0","0",",0","0","5,0","17","5,0","0","5,0","18","5,0","0","5,0","","","19741022",",5,0","19741031","+,,0","19741031","+,,0","","","19741030",",,0","19741001",",5,0","-7.8","5,0,22,","0",",,0,31,+","0",",,0,31,+","9.9",",,0,30,","29.4","5,0,01,","","","206.6","5,0","16.5",",,,0","0",",,,0","10.39","5,0","21.58","5,,,0","-0.80","5,,,0"
"USC00268822","1974-11","39.0747","-119.1189","1310.6","WABUSKA 6 SE, NV US","","","0.0","1,0","1",",0","1",",0","0",",0","0",",0","0",",0","0",",0","23",",0","0","1,0","0","1,0","0","1,0","","","19741130",",,0","19741130","+,,0","19741130","+,,0","","","19741101",",,0","19741113",",1,0","-12.8",",0,30,","0",",,0,30,+","0",",,0,30,+","11.4",",,0,01,","18.9","1,0,13,","","","403.6","1,0","11.4",",,,0","0",",,,0","4.52","1,0","13.65","1,,,0","-4.62",",,,0"
"USC00268822","1974-12","39.0747","-119.1189","1310.6","WABUSKA 6 SE, NV US","","","0.0","2,0","2",",0","1",",0","0",",0","0","2,0","0","1,0","2",",0","30",",0","4","2,0","0","2,0","0","2,0","","","19741231",",,0","19741231","+,2,0","19741231","+,1,0","","","19741230",",,0","19741215","+,2,0","-22.8",",0,31,","0","2,,0,31,+","0","1,,0,31,+","3.6",",,0,30,","14.4","2,0,15,+","","","567.2","2,0","5.6",",,,0","0","1,,,0","-1.22","2,0","7.14","2,,,0","-9.58",",,,0"
"USC00268822","1975-01","39.0747","-119.1189","1310.6","WABUSKA 6 SE, NV US","0.0","0","0.0",",0","1",",0","1",",0","0",",0","0",",0","0",",0","3",",0","31",",0","3",",0","0",",0","0",",0","","","19750101",",,0","19750131","+,,0","19750109",",,0","","","19750109",",,0","19750125",",,0","-24.4",",0,01,","0",",,0,31,+","0",",T,0,09,","6.9",",,0,09,","17.8",",0,25,","","","580.7",",0","6.9",",,,0","0",",T,,0","-0.40",",0","9.05",",,,0","-9.85",",,,0"
"USC00268822","1975-02","39.0747","-119.1189","1310.6","WABUSKA 6 SE, NV US","0.0","0","0.0","2,0","2",",0","0",",0","0",",0","","","","","0","1,0","24","1,0","0","1,0","0","1,0","0","1,0","","","19750222",",1,0","","","","","","","19750210",",,0","19750227",",1,0","-15.0","1,0,22,","","","","","1.8",",,0,10,","18.9","1,0,27,","","","433.8","1,0","3.1",",,,0","","","1.44","2,0","9.98","1,,,0","-7.09","1,,,0"
"USC00268822","1975-04","39.0747","-119.1189","1310.6","WABUSKA 6 SE, NV US","","","0.0","3,0","3",",0","1",",0","0",",0","","","0","2,0","0","3,0","21","3,0","0",",0","0",",0","0",",0","","","19750407",",3,0","","","19750416",",2,0","","","19750416",",,0","19750422","+,,0","-11.7","3,0,07,","","","3","2,,0,16,","5.1",",,0,16,","19.4",",0,22,+","","","342.2",",0","7.7",",,,0","3","2,,,0","5.60","3,0","13.61",",,,0","-2.40","3,,,0"
"USC00268822","1975-05","39.0747","-119.1189","1310.6","WABUSKA 6 SE, NV US","","","","","","","","","","","0",",0","","","","","","","","","","","","","","","","","19750531","+,,0","","","","","","","","","","","0",",,0,31,+","","","","","","","","","","","","","","","","","","","",""
"USC00268822","1975-06","39.0747","-119.1189","1310.6","WABUSKA 6 SE, NV US","","","24.4","5,0","5",",0","3",",0","0",",0","0",",0","0",",0","0","3,0","0","3,0","0","3,0","26","3,0","7","3,0","","","19750625",",3,0","19750630","+,,0","19750630","+,,0","","","19750620",",,0","19750614","+,3,0","1.7","3,0,25,","0",",,0,30,+","0",",,0,30,+","10.4",",,0,20,","34.4","3,0,14,+","","","38.2","3,0","19.6",",,,0","0",",,,0","17.87","5,0","28.81","3,,,0","6.93","3,,,0"
"USC00268822","1975-07","39.0747","-119.1189","1310.6","WABUSKA 6 SE, NV US","","","145.1",",0","2",",0","1",",0","0",",0","0",",0","0",",0","0",",0","0",",0","0",",0","31",",0","24",",0","","","19750731",",,0","19750731","+,,0","19750731","+,,0","","","19750720",",,0","19750726",",,0","4.4",",0,31,","0",",,0,31,+","0",",,0,31,+","11.4",",,0,20,","39.4",",0,26,","5.9","0","5.9",",0","11.9",",,,0","0",",,,0","22.82",",0","34.38",",,,0","11.27",",,,0"
"USC00268822","1975-08","39.0747","-119.1189","1310.6","WABUSKA 6 SE, NV US","","","","","0","4,0","0","4,0","0","4,0","0",",0","0",",0","","","","","","","","","","","","","","","19750831","+,,0","19750831","+,,0","1","","19750831","+,4,0","","","","","0",",,0,31,+","0",",,0,31,+","0.0","4,,0,31,+","","","","","","","0.0","4,,,0","0",",,,0","","","","","",""
"USC00268822","1975-09","39.0747","-119.1189","1310.6","WABUSKA 6 SE, NV US","","","","","3",",0","2",",0","1",",0","0",",0","0",",0","","","","","","","","","","","","","","","19750930","+,,0","19750930","+,,0","2","","19750910",",,0","","","","","0",",,0,30,+","0",",,0,30,+","41.4",",,0,10,","","","","","","","44.7",",,,0","0",",,,0","","","","","",""
"USC00268822","1975-10","39.0747","-119.1189","1310.6","WABUSKA 6 SE, NV US","","","","","","","","","","","0",",0","0",",0","","","","","","","","","","","","","","","19751031","+,,0","19751031","+,,0","","","","","","","","","0",",,0,31,+","0",",,0,31,+","","","","","","","","","","","0",",,,0","","","","","",""
"USC00268822","1975-11","39.0747","-119.1189","1310.6","WABUSKA 6 SE, NV US","","","","","1",",0","1",",0","0",",0","1",",0","1",",0","","","","","","","","","","","","","","","19751128",",,0","19751128",",,0","","","19751128",",,0","","","","","25",",,0,28,","51",",,0,28,","5.1",",,0,28,","","","","","","","5.1",",,,0","51",",,,0","","","","","",""
"USC00268822","1975-12","39.0747","-119.1189","1310.6","WABUSKA 6 SE, NV US","","","0.0","4,0","1",",0","1",",0","0",",0","0",",0","0",",0","0","4,0","25","4,0","1","2,0","0","2,0","0","2,0","","","19751215",",4,0","19751231","+,,0","19751222","+,,0","","","19751222",",,0","19751204",",2,0","-16.1","4,0,15,","0",",,0,31,+","0",",T,0,22,+","2.5",",,0,22,","18.9","2,0,04,","","","478.3","2,0","2.5",",,,0","0",",T,,0","0.72","4,0","10.01","2,,,0","-8.57","4,,,0"
"USC00268822","1976-01","39.0747","-119.1189","1310.6","WABUSKA 6 SE, NV US","0.0","0","0.0","3,0","3",",0","3",",0","0",",0","1",",0","1",",0","0","3,0","28","3,0","1","1,0","0","1,0","0","1,0","","","19760102",",3,0","19760101",",,0","19760101",",,0","","","19760124",",,0","19760129",",1,0","-17.2","3,0,02,","25",",,0,01,","25",",,0,01,","5.6",",,0,24,","14.4","1,0,29,","","","521.2","1,0","10.6",",,,0","25",",,,0","-0.20","3,0","9.39","1,,,0","-9.79","3,,,0"
"USC00268822","1976-02","39.0747","-119.1189","1310.6","WABUSKA 6 SE, NV US","0.0","0","0.0","4,0","6",",0","2",",0","0",",0","","","4",",0","0","4,0","21","4,0","3","2,0","0","2,0","0","2,0","","","19760208",",4,0","","","19760206",",,0","","","19760209",",,0","19760203",",2,0","-14.4","4,0,08,","","","127",",,0,06,","15.5",",,0,09,","18.9","2,0,03,","","","414.1","2,0","21.1",",,,0","253",",,,0","2.04","4,0","9.83","2,,,0","-5.74","4,,,0"
"USC00268822","1976-03","39.0747","-119.1189","1310.6","WABUSKA 6 SE, NV US","0.0","0","0.0","3,0","2",",0","1",",0","0",",0","0",",0","0",",0","0","3,0","27","3,0","0","1,0","2","1,0","0","1,0","","","19760305",",3,0","19760331","+,,0","19760331","+,,0","","","19760303",",,0","19760317",",1,0","-13.3","3,0,05,","0",",,0,31,+","0",",,0,31,+","4.8",",,0,03,","22.2","1,0,17,","","","378.6","1,0","5.1",",,,0","0",",,,0","4.68","3,0","14.37","1,,,0","-5.01","3,,,0"
"USC00268822","1976-04","39.0747","-119.1189","1310.6","WABUSKA 6 SE, NV US","","","","","2",",0","0",",0","0",",0","0",",0","0",",0","0","3,0","22","3,0","","","","","","","","","19760409",",3,0","19760430","+,,0","19760430","+,,0","","","19760418",",,0","","","-8.3","3,0,09,","0",",,0,30,+","0",",,0,30,+","1.3",",,0,18,","","","","","","","2.3",",,,0","0",",,,0","","","","","-2.39","3,,,0"
"USC00268822","1976-05","39.0747","-119.1189","1310.6","WABUSKA 6 SE, NV US","","","5.3",",0","1",",0","1",",0","0",",0","0",",0","0",",0","0",",0","1",",0","0",",0","30",",0","2",",0","","","19760529",",,0","19760531","+,,0","19760531","+,,0","","","19760506",",,0","19760513",",,0","-0.6",",0,29,","0",",,0,31,+","0",",,0,31,+","2.5",",,0,06,","33.9",",0,13,","","","88.0",",0","2.5",",,,0","0",",,,0","15.67",",0","26.60",",,,0","4.73",",,,0"
"USC00268822","1976-06","39.0747","-119.1189","1310.6","WABUSKA 6 SE, NV US","","","35.6","3,0","1",",0","1",",0","0",",0","0",",0","0",",0","0","3,0","0","3,0","0","2,0","27","2,0","6","2,0","","","19760605",",3,0","19760630","+,,0","19760630","+,,0","","","19760610",",,0","19760628",",2,0","2.2","3,0,05,","0",",,0,30,+","0",",,0,30,+","23.1",",,0,10,","35.0","2,0,28,","","","38.8","2,0","23.1",",,,0","0",",,,0","18.14","3,0","28.30","2,,,0","7.98","3,,,0"
"USC00268822","1976-07","39.0747","-119.1189","1310.6","WABUSKA 6 SE, NV US","","","99.5","4,0","6",",0","3",",0","0",",0","0",",0","0",",0","0","4,0","0","4,0","0","2,0","29","2,0","20","2,0","","","19760701",",4,0","19760731","+,,0","19760731","+,,0","2","","19760731",",,0","19760710",",2,0","2.2","4,0,01,","0",",,0,31,+","0",",,0,31,+","15.2",",,0,31,","37.2","2,0,10,","0.6","0","0.6","2,0","27.4",",,,0","0",",,,0","22.00","4,0","33.42","2,,,0","10.57","4,,,0"
"USC00268822","1976-08","39.0747","-119.1189","1310.6","WABUSKA 6 SE, NV US","","","23.9","2,0","5",",0","1",",0","0",",0","0",",0","0",",0","0","2,0","0","2,0","0","2,0","28","2,0","10","2,0","","","19760827","+,2,0","19760831","+,,0","19760831","+,,0","3","","19760803",",,0","19760831",",2,0","3.3","2,0,27,+","0",",,0,31,+","0",",,0,31,+","3.8",",,0,03,","36.7","2,0,31,","39.7","0","39.1","2,0","11.3",",,,0","0",",,,0","17.81","2,0","28.57","2,,,0","7.05","2,,,0"
"USC00268822","1976-09","39.0747","-119.1189","1310.6","WABUSKA 6 SE, NV US","","","","","3",",0","1",",0","0",",0","0",",0","0",",0","","","","","","","","","","","","","","","19760930","+,,0","19760930","+,,0","1","","19760911",",,0","","","","","0",",,0,30,+","0",",,0,30,+","8.9",",,0,11,","","","","","","","10.7",",,,0","0",",,,0","","","","","",""
"USC00268822","1976-10","39.0747","-119.1189","1310.6","WABUSKA 6 SE, NV US","","","","","1",",0","1",",0","0",",0","0",",0","0",",0","","","","","","","","","","","","","","","19761031","+,,0","19761031","+,,0","","","19761002",",,0","","","","","0",",,0,31,+","0",",,0,31,+","3.8",",,0,02,","","","","","","","3.8",",,,0","0",",,,0","","","","","",""
"USC00268822","1976-11","39.0747","-119.1189","1310.6","WABUSKA 6 SE, NV US","","","","","0",",0","0",",0","0",",0","0",",0","0",",0","","","","","","","","","","","","","","","19761130","+,,0","19761130","+,,0","","","19761130","+,,0","","","","","0",",,0,30,+","0",",,0,30,+","0.0",",,0,30,+","","","","","","","0.0",",,,0","0",",,,0","","","","","",""
"USC00268822","1976-12","39.0747","-119.1189","1310.6","WABUSKA 6 SE, NV US","","","","","0",",0","0",",0","0",",0","0",",0","0",",0","","","","","","","","","","","","","","","19761231","+,,0","19761231","+,,0","","","19761231","+,,0","","","","","0",",,0,31,+","0",",,0,31,+","0.0",",,0,31,+","","","","","","","0.0",",,,0","0",",,,0","","","","","",""
"USC00268822","1977-01","39.0747","-119.1189","1310.6","WABUSKA 6 SE, NV US","0.0","0","0.0","5,0","4",",0","2",",0","0",",0","","","1","1,0","2","4,0","27","4,0","1","3,0","0","3,0","0","3,0","","","19770109",",4,0","","","19770105",",1,0","","","19770103",",,0","19770131",",3,0","-18.9","4,0,09,","","","25","1,,0,05,","4.8",",,0,03,","12.2","3,0,31,","","","522.0","3,0","9.1",",,,0","25","1,,,0","-1.73","5,0","6.99","3,,,0","-10.44","4,,,0"
"USC00268822","1977-02","39.0747","-119.1189","1310.6","WABUSKA 6 SE, NV US","0.0","0","0.0",",0","1",",0","1",",0","0",",0","0",",0","0",",0","0",",0","27",",0","0",",0","2",",0","0",",0","","","19770204","+,,0","19770228","+,,0","19770228","+,,0","","","19770221",",,0","19770216",",,0","-13.3",",0,04,+","0",",,0,28,+","0",",,0,28,+","3.6",",,0,21,","21.7",",0,16,","","","435.6",",0","3.6",",,,0","0",",,,0","2.78",",0","14.19",",,,0","-8.64",",,,0"
"USC00268822","1977-03","39.0747","-119.1189","1310.6","WABUSKA 6 SE, NV US","0.0","0","0.0","3,0","3",",0","0",",0","0",",0","0",",0","0",",0","0","1,0","28","1,0","0","2,0","2","2,0","0","2,0","","","19770314",",1,0","19770331","+,,0","19770317","+,,0","","","19770309",",,0","19770322",",2,0","-17.2","1,0,14,","0",",,0,31,+","0",",T,0,17,+","1.8",",,0,09,","22.8","2,0,22,","","","429.5","2,0","3.3",",,,0","0",",T,,0","2.88","3,0","12.91","2,,,0","-7.15","1,,,0"
"USC00268822","1977-04","39.0747","-119.1189","1310.6","WABUSKA 6 SE, NV US","0.0","0","0.0",",0","1",",0","0",",0","0",",0","0",",0","0",",0","0",",0","17",",0","0",",0","21",",0","0",",0","","","19770403",",,0","19770430","+,,0","19770430","+,,0","","","19770414",",,0","19770424",",,0","-8.3",",0,03,","0",",,0,30,+","0",",,0,30,+","0.5",",,0,14,","30.6",",0,24,","","","225.4",",0","0.5",",,,0","0",",,,0","10.82",",0","22.49",",,,0","-0.86",",,,0"
"USC00268822","1977-05","39.0747","-119.1189","1310.6","WABUSKA 6 SE, NV US","2.2","0","2.2","3,0","8",",0","3",",0","0",",0","0",",0","0",",0","0","3,0","11","3,0","0","1,0","7","1,0","1","1,0","","","19770506",",3,0","19770531","+,,0","19770531","+,,0","","","19770512",",,0","19770531",",1,0","-6.7","3,0,06,","0",",,0,31,+","0",",,0,31,+","12.7",",,0,12,","34.4","1,0,31,","","","233.8","1,0","25.3",",,,0","0",",,,0","9.82","3,0","18.58","1,,,0","1.05","3,,,0"
"USC00268822","1977-06","39.0747","-119.1189","1310.6","WABUSKA 6 SE, NV US","88.4","0","86.2","1,0","4",",0","3",",0","0",",0","0",",0","0",",0","0","1,0","0","1,0","0","1,0","29","1,0","12","1,0","","","19770603",",1,0","19770630","+,,0","19770630","+,,0","","","19770609",",,0","19770625",",1,0","6.1","1,0,03,","0",",,0,30,+","0",",,0,30,+","12.7",",,0,09,","36.7","1,0,25,","","","6.2","1,0","23.4",",,,0","0",",,,0","21.09","1,0","31.02","1,,,0","11.17","1,,,0"
"USC00268822","1977-07","39.0747","-119.1189","1310.6","WABUSKA 6 SE, NV US","185.3","0","96.9","5,0","1",",0","0",",0","0",",0","0",",0","0",",0","0","4,0","0","4,0","0","5,0","26","5,0","24","5,0","","","19770706",",4,0","19770731","+,,0","19770731","+,,0","","","19770701",",,0","19770717",",5,0","3.9","4,0,06,","0",",,0,31,+","0",",,0,31,+","2.0",",,0,01,","37.8","5,0,17,","0.0","0","0.0","5,0","2.0",",,,0","0",",,,0","22.04","5,0","34.70","5,,,0","9.38","4,,,0"
"USC00268822","1977-08","39.0747","-119.1189","1310.6","WABUSKA 6 SE, NV US","290.8","0","105.5","3,0","2",",0","1",",0","0",",0","0",",0","0",",0","0","3,0","0","3,0","0","3,0","28","3,0","23","3,0","","","19770827",",3,0","19770831","+,,0","19770831","+,,0","","","19770804",",,0","19770802",",3,0","4.4","3,0,27,","0",",,0,31,+","0",",,0,31,+","6.6",",,0,04,","38.9","3,0,02,","2.0","0","2.0","3,0","7.1",",,,0","0",",,,0","22.03","3,0","33.75","3,,,0","10.31","3,,,0"
"USC00268822","1977-09","39.0747","-119.1189","1310.6","WABUSKA 6 SE, NV US","","","","","0",",0","0",",0","0",",0","0",",0","0",",0","","","","","","","","","","","","","","","19770930","+,,0","19770930","+,,0","","","19770930","+,,0","","","","","0",",,0,30,+","0",",,0,30,+","0.0",",,0,30,+","","","","","","","0.0",",,,0","0",",,,0","","","","","",""
"USC00268822","1977-10","39.0747","-119.1189","1310.6","WABUSKA 6 SE, NV US","","","","","0",",0","0",",0","0",",0","0",",0","0",",0","","","","","","","","","","","","","","","19771031","+,,0","19771031","+,,0","","","19771031","+,,0","","","","","0",",,0,31,+","0",",,0,31,+","0.0",",,0,31,+","","","","","","","0.0",",,,0","0",",,,0","","","","","",""
"USC00268822","1977-11","39.0747","-119.1189","1310.6","WABUSKA 6 SE, NV US","","","","","1",",0","1",",0","0",",0","0",",0","0",",0","","","","","","","","","","","","","","","19771130","+,,0","19771130","+,,0","","","19771122",",,0","","","","","0",",,0,30,+","0",",,0,30,+","3.0",",,0,22,","","","","","","","3.0",",,,0","0",",,,0","","","","","",""
"USC00268822","1977-12","39.0747","-119.1189","1310.6","WABUSKA 6 SE, NV US","","","","","6","1,0","4","1,0","0","1,0","0","2,0","0","2,0","","","","","1","4,0","1","4,0","0","4,0","","","","","19771231","+,2,0","19771231","+,2,0","","","19771217",",1,0","19771206",",4,0","","","0","2,,0,31,+","0","2,,0,31,+","7.4","1,,0,17,","21.1","4,0,06,","","","","","24.5","1,,,0","0","2,,,0","","","11.68","4,,,0","",""
"USC00268822","1978-01","39.0747","-119.1189","1310.6","WABUSKA 6 SE, NV US","0.0","0","0.0","2,0","4","3,0","2","3,0","0","3,0","0",",0","0",",0","0","2,0","29","2,0","0","1,0","0","1,0","0","1,0","","","19780124",",2,0","19780131","+,,0","19780131","+,,0","","","19780116",",3,0","19780131",",1,0","-11.7","2,0,24,","0",",,0,31,+","0",",,0,31,+","7.6","3,,0,16,","16.1","1,0,31,","","","483.5","1,0","12.2",",a,,0","0",",,,0","1.63","2,0","8.65","1,,,0","-5.39","2,,,0"
"USC00268822","1978-02","39.0747","-119.1189","1310.6","WABUSKA 6 SE, NV US","","","","","3","2,0","3","2,0","0","2,0","","","1",",0","","","","","","","","","","","","","","","","","19780210",",,0","","","19780210",",2,0","","","","","","","102",",,0,10,","15.7","2,,0,10,","","","","","","","29.2",",a,,0","115",",,,0","","","","","",""
"USC00268822","1978-04","39.0747","-119.1189","1310.6","WABUSKA 6 SE, NV US","","","0.0","3,0","4",",0","2",",0","0",",0","0",",0","0",",0","0","2,0","10","2,0","0","2,0","6","2,0","0","2,0","","","19780405",",2,0","19780430","+,,0","19780430","+,,0","1","","19780425",",,0","19780411",",2,0","-6.7","2,0,05,","0",",,0,30,+","0",",,0,30,+","9.1",",,0,25,","22.8","2,0,11,","","","249.3","2,0","13.4",",,,0","0",",,,0","8.96","3,0","17.17","2,,,0","0.76","2,,,0"
"USC00268822","1978-05","39.0747","-119.1189","1310.6","WABUSKA 6 SE, NV US","","","1.1","4,0","0",",0","0",",0","0",",0","0",",0","0",",0","0","4,0","7","4,0","0",",0","23",",0","0",",0","","","19780525",",4,0","19780531","+,,0","19780531","+,,0","","","19780531","+,,0","19780529",",,0","-3.9","4,0,25,","0",",,0,31,+","0",",,0,31,+","0.0",",,0,31,+","31.1",",0,29,","","","148.1",",0","0.0",",,,0","0",",,,0","12.96","4,0","23.59",",,,0","2.34","4,,,0"
"USC00268822","1978-06","39.0747","-119.1189","1310.6","WABUSKA 6 SE, NV US","","","19.8",",0","0",",0","0",",0","0",",0","0",",0","0",",0","0",",0","0",",0","0",",0","30",",0","5",",0","","","19780601",",,0","19780630","+,,0","19780630","+,,0","","","19780630","+,,0","19780608",",,0","2.8",",0,01,","0",",,0,30,+","0",",,0,30,+","0.0",",,0,30,+","36.1",",0,08,","","","35.2",",0","0.0",",,,0","0",",,,0","17.82",",0","29.04",",,,0","6.60",",,,0"
"USC00268822","1978-07","39.0747","-119.1189","1310.6","WABUSKA 6 SE, NV US","","","137.8","2,0","0",",0","0",",0","0",",0","0",",0","0",",0","0","1,0","0","1,0","0","1,0","30","1,0","24","1,0","","","19780703",",1,0","19780731","+,,0","19780731","+,,0","","","19780731","+,,0","19780731","+,1,0","4.4","1,0,03,","0",",,0,31,+","0",",,0,31,+","0.0",",,0,31,+","38.9","1,0,31,+","0.8","0","0.8","1,0","0.0",",,,0","0",",,,0","22.83","2,0","34.54","1,,,0","11.11","1,,,0"
"USC00268822","1978-08","39.0747","-119.1189","1310.6","WABUSKA 6 SE, NV US","","","116.4","3,0","0",",0","0",",0","0",",0","0",",0","0",",0","0","3,0","0","3,0","0","3,0","28","3,0","17","3,0","","","19780818",",3,0","19780831","+,,0","19780831","+,,0","","","19780831","+,,0","19780808",",3,0","1.1","3,0,18,","0",",,0,31,+","0",",,0,31,+","0.0",",,0,31,+","39.4","3,0,08,","8.0","0","7.2","3,0","0.0",",,,0","0",",,,0","22.23","3,0","33.77","3,,,0","10.69","3,,,0"
"USC00268822","1978-09","39.0747","-119.1189","1310.6","WABUSKA 6 SE, NV US","","","","","3",",0","1",",0","0",",0","0",",0","0",",0","","","","","0","5,0","19","5,0","5","5,0","","","","","19780930","+,,0","19780930","+,,0","","","19780907",",,0","19780901",",5,0","","","0",",,0,30,+","0",",,0,30,+","9.1",",,0,07,","32.8","5,0,01,","","","","","11.4",",,,0","0",",,,0","","","24.90","5,,,0","",""
"USC00268822","1978-10","39.0747","-119.1189","1310.6","WABUSKA 6 SE, NV US","","","","","1",",0","1",",0","0",",0","0",",0","0",",0","","","","","","","","","","","","","","","19781031","+,,0","19781031","+,,0","","","19781031",",,0","","","","","0",",,0,31,+","0",",,0,31,+","6.9",",,0,31,","","","","","","","6.9",",,,0","0",",,,0","","","","","",""
"USC00268822","1978-11","39.0747","-119.1189","1310.6","WABUSKA 6 SE, NV US","","","","","5",",0","1",",0","0",",0","","","","","","","","","","","","","","","","","","","","","","","","","19781121",",,0","","","","","","","","","2.5",",,0,21,","","","","","","","8.4",",,,0","","","","","","","",""
"USC00268822","1978-12","39.0747","-119.1189","1310.6","WABUSKA 6 SE, NV US","","","","","2","1,0","1","1,0","0","1,0","","","1",",0","","","","","","","","","","","","","","","","","19781219",",,0","","","19781219",",1,0","","","","","","","76",",,0,19,","7.6","1,,0,19,","","","","","","","8.9","1,,,0","76",",,,0","","","","","",""
"USC00268822","1979-01","39.0747","-119.1189","1310.6","WABUSKA 6 SE, NV US","","","","","7",",0","2",",0","0",",0","","","2","3,0","","","","","","","","","","","","","","","","","19790108",",3,0","","","19790108",",,0","","","","","","","76","3,,0,08,","4.3",",,0,08,","","","","","","","11.8",",,,0","127","3,,,0","","","","","",""
"USC00268822","1979-02","39.0747","-119.1189","1310.6","WABUSKA 6 SE, NV US","","","","","3","1,0","1","1,0","0","1,0","","","","","","","","","","","","","","","","","","","","","","","","","19790214",",1,0","","","","","","","","","2.8","1,,0,14,","","","","","","","5.1","1,,,0","","","","","","","",""
"USC00268822","1979-03","39.0747","-119.1189","1310.6","WABUSKA 6 SE, NV US","","","","","7","2,0","1","2,0","0","2,0","","","","","","","","","","","","","","","","","","","","","","","","","19790315",",2,0","","","","","","","","","4.3","2,,0,15,","","","","","","","8.2","2,,,0","","","","","","","",""
"USC00268822","1979-05","39.0747","-119.1189","1310.6","WABUSKA 6 SE, NV US","","","12.9","3,0","0",",0","0",",0","0",",0","0",",0","0",",0","0","3,0","5","3,0","0","1,0","25","1,0","4","1,0","","","19790510",",3,0","19790531","+,,0","19790531","+,,0","","","19790509","+,,0","19790520",",1,0","-3.3","3,0,10,","0",",,0,31,+","0",",,0,31,+","0.0",",T,0,09,+","33.9","1,0,20,","","","100.9","1,0","0.0",",T,,0","0",",,,0","15.26","3,0","25.78","1,,,0","4.74","3,,,0"
"USC00268822","1979-06","39.0747","-119.1189","1310.6","WABUSKA 6 SE, NV US","","","","","0","2,0","0","2,0","0","2,0","0",",0","0","2,0","","","","","","","","","","","","","","","19790630","+,,0","19790630","+,2,0","","","19790630","+,2,0","","","","","0",",,0,30,+","0","2,,0,30,+","0.0","2,,0,30,+","","","","","","","3.6",",a,,0","0","2,,,0","","","","","",""
"USC00268822","1979-08","39.0747","-119.1189","1310.6","WABUSKA 6 SE, NV US","","","","","5",",0","3",",0","0",",0","0",",0","0",",0","","","","","","","","","","","","","","","19790831","+,,0","19790831","+,,0","","","19790829",",,0","","","","","0",",,0,31,+","0",",,0,31,+","3.8",",,0,29,","","","","","","","12.9",",,,0","0",",,,0","","","","","",""
"USC00268822","1979-09","39.0747","-119.1189","1310.6","WABUSKA 6 SE, NV US","","","","","0",",0","0",",0","0",",0","0",",0","0",",0","","","","","","","","","","","","","","","19790930","+,,0","19790930","+,,0","","","19790930","+,,0","","","","","0",",,0,30,+","0",",,0,30,+","0.0",",,0,30,+","","","","","","","0.0",",,,0","0",",,,0","","","","","",""
"USC00268822","1979-10","39.0747","-119.1189","1310.6","WABUSKA 6 SE, NV US","","","","","2",",0","0",",0","0",",0","0",",0","0",",0","","","","","","","","","","","","","","","19791031","+,,0","19791031","+,,0","","","19791020",",,0","","","","","0",",,0,31,+","0",",,0,31,+","1.5",",,0,20,","","","","","","","1.8",",,,0","0",",,,0","","","","","",""
"USC00268822","1979-11","39.0747","-119.1189","1310.6","WABUSKA 6 SE, NV US","","","","","2","1,0","1","1,0","0","1,0","","","","","","","","","","","","","","","","","","","","","","","","","19791117",",1,0","","","","","","","","","3.0","1,,0,17,","","","","","","","5.0","1,,,0","","","","","","","",""
"USC00268822","1979-12","39.0747","-119.1189","1310.6","WABUSKA 6 SE, NV US","","","","","4",",0","4",",0","0",",0","","","","","","","","","","","","","","","","","","","","","","","","","19791225",",,0","","","","","","","","","4.8",",,0,25,","","","","","","","16.5",",,,0","","","","","","","",""
"USC00268822","1980-01","39.0747","-119.1189","1310.6","WABUSKA 6 SE, NV US","","","","","10",",0","6",",0","0",",0","","","1","5,0","","","","","","","","","","","","","","","","","19800129",",5,0","","","19800114",",,0","","","","","","","51","5,,0,29,","14.0",",,0,14,","","","","","","","46.8",",,,0","51","5,,,0","","","","","",""
"USC00268822","1980-02","39.0747","-119.1189","1310.6","WABUSKA 6 SE, NV US","","","0.0","3,0","7",",0","3",",0","0",",0","","","","","0","3,0","24","3,0","0","2,0","1","2,0","0","2,0","","","19800209","+,3,0","","","","","","","19800221",",,0","19800227",",2,0","-9.4","3,0,09,+","","","","","8.9",",,0,21,","21.7","2,0,27,","","","347.9","2,0","20.1",",,,0","","","4.95","3,0","13.36","2,,,0","-3.45","3,,,0"
"USC00268822","1980-03","39.0747","-119.1189","1310.6","WABUSKA 6 SE, NV US","","","","","3","1,0","1","1,0","0","1,0","","","","","0","5,0","23","5,0","","","","","","","","","19800326","+,5,0","","","","","","","19800306",",1,0","","","-10.6","5,0,26,+","","","","","3.6","1,,0,06,","","","","","","","4.9","1,,,0","","","","","","","-5.15","5,,,0"
"USC00268822","1980-04","39.0747","-119.1189","1310.6","WABUSKA 6 SE, NV US","","","","","2",",0","2",",0","0",",0","0",",0","0",",0","","","","","","","","","","","","","","","19800430","+,,0","19800430","+,,0","","","19800423",",,0","","","","","0",",,0,30,+","0",",,0,30,+","9.4",",,0,23,","","","","","","","13.0",",,,0","0",",,,0","","","","","",""
"USC00268822","1980-05","39.0747","-119.1189","1310.6","WABUSKA 6 SE, NV US","","","","","3","3,0","2","3,0","0","3,0","0",",0","0",",0","","","","","","","","","","","","","","","19800531","+,,0","19800531","+,,0","","","19800514",",3,0","","","","","0",",,0,31,+","0",",,0,31,+","8.4","3,,0,14,","","","","","","","27.0",",a,,0","0",",,,0","","","","","",""
"USC00268822","1980-06","39.0747","-119.1189","1310.6","WABUSKA 6 SE, NV US","","","","","","","","","","","0",",0","0",",0","","","","","","","","","","","","","","","19800630","+,,0","19800630","+,,0","","","","","","","","","0",",,0,30,+","0",",,0,30,+","","","","","","","","","","","0",",,,0","","","","","",""
"USC00268822","1980-07","39.0747","-119.1189","1310.6","WABUSKA 6 SE, NV US","","","","","5",",0","3",",0","0",",0","0",",0","0",",0","","","","","0","4,0","27","4,0","21","4,0","","","","","19800731","+,,0","19800731","+,,0","","","19800729",",,0","19800727","+,4,0","","","0",",,0,31,+","0",",,0,31,+","4.3",",,0,29,","40.0","4,0,27,+","","","","","12.5",",,,0","0",",,,0","","","34.95","4,,,0","",""
"USC00268822","1980-08","39.0747","-119.1189","1310.6","WABUSKA 6 SE, NV US","","","","","1",",0","0",",0","0",",0","0",",0","0",",0","","","","","0","3,0","28","3,0","17","3,0","","","","","19800831","+,,0","19800831","+,,0","","","19800822",",,0","19800802",",3,0","","","0",",,0,31,+","0",",,0,31,+","1.0",",,0,22,","38.3","3,0,02,","","","","","1.0",",,,0","0",",,,0","","","32.84","3,,,0","",""
"USC00268822","1980-09","39.0747","-119.1189","1310.6","WABUSKA 6 SE, NV US","","","","","0","2,0","0","2,0","0","2,0","0",",0","0",",0","0","5,0","5","5,0","","","","","","","","","19800922",",5,0","19800930","+,,0","19800930","+,,0","","","19800930","+,2,0","","","-1.7","5,0,22,","0",",,0,30,+","0",",,0,30,+","0.0","2,,0,30,+","","","","","","","5.3",",a,,0","0",",,,0","","","","","3.71","5,,,0"
"USC00268822","1980-10","39.0747","-119.1189","1310.6","WABUSKA 6 SE, NV US","","","1.2",",0","1",",0","0",",0","0",",0","0",",0","0",",0","0",",0","14",",0","0",",0","15",",0","5",",0","","","19801028",",,0","19801031","+,,0","19801031","+,,0","","","19801016",",,0","19801001",",,0","-10.6",",0,28,","0",",,0,31,+","0",",,0,31,+","0.5",",,0,16,","33.3",",0,01,","","","223.1",",0","0.5",",,,0","0",",,,0","11.17",",0","22.88",",,,0","-0.54",",,,0"
"USC00268822","1980-11","39.0747","-119.1189","1310.6","WABUSKA 6 SE, NV US","","","","","1",",0","1",",0","0",",0","0",",0","0",",0","","","","","0","5,0","7","5,0","0","5,0","","","","","19801130","+,,0","19801130","+,,0","","","19801112",",,0","19801106","+,5,0","","","0",",,0,30,+","0",",,0,30,+","10.2",",,0,12,","25.6","5,0,06,+","","","","","10.2",",,,0","0",",,,0","","","15.30","5,,,0","",""
"USC00268822","1980-12","39.0747","-119.1189","1310.6","WABUSKA 6 SE, NV US","","","","","1",",0","1",",0","0",",0","0",",0","0",",0","","","","","0","5,0","0","5,0","0","5,0","","","","","19801231","+,,0","19801231","+,,0","","","19801204",",,0","19801202",",5,0","","","0",",,0,31,+","0",",,0,31,+","8.4",",,0,04,","17.2","5,0,02,","","","","","8.4",",,,0","0",",,,0","","","12.37","5,,,0","",""
"USC00268822","1981-01","39.0747","-119.1189","1310.6","WABUSKA 6 SE, NV US","0.0","0","0.0","4,0","2",",0","1",",0","0",",0","","","","","0","4,0","27","4,0","0","3,0","0","3,0","0","3,0","","","19810102",",4,0","","","","","","","19810128",",,0","19810122",",3,0","-13.3","4,0,02,","","","","","2.8",",,0,28,","20.6","3,0,22,","","","447.7","3,0","3.8",",,,0","","","1.80","4,0","11.43","3,,,0","-7.82","4,,,0"
"USC00268822","1981-02","39.0747","-119.1189","1310.6","WABUSKA 6 SE, NV US","","","","","1","1,0","1","1,0","0","1,0","","","","","","","","","0","5,0","0","5,0","0","5,0","","","","","","","","","","","19810209",",1,0","19810216",",5,0","","","","","","","6.1","1,,0,09,","20.6","5,0,16,","","","","","6.1","1,,,0","","","","","13.98","5,,,0","",""
"USC00268822","1981-03","39.0747","-119.1189","1310.6","WABUSKA 6 SE, NV US","","","","","7",",0","3",",0","0",",0","0",",","","","","","","","","","","","","","","","","","19810331","+,,0","","","","","19810313",",,0","","","","","0",",,0,31,+","","","8.1",",,0,13,","","","","","","","19.0",",,,0","","","","","","","",""
"USC00268822","1981-04","39.0747","-119.1189","1310.6","WABUSKA 6 SE, NV US","","","","","1",",0","1",",0","0",",0","0",",0","0",",0","","","","","","","","","","","","","","","19810430","+,,0","19810430","+,,0","","","19810419",",,0","","","","","0",",,0,30,+","0",",,0,30,+","17.3",",,0,19,","","","","","","","17.3",",,,0","0",",,,0","","","","","",""
"USC00268822","1981-05","39.0747","-119.1189","1310.6","WABUSKA 6 SE, NV US","","","","","5",",0","4",",0","0",",0","0",",0","0",",0","","","","","","","","","","","","","","","19810531","+,,0","19810531","+,,0","","","19810518",",,0","","","","","0",",,0,31,+","0",",,0,31,+","12.7",",,0,18,","","","","","","","32.3",",,,0","0",",,,0","","","","","",""
"USC00268822","1981-06","39.0747","-119.1189","1310.6","WABUSKA 6 SE, NV US","","","102.0","2,0","0",",0","0",",0","0",",0","0",",0","0",",0","0","2,0","1","2,0","0",",0","30",",0","16",",0","","","19810615",",2,0","19810630","+,,0","19810630","+,,0","","","19810630","+,,0","19810622",",,0","0.0","2,0,15,","0",",,0,30,+","0",",,0,30,+","0.0",",,0,30,+","37.8",",0,22,","","","10.0",",0","0.0",",,,0","0",",,,0","21.39","2,0","32.56",",,,0","10.21","2,,,0"
"USC00268822","1981-07","39.0747","-119.1189","1310.6","WABUSKA 6 SE, NV US","","","","","0",",0","0",",0","0",",0","0",",0","0",",0","","","","","","","","","","","","","","","19810731","+,,0","19810731","+,,0","","","19810731","+,,0","","","","","0",",,0,31,+","0",",,0,31,+","0.0",",,0,31,+","","","","","","","0.0",",,,0","0",",,,0","","","","","",""
"USC00268822","1981-08","39.0747","-119.1189","1310.6","WABUSKA 6 SE, NV US","","","116.1","1,0","1",",0","0",",0","0",",0","0",",0","0",",0","0",",0","0",",0","0","1,0","30","1,0","30","1,0","","","19810803","+,,0","19810831","+,,0","19810831","+,,0","","","19810818",",,0","19810809",",1,0","2.8",",0,03,+","0",",,0,31,+","0",",,0,31,+","1.3",",,0,18,","40.0","1,0,09,","","","1.1","1,0","1.3",",,,0","0",",,,0","22.15","1,0","36.36","1,,,0","7.95",",,,0"
"USC00268822","1981-09","39.0747","-119.1189","1310.6","WABUSKA 6 SE, NV US","","","38.3",",0","1",",0","1",",0","0",",0","0",",0","0",",0","0",",0","2",",0","0",",0","30",",0","17",",0","","","19810923",",,0","19810930","+,,0","19810930","+,,0","","","19810913",",,0","19810917","+,,0","-0.6",",0,23,","0",",,0,30,+","0",",,0,30,+","2.5",",,0,13,","35.6",",0,17,+","","","39.5",",0","2.5",",,,0","0",",,,0","18.29",",0","31.25",",,,0","5.33",",,,0"
"USC00268822","1981-10","39.0747","-119.1189","1310.6","WABUSKA 6 SE, NV US","","","0.0","3,0","","","","","","","0",",0","0",",0","0","2,0","25","2,0","0","3,0","18","3,0","0","3,0","","","19811023","+,2,0","19811031","+,,0","19811031","+,,0","","","","","19811019",",3,0","-5.6","2,0,23,+","0",",,0,31,+","0",",,0,31,+","","","25.6","3,0,19,","","","262.1","3,0","","","0",",,,0","9.00","3,0","20.56","3,,,0","-2.57","2,,,0"
"USC00268822","1981-11","39.0747","-119.1189","1310.6","WABUSKA 6 SE, NV US","","","0.0","4,0","1",",0","1",",0","0",",0","0",",0","0",",0","0","4,0","24","4,0","0",",0","6",",0","0",",0","","","19811127",",4,0","19811130","+,,0","19811130","+,,0","","","19811113",",,0","19811109","+,,0","-11.7","4,0,27,","0",",,0,30,+","0",",,0,30,+","18.0",",,0,13,","22.2",",0,09,+","","","338.2",",0","18.0",",,,0","0",",,,0","5.44","4,0","15.89",",,,0","-5.02","4,,,0"
"USC00268822","1981-12","39.0747","-119.1189","1310.6","WABUSKA 6 SE, NV US","","","","","0",",0","0",",0","0",",0","0",",0","0",",0","","","","","","","","","","","","","","","19811231","+,,0","19811231","+,,0","","","19811231","+,,0","","","","","0",",,0,31,+","0",",,0,31,+","0.0",",,0,31,+","","","","","","","0.0",",,,0","0",",,,0","","","","","",""
"USC00268822","1982-01","39.0747","-119.1189","1310.6","WABUSKA 6 SE, NV US","0.0","0","0.0",",0","4","1,0","2","1,0","0","1,0","","","1",",0","7",",0","31",",0","5",",0","0",",0","0",",0","1","","19820107",",,0","","","19820105",",,0","","","19820105",",1,0","19820118",",,0","-24.4",",0,07,","","","102",",,0,05,","8.4","1,,0,05,","14.4",",0,18,","","","688.8",",0","16.3","1,,,0","102",",,,0","-3.89",",0","4.64",",,,0","-12.41",",,,0"
"USC00268822","1982-02","39.0747","-119.1189","1310.6","WABUSKA 6 SE, NV US","0.0","0","0.0","1,0","2",",0","1",",0","0",",0","","","1",",0","1","1,0","23","1,0","2",",0","2",",0","0",",0","","","19820207",",1,0","","","19820208",",,0","","","19820208",",,0","19820222",",,0","-18.3","1,0,07,","","","51",",,0,08,","3.3",",,0,08,","24.4",",0,22,","","","431.2",",0","4.1",",,,0","51",",,,0","2.28","1,0","11.92",",,,0","-7.35","1,,,0"
"USC00268822","1982-03","39.0747","-119.1189","1310.6","WABUSKA 6 SE, NV US","0.0","0","0.0",",0","6",",0","2",",0","0",",0","1",",0","1",",0","0",",0","27",",0","0",",0","0",",0","0",",0","","","19820306",",,0","19820317",",,0","19820317",",,0","","","19820317",",,0","19820328","+,,0","-12.8",",0,06,","25",",,0,17,","25",",,0,17,","4.3",",,0,17,","18.9",",0,28,+","","","441.0",",0","9.7",",,,0","25",",,,0","4.11",",0","13.01",",,,0","-4.80",",,,0"
"USC00268822","1982-04","39.0747","-119.1189","1310.6","WABUSKA 6 SE, NV US","0.0","0","0.0",",0","2",",0","2",",0","0",",0","0","1,0","0","1,0","0",",0","21",",0","0",",0","7",",0","0",",0","","","19820407",",,0","19820430","+,1,0","19820430","+,1,0","1","","19820401",",,0","19820424",",,0","-11.7",",0,07,","0","1,,0,30,+","0","1,,0,30,+","4.1",",,0,01,","24.4",",0,24,","","","322.2",",0","7.9",",,,0","0","1,,,0","7.59",",0","16.89",",,,0","-1.71",",,,0"
"USC00268822","1982-05","39.0747","-119.1189","1310.6","WABUSKA 6 SE, NV US","10.3","0","10.3","1,0","","","","","","","0",",0","0",",0","0","1,0","4","1,0","0","1,0","23","1,0","1","1,0","","","19820528",",1,0","19820531","+,,0","19820531","+,,0","","","","","19820527",",1,0","-2.8","1,0,28,","0",",,0,31,+","0",",,0,31,+","","","32.2","1,0,27,","","","145.7","1,0","","","0",",,,0","13.82","1,0","23.50","1,,,0","4.14","1,,,0"
"USC00268822","1982-06","39.0747","-119.1189","1310.6","WABUSKA 6 SE, NV US","40.2","0","29.9","2,0","8",",0","2",",0","0",",0","0",",0","0",",0","0","2,0","0","2,0","0","2,0","25","2,0","3","2,0","","","19820606","+,2,0","19820630","+,,0","19820630","+,,0","","","19820629",",,0","19820619",",2,0","0.6","2,0,06,+","0",",,0,30,+","0",",,0,30,+","20.6",",,0,29,","33.3","2,0,19,","","","67.6","2,0","28.8",",,,0","0",",,,0","16.99","2,0","26.68","2,,,0","7.30","2,,,0"
"USC00268822","1982-07","39.0747","-119.1189","1310.6","WABUSKA 6 SE, NV US","154.2","0","114.0","1,0","6","1,0","0","1,0","0","1,0","0",",0","0",",0","0","1,0","0","1,0","0","1,0","29","1,0","20","1,0","","","19820706",",1,0","19820731","+,,0","19820731","+,,0","","","19820725","+,1,0","19820723",",1,0","7.2","1,0,06,","0",",,0,31,+","0",",,0,31,+","2.0","1,,0,25,+","36.7","1,0,23,","10.6","0","10.6","1,0","6.2","1,,,0","0",",,,0","21.78","1,0","31.91","1,,,0","11.64","1,,,0"
"USC00268822","1982-08","39.0747","-119.1189","1310.6","WABUSKA 6 SE, NV US","255.8","0","101.6",",0","3",",0","1",",0","0",",0","0",",0","0",",0","0",",0","0",",0","0",",0","31",",0","22",",0","","","19820802",",,0","19820831","+,,0","19820831","+,,0","","","19820819",",,0","19820801",",,0","5.0",",0,02,","0",",,0,31,+","0",",,0,31,+","6.6",",,0,19,","38.3",",0,01,","11.2","0","0.6",",0","7.7",",,,0","0",",,,0","21.59",",0","32.78",",,,0","10.40",",,,0"
"USC00268822","1982-09","39.0747","-119.1189","1310.6","WABUSKA 6 SE, NV US","272.2","0","16.4","2,0","8",",0","3",",0","0",",0","0","1,0","0","1,0","0","2,0","2","2,0","0",",0","22",",0","7",",0","","","19820930",",2,0","19820930","+,1,0","19820930","+,1,0","","","19820929",",,0","19820903",",,0","-0.6","2,0,30,","0","1,,0,30,+","0","1,,0,30,+","13.0",",,0,29,","35.0",",0,03,","119.6","0","108.4",",0","36.3",",,,0","0","1,,,0","15.19","2,0","25.31",",,,0","5.08","2,,,0"
"USC00268822","1982-10","39.0747","-119.1189","1310.6","WABUSKA 6 SE, NV US","272.2","0","0.0","3,0","4",",0","3",",0","0",",0","0",",0","0",",0","0","3,0","19","3,0","0",",0","9",",0","0",",0","","","19821028","+,3,0","19821031","+,,0","19821031","+,,0","","","19821025",",,0","19821016","+,,0","-4.4","3,0,28,+","0",",,0,31,+","0",",,0,31,+","15.2",",,0,25,","23.9",",0,16,+","390.9","0","271.3",",0","27.7",",,,0","0",",,,0","8.64","3,0","18.02",",,,0","-0.74","3,,,0"
"USC00268822","1982-11","39.0747","-119.1189","1310.6","WABUSKA 6 SE, NV US","272.2","0","0.0","3,0","6",",0","5",",0","0",",0","","","2",",0","0","3,0","25","3,0","0",",0","0",",0","0",",0","","","19821121","+,3,0","","","19821123",",,0","","","19821123",",,0","19821106",",,0","-8.3","3,0,21,+","","","76",",,0,23,","13.0",",,0,23,","20.0",",0,06,","818.6","0","427.7",",0","31.0",",,,0","114",",,,0","2.56","3,0","9.41",",,,0","-4.30","3,,,0"
"USC00268822","1982-12","39.0747","-119.1189","1310.6","WABUSKA 6 SE, NV US","272.2","0","0.0","3,0","1","1,0","1","1,0","0","1,0","","","0","1,0","0","3,0","27","3,0","0","1,0","0","1,0","0","1,0","","","19821230",",3,0","","","19821231","+,1,0","","","19821223",",1,0","19821218",",1,0","-12.2","3,0,30,","","","0","1,,0,31,+","5.8","1,,0,23,","18.3","1,0,18,","1309.2","0","490.6","1,0","5.8","1,,,0","0","1,,,0","0.74","3,0","7.68","1,,,0","-6.21","3,,,0"
"USC00268822","1983-01","39.0747","-119.1189","1310.6","WABUSKA 6 SE, NV US","0.0","0","0.0","4,0","6",",0","4",",0","0",",0","","","","","0","4,0","27","4,0","0","1,0","0","1,0","0","1,0","2","","19830101",",4,0","","","","","","","19830124",",,0","19830109",",1,0","-13.3","4,0,01,","","","","","8.6",",,0,24,","18.3","1,0,09,","1770.4","0","461.2","1,0","23.8",",,,0","","","1.08","4,0","9.13","1,,,0","-6.96","4,,,0"
"USC00268822","1983-02","39.0747","-119.1189","1310.6","WABUSKA 6 SE, NV US","0.0","0","0.0","3,0","4",",0","2",",0","0",",0","","","0",",0","0","3,0","21","3,0","0",",0","1",",0","0",",0","","","19830203","+,3,0","","","19830228","+,,0","","","19830218",",,0","19830218",",,0","-8.3","3,0,03,+","","","0",",,0,28,+","4.6",",,0,18,","21.1",",0,18,","2127.5","0","357.1",",0","9.4",",,,0","0",",,,0","4.17","3,0","12.05",",,,0","-3.71","3,,,0"
"USC00268822","1983-03","39.0747","-119.1189","1310.6","WABUSKA 6 SE, NV US","0.0","0","0.0","5,0","10","2,0","3","2,0","0","2,0","0",",0","0",",0","0","5,0","20","5,0","0","3,0","1","3,0","0","3,0","4","","19830323","+,5,0","19830331","+,,0","19830328",",,0","","","19830318",",2,0","19830310",",3,0","-7.2","5,0,23,+","0",",,0,31,+","0",",T,0,28,","5.3","2,,0,18,","21.1","3,0,10,","2457.1","0","329.6","3,0","17.8","2,,,0","0",",T,,0","5.60","5,0","13.36","3,,,0","-2.16","5,,,0"
"USC00268822","1983-04","39.0747","-119.1189","1310.6","WABUSKA 6 SE, NV US","0.0","0","0.0","3,0","7","2,0","4","2,0","0","2,0","0",",0","0",",0","0","3,0","21","3,0","0","2,0","0","2,0","0","2,0","","","19830406","+,3,0","19830412","+,,0","19830425","+,,0","","","19830421",",2,0","19830418",",2,0","-8.3","3,0,06,+","0",",T,0,12,+","0",",T,0,25,+","6.1","2,,0,21,","20.0","2,0,18,","2787.5","0","330.4","2,0","17.7","2,,,0","0",",T,,0","6.16","3,0","14.23","2,,,0","-1.91","3,,,0"
"USC00268822","1983-05","39.0747","-119.1189","1310.6","WABUSKA 6 SE, NV US","20.6","0","20.6","1,0","1",",0","0",",0","0",",0","0",",0","0",",0","0","1,0","9","1,0","0",",0","16",",0","6",",0","","","19830513","+,1,0","19830531","+,,0","19830531","+,,0","","","19830501",",,0","19830528",",,0","-2.2","1,0,13,+","0",",,0,31,+","0",",,0,31,+","0.5",",,0,01,","35.6",",0,28,","2970.9","0","183.4",",0","0.5",",,,0","0",",,,0","12.90","1,0","22.65",",,,0","3.15","1,,,0"
"USC00268822","1983-06","39.0747","-119.1189","1310.6","WABUSKA 6 SE, NV US","40.4","0","19.8",",0","2",",0","0",",0","0",",0","0",",0","0",",0","0",",0","0",",0","0",",0","30",",0","2",",0","","","19830619","+,,0","19830630","+,,0","19830630","+,,0","","","19830604",",,0","19830623",",,0","4.4",",0,19,+","0",",,0,30,+","0",",,0,30,+","2.0",",,0,04,","32.8",",0,23,","3006.5","0","35.6",",0","2.8",",,,0","0",",,,0","17.81",",0","27.72",",,,0","7.89",",,,0"
"USC00268822","1983-07","39.0747","-119.1189","1310.6","WABUSKA 6 SE, NV US","102.7","0","62.3","2,0","0",",0","0",",0","0",",0","0",",0","0",",0","0","2,0","0","2,0","0","2,0","28","2,0","14","2,0","","","19830710",",2,0","19830731","+,,0","19830731","+,,0","","","19830731",",,0","19830714",",2,0","3.3","2,0,10,","0",",,0,31,+","0",",,0,31,+","0.0",",T,0,31,","37.8","2,0,14,","16.7","0","16.7","2,0","0.0",",T,,0","0",",,,0","19.91","2,0","31.52","2,,,0","8.29","2,,,0"
"USC00268822","1983-08","39.0747","-119.1189","1310.6","WABUSKA 6 SE, NV US","187.0","0","84.3","1,0","8",",0","5",",0","0",",0","0",",0","0",",0","0","1,0","0","1,0","0",",0","31",",0","12",",0","","","19830829",",1,0","19830831","+,,0","19830831","+,,0","","","19830811",",,0","19830807",",,0","3.9","1,0,29,","0",",,0,31,+","0",",,0,31,+","9.9",",,0,11,","40.0",",0,07,","23.6","0","6.9",",0","32.4",",,,0","0",",,,0","21.07","1,0","30.79",",,,0","11.34","1,,,0"
"USC00268822","1983-09","39.0747","-119.1189","1310.6","WABUSKA 6 SE, NV US","213.5","0","26.5","1,0","6",",0","3",",0","0",",0","0",",0","0",",0","0","1,0","1","1,0","0",",0","27",",0","9",",0","3","","19830921",",1,0","19830930","+,,0","19830930","+,,0","","","19830930",",,0","19830907",",,0","-0.6","1,0,21,","0",",,0,30,+","0",",,0,30,+","18.0",",,0,30,","35.0",",0,07,","76.9","0","53.3",",0","34.1",",,,0","0",",,,0","17.50","1,0","28.08",",,,0","6.92","1,,,0"
"USC00268822","1983-10","39.0747","-119.1189","1310.6","WABUSKA 6 SE, NV US","213.5","0","0.0","1,0","4",",0","0",",0","0",",0","0",",0","0",",0","0","1,0","12","1,0","0",",0","17",",0","0",",0","","","19831026",",1,0","19831031","+,,0","19831031","+,,0","","","19831002",",,0","19831008","+,,0","-3.3","1,0,26,","0",",,0,31,+","0",",,0,31,+","1.8",",,0,02,","26.1",",0,08,+","284.7","0","207.8",",0","3.6",",,,0","0",",,,0","11.48","1,0","21.25",",,,0","1.71","1,,,0"
"USC00268822","1983-11","39.0747","-119.1189","1310.6","WABUSKA 6 SE, NV US","213.5","0","0.0","5,0","9",",0","4",",0","0",",0","","","2",",0","0","5,0","20","5,0","0",",0","3",",0","0",",0","2","","19831129",",5,0","","","19831123",",,0","","","19831121",",,0","19831111","+,,0","-8.9","5,0,29,","","","38",",,0,23,","5.6",",,0,21,","21.7",",0,11,+","637.0","0","352.3",",0","23.8",",,,0","63",",,,0","4.28","5,0","12.03",",,,0","-3.46","5,,,0"
"USC00268822","1983-12","39.0747","-119.1189","1310.6","WABUSKA 6 SE, NV US","213.5","0","0.0","1,0","8",",0","2",",0","0",",0","","","","","0","1,0","30","1,0","3",",0","0",",0","0",",0","","","19831229","+,1,0","","","","","","","19831225",",,0","19831215",",,0","-11.1","1,0,29,+","","","","","6.4",",,0,25,","16.7",",0,15,","1126.3","0","489.3",",0","19.1",",,,0","","","1.98","1,0","8.32",",,,0","-4.36","1,,,0"
"USC00268822","1984-01","39.0747","-119.1189","1310.6","WABUSKA 6 SE, NV US","0.0","0","0.0","1,0","4",",0","1",",0","0",",0","","","2",",0","0","1,0","30","1,0","8",",0","0",",0","0",",0","11","","19840117",",1,0","","","19840116",",,0","","","19840116",",,0","19840125",",,0","-15.6","1,0,17,","","","64",",,0,16,","3.0",",,0,16,","14.4",",0,25,","1706.7","0","580.4",",0","6.1",",,,0","102",",,,0","-1.07","1,0","4.03",",,,0","-6.17","1,,,0"
"USC00268822","1984-02","39.0747","-119.1189","1310.6","WABUSKA 6 SE, NV US","0.0","0","0.0","2,0","4",",0","1",",0","0",",0","","","","","0","2,0","27","2,0","0",",0","0",",0","0",",0","1","","19840222",",2,0","","","","","","","19840216",",,0","19840229","+,,0","-11.1","2,0,22,","","","","","3.3",",,0,16,","15.6",",0,29,+","2160.1","0","453.4",",0","5.7",",,,0","","","1.46","2,0","10.30",",,,0","-7.38","2,,,0"
"USC00268822","1984-03","39.0747","-119.1189","1310.6","WABUSKA 6 SE, NV US","0.0","0","0.0","2,0","2",",0","1",",0","0",",0","","","","","0","2,0","25","2,0","0",",0","1",",0","0",",0","","","19840305",",2,0","","","","","","","19840314",",,0","19840321",",,0","-11.1","2,0,05,","","","","","4.3",",,0,14,","22.2",",0,21,","2524.5","0","364.4",",0","5.3",",,,0","","","5.77","2,0","15.28",",,,0","-3.75","2,,,0"
"USC00268822","1984-04","39.0747","-119.1189","1310.6","WABUSKA 6 SE, NV US","0.0","0","0.0","1,0","6",",0","2",",0","0",",0","0",",0","0","2,0","0","1,0","18","1,0","0",",0","8",",0","0",",0","","","19840428","+,1,0","19840430","+,,0","19840419",",2,0","","","19840406",",,0","19840416",",,0","-6.1","1,0,28,+","0",",,0,30,+","0","2,T,0,19,","11.2",",,0,06,","28.3",",0,16,","2833.2","0","308.7",",0","17.4",",,,0","0","2,T,,0","7.72","1,0","16.43",",,,0","-0.99","1,,,0"
"USC00268822","1984-05","39.0747","-119.1189","1310.6","WABUSKA 6 SE, NV US","10.6","0","10.6","3,0","1",",0","0",",0","0",",0","0",",0","0",",0","0","3,0","4","3,0","0","3,0","20","3,0","1","3,0","","","19840507",",3,0","19840531","+,,0","19840531","+,,0","","","19840518",",,0","19840529",",3,0","-3.3","3,0,07,","0",",,0,31,+","0",",,0,31,+","0.5",",,0,18,","34.4","3,0,29,","2937.1","0","103.9","3,0","0.5",",,,0","0",",,,0","15.00","3,0","25.04","3,,,0","4.96","3,,,0"
"USC00268822","1984-06","39.0747","-119.1189","1310.6","WABUSKA 6 SE, NV US","40.6","0","30.0","2,0","2",",0","2",",0","0",",0","0",",0","0",",0","0","2,0","0","2,0","0","2,0","26","2,0","6","2,0","","","19840610",",2,0","19840630","+,,0","19840630","+,,0","1","","19840615",",,0","19840629",",2,0","2.2","2,0,10,","0",",,0,30,+","0",",,0,30,+","8.6",",,0,15,","37.8","2,0,29,","2994.0","0","56.9","2,0","11.6",",,,0","0",",,,0","17.37","2,0","26.99","2,,,0","7.75","2,,,0"
"USC00268822","1984-07","39.0747","-119.1189","1310.6","WABUSKA 6 SE, NV US","191.9","0","151.3",",0","2",",0","2",",0","0",",0","0",",0","0",",0","0",",0","0",",0","0",",0","31",",0","24",",0","1","","19840709",",,0","19840731","+,,0","19840731","+,,0","1","","19840719",",,0","19840705",",,0","7.2",",0,09,","0",",,0,31,+","0",",,0,31,+","11.4",",,0,19,","38.3",",0,05,","0.0","0","0.0",",0","15.0",",,,0","0",",,,0","23.21",",0","33.90",",,,0","12.53",",,,0"
"USC00268822","1984-08","39.0747","-119.1189","1310.6","WABUSKA 6 SE, NV US","293.6","0","101.7","1,0","5",",0","0",",0","0",",0","0",",0","0",",0","0","1,0","0","1,0","0",",0","31",",0","26",",0","","","19840826",",1,0","19840831","+,,0","19840831","+,,0","","","19840826",",,0","19840810",",,0","6.7","1,0,26,","0",",,0,31,+","0",",,0,31,+","1.3",",,0,26,","37.2",",0,10,","2.2","0","2.2",",0","3.4",",,,0","0",",,,0","21.67","1,0","32.83",",,,0","10.51","1,,,0"
"USC00268822","1984-09","39.0747","-119.1189","1310.6","WABUSKA 6 SE, NV US","328.5","0","34.9","2,0","2",",0","0",",0","0",",0","0",",0","0",",0","0","2,0","1","2,0","0",",0","26",",0","9",",0","1","","19840925",",2,0","19840930","+,,0","19840930","+,,0","","","19840920",",,0","19840910",",,0","-4.4","2,0,25,","0",",,0,30,+","0",",,0,30,+","1.5",",,0,20,","35.0",",0,10,","60.1","0","57.9",",0","2.0",",,,0","0",",,,0","17.37","2,0","28.58",",,,0","6.15","2,,,0"
"USC00268822","1984-10","39.0747","-119.1189","1310.6","WABUSKA 6 SE, NV US","328.5","0","0.0","4,0","4",",0","2",",0","0",",0","0","1,0","0","1,0","0","4,0","15","4,0","0",",0","10",",0","0",",0","1","","19841016",",4,0","19841031","+,1,0","19841031","+,1,0","","","19841017",",,0","19841009",",,0","-7.2","4,0,16,","0","1,,0,31,+","0","1,,0,31,+","12.4",",,0,17,","27.8",",0,09,","334.2","0","274.1",",0","19.0",",,,0","0","1,,,0","7.99","4,0","17.04",",,,0","-1.06","4,,,0"
"USC00268822","1984-11","39.0747","-119.1189","1310.6","WABUSKA 6 SE, NV US","","","","","7","1,0","1","1,0","0","1,0","0",",0","0",",0","","","","","0","1,0","0","1,0","0","1,0","","","","","19841130","+,,0","19841130","+,,0","","","19841121",",1,0","19841107",",1,0","","","0",",,0,30,+","0",",,0,30,+","3.0","1,,0,21,","18.9","1,0,07,","","","","","8.7","1,,,0","0",",,,0","","","11.86","1,,,0","",""
"USC00268822","1984-12","39.0747","-119.1189","1310.6","WABUSKA 6 SE, NV US","","","","","2","4,0","0","4,0","0","4,0","0",",0","0",",0","","","","","","","","","","","1","","","","19841231","+,,0","19841204",",,0","","","19841211",",4,0","","","","","0",",,0,31,+","0",",T,0,04,","0.5","4,,0,11,","","","","","","","0.8","4,,,0","0",",T,,0","","","","","",""
"USC00268822","1985-01","39.0747","-119.1189","1310.6","WABUSKA 6 SE, NV US","0.0","0","0.0","5,0","4","1,0","1","1,0","0","1,0","","","","","0","5,0","26","5,0","1","4,0","0","4,0","0","4,0","6","","19850102",",5,0","","","","","","","19850108",",1,0","19850120",",4,0","-15.6","5,0,02,","","","","","3.0","1,,0,08,","12.2","4,0,20,","","","554.2","4,0","5.8","1,,,0","","","-3.03","5,0","5.23","4,,,0","-11.28","5,,,0"
"USC00268822","1985-02","39.0747","-119.1189","1310.6","WABUSKA 6 SE, NV US","0.0","0","0.0","1,0","2",",0","0",",0","0",",0","","","","","0","1,0","27","1,0","4","1,0","0","1,0","0","1,0","1","","19850205",",1,0","","","","","","","19850205","+,,0","19850216",",1,0","-16.1","1,0,05,","","","","","0.3",",,0,05,+","18.3","1,0,16,","","","491.0","1,0","0.6",",,,0","","","0.15","1,0","9.55","1,,,0","-9.26","1,,,0"
"USC00268822","1985-03","39.0747","-119.1189","1310.6","WABUSKA 6 SE, NV US","","","","","8","3,0","2","3,0","0","3,0","","","","","","","","","","","","","","","1","","","","","","","","","","19850311","+,3,0","","","","","","","","","4.6","3,,0,11,+","","","","","","","12.6","3,,,0","","","","","","","",""
"USC00268822","1985-04","39.0747","-119.1189","1310.6","WABUSKA 6 SE, NV US","","","0.0",",0","1",",0","0",",0","0",",0","0",",0","0",",0","0",",0","13",",0","0",",0","20",",0","0",",0","","","19850426",",,0","19850430","+,,0","19850425",",,0","","","19850418",",,0","19850415",",,0","-5.0",",0,26,","0",",,0,30,+","0",",T,0,25,","1.3",",,0,18,","29.4",",0,15,","","","207.0",",0","1.3",",,,0","0",",T,,0","11.43",",0","22.21",",,,0","0.65",",,,0"
"USC00268822","1985-05","39.0747","-119.1189","1310.6","WABUSKA 6 SE, NV US","","","2.8","1,0","3",",0","1",",0","0",",0","0",",0","0",",0","0","1,0","6","1,0","0",",0","24",",0","0",",0","","","19850511",",1,0","19850531","+,,0","19850531","+,,0","","","19850525",",,0","19850524",",,0","-2.2","1,0,11,","0",",,0,31,+","0",",,0,31,+","3.0",",,0,25,","31.1",",0,24,","","","133.9",",0","4.1",",,,0","0",",,,0","13.89","1,0","24.57",",,,0","3.20","1,,,0"
"USC00268822","1985-06","39.0747","-119.1189","1310.6","WABUSKA 6 SE, NV US","","","81.3","2,0","1","2,0","1","2,0","0","2,0","0",",0","0",",0","0","1,0","1","1,0","0","2,0","28","2,0","18","2,0","","","19850601",",1,0","19850630","+,,0","19850630","+,,0","","","19850620",",2,0","19850619",",2,0","0.0","1,0,01,","0",",,0,30,+","0",",,0,30,+","2.8","2,,0,20,","37.8","2,0,19,","","","18.9","2,0","5.8",",a,,0","0",",,,0","20.40","2,0","31.79","2,,,0","9.01","1,,,0"
"USC00268822","1985-07","39.0747","-119.1189","1310.6","WABUSKA 6 SE, NV US","","","135.2",",0","4",",0","1",",0","0",",0","0",",0","0",",0","0",",0","0",",0","0",",0","31",",0","25",",0","2","","19850701",",,0","19850731","+,,0","19850731","+,,0","1","","19850722",",,0","19850715","+,,0","6.7",",0,01,","0",",,0,31,+","0",",,0,31,+","4.8",",,0,22,","37.8",",0,15,+","0.0","0","0.0",",0","7.3",",,,0","0",",,,0","22.69",",0","33.60",",,,0","11.79",",,,0"
"USC00268822","1985-08","39.0747","-119.1189","1310.6","WABUSKA 6 SE, NV US","","","58.0","1,0","0",",0","0",",0","0",",0","0",",0","0",",0","0",",0","0",",0","0","1,0","30","1,0","15","1,0","","","19850812",",,0","19850831","+,,0","19850831","+,,0","","","19850831","+,,0","19850825",",1,0","2.2",",0,12,","0",",,0,31,+","0",",,0,31,+","0.0",",,0,31,+","36.1","1,0,25,","14.1","0","14.1","1,0","0.0",",,,0","0",",,,0","19.85","1,0","31.96","1,,,0","7.74",",,,0"
"USC00268822","1985-09","39.0747","-119.1189","1310.6","WABUSKA 6 SE, NV US","","","1.7","2,0","4",",0","3",",0","1",",0","0",",0","0",",0","0","2,0","6","2,0","0",",0","24",",0","1",",0","1","","19850929",",2,0","19850930","+,,0","19850930","+,,0","1","","19850911",",,0","19850901",",,0","-2.8","2,0,29,","0",",,0,30,+","0",",,0,30,+","27.9",",,0,11,","33.3",",0,01,","152.4","0","138.3",",0","35.5",",,,0","0",",,,0","13.60","2,0","23.39",",,,0","3.81","2,,,0"
"USC00268822","1985-10","39.0747","-119.1189","1310.6","WABUSKA 6 SE, NV US","","","0.0","2,0","2",",0","2",",0","0",",0","0",",0","0",",0","0","2,0","22","2,0","0",",0","16",",0","0",",0","1","","19851014",",2,0","19851031","+,,0","19851009",",,0","","","19851007",",,0","19851006",",,0","-6.7","2,0,14,","0",",,0,31,+","0",",T,0,09,","13.5",",,0,07,","28.9",",0,06,","434.6","0","282.2",",0","17.3",",,,0","0",",T,,0","8.81","2,0","19.37",",,,0","-1.74","2,,,0"
"USC00268822","1985-11","39.0747","-119.1189","1310.6","WABUSKA 6 SE, NV US","","","","","4",",0","2",",0","0",",0","","","","","","","","","2","4,0","0","4,0","0","4,0","","","","","","","","","","","19851111",",,0","19851104",",4,0","","","","","","","8.1",",,0,11,","20.6","4,0,04,","","","","","12.2",",,,0","","","","","9.21","4,,,0","",""
"USC00268822","1985-12","39.0747","-119.1189","1310.6","WABUSKA 6 SE, NV US","","","0.0","3,0","2",",0","2",",0","0",",0","0",",0","0",",0","0","3,0","28","3,0","8","1,0","0","1,0","0","1,0","9","","19851212",",3,0","19851231","+,,0","19851210",",,0","","","19851203",",,0","19851208",",1,0","-16.1","3,0,12,","0",",,0,31,+","0",",T,0,10,","4.8",",,0,03,","13.3","1,0,08,","","","585.1","1,0","8.1",",,,0","0",",T,,0","-2.47","3,0","4.65","1,,,0","-9.59","3,,,0"
"USC00268822","1986-01","39.0747","-119.1189","1310.6","WABUSKA 6 SE, NV US","0.0","0","0.0","2,0","3",",0","1",",0","0",",0","0","3,0","0","2,0","0","2,0","28","2,0","0","1,0","0","1,0","0","1,0","2","","19860126","+,2,0","19860131","+,3,0","19860131","+,2,0","","","19860105",",,0","19860120",",1,0","-10.6","2,0,26,+","0","3,,0,31,+","0","2,,0,31,+","4.8",",,0,05,","18.9","1,0,20,","","","456.5","1,0","6.4",",,,0","0","2,,,0","2.45","2,0","11.34","1,,,0","-6.43","2,,,0"
"USC00268822","1986-02","39.0747","-119.1189","1310.6","WABUSKA 6 SE, NV US","0.0","0","0.0","2,0","6",",0","2",",0","0",",0","","","0",",0","0","2,0","22","2,0","0",",0","3",",0","0",",0","","","19860209",",2,0","","","19860206",",,0","","","19860215",",,0","19860226",",,0","-15.0","2,0,09,","","","8",",,0,06,","13.7",",,0,15,","22.8",",0,26,","","","373.6",",0","30.3",",,,0","8",",,,0","3.98","2,0","12.39",",,,0","-4.43","2,,,0"
"USC00268822","1986-03","39.0747","-119.1189","1310.6","WABUSKA 6 SE, NV US","0.0","0","0.0",",0","4",",0","2",",0","0",",0","","","","","0",",0","20",",0","0",",0","13",",0","0",",0","","","19860318",",,0","","","","","","","19860308",",,0","19860330","+,,0","-7.8",",0,18,","","","","","15.0",",,0,08,","25.0",",0,30,+","","","314.3",",0","18.8",",,,0","","","8.20",",0","17.41",",,,0","-1.02",",,,0"
"USC00268822","1986-04","39.0747","-119.1189","1310.6","WABUSKA 6 SE, NV US","0.0","0","0.0","1,0","2",",0","1",",0","0",",0","1",",0","0","1,0","0","1,0","16","1,0","0","1,0","8","1,0","0","1,0","","","19860403",",1,0","19860402",",,0","19860430","+,1,0","","","19860402",",,0","19860422",",1,0","-5.0","1,0,03,","25",",,0,02,","0","1,,0,30,+","6.4",",,0,02,","28.3","1,0,22,","","","259.4","1,0","7.7",",,,0","0","1,,,0","9.39","1,0","18.18","1,,,0","0.60","1,,,0"
"USC00268822","1986-05","39.0747","-119.1189","1310.6","WABUSKA 6 SE, NV US","","","","","1",",0","0",",0","0",",0","0",",0","0",",0","","","","","","","","","","","","","","","19860531","+,,0","19860506",",,0","","","19860515",",,0","","","","","0",",,0,31,+","0",",T,0,06,","0.3",",,0,15,","","","","","","","0.3",",,,0","0",",T,,0","","","","","",""
"USC00268822","1986-06","39.0747","-119.1189","1310.6","WABUSKA 6 SE, NV US","","","","","1",",0","0",",0","0",",0","0",",0","0",",0","","","","","","","","","","","","","","","19860630","+,,0","19860630","+,,0","","","19860603",",,0","","","","","0",",,0,30,+","0",",,0,30,+","1.0",",,0,03,","","","","","","","1.0",",,,0","0",",,,0","","","","","",""
"USC00268822","1986-07","39.0747","-119.1189","1310.6","WABUSKA 6 SE, NV US","","","","","2",",0","1",",0","0",",0","0",",0","0",",0","","","","","","","","","","","","","","","19860731","+,,0","19860731","+,,0","","","19860723",",,0","","","","","0",",,0,31,+","0",",,0,31,+","2.5",",,0,23,","","","","","","","3.8",",,,0","0",",,,0","","","","","",""
"USC00268822","1986-08","39.0747","-119.1189","1310.6","WABUSKA 6 SE, NV US","","","","","2",",0","0",",0","0",",0","0",",0","0",",0","","","","","","","","","","","","","","","19860831","+,,0","19860831","+,,0","","","19860820",",,0","","","","","0",",,0,31,+","0",",,0,31,+","2.3",",,0,20,","","","","","","","3.1",",,,0","0",",,,0","","","","","",""
"USC00268822","1986-09","39.0747","-119.1189","1310.6","WABUSKA 6 SE, NV US","","","11.4","5,0","1",",0","0",",0","0",",0","0",",0","0",",0","0","5,0","13","5,0","0","3,0","16","3,0","3","3,0","","","19860920",",5,0","19860930","+,,0","19860930","+,,0","","","19860910",",,0","19860906",",3,0","-5.0","5,0,20,","0",",,0,30,+","0",",,0,30,+","0.3",",,0,10,","34.4","3,0,06,","","","160.2","3,0","0.3",",,,0","0",",,,0","12.40","5,0","23.26","3,,,0","1.54","5,,,0"
"USC00268822","1986-10","39.0747","-119.1189","1310.6","WABUSKA 6 SE, NV US","","","0.0","1,0","0","1,0","0","1,0","0","1,0","0",",0","0",",0","0","1,0","25","1,0","0",",0","14",",0","0",",0","","","19861014",",1,0","19861031","+,,0","19861031","+,,0","","","19861031","+,1,0","19861011",",,0","-9.4","1,0,14,","0",",,0,31,+","0",",,0,31,+","0.0","1,,0,31,+","26.1",",0,11,","","","296.9",",0","0.0","1,,,0","0",",,,0","8.50","1,0","19.49",",,,0","-2.50","1,,,0"
"USC00268822","1986-11","39.0747","-119.1189","1310.6","WABUSKA 6 SE, NV US","","","","","0",",0","0",",0","0",",0","0",",0","0",",0","","","","","0","2,0","2","2,0","0","2,0","","","","","19861130","+,,0","19861130","+,,0","","","19861130","+,,0","19861129","+,2,0","","","0",",,0,30,+","0",",,0,30,+","0.0",",,0,30,+","22.2","2,0,29,+","","","","","0.0",",,,0","0",",,,0","","","14.84","2,,,0","",""
"USC00268822","1986-12","39.0747","-119.1189","1310.6","WABUSKA 6 SE, NV US","","","0.0","4,0","1","1,0","0","1,0","0","1,0","0","1,0","0","1,0","0","4,0","27","4,0","0",",0","0",",0","0",",0","3","","19861210",",4,0","19861231","+,1,0","19861206",",1,0","","","19861221",",1,0","19861206",",,0","-16.7","4,0,10,","0","1,,0,31,+","0","1,T,0,06,","0.3","1,,0,21,","16.7",",0,06,","","","538.3",",0","0.3","1,,,0","0","1,T,,0","-1.56","4,0","8.50",",,,0","-11.63","4,,,0"
"USC00268822","1987-01","39.0747","-119.1189","1310.6","WABUSKA 6 SE, NV US","0.0","0","0.0","4,0","2",",0","2",",0","0",",0","","","1","1,0","9","3,0","28","3,0","9","1,0","0","1,0","0","1,0","4","","19870113","+,3,0","","","19870107",",1,0","","","19870104",",,0","19870128",",1,0","-21.1","3,0,13,+","","","51","1,,0,07,","10.7",",,0,04,","16.7","1,0,28,","","","621.3","1,0","16.3",",,,0","51","1,,,0","-4.21","4,0","3.45","1,,,0","-11.86","3,,,0"
"USC00268822","1987-02","39.0747","-119.1189","1310.6","WABUSKA 6 SE, NV US","0.0","0","0.0",",0","3","2,0","1","2,0","0","2,0","2","1,0","0","5,0","0",",0","28",",0","2",",0","0",",0","0",",0","","","19870226",",,0","19870224",",1,0","19870228","+,5,0","","","19870214",",2,0","19870208","+,,0","-14.4",",0,26,","102","1,,0,24,","0","5,,0,28,+","2.8","2,,0,14,","17.8",",0,08,+","","","476.2",",0","14.2",",a,,0","0","5,,,0","1.33",",0","9.87",",,,0","-7.22",",,,0"
"USC00268822","1987-03","39.0747","-119.1189","1310.6","WABUSKA 6 SE, NV US","0.0","0","0.0","1,0","3","1,0","2","1,0","0","1,0","","","0","1,0","0","1,0","26","1,0","0","1,0","1","1,0","0","1,0","","","19870320",",1,0","","","19870324","+,1,0","","","19870313",",1,0","19870305",",1,0","-10.6","1,0,20,","","","0","1,T,0,24,+","4.6","1,,0,13,","21.7","1,0,05,","","","396.4","1,0","9.4","1,,,0","0","1,T,,0","5.12","1,0","13.41","1,,,0","-3.17","1,,,0"
"USC00268822","1987-04","39.0747","-119.1189","1310.6","WABUSKA 6 SE, NV US","","","","","2",",0","2",",0","0",",0","0",",0","0",",0","","","","","","","","","","","","","","","19870430","+,,0","19870430","+,,0","","","19870404",",,0","","","","","0",",,0,30,+","0",",,0,30,+","14.7",",,0,04,","","","","","","","17.2",",,,0","0",",,,0","","","","","",""
"USC00268822","1987-05","39.0747","-119.1189","1310.6","WABUSKA 6 SE, NV US","","","","","9","2,0","3","2,0","0","2,0","0",",0","0",",0","","","","","","","","","","","1","","","","19870531","+,,0","19870531","+,,0","","","19870526",",2,0","","","","","0",",,0,31,+","0",",,0,31,+","12.4","2,,0,26,","","","","","","","30.2",",a,,0","0",",,,0","","","","","",""
"USC00268822","1987-06","39.0747","-119.1189","1310.6","WABUSKA 6 SE, NV US","","","38.6","3,0","3",",0","0",",0","0",",0","0",",0","0",",0","0","3,0","0","3,0","0","3,0","26","3,0","9","3,0","","","19870602",",3,0","19870630","+,,0","19870630","+,,0","","","19870607",",,0","19870627",",3,0","1.7","3,0,02,","0",",,0,30,+","0",",,0,30,+","1.8",",,0,07,","35.0","3,0,27,","","","28.9","3,0","3.6",",,,0","0",",,,0","18.69","3,0","29.44","3,,,0","7.94","3,,,0"
"USC00268822","1987-07","39.0747","-119.1189","1310.6","WABUSKA 6 SE, NV US","","","46.2","4,0","2",",0","0",",0","0",",0","0",",0","0",",0","0","4,0","0","4,0","0","4,0","26","4,0","10","4,0","","","19870722",",4,0","19870731","+,,0","19870731","+,,0","","","19870701",",,0","19870715",",4,0","1.7","4,0,22,","0",",,0,31,+","0",",,0,31,+","1.0",",,0,01,","36.1","4,0,15,","27.2","0","27.2","4,0","1.8",",,,0","0",",,,0","19.04","4,0","30.19","4,,,0","7.89","4,,,0"
"USC00268822","1987-08","39.0747","-119.1189","1310.6","WABUSKA 6 SE, NV US","","","64.1","4,0","0",",0","0",",0","0",",0","0",",0","0",",0","0","4,0","0","4,0","0","3,0","28","3,0","17","3,0","","","19870826","+,4,0","19870831","+,,0","19870831","+,,0","","","19870831","+,,0","19870806","+,3,0","3.9","4,0,26,+","0",",,0,31,+","0",",,0,31,+","0.0",",,0,31,+","36.1","3,0,06,+","31.1","0","3.9","3,0","0.0",",,,0","0",",,,0","20.52","4,0","32.75","3,,,0","8.30","4,,,0"
"USC00268822","1987-09","39.0747","-119.1189","1310.6","WABUSKA 6 SE, NV US","","","13.4","5,0","0",",0","0",",0","0",",0","0",",0","0",",0","0","5,0","3","5,0","0","2,0","28","2,0","3","2,0","","","19870928",",5,0","19870930","+,,0","19870930","+,,0","","","19870902","+,,0","19870902",",2,0","-1.7","5,0,28,","0",",,0,30,+","0",",,0,30,+","0.0",",T,0,02,+","35.0","2,0,02,","73.6","0","42.5","2,0","0.0",",T,,0","0",",,,0","17.05","5,0","29.42","2,,,0","4.68","5,,,0"
"USC00268822","1987-10","39.0747","-119.1189","1310.6","WABUSKA 6 SE, NV US","","","0.0","3,0","4",",0","1",",0","0",",0","0",",0","0",",0","0","3,0","13","3,0","0","2,0","20","2,0","0","2,0","1","","19871015",",3,0","19871031","+,,0","19871031","+,,0","","","19871029",",,0","19871005",",2,0","-4.4","3,0,15,","0",",,0,31,+","0",",,0,31,+","8.1",",,0,29,","30.6","2,0,05,","254.4","0","180.8","2,0","13.2",",,,0","0",",,,0","11.91","3,0","23.78","2,,,0","0.03","3,,,0"
"USC00268822","1987-11","39.0747","-119.1189","1310.6","WABUSKA 6 SE, NV US","","","","","9",",0","0",",0","0",",0","0","1,0","0",",0","","","","","","","","","","","4","","","","19871130","+,1,0","19871125",",,0","","","19871103",",,0","","","","","0","1,,0,30,+","8",",,0,25,","2.3",",,0,03,","","","","","","","6.3",",,,0","8",",,,0","","","","","",""
"USC00268822","1987-12","39.0747","-119.1189","1310.6","WABUSKA 6 SE, NV US","","","0.0","4,0","4","2,0","1","2,0","0","2,0","","","","","5","4,0","26","4,0","8","3,0","0","3,0","0","3,0","1","","19871231","+,4,0","","","","","","","19871221",",2,0","19871211",",3,0","-18.9","4,0,31,+","","","","","4.6","2,,0,21,","19.4","3,0,11,","","","584.7","3,0","7.0","2,,,0","","","-3.23","4,0","5.03","3,,,0","-11.49","4,,,0"
"USC00268822","1988-01","39.0747","-119.1189","1310.6","WABUSKA 6 SE, NV US","0.0","0","0.0","3,0","2","3,0","1","3,0","0","3,0","","","1","4,0","3","3,0","28","3,0","6","1,0","0","1,0","0","1,0","4","","19880118",",3,0","","","19880118",",4,0","","","19880118",",3,0","19880110",",1,0","-22.2","3,0,18,","","","76","4,,0,18,","4.1","3,,0,18,","15.0","1,0,10,","","","580.6","1,0","6.9",",a,,0","76","4,,,0","-2.46","3,0","4.89","1,,,0","-9.81","3,,,0"
"USC00268822","1988-02","39.0747","-119.1189","1310.6","WABUSKA 6 SE, NV US","0.0","0","0.0","2,0","2",",0","0",",0","0",",0","0",",0","0",",0","0","2,0","25","2,0","0",",0","0",",0","0",",0","","","19880204",",2,0","19880229","+,,0","19880229","+,,0","","","19880229",",,0","19880227",",,0","-15.0","2,0,04,","0",",,0,29,+","0",",,0,29,+","0.8",",,0,29,","19.4",",0,27,","","","463.5",",0","1.3",",,,0","0",",,,0","1.17","2,0","11.98",",,,0","-9.64","2,,,0"
"USC00268822","1988-03","39.0747","-119.1189","1310.6","WABUSKA 6 SE, NV US","0.0","0","0.0","2,0","2",",0","0",",0","0",",0","0",",0","0",",0","0","2,0","25","2,0","0",",0","5",",0","0",",0","","","19880313","+,2,0","19880331","+,,0","19880309",",,0","","","19880301",",,0","19880327",",,0","-13.9","2,0,13,+","0",",,0,31,+","0",",T,0,09,","1.5",",,0,01,","26.1",",0,27,","","","403.9",",0","2.0",",,,0","0",",T,,0","4.51","2,0","15.20",",,,0","-6.19","2,,,0"
"USC00268822","1988-04","39.0747","-119.1189","1310.6","WABUSKA 6 SE, NV US","0.0","0","0.0","2,0","5",",0","2",",0","1",",0","0",",0","0",",0","0","1,0","16","1,0","0","1,0","12","1,0","0","1,0","2","","19880401",",1,0","19880430","+,,0","19880430","+,,0","","","19880415",",,0","19880413","+,1,0","-9.4","1,0,01,","0",",,0,30,+","0",",,0,30,+","25.7",",,0,15,","26.7","1,0,13,+","","","250.6","1,0","31.1",",,,0","0",",,,0","9.46","2,0","19.26","1,,,0","-0.34","1,,,0"
"USC00268822","1988-05","39.0747","-119.1189","1310.6","WABUSKA 6 SE, NV US","2.8","0","2.8","4,0","1",",0","0",",0","0",",0","0",",0","0",",0","0","4,0","8","4,0","0","2,0","18","2,0","1","2,0","1","","19880502",",4,0","19880531","+,,0","19880531","+,,0","","","19880517",",,0","19880516",",2,0","-5.0","4,0,02,","0",",,0,31,+","0",",,0,31,+","0.8",",,0,17,","32.8","2,0,16,","","","170.1","2,0","0.8",",,,0","0",",,,0","12.16","4,0","22.24","2,,,0","2.07","4,,,0"
"USC00268822","1988-06","39.0747","-119.1189","1310.6","WABUSKA 6 SE, NV US","60.2","0","57.4","1,0","4","1,0","0","1,0","0","1,0","0",",0","0",",0","0","1,0","4","1,0","0","1,0","26","1,0","12","1,0","","","19880608",",1,0","19880630","+,,0","19880630","+,,0","","","19880626",",1,0","19880625",",1,0","-1.7","1,0,08,","0",",,0,30,+","0",",,0,30,+","2.3","1,,0,26,","37.2","1,0,25,","","","60.3","1,0","5.3","1,,,0","0",",,,0","18.23","1,0","28.71","1,,,0","7.76","1,,,0"
"USC00268822","1988-07","39.0747","-119.1189","1310.6","WABUSKA 6 SE, NV US","185.5","0","125.3",",0","2",",0","1",",0","0",",0","0",",0","0",",0","0",",0","0",",0","0",",0","31",",0","26",",0","","","19880707","+,,0","19880731","+,,0","19880731","+,,0","","","19880727",",,0","19880723","+,,0","6.7",",0,07,+","0",",,0,31,+","0",",,0,31,+","2.8",",,0,27,","37.8",",0,23,+","1.1","0","1.1",",0","3.3",",,,0","0",",,,0","22.34",",0","34.08",",,,0","10.60",",,,0"
"USC00268822","1988-08","39.0747","-119.1189","1310.6","WABUSKA 6 SE, NV US","264.0","0","78.5","3,0","0","2,0","0","2,0","0","2,0","0",",0","0",",0","0","3,0","0","3,0","0","3,0","28","3,0","19","3,0","","","19880816","+,3,0","19880831","+,,0","19880831","+,,0","","","19880831","+,2,0","19880831","+,3,0","5.6","3,0,16,+","0",",,0,31,+","0",",,0,31,+","0.0","2,,0,31,+","35.6","3,0,31,+","5.5","0","4.4","3,0","6.4",",a,,0","0",",,,0","20.98","3,0","32.48","3,,,0","9.49","3,,,0"
"USC00268822","1988-09","39.0747","-119.1189","1310.6","WABUSKA 6 SE, NV US","291.3","0","27.3","1,0","1",",0","0",",0","0",",0","0",",0","0",",0","0","1,0","10","1,0","0",",0","26",",0","9",",0","","","19880919","+,1,0","19880930","+,,0","19880930","+,,0","","","19880920",",,0","19880904",",,0","-3.3","1,0,19,+","0",",,0,30,+","0",",,0,30,+","0.3",",,0,20,","35.6",",0,04,","122.2","0","116.7",",0","0.3",",,,0","0",",,,0","15.16","1,0","27.11",",,,0","3.21","1,,,0"
"USC00268822","1988-10","39.0747","-119.1189","1310.6","WABUSKA 6 SE, NV US","291.3","0","0.0","5,0","1","1,0","0","1,0","0","1,0","0",",0","0",",0","0","5,0","20","5,0","0","1,0","28","1,0","0","1,0","1","","19881031",",5,0","19881031","+,,0","19881031","+,,0","","","19881012",",1,0","19881002",",1,0","-4.4","5,0,31,","0",",,0,31,+","0",",,0,31,+","1.8","1,,0,12,","30.0","1,0,02,","291.7","0","169.5","1,0","1.8","1,,,0","0",",,,0","11.90","5,0","24.72","1,,,0","-0.92","5,,,0"
"USC00268822","1988-11","39.0747","-119.1189","1310.6","WABUSKA 6 SE, NV US","291.3","0","0.0","4,0","","","","","","","","","","","0","4,0","23","4,0","0",",0","4",",0","0",",0","","","19881120",",4,0","","","","","","","","","19881102",",,0","-11.1","4,0,20,","","","","","","","25.0",",0,02,","655.2","0","363.5",",0","","","","","4.36","4,0","13.28",",,,0","-4.57","4,,,0"
"USC00268822","1988-12","39.0747","-119.1189","1310.6","WABUSKA 6 SE, NV US","291.3","0","0.0","3,0","2","4,0","1","4,0","0","4,0","","","2",",0","3","3,0","28","3,0","4","1,0","0","1,0","0","1,0","1","","19881227",",3,0","","","19881223",",,0","","","19881218",",4,0","19881214",",1,0","-24.4","3,0,27,","","","127",",,0,23,","7.9","4,,0,18,","13.3","1,0,14,","1230.6","0","575.4","1,0","19.9",",a,,0","216",",,,0","-2.52","3,0","6.18","1,,,0","-11.22","3,,,0"
"USC00268822","1989-01","39.0747","-119.1189","1310.6","WABUSKA 6 SE, NV US","","","","","2",",0","0",",0","0",",0","0",",0","0",",0","","","","","7",",0","0",",0","0",",0","3","","","","19890131","+,,0","19890124",",,0","","","19890111",",,0","19890123",",,0","","","0",",,0,31,+","8",",,0,24,","0.5",",,0,11,","14.4",",0,23,","","","","","0.8",",,,0","8",",,,0","","","4.12",",,,0","",""
"USC00268822","1989-02","39.0747","-119.1189","1310.6","WABUSKA 6 SE, NV US","","","0.0","4,0","2","5,0","0","5,0","0","5,0","","","1","3,0","6","4,0","24","4,0","9",",0","1",",0","0",",0","","","19890207","+,4,0","","","19890204",",3,0","","","19890213","+,5,0","19890224",",,0","-31.1","4,0,07,+","","","152","3,,0,04,","0.3","5,,0,13,+","21.7",",0,24,","","","511.3",",0","6.2",",a,,0","152","3,,,0","-3.02","4,0","5.22",",,,0","-11.27","4,,,0"
"USC00268822","1989-03","39.0747","-119.1189","1310.6","WABUSKA 6 SE, NV US","","","0.0","2,0","3",",0","0",",0","0",",0","0",",0","0",",0","0","2,0","16","2,0","0",",0","4",",0","0",",0","","","19890304",",2,0","19890331","+,,0","19890303",",,0","","","19890317",",,0","19890331","+,,0","-11.7","2,0,04,","0",",,0,31,+","3",",,0,03,","1.0",",,0,17,","21.7",",0,31,+","","","322.1",",0","1.6",",,,0","3",",,,0","7.24","2,0","16.39",",,,0","-1.91","2,,,0"
"USC00268822","1989-04","39.0747","-119.1189","1310.6","WABUSKA 6 SE, NV US","","","0.0","1,0","2",",0","1",",0","0",",0","0","2,0","0","2,0","0","1,0","14","1,0","0","1,0","18","1,0","0","1,0","","","19890425",",1,0","19890430","+,2,0","19890430","+,2,0","","","19890425",",,0","19890411",",1,0","-4.4","1,0,25,","0","2,,0,30,+","0","2,,0,30,+","3.3",",,0,25,","30.0","1,0,11,","","","201.9","1,0","3.6",",,,0","0","2,,,0","11.37","1,0","22.36","1,,,0","0.39","1,,,0"
"USC00268822","1989-05","39.0747","-119.1189","1310.6","WABUSKA 6 SE, NV US","","","","","7",",0","3",",0","0",",0","0",",0","0",",0","0","5,0","3","5,0","","","","","","","","","19890531",",5,0","19890531","+,,0","19890531","+,,0","","","19890510",",,0","","","-0.6","5,0,31,","0",",,0,31,+","0",",,0,31,+","7.9",",,0,10,","","","","","","","19.9",",,,0","0",",,,0","","","","","4.00","5,,,0"
"USC00268822","1989-06","39.0747","-119.1189","1310.6","WABUSKA 6 SE, NV US","","","25.0","4,0","6",",0","4",",0","0",",0","0",",0","0",",0","0","3,0","0","3,0","0","4,0","25","4,0","6","4,0","","","19890601",",3,0","19890630","+,,0","19890630","+,,0","3","","19890605",",,0","19890622","+,4,0","1.1","3,0,01,","0",",,0,30,+","0",",,0,30,+","11.9",",,0,05,","34.4","4,0,22,+","","","22.5","4,0","28.5",",,,0","0",",,,0","18.41","4,0","28.61","4,,,0","8.21","3,,,0"
"USC00268822","1989-07","39.0747","-119.1189","1310.6","WABUSKA 6 SE, NV US","","","97.1","4,0","1",",0","1",",0","0",",0","0",",0","0",",0","0","4,0","0","4,0","0","4,0","27","4,0","22","4,0","","","19890703",",4,0","19890731","+,,0","19890731","+,,0","1","","19890723",",,0","19890720","+,4,0","4.4","4,0,03,","0",",,0,31,+","0",",,0,31,+","10.2",",,0,23,","36.7","4,0,20,+","0.0","0","0.0","4,0","10.2",",,,0","0",",,,0","21.93","4,0","33.64","4,,,0","10.21","4,,,0"
"USC00268822","1989-08","39.0747","-119.1189","1310.6","WABUSKA 6 SE, NV US","","","42.8",",0","3",",0","2",",0","0",",0","0",",0","0",",0","0",",0","0",",0","0",",0","30",",0","5",",0","1","","19890825",",,0","19890831","+,,0","19890831","+,,0","2","","19890808",",,0","19890801",",,0","2.8",",0,25,","0",",,0,31,+","0",",,0,31,+","7.1",",,0,08,","33.3",",0,01,","26.4","0","26.4",",0","12.7",",,,0","0",",,,0","18.86",",0","29.29",",,,0","8.44",",,,0"
"USC00268822","1989-09","39.0747","-119.1189","1310.6","WABUSKA 6 SE, NV US","","","2.0","4,0","3",",0","1",",0","0",",0","0",",0","0",",0","0","4,0","0","4,0","0",",0","25",",0","0",",0","","","19890913",",4,0","19890930","+,,0","19890930","+,,0","","","19890917",",,0","19890905",",,0","0.6","4,0,13,","0",",,0,30,+","0",",,0,30,+","10.2",",,0,17,","31.7",",0,05,","117.0","0","90.6",",0","13.0",",,,0","0",",,,0","15.11","4,0","25.85",",,,0","4.36","4,,,0"
"USC00268822","1989-10","39.0747","-119.1189","1310.6","WABUSKA 6 SE, NV US","","","0.0","5,0","2",",0","2",",0","0",",0","0",",0","0",",0","0","5,0","18","5,0","0","3,0","11","3,0","0","3,0","","","19891031",",5,0","19891031","+,,0","19891031","+,,0","","","19891003",",,0","19891011",",3,0","-12.2","5,0,31,","0",",,0,31,+","0",",,0,31,+","8.6",",,0,03,","26.7","3,0,11,","385.3","0","268.3","3,0","13.9",",,,0","0",",,,0","8.25","5,0","18.61","3,,,0","-2.12","5,,,0"
"USC00268822","1989-11","39.0747","-119.1189","1310.6","WABUSKA 6 SE, NV US","","","0.0","1,0","2",",0","1",",0","0",",0","0","2,0","0","2,0","0","1,0","28","1,0","0",",0","0",",0","0",",0","","","19891129",",1,0","19891130","+,2,0","19891130","+,2,0","","","19891126",",,0","19891105",",,0","-15.0","1,0,29,","0","2,,0,30,+","0","2,,0,30,+","3.0",",,0,26,","20.0",",0,05,","843.9","0","458.6",",0","3.3",",,,0","0","2,,,0","2.61","1,0","13.61",",,,0","-8.39","1,,,0"
"USC00268822","1989-12","39.0747","-119.1189","1310.6","WABUSKA 6 SE, NV US","","","0.0","4,0","0",",0","0",",0","0",",0","0",",0","0",",0","0","4,0","27","4,0","0",",0","0",",0","0",",0","","","19891217","+,4,0","19891231","+,,0","19891231","+,,0","","","19891231","+,,0","19891209",",,0","-16.1","4,0,17,+","0",",,0,31,+","0",",,0,31,+","0.0",",,0,31,+","20.0",",0,09,","1386.6","0","542.7",",0","0.0",",,,0","0",",,,0","-1.50","4,0","9.73",",,,0","-12.73","4,,,0"
"USC00268822","1990-01","39.0747","-119.1189","1310.6","WABUSKA 6 SE, NV US","0.0","0","0.0","5,0","2","1,0","2","1,0","0","1,0","0","2,0","0","2,0","2","5,0","25","5,0","1",",0","0",",0","0",",0","1","","19900104","+,5,0","19900131","+,2,0","19900130",",2,0","","","19900102",",1,0","19900110",",,0","-20.0","5,0,04,+","0","2,,0,31,+","0","2,T,0,30,","4.3","1,,0,02,","17.2",",0,10,","1900.7","0","514.1",",0","7.3","1,,,0","0","2,T,,0","-1.45","5,0","6.94",",,,0","-9.83","5,,,0"
"USC00268822","1990-02","39.0747","-119.1189","1310.6","WABUSKA 6 SE, NV US","0.0","0","0.0","5,0","3",",0","0",",0","0",",0","0","3,0","1",",0","1","5,0","22","5,0","2",",0","0",",0","0",",0","","","19900215",",5,0","19900228","+,3,0","19900217",",,0","","","19900217",",,0","19900227",",,0","-18.3","5,0,15,","0","3,,0,28,+","25",",,0,17,","0.8",",,0,17,","16.7",",0,27,","2334.8","0","434.1",",0","1.8",",,,0","41",",,,0","-0.72","5,0","8.28",",,,0","-9.71","5,,,0"
"USC00268822","1990-03","39.0747","-119.1189","1310.6","WABUSKA 6 SE, NV US","0.0","0","0.0","5,0","5",",0","3",",0","0",",0","0","4,0","2",",0","0","5,0","25","5,0","0",",0","6",",0","0",",0","1","","19900313",",5,0","19900331","+,4,0","19900312",",,0","","","19900331",",,0","19900320",",,0","-15.0","5,0,13,","0","4,,0,31,+","64",",,0,12,","11.4",",,0,31,","25.0",",0,20,","2663.0","0","328.2",",0","22.8",",,,0","118",",,,0","5.70","5,0","15.99",",,,0","-4.59","5,,,0"
"USC00268822","1990-04","39.0747","-119.1189","1310.6","WABUSKA 6 SE, NV US","","","","","8",",0","2",",0","0",",0","0",",0","0",",0","","","","","0","2,0","16","2,0","0","2,0","","","","","19900430","+,,0","19900430","+,,0","","","19900418",",,0","19900416","+,2,0","","","0",",,0,30,+","0",",,0,30,+","6.6",",,0,18,","27.8","2,0,16,+","","","","","15.3",",,,0","0",",,,0","","","21.50","2,,,0","",""
"USC00268822","1990-05","39.0747","-119.1189","1310.6","WABUSKA 6 SE, NV US","","","0.0",",0","3",",0","1",",0","0",",0","0",",0","0",",0","0",",0","8",",0","0",",0","20",",0","0",",0","","","19900509",",,0","19900531","+,,0","19900531","+,,0","","","19900528",",,0","19900506",",,0","-2.8",",0,09,","0",",,0,31,+","0",",,0,31,+","11.4",",,0,28,","29.4",",0,06,","","","193.7",",0","13.0",",,,0","0",",,,0","12.08",",0","21.31",",,,0","2.85",",,,0"
"USC00268822","1990-06","39.0747","-119.1189","1310.6","WABUSKA 6 SE, NV US","","","25.7","2,0","0","2,0","0","2,0","0","2,0","0",",0","0",",0","0","2,0","1","2,0","0","2,0","26","2,0","9","2,0","","","19900601",",2,0","19900630","+,,0","19900630","+,,0","","","19900630","+,2,0","19900623","+,2,0","0.0","2,0,01,","0",",,0,30,+","0",",,0,30,+","0.0","2,,0,30,+","35.0","2,0,23,+","","","45.7","2,0","0.5",",a,,0","0",",,,0","17.62","2,0","28.36","2,,,0","6.88","2,,,0"
"USC00268822","1990-07","39.0747","-119.1189","1310.6","WABUSKA 6 SE, NV US","","","","","5",",0","1",",0","0",",0","0",",0","0",",0","","","","","","","","","","","","","","","19900731","+,,0","19900731","+,,0","","","19900720",",,0","","","","","0",",,0,31,+","0",",,0,31,+","3.0",",,0,20,","","","","","","","5.9",",,,0","0",",,,0","","","","","",""
"USC00268822","1990-08","39.0747","-119.1189","1310.6","WABUSKA 6 SE, NV US","","","86.1",",0","4",",0","0",",0","0",",0","0",",0","0",",0","0",",0","0",",0","0",",0","30",",0","15",",0","","","19900825",",,0","19900831","+,,0","19900831","+,,0","","","19900831",",,0","19900808","+,,0","4.4",",0,25,","0",",,0,31,+","0",",,0,31,+","1.3",",,0,31,","36.7",",0,08,+","","","32.7",",0","2.6",",,,0","0",",,,0","20.06",",0","30.27",",,,0","9.84",",,,0"
"USC00268822","1990-09","39.0747","-119.1189","1310.6","WABUSKA 6 SE, NV US","","","11.2","4,0","3","1,0","0","1,0","0","1,0","0",",0","0",",0","0","4,0","0","4,0","0","4,0","24","4,0","2","4,0","","","19900916",",4,0","19900930","+,,0","19900930","+,,0","","","19900925",",1,0","19900911",",4,0","2.2","4,0,16,","0",",,0,30,+","0",",,0,30,+","1.8","1,,0,25,","33.3","4,0,11,","","","55.2","4,0","3.6","1,,,0","0",",,,0","16.64","4,0","27.29","4,,,0","5.99","4,,,0"
"USC00268822","1990-10","39.0747","-119.1189","1310.6","WABUSKA 6 SE, NV US","","","0.0","3,0","0",",0","0",",0","0",",0","0",",0","0",",0","0","3,0","19","3,0","0","1,0","19","1,0","0","1,0","","","19901020",",3,0","19901031","+,,0","19901031","+,,0","","","19901031","+,,0","19901005",",1,0","-10.0","3,0,20,","0",",,0,31,+","0",",,0,31,+","0.0",",,0,31,+","28.3","1,0,05,","","","235.2","1,0","0.0",",,,0","0",",,,0","10.03","3,0","21.74","1,,,0","-1.68","3,,,0"
"USC00268822","1990-11","39.0747","-119.1189","1310.6","WABUSKA 6 SE, NV US","","","0.0","3,0","0","2,0","0","2,0","0","2,0","0",",0","0",",0","1","3,0","24","3,0","0","1,0","0","1,0","0","1,0","","","19901127",",3,0","19901130","+,,0","19901126","+,,0","","","19901119","+,2,0","19901126","+,1,0","-17.8","3,0,27,","0",",,0,30,+","0",",T,0,26,+","0.0","2,T,0,19,+","20.6","1,0,26,+","","","427.4","1,0","0.3",",a,,0","0",",T,,0","2.38","3,0","12.61","1,,,0","-7.86","3,,,0"
"USC00268822","1990-12","39.0747","-119.1189","1310.6","WABUSKA 6 SE, NV US","","","0.0","2,0","2",",0","2",",0","0",",0","","","0",",0","11","2,0","29","2,0","11",",0","0",",0","0",",0","","","19901224","+,2,0","","","19901231","+,,0","","","19901212",",,0","19901211",",,0","-30.0","2,0,24,+","","","0",",,0,31,+","7.4",",,0,12,","16.1",",0,11,","","","747.4",",0","10.7",",,,0","0",",,,0","-7.06","2,0","2.25",",,,0","-16.36","2,,,0"
"USC00268822","1991-01","39.0747","-119.1189","1310.6","WABUSKA 6 SE, NV US","0.0","0","0.0","4,0","3",",0","1",",0","0",",0","","","0","3,0","2","3,0","28","3,0","8","1,0","0","1,0","0","1,0","5","","19910102","+,3,0","","","19910131","+,3,0","","","19910104",",,0","19910129",",1,0","-21.1","3,0,02,+","","","0","3,,0,31,+","2.8",",,0,04,","13.9","1,0,29,","","","590.2","1,0","3.6",",,,0","0","3,,,0","-3.85","4,0","4.69","1,,,0","-12.38","3,,,0"
"USC00268822","1991-02","39.0747","-119.1189","1310.6","WABUSKA 6 SE, NV US","0.0","0","0.0","5,0","1",",0","1",",0","0",",0","0",",0","0",",0","0","5,0","21","5,0","0",",0","0",",0","0",",0","2","","19910201",",5,0","19910228","+,,0","19910228","+,,0","","","19910205",",,0","19910221",",,0","-13.9","5,0,01,","0",",,0,28,+","0",",,0,28,+","10.7",",,0,05,","18.9",",0,21,","","","338.6",",0","10.7",",,,0","0",",,,0","3.78","5,0","14.14",",,,0","-6.59","5,,,0"
"USC00268822","1991-03","39.0747","-119.1189","1310.6","WABUSKA 6 SE, NV US","0.0","0","0.0",",0","10",",0","3",",0","0",",0","0","4,0","3",",0","0",",0","28",",0","0",",0","0",",0","0",",0","2","","19910306",",,0","19910331","+,4,0","19910316",",,0","","","19910327","+,,0","19910331",",,0","-11.1",",0,06,","0","4,,0,31,+","114",",,0,16,","6.6",",,0,27,+","16.7",",0,31,","","","455.4",",0","26.7",",,,0","215",",,,0","3.64",",0","10.70",",,,0","-3.42",",,,0"
"USC00268822","1991-04","39.0747","-119.1189","1310.6","WABUSKA 6 SE, NV US","0.0","0","0.0","2,0","2",",0","0",",0","0",",0","0",",0","0",",0","0","2,0","21","2,0","0","2,0","2","2,0","0","2,0","","","19910411","+,2,0","19910430","+,,0","19910410",",,0","","","19910421",",,0","19910406","+,2,0","-7.2","2,0,11,+","0",",,0,30,+","0",",T,0,10,","0.5",",,0,21,","25.6","2,0,06,+","","","299.1","2,0","0.8",",,,0","0",",T,,0","7.65","2,0","17.33","2,,,0","-2.03","2,,,0"
"USC00268822","1991-05","39.0747","-119.1189","1310.6","WABUSKA 6 SE, NV US","0.0","0","0.0","3,0","9","1,0","3","1,0","0","1,0","0","1,0","1","2,0","0","3,0","9","3,0","0","1,0","11","1,0","0","1,0","","","19910511","+,3,0","19910531","+,1,0","19910509",",2,0","","","19910514",",1,0","19910524",",1,0","-3.3","3,0,11,+","0","1,,0,31,+","64","2,,0,09,","8.1","1,,0,14,","28.9","1,0,24,","","","215.5","1,0","20.3","1,,,0","64","2,,,0","10.78","3,0","19.50","1,,,0","2.06","3,,,0"
"USC00268822","1991-06","39.0747","-119.1189","1310.6","WABUSKA 6 SE, NV US","12.3","0","12.3","3,0","2",",0","2",",0","0",",0","0",",0","0",",0","0","3,0","0","3,0","0","1,0","25","1,0","3","1,0","","","19910606","+,3,0","19910630","+,,0","19910630","+,,0","","","19910627",",,0","19910612",",1,0","0.6","3,0,06,+","0",",,0,30,+","0",",,0,30,+","6.4",",,0,27,","34.4","1,0,12,","","","66.3","1,0","10.0",",,,0","0",",,,0","16.08","3,0","26.19","1,,,0","5.98","3,,,0"
"USC00268822","1991-07","39.0747","-119.1189","1310.6","WABUSKA 6 SE, NV US","119.7","0","107.4","2,0","2",",0","0",",0","0",",0","0",",0","0",",0","0","2,0","0","2,0","0","2,0","29","2,0","17","2,0","","","19910701",",2,0","19910731","+,,0","19910731","+,,0","","","19910720",",,0","19910730","+,2,0","8.3","2,0,01,","0",",,0,31,+","0",",,0,31,+","0.8",",,0,20,","36.1","2,0,30,+","1.1","0","1.1","2,0","1.1",",,,0","0",",,,0","22.00","2,0","32.71","2,,,0","11.28","2,,,0"
"USC00268822","1991-08","39.0747","-119.1189","1310.6","WABUSKA 6 SE, NV US","195.6","0","75.9","1,0","2",",0","1",",0","0",",0","0",",0","0",",0","0","1,0","0","1,0","0","1,0","30","1,0","10","1,0","","","19910828",",1,0","19910831","+,,0","19910831","+,,0","","","19910815",",,0","19910801",",1,0","1.1","1,0,28,","0",",,0,31,+","0",",,0,31,+","19.1",",,0,15,","33.9","1,0,01,","11.4","0","10.3","1,0","21.4",",,,0","0",",,,0","20.52","1,0","30.46","1,,,0","10.58","1,,,0"
"USC00268822","1991-09","39.0747","-119.1189","1310.6","WABUSKA 6 SE, NV US","207.8","0","12.2","5,0","2",",0","0",",0","0",",0","0",",0","0",",0","0","5,0","0","5,0","0","3,0","25","3,0","0","3,0","","","19910916",",5,0","19910930","+,,0","19910930","+,,0","","","19910910",",,0","19910903",",3,0","0.6","5,0,16,","0",",,0,30,+","0",",,0,30,+","1.8",",,0,10,","31.7","3,0,03,","74.4","0","63.0","3,0","2.3",",,,0","0",",,,0","16.42","5,0","27.33","3,,,0","5.52","5,,,0"
"USC00268822","1991-10","39.0747","-119.1189","1310.6","WABUSKA 6 SE, NV US","207.8","0","0.0","3,0","2","1,0","0","1,0","0","1,0","0",",0","0",",0","0","3,0","9","3,0","0","2,0","22","2,0","0","2,0","","","19911031",",3,0","19911031","+,,0","19911030",",,0","","","19911027",",1,0","19911006",",2,0","-12.2","3,0,31,","0",",,0,31,+","0",",T,0,30,","1.3","1,,0,27,","28.9","2,0,06,","260.8","0","186.4","2,0","1.6","1,,,0","0",",T,,0","11.42","3,0","22.36","2,,,0","0.47","3,,,0"
"USC00268822","1991-11","39.0747","-119.1189","1310.6","WABUSKA 6 SE, NV US","","","","","","","","","","","0","1,0","1","2,0","","","","","","","","","","","","","","","19911130","+,1,0","19911130",",2,0","","","","","","","","","0","1,,0,30,+","25","2,,0,30,","","","","","","","","","","","25","2,,,0","","","","","",""
"USC00268822","1991-12","39.0747","-119.1189","1310.6","WABUSKA 6 SE, NV US","","","0.0","5,0","2",",0","1",",0","0",",0","0","3,0","0","2,0","0","4,0","27","4,0","0","2,0","0","2,0","0","2,0","3","","19911201",",4,0","19911231","+,3,0","19911231","+,2,0","","","19911208",",,0","19911206",",2,0","-17.2","4,0,01,","0","3,,0,31,+","0","2,,0,31,+","9.4",",,0,08,","14.4","2,0,06,","","","548.0","2,0","10.2",",,,0","0","2,,,0","-2.64","5,0","6.21","2,,,0","-11.50","4,,,0"
"USC00268822","1992-01","39.0747","-119.1189","1310.6","WABUSKA 6 SE, NV US","0.0","0","0.0","3,0","3",",0","0",",0","0",",0","0","4,0","0","2,0","0","2,0","29","2,0","1","2,0","0","2,0","0","2,0","3","","19920120",",2,0","19920131","+,4,0","19920131","+,2,0","","","19920106",",,0","19920126",",2,0","-16.7","2,0,20,","0","4,,0,31,+","0","2,,0,31,+","2.3",",,0,06,","15.6","2,0,26,","","","574.1","2,0","4.1",",,,0","0","2,,,0","-2.27","3,0","6.65","2,,,0","-11.19","2,,,0"
"USC00268822","1992-02","39.0747","-119.1189","1310.6","WABUSKA 6 SE, NV US","0.0","0","0.0","4,0","6",",0","2",",0","0",",0","0",",0","0","1,0","0","4,0","22","4,0","0",",0","0",",0","0",",0","3","","19920203",",4,0","19920229","+,,0","19920215",",1,0","","","19920215",",,0","19920229","+,,0","-13.3","4,0,03,","0",",,0,29,+","8","1,,0,15,","3.8",",,0,15,","19.4",",0,29,+","","","372.9",",0","8.7",",,,0","8","1,,,0","3.34","4,0","12.35",",,,0","-5.67","4,,,0"
"USC00268822","1992-03","39.0747","-119.1189","1310.6","WABUSKA 6 SE, NV US","0.0","0","0.0",",0","6",",0","5",",0","0",",0","0",",0","0",",0","0",",0","22",",0","0",",0","2",",0","0",",0","1","","19920319","+,,0","19920331","+,,0","19920331","+,,0","","","19920323",",,0","19920314",",,0","-7.2",",0,19,+","0",",,0,31,+","0",",,0,31,+","19.3",",,0,23,","21.7",",0,14,","","","358.7",",0","50.7",",,,0","0",",,,0","6.76",",0","15.76",",,,0","-2.24",",,,0"
"USC00268822","1992-04","39.0747","-119.1189","1310.6","WABUSKA 6 SE, NV US","0.6","0","0.6","3,0","3",",0","0",",0","0",",0","0",",0","0",",0","0","3,0","9","3,0","0","1,0","17","1,0","0","1,0","","","19920419","+,3,0","19920430","+,,0","19920430","+,,0","","","19920413",",,0","19920430",",1,0","-3.3","3,0,19,+","0",",,0,30,+","0",",,0,30,+","1.0",",,0,13,","28.9","1,0,30,","","","169.3","1,0","1.8",",,,0","0",",,,0","12.04","3,0","21.96","1,,,0","2.13","3,,,0"
"USC00268822","1992-05","39.0747","-119.1189","1310.6","WABUSKA 6 SE, NV US","","","","","4",",0","0",",0","0",",0","0",",0","0",",0","","","","","0","5,0","23","5,0","0","5,0","","","","","19920531","+,,0","19920531","+,,0","2","","19920515",",,0","19920526","+,5,0","","","0",",,0,31,+","0",",,0,31,+","1.5",",,0,15,","30.6","5,0,26,+","","","","","4.1",",,,0","0",",,,0","","","26.33","5,,,0","",""
"USC00268822","1992-06","39.0747","-119.1189","1310.6","WABUSKA 6 SE, NV US","","","40.0","2,0","3","1,0","2","1,0","0","1,0","0",",0","0",",0","0","2,0","0","2,0","0","2,0","23","2,0","4","2,0","","","19920613",",2,0","19920630","+,,0","19920630","+,,0","3","","19920616",",1,0","19920628","+,2,0","0.6","2,0,13,","0",",,0,30,+","0",",,0,30,+","15.0","1,,0,16,","32.8","2,0,28,+","","","54.0","2,0","19.3","1,,,0","0",",,,0","17.83","2,0","26.79","2,,,0","8.88","2,,,0"
"USC00268822","1992-07","39.0747","-119.1189","1310.6","WABUSKA 6 SE, NV US","","","54.1","5,0","2",",0","0",",0","0",",0","0",",0","0",",0","0","5,0","0","5,0","0","5,0","26","5,0","7","5,0","","","19920702",",5,0","19920731","+,,0","19920731","+,,0","","","19920715",",,0","19920731",",5,0","5.0","5,0,02,","0",",,0,31,+","0",",,0,31,+","2.0",",,0,15,","35.0","5,0,31,","8.6","0","8.6","5,0","2.5",",,,0","0",",,,0","20.08","5,0","29.89","5,,,0","10.28","5,,,0"
"USC00268822","1992-08","39.0747","-119.1189","1310.6","WABUSKA 6 SE, NV US","","","","","","","","","","","0",",0","0",",0","","","","","","","","","","","","","","","19920831","+,,0","19920831","+,,0","","","","","","","","","0",",,0,31,+","0",",,0,31,+","","","","","","","","","","","0",",,,0","","","","","",""
"USC00268822","1992-09","39.0747","-119.1189","1310.6","WABUSKA 6 SE, NV US","","","","","1",",0","1",",0","0",",0","0",",0","0",",0","","","","","","","","","","","","","","","19920930","+,,0","19920930","+,,0","2","","19920918",",,0","","","","","0",",,0,30,+","0",",,0,30,+","3.3",",,0,18,","","","","","","","3.3",",,,0","0",",,,0","","","","","",""
"USC00268822","1992-10","39.0747","-119.1189","1310.6","WABUSKA 6 SE, NV US","","","0.6","3,0","1","1,0","0","1,0","0","1,0","0",",0","0",",0","0","3,0","15","3,0","0","1,0","21","1,0","0","1,0","","","19921031","+,3,0","19921031","+,,0","19921031","+,,0","","","19921028",",1,0","19921001",",1,0","-2.8","3,0,31,+","0",",,0,31,+","0",",,0,31,+","0.3","1,,0,28,","30.6","1,0,01,","","","184.4","1,0","0.3","1,,,0","0",",,,0","11.87","3,0","22.58","1,,,0","1.16","3,,,0"
"USC00268822","1992-11","39.0747","-119.1189","1310.6","WABUSKA 6 SE, NV US","","","0.0",",0","0",",0","0",",0","0",",0","0",",0","0",",0","0",",0","29",",0","0",",0","2",",0","0",",0","","","19921111",",,0","19921130","+,,0","19921130","+,,0","","","19921127","+,,0","19921108",",,0","-14.4",",0,11,","0",",,0,30,+","0",",,0,30,+","0.0",",T,0,27,+","22.8",",0,08,","","","461.9",",0","0.0",",T,,0","0",",,,0","2.94",",0","12.84",",,,0","-6.96",",,,0"
"USC00268822","1992-12","39.0747","-119.1189","1310.6","WABUSKA 6 SE, NV US","","","0.0",",0","4",",0","2",",0","0",",0","2",",0","1","1,0","2",",0","31",",0","0",",0","0",",0","0",",0","","","19921205",",,0","19921229","+,,0","19921229",",1,0","","","19921229",",,0","19921211",",,0","-19.4",",0,05,","25",",,0,29,+","25","1,,0,29,","5.8",",,0,29,","17.2",",0,11,","","","637.4",",0","10.4",",,,0","25","1,,,0","-2.23",",0","7.42",",,,0","-11.87",",,,0"
"USC00268822","1993-01","39.0747","-119.1189","1310.6","WABUSKA 6 SE, NV US","0.0","0","0.0","2,0","9",",0","5",",0","0",",0","","","6",",0","1","1,0","30","1,0","7","1,0","0","1,0","0","1,0","9","","19930112",",1,0","","","19930110",",,0","","","19930116",",,0","19930122","+,1,0","-20.0","1,0,12,","","","66",",,0,10,","9.1",",,0,16,","12.8","1,0,22,+","","","607.5","1,0","28.2",",,,0","238",",,,0","-2.58","2,0","4.04","1,,,0","-9.21","1,,,0"
"USC00268822","1993-02","39.0747","-119.1189","1310.6","WABUSKA 6 SE, NV US","0.0","0","0.0","1,0","6",",0","1",",0","0",",0","1",",0","1",",0","0",",0","28",",0","1","1,0","0","1,0","0","1,0","","","19930215",",,0","19930227",",,0","19930227",",,0","","","19930226",",,0","19930208","+,1,0","-11.1",",0,15,","25",",,0,27,","25",",,0,27,","6.4",",,0,26,","13.9","1,0,08,+","","","443.8","1,0","12.3",",,,0","25",",,,0","1.83","1,0","8.85","1,,,0","-5.20",",,,0"
"USC00268822","1993-03","39.0747","-119.1189","1310.6","WABUSKA 6 SE, NV US","0.0","0","0.0",",0","7",",0","4",",0","0",",0","0",",0","0",",0","0",",0","14",",0","0",",0","5",",0","0",",0","","","19930301",",,0","19930331","+,,0","19930331","+,,0","","","19930326",",,0","19930323",",,0","-7.8",",0,01,","0",",,0,31,+","0",",,0,31,+","21.8",",,0,26,","25.0",",0,23,","","","281.2",",0","48.2",",,,0","0",",,,0","9.26",",0","17.62",",,,0","0.91",",,,0"
"USC00268822","1993-04","39.0747","-119.1189","1310.6","WABUSKA 6 SE, NV US","0.0","0","0.0","2,0","0",",0","0",",0","0",",0","0",",0","0",",0","0","2,0","13","2,0","0",",0","10",",0","0",",0","","","19930413",",2,0","19930430","+,,0","19930430","+,,0","","","19930401",",,0","19930421",",,0","-6.1","2,0,13,","0",",,0,30,+","0",",,0,30,+","0.0",",T,0,01,","26.7",",0,21,","","","229.8",",0","0.0",",T,,0","0",",,,0","10.16","2,0","19.35",",,,0","0.97","2,,,0"
"USC00268822","1993-05","39.0747","-119.1189","1310.6","WABUSKA 6 SE, NV US","10.8","0","10.8","1,0","2",",0","1",",0","0",",0","0",",0","0",",0","0","1,0","2","1,0","0","1,0","28","1,0","0","1,0","","","19930510",",1,0","19930531","+,,0","19930531","+,,0","","","19930524",",,0","19930520","+,1,0","-1.1","1,0,10,","0",",,0,31,+","0",",,0,31,+","6.9",",,0,24,","31.1","1,0,20,+","","","88.9","1,0","7.4",",,,0","0",",,,0","15.73","1,0","26.12","1,,,0","5.33","1,,,0"
"USC00268822","1993-06","39.0747","-119.1189","1310.6","WABUSKA 6 SE, NV US","37.0","0","26.2","1,0","5",",0","3",",0","0",",0","0",",0","0",",0","0","1,0","0","1,0","0","1,0","25","1,0","6","1,0","","","19930603",",1,0","19930630","+,,0","19930630","+,,0","","","19930607","+,,0","19930627",",1,0","1.7","1,0,03,","0",",,0,30,+","0",",,0,30,+","11.4",",,0,07,+","36.7","1,0,27,","","","75.5","1,0","27.9",",,,0","0",",,,0","16.63","1,0","26.51","1,,,0","6.75","1,,,0"
"USC00268822","1993-07","39.0747","-119.1189","1310.6","WABUSKA 6 SE, NV US","110.5","0","73.5","2,0","0",",0","0",",0","0",",0","0",",0","0",",0","0","2,0","0","2,0","0","2,0","29","2,0","18","2,0","","","19930716",",2,0","19930731","+,,0","19930731","+,,0","","","19930723",",,0","19930729",",2,0","3.3","2,0,16,","0",",,0,31,+","0",",,0,31,+","0.0",",T,0,23,","37.8","2,0,29,","8.1","0","8.1","2,0","0.0",",T,,0","0",",,,0","20.59","2,0","32.24","2,,,0","8.94","2,,,0"
"USC00268822","1993-08","39.0747","-119.1189","1310.6","WABUSKA 6 SE, NV US","192.7","0","82.2",",0","0",",0","0",",0","0",",0","0",",0","0",",0","0",",0","0",",0","0",",0","31",",0","15",",0","","","19930826",",,0","19930831","+,,0","19930831","+,,0","","","19930831","+,,0","19930805",",,0","3.9",",0,26,","0",",,0,31,+","0",",,0,31,+","0.0",",,0,31,+","37.8",",0,05,","21.1","0","13.0",",0","0.0",",,,0","0",",,,0","20.57",",0","31.82",",,,0","9.31",",,,0"
"USC00268822","1993-09","39.0747","-119.1189","1310.6","WABUSKA 6 SE, NV US","230.1","0","37.4",",0","2",",0","0",",0","0",",0","0",",0","0",",0","0",",0","5",",0","0",",0","28",",0","8",",0","","","19930926","+,,0","19930930","+,,0","19930930","+,,0","","","19930917",",,0","19930911",",,0","-0.6",",0,26,+","0",",,0,30,+","0",",,0,30,+","1.3",",,0,17,","36.7",",0,11,","103.3","0","82.2",",0","1.6",",,,0","0",",,,0","16.84",",0","28.94",",,,0","4.74",",,,0"
"USC00268822","1993-10","39.0747","-119.1189","1310.6","WABUSKA 6 SE, NV US","230.9","0","0.8","1,0","6","2,0","3","2,0","0","2,0","0",",0","0",",0","0","1,0","14","1,0","0","1,0","11","1,0","0","1,0","","","19931027",",1,0","19931031","+,,0","19931031","+,,0","1","","19931017",",2,0","19931001",",1,0","-5.0","1,0,27,","0",",,0,31,+","0",",,0,31,+","3.8","2,,0,17,","31.1","1,0,01,","324.6","0","221.3","1,0","15.9",",a,,0","0",",,,0","10.98","1,0","20.54","1,,,0","1.43","1,,,0"
"USC00268822","1993-11","39.0747","-119.1189","1310.6","WABUSKA 6 SE, NV US","230.9","0","0.0",",0","3",",0","1",",0","0",",0","0",",0","0",",0","0",",0","30",",0","0",",0","1",",0","0",",0","","","19931126","+,,0","19931130","+,,0","19931114",",,0","","","19931112",",,0","19931104",",,0","-15.0",",0,26,+","0",",,0,30,+","0",",T,0,14,","12.4",",,0,12,","21.1",",0,04,","803.3","0","478.7",",0","15.5",",,,0","0",",T,,0","2.38",",0","11.89",",,,0","-7.14",",,,0"
"USC00268822","1993-12","39.0747","-119.1189","1310.6","WABUSKA 6 SE, NV US","230.9","0","0.0",",0","2","2,0","1","2,0","0","2,0","","","0","3,0","0",",0","31",",0","0",",0","0",",0","0",",0","","","19931222",",,0","","","19931231","+,3,0","","","19931227",",2,0","19931211",",,0","-16.7",",0,22,","","","0","3,,0,31,+","3.3","2,,0,27,","17.2",",0,11,","1383.8","0","580.5",",0","4.1","2,,,0","0","3,,,0","-0.39",",0","8.11",",,,0","-8.89",",,,0"
"USC00268822","1994-01","39.0747","-119.1189","1310.6","WABUSKA 6 SE, NV US","0.0","0","0.0",",0","1",",0","0",",0","0",",0","0","2,0","0","1,0","0",",0","31",",0","0",",0","0",",0","0",",0","","","19940131",",,0","19940131","+,2,0","19940127",",1,0","","","19940126",",,0","19940116",",,0","-14.4",",0,31,","0","2,,0,31,+","0","1,T,0,27,","0.5",",,0,26,","15.6",",0,16,","1936.1","0","552.3",",0","0.5",",,,0","0","1,T,,0","0.52",",0","10.40",",,,0","-9.37",",,,0"
"USC00268822","1994-02","39.0747","-119.1189","1310.6","WABUSKA 6 SE, NV US","0.0","0","0.0","2,0","3",",0","1",",0","0",",0","","","","","0","2,0","23","2,0","0",",0","0",",0","0",",0","","","19940201",",2,0","","","","","","","19940208",",,0","19940226",",,0","-16.7","2,0,01,","","","","","6.6",",,0,08,","20.6",",0,26,","2383.7","0","447.6",",0","9.1",",,,0","","","1.22","2,0","10.47",",,,0","-8.03","2,,,0"
"USC00268822","1994-03","39.0747","-119.1189","1310.6","WABUSKA 6 SE, NV US","0.0","0","0.0",",0","2",",0","1",",0","0",",0","","","","","0",",0","20",",0","0",",0","7",",0","0",",0","","","19940323",",,0","","","","","","","19940306",",,0","19940316","+,,0","-8.9",",0,23,","","","","","12.4",",,0,06,","25.0",",0,16,+","2704.4","0","320.7",",0","13.4",",,,0","","","7.99",",0","17.70",",,,0","-1.73",",,,0"
"USC00268822","1994-04","39.0747","-119.1189","1310.6","WABUSKA 6 SE, NV US","0.0","0","0.0",",0","2",",0","1",",0","0",",0","0","2,0","0",",0","0",",0","11",",0","0",",0","14",",0","0",",0","","","19940411",",,0","19940430","+,2,0","19940430","+,,0","","","19940404",",,0","19940421",",,0","-5.6",",0,11,","0","2,,0,30,+","0",",,0,30,+","10.7",",,0,04,","30.0",",0,21,","2931.8","0","227.4",",0","12.5",",,,0","0",",,,0","10.76",",0","20.01",",,,0","1.50",",,,0"
"USC00268822","1994-05","39.0747","-119.1189","1310.6","WABUSKA 6 SE, NV US","16.9","0","16.9","2,0","8",",0","5",",0","0",",0","0",",0","0",",0","0","2,0","1","2,0","0","1,0","21","1,0","3","1,0","","","19940516",",2,0","19940531","+,,0","19940531","+,,0","2","","19940507",",,0","19940531","+,1,0","0.0","2,0,16,","0",",,0,31,+","0",",,0,31,+","9.7",",,0,07,","32.2","1,0,31,+","3034.0","0","102.2","1,0","30.2",",,,0","0",",,,0","15.21","2,0","24.09","1,,,0","6.32","2,,,0"
"USC00268822","1994-06","39.0747","-119.1189","1310.6","WABUSKA 6 SE, NV US","86.7","0","69.8","2,0","0",",0","0",",0","0",",0","0",",0","0",",0","0","2,0","0","2,0","0","1,0","29","1,0","15","1,0","","","19940616",",2,0","19940630","+,,0","19940630","+,,0","","","19940630","+,,0","19940630",",1,0","2.8","2,0,16,","0",",,0,30,+","0",",,0,30,+","0.0",",,0,30,+","37.2","1,0,30,","3047.8","0","13.8","1,0","0.0",",,,0","0",",,,0","20.21","2,0","31.71","1,,,0","8.71","2,,,0"
"USC00268822","1994-07","39.0747","-119.1189","1310.6","WABUSKA 6 SE, NV US","259.8","0","173.1",",0","0",",0","0",",0","0",",0","0",",0","0",",0","0",",0","0",",0","0",",0","31",",0","30",",0","","","19940706",",,0","19940731","+,,0","19940731","+,,0","","","19940716",",,0","19940729","+,,0","6.1",",0,06,","0",",,0,31,+","0",",,0,31,+","0.0",",T,0,16,","39.4",",0,29,+","0.0","0","0.0",",0","0.0",",T,,0","0",",,,0","23.92",",0","36.00",",,,0","11.83",",,,0"
"USC00268822","1994-08","39.0747","-119.1189","1310.6","WABUSKA 6 SE, NV US","386.6","0","126.8",",0","0",",0","0",",0","0",",0","0",",0","0",",0","0",",0","0",",0","0",",0","31",",0","29",",0","","","19940830",",,0","19940831","+,,0","19940831","+,,0","","","19940831","+,,0","19940816",",,0","4.4",",0,30,","0",",,0,31,+","0",",,0,31,+","0.0",",,0,31,+","38.9",",0,16,","0.3","0","0.3",",0","0.0",",,,0","0",",,,0","22.41",",0","35.15",",,,0","9.68",",,,0"
"USC00268822","1994-09","39.0747","-119.1189","1310.6","WABUSKA 6 SE, NV US","401.7","0","15.1",",0","2",",0","0",",0","0",",0","0",",0","0",",0","0",",0","0",",0","0",",0","30",",0","7",",0","","","19940903",",,0","19940930","+,,0","19940930","+,,0","","","19940929",",,0","19940901",",,0","1.1",",0,03,","0",",,0,30,+","0",",,0,30,+","2.0",",,0,29,","33.9",",0,01,","48.8","0","48.5",",0","2.3",",,,0","0",",,,0","17.22",",0","29.24",",,,0","5.19",",,,0"
"USC00268822","1994-10","39.0747","-119.1189","1310.6","WABUSKA 6 SE, NV US","401.7","0","0.0","2,0","2","2,0","1","2,0","0","2,0","0",",0","0",",0","0","2,0","17","2,0","0","2,0","17","2,0","0","2,0","","","19941030",",2,0","19941031","+,,0","19941031","+,,0","","","19941005",",2,0","19941003",",2,0","-7.8","2,0,30,","0",",,0,31,+","0",",,0,31,+","5.1","2,,0,05,","27.2","2,0,03,","307.8","0","259.0","2,0","6.4",",a,,0","0",",,,0","9.40","2,0","19.78","2,,,0","-0.97","2,,,0"
"USC00268822","1994-11","39.0747","-119.1189","1310.6","WABUSKA 6 SE, NV US","401.7","0","0.0","2,0","7","2,0","3","2,0","0","2,0","","","","","0","2,0","25","2,0","1","1,0","2","1,0","0","1,0","","","19941119",",2,0","","","","","","","19941118",",2,0","19941102",",1,0","-17.2","2,0,19,","","","","","6.6","2,,0,18,","21.7","1,0,02,","798.9","0","491.1","1,0","17.6",",a,,0","","","0.86","2,0","7.76","1,,,0","-6.03","2,,,0"
"USC00268822","1994-12","39.0747","-119.1189","1310.6","WABUSKA 6 SE, NV US","401.7","0","0.0","1,0","1",",0","0",",0","0",",0","0",",0","0",",0","0","1,0","30","1,0","0",",0","0",",0","0",",0","","","19941231","+,1,0","19941231","+,,0","19941231","+,,0","","","19941212",",,0","19941204",",,0","-12.2","1,0,31,+","0",",,0,31,+","0",",,0,31,+","0.8",",,0,12,","13.9",",0,04,","1328.9","0","530.0",",0","0.8",",,,0","0",",,,0","0.70","1,0","8.11",",,,0","-6.72","1,,,0"
"USC00268822","1995-01","39.0747","-119.1189","1310.6","WABUSKA 6 SE, NV US","0.0","0","0.0","3,0","10","1,0","2","1,0","0","1,0","1","3,0","0","3,0","0","3,0","25","3,0","1",",0","0",",0","0",",0","","","19950102",",3,0","19950104",",3,0","19950105",",3,0","","","19950111",",1,0","19950110",",,0","-12.2","3,0,02,","25","3,,0,04,","13","3,,0,05,","12.2","1,,0,11,","17.2",",0,10,","1774.9","0","446.0",",0","27.5","1,,,0","13","3,,,0","2.26","3,0","8.35",",,,0","-3.83","3,,,0"
"USC00268822","1995-02","39.0747","-119.1189","1310.6","WABUSKA 6 SE, NV US","0.0","0","0.0","1,0","3","1,0","1","1,0","0","1,0","0","1,0","0","1,0","0","1,0","23","1,0","0","1,0","3","1,0","0","1,0","","","19950215",",1,0","19950228","+,1,0","19950228","+,1,0","","","19950208",",1,0","19950225",",1,0","-9.4","1,0,15,","0","1,,0,28,+","0","1,,0,28,+","2.5","1,,0,08,","21.7","1,0,25,","2093.4","0","318.5","1,0","3.1","1,,,0","0","1,,,0","6.54","1,0","16.50","1,,,0","-3.43","1,,,0"
"USC00268822","1995-03","39.0747","-119.1189","1310.6","WABUSKA 6 SE, NV US","0.0","0","0.0",",0","8",",0","3",",0","0",",0","0",",0","0",",0","0",",0","20",",0","0",",0","0",",0","0",",0","","","19950323",",,0","19950331","+,,0","19950324",",,0","","","19950301",",,0","19950319",",,0","-10.0",",0,23,","0",",,0,31,+","0",",T,0,24,","11.7",",,0,01,","19.4",",0,19,","2477.2","0","383.8",",0","29.0",",,,0","0",",T,,0","5.95",",0","13.91",",,,0","-2.00",",,,0"
"USC00268822","1995-04","39.0747","-119.1189","1310.6","WABUSKA 6 SE, NV US","0.0","0","0.0",",0","5",",0","0",",0","0",",0","0",",0","0",",0","0",",0","16",",0","0",",0","12",",0","0",",0","","","19950410",",,0","19950416","+,,0","19950416","+,,0","","","19950416",",,0","19950426","+,,0","-6.1",",0,10,","0",",T,0,16,+","0",",T,0,16,+","1.8",",,0,16,","25.6",",0,26,+","2760.5","0","283.3",",0","3.2",",,,0","0",",T,,0","8.89",",0","17.41",",,,0","0.37",",,,0"
"USC00268822","1995-05","39.0747","-119.1189","1310.6","WABUSKA 6 SE, NV US","0.0","0","0.0",",0","11",",0","7",",0","0",",0","","","0","1,0","0",",0","2",",0","0",",0","13",",0","0",",0","","","19950512",",,0","","","19950531","+,1,0","","","19950514",",,0","19950521","+,,0","-0.6",",0,12,","","","0","1,,0,31,+","23.1",",,0,14,","27.8",",0,21,+","2946.8","0","186.3",",0","78.3",",,,0","0","1,,,0","12.32",",0","19.84",",,,0","4.80",",,,0"
"USC00268822","1995-06","39.0747","-119.1189","1310.6","WABUSKA 6 SE, NV US","28.5","0","28.5","2,0","4",",0","1",",0","0",",0","0",",0","0",",0","0","2,0","1","2,0","0","1,0","22","1,0","5","1,0","","","19950607",",2,0","19950630","+,,0","19950630","+,,0","","","19950616",",,0","19950626",",1,0","0.0","2,0,07,","0",",,0,30,+","0",",,0,30,+","23.4",",,0,16,","35.0","1,0,26,","3016.6","0","69.8","1,0","24.5",",,,0","0",",,,0","16.76","2,0","25.98","1,,,0","7.55","2,,,0"
"USC00268822","1995-07","39.0747","-119.1189","1310.6","WABUSKA 6 SE, NV US","134.9","0","106.4",",0","3",",0","0",",0","0",",0","0",",0","0",",0","0",",0","0",",0","0",",0","31",",0","17",",0","","","19950726","+,,0","19950731","+,,0","19950731","+,,0","","","19950718","+,,0","19950728",",,0","6.7",",0,26,+","0",",,0,31,+","0",",,0,31,+","0.5",",,0,18,+","38.3",",0,28,","4.2","0","4.2",",0","1.3",",,,0","0",",,,0","21.63",",0","32.53",",,,0","10.74",",,,0"
"USC00268822","1995-08","39.0747","-119.1189","1310.6","WABUSKA 6 SE, NV US","225.8","0","90.9","1,0","2",",0","2",",0","0",",0","0",",0","0",",0","0","1,0","0","1,0","0",",0","31",",0","24",",0","","","19950829",",1,0","19950831","+,,0","19950831","+,,0","","","19950823",",,0","19950802",",,0","2.8","1,0,29,","0",",,0,31,+","0",",,0,31,+","3.3",",,0,23,","38.3",",0,02,","9.2","0","5.0",",0","5.8",",,,0","0",",,,0","21.24","1,0","33.26",",,,0","9.21","1,,,0"
"USC00268822","1995-09","39.0747","-119.1189","1310.6","WABUSKA 6 SE, NV US","258.6","0","32.8",",0","0",",0","0",",0","0",",0","0",",0","0",",0","0",",0","1",",0","0",",0","29",",0","15",",0","","","19950930",",,0","19950930","+,,0","19950930","+,,0","","","19950903",",,0","19950901",",,0","-0.6",",0,30,","0",",,0,30,+","0",",,0,30,+","0.0",",T,0,03,","35.6",",0,01,","44.2","0","35.0",",0","0.0",",T,,0","0",",,,0","18.26",",0","30.46",",,,0","6.06",",,,0"
"USC00268822","1995-10","39.0747","-119.1189","1310.6","WABUSKA 6 SE, NV US","258.6","0","0.0",",0","0",",0","0",",0","0",",0","0",",0","0",",0","0",",0","19",",0","0",",0","25",",0","0",",0","","","19951024",",,0","19951031","+,,0","19951031","+,,0","","","19951031","+,,0","19951011",",,0","-6.1",",0,24,","0",",,0,31,+","0",",,0,31,+","0.0",",,0,31,+","30.0",",0,11,","257.6","0","213.4",",0","0.0",",,,0","0",",,,0","11.45",",0","23.45",",,,0","-0.56",",,,0"
"USC00268822","1995-11","39.0747","-119.1189","1310.6","WABUSKA 6 SE, NV US","258.6","0","0.0","1,0","1",",0","0",",0","0",",0","0",",0","0",",0","0",",0","26",",0","0","1,0","10","1,0","0","1,0","","","19951104",",,0","19951130","+,,0","19951130","+,,0","","","19951126",",,0","19951126","+,1,0","-10.0",",0,04,","0",",,0,30,+","0",",,0,30,+","0.3",",,0,26,","23.3","1,0,26,+","564.3","0","306.7","1,0","0.3",",,,0","0",",,,0","7.72","1,0","18.74","1,,,0","-3.30",",,,0"
"USC00268822","1995-12","39.0747","-119.1189","1310.6","WABUSKA 6 SE, NV US","258.6","0","0.0",",0","7",",0","3",",0","0",",0","0",",0","0",",0","0",",0","27",",0","0",",0","3",",0","0",",0","","","19951225","+,,0","19951222",",,0","19951222",",,0","","","19951213",",,0","19951201",",,0","-12.2",",0,25,+","0",",T,0,22,","0",",T,0,22,","18.3",",,0,13,","22.2",",0,01,","1041.2","0","476.9",",0","31.2",",,,0","0",",T,,0","2.95",",0","11.01",",,,0","-5.11",",,,0"
"USC00268822","1996-01","39.0747","-119.1189","1310.6","WABUSKA 6 SE, NV US","0.0","0","0.0","1,0","6",",0","1",",0","0",",0","0","3,0","0","1,0","0",",0","29",",0","0","1,0","0","1,0","0","1,0","","","19960121",",,0","19960131","+,3,0","19960131","+,1,0","","","19960117",",,0","19960108",",1,0","-13.3",",0,21,","0","3,,0,31,+","0","1,,0,31,+","3.0",",,0,17,","17.8","1,0,08,","1507.6","0","466.4","1,0","7.0",",,,0","0","1,,,0","2.81","1,0","11.55","1,,,0","-5.93",",,,0"
"USC00268822","1996-02","39.0747","-119.1189","1310.6","WABUSKA 6 SE, NV US","0.0","0","0.0","1,0","7",",0","3",",0","0",",0","","","0","4,0","0",",0","25",",0","0","1,0","0","1,0","0","1,0","","","19960228","+,,0","","","19960229","+,4,0","","","19960205",",,0","19960216",",1,0","-8.9",",0,28,+","","","0","4,,0,29,+","8.9",",,0,05,","19.4","1,0,16,","1901.0","0","393.4","1,0","25.7",",,,0","0","4,,,0","4.33","1,0","11.72","1,,,0","-3.07",",,,0"
"USC00268822","1996-03","39.0747","-119.1189","1310.6","WABUSKA 6 SE, NV US","0.0","0","0.0","2,0","3",",0","2",",0","0",",0","0",",0","0",",0","0","1,0","20","1,0","0","1,0","5","1,0","0","1,0","","","19960305",",1,0","19960331","+,,0","19960331","+,,0","","","19960305",",,0","19960322","+,1,0","-14.4","1,0,05,","0",",,0,31,+","0",",,0,31,+","7.1",",,0,05,","24.4","1,0,22,+","2233.4","0","332.4","1,0","14.7",",,,0","0",",,,0","6.73","2,0","15.53","1,,,0","-2.08","1,,,0"
"USC00268822","1996-04","39.0747","-119.1189","1310.6","WABUSKA 6 SE, NV US","0.0","0","0.0",",0","2",",0","0",",0","0",",0","0",",0","0",",0","0",",0","18",",0","0",",0","14",",0","0",",0","","","19960420",",,0","19960430","+,,0","19960430","+,,0","","","19960418",",,0","19960409",",,0","-9.4",",0,20,","0",",,0,30,+","0",",,0,30,+","1.8",",,0,18,","29.4",",0,09,","2477.3","0","243.9",",0","2.1",",,,0","0",",,,0","10.20",",0","20.63",",,,0","-0.23",",,,0"
"USC00268822","1996-05","39.0747","-119.1189","1310.6","WABUSKA 6 SE, NV US","9.0","0","9.0","1,0","5",",0","3",",0","1",",0","0",",0","0",",0","0","1,0","2","1,0","0",",0","25",",0","1",",0","","","19960519","+,1,0","19960531","+,,0","19960531","+,,0","","","19960527",",,0","19960513",",,0","-1.1","1,0,19,+","0",",,0,31,+","0",",,0,31,+","31.2",",,0,27,","33.9",",0,13,","2600.0","0","122.7",",0","43.2",",,,0","0",",,,0","14.42","1,0","24.04",",,,0","4.80","1,,,0"
"USC00268822","1996-06","39.0747","-119.1189","1310.6","WABUSKA 6 SE, NV US","69.1","0","60.1","1,0","3",",0","2",",0","0",",0","0",",0","0",",0","0","1,0","0","1,0","0","1,0","27","1,0","14","1,0","","","19960626",",1,0","19960630","+,,0","19960630","+,,0","1","","19960627",",,0","19960608",",1,0","3.9","1,0,26,","0",",,0,30,+","0",",,0,30,+","12.7",",,0,27,","37.2","1,0,08,","2624.7","0","24.7","1,0","15.5",",,,0","0",",,,0","19.55","1,0","30.16","1,,,0","8.94","1,,,0"
"USC00268822","1996-07","39.0747","-119.1189","1310.6","WABUSKA 6 SE, NV US","249.1","0","180.0",",0","4",",0","1",",0","0",",0","0",",0","0",",0","0",",0","0",",0","0",",0","31",",0","29",",0","","","19960701",",,0","19960731","+,,0","19960731","+,,0","","","19960714",",,0","19960724",",,0","6.7",",0,01,","0",",,0,31,+","0",",,0,31,+","15.2",",,0,14,","38.9",",0,24,","0.0","0","0.0",",0","18.6",",,,0","0",",,,0","24.14",",0","35.65",",,,0","12.63",",,,0"
"USC00268822","1996-08","39.0747","-119.1189","1310.6","WABUSKA 6 SE, NV US","368.1","0","119.0",",0","1",",0","0",",0","0",",0","0",",0","0",",0","0",",0","0",",0","0",",0","31",",0","25",",0","","","19960820","+,,0","19960831","+,,0","19960831","+,,0","","","19960815",",,0","19960811",",,0","5.6",",0,20,+","0",",,0,31,+","0",",,0,31,+","0.5",",,0,15,","38.9",",0,11,","0.0","0","0.0",",0","0.5",",,,0","0",",,,0","22.17",",0","34.56",",,,0","9.78",",,,0"
"USC00268822","1996-09","39.0747","-119.1189","1310.6","WABUSKA 6 SE, NV US","383.7","0","15.6",",0","0",",0","0",",0","0",",0","0",",0","0",",0","0",",0","3",",0","0",",0","27",",0","8",",0","","","19960917",",,0","19960930","+,,0","19960930","+,,0","","","19960916",",,0","19960901",",,0","-1.7",",0,17,","0",",,0,30,+","0",",,0,30,+","0.0",",T,0,16,","36.7",",0,01,","89.4","0","89.4",",0","0.0",",T,,0","0",",,,0","15.87",",0","27.86",",,,0","3.89",",,,0"
"USC00268822","1996-10","39.0747","-119.1189","1310.6","WABUSKA 6 SE, NV US","387.4","0","3.7","4,0","4",",0","2",",0","0",",0","0",",0","0",",0","0","3,0","10","3,0","0","2,0","15","2,0","1","2,0","","","19961021","+,3,0","19961031","+,,0","19961031","+,,0","","","19961030",",,0","19961008",",2,0","-10.6","3,0,21,+","0",",,0,31,+","0",",,0,31,+","5.1",",,0,30,","32.8","2,0,08,","293.5","0","204.1","2,0","9.7",",,,0","0",",,,0","10.83","4,0","21.44","2,,,0","0.22","3,,,0"
"USC00268822","1996-11","39.0747","-119.1189","1310.6","WABUSKA 6 SE, NV US","387.4","0","0.0","2,0","5",",0","5",",0","0",",0","0",",0","0",",0","0","1,0","27","1,0","0","2,0","0","2,0","0","2,0","","","19961130",",1,0","19961130","+,,0","19961130","+,,0","","","19961122",",,0","19961120","+,2,0","-10.6","1,0,30,","0",",,0,30,+","0",",,0,30,+","7.6",",,0,22,","20.6","2,0,20,+","669.6","0","376.1","2,0","20.7",",,,0","0",",,,0","5.02","2,0","13.44","2,,,0","-3.39","1,,,0"
"USC00268822","1996-12","39.0747","-119.1189","1310.6","WABUSKA 6 SE, NV US","387.4","0","0.0","4,0","4",",0","2",",0","0",",0","1","4,0","0","2,0","0","4,0","26","4,0","0","3,0","0","3,0","0","3,0","","","19961222",",4,0","19961222",",4,0","19961231","+,2,0","","","19961222",",,0","19961210",",3,0","-15.0","4,0,22,","51","4,,0,22,","0","2,,0,31,+","7.6",",,0,22,","19.4","3,0,10,","1118.5","0","448.9","3,0","11.6",",,,0","0","2,,,0","1.70","4,0","11.23","3,,,0","-7.82","4,,,0"
"USC00268822","1997-01","39.0747","-119.1189","1310.6","WABUSKA 6 SE, NV US","0.0","0","0.0","5,0","4",",0","3",",0","0",",0","0",",0","0",",0","0","4,0","25","4,0","1","4,0","1","4,0","0","4,0","","","19970114",",4,0","19970131","+,,0","19970131","+,,0","","","19970103",",,0","19970102",",4,0","-15.6","4,0,14,","0",",,0,31,+","0",",,0,31,+","16.5",",,0,03,","21.1","4,0,02,","1550.9","0","432.4","4,0","31.6",",,,0","0",",,,0","1.74","5,0","8.76","4,,,0","-5.28","4,,,0"
"USC00268822","1997-02","39.0747","-119.1189","1310.6","WABUSKA 6 SE, NV US","0.0","0","0.0","3,0","1",",0","1",",0","0",",0","2","2,0","0","3,0","0","3,0","24","3,0","0",",0","0",",0","0",",0","","","19970208","+,3,0","19970226","+,2,0","19970228","+,3,0","","","19970208",",,0","19970220",",,0","-9.4","3,0,08,+","25","2,,0,26,+","0","3,,0,28,+","4.6",",,0,08,","19.4",",0,20,","1924.7","0","373.8",",0","4.6",",,,0","0","3,,,0","3.44","3,0","11.58",",,,0","-4.69","3,,,0"
"USC00268822","1997-03","39.0747","-119.1189","1310.6","WABUSKA 6 SE, NV US","0.0","0","0.0",",0","0",",0","0",",0","0",",0","0",",0","0",",0","0",",0","22",",0","0",",0","13",",0","0",",0","","","19970304",",,0","19970331","+,,0","19970331","+,,0","","","19970304",",,0","19970320",",,0","-10.6",",0,04,","0",",,0,31,+","0",",,0,31,+","0.0",",T,0,04,","27.2",",0,20,","2221.5","0","296.8",",0","0.0",",T,,0","0",",,,0","8.76",",0","19.34",",,,0","-1.82",",,,0"
"USC00268822","1997-04","39.0747","-119.1189","1310.6","WABUSKA 6 SE, NV US","0.0","0","0.0","1,0","4",",0","1",",0","0",",0","0",",0","0","1,0","0","1,0","17","1,0","0","1,0","12","1,0","0","1,0","","","19970406",",1,0","19970409",",,0","19970409",",1,0","","","19970424",",,0","19970427",",1,0","-8.9","1,0,06,","0",",T,0,09,","0","1,T,0,09,","5.1",",,0,24,","27.2","1,0,27,","2491.8","0","270.3","1,0","6.5",",,,0","0","1,T,,0","9.01","1,0","18.26","1,,,0","-0.23","1,,,0"
"USC00268822","1997-05","39.0747","-119.1189","1310.6","WABUSKA 6 SE, NV US","","","","","1",",0","1",",0","0",",0","0",",0","0",",0","","","","","","","","","","","","","","","19970531","+,,0","19970531","+,,0","","","19970520",",,0","","","","","0",",,0,31,+","0",",,0,31,+","2.5",",,0,20,","","","","","","","2.5",",,,0","0",",,,0","","","","","",""
"USC00268822","1997-06","39.0747","-119.1189","1310.6","WABUSKA 6 SE, NV US","","","34.5",",0","9",",0","4",",0","0",",0","0",",0","0",",0","0",",0","0",",0","0",",0","29",",0","7",",0","","","19970630","+,,0","19970630","+,,0","19970630","+,,0","","","19970615","+,,0","19970620","+,,0","3.9",",0,30,+","0",",,0,30,+","0",",,0,30,+","12.7",",,0,15,+","35.0",",0,20,+","","","33.7",",0","35.7",",,,0","0",",,,0","18.36",",0","28.59",",,,0","8.13",",,,0"
"USC00268822","1997-07","39.0747","-119.1189","1310.6","WABUSKA 6 SE, NV US","","","99.2","2,0","2",",0","1",",0","0",",0","0",",0","0",",0","0","1,0","0","1,0","0","2,0","29","2,0","20","2,0","","","19970702",",1,0","19970731","+,,0","19970731","+,,0","","","19970730",",,0","19970722","+,2,0","1.7","1,0,02,","0",",,0,31,+","0",",,0,31,+","4.1",",,0,30,","37.2","2,0,22,+","11.7","0","11.7","2,0","5.1",",,,0","0",",,,0","21.30","2,0","32.51","2,,,0","10.09","1,,,0"
"USC00268822","1997-08","39.0747","-119.1189","1310.6","WABUSKA 6 SE, NV US","","","106.4","2,0","0",",0","0",",0","0",",0","0","1,0","0",",0","0","2,0","0","2,0","0","2,0","29","2,0","24","2,0","","","19970811",",2,0","19970831","+,1,0","19970831","+,,0","","","19970831","+,,0","19970808",",2,0","3.9","2,0,11,","0","1,,0,31,+","0",",,0,31,+","0.0",",,0,31,+","39.4","2,0,08,","11.7","0","0.0","2,0","0.0",",,,0","0",",,,0","22.00","2,0","34.38","2,,,0","9.62","2,,,0"
"USC00268822","1997-09","39.0747","-119.1189","1310.6","WABUSKA 6 SE, NV US","","","20.9","1,0","5",",0","1",",0","0",",0","0",",0","0",",0","0","1,0","0","1,0","0",",0","28",",0","4",",0","","","19970928",",1,0","19970930","+,,0","19970930","+,,0","","","19970903",",,0","19970902","+,,0","0.6","1,0,28,","0",",,0,30,+","0",",,0,30,+","4.8",",,0,03,","33.9",",0,02,+","64.9","0","53.2",",0","8.1",",,,0","0",",,,0","17.26","1,0","28.81",",,,0","5.71","1,,,0"
"USC00268822","1997-10","39.0747","-119.1189","1310.6","WABUSKA 6 SE, NV US","","","2.2","1,0","0",",0","0",",0","0",",0","0",",0","0",",0","0","1,0","24","1,0","0","1,0","16","1,0","1","1,0","","","19971027",",1,0","19971031","+,,0","19971031","+,,0","","","19971031","+,,0","19971001",",1,0","-8.9","1,0,27,","0",",,0,31,+","0",",,0,31,+","0.0",",,0,31,+","32.8","1,0,01,","325.7","0","260.8","1,0","0.0",",,,0","0",",,,0","9.72","1,0","21.21","1,,,0","-1.78","1,,,0"
"USC00268822","1997-11","39.0747","-119.1189","1310.6","WABUSKA 6 SE, NV US","","","0.0","3,0","0",",0","0",",0","0",",0","0",",0","0",",0","0","3,0","25","3,0","0","3,0","5","3,0","0","3,0","","","19971115",",3,0","19971130","+,,0","19971130","+,,0","","","19971126","+,,0","19971107",",3,0","-11.1","3,0,15,","0",",,0,30,+","0",",,0,30,+","0.0",",T,0,26,+","24.4","3,0,07,","662.9","0","337.2","3,0","0.0",",T,,0","0",",,,0","5.84","3,0","15.72","3,,,0","-4.03","3,,,0"
"USC00268822","1997-12","39.0747","-119.1189","1310.6","WABUSKA 6 SE, NV US","","","0.0","1,0","3",",0","1",",0","0",",0","","","0","1,0","0","1,0","30","1,0","0","1,0","0","1,0","0","1,0","","","19971223",",1,0","","","19971206",",1,0","","","19971206",",,0","19971215",",1,0","-17.2","1,0,23,","","","5","1,,0,06,","3.8",",,0,06,","14.4","1,0,15,","1279.9","0","617.0","1,0","6.1",",,,0","5","1,,,0","-2.23","1,0","6.53","1,,,0","-11.00","1,,,0"
"USC00268822","1998-01","39.0747","-119.1189","1310.6","WABUSKA 6 SE, NV US","0.0","0","0.0",",0","2",",0","1",",0","0",",0","0",",0","0",",0","0",",0","31",",0","0",",0","0",",0","0",",0","","","19980106",",,0","19980131","+,,0","19980131","+,,0","","","19980119",",,0","19980119",",,0","-16.1",",0,06,","0",",,0,31,+","0",",,0,31,+","9.1",",,0,19,","19.4",",0,19,","1769.2","0","489.3",",0","10.4",",,,0","0",",,,0","2.55",",0","11.84",",,,0","-6.74",",,,0"
"USC00268822","1998-02","39.0747","-119.1189","1310.6","WABUSKA 6 SE, NV US","0.0","0","0.0","3,0","11",",0","3",",0","0",",0","1","5,0","0","2,0","0","3,0","24","3,0","0",",0","0",",0","0",",0","","","19980224",",3,0","19980217",",5,0","19980228","+,2,0","","","19980203",",,0","19980221",",,0","-8.9","3,0,24,","25","5,,0,17,","0","2,,0,28,+","5.6",",,0,03,","13.9",",0,21,","2159.5","0","390.3",",0","18.8",",,,0","0","2,,,0","2.74","3,0","9.48",",,,0","-4.00","3,,,0"
"USC00268822","1998-03","39.0747","-119.1189","1310.6","WABUSKA 6 SE, NV US","0.0","0","0.0","2,0","6",",0","4",",0","0",",0","1","4,0","0","2,0","0","2,0","20","2,0","0","1,0","7","1,0","0","1,0","","","19980307","+,2,0","19980306",",4,0","19980331","+,2,0","","","19980325",",,0","19980324","+,1,0","-10.6","2,0,07,+","76","4,,0,06,","0","2,,0,31,+","8.1",",,0,25,","23.3","1,0,24,+","2490.9","0","331.4","1,0","26.2",",,,0","0","2,,,0","7.04","2,0","15.57","1,,,0","-1.49","2,,,0"
"USC00268822","1998-04","39.0747","-119.1189","1310.6","WABUSKA 6 SE, NV US","0.0","0","0.0","3,0","3","1,0","1","1,0","0","1,0","1","3,0","0","1,0","0","3,0","16","3,0","0","2,0","7","2,0","0","2,0","","","19980413",",3,0","19980401",",3,0","19980415","+,1,0","","","19980401",",1,0","19980422",",2,0","-12.2","3,0,13,","102","3,,0,01,","0","1,T,0,15,+","11.7","1,,0,01,","28.3","2,0,22,","2772.4","0","281.5","2,0","14.5","1,,,0","0","1,T,,0","7.91","3,0","16.49","2,,,0","-0.67","3,,,0"
"USC00268822","1998-05","39.0747","-119.1189","1310.6","WABUSKA 6 SE, NV US","0.0","0","0.0","1,0","9",",0","5",",0","0",",0","","","0","2,0","0","1,0","8","1,0","0",",0","7",",0","0",",0","","","19980527",",1,0","","","19980531","+,2,0","","","19980513",",,0","19980501",",,0","-2.8","1,0,27,","","","0","2,,0,31,+","19.3",",,0,13,","27.2",",0,01,","2994.7","0","222.3",",0","64.6",",,,0","0","2,,,0","10.92","1,0","19.23",",,,0","2.61","1,,,0"
"USC00268822","1998-06","39.0747","-119.1189","1310.6","WABUSKA 6 SE, NV US","15.9","0","15.9",",0","7",",0","4",",0","0",",0","0",",0","0",",0","0",",0","0",",0","0",",0","25",",0","2",",0","","","19980617",",,0","19980630","+,,0","19980630","+,,0","","","19980604",",,0","19980630","+,,0","1.7",",0,17,","0",",,0,30,+","0",",,0,30,+","14.2",",,0,04,","32.8",",0,30,+","3056.1","0","61.4",",0","42.8",",,,0","0",",,,0","16.82",",0","25.83",",,,0","7.80",",,,0"
"USC00268822","1998-07","39.0747","-119.1189","1310.6","WABUSKA 6 SE, NV US","169.0","0","153.1",",0","3",",0","2",",0","0",",0","0",",0","0",",0","0",",0","0",",0","0",",0","31",",0","30",",0","","","19980701",",,0","19980731","+,,0","19980731","+,,0","","","19980724",",,0","19980718",",,0","6.1",",0,01,","0",",,0,31,+","0",",,0,31,+","4.8",",,0,24,","41.1",",0,18,","0.0","0","0.0",",0","9.3",",,,0","0",",,,0","23.27",",0","35.36",",,,0","11.18",",,,0"
"USC00268822","1998-08","39.0747","-119.1189","1310.6","WABUSKA 6 SE, NV US","299.9","0","130.9",",0","0",",0","0",",0","0",",0","0",",0","0",",0","0",",0","0",",0","0",",0","31",",0","26",",0","","","19980823",",,0","19980831","+,,0","19980831","+,,0","","","19980831","+,,0","19980829","+,,0","4.4",",0,23,","0",",,0,31,+","0",",,0,31,+","0.0",",,0,31,+","40.0",",0,29,+","0.0","0","0.0",",0","0.0",",,,0","0",",,,0","22.56",",0","35.31",",,,0","9.80",",,,0"
"USC00268822","1998-09","39.0747","-119.1189","1310.6","WABUSKA 6 SE, NV US","347.8","0","47.9",",0","7",",0","4",",0","0",",0","0",",0","0",",0","0",",0","0",",0","0",",0","29",",0","7",",0","","","19980922","+,,0","19980930","+,,0","19980930","+,,0","","","19980927",",,0","19980904",",,0","3.3",",0,22,+","0",",,0,30,+","0",",,0,30,+","12.7",",,0,27,","36.7",",0,04,","54.1","0","54.1",",0","30.6",",,,0","0",",,,0","18.13",",0","27.84",",,,0","8.41",",,,0"
"USC00268822","1998-10","39.0747","-119.1189","1310.6","WABUSKA 6 SE, NV US","347.8","0","0.0","2,0","1","2,0","0","2,0","0","2,0","","","0",",0","0","2,0","23","2,0","0","1,0","12","1,0","0","1,0","","","19981017",",2,0","","","19981031","+,,0","","","19981030",",2,0","19981002",",1,0","-7.8","2,0,17,","","","0",",,0,31,+","0.5","2,,0,30,","26.1","1,0,02,","332.9","0","278.8","1,0","3.0",",a,,0","0",",,,0","8.82","2,0","19.31","1,,,0","-1.68","2,,,0"
"USC00268822","1998-11","39.0747","-119.1189","1310.6","WABUSKA 6 SE, NV US","347.8","0","0.0","4,0","3","2,0","0","2,0","0","2,0","0",",0","0",",0","0","4,0","24","4,0","0","2,0","2","2,0","0","2,0","","","19981109",",4,0","19981130","+,,0","19981130","+,,0","","","19981123",",2,0","19981123",",2,0","-11.1","4,0,09,","0",",,0,30,+","0",",,0,30,+","0.8","2,,0,23,","22.2","2,0,23,","686.8","0","353.9","2,0","2.1",",a,,0","0",",,,0","4.89","4,0","14.26","2,,,0","-4.49","4,,,0"
"USC00268822","1998-12","39.0747","-119.1189","1310.6","WABUSKA 6 SE, NV US","347.8","0","0.0","2,0","0","1,0","0","1,0","0","1,0","0","4,0","0","1,0","4","2,0","29","2,0","6","1,0","0","1,0","0","1,0","","","19981221",",2,0","19981231","+,4,0","19981206",",1,0","","","19981219",",1,0","19981229","+,1,0","-25.0","2,0,21,","0","4,,0,31,+","8","1,,0,06,","0.0","1,T,0,19,","17.8","1,0,29,+","1277.1","0","590.3","1,0","0.0","1,T,,0","8","1,,,0","-1.92","2,0","7.70","1,,,0","-11.55","2,,,0"
"USC00268822","1999-01","39.0747","-119.1189","1310.6","WABUSKA 6 SE, NV US","0.0","0","0.0","3,0","4",",0","1",",0","0",",0","2","5,0","0","2,0","0","3,0","23","3,0","0","2,0","0","2,0","0","2,0","","","19990129","+,3,0","19990125",",5,0","19990131","+,2,0","","","19990125",",,0","19990123",",2,0","-12.8","3,0,29,+","51","5,,0,25,","0","2,,0,31,+","4.1",",,0,25,","16.1","2,0,23,","1752.5","0","475.4","2,0","8.2",",,,0","0","2,,,0","1.38","3,0","10.54","2,,,0","-7.78","3,,,0"
"USC00268822","1999-02","39.0747","-119.1189","1310.6","WABUSKA 6 SE, NV US","0.0","0","0.0","2,0","2",",0","1",",0","0",",0","0","3,0","0","1,0","0","2,0","26","2,0","0","1,0","1","1,0","0","1,0","","","19990211",",2,0","19990228","+,3,0","19990228","+,1,0","","","19990210",",,0","19990225",",1,0","-12.8","2,0,11,","0","3,,0,28,+","0","1,,0,28,+","3.8",",,0,10,","21.7","1,0,25,","2154.5","0","402.0","1,0","4.3",",,,0","0","1,,,0","2.89","2,0","12.64","1,,,0","-6.87","2,,,0"
"USC00268822","1999-03","39.0747","-119.1189","1310.6","WABUSKA 6 SE, NV US","0.0","0","0.0","1,0","1",",0","0",",0","0",",0","0",",0","0","1,0","0","1,0","28","1,0","0",",0","8",",0","0",",0","","","19990310","+,1,0","19990331","+,,0","19990331","+,1,0","","","19990331",",,0","19990319",",,0","-11.1","1,0,10,+","0",",,0,31,+","0","1,,0,31,+","0.3",",,0,31,","23.3",",0,19,","2529.2","0","374.7",",0","0.3",",,,0","0","1,,,0","5.91","1,0","16.56",",,,0","-4.74","1,,,0"
"USC00268822","1999-04","39.0747","-119.1189","1310.6","WABUSKA 6 SE, NV US","0.0","0","0.0","1,0","4",",0","2",",0","0",",0","1","4,0","0","3,0","0","1,0","15","1,0","0","1,0","9","1,0","0","1,0","","","19990410",",1,0","19990406",",4,0","19990430","+,3,0","","","19990430",",,0","19990419","+,1,0","-7.8","1,0,10,","25","4,,0,06,","0","3,,0,30,+","9.7",",,0,30,","27.2","1,0,19,+","2828.6","0","299.4","1,0","16.3",",,,0","0","3,,,0","8.01","1,0","16.06","1,,,0","-0.04","1,,,0"
"USC00268822","1999-05","39.0747","-119.1189","1310.6","WABUSKA 6 SE, NV US","7.2","0","7.2","3,0","1",",0","0",",0","0",",0","0",",0","0",",0","0","3,0","5","3,0","0","2,0","23","2,0","1","2,0","","","19990514",",3,0","19990531","+,,0","19990531","+,,0","","","19990527",",,0","19990528",",2,0","-2.2","3,0,14,","0",",,0,31,+","0",",,0,31,+","0.3",",,0,27,","32.2","2,0,28,","2946.0","0","117.4","2,0","0.3",",,,0","0",",,,0","14.28","3,0","24.41","2,,,0","4.15","3,,,0"
"USC00268822","1999-06","39.0747","-119.1189","1310.6","WABUSKA 6 SE, NV US","71.2","0","64.0","1,0","3",",0","1",",0","0",",0","0",",0","0",",0","0","1,0","0","1,0","0","1,0","26","1,0","14","1,0","","","19990608","+,1,0","19990630","+,,0","19990630","+,,0","","","19990624",",,0","19990616","+,1,0","1.1","1,0,08,+","0",",,0,30,+","0",",,0,30,+","3.3",",,0,24,","36.7","1,0,16,+","2995.5","0","49.5","1,0","4.3",",,,0","0",",,,0","18.83","1,0","29.71","1,,,0","7.95","1,,,0"
"USC00268822","1999-07","39.0747","-119.1189","1310.6","WABUSKA 6 SE, NV US","199.8","0","128.6","3,0","0",",0","0",",0","0",",0","0",",0","0",",0","0","3,0","0","3,0","0","3,0","28","3,0","24","3,0","","","19990721",",3,0","19990731","+,,0","19990731","+,,0","","","19990731","+,,0","19990713","+,3,0","6.1","3,0,21,","0",",,0,31,+","0",",,0,31,+","0.0",",,0,31,+","39.4","3,0,13,+","0.0","0","0.0","3,0","0.0",",,,0","0",",,,0","22.93","3,0","34.98","3,,,0","10.88","3,,,0"
"USC00268822","1999-08","39.0747","-119.1189","1310.6","WABUSKA 6 SE, NV US","288.7","0","88.9",",0","4",",0","2",",0","0",",0","0",",0","0",",0","0",",0","0",",0","0",",0","30",",0","23",",0","","","19990831",",,0","19990831","+,,0","19990831","+,,0","","","19990807",",,0","19990826",",,0","2.2",",0,31,","0",",,0,31,+","0",",,0,31,+","5.8",",,0,07,","36.1",",0,26,","11.1","0","11.1",",0","12.2",",,,0","0",",,,0","20.84",",0","32.59",",,,0","9.09",",,,0"
"USC00268822","1999-09","39.0747","-119.1189","1310.6","WABUSKA 6 SE, NV US","309.4","0","20.7","1,0","1",",0","0",",0","0",",0","0",",0","0",",0","0","1,0","2","1,0","0",",0","29",",0","7",",0","","","19990928",",1,0","19990930","+,,0","19990930","+,,0","","","19990918",",,0","19990909",",,0","-2.2","1,0,28,","0",",,0,30,+","0",",,0,30,+","1.3",",,0,18,","35.0",",0,09,","61.7","0","50.6",",0","1.3",",,,0","0",",,,0","17.22","1,0","29.00",",,,0","5.44","1,,,0"
"USC00268822","1999-10","39.0747","-119.1189","1310.6","WABUSKA 6 SE, NV US","309.4","0","0.0","1,0","1",",0","0",",0","0",",0","0",",0","0",",0","0","1,0","17","1,0","0","1,0","23","1,0","0","1,0","","","19991017",",1,0","19991031","+,,0","19991031","+,,0","","","19991007",",,0","19991014","+,1,0","-7.2","1,0,17,","0",",,0,31,+","0",",,0,31,+","0.3",",,0,07,","30.0","1,0,14,+","267.6","0","205.9","1,0","0.3",",,,0","0",",,,0","11.47","1,0","24.19","1,,,0","-1.25","1,,,0"
"USC00268822","1999-11","39.0747","-119.1189","1310.6","WABUSKA 6 SE, NV US","309.4","0","0.0","1,0","0","1,0","0","1,0","0","1,0","0","1,0","0","1,0","0","1,0","26","1,0","0",",0","11",",0","0",",0","","","19991122",",1,0","19991130","+,1,0","19991130","+,1,0","","","19991130","+,1,0","19991108",",,0","-12.8","1,0,22,","0","1,,0,30,+","0","1,,0,30,+","0.0","1,,0,30,+","24.4",",0,08,","600.8","0","333.2",",0","0.0","1,,,0","0","1,,,0","6.74","1,0","18.26",",,,0","-4.79","1,,,0"
"USC00268822","1999-12","39.0747","-119.1189","1310.6","WABUSKA 6 SE, NV US","309.4","0","0.0",",0","0",",0","0",",0","0",",0","0",",0","0",",0","0",",0","31",",0","0",",0","0",",0","0",",0","","","19991230",",,0","19991207",",,0","19991207",",,0","","","19991207",",,0","19991201",",,0","-14.4",",0,30,","0",",T,0,07,","0",",T,0,07,","0.0",",T,0,07,","18.9",",0,01,","1185.0","0","584.2",",0","0.0",",T,,0","0",",T,,0","-0.51",",0","10.32",",,,0","-11.34",",,,0"
"USC00268822","2000-01","39.0747","-119.1189","1310.6","WABUSKA 6 SE, NV US","0.0","0","0.0","3,0","7",",0","4",",0","0",",0","0",",0","0",",0","0","2,0","28","2,0","0","2,0","0","2,0","0","2,0","","","20000106",",2,0","20000131","+,,0","20000131","+,,0","","","20000124",",,0","20000114",",2,0","-16.7","2,0,06,","0",",,0,31,+","0",",,0,31,+","6.1",",,0,24,","18.9","2,0,14,","1655.9","0","470.9","2,0","20.7",",,,0","0",",,,0","1.59","3,0","10.77","2,,,0","-7.59","2,,,0"
"USC00268822","2000-02","39.0747","-119.1189","1310.6","WABUSKA 6 SE, NV US","0.0","0","0.0",",0","9",",0","0",",0","0",",0","0",",0","0",",0","0",",0","27",",0","0",",0","1",",0","0",",0","","","20000224",",,0","20000229","+,,0","20000229","+,,0","","","20000221",",,0","20000209",",,0","-9.4",",0,24,","0",",,0,29,+","0",",,0,29,+","2.3",",,0,21,","21.7",",0,09,","2058.0","0","402.1",",0","10.7",",,,0","0",",,,0","4.47",",0","13.12",",,,0","-4.19",",,,0"
"USC00268822","2000-03","39.0747","-119.1189","1310.6","WABUSKA 6 SE, NV US","0.0","0","0.0",",0","4",",0","3",",0","0",",0","0",",0","0",",0","0",",0","27",",0","0",",0","4",",0","0",",0","","","20000321",",,0","20000331","+,,0","20000331","+,,0","","","20000306",",,0","20000327",",,0","-9.4",",0,21,","0",",,0,31,+","0",",,0,31,+","5.8",",,0,06,","23.3",",0,27,","2426.1","0","368.1",",0","15.7",",,,0","0",",,,0","6.46",",0","16.00",",,,0","-3.08",",,,0"
"USC00268822","2000-04","39.0747","-119.1189","1310.6","WABUSKA 6 SE, NV US","0.0","0","0.0",",0","1",",0","1",",0","0",",0","0",",0","0",",0","0",",0","13",",0","0",",0","19",",0","0",",0","","","20000405",",,0","20000430","+,,0","20000430","+,,0","","","20000418",",,0","20000428",",,0","-6.7",",0,05,","0",",,0,30,+","0",",,0,30,+","3.8",",,0,18,","30.0",",0,28,","2628.2","0","202.1",",0","3.8",",,,0","0",",,,0","11.60",",0","22.53",",,,0","0.66",",,,0"
"USC00268822","2000-05","39.0747","-119.1189","1310.6","WABUSKA 6 SE, NV US","23.5","0","23.5",",0","1",",0","0",",0","0",",0","0",",0","0",",0","0",",0","3",",0","0",",0","27",",0","5",",0","","","20000511",",,0","20000531","+,,0","20000531","+,,0","","","20000509",",,0","20000523",",,0","-9.4",",0,11,","0",",,0,31,+","0",",,0,31,+","1.5",",,0,09,","36.7",",0,23,","2734.8","0","106.6",",0","1.5",",,,0","0",",,,0","15.65",",0","26.35",",,,0","4.96",",,,0"
"USC00268822","2000-06","39.0747","-119.1189","1310.6","WABUSKA 6 SE, NV US","115.8","0","92.3","1,0","2",",0","1",",0","0",",0","0",",0","0",",0","0","1,0","0","1,0","0",",0","29",",0","19",",0","","","20000601",",1,0","20000630","+,,0","20000630","+,,0","1","","20000628",",,0","20000605",",,0","1.7","1,0,01,","0",",,0,30,+","0",",,0,30,+","20.8",",,0,28,","37.8",",0,05,","2753.1","0","18.3",",0","21.1",",,,0","0",",,,0","20.86","1,0","32.41",",,,0","9.31","1,,,0"
"USC00268822","2000-07","39.0747","-119.1189","1310.6","WABUSKA 6 SE, NV US","239.1","0","123.3",",0","0",",0","0",",0","0",",0","0",",0","0",",0","0",",0","0",",0","0",",0","31",",0","25",",0","","","20000704",",,0","20000731","+,,0","20000731","+,,0","","","20000731","+,,0","20000731",",,0","5.6",",0,04,","0",",,0,31,+","0",",,0,31,+","0.0",",,0,31,+","40.0",",0,31,","3.0","0","3.0",",0","0.0",",,,0","0",",,,0","22.21",",0","34.66",",,,0","9.77",",,,0"
"USC00268822","2000-08","39.0747","-119.1189","1310.6","WABUSKA 6 SE, NV US","349.5","0","110.4",",0","2",",0","0",",0","0",",0","0",",0","0",",0","0",",0","0",",0","0",",0","30",",0","27",",0","","","20000819",",,0","20000831","+,,0","20000831","+,,0","","","20000830","+,,0","20000801",",,0","2.8",",0,19,","0",",,0,31,+","0",",,0,31,+","0.3",",,0,30,+","40.6",",0,01,","8.0","0","5.0",",0","0.6",",,,0","0",",,,0","21.73",",0","34.11",",,,0","9.35",",,,0"
"USC00268822","2000-09","39.0747","-119.1189","1310.6","WABUSKA 6 SE, NV US","362.8","0","13.3","1,0","2",",0","0",",0","0",",0","0",",0","0",",0","0","1,0","4","1,0","0","1,0","28","1,0","7","1,0","","","20000905",",1,0","20000930","+,,0","20000930","+,,0","","","20000902",",,0","20000914",",1,0","-3.9","1,0,05,","0",",,0,30,+","0",",,0,30,+","2.3",",,0,02,","36.7","1,0,14,","93.9","0","85.9","1,0","4.1",",,,0","0",",,,0","15.83","1,0","28.08","1,,,0","3.58","1,,,0"
"USC00268822","2000-10","39.0747","-119.1189","1310.6","WABUSKA 6 SE, NV US","362.8","0","0.0",",0","2",",0","1",",0","0",",0","0",",0","0",",0","0",",0","22",",0","0",",0","17",",0","1",",0","","","20001029",",,0","20001031","+,,0","20001031","+,,0","","","20001030",",,0","20001002",",,0","-6.1",",0,29,","0",",,0,31,+","0",",,0,31,+","6.6",",,0,30,","32.2",",0,02,","356.3","0","262.4",",0","7.6",",,,0","0",",,,0","9.87",",0","21.21",",,,0","-1.47",",,,0"
"USC00268822","2000-11","39.0747","-119.1189","1310.6","WABUSKA 6 SE, NV US","","","","","2",",0","2",",0","0",",0","","","0","2,0","0","4,0","26","4,0","","","","","","","","","20001104",",4,0","","","20001130","+,2,0","","","20001109",",,0","","","-12.2","4,0,04,","","","0","2,,0,30,+","12.2",",,0,09,","","","","","","","15.8",",,,0","0","2,,,0","","","","","-7.36","4,,,0"
"USC00268822","2000-12","39.0747","-119.1189","1310.6","WABUSKA 6 SE, NV US","","","0.0","2,0","1",",0","1",",0","0",",0","","","0","1,0","0","2,0","29","2,0","0",",0","0",",0","0",",0","","","20001229","+,2,0","","","20001231","+,1,0","","","20001212",",,0","20001222","+,,0","-13.3","2,0,29,+","","","0","1,,0,31,+","4.8",",,0,12,","13.9",",0,22,+","","","519.8",",0","4.8",",,,0","0","1,,,0","0.36","2,0","9.78",",,,0","-9.06","2,,,0"
"USC00268822","2001-01","39.0747","-119.1189","1310.6","WABUSKA 6 SE, NV US","0.0","0","0.0","1,0","5","1,0","3","1,0","0","1,0","2","3,0","0","3,0","0","1,0","30","1,0","0",",0","0",",0","0",",0","","","20010106",",1,0","20010126","+,3,0","20010131","+,3,0","","","20010111",",1,0","20010106",",,0","-14.4","1,0,06,","51","3,,0,26,+","0","3,,0,31,+","5.1","1,,0,11,","12.8",",0,06,","","","584.1",",0","14.5","1,,,0","0","3,,,0","-1.16","1,0","7.15",",,,0","-9.47","1,,,0"
"USC00268822","2001-02","39.0747","-119.1189","1310.6","WABUSKA 6 SE, NV US","0.0","0","0.0",",0","2",",0","1",",0","0",",0","0",",0","0",",0","0",",0","28",",0","1",",0","0",",0","0",",0","","","20010209","+,,0","20010207",",,0","20010228","+,,0","","","20010225",",,0","20010205",",,0","-13.3",",0,09,+","0",",T,0,07,","0",",,0,28,+","2.5",",,0,25,","18.9",",0,05,","","","493.0",",0","3.0",",,,0","0",",,,0","0.73",",0","9.39",",,,0","-7.94",",,,0"
"USC00268822","2001-03","39.0747","-119.1189","1310.6","WABUSKA 6 SE, NV US","0.0","0","0.0",",0","3",",0","1",",0","0",",0","0",",0","0",",0","0",",0","21",",0","0",",0","12",",0","0",",0","","","20010301",",,0","20010331","+,,0","20010331","+,,0","","","20010303",",,0","20010320",",,0","-11.7",",0,01,","0",",,0,31,+","0",",,0,31,+","3.6",",,0,03,","26.1",",0,20,","","","324.1",",0","5.2",",,,0","0",",,,0","7.88",",0","17.53",",,,0","-1.77",",,,0"
"USC00268822","2001-04","39.0747","-119.1189","1310.6","WABUSKA 6 SE, NV US","0.6","0","0.6","2,0","4",",0","1",",0","0",",0","0",",0","0",",0","0","2,0","19","2,0","0","1,0","12","1,0","0","1,0","","","20010402",",2,0","20010430","+,,0","20010430","+,,0","","","20010421",",,0","20010427","+,1,0","-12.8","2,0,02,","0",",,0,30,+","0",",,0,30,+","8.1",",,0,21,","28.9","1,0,27,+","","","285.9","1,0","9.7",",,,0","0",",,,0","8.24","2,0","18.79","1,,,0","-2.30","2,,,0"
"USC00268822","2001-05","39.0747","-119.1189","1310.6","WABUSKA 6 SE, NV US","31.4","0","30.8","1,0","1",",0","0",",0","0",",0","0",",0","0",",0","0","1,0","2","1,0","0","1,0","28","1,0","8","1,0","","","20010504",",1,0","20010531","+,,0","20010531","+,,0","","","20010514",",,0","20010525",",1,0","-1.7","1,0,04,","0",",,0,31,+","0",",,0,31,+","0.5",",,0,14,","36.1","1,0,25,","","","45.3","1,0","0.5",",,,0","0",",,,0","17.85","1,0","29.28","1,,,0","6.43","1,,,0"
"USC00268822","2001-06","39.0747","-119.1189","1310.6","WABUSKA 6 SE, NV US","120.1","0","88.7","1,0","0",",0","0",",0","0",",0","0",",0","0",",0","0","1,0","0","1,0","0",",0","30",",0","17",",0","","","20010604",",1,0","20010630","+,,0","20010630","+,,0","","","20010630","+,,0","20010622",",,0","1.1","1,0,04,","0",",,0,30,+","0",",,0,30,+","0.0",",,0,30,+","39.4",",0,22,","","","21.4",",0","0.0",",,,0","0",",,,0","20.64","1,0","31.98",",,,0","9.30","1,,,0"
"USC00268822","2001-07","39.0747","-119.1189","1310.6","WABUSKA 6 SE, NV US","251.2","0","131.1",",0","1",",0","0",",0","0",",0","0",",0","0",",0","0",",0","0",",0","0",",0","31",",0","26",",0","","","20010721",",,0","20010731","+,,0","20010731","+,,0","","","20010711",",,0","20010703",",,0","5.0",",0,21,","0",",,0,31,+","0",",,0,31,+","0.3",",,0,11,","40.0",",0,03,","0.0","0","0.0",",0","0.3",",,,0","0",",,,0","22.56",",0","34.53",",,,0","10.59",",,,0"
"USC00268822","2001-08","39.0747","-119.1189","1310.6","WABUSKA 6 SE, NV US","397.3","0","146.1",",0","1",",0","0",",0","0",",0","0",",0","0",",0","0",",0","0",",0","0",",0","31",",0","29",",0","","","20010821",",,0","20010831","+,,0","20010831","+,,0","","","20010810",",,0","20010809",",,0","4.4",",0,21,","0",",,0,31,+","0",",,0,31,+","0.5",",,0,10,","40.0",",0,09,","0.0","0","0.0",",0","0.5",",,,0","0",",,,0","23.05",",0","36.29",",,,0","9.80",",,,0"
"USC00268822","2001-09","39.0747","-119.1189","1310.6","WABUSKA 6 SE, NV US","425.4","0","28.1",",0","0",",0","0",",0","0",",0","0",",0","0",",0","0",",0","0",",0","0",",0","30",",0","14",",0","","","20010907",",,0","20010930","+,,0","20010930","+,,0","","","20010930","+,,0","20010903","+,,0","1.1",",0,07,","0",",,0,30,+","0",",,0,30,+","0.0",",,0,30,+","35.0",",0,03,+","30.6","0","30.6",",0","0.0",",,,0","0",",,,0","18.25",",0","30.83",",,,0","5.67",",,,0"
"USC00268822","2001-10","39.0747","-119.1189","1310.6","WABUSKA 6 SE, NV US","426.2","0","0.8","1,0","0",",0","0",",0","0",",0","0",",0","0",",0","0","1,0","15","1,0","0",",0","26",",0","3",",0","","","20011024",",1,0","20011031","+,,0","20011031","+,,0","","","20011031","+,,0","20011004",",,0","-6.1","1,0,24,","0",",,0,31,+","0",",,0,31,+","0.0",",,0,31,+","32.8",",0,04,","206.0","0","175.4",",0","0.0",",,,0","0",",,,0","12.47","1,0","25.15",",,,0","-0.21","1,,,0"
"USC00268822","2001-11","39.0747","-119.1189","1310.6","WABUSKA 6 SE, NV US","426.2","0","0.0",",0","5",",0","1",",0","0",",0","0",",0","0",",0","0",",0","28",",0","0",",0","4",",0","0",",0","","","20011121",",,0","20011130","+,,0","20011130","+,,0","","","20011125",",,0","20011107",",,0","-11.1",",0,21,","0",",,0,30,+","0",",,0,30,+","8.6",",,0,25,","23.9",",0,07,","589.6","0","383.6",",0","11.0",",,,0","0",",,,0","5.55",",0","16.02",",,,0","-4.93",",,,0"
"USC00268822","2001-12","39.0747","-119.1189","1310.6","WABUSKA 6 SE, NV US","426.2","0","0.0",",0","10",",0","4",",0","0",",0","0",",0","0",",0","0",",0","29",",0","0",",0","0",",0","0",",0","","","20011215",",,0","20011231","+,,0","20011231","+,,0","","","20011229",",,0","20011207",",,0","-10.6",",0,15,","0",",,0,31,+","0",",,0,31,+","8.4",",,0,29,","15.6",",0,07,","1126.1","0","536.5",",0","23.3",",,,0","0",",,,0","1.03",",0","7.45",",,,0","-5.39",",,,0"
"USC00268822","2002-01","39.0747","-119.1189","1310.6","WABUSKA 6 SE, NV US","0.0","0","0.0","1,0","3",",0","1",",0","0",",0","0",",0","0",",0","0","1,0","28","1,0","0",",0","0",",0","0",",0","","","20020131","+,1,0","20020131","+,,0","20020131","+,,0","","","20020103",",,0","20020126",",,0","-15.6","1,0,31,+","0",",,0,31,+","0",",,0,31,+","6.6",",,0,03,","20.0",",0,26,","1679.3","0","553.2",",0","8.4",",,,0","0",",,,0","-0.02","1,0","8.30",",,,0","-8.33","1,,,0"
"USC00268822","2002-02","39.0747","-119.1189","1310.6","WABUSKA 6 SE, NV US","0.0","0","0.0","1,0","0",",0","0",",0","0",",0","0",",0","0",",0","1","1,0","26","1,0","0",",0","1",",0","0",",0","","","20020208",",1,0","20020228","+,,0","20020228","+,,0","","","20020228","+,,0","20020223",",,0","-20.6","1,0,08,","0",",,0,28,+","0",",,0,28,+","0.0",",,0,28,+","23.9",",0,23,","2107.4","0","428.1",",0","0.0",",,,0","0",",,,0","2.67","1,0","13.78",",,,0","-8.44","1,,,0"
"USC00268822","2002-03","39.0747","-119.1189","1310.6","WABUSKA 6 SE, NV US","0.0","0","0.0",",0","4",",0","0",",0","0",",0","1","3,0","0","2,0","1",",0","30",",0","0",",0","5",",0","0",",0","","","20020307",",,0","20020316",",3,0","20020331","+,2,0","","","20020316",",,0","20020331",",,0","-20.0",",0,07,","25","3,,0,16,","0","2,,0,31,+","1.5",",,0,16,","23.9",",0,31,","2565.9","0","458.5",",0","4.4",",,,0","0","2,,,0","3.54",",0","14.84",",,,0","-7.75",",,,0"
"USC00268822","2002-04","39.0747","-119.1189","1310.6","WABUSKA 6 SE, NV US","0.0","0","0.0","2,0","4",",0","1",",0","0",",0","0",",0","0",",0","0","2,0","14","2,0","0",",0","20",",0","0",",0","","","20020418",",2,0","20020430","+,,0","20020430","+,,0","","","20020427",",,0","20020415",",,0","-8.3","2,0,18,","0",",,0,30,+","0",",,0,30,+","6.4",",,0,27,","28.9",",0,15,","2780.9","0","215.0",",0","9.3",",,,0","0",",,,0","10.72","2,0","21.27",",,,0","0.16","2,,,0"
"USC00268822","2002-05","39.0747","-119.1189","1310.6","WABUSKA 6 SE, NV US","13.9","0","13.9","3,0","3",",0","1",",0","0",",0","0",",0","0",",0","0","3,0","7","3,0","0",",0","22",",0","2",",0","","","20020507",",3,0","20020531","+,,0","20020531","+,,0","","","20020511",",,0","20020531",",,0","-11.1","3,0,07,","0",",,0,31,+","0",",,0,31,+","5.8",",,0,11,","37.2",",0,31,","2937.5","0","156.6",",0","7.9",",,,0","0",",,,0","13.48","3,0","24.78",",,,0","2.17","3,,,0"
"USC00268822","2002-06","39.0747","-119.1189","1310.6","WABUSKA 6 SE, NV US","106.0","0","92.1",",0","1",",0","0",",0","0",",0","0",",0","0",",0","0",",0","0",",0","0",",0","28",",0","20",",0","","","20020609",",,0","20020630","+,,0","20020630","+,,0","","","20020622",",,0","20020627",",,0","0.6",",0,09,","0",",,0,30,+","0",",,0,30,+","0.5",",,0,22,","37.8",",0,27,","2963.3","0","25.8",",0","0.5",",,,0","0",",,,0","20.54",",0","32.28",",,,0","8.80",",,,0"
"USC00268822","2002-07","39.0747","-119.1189","1310.6","WABUSKA 6 SE, NV US","293.6","0","187.6",",0","3",",0","1",",0","0",",0","0",",0","0",",0","0",",0","0",",0","0",",0","31",",0","30",",0","","","20020726",",,0","20020731","+,,0","20020731","+,,0","","","20020718",",,0","20020712",",,0","7.2",",0,26,","0",",,0,31,+","0",",,0,31,+","4.8",",,0,18,","43.3",",0,12,","0.5","0","0.5",",0","5.9",",,,0","0",",,,0","24.37",",0","36.89",",,,0","11.84",",,,0"
"USC00268822","2002-08","39.0747","-119.1189","1310.6","WABUSKA 6 SE, NV US","375.6","0","82.0","4,0","1",",0","1",",0","0",",0","0",",0","0",",0","0","4,0","1","4,0","0",",0","31",",0","19",",0","","","20020820",",4,0","20020831","+,,0","20020831","+,,0","","","20020831",",,0","20020817",",,0","0.0","4,0,20,","0",",,0,31,+","0",",,0,31,+","6.4",",,0,31,","39.4",",0,17,","8.8","0","8.3",",0","6.4",",,,0","0",",,,0","20.94","4,0","33.56",",,,0","8.32","4,,,0"
"USC00268822","2002-09","39.0747","-119.1189","1310.6","WABUSKA 6 SE, NV US","394.2","0","18.6","4,0","0",",0","0",",0","0",",0","0",",0","0",",0","0","4,0","3","4,0","0",",0","30",",0","10",",0","","","20020929",",4,0","20020930","+,,0","20020930","+,,0","","","20020930","+,,0","20020915",",,0","-2.8","4,0,29,","0",",,0,30,+","0",",,0,30,+","0.0",",,0,30,+","36.7",",0,15,","71.8","0","63.0",",0","0.0",",,,0","0",",,,0","16.69","4,0","29.67",",,,0","3.72","4,,,0"
"USC00268822","2002-10","39.0747","-119.1189","1310.6","WABUSKA 6 SE, NV US","394.2","0","0.0","1,0","2",",0","0",",0","0",",0","0",",0","0",",0","0","1,0","27","1,0","0","1,0","15","1,0","0","1,0","","","20021031",",1,0","20021031","+,,0","20021031","+,,0","","","20021001",",,0","20021010",",1,0","-10.6","1,0,31,","0",",,0,31,+","0",",,0,31,+","0.5",",,0,01,","28.9","1,0,10,","351.1","0","279.3","1,0","0.8",",,,0","0",",,,0","9.02","1,0","21.23","1,,,0","-3.18","1,,,0"
"USC00268822","2002-11","39.0747","-119.1189","1310.6","WABUSKA 6 SE, NV US","394.2","0","0.0","1,0","2",",0","2",",0","0",",0","0",",0","0",",0","0","1,0","29","1,0","0",",0","0",",0","0",",0","","","20021102",",1,0","20021130","+,,0","20021130","+,,0","","","20021108",",,0","20021117",",,0","-15.0","1,0,02,","0",",,0,30,+","0",",,0,30,+","6.6",",,0,08,","20.0",",0,17,","789.1","0","438.0",",0","11.2",",,,0","0",",,,0","3.31","1,0","14.22",",,,0","-7.60","1,,,0"
"USC00268822","2002-12","39.0747","-119.1189","1310.6","WABUSKA 6 SE, NV US","394.2","0","0.0","2,0","8",",0","3",",0","0",",0","0","1,0","0","1,0","0","2,0","28","2,0","0",",0","0",",0","0",",0","","","20021216",",2,0","20021231","+,1,0","20021231","+,1,0","","","20021217",",,0","20021215",",,0","-14.4","2,0,16,","0","1,,0,31,+","0","1,,0,31,+","9.7",",,0,17,","20.0",",0,15,","1308.8","0","519.7",",0","21.0",",,,0","0","1,,,0","0.48","2,0","9.76",",,,0","-8.81","2,,,0"
"USC00268822","2003-01","39.0747","-119.1189","1310.6","WABUSKA 6 SE, NV US","0.0","0","0.0",",0","5",",0","1",",0","0",",0","0",",0","0",",0","0",",0","31",",0","0",",0","0",",0","0",",0","","","20030102",",,0","20030131","+,,0","20030131","+,,0","","","20030124",",,0","20030131",",,0","-11.7",",0,02,","0",",,0,31,+","0",",,0,31,+","4.1",",,0,24,","18.9",",0,31,","1742.3","0","433.5",",0","7.0",",,,0","0",",,,0","4.35",",0","13.45",",,,0","-4.75",",,,0"
"USC00268822","2003-02","39.0747","-119.1189","1310.6","WABUSKA 6 SE, NV US","0.0","0","0.0",",0","2","1,0","0","1,0","0","1,0","0",",0","0",",0","0",",0","28",",0","0",",0","1",",0","0",",0","","","20030208",",,0","20030202",",,0","20030202",",,0","","","20030216",",1,0","20030201",",,0","-15.0",",0,08,","0",",T,0,02,","0",",T,0,02,","1.0","1,,0,16,","21.7",",0,01,","2213.7","0","471.4",",0","1.8","1,,,0","0",",T,,0","1.50",",0","10.87",",,,0","-7.88",",,,0"
"USC00268822","2003-03","39.0747","-119.1189","1310.6","WABUSKA 6 SE, NV US","0.0","0","0.0","3,0","4",",0","0",",0","0",",0","0",",0","0",",0","0","3,0","24","3,0","0",",0","6",",0","0",",0","","","20030326",",3,0","20030301",",,0","20030301",",,0","","","20030316",",,0","20030331",",,0","-12.8","3,0,26,","0",",T,0,01,","0",",T,0,01,","1.5",",,0,16,","26.1",",0,31,","2551.6","0","337.9",",0","4.1",",,,0","0",",T,,0","6.48","3,0","16.95",",,,0","-3.99","3,,,0"
"USC00268822","2003-04","39.0747","-119.1189","1310.6","WABUSKA 6 SE, NV US","","","","","4",",0","1",",0","0",",0","0",",0","0",",0","","","","","0","3,0","3","3,0","0","3,0","","","","","20030430","+,,0","20030430","+,,0","","","20030417",",,0","20030409",",3,0","","","0",",,0,30,+","0",",,0,30,+","6.4",",,0,17,","25.0","3,0,09,","","","","","9.2",",,,0","0",",,,0","","","15.98","3,,,0","",""
"USC00268822","2003-05","39.0747","-119.1189","1310.6","WABUSKA 6 SE, NV US","","","25.8","4,0","3",",0","0",",0","0",",0","0",",0","0",",0","0","3,0","12","3,0","0","2,0","17","2,0","6","2,0","","","20030516",",3,0","20030531","+,,0","20030531","+,,0","","","20030503",",,0","20030529",",2,0","-9.4","3,0,16,","0",",,0,31,+","0",",,0,31,+","1.5",",,0,03,","38.3","2,0,29,","","","169.3","2,0","4.1",",,,0","0",",,,0","13.39","4,0","24.59","2,,,0","2.20","3,,,0"
"USC00268822","2003-06","39.0747","-119.1189","1310.6","WABUSKA 6 SE, NV US","","","78.8","1,0","1",",0","0",",0","0",",0","0",",0","0",",0","0",",0","0",",0","0","1,0","29","1,0","21","1,0","","","20030615",",,0","20030630","+,,0","20030630","+,,0","","","20030623",",,0","20030618",",1,0","2.8",",0,15,","0",",,0,30,+","0",",,0,30,+","2.0",",,0,23,","37.2","1,0,18,","","","15.3","1,0","2.0",",,,0","0",",,,0","20.51","1,0","32.78","1,,,0","8.25",",,,0"
"USC00268822","2003-07","39.0747","-119.1189","1310.6","WABUSKA 6 SE, NV US","","","","","4",",0","1",",0","0",",0","0",",0","0",",0","0","4,0","0","4,0","0","3,0","28","3,0","28","3,0","","","20030701",",4,0","20030731","+,,0","20030731","+,,0","","","20030726",",,0","20030723",",3,0","6.1","4,0,01,","0",",,0,31,+","0",",,0,31,+","2.5",",,0,26,","42.2","3,0,23,","","","","","6.3",",,,0","0",",,,0","24.84","6,0","37.10","3,,,0","12.57","4,,,0"
"USC00268822","2003-08","39.0747","-119.1189","1310.6","WABUSKA 6 SE, NV US","","","99.8","2,0","5",",0","2",",0","0",",0","0",",0","0",",0","0","2,0","1","2,0","0",",0","31",",0","23",",0","1","","20030812",",2,0","20030831","+,,0","20030831","+,,0","1","","20030822",",,0","20030819","+,,0","-3.9","2,0,12,","0",",,0,31,+","0",",,0,31,+","6.4",",,0,22,","37.8",",0,19,+","","","1.9",",0","13.4",",,,0","0",",,,0","21.79","2,0","34.03",",,,0","9.55","2,,,0"
"USC00268822","2003-09","39.0747","-119.1189","1310.6","WABUSKA 6 SE, NV US","","","","","1",",0","0",",0","0",",0","0",",0","0",",0","0","5,0","3","5,0","","","","","","","","","20030907",",5,0","20030930","+,,0","20030930","+,,0","","","20030905",",,0","","","-5.6","5,0,07,","0",",,0,30,+","0",",,0,30,+","0.5",",,0,05,","","","","","","","0.5",",,,0","0",",,,0","","","","","3.57","5,,,0"
"USC00268822","2003-10","39.0747","-119.1189","1310.6","WABUSKA 6 SE, NV US","","","0.8","2,0","1",",0","0",",0","0",",0","0",",0","0",",0","0","2,0","15","2,0","0",",0","27",",0","0",",0","","","20031016",",2,0","20031031","+,,0","20031031","+,,0","","","20031003",",,0","20031010","+,,0","-7.8","2,0,16,","0",",,0,31,+","0",",,0,31,+","0.5",",,0,03,","31.1",",0,10,+","","","155.0",",0","0.5",",,,0","0",",,,0","13.11","2,0","26.08",",,,0","0.14","2,,,0"
"USC00268822","2003-11","39.0747","-119.1189","1310.6","WABUSKA 6 SE, NV US","","","0.0",",0","","","","","","","0","5,0","0",",0","0",",0","30",",0","0",",0","1",",0","0",",0","","","20031121",",,0","20031130","+,5,0","20031109",",,0","","","","","20031120",",,0","-14.4",",0,21,","0","5,,0,30,+","10",",,0,09,","","","22.2",",0,20,","","","496.9",",0","","","16",",,,0","1.77",",0","11.02",",,,0","-7.48",",,,0"
"USC00268822","2003-12","39.0747","-119.1189","1310.6","WABUSKA 6 SE, NV US","","","0.0","2,0","7","1,0","0","1,0","0","1,0","","","","","0","2,0","27","2,0","0","1,0","0","1,0","0","1,0","","","20031228",",2,0","","","","","","","20031205",",1,0","20031206",",1,0","-15.6","2,0,28,","","","","","1.5","1,,0,05,","16.7","1,0,06,","","","518.8","1,0","5.7","1,,,0","","","0.56","2,0","9.10","1,,,0","-7.99","2,,,0"
"USC00268822","2004-01","39.0747","-119.1189","1310.6","WABUSKA 6 SE, NV US","0.0","0","0.0","2,0","2",",0","0",",0","0",",0","0","2,0","0","2,0","1","2,0","29","2,0","0",",0","0",",0","0",",0","","","20040104",",2,0","20040107",",2,0","20040131","+,2,0","","","20040120",",,0","20040131","+,,0","-18.3","2,0,04,","0","2,T,0,07,","0","2,,0,31,+","2.0",",,0,20,","14.4",",0,31,+","","","544.8",",0","2.5",",,,0","0","2,,,0","-0.40","2,0","9.47",",,,0","-10.26","2,,,0"
"USC00268822","2004-02","39.0747","-119.1189","1310.6","WABUSKA 6 SE, NV US","0.0","0","0.0","1,0","5",",0","3",",0","0",",0","0",",0","0",",0","0","1,0","28","1,0","0",",0","0",",0","0",",0","","","20040213","+,1,0","20040229","+,,0","20040229","+,,0","","","20040226",",,0","20040218",",,0","-12.2","1,0,13,+","0",",,0,29,+","0",",,0,29,+","8.6",",,0,26,","18.3",",0,18,","","","482.7",",0","19.5",",,,0","0",",,,0","1.24","1,0","9.89",",,,0","-7.40","1,,,0"
"USC00268822","2004-03","39.0747","-119.1189","1310.6","WABUSKA 6 SE, NV US","0.0","0","0.0",",0","2",",0","1",",0","0",",0","1","2,0","0","2,0","0",",0","24",",0","0",",0","15",",0","0",",0","","","20040326",",,0","20040302",",2,0","20040331","+,2,0","","","20040302",",,0","20040321",",,0","-9.4",",0,26,","25","2,,0,02,","0","2,,0,31,+","10.4",",,0,02,","28.9",",0,21,","","","277.5",",0","10.7",",,,0","0","2,,,0","9.38",",0","20.44",",,,0","-1.67",",,,0"
"USC00268822","2004-04","39.0747","-119.1189","1310.6","WABUSKA 6 SE, NV US","0.0","0","0.0","5,0","2","2,0","1","2,0","0","2,0","0",",0","0",",0","0","5,0","11","5,0","0","1,0","15","1,0","0","1,0","","","20040420",",5,0","20040430","+,,0","20040430","+,,0","","","20040419",",2,0","20040428",",1,0","-11.1","5,0,20,","0",",,0,30,+","0",",,0,30,+","3.8","2,,0,19,","30.6","1,0,28,","","","201.7","1,0","4.9",",a,,0","0",",,,0","10.32","5,0","21.07","1,,,0","-0.42","5,,,0"
"USC00268822","2004-05","39.0747","-119.1189","1310.6","WABUSKA 6 SE, NV US","","","","","3",",0","1",",0","0",",0","0",",0","0",",0","","","","","","","","","","","","","","","20040531","+,,0","20040531","+,,0","","","20040511",",,0","","","","","0",",,0,31,+","0",",,0,31,+","6.4",",,0,11,","","","","","","","7.5",",,,0","0",",,,0","","","","","",""
"USC00268822","2004-06","39.0747","-119.1189","1310.6","WABUSKA 6 SE, NV US","","","67.0","3,0","1",",0","0",",0","0",",0","0",",0","0",",0","0","2,0","1","2,0","0","3,0","26","3,0","17","3,0","","","20040609",",2,0","20040630","+,,0","20040630","+,,0","","","20040618",",,0","20040626",",3,0","-5.0","2,0,09,","0",",,0,30,+","0",",,0,30,+","1.5",",,0,18,","35.6","3,0,26,","","","22.7","3,0","1.5",",,,0","0",",,,0","19.97","3,0","31.44","3,,,0","8.50","2,,,0"
"USC00268822","2004-07","39.0747","-119.1189","1310.6","WABUSKA 6 SE, NV US","","","172.5","1,0","3",",0","0",",0","0",",0","0",",0","0",",0","0","1,0","0","1,0","0","1,0","30","1,0","29","1,0","","","20040710",",1,0","20040731","+,,0","20040731","+,,0","","","20040707",",,0","20040725",",1,0","7.8","1,0,10,","0",",,0,31,+","0",",,0,31,+","2.0",",,0,07,","40.0","1,0,25,","0.0","0","0.0","1,0","5.3",",,,0","0",",,,0","24.08","1,0","35.93","1,,,0","12.24","1,,,0"
"USC00268822","2004-08","39.0747","-119.1189","1310.6","WABUSKA 6 SE, NV US","","","106.6",",0","3",",0","1",",0","0",",0","0",",0","0",",0","0",",0","0",",0","0",",0","31",",0","23",",0","","","20040827",",,0","20040831","+,,0","20040831","+,,0","","","20040816",",,0","20040812",",,0","2.8",",0,27,","0",",,0,31,+","0",",,0,31,+","5.1",",,0,16,","38.9",",0,12,","10.5","0","10.5",",0","5.9",",,,0","0",",,,0","21.44",",0","33.26",",,,0","9.61",",,,0"
"USC00268822","2004-09","39.0747","-119.1189","1310.6","WABUSKA 6 SE, NV US","","","19.8","2,0","0",",0","0",",0","0",",0","0",",0","0",",0","0","2,0","4","2,0","0",",0","27",",0","9",",0","","","20040921",",2,0","20040930","+,,0","20040930","+,,0","","","20040930","+,,0","20040902",",,0","-3.9","2,0,21,","0",",,0,30,+","0",",,0,30,+","0.0",",,0,30,+","36.7",",0,02,","88.1","0","77.6",",0","0.0",",,,0","0",",,,0","16.51","2,0","29.04",",,,0","3.99","2,,,0"
"USC00268822","2004-10","39.0747","-119.1189","1310.6","WABUSKA 6 SE, NV US","","","0.0","2,0","6","2,0","2","2,0","0","2,0","0",",0","0",",0","0","2,0","17","2,0","0","2,0","14","2,0","0","2,0","","","20041021",",2,0","20041031","+,,0","20041031","+,,0","","","20041020",",2,0","20041009",",2,0","-6.7","2,0,21,","0",",,0,31,+","0",",,0,31,+","9.9","2,,0,20,","30.0","2,0,09,","345.5","0","257.4","2,0","20.7",",a,,0","0",",,,0","9.46","2,0","19.61","2,,,0","-0.69","2,,,0"
"USC00268822","2004-12","39.0747","-119.1189","1310.6","WABUSKA 6 SE, NV US","","","0.0","1,0","3","1,0","1","1,0","0","1,0","7",",0","0",",0","1","1,0","30","1,0","6",",0","0",",0","0",",0","2","","20041203",",1,0","20041207","+,,0","20041201",",,0","","","20041231",",1,0","20041212",",,0","-20.6","1,0,03,","76",",,0,07,+","8",",,0,01,","4.1","1,,0,31,","15.0",",0,12,","","","574.0",",0","4.9","1,,,0","8",",,,0","-0.99","1,0","6.33",",,,0","-8.31","1,,,0"
"USC00268822","2005-01","39.0747","-119.1189","1310.6","WABUSKA 6 SE, NV US","0.0","0","0.0",",0","12","1,0","2","1,0","0","1,0","1","4,0","0","4,0","0",",0","31",",0","9",",0","0",",0","0",",0","4","","20050113",",,0","20050111",",4,0","20050131","+,4,0","","","20050127",",1,0","20050110",",,0","-11.1",",0,13,","25","4,,0,11,","0","4,,0,31,+","8.1","1,,0,27,","8.9",",0,10,","","","586.1",",0","21.7","1,,,0","0","4,,,0","-0.57",",0","3.78",",,,0","-4.92",",,,0"
"USC00268822","2005-02","39.0747","-119.1189","1310.6","WABUSKA 6 SE, NV US","0.0","0","0.0",",0","8",",0","3",",0","0",",0","1","3,0","0","3,0","0",",0","26",",0","0",",0","0",",0","0",",0","4","","20050213",",,0","20050216",",3,0","20050228","+,3,0","","","20050222",",,0","20050227",",,0","-7.2",",0,13,","25","3,,0,16,","0","3,,0,28,+","10.2",",,0,22,","14.4",",0,27,","","","443.6",",0","19.5",",,,0","0","3,,,0","2.49",",0","7.67",",,,0","-2.69",",,,0"
"USC00268822","2005-03","39.0747","-119.1189","1310.6","WABUSKA 6 SE, NV US","0.0","0","0.0","1,0","4",",0","1",",0","0",",0","0",",0","0",",0","0","1,0","22","1,0","0",",0","6",",0","0",",0","","","20050331",",1,0","20050331","+,,0","20050331","+,,0","","","20050323",",,0","20050313","+,,0","-6.7","1,0,31,","0",",,0,31,+","0",",,0,31,+","7.4",",,0,23,","24.4",",0,13,+","","","339.9",",0","10.0",",,,0","0",",,,0","7.02","1,0","16.12",",,,0","-2.08","1,,,0"
"USC00268822","2005-04","39.0747","-119.1189","1310.6","WABUSKA 6 SE, NV US","0.0","0","0.0","4,0","5",",0","2",",0","0",",0","0",",0","0",",0","0","4,0","22","4,0","0",",0","9",",0","0",",0","","","20050409",",4,0","20050430","+,,0","20050430","+,,0","","","20050428",",,0","20050417",",,0","-12.8","4,0,09,","0",",,0,30,+","0",",,0,30,+","7.4",",,0,28,","25.6",",0,17,","","","279.0",",0","12.5",",,,0","0",",,,0","7.77","4,0","18.16",",,,0","-2.61","4,,,0"
"USC00268822","2005-05","39.0747","-119.1189","1310.6","WABUSKA 6 SE, NV US","9.0","0","9.0","2,0","7",",0","3",",0","1",",0","0",",0","0",",0","0","2,0","1","2,0","0","1,0","21","1,0","0","1,0","","","20050521",",2,0","20050531","+,,0","20050531","+,,0","","","20050506",",,0","20050528",",1,0","-1.7","2,0,21,","0",",,0,31,+","0",",,0,31,+","28.2",",,0,06,","31.7","1,0,28,","","","111.7","1,0","42.0",",,,0","0",",,,0","14.92","2,0","23.30","1,,,0","6.53","2,,,0"
"USC00268822","2005-06","39.0747","-119.1189","1310.6","WABUSKA 6 SE, NV US","32.3","0","23.3","2,0","3",",0","1",",0","0",",0","0",",0","0",",0","0","2,0","3","2,0","0",",0","27",",0","6",",0","","","20050619",",2,0","20050630","+,,0","20050630","+,,0","","","20050626",",,0","20050623","+,,0","-2.2","2,0,19,","0",",,0,30,+","0",",,0,30,+","3.6",",,0,26,","32.8",",0,23,+","","","61.9",",0","5.1",",,,0","0",",,,0","17.01","2,0","27.28",",,,0","6.74","2,,,0"
"USC00268822","2005-07","39.0747","-119.1189","1310.6","WABUSKA 6 SE, NV US","","","","","0","5,0","0","5,0","0","5,0","0",",0","0",",0","","","","","","","","","","","","","","","20050731","+,,0","20050731","+,,0","","","20050730","+,5,0","","","","","0",",,0,31,+","0",",,0,31,+","0.0","5,T,0,30,+","","","","","","","0.0","5,T,,0","0",",,,0","","","","","",""
"USC00268822","2005-08","39.0747","-119.1189","1310.6","WABUSKA 6 SE, NV US","","","124.0",",0","0",",0","0",",0","0",",0","0",",0","0",",0","0",",0","0",",0","0",",0","31",",0","28",",0","","","20050831",",,0","20050831","+,,0","20050831","+,,0","","","20050818",",,0","20050829","+,,0","3.3",",0,31,","0",",,0,31,+","0",",,0,31,+","0.0",",T,0,18,","37.2",",0,29,+","","","3.9",",0","0.0",",T,,0","0",",,,0","22.21",",0","34.08",",,,0","10.33",",,,0"
"USC00268822","2005-09","39.0747","-119.1189","1310.6","WABUSKA 6 SE, NV US","","","5.7",",0","1",",0","1",",0","0",",0","0",",0","0",",0","0",",0","8",",0","0",",0","25",",0","3",",0","","","20050925",",,0","20050930","+,,0","20050930","+,,0","","","20050921",",,0","20050903",",,0","-2.8",",0,25,","0",",,0,30,+","0",",,0,30,+","2.8",",,0,21,","35.0",",0,03,","","","118.9",",0","2.8",",,,0","0",",,,0","14.56",",0","26.48",",,,0","2.63",",,,0"
"USC00268822","2005-10","39.0747","-119.1189","1310.6","WABUSKA 6 SE, NV US","","","0.0",",0","3",",0","0",",0","0",",0","0",",0","0",",0","0",",0","25",",0","0",",0","16",",0","0",",0","","","20051005",",,0","20051031","+,,0","20051031","+,,0","","","20051028",",,0","20051015","+,,0","-5.6",",0,05,","0",",,0,31,+","0",",,0,31,+","1.5",",,0,28,","28.9",",0,15,+","","","255.0",",0","3.0",",,,0","0",",,,0","10.11",",0","21.45",",,,0","-1.24",",,,0"
"USC00268822","2005-11","39.0747","-119.1189","1310.6","WABUSKA 6 SE, NV US","","","0.0",",0","1",",0","0",",0","0",",0","0",",0","0",",0","0",",0","28",",0","0",",0","4",",0","0",",0","","","20051127",",,0","20051130","+,,0","20051130","+,,0","","","20051109",",,0","20051102",",,0","-12.8",",0,27,","0",",,0,30,+","0",",,0,30,+","1.3",",,0,09,","26.1",",0,02,","","","401.4",",0","1.3",",,,0","0",",,,0","4.95",",0","15.50",",,,0","-5.60",",,,0"
"USC00268822","2005-12","39.0747","-119.1189","1310.6","WABUSKA 6 SE, NV US","","","0.0",",0","7",",0","6",",0","0",",0","","","0","3,0","0",",0","30",",0","1",",0","0",",0","0",",0","","","20051217","+,,0","","","20051231","+,3,0","","","20051219",",,0","20051226","+,,0","-15.0",",0,17,+","","","0","3,,0,31,+","5.1",",,0,19,","17.8",",0,26,+","","","530.9",",0","25.4",",,,0","0","3,,,0","1.21",",0","8.69",",,,0","-6.28",",,,0"
"USC00268822","2006-01","39.0747","-119.1189","1310.6","WABUSKA 6 SE, NV US","0.0","0","0.0","1,0","4",",0","4",",0","0",",0","","","","","0","1,0","30","1,0","0",",0","0",",0","0",",0","","","20060124","+,1,0","","","","","","","20060103",",,0","20060131","+,,0","-11.7","1,0,24,+","","","","","16.5",",,0,03,","17.8",",0,31,+","","","504.7",",0","33.5",",,,0","","","1.49","1,0","10.09",",,,0","-7.11","1,,,0"
"USC00268822","2006-02","39.0747","-119.1189","1310.6","WABUSKA 6 SE, NV US","0.0","0","0.0","1,0","4",",0","2",",0","0",",0","","","0","3,0","0","1,0","27","1,0","0",",0","0",",0","0",",0","","","20060216",",1,0","","","20060228","+,3,0","","","20060228",",,0","20060228",",,0","-15.6","1,0,16,","","","0","3,,0,28,+","4.6",",,0,28,","18.9",",0,28,","","","458.1",",0","9.5",",,,0","0","3,,,0","1.47","1,0","11.97",",,,0","-9.03","1,,,0"
"USC00268822","2006-03","39.0747","-119.1189","1310.6","WABUSKA 6 SE, NV US","0.0","0","0.0","1,0","4",",0","1",",0","0",",0","","","2",",0","0","1,0","28","1,0","0",",0","2",",0","0",",0","","","20060315","+,1,0","","","20060321",",,0","","","20060321",",,0","20060325","+,,0","-10.6","1,0,15,+","","","28",",,0,21,","7.9",",,0,21,","21.1",",0,25,+","","","448.1",",0","12.7",",,,0","79",",,,0","3.41","1,0","11.66",",,,0","-4.84","1,,,0"
"USC00268822","2006-04","39.0747","-119.1189","1310.6","WABUSKA 6 SE, NV US","0.0","0","0.0","1,0","6",",0","4",",0","0",",0","0",",0","0",",0","0","1,0","14","1,0","0",",0","8",",0","0",",0","","","20060418",",1,0","20060430","+,,0","20060430","+,,0","","","20060426",",,0","20060430",",,0","-7.8","1,0,18,","0",",,0,30,+","0",",,0,30,+","15.7",",,0,26,","27.8",",0,30,","","","264.6",",0","46.7",",,,0","0",",,,0","9.15","1,0","17.52",",,,0","0.78","1,,,0"
"USC00268822","2006-05","39.0747","-119.1189","1310.6","WABUSKA 6 SE, NV US","15.5","0","15.5","1,0","1",",0","0",",0","0",",0","0",",0","0",",0","0","1,0","2","1,0","0",",0","29",",0","3",",0","","","20060528",",1,0","20060531","+,,0","20060531","+,,0","","","20060517",",,0","20060517",",,0","-2.2","1,0,28,","0",",,0,31,+","0",",,0,31,+","1.3",",,0,17,","35.0",",0,17,","","","94.4",",0","1.3",",,,0","0",",,,0","15.69","1,0","26.25",",,,0","5.13","1,,,0"
"USC00268822","2006-06","39.0747","-119.1189","1310.6","WABUSKA 6 SE, NV US","90.2","0","74.7","3,0","1",",0","1",",0","0",",0","0",",0","0",",0","0","3,0","0","3,0","0",",0","30",",0","16",",0","","","20060614",",3,0","20060630","+,,0","20060630","+,,0","","","20060607",",,0","20060626",",,0","2.8","3,0,14,","0",",,0,30,+","0",",,0,30,+","2.8",",,0,07,","38.9",",0,26,","","","9.8",",0","2.8",",,,0","0",",,,0","20.73","3,0","32.46",",,,0","9.01","3,,,0"
"USC00268822","2006-07","39.0747","-119.1189","1310.6","WABUSKA 6 SE, NV US","292.9","0","202.7",",0","3",",0","1",",0","0",",0","0",",0","0",",0","0",",0","0",",0","0",",0","31",",0","31",",0","","","20060707",",,0","20060731","+,,0","20060731","+,,0","","","20060722",",,0","20060718",",,0","7.2",",0,07,","0",",,0,31,+","0",",,0,31,+","3.0",",,0,22,","40.0",",0,18,","0.0","0","0.0",",0","4.5",",,,0","0",",,,0","24.87",",0","36.78",",,,0","12.96",",,,0"
"USC00268822","2006-08","39.0747","-119.1189","1310.6","WABUSKA 6 SE, NV US","355.9","0","63.0",",0","0",",0","0",",0","0",",0","0",",0","0",",0","0",",0","0",",0","0",",0","31",",0","26",",0","","","20060830",",,0","20060831","+,,0","20060831","+,,0","","","20060815",",,0","20060829","+,,0","2.8",",0,30,","0",",,0,31,+","0",",,0,31,+","0.0",",T,0,15,","36.1",",0,29,+","3.3","0","3.3",",0","0.0",",T,,0","0",",,,0","20.26",",0","33.58",",,,0","6.94",",,,0"
"USC00268822","2006-09","39.0747","-119.1189","1310.6","WABUSKA 6 SE, NV US","379.2","0","23.3",",0","0",",0","0",",0","0",",0","0",",0","0",",0","0",",0","11",",0","0",",0","26",",0","10",",0","","","20060924","+,,0","20060930","+,,0","20060930","+,,0","","","20060930","+,,0","20060906",",,0","-3.9",",0,24,+","0",",,0,30,+","0",",,0,30,+","0.0",",,0,30,+","36.1",",0,06,","104.7","0","101.4",",0","0.0",",,,0","0",",,,0","15.73",",0","28.70",",,,0","2.76",",,,0"
"USC00268822","2006-10","39.0747","-119.1189","1310.6","WABUSKA 6 SE, NV US","379.2","0","0.0","1,0","2",",0","1",",0","0",",0","0",",0","0",",0","0","1,0","22","1,0","0",",0","15",",0","0",",0","","","20061027",",1,0","20061031","+,,0","20061031","+,,0","","","20061002",",,0","20061002",",,0","-10.0","1,0,27,","0",",,0,31,+","0",",,0,31,+","4.1",",,0,02,","29.4",",0,02,","378.0","0","273.3",",0","4.9",",,,0","0",",,,0","9.22","1,0","21.15",",,,0","-2.71","1,,,0"
"USC00268822","2006-11","39.0747","-119.1189","1310.6","WABUSKA 6 SE, NV US","379.2","0","0.0","3,0","3",",0","2",",0","0",",0","0",",0","0",",0","0","3,0","24","3,0","1",",0","3",",0","0",",0","","","20061130","+,3,0","20061130","+,,0","20061130","+,,0","","","20061112","+,,0","20061108",",,0","-15.0","3,0,30,+","0",",,0,30,+","0",",,0,30,+","2.8",",,0,12,+","25.6",",0,08,","753.0","0","375.0",",0","5.9",",,,0","0",",,,0","4.44","3,0","14.75",",,,0","-5.88","3,,,0"
"USC00268822","2006-12","39.0747","-119.1189","1310.6","WABUSKA 6 SE, NV US","379.2","0","0.0","2,0","2",",0","1",",0","0",",0","2","4,0","0","3,0","3","2,0","29","2,0","1",",0","0",",0","0",",0","","","20061220","+,2,0","20061217",",4,0","20061231","+,3,0","","","20061217",",,0","20061227",",,0","-19.4","2,0,20,+","51","4,,0,17,","0","3,,0,31,+","3.0",",,0,17,","16.7",",0,27,","1335.1","0","582.1",",0","4.8",",,,0","0","3,,,0","-1.92","2,0","7.84",",,,0","-11.68","2,,,0"
"USC00268822","2007-01","39.0747","-119.1189","1310.6","WABUSKA 6 SE, NV US","0.0","0","0.0","2,0","1",",0","0",",0","0",",0","0",",0","0",",0","6","2,0","29","2,0","5",",0","0",",0","0",",0","","","20070113",",2,0","20070105",",,0","20070131","+,,0","","","20070105",",,0","20070104",",,0","-21.7","2,0,13,","0",",T,0,05,","0",",,0,31,+","0.5",",,0,05,","20.0",",0,04,","1984.5","0","649.4",",0","0.5",",,,0","0",",,,0","-4.19","2,0","6.62",",,,0","-15.00","2,,,0"
"USC00268822","2007-02","39.0747","-119.1189","1310.6","WABUSKA 6 SE, NV US","0.0","0","0.0","1,0","5",",0","1",",0","0",",0","3","5,0","0","3,0","0","1,0","27","1,0","0",",0","0",",0","0",",0","","","20070202",",1,0","20070227","+,5,0","20070228","+,3,0","","","20070227",",,0","20070222",",,0","-16.7","1,0,02,","25","5,,0,27,+","0","3,,0,28,+","3.3",",,0,27,","18.9",",0,22,","2412.8","0","428.3",",0","6.9",",,,0","0","3,,,0","2.45","1,0","13.04",",,,0","-8.14","1,,,0"
"USC00268822","2007-03","39.0747","-119.1189","1310.6","WABUSKA 6 SE, NV US","0.0","0","0.0","1,0","1",",0","0",",0","0",",0","0",",0","0",",0","0","1,0","29","1,0","0",",0","13",",0","0",",0","","","20070327","+,1,0","20070331","+,,0","20070331","+,,0","","","20070320",",,0","20070317",",,0","-12.2","1,0,27,+","0",",,0,31,+","0",",,0,31,+","1.0",",,0,20,","28.3",",0,17,","2758.1","0","345.3",",0","1.0",",,,0","0",",,,0","6.88","1,0","18.62",",,,0","-4.85","1,,,0"
"USC00268822","2007-04","39.0747","-119.1189","1310.6","WABUSKA 6 SE, NV US","0.0","0","0.0","2,0","2",",0","1",",0","0",",0","0",",0","0",",0","0",",0","17",",0","0","2,0","16","2,0","0","2,0","","","20070418",",,0","20070430","+,,0","20070430","+,,0","","","20070423",",,0","20070428",",2,0","-12.2",",0,18,","0",",,0,30,+","0",",,0,30,+","4.1",",,0,23,","28.3","2,0,28,","3008.1","0","250.0","2,0","5.6",",,,0","0",",,,0","9.57","2,0","20.02","2,,,0","-0.87",",,,0"
"USC00268822","2007-05","39.0747","-119.1189","1310.6","WABUSKA 6 SE, NV US","4.5","0","4.5",",0","1",",0","0",",0","0",",0","0",",0","0",",0","0",",0","4",",0","0",",0","26",",0","2",",0","","","20070503",",,0","20070531","+,,0","20070531","+,,0","","","20070504",",,0","20070531",",,0","-6.7",",0,03,","0",",,0,31,+","0",",,0,31,+","2.3",",,0,04,","32.8",",0,31,","3111.7","0","103.6",",0","2.3",",,,0","0",",,,0","15.14",",0","27.01",",,,0","3.26",",,,0"
"USC00268822","2007-06","39.0747","-119.1189","1310.6","WABUSKA 6 SE, NV US","71.1","0","66.6",",0","0",",0","0",",0","0",",0","0",",0","0",",0","0",",0","3",",0","0",",0","28",",0","20",",0","","","20070607",",,0","20070630","+,,0","20070630","+,,0","","","20070630","+,,0","20070623",",,0","-2.8",",0,07,","0",",,0,30,+","0",",,0,30,+","0.0",",,0,30,+","37.2",",0,23,","3147.3","0","35.6",",0","0.0",",,,0","0",",,,0","19.37",",0","31.92",",,,0","6.81",",,,0"
"USC00268822","2007-07","39.0747","-119.1189","1310.6","WABUSKA 6 SE, NV US","254.5","0","183.4",",0","3",",0","1",",0","0",",0","0",",0","0",",0","0",",0","0",",0","0",",0","31",",0","31",",0","","","20070702",",,0","20070731","+,,0","20070731","+,,0","","","20070712",",,0","20070706",",,0","6.1",",0,02,","0",",,0,31,+","0",",,0,31,+","3.3",",,0,12,","41.7",",0,06,","0.0","0","0.0",",0","6.4",",,,0","0",",,,0","24.25",",0","36.94",",,,0","11.56",",,,0"
"USC00268822","2007-08","39.0747","-119.1189","1310.6","WABUSKA 6 SE, NV US","347.3","0","92.8","2,0","1",",0","0",",0","0",",0","0",",0","0",",0","0","2,0","0","2,0","0","1,0","30","1,0","28","1,0","","","20070819","+,2,0","20070831","+,,0","20070831","+,,0","","","20070830",",,0","20070801",",1,0","2.2","2,0,19,+","0",",,0,31,+","0",",,0,31,+","1.3",",,0,30,","38.3","1,0,01,","0.0","0","0.0","1,0","1.3",",,,0","0",",,,0","21.53","2,0","35.02","1,,,0","8.04","2,,,0"
"USC00268822","2007-09","39.0747","-119.1189","1310.6","WABUSKA 6 SE, NV US","369.0","0","21.7",",0","3",",0","1",",0","0",",0","0",",0","0",",0","0",",0","7",",0","0",",0","26",",0","6",",0","","","20070930",",,0","20070930","+,,0","20070930","+,,0","","","20070924",",,0","20070904","+,,0","-5.0",",0,30,","0",",,0,30,+","0",",,0,30,+","2.8",",,0,24,","37.8",",0,04,+","115.0","0","115.0",",0","5.6",",,,0","0",",,,0","15.22",",0","27.45",",,,0","3.00",",,,0"
"USC00268822","2007-10","39.0747","-119.1189","1310.6","WABUSKA 6 SE, NV US","369.0","0","0.0","2,0","2",",0","1",",0","0",",0","0",",0","0",",0","0","1,0","27","1,0","0","1,0","15","1,0","0","1,0","","","20071021",",1,0","20071031","+,,0","20071031","+,,0","","","20071030",",,0","20071004",",1,0","-8.9","1,0,21,","0",",,0,31,+","0",",,0,31,+","3.0",",,0,30,","27.8","1,0,04,","393.5","0","278.5","1,0","3.5",",,,0","0",",,,0","8.65","2,0","20.63","1,,,0","-3.33","1,,,0"
"USC00268822","2007-11","39.0747","-119.1189","1310.6","WABUSKA 6 SE, NV US","369.0","0","0.0","1,0","2",",0","1",",0","0",",0","0",",0","0",",0","0","1,0","29","1,0","0",",0","3",",0","0",",0","","","20071124",",1,0","20071130","+,,0","20071130","+,,0","","","20071111",",,0","20071120","+,,0","-15.0","1,0,24,","0",",,0,30,+","0",",,0,30,+","6.4",",,0,11,","21.7",",0,20,+","812.7","0","419.2",",0","8.4",",,,0","0",",,,0","3.82","1,0","14.63",",,,0","-6.99","1,,,0"
"USC00268822","2007-12","39.0747","-119.1189","1310.6","WABUSKA 6 SE, NV US","369.0","0","0.0","1,0","5",",0","1",",0","0",",0","0",",0","0",",0","0","1,0","30","1,0","1",",0","0",",0","0",",0","","","20071227",",1,0","20071231","+,,0","20071231","+,,0","","","20071207",",,0","20071204",",,0","-15.6","1,0,27,","0",",,0,31,+","0",",,0,31,+","17.3",",,0,07,","18.3",",0,04,","1419.3","0","606.6",",0","19.1",",,,0","0",",,,0","-1.84","1,0","6.41",",,,0","-10.09","1,,,0"
"USC00268822","2008-01","39.0747","-119.1189","1310.6","WABUSKA 6 SE, NV US","0.0","0","0.0",",0","9","1,0","2","1,0","1","1,0","4","1,0","1","4,0","0",",0","31",",0","5",",0","0",",0","0",",0","","","20080119",",,0","20080106","+,1,0","20080105",",4,0","","","20080105",",1,0","20080104",",,0","-15.6",",0,19,","51","1,,0,06,+","51","4,,0,05,","31.0","1,,0,05,","13.9",",0,04,","2051.3","0","632.0",",0","39.4","1,,,0","54","4,,,0","-2.05",",0","4.84",",,,0","-8.95",",,,0"
"USC00268822","2008-02","39.0747","-119.1189","1310.6","WABUSKA 6 SE, NV US","0.0","0","0.0","2,0","7",",0","2",",0","0",",0","2","5,0","0","2,0","0","1,0","28","1,0","0","1,0","0","1,0","0","1,0","","","20080216","+,1,0","20080221","+,5,0","20080229","+,2,0","","","20080221",",,0","20080229","+,1,0","-11.1","1,0,16,+","25","5,,0,21,+","0","2,,0,29,+","13.0",",,0,21,","16.7","1,0,29,+","2492.5","0","441.2","1,0","29.7",",,,0","0","2,,,0","1.98","2,0","10.63","1,,,0","-6.67","1,,,0"
"USC00268822","2008-03","39.0747","-119.1189","1310.6","WABUSKA 6 SE, NV US","0.0","0","0.0","1,0","0",",0","0",",0","0",",0","0",",0","0",",0","0","1,0","30","1,0","0","1,0","4","1,0","0","1,0","","","20080314",",1,0","20080331","+,,0","20080331","+,,0","","","20080331","+,,0","20080325",",1,0","-15.0","1,0,14,","0",",,0,31,+","0",",,0,31,+","0.0",",,0,31,+","22.8","1,0,25,","2888.9","0","396.4","1,0","0.0",",,,0","0",",,,0","5.12","1,0","15.84","1,,,0","-5.60","1,,,0"
"USC00268822","2008-04","39.0747","-119.1189","1310.6","WABUSKA 6 SE, NV US","0.0","0","0.0","3,0","0",",0","0",",0","0",",0","0",",0","0",",0","0","2,0","22","2,0","0","1,0","10","1,0","0","1,0","","","20080420",",2,0","20080430","+,,0","20080430","+,,0","","","20080430","+,,0","20080414",",1,0","-9.4","2,0,20,","0",",,0,30,+","0",",,0,30,+","0.0",",,0,30,+","28.9","1,0,14,","3161.1","0","272.2","1,0","0.0",",,,0","0",",,,0","8.48","3,0","18.96","1,,,0","-2.00","2,,,0"
"USC00268822","2008-05","39.0747","-119.1189","1310.6","WABUSKA 6 SE, NV US","13.9","0","13.9",",0","11",",0","8",",0","0",",0","0",",0","0",",0","0",",0","5",",0","0",",0","18",",0","4",",0","","","20080501",",,0","20080531","+,,0","20080531","+,,0","","","20080525",",,0","20080519",",,0","-6.7",",0,01,","0",",,0,31,+","0",",,0,31,+","13.0",",,0,25,","36.1",",0,19,","3335.6","0","174.5",",0","59.5",",,,0","0",",,,0","13.15",",0","22.40",",,,0","3.91",",,,0"
"USC00268822","2008-06","39.0747","-119.1189","1310.6","WABUSKA 6 SE, NV US","69.8","0","55.9",",0","0",",0","0",",0","0",",0","0",",0","0",",0","0",",0","1",",0","0",",0","29",",0","17",",0","","","20080605",",,0","20080630","+,,0","20080630","+,,0","","","20080630","+,,0","20080629",",,0","0.0",",0,05,","0",",,0,30,+","0",",,0,30,+","0.0",",,0,30,+","37.2",",0,29,","3376.7","0","41.1",",0","0.0",",,,0","0",",,,0","18.83",",0","30.46",",,,0","7.19",",,,0"
"USC00268822","2008-07","39.0747","-119.1189","1310.6","WABUSKA 6 SE, NV US","209.7","0","139.9","2,0","1","2,0","1","2,0","0","2,0","0",",0","0",",0","0","2,0","0","2,0","0","2,0","29","2,0","29","2,0","","","20080729",",2,0","20080731","+,,0","20080731","+,,0","","","20080722",",2,0","20080710",",2,0","4.4","2,0,29,","0",",,0,31,+","0",",,0,31,+","3.0","2,,0,22,","38.3","2,0,10,","0.0","0","0.0","2,0","3.0","2,,,0","0",",,,0","23.16","2,0","35.81","2,,,0","10.51","2,,,0"
"USC00268822","2008-08","39.0747","-119.1189","1310.6","WABUSKA 6 SE, NV US","334.2","0","124.5",",0","1",",0","0",",0","0",",0","0",",0","0",",0","0",",0","0",",0","0",",0","31",",0","29",",0","","","20080820","+,,0","20080831","+,,0","20080831","+,,0","","","20080806",",,0","20080815",",,0","6.1",",0,20,+","0",",,0,31,+","0",",,0,31,+","0.3",",,0,06,","38.9",",0,15,","0.0","0","0.0",",0","0.3",",,,0","0",",,,0","22.35",",0","35.04",",,,0","9.66",",,,0"
"USC00268822","2008-09","39.0747","-119.1189","1310.6","WABUSKA 6 SE, NV US","340.0","0","5.8","1,0","1",",0","0",",0","0",",0","0",",0","0",",0","0","1,0","4","1,0","0","1,0","29","1,0","9","1,0","","","20080923",",1,0","20080930","+,,0","20080930","+,,0","","","20080930",",,0","20080917",",1,0","-1.7","1,0,23,","0",",,0,30,+","0",",,0,30,+","0.8",",,0,30,","33.9","1,0,17,","55.8","0","55.8","1,0","0.8",",,,0","0",",,,0","16.61","1,0","30.04","1,,,0","3.18","1,,,0"
"USC00268822","2008-10","39.0747","-119.1189","1310.6","WABUSKA 6 SE, NV US","341.4","0","1.4","1,0","1",",0","1",",0","0",",0","0",",0","0",",0","0","1,0","26","1,0","0",",0","22",",0","0",",0","","","20081013","+,1,0","20081011",",,0","20081031","+,,0","","","20081011",",,0","20081002",",,0","-8.3","1,0,13,+","0",",T,0,11,","0",",,0,31,+","6.4",",,0,11,","31.1",",0,02,","322.7","0","266.9",",0","6.4",",,,0","0",",,,0","9.53","1,0","21.65",",,,0","-2.59","1,,,0"
"USC00268822","2008-11","39.0747","-119.1189","1310.6","WABUSKA 6 SE, NV US","341.4","0","0.0","3,0","5",",0","0",",0","0",",0","0",",0","0",",0","0","3,0","24","3,0","0","1,0","4","1,0","0","1,0","","","20081122",",3,0","20081130","+,,0","20081130","+,,0","","","20081102",",,0","20081121",",1,0","-11.1","3,0,22,","0",",,0,30,+","0",",,0,30,+","1.5",",,0,02,","22.2","1,0,21,","670.6","0","347.9","1,0","3.1",",,,0","0",",,,0","5.45","3,0","15.65","1,,,0","-4.74","3,,,0"
"USC00268822","2008-12","39.0747","-119.1189","1310.6","WABUSKA 6 SE, NV US","341.4","0","0.0","1,0","3",",0","0",",0","0",",0","1","3,0","0","3,0","2","1,0","30","1,0","1",",0","0",",0","0",",0","","","20081218",",1,0","20081213",",3,0","20081231","+,3,0","","","20081225",",,0","20081202",",,0","-18.9","1,0,18,","51","3,,0,13,","0","3,,0,31,+","1.8",",,0,25,","18.3",",0,02,","1268.3","0","597.7",",0","3.3",",,,0","0","3,,,0","-1.64","1,0","8.37",",,,0","-11.65","1,,,0"
"USC00268822","2009-01","39.0747","-119.1189","1310.6","WABUSKA 6 SE, NV US","0.0","","0.0","1,0","4",",0","2",",0","0",",0","0",",0","0",",0","0","1,0","29","1,0","0",",0","0",",0","0",",0","","","20090104",",1,0","20090131","+,,0","20090131","+,,0","","","20090124",",,0","20090109",",,0","-17.2","1,0,04,","0",",,0,31,+","0",",,0,31,+","6.6",",,0,24,","19.4",",0,09,","1809.8","","541.5",",0","15.2",",,,0","0",",,,0","0.26","1,0","10.36",",,,0","-9.84","1,,,0"
"USC00268822","2009-02","39.0747","-119.1189","1310.6","WABUSKA 6 SE, NV US","0.0","","0.0","3,0","3","1,0","2","1,0","0","1,0","0","1,0","0","2,0","0","3,0","24","3,0","0","1,0","1","1,0","0","1,0","","","20090210","+,3,0","20090228","+,1,0","20090228","+,2,0","","","20090208",",1,0","20090225",",1,0","-11.1","3,0,10,+","0","1,,0,28,+","0","2,,0,28,+","4.1","1,,0,08,","21.1","1,0,25,","2216.7","","406.9","1,0","8.2","1,,,0","0","2,,,0","2.21","3,0","11.59","1,,,0","-7.16","3,,,0"
"USC00268822","2009-03","39.0747","-119.1189","1310.6","WABUSKA 6 SE, NV US","0.0","","0.0",",0","3",",0","2",",0","0",",0","0","3,0","0","1,0","0",",0","30",",0","0",",0","5",",0","0",",0","","","20090310",",,0","20090331","+,3,0","20090331","+,1,0","","","20090303",",,0","20090321",",,0","-14.4",",0,10,","0","3,,0,31,+","0","1,,0,31,+","5.1",",,0,03,","24.4",",0,21,","2651.7","","435.0",",0","10.2",",,,0","0","1,,,0","4.30",",0","15.18",",,,0","-6.57",",,,0"
"USC00268822","2009-04","39.0747","-119.1189","1310.6","WABUSKA 6 SE, NV US","0.5","","0.5",",0","4",",0","2",",0","0",",0","1","3,0","0","1,0","0",",0","23",",0","0",",0","10",",0","0",",0","","","20090403",",,0","20090425",",3,0","20090430","+,1,0","","","20090425",",,0","20090422",",,0","-11.7",",0,03,","102","3,,0,25,","0","1,,0,30,+","16.3",",,0,25,","30.6",",0,22,","2954.5","","302.8",",0","22.1",",,,0","0","1,,,0","8.26",",0","18.98",",,,0","-2.47",",,,0"
"USC00268822","2009-05","39.0747","-119.1189","1310.6","WABUSKA 6 SE, NV US","20.7","","20.2","1,0","3",",0","1",",0","0",",0","0",",0","0",",0","0","1,0","2","1,0","0","1,0","29","1,0","4","1,0","","","20090509","+,1,0","20090531","+,,0","20090531","+,,0","","","20090531",",,0","20090518",",1,0","0.0","1,0,09,+","0",",,0,31,+","0",",,0,31,+","2.5",",,0,31,","36.1","1,0,18,","3025.4","","70.9","1,0","3.8",",,,0","0",",,,0","16.64","1,0","27.79","1,,,0","5.50","1,,,0"
"USC00268822","2009-06","39.0747","-119.1189","1310.6","WABUSKA 6 SE, NV US","51.1","","30.4",",0","12",",0","4",",0","0",",0","0","1,0","0",",0","0",",0","0",",0","0",",0","27",",0","6",",0","","","20090606",",,0","20090630","+,1,0","20090630","+,,0","","","20090602",",,0","20090629",",,0","1.1",",0,06,","0","1,,0,30,+","0",",,0,30,+","8.1",",,0,02,","37.2",",0,29,","3075.2","","49.8",",0","30.7",",,,0","0",",,,0","17.69",",0","27.32",",,,0","8.06",",,,0"
"USC00268822","2009-07","39.0747","-119.1189","1310.6","WABUSKA 6 SE, NV US","183.7","","132.6","3,0","3",",0","0",",0","0",",0","0",",0","0",",0","0","3,0","0","3,0","0","3,0","28","3,0","25","3,0","","","20090708",",3,0","20090731","+,,0","20090731","+,,0","","","20090721","+,,0","20090725","+,3,0","2.8","3,0,08,","0",",,0,31,+","0",",,0,31,+","2.3",",,0,21,+","39.4","3,0,25,+","1.9","","1.9","3,0","6.9",",,,0","0",",,,0","23.00","3,0","35.59","3,,,0","10.41","3,,,0"
"USC00268822","2009-08","39.0747","-119.1189","1310.6","WABUSKA 6 SE, NV US","280.9","","97.2","1,0","2",",0","1",",0","0",",0","0",",0","0",",0","0","1,0","0","1,0","0",",0","31",",0","22",",0","","","20090807",",1,0","20090831","+,,0","20090831","+,,0","","","20090824",",,0","20090821",",,0","2.8","1,0,07,","0",",,0,31,+","0",",,0,31,+","5.3",",,0,24,","38.9",",0,21,","15.3","","13.4",",0","5.8",",,,0","0",",,,0","20.96","1,0","33.39",",,,0","8.53","1,,,0"
"USC00268822","2009-09","39.0747","-119.1189","1310.6","WABUSKA 6 SE, NV US","314.1","","33.2","2,0","0",",0","0",",0","0",",0","0",",0","0",",0","0","2,0","1","2,0","0",",0","30",",0","20",",0","","","20090922",",2,0","20090930","+,,0","20090930","+,,0","","","20090905",",,0","20090912",",,0","-1.7","2,0,22,","0",",,0,30,+","0",",,0,30,+","0.0",",T,0,05,","35.6",",0,12,","36.4","","21.1",",0","0.0",",T,,0","0",",,,0","18.64","2,0","31.77",",,,0","5.52","2,,,0"
"USC00268822","2009-10","39.0747","-119.1189","1310.6","WABUSKA 6 SE, NV US","314.1","","0.0","1,0","4",",0","2",",0","1",",0","0",",0","0",",0","0","1,0","22","1,0","0",",0","13",",0","0",",0","","","20091029",",1,0","20091031","+,,0","20091031","+,,0","","","20091013",",,0","20091019",",,0","-11.7","1,0,29,","0",",,0,31,+","0",",,0,31,+","26.9",",,0,13,","27.8",",0,19,","331.3","","294.9",",0","34.0",",,,0","0",",,,0","8.46","1,0","18.62",",,,0","-1.70","1,,,0"
"USC00268822","2009-11","39.0747","-119.1189","1310.6","WABUSKA 6 SE, NV US","","","","","2",",0","1",",0","0",",0","0",",0","0",",0","","","","","0",",0","7",",0","0",",0","","","","","20091130","+,,0","20091130","+,,0","","","20091128",",,0","20091105",",,0","","","0",",,0,30,+","0",",,0,30,+","8.1",",,0,28,","23.9",",0,05,","","","","","8.4",",,,0","0",",,,0","","","14.57",",,,0","",""
"USC00268822","2009-12","39.0747","-119.1189","1310.6","WABUSKA 6 SE, NV US","","","","","6",",0","3",",0","0",",0","25",",0","0","4,0","","","","","8",",0","0",",0","0",",0","","","","","20091214","+,,0","20091231","+,4,0","","","20091207",",,0","20091215",",,0","","","102",",,0,14,+","0","4,,0,31,+","5.1",",,0,07,","9.4",",0,15,","","","","","13.9",",,,0","0","4,,,0","","","2.58",",,,0","",""
"USC00268822","2010-01","39.0747","-119.1189","1310.6","WABUSKA 6 SE, NV US","","","","","8","1,0","3","1,0","0","1,0","","","","","","","","","0",",0","0",",0","0",",0","","","","","","","","","","","20100121",",1,0","20100113",",,0","","","","","","","3.6","1,,0,21,","15.0",",0,13,","","","","","12.8","1,,,0","","","","","6.60",",,,0","",""
"USC00268822","2010-02","39.0747","-119.1189","1310.6","WABUSKA 6 SE, NV US","","","0.0","1,0","5","5,0","3","5,0","0","5,0","0",",0","1",",0","0","1,0","26","1,0","0","1,0","0","1,0","0","1,0","","","20100221",",1,0","20100221","+,,0","20100207",",,0","","","20100207",",5,0","20100227",",1,0","-10.6","1,0,21,","0",",T,0,21,+","43",",,0,07,","24.6","5,,0,07,","18.3","1,0,27,","","","400.4","1,0","58.7",",a,,0","43",",,,0","3.50","1,0","10.63","1,,,0","-3.63","1,,,0"
"USC00268822","2010-03","39.0747","-119.1189","1310.6","WABUSKA 6 SE, NV US","","","0.0",",0","2",",0","1",",0","0",",0","","","0","2,0","0",",0","30",",0","0",",0","5",",0","0",",0","","","20100314",",,0","","","20100331","+,2,0","","","20100310",",,0","20100330","+,,0","-11.1",",0,14,","","","0","2,,0,31,+","2.5",",,0,10,","23.3",",0,30,+","","","413.1",",0","4.3",",,,0","0","2,,,0","5.01",",0","15.04",",,,0","-5.03",",,,0"
"USC00268822","2010-04","39.0747","-119.1189","1310.6","WABUSKA 6 SE, NV US","","","0.0","1,0","4",",0","2",",0","0",",0","0",",0","0",",0","0","1,0","22","1,0","0","1,0","9","1,0","0","1,0","","","20100404","+,1,0","20100430","+,,0","20100421",",,0","","","20100421",",,0","20100427","+,1,0","-9.4","1,0,04,+","0",",,0,30,+","18",",,0,21,","9.1",",,0,21,","26.7","1,0,27,+","","","320.9","1,0","16.2",",,,0","18",",,,0","7.27","1,0","17.37","1,,,0","-2.83","1,,,0"
"USC00268822","2010-05","39.0747","-119.1189","1310.6","WABUSKA 6 SE, NV US","","","0.6",",0","6",",0","0",",0","0",",0","0",",0","0",",0","0",",0","21",",0","0",",0","12",",0","0",",0","","","20100522","+,,0","20100531","+,,0","20100531","+,,0","","","20100518",",,0","20100517","+,,0","-6.1",",0,22,+","0",",,0,31,+","0",",,0,31,+","1.8",",,0,18,","26.7",",0,17,+","","","265.4",",0","5.5",",,,0","0",",,,0","9.79",",0","19.86",",,,0","-0.28",",,,0"
"USC00268822","2010-06","39.0747","-119.1189","1310.6","WABUSKA 6 SE, NV US","","","48.3","1,0","0",",0","0",",0","0",",0","0",",0","0",",0","0","1,0","0","1,0","0","1,0","28","1,0","8","1,0","","","20100617",",1,0","20100630","+,,0","20100630","+,,0","","","20100630","+,,0","20100629",",1,0","0.6","1,0,17,","0",",,0,30,+","0",",,0,30,+","0.0",",,0,30,+","38.9","1,0,29,","","","46.7","1,0","0.0",",,,0","0",",,,0","18.39","1,0","29.10","1,,,0","7.67","1,,,0"
"USC00268822","2010-07","39.0747","-119.1189","1310.6","WABUSKA 6 SE, NV US","","","126.3","1,0","0",",0","0",",0","0",",0","0",",0","0",",0","0","1,0","1","1,0","0",",0","31",",0","29",",0","","","20100731",",1,0","20100731","+,,0","20100731","+,,0","","","20100727","+,,0","20100725",",,0","0.0","1,0,31,","0",",,0,31,+","0",",,0,31,+","0.0",",T,0,27,+","38.9",",0,25,","2.5","0","2.5",",0","0.0",",T,,0","0",",,,0","22.41","1,0","35.03",",,,0","9.79","1,,,0"
"USC00268822","2010-08","39.0747","-119.1189","1310.6","WABUSKA 6 SE, NV US","","","64.1","2,0","0",",0","0",",0","0",",0","0",",0","0",",0","0","2,0","0","2,0","0","1,0","29","1,0","23","1,0","","","20100830","+,2,0","20100831","+,,0","20100831","+,,0","","","20100831","+,,0","20100827","+,1,0","3.3","2,0,30,+","0",",,0,31,+","0",",,0,31,+","0.0",",,0,31,+","37.8","1,0,27,+","17.3","0","14.8","1,0","0.0",",,,0","0",",,,0","19.91","2,0","32.83","1,,,0","6.99","2,,,0"
"USC00268822","2010-09","39.0747","-119.1189","1310.6","WABUSKA 6 SE, NV US","","","6.1","1,0","0",",0","0",",0","0",",0","0",",0","0",",0","0","1,0","7","1,0","0","1,0","29","1,0","8","1,0","","","20100909",",1,0","20100930","+,,0","20100930","+,,0","","","20100930","+,,0","20100904",",1,0","-1.1","1,0,09,","0",",,0,30,+","0",",,0,30,+","0.0",",,0,30,+","35.6","1,0,04,","97.1","0","79.8","1,0","0.0",",,,0","0",",,,0","15.79","1,0","29.70","1,,,0","1.88","1,,,0"
"USC00268822","2010-10","39.0747","-119.1189","1310.6","WABUSKA 6 SE, NV US","","","7.0","1,0","10",",0","4",",0","0",",0","0",",0","0",",0","0","1,0","12","1,0","0",",0","17",",0","3",",0","","","20101028","+,1,0","20101031","+,,0","20101031","+,,0","","","20101005",",,0","20101001",",,0","-10.6","1,0,28,+","0",",,0,31,+","0",",,0,31,+","15.0",",,0,05,","35.6",",0,01,","311.3","0","214.2",",0","34.4",",,,0","0",",,,0","11.39","1,0","21.55",",,,0","1.22","1,,,0"
"USC00268822","2010-11","39.0747","-119.1189","1310.6","WABUSKA 6 SE, NV US","","","0.0",",0","4",",0","1",",0","0",",0","1","2,0","0","1,0","1",",0","28",",0","0",",0","5",",0","0",",0","","","20101125",",,0","20101121",",2,0","20101130","+,1,0","","","20101111",",,0","20101106",",,0","-18.3",",0,25,","25","2,,0,21,","0","1,,0,30,+","2.5",",,0,11,","25.6",",0,06,","762.9","0","451.6",",0","4.1",",,,0","0","1,,,0","3.28",",0","13.35",",,,0","-6.80",",,,0"
"USC00268822","2010-12","39.0747","-119.1189","1310.6","WABUSKA 6 SE, NV US","","","0.0","1,0","8",",0","4",",0","0",",0","0","2,0","0","1,0","0",",0","30",",0","0","1,0","0","1,0","0","1,0","","","20101231",",,0","20101230","+,2,0","20101231","+,1,0","","","20101218",",,0","20101203",",1,0","-14.4",",0,31,","0","2,T,0,30,+","0","1,,0,31,+","7.4",",,0,18,","17.8","1,0,03,","1248.0","0","485.1","1,0","23.9",",,,0","0","1,,,0","2.12","1,0","10.90","1,,,0","-6.66",",,,0"
"USC00268822","2011-01","39.0747","-119.1189","1310.6","WABUSKA 6 SE, NV US","","","","","","","","","","","","","","","1","4,K","27","4,K","","","","","","","","","20110102",",4,K","","","","","","","","","","","-19.4","4,K,02,","","","","","","","","","","","","","","","","","","","","","-11.11","4,,,K"
"USC00268822","2011-03","39.0747","-119.1189","1310.6","WABUSKA 6 SE, NV US","","","0.0","1,K","","","","","","","","","","","0","1,K","26","1,K","0",",K","1",",K","0",",K","","","20110301",",1,K","","","","","","","","","20110331",",,K","-11.1","1,K,01,","","","","","","","21.1",",K,31,","","","373.9",",K","","","","","5.80","1,K","14.50",",,,K","-2.91","1,,,K"
"USC00268822","2011-04","39.0747","-119.1189","1310.6","WABUSKA 6 SE, NV US","","","0.0","1,K","","","","","","","","","","","0","1,K","19","1,K","0",",K","11",",K","0",",K","","","20110408",",1,K","","","","","","","","","20110402",",,K","-8.3","1,K,08,","","","","","","","29.4",",K,02,","","","292.5",",K","","","","","8.38","1,K","18.13",",,,K","-1.38","1,,,K"
"USC00268822","2011-05","39.0747","-119.1189","1310.6","WABUSKA 6 SE, NV US","","","0.0","2,K","","","","","","","","","","","0","2,K","10","2,K","0","1,K","18","1,K","0","1,K","","","20110501",",2,K","","","","","","","","","20110506",",1,K","-6.7","2,K,01,","","","","","","","30.6","1,K,06,","","","200.2","1,K","","","","","11.37","2,K","21.33","1,,,K","1.41","2,,,K"
"USC00268822","2011-06","39.0747","-119.1189","1310.6","WABUSKA 6 SE, NV US","","","34.5","3,K","","","","","","","","","","","0","3,K","2","3,K","0",",K","27",",K","9",",K","","","20110603",",3,K","","","","","","","","","20110623",",,K","-3.9","3,K,03,","","","","","","","36.7",",K,23,","","","67.3",",K","","","","","17.14","3,K","27.72",",,,K","6.57","3,,,K"
"USC00268822","2011-07","39.0747","-119.1189","1310.6","WABUSKA 6 SE, NV US","","","101.1","1,K","","","","","","","","","","","0",",K","1",",K","0","1,K","30","1,K","25","1,K","","","20110715",",,K","","","","","","","","","20110730","+,1,K","-1.1",",K,15,","","","","","","","38.3","1,K,30,+","3.9","K","3.9","1,K","","","","","21.58","1,K","34.67","1,,,K","8.49",",,,K"
"USC00268822","2011-08","39.0747","-119.1189","1310.6","WABUSKA 6 SE, NV US","","","91.0",",K","","","","","","","","","","","0",",K","0",",K","0",",K","31",",K","30",",K","","","20110815",",,K","","","","","","","","","20110827",",,K","4.4",",K,15,","","","","","","","38.3",",K,27,","3.9","K","0.0",",K","","","","","21.27",",K","34.58",",,,K","7.96",",,,K"
"USC00268822","2011-09","39.0747","-119.1189","1310.6","WABUSKA 6 SE, NV US","","","8.2","1,K","","","","","","","","","","","0","1,K","0","1,K","0",",K","30",",K","10",",K","","","20110926",",1,K","","","","","","","","","20110924",",,K","0.6","1,K,26,","","","","","","","33.9",",K,24,","36.1","K","32.2",",K","","","","","17.54","1,K","30.52",",,,K","4.56","1,,,K"
"USC00268822","2011-12","39.0747","-119.1189","1310.6","WABUSKA 6 SE, NV US","","","0.0",",K","","","","","","","","","","","7",",K","31",",K","0",",K","0",",K","0",",K","","","20111223",",,K","","","","","","","","","20111231",",,K","-21.7",",K,23,","","","","","","","20.6",",K,31,","","","688.5",",K","","","","","-3.88",",K","8.08",",,,K","-15.84",",,,K"
"USC00268822","2012-01","39.0747","-119.1189","1310.6","WABUSKA 6 SE, NV US","0.0","7","0.0",",K","","","","","","","","","","","2",",K","30",",K","0",",K","0",",K","0",",K","","","20120118",",,K","","","","","","","","","20120121","+,,K","-21.1",",K,18,","","","","","","","17.2",",K,21,+","","","582.3",",K","","","","","-0.45",",K","10.45",",,,K","-11.36",",,,K"
"USC00268822","2012-02","39.0747","-119.1189","1310.6","WABUSKA 6 SE, NV US","0.0","7","0.0","2,K","","","","","","","","","","","0","2,K","27","2,K","0",",K","0",",K","0",",K","","","20120203",",2,K","","","","","","","","","20120223","+,,K","-15.6","2,K,03,","","","","","","","19.4",",K,23,+","","","483.5",",K","","","","","0.57","2,K","10.78",",,,K","-9.64","2,,,K"
"USC00268822","2012-03","39.0747","-119.1189","1310.6","WABUSKA 6 SE, NV US","0.0","7","0.0",",K","","","","","","","","","","","0",",K","22",",K","0",",K","6",",K","0",",K","","","20120307","+,,K","","","","","","","","","20120331","+,,K","-15.0",",K,07,+","","","","","","","23.9",",K,31,+","","","390.0",",K","","","","","5.75",",K","16.69",",,,K","-5.19",",,,K"
"USC00268822","2012-04","39.0747","-119.1189","1310.6","WABUSKA 6 SE, NV US","3.1","7","3.1","2,K","3","1,K","0","1,K","0","1,K","0","1,K","0","1,K","0","2,K","19","2,K","0","1,K","16","1,K","1","1,K","","","20120407",",2,K","20120430","+,1,K","20120430","+,1,K","","","20120423","+,1,K","20120423",",1,K","-12.2","2,K,07,","0","1,,K,30,+","0","1,,K,30,+","1.3","1,,K,23,+","32.8","1,K,23,","","","249.4","1,K","3.6","1,,,K","0","1,,,K","9.71","2,K","21.11","1,,,K","-1.68","2,,,K"
"USC00268822","2012-05","39.0747","-119.1189","1310.6","WABUSKA 6 SE, NV US","8.4","7","5.3","1,7","2","1,7","2","1,7","0","1,7","","","","","0","1,7","13","1,7","0","1,7","26","1,7","2","1,7","","","20120502",",1,7","","","","","","","20120526",",1,7","20120522",",1,7","-4.4","1,7,02,","","","","","10.2","1,,7,26,","33.3","1,7,22,","","","137.7","1,7","13.5","1,,,7","","","13.92","1,7","25.95","1,,,7","1.89","1,,,7"
"USC00268822","2012-06","39.0747","-119.1189","1310.6","WABUSKA 6 SE, NV US","50.2","7","41.8",",K","0",",K","0",",K","0",",K","","","","","0",",K","6",",K","0",",K","28",",K","17",",K","","","20120610",",,K","","","","","","","20120630","+,,K","20120618",",,K","-3.9",",K,10,","","","","","0.0",",,K,30,+","38.3",",K,18,","","","53.6",",K","0.0",",,,K","","","17.94",",K","30.96",",,,K","4.92",",,,K"
"USC00268822","2012-07","39.0747","-119.1189","1310.6","WABUSKA 6 SE, NV US","181.2","7","131.0",",K","4",",K","1",",K","0",",K","","","","","0",",K","0",",K","0",",K","31",",K","29",",K","","","20120720",",,K","","","","","","","20120724",",,K","20120713",",,K","6.1",",K,20,","","","","","3.6",",,K,24,","40.6",",K,13,","0.3","7","0.3",",K","5.0",",,,K","","","22.55",",K","35.48",",,,K","9.62",",,,K"
"USC00268822","2012-08","39.0747","-119.1189","1310.6","WABUSKA 6 SE, NV US","318.1","7","136.9",",7","1",",7","1",",7","0",",7","","","","","0",",7","0",",7","0",",7","31",",7","31",",7","","","20120829","+,,7","","","","","","","20120810",",,7","20120810",",,7","2.2",",7,29,+","","","","","5.3",",,7,10,","39.4",",7,10,","0.9","7","0.6",",7","5.3",",,,7","","","22.73",",7","36.15",",,,7","9.31",",,,7"
"USC00268822","2012-09","39.0747","-119.1189","1310.6","WABUSKA 6 SE, NV US","335.4","7","17.3","2,7","2","2,7","0","2,7","0","2,7","","","","","0","2,7","1","2,7","0","2,7","28","2,7","15","2,7","","","20120925",",2,7","","","","","","","20120906",",2,7","20120909",",2,7","0.0","2,7,25,","","","","","1.5","2,,7,06,","36.7","2,7,09,","31.4","7","30.5","2,7","2.8","2,,,7","","","17.86","2,7","31.79","2,,,7","3.94","2,,,7"
"USC00268822","2012-10","39.0747","-119.1189","1310.6","WABUSKA 6 SE, NV US","335.4","7","0.0","3,7","1","3,7","0","3,7","0","3,7","","","","","0","3,7","19","3,7","0","3,7","21","3,7","2","3,7","","","20121026",",3,7","","","","","","","20121012",",3,7","20121003",",3,7","-11.1","3,7,26,","","","","","0.3","3,,7,12,","32.8","3,7,03,","238.6","7","207.2","3,7","0.3","3,,,7","","","10.93","3,7","23.74","3,,,7","-1.87","3,,,7"
"USC00268822","2012-11","39.0747","-119.1189","1310.6","WABUSKA 6 SE, NV US","335.4","7","0.0",",7","2",",7","0",",7","0",",7","","","","","0",",7","25",",7","0",",7","5",",7","0",",7","","","20121111",",,7","","","","","","","20121111",",,7","20121108",",,7","-16.7",",7,11,","","","","","1.0",",,7,11,","25.6",",7,08,","645.6","7","407.0",",7","1.5",",,,7","","","4.77",",7","16.31",",,,7","-6.78",",,,7"
"USC00268822","2012-12","39.0747","-119.1189","1310.6","WABUSKA 6 SE, NV US","335.4","7","0.0",",7","8",",7","3",",7","0",",7","","","","","2",",7","27",",7","0",",7","0",",7","0",",7","","","20121220",",,7","","","","","","","20121206",",,7","20121205",",,7","-18.9",",7,20,","","","","","5.3",",,7,06,","20.6",",7,05,","1192.5","7","546.9",",7","18.9",",,,7","","","0.69",",7","8.71",",,,7","-7.33",",,,7"
"USC00268822","2013-01","39.0747","-119.1189","1310.6","WABUSKA 6 SE, NV US","0.0","","0.0",",7","0",",7","0",",7","0",",7","","","","","6",",7","31",",7","8",",7","0",",7","0",",7","","","20130103",",,7","","","","","","","20130131","+,,7","20130127",",,7","-21.1",",7,03,","","","","","0.0",",,7,31,+","16.7",",7,27,","1900.4","","707.9",",7","0.0",",,,7","","","-4.50",",7","5.05",",,,7","-14.05",",,,7"
"USC00268822","2013-02","39.0747","-119.1189","1310.6","WABUSKA 6 SE, NV US","","","","","1","5,7","0","5,7","0","5,7","","","","","","","","","","","","","","","","","","","","","","","","","20130223",",5,7","","","","","","","","","0.5","5,,7,23,","","","","","","","0.5","5,,,7","","","","","","","",""
"USC00268822","2013-03","39.0747","-119.1189","1310.6","WABUSKA 6 SE, NV US","","","0.0",",7","2",",7","2",",7","0",",7","","","","","0",",7","25",",7","0",",7","8",",7","0",",7","","","20130323","+,,7","","","","","","","20130305",",,7","20130314",",,7","-11.7",",7,23,+","","","","","5.1",",,7,05,","25.0",",7,14,","","","340.9",",7","8.4",",,,7","","","7.34",",7","17.90",",,,7","-3.23",",,,7"
"USC00268822","2013-04","39.0747","-119.1189","1310.6","WABUSKA 6 SE, NV US","","","0.0","2,7","4","2,7","1","2,7","0","2,7","","","","","0","2,7","7","2,7","0","2,7","17","2,7","0","2,7","","","20130402",",2,7","","","","","","","20130411",",2,7","20130428",",2,7","-2.2","2,7,02,","","","","","3.8","2,,7,11,","29.4","2,7,28,","","","193.8","2,7","7.9","2,,,7","","","11.41","2,7","19.98","2,,,7","2.85","2,,,7"
"USC00268822","2013-05","39.0747","-119.1189","1310.6","WABUSKA 6 SE, NV US","","","25.6",",7","4",",7","2",",7","0",",7","","","","","0",",7","1",",7","0",",7","26",",7","3",",7","","","20130501",",,7","","","","","","","20130508",",,7","20130514","+,,7","-0.6",",7,01,","","","","","9.4",",,7,08,","32.8",",7,14,+","","","75.3",",7","13.7",",,,7","","","16.73",",7","24.98",",,,7","8.48",",,,7"
"USC00268822","2013-06","39.0747","-119.1189","1310.6","WABUSKA 6 SE, NV US","","","96.2",",7","1",",7","0",",7","0",",7","","","","","0",",7","0",",7","0",",7","30",",7","16",",7","","","20130616",",,7","","","","","","","20130610",",,7","20130630",",,7","3.9",",7,16,","","","","","2.0",",,7,10,","40.0",",7,30,","","","6.4",",7","2.0",",,,7","","","21.33",",7","32.47",",,,7","10.19",",,,7"
"USC00268822","2013-07","39.0747","-119.1189","1310.6","WABUSKA 6 SE, NV US","","","242.2",",7","4",",7","3",",7","1",",7","0",",7","0",",7","0",",7","0",",7","0",",7","31",",7","31",",7","","","20130730","+,,7","20130731","+,,7","20130731","+,,7","","","20130705",",,7","20130703",",,7","11.7",",7,30,+","0",",,7,31,+","0",",,7,31,+","26.9",",,7,05,","41.1",",7,03,","0.0","","0.0",",7","44.2",",,,7","0",",,,7","26.15",",7","36.77",",,,7","15.52",",,,7"
"USC00268822","2013-08","39.0747","-119.1189","1310.6","WABUSKA 6 SE, NV US","","","116.2",",7","0",",7","0",",7","0",",7","","","","","0",",7","0",",7","0",",7","31",",7","25",",7","","","20130825",",,7","","","","","","","20130831","+,,7","20130817",",,7","4.4",",7,25,","","","","","0.0",",,7,31,+","37.2",",7,17,","1.4","","1.4",",7","0.0",",,,7","","","22.04",",7","33.76",",,,7","10.31",",,,7"
"USC00268822","2013-09","39.0747","-119.1189","1310.6","WABUSKA 6 SE, NV US","","","50.1",",7","0",",7","0",",7","0",",7","","","","","0",",7","4",",7","0",",7","27",",7","11",",7","","","20130927",",,7","","","","","","","20130930","+,,7","20130906","+,,7","-5.6",",7,27,","","","","","0.0",",,7,30,+","33.9",",7,06,+","70.5","","69.1",",7","0.0",",,,7","","","17.70",",7","28.71",",,,7","6.69",",,,7"
"USC00268822","2013-10","39.0747","-119.1189","1310.6","WABUSKA 6 SE, NV US","","","0.0",",7","1",",7","1",",7","0",",7","","","","","0",",7","29",",7","0",",7","17",",7","0",",7","","","20131016",",,7","","","","","","","20131029",",,7","20131009","+,,7","-8.9",",7,16,","","","","","7.6",",,7,29,","25.6",",7,09,+","391.0","","320.5",",7","7.6",",,,7","","","8.00",",7","20.18",",,,7","-4.19",",,,7"
"USC00268822","2014-01","39.0747","-119.1189","1310.6","WABUSKA 6 SE, NV US","0.0","7","0.0",",7","2",",7","2",",7","0",",7","","","0",",7","0",",7","31",",7","0",",7","1",",7","0",",7","","","20140116",",,7","","","20140130",",,7","","","20140130",",,7","20140131",",,7","-15.6",",7,16,","","","18",",,7,30,","17.8",",,7,30,","22.2",",7,31,","","","535.7",",7","25.4",",,,7","26",",,,7","1.05",",7","13.11",",,,7","-11.00",",,,7"
"USC00268822","2014-02","39.0747","-119.1189","1310.6","WABUSKA 6 SE, NV US","0.0","7","0.0",",7","2",",7","1",",7","0",",7","","","","","0",",7","20",",7","1",",7","4",",7","0",",7","","","20140202",",,7","","","","","","","20140227",",,7","20140216","+,,7","-15.6",",7,02,","","","","","3.3",",,7,27,","22.2",",7,16,+","","","381.7",",7","3.6",",,,7","","","4.70",",7","13.63",",,,7","-4.23",",,,7"
"USC00268822","2014-03","39.0747","-119.1189","1310.6","WABUSKA 6 SE, NV US","0.0","7","0.0",",7","2",",7","2",",7","0",",7","","","","","0",",7","24",",7","0",",7","2",",7","0",",7","","","20140319",",,7","","","","","","","20140306",",,7","20140317",",,7","-8.3",",7,19,","","","","","5.1",",,7,06,","25.0",",7,17,","","","344.5",",7","8.4",",,,7","","","7.22",",7","16.69",",,,7","-2.25",",,,7"
"USC00268822","2014-04","39.0747","-119.1189","1310.6","WABUSKA 6 SE, NV US","0.0","7","0.0",",7","1",",7","1",",7","0",",7","0",",7","0",",7","0",",7","21",",7","0",",7","17",",7","0",",7","","","20140403",",,7","20140430","+,,7","20140430","+,,7","","","20140426",",,7","20140418","+,,7","-7.2",",7,03,","0",",,7,30,+","0",",,7,30,+","5.8",",,7,26,","27.8",",7,18,+","","","243.2",",7","5.8",",,,7","0",",,,7","10.23",",7","21.03",",,,7","-0.58",",,,7"
"USC00268822","2014-06","39.0747","-119.1189","1310.6","WABUSKA 6 SE, NV US","","","50.7",",7","0",",7","0",",7","0",",7","","","","","0",",7","1",",7","0",",7","29",",7","15",",7","","","20140618",",,7","","","","","","","20140630","+,,7","20140630",",,7","0.0",",7,18,","","","","","0.0",",,7,30,+","36.7",",7,30,","","","26.2",",7","0.0",",,,7","","","19.15",",7","31.33",",,,7","6.97",",,,7"
"USC00268822","2014-07","39.0747","-119.1189","1310.6","WABUSKA 6 SE, NV US","","","157.7","4,7","1","4,7","0","4,7","0","4,7","0","4,7","0","4,7","0","4,7","0","4,7","0","4,7","27","4,7","26","4,7","","","20140723",",4,7","20140731","+,4,7","20140731","+,4,7","","","20140709",",4,7","20140715",",4,7","5.0","4,7,23,","0","4,,7,31,+","0","4,,7,31,+","2.3","4,,7,09,","40.6","4,7,15,","0.0","7","0.0","4,7","2.3","4,,,7","0","4,,,7","24.17","4,7","36.14","4,,,7","12.21","4,,,7"
"USC00268822","2014-08","39.0747","-119.1189","1310.6","WABUSKA 6 SE, NV US","","","81.3",",7","3",",7","3",",7","0",",7","","","","","0",",7","0",",7","0",",7","30",",7","23",",7","","","20140824",",,7","","","","","","","20140804",",,7","20140804",",,7","4.4",",7,24,","","","","","11.9",",,7,04,","35.6",",7,04,","10.0","7","10.0",",7","23.6",",,,7","","","20.63",",7","31.96",",,,7","9.30",",,,7"
"USC00268822","2014-09","39.0747","-119.1189","1310.6","WABUSKA 6 SE, NV US","","","33.2",",7","3",",7","3",",7","0",",7","","","","","0",",7","0",",7","0",",7","27",",7","13",",7","","","20140905",",,7","","","","","","","20140927",",,7","20140923","+,,7","0.6",",7,05,","","","","","16.5",",,7,27,","35.6",",7,23,+","53.9","7","43.9",",7","27.9",",,,7","","","17.98",",7","30.16",",,,7","5.79",",,,7"
"USC00268822","2014-10","39.0747","-119.1189","1310.6","WABUSKA 6 SE, NV US","","","0.0",",7","0",",7","0",",7","0",",7","0",",7","0",",7","0",",7","17",",7","0",",7","28",",7","0",",7","","","20141028",",,7","20141031","+,,7","20141031","+,,7","","","20141031","+,,7","20141008",",,7","-7.2",",7,28,","0",",,7,31,+","0",",,7,31,+","0.0",",,7,31,+","30.0",",7,08,","254.6","7","200.7",",7","0.0",",,,7","0",",,,7","11.86",",7","23.97",",,,7","-0.25",",,,7"
"USC00268822","2014-11","39.0747","-119.1189","1310.6","WABUSKA 6 SE, NV US","","","0.0",",7","2",",7","1",",7","0",",7","0",",7","0",",7","0",",7","30",",7","0",",7","4",",7","0",",7","","","20141117",",,7","20141130","+,,7","20141130","+,,7","","","20141101",",,7","20141101",",,7","-15.0",",7,17,","0",",,7,30,+","0",",,7,30,+","12.7",",,7,01,","25.0",",7,01,","674.1","7","419.5",",7","14.0",",,,7","0",",,,7","4.35",",7","14.78",",,,7","-6.08",",,,7"
"USC00268822","2014-12","39.0747","-119.1189","1310.6","WABUSKA 6 SE, NV US","","","0.0",",7","1",",7","0",",7","0",",7","0",",7","0",",7","0",",7","30",",7","3",",7","1",",7","0",",7","","","20141230",",,7","20141231","+,,7","20141231","+,,7","","","20141225",",,7","20141212",",,7","-16.7",",7,30,","0",",,7,31,+","0",",,7,31,+","1.0",",,7,25,","21.1",",7,12,","1214.4","7","540.3",",7","1.0",",,,7","0",",,,7","0.90",",7","9.75",",,,7","-7.94",",,,7"
"USC00268822","2015-01","39.0747","-119.1189","1310.6","WABUSKA 6 SE, NV US","0.0","7","0.0",",7","0",",7","0",",7","0",",7","0",",7","0",",7","2",",7","31",",7","0",",7","0",",7","0",",7","","","20150102",",,7","20150131","+,,7","20150131","+,,7","","","20150131","+,,7","20150118",",,7","-20.0",",7,02,","0",",,7,31,+","0",",,7,31,+","0.0",",,7,31,+","18.9",",7,18,","1763.8","7","549.4",",7","0.0",",,,7","0",",,,7","0.61",",7","11.85",",,,7","-10.63",",,,7"
"USC00268822","2015-02","39.0747","-119.1189","1310.6","WABUSKA 6 SE, NV US","0.0","7","0.0",",7","1",",7","0",",7","0",",7","0",",7","0",",7","0",",7","24",",7","0",",7","5",",7","0",",7","","","20150202",",,7","20150228","+,,7","20150228","+,,7","","","20150228",",,7","20150214","+,,7","-11.1",",7,02,","0",",,7,28,+","0",",,7,28,+","1.3",",,7,28,","23.9",",7,14,+","2119.0","7","355.2",",7","1.3",",,,7","0",",,,7","5.65",",7","16.44",",,,7","-5.14",",,,7"
"USC00268822","2015-03","39.0747","-119.1189","1310.6","WABUSKA 6 SE, NV US","1.9","7","1.9",",7","0",",7","0",",7","0",",7","0",",7","0",",7","0",",7","13",",7","0",",7","16",",7","0",",7","","","20150304",",,7","20150331","+,,7","20150331","+,,7","","","20150331","+,,7","20150331","+,,7","-8.3",",7,04,","0",",,7,31,+","0",",,7,31,+","0.0",",,7,31,+","28.3",",7,31,+","2364.4","7","245.4",",7","0.0",",,,7","0",",,,7","10.48",",7","19.52",",,,7","1.44",",,,7"
"USC00268822","2015-04","39.0747","-119.1189","1310.6","WABUSKA 6 SE, NV US","1.9","7","0.0",",7","2",",7","1",",7","0",",7","0",",7","0",",7","0",",7","23",",7","0",",7","12",",7","0",",7","","","20150415",",,7","20150430","+,,7","20150430","+,,7","","","20150423",",,7","20150430",",,7","-10.6",",7,15,","0",",,7,30,+","0",",,7,30,+","9.9",",,7,23,","28.9",",7,30,","2662.6","7","298.2",",7","10.4",",,,7","0",",,,7","8.39",",7","19.27",",,,7","-2.48",",,,7"
"USC00268822","2015-05","39.0747","-119.1189","1310.6","WABUSKA 6 SE, NV US","4.1","7","2.2","3,7","8",",7","6",",7","0",",7","0",",7","0",",7","0","3,7","5","3,7","0","3,7","14","3,7","0","3,7","","","20150507",",3,7","20150531","+,,7","20150531","+,,7","","","20150509",",,7","20150503",",3,7","-6.1","3,7,07,","0",",,7,31,+","0",",,7,31,+","17.8",",,7,09,","29.4","3,7,03,","2817.3","7","154.7","3,7","41.3",",,,7","0",",,,7","12.89","3,7","21.69","3,,,7","4.09","3,,,7"
"USC00268822","2015-06","39.0747","-119.1189","1310.6","WABUSKA 6 SE, NV US","106.6","7","102.5",",7","2",",7","2",",7","0",",7","0",",7","0",",7","0",",7","0",",7","0",",7","30",",7","21",",7","","","20150619",",,7","20150630","+,,7","20150630","+,,7","","","20150610",",,7","20150627",",,7","4.4",",7,19,","0",",,7,30,+","0",",,7,30,+","16.3",",,7,10,","39.4",",7,27,","2823.1","7","5.8",",7","22.7",",,,7","0",",,,7","21.56",",7","33.34",",,,7","9.78",",,,7"
"USC00268822","2015-07","39.0747","-119.1189","1310.6","WABUSKA 6 SE, NV US","205.8","7","99.2",",7","3",",7","2",",7","0",",7","0",",7","0",",7","0",",7","0",",7","0",",7","31",",7","16",",7","","","20150711",",,7","20150731","+,,7","20150731","+,,7","","","20150701",",,7","20150731",",,7","4.4",",7,11,","0",",,7,31,+","0",",,7,31,+","5.1",",,7,01,","38.3",",7,31,","7.6","7","7.6",",7","9.4",",,,7","0",",,,7","21.29",",7","31.89",",,,7","10.68",",,,7"
"USC00268822","2015-08","39.0747","-119.1189","1310.6","WABUSKA 6 SE, NV US","350.4","7","144.6",",7","1",",7","1",",7","0",",7","","","","","0",",7","0",",7","0",",7","31",",7","27",",7","","","20150831",",,7","","","","","","","20150807",",,7","20150814",",,7","2.8",",7,31,","","","","","2.5",",,7,07,","37.2",",7,14,","11.2","7","3.6",",7","2.5",",,,7","","","22.88",",7","34.10",",,,7","11.66",",,,7"
"USC00268822","2015-09","39.0747","-119.1189","1310.6","WABUSKA 6 SE, NV US","381.7","7","31.3",",7","0",",7","0",",7","0",",7","0",",7","0",",7","0",",7","1",",7","0",",7","30",",7","15",",7","","","20150908",",,7","20150930","+,,7","20150930","+,,7","","","20150930",",,7","20150912",",,7","0.0",",7,08,","0",",,7,30,+","0",",,7,30,+","0.0",",T,7,30,","36.7",",7,12,","47.3","7","36.1",",7","0.0",",T,,7","0",",,,7","18.17",",7","31.16",",,,7","5.19",",,,7"
"USC00268822","2015-10","39.0747","-119.1189","1310.6","WABUSKA 6 SE, NV US","386.7","7","5.0",",7","7",",7","3",",7","0",",7","","","","","0",",7","13",",7","0",",7","18",",7","3",",7","","","20151030",",,7","","","","","","","20151002",",,7","20151009",",,7","-6.1",",7,30,","","","","","7.4",",,7,02,","33.9",",7,09,","230.9","7","183.6",",7","20.0",",,,7","","","12.57",",7","23.23",",,,7","1.92",",,,7"
"USC00268822","2015-11","39.0747","-119.1189","1310.6","WABUSKA 6 SE, NV US","386.7","7","0.0",",7","4",",7","3",",7","0",",7","","","","","0",",7","28",",7","1",",7","2",",7","0",",7","","","20151130","+,,7","","","","","","","20151103",",,7","20151101",",,7","-15.0",",7,30,+","","","","","21.6",",,7,03,","26.7",",7,01,","726.9","7","496.0",",7","30.1",",,,7","","","1.80",",7","10.51",",,,7","-6.91",",,,7"
"USC00268822","2015-12","39.0747","-119.1189","1310.6","WABUSKA 6 SE, NV US","386.7","7","0.0",",7","1",",7","1",",7","0",",7","0",",7","0",",7","0",",7","29",",7","2",",7","1",",7","0",",7","","","20151201",",,7","20151231","+,,7","20151229",",,7","","","20151229",",,7","20151210",",,7","-17.2",",7,01,","0",",,7,31,+","13",",,7,29,","12.7",",,7,29,","22.2",",7,10,","1278.0","7","551.1",",7","12.7",",,,7","13",",,,7","0.56",",7","8.86",",,,7","-7.75",",,,7"
"USC00268822","2016-04","39.0747","-119.1189","1310.6","WABUSKA 6 SE, NV US","","","0.0",",7","5",",7","3",",7","0",",7","0",",7","0",",7","0",",7","7",",7","0",",7","17",",7","0",",7","","","20160426",",,7","20160430","+,,7","20160430","+,,7","","","20160410",",,7","20160421",",,7","-5.0",",7,26,","0",",,7,30,+","0",",,7,30,+","5.8",",,7,10,","27.8",",7,21,","","","198.5",",7","14.9",",,,7","0",",,,7","11.72",",7","21.44",",,,7","2.00",",,,7"
"USC00268822","2016-05","39.0747","-119.1189","1310.6","WABUSKA 6 SE, NV US","","","21.1",",7","6",",7","4",",7","0",",7","0",",7","0",",7","0",",7","6",",7","0",",7","23",",7","0",",7","","","20160522",",,7","20160531","+,,7","20160531","+,,7","","","20160506",",,7","20160516",",,7","-4.4",",7,22,","0",",,7,31,+","0",",,7,31,+","9.4",",,7,06,","31.1",",7,16,","","","117.4",",7","26.4",",,,7","0",",,,7","15.22",",7","23.91",",,,7","6.54",",,,7"
"USC00268822","2016-06","39.0747","-119.1189","1310.6","WABUSKA 6 SE, NV US","","","117.7",",7","0",",7","0",",7","0",",7","0",",7","0",",7","0",",7","1",",7","0",",7","30",",7","20",",7","","","20160616",",,7","20160630","+,,7","20160630","+,,7","","","20160630","+,,7","20160630","+,,7","0.0",",7,16,","0",",,7,30,+","0",",,7,30,+","0.0",",,7,30,+","39.4",",7,30,+","","","16.6",",7","0.0",",,,7","0",",,,7","21.70",",7","33.39",",,,7","10.02",",,,7"
"USC00268822","2016-07","39.0747","-119.1189","1310.6","WABUSKA 6 SE, NV US","","","175.7",",7","0",",7","0",",7","0",",7","0",",7","0",",7","0",",7","0",",7","0",",7","31",",7","29",",7","","","20160719","+,,7","20160731","+,,7","20160731","+,,7","","","20160731","+,,7","20160729",",,7","3.9",",7,19,+","0",",,7,31,+","0",",,7,31,+","0.0",",,7,31,+","41.1",",7,29,","1.9","7","1.9",",7","0.0",",,,7","0",",,,7","23.94",",7","35.95",",,,7","11.92",",,,7"
"USC00268822","2016-08","39.0747","-119.1189","1310.6","WABUSKA 6 SE, NV US","","","155.9",",7","0",",7","0",",7","0",",7","0",",7","0",",7","0",",7","0",",7","0",",7","31",",7","29",",7","","","20160826","+,,7","20160831","+,,7","20160831","+,,7","","","20160831","+,,7","20160815","+,,7","3.9",",7,26,+","0",",,7,31,+","0",",,7,31,+","0.0",",,7,31,+","37.8",",7,15,+","2.7","7","0.8",",7","0.0",",,,7","0",",,,7","23.33",",7","35.19",",,,7","11.48",",,,7"
"USC00268822","2016-09","39.0747","-119.1189","1310.6","WABUSKA 6 SE, NV US","","","11.7",",7","0",",7","0",",7","0",",7","0",",7","0",",7","0",",7","6",",7","0",",7","29",",7","7",",7","","","20160917",",,7","20160930","+,,7","20160930","+,,7","","","20160930","+,,7","20160901",",,7","-1.7",",7,17,","0",",,7,30,+","0",",,7,30,+","0.0",",,7,30,+","35.6",",7,01,","70.5","7","67.8",",7","0.0",",,,7","0",",,,7","16.46",",7","29.23",",,,7","3.70",",,,7"
"USC00268822","2016-10","39.0747","-119.1189","1310.6","WABUSKA 6 SE, NV US","","","0.0",",7","4",",7","3",",7","0",",7","0",",7","0",",7","0",",7","25",",7","0",",7","20",",7","0",",7","","","20161009",",,7","20161031","+,,7","20161031","+,,7","","","20161028",",,7","20161001",",,7","-6.7",",7,09,","0",",,7,31,+","0",",,7,31,+","10.7",",,7,28,","30.0",",7,01,","312.4","7","241.9",",7","20.8",",,,7","0",",,,7","10.53",",7","22.86",",,,7","-1.80",",,,7"
"USC00268822","2016-11","39.0747","-119.1189","1310.6","WABUSKA 6 SE, NV US","","","0.0",",7","0",",7","0",",7","0",",7","0",",7","0",",7","0",",7","26",",7","0",",7","9",",7","0",",7","","","20161127",",,7","20161130","+,,7","20161130","+,,7","","","20161130","+,,7","20161116",",,7","-16.7",",7,27,","0",",,7,30,+","0",",,7,30,+","0.0",",,7,30,+","25.6",",7,16,","714.9","7","402.5",",7","0.0",",,,7","0",",,,7","4.92",",7","16.06",",,,7","-6.23",",,,7"
"USC00268822","2016-12","39.0747","-119.1189","1310.6","WABUSKA 6 SE, NV US","","","0.0",",7","2",",7","0",",7","0",",7","0",",7","0",",7","5",",7","31",",7","1",",7","0",",7","0",",7","","","20161226",",,7","20161231","+,,7","20161231","+,,7","","","20161224",",,7","20161216","+,,7","-20.6",",7,26,","0",",,7,31,+","0",",,7,31,+","1.8",",,7,24,","17.8",",7,16,+","1323.0","7","608.1",",7","2.8",",,,7","0",",,,7","-1.28",",7","8.83",",,,7","-11.39",",,,7"
"USC00268822","2017-01","39.0747","-119.1189","1310.6","WABUSKA 6 SE, NV US","0.0","7","0.0","1,7","8",",7","5",",7","0",",7","6",",7","2",",7","0","1,7","30","1,7","2",",7","0",",7","0",",7","","","20170101",",1,7","20170107","+,,7","20170105","+,,7","","","20170130",",,7","20170117",",,7","-17.2","1,7,01,","76",",,7,07,+","51",",,7,05,+","14.0",",,7,30,","16.1",",7,17,","1877.2","7","554.2",",7","47.8",",,,7","102",",,,7","-0.08","1,7","8.39",",,,7","-8.54","1,,,7"
"USC00268822","2017-02","39.0747","-119.1189","1310.6","WABUSKA 6 SE, NV US","0.0","7","0.0",",7","3",",7","1",",7","0",",7","0",",7","0",",7","0",",7","20",",7","0",",7","0",",7","0",",7","","","20170228","+,,7","20170228","+,,7","20170228","+,,7","","","20170221",",,7","20170210","+,,7","-12.2",",7,28,+","0",",,7,28,+","0",",,7,28,+","3.8",",,7,21,","19.4",",7,10,+","2270.4","7","393.2",",7","6.3",",,,7","0",",,,7","4.29",",7","12.21",",,,7","-3.63",",,,7"
"USC00268822","2017-03","39.0747","-119.1189","1310.6","WABUSKA 6 SE, NV US","0.0","7","0.0",",7","3",",7","0",",7","0",",7","0",",7","0",",7","0",",7","27",",7","0",",7","12",",7","0",",7","","","20170304",",,7","20170331","+,,7","20170322","+,,7","","","20170321","+,,7","20170315",",,7","-11.1",",7,04,","0",",,7,31,+","0",",T,7,22,+","0.5",",,7,21,+","27.2",",7,15,","2613.7","7","343.3",",7","1.3",",,,7","0",",T,,7","7.26",",7","17.92",",,,7","-3.41",",,,7"
"USC00268822","2017-04","39.0747","-119.1189","1310.6","WABUSKA 6 SE, NV US","0.0","7","0.0",",7","4",",7","2",",7","0",",7","0",",7","0",",7","0",",7","19",",7","0",",7","5",",7","0",",7","","","20170415","+,,7","20170430","+,,7","20170430","+,,7","","","20170418",",,7","20170423",",,7","-7.2",",7,15,+","0",",,7,30,+","0",",,7,30,+","11.9",",,7,18,","26.7",",7,23,","2909.9","7","296.2",",7","21.3",",,,7","0",",,,7","8.46",",7","18.21",",,,7","-1.29",",,,7"
"USC00268822","2017-05","39.0747","-119.1189","1310.6","WABUSKA 6 SE, NV US","23.6","7","23.6",",7","0",",7","0",",7","0",",7","0",",7","0",",7","0",",7","5",",7","0",",7","24",",7","2",",7","","","20170513",",,7","20170531","+,,7","20170531","+,,7","","","20170531","+,,7","20170524",",,7","-3.3",",7,13,","0",",,7,31,+","0",",,7,31,+","0.0",",,7,31,+","33.3",",7,24,","3017.0","7","107.1",",7","0.0",",,,7","0",",,,7","15.64",",7","25.95",",,,7","5.33",",,,7"
"USC00268822","2017-06","39.0747","-119.1189","1310.6","WABUSKA 6 SE, NV US","130.0","7","106.4",",7","1",",7","0",",7","0",",7","0",",7","0",",7","0",",7","1",",7","0",",7","28",",7","21",",7","","","20170613",",,7","20170630","+,,7","20170630","+,,7","","","20170612",",,7","20170621",",,7","-2.2",",7,13,","0",",,7,30,+","0",",,7,30,+","1.3",",,7,12,","40.6",",7,21,","3052.0","7","35.0",",7","1.3",",,,7","0",",,,7","20.71",",7","32.14",",,,7","9.29",",,,7"
"USC00268822","2017-07","39.0747","-119.1189","1310.6","WABUSKA 6 SE, NV US","322.4","7","192.4",",7","1",",7","1",",7","0",",7","0",",7","0",",7","0",",7","0",",7","0",",7","31",",7","31",",7","","","20170719",",,7","20170731","+,,7","20170731","+,,7","","","20170726",",,7","20170724","+,,7","6.1",",7,19,","0",",,7,31,+","0",",,7,31,+","8.9",",,7,26,","39.4",",7,24,+","0.0","7","0.0",",7","8.9",",,,7","0",",,,7","24.54",",7","36.56",",,,7","12.52",",,,7"
"USC00268822","2017-08","39.0747","-119.1189","1310.6","WABUSKA 6 SE, NV US","475.6","7","153.2",",7","1",",7","1",",7","0",",7","0",",7","0",",7","0",",7","0",",7","0",",7","31",",7","29",",7","","","20170815","+,,7","20170831","+,,7","20170831","+,,7","","","20170809",",,7","20170803",",,7","7.2",",7,15,+","0",",,7,31,+","0",",,7,31,+","3.0",",,7,09,","41.1",",7,03,","0.0","7","0.0",",7","3.0",",,,7","0",",,,7","23.27",",7","35.06",",,,7","11.49",",,,7"
"USC00268822","2017-09","39.0747","-119.1189","1310.6","WABUSKA 6 SE, NV US","518.1","7","42.5",",7","0",",7","0",",7","0",",7","0",",7","0",",7","0",",7","11",",7","0",",7","24",",7","10",",7","","","20170925",",,7","20170930","+,,7","20170930","+,,7","","","20170930","+,,7","20170906","+,,7","-7.8",",7,25,","0",",,7,30,+","0",",,7,30,+","0.0",",,7,30,+","37.8",",7,06,+","127.1","7","127.1",",7","0.0",",,,7","0",",,,7","15.52",",7","27.29",",,,7","3.74",",,,7"
"USC00268822","2017-10","39.0747","-119.1189","1310.6","WABUSKA 6 SE, NV US","518.1","7","0.0","1,7","0",",7","0",",7","0",",7","0",",7","0",",7","0",",7","31",",7","0","1,7","17","1,7","0","1,7","","","20171013",",,7","20171031","+,,7","20171031","+,,7","","","20171031","+,,7","20171008",",1,7","-10.0",",7,13,","0",",,7,31,+","0",",,7,31,+","0.0",",,7,31,+","29.4","1,7,08,","442.6","7","315.5","1,7","0.0",",,,7","0",",,,7","7.77","1,7","21.49","1,,,7","-5.96",",,,7"
"USC00268822","2017-11","39.0747","-119.1189","1310.6","WABUSKA 6 SE, NV US","518.1","7","0.0",",7","0",",7","0",",7","0",",7","0",",7","0",",7","0",",7","28",",7","0",",7","10",",7","0",",7","","","20171107",",,7","20171130","+,,7","20171130","+,,7","","","20171130","+,,7","20171124",",,7","-12.8",",7,07,","0",",,7,30,+","0",",,7,30,+","0.0",",,7,30,+","26.1",",7,24,","832.6","7","390.0",",7","0.0",",,,7","0",",,,7","5.33",",7","17.56",",,,7","-6.89",",,,7"
"USC00268822","2017-12","39.0747","-119.1189","1310.6","WABUSKA 6 SE, NV US","518.1","7","0.0",",7","0",",7","0",",7","0",",7","0",",7","0",",7","5",",7","31",",7","0",",7","0",",7","0",",7","","","20171215",",,7","20171231","+,,7","20171231","+,,7","","","20171231","+,,7","20171227",",,7","-18.9",",7,15,","0",",,7,31,+","0",",,7,31,+","0.0",",,7,31,+","15.0",",7,27,","1499.4","7","666.8",",7","0.0",",,,7","0",",,,7","-3.18",",7","8.45",",,,7","-14.80",",,,7"
"USC00268822","2018-01","39.0747","-119.1189","1310.6","WABUSKA 6 SE, NV US","0.0","7","0.0",",7","2",",7","0",",7","0",",7","0",",7","0",",7","0",",7","31",",7","0",",7","1",",7","0",",7","","","20180126","+,,7","20180131","+,,7","20180131","+,,7","","","20180106",",,7","20180131",",,7","-13.3",",7,26,+","0",",,7,31,+","0",",,7,31,+","2.0",",,7,06,","22.8",",7,31,","2009.1","7","509.7",",7","3.8",",,,7","0",",,,7","1.89",",7","12.73",",,,7","-8.95",",,,7"
"USC00268822","2018-02","39.0747","-119.1189","1310.6","WABUSKA 6 SE, NV US","0.0","7","0.0",",7","2",",7","0",",7","0",",7","1",",7","0",",7","2",",7","28",",7","0",",7","0",",7","0",",7","","","20180224",",,7","20180227",",,7","20180227",",,7","","","20180227",",,7","20180210",",,7","-18.9",",7,24,","25",",,7,27,","13",",,7,27,","0.8",",,7,27,","20.0",",7,10,","2520.2","7","511.1",",7","1.1",",,,7","13",",,,7","0.08",",7","12.04",",,,7","-11.89",",,,7"
"USC00268822","2018-03","39.0747","-119.1189","1310.6","WABUSKA 6 SE, NV US","0.0","7","0.0",",7","3",",7","2",",7","0",",7","3",",7","1",",7","0",",7","30",",7","0",",7","4",",7","0",",7","","","20180305",",,7","20180303",",,7","20180303",",,7","","","20180303",",,7","20180331",",,7","-15.0",",7,05,","102",",,7,03,","102",",,7,03,","7.1",",,7,03,","23.9",",7,31,","2970.2","7","450.0",",7","13.0",",,,7","102",",,,7","3.82",",7","14.28",",,,7","-6.65",",,,7"
"USC00268822","2018-04","39.0747","-119.1189","1310.6","WABUSKA 6 SE, NV US","1.9","7","1.9",",7","3",",7","1",",7","0",",7","0","1,7","0","1,7","0",",7","23",",7","0",",7","17",",7","0",",7","","","20180403",",,7","20180430","+,1,7","20180430","+,1,7","","","20180408",",,7","20180427",",,7","-9.4",",7,03,","0","1,,7,30,+","0","1,,7,30,+","2.5",",,7,08,","31.1",",7,27,","3231.5","7","261.3",",7","4.8",",,,7","0","1,,,7","9.69",",7","21.20",",,,7","-1.83",",,,7"
"USC00268822","2018-05","39.0747","-119.1189","1310.6","WABUSKA 6 SE, NV US","9.5","7","7.6",",7","7",",7","4",",7","0",",7","0",",7","0",",7","0",",7","5",",7","0",",7","24",",7","1",",7","","","20180501",",,7","20180531","+,,7","20180531","+,,7","","","20180516",",,7","20180509",",,7","-5.6",",7,01,","0",",,7,31,+","0",",,7,31,+","6.9",",,7,16,","32.8",",7,09,","3336.9","7","105.4",",7","23.4",",,,7","0",",,,7","15.18",",7","24.81",",,,7","5.55",",,,7"
"USC00268822","2018-06","39.0747","-119.1189","1310.6","WABUSKA 6 SE, NV US","72.8","7","63.3",",7","0",",7","0",",7","0",",7","0",",7","0",",7","0",",7","1",",7","0",",7","30",",7","17",",7","","","20180601",",,7","20180630","+,,7","20180630","+,,7","","","20180630","+,,7","20180626",",,7","-1.1",",7,01,","0",",,7,30,+","0",",,7,30,+","0.0",",,7,30,+","39.4",",7,26,","3363.5","7","26.6",",7","0.0",",,,7","0",",,,7","19.56",",7","32.24",",,,7","6.87",",,,7"
"USC00268822","2018-07","39.0747","-119.1189","1310.6","WABUSKA 6 SE, NV US","277.9","7","205.1",",7","2",",7","2",",7","0",",7","0",",7","0",",7","0",",7","0",",7","0",",7","31",",7","30",",7","","","20180701",",,7","20180731","+,,7","20180731","+,,7","","","20180725",",,7","20180720",",,7","4.4",",7,01,","0",",,7,31,+","0",",,7,31,+","13.2",",,7,25,","40.0",",7,20,","0.6","7","0.6",",7","19.0",",,,7","0",",,,7","24.93",",7","36.88",",,,7","12.97",",,,7"
"USC00268822","2018-08","39.0747","-119.1189","1310.6","WABUSKA 6 SE, NV US","390.4","7","112.5",",7","0",",7","0",",7","0",",7","0",",7","0",",7","0",",7","0",",7","0",",7","31",",7","27",",7","","","20180826",",,7","20180831","+,,7","20180831","+,,7","","","20180831","+,,7","20180813",",,7","1.7",",7,26,","0",",,7,31,+","0",",,7,31,+","0.0",",,7,31,+","39.4",",7,13,","2.0","7","1.4",",7","0.0",",,,7","0",",,,7","21.92",",7","35.08",",,,7","8.75",",,,7"
"USC00268822","2018-09","39.0747","-119.1189","1310.6","WABUSKA 6 SE, NV US","403.4","7","13.0",",7","0",",7","0",",7","0",",7","0",",7","0",",7","0",",7","8",",7","0",",7","30",",7","11",",7","","","20180930","+,,7","20180930","+,,7","20180930","+,,7","","","20180930","+,,7","20180909","+,,7","-2.8",",7,30,+","0",",,7,30,+","0",",,7,30,+","0.0",",,7,30,+","34.4",",7,09,+","71.9","7","69.9",",7","0.0",",,,7","0",",,,7","16.44",",7","30.48",",,,7","2.39",",,,7"
"USC00268822","2018-10","39.0747","-119.1189","1310.6","WABUSKA 6 SE, NV US","403.4","7","0.0",",7","2",",7","1",",7","0",",7","0",",7","0",",7","0",",7","25",",7","0",",7","17",",7","0",",7","","","20181015",",,7","20181031","+,,7","20181031","+,,7","","","20181004",",,7","20181002",",,7","-11.1",",7,15,","0",",,7,31,+","0",",,7,31,+","17.3",",,7,04,","29.4",",7,02,","378.4","7","306.5",",7","17.8",",,,7","0",",,,7","8.45",",7","20.66",",,,7","-3.76",",,,7"
"USC00268822","2018-11","39.0747","-119.1189","1310.6","WABUSKA 6 SE, NV US","403.4","7","0.0",",7","1",",7","0",",7","0",",7","0",",7","0",",7","0",",7","30",",7","0",",7","3",",7","0",",7","","","20181109",",,7","20181130","+,,7","20181130","+,,7","","","20181122",",,7","20181105","+,,7","-16.7",",7,09,","0",",,7,30,+","0",",,7,30,+","1.5",",,7,22,","23.9",",7,05,+","859.3","7","480.9",",7","1.5",",,,7","0",",,,7","2.30",",7","14.35",",,,7","-9.74",",,,7"
"USC00268822","2018-12","39.0747","-119.1189","1310.6","WABUSKA 6 SE, NV US","403.4","7","0.0",",7","4",",7","2",",7","0",",7","0",",7","0",",7","0",",7","31",",7","1",",7","0",",7","0",",7","","","20181229",",,7","20181231","+,,7","20181231","+,,7","","","20181225",",,7","20181222",",,7","-13.9",",7,29,","0",",,7,31,+","0",",,7,31,+","11.2",",,7,25,","16.7",",7,22,","1446.5","7","587.2",",7","16.4",",,,7","0",",,,7","-0.61",",7","6.95",",,,7","-8.17",",,,7"
"USC00268822","2019-01","39.0747","-119.1189","1310.6","WABUSKA 6 SE, NV US","0.0","7","0.0",",7","2",",7","1",",7","0",",7","0",",7","0",",7","3",",7","28",",7","0",",7","0",",7","0",",7","","","20190104","+,,7","20190131","+,,7","20190131","+,,7","","","20190117",",,7","20190110",",,7","-17.8",",7,04,+","0",",,7,31,+","0",",,7,31,+","7.9",",,7,17,","16.7",",7,10,","1977.8","7","531.3",",7","9.2",",,,7","0",",,,7","1.20",",7","10.99",",,,7","-8.60",",,,7"
"USC00268822","2019-03","39.0747","-119.1189","1310.6","WABUSKA 6 SE, NV US","","","0.0","1,7","6","1,7","3","1,7","0","1,7","0","3,7","0","3,7","0","1,7","13","1,7","0","1,7","0","1,7","0","1,7","","","20190315",",1,7","20190331","+,3,7","20190331","+,3,7","","","20190310",",1,7","20190318",",1,7","-3.3","1,7,15,","0","3,,7,31,+","0","3,,7,31,+","11.9","1,,7,10,","20.0","1,7,18,","","","360.8","1,7","26.6","1,,,7","0","3,,,7","6.31","1,7","12.05","1,,,7","0.56","1,,,7"
"USC00268822","2019-08","39.0747","-119.1189","1310.6","WABUSKA 6 SE, NV US","","","90.6",",7","0",",7","0",",7","0",",7","0",",7","0",",7","0",",7","0",",7","0",",7","31",",7","26",",7","","","20190811",",,7","20190831","+,,7","20190831","+,,7","","","20190831","+,,7","20190807","+,,7","2.8",",7,11,","0",",,7,31,+","0",",,7,31,+","0.0",",,7,31,+","37.2",",7,07,+","","","7.8",",7","0.0",",,,7","0",",,,7","21.00",",7","34.02",",,,7","7.99",",,,7"
"USC00268822","2019-09","39.0747","-119.1189","1310.6","WABUSKA 6 SE, NV US","","","17.3",",7","2",",7","2",",7","0",",7","0",",7","0",",7","0",",7","14",",7","0",",7","28",",7","7",",7","","","20190917",",,7","20190930","+,,7","20190930","+,,7","","","20190903",",,7","20190901",",,7","-5.0",",7,17,","0",",,7,30,+","0",",,7,30,+","5.6",",,7,03,","36.1",",7,01,","","","115.5",",7","10.7",",,,7","0",",,,7","15.06",",7","28.52",",,,7","1.60",",,,7"
"USC00268822","2019-11","39.0747","-119.1189","1310.6","WABUSKA 6 SE, NV US","","","0.0",",7","2",",7","2",",7","0",",7","0",",7","0",",7","0",",7","30",",7","0",",7","7",",7","0",",7","","","20191130",",,7","20191130","+,,7","20191130","+,,7","","","20191120",",,7","20191105",",,7","-13.9",",7,30,","0",",,7,30,+","0",",,7,30,+","5.1",",,7,20,","22.2",",7,05,","","","436.9",",7","9.2",",,,7","0",",,,7","3.77",",7","15.98",",,,7","-8.44",",,,7"
"USC00268822","2019-12","39.0747","-119.1189","1310.6","WABUSKA 6 SE, NV US","","","0.0",",7","6",",7","4",",7","0",",7","","","","","1",",7","31",",7","0",",7","0",",7","0",",7","","","20191217",",,7","","","","","","","20191208",",,7","20191223",",,7","-17.8",",7,17,","","","","","5.1",",,7,08,","17.2",",7,23,","","","588.5",",7","18.8",",,,7","","","-0.65",",7","7.86",",,,7","-9.16",",,,7"
"USC00268822","2020-01","39.0747","-119.1189","1310.6","WABUSKA 6 SE, NV US","0.0","7","0.0",",7","0",",7","0",",7","0",",7","0",",7","0",",7","3",",7","31",",7","0",",7","0",",7","0",",7","","","20200116","+,,7","20200131","+,,7","20200131","+,,7","","","20200131","+,,7","20200126","+,,7","-17.8",",7,16,+","0",",,7,31,+","0",",,7,31,+","0.0",",,7,31,+","16.1",",7,26,+","","","576.8",",7","0.0",",,,7","0",",,,7","-0.27",",7","11.57",",,,7","-12.12",",,,7"
"USC00268822","2020-02","39.0747","-119.1189","1310.6","WABUSKA 6 SE, NV US","0.0","7","0.0",",7","0",",7","0",",7","0",",7","0",",7","0",",7","0",",7","29",",7","0",",7","0",",7","0",",7","","","20200213","+,,7","20200229","+,,7","20200229","+,,7","","","20200229","+,,7","20200228","+,,7","-16.7",",7,13,+","0",",,7,29,+","0",",,7,29,+","0.0",",,7,29,+","20.0",",7,28,+","","","511.5",",7","0.0",",,,7","0",",,,7","0.70",",7","14.53",",,,7","-13.14",",,,7"
"USC00268822","2020-04","39.0747","-119.1189","1310.6","WABUSKA 6 SE, NV US","","","0.3",",7","3",",7","1",",7","0",",7","0",",7","0",",7","0",",7","18",",7","0",",7","11",",7","0",",7","","","20200403",",,7","20200430","+,,7","20200430","+,,7","","","20200409",",,7","20200430","+,,7","-8.9",",7,03,","0",",,7,30,+","0",",,7,30,+","4.6",",,7,09,","30.6",",7,30,+","","","270.9",",7","7.1",",,,7","0",",,,7","9.32",",7","20.76",",,,7","-2.13",",,,7"
"USC00268822","2020-05","39.0747","-119.1189","1310.6","WABUSKA 6 SE, NV US","","","38.4",",7","1",",7","0",",7","0",",7","0",",7","0",",7","0",",7","0",",7","0",",7","28",",7","6",",7","","","20200521",",,7","20200531","+,,7","20200531","+,,7","","","20200519",",,7","20200525",",,7","1.1",",7,21,","0",",,7,31,+","0",",,7,31,+","0.8",",,7,19,","37.8",",7,25,","","","78.6",",7","0.8",",,,7","0",",,,7","17.04",",7","26.90",",,,7","7.18",",,,7"
"USC00268822","2020-06","39.0747","-119.1189","1310.6","WABUSKA 6 SE, NV US","","","67.6",",7","2",",7","2",",7","0",",7","0",",7","0",",7","0",",7","0",",7","0",",7","29",",7","15",",7","","","20200608",",,7","20200630","+,,7","20200630","+,,7","","","20200625",",,7","20200627","+,,7","1.1",",7,08,","0",",,7,30,+","0",",,7,30,+","4.6",",,7,25,","37.8",",7,27,+","","","30.0",",7","8.7",",,,7","0",",,,7","19.58",",7","30.77",",,,7","8.40",",,,7"
"USC00268822","2020-07","39.0747","-119.1189","1310.6","WABUSKA 6 SE, NV US","","","172.5",",7","0",",7","0",",7","0",",7","0",",7","0",",7","0",",7","0",",7","0",",7","31",",7","30",",7","","","20200706",",,7","20200731","+,,7","20200731","+,,7","","","20200731","+,,7","20200718",",,7","6.1",",7,06,","0",",,7,31,+","0",",,7,31,+","0.0",",,7,31,+","40.6",",7,18,","0.0","7","0.0",",7","0.0",",,,7","0",",,,7","23.90",",7","36.11",",,,7","11.69",",,,7"
"USC00268822","2020-08","39.0747","-119.1189","1310.6","WABUSKA 6 SE, NV US","","","178.4",",7","3",",7","1",",7","0",",7","0",",7","0",",7","0",",7","0",",7","0",",7","31",",7","31",",7","","","20200826","+,,7","20200831","+,,7","20200831","+,,7","","","20200817",",,7","20200816","+,,7","10.0",",7,26,+","0",",,7,31,+","0",",,7,31,+","18.8",",,7,17,","38.3",",7,16,+","0.0","7","0.0",",7","22.1",",,,7","0",",,,7","24.09",",7","36.05",",,,7","12.13",",,,7"
"USC00268822","2020-09","39.0747","-119.1189","1310.6","WABUSKA 6 SE, NV US","","","49.2",",7","0",",7","0",",7","0",",7","0",",7","0",",7","0",",7","0",",7","0",",7","30",",7","10",",7","","","20200919",",,7","20200930","+,,7","20200930","+,,7","","","20200930","+,,7","20200907","+,,7","4.4",",7,19,","0",",,7,30,+","0",",,7,30,+","0.0",",,7,30,+","38.9",",7,07,+","13.4","7","13.4",",7","0.0",",,,7","0",",,,7","19.53",",7","30.83",",,,7","8.22",",,,7"
"USC00268822","2020-10","39.0747","-119.1189","1310.6","WABUSKA 6 SE, NV US","","","1.8",",7","0",",7","0",",7","0",",7","0",",7","0",",7","0",",7","10",",7","0",",7","26",",7","0",",7","","","20201030","+,,7","20201031","+,,7","20201031","+,,7","","","20201031","+,,7","20201005","+,,7","-7.2",",7,30,+","0",",,7,31,+","0",",,7,31,+","0.0",",,7,31,+","31.7",",7,05,+","173.3","7","159.9",",7","0.0",",,,7","0",",,,7","13.23",",7","24.33",",,,7","2.14",",,,7"
"USC00268822","2020-11","39.0747","-119.1189","1310.6","WABUSKA 6 SE, NV US","","","0.0",",7","0",",7","0",",7","0",",7","0",",7","0",",7","0",",7","23",",7","0",",7","8",",7","0",",7","","","20201130","+,,7","20201130","+,,7","20201130","+,,7","","","20201130","+,,7","20201104",",,7","-15.0",",7,30,+","0",",,7,30,+","0",",,7,30,+","0.0",",,7,30,+","24.4",",7,04,","580.7","7","407.4",",7","0.0",",,,7","0",",,,7","4.75",",7","14.25",",,,7","-4.74",",,,7"
"USC00268822","2020-12","39.0747","-119.1189","1310.6","WABUSKA 6 SE, NV US","","","0.0",",7","1",",7","0",",7","0",",7","0",",7","0",",7","0",",7","26",",7","0",",7","0",",7","0",",7","","","20201225",",,7","20201231","+,,7","20201231","+,,7","","","20201229",",,7","20201208",",,7","-12.8",",7,25,","0",",,7,31,+","0",",,7,31,+","0.8",",,7,29,","15.6",",7,08,","1103.3","7","522.6",",7","0.8",",,,7","0",",,,7","1.48",",7","9.37",",,,7","-6.42",",,,7"
"USC00268822","2021-01","39.0747","-119.1189","1310.6","WABUSKA 6 SE, NV US","0.0","7","0.0",",7","5",",7","4",",7","0",",7","2",",7","1",",7","1",",7","26",",7","0",",7","0",",7","0",",7","","","20210107",",,7","20210124",",,7","20210124",",,7","","","20210128",",,7","20210114",",,7","-17.8",",7,07,","76",",,7,24,","76",",,7,24,","7.6",",,7,28,","19.4",",7,14,","1596.1","7","492.8",",7","22.3",",,,7","76",",,,7","2.44",",7","10.21",",,,7","-5.34",",,,7"
"USC00268822","2021-02","39.0747","-119.1189","1310.6","WABUSKA 6 SE, NV US","0.0","7","0.0",",7","4",",7","1",",7","0",",7","1",",7","1",",7","0",",7","22",",7","0",",7","0",",7","0",",7","","","20210226",",,7","20210220",",,7","20210220",",,7","","","20210212",",,7","20210220",",,7","-10.0",",7,26,","25",",,7,20,","25",",,7,20,","7.1",",,7,12,","17.8",",7,20,","1986.2","7","390.1",",7","8.7",",,,7","25",",,,7","4.40",",7","12.43",",,,7","-3.63",",,,7"
"USC00268822","2021-03","39.0747","-119.1189","1310.6","WABUSKA 6 SE, NV US","0.0","7","0.0",",7","2",",7","1",",7","0",",7","0",",7","0",",7","0",",7","22",",7","0",",7","3",",7","0",",7","","","20210327",",,7","20210331","+,,7","20210331","+,,7","","","20210312",",,7","20210329",",,7","-12.8",",7,27,","0",",,7,31,+","0",",,7,31,+","2.5",",,7,12,","25.6",",7,29,","2375.1","7","388.9",",7","3.5",",,,7","0",",,,7","5.79",",7","14.69",",,,7","-3.11",",,,7"
"USC00268822","2021-04","39.0747","-119.1189","1310.6","WABUSKA 6 SE, NV US","0.0","7","0.0",",7","1",",7","1",",7","0",",7","0",",7","0",",7","0",",7","15",",7","0",",7","19",",7","0",",7","","","20210428",",,7","20210430","+,,7","20210430","+,,7","","","20210414",",,7","20210430",",,7","-8.9",",7,28,","0",",,7,30,+","0",",,7,30,+","5.3",",,7,14,","30.0",",7,30,","2592.0","7","216.9",",7","5.3",",,,7","0",",,,7","11.10",",7","21.76",",,,7","0.45",",,,7"
"USC00268822","2021-05","39.0747","-119.1189","1310.6","WABUSKA 6 SE, NV US","8.7","7","8.7",",7","3",",7","1",",7","0",",7","0",",7","0",",7","0",",7","2",",7","0",",7","26",",7","1",",7","","","20210523","+,,7","20210531","+,,7","20210531","+,,7","","","20210523",",,7","20210501",",,7","-1.1",",7,23,+","0",",,7,31,+","0",",,7,31,+","4.8",",,7,23,","32.8",",7,01,","2678.7","7","86.7",",7","8.3",",,,7","0",",,,7","15.82",",7","26.10",",,,7","5.54",",,,7"
"USC00268822","2021-06","39.0747","-119.1189","1310.6","WABUSKA 6 SE, NV US","203.7","7","195.0",",7","0",",7","0",",7","0",",7","0",",7","0",",7","0",",7","0",",7","0",",7","30",",7","26",",7","","","20210611",",,7","20210630","+,,7","20210630","+,,7","","","20210630","+,,7","20210629",",,7","2.2",",7,11,","0",",,7,30,+","0",",,7,30,+","0.0",",,7,30,+","40.6",",7,29,","2688.7","7","10.0",",7","0.0",",,,7","0",",,,7","24.50",",7","34.93",",,,7","14.07",",,,7"
"USC00268822","2021-07","39.0747","-119.1189","1310.6","WABUSKA 6 SE, NV US","514.0","7","310.3",",7","2",",7","1",",7","0",",7","0",",7","0",",7","0",",7","0",",7","0",",7","31",",7","31",",7","","","20210723",",,7","20210731","+,,7","20210731","+,,7","","","20210702",",,7","20210713",",,7","12.8",",7,23,","0",",,7,31,+","0",",,7,31,+","3.6",",,7,02,","42.8",",7,13,","0.0","7","0.0",",7","4.1",",,,7","0",",,,7","28.34",",7","38.32",",,,7","18.37",",,,7"
"USC00268822","2021-08","39.0747","-119.1189","1310.6","WABUSKA 6 SE, NV US","691.4","7","177.4",",7","2",",7","1",",7","0",",7","0",",7","0",",7","0",",7","0",",7","0",",7","31",",7","24",",7","","","20210824",",,7","20210831","+,,7","20210831","+,,7","","","20210801",",,7","20210817","+,,7","3.3",",7,24,","0",",,7,31,+","0",",,7,31,+","2.5",",,7,01,","40.6",",7,17,+","2.8","7","2.8",",7","4.5",",,,7","0",",,,7","23.96",",7","35.08",",,,7","12.85",",,,7"
"USC00268822","2021-09","39.0747","-119.1189","1310.6","WABUSKA 6 SE, NV US","753.6","7","62.2","1,7","0",",7","0",",7","0",",7","0",",7","0",",7","0",",7","1",",7","0","1,7","27","1,7","12","1,7","","","20210930",",,7","20210930","+,,7","20210930","+,,7","","","20210930","+,,7","20210909","+,1,7","-2.2",",7,30,","0",",,7,30,+","0",",,7,30,+","0.0",",,7,30,+","37.2","1,7,09,+","36.6","7","33.8","1,7","0.0",",,,7","0",",,,7","19.24","1,7","31.06","1,,,7","7.42",",,,7"
"USC00268822","2021-10","39.0747","-119.1189","1310.6","WABUSKA 6 SE, NV US","753.6","7","0.0",",7","9",",7","4",",7","1",",7","0",",7","0",",7","0",",7","14",",7","0",",7","15",",7","0",",7","","","20211009",",,7","20211031","+,,7","20211031","+,,7","","","20211025",",,7","20211005",",,7","-7.2",",7,09,","0",",,7,31,+","0",",,7,31,+","33.5",",,7,25,","28.9",",7,05,","276.2","7","239.6",",7","48.4",",,,7","0",",,,7","10.60",",7","20.31",",,,7","0.90",",,,7"
"USC00268822","2021-11","39.0747","-119.1189","1310.6","WABUSKA 6 SE, NV US","753.6","7","0.0","1,7","1",",7","1",",7","0",",7","0",",7","0",",7","0","1,7","18","1,7","0","1,7","6","1,7","0","1,7","","","20211128",",1,7","20211130","+,,7","20211130","+,,7","","","20211109",",,7","20211105","+,1,7","-11.1","1,7,28,","0",",,7,30,+","0",",,7,30,+","3.3",",,7,09,","23.3","1,7,05,+","592.7","7","316.5","1,7","3.3",",,,7","0",",,,7","7.42","1,7","17.12","1,,,7","-2.28","1,,,7"
"USC00268822","2021-12","39.0747","-119.1189","1310.6","WABUSKA 6 SE, NV US","753.6","7","0.0",",7","7",",7","5",",7","0",",7","0",",7","0",",7","0",",7","24",",7","0",",7","0",",7","0",",7","","","20211222","+,,7","20211231","+,,7","20211231","+,,7","","","20211224",",,7","20211206",",,7","-11.1",",7,22,+","0",",,7,31,+","0",",,7,31,+","21.6",",,7,24,","18.9",",7,06,","1092.3","7","499.6",",7","45.0",",,,7","0",",,,7","2.22",",7","8.84",",,,7","-4.40",",,,7"
"USC00268822","2022-01","39.0747","-119.1189","1310.6","WABUSKA 6 SE, NV US","0.0","7","0.0",",7","0",",7","0",",7","0",",7","0",",7","0",",7","0",",7","31",",7","0",",7","0",",7","0",",7","","","20220123","+,,7","20220131","+,,7","20220131","+,,7","","","20220131","+,,7","20220106",",,7","-15.6",",7,23,+","0",",,7,31,+","0",",,7,31,+","0.0",",,7,31,+","15.6",",7,06,","1651.7","7","559.4",",7","0.0",",,,7","0",",,,7","0.29",",7","9.96",",,,7","-9.38",",,,7"
"USC00268822","2022-02","39.0747","-119.1189","1310.6","WABUSKA 6 SE, NV US","0.0","7","0.0",",7","2",",7","1",",7","0",",7","0",",7","0",",7","0",",7","28",",7","1",",7","1",",7","0",",7","","","20220202",",,7","20220222",",,7","20220222",",,7","","","20220221",",,7","20220215",",,7","-13.9",",7,02,","0",",T,7,22,","0",",T,7,22,","2.5",",,7,21,","21.1",",7,15,","2106.1","7","454.4",",7","3.0",",,,7","0",",T,,7","2.10",",7","11.86",",,,7","-7.65",",,,7"
"USC00268822","2022-03","39.0747","-119.1189","1310.6","WABUSKA 6 SE, NV US","0.0","7","0.0",",7","2",",7","0",",7","0",",7","0",",7","0",",7","0",",7","20",",7","0",",7","8",",7","0",",7","","","20220305",",,7","20220331","+,,7","20220331","+,,7","","","20220329",",,7","20220326",",,7","-12.2",",7,05,","0",",,7,31,+","0",",,7,31,+","2.3",",,7,29,","28.3",",7,26,","2418.1","7","312.0",",7","4.3",",,,7","0",",,,7","8.27",",7","18.39",",,,7","-1.86",",,,7"
"USC00268822","2022-04","39.0747","-119.1189","1310.6","WABUSKA 6 SE, NV US","0.6","7","0.6","1,7","0",",7","0",",7","0",",7","0",",7","0",",7","0","1,7","11","1,7","0",",7","13",",7","0",",7","","","20220406",",1,7","20220430","+,,7","20220430","+,,7","","","20220430","+,,7","20220409",",,7","-6.1","1,7,06,","0",",,7,30,+","0",",,7,30,+","0.0",",,7,30,+","28.3",",7,09,","2625.5","7","207.4",",7","0.0",",,,7","0",",,,7","11.14","1,7","20.14",",,,7","2.14","1,,,7"
"USC00268822","2022-05","39.0747","-119.1189","1310.6","WABUSKA 6 SE, NV US","27.2","7","26.6",",7","1",",7","0",",7","0",",7","0",",7","0",",7","0",",7","2",",7","0",",7","24",",7","2",",7","","","20220509",",,7","20220531","+,,7","20220531","+,,7","","","20220526",",,7","20220526",",,7","-2.2",",7,09,","0",",,7,31,+","0",",,7,31,+","0.5",",,7,26,","33.3",",7,26,","2727.9","7","102.4",",7","0.5",",,,7","0",",,,7","15.89",",7","24.28",",,,7","7.50",",,,7"
"USC00268822","2022-06","39.0747","-119.1189","1310.6","WABUSKA 6 SE, NV US","141.9","7","114.7",",7","0",",7","0",",7","0",",7","0",",7","0",",7","0",",7","0",",7","0",",7","29",",7","15",",7","","","20220601",",,7","20220630","+,,7","20220630","+,,7","","","20220630","+,,7","20220628","+,,7","4.4",",7,01,","0",",,7,30,+","0",",,7,30,+","0.0",",,7,30,+","38.3",",7,28,+","2743.2","7","15.3",",7","0.0",",,,7","0",",,,7","21.65",",7","31.09",",,,7","12.21",",,,7"
"USC00268822","2022-07","39.0747","-119.1189","1310.6","WABUSKA 6 SE, NV US","384.9","7","243.0",",7","2",",7","0",",7","0",",7","0",",7","0",",7","0",",7","0",",7","0",",7","31",",7","29",",7","","","20220705","+,,7","20220731","+,,7","20220731","+,,7","","","20220720","+,,7","20220731","+,,7","10.6",",7,05,+","0",",,7,31,+","0",",,7,31,+","2.3",",,7,20,+","40.6",",7,31,+","0.0","7","0.0",",7","4.6",",,,7","0",",,,7","26.17",",7","36.65",",,,7","15.69",",,,7"
"USC00268822","2022-08","39.0747","-119.1189","1310.6","WABUSKA 6 SE, NV US","608.1","7","223.2",",7","3",",7","1",",7","0",",7","0",",7","0",",7","0",",7","0",",7","0",",7","31",",7","30",",7","","","20220813",",,7","20220831","+,,7","20220831","+,,7","","","20220803",",,7","20220825",",,7","10.0",",7,13,","0",",,7,31,+","0",",,7,31,+","3.6",",,7,03,","38.9",",7,25,","0.0","7","0.0",",7","4.4",",,,7","0",",,,7","25.53",",7","36.24",",,,7","14.83",",,,7"
"USC00268822","2022-09","39.0747","-119.1189","1310.6","WABUSKA 6 SE, NV US","692.2","7","84.1",",7","1",",7","1",",7","0",",7","0",",7","0",",7","0",",7","0",",7","0",",7","29",",7","13",",7","","","20220922",",,7","20220930","+,,7","20220930","+,,7","","","20220921",",,7","20220908","+,,7","2.8",",7,22,","0",",,7,30,+","0",",,7,30,+","7.4",",,7,21,","41.1",",7,08,+","26.7","7","26.7",",7","7.4",",,,7","0",",,,7","20.25",",7","31.86",",,,7","8.64",",,,7"
"USC00268822","2022-10","39.0747","-119.1189","1310.6","WABUSKA 6 SE, NV US","692.2","7","0.0",",7","0",",7","0",",7","0",",7","0",",7","0",",7","0",",7","14",",7","0",",7","22",",7","0",",7","","","20221027",",,7","20221031","+,,7","20221031","+,,7","","","20221031","+,,7","20221007",",,7","-7.8",",7,27,","0",",,7,31,+","0",",,7,31,+","0.0",",,7,31,+","30.0",",7,07,","225.7","7","199.0",",7","0.0",",,,7","0",",,,7","11.91",",7","24.24",",,,7","-0.41",",,,7"
"USC00268822","2022-11","39.0747","-119.1189","1310.6","WABUSKA 6 SE, NV US","692.2","7","0.0",",7","1",",7","1",",7","0",",7","2",",7","1",",7","1",",7","26",",7","0",",7","0",",7","0",",7","","","20221122",",,7","20221110","+,,7","20221109",",,7","","","20221109",",,7","20221107","+,,7","-17.8",",7,22,","25",",,7,10,+","25",",,7,09,","3.3",",,7,09,","20.0",",7,07,+","719.1","7","493.4",",7","3.3",",,,7","25",",,,7","1.89",",7","11.06",",,,7","-7.29",",,,7"
"USC00268822","2022-12","39.0747","-119.1189","1310.6","WABUSKA 6 SE, NV US","692.2","7","0.0",",7","5",",7","4",",7","0",",7","0",",7","0",",7","0",",7","28",",7","0",",7","0",",7","0",",7","","","20221214",",,7","20221231","+,,7","20221231","+,,7","","","20221211",",,7","20221231",",,7","-15.0",",7,14,","0",",,7,31,+","0",",,7,31,+","16.5",",,7,11,","17.8",",7,31,","1236.5","7","517.4",",7","45.5",",,,7","0",",,,7","1.64",",7","9.18",",,,7","-5.90",",,,7"
"USC00268822","2023-01","39.0747","-119.1189","1310.6","WABUSKA 6 SE, NV US","0.0","7","0.0",",7","12",",7","7",",7","0",",7","10",",7","3",",7","0",",7","29",",7","4",",7","0",",7","0",",7","","","20230130",",,7","20230102",",,7","20230101",",,7","","","20230101",",,7","20230114","+,,7","-17.2",",7,30,","127",",,7,02,","102",",,7,01,","21.6",",,7,01,","11.1",",7,14,+","1831.8","7","595.3",",7","69.9",",,,7","191",",,,7","-0.87",",7","4.89",",,,7","-6.63",",,,7"
"USC00268822","2023-02","39.0747","-119.1189","1310.6","WABUSKA 6 SE, NV US","0.0","7","0.0",",7","4",",7","3",",7","0",",7","1",",7","1",",7","0",",7","26",",7","0",",7","0",",7","0",",7","","","20230202",",,7","20230225",",,7","20230225",",,7","","","20230225",",,7","20230221",",,7","-14.4",",7,02,","25",",,7,25,","25",",,7,25,","4.8",",,7,25,","16.7",",7,21,","2296.8","7","465.0",",7","12.7",",,,7","25",",,,7","1.73",",7","9.31",",,,7","-5.86",",,,7"
"USC00268822","2023-03","39.0747","-119.1189","1310.6","WABUSKA 6 SE, NV US","0.0","7","0.0",",7","7",",7","3",",7","0",",7","1",",7","1",",7","0",",7","21",",7","0",",7","0",",7","0",",7","","","20230317",",,7","20230322",",,7","20230322",",,7","","","20230310",",,7","20230319",",,7","-12.2",",7,17,","25",",,7,22,","25",",,7,22,","21.3",",,7,10,","20.0",",7,19,","2749.2","7","452.4",",7","33.8",",,,7","25",",,,7","3.74",",7","10.29",",,,7","-2.81",",,,7"
"USC00268822","2023-04","39.0747","-119.1189","1310.6","WABUSKA 6 SE, NV US","5.8","7","5.8","1,7","0",",7","0",",7","0",",7","0",",7","0",",7","0","1,7","13","1,7","0",",7","15",",7","0",",7","","","20230405",",1,7","20230430","+,,7","20230430","+,,7","","","20230430","+,,7","20230430",",,7","-5.6","1,7,05,","0",",,7,30,+","0",",,7,30,+","0.0",",,7,30,+","31.7",",7,30,","2971.3","7","222.1",",7","0.0",",,,7","0",",,,7","10.92","1,7","19.68",",,,7","2.16","1,,,7"
"USC00268822","2023-05","39.0747","-119.1189","1310.6","WABUSKA 6 SE, NV US","44.7","7","38.9",",7","6",",7","2",",7","0",",7","0",",7","0",",7","0",",7","1",",7","0",",7","23",",7","2",",7","","","20230507",",,7","20230531","+,,7","20230531","+,,7","","","20230526",",,7","20230521",",,7","0.0",",7,07,","0",",,7,31,+","0",",,7,31,+","10.4",",,7,26,","33.3",",7,21,","3058.3","7","87.0",",7","17.7",",,,7","0",",,,7","16.78",",7","25.04",",,,7","8.52",",,,7"
"USC00268822","2023-06","39.0747","-119.1189","1310.6","WABUSKA 6 SE, NV US","122.2","7","77.5",",7","6",",7","5",",7","0",",7","0",",7","0",",7","0",",7","0",",7","0",",7","30",",7","0",",7","","","20230620","+,,7","20230630","+,,7","20230630","+,,7","","","20230606",",,7","20230630",",,7","10.0",",7,20,+","0",",,7,30,+","0",",,7,30,+","10.2",",,7,06,","31.7",",7,30,","3063.6","7","5.3",",7","36.0",",,,7","0",",,,7","20.74",",7","27.31",",,,7","14.17",",,,7"
"USC00268822","2023-07","39.0747","-119.1189","1310.6","WABUSKA 6 SE, NV US","362.4","7","240.2",",7","1",",7","1",",7","0",",7","0",",7","0",",7","0",",7","0",",7","0",",7","31",",7","30",",7","","","20230720","+,,7","20230731","+,,7","20230731","+,,7","","","20230720",",,7","20230717",",,7","10.0",",7,20,+","0",",,7,31,+","0",",,7,31,+","4.6",",,7,20,","41.1",",7,17,","0.0","7","0.0",",7","4.6",",,,7","0",",,,7","26.08",",7","36.20",",,,7","15.96",",,,7"
"USC00268822","2023-08","39.0747","-119.1189","1310.6","WABUSKA 6 SE, NV US","519.9","7","157.5",",7","6",",7","2",",7","0",",7","0",",7","0",",7","0",",7","0",",7","0",",7","31",",7","25",",7","","","20230818",",,7","20230831","+,,7","20230831","+,,7","","","20230821",",,7","20230801",",,7","5.6",",7,18,","0",",,7,31,+","0",",,7,31,+","10.2",",,7,21,","36.7",",7,01,","0.0","7","0.0",",7","18.6",",,,7","0",",,,7","23.41",",7","32.81",",,,7","14.01",",,,7"
"USC00268822","2023-09","39.0747","-119.1189","1310.6","WABUSKA 6 SE, NV US","560.5","7","40.6",",7","1",",7","1",",7","1",",7","0",",7","0",",7","0",",7","0",",7","0",",7","28",",7","1",",7","","","20230926","+,,7","20230930","+,,7","20230930","+,,7","","","20230904",",,7","20230901",",,7","2.8",",7,26,+","0",",,7,30,+","0",",,7,30,+","26.2",",,7,04,","33.9",",7,01,","33.9","7","33.9",",7","26.2",",,,7","0",",,,7","18.56",",7","28.11",",,,7","9.00",",,,7"
"USC00268822","2023-10","39.0747","-119.1189","1310.6","WABUSKA 6 SE, NV US","560.8","7","0.3",",7","1",",7","1",",7","0",",7","0",",7","0",",7","0",",7","9",",7","0",",7","19",",7","0",",7","","","20231030",",,7","20231031","+,,7","20231031","+,,7","","","20231001",",,7","20231009",",,7","-11.7",",7,30,","0",",,7,31,+","0",",,7,31,+","8.6",",,7,01,","30.0",",7,09,","236.3","7","202.4",",7","8.6",",,,7","0",",,,7","11.81",",7","21.72",",,,7","1.90",",,,7"
"USC00268822","2023-11","39.0747","-119.1189","1310.6","WABUSKA 6 SE, NV US","560.8","7","0.0",",7","1",",7","0",",7","0",",7","0",",7","0",",7","0",",7","26",",7","0",",7","3",",7","0",",7","","","20231128","+,,7","20231130","+,,7","20231130","+,,7","","","20231116",",,7","20231105",",,7","-12.8",",7,28,+","0",",,7,30,+","0",",,7,30,+","1.0",",,7,16,","23.3",",7,05,","646.6","7","410.3",",7","1.0",",,,7","0",",,,7","4.66",",7","14.00",",,,7","-4.69",",,,7"
"USC00268822","2023-12","39.0747","-119.1189","1310.6","WABUSKA 6 SE, NV US","560.8","7","0.0",",7","2",",7","0",",7","0",",7","0",",7","0",",7","0",",7","28",",7","0",",7","0",",7","0",",7","","","20231209",",,7","20231231","+,,7","20231231","+,,7","","","20231219","+,,7","20231207",",,7","-15.6",",7,09,","0",",,7,31,+","0",",,7,31,+","0.5",",,7,19,+","20.0",",7,07,","1111.3","7","464.7",",7","1.0",",,,7","0",",,,7","3.34",",7","11.56",",,,7","-4.87",",,,7"
"USC00268822","2024-01","39.0747","-119.1189","1310.6","WABUSKA 6 SE, NV US","0.0","","0.0",",7","3",",7","2",",7","0",",7","2",",7","1",",7","1",",7","24",",7","1",",7","0",",7","0",",7","","","20240111",",,7","20240111",",,7","20240111",",,7","","","20240111",",,7","20240128",",,7","-17.8",",7,11,","51",",,7,11,","51",",,7,11,","10.2",",,7,11,","20.0",",7,28,","1579.9","","468.6",",7","14.5",",,,7","51",",,,7","3.22",",7","10.69",",,,7","-4.25",",,,7"
"USC00268822","2024-02","39.0747","-119.1189","1310.6","WABUSKA 6 SE, NV US","0.0","","0.0","1,7","7","1,7","2","1,7","0","1,7","3",",7","1",",7","0","1,7","20","1,7","0","1,7","0","1,7","0","1,7","","","20240227","+,1,7","20240205",",,7","20240205",",,7","","","20240205",",1,7","20240201",",1,7","-7.8","1,7,27,+","127",",,7,05,","127",",,7,05,","18.5","1,,7,05,","19.4","1,7,01,","1944.8","","364.9","1,7","31.8","1,,,7","127",",,,7","5.30","1,7","12.31","1,,,7","-1.71","1,,,7"
"USC00268822","2024-03","39.0747","-119.1189","1310.6","WABUSKA 6 SE, NV US","0.0","","0.0",",7","4",",7","3",",7","0",",7","2",",7","1",",7","0",",7","20",",7","0",",7","5",",7","0",",7","","","20240310","+,,7","20240302",",,7","20240302",",,7","","","20240302",",,7","20240321",",,7","-9.4",",7,10,+","51",",,7,02,","51",",,7,02,","11.4",",,7,02,","26.1",",7,21,","2299.3","","354.5",",7","27.7",",,,7","51",",,,7","6.90",",7","15.08",",,,7","-1.29",",,,7"
"USC00268822","2024-04","39.0747","-119.1189","1310.6","WABUSKA 6 SE, NV US","4.7","","4.7","1,7","4","1,7","1","1,7","0","1,7","0",",7","0",",7","0","1,7","10","1,7","0","1,7","16","1,7","0","1,7","","","20240411",",1,7","20240430","+,,7","20240430","+,,7","","","20240406",",1,7","20240422",",1,7","-6.1","1,7,11,","0",",,7,30,+","0",",,7,30,+","3.8","1,,7,06,","29.4","1,7,22,","2489.6","","190.3","1,7","7.4","1,,,7","0",",,,7","11.93","1,7","20.15","1,,,7","3.71","1,,,7"
"USC00268822","2024-05","39.0747","-119.1189","1310.6","WABUSKA 6 SE, NV US","55.3","","50.6","1,7","0",",7","0",",7","0",",7","0",",7","0",",7","0","1,7","0","1,7","0","1,7","25","1,7","0","1,7","","","20240502",",1,7","20240531","+,,7","20240531","+,,7","","","20240531","+,,7","20240529","+,1,7","1.7","1,7,02,","0",",,7,31,+","0",",,7,31,+","0.0",",,7,31,+","31.7","1,7,29,+","2550.6","","61.0","1,7","0.0",",,,7","0",",,,7","17.99","1,7","25.38","1,,,7","10.59","1,,,7"
