"STATION","DATE","LATITUDE","LONGITUDE","ELEVATION","NAME","CDSD","CDSD_ATTRIBUTES","CLDD","CLDD_ATTRIBUTES","DT00","DT00_ATTRIBUTES","DT32","DT32_ATTRIBUTES","DX32","DX32_ATTRIBUTES","DX70","DX70_ATTRIBUTES","DX90","DX90_ATTRIBUTES","DYNT","DYNT_ATTRIBUTES","DYXT","DYXT_ATTRIBUTES","EMNT","EMNT_ATTRIBUTES","EMXT","EMXT_ATTRIBUTES","HDSD","HDSD_ATTRIBUTES","HTDD","HTDD_ATTRIBUTES","TAVG","TAVG_ATTRIBUTES","TMAX","TMAX_ATTRIBUTES","TMIN","TMIN_ATTRIBUTES"
"USC00111526","1972-01","41.88333","-87.61667","182.9","CHICAGO GRANT PARK, IL US","0.0","0","0.0",",0","4",",0","27",",0","13",",0","0",",0","0",",0","19720115",",,0","19720118","+,,0","-24.4",",0,15,","10.0",",0,18,+","","","712.8",",0","-4.66",",0","-0.74",",,,0","-8.58",",,,0"
"USC00111526","1972-02","41.88333","-87.61667","182.9","CHICAGO GRANT PARK, IL US","0.0","0","0.0",",0","0",",0","26",",0","14",",0","0",",0","0",",0","19720207",",,0","19720229",",,0","-16.7",",0,07,","17.8",",0,29,","","","604.2",",0","-2.50",",0","1.11",",,,0","-6.11",",,,0"
"USC00111526","1972-03","41.88333","-87.61667","182.9","CHICAGO GRANT PARK, IL US","0.0","0","0.0",",0","0",",0","23",",0","4",",0","1",",0","0",",0","19720305",",,0","19720311",",,0","-11.7",",0,05,","22.2",",0,11,","","","529.2",",0","1.26",",0","5.02",",,,0","-2.49",",,,0"
"USC00111526","1972-04","41.88333","-87.61667","182.9","CHICAGO GRANT PARK, IL US","0.0","0","0.0",",0","0",",0","5",",0","0",",0","3",",0","0",",0","19720407",",,0","19720418",",,0","-4.4",",0,07,","26.1",",0,18,","","","336.2",",0","7.13",",0","10.96",",,,0","3.29",",,,0"
"USC00111526","1972-05","41.88333","-87.61667","182.9","CHICAGO GRANT PARK, IL US","16.6","0","16.6",",0","0",",0","0",",0","0",",0","15",",0","0",",0","19720508",",,0","19720528",",,0","5.0",",0,08,","27.2",",0,28,","","","111.7",",0","15.26",",0","19.44",",,,0","11.09",",,,0"
"USC00111526","1972-06","41.88333","-87.61667","182.9","CHICAGO GRANT PARK, IL US","62.3","0","45.7",",0","0",",0","0",",0","0",",0","18",",0","0",",0","19720610",",,0","19720602",",,0","7.2",",0,10,","31.7",",0,02,","","","59.9",",0","17.86",",0","22.22",",,,0","13.50",",,,0"
"USC00111526","1972-07","41.88333","-87.61667","182.9","CHICAGO GRANT PARK, IL US","210.7","0","148.4",",0","0",",0","0",",0","0",",0","25",",0","4",",0","19720704","+,,0","19720722","+,,0","12.2",",0,04,+","33.9",",0,22,+","12.8","0","12.8",",0","22.71",",0","25.96",",,,0","19.45",",,,0"
"USC00111526","1972-08","41.88333","-87.61667","182.9","CHICAGO GRANT PARK, IL US","344.4","0","133.7",",0","0",",0","0",",0","0",",0","28",",0","3",",0","19720809",",,0","19720817",",,0","12.2",",0,09,","34.4",",0,17,","19.8","0","7.0",",0","22.42",",0","25.94",",,,0","18.91",",,,0"
"USC00111526","1972-09","41.88333","-87.61667","182.9","CHICAGO GRANT PARK, IL US","397.1","0","52.7",",0","0",",0","0",",0","0",",0","20",",0","0",",0","19720930",",,0","19720917",",,0","5.6",",0,30,","31.7",",0,17,","54.0","0","34.2",",0","18.95",",0","22.33",",,,0","15.57",",,,0"
"USC00111526","1972-10","41.88333","-87.61667","182.9","CHICAGO GRANT PARK, IL US","397.9","0","0.8",",0","0",",0","2",",0","0",",0","4",",0","0",",0","19721019",",,0","19721002",",,0","-1.7",",0,19,","24.4",",0,02,","296.2","0","242.2",",0","10.55",",0","13.64",",,,0","7.45",",,,0"
"USC00111526","1972-11","41.88333","-87.61667","182.9","CHICAGO GRANT PARK, IL US","397.9","0","0.0",",0","0",",0","8",",0","0",",0","0",",0","0",",0","19721129","+,,0","19721102",",,0","-2.8",",0,29,+","15.6",",0,02,","725.8","0","429.6",",0","4.01",",0","5.79",",,,0","2.23",",,,0"
"USC00111526","1972-12","41.88333","-87.61667","182.9","CHICAGO GRANT PARK, IL US","397.9","0","0.0",",0","0",",0","23",",0","13",",0","0",",0","0",",0","19721217","+,,0","19721202",",,0","-15.0",",0,17,+","11.7",",0,02,","1351.7","0","625.9",",0","-1.86",",0","1.07",",,,0","-4.78",",,,0"
"USC00111526","1973-01","41.88333","-87.61667","182.9","CHICAGO GRANT PARK, IL US","0.0","0","0.0",",0","0",",0","23",",0","10",",0","0",",0","0",",0","19730110",",,0","19730117",",,0","-15.6",",0,10,","13.3",",0,17,","1938.6","0","586.9",",0","-0.60",",0","2.65",",,,0","-3.85",",,,0"
"USC00111526","1973-02","41.88333","-87.61667","182.9","CHICAGO GRANT PARK, IL US","0.0","0","0.0",",0","0",",0","22",",0","10",",0","0",",0","0",",0","19730216",",,0","19730204",",,0","-12.8",",0,16,","11.7",",0,04,","2475.4","0","536.8",",0","-0.84",",0","1.74",",,,0","-3.42",",,,0"
"USC00111526","1973-03","41.88333","-87.61667","182.9","CHICAGO GRANT PARK, IL US","0.0","0","0.0",",0","0",",0","2",",0","0",",0","1",",0","0",",0","19730318",",,0","19730314",",,0","-2.2",",0,18,","22.8",",0,14,","2836.9","0","361.5",",0","6.67",",0","9.78",",,,0","3.56",",,,0"
"USC00111526","1973-05","41.88333","-87.61667","182.9","CHICAGO GRANT PARK, IL US","","","1.9","1,0","0",",0","0",",0","0","1,0","4","1,0","0","1,0","19730514",",,0","19730531",",1,0","3.9",",0,14,","25.6","1,0,31,","","","163.2","1,0","13.01","1,0","16.24","1,,,0","9.77",",,,0"
"USC00111526","1973-06","41.88333","-87.61667","182.9","CHICAGO GRANT PARK, IL US","","","114.4",",0","0",",0","0",",0","0",",0","28",",0","2",",0","19730625",",,0","19730610",",,0","15.6",",0,25,","33.3",",0,10,","","","0.3",",0","22.14",",0","26.07",",,,0","18.21",",,,0"
"USC00111526","1973-07","41.88333","-87.61667","182.9","CHICAGO GRANT PARK, IL US","","","170.6",",0","0",",0","0",",0","0",",0","31",",0","6",",0","19730712",",,0","19730713",",,0","16.7",",0,12,","34.4",",0,13,","0.0","0","0.0",",0","23.84",",0","27.34",",,,0","20.33",",,,0"
"USC00111526","1973-08","41.88333","-87.61667","182.9","CHICAGO GRANT PARK, IL US","","","187.1",",0","0",",0","0",",0","0",",0","29",",0","6",",0","19730823","+,,0","19730827",",,0","16.7",",0,23,+","35.0",",0,27,","0.0","0","0.0",",0","24.37",",0","27.39",",,,0","21.35",",,,0"
"USC00111526","1973-09","41.88333","-87.61667","182.9","CHICAGO GRANT PARK, IL US","","","64.1","2,0","0","2,0","0","2,0","0",",0","17",",0","3",",0","19730918","+,2,0","19730902",",,0","10.0","2,0,18,+","32.8",",0,02,","28.6","0","28.6",",0","19.55","2,0","22.61",",,,0","16.48","2,,,0"
"USC00111526","1973-10","41.88333","-87.61667","182.9","CHICAGO GRANT PARK, IL US","","","22.0",",0","0",",0","0",",0","0",",0","12",",0","0",",0","19731028",",,0","19731010",",,0","4.4",",0,28,","27.8",",0,10,","138.5","0","109.9",",0","15.50",",0","18.77",",,,0","12.22",",,,0"
"USC00111526","1973-11","41.88333","-87.61667","182.9","CHICAGO GRANT PARK, IL US","","","0.0",",0","0",",0","7",",0","0",",0","0",",0","0",",0","19731109",",,0","19731114",",,0","-3.9",",0,09,","17.2",",0,14,","484.4","0","345.9",",0","6.80",",0","10.08",",,,0","3.53",",,,0"
"USC00111526","1973-12","41.88333","-87.61667","182.9","CHICAGO GRANT PARK, IL US","","","0.0",",0","0",",0","25",",0","13",",0","0",",0","0",",0","19731222",",,0","19731202",",,0","-13.3",",0,22,","16.1",",0,02,","1084.7","0","600.3",",0","-1.03",",0","1.73",",,,0","-3.80",",,,0"
"USC00111526","1974-01","41.88333","-87.61667","182.9","CHICAGO GRANT PARK, IL US","0.0","0","0.0",",0","1",",0","22",",0","13",",0","0",",0","0",",0","19740112",",,0","19740130",",,0","-18.3",",0,12,","12.2",",0,30,","1725.0","0","640.3",",0","-2.32",",0","0.54",",,,0","-5.18",",,,0"
"USC00111526","1974-02","41.88333","-87.61667","182.9","CHICAGO GRANT PARK, IL US","0.0","0","0.0",",0","0",",0","23",",0","15",",0","0",",0","0",",0","19740204",",,0","19740228",",,0","-12.8",",0,04,","12.2",",0,28,","2288.2","0","563.2",",0","-1.78",",0","1.48",",,,0","-5.04",",,,0"
"USC00111526","1974-03","41.88333","-87.61667","182.9","CHICAGO GRANT PARK, IL US","0.0","0","0.0","1,0","0","1,0","12","1,0","2","1,0","1","1,0","0","1,0","19740324",",1,0","19740303",",1,0","-12.2","1,0,24,","24.4","1,0,03,","2727.4","0","439.2","1,0","3.69","1,0","6.99","1,,,0","0.39","1,,,0"
"USC00111526","1974-04","41.88333","-87.61667","182.9","CHICAGO GRANT PARK, IL US","7.2","0","7.2","2,0","0","1,0","2","1,0","0","2,0","8","2,0","0","2,0","19740408",",1,0","19740427",",2,0","-0.6","1,0,08,","27.2","2,0,27,","2953.1","0","225.7","2,0","10.55","2,0","15.09","2,,,0","6.00","1,,,0"
"USC00111526","1974-05","41.88333","-87.61667","182.9","CHICAGO GRANT PARK, IL US","9.4","0","2.2",",0","0",",0","0",",0","0",",0","5",",0","0",",0","19740507","+,,0","19740516",",,0","3.3",",0,07,+","25.0",",0,16,","3136.5","0","183.4",",0","12.49",",0","15.85",",,,0","9.13",",,,0"
"USC00111526","1974-06","41.88333","-87.61667","182.9","CHICAGO GRANT PARK, IL US","52.4","0","43.0",",0","0",",0","0",",0","0",",0","20",",0","0",",0","19740623",",,0","19740620",",,0","10.6",",0,23,","30.6",",0,20,","3177.4","0","40.9",",0","18.40",",0","22.33",",,,0","14.47",",,,0"
"USC00111526","1974-07","41.88333","-87.61667","182.9","CHICAGO GRANT PARK, IL US","204.8","0","152.4",",0","0",",0","0",",0","0",",0","29",",0","6",",0","19740705",",,0","19740713",",,0","15.6",",0,05,","35.6",",0,13,","0.8","0","0.8",",0","23.23",",0","26.72",",,,0","19.73",",,,0"
"USC00111526","1974-08","41.88333","-87.61667","182.9","CHICAGO GRANT PARK, IL US","306.8","0","102.0",",0","0",",0","0",",0","0",",0","29",",0","1",",0","19740804",",,0","19740826",",,0","14.4",",0,04,","32.2",",0,26,","1.6","0","0.8",",0","21.60",",0","24.41",",,,0","18.78",",,,0"
"USC00111526","1974-09","41.88333","-87.61667","182.9","CHICAGO GRANT PARK, IL US","334.0","0","27.2",",0","0",",0","0",",0","0",",0","10",",0","0",",0","19740922",",,0","19740919","+,,0","3.3",",0,22,","28.9",",0,19,+","92.6","0","91.0",",0","16.21",",0","19.78",",,,0","12.63",",,,0"
"USC00111526","1974-10","41.88333","-87.61667","182.9","CHICAGO GRANT PARK, IL US","338.4","0","4.4",",0","0",",0","0",",0","0",",0","6",",0","0",",0","19741021",",,0","19741031","+,,0","1.1",",0,21,","24.4",",0,31,+","290.5","0","197.9",",0","12.09",",0","16.22",",,,0","7.97",",,,0"
"USC00111526","1974-11","41.88333","-87.61667","182.9","CHICAGO GRANT PARK, IL US","338.4","0","0.0",",0","0",",0","9",",0","1",",0","2",",0","0",",0","19741128",",,0","19741102",",,0","-3.3",",0,28,","22.8",",0,02,","668.5","0","378.0",",0","5.73",",0","8.52",",,,0","2.95",",,,0"
"USC00111526","1974-12","41.88333","-87.61667","182.9","CHICAGO GRANT PARK, IL US","338.4","0","0.0",",0","0",",0","26",",0","7",",0","0",",0","0",",0","19741225","+,,0","19741206",",,0","-8.9",",0,25,+","7.2",",0,06,","1239.9","0","571.4",",0","-0.10",",0","2.29",",,,0","-2.49",",,,0"
"USC00111526","1975-01","41.88333","-87.61667","182.9","CHICAGO GRANT PARK, IL US","0.0","0","0.0",",0","0",",0","26",",0","14",",0","0",",0","0",",0","19750114","+,,0","19750110",",,0","-15.6",",0,14,+","13.9",",0,10,","1870.8","0","630.9",",0","-2.02",",0","0.95",",,,0","-4.98",",,,0"
"USC00111526","1975-03","41.88333","-87.61667","182.9","CHICAGO GRANT PARK, IL US","","","0.0","3,0","0","3,0","19","3,0","10","2,0","0","2,0","0","2,0","19750302",",3,0","19750321",",2,0","-8.9","3,0,02,","15.6","2,0,21,","","","492.6","2,0","0.92","3,0","4.04","2,,,0","-2.21","3,,,0"
"USC00111526","1975-04","41.88333","-87.61667","182.9","CHICAGO GRANT PARK, IL US","","","0.0","1,0","0",",0","9",",0","2","1,0","3","1,0","0","1,0","19750403",",,0","19750429",",1,0","-5.6",",0,03,","23.9","1,0,29,","","","363.1","1,0","5.67","1,0","8.75","1,,,0","2.59",",,,0"
"USC00111526","1975-05","41.88333","-87.61667","182.9","CHICAGO GRANT PARK, IL US","","","25.3",",0","0",",0","0",",0","0",",0","11",",0","1",",0","19750506",",,0","19750519",",,0","5.0",",0,06,","33.3",",0,19,","","","123.3",",0","15.17",",0","18.95",",,,0","11.39",",,,0"
"USC00111526","1975-06","41.88333","-87.61667","182.9","CHICAGO GRANT PARK, IL US","","","98.1",",0","0",",0","0",",0","0",",0","24",",0","0",",0","19750601",",,0","19750622",",,0","11.7",",0,01,","31.7",",0,22,","","","18.0",",0","21.00",",0","24.55",",,,0","17.45",",,,0"
"USC00111526","1975-07","41.88333","-87.61667","182.9","CHICAGO GRANT PARK, IL US","","","159.7",",0","0",",0","0",",0","0",",0","29",",0","0",",0","19750713","+,,0","19750717","+,,0","13.3",",0,13,+","31.1",",0,17,+","3.9","0","3.9",",0","23.36",",0","26.41",",,,0","20.30",",,,0"
"USC00111526","1975-08","41.88333","-87.61667","182.9","CHICAGO GRANT PARK, IL US","","","146.9","3,0","0","2,0","0","2,0","0","3,0","27","3,0","2","3,0","19750808",",2,0","19750821",",3,0","17.2","2,0,08,","33.3","3,0,21,","3.9","0","0.0","3,0","23.58","3,0","26.56","3,,,0","20.60","2,,,0"
"USC00111526","1975-09","41.88333","-87.61667","182.9","CHICAGO GRANT PARK, IL US","","","17.4",",0","0",",0","0",",0","0",",0","8",",0","0",",0","19750927","+,,0","19750903",",,0","9.4",",0,27,+","28.9",",0,03,","95.2","0","91.3",",0","15.87",",0","18.64",",,,0","13.10",",,,0"
"USC00111526","1975-10","41.88333","-87.61667","182.9","CHICAGO GRANT PARK, IL US","","","10.5",",0","0",",0","0",",0","0",",0","10",",0","0",",0","19751025",",,0","19751013",",,0","4.4",",0,25,","29.4",",0,13,","245.8","0","150.6",",0","13.81",",0","17.74",",,,0","9.89",",,,0"
"USC00111526","1975-11","41.88333","-87.61667","182.9","CHICAGO GRANT PARK, IL US","","","0.0",",0","0",",0","8",",0","0",",0","2",",0","0",",0","19751130",",,0","19751106",",,0","-6.7",",0,30,","22.2",",0,06,","533.0","0","287.2",",0","8.76",",0","12.45",",,,0","5.07",",,,0"
"USC00111526","1975-12","41.88333","-87.61667","182.9","CHICAGO GRANT PARK, IL US","","","0.0","2,0","0","1,0","25","1,0","11","2,0","0","2,0","0","2,0","19751218",",1,0","19751213","+,2,0","-16.7","1,0,18,","16.7","2,0,13,+","1082.9","0","549.9","2,0","-0.59","2,0","1.81","2,,,0","-3.00","1,,,0"
"USC00111526","1976-01","41.88333","-87.61667","182.9","CHICAGO GRANT PARK, IL US","0.0","","0.0",",0","2",",0","31",",0","20",",0","0",",0","0",",0","19760108",",,0","19760129",",,0","-21.1",",0,08,","2.8",",0,29,","1839.1","","756.2",",0","-6.06",",0","-2.35",",,,0","-9.77",",,,0"
"USC00111526","1976-02","41.88333","-87.61667","182.9","CHICAGO GRANT PARK, IL US","0.0","","0.0",",0","1",",0","14",",0","7",",0","0",",0","0",",0","19760202",",,0","19760227",",,0","-18.9",",0,02,","20.0",",0,27,","2322.0","","482.9",",0","1.68",",0","6.01",",,,0","-2.65",",,,0"
"USC00111526","1976-03","41.88333","-87.61667","182.9","CHICAGO GRANT PARK, IL US","0.0","","0.0",",0","0",",0","19",",0","1",",0","2",",0","0",",0","19760306",",,0","19760326",",,0","-7.8",",0,06,","23.3",",0,26,","2727.7","","405.7",",0","5.25",",0","9.53",",,,0","0.97",",,,0"
"USC00111526","1976-04","41.88333","-87.61667","182.9","CHICAGO GRANT PARK, IL US","17.2","","17.2","1,0","0",",0","1",",0","0","1,0","6","1,0","0","1,0","19760411",",,0","19760417","+,1,0","0.0",",0,11,","28.9","1,0,17,+","2972.2","","244.5","1,0","10.42","1,0","14.27","1,,,0","6.57",",,,0"
"USC00111526","1976-05","41.88333","-87.61667","182.9","CHICAGO GRANT PARK, IL US","20.3","","3.1",",0","0",",0","0",",0","0",",0","6",",0","0",",0","19760506",",,0","19760520",",,0","2.8",",0,06,","27.2",",0,20,","3167.4","","195.2",",0","12.13",",0","15.88",",,,0","8.39",",,,0"
"USC00111526","1976-06","41.88333","-87.61667","182.9","CHICAGO GRANT PARK, IL US","107.3","","87.0",",0","0",",0","0",",0","0",",0","19",",0","2",",0","19760601",",,0","19760612",",,0","10.0",",0,01,","33.3",",0,12,","3190.2","","22.8",",0","20.47",",0","24.32",",,,0","16.63",",,,0"
"USC00111526","1976-07","41.88333","-87.61667","182.9","CHICAGO GRANT PARK, IL US","254.6","","147.3",",0","0",",0","0",",0","0",",0","29",",0","4",",0","19760712","+,,0","19760714","+,,0","15.6",",0,12,+","36.1",",0,14,+","0.5","","0.5",",0","23.07",",0","26.47",",,,0","19.66",",,,0"
"USC00111526","1976-08","41.88333","-87.61667","182.9","CHICAGO GRANT PARK, IL US","366.9","","112.3","2,0","0","1,0","0","1,0","0","1,0","26","1,0","2","1,0","19760830","+,1,0","19760827",",1,0","15.6","1,0,30,+","34.4","1,0,27,","0.5","","0.0","1,0","22.31","2,0","25.30","1,,,0","19.32","1,,,0"
"USC00111526","1976-09","41.88333","-87.61667","182.9","CHICAGO GRANT PARK, IL US","424.4","","57.5",",0","0",",0","0",",0","0",",0","18",",0","1",",0","19760924","+,,0","19760908",",,0","10.0",",0,24,+","32.2",",0,08,","35.5","","35.0",",0","19.08",",0","22.82",",,,0","15.35",",,,0"
