"STATION","DATE","LATITUDE","LONGITUDE","ELEVATION","NAME","CDSD","CDSD_ATTRIBUTES","CLDD","CLDD_ATTRIBUTES","DP01","DP01_ATTRIBUTES","DP10","DP10_ATTRIBUTES","DP1X","DP1X_ATTRIBUTES","DSND","DSND_ATTRIBUTES","DSNW","DSNW_ATTRIBUTES","DT00","DT00_ATTRIBUTES","DT32","DT32_ATTRIBUTES","DX32","DX32_ATTRIBUTES","DX70","DX70_ATTRIBUTES","DX90","DX90_ATTRIBUTES","DYFG","DYFG_ATTRIBUTES","DYNT","DYNT_ATTRIBUTES","DYSD","DYSD_ATTRIBUTES","DYSN","DYSN_ATTRIBUTES","DYTS","DYTS_ATTRIBUTES","DYXP","DYXP_ATTRIBUTES","DYXT","DYXT_ATTRIBUTES","EMNT","EMNT_ATTRIBUTES","EMSD","EMSD_ATTRIBUTES","EMSN","EMSN_ATTRIBUTES","EMXP","EMXP_ATTRIBUTES","EMXT","EMXT_ATTRIBUTES","HDSD","HDSD_ATTRIBUTES","HTDD","HTDD_ATTRIBUTES","PRCP","PRCP_ATTRIBUTES","SNOW","SNOW_ATTRIBUTES","TAVG","TAVG_ATTRIBUTES","TMAX","TMAX_ATTRIBUTES","TMIN","TMIN_ATTRIBUTES"
"USC00132112","1948-04","43.28333","-91.78333","267.9","DECORAH 2 S, IA US","","","7.2",",0","6",",0","5",",0","0",",0","0",",0","0",",0","0",",0","12",",0","0",",0","10",",0","0",",0","","","19480409",",,0","19480430","+,,0","19480430","+,,0","","","19480407",",,0","19480418",",,0","-8.3",",0,09,","0",",,0,30,+","0",",,0,30,+","17.5",",,0,07,","30.0",",0,18,","","","247.9",",0","55.3",",,,0","0",",,,0","10.31",",0","17.86",",,,0","2.76",",,,0"
"USC00132112","1948-05","43.28333","-91.78333","267.9","DECORAH 2 S, IA US","","","2.8",",0","10",",0","4",",0","1",",0","0",",0","0",",0","0",",0","7",",0","0",",0","16",",0","1",",0","","","19480508",",,0","19480531","+,,0","19480531","+,,0","","","19480509",",,0","19480520",",,0","-3.3",",0,08,","0",",,0,31,+","0",",,0,31,+","35.3",",,0,09,","32.2",",0,20,","","","200.3",",0","83.4",",,,0","0",",,,0","11.96",",0","19.93",",,,0","3.99",",,,0"
"USC00132112","1948-06","43.28333","-91.78333","267.9","DECORAH 2 S, IA US","","","22.3",",0","14",",0","5",",0","1",",0","0",",0","0",",0","0",",0","0",",0","0",",0","25",",0","2",",0","","","19480601",",,0","19480630","+,,0","19480630","+,,0","","","19480605",",,0","19480604",",,0","2.8",",0,01,","0",",,0,30,+","0",",,0,30,+","59.4",",,0,05,","33.3",",0,04,","","","46.9",",0","105.2",",,,0","0",",,,0","17.51",",0","25.17",",,,0","9.86",",,,0"
"USC00132112","1948-07","43.28333","-91.78333","267.9","DECORAH 2 S, IA US","","","107.2",",0","6",",0","5",",0","0",",0","0",",0","0",",0","0",",0","0",",0","0",",0","31",",0","10",",0","","","19480701",",,0","19480731","+,,0","19480731","+,,0","","","19480723",",,0","19480708",",,0","3.3",",0,01,","0",",,0,31,+","0",",,0,31,+","9.1",",,0,23,","35.6",",0,08,","6.5","0","6.5",",0","31.7",",,,0","0",",,,0","21.58",",0","30.52",",,,0","12.65",",,,0"
"USC00132112","1948-08","43.28333","-91.78333","267.9","DECORAH 2 S, IA US","","","102.1",",0","7",",0","5",",0","1",",0","0",",0","0",",0","0",",0","0",",0","0",",0","30",",0","10",",0","","","19480806","+,,0","19480831","+,,0","19480831","+,,0","1","","19480830",",,0","19480824","+,,0","2.8",",0,06,+","0",",,0,31,+","0",",,0,31,+","62.5",",,0,30,","37.8",",0,24,+","27.5","0","21.0",",0","94.0",",,,0","0",",,,0","20.95",",0","29.45",",,,0","12.44",",,,0"
"USC00132112","1948-09","43.28333","-91.78333","267.9","DECORAH 2 S, IA US","","","45.6",",0","5",",0","3",",0","1",",0","0",",0","0",",0","0",",0","1",",0","0",",0","24",",0","4",",0","","","19480927",",,0","19480930","+,,0","19480930","+,,0","","","19480920",",,0","19480919",",,0","0.0",",0,27,","0",",,0,30,+","0",",,0,30,+","45.0",",,0,20,","32.8",",0,19,","107.2","0","79.7",",0","59.0",",,,0","0",",,,0","17.20",",0","25.18",",,,0","9.21",",,,0"
"USC00132112","1948-10","43.28333","-91.78333","267.9","DECORAH 2 S, IA US","","","0.0",",0","4",",0","2",",0","1",",0","0",",0","0",",0","0",",0","19",",0","0",",0","3",",0","0",",0","","","19481018",",,0","19481031","+,,0","19481031","+,,0","","","19481007",",,0","19481026",",,0","-7.8",",0,18,","0",",,0,31,+","0",",,0,31,+","26.9",",,0,07,","22.2",",0,26,","427.6","0","320.4",",0","48.5",",,,0","0",",,,0","8.00",",0","16.01",",,,0","-0.01",",,,0"
"USC00132112","1948-11","43.28333","-91.78333","267.9","DECORAH 2 S, IA US","","","0.0",",0","11",",0","4",",0","0",",0","0",",0","0",",0","0",",0","21",",0","2",",0","1",",0","0",",0","","","19481129",",,0","19481122",",,0","19481122",",,0","","","19481105",",,0","19481101",",,0","-10.6",",0,29,","0",",T,0,22,","0",",T,0,22,","16.3",",,0,05,","21.1",",0,01,","894.6","0","467.0",",0","50.7",",,,0","0",",T,,0","2.77",",0","6.83",",,,0","-1.30",",,,0"
"USC00132112","1948-12","43.28333","-91.78333","267.9","DECORAH 2 S, IA US","","","0.0",",0","7",",0","3",",0","0",",0","12","3,0","3",",0","7",",0","30",",0","18",",0","0",",0","0",",0","","","19481230",",,0","19481231","+,3,0","19481228",",,0","","","19481205",",,0","19481203",",,0","-26.7",",0,30,","152","3,,0,31,+","127",",,0,28,","20.8",",,0,05,","12.2",",0,03,","1649.6","0","755.0",",0","39.4",",,,0","219",",,,0","-6.02",",0","-0.70",",,,0","-11.34",",,,0"
"USC00132112","1949-01","43.28333","-91.78333","267.9","DECORAH 2 S, IA US","0.0","0","0.0",",0","11",",0","7",",0","0",",0","","","4","1,0","9",",0","30",",0","19",",0","0",",0","0",",0","","","19490130",",,0","","","19490128",",1,0","","","19490128",",,0","19490108",",,0","-31.1",",0,30,","","","267","1,,0,28,","22.9",",,0,28,","7.8",",0,08,","2478.9","0","829.3",",0","60.4",",,,0","445","1,,,0","-8.42",",0","-3.00",",,,0","-13.83",",,,0"
"USC00132112","1949-02","43.28333","-91.78333","267.9","DECORAH 2 S, IA US","0.0","0","0.0",",0","6",",0","2",",0","0",",0","28",",0","3",",0","11",",0","28",",0","20",",0","0",",0","0",",0","","","19490202",",,0","19490216","+,,0","19490213",",,0","","","19490213",",,0","19490218",",,0","-35.0",",0,02,","432",",,0,16,+","61",",,0,13,","5.6",",,0,13,","10.0",",0,18,","3229.9","0","751.0",",0","12.3",",,,0","171",",,,0","-8.49",",0","-2.00",",,,0","-14.98",",,,0"
"USC00132112","1949-03","43.28333","-91.78333","267.9","DECORAH 2 S, IA US","0.0","0","0.0",",0","5","2,0","4","2,0","0","2,0","4",",0","0",",0","1",",0","23",",0","7",",0","0",",0","0",",0","1","","19490301",",,0","19490302","+,,0","19490318","+,,0","1","","19490321",",2,0","19490324",",,0","-19.4",",0,01,","76",",,0,02,+","0",",T,0,18,+","16.0","2,,0,21,","15.6",",0,24,","3813.4","0","583.5",",0","63.5",",a,,0","0",",T,,0","-0.49",",0","4.43",",,,0","-5.40",",,,0"
"USC00132112","1949-04","43.28333","-91.78333","267.9","DECORAH 2 S, IA US","0.0","0","0.0",",0","5",",0","3",",0","0",",0","1",",0","1",",0","0",",0","21",",0","0",",0","7",",0","0",",0","","","19490416",",,0","19490415",",,0","19490415",",,0","1","","19490426",",,0","19490430",",,0","-12.8",",0,16,","152",",,0,15,","152",",,0,15,","7.6",",,0,26,","25.6",",0,30,","4152.7","0","339.3",",0","23.6",",,,0","152",",,,0","7.02",",0","15.40",",,,0","-1.36",",,,0"
"USC00132112","1949-05","43.28333","-91.78333","267.9","DECORAH 2 S, IA US","23.3","0","23.3",",0","9",",0","4",",0","0",",0","0",",0","0",",0","0",",0","2",",0","0",",0","19",",0","0",",0","","","19490528","+,,0","19490531","+,,0","19490531","+,,0","","","19490513",",,0","19490505","+,,0","-1.1",",0,28,+","0",",,0,31,+","0",",,0,31,+","15.2",",,0,13,","31.1",",0,05,+","4275.6","0","122.9",",0","34.6",",,,0","0",",,,0","15.12",",0","22.61",",,,0","7.63",",,,0"
"USC00132112","1949-06","43.28333","-91.78333","267.9","DECORAH 2 S, IA US","106.9","0","83.6",",0","10",",0","8",",0","0",",0","0",",0","0",",0","0",",0","0",",0","0",",0","27",",0","4",",0","","","19490607",",,0","19490630","+,,0","19490630","+,,0","1","","19490613",",,0","19490630",",,0","2.2",",0,07,","0",",,0,30,+","0",",,0,30,+","24.6",",,0,13,","34.4",",0,30,","4295.5","0","19.9",",0","116.5",",,,0","0",",,,0","20.46",",0","27.73",",,,0","13.18",",,,0"
"USC00132112","1949-07","43.28333","-91.78333","267.9","DECORAH 2 S, IA US","237.8","0","130.9",",0","6",",0","5",",0","1",",0","0",",0","0",",0","0",",0","0",",0","0",",0","31",",0","8",",0","","","19490731",",,0","19490731","+,,0","19490731","+,,0","5","","19490721",",,0","19490704","+,,0","6.7",",0,31,","0",",,0,31,+","0",",,0,31,+","49.5",",,0,21,","35.0",",0,04,+","5.0","0","5.0",",0","78.2",",,,0","0",",,,0","22.39",",0","29.70",",,,0","15.09",",,,0"
"USC00132112","1949-08","43.28333","-91.78333","267.9","DECORAH 2 S, IA US","333.7","0","95.9",",0","6",",0","3",",0","0",",0","0",",0","0",",0","0",",0","0",",0","0",",0","31",",0","8",",0","","","19490831",",,0","19490831","+,,0","19490831","+,,0","7","","19490817",",,0","19490807",",,0","3.3",",0,31,","0",",,0,31,+","0",",,0,31,+","12.2",",,0,17,","36.1",",0,07,","23.7","0","18.7",",0","30.1",",,,0","0",",,,0","20.82",",0","28.94",",,,0","12.70",",,,0"
"USC00132112","1949-09","43.28333","-91.78333","267.9","DECORAH 2 S, IA US","337.3","0","3.6",",0","8",",0","5",",0","0",",0","0",",0","0",",0","0",",0","6",",0","0",",0","18",",0","0",",0","","","19490929",",,0","19490930","+,,0","19490930","+,,0","","","19490912","+,,0","19490902",",,0","-7.8",",0,29,","0",",,0,30,+","0",",,0,30,+","9.4",",,0,12,+","28.3",",0,02,","187.5","0","163.8",",0","34.6",",,,0","0",",,,0","12.99",",0","21.22",",,,0","4.76",",,,0"
"USC00132112","1949-10","43.28333","-91.78333","267.9","DECORAH 2 S, IA US","341.5","0","4.2",",0","6",",0","3",",0","0",",0","0",",0","0",",0","0",",0","14",",0","0",",0","13",",0","0",",0","","","19491031","+,,0","19491031","+,,0","19491031","+,,0","","","19491010",",,0","19491007",",,0","-8.9",",0,31,+","0",",,0,31,+","0",",,0,31,+","11.7",",,0,10,","27.8",",0,07,","429.3","0","241.8",",0","25.1",",,,0","0",",,,0","10.67",",0","18.55",",,,0","2.79",",,,0"
"USC00132112","1949-11","43.28333","-91.78333","267.9","DECORAH 2 S, IA US","341.5","0","0.0","1,0","5",",0","3",",0","0",",0","","","2",",0","0","1,0","25","1,0","3",",0","2",",0","0",",0","","","19491122",",1,0","","","19491124",",,0","","","19491124",",,0","19491107",",,0","-13.3","1,0,22,","","","69",",,0,24,","7.4",",,0,24,","22.2",",0,07,","900.7","0","471.4",",0","16.8",",,,0","94",",,,0","2.25","1,0","8.35",",,,0","-3.85","1,,,0"
"USC00132112","1949-12","43.28333","-91.78333","267.9","DECORAH 2 S, IA US","341.5","0","0.0",",0","11",",0","6",",0","0",",0","","","6",",0","7",",0","29",",0","14",",0","0",",0","0",",0","1","","19491224",",,0","","","19491222",",,0","","","19491209","+,,0","19491211",",,0","-30.0",",0,24,","","","89",",,0,22,","7.6",",,0,09,+","12.8",",0,11,","1638.1","0","737.4",",0","43.5",",,,0","385",",,,0","-5.45",",0","0.15",",,,0","-11.05",",,,0"
"USC00132112","1950-01","43.28333","-91.78333","267.9","DECORAH 2 S, IA US","0.0","","0.0",",0","8",",0","1",",0","0",",0","","","2",",0","15",",0","29",",0","17",",0","0",",0","0",",0","3","","19500127",",,0","","","19500126",",,0","","","19500126",",,0","19500110",",,0","-35.0",",0,27,","","","127",",,0,26,","11.4",",,0,26,","9.4",",0,10,","2480.8","","842.7",",0","15.9",",,,0","152",",,,0","-8.85",",0","-2.12",",,,0","-15.58",",,,0"
"USC00132112","1950-02","43.28333","-91.78333","267.9","DECORAH 2 S, IA US","0.0","","0.0",",0","5",",0","3",",0","0",",0","","","2",",0","11",",0","28",",0","18",",0","0",",0","0",",0","1","","19500226",",,0","","","19500214","+,,0","1","","19500209",",,0","19500206",",,0","-30.0",",0,26,","","","191",",,0,14,+","22.9",",,0,09,","4.4",",0,06,","3231.8","","751.0",",0","40.9",",,,0","382",",,,0","-8.49",",0","-2.04",",,,0","-14.94",",,,0"
"USC00132112","1950-03","43.28333","-91.78333","267.9","DECORAH 2 S, IA US","0.0","","0.0",",0","12",",0","6",",0","0",",0","","","2",",0","7",",0","26",",0","11",",0","0",",0","0",",0","","","19500314",",,0","","","19500316",",,0","","","19500326",",,0","19500331",",,0","-25.6",",0,14,","","","64",",,0,16,","23.1",",,0,26,","11.1",",0,31,","3916.1","","684.3",",0","71.4",",,,0","115",",,,0","-3.74",",0","1.44",",,,0","-8.92",",,,0"
"USC00132112","1950-04","43.28333","-91.78333","267.9","DECORAH 2 S, IA US","0.0","","0.0",",0","9",",0","7",",0","1",",0","0",",0","0",",0","0",",0","19",",0","0",",0","2",",0","0",",0","","","19500406",",,0","19500409",",,0","19500409",",,0","2","","19500425",",,0","19500417","+,,0","-10.0",",0,06,","0",",T,0,09,","0",",T,0,09,","38.6",",,0,25,","21.1",",0,17,+","4350.1","","434.0",",0","100.1",",,,0","0",",T,,0","3.87",",0","9.47",",,,0","-1.74",",,,0"
"USC00132112","1950-05","43.28333","-91.78333","267.9","DECORAH 2 S, IA US","5.3","","5.3",",0","10",",0","5",",0","3",",0","0",",0","0",",0","0",",0","4",",0","0",",0","16",",0","0",",0","","","19500501",",,0","19500531","+,,0","19500531","+,,0","1","","19500509",",,0","19500524",",,0","-2.8",",0,01,","0",",,0,31,+","0",",,0,31,+","34.5",",,0,09,","29.4",",0,24,","4498.6","","148.5",",0","110.5",",,,0","0",",,,0","13.71",",0","20.23",",,,0","7.19",",,,0"
"USC00132112","1950-06","43.28333","-91.78333","267.9","DECORAH 2 S, IA US","52.8","","47.5",",0","13",",0","8",",0","2",",0","0",",0","0",",0","0",",0","0",",0","0",",0","28",",0","0",",0","","","19500604",",,0","19500630","+,,0","19500630","+,,0","1","","19500613",",,0","19500625",",,0","3.3",",0,04,","0",",,0,30,+","0",",,0,30,+","64.3",",,0,13,","31.1",",0,25,","4549.1","","50.5",",0","193.3",",,,0","0",",,,0","18.23",",0","24.94",",,,0","11.53",",,,0"
"USC00132112","1950-07","43.28333","-91.78333","267.9","DECORAH 2 S, IA US","90.0","","37.2",",0","8",",0","8",",0","2",",0","0",",0","0",",0","0",",0","0",",0","0",",0","29",",0","0",",0","","","19500714","+,,0","19500731","+,,0","19500731","+,,0","","","19500716",",,0","19500728",",,0","5.0",",0,14,+","0",",,0,31,+","0",",,0,31,+","107.2",",,0,16,","30.0",",0,28,","27.5","","27.5",",0","227.8",",,,0","0",",,,0","18.65",",0","26.21",",,,0","11.08",",,,0"
"USC00132112","1950-08","43.28333","-91.78333","267.9","DECORAH 2 S, IA US","116.0","","26.0",",0","6",",0","4",",0","1",",0","0",",0","0",",0","0",",0","1",",0","0",",0","23",",0","0",",0","","","19500820",",,0","19500831","+,,0","19500831","+,,0","","","19500811",",,0","19500816",",,0","-0.6",",0,20,","0",",,0,31,+","0",",,0,31,+","30.5",",,0,11,","30.6",",0,16,","89.8","","62.3",",0","59.0",",,,0","0",",,,0","17.16",",0","23.77",",,,0","10.55",",,,0"
"USC00132112","1950-09","43.28333","-91.78333","267.9","DECORAH 2 S, IA US","","","","","7",",0","5",",0","1",",0","0",",0","0",",0","","","","","0","1,0","19","1,0","0","1,0","","","","","19500930","+,,0","19500930","+,,0","","","19500921",",,0","19500918",",1,0","","","0",",,0,30,+","0",",,0,30,+","28.2",",,0,21,","28.9","1,0,18,","","","","","57.0",",,,0","0",",,,0","","","21.44","1,,,0","",""
"USC00132112","1950-10","43.28333","-91.78333","267.9","DECORAH 2 S, IA US","","","","","5",",0","2",",0","0",",0","0",",0","0",",0","","","","","","","","","","","","","","","19501031","+,,0","19501031","+,,0","","","19501007",",,0","","","","","0",",,0,31,+","0",",,0,31,+","14.2",",,0,07,","","","","","","","21.6",",,,0","0",",,,0","","","","","",""
