"STATION","DATE","LATITUDE","LONGITUDE","ELEVATION","NAME","DP01","DP01_ATTRIBUTES","DP10","DP10_ATTRIBUTES","DP1X","DP1X_ATTRIBUTES","DSND","DSND_ATTRIBUTES","DSNW","DSNW_ATTRIBUTES","DYFG","DYFG_ATTRIBUTES","DYSD","DYSD_ATTRIBUTES","DYSN","DYSN_ATTRIBUTES","DYTS","DYTS_ATTRIBUTES","DYXP","DYXP_ATTRIBUTES","EMSD","EMSD_ATTRIBUTES","EMSN","EMSN_ATTRIBUTES","EMXP","EMXP_ATTRIBUTES","PRCP","PRCP_ATTRIBUTES","SNOW","SNOW_ATTRIBUTES"
"USC00020498","1956-02","33.09619","-111.2574","478.5","ASHURST HAYDEN DAM, AZ US","5",",0","2",",0","0",",0","0",",0","0",",0","","","19560229","+,,0","19560229","+,,0","","","19560217",",,0","0",",,0,29,+","0",",,0,29,+","14.7",",,0,17,","24.3",",,,0","0",",,,0"
"USC00020498","1956-03","33.09619","-111.2574","478.5","ASHURST HAYDEN DAM, AZ US","0",",0","0",",0","0",",0","0",",0","0",",0","","","19560331","+,,0","19560331","+,,0","","","19560331","+,,0","0",",,0,31,+","0",",,0,31,+","0.0",",,0,31,+","0.0",",,,0","0",",,,0"
"USC00020498","1956-04","33.09619","-111.2574","478.5","ASHURST HAYDEN DAM, AZ US","2",",0","2",",0","0",",0","0",",0","0",",0","","","19560430","+,,0","19560430","+,,0","","","19560402",",,0","0",",,0,30,+","0",",,0,30,+","7.4",",,0,02,","9.9",",,,0","0",",,,0"
"USC00020498","1956-05","33.09619","-111.2574","478.5","ASHURST HAYDEN DAM, AZ US","0",",0","0",",0","0",",0","0",",0","0",",0","","","19560531","+,,0","19560531","+,,0","","","19560531","+,,0","0",",,0,31,+","0",",,0,31,+","0.0",",,0,31,+","0.0",",,,0","0",",,,0"
"USC00020498","1956-06","33.09619","-111.2574","478.5","ASHURST HAYDEN DAM, AZ US","1",",0","1",",0","0",",0","0",",0","0",",0","","","19560630","+,,0","19560630","+,,0","","","19560629",",,0","0",",,0,30,+","0",",,0,30,+","5.1",",,0,29,","5.1",",,,0","0",",,,0"
"USC00020498","1956-07","33.09619","-111.2574","478.5","ASHURST HAYDEN DAM, AZ US","6",",0","3",",0","0",",0","0",",0","0",",0","","","19560731","+,,0","19560731","+,,0","","","19560719",",,0","0",",,0,31,+","0",",,0,31,+","5.3",",,0,19,","17.4",",,,0","0",",,,0"
"USC00020498","1956-08","33.09619","-111.2574","478.5","ASHURST HAYDEN DAM, AZ US","2",",0","2",",0","0",",0","0",",0","0",",0","","","19560831","+,,0","19560831","+,,0","","","19560818",",,0","0",",,0,31,+","0",",,0,31,+","22.9",",,0,18,","35.1",",,,0","0",",,,0"
"USC00020498","1956-09","33.09619","-111.2574","478.5","ASHURST HAYDEN DAM, AZ US","0",",0","0",",0","0",",0","0",",0","0",",0","","","19560930","+,,0","19560930","+,,0","","","19560930","+,,0","0",",,0,30,+","0",",,0,30,+","0.0",",,0,30,+","0.0",",,,0","0",",,,0"
"USC00020498","1956-10","33.09619","-111.2574","478.5","ASHURST HAYDEN DAM, AZ US","1",",0","1",",0","0",",0","0",",0","0",",0","","","19561031","+,,0","19561031","+,,0","","","19561029",",,0","0",",,0,31,+","0",",,0,31,+","7.4",",,0,29,","7.4",",,,0","0",",,,0"
"USC00020498","1956-11","33.09619","-111.2574","478.5","ASHURST HAYDEN DAM, AZ US","0",",0","0",",0","0",",0","0",",0","0",",0","","","19561130","+,,0","19561130","+,,0","","","19561130","+,,0","0",",,0,30,+","0",",,0,30,+","0.0",",,0,30,+","0.0",",,,0","0",",,,0"
"USC00020498","1956-12","33.09619","-111.2574","478.5","ASHURST HAYDEN DAM, AZ US","1",",0","1",",0","0",",0","0",",0","0",",0","","","19561231","+,,0","19561231","+,,0","","","19561208",",,0","0",",,0,31,+","0",",,0,31,+","7.9",",,0,08,","7.9",",,,0","0",",,,0"
"USC00020498","1957-01","33.09619","-111.2574","478.5","ASHURST HAYDEN DAM, AZ US","9",",0","7",",0","0",",0","0",",0","0",",0","","","19570131","+,,0","19570122",",,0","","","19570127",",,0","0",",,0,31,+","0",",T,0,22,","9.1",",,0,27,","48.3",",,,0","0",",T,,0"
"USC00020498","1957-02","33.09619","-111.2574","478.5","ASHURST HAYDEN DAM, AZ US","2",",0","1",",0","0",",0","0",",0","0",",0","","","19570228","+,,0","19570228","+,,0","","","19570223",",,0","0",",,0,28,+","0",",,0,28,+","5.1",",,0,23,","7.1",",,,0","0",",,,0"
"USC00020498","1957-03","33.09619","-111.2574","478.5","ASHURST HAYDEN DAM, AZ US","4",",0","3",",0","0",",0","0",",0","0",",0","","","19570331","+,,0","19570331","+,,0","","","19570320",",,0","0",",,0,31,+","0",",,0,31,+","20.8",",,0,20,","32.8",",,,0","0",",,,0"
"USC00020498","1957-04","33.09619","-111.2574","478.5","ASHURST HAYDEN DAM, AZ US","0",",0","0",",0","0",",0","0",",0","0",",0","","","19570430","+,,0","19570430","+,,0","","","19570430","+,,0","0",",,0,30,+","0",",,0,30,+","0.0",",,0,30,+","0.0",",,,0","0",",,,0"
"USC00020498","1957-05","33.09619","-111.2574","478.5","ASHURST HAYDEN DAM, AZ US","3",",0","3",",0","0",",0","0",",0","0",",0","","","19570531","+,,0","19570531","+,,0","","","19570512",",,0","0",",,0,31,+","0",",,0,31,+","12.2",",,0,12,","29.5",",,,0","0",",,,0"
"USC00020498","1957-06","33.09619","-111.2574","478.5","ASHURST HAYDEN DAM, AZ US","0",",0","0",",0","0",",0","0",",0","0",",0","","","19570630","+,,0","19570630","+,,0","","","19570630","+,,0","0",",,0,30,+","0",",,0,30,+","0.0",",,0,30,+","0.0",",,,0","0",",,,0"
"USC00020498","1957-07","33.09619","-111.2574","478.5","ASHURST HAYDEN DAM, AZ US","5",",0","5",",0","0",",0","0",",0","0",",0","","","19570731","+,,0","19570731","+,,0","","","19570717",",,0","0",",,0,31,+","0",",,0,31,+","24.4",",,0,17,","39.6",",,,0","0",",,,0"
"USC00020498","1957-08","33.09619","-111.2574","478.5","ASHURST HAYDEN DAM, AZ US","8",",0","4",",0","0",",0","0",",0","0",",0","","","19570831","+,,0","19570831","+,,0","5","","19570816",",,0","0",",,0,31,+","0",",,0,31,+","7.1",",,0,16,","24.3",",,,0","0",",,,0"
"USC00020498","1957-09","33.09619","-111.2574","478.5","ASHURST HAYDEN DAM, AZ US","0",",0","0",",0","0",",0","0",",0","0",",0","","","19570930","+,,0","19570930","+,,0","","","19570930","+,,0","0",",,0,30,+","0",",,0,30,+","0.0",",,0,30,+","0.0",",,,0","0",",,,0"
"USC00020498","1957-10","33.09619","-111.2574","478.5","ASHURST HAYDEN DAM, AZ US","9",",0","5",",0","1",",0","0",",0","0",",0","","","19571031","+,,0","19571031","+,,0","1","","19571031",",,0","0",",,0,31,+","0",",,0,31,+","26.2",",,0,31,","70.6",",,,0","0",",,,0"
"USC00020498","1957-11","33.09619","-111.2574","478.5","ASHURST HAYDEN DAM, AZ US","3",",0","0",",0","0",",0","0",",0","0",",0","","","19571130","+,,0","19571130","+,,0","","","19571117",",,0","0",",,0,30,+","0",",,0,30,+","1.3",",,0,17,","2.4",",,,0","0",",,,0"
"USC00020498","1957-12","33.09619","-111.2574","478.5","ASHURST HAYDEN DAM, AZ US","3",",0","3",",0","0",",0","0",",0","0",",0","2","","19571231","+,,0","19571231","+,,0","","","19571206",",,0","0",",,0,31,+","0",",,0,31,+","7.1",",,0,06,","15.2",",,,0","0",",,,0"
"USC00020498","1958-01","33.09619","-111.2574","478.5","ASHURST HAYDEN DAM, AZ US","0",",0","0",",0","0",",0","0",",0","0",",0","","","19580131","+,,0","19580131","+,,0","","","19580127",",,0","0",",,0,31,+","0",",,0,31,+","0.0",",T,0,27,","0.0",",T,,0","0",",,,0"
"USC00020498","1958-02","33.09619","-111.2574","478.5","ASHURST HAYDEN DAM, AZ US","4",",0","3",",0","1",",0","0",",0","0",",0","","","19580228","+,,0","19580228","+,,0","","","19580205",",,0","0",",,0,28,+","0",",,0,28,+","27.9",",,0,05,","35.8",",,,0","0",",,,0"
"USC00020498","1958-03","33.09619","-111.2574","478.5","ASHURST HAYDEN DAM, AZ US","11",",0","8",",0","0",",0","0",",0","0",",0","","","19580331","+,,0","19580331","+,,0","","","19580312",",,0","0",",,0,31,+","0",",,0,31,+","14.5",",,0,12,","71.3",",,,0","0",",,,0"
"USC00020498","1958-04","33.09619","-111.2574","478.5","ASHURST HAYDEN DAM, AZ US","6",",0","5",",0","0",",0","0",",0","0",",0","","","19580430","+,,0","19580430","+,,0","2","","19580417",",,0","0",",,0,30,+","0",",,0,30,+","9.7",",,0,17,","35.1",",,,0","0",",,,0"
"USC00020498","1958-05","33.09619","-111.2574","478.5","ASHURST HAYDEN DAM, AZ US","1",",0","0",",0","0",",0","0",",0","0",",0","","","19580531","+,,0","19580531","+,,0","","","19580502",",,0","0",",,0,31,+","0",",,0,31,+","0.5",",,0,02,","0.5",",,,0","0",",,,0"
"USC00020498","1958-06","33.09619","-111.2574","478.5","ASHURST HAYDEN DAM, AZ US","1",",0","0",",0","0",",0","0",",0","0",",0","","","19580630","+,,0","19580630","+,,0","","","19580622",",,0","0",",,0,30,+","0",",,0,30,+","0.8",",,0,22,","0.8",",,,0","0",",,,0"
"USC00020498","1958-07","33.09619","-111.2574","478.5","ASHURST HAYDEN DAM, AZ US","4",",0","2",",0","0",",0","0",",0","0",",0","","","19580731","+,,0","19580731","+,,0","","","19580729",",,0","0",",,0,31,+","0",",,0,31,+","15.7",",,0,29,","29.7",",,,0","0",",,,0"
"USC00020498","1958-08","33.09619","-111.2574","478.5","ASHURST HAYDEN DAM, AZ US","3",",0","0",",0","0",",0","0",",0","0",",0","","","19580831","+,,0","19580831","+,,0","","","19580803",",,0","0",",,0,31,+","0",",,0,31,+","2.0",",,0,03,","4.0",",,,0","0",",,,0"
"USC00020498","1958-09","33.09619","-111.2574","478.5","ASHURST HAYDEN DAM, AZ US","6",",0","4",",0","0",",0","0",",0","0",",0","","","19580930","+,,0","19580930","+,,0","","","19580914",",,0","0",",,0,30,+","0",",,0,30,+","21.8",",,0,14,","49.3",",,,0","0",",,,0"
"USC00020498","1958-10","33.09619","-111.2574","478.5","ASHURST HAYDEN DAM, AZ US","2",",0","1",",0","1",",0","0",",0","0",",0","","","19581031","+,,0","19581031","+,,0","","","19581006",",,0","0",",,0,31,+","0",",,0,31,+","30.2",",,0,06,","32.2",",,,0","0",",,,0"
"USC00020498","1958-11","33.09619","-111.2574","478.5","ASHURST HAYDEN DAM, AZ US","2",",0","2",",0","0",",0","0",",0","0",",0","","","19581130","+,,0","19581117",",,0","","","19581117",",,0","0",",,0,30,+","0",",T,0,17,","14.5",",,0,17,","24.2",",,,0","0",",T,,0"
"USC00020498","1958-12","33.09619","-111.2574","478.5","ASHURST HAYDEN DAM, AZ US","0",",0","0",",0","0",",0","0",",0","0",",0","","","19581231","+,,0","19581231","+,,0","","","19581231","+,,0","0",",,0,31,+","0",",,0,31,+","0.0",",,0,31,+","0.0",",,,0","0",",,,0"
"USC00020498","1959-01","33.09619","-111.2574","478.5","ASHURST HAYDEN DAM, AZ US","1",",0","0",",0","0",",0","0",",0","0",",0","","","19590131","+,,0","19590131","+,,0","","","19590107",",,0","0",",,0,31,+","0",",,0,31,+","1.8",",,0,07,","1.8",",,,0","0",",,,0"
"USC00020498","1959-02","33.09619","-111.2574","478.5","ASHURST HAYDEN DAM, AZ US","3",",0","1",",0","0",",0","0",",0","0",",0","","","19590228","+,,0","19590228","+,,0","","","19590209",",,0","0",",,0,28,+","0",",,0,28,+","19.1",",,0,09,","20.1",",,,0","0",",,,0"
"USC00020498","1959-03","33.09619","-111.2574","478.5","ASHURST HAYDEN DAM, AZ US","0",",0","0",",0","0",",0","0",",0","0",",0","","","19590331","+,,0","19590331","+,,0","","","19590331","+,,0","0",",,0,31,+","0",",,0,31,+","0.0",",,0,31,+","0.0",",,,0","0",",,,0"
"USC00020498","1959-04","33.09619","-111.2574","478.5","ASHURST HAYDEN DAM, AZ US","1",",0","1",",0","0",",0","0",",0","0",",0","","","19590430","+,,0","19590430","+,,0","","","19590408",",,0","0",",,0,30,+","0",",,0,30,+","5.1",",,0,08,","5.1",",,,0","0",",,,0"
"USC00020498","1959-05","33.09619","-111.2574","478.5","ASHURST HAYDEN DAM, AZ US","0",",0","0",",0","0",",0","0",",0","0",",0","","","19590531","+,,0","19590531","+,,0","","","19590531","+,,0","0",",,0,31,+","0",",,0,31,+","0.0",",,0,31,+","0.0",",,,0","0",",,,0"
"USC00020498","1959-06","33.09619","-111.2574","478.5","ASHURST HAYDEN DAM, AZ US","1",",0","1",",0","0",",0","0",",0","0",",0","","","19590630","+,,0","19590630","+,,0","","","19590615",",,0","0",",,0,30,+","0",",,0,30,+","6.6",",,0,15,","6.6",",,,0","0",",,,0"
"USC00020498","1959-07","33.09619","-111.2574","478.5","ASHURST HAYDEN DAM, AZ US","3",",0","3",",0","0",",0","0",",0","0",",0","","","19590731","+,,0","19590731","+,,0","","","19590720",",,0","0",",,0,31,+","0",",,0,31,+","7.4",",,0,20,","13.0",",,,0","0",",,,0"
"USC00020498","1959-08","33.09619","-111.2574","478.5","ASHURST HAYDEN DAM, AZ US","7",",0","6",",0","0",",0","0",",0","0",",0","","","19590831","+,,0","19590831","+,,0","","","19590804",",,0","0",",,0,31,+","0",",,0,31,+","17.0",",,0,04,","49.3",",,,0","0",",,,0"
"USC00020498","1959-09","33.09619","-111.2574","478.5","ASHURST HAYDEN DAM, AZ US","0",",0","0",",0","0",",0","0",",0","0",",0","","","19590930","+,,0","19590930","+,,0","","","19590930","+,,0","0",",,0,30,+","0",",,0,30,+","0.0",",,0,30,+","0.0",",,,0","0",",,,0"
"USC00020498","1959-10","33.09619","-111.2574","478.5","ASHURST HAYDEN DAM, AZ US","5",",0","4",",0","1",",0","0",",0","0",",0","","","19591031","+,,0","19591031","+,,0","","","19591030",",,0","0",",,0,31,+","0",",,0,31,+","38.9",",,0,30,","61.9",",,,0","0",",,,0"
"USC00020498","1959-11","33.09619","-111.2574","478.5","ASHURST HAYDEN DAM, AZ US","1",",0","1",",0","0",",0","0",",0","0",",0","","","19591130","+,,0","19591130","+,,0","","","19591115",",,0","0",",,0,30,+","0",",,0,30,+","7.9",",,0,15,","7.9",",,,0","0",",,,0"
"USC00020498","1959-12","33.09619","-111.2574","478.5","ASHURST HAYDEN DAM, AZ US","6",",0","5",",0","1",",0","0",",0","0",",0","","","19591231","+,,0","19591231","+,,0","","","19591225",",,0","0",",,0,31,+","0",",,0,31,+","28.2",",,0,25,","75.9",",,,0","0",",,,0"
"USC00020498","1960-01","33.09619","-111.2574","478.5","ASHURST HAYDEN DAM, AZ US","5",",0","4",",0","0",",0","0",",0","0",",0","","","19600131","+,,0","19600131","+,,0","","","19600112",",,0","0",",,0,31,+","0",",,0,31,+","16.8",",,0,12,","45.2",",,,0","0",",,,0"
"USC00020498","1960-02","33.09619","-111.2574","478.5","ASHURST HAYDEN DAM, AZ US","2",",0","2",",0","0",",0","0",",0","0",",0","","","19600229","+,,0","19600229","+,,0","","","19600203",",,0","0",",,0,29,+","0",",,0,29,+","10.2",",,0,03,","13.2",",,,0","0",",,,0"
"USC00020498","1960-03","33.09619","-111.2574","478.5","ASHURST HAYDEN DAM, AZ US","2",",0","2",",0","0",",0","0",",0","0",",0","","","19600331","+,,0","19600331","+,,0","","","19600325",",,0","0",",,0,31,+","0",",,0,31,+","7.4",",,0,25,","10.2",",,,0","0",",,,0"
"USC00020498","1960-04","33.09619","-111.2574","478.5","ASHURST HAYDEN DAM, AZ US","0",",0","0",",0","0",",0","0",",0","0",",0","","","19600430","+,,0","19600430","+,,0","","","19600429","+,,0","0",",,0,30,+","0",",,0,30,+","0.0",",T,0,29,+","0.0",",T,,0","0",",,,0"
"USC00020498","1960-05","33.09619","-111.2574","478.5","ASHURST HAYDEN DAM, AZ US","1",",0","1",",0","0",",0","0",",0","0",",0","","","19600531","+,,0","19600531","+,,0","","","19600505",",,0","0",",,0,31,+","0",",,0,31,+","9.1",",,0,05,","9.1",",,,0","0",",,,0"
"USC00020498","1960-06","33.09619","-111.2574","478.5","ASHURST HAYDEN DAM, AZ US","0",",0","0",",0","0",",0","0",",0","0",",0","","","19600630","+,,0","19600630","+,,0","","","19600630","+,,0","0",",,0,30,+","0",",,0,30,+","0.0",",,0,30,+","0.0",",,,0","0",",,,0"
"USC00020498","1960-07","33.09619","-111.2574","478.5","ASHURST HAYDEN DAM, AZ US","1",",0","0",",0","0",",0","0",",0","0",",0","","","19600731","+,,0","19600731","+,,0","","","19600722",",,0","0",",,0,31,+","0",",,0,31,+","1.0",",,0,22,","1.0",",,,0","0",",,,0"
"USC00020498","1960-08","33.09619","-111.2574","478.5","ASHURST HAYDEN DAM, AZ US","4",",0","3",",0","0",",0","0",",0","0",",0","","","19600831","+,,0","19600831","+,,0","","","19600822",",,0","0",",,0,31,+","0",",,0,31,+","15.0",",,0,22,","26.7",",,,0","0",",,,0"
"USC00020498","1960-09","33.09619","-111.2574","478.5","ASHURST HAYDEN DAM, AZ US","1",",0","0",",0","0",",0","0",",0","0",",0","","","19600930","+,,0","19600930","+,,0","","","19600902",",,0","0",",,0,30,+","0",",,0,30,+","0.3",",,0,02,","0.3",",,,0","0",",,,0"
"USC00020498","1960-10","33.09619","-111.2574","478.5","ASHURST HAYDEN DAM, AZ US","4",",0","3",",0","0",",0","0",",0","0",",0","","","19601031","+,,0","19601031","+,,0","1","","19601017",",,0","0",",,0,31,+","0",",,0,31,+","7.1",",,0,17,","19.9",",,,0","0",",,,0"
"USC00020498","1960-11","33.09619","-111.2574","478.5","ASHURST HAYDEN DAM, AZ US","1",",0","0",",0","0",",0","0",",0","0",",0","","","19601130","+,,0","19601130","+,,0","","","19601105",",,0","0",",,0,30,+","0",",,0,30,+","1.3",",,0,05,","1.3",",,,0","0",",,,0"
"USC00020498","1960-12","33.09619","-111.2574","478.5","ASHURST HAYDEN DAM, AZ US","3",",0","0",",0","0",",0","0",",0","0",",0","","","19601231","+,,0","19601231","+,,0","","","19601204",",,0","0",",,0,31,+","0",",,0,31,+","2.0",",,0,04,","3.3",",,,0","0",",,,0"
"USC00020498","1961-01","33.09619","-111.2574","478.5","ASHURST HAYDEN DAM, AZ US","4",",0","1",",0","0",",0","0",",0","0",",0","","","19610131","+,,0","19610131","+,,0","","","19610126",",,0","0",",,0,31,+","0",",,0,31,+","9.4",",,0,26,","12.0",",,,0","0",",,,0"
"USC00020498","1961-02","33.09619","-111.2574","478.5","ASHURST HAYDEN DAM, AZ US","1",",0","0",",0","0",",0","0",",0","0",",0","","","19610228","+,,0","19610228","+,,0","","","19610219",",,0","0",",,0,28,+","0",",,0,28,+","0.8",",,0,19,","0.8",",,,0","0",",,,0"
"USC00020498","1961-03","33.09619","-111.2574","478.5","ASHURST HAYDEN DAM, AZ US","4",",0","3",",0","0",",0","0",",0","0",",0","","","19610331","+,,0","19610331","+,,0","","","19610330",",,0","0",",,0,31,+","0",",,0,31,+","13.0",",,0,30,","22.4",",,,0","0",",,,0"
"USC00020498","1961-04","33.09619","-111.2574","478.5","ASHURST HAYDEN DAM, AZ US","1",",0","0",",0","0",",0","0",",0","0",",0","","","19610430","+,,0","19610430","+,,0","","","19610402",",,0","0",",,0,30,+","0",",,0,30,+","0.5",",,0,02,","0.5",",,,0","0",",,,0"
"USC00020498","1961-05","33.09619","-111.2574","478.5","ASHURST HAYDEN DAM, AZ US","0",",0","0",",0","0",",0","0",",0","0",",0","","","19610531","+,,0","19610531","+,,0","","","19610531","+,,0","0",",,0,31,+","0",",,0,31,+","0.0",",,0,31,+","0.0",",,,0","0",",,,0"
"USC00020498","1961-06","33.09619","-111.2574","478.5","ASHURST HAYDEN DAM, AZ US","0",",0","0",",0","0",",0","0",",0","0",",0","","","19610630","+,,0","19610630","+,,0","","","19610630","+,,0","0",",,0,30,+","0",",,0,30,+","0.0",",,0,30,+","0.0",",,,0","0",",,,0"
"USC00020498","1961-07","33.09619","-111.2574","478.5","ASHURST HAYDEN DAM, AZ US","5","2,0","2","2,0","0","2,0","0",",0","0",",0","","","19610731","+,,0","19610731","+,,0","","","19610729",",2,0","0",",,0,31,+","0",",,0,31,+","18.3","2,,0,29,","45.3",",a,,0","0",",,,0"
"USC00020498","1961-08","33.09619","-111.2574","478.5","ASHURST HAYDEN DAM, AZ US","7",",0","4",",0","1",",0","0",",0","0",",0","","","19610831","+,,0","19610831","+,,0","","","19610815",",,0","0",",,0,31,+","0",",,0,31,+","68.6",",,0,15,","82.0",",,,0","0",",,,0"
"USC00020498","1961-10","33.09619","-111.2574","478.5","ASHURST HAYDEN DAM, AZ US","1",",0","1",",0","0",",0","0",",0","0",",0","","","19611031","+,,0","19611031","+,,0","","","19611031",",,0","0",",,0,31,+","0",",,0,31,+","3.6",",,0,31,","3.6",",,,0","0",",,,0"
"USC00020498","1961-11","33.09619","-111.2574","478.5","ASHURST HAYDEN DAM, AZ US","1",",0","0",",0","0",",0","0",",0","0",",0","","","19611130","+,,0","19611130","+,,0","","","19611122",",,0","0",",,0,30,+","0",",,0,30,+","1.0",",,0,22,","1.0",",,,0","0",",,,0"
"USC00020498","1961-12","33.09619","-111.2574","478.5","ASHURST HAYDEN DAM, AZ US","6",",0","4",",0","1",",0","0",",0","0",",0","","","19611231","+,,0","19611231","+,,0","","","19611216",",,0","0",",,0,31,+","0",",,0,31,+","34.3",",,0,16,","54.7",",,,0","0",",,,0"
"USC00020498","1962-01","33.09619","-111.2574","478.5","ASHURST HAYDEN DAM, AZ US","5",",0","4",",0","0",",0","0","1,0","0","1,0","","","19620131","+,1,0","19620131","+,1,0","","","19620122",",,0","0","1,,0,31,+","0","1,,0,31,+","23.1",",,0,22,","41.6",",,,0","0","1,,,0"
"USC00020498","1962-02","33.09619","-111.2574","478.5","ASHURST HAYDEN DAM, AZ US","10",",0","4",",0","0",",0","0",",0","0",",0","","","19620228","+,,0","19620228","+,,0","","","19620227",",,0","0",",,0,28,+","0",",,0,28,+","6.9",",,0,27,","21.0",",,,0","0",",,,0"
"USC00020498","1962-03","33.09619","-111.2574","478.5","ASHURST HAYDEN DAM, AZ US","4",",0","2",",0","0",",0","0","1,0","0","1,0","","","19620331","+,1,0","19620331","+,1,0","","","19620320",",,0","0","1,,0,31,+","0","1,,0,31,+","11.7",",,0,20,","22.7",",,,0","0","1,,,0"
"USC00020498","1962-04","33.09619","-111.2574","478.5","ASHURST HAYDEN DAM, AZ US","0",",0","0",",0","0",",0","0",",0","0",",0","","","19620430","+,,0","19620430","+,,0","","","19620430","+,,0","0",",,0,30,+","0",",,0,30,+","0.0",",,0,30,+","0.0",",,,0","0",",,,0"
"USC00020498","1962-05","33.09619","-111.2574","478.5","ASHURST HAYDEN DAM, AZ US","0",",0","0",",0","0",",0","0",",0","0",",0","","","19620531","+,,0","19620531","+,,0","","","19620528",",,0","0",",,0,31,+","0",",,0,31,+","0.0",",T,0,28,","0.0",",T,,0","0",",,,0"
"USC00020498","1962-06","33.09619","-111.2574","478.5","ASHURST HAYDEN DAM, AZ US","0",",0","0",",0","0",",0","0",",0","0",",0","","","19620630","+,,0","19620630","+,,0","","","19620628",",,0","0",",,0,30,+","0",",,0,30,+","0.0",",T,0,28,","0.0",",T,,0","0",",,,0"
"USC00020498","1962-07","33.09619","-111.2574","478.5","ASHURST HAYDEN DAM, AZ US","5",",0","2",",0","0",",0","0",",0","0",",0","","","19620731","+,,0","19620731","+,,0","","","19620727",",,0","0",",,0,31,+","0",",,0,31,+","9.9",",,0,27,","15.2",",,,0","0",",,,0"
"USC00020498","1962-08","33.09619","-111.2574","478.5","ASHURST HAYDEN DAM, AZ US","2",",0","0",",0","0",",0","0",",0","0",",0","","","19620831","+,,0","19620831","+,,0","","","19620813",",,0","0",",,0,31,+","0",",,0,31,+","2.0",",,0,13,","2.5",",,,0","0",",,,0"
"USC00020498","1962-09","33.09619","-111.2574","478.5","ASHURST HAYDEN DAM, AZ US","9",",0","2",",0","0",",0","0",",0","0",",0","","","19620930","+,,0","19620930","+,,0","","","19620907",",,0","0",",,0,30,+","0",",,0,30,+","3.8",",,0,07,","11.9",",,,0","0",",,,0"
"USC00020498","1962-10","33.09619","-111.2574","478.5","ASHURST HAYDEN DAM, AZ US","1",",0","0",",0","0",",0","0",",0","0",",0","","","19621031","+,,0","19621031","+,,0","","","19621016",",,0","0",",,0,31,+","0",",,0,31,+","1.5",",,0,16,","1.5",",,,0","0",",,,0"
"USC00020498","1962-11","33.09619","-111.2574","478.5","ASHURST HAYDEN DAM, AZ US","2",",0","1",",0","0",",0","0",",0","0",",0","","","19621130","+,,0","19621130","+,,0","","","19621114",",,0","0",",,0,30,+","0",",,0,30,+","5.1",",,0,14,","7.1",",,,0","0",",,,0"
"USC00020498","1962-12","33.09619","-111.2574","478.5","ASHURST HAYDEN DAM, AZ US","4",",0","4",",0","0",",0","0",",0","0",",0","","","19621231","+,,0","19621231","+,,0","","","19621217",",,0","0",",,0,31,+","0",",,0,31,+","7.1",",,0,17,","18.0",",,,0","0",",,,0"
"USC00020498","1963-01","33.09619","-111.2574","478.5","ASHURST HAYDEN DAM, AZ US","3",",0","3",",0","1",",0","0",",0","0",",0","","","19630131","+,,0","19630131","+,,0","","","19630111",",,0","0",",,0,31,+","0",",,0,31,+","29.7",",,0,11,","59.1",",,,0","0",",,,0"
"USC00020498","1963-02","33.09619","-111.2574","478.5","ASHURST HAYDEN DAM, AZ US","3",",0","3",",0","1",",0","0",",0","0",",0","","","19630228","+,,0","19630228","+,,0","","","19630211",",,0","0",",,0,28,+","0",",,0,28,+","41.1",",,0,11,","66.7",",,,0","0",",,,0"
"USC00020498","1963-03","33.09619","-111.2574","478.5","ASHURST HAYDEN DAM, AZ US","1",",0","1",",0","0",",0","0",",0","0",",0","","","19630331","+,,0","19630331","+,,0","","","19630317",",,0","0",",,0,31,+","0",",,0,31,+","20.3",",,0,17,","20.3",",,,0","0",",,,0"
"USC00020498","1963-04","33.09619","-111.2574","478.5","ASHURST HAYDEN DAM, AZ US","1",",0","1",",0","0",",0","0",",0","0",",0","","","19630430","+,,0","19630430","+,,0","","","19630425",",,0","0",",,0,30,+","0",",,0,30,+","14.0",",,0,25,","14.0",",,,0","0",",,,0"
"USC00020498","1963-05","33.09619","-111.2574","478.5","ASHURST HAYDEN DAM, AZ US","0",",0","0",",0","0",",0","0",",0","0",",0","","","19630531","+,,0","19630531","+,,0","","","19630531","+,,0","0",",,0,31,+","0",",,0,31,+","0.0",",,0,31,+","0.0",",,,0","0",",,,0"
"USC00020498","1963-06","33.09619","-111.2574","478.5","ASHURST HAYDEN DAM, AZ US","1",",0","0",",0","0",",0","0",",0","0",",0","","","19630630","+,,0","19630630","+,,0","","","19630601",",,0","0",",,0,30,+","0",",,0,30,+","1.0",",,0,01,","1.0",",,,0","0",",,,0"
"USC00020498","1963-07","33.09619","-111.2574","478.5","ASHURST HAYDEN DAM, AZ US","2",",0","0",",0","0",",0","0",",0","0",",0","","","19630731","+,,0","19630731","+,,0","","","19630720",",,0","0",",,0,31,+","0",",,0,31,+","2.3",",,0,20,","3.6",",,,0","0",",,,0"
"USC00020498","1963-08","33.09619","-111.2574","478.5","ASHURST HAYDEN DAM, AZ US","11",",0","9",",0","1",",0","0",",0","0",",0","","","19630831","+,,0","19630831","+,,0","","","19630821",",,0","0",",,0,31,+","0",",,0,31,+","31.8",",,0,21,","90.0",",,,0","0",",,,0"
"USC00020498","1963-09","33.09619","-111.2574","478.5","ASHURST HAYDEN DAM, AZ US","2",",0","1",",0","0",",0","0",",0","0",",0","","","19630930","+,,0","19630930","+,,0","","","19630910",",,0","0",",,0,30,+","0",",,0,30,+","5.1",",,0,10,","7.1",",,,0","0",",,,0"
"USC00020498","1963-10","33.09619","-111.2574","478.5","ASHURST HAYDEN DAM, AZ US","1",",0","1",",0","0",",0","0",",0","0",",0","","","19631031","+,,0","19631031","+,,0","","","19631018",",,0","0",",,0,31,+","0",",,0,31,+","7.9",",,0,18,","7.9",",,,0","0",",,,0"
"USC00020498","1963-11","33.09619","-111.2574","478.5","ASHURST HAYDEN DAM, AZ US","3",",0","3",",0","0",",0","0",",0","0",",0","","","19631130","+,,0","19631130","+,,0","2","","19631121",",,0","0",",,0,30,+","0",",,0,30,+","19.1",",,0,21,","37.2",",,,0","0",",,,0"
"USC00020498","1963-12","33.09619","-111.2574","478.5","ASHURST HAYDEN DAM, AZ US","1",",0","1",",0","0",",0","0",",0","0",",0","","","19631231","+,,0","19631231","+,,0","","","19631210",",,0","0",",,0,31,+","0",",,0,31,+","2.8",",,0,10,","2.8",",,,0","0",",,,0"
"USC00020498","1964-01","33.09619","-111.2574","478.5","ASHURST HAYDEN DAM, AZ US","2",",0","0",",0","0",",0","0",",0","0",",0","","","19640131","+,,0","19640131","+,,0","","","19640122",",,0","0",",,0,31,+","0",",,0,31,+","2.0",",,0,22,","3.3",",,,0","0",",,,0"
"USC00020498","1964-02","33.09619","-111.2574","478.5","ASHURST HAYDEN DAM, AZ US","1",",0","0",",0","0",",0","0",",0","0",",0","","","19640229","+,,0","19640229","+,,0","","","19640228",",,0","0",",,0,29,+","0",",,0,29,+","0.3",",,0,28,","0.3",",,,0","0",",,,0"
"USC00020498","1964-03","33.09619","-111.2574","478.5","ASHURST HAYDEN DAM, AZ US","3",",0","2",",0","0",",0","0",",0","0",",0","","","19640331","+,,0","19640331","+,,0","","","19640303",",,0","0",",,0,31,+","0",",,0,31,+","13.2",",,0,03,","17.3",",,,0","0",",,,0"
"USC00020498","1964-04","33.09619","-111.2574","478.5","ASHURST HAYDEN DAM, AZ US","2",",0","1",",0","0",",0","0",",0","0",",0","","","19640430","+,,0","19640430","+,,0","","","19640429",",,0","0",",,0,30,+","0",",,0,30,+","3.0",",,0,29,","3.3",",,,0","0",",,,0"
"USC00020498","1964-05","33.09619","-111.2574","478.5","ASHURST HAYDEN DAM, AZ US","0",",0","0",",0","0",",0","0",",0","0",",0","","","19640531","+,,0","19640531","+,,0","","","19640526","+,,0","0",",,0,31,+","0",",,0,31,+","0.0",",T,0,26,+","0.0",",T,,0","0",",,,0"
"USC00020498","1964-06","33.09619","-111.2574","478.5","ASHURST HAYDEN DAM, AZ US","0",",0","0",",0","0",",0","0",",0","0",",0","","","19640630","+,,0","19640630","+,,0","","","19640629","+,,0","0",",,0,30,+","0",",,0,30,+","0.0",",T,0,29,+","0.0",",T,,0","0",",,,0"
"USC00020498","1964-07","33.09619","-111.2574","478.5","ASHURST HAYDEN DAM, AZ US","9",",0","5",",0","0",",0","0",",0","0",",0","","","19640731","+,,0","19640731","+,,0","9","","19640731",",,0","0",",,0,31,+","0",",,0,31,+","17.5",",,0,31,","59.2",",,,0","0",",,,0"
"USC00020498","1964-08","33.09619","-111.2574","478.5","ASHURST HAYDEN DAM, AZ US","3",",0","2",",0","0",",0","0",",0","0",",0","","","19640831","+,,0","19640831","+,,0","3","","19640826",",,0","0",",,0,31,+","0",",,0,31,+","10.9",",,0,26,","17.7",",,,0","0",",,,0"
"USC00020498","1964-09","33.09619","-111.2574","478.5","ASHURST HAYDEN DAM, AZ US","6",",0","5",",0","1",",0","0",",0","0",",0","","","19640930","+,,0","19640930","+,,0","4","","19640913",",,0","0",",,0,30,+","0",",,0,30,+","28.7",",,0,13,","68.8",",,,0","0",",,,0"
"USC00020498","1964-10","33.09619","-111.2574","478.5","ASHURST HAYDEN DAM, AZ US","3",",0","1",",0","0",",0","0",",0","0",",0","","","19641031","+,,0","19641031","+,,0","2","","19641017",",,0","0",",,0,31,+","0",",,0,31,+","16.0",",,0,17,","17.6",",,,0","0",",,,0"
"USC00020498","1964-11","33.09619","-111.2574","478.5","ASHURST HAYDEN DAM, AZ US","2",",0","2",",0","0",",0","0",",0","0","1,0","","","19641130","+,,0","19641130","+,1,0","","","19641115",",,0","0",",,0,30,+","0","1,,0,30,+","16.8",",,0,15,","23.7",",,,0","0","1,,,0"
"USC00020498","1964-12","33.09619","-111.2574","478.5","ASHURST HAYDEN DAM, AZ US","3",",0","2",",0","0",",0","0",",0","0",",0","","","19641231","+,,0","19641231","+,,0","","","19641219",",,0","0",",,0,31,+","0",",,0,31,+","16.0",",,0,19,","22.4",",,,0","0",",,,0"
"USC00020498","1965-01","33.09619","-111.2574","478.5","ASHURST HAYDEN DAM, AZ US","4",",0","3",",0","0",",0","0",",0","0",",0","","","19650131","+,,0","19650131","+,,0","1","","19650120",",,0","0",",,0,31,+","0",",,0,31,+","10.9",",,0,20,","21.6",",,,0","0",",,,0"
"USC00020498","1965-02","33.09619","-111.2574","478.5","ASHURST HAYDEN DAM, AZ US","4",",0","2",",0","1",",0","0",",0","0",",0","","","19650228","+,,0","19650228","+,,0","","","19650205",",,0","0",",,0,28,+","0",",,0,28,+","40.4",",,0,05,","49.6",",,,0","0",",,,0"
"USC00020498","1965-03","33.09619","-111.2574","478.5","ASHURST HAYDEN DAM, AZ US","5",",0","3",",0","0",",0","0",",0","0",",0","","","19650331","+,,0","19650331","+,,0","","","19650311",",,0","0",",,0,31,+","0",",,0,31,+","14.0",",,0,11,","21.4",",,,0","0",",,,0"
"USC00020498","1965-04","33.09619","-111.2574","478.5","ASHURST HAYDEN DAM, AZ US","6",",0","3",",0","0",",0","0",",0","0",",0","","","19650430","+,,0","19650430","+,,0","","","19650405",",,0","0",",,0,30,+","0",",,0,30,+","13.5",",,0,05,","24.9",",,,0","0",",,,0"
"USC00020498","1965-05","33.09619","-111.2574","478.5","ASHURST HAYDEN DAM, AZ US","1",",0","0",",0","0",",0","0",",0","0",",0","","","19650531","+,,0","19650531","+,,0","","","19650513",",,0","0",",,0,31,+","0",",,0,31,+","2.3",",,0,13,","2.3",",,,0","0",",,,0"
"USC00020498","1965-06","33.09619","-111.2574","478.5","ASHURST HAYDEN DAM, AZ US","2",",0","0",",0","0",",0","0",",0","0",",0","","","19650630","+,,0","19650630","+,,0","","","19650609",",,0","0",",,0,30,+","0",",,0,30,+","1.0",",,0,09,","1.3",",,,0","0",",,,0"
"USC00020498","1965-07","33.09619","-111.2574","478.5","ASHURST HAYDEN DAM, AZ US","6",",0","4",",0","1",",0","0",",0","0",",0","","","19650731","+,,0","19650731","+,,0","4","","19650717",",,0","0",",,0,31,+","0",",,0,31,+","26.7",",,0,17,","57.0",",,,0","0",",,,0"
"USC00020498","1965-08","33.09619","-111.2574","478.5","ASHURST HAYDEN DAM, AZ US","2",",0","1",",0","0",",0","0",",0","0",",0","","","19650831","+,,0","19650831","+,,0","","","19650812",",,0","0",",,0,31,+","0",",,0,31,+","5.6",",,0,12,","5.9",",,,0","0",",,,0"
"USC00020498","1965-09","33.09619","-111.2574","478.5","ASHURST HAYDEN DAM, AZ US","3",",0","0",",0","0",",0","0",",0","0",",0","","","19650930","+,,0","19650930","+,,0","2","","19650905",",,0","0",",,0,30,+","0",",,0,30,+","1.0",",,0,05,","2.1",",,,0","0",",,,0"
"USC00020498","1965-10","33.09619","-111.2574","478.5","ASHURST HAYDEN DAM, AZ US","1",",0","1",",0","0",",0","0",",0","0",",0","","","19651031","+,,0","19651031","+,,0","","","19651016",",,0","0",",,0,31,+","0",",,0,31,+","12.7",",,0,16,","12.7",",,,0","0",",,,0"
"USC00020498","1965-11","33.09619","-111.2574","478.5","ASHURST HAYDEN DAM, AZ US","3",",0","3",",0","0",",0","0",",0","0",",0","","","19651130","+,,0","19651130","+,,0","","","19651126",",,0","0",",,0,30,+","0",",,0,30,+","10.7",",,0,26,","25.9",",,,0","0",",,,0"
"USC00020498","1965-12","33.09619","-111.2574","478.5","ASHURST HAYDEN DAM, AZ US","15",",0","11",",0","3",",0","0",",0","0",",0","","","19651231","+,,0","19651231","+,,0","","","19651211",",,0","0",",,0,31,+","0",",,0,31,+","45.0",",,0,11,","191.2",",,,0","0",",,,0"
"USC00020498","1966-01","33.09619","-111.2574","478.5","ASHURST HAYDEN DAM, AZ US","3",",0","3",",0","0",",0","0",",0","0",",0","","","19660131","+,,0","19660131","+,,0","","","19660131",",,0","0",",,0,31,+","0",",,0,31,+","6.4",",,0,31,","15.0",",,,0","0",",,,0"
"USC00020498","1966-02","33.09619","-111.2574","478.5","ASHURST HAYDEN DAM, AZ US","4",",0","4",",0","0",",0","","","","","","","","","","","","","19660208",",,0","","","","","13.7",",,0,08,","35.7",",,,0","",""
"USC00020498","1966-03","33.09619","-111.2574","478.5","ASHURST HAYDEN DAM, AZ US","2",",0","1",",0","0",",0","0",",0","0",",0","","","19660331","+,,0","19660331","+,,0","","","19660327",",,0","0",",,0,31,+","0",",,0,31,+","3.3",",,0,27,","5.1",",,,0","0",",,,0"
"USC00020498","1966-04","33.09619","-111.2574","478.5","ASHURST HAYDEN DAM, AZ US","0",",0","0",",0","0",",0","0",",0","0",",0","","","19660430","+,,0","19660430","+,,0","","","19660430","+,,0","0",",,0,30,+","0",",,0,30,+","0.0",",,0,30,+","0.0",",,,0","0",",,,0"
"USC00020498","1966-05","33.09619","-111.2574","478.5","ASHURST HAYDEN DAM, AZ US","0",",0","0",",0","0",",0","0",",0","0",",0","","","19660531","+,,0","19660531","+,,0","","","19660531","+,,0","0",",,0,31,+","0",",,0,31,+","0.0",",,0,31,+","0.0",",,,0","0",",,,0"
"USC00020498","1966-06","33.09619","-111.2574","478.5","ASHURST HAYDEN DAM, AZ US","2",",0","0",",0","0",",0","0",",0","0",",0","","","19660630","+,,0","19660630","+,,0","","","19660630",",,0","0",",,0,30,+","0",",,0,30,+","1.3",",,0,30,","1.6",",,,0","0",",,,0"
"USC00020498","1966-07","33.09619","-111.2574","478.5","ASHURST HAYDEN DAM, AZ US","3",",0","2",",0","0",",0","0",",0","0",",0","","","19660731","+,,0","19660731","+,,0","","","19660731",",,0","0",",,0,31,+","0",",,0,31,+","16.8",",,0,31,","20.4",",,,0","0",",,,0"
"USC00020498","1966-08","33.09619","-111.2574","478.5","ASHURST HAYDEN DAM, AZ US","3",",0","1",",0","0",",0","0",",0","0",",0","","","19660831","+,,0","19660831","+,,0","","","19660818",",,0","0",",,0,31,+","0",",,0,31,+","9.4",",,0,18,","12.7",",,,0","0",",,,0"
"USC00020498","1966-09","33.09619","-111.2574","478.5","ASHURST HAYDEN DAM, AZ US","4",",0","2",",0","2",",0","0",",0","0",",0","","","19660930","+,,0","19660930","+,,0","","","19660913",",,0","0",",,0,30,+","0",",,0,30,+","31.5",",,0,13,","63.3",",,,0","0",",,,0"
"USC00020498","1966-10","33.09619","-111.2574","478.5","ASHURST HAYDEN DAM, AZ US","2",",0","1",",0","0",",0","0",",0","0",",0","","","19661031","+,,0","19661031","+,,0","","","19661005",",,0","0",",,0,31,+","0",",,0,31,+","6.4",",,0,05,","6.7",",,,0","0",",,,0"
"USC00020498","1966-11","33.09619","-111.2574","478.5","ASHURST HAYDEN DAM, AZ US","2",",0","1",",0","0",",0","0",",0","0",",0","","","19661130","+,,0","19661130","+,,0","","","19661109",",,0","0",",,0,30,+","0",",,0,30,+","13.5",",,0,09,","14.3",",,,0","0",",,,0"
"USC00020498","1966-12","33.09619","-111.2574","478.5","ASHURST HAYDEN DAM, AZ US","3",",0","3",",0","0",",0","0",",0","0",",0","","","19661231","+,,0","19661231","+,,0","","","19661208",",,0","0",",,0,31,+","0",",,0,31,+","20.6",",,0,08,","35.9",",,,0","0",",,,0"
"USC00020498","1967-01","33.09619","-111.2574","478.5","ASHURST HAYDEN DAM, AZ US","1",",0","1",",0","0",",0","0",",0","0",",0","","","19670131","+,,0","19670131","+,,0","","","19670124",",,0","0",",,0,31,+","0",",,0,31,+","14.7",",,0,24,","14.7",",,,0","0",",,,0"
"USC00020498","1967-02","33.09619","-111.2574","478.5","ASHURST HAYDEN DAM, AZ US","1",",0","0",",0","0",",0","0",",0","0",",0","","","19670228","+,,0","19670228","+,,0","","","19670226",",,0","0",",,0,28,+","0",",,0,28,+","0.8",",,0,26,","0.8",",,,0","0",",,,0"
"USC00020498","1967-03","33.09619","-111.2574","478.5","ASHURST HAYDEN DAM, AZ US","2",",0","1",",0","1",",0","0",",0","0",",0","","","19670331","+,,0","19670331","+,,0","","","19670330",",,0","0",",,0,31,+","0",",,0,31,+","39.9",",,0,30,","40.9",",,,0","0",",,,0"
"USC00020498","1967-04","33.09619","-111.2574","478.5","ASHURST HAYDEN DAM, AZ US","2",",0","2",",0","0",",0","0",",0","0",",0","","","19670430","+,,0","19670430","+,,0","","","19670413",",,0","0",",,0,30,+","0",",,0,30,+","10.7",",,0,13,","19.1",",,,0","0",",,,0"
"USC00020498","1967-05","33.09619","-111.2574","478.5","ASHURST HAYDEN DAM, AZ US","3",",0","1",",0","0",",0","0",",0","0",",0","","","19670531","+,,0","19670531","+,,0","","","19670526",",,0","0",",,0,31,+","0",",,0,31,+","3.0",",,0,26,","5.3",",,,0","0",",,,0"
"USC00020498","1967-06","33.09619","-111.2574","478.5","ASHURST HAYDEN DAM, AZ US","0",",0","0",",0","0",",0","0",",0","0",",0","","","19670630","+,,0","19670630","+,,0","","","19670630","+,,0","0",",,0,30,+","0",",,0,30,+","0.0",",,0,30,+","0.0",",,,0","0",",,,0"
"USC00020498","1967-07","33.09619","-111.2574","478.5","ASHURST HAYDEN DAM, AZ US","7",",0","6",",0","0",",0","0",",0","0",",0","","","19670731","+,,0","19670731","+,,0","","","19670712",",,0","0",",,0,31,+","0",",,0,31,+","17.3",",,0,12,","45.5",",,,0","0",",,,0"
"USC00020498","1967-08","33.09619","-111.2574","478.5","ASHURST HAYDEN DAM, AZ US","3",",0","3",",0","0",",0","0",",0","0",",0","","","19670831","+,,0","19670831","+,,0","","","19670819",",,0","0",",,0,31,+","0",",,0,31,+","9.4",",,0,19,","22.1",",,,0","0",",,,0"
"USC00020498","1967-09","33.09619","-111.2574","478.5","ASHURST HAYDEN DAM, AZ US","0",",0","0",",0","0",",0","0",",0","0",",0","","","19670930","+,,0","19670930","+,,0","","","19670930","+,,0","0",",,0,30,+","0",",,0,30,+","0.0",",,0,30,+","0.0",",,,0","0",",,,0"
"USC00020498","1967-10","33.09619","-111.2574","478.5","ASHURST HAYDEN DAM, AZ US","2",",0","1",",0","0",",0","0",",0","0",",0","","","19671031","+,,0","19671031","+,,0","","","19671004",",,0","0",",,0,31,+","0",",,0,31,+","6.9",",,0,04,","7.2",",,,0","0",",,,0"
"USC00020498","1967-11","33.09619","-111.2574","478.5","ASHURST HAYDEN DAM, AZ US","4",",0","3",",0","0",",0","0",",0","0",",0","","","19671130","+,,0","19671130","+,,0","","","19671127",",,0","0",",,0,30,+","0",",,0,30,+","15.5",",,0,27,","33.1",",,,0","0",",,,0"
"USC00020498","1967-12","33.09619","-111.2574","478.5","ASHURST HAYDEN DAM, AZ US","10",",0","7",",0","2",",0","0",",0","0",",0","","","19671231","+,,0","19671231","+,,0","","","19671214",",,0","0",",,0,31,+","0",",,0,31,+","39.1",",,0,14,","125.7",",,,0","0",",,,0"
"USC00020498","1968-01","33.09619","-111.2574","478.5","ASHURST HAYDEN DAM, AZ US","2",",0","1",",0","0",",0","0",",0","0",",0","","","19680131","+,,0","19680131","+,,0","","","19680127",",,0","0",",,0,31,+","0",",,0,31,+","4.3",",,0,27,","5.1",",,,0","0",",,,0"
"USC00020498","1968-02","33.09619","-111.2574","478.5","ASHURST HAYDEN DAM, AZ US","5",",0","3",",0","0",",0","0",",0","0",",0","","","19680229","+,,0","19680229","+,,0","","","19680214",",,0","0",",,0,29,+","0",",,0,29,+","17.3",",,0,14,","25.2",",,,0","0",",,,0"
"USC00020498","1968-03","33.09619","-111.2574","478.5","ASHURST HAYDEN DAM, AZ US","3",",0","3",",0","0",",0","0",",0","0",",0","","","19680331","+,,0","19680331","+,,0","","","19680310",",,0","0",",,0,31,+","0",",,0,31,+","23.9",",,0,10,","32.2",",,,0","0",",,,0"
"USC00020498","1968-04","33.09619","-111.2574","478.5","ASHURST HAYDEN DAM, AZ US","2",",0","1",",0","0",",0","0",",0","0",",0","","","19680430","+,,0","19680430","+,,0","","","19680413",",,0","0",",,0,30,+","0",",,0,30,+","4.8",",,0,13,","6.1",",,,0","0",",,,0"
"USC00020498","1968-05","33.09619","-111.2574","478.5","ASHURST HAYDEN DAM, AZ US","1",",0","0",",0","0",",0","0",",0","0",",0","","","19680531","+,,0","19680531","+,,0","","","19680510",",,0","0",",,0,31,+","0",",,0,31,+","1.3",",,0,10,","1.3",",,,0","0",",,,0"
"USC00020498","1968-06","33.09619","-111.2574","478.5","ASHURST HAYDEN DAM, AZ US","0",",0","0",",0","0",",0","0",",0","0",",0","","","19680630","+,,0","19680630","+,,0","","","19680630","+,,0","0",",,0,30,+","0",",,0,30,+","0.0",",,0,30,+","0.0",",,,0","0",",,,0"
"USC00020498","1968-07","33.09619","-111.2574","478.5","ASHURST HAYDEN DAM, AZ US","5",",0","4",",0","1",",0","0",",0","0",",0","","","19680731","+,,0","19680731","+,,0","","","19680728",",,0","0",",,0,31,+","0",",,0,31,+","28.4",",,0,28,","47.8",",,,0","0",",,,0"
"USC00020498","1968-08","33.09619","-111.2574","478.5","ASHURST HAYDEN DAM, AZ US","9",",0","6",",0","0",",0","0",",0","0",",0","","","19680831","+,,0","19680831","+,,0","","","19680807",",,0","0",",,0,31,+","0",",,0,31,+","10.9",",,0,07,","50.7",",,,0","0",",,,0"
"USC00020498","1968-09","33.09619","-111.2574","478.5","ASHURST HAYDEN DAM, AZ US","1",",0","1",",0","0",",0","0",",0","0",",0","","","19680930","+,,0","19680930","+,,0","","","19680901",",,0","0",",,0,30,+","0",",,0,30,+","3.0",",,0,01,","3.0",",,,0","0",",,,0"
"USC00020498","1968-10","33.09619","-111.2574","478.5","ASHURST HAYDEN DAM, AZ US","2",",0","1",",0","0",",0","0",",0","0",",0","","","19681031","+,,0","19681031","+,,0","","","19681004",",,0","0",",,0,31,+","0",",,0,31,+","6.6",",,0,04,","8.4",",,,0","0",",,,0"
"USC00020498","1968-11","33.09619","-111.2574","478.5","ASHURST HAYDEN DAM, AZ US","4",",0","2",",0","0",",0","0",",0","0",",0","","","19681130","+,,0","19681130","+,,0","","","19681114",",,0","0",",,0,30,+","0",",,0,30,+","24.1",",,0,14,","34.6",",,,0","0",",,,0"
"USC00020498","1968-12","33.09619","-111.2574","478.5","ASHURST HAYDEN DAM, AZ US","3",",0","3",",0","0",",0","0",",0","0",",0","","","19681231","+,,0","19681231","+,,0","","","19681221",",,0","0",",,0,31,+","0",",,0,31,+","21.6",",,0,21,","47.2",",,,0","0",",,,0"
"USC00020498","1969-01","33.09619","-111.2574","478.5","ASHURST HAYDEN DAM, AZ US","4",",0","1",",0","0",",0","0",",0","0",",0","","","19690131","+,,0","19690131","+,,0","","","19690115",",,0","0",",,0,31,+","0",",,0,31,+","24.1",",,0,15,","26.7",",,,0","0",",,,0"
"USC00020498","1969-02","33.09619","-111.2574","478.5","ASHURST HAYDEN DAM, AZ US","5",",0","3",",0","0",",0","0",",0","0",",0","","","19690228","+,,0","19690228","+,,0","","","19690223",",,0","0",",,0,28,+","0",",,0,28,+","14.2",",,0,23,","27.0",",,,0","0",",,,0"
"USC00020498","1969-03","33.09619","-111.2574","478.5","ASHURST HAYDEN DAM, AZ US","5",",0","3",",0","0",",0","0",",0","0",",0","","","19690331","+,,0","19690331","+,,0","","","19690323",",,0","0",",,0,31,+","0",",,0,31,+","17.0",",,0,23,","38.8",",,,0","0",",,,0"
"USC00020498","1969-04","33.09619","-111.2574","478.5","ASHURST HAYDEN DAM, AZ US","1",",0","0",",0","0",",0","0",",0","0",",0","","","19690430","+,,0","19690430","+,,0","","","19690411",",,0","0",",,0,30,+","0",",,0,30,+","0.5",",,0,11,","0.5",",,,0","0",",,,0"
"USC00020498","1969-05","33.09619","-111.2574","478.5","ASHURST HAYDEN DAM, AZ US","1",",0","1",",0","0",",0","0",",0","0",",0","","","19690531","+,,0","19690531","+,,0","","","19690505",",,0","0",",,0,31,+","0",",,0,31,+","8.6",",,0,05,","8.6",",,,0","0",",,,0"
"USC00020498","1969-06","33.09619","-111.2574","478.5","ASHURST HAYDEN DAM, AZ US","0",",0","0",",0","0",",0","0",",0","0",",0","","","19690630","+,,0","19690630","+,,0","","","19690630","+,,0","0",",,0,30,+","0",",,0,30,+","0.0",",,0,30,+","0.0",",,,0","0",",,,0"
"USC00020498","1969-07","33.09619","-111.2574","478.5","ASHURST HAYDEN DAM, AZ US","2",",0","2",",0","0",",0","0",",0","0",",0","","","19690731","+,,0","19690731","+,,0","","","19690720",",,0","0",",,0,31,+","0",",,0,31,+","6.6",",,0,20,","9.4",",,,0","0",",,,0"
"USC00020498","1969-08","33.09619","-111.2574","478.5","ASHURST HAYDEN DAM, AZ US","5",",0","1",",0","0",",0","0",",0","0",",0","","","19690831","+,,0","19690831","+,,0","","","19690805",",,0","0",",,0,31,+","0",",,0,31,+","3.0",",,0,05,","7.3",",,,0","0",",,,0"
"USC00020498","1969-09","33.09619","-111.2574","478.5","ASHURST HAYDEN DAM, AZ US","4",",0","3",",0","0",",0","0",",0","0",",0","","","19690930","+,,0","19690930","+,,0","","","19690912",",,0","0",",,0,30,+","0",",,0,30,+","15.0",",,0,12,","26.2",",,,0","0",",,,0"
"USC00020498","1969-10","33.09619","-111.2574","478.5","ASHURST HAYDEN DAM, AZ US","4",",0","2",",0","0",",0","0",",0","0",",0","","","19691031","+,,0","19691031","+,,0","","","19691020",",,0","0",",,0,31,+","0",",,0,31,+","6.9",",,0,20,","14.1",",,,0","0",",,,0"
"USC00020498","1969-11","33.09619","-111.2574","478.5","ASHURST HAYDEN DAM, AZ US","5",",0","5",",0","0",",0","0",",0","0",",0","","","19691130","+,,0","19691130","+,,0","","","19691117",",,0","0",",,0,30,+","0",",,0,30,+","24.9",",,0,17,","62.3",",,,0","0",",,,0"
"USC00020498","1969-12","33.09619","-111.2574","478.5","ASHURST HAYDEN DAM, AZ US","3",",0","3",",0","0",",0","0",",0","0",",0","","","19691231","+,,0","19691231","+,,0","","","19691229",",,0","0",",,0,31,+","0",",,0,31,+","14.5",",,0,29,","23.9",",,,0","0",",,,0"
"USC00020498","1970-01","33.09619","-111.2574","478.5","ASHURST HAYDEN DAM, AZ US","1",",0","0",",0","0",",0","0",",0","0",",0","","","19700131","+,,0","19700131","+,,0","","","19700112",",,0","0",",,0,31,+","0",",,0,31,+","0.3",",,0,12,","0.3",",,,0","0",",,,0"
"USC00020498","1970-02","33.09619","-111.2574","478.5","ASHURST HAYDEN DAM, AZ US","1",",0","1",",0","0",",0","0",",0","0",",0","","","19700228","+,,0","19700201",",,0","","","19700211",",,0","0",",,0,28,+","0",",T,0,01,","4.6",",,0,11,","4.6",",,,0","0",",T,,0"
"USC00020498","1970-03","33.09619","-111.2574","478.5","ASHURST HAYDEN DAM, AZ US","5",",0","4",",0","1",",0","0",",0","0",",0","","","19700331","+,,0","19700331","+,,0","","","19700303",",,0","0",",,0,31,+","0",",,0,31,+","36.3",",,0,03,","82.4",",,,0","0",",,,0"
"USC00020498","1970-04","33.09619","-111.2574","478.5","ASHURST HAYDEN DAM, AZ US","2",",0","1",",0","0",",0","0",",0","0",",0","","","19700430","+,,0","19700430","+,,0","","","19700418",",,0","0",",,0,30,+","0",",,0,30,+","5.6",",,0,18,","6.1",",,,0","0",",,,0"
"USC00020498","1970-05","33.09619","-111.2574","478.5","ASHURST HAYDEN DAM, AZ US","0",",0","0",",0","0",",0","0",",0","0",",0","","","19700531","+,,0","19700531","+,,0","","","19700526",",,0","0",",,0,31,+","0",",,0,31,+","0.0",",T,0,26,","0.0",",T,,0","0",",,,0"
"USC00020498","1970-06","33.09619","-111.2574","478.5","ASHURST HAYDEN DAM, AZ US","1",",0","0",",0","0",",0","0",",0","0",",0","","","19700630","+,,0","19700630","+,,0","","","19700607",",,0","0",",,0,30,+","0",",,0,30,+","2.0",",,0,07,","2.0",",,,0","0",",,,0"
"USC00020498","1970-07","33.09619","-111.2574","478.5","ASHURST HAYDEN DAM, AZ US","4",",0","3",",0","0",",0","0",",0","0",",0","","","19700731","+,,0","19700731","+,,0","","","19700721",",,0","0",",,0,31,+","0",",,0,31,+","7.1",",,0,21,","18.3",",,,0","0",",,,0"
"USC00020498","1970-08","33.09619","-111.2574","478.5","ASHURST HAYDEN DAM, AZ US","4",",0","3",",0","0",",0","0",",0","0",",0","","","19700831","+,,0","19700831","+,,0","","","19700804",",,0","0",",,0,31,+","0",",,0,31,+","6.9",",,0,04,","14.5",",,,0","0",",,,0"
"USC00020498","1970-09","33.09619","-111.2574","478.5","ASHURST HAYDEN DAM, AZ US","4",",0","2",",0","1",",0","0",",0","0",",0","","","19700930","+,,0","19700930","+,,0","","","19700906",",,0","0",",,0,30,+","0",",,0,30,+","31.0",",,0,06,","45.7",",,,0","0",",,,0"
"USC00020498","1970-10","33.09619","-111.2574","478.5","ASHURST HAYDEN DAM, AZ US","1",",0","1",",0","0",",0","0",",0","0",",0","","","19701031","+,,0","19701031","+,,0","","","19701003",",,0","0",",,0,31,+","0",",,0,31,+","5.1",",,0,03,","5.1",",,,0","0",",,,0"
"USC00020498","1970-11","33.09619","-111.2574","478.5","ASHURST HAYDEN DAM, AZ US","2",",0","0",",0","0",",0","0",",0","0",",0","","","19701130","+,,0","19701130","+,,0","","","19701130","+,,0","0",",,0,30,+","0",",,0,30,+","1.5",",,0,30,+","3.0",",,,0","0",",,,0"
"USC00020498","1970-12","33.09619","-111.2574","478.5","ASHURST HAYDEN DAM, AZ US","7",",0","3",",0","0",",0","0",",0","0",",0","","","19701231","+,,0","19701231","+,,0","","","19701218",",,0","0",",,0,31,+","0",",,0,31,+","13.2",",,0,18,","30.2",",,,0","0",",,,0"
"USC00020498","1971-01","33.09619","-111.2574","478.5","ASHURST HAYDEN DAM, AZ US","1",",0","1",",0","0",",0","0",",0","0",",0","","","19710131","+,,0","19710131","+,,0","","","19710103",",,0","0",",,0,31,+","0",",,0,31,+","3.6",",,0,03,","3.6",",,,0","0",",,,0"
"USC00020498","1971-02","33.09619","-111.2574","478.5","ASHURST HAYDEN DAM, AZ US","2",",0","2",",0","0",",0","0",",0","0",",0","","","19710228","+,,0","19710228","+,,0","","","19710218",",,0","0",",,0,28,+","0",",,0,28,+","5.6",",,0,18,","8.1",",,,0","0",",,,0"
"USC00020498","1971-03","33.09619","-111.2574","478.5","ASHURST HAYDEN DAM, AZ US","1",",0","0",",0","0",",0","0",",0","0",",0","","","19710331","+,,0","19710331","+,,0","","","19710301",",,0","0",",,0,31,+","0",",,0,31,+","0.3",",,0,01,","0.3",",,,0","0",",,,0"
"USC00020498","1971-04","33.09619","-111.2574","478.5","ASHURST HAYDEN DAM, AZ US","3",",0","2",",0","0",",0","0",",0","0",",0","","","19710430","+,,0","19710430","+,,0","","","19710415",",,0","0",",,0,30,+","0",",,0,30,+","9.4",",,0,15,","14.5",",,,0","0",",,,0"
"USC00020498","1971-05","33.09619","-111.2574","478.5","ASHURST HAYDEN DAM, AZ US","0",",0","0",",0","0",",0","0",",0","0",",0","","","19710531","+,,0","19710531","+,,0","","","19710531","+,,0","0",",,0,31,+","0",",,0,31,+","0.0",",,0,31,+","0.0",",,,0","0",",,,0"
"USC00020498","1971-06","33.09619","-111.2574","478.5","ASHURST HAYDEN DAM, AZ US","0",",0","0",",0","0",",0","0",",0","0",",0","","","19710630","+,,0","19710630","+,,0","","","19710630","+,,0","0",",,0,30,+","0",",,0,30,+","0.0",",,0,30,+","0.0",",,,0","0",",,,0"
"USC00020498","1971-07","33.09619","-111.2574","478.5","ASHURST HAYDEN DAM, AZ US","1",",0","1",",0","0",",0","0",",0","0",",0","","","19710731","+,,0","19710731","+,,0","","","19710731",",,0","0",",,0,31,+","0",",,0,31,+","4.1",",,0,31,","4.1",",,,0","0",",,,0"
"USC00020498","1971-08","33.09619","-111.2574","478.5","ASHURST HAYDEN DAM, AZ US","8",",0","6",",0","1",",0","0",",0","0",",0","","","19710831","+,,0","19710831","+,,0","","","19710820",",,0","0",",,0,31,+","0",",,0,31,+","41.4",",,0,20,","112.2",",,,0","0",",,,0"
"USC00020498","1971-09","33.09619","-111.2574","478.5","ASHURST HAYDEN DAM, AZ US","3",",0","3",",0","1",",0","0",",0","0",",0","","","19710930","+,,0","19710930","+,,0","","","19710929",",,0","0",",,0,30,+","0",",,0,30,+","26.9",",,0,29,","55.6",",,,0","0",",,,0"
"USC00020498","1971-10","33.09619","-111.2574","478.5","ASHURST HAYDEN DAM, AZ US","5",",0","3",",0","0",",0","0",",0","0",",0","","","19711031","+,,0","19711031","+,,0","","","19711018",",,0","0",",,0,31,+","0",",,0,31,+","14.2",",,0,18,","35.0",",,,0","0",",,,0"
"USC00020498","1971-11","33.09619","-111.2574","478.5","ASHURST HAYDEN DAM, AZ US","1",",0","0",",0","0",",0","0",",0","0",",0","","","19711130","+,,0","19711130","+,,0","","","19711121",",,0","0",",,0,30,+","0",",,0,30,+","0.5",",,0,21,","0.5",",,,0","0",",,,0"
"USC00020498","1971-12","33.09619","-111.2574","478.5","ASHURST HAYDEN DAM, AZ US","8",",0","5",",0","0",",0","0",",0","0",",0","","","19711231","+,,0","19711231","+,,0","","","19711206",",,0","0",",,0,31,+","0",",,0,31,+","6.4",",,0,06,","20.4",",,,0","0",",,,0"
"USC00020498","1972-01","33.09619","-111.2574","478.5","ASHURST HAYDEN DAM, AZ US","0",",0","0",",0","0",",0","0",",0","0",",0","","","19720131","+,,0","19720131","+,,0","","","19720131","+,,0","0",",,0,31,+","0",",,0,31,+","0.0",",,0,31,+","0.0",",,,0","0",",,,0"
"USC00020498","1972-02","33.09619","-111.2574","478.5","ASHURST HAYDEN DAM, AZ US","0",",0","0",",0","0",",0","0",",0","0",",0","","","19720229","+,,0","19720229","+,,0","","","19720229","+,,0","0",",,0,29,+","0",",,0,29,+","0.0",",,0,29,+","0.0",",,,0","0",",,,0"
"USC00020498","1972-03","33.09619","-111.2574","478.5","ASHURST HAYDEN DAM, AZ US","0",",0","0",",0","0",",0","0",",0","0",",0","","","19720331","+,,0","19720331","+,,0","","","19720331","+,,0","0",",,0,31,+","0",",,0,31,+","0.0",",,0,31,+","0.0",",,,0","0",",,,0"
"USC00020498","1972-04","33.09619","-111.2574","478.5","ASHURST HAYDEN DAM, AZ US","0",",0","0",",0","0",",0","0",",0","0",",0","","","19720430","+,,0","19720430","+,,0","","","19720430","+,,0","0",",,0,30,+","0",",,0,30,+","0.0",",,0,30,+","0.0",",,,0","0",",,,0"
"USC00020498","1972-05","33.09619","-111.2574","478.5","ASHURST HAYDEN DAM, AZ US","1",",0","0",",0","0",",0","0",",0","0",",0","","","19720531","+,,0","19720531","+,,0","","","19720530",",,0","0",",,0,31,+","0",",,0,31,+","2.3",",,0,30,","2.3",",,,0","0",",,,0"
"USC00020498","1972-06","33.09619","-111.2574","478.5","ASHURST HAYDEN DAM, AZ US","4",",0","2",",0","0",",0","0",",0","0",",0","","","19720630","+,,0","19720630","+,,0","1","","19720623",",,0","0",",,0,30,+","0",",,0,30,+","19.1",",,0,23,","25.0",",,,0","0",",,,0"
"USC00020498","1972-07","33.09619","-111.2574","478.5","ASHURST HAYDEN DAM, AZ US","2",",0","1",",0","0",",0","0",",0","0",",0","","","19720731","+,,0","19720731","+,,0","","","19720717",",,0","0",",,0,31,+","0",",,0,31,+","6.1",",,0,17,","7.6",",,,0","0",",,,0"
"USC00020498","1972-08","33.09619","-111.2574","478.5","ASHURST HAYDEN DAM, AZ US","6",",0","4",",0","1",",0","0",",0","0",",0","","","19720831","+,,0","19720831","+,,0","","","19720829",",,0","0",",,0,31,+","0",",,0,31,+","25.9",",,0,29,","53.9",",,,0","0",",,,0"
"USC00020498","1972-09","33.09619","-111.2574","478.5","ASHURST HAYDEN DAM, AZ US","2",",0","1",",0","0",",0","0",",0","0",",0","","","19720930","+,,0","19720930","+,,0","","","19720908",",,0","0",",,0,30,+","0",",,0,30,+","2.8",",,0,08,","3.1",",,,0","0",",,,0"
"USC00020498","1972-10","33.09619","-111.2574","478.5","ASHURST HAYDEN DAM, AZ US","10",",0","7",",0","1",",0","0",",0","0",",0","","","19721031","+,,0","19721031","+,,0","","","19721020",",,0","0",",,0,31,+","0",",,0,31,+","59.7",",,0,20,","125.6",",,,0","0",",,,0"
"USC00020498","1972-11","33.09619","-111.2574","478.5","ASHURST HAYDEN DAM, AZ US","6",",0","5",",0","1",",0","0",",0","0",",0","","","19721130","+,,0","19721130","+,,0","","","19721111",",,0","0",",,0,30,+","0",",,0,30,+","27.4",",,0,11,","64.5",",,,0","0",",,,0"
"USC00020498","1972-12","33.09619","-111.2574","478.5","ASHURST HAYDEN DAM, AZ US","4",",0","4",",0","0",",0","0",",0","0",",0","","","19721231","+,,0","19721231","+,,0","","","19721228",",,0","0",",,0,31,+","0",",,0,31,+","18.5",",,0,28,","37.3",",,,0","0",",,,0"
"USC00020498","1973-01","33.09619","-111.2574","478.5","ASHURST HAYDEN DAM, AZ US","2",",0","0",",0","0",",0","0",",0","0",",0","","","19730131","+,,0","19730131","+,,0","","","19730105",",,0","0",",,0,31,+","0",",,0,31,+","1.5",",,0,05,","2.0",",,,0","0",",,,0"
"USC00020498","1973-02","33.09619","-111.2574","478.5","ASHURST HAYDEN DAM, AZ US","11",",0","6",",0","1",",0","0",",0","0",",0","","","19730228","+,,0","19730228","+,,0","","","19730222",",,0","0",",,0,28,+","0",",,0,28,+","30.5",",,0,22,","65.2",",,,0","0",",,,0"
"USC00020498","1973-03","33.09619","-111.2574","478.5","ASHURST HAYDEN DAM, AZ US","11",",0","7",",0","0",",0","0",",0","0",",0","","","19730331","+,,0","19730331","+,,0","","","19730314",",,0","0",",,0,31,+","0",",,0,31,+","15.0",",,0,14,","65.7",",,,0","0",",,,0"
"USC00020498","1973-04","33.09619","-111.2574","478.5","ASHURST HAYDEN DAM, AZ US","1",",0","1",",0","0",",0","0",",0","0",",0","","","19730430","+,,0","19730430","+,,0","","","19730430",",,0","0",",,0,30,+","0",",,0,30,+","4.3",",,0,30,","4.3",",,,0","0",",,,0"
"USC00020498","1973-05","33.09619","-111.2574","478.5","ASHURST HAYDEN DAM, AZ US","2",",0","2",",0","0",",0","0",",0","0",",0","","","19730531","+,,0","19730531","+,,0","","","19730505",",,0","0",",,0,31,+","0",",,0,31,+","17.3",",,0,05,","32.8",",,,0","0",",,,0"
"USC00020498","1973-06","33.09619","-111.2574","478.5","ASHURST HAYDEN DAM, AZ US","1",",0","1",",0","0",",0","0",",0","0",",0","","","19730630","+,,0","19730630","+,,0","","","19730613",",,0","0",",,0,30,+","0",",,0,30,+","14.5",",,0,13,","14.5",",,,0","0",",,,0"
"USC00020498","1973-07","33.09619","-111.2574","478.5","ASHURST HAYDEN DAM, AZ US","4",",0","2",",0","1",",0","0",",0","0",",0","","","19730731","+,,0","19730731","+,,0","","","19730716",",,0","0",",,0,31,+","0",",,0,31,+","34.3",",,0,16,","47.3",",,,0","0",",,,0"
"USC00020498","1973-08","33.09619","-111.2574","478.5","ASHURST HAYDEN DAM, AZ US","3",",0","1",",0","0",",0","0",",0","0",",0","","","19730831","+,,0","19730831","+,,0","","","19730802",",,0","0",",,0,31,+","0",",,0,31,+","5.6",",,0,02,","7.2",",,,0","0",",,,0"
"USC00020498","1973-09","33.09619","-111.2574","478.5","ASHURST HAYDEN DAM, AZ US","0",",0","0",",0","0",",0","0",",0","0",",0","","","19730930","+,,0","19730930","+,,0","","","19730930","+,,0","0",",,0,30,+","0",",,0,30,+","0.0",",,0,30,+","0.0",",,,0","0",",,,0"
"USC00020498","1973-10","33.09619","-111.2574","478.5","ASHURST HAYDEN DAM, AZ US","0",",0","0",",0","0",",0","0",",0","0",",0","","","19731031","+,,0","19731031","+,,0","","","19731031","+,,0","0",",,0,31,+","0",",,0,31,+","0.0",",,0,31,+","0.0",",,,0","0",",,,0"
"USC00020498","1973-11","33.09619","-111.2574","478.5","ASHURST HAYDEN DAM, AZ US","3",",0","2",",0","0",",0","0",",0","0",",0","","","19731130","+,,0","19731130","+,,0","","","19731119",",,0","0",",,0,30,+","0",",,0,30,+","17.8",",,0,19,","30.2",",,,0","0",",,,0"
"USC00020498","1973-12","33.09619","-111.2574","478.5","ASHURST HAYDEN DAM, AZ US","0",",0","0",",0","0",",0","0",",0","0",",0","","","19731231","+,,0","19731231","+,,0","","","19731231","+,,0","0",",,0,31,+","0",",,0,31,+","0.0",",,0,31,+","0.0",",,,0","0",",,,0"
"USC00020498","1974-01","33.09619","-111.2574","478.5","ASHURST HAYDEN DAM, AZ US","4",",0","2",",0","0",",0","0",",0","0",",0","","","19740131","+,,0","19740131","+,,0","","","19740108",",,0","0",",,0,31,+","0",",,0,31,+","13.2",",,0,08,","24.4",",,,0","0",",,,0"
"USC00020498","1974-02","33.09619","-111.2574","478.5","ASHURST HAYDEN DAM, AZ US","0",",0","0",",0","0",",0","0",",0","0",",0","","","19740228","+,,0","19740228","+,,0","","","19740228","+,,0","0",",,0,28,+","0",",,0,28,+","0.0",",,0,28,+","0.0",",,,0","0",",,,0"
"USC00020498","1974-03","33.09619","-111.2574","478.5","ASHURST HAYDEN DAM, AZ US","4",",0","3",",0","0",",0","0",",0","0",",0","","","19740331","+,,0","19740331","+,,0","","","19740320",",,0","0",",,0,31,+","0",",,0,31,+","9.9",",,0,20,","29.0",",,,0","0",",,,0"
"USC00020498","1974-04","33.09619","-111.2574","478.5","ASHURST HAYDEN DAM, AZ US","0",",0","0",",0","0",",0","0",",0","0",",0","","","19740430","+,,0","19740430","+,,0","","","19740430","+,,0","0",",,0,30,+","0",",,0,30,+","0.0",",,0,30,+","0.0",",,,0","0",",,,0"
"USC00020498","1974-05","33.09619","-111.2574","478.5","ASHURST HAYDEN DAM, AZ US","0",",0","0",",0","0",",0","0",",0","0",",0","","","19740531","+,,0","19740531","+,,0","","","19740531","+,,0","0",",,0,31,+","0",",,0,31,+","0.0",",,0,31,+","0.0",",,,0","0",",,,0"
"USC00020498","1974-06","33.09619","-111.2574","478.5","ASHURST HAYDEN DAM, AZ US","0",",0","0",",0","0",",0","0",",0","0",",0","","","19740630","+,,0","19740630","+,,0","","","19740630","+,,0","0",",,0,30,+","0",",,0,30,+","0.0",",,0,30,+","0.0",",,,0","0",",,,0"
"USC00020498","1974-07","33.09619","-111.2574","478.5","ASHURST HAYDEN DAM, AZ US","3",",0","1",",0","0",",0","0",",0","0",",0","","","19740731","+,,0","19740731","+,,0","","","19740722",",,0","0",",,0,31,+","0",",,0,31,+","4.1",",,0,22,","6.4",",,,0","0",",,,0"
"USC00020498","1974-08","33.09619","-111.2574","478.5","ASHURST HAYDEN DAM, AZ US","3",",0","3",",0","0",",0","0",",0","0",",0","","","19740831","+,,0","19740831","+,,0","","","19740803",",,0","0",",,0,31,+","0",",,0,31,+","24.1",",,0,03,","48.2",",,,0","0",",,,0"
"USC00020498","1974-09","33.09619","-111.2574","478.5","ASHURST HAYDEN DAM, AZ US","2",",0","1",",0","0",",0","0",",0","0",",0","","","19740930","+,,0","19740930","+,,0","","","19740914",",,0","0",",,0,30,+","0",",,0,30,+","17.3",",,0,14,","18.8",",,,0","0",",,,0"
"USC00020498","1974-10","33.09619","-111.2574","478.5","ASHURST HAYDEN DAM, AZ US","6",",0","4",",0","1",",0","0",",0","0",",0","","","19741031","+,,0","19741031","+,,0","","","19741029",",,0","0",",,0,31,+","0",",,0,31,+","34.3",",,0,29,","58.7",",,,0","0",",,,0"
"USC00020498","1974-11","33.09619","-111.2574","478.5","ASHURST HAYDEN DAM, AZ US","0",",0","0",",0","0",",0","0",",0","0",",0","","","19741130","+,,0","19741130","+,,0","","","19741130","+,,0","0",",,0,30,+","0",",,0,30,+","0.0",",,0,30,+","0.0",",,,0","0",",,,0"
"USC00020498","1974-12","33.09619","-111.2574","478.5","ASHURST HAYDEN DAM, AZ US","2",",0","2",",0","0",",0","0",",0","0",",0","","","19741231","+,,0","19741231","+,,0","","","19741205",",,0","0",",,0,31,+","0",",,0,31,+","14.7",",,0,05,","22.1",",,,0","0",",,,0"
"USC00020498","1975-01","33.09619","-111.2574","478.5","ASHURST HAYDEN DAM, AZ US","3",",0","0",",0","0",",0","0",",0","0",",0","","","19750131","+,,0","19750131","+,,0","","","19750131","+,,0","0",",,0,31,+","0",",,0,31,+","2.3",",,0,31,+","5.9",",,,0","0",",,,0"
"USC00020498","1975-02","33.09619","-111.2574","478.5","ASHURST HAYDEN DAM, AZ US","4",",0","4",",0","0",",0","0",",0","0",",0","","","19750228","+,,0","19750228","+,,0","","","19750215",",,0","0",",,0,28,+","0",",,0,28,+","9.4",",,0,15,","23.9",",,,0","0",",,,0"
"USC00020498","1975-03","33.09619","-111.2574","478.5","ASHURST HAYDEN DAM, AZ US","5","2,0","2","2,0","0","2,0","0",",0","0",",0","","","19750331","+,,0","19750331","+,,0","","","19750311",",2,0","0",",,0,31,+","0",",,0,31,+","10.7","2,,0,11,","35.6",",a,,0","0",",,,0"
"USC00020498","1975-04","33.09619","-111.2574","478.5","ASHURST HAYDEN DAM, AZ US","4",",0","1",",0","1",",0","0",",0","0",",0","","","19750430","+,,0","19750430","+,,0","","","19750406",",,0","0",",,0,30,+","0",",,0,30,+","27.9",",,0,06,","32.2",",,,0","0",",,,0"
"USC00020498","1975-05","33.09619","-111.2574","478.5","ASHURST HAYDEN DAM, AZ US","0",",0","0",",0","0",",0","0",",0","0",",0","","","19750531","+,,0","19750531","+,,0","","","19750531","+,,0","0",",,0,31,+","0",",,0,31,+","0.0",",,0,31,+","0.0",",,,0","0",",,,0"
"USC00020498","1975-06","33.09619","-111.2574","478.5","ASHURST HAYDEN DAM, AZ US","0",",0","0",",0","0",",0","0",",0","0",",0","","","19750630","+,,0","19750630","+,,0","","","19750630","+,,0","0",",,0,30,+","0",",,0,30,+","0.0",",,0,30,+","0.0",",,,0","0",",,,0"
"USC00020498","1975-07","33.09619","-111.2574","478.5","ASHURST HAYDEN DAM, AZ US","7",",0","4",",0","0",",0","0",",0","0",",0","","","19750731","+,,0","19750731","+,,0","","","19750709",",,0","0",",,0,31,+","0",",,0,31,+","14.0",",,0,09,","37.7",",,,0","0",",,,0"
"USC00020498","1975-08","33.09619","-111.2574","478.5","ASHURST HAYDEN DAM, AZ US","3",",0","2",",0","0",",0","0",",0","0",",0","","","19750831","+,,0","19750831","+,,0","","","19750818",",,0","0",",,0,31,+","0",",,0,31,+","4.6",",,0,18,","8.9",",,,0","0",",,,0"
"USC00020498","1975-09","33.09619","-111.2574","478.5","ASHURST HAYDEN DAM, AZ US","3",",0","2",",0","0",",0","0",",0","0",",0","","","19750930","+,,0","19750930","+,,0","","","19750904",",,0","0",",,0,30,+","0",",,0,30,+","7.4",",,0,04,","11.4",",,,0","0",",,,0"
"USC00020498","1975-10","33.09619","-111.2574","478.5","ASHURST HAYDEN DAM, AZ US","3",",0","1",",0","0",",0","0",",0","0",",0","","","19751031","+,,0","19751031","+,,0","","","19751022",",,0","0",",,0,31,+","0",",,0,31,+","20.6",",,0,22,","22.6",",,,0","0",",,,0"
"USC00020498","1975-11","33.09619","-111.2574","478.5","ASHURST HAYDEN DAM, AZ US","2",",0","2",",0","1",",0","0",",0","0",",0","","","19751130","+,,0","19751130","+,,0","","","19751129",",,0","0",",,0,30,+","0",",,0,30,+","33.0",",,0,29,","52.1",",,,0","0",",,,0"
"USC00020498","1975-12","33.09619","-111.2574","478.5","ASHURST HAYDEN DAM, AZ US","4",",0","3",",0","0",",0","0",",0","0",",0","","","19751231","+,,0","19751231","+,,0","","","19751221",",,0","0",",,0,31,+","0",",,0,31,+","10.7",",,0,21,","20.5",",,,0","0",",,,0"
"USC00020498","1976-01","33.09619","-111.2574","478.5","ASHURST HAYDEN DAM, AZ US","1",",0","0",",0","0",",0","0",",0","0",",0","","","19760131","+,,0","19760131","+,,0","","","19760125",",,0","0",",,0,31,+","0",",,0,31,+","1.3",",,0,25,","1.3",",,,0","0",",,,0"
"USC00020498","1976-02","33.09619","-111.2574","478.5","ASHURST HAYDEN DAM, AZ US","5",",0","3",",0","0",",0","0",",0","0",",0","","","19760229","+,,0","19760229","+,,0","","","19760209",",,0","0",",,0,29,+","0",",,0,29,+","12.2",",,0,09,","21.8",",,,0","0",",,,0"
"USC00020498","1976-03","33.09619","-111.2574","478.5","ASHURST HAYDEN DAM, AZ US","1",",0","1",",0","0",",0","0",",0","0",",0","","","19760331","+,,0","19760331","+,,0","","","19760304",",,0","0",",,0,31,+","0",",,0,31,+","17.3",",,0,04,","17.3",",,,0","0",",,,0"
"USC00020498","1976-04","33.09619","-111.2574","478.5","ASHURST HAYDEN DAM, AZ US","3",",0","3",",0","0",",0","0",",0","0",",0","","","19760430","+,,0","19760430","+,,0","","","19760415",",,0","0",",,0,30,+","0",",,0,30,+","20.8",",,0,15,","35.5",",,,0","0",",,,0"
"USC00020498","1976-05","33.09619","-111.2574","478.5","ASHURST HAYDEN DAM, AZ US","3",",0","1",",0","0",",0","0",",0","0",",0","","","19760531","+,,0","19760531","+,,0","","","19760505",",,0","0",",,0,31,+","0",",,0,31,+","2.5",",,0,05,","6.6",",,,0","0",",,,0"
"USC00020498","1976-06","33.09619","-111.2574","478.5","ASHURST HAYDEN DAM, AZ US","0",",0","0",",0","0",",0","0",",0","0",",0","","","19760630","+,,0","19760630","+,,0","","","19760630",",,0","0",",,0,30,+","0",",,0,30,+","0.0",",T,0,30,","0.0",",T,,0","0",",,,0"
"USC00020498","1976-07","33.09619","-111.2574","478.5","ASHURST HAYDEN DAM, AZ US","2",",0","1",",0","0",",0","0",",0","0",",0","","","19760731","+,,0","19760731","+,,0","","","19760724",",,0","0",",,0,31,+","0",",,0,31,+","10.7",",,0,24,","12.7",",,,0","0",",,,0"
"USC00020498","1976-08","33.09619","-111.2574","478.5","ASHURST HAYDEN DAM, AZ US","2",",0","1",",0","0",",0","0",",0","0",",0","","","19760831","+,,0","19760831","+,,0","","","19760818",",,0","0",",,0,31,+","0",",,0,31,+","5.1",",,0,18,","6.6",",,,0","0",",,,0"
"USC00020498","1976-09","33.09619","-111.2574","478.5","ASHURST HAYDEN DAM, AZ US","4",",0","3",",0","0",",0","0",",0","0",",0","","","19760930","+,,0","19760930","+,,0","","","19760906",",,0","0",",,0,30,+","0",",,0,30,+","5.3",",,0,06,","15.5",",,,0","0",",,,0"
"USC00020498","1976-10","33.09619","-111.2574","478.5","ASHURST HAYDEN DAM, AZ US","3",",0","2",",0","0",",0","0",",0","0",",0","","","19761031","+,,0","19761031","+,,0","","","19761023",",,0","0",",,0,31,+","0",",,0,31,+","5.1",",,0,23,","12.0",",,,0","0",",,,0"
"USC00020498","1976-11","33.09619","-111.2574","478.5","ASHURST HAYDEN DAM, AZ US","2",",0","2",",0","0",",0","0",",0","0",",0","","","19761130","+,,0","19761130","+,,0","","","19761113",",,0","0",",,0,30,+","0",",,0,30,+","7.9",",,0,13,","14.8",",,,0","0",",,,0"
"USC00020498","1976-12","33.09619","-111.2574","478.5","ASHURST HAYDEN DAM, AZ US","1",",0","0",",0","0",",0","0",",0","0",",0","","","19761231","+,,0","19761231","+,,0","","","19761219",",,0","0",",,0,31,+","0",",,0,31,+","0.8",",,0,19,","0.8",",,,0","0",",,,0"
"USC00020498","1977-01","33.09619","-111.2574","478.5","ASHURST HAYDEN DAM, AZ US","8",",0","5",",0","0",",0","0",",0","0",",0","","","19770131","+,,0","19770131","+,,0","","","19770101",",,0","0",",,0,31,+","0",",,0,31,+","21.6",",,0,01,","51.3",",,,0","0",",,,0"
"USC00020498","1977-02","33.09619","-111.2574","478.5","ASHURST HAYDEN DAM, AZ US","1",",0","1",",0","0",",0","0",",0","0",",0","","","19770228","+,,0","19770228","+,,0","","","19770225",",,0","0",",,0,28,+","0",",,0,28,+","3.0",",,0,25,","3.0",",,,0","0",",,,0"
"USC00020498","1977-03","33.09619","-111.2574","478.5","ASHURST HAYDEN DAM, AZ US","3",",0","2",",0","0",",0","0",",0","0",",0","","","19770331","+,,0","19770331","+,,0","","","19770327",",,0","0",",,0,31,+","0",",,0,31,+","7.4",",,0,27,","15.3",",,,0","0",",,,0"
"USC00020498","1977-04","33.09619","-111.2574","478.5","ASHURST HAYDEN DAM, AZ US","0",",0","0",",0","0",",0","0",",0","0",",0","","","19770430","+,,0","19770430","+,,0","","","19770430","+,,0","0",",,0,30,+","0",",,0,30,+","0.0",",,0,30,+","0.0",",,,0","0",",,,0"
"USC00020498","1977-05","33.09619","-111.2574","478.5","ASHURST HAYDEN DAM, AZ US","0",",0","0",",0","0",",0","0",",0","0",",0","","","19770531","+,,0","19770531","+,,0","","","19770525",",,0","0",",,0,31,+","0",",,0,31,+","0.0",",T,0,25,","0.0",",T,,0","0",",,,0"
"USC00020498","1977-06","33.09619","-111.2574","478.5","ASHURST HAYDEN DAM, AZ US","1",",0","1",",0","0",",0","0",",0","0",",0","","","19770630","+,,0","19770630","+,,0","","","19770607",",,0","0",",,0,30,+","0",",,0,30,+","4.8",",,0,07,","4.8",",,,0","0",",,,0"
"USC00020498","1977-07","33.09619","-111.2574","478.5","ASHURST HAYDEN DAM, AZ US","2",",0","2",",0","0",",0","0",",0","0",",0","","","19770731","+,,0","19770731","+,,0","","","19770721",",,0","0",",,0,31,+","0",",,0,31,+","9.1",",,0,21,","14.4",",,,0","0",",,,0"
"USC00020498","1977-08","33.09619","-111.2574","478.5","ASHURST HAYDEN DAM, AZ US","3",",0","2",",0","0",",0","0",",0","0",",0","","","19770831","+,,0","19770831","+,,0","","","19770817",",,0","0",",,0,31,+","0",",,0,31,+","6.6",",,0,17,","12.4",",,,0","0",",,,0"
"USC00020498","1977-09","33.09619","-111.2574","478.5","ASHURST HAYDEN DAM, AZ US","1",",0","1",",0","0",",0","0",",0","0",",0","","","19770930","+,,0","19770930","+,,0","","","19770922",",,0","0",",,0,30,+","0",",,0,30,+","10.2",",,0,22,","10.2",",,,0","0",",,,0"
"USC00020498","1977-10","33.09619","-111.2574","478.5","ASHURST HAYDEN DAM, AZ US","2",",0","1",",0","0",",0","0",",0","0",",0","","","19771031","+,,0","19771031","+,,0","","","19771029",",,0","0",",,0,31,+","0",",,0,31,+","8.9",",,0,29,","11.2",",,,0","0",",,,0"
"USC00020498","1977-11","33.09619","-111.2574","478.5","ASHURST HAYDEN DAM, AZ US","0","2,0","0","2,0","0","2,0","0",",0","0",",0","","","19771130","+,,0","19771130","+,,0","","","19771130","+,2,0","0",",,0,30,+","0",",,0,30,+","0.0","2,,0,30,+","3.3",",a,,0","0",",,,0"
"USC00020498","1977-12","33.09619","-111.2574","478.5","ASHURST HAYDEN DAM, AZ US","5",",0","3",",0","0",",0","0",",0","0",",0","","","19771231","+,,0","19771231","+,,0","","","19771229",",,0","0",",,0,31,+","0",",,0,31,+","6.1",",,0,29,","15.0",",,,0","0",",,,0"
"USC00020498","1978-01","33.09619","-111.2574","478.5","ASHURST HAYDEN DAM, AZ US","11",",0","7",",0","1",",0","0",",0","0",",0","","","19780131","+,,0","19780131","+,,0","","","19780116",",,0","0",",,0,31,+","0",",,0,31,+","32.3",",,0,16,","94.6",",,,0","0",",,,0"
"USC00020498","1978-02","33.09619","-111.2574","478.5","ASHURST HAYDEN DAM, AZ US","5",",0","4",",0","1",",0","0",",0","0",",0","","","19780228","+,,0","19780228","+,,0","","","19780211",",,0","0",",,0,28,+","0",",,0,28,+","38.9",",,0,11,","61.3",",,,0","0",",,,0"
"USC00020498","1978-03","33.09619","-111.2574","478.5","ASHURST HAYDEN DAM, AZ US","7",",0","5",",0","0",",0","0",",0","0",",0","","","19780331","+,,0","19780331","+,,0","","","19780302",",,0","0",",,0,31,+","0",",,0,31,+","15.2",",,0,02,","58.2",",,,0","0",",,,0"
"USC00020498","1978-04","33.09619","-111.2574","478.5","ASHURST HAYDEN DAM, AZ US","3",",0","3",",0","0",",0","0",",0","0",",0","","","19780430","+,,0","19780430","+,,0","","","19780409",",,0","0",",,0,30,+","0",",,0,30,+","6.9",",,0,09,","16.3",",,,0","0",",,,0"
"USC00020498","1978-05","33.09619","-111.2574","478.5","ASHURST HAYDEN DAM, AZ US","2",",0","1",",0","0",",0","0",",0","0",",0","","","19780531","+,,0","19780531","+,,0","","","19780502",",,0","0",",,0,31,+","0",",,0,31,+","11.9",",,0,02,","14.2",",,,0","0",",,,0"
"USC00020498","1978-06","33.09619","-111.2574","478.5","ASHURST HAYDEN DAM, AZ US","0",",0","0",",0","0",",0","0",",0","0",",0","","","19780630","+,,0","19780630","+,,0","","","19780628",",,0","0",",,0,30,+","0",",,0,30,+","0.0",",T,0,28,","0.0",",T,,0","0",",,,0"
"USC00020498","1978-07","33.09619","-111.2574","478.5","ASHURST HAYDEN DAM, AZ US","6",",0","4",",0","0",",0","0",",0","0",",0","","","19780731","+,,0","19780731","+,,0","","","19780725",",,0","0",",,0,31,+","0",",,0,31,+","14.0",",,0,25,","33.1",",,,0","0",",,,0"
"USC00020498","1978-08","33.09619","-111.2574","478.5","ASHURST HAYDEN DAM, AZ US","3",",0","1",",0","0",",0","0",",0","0",",0","","","19780831","+,,0","19780831","+,,0","","","19780802",",,0","0",",,0,31,+","0",",,0,31,+","20.8",",,0,02,","24.1",",,,0","0",",,,0"
"USC00020498","1978-09","33.09619","-111.2574","478.5","ASHURST HAYDEN DAM, AZ US","1",",0","0",",0","0",",0","0",",0","0",",0","","","19780930","+,,0","19780930","+,,0","","","19780917",",,0","0",",,0,30,+","0",",,0,30,+","2.0",",,0,17,","2.0",",,,0","0",",,,0"
"USC00020498","1978-10","33.09619","-111.2574","478.5","ASHURST HAYDEN DAM, AZ US","2",",0","1",",0","0",",0","0",",0","0",",0","","","19781031","+,,0","19781031","+,,0","","","19781021",",,0","0",",,0,31,+","0",",,0,31,+","23.9",",,0,21,","24.7",",,,0","0",",,,0"
"USC00020498","1978-11","33.09619","-111.2574","478.5","ASHURST HAYDEN DAM, AZ US","5",",0","5",",0","1",",0","0",",0","0",",0","","","19781130","+,,0","19781130","+,,0","","","19781111",",,0","0",",,0,30,+","0",",,0,30,+","27.9",",,0,11,","87.8",",,,0","0",",,,0"
"USC00020498","1978-12","33.09619","-111.2574","478.5","ASHURST HAYDEN DAM, AZ US","5","2,0","5","2,0","2","2,0","0",",0","0",",0","","","19781231","+,,0","19781231","+,,0","","","19781217",",2,0","0",",,0,31,+","0",",,0,31,+","42.4","2,,0,17,","107.8",",a,,0","0",",,,0"
"USC00020498","1979-01","33.09619","-111.2574","478.5","ASHURST HAYDEN DAM, AZ US","6",",0","6",",0","0",",0","0",",0","0",",0","","","19790131","+,,0","19790131","+,,0","","","19790117",",,0","0",",,0,31,+","0",",,0,31,+","18.8",",,0,17,","50.4",",,,0","0",",,,0"
"USC00020498","1979-02","33.09619","-111.2574","478.5","ASHURST HAYDEN DAM, AZ US","3",",0","2",",0","0",",0","0",",0","0",",0","","","19790228","+,,0","19790228","+,,0","","","19790202",",,0","0",",,0,28,+","0",",,0,28,+","12.7",",,0,02,","20.4",",,,0","0",",,,0"
"USC00020498","1979-03","33.09619","-111.2574","478.5","ASHURST HAYDEN DAM, AZ US","4",",0","3",",0","1",",0","0",",0","0",",0","","","19790331","+,,0","19790331","+,,0","","","19790329",",,0","0",",,0,31,+","0",",,0,31,+","41.9",",,0,29,","72.6",",,,0","0",",,,0"
"USC00020498","1979-04","33.09619","-111.2574","478.5","ASHURST HAYDEN DAM, AZ US","2",",0","0",",0","0",",0","0",",0","0",",0","","","19790430","+,,0","19790430","+,,0","","","19790410",",,0","0",",,0,30,+","0",",,0,30,+","1.8",",,0,10,","2.6",",,,0","0",",,,0"
"USC00020498","1979-05","33.09619","-111.2574","478.5","ASHURST HAYDEN DAM, AZ US","2",",0","2",",0","0",",0","0",",0","0",",0","","","19790531","+,,0","19790531","+,,0","","","19790526",",,0","0",",,0,31,+","0",",,0,31,+","5.1",",,0,26,","9.9",",,,0","0",",,,0"
"USC00020498","1979-06","33.09619","-111.2574","478.5","ASHURST HAYDEN DAM, AZ US","3",",0","1",",0","0",",0","0",",0","0",",0","","","19790630","+,,0","19790630","+,,0","","","19790605",",,0","0",",,0,30,+","0",",,0,30,+","3.3",",,0,05,","6.1",",,,0","0",",,,0"
"USC00020498","1979-07","33.09619","-111.2574","478.5","ASHURST HAYDEN DAM, AZ US","3",",0","1",",0","0",",0","0",",0","0",",0","","","19790731","+,,0","19790731","+,,0","","","19790701",",,0","0",",,0,31,+","0",",,0,31,+","3.8",",,0,01,","6.3",",,,0","0",",,,0"
"USC00020498","1979-08","33.09619","-111.2574","478.5","ASHURST HAYDEN DAM, AZ US","3",",0","2",",0","0",",0","0",",0","0",",0","","","19790831","+,,0","19790831","+,,0","","","19790818",",,0","0",",,0,31,+","0",",,0,31,+","7.6",",,0,18,","11.7",",,,0","0",",,,0"
"USC00020498","1979-09","33.09619","-111.2574","478.5","ASHURST HAYDEN DAM, AZ US","0",",0","0",",0","0",",0","0",",0","0",",0","","","19790930","+,,0","19790930","+,,0","","","19790930","+,,0","0",",,0,30,+","0",",,0,30,+","0.0",",,0,30,+","0.0",",,,0","0",",,,0"
"USC00020498","1979-10","33.09619","-111.2574","478.5","ASHURST HAYDEN DAM, AZ US","2",",0","1",",0","0",",0","0",",0","0",",0","","","19791031","+,,0","19791031","+,,0","","","19791021",",,0","0",",,0,31,+","0",",,0,31,+","5.6",",,0,21,","6.4",",,,0","0",",,,0"
"USC00020498","1979-11","33.09619","-111.2574","478.5","ASHURST HAYDEN DAM, AZ US","3",",0","0",",0","0",",0","0",",0","0",",0","","","19791130","+,,0","19791130","+,,0","","","19791109",",,0","0",",,0,30,+","0",",,0,30,+","0.8",",,0,09,","1.8",",,,0","0",",,,0"
"USC00020498","1979-12","33.09619","-111.2574","478.5","ASHURST HAYDEN DAM, AZ US","1",",0","0",",0","0",",0","0",",0","0",",0","","","19791231","+,,0","19791231","+,,0","","","19791228",",,0","0",",,0,31,+","0",",,0,31,+","2.3",",,0,28,","2.3",",,,0","0",",,,0"
"USC00020498","1980-01","33.09619","-111.2574","478.5","ASHURST HAYDEN DAM, AZ US","10","1,0","6","1,0","0","1,0","0",",0","0",",0","","","19800131","+,,0","19800131","+,,0","","","19800119",",1,0","0",",,0,31,+","0",",,0,31,+","14.0","1,,0,19,","58.2","1,,,0","0",",,,0"
"USC00020498","1980-02","33.09619","-111.2574","478.5","ASHURST HAYDEN DAM, AZ US","8",",0","6",",0","0",",0","0",",0","0",",0","","","19800229","+,,0","19800229","+,,0","","","19800216",",,0","0",",,0,29,+","0",",,0,29,+","19.1",",,0,16,","60.2",",,,0","0",",,,0"
"USC00020498","1980-03","33.09619","-111.2574","478.5","ASHURST HAYDEN DAM, AZ US","6",",0","6",",0","0",",0","0",",0","0",",0","","","19800331","+,,0","19800331","+,,0","","","19800304",",,0","0",",,0,31,+","0",",,0,31,+","17.0",",,0,04,","54.3",",,,0","0",",,,0"
"USC00020498","1980-04","33.09619","-111.2574","478.5","ASHURST HAYDEN DAM, AZ US","2",",0","2",",0","0",",0","0",",0","0",",0","","","19800430","+,,0","19800430","+,,0","","","19800430",",,0","0",",,0,30,+","0",",,0,30,+","9.4",",,0,30,","12.4",",,,0","0",",,,0"
"USC00020498","1980-05","33.09619","-111.2574","478.5","ASHURST HAYDEN DAM, AZ US","1",",0","1",",0","0",",0","0",",0","0",",0","","","19800531","+,,0","19800531","+,,0","","","19800501",",,0","0",",,0,31,+","0",",,0,31,+","2.5",",,0,01,","2.5",",,,0","0",",,,0"
"USC00020498","1980-06","33.09619","-111.2574","478.5","ASHURST HAYDEN DAM, AZ US","1",",0","1",",0","0",",0","0",",0","0",",0","","","19800630","+,,0","19800630","+,,0","","","19800630",",,0","0",",,0,30,+","0",",,0,30,+","2.5",",,0,30,","2.5",",,,0","0",",,,0"
"USC00020498","1980-07","33.09619","-111.2574","478.5","ASHURST HAYDEN DAM, AZ US","5",",0","4",",0","1",",0","0",",0","0",",0","","","19800731","+,,0","19800731","+,,0","","","19800722",",,0","0",",,0,31,+","0",",,0,31,+","38.1",",,0,22,","49.9",",,,0","0",",,,0"
"USC00020498","1980-08","33.09619","-111.2574","478.5","ASHURST HAYDEN DAM, AZ US","3",",0","3",",0","1",",0","0",",0","0",",0","","","19800831","+,,0","19800831","+,,0","","","19800810",",,0","0",",,0,31,+","0",",,0,31,+","29.5",",,0,10,","48.6",",,,0","0",",,,0"
"USC00020498","1980-09","33.09619","-111.2574","478.5","ASHURST HAYDEN DAM, AZ US","2",",0","2",",0","1",",0","0",",0","0",",0","","","19800930","+,,0","19800930","+,,0","","","19800907",",,0","0",",,0,30,+","0",",,0,30,+","27.2",",,0,07,","41.4",",,,0","0",",,,0"
"USC00020498","1980-10","33.09619","-111.2574","478.5","ASHURST HAYDEN DAM, AZ US","2",",0","0",",0","0",",0","0",",0","0",",0","","","19801031","+,,0","19801031","+,,0","","","19801013",",,0","0",",,0,31,+","0",",,0,31,+","1.8",",,0,13,","2.3",",,,0","0",",,,0"
"USC00020498","1980-11","33.09619","-111.2574","478.5","ASHURST HAYDEN DAM, AZ US","0",",0","0",",0","0",",0","0",",0","0",",0","","","19801130","+,,0","19801130","+,,0","","","19801130","+,,0","0",",,0,30,+","0",",,0,30,+","0.0",",,0,30,+","0.0",",,,0","0",",,,0"
"USC00020498","1980-12","33.09619","-111.2574","478.5","ASHURST HAYDEN DAM, AZ US","2",",0","1",",0","0",",0","0",",0","0",",0","","","19801231","+,,0","19801231","+,,0","","","19801207",",,0","0",",,0,31,+","0",",,0,31,+","8.9",",,0,07,","10.4",",,,0","0",",,,0"
"USC00020498","1981-01","33.09619","-111.2574","478.5","ASHURST HAYDEN DAM, AZ US","3",",0","2",",0","0",",0","0",",0","0",",0","","","19810131","+,,0","19810131","+,,0","","","19810112",",,0","0",",,0,31,+","0",",,0,31,+","17.8",",,0,12,","22.3",",,,0","0",",,,0"
"USC00020498","1981-02","33.09619","-111.2574","478.5","ASHURST HAYDEN DAM, AZ US","1",",0","1",",0","0",",0","0",",0","0",",0","","","19810228","+,,0","19810228","+,,0","","","19810209",",,0","0",",,0,28,+","0",",,0,28,+","14.0",",,0,09,","14.0",",,,0","0",",,,0"
"USC00020498","1981-03","33.09619","-111.2574","478.5","ASHURST HAYDEN DAM, AZ US","6",",0","5",",0","1",",0","0",",0","0",",0","","","19810331","+,,0","19810331","+,,0","","","19810304",",,0","0",",,0,31,+","0",",,0,31,+","25.4",",,0,04,","65.0",",,,0","0",",,,0"
"USC00020498","1981-04","33.09619","-111.2574","478.5","ASHURST HAYDEN DAM, AZ US","1",",0","1",",0","0",",0","0",",0","0",",0","","","19810430","+,,0","19810430","+,,0","","","19810403",",,0","0",",,0,30,+","0",",,0,30,+","8.1",",,0,03,","8.1",",,,0","0",",,,0"
"USC00020498","1981-05","33.09619","-111.2574","478.5","ASHURST HAYDEN DAM, AZ US","2",",0","2",",0","0",",0","0",",0","0",",0","","","19810531","+,,0","19810531","+,,0","","","19810528",",,0","0",",,0,31,+","0",",,0,31,+","5.3",",,0,28,","9.1",",,,0","0",",,,0"
"USC00020498","1981-06","33.09619","-111.2574","478.5","ASHURST HAYDEN DAM, AZ US","0",",0","0",",0","0",",0","0",",0","0",",0","","","19810630","+,,0","19810630","+,,0","","","19810630","+,,0","0",",,0,30,+","0",",,0,30,+","0.0",",,0,30,+","0.0",",,,0","0",",,,0"
"USC00020498","1981-07","33.09619","-111.2574","478.5","ASHURST HAYDEN DAM, AZ US","3",",0","3",",0","0",",0","0",",0","0",",0","","","19810731","+,,0","19810731","+,,0","","","19810716",",,0","0",",,0,31,+","0",",,0,31,+","13.2",",,0,16,","25.6",",,,0","0",",,,0"
"USC00020498","1981-08","33.09619","-111.2574","478.5","ASHURST HAYDEN DAM, AZ US","5",",0","4",",0","0",",0","0",",0","0",",0","","","19810831","+,,0","19810831","+,,0","","","19810808",",,0","0",",,0,31,+","0",",,0,31,+","14.0",",,0,08,","31.0",",,,0","0",",,,0"
"USC00020498","1981-09","33.09619","-111.2574","478.5","ASHURST HAYDEN DAM, AZ US","0",",0","0",",0","0",",0","0",",0","0",",0","","","19810930","+,,0","19810930","+,,0","","","19810930","+,,0","0",",,0,30,+","0",",,0,30,+","0.0",",,0,30,+","0.0",",,,0","0",",,,0"
"USC00020498","1981-10","33.09619","-111.2574","478.5","ASHURST HAYDEN DAM, AZ US","4",",0","2",",0","0",",0","0",",0","0",",0","","","19811031","+,,0","19811031","+,,0","","","19811003",",,0","0",",,0,31,+","0",",,0,31,+","11.4",",,0,03,","24.7",",,,0","0",",,,0"
"USC00020498","1981-11","33.09619","-111.2574","478.5","ASHURST HAYDEN DAM, AZ US","3",",0","3",",0","0",",0","0",",0","0",",0","","","19811130","+,,0","19811130","+,,0","","","19811129",",,0","0",",,0,30,+","0",",,0,30,+","22.9",",,0,29,","27.9",",,,0","0",",,,0"
"USC00020498","1981-12","33.09619","-111.2574","478.5","ASHURST HAYDEN DAM, AZ US","0",",0","0",",0","0",",0","0",",0","0",",0","","","19811231","+,,0","19811231","+,,0","","","19811231","+,,0","0",",,0,31,+","0",",,0,31,+","0.0",",,0,31,+","0.0",",,,0","0",",,,0"
"USC00020498","1982-01","33.09619","-111.2574","478.5","ASHURST HAYDEN DAM, AZ US","7",",0","4",",0","0",",0","0",",0","0",",0","","","19820131","+,,0","19820131","+,,0","","","19820122",",,0","0",",,0,31,+","0",",,0,31,+","16.5",",,0,22,","44.5",",,,0","0",",,,0"
"USC00020498","1982-02","33.09619","-111.2574","478.5","ASHURST HAYDEN DAM, AZ US","3",",0","3",",0","0",",0","0",",0","0",",0","","","19820228","+,,0","19820228","+,,0","","","19820212",",,0","0",",,0,28,+","0",",,0,28,+","17.3",",,0,12,","32.6",",,,0","0",",,,0"
"USC00020498","1982-03","33.09619","-111.2574","478.5","ASHURST HAYDEN DAM, AZ US","3","1,0","2","1,0","0","1,0","","","0","1,0","","","","","19820331","+,1,0","","","19820327",",1,0","","","0","1,,0,31,+","4.8","1,,0,27,","9.9","1,,,0","0","1,,,0"
"USC00020498","1982-04","33.09619","-111.2574","478.5","ASHURST HAYDEN DAM, AZ US","1",",0","0",",0","0",",0","","","0",",0","","","","","19820430","+,,0","","","19820407",",,0","","","0",",,0,30,+","1.3",",,0,07,","1.3",",,,0","0",",,,0"
"USC00020498","1982-05","33.09619","-111.2574","478.5","ASHURST HAYDEN DAM, AZ US","4",",0","3",",0","0",",0","0",",0","0",",0","","","19820531","+,,0","19820531","+,,0","","","19820503",",,0","0",",,0,31,+","0",",,0,31,+","8.9",",,0,03,","20.8",",,,0","0",",,,0"
"USC00020498","1982-06","33.09619","-111.2574","478.5","ASHURST HAYDEN DAM, AZ US","0",",0","0",",0","0",",0","0",",0","0",",0","","","19820630","+,,0","19820630","+,,0","","","19820630","+,,0","0",",,0,30,+","0",",,0,30,+","0.0",",,0,30,+","0.0",",,,0","0",",,,0"
"USC00020498","1982-07","33.09619","-111.2574","478.5","ASHURST HAYDEN DAM, AZ US","4",",0","2",",0","0",",0","0",",0","0",",0","","","19820731","+,,0","19820731","+,,0","","","19820707",",,0","0",",,0,31,+","0",",,0,31,+","8.4",",,0,07,","13.5",",,,0","0",",,,0"
"USC00020498","1982-08","33.09619","-111.2574","478.5","ASHURST HAYDEN DAM, AZ US","5",",0","4",",0","1",",0","0",",0","0",",0","","","19820831","+,,0","19820831","+,,0","","","19820812",",,0","0",",,0,31,+","0",",,0,31,+","39.4",",,0,12,","59.7",",,,0","0",",,,0"
"USC00020498","1982-09","33.09619","-111.2574","478.5","ASHURST HAYDEN DAM, AZ US","4",",0","3",",0","0",",0","0",",0","0",",0","","","19820930","+,,0","19820930","+,,0","","","19820912",",,0","0",",,0,30,+","0",",,0,30,+","19.1",",,0,12,","33.1",",,,0","0",",,,0"
"USC00020498","1982-10","33.09619","-111.2574","478.5","ASHURST HAYDEN DAM, AZ US","0",",0","0",",0","0",",0","0",",0","0",",0","","","19821031","+,,0","19821031","+,,0","","","19821031","+,,0","0",",,0,31,+","0",",,0,31,+","0.0",",,0,31,+","0.0",",,,0","0",",,,0"
"USC00020498","1982-11","33.09619","-111.2574","478.5","ASHURST HAYDEN DAM, AZ US","3",",0","3",",0","0",",0","0",",0","0",",0","","","19821130","+,,0","19821130","+,,0","","","19821118",",,0","0",",,0,30,+","0",",,0,30,+","17.8",",,0,18,","32.1",",,,0","0",",,,0"
"USC00020498","1982-12","33.09619","-111.2574","478.5","ASHURST HAYDEN DAM, AZ US","4",",0","4",",0","0",",0","0",",0","0",",0","","","19821231","+,,0","19821231","+,,0","","","19821201",",,0","0",",,0,31,+","0",",,0,31,+","15.2",",,0,01,","38.0",",,,0","0",",,,0"
"USC00020498","1983-01","33.09619","-111.2574","478.5","ASHURST HAYDEN DAM, AZ US","3",",0","3",",0","1",",0","0",",0","0",",0","","","19830131","+,,0","19830131","+,,0","","","19830130",",,0","0",",,0,31,+","0",",,0,31,+","30.5",",,0,30,","39.9",",,,0","0",",,,0"
"USC00020498","1983-02","33.09619","-111.2574","478.5","ASHURST HAYDEN DAM, AZ US","6",",0","5",",0","0",",0","0",",0","0",",0","","","19830228","+,,0","19830228","+,,0","","","19830209",",,0","0",",,0,28,+","0",",,0,28,+","10.7",",,0,09,","35.8",",,,0","0",",,,0"
"USC00020498","1983-03","33.09619","-111.2574","478.5","ASHURST HAYDEN DAM, AZ US","8",",0","7",",0","2",",0","0",",0","0",",0","","","19830331","+,,0","19830331","+,,0","","","19830319",",,0","0",",,0,31,+","0",",,0,31,+","44.5",",,0,19,","114.5",",,,0","0",",,,0"
"USC00020498","1983-04","33.09619","-111.2574","478.5","ASHURST HAYDEN DAM, AZ US","3",",0","1",",0","0",",0","0",",0","0",",0","","","19830430","+,,0","19830430","+,,0","","","19830421",",,0","0",",,0,30,+","0",",,0,30,+","8.1",",,0,21,","9.9",",,,0","0",",,,0"
"USC00020498","1983-05","33.09619","-111.2574","478.5","ASHURST HAYDEN DAM, AZ US","0",",0","0",",0","0",",0","0",",0","0",",0","","","19830531","+,,0","19830531","+,,0","","","19830531","+,,0","0",",,0,31,+","0",",,0,31,+","0.0",",,0,31,+","0.0",",,,0","0",",,,0"
"USC00020498","1983-06","33.09619","-111.2574","478.5","ASHURST HAYDEN DAM, AZ US","0",",0","0",",0","0",",0","0",",0","0",",0","","","19830630","+,,0","19830630","+,,0","","","19830630","+,,0","0",",,0,30,+","0",",,0,30,+","0.0",",,0,30,+","0.0",",,,0","0",",,,0"
"USC00020498","1983-07","33.09619","-111.2574","478.5","ASHURST HAYDEN DAM, AZ US","4",",0","2",",0","0",",0","0",",0","0",",0","","","19830731","+,,0","19830731","+,,0","","","19830709",",,0","0",",,0,31,+","0",",,0,31,+","15.2",",,0,09,","22.9",",,,0","0",",,,0"
"USC00020498","1983-08","33.09619","-111.2574","478.5","ASHURST HAYDEN DAM, AZ US","11",",0","8",",0","1",",0","0",",0","0",",0","","","19830831","+,,0","19830831","+,,0","","","19830810",",,0","0",",,0,31,+","0",",,0,31,+","50.8",",,0,10,","111.3",",,,0","0",",,,0"
"USC00020498","1983-09","33.09619","-111.2574","478.5","ASHURST HAYDEN DAM, AZ US","6",",0","4",",0","3",",0","0",",0","0",",0","","","19830930","+,,0","19830930","+,,0","","","19830930","+,,0","0",",,0,30,+","0",",,0,30,+","25.4",",,0,30,+","81.6",",,,0","0",",,,0"
"USC00020498","1983-10","33.09619","-111.2574","478.5","ASHURST HAYDEN DAM, AZ US","2",",0","1",",0","1",",0","0",",0","0",",0","","","19831031","+,,0","19831031","+,,0","","","19831001",",,0","0",",,0,31,+","0",",,0,31,+","25.4",",,0,01,","26.7",",,,0","0",",,,0"
"USC00020498","1983-11","33.09619","-111.2574","478.5","ASHURST HAYDEN DAM, AZ US","3",",0","3",",0","0",",0","0",",0","0",",0","","","19831130","+,,0","19831130","+,,0","","","19831121",",,0","0",",,0,30,+","0",",,0,30,+","14.0",",,0,21,","24.2",",,,0","0",",,,0"
"USC00020498","1983-12","33.09619","-111.2574","478.5","ASHURST HAYDEN DAM, AZ US","5",",0","5",",0","0",",0","0",",0","0",",0","","","19831231","+,,0","19831231","+,,0","","","19831202",",,0","0",",,0,31,+","0",",,0,31,+","15.7",",,0,02,","44.2",",,,0","0",",,,0"
"USC00020498","1984-01","33.09619","-111.2574","478.5","ASHURST HAYDEN DAM, AZ US","1",",0","1",",0","0",",0","0",",0","0",",0","","","19840131","+,,0","19840131","+,,0","","","19840106",",,0","0",",,0,31,+","0",",,0,31,+","15.2",",,0,06,","15.2",",,,0","0",",,,0"
"USC00020498","1984-02","33.09619","-111.2574","478.5","ASHURST HAYDEN DAM, AZ US","0",",0","0",",0","0",",0","0",",0","0",",0","","","19840229","+,,0","19840229","+,,0","","","19840229","+,,0","0",",,0,29,+","0",",,0,29,+","0.0",",,0,29,+","0.0",",,,0","0",",,,0"
"USC00020498","1984-03","33.09619","-111.2574","478.5","ASHURST HAYDEN DAM, AZ US","0",",0","0",",0","0",",0","0",",0","0",",0","","","19840331","+,,0","19840331","+,,0","","","19840331","+,,0","0",",,0,31,+","0",",,0,31,+","0.0",",,0,31,+","0.0",",,,0","0",",,,0"
"USC00020498","1984-04","33.09619","-111.2574","478.5","ASHURST HAYDEN DAM, AZ US","2",",0","2",",0","0",",0","0",",0","0",",0","","","19840430","+,,0","19840430","+,,0","","","19840407",",,0","0",",,0,30,+","0",",,0,30,+","11.2",",,0,07,","18.8",",,,0","0",",,,0"
"USC00020498","1984-05","33.09619","-111.2574","478.5","ASHURST HAYDEN DAM, AZ US","1",",0","0",",0","0",",0","0",",0","0",",0","","","19840531","+,,0","19840531","+,,0","","","19840515",",,0","0",",,0,31,+","0",",,0,31,+","1.0",",,0,15,","1.0",",,,0","0",",,,0"
"USC00020498","1984-06","33.09619","-111.2574","478.5","ASHURST HAYDEN DAM, AZ US","0",",0","0",",0","0",",0","0",",0","0",",0","","","19840630","+,,0","19840630","+,,0","","","19840630","+,,0","0",",,0,30,+","0",",,0,30,+","0.0",",,0,30,+","0.0",",,,0","0",",,,0"
"USC00020498","1984-07","33.09619","-111.2574","478.5","ASHURST HAYDEN DAM, AZ US","10",",0","9",",0","1",",0","0",",0","0",",0","","","19840731","+,,0","19840731","+,,0","","","19840722",",,0","0",",,0,31,+","0",",,0,31,+","29.2",",,0,22,","86.6",",,,0","0",",,,0"
"USC00020498","1984-08","33.09619","-111.2574","478.5","ASHURST HAYDEN DAM, AZ US","6",",0","6",",0","0",",0","0",",0","0",",0","","","19840831","+,,0","19840831","+,,0","","","19840811",",,0","0",",,0,31,+","0",",,0,31,+","14.0",",,0,11,","35.5",",,,0","0",",,,0"
"USC00020498","1984-09","33.09619","-111.2574","478.5","ASHURST HAYDEN DAM, AZ US","4",",0","4",",0","0",",0","0",",0","0",",0","","","19840930","+,,0","19840930","+,,0","","","19840922",",,0","0",",,0,30,+","0",",,0,30,+","14.0",",,0,22,","23.4",",,,0","0",",,,0"
"USC00020498","1984-10","33.09619","-111.2574","478.5","ASHURST HAYDEN DAM, AZ US","2",",0","2",",0","0",",0","0",",0","0",",0","","","19841031","+,,0","19841031","+,,0","","","19841002",",,0","0",",,0,31,+","0",",,0,31,+","15.2",",,0,02,","20.3",",,,0","0",",,,0"
"USC00020498","1984-11","33.09619","-111.2574","478.5","ASHURST HAYDEN DAM, AZ US","3",",0","2",",0","0",",0","0",",0","0",",0","","","19841130","+,,0","19841130","+,,0","","","19841124",",,0","0",",,0,30,+","0",",,0,30,+","4.3",",,0,24,","9.1",",,,0","0",",,,0"
"USC00020498","1984-12","33.09619","-111.2574","478.5","ASHURST HAYDEN DAM, AZ US","8",",0","7",",0","1",",0","0",",0","0",",0","","","19841231","+,,0","19841231","+,,0","","","19841228",",,0","0",",,0,31,+","0",",,0,31,+","36.1",",,0,28,","92.6",",,,0","0",",,,0"
"USC00020498","1985-01","33.09619","-111.2574","478.5","ASHURST HAYDEN DAM, AZ US","7",",0","4",",0","0",",0","0",",0","0",",0","","","19850131","+,,0","19850131","+,,0","","","19850126","+,,0","0",",,0,31,+","0",",,0,31,+","6.9",",,0,26,+","25.8",",,,0","0",",,,0"
"USC00020498","1985-02","33.09619","-111.2574","478.5","ASHURST HAYDEN DAM, AZ US","5",",0","4",",0","0",",0","","","","","","","","","","","","","19850222",",,0","","","","","7.9",",,0,22,","23.4",",,,0","",""
"USC00020498","1985-03","33.09619","-111.2574","478.5","ASHURST HAYDEN DAM, AZ US","3",",0","3",",0","0",",0","0",",0","0",",0","","","19850331","+,,0","19850331","+,,0","","","19850316","+,,0","0",",,0,31,+","0",",,0,31,+","7.6",",,0,16,+","17.7",",,,0","0",",,,0"
"USC00020498","1985-04","33.09619","-111.2574","478.5","ASHURST HAYDEN DAM, AZ US","1",",0","0",",0","0",",0","0",",0","0",",0","","","19850430","+,,0","19850430","+,,0","","","19850428",",,0","0",",,0,30,+","0",",,0,30,+","1.8",",,0,28,","1.8",",,,0","0",",,,0"
"USC00020498","1985-05","33.09619","-111.2574","478.5","ASHURST HAYDEN DAM, AZ US","0",",0","0",",0","0",",0","0",",0","0",",0","","","19850531","+,,0","19850531","+,,0","","","19850531","+,,0","0",",,0,31,+","0",",,0,31,+","0.0",",,0,31,+","0.0",",,,0","0",",,,0"
"USC00020498","1985-06","33.09619","-111.2574","478.5","ASHURST HAYDEN DAM, AZ US","0",",0","0",",0","0",",0","0",",0","0",",0","","","19850630","+,,0","19850630","+,,0","","","19850630","+,,0","0",",,0,30,+","0",",,0,30,+","0.0",",,0,30,+","0.0",",,,0","0",",,,0"
"USC00020498","1985-07","33.09619","-111.2574","478.5","ASHURST HAYDEN DAM, AZ US","3",",0","2",",0","0",",0","0",",0","0",",0","","","19850731","+,,0","19850731","+,,0","","","19850719",",,0","0",",,0,31,+","0",",,0,31,+","6.9",",,0,19,","13.0",",,,0","0",",,,0"
"USC00020498","1985-08","33.09619","-111.2574","478.5","ASHURST HAYDEN DAM, AZ US","5",",0","0",",0","0",",0","0",",0","0",",0","","","19850831","+,,0","19850831","+,,0","","","19850820",",,0","0",",,0,31,+","0",",,0,31,+","1.0",",,0,20,","3.0",",,,0","0",",,,0"
"USC00020498","1985-09","33.09619","-111.2574","478.5","ASHURST HAYDEN DAM, AZ US","6",",0","4",",0","1",",0","0",",0","0",",0","","","19850930","+,,0","19850930","+,,0","","","19850919",",,0","0",",,0,30,+","0",",,0,30,+","33.0",",,0,19,","71.1",",,,0","0",",,,0"
"USC00020498","1985-10","33.09619","-111.2574","478.5","ASHURST HAYDEN DAM, AZ US","3",",0","3",",0","0",",0","0",",0","0",",0","","","19851031","+,,0","19851031","+,,0","","","19851011",",,0","0",",,0,31,+","0",",,0,31,+","10.7",",,0,11,","16.5",",,,0","0",",,,0"
"USC00020498","1985-11","33.09619","-111.2574","478.5","ASHURST HAYDEN DAM, AZ US","3",",0","2",",0","1",",0","0",",0","0",",0","","","19851130","+,,0","19851130","+,,0","","","19851126",",,0","0",",,0,30,+","0",",,0,30,+","34.8",",,0,26,","47.5",",,,0","0",",,,0"
"USC00020498","1985-12","33.09619","-111.2574","478.5","ASHURST HAYDEN DAM, AZ US","1",",0","1",",0","0",",0","0",",0","0",",0","","","19851231","+,,0","19851231","+,,0","","","19851212",",,0","0",",,0,31,+","0",",,0,31,+","14.0",",,0,12,","14.0",",,,0","0",",,,0"
"USC00020498","1986-01","33.09619","-111.2574","478.5","ASHURST HAYDEN DAM, AZ US","0",",0","0",",0","0",",0","0",",0","0",",0","","","19860131","+,,0","19860131","+,,0","","","19860131",",,0","0",",,0,31,+","0",",,0,31,+","0.0",",T,0,31,","0.0",",T,,0","0",",,,0"
"USC00020498","1986-02","33.09619","-111.2574","478.5","ASHURST HAYDEN DAM, AZ US","6",",0","5",",0","0",",0","0",",0","0",",0","","","19860228","+,,0","19860228","+,,0","","","19860201",",,0","0",",,0,28,+","0",",,0,28,+","22.9",",,0,01,","53.9",",,,0","0",",,,0"
"USC00020498","1986-03","33.09619","-111.2574","478.5","ASHURST HAYDEN DAM, AZ US","5",",0","5",",0","0",",0","0",",0","0",",0","","","19860331","+,,0","19860331","+,,0","","","19860313",",,0","0",",,0,31,+","0",",,0,31,+","14.0",",,0,13,","47.0",",,,0","0",",,,0"
"USC00020498","1986-04","33.09619","-111.2574","478.5","ASHURST HAYDEN DAM, AZ US","0",",0","0",",0","0",",0","0",",0","0",",0","","","19860430","+,,0","19860430","+,,0","","","19860430","+,,0","0",",,0,30,+","0",",,0,30,+","0.0",",,0,30,+","0.0",",,,0","0",",,,0"
"USC00020498","1986-05","33.09619","-111.2574","478.5","ASHURST HAYDEN DAM, AZ US","0",",0","0",",0","0",",0","0",",0","0",",0","","","19860531","+,,0","19860531","+,,0","","","19860531","+,,0","0",",,0,31,+","0",",,0,31,+","0.0",",,0,31,+","0.0",",,,0","0",",,,0"
"USC00020498","1986-06","33.09619","-111.2574","478.5","ASHURST HAYDEN DAM, AZ US","1",",0","1",",0","0",",0","0",",0","0",",0","","","19860630","+,,0","19860630","+,,0","","","19860626",",,0","0",",,0,30,+","0",",,0,30,+","7.6",",,0,26,","7.6",",,,0","0",",,,0"
"USC00020498","1986-07","33.09619","-111.2574","478.5","ASHURST HAYDEN DAM, AZ US","4",",0","3",",0","0",",0","0",",0","0",",0","","","19860731","+,,0","19860731","+,,0","","","19860716",",,0","0",",,0,31,+","0",",,0,31,+","17.8",",,0,16,","30.5",",,,0","0",",,,0"
"USC00020498","1986-08","33.09619","-111.2574","478.5","ASHURST HAYDEN DAM, AZ US","6",",0","5",",0","0",",0","0",",0","0",",0","","","19860831","+,,0","19860831","+,,0","","","19860830",",,0","0",",,0,31,+","0",",,0,31,+","14.5",",,0,30,","46.4",",,,0","0",",,,0"
"USC00020498","1986-09","33.09619","-111.2574","478.5","ASHURST HAYDEN DAM, AZ US","1",",0","1",",0","0",",0","0",",0","0",",0","","","19860930","+,,0","19860930","+,,0","","","19860924",",,0","0",",,0,30,+","0",",,0,30,+","12.7",",,0,24,","12.7",",,,0","0",",,,0"
"USC00020498","1986-10","33.09619","-111.2574","478.5","ASHURST HAYDEN DAM, AZ US","3",",0","3",",0","0",",0","0",",0","0",",0","","","19861031","+,,0","19861031","+,,0","","","19861012",",,0","0",",,0,31,+","0",",,0,31,+","22.4",",,0,12,","35.1",",,,0","0",",,,0"
"USC00020498","1986-11","33.09619","-111.2574","478.5","ASHURST HAYDEN DAM, AZ US","1",",0","1",",0","0",",0","0",",0","0",",0","","","19861130","+,,0","19861130","+,,0","","","19861119",",,0","0",",,0,30,+","0",",,0,30,+","2.8",",,0,19,","2.8",",,,0","0",",,,0"
"USC00020498","1986-12","33.09619","-111.2574","478.5","ASHURST HAYDEN DAM, AZ US","4",",0","4",",0","1",",0","0",",0","0",",0","","","19861231","+,,0","19861231","+,,0","","","19861207",",,0","0",",,0,31,+","0",",,0,31,+","30.5",",,0,07,","57.2",",,,0","0",",,,0"
"USC00020498","1987-01","33.09619","-111.2574","478.5","ASHURST HAYDEN DAM, AZ US","4",",0","4",",0","0",",0","0",",0","0",",0","","","19870131","+,,0","19870131","+,,0","","","19870105",",,0","0",",,0,31,+","0",",,0,31,+","16.5",",,0,05,","37.4",",,,0","0",",,,0"
"USC00020498","1987-02","33.09619","-111.2574","478.5","ASHURST HAYDEN DAM, AZ US","4",",0","4",",0","1",",0","0",",0","0",",0","","","19870228","+,,0","19870228","+,,0","","","19870225",",,0","0",",,0,28,+","0",",,0,28,+","27.9",",,0,25,","69.8",",,,0","0",",,,0"
"USC00020498","1987-03","33.09619","-111.2574","478.5","ASHURST HAYDEN DAM, AZ US","1",",0","1",",0","0",",0","0",",0","0",",0","","","19870331","+,,0","19870331","+,,0","","","19870316",",,0","0",",,0,31,+","0",",,0,31,+","11.4",",,0,16,","11.4",",,,0","0",",,,0"
"USC00020498","1987-04","33.09619","-111.2574","478.5","ASHURST HAYDEN DAM, AZ US","1",",0","0",",0","0",",0","0",",0","0",",0","","","19870430","+,,0","19870430","+,,0","","","19870430",",,0","0",",,0,30,+","0",",,0,30,+","1.8",",,0,30,","1.8",",,,0","0",",,,0"
"USC00020498","1987-05","33.09619","-111.2574","478.5","ASHURST HAYDEN DAM, AZ US","1",",0","0",",0","0",",0","0",",0","0",",0","","","19870531","+,,0","19870531","+,,0","","","19870513",",,0","0",",,0,31,+","0",",,0,31,+","1.3",",,0,13,","1.3",",,,0","0",",,,0"
"USC00020498","1987-06","33.09619","-111.2574","478.5","ASHURST HAYDEN DAM, AZ US","0",",0","0",",0","0",",0","0",",0","0",",0","","","19870630","+,,0","19870630","+,,0","","","19870630","+,,0","0",",,0,30,+","0",",,0,30,+","0.0",",,0,30,+","0.0",",,,0","0",",,,0"
"USC00020498","1987-07","33.09619","-111.2574","478.5","ASHURST HAYDEN DAM, AZ US","2",",0","1",",0","0",",0","0",",0","0",",0","","","19870731","+,,0","19870731","+,,0","","","19870728",",,0","0",",,0,31,+","0",",,0,31,+","2.5",",,0,28,","3.3",",,,0","0",",,,0"
"USC00020498","1987-08","33.09619","-111.2574","478.5","ASHURST HAYDEN DAM, AZ US","2",",0","2",",0","0",",0","0",",0","0",",0","","","19870831","+,,0","19870831","+,,0","","","19870811",",,0","0",",,0,31,+","0",",,0,31,+","15.2",",,0,11,","17.7",",,,0","0",",,,0"
"USC00020498","1987-10","33.09619","-111.2574","478.5","ASHURST HAYDEN DAM, AZ US","3",",0","0",",0","0",",0","0",",0","0",",0","","","19871031","+,,0","19871031","+,,0","","","19871030","+,,0","0",",,0,31,+","0",",,0,31,+","1.3",",,0,30,+","3.1",",,,0","0",",,,0"
"USC00020498","1987-11","33.09619","-111.2574","478.5","ASHURST HAYDEN DAM, AZ US","3",",0","2",",0","1",",0","0",",0","0",",0","","","19871130","+,,0","19871130","+,,0","","","19871102",",,0","0",",,0,30,+","0",",,0,30,+","26.7",",,0,02,","41.7",",,,0","0",",,,0"
"USC00020498","1987-12","33.09619","-111.2574","478.5","ASHURST HAYDEN DAM, AZ US","2",",0","2",",0","1",",0","0",",0","0",",0","","","19871231","+,,0","19871231","+,,0","","","19871219",",,0","0",",,0,31,+","0",",,0,31,+","32.3",",,0,19,","36.1",",,,0","0",",,,0"
"USC00020498","1988-01","33.09619","-111.2574","478.5","ASHURST HAYDEN DAM, AZ US","3",",0","3",",0","0",",0","0",",0","0",",0","","","19880131","+,,0","19880131","+,,0","","","19880118",",,0","0",",,0,31,+","0",",,0,31,+","20.6",",,0,18,","28.0",",,,0","0",",,,0"
"USC00020498","1988-02","33.09619","-111.2574","478.5","ASHURST HAYDEN DAM, AZ US","1",",0","1",",0","0",",0","0",",0","0",",0","","","19880229","+,,0","19880229","+,,0","","","19880205",",,0","0",",,0,29,+","0",",,0,29,+","5.8",",,0,05,","5.8",",,,0","0",",,,0"
"USC00020498","1988-03","33.09619","-111.2574","478.5","ASHURST HAYDEN DAM, AZ US","0",",0","0",",0","0",",0","0",",0","0",",0","","","19880331","+,,0","19880331","+,,0","","","19880331","+,,0","0",",,0,31,+","0",",,0,31,+","0.0",",,0,31,+","0.0",",,,0","0",",,,0"
"USC00020498","1988-04","33.09619","-111.2574","478.5","ASHURST HAYDEN DAM, AZ US","5",",0","4",",0","1",",0","0",",0","0",",0","","","19880430","+,,0","19880430","+,,0","","","19880416",",,0","0",",,0,30,+","0",",,0,30,+","27.9",",,0,16,","52.1",",,,0","0",",,,0"
"USC00020498","1988-05","33.09619","-111.2574","478.5","ASHURST HAYDEN DAM, AZ US","0",",0","0",",0","0",",0","0",",0","0",",0","","","19880531","+,,0","19880531","+,,0","","","19880531","+,,0","0",",,0,31,+","0",",,0,31,+","0.0",",,0,31,+","0.0",",,,0","0",",,,0"
"USC00020498","1988-06","33.09619","-111.2574","478.5","ASHURST HAYDEN DAM, AZ US","0",",0","0",",0","0",",0","0",",0","0",",0","","","19880630","+,,0","19880630","+,,0","","","19880630","+,,0","0",",,0,30,+","0",",,0,30,+","0.0",",,0,30,+","0.0",",,,0","0",",,,0"
"USC00020498","1988-07","33.09619","-111.2574","478.5","ASHURST HAYDEN DAM, AZ US","3",",0","3",",0","0",",0","0",",0","0",",0","","","19880731","+,,0","19880731","+,,0","","","19880730",",,0","0",",,0,31,+","0",",,0,31,+","16.5",",,0,30,","27.2",",,,0","0",",,,0"
"USC00020498","1988-08","33.09619","-111.2574","478.5","ASHURST HAYDEN DAM, AZ US","4",",0","4",",0","1",",0","0",",0","0",",0","","","19880831","+,,0","19880831","+,,0","","","19880829",",,0","0",",,0,31,+","0",",,0,31,+","27.9",",,0,29,","46.2",",,,0","0",",,,0"
"USC00020498","1988-09","33.09619","-111.2574","478.5","ASHURST HAYDEN DAM, AZ US","0",",0","0",",0","0",",0","0",",0","0",",0","","","19880930","+,,0","19880930","+,,0","","","19880930","+,,0","0",",,0,30,+","0",",,0,30,+","0.0",",,0,30,+","0.0",",,,0","0",",,,0"
"USC00020498","1988-10","33.09619","-111.2574","478.5","ASHURST HAYDEN DAM, AZ US","3",",0","3",",0","0",",0","0",",0","0",",0","","","19881031","+,,0","19881031","+,,0","","","19881011",",,0","0",",,0,31,+","0",",,0,31,+","5.6",",,0,11,","11.9",",,,0","0",",,,0"
"USC00020498","1988-11","33.09619","-111.2574","478.5","ASHURST HAYDEN DAM, AZ US","2",",0","2",",0","0",",0","0",",0","0",",0","","","19881130","+,,0","19881130","+,,0","","","19881126",",,0","0",",,0,30,+","0",",,0,30,+","13.2",",,0,26,","17.8",",,,0","0",",,,0"
"USC00020498","1988-12","33.09619","-111.2574","478.5","ASHURST HAYDEN DAM, AZ US","0",",0","0",",0","0",",0","0",",0","0",",0","","","19881231","+,,0","19881231","+,,0","","","19881226","+,,0","0",",,0,31,+","0",",,0,31,+","0.0",",T,0,26,+","0.0",",T,,0","0",",,,0"
"USC00020498","1989-01","33.09619","-111.2574","478.5","ASHURST HAYDEN DAM, AZ US","4",",0","1",",0","1",",0","0",",0","0",",0","","","19890131","+,,0","19890131","+,,0","","","19890104",",,0","0",",,0,31,+","0",",,0,31,+","30.5",",,0,04,","33.3",",,,0","0",",,,0"
"USC00020498","1989-02","33.09619","-111.2574","478.5","ASHURST HAYDEN DAM, AZ US","0",",0","0",",0","0",",0","0",",0","0",",0","","","19890228","+,,0","19890228","+,,0","","","19890228","+,,0","0",",,0,28,+","0",",,0,28,+","0.0",",,0,28,+","0.0",",,,0","0",",,,0"
"USC00020498","1989-03","33.09619","-111.2574","478.5","ASHURST HAYDEN DAM, AZ US","2",",0","2",",0","0",",0","0",",0","0",",0","","","19890331","+,,0","19890331","+,,0","","","19890327",",,0","0",",,0,31,+","0",",,0,31,+","17.5",",,0,27,","27.7",",,,0","0",",,,0"
"USC00020498","1989-04","33.09619","-111.2574","478.5","ASHURST HAYDEN DAM, AZ US","0",",0","0",",0","0",",0","0",",0","0",",0","","","19890430","+,,0","19890430","+,,0","","","19890430","+,,0","0",",,0,30,+","0",",,0,30,+","0.0",",,0,30,+","0.0",",,,0","0",",,,0"
"USC00020498","1989-05","33.09619","-111.2574","478.5","ASHURST HAYDEN DAM, AZ US","1",",0","1",",0","0",",0","0",",0","0",",0","","","19890531","+,,0","19890531","+,,0","","","19890518",",,0","0",",,0,31,+","0",",,0,31,+","2.5",",,0,18,","2.5",",,,0","0",",,,0"
"USC00020498","1989-06","33.09619","-111.2574","478.5","ASHURST HAYDEN DAM, AZ US","0",",0","0",",0","0",",0","0",",0","0",",0","","","19890630","+,,0","19890630","+,,0","","","19890630","+,,0","0",",,0,30,+","0",",,0,30,+","0.0",",,0,30,+","0.0",",,,0","0",",,,0"
"USC00020498","1989-07","33.09619","-111.2574","478.5","ASHURST HAYDEN DAM, AZ US","4",",0","2",",0","0",",0","0",",0","0",",0","","","19890731","+,,0","19890731","+,,0","","","19890710",",,0","0",",,0,31,+","0",",,0,31,+","8.9",",,0,10,","17.5",",,,0","0",",,,0"
"USC00020498","1989-08","33.09619","-111.2574","478.5","ASHURST HAYDEN DAM, AZ US","1",",0","1",",0","0",",0","0",",0","0",",0","","","19890831","+,,0","19890831","+,,0","","","19890806",",,0","0",",,0,31,+","0",",,0,31,+","5.1",",,0,06,","5.1",",,,0","0",",,,0"
"USC00020498","1989-09","33.09619","-111.2574","478.5","ASHURST HAYDEN DAM, AZ US","0",",0","0",",0","0",",0","0",",0","0",",0","","","19890930","+,,0","19890930","+,,0","","","19890930","+,,0","0",",,0,30,+","0",",,0,30,+","0.0",",,0,30,+","0.0",",,,0","0",",,,0"
"USC00020498","1989-10","33.09619","-111.2574","478.5","ASHURST HAYDEN DAM, AZ US","3",",0","1",",0","0",",0","0",",0","0",",0","","","19891031","+,,0","19891031","+,,0","","","19891005",",,0","0",",,0,31,+","0",",,0,31,+","16.5",",,0,05,","20.3",",,,0","0",",,,0"
"USC00020498","1989-11","33.09619","-111.2574","478.5","ASHURST HAYDEN DAM, AZ US","2",",0","1",",0","0",",0","0",",0","0",",0","","","19891130","+,,0","19891130","+,,0","","","19891121",",,0","0",",,0,30,+","0",",,0,30,+","3.0",",,0,21,","3.8",",,,0","0",",,,0"
"USC00020498","1989-12","33.09619","-111.2574","478.5","ASHURST HAYDEN DAM, AZ US","1",",0","1",",0","0",",0","0",",0","0",",0","","","19891231","+,,0","19891231","+,,0","","","19891229",",,0","0",",,0,31,+","0",",,0,31,+","7.4",",,0,29,","7.4",",,,0","0",",,,0"
"USC00020498","1990-01","33.09619","-111.2574","478.5","ASHURST HAYDEN DAM, AZ US","2",",0","2",",0","0",",0","0",",0","0",",0","","","19900131","+,,0","19900131","+,,0","","","19900103",",,0","0",",,0,31,+","0",",,0,31,+","13.7",",,0,03,","20.8",",,,0","0",",,,0"
"USC00020498","1990-02","33.09619","-111.2574","478.5","ASHURST HAYDEN DAM, AZ US","5",",0","4",",0","0",",0","0",",0","0",",0","","","19900228","+,,0","19900228","+,,0","","","19900219",",,0","0",",,0,28,+","0",",,0,28,+","16.8",",,0,19,","40.4",",,,0","0",",,,0"
"USC00020498","1990-03","33.09619","-111.2574","478.5","ASHURST HAYDEN DAM, AZ US","4",",0","3",",0","0",",0","0",",0","0",",0","","","19900331","+,,0","19900331","+,,0","","","19900330","+,,0","0",",,0,31,+","0",",,0,31,+","15.2",",,0,30,+","36.0",",,,0","0",",,,0"
"USC00020498","1990-04","33.09619","-111.2574","478.5","ASHURST HAYDEN DAM, AZ US","1",",0","1",",0","0",",0","0",",0","0",",0","","","19900430","+,,0","19900430","+,,0","","","19900425",",,0","0",",,0,30,+","0",",,0,30,+","24.9",",,0,25,","24.9",",,,0","0",",,,0"
"USC00020498","1990-05","33.09619","-111.2574","478.5","ASHURST HAYDEN DAM, AZ US","1",",0","1",",0","0",",0","0",",0","0",",0","","","19900531","+,,0","19900531","+,,0","","","19900529",",,0","0",",,0,31,+","0",",,0,31,+","6.6",",,0,29,","6.6",",,,0","0",",,,0"
"USC00020498","1990-06","33.09619","-111.2574","478.5","ASHURST HAYDEN DAM, AZ US","1",",0","1",",0","0",",0","0",",0","0",",0","","","19900630","+,,0","19900630","+,,0","","","19900610",",,0","0",",,0,30,+","0",",,0,30,+","3.0",",,0,10,","3.0",",,,0","0",",,,0"
"USC00020498","1990-07","33.09619","-111.2574","478.5","ASHURST HAYDEN DAM, AZ US","5",",0","4",",0","1",",0","0",",0","0",",0","","","19900731","+,,0","19900731","+,,0","","","19900715",",,0","0",",,0,31,+","0",",,0,31,+","30.5",",,0,15,","52.3",",,,0","0",",,,0"
"USC00020498","1990-08","33.09619","-111.2574","478.5","ASHURST HAYDEN DAM, AZ US","5",",0","5",",0","2",",0","0",",0","0",",0","","","19900831","+,,0","19900831","+,,0","","","19900815",",,0","0",",,0,31,+","0",",,0,31,+","48.3",",,0,15,","113.0",",,,0","0",",,,0"
"USC00020498","1990-09","33.09619","-111.2574","478.5","ASHURST HAYDEN DAM, AZ US","2",",0","1",",0","0",",0","0",",0","0",",0","","","19900930","+,,0","19900930","+,,0","","","19900906",",,0","0",",,0,30,+","0",",,0,30,+","7.4",",,0,06,","7.9",",,,0","0",",,,0"
"USC00020498","1990-10","33.09619","-111.2574","478.5","ASHURST HAYDEN DAM, AZ US","0",",0","0",",0","0",",0","0",",0","0",",0","","","19901031","+,,0","19901031","+,,0","","","19901031","+,,0","0",",,0,31,+","0",",,0,31,+","0.0",",,0,31,+","0.0",",,,0","0",",,,0"
"USC00020498","1990-11","33.09619","-111.2574","478.5","ASHURST HAYDEN DAM, AZ US","2",",0","2",",0","0",",0","0",",0","0",",0","","","19901130","+,,0","19901130","+,,0","","","19901126",",,0","0",",,0,30,+","0",",,0,30,+","8.4",",,0,26,","16.0",",,,0","0",",,,0"
"USC00020498","1990-12","33.09619","-111.2574","478.5","ASHURST HAYDEN DAM, AZ US","9",",0","7",",0","1",",0","0",",0","0",",0","","","19901231","+,,0","19901231","+,,0","","","19901216",",,0","0",",,0,31,+","0",",,0,31,+","29.0",",,0,16,","89.9",",,,0","0",",,,0"
"USC00020498","1991-01","33.09619","-111.2574","478.5","ASHURST HAYDEN DAM, AZ US","4",",0","4",",0","0",",0","0",",0","0",",0","","","19910131","+,,0","19910131","+,,0","","","19910106",",,0","0",",,0,31,+","0",",,0,31,+","21.6",",,0,06,","36.4",",,,0","0",",,,0"
"USC00020498","1991-02","33.09619","-111.2574","478.5","ASHURST HAYDEN DAM, AZ US","3",",0","1",",0","0",",0","0",",0","0",",0","","","19910228","+,,0","19910228","+,,0","","","19910218",",,0","0",",,0,28,+","0",",,0,28,+","4.1",",,0,18,","6.6",",,,0","0",",,,0"
"USC00020498","1991-03","33.09619","-111.2574","478.5","ASHURST HAYDEN DAM, AZ US","7",",0","7",",0","0",",0","0",",0","0",",0","","","19910331","+,,0","19910331","+,,0","","","19910316",",,0","0",",,0,31,+","0",",,0,31,+","24.4",",,0,16,","85.1",",,,0","0",",,,0"
"USC00020498","1991-04","33.09619","-111.2574","478.5","ASHURST HAYDEN DAM, AZ US","0",",0","0",",0","0",",0","0",",0","0",",0","","","19910430","+,,0","19910430","+,,0","","","19910430","+,,0","0",",,0,30,+","0",",,0,30,+","0.0",",,0,30,+","0.0",",,,0","0",",,,0"
"USC00020498","1991-05","33.09619","-111.2574","478.5","ASHURST HAYDEN DAM, AZ US","0",",0","0",",0","0",",0","0",",0","0",",0","","","19910531","+,,0","19910531","+,,0","","","19910531","+,,0","0",",,0,31,+","0",",,0,31,+","0.0",",,0,31,+","0.0",",,,0","0",",,,0"
"USC00020498","1991-06","33.09619","-111.2574","478.5","ASHURST HAYDEN DAM, AZ US","0",",0","0",",0","0",",0","0",",0","0",",0","","","19910630","+,,0","19910630","+,,0","","","19910630","+,,0","0",",,0,30,+","0",",,0,30,+","0.0",",,0,30,+","0.0",",,,0","0",",,,0"
"USC00020498","1991-07","33.09619","-111.2574","478.5","ASHURST HAYDEN DAM, AZ US","3",",0","0",",0","0",",0","0",",0","0",",0","","","19910731","+,,0","19910731","+,,0","","","19910720",",,0","0",",,0,31,+","0",",,0,31,+","1.5",",,0,20,","3.1",",,,0","0",",,,0"
"USC00020498","1991-08","33.09619","-111.2574","478.5","ASHURST HAYDEN DAM, AZ US","3",",0","1",",0","0",",0","0",",0","0",",0","","","19910831","+,,0","19910831","+,,0","","","19910814",",,0","0",",,0,31,+","0",",,0,31,+","6.4",",,0,14,","9.7",",,,0","0",",,,0"
"USC00020498","1991-09","33.09619","-111.2574","478.5","ASHURST HAYDEN DAM, AZ US","4",",0","3",",0","0",",0","0",",0","0",",0","","","19910930","+,,0","19910930","+,,0","","","19910905",",,0","0",",,0,30,+","0",",,0,30,+","12.4",",,0,05,","23.0",",,,0","0",",,,0"
"USC00020498","1991-10","33.09619","-111.2574","478.5","ASHURST HAYDEN DAM, AZ US","2",",0","1",",0","0",",0","0",",0","0",",0","","","19911031","+,,0","19911031","+,,0","","","19911027",",,0","0",",,0,31,+","0",",,0,31,+","15.7",",,0,27,","16.2",",,,0","0",",,,0"
"USC00020498","1991-11","33.09619","-111.2574","478.5","ASHURST HAYDEN DAM, AZ US","4",",0","4",",0","0",",0","0",",0","0",",0","","","19911130","+,,0","19911130","+,,0","","","19911129",",,0","0",",,0,30,+","0",",,0,30,+","12.7",",,0,29,","27.7",",,,0","0",",,,0"
"USC00020498","1991-12","33.09619","-111.2574","478.5","ASHURST HAYDEN DAM, AZ US","8",",0","6",",0","0",",0","0",",0","0",",0","","","19911231","+,,0","19911231","+,,0","4","","19911219","+,,0","0",",,0,31,+","0",",,0,31,+","15.2",",,0,19,+","59.6",",,,0","0",",,,0"
"USC00020498","1992-01","33.09619","-111.2574","478.5","ASHURST HAYDEN DAM, AZ US","8",",0","6",",0","1",",0","0",",0","0",",0","6","","19920131","+,,0","19920131","+,,0","","","19920107",",,0","0",",,0,31,+","0",",,0,31,+","25.4",",,0,07,","42.3",",,,0","0",",,,0"
"USC00020498","1992-02","33.09619","-111.2574","478.5","ASHURST HAYDEN DAM, AZ US","3","2,0","1","2,0","0","2,0","0",",0","0",",0","","","19920229","+,,0","19920229","+,,0","","","19920208",",2,0","0",",,0,29,+","0",",,0,29,+","15.0","2,,0,08,","41.9",",a,,0","0",",,,0"
"USC00020498","1992-03","33.09619","-111.2574","478.5","ASHURST HAYDEN DAM, AZ US","12",",0","8",",0","0",",0","0",",0","0",",0","","","19920331","+,,0","19920331","+,,0","","","19920303",",,0","0",",,0,31,+","0",",,0,31,+","21.8",",,0,03,","90.7",",,,0","0",",,,0"
"USC00020498","1992-04","33.09619","-111.2574","478.5","ASHURST HAYDEN DAM, AZ US","0","2,0","0","2,0","0","2,0","0",",0","0",",0","","","19920430","+,,0","19920430","+,,0","","","19920430","+,2,0","0",",,0,30,+","0",",,0,30,+","0.0","2,,0,30,+","0.0","2,,,0","0",",,,0"
"USC00020498","1992-05","33.09619","-111.2574","478.5","ASHURST HAYDEN DAM, AZ US","3",",0","2",",0","0",",0","0",",0","0",",0","","","19920531","+,,0","19920531","+,,0","2","","19920521",",,0","0",",,0,31,+","0",",,0,31,+","13.7",",,0,21,","18.1",",,,0","0",",,,0"
"USC00020498","1992-06","33.09619","-111.2574","478.5","ASHURST HAYDEN DAM, AZ US","0",",0","0",",0","0",",0","0",",0","0",",0","","","19920630","+,,0","19920630","+,,0","","","19920630","+,,0","0",",,0,30,+","0",",,0,30,+","0.0",",,0,30,+","0.0",",,,0","0",",,,0"
"USC00020498","1992-07","33.09619","-111.2574","478.5","ASHURST HAYDEN DAM, AZ US","3",",0","2",",0","1",",0","0",",0","0",",0","","","19920731","+,,0","19920731","+,,0","","","19920711",",,0","0",",,0,31,+","0",",,0,31,+","29.2",",,0,11,","41.1",",,,0","0",",,,0"
"USC00020498","1992-08","33.09619","-111.2574","478.5","ASHURST HAYDEN DAM, AZ US","7",",0","5",",0","1",",0","0",",0","0",",0","","","19920831","+,,0","19920831","+,,0","","","19920823",",,0","0",",,0,31,+","0",",,0,31,+","25.4",",,0,23,","90.7",",,,0","0",",,,0"
"USC00020498","1992-09","33.09619","-111.2574","478.5","ASHURST HAYDEN DAM, AZ US","0",",0","0",",0","0",",0","0",",0","0",",0","","","19920930","+,,0","19920930","+,,0","","","19920920",",,0","0",",,0,30,+","0",",,0,30,+","0.0",",T,0,20,","0.0",",T,,0","0",",,,0"
"USC00020498","1992-10","33.09619","-111.2574","478.5","ASHURST HAYDEN DAM, AZ US","2",",0","2",",0","0",",0","0",",0","0",",0","","","19921031","+,,0","19921031","+,,0","","","19921028","+,,0","0",",,0,31,+","0",",,0,31,+","2.5",",,0,28,+","5.0",",,,0","0",",,,0"
"USC00020498","1992-11","33.09619","-111.2574","478.5","ASHURST HAYDEN DAM, AZ US","0",",0","0",",0","0",",0","0",",0","0",",0","","","19921130","+,,0","19921130","+,,0","","","19921130","+,,0","0",",,0,30,+","0",",,0,30,+","0.0",",,0,30,+","0.0",",,,0","0",",,,0"
"USC00020498","1992-12","33.09619","-111.2574","478.5","ASHURST HAYDEN DAM, AZ US","2",",0","2",",0","1",",0","0",",0","0",",0","","","19921231","+,,0","19921231","+,,0","","","19921228",",,0","0",",,0,31,+","0",",,0,31,+","29.5",",,0,28,","41.4",",,,0","0",",,,0"
"USC00020498","1993-01","33.09619","-111.2574","478.5","ASHURST HAYDEN DAM, AZ US","7",",0","6",",0","2",",0","0",",0","0",",0","","","19930131","+,,0","19930131","+,,0","","","19930118",",,0","0",",,0,31,+","0",",,0,31,+","27.9",",,0,18,","93.7",",,,0","0",",,,0"
"USC00020498","1993-02","33.09619","-111.2574","478.5","ASHURST HAYDEN DAM, AZ US","8",",0","7",",0","0",",0","0",",0","0",",0","","","19930228","+,,0","19930228","+,,0","","","19930210",",,0","0",",,0,28,+","0",",,0,28,+","19.6",",,0,10,","63.9",",,,0","0",",,,0"
"USC00020498","1993-03","33.09619","-111.2574","478.5","ASHURST HAYDEN DAM, AZ US","3",",0","2",",0","0",",0","0",",0","0",",0","","","19930331","+,,0","19930331","+,,0","","","19930327",",,0","0",",,0,31,+","0",",,0,31,+","21.6",",,0,27,","30.0",",,,0","0",",,,0"
"USC00020498","1993-04","33.09619","-111.2574","478.5","ASHURST HAYDEN DAM, AZ US","0",",0","0",",0","0",",0","0",",0","0",",0","","","19930430","+,,0","19930430","+,,0","","","19930430","+,,0","0",",,0,30,+","0",",,0,30,+","0.0",",,0,30,+","0.0",",,,0","0",",,,0"
"USC00020498","1993-05","33.09619","-111.2574","478.5","ASHURST HAYDEN DAM, AZ US","1",",0","1",",0","0",",0","0",",0","0",",0","","","19930531","+,,0","19930531","+,,0","","","19930523",",,0","0",",,0,31,+","0",",,0,31,+","3.6",",,0,23,","3.6",",,,0","0",",,,0"
"USC00020498","1993-06","33.09619","-111.2574","478.5","ASHURST HAYDEN DAM, AZ US","0",",0","0",",0","0",",0","0",",0","0",",0","","","19930630","+,,0","19930630","+,,0","","","19930630","+,,0","0",",,0,30,+","0",",,0,30,+","0.0",",,0,30,+","0.0",",,,0","0",",,,0"
"USC00020498","1993-07","33.09619","-111.2574","478.5","ASHURST HAYDEN DAM, AZ US","0",",0","0",",0","0",",0","0",",0","0",",0","","","19930731","+,,0","19930731","+,,0","","","19930711",",,0","0",",,0,31,+","0",",,0,31,+","0.0",",T,0,11,","0.0",",T,,0","0",",,,0"
"USC00020498","1993-08","33.09619","-111.2574","478.5","ASHURST HAYDEN DAM, AZ US","9",",0","7",",0","2",",0","0",",0","0",",0","","","19930831","+,,0","19930831","+,,0","","","19930829",",,0","0",",,0,31,+","0",",,0,31,+","45.7",",,0,29,","134.1",",,,0","0",",,,0"
"USC00020498","1993-09","33.09619","-111.2574","478.5","ASHURST HAYDEN DAM, AZ US","1",",0","0",",0","0",",0","0",",0","0",",0","","","19930930","+,,0","19930930","+,,0","","","19930913",",,0","0",",,0,30,+","0",",,0,30,+","0.5",",,0,13,","0.5",",,,0","0",",,,0"
"USC00020498","1993-10","33.09619","-111.2574","478.5","ASHURST HAYDEN DAM, AZ US","2",",0","1",",0","0",",0","0",",0","0",",0","","","19931031","+,,0","19931031","+,,0","","","19931007",",,0","0",",,0,31,+","0",",,0,31,+","8.9",",,0,07,","10.2",",,,0","0",",,,0"
"USC00020498","1993-11","33.09619","-111.2574","478.5","ASHURST HAYDEN DAM, AZ US","3",",0","3",",0","2",",0","0",",0","0",",0","","","19931130","+,,0","19931130","+,,0","","","19931114",",,0","0",",,0,30,+","0",",,0,30,+","40.6",",,0,14,","99.5",",,,0","0",",,,0"
"USC00020498","1993-12","33.09619","-111.2574","478.5","ASHURST HAYDEN DAM, AZ US","0",",0","0",",0","0",",0","0",",0","0",",0","","","19931231","+,,0","19931231","+,,0","","","19931231","+,,0","0",",,0,31,+","0",",,0,31,+","0.0",",,0,31,+","0.0",",,,0","0",",,,0"
"USC00020498","1994-01","33.09619","-111.2574","478.5","ASHURST HAYDEN DAM, AZ US","2",",0","0",",0","0",",0","0",",0","0",",0","","","19940131","+,,0","19940131","+,,0","","","19940128",",,0","0",",,0,31,+","0",",,0,31,+","1.5",",,0,28,","2.0",",,,0","0",",,,0"
"USC00020498","1994-02","33.09619","-111.2574","478.5","ASHURST HAYDEN DAM, AZ US","2",",0","2",",0","1",",0","0",",0","0",",0","","","19940228","+,,0","19940228","+,,0","","","19940208",",,0","0",",,0,28,+","0",",,0,28,+","31.0",",,0,08,","35.1",",,,0","0",",,,0"
"USC00020498","1994-03","33.09619","-111.2574","478.5","ASHURST HAYDEN DAM, AZ US","4",",0","4",",0","1",",0","0",",0","0",",0","","","19940331","+,,0","19940331","+,,0","","","19940308",",,0","0",",,0,31,+","0",",,0,31,+","33.0",",,0,08,","59.1",",,,0","0",",,,0"
"USC00020498","1994-04","33.09619","-111.2574","478.5","ASHURST HAYDEN DAM, AZ US","2",",0","2",",0","0",",0","0",",0","0",",0","","","19940430","+,,0","19940430","+,,0","","","19940427",",,0","0",",,0,30,+","0",",,0,30,+","9.7",",,0,27,","14.3",",,,0","0",",,,0"
"USC00020498","1994-05","33.09619","-111.2574","478.5","ASHURST HAYDEN DAM, AZ US","2",",0","1",",0","0",",0","0",",0","0",",0","","","19940531","+,,0","19940531","+,,0","","","19940525",",,0","0",",,0,31,+","0",",,0,31,+","12.2",",,0,25,","13.5",",,,0","0",",,,0"
"USC00020498","1994-06","33.09619","-111.2574","478.5","ASHURST HAYDEN DAM, AZ US","1",",0","0",",0","0",",0","0",",0","0",",0","","","19940630","+,,0","19940630","+,,0","","","19940620",",,0","0",",,0,30,+","0",",,0,30,+","1.3",",,0,20,","1.3",",,,0","0",",,,0"
"USC00020498","1994-07","33.09619","-111.2574","478.5","ASHURST HAYDEN DAM, AZ US","1",",0","1",",0","0",",0","0",",0","0",",0","","","19940731","+,,0","19940731","+,,0","","","19940729",",,0","0",",,0,31,+","0",",,0,31,+","14.5",",,0,29,","14.5",",,,0","0",",,,0"
"USC00020498","1994-08","33.09619","-111.2574","478.5","ASHURST HAYDEN DAM, AZ US","1",",0","0",",0","0",",0","0",",0","0",",0","","","19940831","+,,0","19940831","+,,0","","","19940820",",,0","0",",,0,31,+","0",",,0,31,+","0.5",",,0,20,","0.5",",,,0","0",",,,0"
"USC00020498","1994-09","33.09619","-111.2574","478.5","ASHURST HAYDEN DAM, AZ US","3",",0","1",",0","1",",0","0",",0","0",",0","","","19940930","+,,0","19940930","+,,0","","","19940903",",,0","0",",,0,30,+","0",",,0,30,+","25.4",",,0,03,","26.5",",,,0","0",",,,0"
"USC00020498","1994-10","33.09619","-111.2574","478.5","ASHURST HAYDEN DAM, AZ US","2",",0","2",",0","0",",0","0",",0","0",",0","","","19941031","+,,0","19941031","+,,0","","","19941015",",,0","0",",,0,31,+","0",",,0,31,+","21.3",",,0,15,","37.6",",,,0","0",",,,0"
"USC00020498","1994-11","33.09619","-111.2574","478.5","ASHURST HAYDEN DAM, AZ US","2",",0","1",",0","0",",0","0",",0","0",",0","","","19941130","+,,0","19941130","+,,0","","","19941112",",,0","0",",,0,30,+","0",",,0,30,+","18.8",",,0,12,","19.8",",,,0","0",",,,0"
"USC00020498","1994-12","33.09619","-111.2574","478.5","ASHURST HAYDEN DAM, AZ US","10",",0","4",",0","0",",0","0",",0","0",",0","","","19941231","+,,0","19941231","+,,0","","","19941226",",,0","0",",,0,31,+","0",",,0,31,+","20.1",",,0,26,","56.0",",,,0","0",",,,0"
"USC00020498","1995-01","33.09619","-111.2574","478.5","ASHURST HAYDEN DAM, AZ US","7",",0","4",",0","1",",0","0",",0","0",",0","","","19950131","+,,0","19950131","+,,0","","","19950105",",,0","0",",,0,31,+","0",",,0,31,+","49.5",",,0,05,","77.4",",,,0","0",",,,0"
"USC00020498","1995-02","33.09619","-111.2574","478.5","ASHURST HAYDEN DAM, AZ US","5",",0","4",",0","0",",0","0",",0","0",",0","","","19950228","+,,0","19950228","+,,0","","","19950214",",,0","0",",,0,28,+","0",",,0,28,+","11.7",",,0,14,","23.5",",,,0","0",",,,0"
"USC00020498","1995-03","33.09619","-111.2574","478.5","ASHURST HAYDEN DAM, AZ US","5",",0","3",",0","0",",0","0",",0","0",",0","","","19950331","+,,0","19950331","+,,0","","","19950306",",,0","0",",,0,31,+","0",",,0,31,+","18.8",",,0,06,","26.9",",,,0","0",",,,0"
"USC00020498","1995-04","33.09619","-111.2574","478.5","ASHURST HAYDEN DAM, AZ US","3",",0","1",",0","0",",0","0",",0","0",",0","","","19950430","+,,0","19950430","+,,0","","","19950419",",,0","0",",,0,30,+","0",",,0,30,+","3.6",",,0,19,","5.7",",,,0","0",",,,0"
"USC00020498","1995-05","33.09619","-111.2574","478.5","ASHURST HAYDEN DAM, AZ US","1",",0","0",",0","0",",0","0",",0","0",",0","","","19950531","+,,0","19950531","+,,0","","","19950507",",,0","0",",,0,31,+","0",",,0,31,+","0.5",",,0,07,","0.5",",,,0","0",",,,0"
"USC00020498","1995-06","33.09619","-111.2574","478.5","ASHURST HAYDEN DAM, AZ US","0",",0","0",",0","0",",0","0",",0","0",",0","","","19950630","+,,0","19950630","+,,0","","","19950630","+,,0","0",",,0,30,+","0",",,0,30,+","0.0",",,0,30,+","0.0",",,,0","0",",,,0"
"USC00020498","1995-07","33.09619","-111.2574","478.5","ASHURST HAYDEN DAM, AZ US","0",",0","0",",0","0",",0","0",",0","0",",0","","","19950731","+,,0","19950731","+,,0","","","19950731","+,,0","0",",,0,31,+","0",",,0,31,+","0.0",",,0,31,+","0.0",",,,0","0",",,,0"
"USC00020498","1995-08","33.09619","-111.2574","478.5","ASHURST HAYDEN DAM, AZ US","6",",0","5",",0","0",",0","0",",0","0",",0","","","19950831","+,,0","19950831","+,,0","","","19950815",",,0","0",",,0,31,+","0",",,0,31,+","15.7",",,0,15,","39.5",",,,0","0",",,,0"
"USC00020498","1995-09","33.09619","-111.2574","478.5","ASHURST HAYDEN DAM, AZ US","3",",0","2",",0","0",",0","0",",0","0",",0","","","19950930","+,,0","19950930","+,,0","","","19950928",",,0","0",",,0,30,+","0",",,0,30,+","23.4",",,0,28,","31.3",",,,0","0",",,,0"
"USC00020498","1995-10","33.09619","-111.2574","478.5","ASHURST HAYDEN DAM, AZ US","0",",0","0",",0","0",",0","0",",0","0",",0","","","19951031","+,,0","19951031","+,,0","","","19951031","+,,0","0",",,0,31,+","0",",,0,31,+","0.0",",,0,31,+","0.0",",,,0","0",",,,0"
"USC00020498","1995-11","33.09619","-111.2574","478.5","ASHURST HAYDEN DAM, AZ US","1",",0","1",",0","0",",0","0",",0","0",",0","","","19951130","+,,0","19951130","+,,0","","","19951102",",,0","0",",,0,30,+","0",",,0,30,+","10.9",",,0,02,","10.9",",,,0","0",",,,0"
"USC00020498","1995-12","33.09619","-111.2574","478.5","ASHURST HAYDEN DAM, AZ US","1",",0","0",",0","0",",0","0",",0","0",",0","","","19951231","+,,0","19951231","+,,0","","","19951217",",,0","0",",,0,31,+","0",",,0,31,+","1.3",",,0,17,","1.3",",,,0","0",",,,0"
"USC00020498","1996-01","33.09619","-111.2574","478.5","ASHURST HAYDEN DAM, AZ US","0",",0","0",",0","0",",0","0",",0","0",",0","","","19960131","+,,0","19960131","+,,0","","","19960131","+,,0","0",",,0,31,+","0",",,0,31,+","0.0",",,0,31,+","0.0",",,,0","0",",,,0"
"USC00020498","1996-02","33.09619","-111.2574","478.5","ASHURST HAYDEN DAM, AZ US","5",",0","3",",0","0",",0","0",",0","0",",0","","","19960229","+,,0","19960229","+,,0","","","19960201",",,0","0",",,0,29,+","0",",,0,29,+","18.8",",,0,01,","43.1",",,,0","0",",,,0"
"USC00020498","1996-03","33.09619","-111.2574","478.5","ASHURST HAYDEN DAM, AZ US","2",",0","2",",0","0",",0","0",",0","0",",0","","","19960331","+,,0","19960331","+,,0","","","19960314",",,0","0",",,0,31,+","0",",,0,31,+","8.6",",,0,14,","11.1",",,,0","0",",,,0"
"USC00020498","1996-04","33.09619","-111.2574","478.5","ASHURST HAYDEN DAM, AZ US","0",",0","0",",0","0",",0","0",",0","0",",0","","","19960430","+,,0","19960430","+,,0","","","19960430","+,,0","0",",,0,30,+","0",",,0,30,+","0.0",",,0,30,+","0.0",",,,0","0",",,,0"
"USC00020498","1996-05","33.09619","-111.2574","478.5","ASHURST HAYDEN DAM, AZ US","0",",0","0",",0","0",",0","0",",0","0",",0","","","19960531","+,,0","19960531","+,,0","","","19960531","+,,0","0",",,0,31,+","0",",,0,31,+","0.0",",,0,31,+","0.0",",,,0","0",",,,0"
"USC00020498","1996-06","33.09619","-111.2574","478.5","ASHURST HAYDEN DAM, AZ US","0",",0","0",",0","0",",0","0",",0","0",",0","","","19960630","+,,0","19960630","+,,0","","","19960630","+,,0","0",",,0,30,+","0",",,0,30,+","0.0",",,0,30,+","0.0",",,,0","0",",,,0"
"USC00020498","1996-07","33.09619","-111.2574","478.5","ASHURST HAYDEN DAM, AZ US","4",",0","4",",0","1",",0","0",",0","0",",0","","","19960731","+,,0","19960731","+,,0","","","19960709",",,0","0",",,0,31,+","0",",,0,31,+","25.9",",,0,09,","47.8",",,,0","0",",,,0"
"USC00020498","1996-08","33.09619","-111.2574","478.5","ASHURST HAYDEN DAM, AZ US","2",",0","2",",0","0",",0","0",",0","0",",0","","","19960831","+,,0","19960831","+,,0","","","19960809",",,0","0",",,0,31,+","0",",,0,31,+","5.3",",,0,09,","8.9",",,,0","0",",,,0"
"USC00020498","1996-09","33.09619","-111.2574","478.5","ASHURST HAYDEN DAM, AZ US","7",",0","4",",0","0",",0","0",",0","0",",0","","","19960930","+,,0","19960930","+,,0","","","19960912",",,0","0",",,0,30,+","0",",,0,30,+","24.1",",,0,12,","53.4",",,,0","0",",,,0"
"USC00020498","1996-10","33.09619","-111.2574","478.5","ASHURST HAYDEN DAM, AZ US","0",",0","0",",0","0",",0","0",",0","0",",0","","","19961031","+,,0","19961031","+,,0","","","19961031","+,,0","0",",,0,31,+","0",",,0,31,+","0.0",",,0,31,+","0.0",",,,0","0",",,,0"
"USC00020498","1997-01","33.09619","-111.2574","478.5","ASHURST HAYDEN DAM, AZ US","7",",0","3",",0","0",",0","0","1,0","0",",0","","","19970131","+,1,0","19970131","+,,0","","","19970114",",,0","0","1,,0,31,+","0",",,0,31,+","7.1",",,0,14,","21.9",",,,0","0",",,,0"
"USC00020498","1997-02","33.09619","-111.2574","478.5","ASHURST HAYDEN DAM, AZ US","3",",0","2",",0","0",",0","0",",0","0",",0","","","19970228","+,,0","19970228","+,,0","","","19970228",",,0","0",",,0,28,+","0",",,0,28,+","11.4",",,0,28,","14.7",",,,0","0",",,,0"
"USC00020498","1997-03","33.09619","-111.2574","478.5","ASHURST HAYDEN DAM, AZ US","1",",0","1",",0","0",",0","0",",0","0",",0","","","19970331","+,,0","19970331","+,,0","","","19970301",",,0","0",",,0,31,+","0",",,0,31,+","15.2",",,0,01,","15.2",",,,0","0",",,,0"
"USC00020498","1997-04","33.09619","-111.2574","478.5","ASHURST HAYDEN DAM, AZ US","1",",0","1",",0","0",",0","0",",0","0",",0","","","19970430","+,,0","19970430","+,,0","","","19970404",",,0","0",",,0,30,+","0",",,0,30,+","8.1",",,0,04,","8.1",",,,0","0",",,,0"
"USC00020498","1997-05","33.09619","-111.2574","478.5","ASHURST HAYDEN DAM, AZ US","2",",0","2",",0","0",",0","0",",0","0",",0","","","19970531","+,,0","19970531","+,,0","","","19970521",",,0","0",",,0,31,+","0",",,0,31,+","7.6",",,0,21,","10.4",",,,0","0",",,,0"
"USC00020498","1997-06","33.09619","-111.2574","478.5","ASHURST HAYDEN DAM, AZ US","0",",0","0",",0","0",",0","0",",0","0",",0","","","19970630","+,,0","19970630","+,,0","","","19970630","+,,0","0",",,0,30,+","0",",,0,30,+","0.0",",,0,30,+","0.0",",,,0","0",",,,0"
"USC00020498","1997-08","33.09619","-111.2574","478.5","ASHURST HAYDEN DAM, AZ US","6",",0","5",",0","0",",0","0","1,0","0",",0","","","19970831","+,1,0","19970831","+,,0","","","19970815",",,0","0","1,,0,31,+","0",",,0,31,+","13.0",",,0,15,","30.4",",,,0","0",",,,0"
"USC00020498","1997-09","33.09619","-111.2574","478.5","ASHURST HAYDEN DAM, AZ US","3",",0","1",",0","0",",0","0",",0","0",",0","","","19970930","+,,0","19970930","+,,0","","","19970906",",,0","0",",,0,30,+","0",",,0,30,+","4.3",",,0,06,","5.4",",,,0","0",",,,0"
"USC00020498","1997-10","33.09619","-111.2574","478.5","ASHURST HAYDEN DAM, AZ US","3",",0","2",",0","0",",0","0",",0","0",",0","","","19971031","+,,0","19971031","+,,0","","","19971022",",,0","0",",,0,31,+","0",",,0,31,+","19.1",",,0,22,","32.5",",,,0","0",",,,0"
"USC00020498","1997-11","33.09619","-111.2574","478.5","ASHURST HAYDEN DAM, AZ US","4",",0","2",",0","0",",0","0",",0","0",",0","","","19971130","+,,0","19971130","+,,0","","","19971113",",,0","0",",,0,30,+","0",",,0,30,+","3.8",",,0,13,","9.7",",,,0","0",",,,0"
"USC00020498","1997-12","33.09619","-111.2574","478.5","ASHURST HAYDEN DAM, AZ US","8",",0","4",",0","0",",0","0",",0","0",",0","","","19971231","+,,0","19971231","+,,0","","","19971222",",,0","0",",,0,31,+","0",",,0,31,+","15.2",",,0,22,","45.7",",,,0","0",",,,0"
"USC00020498","1998-01","33.09619","-111.2574","478.5","ASHURST HAYDEN DAM, AZ US","3",",0","0",",0","0",",0","0",",0","0",",0","2","","19980131","+,,0","19980131","+,,0","","","19980111",",,0","0",",,0,31,+","0",",,0,31,+","2.0",",,0,11,","2.6",",,,0","0",",,,0"
"USC00020498","1998-02","33.09619","-111.2574","478.5","ASHURST HAYDEN DAM, AZ US","9",",0","7",",0","1",",0","0",",0","0",",0","","","19980228","+,,0","19980228","+,,0","","","19980209",",,0","0",",,0,28,+","0",",,0,28,+","29.2",",,0,09,","120.6",",,,0","0",",,,0"
"USC00020498","1998-03","33.09619","-111.2574","478.5","ASHURST HAYDEN DAM, AZ US","8",",0","7",",0","1",",0","0",",0","0",",0","","","19980331","+,,0","19980331","+,,0","","","19980327",",,0","0",",,0,31,+","0",",,0,31,+","29.5",",,0,27,","73.4",",,,0","0",",,,0"
"USC00020498","1998-04","33.09619","-111.2574","478.5","ASHURST HAYDEN DAM, AZ US","2",",0","2",",0","0",",0","0",",0","0",",0","","","19980430","+,,0","19980430","+,,0","","","19980403","+,,0","0",",,0,30,+","0",",,0,30,+","5.6",",,0,03,+","11.2",",,,0","0",",,,0"
"USC00020498","1998-05","33.09619","-111.2574","478.5","ASHURST HAYDEN DAM, AZ US","0",",0","0",",0","0",",0","0",",0","0",",0","","","19980531","+,,0","19980531","+,,0","","","19980531","+,,0","0",",,0,31,+","0",",,0,31,+","0.0",",,0,31,+","0.0",",,,0","0",",,,0"
"USC00020498","1998-06","33.09619","-111.2574","478.5","ASHURST HAYDEN DAM, AZ US","0",",0","0",",0","0",",0","0",",0","0",",0","","","19980630","+,,0","19980630","+,,0","","","19980630","+,,0","0",",,0,30,+","0",",,0,30,+","0.0",",,0,30,+","0.0",",,,0","0",",,,0"
"USC00020498","1998-07","33.09619","-111.2574","478.5","ASHURST HAYDEN DAM, AZ US","3",",0","3",",0","0",",0","0",",0","0",",0","","","19980731","+,,0","19980731","+,,0","","","19980706",",,0","0",",,0,31,+","0",",,0,31,+","6.4",",,0,06,","12.2",",,,0","0",",,,0"
"USC00020498","1998-08","33.09619","-111.2574","478.5","ASHURST HAYDEN DAM, AZ US","5",",0","4",",0","0",",0","0",",0","0",",0","","","19980831","+,,0","19980831","+,,0","","","19980829",",,0","0",",,0,31,+","0",",,0,31,+","19.3",",,0,29,","40.5",",,,0","0",",,,0"
"USC00020498","1998-09","33.09619","-111.2574","478.5","ASHURST HAYDEN DAM, AZ US","3",",0","2",",0","0",",0","0",",0","0",",0","","","19980930","+,,0","19980930","+,,0","","","19980905",",,0","0",",,0,30,+","0",",,0,30,+","16.5",",,0,05,","20.0",",,,0","0",",,,0"
"USC00020498","1998-10","33.09619","-111.2574","478.5","ASHURST HAYDEN DAM, AZ US","0",",0","0",",0","0",",0","","","0",",0","","","","","19981031","+,,0","","","19981031","+,,0","","","0",",,0,31,+","0.0",",,0,31,+","0.0",",,,0","0",",,,0"
"USC00020498","1998-11","33.09619","-111.2574","478.5","ASHURST HAYDEN DAM, AZ US","1",",0","1",",0","0",",0","0",",0","0",",0","","","19981130","+,,0","19981130","+,,0","","","19981129",",,0","0",",,0,30,+","0",",,0,30,+","7.9",",,0,29,","7.9",",,,0","0",",,,0"
"USC00020498","1998-12","33.09619","-111.2574","478.5","ASHURST HAYDEN DAM, AZ US","3",",0","1",",0","0",",0","0",",0","0",",0","","","19981231","+,,0","19981231","+,,0","","","19981207",",,0","0",",,0,31,+","0",",,0,31,+","4.8",",,0,07,","7.6",",,,0","0",",,,0"
"USC00020498","1999-01","33.09619","-111.2574","478.5","ASHURST HAYDEN DAM, AZ US","0",",0","0",",0","0",",0","0",",0","0",",0","","","19990131","+,,0","19990131","+,,0","","","19990131","+,,0","0",",,0,31,+","0",",,0,31,+","0.0",",,0,31,+","0.0",",,,0","0",",,,0"
"USC00020498","1999-03","33.09619","-111.2574","478.5","ASHURST HAYDEN DAM, AZ US","1",",0","1",",0","0",",0","0","1,0","0",",0","","","19990331","+,1,0","19990331","+,,0","","","19990308",",,0","0","1,,0,31,+","0",",,0,31,+","3.0",",,0,08,","3.0",",,,0","0",",,,0"
"USC00020498","1999-07","33.09619","-111.2574","478.5","ASHURST HAYDEN DAM, AZ US","5",",0","5",",0","1",",0","0","1,0","0",",0","","","19990731","+,1,0","19990731","+,,0","","","19990723",",,0","0","1,,0,31,+","0",",,0,31,+","31.8",",,0,23,","54.7",",,,0","0",",,,0"
"USC00020498","1999-08","33.09619","-111.2574","478.5","ASHURST HAYDEN DAM, AZ US","3",",0","3",",0","0",",0","0",",0","0",",0","","","19990831","+,,0","19990831","+,,0","","","19990811",",,0","0",",,0,31,+","0",",,0,31,+","13.0",",,0,11,","27.5",",,,0","0",",,,0"
"USC00020498","2000-02","33.09619","-111.2574","478.5","ASHURST HAYDEN DAM, AZ US","0",",0","0",",0","0",",0","0","1,0","0",",0","","","20000229","+,1,0","20000229","+,,0","","","20000229","+,,0","0","1,,0,29,+","0",",,0,29,+","0.0",",,0,29,+","0.0",",,,0","0",",,,0"
"USC00020498","2000-03","33.09619","-111.2574","478.5","ASHURST HAYDEN DAM, AZ US","5",",0","3",",0","1",",0","0",",0","0",",0","","","20000331","+,,0","20000331","+,,0","","","20000307",",,0","0",",,0,31,+","0",",,0,31,+","30.0",",,0,07,","56.1",",,,0","0",",,,0"
"USC00020498","2000-05","33.09619","-111.2574","478.5","ASHURST HAYDEN DAM, AZ US","0",",0","0",",0","0",",0","0","1,0","0",",0","","","20000531","+,1,0","20000531","+,,0","","","20000531","+,,0","0","1,,0,31,+","0",",,0,31,+","0.0",",,0,31,+","0.0",",,,0","0",",,,0"
"USC00020498","2000-06","33.09619","-111.2574","478.5","ASHURST HAYDEN DAM, AZ US","1",",0","1",",0","0",",0","0",",0","0",",0","","","20000630","+,,0","20000630","+,,0","","","20000630",",,0","0",",,0,30,+","0",",,0,30,+","11.4",",,0,30,","11.4",",,,0","0",",,,0"
"USC00020498","2000-07","33.09619","-111.2574","478.5","ASHURST HAYDEN DAM, AZ US","1",",0","1",",0","0",",0","0",",0","0",",0","","","20000731","+,,0","20000731","+,,0","","","20000731",",,0","0",",,0,31,+","0",",,0,31,+","3.8",",,0,31,","3.8",",,,0","0",",,,0"
"USC00020498","2000-08","33.09619","-111.2574","478.5","ASHURST HAYDEN DAM, AZ US","3",",0","2",",0","0",",0","0",",0","0",",0","","","20000831","+,,0","20000831","+,,0","","","20000818",",,0","0",",,0,31,+","0",",,0,31,+","12.4",",,0,18,","16.4",",,,0","0",",,,0"
"USC00020498","2000-09","33.09619","-111.2574","478.5","ASHURST HAYDEN DAM, AZ US","1",",0","1",",0","0",",0","0",",0","0",",0","","","20000930","+,,0","20000930","+,,0","","","20000919",",,0","0",",,0,30,+","0",",,0,30,+","4.1",",,0,19,","4.1",",,,0","0",",,,0"
"USC00020498","2000-10","33.09619","-111.2574","478.5","ASHURST HAYDEN DAM, AZ US","8",",0","6",",0","2",",0","0",",0","0",",0","","","20001031","+,,0","20001031","+,,0","","","20001022",",,0","0",",,0,31,+","0",",,0,31,+","39.1",",,0,22,","105.8",",,,0","0",",,,0"
"USC00020498","2000-11","33.09619","-111.2574","478.5","ASHURST HAYDEN DAM, AZ US","5",",0","2",",0","0",",0","0",",0","0",",0","","","20001130","+,,0","20001130","+,,0","","","20001107",",,0","0",",,0,30,+","0",",,0,30,+","19.3",",,0,07,","27.4",",,,0","0",",,,0"
"USC00020498","2000-12","33.09619","-111.2574","478.5","ASHURST HAYDEN DAM, AZ US","1",",0","0",",0","0",",0","0",",0","0",",0","","","20001231","+,,0","20001231","+,,0","","","20001213",",,0","0",",,0,31,+","0",",,0,31,+","1.5",",,0,13,","1.5",",,,0","0",",,,0"
"USC00020498","2001-01","33.09619","-111.2574","478.5","ASHURST HAYDEN DAM, AZ US","8",",0","7",",0","0",",0","0",",0","0",",0","","","20010131","+,,0","20010131","+,,0","","","20010109",",,0","0",",,0,31,+","0",",,0,31,+","19.6",",,0,09,","74.2",",,,0","0",",,,0"
"USC00020498","2001-02","33.09619","-111.2574","478.5","ASHURST HAYDEN DAM, AZ US","","","","","","","0",",0","0",",0","","","20010228","+,,0","20010228","+,,0","","","","","0",",,0,28,+","0",",,0,28,+","","","","","0",",,,0"
"USC00020498","2001-03","33.09619","-111.2574","478.5","ASHURST HAYDEN DAM, AZ US","4",",0","2",",0","0",",0","0",",0","0",",0","","","20010331","+,,0","20010331","+,,0","","","20010308",",,0","0",",,0,31,+","0",",,0,31,+","13.0",",,0,08,","19.6",",,,0","0",",,,0"
"USC00020498","2001-04","33.09619","-111.2574","478.5","ASHURST HAYDEN DAM, AZ US","5",",0","5",",0","0",",0","0",",0","0",",0","","","20010430","+,,0","20010430","+,,0","","","20010411",",,0","0",",,0,30,+","0",",,0,30,+","22.9",",,0,11,","66.6",",,,0","0",",,,0"
"USC00020498","2001-05","33.09619","-111.2574","478.5","ASHURST HAYDEN DAM, AZ US","","","","","","","0",",0","0",",0","","","20010531","+,,0","20010531","+,,0","","","","","0",",,0,31,+","0",",,0,31,+","","","","","0",",,,0"
"USC00020498","2001-06","33.09619","-111.2574","478.5","ASHURST HAYDEN DAM, AZ US","","","","","","","0","1,0","0",",0","","","20010630","+,1,0","20010630","+,,0","","","","","0","1,,0,30,+","0",",,0,30,+","","","","","0",",,,0"
"USC00020498","2001-07","33.09619","-111.2574","478.5","ASHURST HAYDEN DAM, AZ US","","","","","","","0",",0","0",",0","","","20010731","+,,0","20010731","+,,0","","","","","0",",,0,31,+","0",",,0,31,+","","","","","0",",,,0"
"USC00020498","2001-08","33.09619","-111.2574","478.5","ASHURST HAYDEN DAM, AZ US","","","","","","","0",",0","0",",0","","","20010831","+,,0","20010831","+,,0","","","","","0",",,0,31,+","0",",,0,31,+","","","","","0",",,,0"
"USC00020498","2001-09","33.09619","-111.2574","478.5","ASHURST HAYDEN DAM, AZ US","0",",0","0",",0","0",",0","0",",0","0",",0","","","20010930","+,,0","20010930","+,,0","","","20010930","+,,0","0",",,0,30,+","0",",,0,30,+","0.0",",,0,30,+","0.0",",,,0","0",",,,0"
"USC00020498","2001-10","33.09619","-111.2574","478.5","ASHURST HAYDEN DAM, AZ US","","","","","","","0",",0","0",",0","","","20011031","+,,0","20011031","+,,0","","","","","0",",,0,31,+","0",",,0,31,+","","","","","0",",,,0"
"USC00020498","2001-11","33.09619","-111.2574","478.5","ASHURST HAYDEN DAM, AZ US","1",",0","0",",0","0",",0","0","1,0","0",",0","","","20011130","+,1,0","20011130","+,,0","","","20011126",",,0","0","1,,0,30,+","0",",,0,30,+","1.0",",,0,26,","1.0",",,,0","0",",,,0"
"USC00020498","2001-12","33.09619","-111.2574","478.5","ASHURST HAYDEN DAM, AZ US","","","","","","","0",",0","0",",0","","","20011231","+,,0","20011231","+,,0","","","","","0",",,0,31,+","0",",,0,31,+","","","","","0",",,,0"
"USC00020498","2002-01","33.09619","-111.2574","478.5","ASHURST HAYDEN DAM, AZ US","1",",0","1",",0","0",",0","0",",0","0",",0","","","20020131","+,,0","20020131","+,,0","","","20020131",",,0","0",",,0,31,+","0",",,0,31,+","3.8",",,0,31,","3.8",",,,0","0",",,,0"
"USC00020498","2002-02","33.09619","-111.2574","478.5","ASHURST HAYDEN DAM, AZ US","0",",0","0",",0","0",",0","0",",0","0",",0","","","20020228","+,,0","20020228","+,,0","","","20020228","+,,0","0",",,0,28,+","0",",,0,28,+","0.0",",,0,28,+","0.0",",,,0","0",",,,0"
"USC00020498","2002-03","33.09619","-111.2574","478.5","ASHURST HAYDEN DAM, AZ US","1",",0","1",",0","0",",0","0",",0","0",",0","","","20020331","+,,0","20020331","+,,0","","","20020308",",,0","0",",,0,31,+","0",",,0,31,+","8.4",",,0,08,","8.4",",,,0","0",",,,0"
"USC00020498","2002-04","33.09619","-111.2574","478.5","ASHURST HAYDEN DAM, AZ US","1",",0","1",",0","0",",0","0",",0","0",",0","","","20020430","+,,0","20020430","+,,0","","","20020407",",,0","0",",,0,30,+","0",",,0,30,+","4.8",",,0,07,","4.8",",,,0","0",",,,0"
"USC00020498","2002-05","33.09619","-111.2574","478.5","ASHURST HAYDEN DAM, AZ US","0",",0","0",",0","0",",0","0",",0","0",",0","","","20020531","+,,0","20020531","+,,0","","","20020531","+,,0","0",",,0,31,+","0",",,0,31,+","0.0",",,0,31,+","0.0",",,,0","0",",,,0"
"USC00020498","2002-06","33.09619","-111.2574","478.5","ASHURST HAYDEN DAM, AZ US","0",",0","0",",0","0",",0","0",",0","0",",0","","","20020630","+,,0","20020630","+,,0","","","20020630","+,,0","0",",,0,30,+","0",",,0,30,+","0.0",",,0,30,+","0.0",",,,0","0",",,,0"
"USC00020498","2002-07","33.09619","-111.2574","478.5","ASHURST HAYDEN DAM, AZ US","3",",0","3",",0","1",",0","0",",0","0",",0","","","20020731","+,,0","20020731","+,,0","","","20020710",",,0","0",",,0,31,+","0",",,0,31,+","28.4",",,0,10,","60.4",",,,0","0",",,,0"
"USC00020498","2002-08","33.09619","-111.2574","478.5","ASHURST HAYDEN DAM, AZ US","2",",0","2",",0","0",",0","0",",0","0",",0","","","20020831","+,,0","20020831","+,,0","","","20020804",",,0","0",",,0,31,+","0",",,0,31,+","3.6",",,0,04,","6.6",",,,0","0",",,,0"
"USC00020498","2002-09","33.09619","-111.2574","478.5","ASHURST HAYDEN DAM, AZ US","4",",0","4",",0","1",",0","0",",0","0",",0","","","20020930","+,,0","20020930","+,,0","","","20020910",",,0","0",",,0,30,+","0",",,0,30,+","27.4",",,0,10,","88.8",",,,0","0",",,,0"
"USC00020498","2002-10","33.09619","-111.2574","478.5","ASHURST HAYDEN DAM, AZ US","2",",0","1",",0","0",",0","0",",0","0",",0","","","20021031","+,,0","20021031","+,,0","","","20021026",",,0","0",",,0,31,+","0",",,0,31,+","5.3",",,0,26,","6.6",",,,0","0",",,,0"
"USC00020498","2002-11","33.09619","-111.2574","478.5","ASHURST HAYDEN DAM, AZ US","1",",0","1",",0","0",",0","0",",0","0",",0","","","20021130","+,,0","20021130","+,,0","","","20021130",",,0","0",",,0,30,+","0",",,0,30,+","9.9",",,0,30,","9.9",",,,0","0",",,,0"
"USC00020498","2002-12","33.09619","-111.2574","478.5","ASHURST HAYDEN DAM, AZ US","2",",0","2",",0","0",",0","0",",0","0",",0","","","20021231","+,,0","20021231","+,,0","","","20021223",",,0","0",",,0,31,+","0",",,0,31,+","5.1",",,0,23,","8.1",",,,0","0",",,,0"
"USC00020498","2003-01","33.09619","-111.2574","478.5","ASHURST HAYDEN DAM, AZ US","1",",0","0",",0","0",",0","0",",0","0",",0","","","20030131","+,,0","20030131","+,,0","","","20030121",",,0","0",",,0,31,+","0",",,0,31,+","1.0",",,0,21,","1.0",",,,0","0",",,,0"
"USC00020498","2003-02","33.09619","-111.2574","478.5","ASHURST HAYDEN DAM, AZ US","6",",0","5",",0","2",",0","0",",0","0",",0","","","20030228","+,,0","20030228","+,,0","","","20030214",",,0","0",",,0,28,+","0",",,0,28,+","41.1",",,0,14,","80.2",",,,0","0",",,,0"
"USC00020498","2003-03","33.09619","-111.2574","478.5","ASHURST HAYDEN DAM, AZ US","5",",0","1",",0","0",",0","0",",0","0",",0","","","20030331","+,,0","20030331","+,,0","","","20030317",",,0","0",",,0,31,+","0",",,0,31,+","13.2",",,0,17,","17.6",",,,0","0",",,,0"
"USC00020498","2003-04","33.09619","-111.2574","478.5","ASHURST HAYDEN DAM, AZ US","1",",0","1",",0","0",",0","0",",0","0",",0","","","20030430","+,,0","20030430","+,,0","","","20030415",",,0","0",",,0,30,+","0",",,0,30,+","8.1",",,0,15,","8.1",",,,0","0",",,,0"
"USC00020498","2003-05","33.09619","-111.2574","478.5","ASHURST HAYDEN DAM, AZ US","0",",0","0",",0","0",",0","0",",0","0",",0","","","20030531","+,,0","20030531","+,,0","","","20030531","+,,0","0",",,0,31,+","0",",,0,31,+","0.0",",,0,31,+","0.0",",,,0","0",",,,0"
"USC00020498","2003-06","33.09619","-111.2574","478.5","ASHURST HAYDEN DAM, AZ US","0",",0","0",",0","0",",0","0",",0","0",",0","","","20030630","+,,0","20030630","+,,0","","","20030630","+,,0","0",",,0,30,+","0",",,0,30,+","0.0",",,0,30,+","0.0",",,,0","0",",,,0"
"USC00020498","2003-07","33.09619","-111.2574","478.5","ASHURST HAYDEN DAM, AZ US","6",",0","4",",0","0",",0","0",",0","0",",0","","","20030731","+,,0","20030731","+,,0","","","20030730",",,0","0",",,0,31,+","0",",,0,31,+","15.2",",,0,30,","33.0",",,,0","0",",,,0"
"USC00020498","2003-08","33.09619","-111.2574","478.5","ASHURST HAYDEN DAM, AZ US","5",",0","3",",0","0",",0","0",",0","0",",0","","","20030831","+,,0","20030831","+,,0","","","20030827",",,0","0",",,0,31,+","0",",,0,31,+","21.8",",,0,27,","44.7",",,,0","0",",,,0"
"USC00020498","2003-09","33.09619","-111.2574","478.5","ASHURST HAYDEN DAM, AZ US","5",",0","4",",0","0",",0","0",",0","0",",0","","","20030930","+,,0","20030930","+,,0","","","20030908",",,0","0",",,0,30,+","0",",,0,30,+","15.2",",,0,08,","26.4",",,,0","0",",,,0"
"USC00020498","2003-10","33.09619","-111.2574","478.5","ASHURST HAYDEN DAM, AZ US","2",",0","0",",0","0",",0","0",",0","0",",0","","","20031031","+,,0","20031031","+,,0","","","20031010",",,0","0",",,0,31,+","0",",,0,31,+","2.0",",,0,10,","2.5",",,,0","0",",,,0"
"USC00020498","2003-11","33.09619","-111.2574","478.5","ASHURST HAYDEN DAM, AZ US","2",",0","1",",0","0",",0","0",",0","0",",0","","","20031130","+,,0","20031130","+,,0","","","20031113",",,0","0",",,0,30,+","0",",,0,30,+","16.0",",,0,13,","17.5",",,,0","0",",,,0"
"USC00020498","2003-12","33.09619","-111.2574","478.5","ASHURST HAYDEN DAM, AZ US","2",",0","2",",0","0",",0","0",",0","0",",0","","","20031231","+,,0","20031231","+,,0","","","20031212",",,0","0",",,0,31,+","0",",,0,31,+","7.6",",,0,12,","11.9",",,,0","0",",,,0"
"USC00020498","2004-01","33.09619","-111.2574","478.5","ASHURST HAYDEN DAM, AZ US","7",",0","4",",0","0",",0","0",",0","0",",0","","","20040131","+,,0","20040131","+,,0","","","20040122",",,0","0",",,0,31,+","0",",,0,31,+","16.3",",,0,22,","32.8",",,,0","0",",,,0"
"USC00020498","2004-02","33.09619","-111.2574","478.5","ASHURST HAYDEN DAM, AZ US","4",",0","2",",0","0",",0","0",",0","0",",0","","","20040229","+,,0","20040229","+,,0","","","20040224",",,0","0",",,0,29,+","0",",,0,29,+","9.1",",,0,24,","18.0",",,,0","0",",,,0"
"USC00020498","2004-03","33.09619","-111.2574","478.5","ASHURST HAYDEN DAM, AZ US","6",",0","3",",0","0",",0","0",",0","0",",0","","","20040331","+,,0","20040331","+,,0","","","20040305",",,0","0",",,0,31,+","0",",,0,31,+","18.3",",,0,05,","41.0",",,,0","0",",,,0"
"USC00020498","2004-04","33.09619","-111.2574","478.5","ASHURST HAYDEN DAM, AZ US","3",",0","2",",0","0",",0","0",",0","0",",0","","","20040430","+,,0","20040430","+,,0","","","20040403",",,0","0",",,0,30,+","0",",,0,30,+","11.4",",,0,03,","21.3",",,,0","0",",,,0"
"USC00020498","2004-05","33.09619","-111.2574","478.5","ASHURST HAYDEN DAM, AZ US","0",",0","0",",0","0",",0","0",",0","0",",0","","","20040531","+,,0","20040531","+,,0","","","20040531","+,,0","0",",,0,31,+","0",",,0,31,+","0.0",",,0,31,+","0.0",",,,0","0",",,,0"
"USC00020498","2004-06","33.09619","-111.2574","478.5","ASHURST HAYDEN DAM, AZ US","0",",0","0",",0","0",",0","0",",0","0",",0","","","20040630","+,,0","20040630","+,,0","","","20040630","+,,0","0",",,0,30,+","0",",,0,30,+","0.0",",,0,30,+","0.0",",,,0","0",",,,0"
"USC00020498","2004-07","33.09619","-111.2574","478.5","ASHURST HAYDEN DAM, AZ US","3",",0","1",",0","0",",0","0",",0","0",",0","","","20040731","+,,0","20040731","+,,0","","","20040725",",,0","0",",,0,31,+","0",",,0,31,+","2.5",",,0,25,","4.3",",,,0","0",",,,0"
"USC00020498","2004-08","33.09619","-111.2574","478.5","ASHURST HAYDEN DAM, AZ US","6",",0","3",",0","0",",0","0",",0","0",",0","","","20040831","+,,0","20040831","+,,0","","","20040819",",,0","0",",,0,31,+","0",",,0,31,+","14.7",",,0,19,","22.8",",,,0","0",",,,0"
"USC00020498","2004-09","33.09619","-111.2574","478.5","ASHURST HAYDEN DAM, AZ US","3",",0","2",",0","0",",0","0",",0","0",",0","","","20040930","+,,0","20040930","+,,0","","","20040919",",,0","0",",,0,30,+","0",",,0,30,+","10.7",",,0,19,","18.6",",,,0","0",",,,0"
"USC00020498","2004-10","33.09619","-111.2574","478.5","ASHURST HAYDEN DAM, AZ US","2",",0","2",",0","1",",0","0",",0","0",",0","","","20041031","+,,0","20041031","+,,0","","","20041029",",,0","0",",,0,31,+","0",",,0,31,+","29.7",",,0,29,","32.2",",,,0","0",",,,0"
"USC00020498","2004-11","33.09619","-111.2574","478.5","ASHURST HAYDEN DAM, AZ US","1",",0","1",",0","0",",0","0",",0","0",",0","","","20041130","+,,0","20041130","+,,0","","","20041123",",,0","0",",,0,30,+","0",",,0,30,+","13.2",",,0,23,","13.2",",,,0","0",",,,0"
"USC00020498","2004-12","33.09619","-111.2574","478.5","ASHURST HAYDEN DAM, AZ US","6",",0","6",",0","0",",0","0",",0","0",",0","","","20041231","+,,0","20041231","+,,0","","","20041205",",,0","0",",,0,31,+","0",",,0,31,+","13.0",",,0,05,","50.1",",,,0","0",",,,0"
"USC00020498","2005-01","33.09619","-111.2574","478.5","ASHURST HAYDEN DAM, AZ US","6",",0","5",",0","0",",0","0",",0","0",",0","","","20050131","+,,0","20050131","+,,0","","","20050127",",,0","0",",,0,31,+","0",",,0,31,+","17.8",",,0,27,","50.8",",,,0","0",",,,0"
"USC00020498","2005-02","33.09619","-111.2574","478.5","ASHURST HAYDEN DAM, AZ US","9",",0","7",",0","1",",0","0",",0","0",",0","","","20050228","+,,0","20050228","+,,0","","","20050212",",,0","0",",,0,28,+","0",",,0,28,+","38.1",",,0,12,","91.2",",,,0","0",",,,0"
"USC00020498","2005-03","33.09619","-111.2574","478.5","ASHURST HAYDEN DAM, AZ US","4",",0","3",",0","0",",0","0",",0","0",",0","","","20050331","+,,0","20050331","+,,0","","","20050306",",,0","0",",,0,31,+","0",",,0,31,+","10.9",",,0,06,","26.9",",,,0","0",",,,0"
"USC00020498","2005-06","33.09619","-111.2574","478.5","ASHURST HAYDEN DAM, AZ US","1",",0","0",",0","0",",0","0","1,0","0",",0","","","20050630","+,1,0","20050630","+,,0","","","20050624",",,0","0","1,,0,30,+","0",",,0,30,+","0.3",",,0,24,","0.3",",,,0","0",",,,0"
"USC00020498","2005-07","33.09619","-111.2574","478.5","ASHURST HAYDEN DAM, AZ US","","","","","","","0",",0","0",",0","","","20050731","+,,0","20050731","+,,0","","","","","0",",,0,31,+","0",",,0,31,+","","","","","0",",,,0"
"USC00020498","2005-09","33.09619","-111.2574","478.5","ASHURST HAYDEN DAM, AZ US","0",",0","0",",0","0",",0","0","1,0","0",",0","","","20050930","+,1,0","20050930","+,,0","","","20050930","+,,0","0","1,,0,30,+","0",",,0,30,+","0.0",",,0,30,+","0.0",",,,0","0",",,,0"
"USC00020498","2006-03","33.09619","-111.2574","478.5","ASHURST HAYDEN DAM, AZ US","6",",0","2",",0","2",",0","0","1,0","0",",0","","","20060331","+,1,0","20060331","+,,0","","","20060313","+,,0","0","1,,0,31,+","0",",,0,31,+","50.8",",,0,13,+","106.4",",,,0","0",",,,0"
"USC00020498","2006-04","33.09619","-111.2574","478.5","ASHURST HAYDEN DAM, AZ US","0",",0","0",",0","0",",0","0",",0","0",",0","","","20060430","+,,0","20060430","+,,0","","","20060430","+,,0","0",",,0,30,+","0",",,0,30,+","0.0",",,0,30,+","0.0",",,,0","0",",,,0"
"USC00020498","2006-05","33.09619","-111.2574","478.5","ASHURST HAYDEN DAM, AZ US","0",",0","0",",0","0",",0","0",",0","0",",0","","","20060531","+,,0","20060531","+,,0","","","20060531","+,,0","0",",,0,31,+","0",",,0,31,+","0.0",",,0,31,+","0.0",",,,0","0",",,,0"
"USC00020498","2006-06","33.09619","-111.2574","478.5","ASHURST HAYDEN DAM, AZ US","0",",0","0",",0","0",",0","0",",0","0",",0","","","20060630","+,,0","20060630","+,,0","","","20060630","+,,0","0",",,0,30,+","0",",,0,30,+","0.0",",,0,30,+","0.0",",,,0","0",",,,0"
"USC00020498","2006-07","33.09619","-111.2574","478.5","ASHURST HAYDEN DAM, AZ US","6","2,0","4","2,0","0","2,0","0",",0","0",",0","","","20060731","+,,0","20060731","+,,0","","","20060705",",2,0","0",",,0,31,+","0",",,0,31,+","21.1","2,,0,05,","90.3",",a,,0","0",",,,0"
"USC00020498","2006-08","33.09619","-111.2574","478.5","ASHURST HAYDEN DAM, AZ US","2",",0","2",",0","0",",0","0",",0","0",",0","","","20060831","+,,0","20060831","+,,0","","","20060825",",,0","0",",,0,31,+","0",",,0,31,+","3.8",",,0,25,","6.3",",,,0","0",",,,0"
"USC00020498","2006-09","33.09619","-111.2574","478.5","ASHURST HAYDEN DAM, AZ US","3",",0","3",",0","1",",0","0",",0","0",",0","","","20060930","+,,0","20060930","+,,0","","","20060903",",,0","0",",,0,30,+","0",",,0,30,+","42.2",",,0,03,","55.7",",,,0","0",",,,0"
"USC00020498","2006-10","33.09619","-111.2574","478.5","ASHURST HAYDEN DAM, AZ US","3",",0","2",",0","0",",0","0",",0","0",",0","","","20061031","+,,0","20061031","+,,0","","","20061006",",,0","0",",,0,31,+","0",",,0,31,+","4.3",",,0,06,","8.6",",,,0","0",",,,0"
"USC00020498","2006-11","33.09619","-111.2574","478.5","ASHURST HAYDEN DAM, AZ US","0",",0","0",",0","0",",0","0",",0","0",",0","","","20061130","+,,0","20061130","+,,0","","","20061130","+,,0","0",",,0,30,+","0",",,0,30,+","0.0",",,0,30,+","0.0",",,,0","0",",,,0"
"USC00020498","2006-12","33.09619","-111.2574","478.5","ASHURST HAYDEN DAM, AZ US","","","","","","","0",",0","0",",0","","","20061231","+,,0","20061231","+,,0","","","","","0",",,0,31,+","0",",,0,31,+","","","","","0",",,,0"
"USC00020498","2007-01","33.09619","-111.2574","478.5","ASHURST HAYDEN DAM, AZ US","","","","","","","0",",0","0",",0","","","20070131","+,,0","20070131","+,,0","","","","","0",",,0,31,+","0",",,0,31,+","","","","","0",",,,0"
"USC00020498","2007-04","33.09619","-111.2574","478.5","ASHURST HAYDEN DAM, AZ US","3",",0","2",",0","0",",0","0","1,0","0",",0","","","20070430","+,1,0","20070430","+,,0","","","20070413",",,0","0","1,,0,30,+","0",",,0,30,+","3.0",",,0,13,","6.3",",,,0","0",",,,0"
"USC00020498","2007-05","33.09619","-111.2574","478.5","ASHURST HAYDEN DAM, AZ US","0",",0","0",",0","0",",0","0",",0","0",",0","","","20070531","+,,0","20070531","+,,0","","","20070531","+,,0","0",",,0,31,+","0",",,0,31,+","0.0",",,0,31,+","0.0",",,,0","0",",,,0"
"USC00020498","2007-06","33.09619","-111.2574","478.5","ASHURST HAYDEN DAM, AZ US","0",",0","0",",0","0",",0","0",",0","0",",0","","","20070630","+,,0","20070630","+,,0","","","20070630","+,,0","0",",,0,30,+","0",",,0,30,+","0.0",",,0,30,+","0.0",",,,0","0",",,,0"
"USC00020498","2007-07","33.09619","-111.2574","478.5","ASHURST HAYDEN DAM, AZ US","","","","","","","0",",0","0",",0","","","20070731","+,,0","20070731","+,,0","","","","","0",",,0,31,+","0",",,0,31,+","","","","","0",",,,0"
"USC00020498","2007-08","33.09619","-111.2574","478.5","ASHURST HAYDEN DAM, AZ US","6",",0","5",",0","0",",0","0",",0","0",",0","","","20070831","+,,0","20070831","+,,0","","","20070817",",,0","0",",,0,31,+","0",",,0,31,+","20.6",",,0,17,","58.4",",,,0","0",",,,0"
"USC00020498","2007-09","33.09619","-111.2574","478.5","ASHURST HAYDEN DAM, AZ US","6",",0","3",",0","0",",0","0",",0","0",",0","","","20070930","+,,0","20070930","+,,0","","","20070923",",,0","0",",,0,30,+","0",",,0,30,+","24.4",",,0,23,","41.0",",,,0","0",",,,0"
"USC00020498","2007-11","33.09619","-111.2574","478.5","ASHURST HAYDEN DAM, AZ US","0","2,0","0","2,0","0","2,0","0",",0","0",",0","","","20071130","+,,0","20071130","+,,0","","","20071130","+,2,0","0",",,0,30,+","0",",,0,30,+","0.0","2,,0,30,+","0.0","2,,,0","0",",,,0"
"USC00020498","2007-12","33.09619","-111.2574","478.5","ASHURST HAYDEN DAM, AZ US","8",",0","7",",0","1",",0","0",",0","0",",0","","","20071231","+,,0","20071231","+,,0","","","20071201",",,0","0",",,0,31,+","0",",,0,31,+","29.5",",,0,01,","71.8",",,,0","0",",,,0"
"USC00020498","2008-01","33.09619","-111.2574","478.5","ASHURST HAYDEN DAM, AZ US","5",",0","4",",0","1",",0","0",",0","0",",0","","","20080131","+,,0","20080131","+,,0","","","20080128",",,0","0",",,0,31,+","0",",,0,31,+","35.6",",,0,28,","73.9",",,,0","0",",,,0"
"USC00020498","2008-02","33.09619","-111.2574","478.5","ASHURST HAYDEN DAM, AZ US","3",",0","3",",0","0",",0","0",",0","0",",0","","","20080229","+,,0","20080229","+,,0","","","20080205",",,0","0",",,0,29,+","0",",,0,29,+","16.3",",,0,05,","33.1",",,,0","0",",,,0"
"USC00020498","2008-03","33.09619","-111.2574","478.5","ASHURST HAYDEN DAM, AZ US","0",",0","0",",0","0",",0","0",",0","0",",0","","","20080331","+,,0","20080331","+,,0","","","20080331","+,,0","0",",,0,31,+","0",",,0,31,+","0.0",",,0,31,+","0.0",",,,0","0",",,,0"
"USC00020498","2008-04","33.09619","-111.2574","478.5","ASHURST HAYDEN DAM, AZ US","0",",0","0",",0","0",",0","0",",0","0",",0","","","20080430","+,,0","20080430","+,,0","","","20080430","+,,0","0",",,0,30,+","0",",,0,30,+","0.0",",,0,30,+","0.0",",,,0","0",",,,0"
"USC00020498","2008-05","33.09619","-111.2574","478.5","ASHURST HAYDEN DAM, AZ US","","","","","","","0",",0","0",",0","","","20080531","+,,0","20080531","+,,0","","","","","0",",,0,31,+","0",",,0,31,+","","","","","0",",,,0"
"USC00020498","2008-06","33.09619","-111.2574","478.5","ASHURST HAYDEN DAM, AZ US","0",",0","0",",0","0",",0","0",",0","0",",0","","","20080630","+,,0","20080630","+,,0","","","20080630","+,,0","0",",,0,30,+","0",",,0,30,+","0.0",",,0,30,+","0.0",",,,0","0",",,,0"
"USC00020498","2008-07","33.09619","-111.2574","478.5","ASHURST HAYDEN DAM, AZ US","","","","","","","0",",0","0",",0","","","20080731","+,,0","20080731","+,,0","","","","","0",",,0,31,+","0",",,0,31,+","","","","","0",",,,0"
"USC00020498","2008-08","33.09619","-111.2574","478.5","ASHURST HAYDEN DAM, AZ US","","","","","","","0",",0","0",",0","","","20080831","+,,0","20080831","+,,0","","","","","0",",,0,31,+","0",",,0,31,+","","","","","0",",,,0"
"USC00020498","2008-09","33.09619","-111.2574","478.5","ASHURST HAYDEN DAM, AZ US","1",",0","1",",0","0",",0","0",",0","0",",0","","","20080930","+,,0","20080930","+,,0","","","20080911",",,0","0",",,0,30,+","0",",,0,30,+","6.4",",,0,11,","6.4",",,,0","0",",,,0"
"USC00020498","2008-10","33.09619","-111.2574","478.5","ASHURST HAYDEN DAM, AZ US","0",",0","0",",0","0",",0","0",",0","0",",0","","","20081031","+,,0","20081031","+,,0","","","20081012",",,0","0",",,0,31,+","0",",,0,31,+","0.0",",T,0,12,","0.0",",T,,0","0",",,,0"
"USC00020498","2008-11","33.09619","-111.2574","478.5","ASHURST HAYDEN DAM, AZ US","0",",0","0",",0","0",",0","0",",0","0",",0","","","20081130","+,,0","20081130","+,,0","","","20081130","+,,0","0",",,0,30,+","0",",,0,30,+","0.0",",,0,30,+","0.0",",,,0","0",",,,0"
"USC00020498","2008-12","33.09619","-111.2574","478.5","ASHURST HAYDEN DAM, AZ US","9",",0","4",",0","0",",0","0",",0","0",",0","","","20081231","+,,0","20081231","+,,0","","","20081214",",,0","0",",,0,31,+","0",",,0,31,+","7.4",",,0,14,","27.3",",,,0","0",",,,0"
"USC00020498","2009-01","33.09619","-111.2574","478.5","ASHURST HAYDEN DAM, AZ US","","","","","","","0",",0","0",",0","","","20090131","+,,0","20090131","+,,0","","","","","0",",,0,31,+","0",",,0,31,+","","","","","0",",,,0"
"USC00020498","2009-02","33.09619","-111.2574","478.5","ASHURST HAYDEN DAM, AZ US","5",",0","4",",0","0",",0","0",",0","0",",0","","","20090228","+,,0","20090228","+,,0","","","20090208",",,0","0",",,0,28,+","0",",,0,28,+","18.5",",,0,08,","36.3",",,,0","0",",,,0"
"USC00020498","2009-03","33.09619","-111.2574","478.5","ASHURST HAYDEN DAM, AZ US","1",",0","0",",0","0",",0","0",",0","0",",0","","","20090331","+,,0","20090331","+,,0","","","20090309",",,0","0",",,0,31,+","0",",,0,31,+","0.5",",,0,09,","0.5",",,,0","0",",,,0"
"USC00020498","2009-04","33.09619","-111.2574","478.5","ASHURST HAYDEN DAM, AZ US","2",",0","2",",0","0",",0","0",",0","0",",0","","","20090430","+,,0","20090430","+,,0","","","20090412",",,0","0",",,0,30,+","0",",,0,30,+","7.4",",,0,12,","13.5",",,,0","0",",,,0"
"USC00020498","2009-05","33.09619","-111.2574","478.5","ASHURST HAYDEN DAM, AZ US","5",",0","0",",0","0",",0","0",",0","0",",0","","","20090531","+,,0","20090531","+,,0","","","20090521",",,0","0",",,0,31,+","0",",,0,31,+","1.5",",,0,21,","4.1",",,,0","0",",,,0"
"USC00020498","2009-06","33.09619","-111.2574","478.5","ASHURST HAYDEN DAM, AZ US","1",",0","0",",0","0",",0","0",",0","0",",0","","","20090630","+,,0","20090630","+,,0","","","20090610",",,0","0",",,0,30,+","0",",,0,30,+","0.8",",,0,10,","0.8",",,,0","0",",,,0"
"USC00020498","2009-07","33.09619","-111.2574","478.5","ASHURST HAYDEN DAM, AZ US","4",",0","2",",0","0",",0","0",",0","0",",0","","","20090731","+,,0","20090731","+,,0","","","20090702",",,0","0",",,0,31,+","0",",,0,31,+","5.3",",,0,02,","9.9",",,,0","0",",,,0"
"USC00020498","2009-08","33.09619","-111.2574","478.5","ASHURST HAYDEN DAM, AZ US","2",",0","1",",0","0",",0","0",",0","0",",0","","","20090831","+,,0","20090831","+,,0","","","20090822",",,0","0",",,0,31,+","0",",,0,31,+","3.3",",,0,22,","4.6",",,,0","0",",,,0"
"USC00020498","2009-09","33.09619","-111.2574","478.5","ASHURST HAYDEN DAM, AZ US","3",",0","1",",0","0",",0","0",",0","0",",0","","","20090930","+,,0","20090930","+,,0","","","20090906",",,0","0",",,0,30,+","0",",,0,30,+","8.4",",,0,06,","10.2",",,,0","0",",,,0"
"USC00020498","2009-10","33.09619","-111.2574","478.5","ASHURST HAYDEN DAM, AZ US","0",",0","0",",0","0",",0","0",",0","0",",0","","","20091031","+,,0","20091031","+,,0","","","20091031","+,,0","0",",,0,31,+","0",",,0,31,+","0.0",",,0,31,+","0.0",",,,0","0",",,,0"
"USC00020498","2009-11","33.09619","-111.2574","478.5","ASHURST HAYDEN DAM, AZ US","1",",0","0",",0","0",",0","0",",0","0",",0","","","20091130","+,,0","20091130","+,,0","","","20091115",",,0","0",",,0,30,+","0",",,0,30,+","0.3",",,0,15,","0.3",",,,0","0",",,,0"
"USC00020498","2009-12","33.09619","-111.2574","478.5","ASHURST HAYDEN DAM, AZ US","2",",0","2",",0","0",",0","0",",0","0",",0","","","20091231","+,,0","20091231","+,,0","","","20091208",",,0","0",",,0,31,+","0",",,0,31,+","17.0",",,0,08,","24.4",",,,0","0",",,,0"
"USC00020498","2010-01","33.09619","-111.2574","478.5","ASHURST HAYDEN DAM, AZ US","6",",0","5",",0","1",",0","0",",0","0",",0","","","20100131","+,,0","20100131","+,,0","","","20100122",",,0","0",",,0,31,+","0",",,0,31,+","50.8",",,0,22,","95.7",",,,0","0",",,,0"
"USC00020498","2010-02","33.09619","-111.2574","478.5","ASHURST HAYDEN DAM, AZ US","5",",0","4",",0","0",",0","0",",0","0",",0","","","20100228","+,,0","20100228","+,,0","","","20100228",",,0","0",",,0,28,+","0",",,0,28,+","15.2",",,0,28,","33.8",",,,0","0",",,,0"
"USC00020498","2010-03","33.09619","-111.2574","478.5","ASHURST HAYDEN DAM, AZ US","4",",0","3",",0","0",",0","0",",0","0",",0","","","20100331","+,,0","20100331","+,,0","","","20100308",",,0","0",",,0,31,+","0",",,0,31,+","17.8",",,0,08,","24.6",",,,0","0",",,,0"
"USC00020498","2010-04","33.09619","-111.2574","478.5","ASHURST HAYDEN DAM, AZ US","1",",0","0",",0","0",",0","0",",0","0",",0","","","20100430","+,,0","20100430","+,,0","","","20100423",",,0","0",",,0,30,+","0",",,0,30,+","1.0",",,0,23,","1.0",",,,0","0",",,,0"
"USC00020498","2010-05","33.09619","-111.2574","478.5","ASHURST HAYDEN DAM, AZ US","0",",0","0",",0","0",",0","0","1,0","0",",0","","","20100531","+,1,0","20100531","+,,0","","","20100531","+,,0","0","1,,0,31,+","0",",,0,31,+","0.0",",,0,31,+","0.0",",,,0","0",",,,0"
"USC00020498","2010-06","33.09619","-111.2574","478.5","ASHURST HAYDEN DAM, AZ US","0",",0","0",",0","0",",0","0","1,0","0",",0","","","20100630","+,1,0","20100630","+,,0","","","20100630","+,,0","0","1,,0,30,+","0",",,0,30,+","0.0",",,0,30,+","0.0",",,,0","0",",,,0"
"USC00020498","2010-07","33.09619","-111.2574","478.5","ASHURST HAYDEN DAM, AZ US","3",",0","1",",0","0",",0","0",",0","0",",0","","","20100731","+,,0","20100731","+,,0","","","20100731",",,0","0",",,0,31,+","0",",,0,31,+","12.7",",,0,31,","14.2",",,,0","0",",,,0"
"USC00020498","2010-08","33.09619","-111.2574","478.5","ASHURST HAYDEN DAM, AZ US","3",",0","3",",0","0",",0","0",",0","0",",0","","","20100831","+,,0","20100831","+,,0","","","20100801",",,0","0",",,0,31,+","0",",,0,31,+","22.9",",,0,01,","43.2",",,,0","0",",,,0"
"USC00020498","2010-09","33.09619","-111.2574","478.5","ASHURST HAYDEN DAM, AZ US","0",",0","0",",0","0",",0","0",",0","0",",0","","","20100930","+,,0","20100930","+,,0","","","20100930","+,,0","0",",,0,30,+","0",",,0,30,+","0.0",",,0,30,+","0.0",",,,0","0",",,,0"
"USC00020498","2010-10","33.09619","-111.2574","478.5","ASHURST HAYDEN DAM, AZ US","3",",0","3",",0","0",",0","0",",0","0",",0","","","20101031","+,,0","20101031","+,,0","","","20101006",",,0","0",",,0,31,+","0",",,0,31,+","8.9",",,0,06,","17.8",",,,0","0",",,,0"
"USC00020498","2010-11","33.09619","-111.2574","478.5","ASHURST HAYDEN DAM, AZ US","0",",0","0",",0","0",",0","0",",0","0",",0","","","20101130","+,,0","20101130","+,,0","","","20101130","+,,0","0",",,0,30,+","0",",,0,30,+","0.0",",,0,30,+","0.0",",,,0","0",",,,0"
"USC00020498","2010-12","33.09619","-111.2574","478.5","ASHURST HAYDEN DAM, AZ US","4",",0","1",",0","0",",0","0",",0","0",",0","","","20101231","+,,0","20101231","+,,0","","","20101230",",,0","0",",,0,31,+","0",",,0,31,+","7.6",",,0,30,","11.5",",,,0","0",",,,0"
"USC00020498","2011-01","33.09619","-111.2574","478.5","ASHURST HAYDEN DAM, AZ US","0",",K","0",",K","0",",K","","","","","","","","","","","","","20110131","+,,K","","","","","0.0",",,K,31,+","0.0",",,,K","",""
"USC00020498","2011-02","33.09619","-111.2574","478.5","ASHURST HAYDEN DAM, AZ US","2",",K","2",",K","0",",K","","","","","","","","","","","","","20110227",",,K","","","","","17.3",",,K,27,","29.5",",,,K","",""
"USC00020498","2011-03","33.09619","-111.2574","478.5","ASHURST HAYDEN DAM, AZ US","1",",K","1",",K","0",",K","","","","","","","","","","","","","20110322",",,K","","","","","8.9",",,K,22,","8.9",",,,K","",""
"USC00020498","2011-04","33.09619","-111.2574","478.5","ASHURST HAYDEN DAM, AZ US","2",",7","2",",7","0",",7","","","","","","","","","","","","","20110409",",,7","","","","","10.2",",,7,09,","17.8",",,,7","",""
"USC00020498","2011-05","33.09619","-111.2574","478.5","ASHURST HAYDEN DAM, AZ US","1",",7","1",",7","0",",7","","","","","","","","","","","","","20110519",",,7","","","","","17.8",",,7,19,","17.8",",,,7","",""
"USC00020498","2011-06","33.09619","-111.2574","478.5","ASHURST HAYDEN DAM, AZ US","0",",7","0",",7","0",",7","","","","","","","","","","","","","20110630","+,,7","","","","","0.0",",,7,30,+","0.0",",,,7","",""
"USC00020498","2011-07","33.09619","-111.2574","478.5","ASHURST HAYDEN DAM, AZ US","0",",7","0",",7","0",",7","","","","","","","","","","","","","20110731","+,,7","","","","","0.0",",,7,31,+","0.0",",,,7","",""
"USC00020498","2011-08","33.09619","-111.2574","478.5","ASHURST HAYDEN DAM, AZ US","3",",7","2",",7","1",",7","","","","","","","","","","","","","20110815",",,7","","","","","35.6",",,7,15,","47.8",",,,7","",""
"USC00020498","2011-09","33.09619","-111.2574","478.5","ASHURST HAYDEN DAM, AZ US","3",",7","3",",7","0",",7","","","","","","","","","","","","","20110914","+,,7","","","","","5.1",",,7,14,+","12.7",",,,7","",""
"USC00020498","2011-10","33.09619","-111.2574","478.5","ASHURST HAYDEN DAM, AZ US","1",",7","1",",7","0",",7","","","","","","","","","","","","","20111006",",,7","","","","","12.4",",,7,06,","12.4",",,,7","",""
"USC00020498","2011-11","33.09619","-111.2574","478.5","ASHURST HAYDEN DAM, AZ US","4",",7","3",",7","0",",7","","","","","","","","","","","","","20111107",",,7","","","","","3.6",",,7,07,","11.1",",,,7","",""
"USC00020498","2011-12","33.09619","-111.2574","478.5","ASHURST HAYDEN DAM, AZ US","7",",7","5",",7","0",",7","","","","","","","","","","","","","20111213",",,7","","","","","20.3",",,7,13,","62.2",",,,7","",""
"USC00020498","2012-01","33.09619","-111.2574","478.5","ASHURST HAYDEN DAM, AZ US","1",",7","1",",7","0",",7","","","","","","","","","","","","","20120115",",,7","","","","","21.3",",,7,15,","21.3",",,,7","",""
"USC00020498","2012-02","33.09619","-111.2574","478.5","ASHURST HAYDEN DAM, AZ US","2",",7","2",",7","0",",7","","","","","","","","","","","","","20120215",",,7","","","","","17.8",",,7,15,","20.8",",,,7","",""
"USC00020498","2012-03","33.09619","-111.2574","478.5","ASHURST HAYDEN DAM, AZ US","2","1,7","2","1,7","0","1,7","","","","","","","","","","","","","20120320",",1,7","","","","","15.2","1,,7,20,","24.3","1,,,7","",""
"USC00020498","2012-04","33.09619","-111.2574","478.5","ASHURST HAYDEN DAM, AZ US","1",",7","1",",7","0",",7","","","","","","","","","","","","","20120411",",,7","","","","","2.8",",,7,11,","2.8",",,,7","",""
"USC00020498","2012-05","33.09619","-111.2574","478.5","ASHURST HAYDEN DAM, AZ US","0",",7","0",",7","0",",7","","","","","","","","","","","","","20120531","+,,7","","","","","0.0",",,7,31,+","0.0",",,,7","",""
"USC00020498","2012-06","33.09619","-111.2574","478.5","ASHURST HAYDEN DAM, AZ US","1",",7","0",",7","0",",7","","","","","","","","","","","","","20120628",",,7","","","","","2.0",",,7,28,","2.0",",,,7","",""
"USC00020498","2012-07","33.09619","-111.2574","478.5","ASHURST HAYDEN DAM, AZ US","5",",7","2",",7","0",",7","","","","","","","","","","","","","20120710",",,7","","","","","17.3",",,7,10,","24.9",",,,7","",""
"USC00020498","2012-08","33.09619","-111.2574","478.5","ASHURST HAYDEN DAM, AZ US","6",",7","4",",7","1",",7","","","","","","","","","","","","","20120823",",,7","","","","","25.4",",,7,23,","47.7",",,,7","",""
"USC00020498","2012-09","33.09619","-111.2574","478.5","ASHURST HAYDEN DAM, AZ US","6",",7","3",",7","0",",7","","","","","","","","","","","","","20120908",",,7","","","","","3.8",",,7,08,","13.2",",,,7","",""
"USC00020498","2012-10","33.09619","-111.2574","478.5","ASHURST HAYDEN DAM, AZ US","0",",7","0",",7","0",",7","","","","","","","","","","","","","20121031","+,,7","","","","","0.0",",,7,31,+","0.0",",,,7","",""
"USC00020498","2012-12","33.09619","-111.2574","478.5","ASHURST HAYDEN DAM, AZ US","4",",7","4",",7","0",",7","","","","","","","","","","","","","20121214",",,7","","","","","17.5",",,7,14,","47.5",",,,7","",""
"USC00020498","2013-01","33.09619","-111.2574","478.5","ASHURST HAYDEN DAM, AZ US","5",",7","2",",7","0",",7","","","","","","","","","","","","","20130127",",,7","","","","","18.3",",,7,27,","37.1",",,,7","",""
"USC00020498","2013-02","33.09619","-111.2574","478.5","ASHURST HAYDEN DAM, AZ US","3",",7","2",",7","0",",7","","","","","","","","","","","","","20130221",",,7","","","","","15.7",",,7,21,","18.7",",,,7","",""
"USC00020498","2013-03","33.09619","-111.2574","478.5","ASHURST HAYDEN DAM, AZ US","3",",7","2",",7","0",",7","","","","","","","","","","","","","20130309",",,7","","","","","16.3",",,7,09,","22.6",",,,7","",""
"USC00020498","2013-04","33.09619","-111.2574","478.5","ASHURST HAYDEN DAM, AZ US","1",",7","1",",7","0",",7","","","","","","","","","","","","","20130409",",,7","","","","","7.4",",,7,09,","7.4",",,,7","",""
"USC00020498","2013-05","33.09619","-111.2574","478.5","ASHURST HAYDEN DAM, AZ US","0",",7","0",",7","0",",7","","","","","","","","","","","","","20130531","+,,7","","","","","0.0",",,7,31,+","0.0",",,,7","",""
"USC00020498","2013-06","33.09619","-111.2574","478.5","ASHURST HAYDEN DAM, AZ US","0",",7","0",",7","0",",7","","","","","","","","","","","","","20130630","+,,7","","","","","0.0",",,7,30,+","0.0",",,,7","",""
"USC00020498","2013-07","33.09619","-111.2574","478.5","ASHURST HAYDEN DAM, AZ US","7",",7","6",",7","3",",7","","","","","","","","","","","","","20130726",",,7","","","","","45.0",",,7,26,","113.3",",,,7","",""
"USC00020498","2013-08","33.09619","-111.2574","478.5","ASHURST HAYDEN DAM, AZ US","3",",7","2",",7","0",",7","","","","","","","","","","","","","20130818",",,7","","","","","5.1",",,7,18,","9.4",",,,7","",""
"USC00020498","2013-09","33.09619","-111.2574","478.5","ASHURST HAYDEN DAM, AZ US","4",",7","3",",7","0",",7","","","","","","","","","","","","","20130910",",,7","","","","","20.6",",,7,10,","27.4",",,,7","",""
"USC00020498","2013-10","33.09619","-111.2574","478.5","ASHURST HAYDEN DAM, AZ US","2",",7","1",",7","0",",7","","","","","","","","","","","","","20131010",",,7","","","","","4.6",",,7,10,","5.6",",,,7","",""
"USC00020498","2013-11","33.09619","-111.2574","478.5","ASHURST HAYDEN DAM, AZ US","2",",7","2",",7","0",",7","","","","","","","","","","","","","20131123",",,7","","","","","3.6",",,7,23,","6.4",",,,7","",""
"USC00020498","2013-12","33.09619","-111.2574","478.5","ASHURST HAYDEN DAM, AZ US","2",",7","1",",7","0",",7","","","","","","","","","","","","","20131220",",,7","","","","","9.1",",,7,20,","10.4",",,,7","",""
"USC00020498","2014-01","33.09619","-111.2574","478.5","ASHURST HAYDEN DAM, AZ US","0",",7","0",",7","0",",7","","","","","","","","","","","","","20140131","+,,7","","","","","0.0",",,7,31,+","0.0",",,,7","",""
"USC00020498","2014-02","33.09619","-111.2574","478.5","ASHURST HAYDEN DAM, AZ US","0",",7","0",",7","0",",7","","","","","","","","","","","","","20140228","+,,7","","","","","0.0",",,7,28,+","0.0",",,,7","",""
"USC00020498","2014-03","33.09619","-111.2574","478.5","ASHURST HAYDEN DAM, AZ US","2",",7","2",",7","1",",7","","","","","","","","","","","","","20140302",",,7","","","","","37.6",",,7,02,","49.5",",,,7","",""
"USC00020498","2014-05","33.09619","-111.2574","478.5","ASHURST HAYDEN DAM, AZ US","0",",7","0",",7","0",",7","","","","","","","","","","","","","20140531","+,,7","","","","","0.0",",,7,31,+","0.0",",,,7","",""
"USC00020498","2014-06","33.09619","-111.2574","478.5","ASHURST HAYDEN DAM, AZ US","0",",7","0",",7","0",",7","","","","","","","","","","","","","20140630","+,,7","","","","","0.0",",,7,30,+","0.0",",,,7","",""
"USC00020498","2014-07","33.09619","-111.2574","478.5","ASHURST HAYDEN DAM, AZ US","0",",7","0",",7","0",",7","","","","","","","","","","","","","20140731","+,,7","","","","","0.0",",,7,31,+","0.0",",,,7","",""
"USC00020498","2014-08","33.09619","-111.2574","478.5","ASHURST HAYDEN DAM, AZ US","6",",7","3",",7","0",",7","","","","","","","","","","","","","20140813",",,7","","","","","6.6",",,7,13,","18.9",",,,7","",""
"USC00020498","2014-09","33.09619","-111.2574","478.5","ASHURST HAYDEN DAM, AZ US","5",",7","4",",7","1",",7","","","","","","","","","","","","","20140909",",,7","","","","","33.0",",,7,09,","81.0",",,,7","",""
"USC00020498","2014-10","33.09619","-111.2574","478.5","ASHURST HAYDEN DAM, AZ US","0",",7","0",",7","0",",7","","","","","","","","","","","","","20141031","+,,7","","","","","0.0",",,7,31,+","0.0",",,,7","",""
"USC00020498","2014-11","33.09619","-111.2574","478.5","ASHURST HAYDEN DAM, AZ US","0",",7","0",",7","0",",7","","","","","","","","","","","","","20141130","+,,7","","","","","0.0",",,7,30,+","0.0",",,,7","",""
"USC00020498","2014-12","33.09619","-111.2574","478.5","ASHURST HAYDEN DAM, AZ US","6",",7","5",",7","0",",7","","","","","","","","","","","","","20141205",",,7","","","","","15.2",",,7,05,","45.5",",,,7","",""
"USC00020498","2015-01","33.09619","-111.2574","478.5","ASHURST HAYDEN DAM, AZ US","5",",7","3",",7","0",",7","","","","","","","","","","","","","20150101",",,7","","","","","21.3",",,7,01,","49.0",",,,7","",""
"USC00020498","2015-02","33.09619","-111.2574","478.5","ASHURST HAYDEN DAM, AZ US","2",",7","0",",7","0",",7","","","","","","","","","","","","","20150227",",,7","","","","","0.5",",,7,27,","0.8",",,,7","",""
"USC00020498","2015-03","33.09619","-111.2574","478.5","ASHURST HAYDEN DAM, AZ US","2",",7","2",",7","0",",7","","","","","","","","","","","","","20150320",",,7","","","","","4.6",",,7,20,","8.4",",,,7","",""
"USC00020498","2015-04","33.09619","-111.2574","478.5","ASHURST HAYDEN DAM, AZ US","1",",7","1",",7","0",",7","","","","","","","","","","","","","20150426",",,7","","","","","9.9",",,7,26,","9.9",",,,7","",""
"USC00020498","2015-05","33.09619","-111.2574","478.5","ASHURST HAYDEN DAM, AZ US","3",",7","3",",7","0",",7","","","","","","","","","","","","","20150505",",,7","","","","","13.5",",,7,05,","30.6",",,,7","",""
"USC00020498","2015-06","33.09619","-111.2574","478.5","ASHURST HAYDEN DAM, AZ US","1",",7","1",",7","0",",7","","","","","","","","","","","","","20150605",",,7","","","","","2.5",",,7,05,","2.5",",,,7","",""
"USC00020498","2015-07","33.09619","-111.2574","478.5","ASHURST HAYDEN DAM, AZ US","4",",7","3",",7","0",",7","","","","","","","","","","","","","20150719",",,7","","","","","20.3",",,7,19,","46.3",",,,7","",""
"USC00020498","2015-08","33.09619","-111.2574","478.5","ASHURST HAYDEN DAM, AZ US","2",",7","1",",7","0",",7","","","","","","","","","","","","","20150812",",,7","","","","","14.0",",,7,12,","14.8",",,,7","",""
"USC00020498","2015-09","33.09619","-111.2574","478.5","ASHURST HAYDEN DAM, AZ US","3",",7","3",",7","1",",7","","","","","","","","","","","","","20150901",",,7","","","","","50.8",",,7,01,","62.9",",,,7","",""
"USC00020498","2015-10","33.09619","-111.2574","478.5","ASHURST HAYDEN DAM, AZ US","8",",7","4",",7","0",",7","","","","","","","","","","","","","20151030",",,7","","","","","10.2",",,7,30,","28.3",",,,7","",""
"USC00020498","2015-11","33.09619","-111.2574","478.5","ASHURST HAYDEN DAM, AZ US","4",",7","2",",7","0",",7","","","","","","","","","","","","","20151104",",,7","","","","","11.4",",,7,04,","24.4",",,,7","",""
"USC00020498","2015-12","33.09619","-111.2574","478.5","ASHURST HAYDEN DAM, AZ US","3",",7","0",",7","0",",7","","","","","","","","","","","","","20151224",",,7","","","","","1.3",",,7,24,","2.8",",,,7","",""
"USC00020498","2016-01","33.09619","-111.2574","478.5","ASHURST HAYDEN DAM, AZ US","4",",7","4",",7","0",",7","","","","","","","","","","","","","20160106",",,7","","","","","17.5",",,7,06,","35.0",",,,7","",""
"USC00020498","2016-02","33.09619","-111.2574","478.5","ASHURST HAYDEN DAM, AZ US","1",",7","1",",7","0",",7","","","","","","","","","","","","","20160201",",,7","","","","","5.3",",,7,01,","5.3",",,,7","",""
"USC00020498","2016-03","33.09619","-111.2574","478.5","ASHURST HAYDEN DAM, AZ US","0",",7","0",",7","0",",7","","","","","","","","","","","","","20160331","+,,7","","","","","0.0",",,7,31,+","0.0",",,,7","",""
"USC00020498","2016-04","33.09619","-111.2574","478.5","ASHURST HAYDEN DAM, AZ US","0",",7","0",",7","0",",7","","","","","","","","","","","","","20160430","+,,7","","","","","0.0",",,7,30,+","0.0",",,,7","",""
"USC00020498","2016-05","33.09619","-111.2574","478.5","ASHURST HAYDEN DAM, AZ US","0",",7","0",",7","0",",7","","","","","","","","","","","","","20160531","+,,7","","","","","0.0",",,7,31,+","0.0",",,,7","",""
"USC00020498","2016-06","33.09619","-111.2574","478.5","ASHURST HAYDEN DAM, AZ US","0",",7","0",",7","0",",7","","","","","","","","","","","","","20160630","+,,7","","","","","0.0",",,7,30,+","0.0",",,,7","",""
"USC00020498","2016-07","33.09619","-111.2574","478.5","ASHURST HAYDEN DAM, AZ US","0",",7","0",",7","0",",7","","","","","","","","","","","","","20160731","+,,7","","","","","0.0",",,7,31,+","0.0",",,,7","",""
"USC00020498","2016-08","33.09619","-111.2574","478.5","ASHURST HAYDEN DAM, AZ US","2",",7","2",",7","0",",7","","","","","","","","","","","","","20160803",",,7","","","","","9.9",",,7,03,","16.5",",,,7","",""
"USC00020498","2016-09","33.09619","-111.2574","478.5","ASHURST HAYDEN DAM, AZ US","3",",7","1",",7","0",",7","","","","","","","","","","","","","20160929",",,7","","","","","3.0",",,7,29,","6.8",",,,7","",""
"USC00020498","2016-10","33.09619","-111.2574","478.5","ASHURST HAYDEN DAM, AZ US","1",",7","0",",7","0",",7","","","","","","","","","","","","","20161003",",,7","","","","","0.8",",,7,03,","0.8",",,,7","",""
"USC00020498","2016-11","33.09619","-111.2574","478.5","ASHURST HAYDEN DAM, AZ US","3",",7","1",",7","0",",7","","","","","","","","","","","","","20161104",",,7","","","","","14.2",",,7,04,","15.2",",,,7","",""
"USC00020498","2017-01","33.09619","-111.2574","478.5","ASHURST HAYDEN DAM, AZ US","6",",7","5",",7","0",",7","","","","","","","","","","","","","20170121",",,7","","","","","19.8",",,7,21,","50.5",",,,7","",""
"USC00020498","2017-02","33.09619","-111.2574","478.5","ASHURST HAYDEN DAM, AZ US","3",",7","3",",7","0",",7","","","","","","","","","","","","","20170219",",,7","","","","","7.9",",,7,19,","17.3",",,,7","",""
"USC00020498","2017-04","33.09619","-111.2574","478.5","ASHURST HAYDEN DAM, AZ US","0",",7","0",",7","0",",7","","","","","","","","","","","","","20170430","+,,7","","","","","0.0",",,7,30,+","0.0",",,,7","",""
"USC00020498","2017-05","33.09619","-111.2574","478.5","ASHURST HAYDEN DAM, AZ US","2",",7","1",",7","0",",7","","","","","","","","","","","","","20170509",",,7","","","","","3.0",",,7,09,","3.5",",,,7","",""
"USC00020498","2017-06","33.09619","-111.2574","478.5","ASHURST HAYDEN DAM, AZ US","0",",7","0",",7","0",",7","","","","","","","","","","","","","20170630","+,,7","","","","","0.0",",,7,30,+","0.0",",,,7","",""
"USC00020498","2017-07","33.09619","-111.2574","478.5","ASHURST HAYDEN DAM, AZ US","5",",7","5",",7","1",",7","","","","","","","","","","","","","20170716",",,7","","","","","35.6",",,7,16,","80.0",",,,7","",""
"USC00020498","2017-08","33.09619","-111.2574","478.5","ASHURST HAYDEN DAM, AZ US","3",",7","3",",7","1",",7","","","","","","","","","","","","","20170813",",,7","","","","","34.3",",,7,13,","52.5",",,,7","",""
"USC00020498","2017-09","33.09619","-111.2574","478.5","ASHURST HAYDEN DAM, AZ US","2",",7","1",",7","0",",7","","","","","","","","","","","","","20170908",",,7","","","","","2.5",",,7,08,","3.5",",,,7","",""
"USC00020498","2017-10","33.09619","-111.2574","478.5","ASHURST HAYDEN DAM, AZ US","0",",7","0",",7","0",",7","","","","","","","","","","","","","20171031","+,,7","","","","","0.0",",,7,31,+","0.0",",,,7","",""
"USC00020498","2017-11","33.09619","-111.2574","478.5","ASHURST HAYDEN DAM, AZ US","0",",7","0",",7","0",",7","","","","","","","","","","","","","20171130","+,,7","","","","","0.0",",,7,30,+","0.0",",,,7","",""
"USC00020498","2018-11","33.09619","-111.2574","478.5","ASHURST HAYDEN DAM, AZ US","1",",7","1",",7","0",",7","","","","","","","","","","","","","20181130",",,7","","","","","10.9",",,7,30,","10.9",",,,7","",""
"USC00020498","2018-12","33.09619","-111.2574","478.5","ASHURST HAYDEN DAM, AZ US","2",",7","2",",7","0",",7","","","","","","","","","","","","","20181226",",,7","","","","","8.6",",,7,26,","15.0",",,,7","",""
"USC00020498","2019-01","33.09619","-111.2574","478.5","ASHURST HAYDEN DAM, AZ US","3",",7","2",",7","0",",7","","","","","","","","","","","","","20190106",",,7","","","","","18.3",",,7,06,","23.1",",,,7","",""
"USC00020498","2019-02","33.09619","-111.2574","478.5","ASHURST HAYDEN DAM, AZ US","11",",7","8",",7","1",",7","","","","","","","","","","","","","20190222",",,7","","","","","44.5",",,7,22,","112.3",",,,7","",""
"USC00020498","2019-03","33.09619","-111.2574","478.5","ASHURST HAYDEN DAM, AZ US","3",",7","2",",7","0",",7","","","","","","","","","","","","","20190312",",,7","","","","","9.7",",,7,12,","17.6",",,,7","",""
"USC00020498","2019-04","33.09619","-111.2574","478.5","ASHURST HAYDEN DAM, AZ US","2",",7","0",",7","0",",7","","","","","","","","","","","","","20190424",",,7","","","","","1.3",",,7,24,","1.8",",,,7","",""
"USC00020498","2019-05","33.09619","-111.2574","478.5","ASHURST HAYDEN DAM, AZ US","0",",7","0",",7","0",",7","","","","","","","","","","","","","20190531","+,,7","","","","","0.0",",,7,31,+","0.0",",,,7","",""
"USC00020498","2019-06","33.09619","-111.2574","478.5","ASHURST HAYDEN DAM, AZ US","0",",7","0",",7","0",",7","","","","","","","","","","","","","20190630","+,,7","","","","","0.0",",,7,30,+","0.0",",,,7","",""
"USC00020498","2019-07","33.09619","-111.2574","478.5","ASHURST HAYDEN DAM, AZ US","2",",7","2",",7","0",",7","","","","","","","","","","","","","20190723",",,7","","","","","18.5",",,7,23,","33.7",",,,7","",""
"USC00020498","2019-08","33.09619","-111.2574","478.5","ASHURST HAYDEN DAM, AZ US","3",",7","1",",7","0",",7","","","","","","","","","","","","","20190801",",,7","","","","","6.6",",,7,01,","8.2",",,,7","",""
"USC00020498","2019-09","33.09619","-111.2574","478.5","ASHURST HAYDEN DAM, AZ US","9",",7","2",",7","0",",7","","","","","","","","","","","","","20190904",",,7","","","","","15.5",",,7,04,","28.8",",,,7","",""
"USC00020498","2019-10","33.09619","-111.2574","478.5","ASHURST HAYDEN DAM, AZ US","0",",7","0",",7","0",",7","","","","","","","","","","","","","20191031","+,,7","","","","","0.0",",,7,31,+","0.0",",,,7","",""
"USC00020498","2019-11","33.09619","-111.2574","478.5","ASHURST HAYDEN DAM, AZ US","4",",7","4",",7","1",",7","","","","","","","","","","","","","20191129",",,7","","","","","31.5",",,7,29,","81.0",",,,7","",""
"USC00020498","2019-12","33.09619","-111.2574","478.5","ASHURST HAYDEN DAM, AZ US","5",",7","4",",7","1",",7","","","","","","","","","","","","","20191225",",,7","","","","","31.8",",,7,25,","58.5",",,,7","",""
"USC00020498","2020-01","33.09619","-111.2574","478.5","ASHURST HAYDEN DAM, AZ US","2",",7","2",",7","0",",7","","","","","","","","","","","","","20200122",",,7","","","","","5.1",",,7,22,","8.9",",,,7","",""
"USC00020498","2020-02","33.09619","-111.2574","478.5","ASHURST HAYDEN DAM, AZ US","3",",7","3",",7","0",",7","","","","","","","","","","","","","20200223",",,7","","","","","15.2",",,7,23,","27.9",",,,7","",""
"USC00020498","2020-03","33.09619","-111.2574","478.5","ASHURST HAYDEN DAM, AZ US","5",",7","5",",7","0",",7","","","","","","","","","","","","","20200319",",,7","","","","","21.6",",,7,19,","46.7",",,,7","",""
"USC00020498","2020-04","33.09619","-111.2574","478.5","ASHURST HAYDEN DAM, AZ US","0",",7","0",",7","0",",7","","","","","","","","","","","","","20200430","+,,7","","","","","0.0",",,7,30,+","0.0",",,,7","",""
"USC00020498","2020-05","33.09619","-111.2574","478.5","ASHURST HAYDEN DAM, AZ US","0",",7","0",",7","0",",7","","","","","","","","","","","","","20200531","+,,7","","","","","0.0",",,7,31,+","0.0",",,,7","",""
"USC00020498","2020-06","33.09619","-111.2574","478.5","ASHURST HAYDEN DAM, AZ US","0",",7","0",",7","0",",7","","","","","","","","","","","","","20200630","+,,7","","","","","0.0",",,7,30,+","0.0",",,,7","",""
"USC00020498","2020-07","33.09619","-111.2574","478.5","ASHURST HAYDEN DAM, AZ US","0",",7","0",",7","0",",7","","","","","","","","","","","","","20200731","+,,7","","","","","0.0",",,7,31,+","0.0",",,,7","",""
"USC00020498","2020-08","33.09619","-111.2574","478.5","ASHURST HAYDEN DAM, AZ US","1",",7","1",",7","0",",7","","","","","","","","","","","","","20200821",",,7","","","","","7.1",",,7,21,","7.1",",,,7","",""
"USC00020498","2020-09","33.09619","-111.2574","478.5","ASHURST HAYDEN DAM, AZ US","0",",7","0",",7","0",",7","","","","","","","","","","","","","20200930","+,,7","","","","","0.0",",,7,30,+","0.0",",,,7","",""
"USC00020498","2020-10","33.09619","-111.2574","478.5","ASHURST HAYDEN DAM, AZ US","0",",7","0",",7","0",",7","","","","","","","","","","","","","20201031","+,,7","","","","","0.0",",,7,31,+","0.0",",,,7","",""
"USC00020498","2020-11","33.09619","-111.2574","478.5","ASHURST HAYDEN DAM, AZ US","1",",7","1",",7","0",",7","","","","","","","","","","","","","20201109",",,7","","","","","11.7",",,7,09,","11.7",",,,7","",""
"USC00020498","2020-12","33.09619","-111.2574","478.5","ASHURST HAYDEN DAM, AZ US","0",",7","0",",7","0",",7","","","","","","","","","","","","","20201231","+,,7","","","","","0.0",",,7,31,+","0.0",",,,7","",""
"USC00020498","2021-01","33.09619","-111.2574","478.5","ASHURST HAYDEN DAM, AZ US","5",",7","4",",7","0",",7","","","","","","","","","","","","","20210126",",,7","","","","","11.4",",,7,26,","37.6",",,,7","",""
"USC00020498","2021-02","33.09619","-111.2574","478.5","ASHURST HAYDEN DAM, AZ US","0",",7","0",",7","0",",7","","","","","","","","","","","","","20210228","+,,7","","","","","0.0",",,7,28,+","0.0",",,,7","",""
"USC00020498","2021-03","33.09619","-111.2574","478.5","ASHURST HAYDEN DAM, AZ US","2",",7","1",",7","0",",7","","","","","","","","","","","","","20210313",",,7","","","","","3.0",",,7,13,","4.8",",,,7","",""
"USC00020498","2021-04","33.09619","-111.2574","478.5","ASHURST HAYDEN DAM, AZ US","0",",7","0",",7","0",",7","","","","","","","","","","","","","20210430","+,,7","","","","","0.0",",,7,30,+","0.0",",,,7","",""
"USC00020498","2021-05","33.09619","-111.2574","478.5","ASHURST HAYDEN DAM, AZ US","0",",7","0",",7","0",",7","","","","","","","","","","","","","20210531","+,,7","","","","","0.0",",,7,31,+","0.0",",,,7","",""
"USC00020498","2021-06","33.09619","-111.2574","478.5","ASHURST HAYDEN DAM, AZ US","0",",7","0",",7","0",",7","","","","","","","","","","","","","20210630","+,,7","","","","","0.0",",,7,30,+","0.0",",,,7","",""
"USC00020498","2021-07","33.09619","-111.2574","478.5","ASHURST HAYDEN DAM, AZ US","7",",7","6",",7","0",",7","","","","","","","","","","","","","20210725",",,7","","","","","24.9",",,7,25,","77.2",",,,7","",""
"USC00020498","2021-08","33.09619","-111.2574","478.5","ASHURST HAYDEN DAM, AZ US","5",",7","4",",7","0",",7","","","","","","","","","","","","","20210812",",,7","","","","","16.5",",,7,12,","29.9",",,,7","",""
"USC00020498","2021-09","33.09619","-111.2574","478.5","ASHURST HAYDEN DAM, AZ US","4",",7","2",",7","0",",7","","","","","","","","","","","","","20210930",",,7","","","","","5.8",",,7,30,","11.7",",,,7","",""
"USC00020498","2021-10","33.09619","-111.2574","478.5","ASHURST HAYDEN DAM, AZ US","1",",7","0",",7","0",",7","","","","","","","","","","","","","20211005",",,7","","","","","1.0",",,7,05,","1.0",",,,7","",""
"USC00020498","2021-11","33.09619","-111.2574","478.5","ASHURST HAYDEN DAM, AZ US","0",",7","0",",7","0",",7","","","","","","","","","","","","","20211130","+,,7","","","","","0.0",",,7,30,+","0.0",",,,7","",""
"USC00020498","2021-12","33.09619","-111.2574","478.5","ASHURST HAYDEN DAM, AZ US","6",",7","4",",7","0",",7","","","","","","","","","","","","","20211210",",,7","","","","","20.1",",,7,10,","38.4",",,,7","",""
"USC00020498","2022-01","33.09619","-111.2574","478.5","ASHURST HAYDEN DAM, AZ US","0",",7","0",",7","0",",7","","","","","","","","","","","","","20220131","+,,7","","","","","0.0",",,7,31,+","0.0",",,,7","",""
"USC00020498","2022-02","33.09619","-111.2574","478.5","ASHURST HAYDEN DAM, AZ US","2",",7","1",",7","0",",7","","","","","","","","","","","","","20220224",",,7","","","","","16.3",",,7,24,","17.8",",,,7","",""
"USC00020498","2022-03","33.09619","-111.2574","478.5","ASHURST HAYDEN DAM, AZ US","2",",7","2",",7","0",",7","","","","","","","","","","","","","20220331",",,7","","","","","10.9",",,7,31,","13.4",",,,7","",""
"USC00020498","2022-04","33.09619","-111.2574","478.5","ASHURST HAYDEN DAM, AZ US","0",",7","0",",7","0",",7","","","","","","","","","","","","","20220430","+,,7","","","","","0.0",",,7,30,+","0.0",",,,7","",""
"USC00020498","2022-05","33.09619","-111.2574","478.5","ASHURST HAYDEN DAM, AZ US","0",",7","0",",7","0",",7","","","","","","","","","","","","","20220531","+,,7","","","","","0.0",",,7,31,+","0.0",",,,7","",""
"USC00020498","2022-06","33.09619","-111.2574","478.5","ASHURST HAYDEN DAM, AZ US","2",",7","2",",7","0",",7","","","","","","","","","","","","","20220619",",,7","","","","","19.1",",,7,19,","24.4",",,,7","",""
"USC00020498","2022-07","33.09619","-111.2574","478.5","ASHURST HAYDEN DAM, AZ US","4",",7","2",",7","0",",7","","","","","","","","","","","","","20220724",",,7","","","","","7.9",",,7,24,","12.4",",,,7","",""
"USC00020498","2022-08","33.09619","-111.2574","478.5","ASHURST HAYDEN DAM, AZ US","7",",7","4",",7","0",",7","","","","","","","","","","","","","20220804",",,7","","","","","18.8",",,7,04,","42.9",",,,7","",""
"USC00020498","2022-09","33.09619","-111.2574","478.5","ASHURST HAYDEN DAM, AZ US","4",",7","3",",7","0",",7","","","","","","","","","","","","","20220921",",,7","","","","","9.7",",,7,21,","22.5",",,,7","",""
"USC00020498","2022-10","33.09619","-111.2574","478.5","ASHURST HAYDEN DAM, AZ US","4",",7","3",",7","1",",7","","","","","","","","","","","","","20221009",",,7","","","","","43.2",",,7,09,","65.3",",,,7","",""
"USC00020498","2022-11","33.09619","-111.2574","478.5","ASHURST HAYDEN DAM, AZ US","1",",7","1",",7","0",",7","","","","","","","","","","","","","20221103",",,7","","","","","5.3",",,7,03,","5.3",",,,7","",""
"USC00020498","2023-01","33.09619","-111.2574","478.5","ASHURST HAYDEN DAM, AZ US","2","5,7","0","5,7","0","5,7","","","","","","","","","","","","","20230115",",5,7","","","","","0.8","5,,7,15,","22.1","2,a,,7","",""
"USC00020498","2023-03","33.09619","-111.2574","478.5","ASHURST HAYDEN DAM, AZ US","3",",7","2",",7","0",",7","","","","","","","","","","","","","20230315",",,7","","","","","22.9",",,7,15,","39.4",",,,7","",""
"USC00020498","2023-04","33.09619","-111.2574","478.5","ASHURST HAYDEN DAM, AZ US","0",",7","0",",7","0",",7","","","","","","","","","","","","","20230430","+,,7","","","","","0.0",",,7,30,+","0.0",",,,7","",""
"USC00020498","2023-06","33.09619","-111.2574","478.5","ASHURST HAYDEN DAM, AZ US","0",",7","0",",7","0",",7","","","","","","","","","","","","","20230630","+,,7","","","","","0.0",",,7,30,+","0.0",",,,7","",""
"USC00020498","2023-07","33.09619","-111.2574","478.5","ASHURST HAYDEN DAM, AZ US","3",",7","3",",7","0",",7","","","","","","","","","","","","","20230718",",,7","","","","","6.9",",,7,18,","14.0",",,,7","",""
"USC00020498","2023-08","33.09619","-111.2574","478.5","ASHURST HAYDEN DAM, AZ US","5",",7","3",",7","0",",7","","","","","","","","","","","","","20230822",",,7","","","","","8.6",",,7,22,","17.8",",,,7","",""
"USC00020498","2023-09","33.09619","-111.2574","478.5","ASHURST HAYDEN DAM, AZ US","2",",7","0",",7","0",",7","","","","","","","","","","","","","20230902",",,7","","","","","1.0",",,7,02,","1.8",",,,7","",""
"USC00020498","2023-10","33.09619","-111.2574","478.5","ASHURST HAYDEN DAM, AZ US","0",",7","0",",7","0",",7","","","","","","","","","","","","","20231031","+,,7","","","","","0.0",",,7,31,+","0.0",",,,7","",""
"USC00020498","2023-11","33.09619","-111.2574","478.5","ASHURST HAYDEN DAM, AZ US","5",",7","3",",7","0",",7","","","","","","","","","","","","","20231118",",,7","","","","","14.0",",,7,18,","26.8",",,,7","",""
"USC00020498","2023-12","33.09619","-111.2574","478.5","ASHURST HAYDEN DAM, AZ US","5",",7","1",",7","1",",7","","","","","","","","","","","","","20231223",",,7","","","","","25.7",",,7,23,","28.3",",,,7","",""
"USC00020498","2024-01","33.09619","-111.2574","478.5","ASHURST HAYDEN DAM, AZ US","7",",7","4",",7","0",",7","","","","","","","","","","","","","20240123",",,7","","","","","18.0",",,7,23,","44.2",",,,7","",""
"USC00020498","2024-02","33.09619","-111.2574","478.5","ASHURST HAYDEN DAM, AZ US","8",",7","5",",7","0",",7","","","","","","","","","","","","","20240202",",,7","","","","","21.3",",,7,02,","60.7",",,,7","",""
"USC00020498","2024-03","33.09619","-111.2574","478.5","ASHURST HAYDEN DAM, AZ US","6",",7","3",",7","0",",7","","","","","","","","","","","","","20240316",",,7","","","","","11.4",",,7,16,","22.3",",,,7","",""
"USC00020498","2024-05","33.09619","-111.2574","478.5","ASHURST HAYDEN DAM, AZ US","0",",7","0",",7","0",",7","","","","","","","","","","","","","20240531","+,,7","","","","","0.0",",,7,31,+","0.0",",,,7","",""
