"STATION","DATE","LATITUDE","LONGITUDE","ELEVATION","NAME","CDSD","CDSD_ATTRIBUTES","CLDD","CLDD_ATTRIBUTES","DP01","DP01_ATTRIBUTES","DP10","DP10_ATTRIBUTES","DP1X","DP1X_ATTRIBUTES","DSND","DSND_ATTRIBUTES","DSNW","DSNW_ATTRIBUTES","DT00","DT00_ATTRIBUTES","DT32","DT32_ATTRIBUTES","DX32","DX32_ATTRIBUTES","DX70","DX70_ATTRIBUTES","DX90","DX90_ATTRIBUTES","DYFG","DYFG_ATTRIBUTES","DYNT","DYNT_ATTRIBUTES","DYSD","DYSD_ATTRIBUTES","DYSN","DYSN_ATTRIBUTES","DYTS","DYTS_ATTRIBUTES","DYXP","DYXP_ATTRIBUTES","DYXT","DYXT_ATTRIBUTES","EMNT","EMNT_ATTRIBUTES","EMSD","EMSD_ATTRIBUTES","EMSN","EMSN_ATTRIBUTES","EMXP","EMXP_ATTRIBUTES","EMXT","EMXT_ATTRIBUTES","HDSD","HDSD_ATTRIBUTES","HTDD","HTDD_ATTRIBUTES","PRCP","PRCP_ATTRIBUTES","SNOW","SNOW_ATTRIBUTES","TAVG","TAVG_ATTRIBUTES","TMAX","TMAX_ATTRIBUTES","TMIN","TMIN_ATTRIBUTES"
"USC00472893","1960-09","46.41667","-92.25","384.0","FOXBORO 6 SSE, WI US","","","27.2",",0","9","2,0","4","2,0","0","2,0","0",",0","0",",0","0",",0","2",",0","0",",0","12",",0","0",",0","","","19600930","+,,0","19600930","+,,0","19600930","+,,0","2","","19600901",",2,0","19600903",",,0","-2.8",",0,30,+","0",",,0,30,+","0",",,0,30,+","11.9","2,,0,01,","31.1",",0,03,","","","156.0",",0","31.5","2,,,0","0",",,,0","14.04",",0","20.12",",,,0","7.96",",,,0"
"USC00472893","1960-10","46.41667","-92.25","384.0","FOXBORO 6 SSE, WI US","","","0.0",",0","6",",0","4",",0","0",",0","0",",0","0",",0","0",",0","14",",0","0",",0","4",",0","0",",0","1","","19601024",",,0","19601031","+,,0","19601019",",,0","","","19601030",",,0","19601010",",,0","-11.7",",0,24,","0",",,0,31,+","0",",T,0,19,","16.5",",,0,30,","25.6",",0,10,","","","321.1",",0","34.9",",,,0","0",",T,,0","7.97",",0","14.45",",,,0","1.50",",,,0"
"USC00472893","1960-11","46.41667","-92.25","384.0","FOXBORO 6 SSE, WI US","","","0.0",",0","5",",0","5",",0","1",",0","3",",0","0","2,0","0",",0","26",",0","3",",0","0",",0","0",",0","2","","19601130",",,0","19601130","+,,0","19601116","+,2,0","1","","19601128",",,0","19601121",",,0","-15.0",",0,30,","76",",,0,30,+","0","2,T,0,16,+","30.5",",,0,28,","11.7",",0,21,","","","543.8",",0","67.2",",,,0","0","2,T,,0","0.21",",0","4.87",",,,0","-4.46",",,,0"
"USC00472893","1960-12","46.41667","-92.25","384.0","FOXBORO 6 SSE, WI US","","","0.0",",0","1",",0","1",",0","0",",0","21",",0","0",",0","14",",0","31",",0","23",",0","0",",0","0",",0","1","","19601223",",,0","19601202","+,,0","19601215",",,0","1","","19601205",",,0","19601205",",,0","-28.9",",0,23,","76",",,0,02,+","18",",,0,15,","8.9",",,0,05,","9.4",",0,05,","","","887.7",",0","8.9",",,,0","51",",,,0","-10.30",",0","-5.02",",,,0","-15.59",",,,0"
"USC00472893","1961-01","46.41667","-92.25","384.0","FOXBORO 6 SSE, WI US","0.0","0","0.0",",0","1",",0","0",",0","0",",0","31",",0","1",",0","20",",0","31",",0","21",",0","0",",0","0",",0","","","19610122",",,0","19610131",",,0","19610131",",,0","","","19610131",",,0","19610110",",,0","-32.8",",0,22,","76",",,0,31,","51",",,0,31,","2.3",",,0,31,","5.0",",0,10,","","","964.4",",0","2.3",",,,0","54",",,,0","-12.78",",0","-6.56",",,,0","-19.00",",,,0"
"USC00472893","1961-02","46.41667","-92.25","384.0","FOXBORO 6 SSE, WI US","0.0","0","0.0",",0","4",",0","2",",0","0",",0","28",",0","3",",0","7",",0","28",",0","9",",0","0",",0","0",",0","","","19610203",",,0","19610220","+,,0","19610218",",,0","","","19610218",",,0","19610222",",,0","-27.2",",0,03,","127",",,0,20,+","76",",,0,18,","4.3",",,0,18,","12.8",",0,22,","","","655.9",",0","11.4",",,,0","144",",,,0","-5.09",",0","1.17",",,,0","-11.36",",,,0"
"USC00472893","1961-03","46.41667","-92.25","384.0","FOXBORO 6 SSE, WI US","0.0","0","0.0","1,0","7",",0","5",",0","1",",0","14",",0","5",",0","0","1,0","27","1,0","1",",0","0",",0","0",",0","3","","19610317","+,1,0","19610306",",,0","19610306",",,0","","","19610327",",,0","19610325",",,0","-15.0","1,0,17,+","76",",,0,06,","51",",,0,06,","30.5",",,0,27,","15.0",",0,25,","","","556.3",",0","58.4",",,,0","177",",,,0","-0.20","1,0","4.99",",,,0","-5.39","1,,,0"
"USC00472893","1961-04","46.41667","-92.25","384.0","FOXBORO 6 SSE, WI US","0.0","0","0.0",",0","13",",0","11",",0","2",",0","6",",0","3",",0","0",",0","27",",0","0",",0","0",",0","0",",0","2","","19610401",",,0","19610416",",,0","19610415",",,0","2","","19610415",",,0","19610422",",,0","-11.7",",0,01,","406",",,0,16,","254",",,0,15,","40.6",",,0,15,","18.3",",0,22,","","","470.8",",0","148.4",",,,0","533",",,,0","2.64",",0","8.81",",,,0","-3.54",",,,0"
"USC00472893","1961-05","46.41667","-92.25","384.0","FOXBORO 6 SSE, WI US","4.5","0","4.5",",0","9",",0","8",",0","2",",0","0",",0","0",",0","0",",0","11",",0","0",",0","14",",0","0",",0","2","","19610502",",,0","19610531","+,,0","19610531","+,,0","4","","19610514",",,0","19610511",",,0","-4.4",",0,02,","0",",,0,31,+","0",",,0,31,+","45.0",",,0,14,","28.3",",0,11,","","","242.9",",0","130.9",",,,0","0",",,,0","10.64",",0","19.27",",,,0","2.01",",,,0"
"USC00472893","1961-06","46.41667","-92.25","384.0","FOXBORO 6 SSE, WI US","41.2","0","36.7",",0","5",",0","3",",0","0",",0","0",",0","0",",0","0",",0","1",",0","0",",0","25",",0","2",",0","","","19610615",",,0","19610630","+,,0","19610630","+,,0","4","","19610602",",,0","19610628",",,0","-0.6",",0,15,","0",",,0,30,+","0",",,0,30,+","9.4",",,0,02,","34.4",",0,28,","","","82.4",",0","26.0",",,,0","0",",,,0","16.81",",0","24.87",",,,0","8.74",",,,0"
"USC00472893","1961-07","46.41667","-92.25","384.0","FOXBORO 6 SSE, WI US","79.5","0","38.3",",0","13",",0","8",",0","0",",0","0",",0","0",",0","0",",0","0",",0","0",",0","29",",0","0",",0","4","","19610708",",,0","19610731","+,,0","19610731","+,,0","7","","19610713",",,0","19610725","+,,0","2.8",",0,08,","0",",,0,31,+","0",",,0,31,+","19.1",",,0,13,","30.6",",0,25,+","14.9","0","14.9",",0","69.8",",,,0","0",",,,0","19.09",",0","26.28",",,,0","11.90",",,,0"
"USC00472893","1961-08","46.41667","-92.25","384.0","FOXBORO 6 SSE, WI US","147.8","0","68.3",",0","4",",0","1",",0","0",",0","0",",0","0",",0","0",",0","0",",0","0",",0","31",",0","4",",0","2","","19610812","+,,0","19610831","+,,0","19610831","+,,0","1","","19610818",",,0","19610831","+,,0","5.6",",0,12,+","0",",,0,31,+","0",",,0,31,+","19.8",",,0,18,","33.3",",0,31,+","27.9","0","13.0",",0","23.4",",,,0","0",",,,0","20.12",",0","27.92",",,,0","12.32",",,,0"
"USC00472893","1961-09","46.41667","-92.25","384.0","FOXBORO 6 SSE, WI US","181.7","0","33.9",",0","12",",0","10",",0","1",",0","0",",0","0",",0","0",",0","4",",0","0",",0","14",",0","1",",0","","","19610928",",,0","19610930","+,,0","19610930","+,,0","3","","19610910",",,0","19610902",",,0","-3.3",",0,28,","0",",,0,30,+","0",",,0,30,+","34.8",",,0,10,","32.2",",0,02,","193.9","0","166.0",",0","115.0",",,,0","0",",,,0","13.93",",0","20.18",",,,0","7.67",",,,0"
"USC00472893","1961-10","46.41667","-92.25","384.0","FOXBORO 6 SSE, WI US","183.1","0","1.4",",0","7",",0","5",",0","0",",0","0",",0","0",",0","0",",0","12",",0","0",",0","7",",0","0",",0","","","19611020","+,,0","19611031","+,,0","19611031","+,,0","2","","19611011",",,0","19611006",",,0","-6.7",",0,20,+","0",",,0,31,+","0",",,0,31,+","22.9",",,0,11,","28.3",",0,06,","497.1","0","303.2",",0","53.8",",,,0","0",",,,0","8.60",",0","15.01",",,,0","2.19",",,,0"
"USC00472893","1961-11","46.41667","-92.25","384.0","FOXBORO 6 SSE, WI US","183.1","0","0.0",",0","3",",0","3",",0","1",",0","2",",0","1",",0","0",",0","28",",0","7",",0","0",",0","0",",0","","","19611128",",,0","19611122",",,0","19611122",",,0","","","19611102",",,0","19611111",",,0","-15.0",",0,28,","51",",,0,22,","51",",,0,22,","53.6",",,0,02,","15.6",",0,11,","1080.3","0","583.2",",0","61.2",",,,0","51",",,,0","-1.11",",0","3.45",",,,0","-5.66",",,,0"
"USC00472893","1961-12","46.41667","-92.25","384.0","FOXBORO 6 SSE, WI US","183.1","0","0.0",",0","6",",0","5",",0","0",",0","26",",0","5",",0","10",",0","31",",0","26",",0","0",",0","0",",0","1","","19611215",",,0","19611218","+,,0","19611209",",,0","","","19611206",",,0","19611204",",,0","-32.2",",0,15,","279",",,0,18,+","102",",,0,09,","6.4",",,0,06,","8.3",",0,04,","1955.2","0","874.9",",0","25.7",",,,0","279",",,,0","-9.89",",0","-5.29",",,,0","-14.49",",,,0"
"USC00472893","1962-01","46.41667","-92.25","384.0","FOXBORO 6 SSE, WI US","0.0","0","0.0",",0","5",",0","3",",0","0",",0","31",",0","3","1,0","17",",0","31",",0","27",",0","0",",0","0",",0","1","","19620117",",,0","19620131","+,,0","19620121",",1,0","","","19620105",",,0","19620103",",,0","-37.2",",0,17,","381",",,0,31,+","76","1,,0,21,","4.1",",,0,05,","3.9",",0,03,","2976.4","0","1021.2",",0","14.2",",,,0","152","1,,,0","-14.61",",0","-8.99",",,,0","-20.23",",,,0"
"USC00472893","1962-02","46.41667","-92.25","384.0","FOXBORO 6 SSE, WI US","0.0","0","0.0",",0","11",",0","7",",0","0",",0","28",",0","6",",0","11",",0","28",",0","26",",0","0",",0","0",",0","1","","19620208",",,0","19620228","+,,0","19620216",",,0","","","19620213",",,0","19620203",",,0","-35.0",",0,08,","584",",,0,28,+","89",",,0,16,","7.1",",,0,13,","5.0",",0,03,","3820.4","0","844.0",",0","33.3",",,,0","329",",,,0","-11.81",",0","-6.79",",,,0","-16.84",",,,0"
"USC00472893","1962-03","46.41667","-92.25","384.0","FOXBORO 6 SSE, WI US","0.0","0","0.0","1,0","2",",0","1",",0","0",",0","31",",0","1",",0","1","1,0","30","1,0","8",",0","0",",0","0",",0","","","19620305",",1,0","19620314","+,,0","19620312",",,0","","","19620312",",,0","19620329",",,0","-17.8","1,0,05,","635",",,0,14,+","127",",,0,12,","12.7",",,0,12,","8.9",",0,29,","4435.6","0","615.2",",0","14.5",",,,0","140",",,,0","-2.46","1,0","2.16",",,,0","-7.08","1,,,0"
"USC00472893","1962-04","46.41667","-92.25","384.0","FOXBORO 6 SSE, WI US","0.0","0","0.0",",0","7",",0","3",",0","0",",0","8",",0","0",",0","0",",0","24",",0","0",",0","2",",0","0",",0","2","","19620410",",,0","19620402","+,,0","19620409",",,0","2","","19620427",",,0","19620424",",,0","-11.7",",0,10,","254",",,0,02,+","0",",T,0,09,","10.9",",,0,27,","27.2",",0,24,","4884.9","0","449.3",",0","31.6",",,,0","0",",T,,0","3.36",",0","9.49",",,,0","-2.78",",,,0"
"USC00472893","1962-05","46.41667","-92.25","384.0","FOXBORO 6 SSE, WI US","10.0","0","10.0",",0","15",",0","10",",0","2",",0","0",",0","0",",0","0",",0","3",",0","0",",0","12",",0","0",",0","7","","19620509",",,0","19620531","+,,0","19620531","+,,0","5","","19620519",",,0","19620516",",,0","-2.2",",0,09,","0",",,0,31,+","0",",,0,31,+","52.6",",,0,19,","30.0",",0,16,","5079.9","0","195.0",",0","187.3",",,,0","0",",,,0","12.36",",0","19.69",",,,0","5.04",",,,0"
"USC00472893","1962-06","46.41667","-92.25","384.0","FOXBORO 6 SSE, WI US","27.0","0","17.0",",0","10",",0","7",",0","2",",0","0",",0","0",",0","0",",0","3",",0","0",",0","22",",0","0",",0","7","","19620612","+,,0","19620630","+,,0","19620630","+,,0","4","","19620629",",,0","19620628",",,0","-0.6",",0,12,+","0",",,0,30,+","0",",,0,30,+","31.8",",,0,29,","30.6",",0,28,","5194.9","0","115.0",",0","105.7",",,,0","0",",,,0","15.07",",0","22.68",",,,0","7.45",",,,0"
"USC00472893","1962-07","46.41667","-92.25","384.0","FOXBORO 6 SSE, WI US","43.4","0","16.4",",0","11",",0","8",",0","0",",0","0",",0","0",",0","0",",0","0",",0","0",",0","26",",0","0",",0","4","","19620727",",,0","19620731","+,,0","19620731","+,,0","5","","19620702",",,0","19620707",",,0","6.7",",0,27,","0",",,0,31,+","0",",,0,31,+","15.2",",,0,02,","28.3",",0,07,","40.8","0","40.8",",0","56.3",",,,0","0",",,,0","17.55",",0","24.33",",,,0","10.76",",,,0"
"USC00472893","1962-08","46.41667","-92.25","384.0","FOXBORO 6 SSE, WI US","75.0","0","31.6",",0","7",",0","7",",0","1",",0","0",",0","0",",0","0",",0","0",",0","0",",0","29",",0","0",",0","1","","19620817",",,0","19620831","+,,0","19620831","+,,0","5","","19620823",",,0","19620827",",,0","2.2",",0,17,","0",",,0,31,+","0",",,0,31,+","61.5",",,0,23,","29.4",",0,27,","77.4","0","36.6",",0","139.7",",,,0","0",",,,0","18.17",",0","25.16",",,,0","11.17",",,,0"
"USC00472893","1962-09","46.41667","-92.25","384.0","FOXBORO 6 SSE, WI US","77.2","0","2.2",",0","7",",0","5",",0","1",",0","0",",0","0",",0","0",",0","4",",0","0",",0","9",",0","0",",0","1","","19620920",",,0","19620930","+,,0","19620930","+,,0","1","","19620910",",,0","19620902",",,0","-4.4",",0,20,","0",",,0,30,+","0",",,0,30,+","27.7",",,0,10,","25.0",",0,02,","255.8","0","178.4",",0","85.7",",,,0","0",",,,0","12.46",",0","18.66",",,,0","6.26",",,,0"
"USC00472893","1962-10","46.41667","-92.25","384.0","FOXBORO 6 SSE, WI US","80.8","0","3.6",",0","3",",0","3",",0","0",",0","0",",0","0",",0","0",",0","11",",0","1",",0","4",",0","0",",0","6","","19621026",",,0","19621031","+,,0","19621024",",,0","","","19621022",",,0","19621014",",,0","-12.8",",0,26,","0",",,0,31,+","0",",T,0,24,","8.9",",,0,22,","26.1",",0,14,","560.3","0","304.5",",0","19.1",",,,0","0",",T,,0","8.63",",0","14.51",",,,0","2.74",",,,0"
"USC00472893","1962-11","46.41667","-92.25","384.0","FOXBORO 6 SSE, WI US","80.8","0","0.0",",0","3",",0","2",",0","0",",0","3",",0","2",",0","0",",0","26",",0","3",",0","0",",0","0",",0","3","","19621123","+,,0","19621123","+,,0","19621123","+,,0","","","19621116",",,0","19621127",",,0","-8.9",",0,23,+","25",",,0,23,+","25",",,0,23,+","7.1",",,0,16,","10.0",",0,27,","1079.2","0","518.9",",0","12.2",",,,0","50",",,,0","1.04",",0","5.00",",,,0","-2.93",",,,0"
"USC00472893","1962-12","46.41667","-92.25","384.0","FOXBORO 6 SSE, WI US","80.8","0","0.0",",0","4",",0","2",",0","0",",0","13",",0","2",",0","13",",0","29",",0","23",",0","0",",0","0",",0","","","19621226",",,0","19621231","+,,0","19621222",",,0","","","19621222","+,,0","19621201",",,0","-31.7",",0,26,","76",",,0,31,+","51",",,0,22,","3.6",",,0,22,+","14.4",",0,01,","1931.6","0","852.4",",0","9.5",",,,0","89",",,,0","-9.16",",0","-3.72",",,,0","-14.61",",,,0"
"USC00472893","1963-01","46.41667","-92.25","384.0","FOXBORO 6 SSE, WI US","0.0","","0.0","1,0","3",",0","1",",0","0",",0","31",",0","1",",0","22","1,0","30","1,0","28",",0","0",",0","0",",0","","","19630119",",1,0","19630131","+,,0","19630112",",,0","","","19630112",",,0","19630108","+,,0","-36.7","1,0,19,","102",",,0,31,+","25",",,0,12,","6.9",",,0,12,","3.3",",0,08,+","3007.3","","1075.7",",0","9.5",",,,0","51",",,,0","-17.39","1,0","-11.91",",,,0","-22.87","1,,,0"
"USC00472893","1963-02","46.41667","-92.25","384.0","FOXBORO 6 SSE, WI US","0.0","","0.0",",0","5",",0","4",",0","0",",0","28",",0","4",",0","15",",0","28",",0","25",",0","0",",0","0",",0","","","19630203",",,0","19630228","+,,0","19630211",",,0","","","19630211",",,0","19630205",",,0","-32.8",",0,03,","229",",,0,28,+","51",",,0,11,","3.3",",,0,11,","4.4",",0,05,","3886.9","","879.6",",0","13.9",",,,0","139",",,,0","-13.08",",0","-6.51",",,,0","-19.66",",,,0"
"USC00472893","1963-03","46.41667","-92.25","384.0","FOXBORO 6 SSE, WI US","0.0","","0.0",",0","7",",0","5",",0","0",",0","23",",0","5",",0","3",",0","27",",0","6",",0","0",",0","0",",0","","","19630310",",,0","19630319",",,0","19630319",",,0","","","19630319",",,0","19630331",",,0","-25.0",",0,10,","381",",,0,19,","178",",,0,19,","10.7",",,0,19,","20.6",",0,31,","4490.4","","603.5",",0","27.2",",,,0","381",",,,0","-1.14",",0","5.32",",,,0","-7.59",",,,0"
"USC00472893","1963-04","46.41667","-92.25","384.0","FOXBORO 6 SSE, WI US","0.0","","0.0",",0","11",",0","8",",0","0",",0","0",",0","0",",0","0",",0","22",",0","0",",0","3",",0","0",",0","2","","19630418",",,0","19630430","+,,0","19630430","+,,0","4","","19630426",",,0","19630415",",,0","-10.6",",0,18,","0",",,0,30,+","0",",,0,30,+","19.6",",,0,26,","23.9",",0,15,","4865.2","","374.8",",0","79.0",",,,0","0",",,,0","5.84",",0","13.28",",,,0","-1.60",",,,0"
"USC00472893","1963-05","46.41667","-92.25","384.0","FOXBORO 6 SSE, WI US","6.2","","6.2",",0","14",",0","8",",0","0",",0","0",",0","0",",0","0",",0","9",",0","0",",0","12",",0","0",",0","","","19630511",",,0","19630531","+,,0","19630531","+,,0","5","","19630513",",,0","19630507",",,0","-6.1",",0,11,","0",",,0,31,+","0",",,0,31,+","16.0",",,0,13,","28.9",",0,07,","5085.0","","219.8",",0","83.3",",,,0","0",",,,0","11.44",",0","18.78",",,,0","4.11",",,,0"
"USC00472893","1963-06","46.41667","-92.25","384.0","FOXBORO 6 SSE, WI US","55.1","","48.9",",0","9",",0","6",",0","1",",0","0",",0","0",",0","0",",0","1",",0","0",",0","23",",0","1",",0","6","","19630612",",,0","19630630","+,,0","19630630","+,,0","1","","19630626",",,0","19630630",",,0","-1.1",",0,12,","0",",,0,30,+","0",",,0,30,+","40.1",",,0,26,","32.8",",0,30,","5166.4","","81.4",",0","68.5",",,,0","0",",,,0","17.25",",0","24.35",",,,0","10.15",",,,0"
"USC00472893","1963-07","46.41667","-92.25","384.0","FOXBORO 6 SSE, WI US","130.5","","75.4",",0","8",",0","4",",0","1",",0","0",",0","0",",0","0",",0","0",",0","0",",0","30",",0","4",",0","","","19630703",",,0","19630731","+,,0","19630731","+,,0","6","","19630728",",,0","19630701",",,0","3.3",",0,03,","0",",,0,31,+","0",",,0,31,+","29.2",",,0,28,","36.1",",0,01,","17.7","","17.7",",0","57.2",",,,0","0",",,,0","20.19",",0","27.80",",,,0","12.58",",,,0"
"USC00472893","1963-08","46.41667","-92.25","384.0","FOXBORO 6 SSE, WI US","160.5","","30.0",",0","8",",0","7",",0","1",",0","0",",0","0",",0","0",",0","0",",0","0",",0","25",",0","1",",0","1","","19630818",",,0","19630831","+,,0","19630831","+,,0","4","","19630812",",,0","19630806",",,0","2.8",",0,18,","0",",,0,31,+","0",",,0,31,+","32.3",",,0,12,","32.2",",0,06,","80.7","","63.0",",0","64.3",",,,0","0",",,,0","17.27",",0","24.35",",,,0","10.18",",,,0"
"USC00472893","1963-09","46.41667","-92.25","384.0","FOXBORO 6 SSE, WI US","168.6","","8.1",",0","8",",0","7",",0","1",",0","0",",0","0",",0","0",",0","2",",0","0",",0","17",",0","0",",0","","","19630913",",,0","19630930","+,,0","19630930","+,,0","6","","19630924",",,0","19630908",",,0","-2.8",",0,13,","0",",,0,30,+","0",",,0,30,+","28.7",",,0,24,","30.0",",0,08,","195.6","","114.9",",0","105.9",",,,0","0",",,,0","14.77",",0","21.43",",,,0","8.12",",,,0"
