"STATION","DATE","LATITUDE","LONGITUDE","ELEVATION","NAME","DP01","DP01_ATTRIBUTES","DP10","DP10_ATTRIBUTES","DP1X","DP1X_ATTRIBUTES","DSND","DSND_ATTRIBUTES","DSNW","DSNW_ATTRIBUTES","DYFG","DYFG_ATTRIBUTES","DYSD","DYSD_ATTRIBUTES","DYSN","DYSN_ATTRIBUTES","DYTS","DYTS_ATTRIBUTES","DYXP","DYXP_ATTRIBUTES","EMSD","EMSD_ATTRIBUTES","EMSN","EMSN_ATTRIBUTES","EMXP","EMXP_ATTRIBUTES","PRCP","PRCP_ATTRIBUTES","SNOW","SNOW_ATTRIBUTES"
"USC00226513","2005-06","32.4758","-88.8111","107.0","OKATIBBEE RESERVOIR, MS US","5",",0","4",",0","2",",0","0",",0","0",",0","","","20050630","+,,0","20050630","+,,0","","","20050612",",,0","0",",,0,30,+","0",",,0,30,+","118.6",",,0,12,","160.5",",,,0","0",",,,0"
"USC00226513","2005-07","32.4758","-88.8111","107.0","OKATIBBEE RESERVOIR, MS US","12",",0","9",",0","1",",0","0",",0","0",",0","","","20050731","+,,0","20050731","+,,0","","","20050713",",,0","0",",,0,31,+","0",",,0,31,+","28.2",",,0,13,","114.3",",,,0","0",",,,0"
"USC00226513","2005-08","32.4758","-88.8111","107.0","OKATIBBEE RESERVOIR, MS US","11",",0","7",",0","1",",0","0",",0","0",",0","","","20050831","+,,0","20050831","+,,0","","","20050829",",,0","0",",,0,31,+","0",",,0,31,+","124.5",",,0,29,","191.2",",,,0","0",",,,0"
"USC00226513","2005-09","32.4758","-88.8111","107.0","OKATIBBEE RESERVOIR, MS US","1",",0","1",",0","1",",0","0",",0","0",",0","","","20050930","+,,0","20050930","+,,0","","","20050926",",,0","0",",,0,30,+","0",",,0,30,+","69.1",",,0,26,","69.1",",,,0","0",",,,0"
"USC00226513","2005-10","32.4758","-88.8111","107.0","OKATIBBEE RESERVOIR, MS US","0",",0","0",",0","0",",0","0",",0","0",",0","","","20051031","+,,0","20051031","+,,0","","","20051031","+,,0","0",",,0,31,+","0",",,0,31,+","0.0",",,0,31,+","0.0",",,,0","0",",,,0"
"USC00226513","2005-11","32.4758","-88.8111","107.0","OKATIBBEE RESERVOIR, MS US","8",",0","4",",0","0",",0","0",",0","0",",0","","","20051130","+,,0","20051130","+,,0","","","20051127",",,0","0",",,0,30,+","0",",,0,30,+","14.7",",,0,27,","50.4",",,,0","0",",,,0"
"USC00226513","2005-12","32.4758","-88.8111","107.0","OKATIBBEE RESERVOIR, MS US","6",",0","5",",0","1",",0","0",",0","0",",0","","","20051231","+,,0","20051231","+,,0","","","20051215",",,0","0",",,0,31,+","0",",,0,31,+","74.2",",,0,15,","124.6",",,,0","0",",,,0"
"USC00226513","2006-01","32.4758","-88.8111","107.0","OKATIBBEE RESERVOIR, MS US","10",",0","8",",0","0",",0","0",",0","0",",0","","","20060131","+,,0","20060131","+,,0","","","20060129",",,0","0",",,0,31,+","0",",,0,31,+","24.9",",,0,29,","106.4",",,,0","0",",,,0"
"USC00226513","2006-02","32.4758","-88.8111","107.0","OKATIBBEE RESERVOIR, MS US","13",",0","9",",0","2",",0","0",",0","0",",0","","","20060228","+,,0","20060228","+,,0","","","20060225",",,0","0",",,0,28,+","0",",,0,28,+","45.5",",,0,25,","167.5",",,,0","0",",,,0"
"USC00226513","2006-03","32.4758","-88.8111","107.0","OKATIBBEE RESERVOIR, MS US","9",",0","5",",0","2",",0","0",",0","0",",0","","","20060331","+,,0","20060331","+,,0","","","20060321",",,0","0",",,0,31,+","0",",,0,31,+","91.2",",,0,21,","143.1",",,,0","0",",,,0"
"USC00226513","2006-04","32.4758","-88.8111","107.0","OKATIBBEE RESERVOIR, MS US","5",",0","5",",0","1",",0","0",",0","0",",0","","","20060430","+,,0","20060430","+,,0","","","20060422",",,0","0",",,0,30,+","0",",,0,30,+","26.9",",,0,22,","60.4",",,,0","0",",,,0"
"USC00226513","2006-05","32.4758","-88.8111","107.0","OKATIBBEE RESERVOIR, MS US","7",",0","7",",0","3",",0","0",",0","0",",0","","","20060531","+,,0","20060531","+,,0","","","20060511",",,0","0",",,0,31,+","0",",,0,31,+","60.5",",,0,11,","174.1",",,,0","0",",,,0"
"USC00226513","2006-06","32.4758","-88.8111","107.0","OKATIBBEE RESERVOIR, MS US","5",",0","3",",0","0",",0","0",",0","0",",0","","","20060630","+,,0","20060630","+,,0","","","20060617",",,0","0",",,0,30,+","0",",,0,30,+","19.1",",,0,17,","33.4",",,,0","0",",,,0"
"USC00226513","2006-07","32.4758","-88.8111","107.0","OKATIBBEE RESERVOIR, MS US","7",",0","6",",0","1",",0","0",",0","0",",0","","","20060731","+,,0","20060731","+,,0","","","20060720",",,0","0",",,0,31,+","0",",,0,31,+","31.0",",,0,20,","91.5",",,,0","0",",,,0"
"USC00226513","2006-08","32.4758","-88.8111","107.0","OKATIBBEE RESERVOIR, MS US","6",",0","4",",0","1",",0","0",",0","0",",0","","","20060831","+,,0","20060831","+,,0","","","20060823",",,0","0",",,0,31,+","0",",,0,31,+","40.6",",,0,23,","56.2",",,,0","0",",,,0"
"USC00226513","2006-09","32.4758","-88.8111","107.0","OKATIBBEE RESERVOIR, MS US","5",",0","4",",0","0",",0","0",",0","0",",0","","","20060930","+,,0","20060930","+,,0","","","20060924",",,0","0",",,0,30,+","0",",,0,30,+","7.6",",,0,24,","17.7",",,,0","0",",,,0"
"USC00226513","2006-10","32.4758","-88.8111","107.0","OKATIBBEE RESERVOIR, MS US","8",",0","5",",0","2",",0","0",",0","0",",0","","","20061031","+,,0","20061031","+,,0","","","20061017",",,0","0",",,0,31,+","0",",,0,31,+","66.0",",,0,17,","148.0",",,,0","0",",,,0"
"USC00226513","2006-11","32.4758","-88.8111","107.0","OKATIBBEE RESERVOIR, MS US","4",",0","3",",0","1",",0","0",",0","0",",0","","","20061130","+,,0","20061130","+,,0","","","20061107",",,0","0",",,0,30,+","0",",,0,30,+","34.3",",,0,07,","56.6",",,,0","0",",,,0"
"USC00226513","2006-12","32.4758","-88.8111","107.0","OKATIBBEE RESERVOIR, MS US","8",",0","6",",0","1",",0","0",",0","0",",0","","","20061231","+,,0","20061231","+,,0","","","20061231",",,0","0",",,0,31,+","0",",,0,31,+","67.3",",,0,31,","142.1",",,,0","0",",,,0"
"USC00226513","2007-01","32.4758","-88.8111","107.0","OKATIBBEE RESERVOIR, MS US","9",",0","5",",0","1",",0","0",",0","0",",0","","","20070131","+,,0","20070131","+,,0","","","20070108",",,0","0",",,0,31,+","0",",,0,31,+","27.4",",,0,08,","76.7",",,,0","0",",,,0"
"USC00226513","2007-02","32.4758","-88.8111","107.0","OKATIBBEE RESERVOIR, MS US","6",",0","3",",0","0",",0","0",",0","0",",0","","","20070228","+,,0","20070228","+,,0","","","20070201",",,0","0",",,0,28,+","0",",,0,28,+","24.9",",,0,01,","54.3",",,,0","0",",,,0"
"USC00226513","2007-03","32.4758","-88.8111","107.0","OKATIBBEE RESERVOIR, MS US","2",",0","1",",0","0",",0","0",",0","0",",0","","","20070331","+,,0","20070331","+,,0","","","20070302",",,0","0",",,0,31,+","0",",,0,31,+","2.5",",,0,02,","3.3",",,,0","0",",,,0"
"USC00226513","2007-04","32.4758","-88.8111","107.0","OKATIBBEE RESERVOIR, MS US","7",",0","5",",0","1",",0","0",",0","0",",0","","","20070430","+,,0","20070430","+,,0","","","20070426",",,0","0",",,0,30,+","0",",,0,30,+","58.7",",,0,26,","84.2",",,,0","0",",,,0"
"USC00226513","2007-05","32.4758","-88.8111","107.0","OKATIBBEE RESERVOIR, MS US","5",",0","4",",0","1",",0","0",",0","0",",0","","","20070531","+,,0","20070531","+,,0","","","20070516",",,0","0",",,0,31,+","0",",,0,31,+","35.6",",,0,16,","45.2",",,,0","0",",,,0"
"USC00226513","2007-06","32.4758","-88.8111","107.0","OKATIBBEE RESERVOIR, MS US","6",",0","5",",0","2",",0","0",",0","0",",0","","","20070630","+,,0","20070630","+,,0","","","20070620",",,0","0",",,0,30,+","0",",,0,30,+","56.9",",,0,20,","122.7",",,,0","0",",,,0"
"USC00226513","2007-07","32.4758","-88.8111","107.0","OKATIBBEE RESERVOIR, MS US","11",",0","9",",0","1",",0","0",",0","0",",0","","","20070731","+,,0","20070731","+,,0","","","20070724",",,0","0",",,0,31,+","0",",,0,31,+","35.6",",,0,24,","123.7",",,,0","0",",,,0"
"USC00226513","2007-08","32.4758","-88.8111","107.0","OKATIBBEE RESERVOIR, MS US","3",",0","3",",0","0",",0","0",",0","0",",0","","","20070831","+,,0","20070831","+,,0","","","20070831",",,0","0",",,0,31,+","0",",,0,31,+","24.9",",,0,31,","30.7",",,,0","0",",,,0"
"USC00226513","2007-09","32.4758","-88.8111","107.0","OKATIBBEE RESERVOIR, MS US","7",",0","5",",0","0",",0","0",",0","0",",0","","","20070930","+,,0","20070930","+,,0","","","20070923",",,0","0",",,0,30,+","0",",,0,30,+","11.2",",,0,23,","32.5",",,,0","0",",,,0"
"USC00226513","2007-10","32.4758","-88.8111","107.0","OKATIBBEE RESERVOIR, MS US","9",",0","6",",0","2",",0","0",",0","0",",0","","","20071031","+,,0","20071031","+,,0","","","20071023",",,0","0",",,0,31,+","0",",,0,31,+","43.9",",,0,23,","116.3",",,,0","0",",,,0"
"USC00226513","2007-11","32.4758","-88.8111","107.0","OKATIBBEE RESERVOIR, MS US","4",",0","4",",0","1",",0","0",",0","0",",0","","","20071130","+,,0","20071130","+,,0","","","20071126",",,0","0",",,0,30,+","0",",,0,30,+","31.2",",,0,26,","48.4",",,,0","0",",,,0"
"USC00226513","2007-12","32.4758","-88.8111","107.0","OKATIBBEE RESERVOIR, MS US","10",",0","8",",0","1",",0","0",",0","0",",0","","","20071231","+,,0","20071231","+,,0","","","20071221",",,0","0",",,0,31,+","0",",,0,31,+","51.1",",,0,21,","109.3",",,,0","0",",,,0"
"USC00226513","2008-01","32.4758","-88.8111","107.0","OKATIBBEE RESERVOIR, MS US","14",",0","9",",0","0",",0","1","2,0","0","1,0","","","20080120",",2,0","20080131","+,1,0","","","20080126",",,0","51","2,,0,20,","0","1,,0,31,+","18.3",",,0,26,","84.9",",,,0","0","1,,,0"
"USC00226513","2008-02","32.4758","-88.8111","107.0","OKATIBBEE RESERVOIR, MS US","11",",0","8",",0","2",",0","0",",0","0",",0","","","20080229","+,,0","20080229","+,,0","","","20080222",",,0","0",",,0,29,+","0",",,0,29,+","55.9",",,0,22,","167.6",",,,0","0",",,,0"
"USC00226513","2008-03","32.4758","-88.8111","107.0","OKATIBBEE RESERVOIR, MS US","9",",0","4",",0","1",",0","0",",0","0",",0","","","20080331","+,,0","20080331","+,,0","","","20080304",",,0","0",",,0,31,+","0",",,0,31,+","62.7",",,0,04,","109.8",",,,0","0",",,,0"
"USC00226513","2008-04","32.4758","-88.8111","107.0","OKATIBBEE RESERVOIR, MS US","8",",0","6",",0","0",",0","0",",0","0",",0","","","20080430","+,,0","20080430","+,,0","","","20080428",",,0","0",",,0,30,+","0",",,0,30,+","22.9",",,0,28,","91.5",",,,0","0",",,,0"
"USC00226513","2008-05","32.4758","-88.8111","107.0","OKATIBBEE RESERVOIR, MS US","7",",0","6",",0","3",",0","0",",0","0",",0","","","20080531","+,,0","20080531","+,,0","","","20080515",",,0","0",",,0,31,+","0",",,0,31,+","48.8",",,0,15,","138.8",",,,0","0",",,,0"
"USC00226513","2008-06","32.4758","-88.8111","107.0","OKATIBBEE RESERVOIR, MS US","9",",0","7",",0","2",",0","0",",0","0",",0","","","20080630","+,,0","20080630","+,,0","","","20080621",",,0","0",",,0,30,+","0",",,0,30,+","41.1",",,0,21,","145.6",",,,0","0",",,,0"
"USC00226513","2008-07","32.4758","-88.8111","107.0","OKATIBBEE RESERVOIR, MS US","9",",0","5",",0","0",",0","0",",0","0",",0","","","20080731","+,,0","20080731","+,,0","","","20080706",",,0","0",",,0,31,+","0",",,0,31,+","9.4",",,0,06,","34.3",",,,0","0",",,,0"
"USC00226513","2008-08","32.4758","-88.8111","107.0","OKATIBBEE RESERVOIR, MS US","14",",0","10",",0","4",",0","0",",0","0",",0","","","20080831","+,,0","20080831","+,,0","","","20080824",",,0","0",",,0,31,+","0",",,0,31,+","57.7",",,0,24,","248.8",",,,0","0",",,,0"
"USC00226513","2008-09","32.4758","-88.8111","107.0","OKATIBBEE RESERVOIR, MS US","9",",0","7",",0","0",",0","0",",0","0",",0","","","20080930","+,,0","20080930","+,,0","","","20080921",",,0","0",",,0,30,+","0",",,0,30,+","16.5",",,0,21,","65.3",",,,0","0",",,,0"
"USC00226513","2008-10","32.4758","-88.8111","107.0","OKATIBBEE RESERVOIR, MS US","6","1,0","4","1,0","0","1,0","0",",0","0",",0","","","20081031","+,,0","20081031","+,,0","","","20081008",",1,0","0",",,0,31,+","0",",,0,31,+","24.6","1,,0,08,","56.2","1,,,0","0",",,,0"
"USC00226513","2008-11","32.4758","-88.8111","107.0","OKATIBBEE RESERVOIR, MS US","4","4,0","2","4,0","0","4,0","0",",0","0",",0","","","20081130","+,,0","20081130","+,,0","","","20081113",",4,0","0",",,0,30,+","0",",,0,30,+","5.3","4,,0,13,","44.0","2,a,,0","0",",,,0"
"USC00226513","2008-12","32.4758","-88.8111","107.0","OKATIBBEE RESERVOIR, MS US","10",",0","7",",0","3",",0","0",",0","0",",0","","","20081231","+,,0","20081231","+,,0","","","20081210",",,0","0",",,0,31,+","0",",,0,31,+","49.0",",,0,10,","164.8",",,,0","0",",,,0"
"USC00226513","2009-01","32.4758","-88.8111","107.0","OKATIBBEE RESERVOIR, MS US","10",",0","8",",0","1",",0","0",",0","0",",0","","","20090131","+,,0","20090131","+,,0","","","20090107",",,0","0",",,0,31,+","0",",,0,31,+","47.2",",,0,07,","98.4",",,,0","0",",,,0"
"USC00226513","2009-02","32.4758","-88.8111","107.0","OKATIBBEE RESERVOIR, MS US","8",",0","5",",0","1",",0","0",",0","0",",0","","","20090228","+,,0","20090228","+,,0","","","20090214",",,0","0",",,0,28,+","0",",,0,28,+","31.8",",,0,14,","55.1",",,,0","0",",,,0"
"USC00226513","2009-03","32.4758","-88.8111","107.0","OKATIBBEE RESERVOIR, MS US","11",",0","9",",0","4",",0","0",",0","0",",0","","","20090331","+,,0","20090331","+,,0","","","20090326",",,0","0",",,0,31,+","0",",,0,31,+","78.7",",,0,26,","227.6",",,,0","0",",,,0"
"USC00226513","2009-04","32.4758","-88.8111","107.0","OKATIBBEE RESERVOIR, MS US","7","1,0","3","1,0","0","1,0","0","1,0","0","1,0","","","20090430","+,1,0","20090430","+,1,0","","","20090413",",1,0","0","1,,0,30,+","0","1,,0,30,+","22.1","1,,0,13,","42.1","1,,,0","0","1,,,0"
"USC00226513","2009-05","32.4758","-88.8111","107.0","OKATIBBEE RESERVOIR, MS US","15",",0","8",",0","3",",0","0",",0","0",",0","","","20090531","+,,0","20090531","+,,0","","","20090524",",,0","0",",,0,31,+","0",",,0,31,+","90.7",",,0,24,","259.3",",,,0","0",",,,0"
"USC00226513","2009-06","32.4758","-88.8111","107.0","OKATIBBEE RESERVOIR, MS US","2",",0","1",",0","0",",0","0",",0","0",",0","","","20090630","+,,0","20090630","+,,0","2","","20090605",",,0","0",",,0,30,+","0",",,0,30,+","6.9",",,0,05,","7.2",",,,0","0",",,,0"
"USC00226513","2009-07","32.4758","-88.8111","107.0","OKATIBBEE RESERVOIR, MS US","12",",0","10",",0","0",",0","0",",0","0",",0","","","20090731","+,,0","20090731","+,,0","","","20090706",",,0","0",",,0,31,+","0",",,0,31,+","24.1",",,0,06,","112.9",",,,0","0",",,,0"
"USC00226513","2009-08","32.4758","-88.8111","107.0","OKATIBBEE RESERVOIR, MS US","6",",0","4",",0","0",",0","0",",0","0",",0","","","20090831","+,,0","20090831","+,,0","2","","20090822",",,0","0",",,0,31,+","0",",,0,31,+","8.1",",,0,22,","26.7",",,,0","0",",,,0"
"USC00226513","2009-09","32.4758","-88.8111","107.0","OKATIBBEE RESERVOIR, MS US","15",",0","12",",0","3",",0","0",",0","0",",0","3","","20090930","+,,0","20090930","+,,0","1","","20090923",",,0","0",",,0,30,+","0",",,0,30,+","33.8",",,0,23,","185.5",",,,0","0",",,,0"
"USC00226513","2009-10","32.4758","-88.8111","107.0","OKATIBBEE RESERVOIR, MS US","17",",0","10",",0","4",",0","0",",0","0",",0","1","","20091031","+,,0","20091031","+,,0","","","20091013",",,0","0",",,0,31,+","0",",,0,31,+","37.1",",,0,13,","166.2",",,,0","0",",,,0"
"USC00226513","2009-11","32.4758","-88.8111","107.0","OKATIBBEE RESERVOIR, MS US","4",",0","4",",0","1",",0","0",",0","0",",0","","","20091130","+,,0","20091130","+,,0","","","20091110",",,0","0",",,0,30,+","0",",,0,30,+","27.9",",,0,10,","57.1",",,,0","0",",,,0"
"USC00226513","2009-12","32.4758","-88.8111","107.0","OKATIBBEE RESERVOIR, MS US","15",",0","10",",0","3",",0","0","2,0","0",",0","","","20091231","+,2,0","20091205",",,0","1","","20091209",",,0","0","2,,0,31,+","13",",,0,05,","33.5",",,0,09,","181.8",",,,0","13",",,,0"
"USC00226513","2010-01","32.4758","-88.8111","107.0","OKATIBBEE RESERVOIR, MS US","6",",0","6",",0","2",",0","0",",0","0",",0","","","20100105",",,0","20100105",",,0","1","","20100121",",,0","0",",T,0,05,","0",",T,0,05,","39.1",",,0,21,","109.0",",,,0","0",",T,,0"
"USC00226513","2010-02","32.4758","-88.8111","107.0","OKATIBBEE RESERVOIR, MS US","10",",0","6",",0","1",",0","2","2,0","2",",0","","","20100212",",2,0","20100212",",,0","","","20100205",",,0","76","2,,0,12,","76",",,0,12,","47.2",",,0,05,","93.2",",,,0","127",",,,0"
"USC00226513","2010-03","32.4758","-88.8111","107.0","OKATIBBEE RESERVOIR, MS US","10",",0","6",",0","3",",0","0",",0","0",",0","1","","20100331","+,,0","20100331","+,,0","","","20100310",",,0","0",",,0,31,+","0",",,0,31,+","77.7",",,0,10,","177.3",",,,0","0",",,,0"
"USC00226513","2010-04","32.4758","-88.8111","107.0","OKATIBBEE RESERVOIR, MS US","4","2,0","3","2,0","1","2,0","0",",0","0",",0","1","","20100430","+,,0","20100430","+,,0","","","20100425",",2,0","0",",,0,30,+","0",",,0,30,+","25.4","2,,0,25,","87.9",",a,,0","0",",,,0"
"USC00226513","2010-05","32.4758","-88.8111","107.0","OKATIBBEE RESERVOIR, MS US","11",",0","7",",0","2",",0","0",",0","0",",0","1","","20100531","+,,0","20100531","+,,0","","","20100503",",,0","0",",,0,31,+","0",",,0,31,+","48.3",",,0,03,","120.2",",,,0","0",",,,0"
"USC00226513","2010-06","32.4758","-88.8111","107.0","OKATIBBEE RESERVOIR, MS US","9","1,0","3","1,0","1","1,0","0",",0","0",",0","","","20100630","+,,0","20100630","+,,0","","","20100616",",1,0","0",",,0,30,+","0",",,0,30,+","49.8","1,,0,16,","65.5","1,,,0","0",",,,0"
"USC00226513","2010-07","32.4758","-88.8111","107.0","OKATIBBEE RESERVOIR, MS US","10",",0","4",",0","1",",0","0",",0","0",",0","","","20100731","+,,0","20100731","+,,0","","","20100717",",,0","0",",,0,31,+","0",",,0,31,+","54.6",",,0,17,","91.7",",,,0","0",",,,0"
"USC00226513","2010-08","32.4758","-88.8111","107.0","OKATIBBEE RESERVOIR, MS US","9",",0","7",",0","1",",0","0",",0","0",",0","","","20100831","+,,0","20100831","+,,0","2","","20100816",",,0","0",",,0,31,+","0",",,0,31,+","34.0",",,0,16,","105.4",",,,0","0",",,,0"
"USC00226513","2010-09","32.4758","-88.8111","107.0","OKATIBBEE RESERVOIR, MS US","2",",0","2",",0","0",",0","0",",0","0",",0","","","20100930","+,,0","20100930","+,,0","","","20100927",",,0","0",",,0,30,+","0",",,0,30,+","7.4",",,0,27,","11.2",",,,0","0",",,,0"
"USC00226513","2010-10","32.4758","-88.8111","107.0","OKATIBBEE RESERVOIR, MS US","5",",0","3",",0","1",",0","0",",0","0",",0","","","20101031","+,,0","20101031","+,,0","","","20101028",",,0","0",",,0,31,+","0",",,0,31,+","48.5",",,0,28,","71.1",",,,0","0",",,,0"
"USC00226513","2010-11","32.4758","-88.8111","107.0","OKATIBBEE RESERVOIR, MS US","12",",0","6",",0","4",",0","0",",0","0",",0","","","20101130","+,,0","20101130","+,,0","","","20101103",",,0","0",",,0,30,+","0",",,0,30,+","32.0",",,0,03,","150.8",",,,0","0",",,,0"
"USC00226513","2010-12","32.4758","-88.8111","107.0","OKATIBBEE RESERVOIR, MS US","9",",0","6",",0","0",",0","0",",0","0",",0","","","20101226",",,0","20101226","+,,0","","","20101212",",,0","0",",T,0,26,","0",",T,0,26,+","15.0",",,0,12,","33.4",",,,0","0",",T,,0"
"USC00226513","2011-01","32.4758","-88.8111","107.0","OKATIBBEE RESERVOIR, MS US","10",",K","8",",K","2",",K","0",",K","0",",K","","","20110110",",,K","20110110",",,K","1","","20110101",",,K","0",",T,K,10,","13",",,K,10,","56.4",",,K,01,","155.0",",,,K","13",",,,K"
"USC00226513","2011-02","32.4758","-88.8111","107.0","OKATIBBEE RESERVOIR, MS US","8",",7","5",",7","1",",7","1","3,7","1","1,7","1","","20110210",",3,7","20110210",",1,7","1","","20110202",",,7","51","3,,7,10,","51","1,,7,10,","26.7",",,7,02,","74.1",",,,7","51","1,,,7"
"USC00226513","2011-03","32.4758","-88.8111","107.0","OKATIBBEE RESERVOIR, MS US","10",",7","8",",7","4",",7","0",",7","0",",7","","","20110331","+,,7","20110331","+,,7","1","","20110309",",,7","0",",,7,31,+","0",",,7,31,+","78.7",",,7,09,","227.1",",,,7","0",",,,7"
"USC00226513","2011-04","32.4758","-88.8111","107.0","OKATIBBEE RESERVOIR, MS US","11",",7","8",",7","4",",7","0",",7","0",",7","","","20110430","+,,7","20110430","+,,7","6","","20110427",",,7","0",",,7,30,+","0",",,7,30,+","39.9",",,7,27,","171.6",",,,7","0",",,,7"
"USC00226513","2011-05","32.4758","-88.8111","107.0","OKATIBBEE RESERVOIR, MS US","3",",7","3",",7","0",",7","0",",7","0",",7","2","","20110531","+,,7","20110531","+,,7","","","20110504",",,7","0",",,7,31,+","0",",,7,31,+","10.9",",,7,04,","30.2",",,,7","0",",,,7"
"USC00226513","2011-06","32.4758","-88.8111","107.0","OKATIBBEE RESERVOIR, MS US","8",",7","3",",7","1",",7","0",",7","0",",7","","","20110630","+,,7","20110630","+,,7","1","","20110622",",,7","0",",,7,30,+","0",",,7,30,+","47.0",",,7,22,","74.4",",,,7","0",",,,7"
"USC00226513","2011-07","32.4758","-88.8111","107.0","OKATIBBEE RESERVOIR, MS US","14",",7","8",",7","3",",7","0",",7","0",",7","","","20110731","+,,7","20110731","+,,7","4","","20110725",",,7","0",",,7,31,+","0",",,7,31,+","116.8",",,7,25,","297.7",",,,7","0",",,,7"
"USC00226513","2011-08","32.4758","-88.8111","107.0","OKATIBBEE RESERVOIR, MS US","3",",7","3",",7","2",",7","0",",7","0",",7","","","20110831","+,,7","20110831","+,,7","1","","20110805",",,7","0",",,7,31,+","0",",,7,31,+","57.1",",,7,05,","108.7",",,,7","0",",,,7"
"USC00226513","2011-09","32.4758","-88.8111","107.0","OKATIBBEE RESERVOIR, MS US","9",",7","7",",7","4",",7","0",",7","0",",7","1","","20110930","+,,7","20110930","+,,7","1","","20110905",",,7","0",",,7,30,+","0",",,7,30,+","103.4",",,7,05,","266.0",",,,7","0",",,,7"
"USC00226513","2011-10","32.4758","-88.8111","107.0","OKATIBBEE RESERVOIR, MS US","2",",7","2",",7","0",",7","0",",7","0",",7","","","20111031","+,,7","20111031","+,,7","","","20111013",",,7","0",",,7,31,+","0",",,7,31,+","7.9",",,7,13,","10.7",",,,7","0",",,,7"
"USC00226513","2011-11","32.4758","-88.8111","107.0","OKATIBBEE RESERVOIR, MS US","9","1,7","4","1,7","1","1,7","0",",7","0",",7","1","","20111130","+,,7","20111130","+,,7","","","20111127",",1,7","0",",,7,30,+","0",",,7,30,+","30.0","1,,7,27,","76.8","1,,,7","0",",,,7"
"USC00226513","2011-12","32.4758","-88.8111","107.0","OKATIBBEE RESERVOIR, MS US","10",",7","6",",7","1",",7","0",",7","0",",7","","","20111231","+,,7","20111231","+,,7","","","20111227",",,7","0",",,7,31,+","0",",,7,31,+","42.2",",,7,27,","107.6",",,,7","0",",,,7"
"USC00226513","2012-01","32.4758","-88.8111","107.0","OKATIBBEE RESERVOIR, MS US","13",",7","9",",7","2",",7","0",",7","0",",7","2","","20120131","+,,7","20120131","+,,7","1","","20120123",",,7","0",",,7,31,+","0",",,7,31,+","49.0",",,7,23,","168.1",",,,7","0",",,,7"
"USC00226513","2012-02","32.4758","-88.8111","107.0","OKATIBBEE RESERVOIR, MS US","10",",7","8",",7","3",",7","","","","","5","","","","","","2","","20120219",",,7","","","","","37.1",",,7,19,","160.0",",,,7","",""
"USC00226513","2012-03","32.4758","-88.8111","107.0","OKATIBBEE RESERVOIR, MS US","8",",7","4",",7","3",",7","0",",7","0",",7","1","","20120331","+,,7","20120331","+,,7","2","","20120323",",,7","0",",,7,31,+","0",",,7,31,+","53.8",",,7,23,","168.2",",,,7","0",",,,7"
"USC00226513","2012-04","32.4758","-88.8111","107.0","OKATIBBEE RESERVOIR, MS US","6",",7","3",",7","1",",7","0",",7","0",",7","","","20120430","+,,7","20120430","+,,7","2","","20120418",",,7","0",",,7,30,+","0",",,7,30,+","47.0",",,7,18,","59.7",",,,7","0",",,,7"
"USC00226513","2012-05","32.4758","-88.8111","107.0","OKATIBBEE RESERVOIR, MS US","9",",7","5",",7","1",",7","0",",7","0",",7","1","","20120531","+,,7","20120531","+,,7","1","","20120513",",,7","0",",,7,31,+","0",",,7,31,+","89.9",",,7,13,","143.6",",,,7","0",",,,7"
"USC00226513","2012-06","32.4758","-88.8111","107.0","OKATIBBEE RESERVOIR, MS US","6",",7","6",",7","2",",7","0",",7","0",",7","","","20120630","+,,7","20120630","+,,7","1","","20120606",",,7","0",",,7,30,+","0",",,7,30,+","53.1",",,7,06,","141.8",",,,7","0",",,,7"
"USC00226513","2012-07","32.4758","-88.8111","107.0","OKATIBBEE RESERVOIR, MS US","16",",7","9",",7","2",",7","0",",7","0",",7","","","20120731","+,,7","20120731","+,,7","6","","20120712",",,7","0",",,7,31,+","0",",,7,31,+","74.4",",,7,12,","228.2",",,,7","0",",,,7"
"USC00226513","2012-08","32.4758","-88.8111","107.0","OKATIBBEE RESERVOIR, MS US","16",",K","10",",K","4",",K","0",",K","0",",K","","","20120831","+,,K","20120831","+,,K","8","","20120830",",,K","0",",,K,31,+","0",",,K,31,+","65.5",",,K,30,","224.9",",,,K","0",",,,K"
"USC00226513","2012-09","32.4758","-88.8111","107.0","OKATIBBEE RESERVOIR, MS US","3","2,7","3","2,7","0","2,7","0",",7","0",",7","1","","20120930","+,,7","20120930","+,,7","3","","20120930",",2,7","0",",,7,30,+","0",",,7,30,+","12.4","2,,7,30,","46.0",",a,,7","0",",,,7"
"USC00226513","2012-10","32.4758","-88.8111","107.0","OKATIBBEE RESERVOIR, MS US","4",",7","2",",7","1",",7","0",",7","0",",7","5","","20121031","+,,7","20121031","+,,7","2","","20121001",",,7","0",",,7,31,+","0",",,7,31,+","38.9",",,7,01,","60.1",",,,7","0",",,,7"
"USC00226513","2012-11","32.4758","-88.8111","107.0","OKATIBBEE RESERVOIR, MS US","4",",7","4",",7","0",",7","0",",7","0",",7","5","","20121130","+,,7","20121130","+,,7","","","20121127",",,7","0",",,7,30,+","0",",,7,30,+","24.1",",,7,27,","64.5",",,,7","0",",,,7"
"USC00226513","2012-12","32.4758","-88.8111","107.0","OKATIBBEE RESERVOIR, MS US","10","2,7","8","2,7","4","2,7","0",",7","0",",7","7","","20121231","+,,7","20121231","+,,7","1","","20121211",",2,7","0",",,7,31,+","0",",,7,31,+","77.5","2,,7,11,","244.1","2,,,7","0",",,,7"
"USC00226513","2013-01","32.4758","-88.8111","107.0","OKATIBBEE RESERVOIR, MS US","14",",7","11",",7","3",",7","0",",7","0",",7","3","","20130131","+,,7","20130117",",,7","","","20130115",",,7","0",",,7,31,+","18",",,7,17,","32.5",",,7,15,","176.5",",,,7","18",",,,7"
"USC00226513","2013-02","32.4758","-88.8111","107.0","OKATIBBEE RESERVOIR, MS US","8",",7","8",",7","4",",7","0",",7","0",",7","2","","20130228","+,,7","20130228","+,,7","","","20130222",",,7","0",",,7,28,+","0",",,7,28,+","69.6",",,7,22,","205.5",",,,7","0",",,,7"
"USC00226513","2013-03","32.4758","-88.8111","107.0","OKATIBBEE RESERVOIR, MS US","9",",7","7",",7","2",",7","0",",7","0",",7","","","20130331","+,,7","20130331","+,,7","","","20130311",",,7","0",",,7,31,+","0",",,7,31,+","26.7",",,7,11,","93.8",",,,7","0",",,,7"
"USC00226513","2013-04","32.4758","-88.8111","107.0","OKATIBBEE RESERVOIR, MS US","11",",7","8",",7","1",",7","0",",7","0",",7","1","","20130430","+,,7","20130430","+,,7","2","","20130412",",,7","0",",,7,30,+","0",",,7,30,+","35.6",",,7,12,","157.6",",,,7","0",",,,7"
"USC00226513","2013-05","32.4758","-88.8111","107.0","OKATIBBEE RESERVOIR, MS US","13",",7","8",",7","3",",7","0",",7","0",",7","","","20130531","+,,7","20130531","+,,7","1","","20130502",",,7","0",",,7,31,+","0",",,7,31,+","51.6",",,7,02,","165.2",",,,7","0",",,,7"
"USC00226513","2013-06","32.4758","-88.8111","107.0","OKATIBBEE RESERVOIR, MS US","12",",7","8",",7","4",",7","0",",7","0",",7","2","","20130630","+,,7","20130630","+,,7","3","","20130607",",,7","0",",,7,30,+","0",",,7,30,+","47.0",",,7,07,","214.3",",,,7","0",",,,7"
"USC00226513","2013-07","32.4758","-88.8111","107.0","OKATIBBEE RESERVOIR, MS US","14",",7","9",",7","2",",7","0",",7","0",",7","","","20130731","+,,7","20130731","+,,7","3","","20130712",",,7","0",",,7,31,+","0",",,7,31,+","50.0",",,7,12,","127.8",",,,7","0",",,,7"
"USC00226513","2013-08","32.4758","-88.8111","107.0","OKATIBBEE RESERVOIR, MS US","10",",7","6",",7","1",",7","0",",7","0",",7","","","20130831","+,,7","20130831","+,,7","","","20130821",",,7","0",",,7,31,+","0",",,7,31,+","26.2",",,7,21,","100.9",",,,7","0",",,,7"
"USC00226513","2013-09","32.4758","-88.8111","107.0","OKATIBBEE RESERVOIR, MS US","4",",7","4",",7","1",",7","0",",7","0",",7","","","20130930","+,,7","20130930","+,,7","","","20130921",",,7","0",",,7,30,+","0",",,7,30,+","40.1",",,7,21,","68.8",",,,7","0",",,,7"
"USC00226513","2013-10","32.4758","-88.8111","107.0","OKATIBBEE RESERVOIR, MS US","7","2,7","4","2,7","1","2,7","0",",7","0",",7","3","","20131031","+,,7","20131031","+,,7","","","20131007",",2,7","0",",,7,31,+","0",",,7,31,+","39.4","2,,7,07,","75.8","2,,,7","0",",,,7"
"USC00226513","2013-11","32.4758","-88.8111","107.0","OKATIBBEE RESERVOIR, MS US","10",",7","8",",7","2",",7","0",",7","0",",7","","","20131130","+,,7","20131130","+,,7","","","20131126",",,7","0",",,7,30,+","0",",,7,30,+","54.9",",,7,26,","143.9",",,,7","0",",,,7"
"USC00226513","2013-12","32.4758","-88.8111","107.0","OKATIBBEE RESERVOIR, MS US","11",",7","9",",7","2",",7","0",",7","0",",7","","","20131231","+,,7","20131231","+,,7","","","20131209",",,7","0",",,7,31,+","0",",,7,31,+","58.4",",,7,09,","177.9",",,,7","0",",,,7"
"USC00226513","2014-01","32.4758","-88.8111","107.0","OKATIBBEE RESERVOIR, MS US","2","4,7","2","4,7","0","4,7","1",",7","1",",7","","","20140129",",,7","20140129",",,7","","","20140111",",4,7","51",",,7,29,","38",",,7,29,","24.6","4,,7,11,","27.9","4,,,7","38",",,,7"
"USC00226513","2014-02","32.4758","-88.8111","107.0","OKATIBBEE RESERVOIR, MS US","8","2,7","7","2,7","3","2,7","0",",7","0",",7","","","20140228","+,,7","20140228","+,,7","","","20140203",",2,7","0",",,7,28,+","0",",,7,28,+","45.7","2,,7,03,","143.6","2,,,7","0",",,,7"
"USC00226513","2014-03","32.4758","-88.8111","107.0","OKATIBBEE RESERVOIR, MS US","7","4,7","6","4,7","1","4,7","0",",7","0",",7","","","20140331","+,,7","20140331","+,,7","","","20140328",",4,7","0",",,7,31,+","0",",,7,31,+","55.4","4,,7,28,","133.7",",a,,7","0",",,,7"
"USC00226513","2014-04","32.4758","-88.8111","107.0","OKATIBBEE RESERVOIR, MS US","13",",7","11",",7","3",",7","0",",7","0",",7","","","20140430","+,,7","20140430","+,,7","2","","20140407",",,7","0",",,7,30,+","0",",,7,30,+","102.1",",,7,07,","316.7",",,,7","0",",,,7"
"USC00226513","2014-05","32.4758","-88.8111","107.0","OKATIBBEE RESERVOIR, MS US","10",",7","6",",7","0",",7","0",",7","0",",7","","","20140531","+,,7","20140531","+,,7","","","20140514",",,7","0",",,7,31,+","0",",,7,31,+","17.5",",,7,14,","58.9",",,,7","0",",,,7"
"USC00226513","2014-06","32.4758","-88.8111","107.0","OKATIBBEE RESERVOIR, MS US","19",",7","10",",7","1",",7","0",",7","0",",7","1","","20140630","+,,7","20140630","+,,7","","","20140611",",,7","0",",,7,30,+","0",",,7,30,+","27.7",",,7,11,","128.7",",,,7","0",",,,7"
"USC00226513","2014-07","32.4758","-88.8111","107.0","OKATIBBEE RESERVOIR, MS US","4","1,7","2","1,7","0","1,7","0",",7","0",",7","","","20140731","+,,7","20140731","+,,7","","","20140719",",1,7","0",",,7,31,+","0",",,7,31,+","11.9","1,,7,19,","18.1","1,,,7","0",",,,7"
"USC00226513","2014-08","32.4758","-88.8111","107.0","OKATIBBEE RESERVOIR, MS US","6",",7","6",",7","0",",7","0",",7","0",",7","","","20140831","+,,7","20140831","+,,7","","","20140831",",,7","0",",,7,31,+","0",",,7,31,+","20.6",",,7,31,","61.6",",,,7","0",",,,7"
"USC00226513","2014-09","32.4758","-88.8111","107.0","OKATIBBEE RESERVOIR, MS US","4",",7","2",",7","0",",7","0",",7","0",",7","1","","20140930","+,,7","20140930","+,,7","","","20140919",",,7","0",",,7,30,+","0",",,7,30,+","18.0",",,7,19,","22.6",",,,7","0",",,,7"
"USC00226513","2014-10","32.4758","-88.8111","107.0","OKATIBBEE RESERVOIR, MS US","3",",7","2",",7","1",",7","0",",7","0",",7","2","","20141031","+,,7","20141031","+,,7","","","20141014",",,7","0",",,7,31,+","0",",,7,31,+","33.0",",,7,14,","51.3",",,,7","0",",,,7"
"USC00226513","2014-11","32.4758","-88.8111","107.0","OKATIBBEE RESERVOIR, MS US","4",",7","3",",7","1",",7","0",",7","0",",7","","","20141130","+,,7","20141130","+,,7","","","20141117",",,7","0",",,7,30,+","0",",,7,30,+","91.4",",,7,17,","101.8",",,,7","0",",,,7"
"USC00226513","2014-12","32.4758","-88.8111","107.0","OKATIBBEE RESERVOIR, MS US","10",",7","7",",7","3",",7","0",",7","0",",7","","","20141231","+,,7","20141231","+,,7","","","20141224",",,7","0",",,7,31,+","0",",,7,31,+","111.0",",,7,24,","274.6",",,,7","0",",,,7"
"USC00226513","2015-01","32.4758","-88.8111","107.0","OKATIBBEE RESERVOIR, MS US","8",",7","5",",7","2",",7","0",",7","0",",7","1","","20150131","+,,7","20150131","+,,7","","","20150104",",,7","0",",,7,31,+","0",",,7,31,+","89.2",",,7,04,","139.4",",,,7","0",",,,7"
"USC00226513","2015-02","32.4758","-88.8111","107.0","OKATIBBEE RESERVOIR, MS US","10",",7","9",",7","2",",7","0",",7","0",",7","","","20150228","+,,7","20150228","+,,7","","","20150222",",,7","0",",,7,28,+","0",",,7,28,+","36.6",",,7,22,","126.7",",,,7","0",",,,7"
"USC00226513","2015-03","32.4758","-88.8111","107.0","OKATIBBEE RESERVOIR, MS US","17","1,7","9","1,7","2","1,7","0",",7","0",",7","","","20150331","+,,7","20150305",",,7","","","20150322",",1,7","0",",,7,31,+","0",",T,7,05,","33.5","1,,7,22,","144.3","1,,,7","0",",T,,7"
"USC00226513","2015-04","32.4758","-88.8111","107.0","OKATIBBEE RESERVOIR, MS US","15",",7","9",",7","1",",7","0",",7","0",",7","","","20150430","+,,7","20150430","+,,7","","","20150419",",,7","0",",,7,30,+","0",",,7,30,+","57.9",",,7,19,","152.8",",,,7","0",",,,7"
"USC00226513","2015-05","32.4758","-88.8111","107.0","OKATIBBEE RESERVOIR, MS US","12",",7","6",",7","0",",7","0",",7","0",",7","2","","20150531","+,,7","20150531","+,,7","","","20150525",",,7","0",",,7,31,+","0",",,7,31,+","16.0",",,7,25,","59.0",",,,7","0",",,,7"
"USC00226513","2015-06","32.4758","-88.8111","107.0","OKATIBBEE RESERVOIR, MS US","14",",7","8",",7","0",",7","0",",7","0",",7","2","","20150630","+,,7","20150630","+,,7","","","20150611",",,7","0",",,7,30,+","0",",,7,30,+","12.7",",,7,11,","58.5",",,,7","0",",,,7"
"USC00226513","2015-07","32.4758","-88.8111","107.0","OKATIBBEE RESERVOIR, MS US","11",",7","7",",7","3",",7","0",",7","0",",7","","","20150731","+,,7","20150731","+,,7","","","20150701",",,7","0",",,7,31,+","0",",,7,31,+","36.8",",,7,01,","124.8",",,,7","0",",,,7"
"USC00226513","2015-08","32.4758","-88.8111","107.0","OKATIBBEE RESERVOIR, MS US","10",",7","6",",7","1",",7","0",",7","0",",7","","","20150831","+,,7","20150831","+,,7","","","20150816",",,7","0",",,7,31,+","0",",,7,31,+","30.5",",,7,16,","69.2",",,,7","0",",,,7"
"USC00226513","2015-09","32.4758","-88.8111","107.0","OKATIBBEE RESERVOIR, MS US","8",",7","3",",7","1",",7","0",",7","0",",7","","","20150930","+,,7","20150930","+,,7","","","20150928",",,7","0",",,7,30,+","0",",,7,30,+","52.6",",,7,28,","65.2",",,,7","0",",,,7"
"USC00226513","2015-10","32.4758","-88.8111","107.0","OKATIBBEE RESERVOIR, MS US","6",",7","4",",7","2",",7","0",",7","0",",7","","","20151031","+,,7","20151031","+,,7","","","20151026",",,7","0",",,7,31,+","0",",,7,31,+","68.6",",,7,26,","137.8",",,,7","0",",,,7"
"USC00226513","2015-11","32.4758","-88.8111","107.0","OKATIBBEE RESERVOIR, MS US","10",",7","6",",7","3",",7","0",",7","0",",7","","","20151130","+,,7","20151130","+,,7","","","20151107",",,7","0",",,7,30,+","0",",,7,30,+","144.0",",,7,07,","290.6",",,,7","0",",,,7"
"USC00226513","2015-12","32.4758","-88.8111","107.0","OKATIBBEE RESERVOIR, MS US","14","2,7","11","2,7","3","2,7","0",",7","0",",7","","","20151231","+,,7","20151231","+,,7","","","20151202",",2,7","0",",,7,31,+","0",",,7,31,+","38.9","2,,7,02,","166.9","2,,,7","0",",,,7"
"USC00226513","2016-01","32.4758","-88.8111","107.0","OKATIBBEE RESERVOIR, MS US","10",",7","5",",7","2",",7","0",",7","0",",7","","","20160131","+,,7","20160123",",,7","","","20160122",",,7","0",",,7,31,+","0",",T,7,23,","47.0",",,7,22,","88.1",",,,7","0",",T,,7"
"USC00226513","2016-02","32.4758","-88.8111","107.0","OKATIBBEE RESERVOIR, MS US","7",",7","6",",7","4",",7","0",",7","0",",7","","","20160229","+,,7","20160229","+,,7","","","20160223",",,7","0",",,7,29,+","0",",,7,29,+","34.0",",,7,23,","132.9",",,,7","0",",,,7"
"USC00226513","2016-03","32.4758","-88.8111","107.0","OKATIBBEE RESERVOIR, MS US","14",",7","11",",7","2",",7","0",",7","0",",7","","","20160331","+,,7","20160331","+,,7","","","20160311",",,7","0",",,7,31,+","0",",,7,31,+","83.8",",,7,11,","235.5",",,,7","0",",,,7"
"USC00226513","2016-04","32.4758","-88.8111","107.0","OKATIBBEE RESERVOIR, MS US","8",",7","4",",7","3",",7","0",",7","0",",7","","","20160430","+,,7","20160430","+,,7","","","20160412",",,7","0",",,7,30,+","0",",,7,30,+","71.4",",,7,12,","178.0",",,,7","0",",,,7"
"USC00226513","2016-05","32.4758","-88.8111","107.0","OKATIBBEE RESERVOIR, MS US","7",",7","4",",7","1",",7","0",",7","0",",7","","","20160531","+,,7","20160531","+,,7","","","20160502",",,7","0",",,7,31,+","0",",,7,31,+","27.4",",,7,02,","55.7",",,,7","0",",,,7"
"USC00226513","2016-06","32.4758","-88.8111","107.0","OKATIBBEE RESERVOIR, MS US","7","1,7","6","1,7","1","1,7","0",",7","0",",7","1","","20160630","+,,7","20160630","+,,7","","","20160604",",1,7","0",",,7,30,+","0",",,7,30,+","34.0","1,,7,04,","103.7","1,,,7","0",",,,7"
"USC00226513","2016-07","32.4758","-88.8111","107.0","OKATIBBEE RESERVOIR, MS US","16",",7","11",",7","1",",7","0",",7","0",",7","","","20160731","+,,7","20160731","+,,7","","","20160713",",,7","0",",,7,31,+","0",",,7,31,+","34.5",",,7,13,","99.0",",,,7","0",",,,7"
"USC00226513","2016-08","32.4758","-88.8111","107.0","OKATIBBEE RESERVOIR, MS US","18",",7","12",",7","0",",7","0",",7","0",",7","","","20160831","+,,7","20160831","+,,7","","","20160823",",,7","0",",,7,31,+","0",",,7,31,+","22.1",",,7,23,","128.6",",,,7","0",",,,7"
"USC00226513","2016-09","32.4758","-88.8111","107.0","OKATIBBEE RESERVOIR, MS US","4",",7","1",",7","0",",7","0",",7","0",",7","1","","20160930","+,,7","20160930","+,,7","","","20160919",",,7","0",",,7,30,+","0",",,7,30,+","4.8",",,7,19,","7.7",",,,7","0",",,,7"
"USC00226513","2016-10","32.4758","-88.8111","107.0","OKATIBBEE RESERVOIR, MS US","1",",7","1",",7","0",",7","0",",7","0",",7","","","20161031","+,,7","20161031","+,,7","","","20161021",",,7","0",",,7,31,+","0",",,7,31,+","5.6",",,7,21,","5.6",",,,7","0",",,,7"
"USC00226513","2016-11","32.4758","-88.8111","107.0","OKATIBBEE RESERVOIR, MS US","1","3,7","1","3,7","0","3,7","0",",7","0",",7","1","","20161130","+,,7","20161130","+,,7","","","20161116",",3,7","0",",,7,30,+","0",",,7,30,+","8.4","3,,7,16,","8.4","3,,,7","0",",,,7"
"USC00226513","2016-12","32.4758","-88.8111","107.0","OKATIBBEE RESERVOIR, MS US","13","1,7","6","1,7","1","1,7","0",",7","0",",7","3","","20161231","+,,7","20161231","+,,7","","","20161206",",1,7","0",",,7,31,+","0",",,7,31,+","25.7","1,,7,06,","79.2","1,,,7","0",",,,7"
"USC00226513","2017-01","32.4758","-88.8111","107.0","OKATIBBEE RESERVOIR, MS US","10","1,7","8","1,7","4","1,7","1",",7","0",",7","1","","20170107",",,7","20170107",",,7","","","20170120",",1,7","25",",,7,07,","18",",,7,07,","45.2","1,,7,20,","218.3","1,,,7","18",",,,7"
"USC00226513","2017-02","32.4758","-88.8111","107.0","OKATIBBEE RESERVOIR, MS US","11",",7","6",",7","0",",7","0",",7","0",",7","2","","20170228","+,,7","20170228","+,,7","","","20170208",",,7","0",",,7,28,+","0",",,7,28,+","22.9",",,7,08,","75.5",",,,7","0",",,,7"
"USC00226513","2017-03","32.4758","-88.8111","107.0","OKATIBBEE RESERVOIR, MS US","10",",7","6",",7","2",",7","0",",7","0",",7","","","20170331","+,,7","20170331","+,,7","","","20170308",",,7","0",",,7,31,+","0",",,7,31,+","36.6",",,7,08,","110.6",",,,7","0",",,,7"
"USC00226513","2017-04","32.4758","-88.8111","107.0","OKATIBBEE RESERVOIR, MS US","12",",7","6",",7","2",",7","0",",7","0",",7","","","20170430","+,,7","20170430","+,,7","","","20170403",",,7","0",",,7,30,+","0",",,7,30,+","134.6",",,7,03,","245.1",",,,7","0",",,,7"
"USC00226513","2017-05","32.4758","-88.8111","107.0","OKATIBBEE RESERVOIR, MS US","14",",7","8",",7","3",",7","0",",7","0",",7","","","20170531","+,,7","20170531","+,,7","","","20170501",",,7","0",",,7,31,+","0",",,7,31,+","38.6",",,7,01,","141.1",",,,7","0",",,,7"
"USC00226513","2017-06","32.4758","-88.8111","107.0","OKATIBBEE RESERVOIR, MS US","22",",7","14",",7","4",",7","0",",7","0",",7","1","","20170630","+,,7","20170630","+,,7","2","","20170622",",,7","0",",,7,30,+","0",",,7,30,+","62.7",",,7,22,","292.9",",,,7","0",",,,7"
"USC00226513","2017-07","32.4758","-88.8111","107.0","OKATIBBEE RESERVOIR, MS US","11",",7","5",",7","1",",7","0",",7","0",",7","","","20170731","+,,7","20170731","+,,7","","","20170729",",,7","0",",,7,31,+","0",",,7,31,+","30.0",",,7,29,","83.9",",,,7","0",",,,7"
"USC00226513","2017-08","32.4758","-88.8111","107.0","OKATIBBEE RESERVOIR, MS US","13",",7","5",",7","0",",7","0",",7","0",",7","","","20170831","+,,7","20170831","+,,7","","","20170810",",,7","0",",,7,31,+","0",",,7,31,+","23.9",",,7,10,","70.1",",,,7","0",",,,7"
"USC00226513","2017-09","32.4758","-88.8111","107.0","OKATIBBEE RESERVOIR, MS US","12",",7","4",",7","0",",7","0",",7","0",",7","","","20170930","+,,7","20170930","+,,7","","","20170926",",,7","0",",,7,30,+","0",",,7,30,+","17.5",",,7,26,","43.3",",,,7","0",",,,7"
"USC00226513","2017-10","32.4758","-88.8111","107.0","OKATIBBEE RESERVOIR, MS US","9",",7","5",",7","0",",7","0",",7","0",",7","","","20171031","+,,7","20171031","+,,7","","","20171011",",,7","0",",,7,31,+","0",",,7,31,+","23.9",",,7,11,","64.6",",,,7","0",",,,7"
"USC00226513","2017-11","32.4758","-88.8111","107.0","OKATIBBEE RESERVOIR, MS US","7",",7","5",",7","0",",7","0",",7","0",",7","1","","20171130","+,,7","20171130","+,,7","","","20171104",",,7","0",",,7,30,+","0",",,7,30,+","16.3",",,7,04,","38.9",",,,7","0",",,,7"
"USC00226513","2017-12","32.4758","-88.8111","107.0","OKATIBBEE RESERVOIR, MS US","10","4,7","7","4,7","0","4,7","0","2,7","0","2,7","","","20171231","+,2,7","20171231","+,2,7","","","20171227",",4,7","0","2,,7,31,+","0","2,,7,31,+","18.5","4,,7,27,","106.0",",a,,7","0","2,,,7"
"USC00226513","2018-01","32.4758","-88.8111","107.0","OKATIBBEE RESERVOIR, MS US","10",",7","5",",7","1",",7","0","1,7","0","1,7","","","20180131","+,1,7","20180131","+,1,7","","","20180128",",,7","0","1,,7,31,+","0","1,,7,31,+","27.2",",,7,28,","76.6",",,,7","0","1,,,7"
"USC00226513","2018-02","32.4758","-88.8111","107.0","OKATIBBEE RESERVOIR, MS US","17",",7","11",",7","3",",7","0",",7","0",",7","","","20180228","+,,7","20180228","+,,7","","","20180226",",,7","0",",,7,28,+","0",",,7,28,+","71.1",",,7,26,","249.5",",,,7","0",",,,7"
"USC00226513","2018-03","32.4758","-88.8111","107.0","OKATIBBEE RESERVOIR, MS US","14",",7","7",",7","2",",7","0",",7","0",",7","","","20180331","+,,7","20180331","+,,7","","","20180306",",,7","0",",,7,31,+","0",",,7,31,+","28.2",",,7,06,","116.4",",,,7","0",",,,7"
"USC00226513","2018-04","32.4758","-88.8111","107.0","OKATIBBEE RESERVOIR, MS US","8",",7","5",",7","3",",7","0",",7","0",",7","","","20180430","+,,7","20180430","+,,7","","","20180407",",,7","0",",,7,30,+","0",",,7,30,+","95.3",",,7,07,","235.1",",,,7","0",",,,7"
"USC00226513","2018-05","32.4758","-88.8111","107.0","OKATIBBEE RESERVOIR, MS US","9",",7","6",",7","2",",7","0",",7","0",",7","1","","20180531","+,,7","20180531","+,,7","","","20180516",",,7","0",",,7,31,+","0",",,7,31,+","50.0",",,7,16,","111.9",",,,7","0",",,,7"
"USC00226513","2018-06","32.4758","-88.8111","107.0","OKATIBBEE RESERVOIR, MS US","7","1,7","4","1,7","1","1,7","0",",7","0",",7","","","20180630","+,,7","20180630","+,,7","","","20180612",",1,7","0",",,7,30,+","0",",,7,30,+","31.2","1,,7,12,","48.5","1,,,7","0",",,,7"
"USC00226513","2018-08","32.4758","-88.8111","107.0","OKATIBBEE RESERVOIR, MS US","13","2,7","7","2,7","2","2,7","0",",7","0",",7","1","","20180831","+,,7","20180831","+,,7","","","20180801",",2,7","0",",,7,31,+","0",",,7,31,+","29.5","2,,7,01,","122.4",",a,,7","0",",,,7"
"USC00226513","2018-09","32.4758","-88.8111","107.0","OKATIBBEE RESERVOIR, MS US","8","4,7","5","4,7","1","4,7","0",",7","0",",7","","","20180930","+,,7","20180930","+,,7","","","20180905",",4,7","0",",,7,30,+","0",",,7,30,+","31.2","4,,7,05,","148.0",",a,,7","0",",,,7"
"USC00226513","2019-04","32.4758","-88.8111","107.0","OKATIBBEE RESERVOIR, MS US","13",",7","7",",7","4",",7","0",",7","0",",7","1","","20190430","+,,7","20190430","+,,7","","","20190414",",,7","0",",,7,30,+","0",",,7,30,+","68.1",",,7,14,","248.6",",,,7","0",",,,7"
"USC00226513","2019-12","32.4758","-88.8111","107.0","OKATIBBEE RESERVOIR, MS US","17",",7","9",",7","1",",7","0",",7","0",",7","","","20191231","+,,7","20191231","+,,7","","","20191222",",,7","0",",,7,31,+","0",",,7,31,+","33.0",",,7,22,","111.7",",,,7","0",",,,7"
"USC00226513","2020-02","32.4758","-88.8111","107.0","OKATIBBEE RESERVOIR, MS US","19",",7","12",",7","3",",7","","","","","1","","","","","","","","20200206",",,7","","","","","103.1",",,7,06,","272.0",",,,7","",""
"USC00226513","2020-03","32.4758","-88.8111","107.0","OKATIBBEE RESERVOIR, MS US","14",",7","7",",7","2",",7","","","","","2","","","","","","","","20200305",",,7","","","","","45.5",",,7,05,","129.1",",,,7","",""
"USC00226513","2020-04","32.4758","-88.8111","107.0","OKATIBBEE RESERVOIR, MS US","11",",7","4",",7","3",",7","","","","","","","","","","","1","","20200420",",,7","","","","","75.9",",,7,20,","211.1",",,,7","",""
"USC00226513","2020-05","32.4758","-88.8111","107.0","OKATIBBEE RESERVOIR, MS US","11",",7","8",",7","1",",7","","","","","","","","","","","","","20200518",",,7","","","","","33.5",",,7,18,","129.1",",,,7","",""
"USC00226513","2020-06","32.4758","-88.8111","107.0","OKATIBBEE RESERVOIR, MS US","11",",7","9",",7","2",",7","","","","","","","","","","","","","20200608",",,7","","","","","71.9",",,7,08,","202.2",",,,7","",""
"USC00226513","2020-07","32.4758","-88.8111","107.0","OKATIBBEE RESERVOIR, MS US","18",",7","7",",7","1",",7","","","","","","","","","","","","","20200716",",,7","","","","","44.5",",,7,16,","111.6",",,,7","",""
"USC00226513","2020-08","32.4758","-88.8111","107.0","OKATIBBEE RESERVOIR, MS US","11",",7","8",",7","0",",7","","","","","","","","","","","","","20200826","+,,7","","","","","9.7",",,7,26,+","53.3",",,,7","",""
"USC00226513","2020-09","32.4758","-88.8111","107.0","OKATIBBEE RESERVOIR, MS US","7",",7","4",",7","1",",7","","","","","","","","","","","","","20200924",",,7","","","","","51.8",",,7,24,","72.4",",,,7","",""
"USC00226513","2020-10","32.4758","-88.8111","107.0","OKATIBBEE RESERVOIR, MS US","9",",7","7",",7","3",",7","","","","","","","","","","","","","20201029",",,7","","","","","88.9",",,7,29,","207.1",",,,7","",""
"USC00226513","2020-11","32.4758","-88.8111","107.0","OKATIBBEE RESERVOIR, MS US","7",",7","3",",7","2",",7","","","","","1","","","","","","","","20201128",",,7","","","","","38.4",",,7,28,","79.5",",,,7","",""
"USC00226513","2020-12","32.4758","-88.8111","107.0","OKATIBBEE RESERVOIR, MS US","8",",7","7",",7","1",",7","","","","","3","","","","","","1","","20201224",",,7","","","","","45.0",",,7,24,","102.4",",,,7","",""
"USC00226513","2021-03","32.4758","-88.8111","107.0","OKATIBBEE RESERVOIR, MS US","12",",7","11",",7","5",",7","","","","","","","","","","","","","20210326",",,7","","","","","51.6",",,7,26,","258.2",",,,7","",""
"USC00226513","2021-04","32.4758","-88.8111","107.0","OKATIBBEE RESERVOIR, MS US","5",",7","5",",7","2",",7","","","","","","","","","","","","","20210424",",,7","","","","","72.9",",,7,24,","174.8",",,,7","",""
"USC00226513","2021-05","32.4758","-88.8111","107.0","OKATIBBEE RESERVOIR, MS US","8",",7","6",",7","1",",7","","","","","","","","","","","","","20210505",",,7","","","","","45.2",",,7,05,","109.8",",,,7","",""
"USC00226513","2021-06","32.4758","-88.8111","107.0","OKATIBBEE RESERVOIR, MS US","12",",7","11",",7","4",",7","","","","","","","","","","","","","20210620",",,7","","","","","47.5",",,7,20,","251.1",",,,7","",""
"USC00226513","2021-07","32.4758","-88.8111","107.0","OKATIBBEE RESERVOIR, MS US","24",",7","17",",7","3",",7","","","","","1","","","","","","","","20210719",",,7","","","","","97.5",",,7,19,","288.5",",,,7","",""
"USC00226513","2021-08","32.4758","-88.8111","107.0","OKATIBBEE RESERVOIR, MS US","10",",7","9",",7","1",",7","","","","","","","","","","","1","","20210831",",,7","","","","","67.6",",,7,31,","158.6",",,,7","",""
"USC00226513","2021-09","32.4758","-88.8111","107.0","OKATIBBEE RESERVOIR, MS US","11",",7","11",",7","3",",7","","","","","","","","","","","","","20210929",",,7","","","","","36.1",",,7,29,","188.1",",,,7","",""
"USC00226513","2021-10","32.4758","-88.8111","107.0","OKATIBBEE RESERVOIR, MS US","7",",7","6",",7","1",",7","","","","","","","","","","","","","20211028",",,7","","","","","34.5",",,7,28,","70.6",",,,7","",""
"USC00226513","2021-11","32.4758","-88.8111","107.0","OKATIBBEE RESERVOIR, MS US","6",",7","4",",7","0",",7","","","","","","","","","","","","","20211122",",,7","","","","","13.0",",,7,22,","27.6",",,,7","",""
"USC00226513","2021-12","32.4758","-88.8111","107.0","OKATIBBEE RESERVOIR, MS US","11",",7","8",",7","0",",7","","","","","","","","","","","","","20211231",",,7","","","","","21.1",",,7,31,","94.2",",,,7","",""
"USC00226513","2022-01","32.4758","-88.8111","107.0","OKATIBBEE RESERVOIR, MS US","8",",7","7",",7","4",",7","0","3,7","0","3,7","","","20220131","+,3,7","20220131","+,3,7","","","20220110",",,7","0","3,,7,31,+","0","3,,7,31,+","43.7",",,7,10,","152.3",",,,7","0","3,,,7"
"USC00226513","2022-02","32.4758","-88.8111","107.0","OKATIBBEE RESERVOIR, MS US","10","2,7","6","2,7","0","2,7","0",",7","0",",7","","","20220228","+,,7","20220228","+,,7","","","20220204",",2,7","0",",,7,28,+","0",",,7,28,+","21.3","2,,7,04,","62.5","2,,,7","0",",,,7"
"USC00226513","2022-03","32.4758","-88.8111","107.0","OKATIBBEE RESERVOIR, MS US","8",",7","8",",7","3",",7","0",",7","0",",7","","","20220331","+,,7","20220331","+,,7","","","20220323",",,7","0",",,7,31,+","0",",,7,31,+","85.6",",,7,23,","210.4",",,,7","0",",,,7"
"USC00226513","2022-04","32.4758","-88.8111","107.0","OKATIBBEE RESERVOIR, MS US","10",",7","9",",7","3",",7","0",",7","0",",7","","","20220430","+,,7","20220430","+,,7","","","20220417",",,7","0",",,7,30,+","0",",,7,30,+","43.2",",,7,17,","166.1",",,,7","0",",,,7"
"USC00226513","2022-05","32.4758","-88.8111","107.0","OKATIBBEE RESERVOIR, MS US","9",",7","6",",7","1",",7","0",",7","0",",7","","","20220531","+,,7","20220531","+,,7","","","20220513",",,7","0",",,7,31,+","0",",,7,31,+","31.2",",,7,13,","85.8",",,,7","0",",,,7"
"USC00226513","2022-06","32.4758","-88.8111","107.0","OKATIBBEE RESERVOIR, MS US","7",",7","6",",7","3",",7","0",",7","0",",7","","","20220630","+,,7","20220630","+,,7","","","20220627",",,7","0",",,7,30,+","0",",,7,30,+","61.7",",,7,27,","151.5",",,,7","0",",,,7"
"USC00226513","2022-07","32.4758","-88.8111","107.0","OKATIBBEE RESERVOIR, MS US","15",",7","9",",7","1",",7","0",",7","0",",7","","","20220731","+,,7","20220731","+,,7","","","20220722",",,7","0",",,7,31,+","0",",,7,31,+","26.4",",,7,22,","84.0",",,,7","0",",,,7"
"USC00226513","2022-08","32.4758","-88.8111","107.0","OKATIBBEE RESERVOIR, MS US","15",",7","10",",7","2",",7","0",",7","0",",7","","","20220831","+,,7","20220831","+,,7","","","20220824",",,7","0",",,7,31,+","0",",,7,31,+","87.1",",,7,24,","256.5",",,,7","0",",,,7"
"USC00226513","2022-09","32.4758","-88.8111","107.0","OKATIBBEE RESERVOIR, MS US","5",",7","2",",7","1",",7","0",",7","0",",7","","","20220930","+,,7","20220930","+,,7","","","20220910",",,7","0",",,7,30,+","0",",,7,30,+","43.2",",,7,10,","51.1",",,,7","0",",,,7"
"USC00226513","2022-10","32.4758","-88.8111","107.0","OKATIBBEE RESERVOIR, MS US","3",",7","2",",7","1",",7","0",",7","0",",7","","","20221031","+,,7","20221031","+,,7","","","20221013",",,7","0",",,7,31,+","0",",,7,31,+","41.7",",,7,13,","65.8",",,,7","0",",,,7"
"USC00226513","2022-11","32.4758","-88.8111","107.0","OKATIBBEE RESERVOIR, MS US","8",",7","5",",7","2",",7","0",",7","0",",7","","","20221130","+,,7","20221130","+,,7","","","20221130",",,7","0",",,7,30,+","0",",,7,30,+","44.2",",,7,30,","114.3",",,,7","0",",,,7"
"USC00226513","2022-12","32.4758","-88.8111","107.0","OKATIBBEE RESERVOIR, MS US","8","1,7","5","1,7","0","1,7","","","","","","","","","","","","","20221214",",1,7","","","","","14.2","1,,7,14,","52.4","1,,,7","",""
"USC00226513","2023-01","32.4758","-88.8111","107.0","OKATIBBEE RESERVOIR, MS US","","","","","","","","","","","","","","","","","","","","","","","","","","","183.3","2,a,,7","",""
"USC00226513","2023-02","32.4758","-88.8111","107.0","OKATIBBEE RESERVOIR, MS US","10",",7","8",",7","4",",7","0",",7","0",",7","","","20230228","+,,7","20230228","+,,7","","","20230212",",,7","0",",,7,28,+","0",",,7,28,+","50.8",",,7,12,","191.4",",,,7","0",",,,7"
"USC00226513","2023-04","32.4758","-88.8111","107.0","OKATIBBEE RESERVOIR, MS US","11","5,H","11","5,H","3","5,H","","","","","","","","","","","","","20230408",",5,H","","","","","71.4","5,,H,08,","221.4","5,,,H","",""
"USC00226513","2023-05","32.4758","-88.8111","107.0","OKATIBBEE RESERVOIR, MS US","9","4,H","7","4,H","1","4,H","","","","","","","","","","","","","20230511",",4,H","","","","","29.2","4,,H,11,","101.2","4,,,H","",""
"USC00226513","2023-06","32.4758","-88.8111","107.0","OKATIBBEE RESERVOIR, MS US","8","4,H","7","4,H","4","4,H","","","","","","","","","","","","","20230619",",4,H","","","","","77.7","4,,H,19,","265.0","4,,,H","",""
"USC00226513","2023-07","32.4758","-88.8111","107.0","OKATIBBEE RESERVOIR, MS US","10","5,H","7","5,H","2","5,H","","","","","","","","","","","","","20230710",",5,H","","","","","54.6","5,,H,10,","144.6","5,,,H","",""
"USC00226513","2023-08","32.4758","-88.8111","107.0","OKATIBBEE RESERVOIR, MS US","2","3,H","1","3,H","0","3,H","","","","","","","","","","","","","20230829",",3,H","","","","","2.5","3,,H,29,","4.5","3,,,H","",""
"USC00226513","2023-09","32.4758","-88.8111","107.0","OKATIBBEE RESERVOIR, MS US","6","1,H","4","1,H","0","1,H","","","","","","","","","","","","","20230902",",1,H","","","","","16.5","1,,H,02,","36.4","1,,,H","",""
"USC00226513","2023-11","32.4758","-88.8111","107.0","OKATIBBEE RESERVOIR, MS US","11",",7","4",",7","1",",7","0",",7","0",",7","1","","20231130","+,,7","20231130","+,,7","","","20231121",",,7","0",",,7,30,+","0",",,7,30,+","43.7",",,7,21,","64.4",",,,7","0",",,,7"
"USC00226513","2024-01","32.4758","-88.8111","107.0","OKATIBBEE RESERVOIR, MS US","7","5,H","6","5,H","2","5,H","","","","","","","","","","","","","20240109",",5,H","","","","","96.5","5,,H,09,","209.3","5,,,H","",""
"USC00226513","2024-02","32.4758","-88.8111","107.0","OKATIBBEE RESERVOIR, MS US","7","2,H","6","2,H","1","2,H","","","","","","","","","","","","","20240212",",2,H","","","","","59.4","2,,H,12,","120.8","2,,,H","",""
"USC00226513","2024-03","32.4758","-88.8111","107.0","OKATIBBEE RESERVOIR, MS US","11","4,H","9","4,H","2","4,H","","","","","","","","","","","","","20240309",",4,H","","","","","102.6","4,,H,09,","273.9","4,,,H","",""
"USC00226513","2024-06","32.4758","-88.8111","107.0","OKATIBBEE RESERVOIR, MS US","12","2,H","7","2,H","1","2,H","","","","","","","","","","","","","20240601",",2,H","","","","","29.5","2,,H,01,","84.2","2,,,H","",""
