"STATION","DATE","LATITUDE","LONGITUDE","ELEVATION","NAME","CDSD","CDSD_ATTRIBUTES","CLDD","CLDD_ATTRIBUTES","DP01","DP01_ATTRIBUTES","DP10","DP10_ATTRIBUTES","DP1X","DP1X_ATTRIBUTES","DSND","DSND_ATTRIBUTES","DSNW","DSNW_ATTRIBUTES","DT00","DT00_ATTRIBUTES","DT32","DT32_ATTRIBUTES","DX32","DX32_ATTRIBUTES","DX70","DX70_ATTRIBUTES","DX90","DX90_ATTRIBUTES","DYFG","DYFG_ATTRIBUTES","DYNT","DYNT_ATTRIBUTES","DYSD","DYSD_ATTRIBUTES","DYSN","DYSN_ATTRIBUTES","DYTS","DYTS_ATTRIBUTES","DYXP","DYXP_ATTRIBUTES","DYXT","DYXT_ATTRIBUTES","EMNT","EMNT_ATTRIBUTES","EMSD","EMSD_ATTRIBUTES","EMSN","EMSN_ATTRIBUTES","EMXP","EMXP_ATTRIBUTES","EMXT","EMXT_ATTRIBUTES","HDSD","HDSD_ATTRIBUTES","HTDD","HTDD_ATTRIBUTES","PRCP","PRCP_ATTRIBUTES","SNOW","SNOW_ATTRIBUTES","TAVG","TAVG_ATTRIBUTES","TMAX","TMAX_ATTRIBUTES","TMIN","TMIN_ATTRIBUTES"
"USC00296079","1954-02","35.1","-106.61667","1565.1","NETHERWOOD PARK, NM US","","","0.0",",0","1",",0","0",",0","0",",0","0",",0","0","1,0","0",",0","26",",0","0",",0","3",",0","0",",0","","","19540228",",,0","19540228","+,,0","19540228","+,1,0","","","19540215",",,0","19540213",",,0","-7.2",",0,28,","0",",,0,28,+","0","1,,0,28,+","2.0",",,0,15,","21.7",",0,13,","","","310.0",",0","2.0",",,,0","0","1,,,0","7.26",",0","17.04",",,,0","-2.52",",,,0"
"USC00296079","1954-03","35.1","-106.61667","1565.1","NETHERWOOD PARK, NM US","","","0.0",",0","4",",0","3",",0","0",",0","0",",0","0","1,0","0",",0","18",",0","0",",0","6",",0","0",",0","1","","19540303",",,0","19540331","+,,0","19540326","+,1,0","2","","19540322",",,0","19540309",",,0","-9.4",",0,03,","0",",,0,31,+","0","1,T,0,26,+","5.3",",,0,22,","25.6",",0,09,","","","339.5",",0","11.4",",,,0","0","1,T,,0","7.38",",0","15.54",",,,0","-0.77",",,,0"
"USC00296079","1954-04","35.1","-106.61667","1565.1","NETHERWOOD PARK, NM US","","","7.8",",0","0",",0","0",",0","0",",0","0",",0","0",",0","0",",0","1",",0","0",",0","27",",0","0",",0","","","19540401",",,0","19540430","+,,0","19540430","+,,0","","","19540430","+,,0","19540418",",,0","-1.7",",0,01,","0",",,0,30,+","0",",,0,30,+","0.0",",T,0,30,+","30.6",",0,18,","","","72.3",",0","0.0",",T,,0","0",",,,0","16.18",",0","25.38",",,,0","6.98",",,,0"
"USC00296079","1954-05","35.1","-106.61667","1565.1","NETHERWOOD PARK, NM US","","","53.3",",0","6",",0","2",",0","0",",0","0",",0","0",",0","0",",0","0",",0","0",",0","28",",0","2",",0","","","19540503",",,0","19540531","+,,0","19540510","+,,0","6","","19540501",",,0","19540508",",,0","1.7",",0,03,","0",",,0,31,+","0",",T,0,10,+","3.8",",,0,01,","33.3",",0,08,","","","32.4",",0","10.7",",,,0","0",",T,,0","19.01",",0","28.08",",,,0","9.94",",,,0"
"USC00296079","1954-06","35.1","-106.61667","1565.1","NETHERWOOD PARK, NM US","","","164.7",",0","0",",0","0",",0","0",",0","0",",0","0",",0","0",",0","0",",0","0",",0","30",",0","21",",0","","","19540607",",,0","19540630","+,,0","19540630","+,,0","4","","19540630","+,,0","19540621",",,0","5.0",",0,07,","0",",,0,30,+","0",",,0,30,+","0.0",",T,0,30,+","38.9",",0,21,","","","2.2",",0","0.0",",T,,0","0",",,,0","23.75",",0","33.51",",,,0","13.99",",,,0"
"USC00296079","1954-07","35.1","-106.61667","1565.1","NETHERWOOD PARK, NM US","","","271.9",",0","9",",0","3",",0","0",",0","0",",0","0",",0","0",",0","0",",0","0",",0","31",",0","30",",0","","","19540723",",,0","19540731","+,,0","19540731","+,,0","21","","19540723",",,0","19540730",",,0","15.6",",0,23,","0",",,0,31,+","0",",,0,31,+","18.0",",,0,23,","38.9",",0,30,","0.0","0","0.0",",0","34.3",",,,0","0",",,,0","27.10",",0","35.81",",,,0","18.40",",,,0"
"USC00296079","1954-08","35.1","-106.61667","1565.1","NETHERWOOD PARK, NM US","","","178.1",",0","7",",0","3",",0","0",",0","0",",0","0",",0","0",",0","0",",0","0",",0","31",",0","21",",0","","","19540828","+,,0","19540831","+,,0","19540831","+,,0","16","","19540823",",,0","19540802","+,,0","11.1",",0,28,+","0",",,0,31,+","0",",,0,31,+","7.4",",,0,23,","37.8",",0,02,+","0.0","0","0.0",",0","17.5",",,,0","0",",,,0","24.08",",0","32.92",",,,0","15.24",",,,0"
"USC00296079","1954-09","35.1","-106.61667","1565.1","NETHERWOOD PARK, NM US","","","104.8",",0","6",",0","2",",0","0",",0","0",",0","0",",0","0",",0","0",",0","0",",0","30",",0","13",",0","","","19540930","+,,0","19540930","+,,0","19540930","+,,0","7","","19540923",",,0","19540916","+,,0","8.9",",0,30,+","0",",,0,30,+","0",",,0,30,+","10.9",",,0,23,","33.9",",0,16,+","2.5","0","2.5",",0","21.1",",,,0","0",",,,0","21.74",",0","30.37",",,,0","13.11",",,,0"
"USC00296079","1954-10","35.1","-106.61667","1565.1","NETHERWOOD PARK, NM US","","","16.9",",0","4",",0","2",",0","0",",0","0",",0","0",",0","0",",0","3",",0","0",",0","23",",0","0",",0","","","19541031",",,0","19541031","+,,0","19541031","+,,0","3","","19541007",",,0","19541004","+,,0","-1.7",",0,31,","0",",,0,31,+","0",",,0,31,+","3.3",",,0,07,","30.0",",0,04,+","116.7","0","114.2",",0","7.1",",,,0","0",",,,0","15.19",",0","24.16",",,,0","6.23",",,,0"
"USC00296079","1954-11","35.1","-106.61667","1565.1","NETHERWOOD PARK, NM US","","","0.0",",0","2",",0","1",",0","0",",0","0",",0","0",",0","0",",0","26",",0","0",",0","2",",0","0",",0","","","19541129","+,,0","19541130","+,,0","19541130","+,,0","","","19541113",",,0","19541101",",,0","-5.0",",0,29,+","0",",,0,30,+","0",",,0,30,+","6.6",",,0,13,","21.7",",0,01,","419.7","0","303.0",",0","7.4",",,,0","0",",,,0","8.23",",0","17.46",",,,0","-0.99",",,,0"
"USC00296079","1954-12","35.1","-106.61667","1565.1","NETHERWOOD PARK, NM US","","","0.0","1,0","1",",0","1",",0","0",",0","0","1,0","1",",0","0","1,0","27","1,0","1",",0","0",",0","0",",0","","","19541229",",1,0","19541227","+,1,0","19541211",",,0","","","19541211",",,0","19541207",",,0","-16.1","1,0,29,","0","1,T,0,27,+","51",",,0,11,","5.8",",,0,11,","18.9",",0,07,","921.9","0","502.2",",0","5.8",",,,0","51",",,,0","1.50","1,0","9.48",",,,0","-6.49","1,,,0"
"USC00296079","1955-01","35.1","-106.61667","1565.1","NETHERWOOD PARK, NM US","0.0","0","0.0",",0","4",",0","1",",0","0",",0","0","2,0","0","1,0","0",",0","29",",0","1",",0","0",",0","0",",0","","","19550123",",,0","19550116",",2,0","19550131","+,1,0","","","19550115",",,0","19550131",",,0","-13.3",",0,23,","0","2,T,0,16,","0","1,T,0,31,+","3.8",",,0,15,","12.8",",0,31,","1484.8","0","562.9",",0","5.6",",,,0","0","1,T,,0","0.18",",0","7.29",",,,0","-6.94",",,,0"
"USC00296079","1955-02","35.1","-106.61667","1565.1","NETHERWOOD PARK, NM US","0.0","0","0.0",",0","2",",0","2",",0","0",",0","0",",0","1",",0","0",",0","28",",0","2",",0","0",",0","0",",0","","","19550220",",,0","19550225",",,0","19550225",",,0","","","19550225",",,0","19550215",",,0","-14.4",",0,20,","0",",T,0,25,","38",",,0,25,","3.0",",,0,25,","17.8",",0,15,","1972.8","0","488.0",",0","5.5",",,,0","38",",,,0","0.91",",0","9.05",",,,0","-7.24",",,,0"
"USC00296079","1955-03","35.1","-106.61667","1565.1","NETHERWOOD PARK, NM US","0.0","0","0.0",",0","1",",0","0",",0","0",",0","0",",0","0",",0","0",",0","19",",0","0",",0","5",",0","0",",0","","","19550327",",,0","19550320",",,0","19550320","+,,0","","","19550320",",,0","19550330",",,0","-8.9",",0,27,","0",",T,0,20,","0",",T,0,20,+","1.0",",,0,20,","23.3",",0,30,","2292.7","0","319.9",",0","1.0",",,,0","0",",T,,0","8.01",",0","16.52",",,,0","-0.50",",,,0"
"USC00296079","1955-04","35.1","-106.61667","1565.1","NETHERWOOD PARK, NM US","0.3","0","0.3",",0","1",",0","0",",0","0",",0","0",",0","0",",0","0",",0","9",",0","0",",0","16",",0","0",",0","","","19550404",",,0","19550430","+,,0","19550407",",,0","1","","19550422",",,0","19550429","+,,0","-5.6",",0,04,","0",",,0,30,+","0",",T,0,07,","1.3",",,0,22,","27.8",",0,29,+","2482.5","0","189.8",",0","1.3",",,,0","0",",T,,0","12.02",",0","21.28",",,,0","2.75",",,,0"
"USC00296079","1955-05","35.1","-106.61667","1565.1","NETHERWOOD PARK, NM US","21.9","0","21.6",",0","7",",0","3",",0","0",",0","0",",0","0",",0","0",",0","0",",0","0",",0","25",",0","0",",0","","","19550503",",,0","19550531","+,,0","19550530","+,,0","2","","19550510",",,0","19550506",",,0","1.7",",0,03,","0",",,0,31,+","0",",T,0,30,+","10.4",",,0,10,","30.6",",0,06,","2540.9","0","58.4",",0","23.2",",,,0","0",",T,,0","17.15",",0","25.39",",,,0","8.91",",,,0"
"USC00296079","1955-06","35.1","-106.61667","1565.1","NETHERWOOD PARK, NM US","149.5","0","127.6",",0","2",",0","1",",0","0",",0","0",",0","0",",0","0",",0","0",",0","0",",0","30",",0","17",",0","","","19550604","+,,0","19550630","+,,0","19550630","+,,0","2","","19550613",",,0","19550624","+,,0","7.2",",0,04,+","0",",,0,30,+","0",",,0,30,+","10.7",",,0,13,","37.2",",0,24,+","2545.1","0","4.2",",0","11.7",",,,0","0",",,,0","22.45",",0","32.07",",,,0","12.83",",,,0"
"USC00296079","1955-07","35.1","-106.61667","1565.1","NETHERWOOD PARK, NM US","351.9","0","202.4",",0","7",",0","4",",0","0",",0","0",",0","0",",0","0",",0","0",",0","0",",0","31",",0","21",",0","","","19550701",",,0","19550731","+,,0","19550731","+,,0","15","","19550727",",,0","19550709",",,0","13.3",",0,01,","0",",,0,31,+","0",",,0,31,+","24.6",",,0,27,","37.8",",0,09,","0.0","0","0.0",",0","37.8",",,,0","0",",,,0","24.86",",0","33.45",",,,0","16.28",",,,0"
"USC00296079","1955-08","35.1","-106.61667","1565.1","NETHERWOOD PARK, NM US","534.3","0","182.4",",0","11",",0","7",",0","0",",0","0",",0","0",",0","0",",0","0",",0","0",",0","31",",0","15",",0","","","19550828",",,0","19550831","+,,0","19550831","+,,0","18","","19550811",",,0","19550818",",,0","12.8",",0,28,","0",",,0,31,+","0",",,0,31,+","19.6",",,0,11,","35.0",",0,18,","0.0","0","0.0",",0","77.1",",,,0","0",",,,0","24.22",",0","31.95",",,,0","16.49",",,,0"
"USC00296079","1955-09","35.1","-106.61667","1565.1","NETHERWOOD PARK, NM US","628.2","0","93.9",",0","3",",0","2",",0","1",",0","0",",0","0",",0","0",",0","0",",0","0",",0","30",",0","15",",0","","","19550930",",,0","19550930","+,,0","19550930","+,,0","5","","19550924",",,0","19550904","+,,0","4.4",",0,30,","0",",,0,30,+","0",",,0,30,+","26.9",",,0,24,","34.4",",0,04,+","2.8","0","2.8",",0","31.7",",,,0","0",",,,0","21.37",",0","31.24",",,,0","11.50",",,,0"
"USC00296079","1955-10","35.1","-106.61667","1565.1","NETHERWOOD PARK, NM US","632.1","0","3.9",",0","1",",0","0",",0","0",",0","0",",0","0",",0","0",",0","5",",0","0",",0","27",",0","0",",0","","","19551028","+,,0","19551031","+,,0","19551031","+,,0","2","","19551002",",,0","19551001",",,0","-0.6",",0,28,+","0",",,0,31,+","0",",,0,31,+","0.5",",,0,02,","28.9",",0,01,","111.4","0","108.6",",0","0.5",",,,0","0",",,,0","14.96",",0","24.61",",,,0","5.30",",,,0"
"USC00296079","1955-11","35.1","-106.61667","1565.1","NETHERWOOD PARK, NM US","632.1","0","0.0",",0","1",",0","0",",0","0",",0","0",",0","0",",0","0",",0","19",",0","0",",0","4",",0","0",",0","","","19551108",",,0","19551130","+,,0","19551130","+,,0","","","19551130",",,0","19551101",",,0","-9.4",",0,08,","0",",,0,30,+","0",",T,0,30,+","0.5",",,0,30,","24.4",",0,01,","465.8","0","354.4",",0","0.5",",,,0","0",",T,,0","6.52",",0","15.23",",,,0","-2.20",",,,0"
"USC00296079","1955-12","35.1","-106.61667","1565.1","NETHERWOOD PARK, NM US","632.1","0","0.0","1,0","3",",0","1",",0","0",",0","0",",0","0",",0","0","1,0","28","1,0","1",",0","0",",0","0",",0","","","19551209",",1,0","19551231","+,,0","19551205",",,0","","","19551202",",,0","19551225","+,,0","-10.6","1,0,09,","0",",,0,31,+","10",",,0,05,","6.1",",,0,02,","18.3",",0,25,+","913.6","0","447.8",",0","7.4",",,,0","10",",,,0","3.50","1,0","11.65",",,,0","-4.65","1,,,0"
"USC00296079","1956-01","35.1","-106.61667","1565.1","NETHERWOOD PARK, NM US","0.0","0","0.0",",0","7",",0","2",",0","0",",0","1",",0","1",",0","0",",0","27",",0","0",",0","0",",0","0",",0","","","19560118",",,0","19560117",",,0","19560117",",,0","","","19560117",",,0","19560111","+,,0","-11.1",",0,18,","25",",,0,17,","76",",,0,17,","6.6",",,0,17,","16.7",",0,11,+","1347.5","0","433.9",",0","16.3",",,,0","89",",,,0","4.34",",0","11.93",",,,0","-3.26",",,,0"
"USC00296079","1956-02","35.1","-106.61667","1565.1","NETHERWOOD PARK, NM US","0.0","0","0.0",",0","2",",0","2",",0","0",",0","5",",0","2",",0","0",",0","27",",0","2",",0","0",",0","0",",0","","","19560204",",,0","19560204","+,,0","19560201",",,0","","","19560201",",,0","19560223",",,0","-16.1",",0,04,","51",",,0,04,+","41",",,0,01,","3.6",",,0,01,","20.0",",0,23,","1819.3","0","471.8",",0","6.6",",,,0","77",",,,0","2.07",",0","9.90",",,,0","-5.77",",,,0"
"USC00296079","1956-03","35.1","-106.61667","1565.1","NETHERWOOD PARK, NM US","0.0","0","0.0",",0","0",",0","0",",0","0",",0","0",",0","0",",0","0",",0","18",",0","0",",0","11",",0","0",",0","","","19560308","+,,0","19560331","+,,0","19560331","+,,0","","","19560331","+,,0","19560326",",,0","-7.2",",0,08,+","0",",,0,31,+","0",",,0,31,+","0.0",",,0,31,+","26.1",",0,26,","2112.8","0","293.5",",0","0.0",",,,0","0",",,,0","8.87",",0","18.40",",,,0","-0.67",",,,0"
"USC00296079","1956-04","35.1","-106.61667","1565.1","NETHERWOOD PARK, NM US","0.0","0","0.0","1,0","0",",0","0",",0","0",",0","0",",0","0",",0","0","1,0","7","1,0","0",",0","19",",0","0",",0","","","19560404",",1,0","19560430","+,,0","19560430","+,,0","","","19560423","+,,0","19560426",",,0","-5.0","1,0,04,","0",",,0,30,+","0",",,0,30,+","0.0",",T,0,23,+","28.9",",0,26,","2292.1","0","179.3",",0","0.0",",T,,0","0",",,,0","12.23","1,0","21.61",",,,0","2.85","1,,,0"
"USC00296079","1956-05","35.1","-106.61667","1565.1","NETHERWOOD PARK, NM US","59.2","0","59.2",",0","2",",0","0",",0","0",",0","0",",0","0",",0","0",",0","0",",0","0",",0","30",",0","10",",0","","","19560515",",,0","19560531","+,,0","19560531","+,,0","3","","19560525",",,0","19560531",",,0","2.8",",0,15,","0",",,0,31,+","0",",,0,31,+","1.0",",,0,25,","36.7",",0,31,","2310.4","0","18.3",",0","1.3",",,,0","0",",,,0","19.65",",0","30.11",",,,0","9.20",",,,0"
"USC00296079","1956-06","35.1","-106.61667","1565.1","NETHERWOOD PARK, NM US","263.2","0","204.0",",0","6",",0","2",",0","0",",0","0",",0","0",",0","0",",0","0",",0","0",",0","30",",0","30",",0","","","19560607","+,,0","19560630","+,,0","19560630","+,,0","5","","19560628",",,0","19560626","+,,0","11.7",",0,07,+","0",",,0,30,+","0",",,0,30,+","5.3",",,0,28,","38.9",",0,26,+","2310.4","0","0.0",",0","10.9",",,,0","0",",,,0","25.13",",0","35.17",",,,0","15.09",",,,0"
"USC00296079","1956-07","35.1","-106.61667","1565.1","NETHERWOOD PARK, NM US","475.0","0","211.8",",0","8",",0","3",",0","0",",0","0",",0","0",",0","0",",0","0",",0","0",",0","31",",0","26",",0","","","19560724","+,,0","19560731","+,,0","19560731","+,,0","11","","19560718",",,0","19560708",",,0","13.3",",0,24,+","0",",,0,31,+","0",",,0,31,+","20.3",",,0,18,","38.9",",0,08,","0.0","0","0.0",",0","41.5",",,,0","0",",,,0","25.16",",0","34.16",",,,0","16.16",",,,0"
"USC00296079","1956-08","35.1","-106.61667","1565.1","NETHERWOOD PARK, NM US","646.0","0","171.0",",0","6",",0","1",",0","0",",0","0",",0","0",",0","0",",0","0",",0","0",",0","31",",0","19",",0","","","19560825","+,,0","19560831","+,,0","19560831","+,,0","17","","19560819",",,0","19560810","+,,0","10.6",",0,25,+","0",",,0,31,+","0",",,0,31,+","8.9",",,0,19,","38.3",",0,10,+","0.0","0","0.0",",0","15.0",",,,0","0",",,,0","23.85",",0","33.21",",,,0","14.49",",,,0"
"USC00296079","1956-09","35.1","-106.61667","1565.1","NETHERWOOD PARK, NM US","751.3","0","105.3",",0","0",",0","0",",0","0",",0","0",",0","0",",0","0",",0","0",",0","0",",0","30",",0","16",",0","","","19560922","+,,0","19560930","+,,0","19560930","+,,0","2","","19560928","+,,0","19560915","+,,0","8.3",",0,22,+","0",",,0,30,+","0",",,0,30,+","0.0",",T,0,28,+","36.1",",0,15,+","0.0","0","0.0",",0","0.0",",T,,0","0",",,,0","21.84",",0","32.65",",,,0","11.03",",,,0"
"USC00296079","1956-10","35.1","-106.61667","1565.1","NETHERWOOD PARK, NM US","760.5","0","9.2",",0","5",",0","1",",0","0",",0","0",",0","0",",0","0",",0","8",",0","0",",0","22",",0","0",",0","","","19561031",",,0","19561031","+,,0","19561031","+,,0","3","","19561017",",,0","19561006",",,0","-4.4",",0,31,","0",",,0,31,+","0",",,0,31,+","11.7",",,0,17,","31.7",",0,06,","134.1","0","134.1",",0","13.8",",,,0","0",",,,0","14.30",",0","24.15",",,,0","4.45",",,,0"
"USC00296079","1956-11","35.1","-106.61667","1565.1","NETHERWOOD PARK, NM US","760.5","0","0.0",",0","1",",0","0",",0","0",",0","0",",0","0",",0","0",",0","30",",0","0",",0","1",",0","0",",0","","","19561121",",,0","19561130","+,,0","19561130","+,,0","","","19561101",",,0","19561111",",,0","-11.7",",0,21,","0",",,0,30,+","0",",,0,30,+","0.3",",,0,01,","21.1",",0,11,","569.1","0","435.0",",0","0.3",",,,0","0",",,,0","3.83",",0","13.50",",,,0","-5.83",",,,0"
"USC00296079","1956-12","35.1","-106.61667","1565.1","NETHERWOOD PARK, NM US","760.5","0","0.0",",0","0",",0","0",",0","0",",0","0",",0","0",",0","0",",0","30",",0","0",",0","0",",0","0",",0","","","19561210",",,0","19561231","+,,0","19561208",",,0","","","19561208",",,0","19561203","+,,0","-13.3",",0,10,","0",",,0,31,+","0",",T,0,08,","0.0",",T,0,08,","15.6",",0,03,+","1100.0","0","530.9",",0","0.0",",T,,0","0",",T,,0","1.21",",0","10.70",",,,0","-8.29",",,,0"
"USC00296079","1957-01","35.1","-106.61667","1565.1","NETHERWOOD PARK, NM US","0.0","","0.0",",0","4",",0","2",",0","0",",0","0",",0","0",",0","0",",0","24",",0","0",",0","0",",0","0",",0","","","19570118",",,0","19570131","+,,0","19570128",",,0","","","19570103",",,0","19570114",",,0","-11.1",",0,18,","0",",,0,31,+","0",",T,0,28,","13.2",",,0,03,","17.8",",0,14,","1547.7","","447.7",",0","19.8",",,,0","0",",T,,0","3.89",",0","10.38",",,,0","-2.60",",,,0"
"USC00296079","1957-02","35.1","-106.61667","1565.1","NETHERWOOD PARK, NM US","0.0","","0.0",",0","5",",0","2",",0","0",",0","0",",0","0",",0","0",",0","8",",0","0",",0","3",",0","0",",0","","","19570202","+,,0","19570228","+,,0","19570204",",,0","","","19570218",",,0","19570211",",,0","-6.7",",0,02,+","0",",,0,28,+","0",",T,0,04,","12.4",",,0,18,","22.8",",0,11,","1825.8","","278.1",",0","18.5",",,,0","0",",T,,0","8.40",",0","16.01",",,,0","0.80",",,,0"
"USC00296079","1957-03","35.1","-106.61667","1565.1","NETHERWOOD PARK, NM US","0.0","","0.0","1,0","2",",0","1",",0","0",",0","0",",0","0",",0","0",",0","13",",0","0","1,0","5","1,0","0","1,0","","","19570325","+,,0","19570331","+,,0","19570331","+,,0","","","19570301",",,0","19570329",",1,0","-3.9",",0,25,+","0",",,0,31,+","0",",,0,31,+","16.5",",,0,01,","22.8","1,0,29,","2111.2","","285.4","1,0","17.5",",,,0","0",",,,0","8.81","1,0","16.85","1,,,0","0.77",",,,0"
