"STATION","DATE","LATITUDE","LONGITUDE","ELEVATION","NAME","CDSD","CDSD_ATTRIBUTES","CLDD","CLDD_ATTRIBUTES","DP01","DP01_ATTRIBUTES","DP10","DP10_ATTRIBUTES","DP1X","DP1X_ATTRIBUTES","DSNW","DSNW_ATTRIBUTES","DT00","DT00_ATTRIBUTES","DT32","DT32_ATTRIBUTES","DX32","DX32_ATTRIBUTES","DX70","DX70_ATTRIBUTES","DX90","DX90_ATTRIBUTES","DYNT","DYNT_ATTRIBUTES","DYSN","DYSN_ATTRIBUTES","DYXP","DYXP_ATTRIBUTES","DYXT","DYXT_ATTRIBUTES","EMNT","EMNT_ATTRIBUTES","EMSN","EMSN_ATTRIBUTES","EMXP","EMXP_ATTRIBUTES","EMXT","EMXT_ATTRIBUTES","HDSD","HDSD_ATTRIBUTES","HTDD","HTDD_ATTRIBUTES","PRCP","PRCP_ATTRIBUTES","SNOW","SNOW_ATTRIBUTES","TAVG","TAVG_ATTRIBUTES","TMAX","TMAX_ATTRIBUTES","TMIN","TMIN_ATTRIBUTES"
"USC00091515","1942-09","34.55","-83.4","394.1","CAMP TOCCOA, GA US","","","138.9",",6","6",",6","6",",6","3",",6","","","0",",6","0",",6","0",",6","27",",6","5",",6","19420930","+,,6","","","19420907",",,6","19420919",",,6","5.0",",6,30,+","","","43.2",",,6,07,","34.4",",6,19,","","","18.1",",6","142.5",",,,6","","","22.36",",6","28.72",",,,6","15.99",",,,6"
"USC00091515","1942-10","34.55","-83.4","394.1","CAMP TOCCOA, GA US","","","15.0","1,6","7",",6","5",",6","1",",6","0",",6","0",",6","1",",6","0","1,6","24","1,6","0","1,6","19421027",",,6","19421031","+,,6","19421026",",,6","19421018","+,1,6","-1.7",",6,27,","0",",,6,31,+","50.8",",,6,26,","28.3","1,6,18,+","","","44.6","1,6","92.5",",,,6","0",",,,6","17.29","1,6","24.11","1,,,6","10.47",",,,6"
"USC00091515","1942-11","34.55","-83.4","394.1","CAMP TOCCOA, GA US","","","5.9",",6","6",",6","3",",6","0",",6","","","0",",6","4",",6","0",",6","14",",6","0",",6","19421128",",,6","","","19421123",",,6","19421122","+,,6","-4.4",",6,28,","","","19.3",",,6,23,","26.7",",6,22,+","","","172.4",",6","42.7",",,,6","","","12.78",",6","19.86",",,,6","5.70",",,,6"
"USC00091515","1943-01","34.55","-83.4","394.1","CAMP TOCCOA, GA US","1.9","6","1.9",",6","8",",6","8",",6","3",",6","","","0",",6","14",",6","0",",6","4",",6","0",",6","19430120",",,6","","","19430118",",,6","19430126",",,6","-8.9",",6,20,","","","78.7",",,6,18,","24.4",",6,26,","","","313.3",",6","182.3",",,,6","","","8.29",",6","14.34",",,,6","2.24",",,,6"
"USC00091515","1943-02","34.55","-83.4","394.1","CAMP TOCCOA, GA US","1.9","6","0.0",",6","4",",6","4",",6","1",",6","0",",6","0",",6","12",",6","0",",6","5",",6","0",",6","19430215",",,6","19430228","+,,6","19430204",",,6","19430223",",,6","-13.9",",6,15,","0",",,6,28,+","35.3",",,6,04,","26.1",",6,23,","","","280.9",",6","82.1",",,,6","0",",,,6","8.30",",6","15.68",",,,6","0.92",",,,6"
"USC00091515","1943-03","34.55","-83.4","394.1","CAMP TOCCOA, GA US","1.9","6","0.0",",6","13",",6","11",",6","2",",6","0",",6","0",",6","9",",6","0",",6","11",",6","0",",6","19430304",",,6","19430331","+,,6","19430320",",,6","19430331",",,6","-13.3",",6,04,","0",",,6,31,+","42.9",",,6,20,","26.1",",6,31,","","","254.0",",6","161.0",",,,6","0",",,,6","10.14",",6","16.86",",,,6","3.42",",,,6"
"USC00091515","1943-04","34.55","-83.4","394.1","CAMP TOCCOA, GA US","30.2","6","28.3","3,6","5",",6","5",",6","4",",6","","","0",",6","4",",6","0","3,6","17","3,6","1","3,6","19430415",",,6","","","19430419",",,6","19430428",",3,6","-2.8",",6,15,","","","99.8",",,6,19,","32.8","3,6,28,","","","97.6","3,6","219.9",",,,6","","","15.95","3,6","23.49","3,,,6","8.40",",,,6"
"USC00091515","1943-05","34.55","-83.4","394.1","CAMP TOCCOA, GA US","118.1","6","87.9","1,6","8",",6","6",",6","0",",6","0",",6","0",",6","0",",6","0","1,6","30","1,6","1","1,6","19430502","+,,6","19430531","+,,6","19430523",",,6","19430521",",1,6","7.2",",6,02,+","0",",,6,31,+","22.6",",,6,23,","32.2","1,6,21,","","","2.2","1,6","85.6",",,,6","0",",,,6","21.07","1,6","28.03","1,,,6","14.12",",,,6"
"USC00091515","1943-06","34.55","-83.4","394.1","CAMP TOCCOA, GA US","337.6","6","219.5",",6","10",",6","9",",6","3",",6","0",",6","0",",6","0",",6","0",",6","30",",6","16",",6","19430624",",,6","19430630","+,,6","19430629",",,6","19430605",",,6","16.1",",6,24,","0",",,6,30,+","58.4",",,6,29,","35.6",",6,05,","","","0.0",",6","185.1",",,,6","0",",,,6","25.65",",6","32.19",",,,6","19.11",",,,6"
"USC00091515","1943-07","34.55","-83.4","394.1","CAMP TOCCOA, GA US","561.9","6","224.3",",6","9",",6","9",",6","1",",6","0",",6","0",",6","0",",6","0",",6","30",",6","21",",6","19430702",",,6","19430731","+,,6","19430709",",,6","19430722",",,6","13.9",",6,02,","0",",,6,31,+","43.7",",,6,09,","38.3",",6,22,","2.5","6","2.5",",6","132.8",",,,6","0",",,,6","25.49",",6","31.89",",,,6","19.09",",,,6"
"USC00091515","1943-08","34.55","-83.4","394.1","CAMP TOCCOA, GA US","809.6","6","247.7",",6","5",",6","3",",6","1",",6","","","0",",6","0",",6","0",",6","31",",6","22",",6","19430823",",,6","","","19430807",",,6","19430826",",,6","13.9",",6,23,","","","50.8",",,6,07,","38.9",",6,26,","2.5","6","0.0",",6","91.7",",,,6","","","26.32",",6","33.34",",,,6","19.31",",,,6"
"USC00091515","1943-09","34.55","-83.4","394.1","CAMP TOCCOA, GA US","906.4","6","96.8",",6","5",",6","4",",6","2",",6","","","0",",6","0",",6","0",",6","29",",6","10",",6","19430927","+,,6","","","19430920",",,6","19430908","+,,6","7.2",",6,27,+","","","77.7",",,6,20,","33.3",",6,08,+","14.0","6","11.5",",6","118.8",",,,6","","","21.18",",6","28.83",",,,6","13.52",",,,6"
"USC00091515","1943-10","34.55","-83.4","394.1","CAMP TOCCOA, GA US","924.5","6","18.1","1,6","7",",6","5",",6","0",",6","","","0",",6","1",",6","0","1,6","22","1,6","0","1,6","19431018",",,6","","","19431015",",,6","19431009",",1,6","-1.1",",6,18,","","","22.9",",,6,15,","30.0","1,6,09,","93.3","6","79.3","1,6","75.0",",,,6","","","16.35","1,6","24.26","1,,,6","8.45",",,,6"
"USC00091515","1943-11","34.55","-83.4","394.1","CAMP TOCCOA, GA US","925.1","6","0.6","1,6","2",",6","2",",6","1",",6","","","0",",6","9",",6","0","1,6","11","1,6","0","1,6","19431112",",,6","","","19431107",",,6","19431121","+,1,6","-4.4",",6,12,","","","31.0",",,6,07,","25.0","1,6,21,+","302.9","6","209.6","1,6","55.9",",,,6","","","11.04","1,6","19.27","1,,,6","2.81",",,,6"
"USC00091515","1943-12","34.55","-83.4","394.1","CAMP TOCCOA, GA US","925.4","6","0.3","1,6","10",",6","6",",6","2",",6","0",",6","0",",6","14",",6","0","1,6","8","1,6","0","1,6","19431217",",,6","19431215",",,6","19431226",",,6","19431203",",1,6","-10.6",",6,17,","5",",,6,15,","38.6",",,6,26,","25.0","1,6,03,","600.9","6","298.0","1,6","104.9",",,,6","5",",,,6","8.29","1,6","15.29","1,,,6","1.29",",,,6"
"USC00091515","1944-01","34.55","-83.4","394.1","CAMP TOCCOA, GA US","0.0","","0.0","1,6","6",",6","4",",6","2",",6","0",",6","0",",6","17",",6","0","1,6","3","1,6","0","1,6","19440110",",,6","19440109",",,6","19440103",",,6","19440130","+,1,6","-6.1",",6,10,","20",",,6,09,","59.4",",,6,03,","23.9","1,6,30,+","920.2","","319.3","1,6","102.0",",,,6","20",",,,6","7.60","1,6","14.26","1,,,6","0.95",",,,6"
"USC00091515","1944-02","34.55","-83.4","394.1","CAMP TOCCOA, GA US","0.0","","0.0","2,6","16",",6","13",",6","4",",6","","","0",",6","8",",6","0","2,6","6","2,6","0","2,6","19440214","+,,6","","","19440209",",,6","19440229",",2,6","-12.2",",6,14,+","","","55.4",",,6,09,","25.0","2,6,29,","1158.1","","237.9","2,6","269.6",",,,6","","","9.73","2,6","16.53","2,,,6","2.94",",,,6"
"USC00091515","1944-03","34.55","-83.4","394.1","CAMP TOCCOA, GA US","0.0","","0.0",",6","10",",6","10",",6","4",",6","0",",6","0",",6","12",",6","0",",6","14",",6","0",",6","19440310",",,6","19440308",",,6","19440319",",,6","19440326",",,6","-6.7",",6,10,","0",",T,6,08,","116.8",",,6,19,","26.7",",6,26,","1406.2","","248.1",",6","335.2",",,,6","0",",T,,6","10.33",",6","18.94",",,,6","1.72",",,,6"
"USC00091515","1944-04","34.55","-83.4","394.1","CAMP TOCCOA, GA US","11.5","","11.5","1,6","10",",6","10",",6","3",",6","","","0",",6","2",",6","0","1,6","21","1,6","0","1,6","19440406",",,6","","","19440424","+,,6","19440422","+,1,6","-3.3",",6,06,","","","26.7",",,6,24,+","27.8","1,6,22,+","1503.7","","97.5","1,6","140.6",",,,6","","","15.37","1,6","22.90","1,,,6","7.85",",,,6"
"USC00091515","1944-05","34.55","-83.4","394.1","CAMP TOCCOA, GA US","","","","","4",",6","4",",6","2",",6","","","","","","","","","","","","","","","","","19440530",",,6","","","","","","","33.0",",,6,30,","","","","","","","108.0",",,,6","","","","","","","",""
