"STATION","DATE","LATITUDE","LONGITUDE","ELEVATION","NAME","CDSD","CDSD_ATTRIBUTES","CLDD","CLDD_ATTRIBUTES","DP01","DP01_ATTRIBUTES","DP10","DP10_ATTRIBUTES","DP1X","DP1X_ATTRIBUTES","DSND","DSND_ATTRIBUTES","DSNW","DSNW_ATTRIBUTES","DT00","DT00_ATTRIBUTES","DT32","DT32_ATTRIBUTES","DX32","DX32_ATTRIBUTES","DX70","DX70_ATTRIBUTES","DX90","DX90_ATTRIBUTES","DYNT","DYNT_ATTRIBUTES","DYSD","DYSD_ATTRIBUTES","DYSN","DYSN_ATTRIBUTES","DYXP","DYXP_ATTRIBUTES","DYXT","DYXT_ATTRIBUTES","EMNT","EMNT_ATTRIBUTES","EMSD","EMSD_ATTRIBUTES","EMSN","EMSN_ATTRIBUTES","EMXP","EMXP_ATTRIBUTES","EMXT","EMXT_ATTRIBUTES","HDSD","HDSD_ATTRIBUTES","HTDD","HTDD_ATTRIBUTES","PRCP","PRCP_ATTRIBUTES","SNOW","SNOW_ATTRIBUTES","TAVG","TAVG_ATTRIBUTES","TMAX","TMAX_ATTRIBUTES","TMIN","TMIN_ATTRIBUTES"
"USC00036017","2019-03","36.23405","-91.25953","106.7","RAVENDEN, AR US","","","0.0",",7","13",",7","10",",7","2",",7","0",",7","0",",7","0",",7","13",",7","0",",7","5",",7","0",",7","20190304",",,7","20190331","+,,7","20190304","+,,7","20190314",",,7","20190329",",,7","-11.7",",7,04,","0",",,7,31,+","0",",T,7,04,+","27.4",",,7,14,","25.0",",7,29,","","","336.0",",7","112.4",",,,7","0",",T,,7","7.50",",7","14.11",",,,7","0.88",",,,7"
"USC00036017","2019-04","36.23405","-91.25953","106.7","RAVENDEN, AR US","","","9.4",",7","8",",7","8",",7","4",",7","0",",7","0",",7","0",",7","3",",7","0",",7","19",",7","0",",7","20190401",",,7","20190430","+,,7","20190430","+,,7","20190425",",,7","20190411",",,7","-3.9",",7,01,","0",",,7,30,+","0",",,7,30,+","65.8",",,7,25,","28.9",",7,11,","","","114.9",",7","222.8",",,,7","0",",,,7","14.82",",7","21.59",",,,7","8.04",",,,7"
"USC00036017","2019-05","36.23405","-91.25953","106.7","RAVENDEN, AR US","","","73.3",",7","15",",7","13",",7","5",",7","0",",7","0",",7","0",",7","0",",7","0",",7","23",",7","0",",7","20190514",",,7","20190531","+,,7","20190531","+,,7","20190530",",,7","20190525",",,7","6.7",",7,14,","0",",,7,31,+","0",",,7,31,+","65.3",",,7,30,","31.7",",7,25,","","","37.2",",7","281.0",",,,7","0",",,,7","19.50",",7","25.35",",,,7","13.64",",,,7"
"USC00036017","2019-06","36.23405","-91.25953","106.7","RAVENDEN, AR US","","","134.5",",7","10",",7","9",",7","4",",7","0",",7","0",",7","0",",7","0",",7","0",",7","30",",7","2",",7","20190614",",,7","20190630","+,,7","20190630","+,,7","20190608","+,,7","20190623",",,7","8.3",",7,14,","0",",,7,30,+","0",",,7,30,+","34.5",",,7,08,+","32.8",",7,23,","","","2.3",",7","181.8",",,,7","0",",,,7","22.74",",7","28.47",",,,7","17.01",",,,7"
"USC00036017","2019-07","36.23405","-91.25953","106.7","RAVENDEN, AR US","","","220.4",",7","4",",7","4",",7","1",",7","0",",7","0",",7","0",",7","0",",7","0",",7","31",",7","13",",7","20190726","+,,7","20190731","+,,7","20190731","+,,7","20190715",",,7","20190718","+,,7","14.4",",7,26,+","0",",,7,31,+","0",",,7,31,+","49.8",",,7,15,","34.4",",7,18,+","0.0","7","0.0",",7","84.4",",,,7","0",",,,7","25.44",",7","31.11",",,,7","19.78",",,,7"
"USC00036017","2019-08","36.23405","-91.25953","106.7","RAVENDEN, AR US","","","210.7",",7","11",",7","9",",7","1",",7","0",",7","0",",7","0",",7","0",",7","0",",7","31",",7","13",",7","20190829",",,7","20190831","+,,7","20190831","+,,7","20190821",",,7","20190821","+,,7","13.9",",7,29,","0",",,7,31,+","0",",,7,31,+","46.0",",,7,21,","35.6",",7,21,+","0.0","7","0.0",",7","150.1",",,,7","0",",,,7","25.13",",7","30.92",",,,7","19.34",",,,7"
"USC00036017","2019-09","36.23405","-91.25953","106.7","RAVENDEN, AR US","","","196.6",",7","3",",7","3",",7","1",",7","0",",7","0",",7","0",",7","0",",7","0",",7","30",",7","15",",7","20190924",",,7","20190930","+,,7","20190930","+,,7","20190926",",,7","20190917",",,7","12.2",",7,24,","0",",,7,30,+","0",",,7,30,+","31.2",",,7,26,","35.6",",7,17,","0.0","7","0.0",",7","56.8",",,,7","0",",,,7","24.89",",7","31.72",",,,7","18.05",",,,7"
"USC00036017","2019-10","36.23405","-91.25953","106.7","RAVENDEN, AR US","","","29.4",",7","8",",7","6",",7","4",",7","0",",7","0",",7","0",",7","1",",7","0",",7","18",",7","3",",7","20191013",",,7","20191031","+,,7","20191031","+,,7","20191026",",,7","20191002",",,7","-0.6",",7,13,","0",",,7,31,+","0",",,7,31,+","44.2",",,7,26,","34.4",",7,02,","146.6","7","146.6",",7","154.6",",,,7","0",",,,7","14.55",",7","21.72",",,,7","7.38",",,,7"
"USC00036017","2019-11","36.23405","-91.25953","106.7","RAVENDEN, AR US","","","0.0",",7","7",",7","6",",7","2",",7","0",",7","0",",7","0",",7","16",",7","0",",7","1",",7","0",",7","20191113",",,7","20191130","+,,7","20191112",",,7","20191107",",,7","20191111",",,7","-13.3",",7,13,","0",",,7,30,+","0",",T,7,12,","53.6",",,7,07,","22.8",",7,11,","533.2","7","386.6",",7","135.1",",,,7","0",",T,,7","5.45",",7","12.73",",,,7","-1.84",",,,7"
"USC00036017","2019-12","36.23405","-91.25953","106.7","RAVENDEN, AR US","","","0.0",",7","4",",7","4",",7","0",",7","0",",7","0",",7","0",",7","18",",7","0",",7","1",",7","0",",7","20191219","+,,7","20191231","+,,7","20191231","+,,7","20191229",",,7","20191226",",,7","-7.8",",7,19,+","0",",,7,31,+","0",",,7,31,+","20.6",",,7,29,","21.7",",7,26,","922.5","7","389.3",",7","45.2",",,,7","0",",,,7","5.78",",7","11.84",",,,7","-0.29",",,,7"
"USC00036017","2020-01","36.23405","-91.25953","106.7","RAVENDEN, AR US","0.0","7","0.0",",7","7",",7","7",",7","1",",7","0",",7","0",",7","0",",7","17",",7","0",",7","0",",7","0",",7","20200123","+,,7","20200131","+,,7","20200120",",,7","20200111",",,7","20200106",",,7","-6.7",",7,23,+","0",",,7,31,+","0",",T,7,20,","75.4",",,7,11,","18.3",",7,06,","1348.9","7","426.4",",7","150.4",",,,7","0",",T,,7","4.58",",7","10.16",",,,7","-1.00",",,,7"
"USC00036017","2020-02","36.23405","-91.25953","106.7","RAVENDEN, AR US","0.0","7","0.0",",7","7",",7","6",",7","3",",7","0",",7","0",",7","0",",7","12",",7","0",",7","1",",7","0",",7","20200221","+,,7","20200229","+,,7","20200206",",,7","20200205",",,7","20200203",",,7","-10.0",",7,21,+","0",",,7,29,+","0",",T,7,06,","37.1",",,7,05,","25.6",",7,03,","1736.3","7","387.4",",7","116.8",",,,7","0",",T,,7","4.98",",7","10.62",",,,7","-0.67",",,,7"
"USC00036017","2020-03","36.23405","-91.25953","106.7","RAVENDEN, AR US","7.5","7","7.5",",7","15",",7","15",",7","3",",7","0",",7","0",",7","0",",7","0",",7","0",",7","9",",7","0",",7","20200323","+,,7","20200331","+,,7","20200331","+,,7","20200324",",,7","20200327",",,7","2.8",",7,23,+","0",",,7,31,+","0",",,7,31,+","34.0",",,7,24,","30.6",",7,27,","1926.0","7","189.7",",7","207.0",",,,7","0",",,,7","12.45",",7","17.96",",,,7","6.95",",,,7"
"USC00036017","2020-04","36.23405","-91.25953","106.7","RAVENDEN, AR US","13.4","7","5.9",",7","10",",7","9",",7","2",",7","0",",7","0",",7","0",",7","2",",7","0",",7","14",",7","0",",7","20200415",",,7","20200430","+,,7","20200408",",,7","20200403",",,7","20200408",",,7","-2.2",",7,15,","0",",,7,30,+","0",",T,7,08,","32.5",",,7,03,","30.6",",7,08,","2066.2","7","140.2",",7","148.1",",,,7","0",",T,,7","13.86",",7","20.38",",,,7","7.33",",,,7"
"USC00036017","2020-05","36.23405","-91.25953","106.7","RAVENDEN, AR US","39.5","7","26.1",",7","12",",7","10",",7","2",",7","0",",7","0",",7","0",",7","0",",7","0",",7","23",",7","0",",7","20200510","+,,7","20200531","+,,7","20200531","+,,7","20200527",",,7","20200526",",,7","2.2",",7,10,+","0",",,7,31,+","0",",,7,31,+","41.1",",,7,27,","30.0",",7,26,","2134.3","7","68.1",",7","183.8",",,,7","0",",,,7","16.98",",7","23.10",",,,7","10.86",",,,7"
"USC00036017","2020-06","36.23405","-91.25953","106.7","RAVENDEN, AR US","187.0","7","147.5",",7","5",",7","4",",7","1",",7","0",",7","0",",7","0",",7","0",",7","0",",7","30",",7","1",",7","20200601",",,7","20200630","+,,7","20200630","+,,7","20200609",",,7","20200608",",,7","11.1",",7,01,","0",",,7,30,+","0",",,7,30,+","50.0",",,7,09,","32.2",",7,08,","2134.3","7","0.0",",7","91.5",",,,7","0",",,,7","23.25",",7","29.74",",,,7","16.76",",,,7"
"USC00036017","2020-07","36.23405","-91.25953","106.7","RAVENDEN, AR US","457.5","7","270.5",",7","6",",7","6",",7","1",",7","0",",7","0",",7","0",",7","0",",7","0",",7","31",",7","25",",7","20200713",",,7","20200731","+,,7","20200731","+,,7","20200702",",,7","20200719",",,7","17.2",",7,13,","0",",,7,31,+","0",",,7,31,+","28.4",",,7,02,","35.6",",7,19,","0.0","7","0.0",",7","76.4",",,,7","0",",,,7","27.06",",7","33.08",",,,7","21.04",",,,7"
"USC00036017","2020-08","36.23405","-91.25953","106.7","RAVENDEN, AR US","653.3","7","195.8",",7","7",",7","6",",7","1",",7","0",",7","0",",7","0",",7","0",",7","0",",7","31",",7","10",",7","20200806","+,,7","20200831","+,,7","20200831","+,,7","20200828",",,7","20200811",",,7","13.3",",7,06,+","0",",,7,31,+","0",",,7,31,+","134.9",",,7,28,","37.8",",7,11,","0.0","7","0.0",",7","190.6",",,,7","0",",,,7","24.65",",7","30.98",",,,7","18.32",",,,7"
"USC00036017","2020-09","36.23405","-91.25953","106.7","RAVENDEN, AR US","747.6","7","94.3",",7","5",",7","5",",7","1",",7","0",",7","0",",7","0",",7","0",",7","0",",7","29",",7","0",",7","20200930",",,7","20200930","+,,7","20200930","+,,7","20200902",",,7","20200907",",,7","6.7",",7,30,","0",",,7,30,+","0",",,7,30,+","74.9",",,7,02,","31.7",",7,07,","18.5","7","18.5",",7","133.9",",,,7","0",",,,7","20.86",",7","26.89",",,,7","14.83",",,,7"
"USC00036017","2020-10","36.23405","-91.25953","106.7","RAVENDEN, AR US","758.4","7","10.8",",7","4",",7","4",",7","2",",7","0",",7","0",",7","0",",7","1",",7","0",",7","16",",7","0",",7","20201030",",,7","20201031","+,,7","20201031","+,,7","20201029",",,7","20201023","+,,7","0.0",",7,30,","0",",,7,31,+","0",",,7,31,+","68.3",",,7,29,","28.3",",7,23,+","167.4","7","148.9",",7","137.4",",,,7","0",",,,7","13.88",",7","21.02",",,,7","6.74",",,,7"
"USC00036017","2020-11","36.23405","-91.25953","106.7","RAVENDEN, AR US","758.4","7","0.0",",7","3",",7","3",",7","0",",7","0",",7","0",",7","0",",7","12",",7","0",",7","11",",7","0",",7","20201130",",,7","20201130","+,,7","20201130","+,,7","20201115",",,7","20201111",",,7","-3.9",",7,30,","0",",,7,30,+","0",",,7,30,+","19.1",",,7,15,","26.1",",7,11,","412.7","7","245.3",",7","48.4",",,,7","0",",,,7","10.16",",7","18.76",",,,7","1.55",",,,7"
"USC00036017","2020-12","36.23405","-91.25953","106.7","RAVENDEN, AR US","758.4","7","0.0",",7","7",",7","5",",7","1",",7","0",",7","0",",7","0",",7","27",",7","0",",7","2",",7","0",",7","20201225",",,7","20201231","+,,7","20201231","+,,7","20201231",",,7","20201211",",,7","-10.0",",7,25,","0",",,7,31,+","0",",,7,31,+","27.2",",,7,31,","23.9",",7,11,","863.2","7","450.5",",7","78.8",",,,7","0",",,,7","3.80",",7","11.06",",,,7","-3.45",",,,7"
"USC00036017","2021-01","36.23405","-91.25953","106.7","RAVENDEN, AR US","0.0","","0.0",",7","6",",7","5",",7","1",",7","1",",7","1",",7","0",",7","29",",7","1",",7","0",",7","0",",7","20210112",",,7","20210127",",,7","20210127",",,7","20210125",",,7","20210115",",,7","-11.1",",7,12,","25",",,7,27,","33",",,7,27,","41.1",",,7,25,","16.7",",7,15,","1355.6","","492.4",",7","93.8",",,,7","33",",,,7","2.45",",7","7.79",",,,7","-2.89",",,,7"
"USC00036017","2021-02","36.23405","-91.25953","106.7","RAVENDEN, AR US","0.0","","0.0",",7","8",",7","5",",7","0",",7","7",",7","4",",7","2",",7","23",",7","9",",7","3",",7","0",",7","20210216",",,7","20210218","+,,7","20210216",",,7","20210227",",,7","20210226",",,7","-22.2",",7,16,","102",",,7,18,+","114",",,7,16,","13.7",",,7,27,","23.3",",7,26,","1896.1","","540.5",",7","35.4",",,,7","256",",,,7","-0.97",",7","4.91",",,,7","-6.85",",,,7"
"USC00036017","2021-03","36.23405","-91.25953","106.7","RAVENDEN, AR US","0.0","","0.0",",7","8",",7","8",",7","1",",7","0",",7","0",",7","0",",7","6",",7","0",",7","12",",7","0",",7","20210302",",,7","20210331","+,,7","20210331","+,,7","20210313",",,7","20210329",",,7","-5.0",",7,02,","0",",,7,31,+","0",",,7,31,+","38.4",",,7,13,","26.1",",7,29,","2109.6","","213.5",",7","142.0",",,,7","0",",,,7","11.45",",7","18.94",",,,7","3.95",",,,7"
"USC00036017","2021-04","36.23405","-91.25953","106.7","RAVENDEN, AR US","2.5","","2.5",",7","6",",7","6",",7","4",",7","0",",7","0",",7","0",",7","5",",7","0",",7","16",",7","0",",7","20210402",",,7","20210430","+,,7","20210430","+,,7","20210430",",,7","20210410",",,7","-4.4",",7,02,","0",",,7,30,+","0",",,7,30,+","55.9",",,7,30,","29.4",",7,10,","2266.9","","157.3",",7","170.1",",,,7","0",",,,7","13.17",",7","21.26",",,,7","5.08",",,,7"
"USC00036017","2021-05","36.23405","-91.25953","106.7","RAVENDEN, AR US","","","","","","","","","","","0",",7","0",",7","","","","","","","","","","","","","20210531","+,,7","20210531","+,,7","","","","","","","0",",,7,31,+","0",",,7,31,+","","","","","","","","","","","0",",,,7","","","","","",""
"USC00036017","2021-06","36.23405","-91.25953","106.7","RAVENDEN, AR US","","","139.6",",7","2",",7","2",",7","2",",7","0",",7","0",",7","0",",7","0",",7","0",",7","29",",7","7",",7","20210601",",,7","20210630","+,,7","20210630","+,,7","20210602",",,7","20210614",",,7","7.2",",7,01,","0",",,7,30,+","0",",,7,30,+","69.6",",,7,02,","33.9",",7,14,","","","8.6",",7","119.6",",,,7","0",",,,7","22.70",",7","28.28",",,,7","17.12",",,,7"
"USC00036017","2021-07","36.23405","-91.25953","106.7","RAVENDEN, AR US","","","222.9",",7","0",",7","0",",7","0",",7","0",",7","0",",7","0",",7","0",",7","0",",7","31",",7","14",",7","20210702",",,7","20210731","+,,7","20210731","+,,7","20210731","+,,7","20210731",",,7","14.4",",7,02,","0",",,7,31,+","0",",,7,31,+","0.0",",,7,31,+","36.1",",7,31,","0.0","","0.0",",7","0.0",",,,7","0",",,,7","25.52",",7","31.38",",,,7","19.67",",,,7"
