"STATION","DATE","LATITUDE","LONGITUDE","ELEVATION","NAME","CDSD","CDSD_ATTRIBUTES","CLDD","CLDD_ATTRIBUTES","DP01","DP01_ATTRIBUTES","DP10","DP10_ATTRIBUTES","DP1X","DP1X_ATTRIBUTES","DSNW","DSNW_ATTRIBUTES","DT00","DT00_ATTRIBUTES","DT32","DT32_ATTRIBUTES","DX32","DX32_ATTRIBUTES","DX70","DX70_ATTRIBUTES","DX90","DX90_ATTRIBUTES","DYNT","DYNT_ATTRIBUTES","DYSN","DYSN_ATTRIBUTES","DYXP","DYXP_ATTRIBUTES","DYXT","DYXT_ATTRIBUTES","EMNT","EMNT_ATTRIBUTES","EMSN","EMSN_ATTRIBUTES","EMXP","EMXP_ATTRIBUTES","EMXT","EMXT_ATTRIBUTES","HDSD","HDSD_ATTRIBUTES","HTDD","HTDD_ATTRIBUTES","PRCP","PRCP_ATTRIBUTES","SNOW","SNOW_ATTRIBUTES","TAVG","TAVG_ATTRIBUTES","TMAX","TMAX_ATTRIBUTES","TMIN","TMIN_ATTRIBUTES"
"USC00272250","1892-12","43.35","-71.5","243.8","EAST CANTERBURY, NH US","","","0.0",",6","3","3,6","3","3,6","0","3,6","1",",6","5",",6","31",",6","15",",6","0",",6","0",",6","18921225","+,,6","18921214",",,6","18921208",",3,6","18921209",",,6","-23.3",",6,25,+","76",",,6,14,","10.2","3,,6,08,","4.4",",6,09,","","","751.4",",6","23.7","3,,,6","76",",,,6","-5.90",",6","-1.68",",,,6","-10.13",",,,6"
"USC00272250","1893-01","43.35","-71.5","243.8","EAST CANTERBURY, NH US","0.0","6","0.0","1,6","6","5,6","5","5,6","1","5,6","7",",6","12",",6","31",",6","25","1,6","0","1,6","0","1,6","18930111",",,6","18930110",",,6","18930101",",5,6","18930102",",1,6","-25.0",",6,11,","109",",,6,10,","32.8","5,,6,01,","7.8","1,6,02,","","","882.5","1,6","53.3","5,,,6","439",",,,6","-11.00","1,6","-6.18","1,,,6","-15.83",",,,6"
"USC00272250","1893-02","43.35","-71.5","243.8","EAST CANTERBURY, NH US","0.0","6","0.0",",6","","","","","","","8",",6","8",",6","28",",6","21",",6","0",",6","0",",6","18930205",",,6","18930214",",,6","","","18930215","+,,6","-23.3",",6,05,","254",",,6,14,","","","8.3",",6,15,+","","","711.5",",6","","","877",",,,6","-7.08",",6","-1.70",",,,6","-12.46",",,,6"
"USC00272250","1893-03","43.35","-71.5","243.8","EAST CANTERBURY, NH US","0.0","6","0.0",",6","6","1,6","3","1,6","2","1,6","2",",6","0",",6","29",",6","9",",6","0",",6","0",",6","18930319","+,,6","18930316",",,6","18930316",",1,6","18930324",",,6","-16.1",",6,19,+","89",",,6,16,","33.3","1,,6,16,","9.4",",6,24,","","","649.5",",6","70.4","1,,,6","165",",,,6","-2.62",",6","2.47",",,,6","-7.71",",,,6"
"USC00272250","1893-04","43.35","-71.5","243.8","EAST CANTERBURY, NH US","0.0","6","0.0",",6","11",",6","8",",6","0",",6","2",",6","0",",6","23",",6","1",",6","0",",6","0",",6","18930403",",,6","18930415","+,,6","18930421",",,6","18930429",",,6","-10.0",",6,03,","76",",,6,15,+","13.7",",,6,21,","17.2",",6,29,","","","451.1",",6","58.2",",,,6","152",",,,6","3.30",",6","7.81",",,,6","-1.22",",,,6"
"USC00272250","1893-05","43.35","-71.5","243.8","EAST CANTERBURY, NH US","8.1","6","8.1",",6","10",",6","8",",6","1",",6","","","0",",6","1",",6","0",",6","12",",6","0",",6","18930505",",,6","","","18930517",",,6","18930523",",,6","0.0",",6,05,","","","28.2",",,6,17,","31.1",",6,23,","","","168.1",",6","90.7",",,,6","","","13.17",",6","18.21",",,,6","8.13",",,,6"
"USC00272250","1893-06","43.35","-71.5","243.8","EAST CANTERBURY, NH US","91.3","6","83.2",",6","7",",6","5",",6","1",",6","","","0",",6","0",",6","0",",6","25",",6","2",",6","18930628","+,,6","","","18930623",",,6","18930621",",,6","10.0",",6,28,+","","","27.7",",,6,23,","35.0",",6,21,","","","20.8",",6","56.3",",,,6","","","20.41",",6","25.91",",,,6","14.91",",,,6"
"USC00272250","1893-07","43.35","-71.5","243.8","EAST CANTERBURY, NH US","193.0","6","101.7",",6","7",",6","6",",6","0",",6","","","0",",6","0",",6","0",",6","27",",6","3",",6","18930711",",,6","","","18930725",",,6","18930722","+,,6","10.0",",6,11,","","","15.7",",,6,25,","33.3",",6,22,+","10.5","6","10.5",",6","48.2",",,,6","","","21.27",",6","27.05",",,,6","15.50",",,,6"
"USC00272250","1893-08","43.35","-71.5","243.8","EAST CANTERBURY, NH US","242.3","6","49.3","1,6","12",",6","10",",6","1",",6","","","0",",6","0",",6","0","1,6","25","1,6","0","1,6","18930820",",,6","","","18930812",",,6","18930812","+,1,6","8.9",",6,20,","","","26.7",",,6,12,","31.7","1,6,12,+","32.2","6","21.7","1,6","113.6",",,,6","","","19.30","1,6","24.29","1,,,6","14.31",",,,6"
"USC00272250","1893-09","43.35","-71.5","243.8","EAST CANTERBURY, NH US","242.3","6","0.0",",6","8",",6","6",",6","0",",6","","","0",",6","0",",6","0",",6","0",",6","0",",6","18930930","+,,6","","","18930916","+,,6","18930911",",,6","2.2",",6,30,+","","","15.0",",,6,16,+","20.6",",6,11,","256.8","6","224.6",",6","54.9",",,,6","","","10.85",",6","15.28",",,,6","6.41",",,,6"
"USC00272250","1893-10","43.35","-71.5","243.8","EAST CANTERBURY, NH US","242.3","6","0.0",",6","6",",6","6",",6","3",",6","","","0",",6","4",",6","0",",6","0",",6","0",",6","18931031",",,6","","","18931024",",,6","18931015",",,6","-3.9",",6,31,","","","65.8",",,6,24,","19.4",",6,15,","541.6","6","284.8",",6","162.9",",,,6","","","9.15",",6","13.82",",,,6","4.47",",,,6"
"USC00272250","1893-11","43.35","-71.5","243.8","EAST CANTERBURY, NH US","242.3","6","0.0",",6","7",",6","4",",6","0",",6","1",",6","0",",6","28",",6","6",",6","0",",6","0",",6","18931127",",,6","18931122",",,6","18931122",",,6","18931102",",,6","-12.8",",6,27,","76",",,6,22,","22.1",",,6,22,","11.1",",6,02,","1107.3","6","565.7",",6","47.6",",,,6","84",",,,6","-0.52",",6","3.76",",,,6","-4.81",",,,6"
"USC00272250","1893-12","43.35","-71.5","243.8","EAST CANTERBURY, NH US","242.3","6","0.0",",6","12","1,6","8","1,6","1","1,6","9",",6","5",",6","31",",6","22",",6","0",",6","0",",6","18931214",",,6","18931203",",,6","18931203",",1,6","18931225",",,6","-25.6",",6,14,","203",",,6,03,","38.6","1,,6,03,","7.2",",6,25,","1903.2","6","795.9",",6","99.2","1,,,6","578",",,,6","-7.34",",6","-1.94",",,,6","-12.74",",,,6"
"USC00272250","1894-01","43.35","-71.5","243.8","EAST CANTERBURY, NH US","0.0","","0.0","1,6","9","2,6","7","2,6","0","2,6","5",",6","5",",6","31",",6","17","1,6","0","1,6","0","1,6","18940113","+,,6","18940130",",,6","18940130",",2,6","18940119",",1,6","-23.3",",6,13,+","152",",,6,30,","15.5","2,,6,30,","8.3","1,6,19,","2644.0","","740.8","1,6","65.5","2,,,6","420",",,,6","-6.37","1,6","-0.82","1,,,6","-11.91",",,,6"
"USC00272250","1894-02","43.35","-71.5","243.8","EAST CANTERBURY, NH US","0.0","","0.0",",6","4","1,6","3","1,6","0","1,6","4","1,6","11",",6","28",",6","21",",6","0",",6","0",",6","18940224",",,6","18940210",",1,6","18940210",",1,6","18940218",",,6","-28.9",",6,24,","127","1,,6,10,","11.4","1,,6,10,","6.7",",6,18,","3423.8","","779.8",",6","26.4","1,,,6","305","1,,,6","-9.52",",6","-3.35",",,,6","-15.68",",,,6"
"USC00272250","1894-03","43.35","-71.5","243.8","EAST CANTERBURY, NH US","0.0","","0.0",",6","5","1,6","4","1,6","0","1,6","2",",6","0",",6","27",",6","2",",6","0",",6","0",",6","18940325",",,6","18940314",",,6","18940322",",1,6","18940318",",,6","-11.7",",6,25,","89",",,6,14,","17.8","1,,6,22,","16.7",",6,18,","3929.6","","505.8",",6","49.5","1,,,6","155",",,,6","2.02",",6","6.90",",,,6","-2.87",",,,6"
"USC00272250","1894-04","43.35","-71.5","243.8","EAST CANTERBURY, NH US","0.0","","0.0",",6","8","1,6","6","1,6","0","1,6","3",",6","0",",6","14",",6","0",",6","4",",6","0",",6","18940401",",,6","18940412",",,6","18940422",",1,6","18940429",",,6","-12.2",",6,01,","64",",,6,12,","9.7","1,,6,22,","22.8",",6,29,","4284.5","","354.9",",6","39.4","1,,,6","140",",,,6","6.50",",6","12.15",",,,6","0.85",",,,6"
"USC00272250","1894-05","43.35","-71.5","243.8","EAST CANTERBURY, NH US","1.7","","1.7",",6","13",",6","9",",6","1",",6","","","0",",6","0",",6","0",",6","11",",6","0",",6","18940511",",,6","","","18940529",",,6","18940502",",,6","2.2",",6,11,","","","43.9",",,6,29,","27.8",",6,02,","4452.7","","168.2",",6","129.2",",,,6","","","12.96",",6","18.04",",,,6","7.88",",,,6"
"USC00272250","1894-06","43.35","-71.5","243.8","EAST CANTERBURY, NH US","73.2","","71.5",",6","11",",6","5",",6","1",",6","","","0",",6","0",",6","0",",6","22",",6","0",",6","18940606",",,6","","","18940602",",,6","18940622","+,,6","3.9",",6,06,","","","41.7",",,6,02,","30.6",",6,22,+","4506.8","","54.1",",6","76.6",",,,6","","","18.92",",6","24.10",",,,6","13.73",",,,6"
"USC00272250","1894-07","43.35","-71.5","243.8","EAST CANTERBURY, NH US","203.0","","129.8",",6","12",",6","7",",6","0",",6","","","0",",6","0",",6","0",",6","30",",6","3",",6","18940708",",,6","","","18940703",",,6","18940728",",,6","8.9",",6,08,","","","24.6",",,6,03,","37.2",",6,28,","9.2","","9.2",",6","93.4",",,,6","","","22.22",",6","27.14",",,,6","17.31",",,,6"
"USC00272250","1894-08","43.35","-71.5","243.8","EAST CANTERBURY, NH US","250.3","","47.3",",6","8",",6","6",",6","0",",6","","","0",",6","0",",6","0",",6","26",",6","0",",6","18940822",",,6","","","18940803",",,6","18940825",",,6","6.7",",6,22,","","","18.5",",,6,03,","30.6",",6,25,","37.7","","28.5",",6","47.7",",,,6","","","18.94",",6","23.76",",,,6","14.12",",,,6"
"USC00272250","1894-09","43.35","-71.5","243.8","EAST CANTERBURY, NH US","264.3","","14.0",",6","7",",6","5",",6","1",",6","","","0",",6","0",",6","0",",6","20",",6","0",",6","18940930","+,,6","","","18940910",",,6","18940906","+,,6","4.4",",6,30,+","","","32.3",",,6,10,","29.4",",6,06,+","110.1","","72.4",",6","74.5",",,,6","","","16.38",",6","22.05",",,,6","10.72",",,,6"
