"STATION","DATE","LATITUDE","LONGITUDE","ELEVATION","NAME","CDSD","CDSD_ATTRIBUTES","CLDD","CLDD_ATTRIBUTES","DP01","DP01_ATTRIBUTES","DP10","DP10_ATTRIBUTES","DP1X","DP1X_ATTRIBUTES","DSND","DSND_ATTRIBUTES","DSNW","DSNW_ATTRIBUTES","DT00","DT00_ATTRIBUTES","DT32","DT32_ATTRIBUTES","DX32","DX32_ATTRIBUTES","DX70","DX70_ATTRIBUTES","DX90","DX90_ATTRIBUTES","DYFG","DYFG_ATTRIBUTES","DYNT","DYNT_ATTRIBUTES","DYSD","DYSD_ATTRIBUTES","DYSN","DYSN_ATTRIBUTES","DYTS","DYTS_ATTRIBUTES","DYXP","DYXP_ATTRIBUTES","DYXT","DYXT_ATTRIBUTES","EMNT","EMNT_ATTRIBUTES","EMSD","EMSD_ATTRIBUTES","EMSN","EMSN_ATTRIBUTES","EMXP","EMXP_ATTRIBUTES","EMXT","EMXT_ATTRIBUTES","HDSD","HDSD_ATTRIBUTES","HTDD","HTDD_ATTRIBUTES","PRCP","PRCP_ATTRIBUTES","SNOW","SNOW_ATTRIBUTES","TAVG","TAVG_ATTRIBUTES","TMAX","TMAX_ATTRIBUTES","TMIN","TMIN_ATTRIBUTES"
"USC00478905","1944-11","45.3582","-86.891","209.1","WASHINGTON IS, WI US","","","0.0",",6","16",",6","10",",6","0",",6","","","2",",6","0",",6","13",",6","2",",6","0",",6","0",",6","","","19441106",",,6","","","19441129",",,6","","","19441114",",,6","19441103","+,,6","-6.1",",6,06,","","","127",",,6,29,","18.3",",,6,14,","12.2",",6,03,+","","","435.5",",6","96.0",",,,6","201",",,,6","3.82",",6","6.16",",,,6","1.48",",,,6"
"USC00478905","1944-12","45.3582","-86.891","209.1","WASHINGTON IS, WI US","","","0.0",",6","7",",6","3",",6","0",",6","30","1,6","4","1,6","0",",6","31",",6","22",",6","0",",6","0",",6","","","19441226",",,6","19441230","+,1,6","19441227","+,1,6","","","19441205",",,6","19441204","+,,6","-17.2",",6,26,","127","1,,6,30,+","38","1,,6,27,+","7.1",",,6,05,","3.9",",6,04,+","","","717.8",",6","21.8",",,,6","142","1,,,6","-4.82",",6","-2.15",",,,6","-7.49",",,,6"
"USC00478905","1945-01","45.3582","-86.891","209.1","WASHINGTON IS, WI US","0.0","6","0.0",",6","11",",6","2",",6","0",",6","30","1,6","4",",6","9",",6","31",",6","31",",6","0",",6","0",",6","","","19450131","+,,6","19450131","+,1,6","19450118",",,6","","","19450118",",,6","19450101",",,6","-22.8",",6,31,+","356","1,,6,31,+","102",",,6,18,","4.8",",,6,18,","0.0",",6,01,","","","865.9",",6","16.8",",,,6","366",",,,6","-9.60",",6","-5.64",",,,6","-13.56",",,,6"
"USC00478905","1945-02","45.3582","-86.891","209.1","WASHINGTON IS, WI US","0.0","6","0.0",",6","9",",6","6",",6","0",",6","28",",6","6",",6","8",",6","28",",6","21",",6","0",",6","0",",6","","","19450217",",,6","19450223","+,,6","19450222",",,6","","","19450222",",,6","19450214",",,6","-25.0",",6,17,","660",",,6,23,+","292",",,6,22,","24.4",",,6,22,","3.9",",6,14,","","","721.9",",6","60.1",",,,6","602",",,,6","-7.45",",6","-1.75",",,,6","-13.14",",,,6"
"USC00478905","1945-03","45.3582","-86.891","209.1","WASHINGTON IS, WI US","0.0","6","0.0",",6","","","","","","","","","3",",6","1",",6","20",",6","3",",6","0",",6","0",",6","","","19450307",",,6","","","19450303",",,6","","","","","19450331",",,6","-23.3",",6,07,","","","102",",,6,03,","","","15.0",",6,31,","","","511.6",",6","","","165",",,,6","1.83",",6","6.77",",,,6","-3.12",",,,6"
"USC00478905","1945-04","45.3582","-86.891","209.1","WASHINGTON IS, WI US","0.0","6","0.0",",6","10",",6","6",",6","1",",6","","","0",",6","0",",6","18",",6","1",",6","0",",6","0",",6","","","19450428",",,6","","","19450403",",,6","","","19450416",",,6","19450401",",,6","-6.1",",6,28,","","","13",",,6,03,","28.4",",,6,16,","15.0",",6,01,","","","439.1",",6","82.9",",,,6","13",",,,6","3.70",",6","7.56",",,,6","-0.17",",,,6"
"USC00478905","1945-05","45.3582","-86.891","209.1","WASHINGTON IS, WI US","0.0","6","0.0","2,6","","","","","","","","","0",",6","0","2,6","6","2,6","0","2,6","0","2,6","0","2,6","","","19450502",",2,6","","","19450509","+,,6","","","","","19450513","+,2,6","-3.9","2,6,02,","","","0",",T,6,09,+","","","15.0","2,6,13,+","","","326.7","2,6","","","0",",T,,6","7.07","2,6","11.15","2,,,6","2.99","2,,,6"
"USC00478905","1945-06","45.3582","-86.891","209.1","WASHINGTON IS, WI US","10.3","6","10.3","3,6","","","","","","","","","","","0","2,6","0","2,6","0","2,6","9","2,6","0","2,6","","","19450604","+,2,6","","","","","","","","","19450623","+,2,6","1.7","2,6,04,+","","","","","","","23.9","2,6,23,+","","","113.0","2,6","","","","","14.23","3,6","19.20","2,,,6","9.26","2,,,6"
"USC00478905","1945-07","45.3582","-86.891","209.1","WASHINGTON IS, WI US","23.0","6","12.7","3,6","7",",6","4",",6","1",",6","","","0",",6","0","2,6","0","2,6","0","1,6","19","1,6","0","1,6","","","19450716","+,2,6","","","19450731","+,,6","","","19450705",",,6","19450725",",1,6","5.0","2,6,16,+","","","0",",,6,31,+","39.9",",,6,05,","29.4","1,6,25,","53.8","6","53.8","1,6","61.2",",,,6","0",",,,6","16.79","3,6","22.18","1,,,6","11.40","2,,,6"
"USC00478905","1945-08","45.3582","-86.891","209.1","WASHINGTON IS, WI US","56.5","6","33.5","5,6","","","","","","","","","0",",6","0","4,6","0","4,6","0","2,6","22","2,6","0","2,6","","","19450824","+,4,6","","","19450831","+,,6","","","","","19450829","+,2,6","7.8","4,6,24,+","","","0",",,6,31,+","","","31.7","2,6,29,+","84.5","6","30.7","2,6","","","0",",,,6","18.84","5,6","23.80","2,,,6","13.87","4,,,6"
"USC00478905","1945-09","45.3582","-86.891","209.1","WASHINGTON IS, WI US","66.5","6","10.0",",6","7",",6","7",",6","0",",6","","","","","0",",6","2",",6","0",",6","7",",6","0",",6","","","19450930",",,6","","","","","","","19450908",",,6","19450908","+,,6","-2.2",",6,30,","","","","","23.9",",,6,08,","26.1",",6,08,+","222.9","6","138.4",",6","75.4",",,,6","","","14.05",",6","18.44",",,,6","9.67",",,,6"
"USC00478905","1945-10","45.3582","-86.891","209.1","WASHINGTON IS, WI US","66.5","6","0.0","3,6","5",",6","5",",6","0",",6","","","0",",6","0","2,6","9","2,6","0","1,6","0","1,6","0","1,6","","","19451031",",2,6","","","19451031","+,,6","","","19451024","+,,6","19451027",",1,6","-6.7","2,6,31,","","","0",",,6,31,+","12.7",",,6,24,+","18.3","1,6,27,","552.4","6","329.5","1,6","46.2",",,,6","0",",,,6","6.79","3,6","10.92","1,,,6","2.67","2,,,6"
"USC00478905","1945-11","45.3582","-86.891","209.1","WASHINGTON IS, WI US","","","","","","","","","","","","","0",",6","0","1,6","25","1,6","","","","","","","","","19451110",",1,6","","","19451128",",,6","","","","","","","-11.1","1,6,10,","","","13",",,6,28,","","","","","","","","","","","13",",,,6","","","","","-2.37","1,,,6"
"USC00478905","1945-12","45.3582","-86.891","209.1","WASHINGTON IS, WI US","","","","","5",",6","5",",6","0",",6","","","","","3","2,6","28","2,6","","","","","","","","","19451217",",2,6","","","","","","","19451225",",,6","","","-20.6","2,6,17,","","","","","21.1",",,6,25,","","","","","","","64.7",",,,6","","","","","","","-9.26","2,,,6"
"USC00478905","1946-01","45.3582","-86.891","209.1","WASHINGTON IS, WI US","0.0","6","0.0","3,6","5","1,6","4","1,6","0","1,6","29","2,6","4","1,6","4","2,6","28","2,6","23","1,6","0","1,6","0","1,6","","","19460127",",2,6","19460131","+,2,6","19460114",",1,6","","","19460105",",1,6","19460106","+,1,6","-22.8","2,6,27,","381","2,,6,31,+","127","1,,6,14,","21.1","1,,6,05,","5.6","1,6,06,+","","","719.1","1,6","40.2","1,,,6","304","1,,,6","-6.99","3,6","-2.68","1,,,6","-11.30","2,,,6"
"USC00478905","1946-02","45.3582","-86.891","209.1","WASHINGTON IS, WI US","","","","","2","1,6","2","1,6","0","1,6","26","2,6","2",",6","4","4,6","24","4,6","22","2,6","0","2,6","0","2,6","","","19460210",",4,6","19460207","+,2,6","19460206",",,6","","","19460206",",1,6","19460206","+,2,6","-20.6","4,6,10,","305","2,,6,07,+","127",",,6,06,","7.6","1,,6,06,","3.3","2,6,06,+","","","","","12.7","1,,,6","229",",,,6","-7.39","6,6","-2.55","2,,,6","-12.23","4,,,6"
"USC00478905","1946-03","45.3582","-86.891","209.1","WASHINGTON IS, WI US","","","0.0","3,6","2",",6","2",",6","1",",6","","","0",",6","0","2,6","24","2,6","3","1,6","2","1,6","0","1,6","","","19460311",",2,6","","","19460308",",,6","","","19460306",",,6","19460328","+,1,6","-14.4","2,6,11,","","","0",",T,6,08,","26.4",",,6,06,","21.7","1,6,28,+","","","441.4","1,6","36.3",",,,6","0",",T,,6","2.54","3,6","7.81","1,,,6","-2.74","2,,,6"
"USC00478905","1946-04","45.3582","-86.891","209.1","WASHINGTON IS, WI US","","","0.0","2,6","3",",6","3",",6","0",",6","","","","","0","1,6","22","1,6","0","1,6","0","1,6","0","1,6","","","19460407",",1,6","","","","","","","19460408",",,6","19460423","+,1,6","-7.2","1,6,07,","","","","","6.6",",,6,08,","16.7","1,6,23,+","","","415.5","1,6","16.0",",,,6","","","3.48","2,6","8.76","1,,,6","-1.80","1,,,6"
"USC00478905","1946-05","45.3582","-86.891","209.1","WASHINGTON IS, WI US","","","0.0","5,6","8",",6","8",",6","0",",6","","","0",",6","0",",6","6",",6","0","5,6","3","5,6","0","5,6","","","19460508",",,6","","","19460531","+,,6","","","19460524",",,6","19460530",",5,6","-5.0",",6,08,","","","0",",,6,31,+","18.5",",,6,24,","24.4","5,6,30,","","","264.1","5,6","70.5",",,,6","0",",,,6","8.20","5,6","13.48","5,,,6","2.93",",,,6"
"USC00478905","1946-06","45.3582","-86.891","209.1","WASHINGTON IS, WI US","","","9.8","2,6","8",",6","8",",6","0",",6","","","","","0",",6","1",",6","0","2,6","11","2,6","0","2,6","","","19460605",",,6","","","","","","","19460611",",,6","19460628",",2,6","-4.4",",6,05,","","","","","23.6",",,6,11,","29.4","2,6,28,","","","136.1","2,6","123.2",",,,6","","","13.75","2,6","19.39","2,,,6","8.11",",,,6"
"USC00478905","1946-07","45.3582","-86.891","209.1","WASHINGTON IS, WI US","","","37.4",",6","5",",6","5",",6","2",",6","","","","","0",",6","0",",6","0",",6","29",",6","1",",6","","","19460702",",,6","","","","","","","19460710",",,6","19460719",",,6","7.2",",6,02,","","","","","39.1",",,6,10,","32.8",",6,19,","27.2","6","27.2",",6","103.9",",,,6","","","18.66",",6","23.63",",,,6","13.70",",,,6"
"USC00478905","1946-08","45.3582","-86.891","209.1","WASHINGTON IS, WI US","","","","","","","","","","","","","","","0","3,6","0","3,6","","","","","","","","","19460812",",3,6","","","","","","","","","","","5.0","3,6,12,","","","","","","","","","","","","","","","","","","","","","12.15","3,,,6"
"USC00478905","1946-09","45.3582","-86.891","209.1","WASHINGTON IS, WI US","","","0.6","1,6","6",",6","5",",6","0",",6","","","","","0",",6","0",",6","0","1,6","12","1,6","0","1,6","","","19460903",",,6","","","","","","","19460909",",,6","19460918","+,1,6","1.7",",6,03,","","","","","22.9",",,6,09,","26.1","1,6,18,+","","","106.1","1,6","50.6",",,,6","","","14.63","1,6","19.73","1,,,6","9.52",",,,6"
"USC00478905","1946-10","45.3582","-86.891","209.1","WASHINGTON IS, WI US","","","0.0","2,6","","","","","","","","","","","0",",6","6",",6","0","2,6","3","2,6","0","2,6","","","19461019","+,,6","","","","","","","","","19461030",",2,6","-3.9",",6,19,+","","","","","","","22.2","2,6,30,","","","230.5","2,6","","","","","10.47","2,6","15.60","2,,,6","5.34",",,,6"
"USC00478905","1946-11","45.3582","-86.891","209.1","WASHINGTON IS, WI US","","","","","7",",6","7",",6","0",",6","","","1",",6","0",",","20",",6","","","","","","","","","19461123","+,,6","","","19461130",",,6","","","19461111",",,6","","","-8.9",",6,23,+","","","38",",,6,30,","12.2",",,6,11,","","","","","","","49.3",",,,6","38",",,,6","","","","","-1.73",",,,6"
"USC00478905","1946-12","45.3582","-86.891","209.1","WASHINGTON IS, WI US","","","","","","","","","","","","","3",",6","0","1,","27","1,6","","","","","","","","","19461218",",1,6","","","19461227",",,6","","","","","","","-17.2","1,6,18,","","","127",",,6,27,","","","","","","","","","","","228",",,,6","","","","","-7.65","1,,,6"
"USC00478905","1947-01","45.3582","-86.891","209.1","WASHINGTON IS, WI US","","","","","","","","","","","31",",6","","","1",",","31",",6","","","","","","","","","19470104",",,6","19470113","+,,6","","","","","","","","","-18.3",",6,04,","229",",,6,13,+","","","","","","","","","","","","","","","","","","","-9.05",",,,6"
"USC00478905","1947-02","45.3582","-86.891","209.1","WASHINGTON IS, WI US","","","","","3",",6","3",",6","0",",6","28",",6","3",",6","1","2,","26","2,6","","","","","","","","","19470202",",2,6","19470221","+,,6","19470207",",,6","","","19470207",",,6","","","-19.4","2,6,02,","305",",,6,21,+","76",",,6,07,","7.4",",,6,07,","","","","","","","14.3",",,,6","152",",,,6","","","","","-10.70","2,,,6"
"USC00478905","1947-03","45.3582","-86.891","209.1","WASHINGTON IS, WI US","","","0.0","4,6","2",",6","2",",6","0",",6","31",",6","1",",6","0","1,6","30","1,6","6","3,6","0","3,6","0","3,6","","","19470318",",1,6","19470318","+,,6","19470313",",,6","","","19470313",",,6","19470323",",3,6","-13.9","1,6,18,","203",",,6,18,+","76",",,6,13,","17.3",",,6,13,","9.4","3,6,23,","","","571.1","3,6","24.4",",,,6","76",",,,6","-2.91","4,6","2.35","3,,,6","-8.17","1,,,6"
"USC00478905","1947-04","45.3582","-86.891","209.1","WASHINGTON IS, WI US","","","0.0","1,6","7",",6","5",",6","1",",6","","","0",",6","0","1,6","21","1,6","0",",6","0",",6","0",",6","","","19470413",",1,6","","","19470430","+,,6","","","19470405",",,6","19470429",",,6","-11.1","1,6,13,","","","0",",,6,30,+","57.2",",,6,05,","14.4",",6,29,","","","471.0",",6","105.4",",,,6","0",",,,6","2.11","1,6","6.93",",,,6","-2.71","1,,,6"
"USC00478905","1947-05","45.3582","-86.891","209.1","WASHINGTON IS, WI US","","","0.0","2,6","","","","","","","","","1",",6","0","1,6","9","1,6","0","1,6","1","1,6","0","1,6","","","19470505",",1,6","","","19470529",",,6","","","","","19470512",",1,6","-2.8","1,6,05,","","","51",",,6,29,","","","26.7","1,6,12,","","","321.8","1,6","","","51",",,,6","7.17","2,6","12.20","1,,,6","2.15","1,,,6"
"USC00478905","1947-06","45.3582","-86.891","209.1","WASHINGTON IS, WI US","","","2.5","4,6","","","","","","","","","0",",6","0","2,6","0","2,6","0","2,6","12","2,6","0","2,6","","","19470604",",2,6","","","19470630","+,,6","","","","","19470629","+,2,6","1.1","2,6,04,","","","0",",,6,30,+","","","25.0","2,6,29,+","","","130.8","2,6","","","0",",,,6","13.45","4,6","19.50","2,,,6","7.40","2,,,6"
"USC00478905","1947-07","45.3582","-86.891","209.1","WASHINGTON IS, WI US","","","28.3","5,6","5",",6","5",",6","0",",6","","","","","0","3,6","0","3,6","0","3,6","24","3,6","0","3,6","","","19470722",",3,6","","","","","","","19470705",",,6","19470728","+,3,6","4.4","3,6,22,","","","","","14.5",",,6,05,","30.6","3,6,28,+","24.2","6","24.2","3,6","35.8",",,,6","","","18.81","5,6","25.27","3,,,6","12.34","3,,,6"
"USC00478905","1947-08","45.3582","-86.891","209.1","WASHINGTON IS, WI US","","","94.5","2,6","7",",6","7",",6","2",",6","","","0",",6","0",",6","0",",6","0","2,6","29","2,6","1","2,6","","","19470801",",,6","","","19470831","+,,6","","","19470819",",,6","19470823",",2,6","2.2",",6,01,","","","0",",,6,31,+","60.2",",,6,19,","32.8","2,6,23,","30.1","6","5.9","2,6","140.4",",,,6","0",",,,6","21.19","2,6","27.28","2,,,6","15.11",",,,6"
"USC00478905","1947-09","45.3582","-86.891","209.1","WASHINGTON IS, WI US","","","32.3","1,6","","","","","","","","","","","0","1,6","1","1,6","0",",6","16",",6","0",",6","","","19470927",",1,6","","","","","","","","","19470906",",,6","-0.6","1,6,27,","","","","","","","29.4",",6,06,","140.0","6","109.9",",6","","","","","15.64","1,6","21.04",",,,6","10.24","1,,,6"
"USC00478905","1947-10","45.3582","-86.891","209.1","WASHINGTON IS, WI US","","","0.8","2,6","3",",6","2",",6","0",",6","","","","","0","1,6","2","1,6","0","1,6","8","1,6","0","1,6","","","19471002",",1,6","","","","","","","19471008",",,6","19471015",",1,6","-5.0","1,6,02,","","","","","12.7",",,6,08,","25.0","1,6,15,","301.7","6","161.7","1,6","26.4",",,,6","","","12.76","2,6","18.71","1,,,6","6.80","1,,,6"
"USC00478905","1947-11","45.3582","-86.891","209.1","WASHINGTON IS, WI US","","","0.0","3,6","6","4,6","4","4,6","0","4,6","","","","","0","1,6","22","1,6","6","2,6","0","2,6","0","2,6","","","19471130",",1,6","","","","","","","19471107",",4,6","19471103",",2,6","-12.2","1,6,30,","","","","","21.3","4,,6,07,","15.0","2,6,03,","769.2","6","467.5","2,6","45.6","4,,,6","","","0.82","3,6","4.43","2,,,6","-2.79","1,,,6"
"USC00478905","1947-12","45.3582","-86.891","209.1","WASHINGTON IS, WI US","","","0.0","3,6","5",",6","2",",6","0",",6","26","3,6","2",",6","0",",6","31",",6","15","3,6","0","3,6","0","3,6","","","19471218",",,6","19471205","+,3,6","19471204",",,6","","","19471208",",,6","19471203","+,3,6","-15.0",",6,18,","51","3,,6,05,+","38",",,6,04,","6.6",",,6,08,","4.4","3,6,03,+","1384.0","6","614.8","3,6","17.5",",,,6","83",",,,6","-3.60","3,6","0.23","3,,,6","-7.42",",,,6"
"USC00478905","1948-01","45.3582","-86.891","209.1","WASHINGTON IS, WI US","","","","","5",",6","4",",6","0",",6","29","2,6","","","","","","","21","3,6","0","3,6","0","3,6","","","","","19480131","+,2,6","","","","","19480104",",,6","19480112",",3,6","","","229","2,,6,31,+","","","11.9",",,6,04,","2.8","3,6,12,","","","","","28.0",",,,6","","","","","-4.89","3,,,6","",""
"USC00478905","1948-02","45.3582","-86.891","209.1","WASHINGTON IS, WI US","","","0.0","2,6","4",",6","4",",6","0",",6","29",",6","","","12",",6","29",",6","17","2,6","0","2,6","0","2,6","","","19480210","+,,6","19480215","+,,6","","","","","19480228",",,6","19480216",",2,6","-23.9",",6,10,+","254",",,6,15,+","","","21.6",",,6,28,","6.7","2,6,16,","","","706.8","2,6","34.1",",,,6","","","-8.14","2,6","-2.20","2,,,6","-14.07",",,,6"
"USC00478905","1948-03","45.3582","-86.891","209.1","WASHINGTON IS, WI US","","","","","5",",6","5",",6","0",",6","23","4,6","1",",6","","","","","11","1,6","0","1,6","0","1,6","","","","","19480307",",4,6","19480307",",,6","","","19480319",",,6","19480327",",1,6","","","381","4,,6,07,","51",",,6,07,","18.3",",,6,19,","12.8","1,6,27,","","","","","53.1",",,,6","51",",,,6","","","2.56","1,,,6","",""
"USC00478905","1948-04","45.3582","-86.891","209.1","WASHINGTON IS, WI US","","","0.0","2,6","8",",6","8",",6","0",",6","","","0",",6","0","1,6","17","1,6","0","1,6","0","1,6","0","1,6","","","19480403",",1,6","","","19480408",",,6","","","19480423",",,6","19480427",",1,6","-10.6","1,6,03,","","","0",",T,6,08,","17.8",",,6,23,","18.3","1,6,27,","","","382.1","1,6","67.3",",,,6","0",",T,,6","4.85","2,6","10.90","1,,,6","-1.20","1,,,6"
"USC00478905","1948-05","45.3582","-86.891","209.1","WASHINGTON IS, WI US","","","0.0","2,6","4",",6","4",",6","1",",6","","","","","0","2,6","6","2,6","0",",6","6",",6","0",",6","","","19480525",",2,6","","","","","","","19480506",",,6","19480520",",,6","-2.2","2,6,25,","","","","","28.7",",,6,06,","26.7",",6,20,","","","257.2",",6","43.0",",,,6","","","9.38","2,6","16.02",",,,6","2.74","2,,,6"
"USC00478905","1948-06","45.3582","-86.891","209.1","WASHINGTON IS, WI US","","","6.4",",0","9",",0","9",",0","0",",0","0",",0","0",",0","0",",0","1",",0","0",",0","18",",0","0",",0","3","","19480606",",,0","19480630","+,,0","19480630","+,,0","1","","19480623","+,,0","19480601",",,0","-1.1",",0,06,","0",",,0,30,+","0",",,0,30,+","13.7",",,0,23,+","31.1",",0,01,","","","92.2",",0","68.0",",,,0","0",",,,0","15.47",",0","22.11",",,,0","8.84",",,,0"
"USC00478905","1948-07","45.3582","-86.891","209.1","WASHINGTON IS, WI US","","","57.8",",0","8",",0","6",",0","1",",0","0",",0","0",",0","0",",0","0",",0","0",",0","28",",0","1",",0","1","","19480701",",,0","19480731","+,,0","19480731","+,,0","1","","19480721",",,0","19480709",",,0","4.4",",0,01,","0",",,0,31,+","0",",,0,31,+","40.6",",,0,21,","32.8",",0,09,","19.8","0","19.8",",0","93.9",",,,0","0",",,,0","19.56",",0","26.13",",,,0","12.99",",,,0"
"USC00478905","1948-08","45.3582","-86.891","209.1","WASHINGTON IS, WI US","","","52.7",",0","6",",0","4",",0","2",",0","0",",0","0",",0","0",",0","0",",0","0",",0","31",",0","0",",0","","","19480814","+,,0","19480831","+,,0","19480831","+,,0","3","","19480821",",,0","19480824",",,0","7.8",",0,14,+","0",",,0,31,+","0",",,0,31,+","49.5",",,0,21,","30.6",",0,24,","32.8","0","13.0",",0","92.5",",,,0","0",",,,0","19.61",",0","25.71",",,,0","13.51",",,,0"
"USC00478905","1948-09","45.3582","-86.891","209.1","WASHINGTON IS, WI US","","","26.2",",0","3",",0","3",",0","0",",0","0",",0","0",",0","0",",0","0",",0","0",",0","23",",0","0",",0","","","19480927",",,0","19480930","+,,0","19480930","+,,0","2","","19480901",",,0","19480904",",,0","3.9",",0,27,","0",",,0,30,+","0",",,0,30,+","20.1",",,0,01,","29.4",",0,04,","101.2","0","68.4",",0","27.5",",,,0","0",",,,0","16.93",",0","23.04",",,,0","10.82",",,,0"
"USC00478905","1948-10","45.3582","-86.891","209.1","WASHINGTON IS, WI US","","","0.0",",0","7",",0","6",",0","0",",0","0",",0","0",",0","0",",0","7",",0","0",",0","0",",0","0",",0","1","","19481018",",,0","19481031","+,,0","19481031","+,,0","","","19481007",",,0","19481027",",,0","-6.1",",0,18,","0",",,0,31,+","0",",,0,31,+","10.2",",,0,07,","20.6",",0,27,","403.2","0","302.0",",0","38.8",",,,0","0",",,,0","8.59",",0","13.89",",,,0","3.29",",,,0"
"USC00478905","1948-11","45.3582","-86.891","209.1","WASHINGTON IS, WI US","","","0.0",",0","12",",0","12",",0","2",",0","","","0",",0","0",",0","13",",0","0",",0","0",",0","0",",0","3","","19481114",",,0","","","19481130","+,,0","","","19481117",",,0","19481101",",,0","-6.7",",0,14,","","","0",",T,0,30,+","42.9",",,0,17,","16.7",",0,01,","827.8","0","424.6",",0","155.6",",,,0","0",",T,,0","4.18",",0","7.04",",,,0","1.31",",,,0"
"USC00478905","1948-12","45.3582","-86.891","209.1","WASHINGTON IS, WI US","","","0.0",",0","5",",0","5",",0","0",",0","13",",0","1","2,0","0",",0","30",",0","12",",0","0",",0","0",",0","","","19481231",",,0","19481229",",,0","19481229",",2,0","","","19481221",",,0","19481205",",,0","-16.1",",0,31,","203",",,0,29,","89","2,,0,29,","9.1",",,0,21,","8.9",",0,05,","1496.8","0","669.0",",0","30.2",",,,0","102","2,,,0","-3.25",",0","1.15",",,,0","-7.64",",,,0"
"USC00478905","1949-01","45.3582","-86.891","209.1","WASHINGTON IS, WI US","0.0","0","0.0",",0","","","","","","","27",",0","4",",0","4",",0","31",",0","19",",0","0",",0","0",",0","","","19490130",",,0","19490131","+,,0","19490127",",,0","","","","","19490116",",,0","-24.4",",0,30,","254",",,0,31,+","152",",,0,27,","","","6.1",",0,16,","2229.3","0","732.5",",0","54.6","1,a,,0","356",",,,0","-5.30",",0","-0.77",",,,0","-9.82",",,,0"
"USC00478905","1949-02","45.3582","-86.891","209.1","WASHINGTON IS, WI US","0.0","0","0.0","1,0","4",",0","4",",0","0",",0","27","1,0","0","3,0","3","1,0","27","1,0","16","1,0","0","1,0","0","1,0","","","19490217","+,1,0","19490217","+,1,0","19490227","+,3,0","","","19490215",",,0","19490218",",1,0","-21.1","1,0,17,+","406","1,,0,17,+","0","3,T,0,27,+","11.7",",,0,15,","7.8","1,0,18,","2880.1","0","650.8","1,0","24.9",",,,0","0","3,T,,0","-5.77","1,0","-0.41","1,,,0","-11.13","1,,,0"
"USC00478905","1949-03","45.3582","-86.891","209.1","WASHINGTON IS, WI US","0.0","0","0.0",",0","4",",0","3",",0","0",",0","24","1,0","0","1,0","0",",0","29",",0","10",",0","0",",0","0",",0","","","19490317",",,0","19490303","+,1,0","19490321","+,1,0","","","19490322",",,0","19490328",",,0","-17.2",",0,17,","203","1,,0,03,+","0","1,T,0,21,+","21.6",",,0,22,","11.1",",0,28,","3514.6","0","634.5",",0","48.5",",,,0","0","1,T,,0","-2.13",",0","2.59",",,,0","-6.86",",,,0"
"USC00478905","1949-04","45.3582","-86.891","209.1","WASHINGTON IS, WI US","0.0","0","0.0",",0","4",",0","2",",0","0",",0","0",",0","0",",0","0",",0","19",",0","0",",0","1",",0","0",",0","","","19490410",",,0","19490430","+,,0","19490415",",,0","","","19490426",",,0","19490430",",,0","-8.3",",0,10,","0",",,0,30,+","13",",,0,15,","21.1",",,0,26,","21.7",",0,30,","3901.4","0","386.8",",0","31.3",",,,0","13",",,,0","5.44",",0","11.81",",,,0","-0.93",",,,0"
"USC00478905","1949-05","45.3582","-86.891","209.1","WASHINGTON IS, WI US","0.0","0","0.0",",0","9",",0","6",",0","0",",0","0",",0","0",",0","0",",0","9",",0","0",",0","4",",0","0",",0","","","19490528",",,0","19490531","+,,0","19490531","+,,0","","","19490518",",,0","19490505",",,0","-2.8",",0,28,","0",",,0,31,+","0",",,0,31,+","19.8",",,0,18,","27.8",",0,05,","4168.1","0","266.7",",0","61.2",",,,0","0",",,,0","9.73",",0","16.64",",,,0","2.82",",,,0"
"USC00478905","1949-06","45.3582","-86.891","209.1","WASHINGTON IS, WI US","30.6","0","30.6",",0","8",",0","7",",0","0",",0","0",",0","0",",0","0",",0","1",",0","0",",0","23",",0","0",",0","2","","19490608",",,0","19490630","+,,0","19490630","+,,0","6","","19490614",",,0","19490625",",,0","-3.3",",0,08,","0",",,0,30,+","0",",,0,30,+","24.1",",,0,14,","30.0",",0,25,","4221.7","0","53.6",",0","85.7",",,,0","0",",,,0","17.57",",0","24.00",",,,0","11.13",",,,0"
"USC00478905","1949-07","45.3582","-86.891","209.1","WASHINGTON IS, WI US","116.5","0","85.9",",0","12",",0","8",",0","1",",0","0",",0","0",",0","0",",0","0",",0","0",",0","31",",0","0",",0","","","19490723",",,0","19490731","+,,0","19490731","+,,0","","","19490704",",,0","19490703",",,0","6.7",",0,23,","0",",,0,31,+","0",",,0,31,+","37.1",",,0,04,","31.7",",0,03,","8.9","0","8.9",",0","113.5",",,,0","0",",,,0","20.82",",0","26.54",",,,0","15.09",",,,0"
"USC00478905","1949-08","45.3582","-86.891","209.1","WASHINGTON IS, WI US","183.4","0","66.9",",0","8",",0","6",",0","0",",0","0",",0","0",",0","0",",0","0",",0","0",",0","30",",0","2",",0","","","19490821","+,,0","19490831","+,,0","19490831","+,,0","1","","19490817",",,0","19490809","+,,0","7.8",",0,21,+","0",",,0,31,+","0",",,0,31,+","15.2",",,0,17,","33.3",",0,09,+","23.2","0","14.3",",0","43.5",",,,0","0",",,,0","20.03",",0","25.86",",,,0","14.20",",,,0"
"USC00478905","1949-09","45.3582","-86.891","209.1","WASHINGTON IS, WI US","184.0","0","0.6",",0","6",",0","5",",0","0",",0","0",",0","0",",0","0",",0","1",",0","0",",0","8",",0","0",",0","1","","19490929",",,0","19490930","+,,0","19490930","+,,0","","","19490907",",,0","19490918","+,,0","-2.2",",0,29,","0",",,0,30,+","0",",,0,30,+","15.7",",,0,07,","24.4",",0,18,+","170.9","0","147.7",",0","36.5",",,,0","0",",,,0","13.43",",0","18.89",",,,0","7.97",",,,0"
"USC00478905","1949-10","45.3582","-86.891","209.1","WASHINGTON IS, WI US","184.0","0","0.0",",0","6",",0","4",",0","0",",0","0",",0","0",",0","0",",0","7",",0","0",",0","3",",0","0",",0","2","","19491027",",,0","19491031","+,,0","19491031","+,,0","","","19491022",",,0","19491010","+,,0","-6.1",",0,27,","0",",,0,31,+","0",",,0,31,+","20.3",",,0,22,","21.1",",0,10,+","426.6","0","255.7",",0","39.7",",,,0","0",",,,0","10.08",",0","15.60",",,,0","4.57",",,,0"
"USC00478905","1949-11","45.3582","-86.891","209.1","WASHINGTON IS, WI US","184.0","0","0.0",",0","8",",0","6",",0","0",",0","5",",0","2",",0","0",",0","24",",0","4",",0","0",",0","0",",0","","","19491126","+,,0","19491127",",,0","19491126",",,0","","","19491112",",,0","19491107",",,0","-10.6",",0,26,+","178",",,0,27,","102",",,0,26,","23.9",",,0,12,","17.8",",0,07,","934.2","0","507.6",",0","57.6",",,,0","186",",,,0","1.41",",0","5.71",",,,0","-2.89",",,,0"
"USC00478905","1949-12","45.3582","-86.891","209.1","WASHINGTON IS, WI US","184.0","0","0.0",",0","4",",0","3",",0","0",",0","15","1,0","2",",0","0",",0","31",",0","15",",0","0",",0","0",",0","1","","19491214",",,0","19491209","+,1,0","19491207",",,0","","","19491211",",,0","19491212","+,,0","-16.7",",0,14,","102","1,,0,09,+","102",",,0,07,","8.4",",,0,11,","8.3",",0,12,+","1623.8","0","689.6",",0","21.8",",,,0","178",",,,0","-3.91",",0","0.53",",,,0","-8.35",",,,0"
"USC00478905","1950-01","45.3582","-86.891","209.1","WASHINGTON IS, WI US","0.0","0","0.0",",0","13",",0","9",",0","0",",0","25",",0","5",",0","10",",0","30",",0","17",",0","0",",0","0",",0","3","","19500131","+,,0","19500123",",,0","19500123","+,,0","","","19500125",",,0","19500101",",,0","-27.2",",0,31,+","152",",,0,23,","51",",,0,23,+","23.9",",,0,25,","7.8",",0,01,","2441.0","0","817.2",",0","68.1",",,,0","229",",,,0","-8.03",",0","-1.62",",,,0","-14.44",",,,0"
"USC00478905","1950-02","45.3582","-86.891","209.1","WASHINGTON IS, WI US","0.0","0","0.0",",0","3",",0","3",",0","0",",0","28",",0","2",",0","3",",0","28",",0","20",",0","0",",0","0",",0","","","19500225",",,0","19500227","+,,0","19500214",",,0","","","19500214",",,0","19500228",",,0","-24.4",",0,25,","381",",,0,27,+","229",",,0,14,","10.2",",,0,14,","4.4",",0,28,","3149.0","0","708.0",",0","18.3",",,,0","267",",,,0","-6.95",",0","-1.75",",,,0","-12.15",",,,0"
"USC00478905","1950-03","45.3582","-86.891","209.1","WASHINGTON IS, WI US","0.0","0","0.0",",0","6",",0","5",",0","1",",0","31",",0","2",",0","2",",0","31",",0","14",",0","0",",0","0",",0","","","19500314","+,,0","19500303","+,,0","19500317",",,0","","","19500327",",,0","19500307",",,0","-17.8",",0,14,+","356",",,0,03,+","102",",,0,17,","30.5",",,0,27,","8.3",",0,07,","3855.4","0","706.4",",0","62.5",",,,0","191",",,,0","-4.45",",0","0.91",",,,0","-9.82",",,,0"
"USC00478905","1950-04","45.3582","-86.891","209.1","WASHINGTON IS, WI US","0.0","0","0.0",",0","9",",0","6",",0","0",",0","9",",0","1",",0","0",",0","29",",0","2",",0","0",",0","0",",0","1","","19500408",",,0","19500402",",,0","19500402",",,0","","","19500411",",,0","19500417",",,0","-13.3",",0,08,","152",",,0,02,","64",",,0,02,","20.1",",,0,11,","16.1",",0,17,","4396.9","0","541.5",",0","67.1",",,,0","64",",,,0","0.28",",0","5.11",",,,0","-4.54",",,,0"
"USC00478905","1950-05","45.3582","-86.891","209.1","WASHINGTON IS, WI US","0.0","0","0.0",",0","5",",0","3",",0","0",",0","0",",0","0",",0","0",",0","10",",0","0",",0","5",",0","0",",0","","","19500508",",,0","19500531","+,,0","19500531","+,,0","","","19500531",",,0","19500528","+,,0","-6.7",",0,08,","0",",,0,31,+","0",",,0,31,+","20.1",",,0,31,","22.8",",0,28,+","4694.7","0","297.8",",0","40.2",",,,0","0",",,,0","8.73",",0","15.73",",,,0","1.72",",,,0"
"USC00478905","1950-06","45.3582","-86.891","209.1","WASHINGTON IS, WI US","3.6","0","3.6",",0","10",",0","8",",0","0",",0","0",",0","0",",0","0",",0","1",",0","0",",0","19",",0","0",",0","1","","19500621",",,0","19500630","+,,0","19500630","+,,0","4","","19500624",",,0","19500623",",,0","0.0",",0,21,","0",",,0,30,+","0",",,0,30,+","19.8",",,0,24,","27.2",",0,23,","4811.3","0","116.6",",0","69.7",",,,0","0",",,,0","14.57",",0","21.54",",,,0","7.59",",,,0"
"USC00478905","1950-07","45.3582","-86.891","209.1","WASHINGTON IS, WI US","22.0","0","18.4",",0","11",",0","10",",0","1",",0","0",",0","0",",0","0",",0","0",",0","0",",0","26",",0","0",",0","","","19500717","+,,0","19500731","+,,0","19500730",",,0","2","","19500730",",,0","19500729","+,,0","2.2",",0,17,+","0",",,0,31,+","0",",T,0,30,","74.7",",,0,30,","29.4",",0,29,+","55.0","0","55.0",",0","139.7",",,,0","0",",T,,0","17.15",",0","24.12",",,,0","10.18",",,,0"
"USC00478905","1950-08","45.3582","-86.891","209.1","WASHINGTON IS, WI US","25.6","0","3.6",",0","9",",0","6",",0","0",",0","0",",0","0",",0","0",",0","1",",0","0",",0","18",",0","0",",0","2","","19500822",",,0","19500831","+,,0","19500831","+,,0","1","","19500828",",,0","19500815",",,0","0.0",",0,22,","0",",,0,31,+","0",",,0,31,+","10.9",",,0,28,","27.2",",0,15,","160.0","0","105.0",",0","49.5",",,,0","0",",,,0","15.06",",0","21.38",",,,0","8.75",",,,0"
"USC00478905","1950-09","45.3582","-86.891","209.1","WASHINGTON IS, WI US","25.6","0","0.0",",0","9",",0","7",",0","1",",0","0",",0","0",",0","0",",0","1",",0","0",",0","10",",0","0",",0","4","","19500924",",,0","19500930","+,,0","19500930","+,,0","1","","19500918",",,0","19500901",",,0","0.0",",0,24,","0",",,0,30,+","0",",,0,30,+","31.2",",,0,18,","25.6",",0,01,","298.7","0","138.7",",0","94.5",",,,0","0",",,,0","13.71",",0","19.17",",,,0","8.25",",,,0"
"USC00478905","1950-10","45.3582","-86.891","209.1","WASHINGTON IS, WI US","25.6","0","0.0",",0","4",",0","4",",0","1",",0","0",",0","0",",0","0",",0","1",",0","0",",0","1",",0","0",",0","1","","19501026",",,0","19501031","+,,0","19501031","+,,0","","","19501007",",,0","19501001",",,0","-2.2",",0,26,","0",",,0,31,+","0",",,0,31,+","30.7",",,0,07,","21.1",",0,01,","542.8","0","244.1",",0","48.9",",,,0","0",",,,0","10.46",",0","14.61",",,,0","6.31",",,,0"
"USC00478905","1950-11","45.3582","-86.891","209.1","WASHINGTON IS, WI US","25.6","0","0.0","1,0","6",",0","6",",0","0",",0","9",",0","4",",0","0",",0","23",",0","6","1,0","0","1,0","0","1,0","1","","19501123",",,0","19501130","+,,0","19501126",",,0","","","19501115",",,0","19501115",",1,0","-17.2",",0,23,","127",",,0,30,+","51",",,0,26,","14.7",",,0,15,","10.0","1,0,15,","1074.0","0","531.2","1,0","44.4",",,,0","126",",,,0","0.13","1,0","3.21","1,,,0","-2.96",",,,0"
"USC00478905","1950-12","45.3582","-86.891","209.1","WASHINGTON IS, WI US","25.6","0","0.0","2,0","7",",0","6",",0","0",",0","31",",0","4",",0","1","2,0","28","2,0","22",",0","0",",0","0",",0","1","","19501227",",2,0","19501231","+,,0","19501222","+,,0","","","19501207",",,0","19501208","+,,0","-17.8","2,0,27,","152",",,0,31,+","64",",,0,22,+","18.0",",,0,07,","3.3",",0,08,+","1766.4","0","692.4",",0","51.4",",,,0","217",",,,0","-5.54","2,0","-2.54",",,,0","-8.54","2,,,0"
"USC00478905","1951-01","45.3582","-86.891","209.1","WASHINGTON IS, WI US","0.0","0","0.0",",0","5",",0","4",",0","0",",0","31",",0","5",",0","6",",0","31",",0","20",",0","0",",0","0",",0","","","19510130",",,0","19510131","+,,0","19510123","+,,0","","","19510123",",,0","19510118",",,0","-27.8",",0,30,","229",",,0,31,+","51",",,0,23,+","6.4",",,0,23,","5.0",",0,18,","2563.7","0","797.3",",0","16.7",",,,0","177",",,,0","-7.39",",0","-3.47",",,,0","-11.30",",,,0"
"USC00478905","1951-02","45.3582","-86.891","209.1","WASHINGTON IS, WI US","0.0","0","0.0",",0","5",",0","5",",0","0",",0","27","1,0","2",",0","7",",0","27",",0","14",",0","0",",0","0",",0","6","","19510209",",,0","19510210",",1,0","19510206",",,0","","","19510226",",,0","19510226",",,0","-25.0",",0,09,","305","1,,0,10,","51",",,0,06,","22.6",",,0,26,","4.4",",0,26,","3242.2","0","678.5",",0","37.5",",,,0","76",",,,0","-5.90",",0","-1.55",",,,0","-10.24",",,,0"
"USC00478905","1951-03","45.3582","-86.891","209.1","WASHINGTON IS, WI US","0.0","0","0.0",",0","5","2,0","5","2,0","1","2,0","30","1,0","1","1,0","0",",0","25",",0","7",",0","0",",0","0",",0","3","","19510322",",,0","19510325","+,1,0","19510318",",1,0","","","19510329",",2,0","19510327",",,0","-15.0",",0,22,","279","1,,0,25,+","25","1,,0,18,","27.7","2,,0,29,","9.4",",0,27,","3863.8","0","621.6",",0","80.1",",a,,0","127","1,a,,0","-1.72",",0","2.19",",,,0","-5.63",",,,0"
"USC00478905","1951-04","45.3582","-86.891","209.1","WASHINGTON IS, WI US","0.0","0","0.0",",0","12",",0","8",",0","0",",0","4",",0","0",",0","0",",0","17",",0","0",",0","1",",0","0",",0","1","","19510420",",,0","19510402","+,,0","19510418","+,,0","","","19510413",",,0","19510428",",,0","-5.0",",0,20,","76",",,0,02,+","0",",T,0,18,+","18.0",",,0,13,","25.0",",0,28,","4266.9","0","403.1",",0","63.5",",,,0","0",",T,,0","4.90",",0","9.40",",,,0","0.39",",,,0"
"USC00478905","1951-05","45.3582","-86.891","209.1","WASHINGTON IS, WI US","0.6","0","0.6",",0","5",",0","4",",0","0",",0","0",",0","0",",0","0",",0","1",",0","0",",0","10",",0","0",",0","1","","19510513",",,0","19510531","+,,0","19510531","+,,0","","","19510516",",,0","19510524",",,0","-4.4",",0,13,","0",",,0,31,+","0",",,0,31,+","13.2",",,0,16,","27.8",",0,24,","4456.8","0","189.9",",0","30.0",",,,0","0",",,,0","12.23",",0","18.40",",,,0","6.05",",,,0"
"USC00478905","1951-06","45.3582","-86.891","209.1","WASHINGTON IS, WI US","0.6","0","0.0",",0","6",",0","6",",0","0",",0","0",",0","0",",0","0",",0","2",",0","0",",0","14",",0","0",",0","5","","19510606","+,,0","19510630","+,,0","19510630","+,,0","1","","19510624",",,0","19510616",",,0","-0.6",",0,06,+","0",",,0,30,+","0",",,0,30,+","21.6",",,0,24,","26.7",",0,16,","4569.4","0","112.6",",0","71.7",",,,0","0",",,,0","14.58",",0","20.54",",,,0","8.62",",,,0"
"USC00478905","1951-07","45.3582","-86.891","209.1","WASHINGTON IS, WI US","44.5","0","43.9",",0","10",",0","9",",0","5",",0","0",",0","0",",0","0",",0","0",",0","0",",0","25",",0","0",",0","","","19510712","+,,0","19510731","+,,0","19510731","+,,0","2","","19510704",",,0","19510715",",,0","9.4",",0,12,+","0",",,0,31,+","0",",,0,31,+","64.0",",,0,04,","31.7",",0,15,","24.7","0","24.7",",0","256.7",",,,0","0",",,,0","18.95",",0","24.88",",,,0","13.02",",,,0"
"USC00478905","1951-08","45.3582","-86.891","209.1","WASHINGTON IS, WI US","60.7","0","16.2",",0","8",",0","8",",0","1",",0","0",",0","0",",0","0",",0","0",",0","0",",0","19",",0","0",",0","3","","19510823",",,0","19510831","+,,0","19510831","+,,0","","","19510831",",,0","19510802",",,0","3.9",",0,23,","0",",,0,31,+","0",",,0,31,+","30.0",",,0,31,","26.7",",0,02,","76.5","0","51.8",",0","69.1",",,,0","0",",,,0","17.18",",0","22.08",",,,0","12.29",",,,0"
"USC00478905","1951-09","45.3582","-86.891","209.1","WASHINGTON IS, WI US","62.4","0","1.7",",0","8",",0","7",",0","1",",0","0",",0","0",",0","0",",0","1",",0","0",",0","5",",0","0",",0","","","19510929",",,0","19510930","+,,0","19510930","+,,0","","","19510913",",,0","19510904",",,0","-1.1",",0,29,","0",",,0,30,+","0",",,0,30,+","36.6",",,0,13,","26.1",",0,04,","223.4","0","146.9",",0","94.0",",,,0","0",",,,0","13.49",",0","18.33",",,,0","8.65",",,,0"
"USC00478905","1951-10","45.3582","-86.891","209.1","WASHINGTON IS, WI US","62.4","0","0.0","1,0","7","2,0","7","2,0","2","2,0","0",",0","0",",0","0",",0","5",",0","0","1,0","0","1,0","0","1,0","2","","19511025",",,0","19511031","+,,0","19511031","+,,0","1","","19511018",",2,0","19511015",",1,0","-2.8",",0,25,","0",",,0,31,+","0",",,0,31,+","31.0","2,,0,18,","18.9","1,0,15,","507.8","0","284.4","1,0","108.1",",a,,0","0",",,,0","8.73","1,0","12.52","1,,,0","4.95",",,,0"
"USC00478905","1951-11","45.3582","-86.891","209.1","WASHINGTON IS, WI US","62.4","0","0.0",",0","5",",0","5",",0","0",",0","7",",0","1",",0","0",",0","27",",0","8",",0","0",",0","0",",0","1","","19511105",",,0","19511106","+,,0","19511103",",,0","","","19511113",",,0","19511114","+,,0","-16.7",",0,05,","76",",,0,06,+","76",",,0,03,","18.8",",,0,13,","9.4",",0,14,+","1090.1","0","582.3",",0","42.1",",,,0","76",",,,0","-1.08",",0","2.70",",,,0","-4.86",",,,0"
"USC00478905","1951-12","45.3582","-86.891","209.1","WASHINGTON IS, WI US","62.4","0","0.0","1,0","7",",0","5",",0","0",",0","14",",0","5",",0","2","1,0","25","1,0","17",",0","0",",0","0",",0","3","","19511216",",1,0","19511228",",,0","19511220",",,0","1","","19511220",",,0","19511204","+,,0","-18.9","1,0,16,","305",",,0,28,","127",",,0,20,","8.9",",,0,20,","10.0",",0,04,+","1776.3","0","686.2",",0","29.9",",,,0","305",",,,0","-4.66","1,0","-1.52",",,,0","-7.81","1,,,0"
"USC00478905","1952-01","45.3582","-86.891","209.1","WASHINGTON IS, WI US","0.0","0","0.0",",0","8",",0","8",",0","0",",0","31",",0","5",",0","4",",0","31",",0","19",",0","0",",0","0",",0","1","","19520129",",,0","19520130","+,,0","19520122",",,0","","","19520118",",,0","19520115","+,,0","-22.2",",0,29,","279",",,0,30,+","127",",,0,22,","11.4",",,0,18,","4.4",",0,15,+","2530.8","0","754.5",",0","50.7",",,,0","292",",,,0","-6.01",",0","-1.58",",,,0","-10.43",",,,0"
"USC00478905","1952-02","45.3582","-86.891","209.1","WASHINGTON IS, WI US","0.0","0","0.0",",0","2",",0","1",",0","0",",0","29",",0","1",",0","0",",0","28",",0","14",",0","0",",0","0",",0","","","19520223",",,0","19520229","+,,0","19520220",",,0","","","19520228",",,0","19520201",",,0","-16.1",",0,23,","254",",,0,29,+","25",",,0,20,","5.3",",,0,28,","4.4",",0,01,","3171.5","0","640.7",",0","7.1",",,,0","25",",,,0","-3.76",",0","0.37",",,,0","-7.89",",,,0"
"USC00478905","1952-03","45.3582","-86.891","209.1","WASHINGTON IS, WI US","0.0","0","0.0",",0","7",",0","4",",0","0",",0","31",",0","3",",0","0",",0","30",",0","6",",0","0",",0","0",",0","3","","19520308",",,0","19520310",",,0","19520323",",,0","","","19520331",",,0","19520331",",,0","-14.4",",0,08,","305",",,0,10,","76",",,0,23,","20.1",",,0,31,","6.1",",0,31,","3820.2","0","648.7",",0","63.5",",,,0","126",",,,0","-2.59",",0","1.66",",,,0","-6.84",",,,0"
"USC00478905","1952-04","45.3582","-86.891","209.1","WASHINGTON IS, WI US","0.0","0","0.0",",0","3",",0","3",",0","0",",0","3",",0","0",",0","0",",0","17",",0","0",",0","7",",0","0",",0","","","19520411",",,0","19520402","+,,0","19520414","+,,0","","","19520413",",,0","19520429",",,0","-10.6",",0,11,","76",",,0,02,+","0",",T,0,14,+","10.2",",,0,13,","25.0",",0,29,","4176.3","0","356.1",",0","18.6",",,,0","0",",T,,0","6.46",",0","12.71",",,,0","0.22",",,,0"
"USC00478905","1952-05","45.3582","-86.891","209.1","WASHINGTON IS, WI US","0.0","0","0.0",",0","8",",0","8",",0","0",",0","0",",0","0",",0","0",",0","3",",0","0",",0","7",",0","0",",0","3","","19520503",",,0","19520531","+,,0","19520531","+,,0","","","19520530",",,0","19520505",",,0","-3.3",",0,03,","0",",,0,31,+","0",",,0,31,+","20.6",",,0,30,","25.0",",0,05,","4398.4","0","222.1",",0","80.9",",,,0","0",",,,0","11.17",",0","17.55",",,,0","4.79",",,,0"
"USC00478905","1952-06","45.3582","-86.891","209.1","WASHINGTON IS, WI US","14.0","0","14.0",",0","7",",0","7",",0","0",",0","0",",0","0",",0","0",",0","0",",0","0",",0","15",",0","0",",0","1","","19520602",",,0","19520630","+,,0","19520630","+,,0","5","","19520625",",,0","19520606",",,0","2.8",",0,02,","0",",,0,30,+","0",",,0,30,+","20.6",",,0,25,","30.6",",0,06,","4474.1","0","75.7",",0","77.7",",,,0","0",",,,0","16.28",",0","22.18",",,,0","10.38",",,,0"
"USC00478905","1952-07","45.3582","-86.891","209.1","WASHINGTON IS, WI US","80.1","0","66.1",",0","11",",0","10",",0","2",",0","0",",0","0",",0","0",",0","0",",0","0",",0","29",",0","0",",0","","","19520729",",,0","19520731","+,,0","19520726",",,0","7","","19520722",",,0","19520727","+,,0","4.4",",0,29,","0",",,0,31,+","0",",T,0,26,","36.3",",,0,22,","29.4",",0,27,+","19.5","0","19.5",",0","166.0",",,,0","0",",T,,0","19.84",",0","25.45",",,,0","14.22",",,,0"
"USC00478905","1952-08","45.3582","-86.891","209.1","WASHINGTON IS, WI US","115.9","0","35.8","1,0","7",",0","7",",0","0",",0","0",",0","0",",0","0","1,0","0","1,0","0",",0","29",",0","0",",0","","","19520823",",1,0","19520831","+,,0","19520831","+,,0","3","","19520809",",,0","19520815",",,0","5.6","1,0,23,","0",",,0,31,+","0",",,0,31,+","16.3",",,0,09,","28.9",",0,15,","41.2","0","21.7",",0","83.8",",,,0","0",",,,0","18.79","1,0","23.88",",,,0","13.70","1,,,0"
"USC00478905","1952-09","45.3582","-86.891","209.1","WASHINGTON IS, WI US","130.2","0","14.3",",0","4",",0","3",",0","0",",0","0",",0","0",",0","0",",0","0",",0","0",",0","10",",0","0",",0","","","19520924",",,0","19520930","+,,0","19520930","+,,0","","","19520922",",,0","19520911",",,0","1.7",",0,24,","0",",,0,30,+","0",",,0,30,+","22.1",",,0,22,","29.4",",0,11,","154.1","0","112.9",",0","32.8",",,,0","0",",,,0","15.05",",0","20.61",",,,0","9.49",",,,0"
"USC00478905","1952-10","45.3582","-86.891","209.1","WASHINGTON IS, WI US","130.2","0","0.0",",0","0",",0","0",",0","0",",0","0",",0","0",",0","0",",0","13",",0","0",",0","0",",0","0",",0","1","","19521018",",,0","19521031","+,,0","19521019",",,0","","","19521019","+,,0","19521023",",,0","-5.0",",0,18,","0",",,0,31,+","0",",T,0,19,","0.0",",T,0,19,+","19.4",",0,23,","503.9","0","349.8",",0","0.0",",T,,0","0",",T,,0","7.05",",0","12.25",",,,0","1.85",",,,0"
"USC00478905","1952-11","45.3582","-86.891","209.1","WASHINGTON IS, WI US","130.2","0","0.0",",0","6",",0","6",",0","0",",0","0",",0","0","1,0","0",",0","16",",0","3",",0","0",",0","0",",0","2","","19521129","+,,0","19521129","+,,0","19521130","+,1,0","1","","19521126",",,0","19521101",",,0","-8.3",",0,29,+","0",",T,0,29,+","0","1,,0,30,+","21.1",",,0,26,","14.4",",0,01,","951.4","0","447.5",",0","64.7",",,,0","0","1,,,0","3.42",",0","7.19",",,,0","-0.35",",,,0"
"USC00478905","1952-12","45.3582","-86.891","209.1","WASHINGTON IS, WI US","130.2","0","0.0",",0","6",",0","5",",0","0",",0","5",",0","1",",0","0",",0","26",",0","8",",0","0",",0","0",",0","3","","19521227","+,,0","19521203","+,,0","19521202",",,0","","","19521223",",,0","19521209",",,0","-11.7",",0,27,+","51",",,0,03,+","38",",,0,02,","6.4",",,0,23,","8.3",",0,09,","1535.3","0","583.9",",0","28.7",",,,0","38",",,,0","-0.50",",0","2.42",",,,0","-3.42",",,,0"
"USC00478905","1953-01","45.3582","-86.891","209.1","WASHINGTON IS, WI US","0.0","0","0.0",",0","4",",0","4",",0","0",",0","","","1","1,0","1",",0","30",",0","17",",0","0",",0","0",",0","1","","19530107",",,0","","","19530118",",1,0","","","19530115",",,0","19530115",",,0","-17.8",",0,07,","","","25","1,,0,18,","19.1",",,0,15,","5.6",",0,15,","2222.0","0","686.7",",0","35.3",",,,0","25","1,,,0","-3.82",",0","-0.64",",,,0","-7.00",",,,0"
"USC00478905","1953-02","45.3582","-86.891","209.1","WASHINGTON IS, WI US","0.0","0","0.0","4,0","6",",0","6",",0","0",",0","27","1,0","3","3,0","0","4,0","24","4,0","16",",0","0",",0","0",",0","1","","19530216",",4,0","19530223","+,1,0","19530211",",3,0","","","19530206",",,0","19530205","+,,0","-17.2","4,0,16,","229","1,,0,23,+","127","3,,0,11,","23.1",",,0,06,","4.4",",0,05,+","2773.3","0","551.3",",0","59.1",",,,0","203","3,,,0","-4.72","4,0","-0.41",",,,0","-9.04","4,,,0"
"USC00478905","1953-03","45.3582","-86.891","209.1","WASHINGTON IS, WI US","0.0","0","0.0",",0","4",",0","4",",0","0",",0","17",",0","0",",0","0",",0","25",",0","8",",0","0",",0","0",",0","2","","19530308",",,0","19530310","+,,0","19530325","+,,0","","","19530315",",,0","19530322",",,0","-15.0",",0,08,","178",",,0,10,+","0",",T,0,25,+","17.0",",,0,15,","12.8",",0,22,","3343.7","0","570.4",",0","39.6",",,,0","0",",T,,0","-0.07",",0","3.51",",,,0","-3.64",",,,0"
"USC00478905","1953-04","45.3582","-86.891","209.1","WASHINGTON IS, WI US","0.0","0","0.0",",0","9",",0","8",",0","0",",0","0",",0","0",",0","0",",0","21",",0","0",",0","1",",0","0",",0","","","19530414",",,0","19530430","+,,0","19530404",",,0","","","19530415",",,0","19530422",",,0","-8.3",",0,14,","0",",,0,30,+","0",",T,0,04,","21.6",",,0,15,","21.1",",0,22,","3778.7","0","435.0",",0","89.6",",,,0","0",",T,,0","3.83",",0","8.46",",,,0","-0.80",",,,0"
"USC00478905","1953-05","45.3582","-86.891","209.1","WASHINGTON IS, WI US","0.0","0","0.0",",0","5",",0","5",",0","0",",0","0",",0","0",",0","0",",0","7",",0","0",",0","3",",0","0",",0","1","","19530514",",,0","19530531","+,,0","19530531","+,,0","2","","19530529",",,0","19530508",",,0","-4.4",",0,14,","0",",,0,31,+","0",",,0,31,+","22.9",",,0,29,","24.4",",0,08,","4042.2","0","263.5",",0","55.4",",,,0","0",",,,0","9.83",",0","16.05",",,,0","3.62",",,,0"
"USC00478905","1953-06","45.3582","-86.891","209.1","WASHINGTON IS, WI US","13.3","0","13.3",",0","11",",0","11",",0","2",",0","0",",0","0",",0","0",",0","0",",0","0",",0","23",",0","0",",0","1","","19530607",",,0","19530630","+,,0","19530630",",,0","7","","19530616",",,0","19530625",",,0","3.3",",0,07,","0",",,0,30,+","0",",T,0,30,","41.7",",,0,16,","26.7",",0,25,","4116.3","0","74.1",",0","162.5",",,,0","0",",T,,0","16.31",",0","22.22",",,,0","10.39",",,,0"
"USC00478905","1953-07","45.3582","-86.891","209.1","WASHINGTON IS, WI US","71.4","0","58.1",",0","5",",0","5",",0","1",",0","0",",0","0",",0","0",",0","0",",0","0",",0","28",",0","0",",0","","","19530724",",,0","19530731","+,,0","19530702","+,,0","2","","19530725",",,0","19530720","+,,0","6.1",",0,24,","0",",,0,31,+","0",",T,0,02,+","25.4",",,0,25,","28.9",",0,20,+","19.7","0","19.7",",0","79.1",",,,0","0",",T,,0","19.57",",0","25.33",",,,0","13.82",",,,0"
"USC00478905","1953-08","45.3582","-86.891","209.1","WASHINGTON IS, WI US","140.1","0","68.7","1,0","4","2,0","4","2,0","0","2,0","0",",0","0",",0","0","1,0","0","1,0","0","1,0","29","1,0","1","1,0","","","19530818",",1,0","19530831","+,,0","19530831","+,,0","3","","19530804",",2,0","19530828",",1,0","7.2","1,0,18,","0",",,0,31,+","0",",,0,31,+","22.4","2,,0,04,","33.3","1,0,28,","29.7","0","10.0","1,0","61.3",",a,,0","0",",,,0","20.29","1,0","25.91","1,,,0","14.67","1,,,0"
"USC00478905","1953-09","45.3582","-86.891","209.1","WASHINGTON IS, WI US","160.6","0","20.5","5,0","6",",0","6",",0","0",",0","0",",0","0",",0","0","3,0","0","3,0","0","3,0","18","3,0","2","3,0","","","19530923",",3,0","19530930","+,,0","19530930","+,,0","1","","19530904",",,0","19530901",",3,0","1.1","3,0,23,","0",",,0,30,+","0",",,0,30,+","20.3",",,0,04,","34.4","3,0,01,","103.0","0","73.3","3,0","40.4",",,,0","0",",,,0","15.94","5,0","22.15","3,,,0","9.72","3,,,0"
"USC00478905","1953-10","45.3582","-86.891","209.1","WASHINGTON IS, WI US","160.9","0","0.3",",0","3",",0","3",",0","0",",0","0",",0","0",",0","0",",0","1",",0","0",",0","6",",0","0",",0","","","19531029",",,0","19531031","+,,0","19531031","+,,0","","","19531006",",,0","19531021",",,0","-1.7",",0,29,","0",",,0,31,+","0",",,0,31,+","15.2",",,0,06,","23.9",",0,21,","320.3","0","217.3",",0","26.1",",,,0","0",",,,0","11.33",",0","16.31",",,,0","6.35",",,,0"
"USC00478905","1953-11","45.3582","-86.891","209.1","WASHINGTON IS, WI US","160.9","0","0.0",",0","8",",0","6",",0","0",",0","1",",0","1",",0","0",",0","13",",0","0",",0","0",",0","0",",0","","","19531106",",,0","19531123",",,0","19531123",",,0","","","19531123",",,0","19531116",",,0","-7.2",",0,06,","25",",,0,23,","25",",,0,23,","6.9",",,0,23,","19.4",",0,16,","719.3","0","399.0",",0","28.6",",,,0","25",",,,0","5.03",",0","8.96",",,,0","1.11",",,,0"
"USC00478905","1953-12","45.3582","-86.891","209.1","WASHINGTON IS, WI US","160.9","0","0.0",",0","8",",0","7",",0","0",",0","7","5,0","3",",0","0",",0","27",",0","9",",0","0",",0","0",",0","1","","19531231",",,0","19531231","+,5,0","19531229",",,0","","","19531204",",,0","19531204","+,,0","-14.4",",0,31,","127","5,,0,31,+","89",",,0,29,","11.9",",,0,04,","9.4",",0,04,+","1342.2","0","622.9",",0","52.3",",,,0","165",",,,0","-1.76",",0","1.28",",,,0","-4.80",",,,0"
"USC00478905","1954-01","45.3582","-86.891","209.1","WASHINGTON IS, WI US","0.0","0","0.0",",0","7",",0","7",",0","0",",0","31",",0","5","2,0","7",",0","31",",0","22",",0","0",",0","0",",0","1","","19540113",",,0","19540120","+,,0","19540111",",2,0","","","19540111",",,0","19540102",",,0","-26.1",",0,13,","406",",,0,20,+","178","2,,0,11,","14.2",",,0,11,","3.3",",0,02,","2138.2","0","796.0",",0","35.6",",,,0","330","2,,,0","-7.35",",0","-2.83",",,,0","-11.86",",,,0"
"USC00478905","1954-02","45.3582","-86.891","209.1","WASHINGTON IS, WI US","0.0","0","0.0",",0","5",",0","5",",0","0",",0","28",",0","3",",0","0",",0","26",",0","5",",0","0",",0","0",",0","","","19540212",",,0","19540213",",,0","19540223","+,,0","","","19540220",",,0","19540219",",,0","-17.2",",0,12,","330",",,0,13,","76",",,0,23,+","8.9",",,0,20,","7.8",",0,19,","2693.6","0","555.4",",0","30.4",",,,0","203",",,,0","-1.50",",0","2.32",",,,0","-5.33",",,,0"
"USC00478905","1954-03","45.3582","-86.891","209.1","WASHINGTON IS, WI US","0.0","0","0.0",",0","4",",0","4",",0","0",",0","23",",0","2",",0","0",",0","29",",0","8",",0","0",",0","0",",0","1","","19540303",",,0","19540314","+,,0","19540313",",,0","","","19540325",",,0","19540325",",,0","-13.3",",0,03,","229",",,0,14,+","102",",,0,13,","11.2",",,0,25,","10.6",",0,25,","3322.1","0","628.5",",0","29.2",",,,0","153",",,,0","-1.94",",0","2.19",",,,0","-6.07",",,,0"
"USC00478905","1954-04","45.3582","-86.891","209.1","WASHINGTON IS, WI US","0.0","0","0.0","1,0","8",",0","7",",0","0",",0","0",",0","0",",0","0",",0","13",",0","1","1,0","0","1,0","0","1,0","3","","19540403",",,0","19540430","+,,0","19540430","+,,0","2","","19540421",",,0","19540413",",1,0","-12.8",",0,03,","0",",,0,30,+","0",",,0,30,+","24.9",",,0,21,","18.3","1,0,13,","3705.2","0","383.1","1,0","104.6",",,,0","0",",,,0","5.21","1,0","10.60","1,,,0","-0.17",",,,0"
"USC00478905","1954-05","45.3582","-86.891","209.1","WASHINGTON IS, WI US","0.0","0","0.0",",0","9",",0","6",",0","0",",0","1","2,0","1",",0","0",",0","7",",0","0",",0","5",",0","0",",0","1","","19540508",",,0","19540507",",2,0","19540507",",,0","","","19540531",",,0","19540523",",,0","-5.6",",0,08,","51","2,,0,07,","97",",,0,07,","15.5",",,0,31,","23.9",",0,23,","4011.3","0","306.1",",0","62.0",",,,0","97",",,,0","8.46",",0","14.05",",,,0","2.87",",,,0"
"USC00478905","1954-06","45.3582","-86.891","209.1","WASHINGTON IS, WI US","15.0","0","15.0",",0","12",",0","7",",0","1",",0","0",",0","0",",0","0",",0","0",",0","0",",0","20",",0","0",",0","","","19540606",",,0","19540630","+,,0","19540630","+,,0","3","","19540625",",,0","19540626",",,0","3.3",",0,06,","0",",,0,30,+","0",",,0,30,+","25.4",",,0,25,","27.8",",0,26,","4078.5","0","67.2",",0","103.6",",,,0","0",",,,0","16.60",",0","22.15",",,,0","11.04",",,,0"
"USC00478905","1954-07","45.3582","-86.891","209.1","WASHINGTON IS, WI US","58.1","0","43.1",",0","7",",0","6",",0","1",",0","0",",0","0",",0","0",",0","0",",0","0",",0","27",",0","0",",0","","","19540708",",,0","19540731","+,,0","19540731","+,,0","2","","19540711",",,0","19540726",",,0","6.1",",0,08,","0",",,0,31,+","0",",,0,31,+","50.8",",,0,11,","29.4",",0,26,","24.5","0","24.5",",0","92.3",",,,0","0",",,,0","18.93",",0","24.38",",,,0","13.49",",,,0"
"USC00478905","1954-08","45.3582","-86.891","209.1","WASHINGTON IS, WI US","90.8","0","32.7",",0","7",",0","3",",0","1",",0","0",",0","0",",0","0",",0","0",",0","0",",0","28",",0","0",",0","1","","19540818",",,0","19540831","+,,0","19540831","+,,0","2","","19540825",",,0","19540824","+,,0","6.1",",0,18,","0",",,0,31,+","0",",,0,31,+","34.3",",,0,25,","29.4",",0,24,+","56.8","0","32.3",",0","45.4",",,,0","0",",,,0","18.35",",0","23.72",",,,0","12.97",",,,0"
"USC00478905","1954-09","45.3582","-86.891","209.1","WASHINGTON IS, WI US","95.3","0","4.5",",0","19",",0","11",",0","1",",0","0",",0","0",",0","0",",0","0",",0","0",",0","7",",0","0",",0","1","","19540923",",,0","19540930","+,,0","19540930","+,,0","2","","19540930",",,0","19540902",",,0","1.1",",0,23,","0",",,0,30,+","0",",,0,30,+","25.4",",,0,30,","25.6",",0,02,","183.0","0","126.2",",0","140.8",",,,0","0",",,,0","14.28",",0","18.24",",,,0","10.31",",,,0"
"USC00478905","1954-10","45.3582","-86.891","209.1","WASHINGTON IS, WI US","95.3","0","0.0",",0","11",",0","6",",0","0",",0","0",",0","0",",0","0",",0","4",",0","0",",0","1",",0","0",",0","1","","19541031","+,,0","19541031","+,,0","19541029",",,0","","","19541014",",,0","19541023",",,0","-2.8",",0,31,+","0",",,0,31,+","0",",T,0,29,","15.2",",,0,14,","21.1",",0,23,","469.6","0","286.6",",0","60.1",",,,0","0",",T,,0","9.09",",0","13.23",",,,0","4.95",",,,0"
"USC00478905","1954-11","45.3582","-86.891","209.1","WASHINGTON IS, WI US","95.3","0","0.0",",0","5",",0","3",",0","0",",0","0",",0","0",",0","0",",0","17",",0","0",",0","0",",0","0",",0","","","19541123",",,0","19541130","+,,0","19541127","+,,0","","","19541101",",,0","19541111",",,0","-5.0",",0,23,","0",",,0,30,+","0",",T,0,27,+","12.7",",,0,01,","14.4",",0,11,","909.6","0","440.0",",0","27.8",",,,0","0",",T,,0","3.67",",0","7.17",",,,0","0.17",",,,0"
"USC00478905","1954-12","45.3582","-86.891","209.1","WASHINGTON IS, WI US","95.3","0","0.0",",0","4",",0","2",",0","0",",0","","","3",",0","0",",0","30",",0","14",",0","0",",0","0",",0","","","19541213",",,0","","","19541218","+,,0","","","19541218",",,0","19541226",",,0","-12.2",",0,13,","","","38",",,0,18,+","6.1",",,0,18,","4.4",",0,26,","1555.3","0","645.7",",0","14.5",",,,0","101",",,,0","-2.50",",0","0.42",",,,0","-5.41",",,,0"
"USC00478905","1955-01","45.3582","-86.891","209.1","WASHINGTON IS, WI US","0.0","0","0.0","1,0","6","1,0","5","1,0","0","1,0","","","3","1,0","3","1,0","30","1,0","23","1,0","0","1,0","0","1,0","","","19550127",",1,0","","","19550109",",1,0","","","19550131","+,1,0","19550103","+,1,0","-20.6","1,0,27,","","","102","1,,0,09,","5.6","1,,0,31,+","4.4","1,0,03,+","2290.7","0","735.4","1,0","21.6","1,,,0","226","1,,,0","-6.18","1,0","-2.86","1,,,0","-9.50","1,,,0"
"USC00478905","1955-02","45.3582","-86.891","209.1","WASHINGTON IS, WI US","0.0","0","0.0",",0","5",",0","2",",0","0",",0","","","2",",0","5",",0","27",",0","23",",0","0",",0","0",",0","2","","19550213",",,0","","","19550209",",,0","","","19550209",",,0","19550220",",,0","-22.2",",0,13,","","","51",",,0,09,","2.8",",,0,09,","5.0",",0,20,","2990.6","0","699.9",",0","8.6",",,,0","89",",,,0","-6.66",",0","-2.24",",,,0","-11.09",",,,0"
"USC00478905","1955-03","45.3582","-86.891","209.1","WASHINGTON IS, WI US","0.0","0","0.0",",0","9",",0","3",",0","0",",0","","","3",",0","1",",0","30",",0","11",",0","0",",0","0",",0","1","","19550307",",,0","","","19550322",",,0","","","19550322",",,0","19550331",",,0","-18.3",",0,07,","","","152",",,0,22,","24.1",",,0,22,","10.0",",0,31,","3651.9","0","661.3",",0","42.0",",,,0","298",",,,0","-3.00",",0","1.32",",,,0","-7.32",",,,0"
"USC00478905","1955-04","45.3582","-86.891","209.1","WASHINGTON IS, WI US","0.0","0","0.0",",0","9",",0","4",",0","1",",0","0",",0","0",",0","0",",0","9",",0","0",",0","1",",0","0",",0","2","","19550404","+,,0","19550430","+,,0","19550430","+,,0","","","19550420",",,0","19550409",",,0","-2.2",",0,04,+","0",",,0,30,+","0",",,0,30,+","30.5",",,0,20,","21.1",",0,09,","3984.7","0","332.8",",0","59.9",",,,0","0",",,,0","7.24",",0","12.72",",,,0","1.76",",,,0"
"USC00478905","1955-05","45.3582","-86.891","209.1","WASHINGTON IS, WI US","0.0","0","0.0",",0","9",",0","7",",0","0",",0","0",",0","0",",0","0",",0","1",",0","0",",0","3",",0","0",",0","1","","19550509",",,0","19550531","+,,0","19550531","+,,0","4","","19550502",",,0","19550504",",,0","-4.4",",0,09,","0",",,0,31,+","0",",,0,31,+","20.3",",,0,02,","22.2",",0,04,","4206.0","0","221.3",",0","64.5",",,,0","0",",,,0","11.19",",0","17.33",",,,0","5.06",",,,0"
"USC00478905","1955-06","45.3582","-86.891","209.1","WASHINGTON IS, WI US","13.5","0","13.5",",0","8",",0","6",",0","0",",0","0",",0","0",",0","0",",0","0",",0","0",",0","22",",0","0",",0","","","19550601",",,0","19550630","+,,0","19550630","+,,0","3","","19550603",",,0","19550616",",,0","4.4",",0,01,","0",",,0,30,+","0",",,0,30,+","15.0",",,0,03,","28.3",",0,16,","4276.9","0","70.9",",0","57.5",",,,0","0",",,,0","16.42",",0","22.07",",,,0","10.77",",,,0"
"USC00478905","1955-07","45.3582","-86.891","209.1","WASHINGTON IS, WI US","148.9","0","135.4",",0","4",",0","4",",0","0",",0","0",",0","0",",0","0",",0","0",",0","0",",0","31",",0","1",",0","","","19550710",",,0","19550731","+,,0","19550731","+,,0","2","","19550708",",,0","19550720",",,0","10.6",",0,10,","0",",,0,31,+","0",",,0,31,+","17.0",",,0,08,","32.2",",0,20,","0.3","0","0.3",",0","31.7",",,,0","0",",,,0","22.69",",0","28.10",",,,0","17.28",",,,0"
"USC00478905","1955-08","45.3582","-86.891","209.1","WASHINGTON IS, WI US","291.9","0","143.0",",0","9",",0","6",",0","0",",0","0",",0","0",",0","0",",0","0",",0","0",",0","30",",0","6",",0","","","19550823",",,0","19550831","+,,0","19550831","+,,0","1","","19550802",",,0","19550821",",,0","9.4",",0,23,","0",",,0,31,+","0",",,0,31,+","15.0",",,0,02,","36.1",",0,21,","5.0","0","4.7",",0","42.7",",,,0","0",",,,0","22.79",",0","28.45",",,,0","17.13",",,,0"
"USC00478905","1955-09","45.3582","-86.891","209.1","WASHINGTON IS, WI US","301.6","0","9.7",",0","6",",0","4",",0","0",",0","0",",0","0",",0","0",",0","0",",0","0",",0","14",",0","0",",0","","","19550912",",,0","19550930","+,,0","19550930","+,,0","","","19550927",",,0","19550904",",,0","1.7",",0,12,","0",",,0,30,+","0",",,0,30,+","13.7",",,0,27,","28.9",",0,04,","99.2","0","94.2",",0","36.0",",,,0","0",",,,0","15.52",",0","20.40",",,,0","10.63",",,,0"
"USC00478905","1955-10","45.3582","-86.891","209.1","WASHINGTON IS, WI US","301.6","0","0.0",",0","13",",0","8",",0","1",",0","0",",0","0",",0","0",",0","1",",0","0",",0","2",",0","0",",0","","","19551001",",,0","19551031","+,,0","19551024",",,0","","","19551007",",,0","19551006",",,0","-0.6",",0,01,","0",",,0,31,+","0",",T,0,24,","25.9",",,0,07,","22.8",",0,06,","344.4","0","245.2",",0","107.5",",,,0","0",",T,,0","10.42",",0","14.34",",,,0","6.51",",,,0"
"USC00478905","1955-11","45.3582","-86.891","209.1","WASHINGTON IS, WI US","301.6","0","0.0",",0","9",",0","5",",0","0",",0","4",",0","2",",0","0",",0","24",",0","5",",0","0",",0","0",",0","","","19551128",",,0","19551130","+,,0","19551129",",,0","","","19551115",",,0","19551101",",,0","-15.6",",0,28,","76",",,0,30,+","51",",,0,29,","14.7",",,0,15,","10.6",",0,01,","876.2","0","531.8",",0","36.0",",,,0","89",",,,0","0.61",",0","3.97",",,,0","-2.76",",,,0"
"USC00478905","1955-12","45.3582","-86.891","209.1","WASHINGTON IS, WI US","301.6","0","0.0",",0","5",",0","5",",0","0",",0","31",",0","4",",0","0",",0","31",",0","22",",0","0",",0","0",",0","","","19551230",",,0","19551222",",,0","19551222",",,0","","","19551222",",,0","19551204",",,0","-15.0",",0,30,","229",",,0,22,","102",",,0,22,","6.6",",,0,22,","4.4",",0,04,","1605.9","0","729.7",",0","21.9",",,,0","254",",,,0","-5.21",",0","-2.10",",,,0","-8.31",",,,0"
"USC00478905","1956-01","45.3582","-86.891","209.1","WASHINGTON IS, WI US","0.0","0","0.0",",0","5",",0","1",",0","0",",0","30","1,0","4",",0","5",",0","31",",0","23",",0","0",",0","0",",0","","","19560121",",,0","19560130","+,1,0","19560128",",,0","","","19560128",",,0","19560112",",,0","-23.9",",0,21,","305","1,,0,30,+","102",",,0,28,","10.2",",,0,28,","1.7",",0,12,","2368.5","0","762.6",",0","16.8",",,,0","247",",,,0","-6.27",",0","-1.70",",,,0","-10.84",",,,0"
"USC00478905","1956-02","45.3582","-86.891","209.1","WASHINGTON IS, WI US","0.0","0","0.0","1,0","4",",0","3",",0","0",",0","","","2",",0","6","1,0","28","1,0","21",",0","0",",0","0",",0","","","19560227","+,1,0","","","19560217",",,0","","","19560224",",,0","19560208",",,0","-19.4","1,0,27,+","","","51",",,0,17,","6.4",",,0,24,","2.8",",0,08,","3087.7","0","719.2",",0","13.5",",,,0","76",",,,0","-7.29","1,0","-2.23",",,,0","-12.36","1,,,0"
"USC00478905","1956-03","45.3582","-86.891","209.1","WASHINGTON IS, WI US","0.0","0","0.0",",0","7",",0","4",",0","0",",0","","","3",",0","1",",0","31",",0","12",",0","0",",0","0",",0","","","19560315",",,0","","","19560311",",,0","","","19560311",",,0","19560326",",,0","-20.0",",0,15,","","","229",",,0,11,","24.1",",,0,11,","7.8",",0,26,","3769.7","0","682.0",",0","40.4",",,,0","423",",,,0","-3.67",",0","1.35",",,,0","-8.68",",,,0"
"USC00478905","1956-04","45.3582","-86.891","209.1","WASHINGTON IS, WI US","0.0","0","0.0",",0","8",",0","4",",0","0",",0","","","1",",0","0",",0","17",",0","0",",0","0",",0","0",",0","2","","19560424",",,0","","","19560429",",,0","1","","19560427",",,0","19560403",",,0","-6.7",",0,24,","","","102",",,0,29,","8.1",",,0,27,","12.8",",0,03,","4218.5","0","448.8",",0","34.9",",,,0","102",",,,0","3.37",",0","7.62",",,,0","-0.87",",,,0"
"USC00478905","1956-05","45.3582","-86.891","209.1","WASHINGTON IS, WI US","0.0","0","0.0",",0","13",",0","8",",0","1",",0","0",",0","0",",0","0",",0","7",",0","0",",0","3",",0","0",",0","1","","19560508",",,0","19560531","+,,0","19560531","+,,0","","","19560514",",,0","19560522",",,0","-5.0",",0,08,","0",",,0,31,+","0",",,0,31,+","41.9",",,0,14,","27.2",",0,22,","4521.8","0","303.3",",0","88.2",",,,0","0",",,,0","8.55",",0","13.93",",,,0","3.17",",,,0"
"USC00478905","1956-06","45.3582","-86.891","209.1","WASHINGTON IS, WI US","20.5","0","20.5",",0","9",",0","6",",0","2",",0","0",",0","0",",0","0",",0","1",",0","0",",0","14",",0","1",",0","2","","19560602",",,0","19560630","+,,0","19560630","+,,0","2","","19560626",",,0","19560612",",,0","-1.1",",0,02,","0",",,0,30,+","0",",,0,30,+","29.0",",,0,26,","32.2",",0,12,","4600.0","0","78.2",",0","82.3",",,,0","0",",,,0","16.41",",0","21.59",",,,0","11.23",",,,0"
"USC00478905","1956-07","45.3582","-86.891","209.1","WASHINGTON IS, WI US","35.9","0","15.4",",0","11",",0","7",",0","0",",0","0",",0","0",",0","0",",0","0",",0","0",",0","24",",0","0",",0","","","19560729",",,0","19560731","+,,0","19560731","+,,0","4","","19560708",",,0","19560710",",,0","6.7",",0,29,","0",",,0,31,+","0",",,0,31,+","24.1",",,0,08,","26.7",",0,10,","36.9","0","36.9",",0","69.3",",,,0","0",",,,0","17.64",",0","22.52",",,,0","12.76",",,,0"
"USC00478905","1956-08","45.3582","-86.891","209.1","WASHINGTON IS, WI US","78.5","0","42.6",",0","9",",0","7",",0","1",",0","0",",0","0",",0","0",",0","0",",0","0",",0","24",",0","0",",0","2","","19560820",",,0","19560831","+,,0","19560831","+,,0","","","19560804",",,0","19560816","+,,0","5.6",",0,20,","0",",,0,31,+","0",",,0,31,+","77.0",",,0,04,","27.8",",0,16,+","62.2","0","25.3",",0","127.3",",,,0","0",",,,0","18.89",",0","23.42",",,,0","14.36",",,,0"
"USC00478905","1956-09","45.3582","-86.891","209.1","WASHINGTON IS, WI US","79.4","0","0.9",",0","8",",0","5",",0","0",",0","0",",0","0",",0","0",",0","1",",0","0",",0","7",",0","0",",0","","","19560921",",,0","19560930","+,,0","19560930","+,,0","","","19560915",",,0","19560912",",,0","-0.6",",0,21,","0",",,0,30,+","0",",,0,30,+","10.2",",,0,15,","23.9",",0,12,","220.9","0","158.7",",0","37.1",",,,0","0",",,,0","13.07",",0","17.32",",,,0","8.82",",,,0"
"USC00478905","1956-10","45.3582","-86.891","209.1","WASHINGTON IS, WI US","79.4","0","0.0",",0","3",",0","1",",0","0",",0","0",",0","0",",0","0",",0","0",",0","0",",0","1",",0","0",",0","4","","19561010",",,0","19561031","+,,0","19561031","+,,0","","","19561016",",,0","19561017",",,0","1.7",",0,10,","0",",,0,31,+","0",",,0,31,+","2.5",",,0,16,","23.9",",0,17,","436.8","0","215.9",",0","5.3",",,,0","0",",,,0","11.37",",0","15.62",",,,0","7.11",",,,0"
"USC00478905","1956-11","45.3582","-86.891","209.1","WASHINGTON IS, WI US","79.4","0","0.0",",0","9",",0","6",",0","2",",0","6",",0","2",",0","0",",0","17",",0","7",",0","0",",0","0",",0","2","","19561123",",,0","19561130",",,0","19561125",",,0","","","19561115",",,0","19561102","+,,0","-10.6",",0,23,","127",",,0,30,","102",",,0,25,","29.2",",,0,15,","18.3",",0,02,+","891.6","0","454.8",",0","88.4",",,,0","127",",,,0","3.17",",0","6.35",",,,0","0.00",",,,0"
"USC00478905","1956-12","45.3582","-86.891","209.1","WASHINGTON IS, WI US","79.4","0","0.0",",0","9",",0","3",",0","0",",0","","","3",",0","0",",0","31",",0","13",",0","0",",0","0",",0","3","","19561218",",,0","","","19561228","+,,0","","","19561224",",,0","19561220",",,0","-16.1",",0,18,","","","25",",,0,28,+","7.6",",,0,24,","6.1",",0,20,","1546.7","0","655.1",",0","19.9",",,,0","99",",,,0","-2.80",",0","0.59",",,,0","-6.19",",,,0"
"USC00478905","1957-01","45.3582","-86.891","209.1","WASHINGTON IS, WI US","0.0","0","0.0",",0","5",",0","1",",0","0",",0","","","5",",0","8",",0","31",",0","27",",0","0",",0","0",",0","1","","19570130",",,0","","","19570128","+,,0","","","19570103",",,0","19570122",",,0","-24.4",",0,30,","","","51",",,0,28,+","2.5",",,0,03,","5.0",",0,22,","2426.5","0","879.8",",0","6.6",",,,0","203",",,,0","-10.05",",0","-6.58",",,,0","-13.52",",,,0"
"USC00478905","1957-02","45.3582","-86.891","209.1","WASHINGTON IS, WI US","0.0","0","0.0",",0","7",",0","1",",0","0",",0","","","3",",0","0",",0","27",",0","17",",0","0",",0","0",",0","1","","19570205","+,,0","","","19570223","+,,0","","","19570202",",,0","19570225",",,0","-16.1",",0,05,+","","","51",",,0,23,+","2.5",",,0,02,","4.4",",0,25,","3095.3","0","668.8",",0","9.6",",,,0","182",",,,0","-5.55",",0","-1.25",",,,0","-9.86",",,,0"
"USC00478905","1957-03","45.3582","-86.891","209.1","WASHINGTON IS, WI US","0.0","0","0.0",",0","7",",0","3",",0","0",",0","","","1",",0","0",",0","31",",0","10",",0","0",",0","0",",0","1","","19570308",",,0","","","19570306",",,0","","","19570315",",,0","19570315",",,0","-16.7",",0,08,","","","25",",,0,06,","11.9",",,0,15,","11.1",",0,15,","3711.6","0","616.3",",0","24.8",",,,0","38",",,,0","-1.55",",0","2.95",",,,0","-6.05",",,,0"
"USC00478905","1957-04","45.3582","-86.891","209.1","WASHINGTON IS, WI US","0.0","0","0.0",",0","10",",0","7",",0","0",",0","","","4",",0","0",",0","14",",0","0",",0","2",",0","0",",0","4","","19570408",",,0","","","19570406",",,0","","","19570406",",,0","19570429",",,0","-8.3",",0,08,","","","152",",,0,06,","14.0",",,0,06,","23.3",",0,29,","4120.6","0","409.0",",0","50.0",",,,0","278",",,,0","4.70",",0","9.40",",,,0","0.00",",,,0"
"USC00478905","1957-05","45.3582","-86.891","209.1","WASHINGTON IS, WI US","0.0","0","0.0",",0","12",",0","7",",0","1",",0","0",",0","0",",0","0",",0","2",",0","0",",0","4",",0","0",",0","2","","19570503",",,0","19570531","+,,0","19570531","+,,0","1","","19570514",",,0","19570508","+,,0","-1.1",",0,03,","0",",,0,31,+","0",",,0,31,+","34.8",",,0,14,","23.3",",0,08,+","4374.5","0","253.9",",0","118.1",",,,0","0",",,,0","10.14",",0","15.78",",,,0","4.50",",,,0"
"USC00478905","1957-06","45.3582","-86.891","209.1","WASHINGTON IS, WI US","5.0","0","5.0",",0","12",",0","8",",0","0",",0","0",",0","0",",0","0",",0","0",",0","0",",0","17",",0","0",",0","4","","19570602",",,0","19570630","+,,0","19570630","+,,0","4","","19570621",",,0","19570615",",,0","1.1",",0,02,","0",",,0,30,+","0",",,0,30,+","22.9",",,0,21,","26.1",",0,15,","4462.7","0","88.2",",0","80.6",",,,0","0",",,,0","15.56",",0","20.68",",,,0","10.44",",,,0"
"USC00478905","1957-07","45.3582","-86.891","209.1","WASHINGTON IS, WI US","64.1","0","59.1",",0","8",",0","7",",0","0",",0","0",",0","0",",0","0",",0","0",",0","0",",0","28",",0","0",",0","","","19570724","+,,0","19570731","+,,0","19570731","+,,0","4","","19570721",",,0","19570729",",,0","8.9",",0,24,+","0",",,0,31,+","0",",,0,31,+","17.8",",,0,21,","29.4",",0,29,","14.6","0","14.6",",0","64.3",",,,0","0",",,,0","19.77",",0","24.69",",,,0","14.85",",,,0"
"USC00478905","1957-08","45.3582","-86.891","209.1","WASHINGTON IS, WI US","112.4","0","48.3",",0","9",",0","7",",0","1",",0","0",",0","0",",0","0",",0","0",",0","0",",0","28",",0","0",",0","","","19570817",",,0","19570831","+,,0","19570831","+,,0","","","19570823",",,0","19570814","+,,0","7.2",",0,17,","0",",,0,31,+","0",",,0,31,+","42.4",",,0,23,","27.8",",0,14,+","41.6","0","27.0",",0","83.7",",,,0","0",",,,0","19.02",",0","24.17",",,,0","13.87",",,,0"
"USC00478905","1957-09","45.3582","-86.891","209.1","WASHINGTON IS, WI US","118.6","0","6.2",",0","11",",0","6",",0","0",",0","0",",0","0",",0","0",",0","1",",0","0",",0","6",",0","0",",0","2","","19570927",",,0","19570930","+,,0","19570930","+,,0","","","19570915",",,0","19570902",",,0","-1.7",",0,27,","0",",,0,30,+","0",",,0,30,+","24.1",",,0,15,","23.9",",0,02,","163.5","0","121.9",",0","62.7",",,,0","0",",,,0","14.47",",0","18.82",",,,0","10.13",",,,0"
"USC00478905","1957-10","45.3582","-86.891","209.1","WASHINGTON IS, WI US","118.6","0","0.0",",0","5",",0","4",",0","0",",0","0",",0","0",",0","0",",0","3",",0","0",",0","0",",0","0",",0","1","","19571026",",,0","19571031","+,,0","19571025",",,0","","","19571023",",,0","19571001",",,0","-0.6",",0,26,","0",",,0,31,+","0",",T,0,25,","18.8",",,0,23,","19.4",",0,01,","454.0","0","290.5",",0","42.9",",,,0","0",",T,,0","8.96",",0","13.20",",,,0","4.73",",,,0"
"USC00478905","1957-11","45.3582","-86.891","209.1","WASHINGTON IS, WI US","118.6","0","0.0",",0","10",",0","6",",0","1",",0","2",",0","2",",0","0",",0","16",",0","4",",0","0",",0","0",",0","2","","19571130",",,0","19571130",",,0","19571130",",,0","","","19571119",",,0","19571102","+,,0","-9.4",",0,30,","76",",,0,30,","51",",,0,30,","30.0",",,0,19,","11.1",",0,02,+","926.5","0","472.5",",0","91.8",",,,0","76",",,,0","2.58",",0","5.27",",,,0","-0.11",",,,0"
"USC00478905","1957-12","45.3582","-86.891","209.1","WASHINGTON IS, WI US","118.6","0","0.0",",0","9",",0","6",",0","0",",0","","","3",",0","0",",0","27",",0","11",",0","0",",0","0",",0","","","19571230","+,,0","","","19571225","+,,0","","","19571219",",,0","19571223","+,,0","-15.0",",0,30,+","","","76",",,0,25,+","14.0",",,0,19,","7.2",",0,23,+","1576.2","0","649.7",",0","42.4",",,,0","190",",,,0","-2.63",",0","0.77",",,,0","-6.03",",,,0"
"USC00478905","1958-01","45.3582","-86.891","209.1","WASHINGTON IS, WI US","0.0","0","0.0",",0","6",",0","3",",0","0",",0","","","3",",0","0",",0","31",",0","23",",0","0",",0","0",",0","","","19580104",",,0","","","19580106",",,0","","","19580119",",,0","19580113",",,0","-16.1",",0,04,","","","76",",,0,06,","5.6",",,0,19,","2.2",",0,13,","2298.3","0","722.1",",0","14.7",",,,0","191",",,,0","-4.96",",0","-1.79",",,,0","-8.13",",,,0"
"USC00478905","1958-02","45.3582","-86.891","209.1","WASHINGTON IS, WI US","0.0","0","0.0",",0","4",",0","0",",0","0",",0","","","1",",0","8",",0","26",",0","20",",0","0",",0","0",",0","","","19580216","+,,0","","","19580215",",,0","","","19580215",",,0","19580226","+,,0","-21.7",",0,16,+","","","25",",,0,15,","1.8",",,0,15,","7.2",",0,26,+","3043.7","0","745.4",",0","3.6",",,,0","38",",,,0","-8.29",",0","-4.39",",,,0","-12.19",",,,0"
"USC00478905","1958-03","45.3582","-86.891","209.1","WASHINGTON IS, WI US","0.0","0","0.0",",0","7",",0","3",",0","0",",0","","","3",",0","0",",0","31",",0","4",",0","0",",0","0",",0","","","19580312",",,0","","","19580306",",,0","","","19580306","+,,0","19580331","+,,0","-10.6",",0,12,","","","51",",,0,06,","2.5",",,0,06,+","10.0",",0,31,+","3624.3","0","580.6",",0","9.1",",,,0","101",",,,0","-0.40",",0","3.82",",,,0","-4.61",",,,0"
"USC00478905","1958-04","45.3582","-86.891","209.1","WASHINGTON IS, WI US","0.0","0","0.0",",0","5",",0","4",",0","1",",0","0",",0","2",",0","0",",0","15",",0","0",",0","1",",0","0",",0","1","","19580409",",,0","19580430","+,,0","19580424",",,0","","","19580406",",,0","19580415",",,0","-7.8",",0,09,","0",",,0,30,+","102",",,0,24,","26.9",",,0,06,","21.1",",0,15,","4007.0","0","382.7",",0","66.5",",,,0","178",",,,0","5.58",",0","11.11",",,,0","0.04",",,,0"
"USC00478905","1958-05","45.3582","-86.891","209.1","WASHINGTON IS, WI US","0.0","0","0.0",",0","8",",0","4",",0","0",",0","0",",0","0",",0","0",",0","8",",0","0",",0","4",",0","0",",0","1","","19580505",",,0","19580531","+,,0","19580531","+,,0","","","19580508",",,0","19580515",",,0","-3.9",",0,05,","0",",,0,31,+","0",",,0,31,+","12.7",",,0,08,","22.8",",0,15,","4280.7","0","273.7",",0","31.2",",,,0","0",",,,0","9.50",",0","15.43",",,,0","3.58",",,,0"
"USC00478905","1958-06","45.3582","-86.891","209.1","WASHINGTON IS, WI US","0.0","0","0.0",",0","8",",0","5",",0","0",",0","0",",0","0",",0","0",",0","1",",0","0",",0","4",",0","0",",0","","","19580609",",,0","19580630","+,,0","19580630","+,,0","3","","19580625",",,0","19580627",",,0","0.0",",0,09,","0",",,0,30,+","0",",,0,30,+","14.5",",,0,25,","24.4",",0,27,","4433.3","0","152.6",",0","47.5",",,,0","0",",,,0","13.25",",0","18.77",",,,0","7.72",",,,0"
"USC00478905","1958-07","45.3582","-86.891","209.1","WASHINGTON IS, WI US","34.4","0","34.4",",0","10",",0","6",",0","0",",0","0",",0","0",",0","0",",0","0",",0","0",",0","27",",0","0",",0","1","","19580720",",,0","19580731","+,,0","19580731","+,,0","2","","19580701",",,0","19580724",",,0","4.4",",0,20,","0",",,0,31,+","0",",,0,31,+","23.9",",,0,01,","27.2",",0,24,","28.5","0","28.5",",0","72.6",",,,0","0",",,,0","18.52",",0","24.08",",,,0","12.96",",,,0"
"USC00478905","1958-08","45.3582","-86.891","209.1","WASHINGTON IS, WI US","95.8","0","61.4",",0","10",",0","7",",0","0",",0","0",",0","0",",0","0",",0","0",",0","0",",0","28",",0","0",",0","1","","19580818",",,0","19580831","+,,0","19580831","+,,0","1","","19580810",",,0","19580805",",,0","6.7",",0,18,","0",",,0,31,+","0",",,0,31,+","18.3",",,0,10,","30.6",",0,05,","52.9","0","24.4",",0","81.8",",,,0","0",",,,0","19.53",",0","24.93",",,,0","14.12",",,,0"
"USC00478905","1958-09","45.3582","-86.891","209.1","WASHINGTON IS, WI US","97.7","0","1.9",",0","7",",0","5",",0","1",",0","0",",0","0",",0","0",",0","0",",0","0",",0","8",",0","0",",0","1","","19580928",",,0","19580930","+,,0","19580930","+,,0","","","19580906",",,0","19580915",",,0","1.7",",0,28,","0",",,0,30,+","0",",,0,30,+","37.6",",,0,06,","23.9",",0,15,","151.2","0","98.3",",0","72.0",",,,0","0",",,,0","15.12",",0","19.50",",,,0","10.74",",,,0"
"USC00478905","1958-10","45.3582","-86.891","209.1","WASHINGTON IS, WI US","97.7","0","0.0",",0","9",",0","5",",0","0",",0","0",",0","0",",0","0",",0","4",",0","0",",0","1",",0","0",",0","3","","19581006",",,0","19581031","+,,0","19581031","+,,0","1","","19581024",",,0","19581004",",,0","-1.7",",0,06,","0",",,0,31,+","0",",,0,31,+","22.9",",,0,24,","22.8",",0,04,","412.1","0","260.9",",0","64.9",",,,0","0",",,,0","9.92",",0","13.76",",,,0","6.07",",,,0"
"USC00478905","1958-11","45.3582","-86.891","209.1","WASHINGTON IS, WI US","97.7","0","0.0",",0","9",",0","6",",0","0",",0","0","1,0","1",",0","0",",0","11",",0","4",",0","0",",0","0",",0","1","","19581130","+,,0","19581130","+,1,0","19581130",",,0","","","19581118",",,0","19581114","+,,0","-15.6",",0,30,+","0","1,,0,30,+","25",",,0,30,","10.9",",,0,18,","15.6",",0,14,+","851.9","0","439.8",",0","37.6",",,,0","25",",,,0","3.67",",0","7.26",",,,0","0.09",",,,0"
"USC00478905","1958-12","45.3582","-86.891","209.1","WASHINGTON IS, WI US","97.7","0","0.0",",0","5",",0","1",",0","0",",0","","","3",",0","2",",0","31",",0","22",",0","0",",0","0",",0","","","19581222",",,0","","","19581219",",,0","","","19581219",",,0","19581228",",,0","-19.4",",0,22,","","","152",",,0,19,","9.4",",,0,19,","3.9",",0,28,","1653.7","0","801.8",",0","14.2",",,,0","253",",,,0","-7.53",",0","-3.89",",,,0","-11.17",",,,0"
"USC00478905","1959-01","45.3582","-86.891","209.1","WASHINGTON IS, WI US","0.0","0","0.0",",0","9",",0","3",",0","0",",0","","","7",",0","14",",0","31",",0","28",",0","0",",0","0",",0","","","19590123",",,0","","","19590122",",,0","","","19590122",",,0","19590129",",,0","-26.7",",0,23,","","","102",",,0,22,","5.1",",,0,22,","1.7",",0,29,","2558.2","0","904.5",",0","19.0",",,,0","442",",,,0","-10.84",",0","-6.50",",,,0","-15.18",",,,0"
"USC00478905","1959-02","45.3582","-86.891","209.1","WASHINGTON IS, WI US","0.0","0","0.0",",0","7",",0","5",",0","0",",0","","","6",",0","8",",0","28",",0","21",",0","0",",0","0",",0","","","19590220",",,0","","","19590223",",,0","","","19590228",",,0","19590228",",,0","-26.1",",0,20,","","","102",",,0,23,","4.1",",,0,28,","2.2",",0,28,","3335.9","0","777.7",",0","18.2",",,,0","369",",,,0","-9.44",",0","-4.48",",,,0","-14.41",",,,0"
"USC00478905","1959-03","45.3582","-86.891","209.1","WASHINGTON IS, WI US","0.0","0","0.0","1,0","6",",0","2",",0","0",",0","","","3",",0","1","1,0","30","1,0","13","1,0","0","1,0","0","1,0","1","","19590310",",1,0","","","19590315","+,,0","","","19590306",",,0","19590319",",1,0","-18.9","1,0,10,","","","152",",,0,15,+","20.3",",,0,06,","8.9","1,0,19,","3991.5","0","655.6","1,0","41.7",",,,0","399",",,,0","-3.52","1,0","1.46","1,,,0","-8.50","1,,,0"
"USC00478905","1959-04","45.3582","-86.891","209.1","WASHINGTON IS, WI US","0.0","0","0.0",",0","6","1,0","5","1,0","0","1,0","","","0",",0","0",",0","17",",0","0",",0","0",",0","0",",0","1","","19590421",",,0","","","19590430","+,,0","","","19590428",",1,0","19590422","+,,0","-6.7",",0,21,","","","0",",,0,30,+","20.8","1,,0,28,","16.7",",0,22,+","4417.3","0","425.8",",0","49.3","1,,,0","0",",,,0","4.14",",0","8.90",",,,0","-0.62",",,,0"
"USC00478905","1959-05","45.3582","-86.891","209.1","WASHINGTON IS, WI US","0.0","0","0.0",",0","10",",0","7",",0","1",",0","0",",0","0",",0","0",",0","2",",0","0",",0","3",",0","0",",0","12","","19590501",",,0","19590531","+,,0","19590531","+,,0","1","","19590505",",,0","19590527",",,0","-1.7",",0,01,","0",",,0,31,+","0",",,0,31,+","27.9",",,0,05,","23.9",",0,27,","4647.8","0","230.5",",0","80.5",",,,0","0",",,,0","10.90",",0","16.12",",,,0","5.68",",,,0"
"USC00478905","1959-06","45.3582","-86.891","209.1","WASHINGTON IS, WI US","20.9","0","20.9",",0","8",",0","2",",0","0",",0","0",",0","0",",0","0",",0","0",",0","0",",0","22",",0","0",",0","2","","19590602",",,0","19590630","+,,0","19590630","+,,0","1","","19590622",",,0","19590609",",,0","4.4",",0,02,","0",",,0,30,+","0",",,0,30,+","5.1",",,0,22,","29.4",",0,09,","4703.8","0","56.0",",0","14.7",",,,0","0",",,,0","17.16",",0","22.95",",,,0","11.38",",,,0"
"USC00478905","1959-07","45.3582","-86.891","209.1","WASHINGTON IS, WI US","78.7","0","57.8",",0","6",",0","5",",0","1",",0","0",",0","0",",0","0",",0","0",",0","0",",0","28",",0","0",",0","1","","19590706",",,0","19590731","+,,0","19590731","+,,0","","","19590701",",,0","19590731",",,0","6.7",",0,06,","0",",,0,31,+","0",",,0,31,+","32.0",",,0,01,","31.7",",0,31,","26.7","0","26.7",",0","67.4",",,,0","0",",,,0","19.34",",0","24.66",",,,0","14.02",",,,0"
"USC00478905","1959-08","45.3582","-86.891","209.1","WASHINGTON IS, WI US","171.3","0","92.6",",0","14",",0","11",",0","2",",0","0",",0","0",",0","0",",0","0",",0","0",",0","31",",0","0",",0","1","","19590802",",,0","19590831","+,,0","19590831","+,,0","4","","19590821",",,0","19590801",",,0","8.3",",0,02,","0",",,0,31,+","0",",,0,31,+","55.9",",,0,21,","31.1",",0,01,","31.4","0","4.7",",0","184.8",",,,0","0",",,,0","21.17",",0","25.58",",,,0","16.75",",,,0"
"USC00478905","1959-09","45.3582","-86.891","209.1","WASHINGTON IS, WI US","192.0","0","20.7",",0","11",",0","9",",0","4",",0","0",",0","0",",0","0",",0","2",",0","0",",0","15",",0","0",",0","1","","19590918","+,,0","19590930","+,,0","19590930","+,,0","4","","19590908",",,0","19590908",",,0","0.0",",0,18,+","0",",,0,30,+","0",",,0,30,+","84.6",",,0,08,","26.7",",0,08,","131.5","0","100.1",",0","247.4",",,,0","0",",,,0","15.69",",0","20.07",",,,0","11.30",",,,0"
"USC00478905","1959-10","45.3582","-86.891","209.1","WASHINGTON IS, WI US","192.0","0","0.0",",0","12",",0","7",",0","1",",0","0",",0","0",",0","0",",0","4",",0","0",",0","0",",0","0",",0","","","19591028","+,,0","19591031","+,,0","19591025",",,0","1","","19591024",",,0","19591008",",,0","-1.7",",0,28,+","0",",,0,31,+","0",",T,0,25,","31.2",",,0,24,","17.8",",0,08,","458.6","0","327.1",",0","114.2",",,,0","0",",T,,0","7.78",",0","11.13",",,,0","4.44",",,,0"
"USC00478905","1959-11","45.3582","-86.891","209.1","WASHINGTON IS, WI US","192.0","0","0.0",",0","8",",0","6",",0","0",",0","","","5",",0","0",",0","27",",0","12",",0","0",",0","0",",0","1","","19591117",",,0","","","19591127",",,0","","","19591104",",,0","19591101",",,0","-16.1",",0,17,","","","102",",,0,27,","15.5",",,0,04,","11.1",",0,01,","1038.4","0","579.8",",0","40.4",",,,0","318",",,,0","-1.00",",0","2.49",",,,0","-4.48",",,,0"
"USC00478905","1959-12","45.3582","-86.891","209.1","WASHINGTON IS, WI US","192.0","0","0.0",",0","10",",0","4",",0","1",",0","","","5",",0","0",",0","26",",0","11",",0","0",",0","0",",0","1","","19591231",",,0","","","19591224",",,0","","","19591228",",,0","19591227",",,0","-11.7",",0,31,","","","127",",,0,24,","41.4",",,0,28,","5.0",",0,27,","1636.3","0","597.9",",0","63.3",",,,0","291",",,,0","-0.95",",0","1.48",",,,0","-3.39",",,,0"
"USC00478905","1960-01","45.3582","-86.891","209.1","WASHINGTON IS, WI US","0.0","0","0.0",",0","8",",0","4",",0","0",",0","","","4",",0","1",",0","31",",0","24",",0","0",",0","0",",0","","","19600111",",,0","","","19600127",",,0","","","19600112",",,0","19600102",",,0","-18.3",",0,11,","","","76",",,0,27,","20.8",",,0,12,","2.8",",0,02,","2368.3","0","732.0",",0","34.2",",,,0","250",",,,0","-5.28",",0","-2.09",",,,0","-8.47",",,,0"
"USC00478905","1960-02","45.3582","-86.891","209.1","WASHINGTON IS, WI US","0.0","0","0.0",",0","7",",0","4",",0","0",",0","","","6",",0","0",",0","29",",0","21",",0","0",",0","0",",0","","","19600229",",,0","","","19600211",",,0","","","19600211",",,0","19600208",",,0","-16.1",",0,29,","","","102",",,0,11,","5.1",",,0,11,","3.9",",0,08,","3048.6","0","680.3",",0","17.5",",,,0","340",",,,0","-5.13",",0","-1.60",",,,0","-8.65",",,,0"
"USC00478905","1960-03","45.3582","-86.891","209.1","WASHINGTON IS, WI US","0.0","0","0.0",",0","3",",0","2",",0","0",",0","","","1",",0","3",",0","31",",0","23",",0","0",",0","0",",0","1","","19600325",",,0","","","19600317",",,0","1","","19600330",",,0","19600327",",,0","-18.3",",0,25,","","","127",",,0,17,","7.6",",,0,30,","7.8",",0,27,","3801.9","0","753.3",",0","15.0",",,,0","140",",,,0","-5.97",",0","-1.04",",,,0","-10.90",",,,0"
"USC00478905","1960-04","45.3582","-86.891","209.1","WASHINGTON IS, WI US","0.0","0","0.0",",0","14",",0","10",",0","1",",0","0",",0","2",",0","0",",0","14",",0","0",",0","0",",0","0",",0","1","","19600410",",,0","19600430","+,,0","19600417",",,0","","","19600430",",,0","19600422",",,0","-7.8",",0,10,","0",",,0,30,+","51",",,0,17,","28.4",",,0,30,","20.6",",0,22,","4200.3","0","398.4",",0","115.9",",,,0","76",",,,0","5.05",",0","9.52",",,,0","0.59",",,,0"
"USC00478905","1960-05","45.3582","-86.891","209.1","WASHINGTON IS, WI US","0.0","0","0.0",",0","14",",0","13",",0","3",",0","0",",0","0",",0","0",",0","4",",0","0",",0","2",",0","0",",0","4","","19600513","+,,0","19600531","+,,0","19600531","+,,0","","","19600506",",,0","19600515",",,0","-0.6",",0,13,+","0",",,0,31,+","0",",,0,31,+","36.6",",,0,06,","23.3",",0,15,","4457.0","0","256.7",",0","209.0",",,,0","0",",,,0","10.05",",0","14.94",",,,0","5.16",",,,0"
"USC00478905","1960-06","45.3582","-86.891","209.1","WASHINGTON IS, WI US","2.0","0","2.0",",0","8",",0","5",",0","2",",0","0",",0","0",",0","0",",0","0",",0","0",",0","11",",0","0",",0","1","","19600607",",,0","19600630","+,,0","19600630","+,,0","1","","19600624",",,0","19600629",",,0","4.4",",0,07,","0",",,0,30,+","0",",,0,30,+","47.5",",,0,24,","25.6",",0,29,","4562.8","0","105.8",",0","120.0",",,,0","0",",,,0","14.87",",0","20.30",",,,0","9.44",",,,0"
"USC00478905","1960-07","45.3582","-86.891","209.1","WASHINGTON IS, WI US","40.1","0","38.1",",0","11",",0","6",",0","1",",0","0",",0","0",",0","0",",0","0",",0","0",",0","23",",0","0",",0","","","19600701",",,0","19600731","+,,0","19600731","+,,0","2","","19600727",",,0","19600712",",,0","5.6",",0,01,","0",",,0,31,+","0",",,0,31,+","25.4",",,0,27,","29.4",",0,12,","35.5","0","35.5",",0","86.2",",,,0","0",",,,0","18.42",",0","23.57",",,,0","13.26",",,,0"
"USC00478905","1960-08","45.3582","-86.891","209.1","WASHINGTON IS, WI US","92.1","0","52.0",",0","8",",0","6",",0","2",",0","0",",0","0",",0","0",",0","0",",0","0",",0","31",",0","0",",0","","","19600815",",,0","19600831","+,,0","19600831","+,,0","2","","19600814",",,0","19600819","+,,0","7.2",",0,15,","0",",,0,31,+","0",",,0,31,+","46.5",",,0,14,","27.8",",0,19,+","51.9","0","16.4",",0","137.1",",,,0","0",",,,0","19.48",",0","24.21",",,,0","14.75",",,,0"
"USC00478905","1960-09","45.3582","-86.891","209.1","WASHINGTON IS, WI US","114.6","0","22.5",",0","10",",0","9",",0","1",",0","0",",0","0",",0","0",",0","0",",0","0",",0","13",",0","0",",0","","","19600928","+,,0","19600930","+,,0","19600930","+,,0","3","","19600903",",,0","19600907",",,0","3.3",",0,28,+","0",",,0,30,+","0",",,0,30,+","33.5",",,0,03,","27.2",",0,07,","146.7","0","94.8",",0","96.8",",,,0","0",",,,0","15.92",",0","20.16",",,,0","11.68",",,,0"
"USC00478905","1960-10","45.3582","-86.891","209.1","WASHINGTON IS, WI US","114.6","0","0.0",",0","9",",0","5",",0","1",",0","0",",0","0",",0","0",",0","3",",0","0",",0","1",",0","0",",0","","","19601024","+,,0","19601031","+,,0","19601031","+,,0","","","19601031",",,0","19601010",",,0","-1.1",",0,24,+","0",",,0,31,+","0",",,0,31,+","27.9",",,0,31,","23.9",",0,10,","420.2","0","273.5",",0","59.7",",,,0","0",",,,0","9.51",",0","13.68",",,,0","5.35",",,,0"
"USC00478905","1960-11","45.3582","-86.891","209.1","WASHINGTON IS, WI US","114.6","0","0.0",",0","9",",0","3",",0","0",",0","0","1,0","1",",0","0",",0","12",",0","1",",0","0",",0","0",",0","1","","19601130",",,0","19601130","+,1,0","19601130",",,0","1","","19601128",",,0","19601128","+,,0","-5.6",",0,30,","0","1,,0,30,+","51",",,0,30,","19.8",",,0,28,","11.7",",0,28,+","845.7","0","425.5",",0","40.4",",,,0","51",",,,0","4.15",",0","7.41",",,,0","0.89",",,,0"
"USC00478905","1960-12","45.3582","-86.891","209.1","WASHINGTON IS, WI US","114.6","0","0.0",",0","2",",0","0",",0","0",",0","","","2",",0","0",",0","29",",0","23",",0","0",",0","0",",0","","","19601224",",,0","","","19601231","+,,0","","","19601231",",,0","19601205",",,0","-17.2",",0,24,","","","25",",,0,31,+","1.5",",,0,31,","8.3",",0,05,","1571.1","0","725.4",",0","2.0",",,,0","50",",,,0","-5.07",",0","-2.13",",,,0","-8.00",",,,0"
"USC00478905","1961-01","45.3582","-86.891","209.1","WASHINGTON IS, WI US","0.0","0","0.0",",0","2",",0","0",",0","0",",0","13",",0","2",",0","9",",0","31",",0","22",",0","0",",0","0",",0","","","19610125","+,,0","19610131","+,,0","19610119",",,0","","","19610119",",,0","19610113",",,0","-21.1",",0,25,+","127",",,0,31,+","127",",,0,19,","1.8",",,0,19,","5.6",",0,13,","2402.2","0","831.1",",0","2.1",",,,0","152",",,,0","-8.48",",0","-4.88",",,,0","-12.08",",,,0"
"USC00478905","1961-02","45.3582","-86.891","209.1","WASHINGTON IS, WI US","0.0","0","0.0",",0","6",",0","4",",0","0",",0","28",",0","3",",0","2",",0","28",",0","12",",0","0",",0","0",",0","1","","19610204","+,,0","19610216","+,,0","19610215",",,0","","","19610218",",,0","19610222",",,0","-17.8",",0,04,+","356",",,0,16,+","203",",,0,15,","9.1",",,0,18,","8.9",",0,22,","3033.7","0","631.5",",0","25.4",",,,0","368",",,,0","-4.22",",0","0.22",",,,0","-8.66",",,,0"
"USC00478905","1961-03","45.3582","-86.891","209.1","WASHINGTON IS, WI US","0.0","0","0.0",",0","10",",0","6",",0","0",",0","26",",0","3",",0","0",",0","28",",0","6",",0","0",",0","0",",0","3","","19610310",",,0","19610317","+,,0","19610313","+,,0","","","19610306",",,0","19610327",",,0","-13.9",",0,10,","203",",,0,17,+","51",",,0,13,+","19.3",",,0,06,","10.0",",0,27,","3617.6","0","583.9",",0","44.6",",,,0","166",",,,0","-0.50",",0","2.91",",,,0","-3.91",",,,0"
"USC00478905","1961-04","45.3582","-86.891","209.1","WASHINGTON IS, WI US","0.0","0","0.0",",0","6",",0","4",",0","0",",0","0",",0","0",",0","0",",0","17",",0","0",",0","0",",0","0",",0","","","19610402",",,0","19610430","+,,0","19610416",",,0","","","19610416",",,0","19610421",",,0","-6.7",",0,02,","0",",,0,30,+","0",",T,0,16,","11.9",",,0,16,","19.4",",0,21,","4038.1","0","420.5",",0","27.1",",,,0","0",",T,,0","4.32",",0","8.76",",,,0","-0.13",",,,0"
"USC00478905","1961-05","45.3582","-86.891","209.1","WASHINGTON IS, WI US","0.0","0","0.0",",0","8",",0","5",",0","0",",0","0",",0","0",",0","0",",0","7",",0","0",",0","2",",0","0",",0","3","","19610501",",,0","19610531","+,,0","19610531","+,,0","","","19610508",",,0","19610524",",,0","-3.3",",0,01,","0",",,0,31,+","0",",,0,31,+","17.0",",,0,08,","23.9",",0,24,","4322.6","0","284.5",",0","52.1",",,,0","0",",,,0","9.15",",0","14.87",",,,0","3.44",",,,0"
"USC00478905","1961-06","45.3582","-86.891","209.1","WASHINGTON IS, WI US","9.8","0","9.8",",0","8",",0","7",",0","2",",0","0",",0","0",",0","0",",0","0",",0","0",",0","17",",0","0",",0","1","","19610603",",,0","19610630","+,,0","19610630","+,,0","2","","19610622",",,0","19610629",",,0","2.2",",0,03,","0",",,0,30,+","0",",,0,30,+","40.1",",,0,22,","29.4",",0,29,","4411.8","0","89.2",",0","116.4",",,,0","0",",,,0","15.69",",0","21.94",",,,0","9.43",",,,0"
"USC00478905","1961-07","45.3582","-86.891","209.1","WASHINGTON IS, WI US","47.5","0","37.7",",0","11",",0","10",",0","1",",0","0",",0","0",",0","0",",0","0",",0","0",",0","31",",0","0",",0","","","19610709","+,,0","19610731","+,,0","19610731","+,,0","","","19610722",",,0","19610729",",,0","6.7",",0,09,+","0",",,0,31,+","0",",,0,31,+","29.7",",,0,22,","29.4",",0,29,","16.4","0","16.4",",0","85.5",",,,0","0",",,,0","19.02",",0","24.18",",,,0","13.86",",,,0"
"USC00478905","1961-08","45.3582","-86.891","209.1","WASHINGTON IS, WI US","104.0","0","56.5",",0","9",",0","6",",0","0",",0","0",",0","0",",0","0",",0","0",",0","0",",0","31",",0","0",",0","","","19610813",",,0","19610831","+,,0","19610831","+,,0","","","19610827",",,0","19610830",",,0","7.2",",0,13,","0",",,0,31,+","0",",,0,31,+","17.8",",,0,27,","29.4",",0,30,","28.1","0","11.7",",0","64.6",",,,0","0",",,,0","19.78",",0","25.03",",,,0","14.52",",,,0"
"USC00478905","1961-09","45.3582","-86.891","209.1","WASHINGTON IS, WI US","141.8","0","37.8",",0","4",",0","4",",0","1",",0","0",",0","0",",0","0",",0","1",",0","0",",0","13",",0","0",",0","1","","19610929",",,0","19610930","+,,0","19610930","+,,0","","","19610913",",,0","19610910",",,0","-0.6",",0,29,","0",",,0,30,+","0",",,0,30,+","35.6",",,0,13,","29.4",",0,10,","114.8","0","86.7",",0","90.8",",,,0","0",",,,0","16.71",",0","20.71",",,,0","12.70",",,,0"
"USC00478905","1961-10","45.3582","-86.891","209.1","WASHINGTON IS, WI US","141.8","0","0.0",",0","9",",0","9",",0","0",",0","0",",0","0",",0","0",",0","3",",0","0",",0","1",",0","0",",0","","","19611016",",,0","19611031","+,,0","19611031","+,,0","","","19611019",",,0","19611005",",,0","-2.2",",0,16,","0",",,0,31,+","0",",,0,31,+","21.6",",,0,19,","21.1",",0,05,","380.1","0","265.3",",0","80.3",",,,0","0",",,,0","9.78",",0","13.40",",,,0","6.15",",,,0"
"USC00478905","1961-11","45.3582","-86.891","209.1","WASHINGTON IS, WI US","141.8","0","0.0",",0","5",",0","4",",0","1",",0","0",",0","0",",0","0",",0","18",",0","1",",0","0",",0","0",",0","1","","19611119",",,0","19611130","+,,0","19611116",",,0","","","19611122",",,0","19611103",",,0","-6.7",",0,19,","0",",,0,30,+","0",",T,0,16,","29.0",",,0,22,","15.6",",0,03,","853.3","0","473.2",",0","76.9",",,,0","0",",T,,0","2.56",",0","5.64",",,,0","-0.52",",,,0"
"USC00478905","1962-01","45.3582","-86.891","209.1","WASHINGTON IS, WI US","0.0","0","0.0",",0","7",",0","5",",0","0",",0","","","6",",0","6",",0","31",",0","24",",0","0",",0","0",",0","","","19620118",",,0","","","19620129",",,0","","","19620129",",,0","19620126",",,0","-26.1",",0,18,","","","254",",,0,29,","9.7",",,0,29,","3.3",",0,26,","","","868.8",",0","30.4",",,,0","623",",,,0","-9.69",",0","-5.75",",,,0","-13.64",",,,0"
"USC00478905","1962-02","45.3582","-86.891","209.1","WASHINGTON IS, WI US","0.0","0","0.0",",0","12",",0","7",",0","0",",0","","","9",",0","12",",0","28",",0","23",",0","0",",0","0",",0","","","19620208",",,0","","","19620226",",,0","","","19620214",",,0","19620204",",,0","-26.7",",0,08,","","","178",",,0,26,","18.3",",,0,14,","2.8",",0,04,","","","777.3",",0","58.2",",,,0","915",",,,0","-9.43",",0","-4.58",",,,0","-14.28",",,,0"
"USC00478905","1962-03","45.3582","-86.891","209.1","WASHINGTON IS, WI US","0.0","0","0.0",",0","5",",0","4",",0","0",",0","","","3",",0","2",",0","29",",0","5",",0","0",",0","0",",0","2","","19620301",",,0","","","19620312",",,0","","","19620312",",,0","19620326",",,0","-32.2",",0,01,","","","127",",,0,12,","16.5",",,0,12,","8.9",",0,26,","","","657.2",",0","31.4",",,,0","190",",,,0","-2.87",",0","2.09",",,,0","-7.83",",,,0"
"USC00478905","1962-04","45.3582","-86.891","209.1","WASHINGTON IS, WI US","0.0","0","0.0",",0","6",",0","6",",0","0",",0","","","1",",0","0",",0","18",",0","0",",0","0",",0","0",",0","","","19620403",",,0","","","19620407",",,0","","","19620407",",,0","19620425",",,0","-11.7",",0,03,","","","229",",,0,07,","20.3",",,0,07,","18.9",",0,25,","","","449.1",",0","70.9",",,,0","229",",,,0","3.36",",0","8.19",",,,0","-1.46",",,,0"
"USC00478905","1962-05","45.3582","-86.891","209.1","WASHINGTON IS, WI US","0.3","0","0.3",",0","8",",0","4",",0","2",",0","0",",0","0",",0","0",",0","2",",0","0",",0","3",",0","0",",0","3","","19620509",",,0","19620531","+,,0","19620531","+,,0","1","","19620529",",,0","19620518",",,0","-1.1",",0,09,","0",",,0,31,+","0",",,0,31,+","29.0",",,0,29,","26.1",",0,18,","","","218.1",",0","67.8",",,,0","0",",,,0","11.30",",0","16.28",",,,0","6.33",",,,0"
"USC00478905","1962-06","45.3582","-86.891","209.1","WASHINGTON IS, WI US","7.0","0","6.7",",0","12",",0","8",",0","1",",0","0",",0","0",",0","0",",0","0",",0","0",",0","21",",0","0",",0","3","","19620603",",,0","19620630","+,,0","19620630","+,,0","1","","19620618",",,0","19620630",",,0","2.2",",0,03,","0",",,0,30,+","0",",,0,30,+","27.2",",,0,18,","27.2",",0,30,","","","90.1",",0","70.8",",,,0","0",",,,0","15.55",",0","21.06",",,,0","10.04",",,,0"
"USC00478905","1962-07","45.3582","-86.891","209.1","WASHINGTON IS, WI US","31.2","0","24.2",",0","8",",0","7",",0","0",",0","0",",0","0",",0","0",",0","0",",0","0",",0","30",",0","0",",0","","","19620731",",,0","19620731","+,,0","19620731","+,,0","","","19620721",",,0","19620707",",,0","6.7",",0,31,","0",",,0,31,+","0",",,0,31,+","19.1",",,0,21,","28.9",",0,07,","15.5","0","15.5",",0","73.5",",,,0","0",",,,0","18.61",",0","24.44",",,,0","12.79",",,,0"
"USC00478905","1962-08","45.3582","-86.891","209.1","WASHINGTON IS, WI US","65.4","0","34.2",",0","9",",0","9",",0","2",",0","0",",0","0",",0","0",",0","0",",0","0",",0","29",",0","0",",0","","","19620817",",,0","19620831","+,,0","19620831","+,,0","7","","19620812",",,0","19620806",",,0","5.0",",0,17,","0",",,0,31,+","0",",,0,31,+","26.9",",,0,12,","28.3",",0,06,","40.5","0","25.0",",0","115.6",",,,0","0",",,,0","18.63",",0","23.62",",,,0","13.64",",,,0"
"USC00478905","1962-09","45.3582","-86.891","209.1","WASHINGTON IS, WI US","66.2","0","0.8",",0","9",",0","9",",0","0",",0","0",",0","0",",0","0",",0","0",",0","0",",0","8",",0","0",",0","","","19620921",",,0","19620930","+,,0","19620930","+,,0","2","","19620910",",,0","19620902",",,0","1.7",",0,21,","0",",,0,30,+","0",",,0,30,+","21.6",",,0,10,","23.9",",0,02,","180.3","0","139.8",",0","68.5",",,,0","0",",,,0","13.70",",0","18.31",",,,0","9.09",",,,0"
"USC00478905","1962-10","45.3582","-86.891","209.1","WASHINGTON IS, WI US","66.2","0","0.0",",0","8",",0","4",",0","0",",0","0",",0","0",",0","0",",0","5",",0","0",",0","0",",0","0",",0","3","","19621029","+,,0","19621031","+,,0","19621031","+,,0","","","19621003",",,0","19621019","+,,0","-2.8",",0,29,+","0",",,0,31,+","0",",,0,31,+","14.2",",,0,03,","19.4",",0,19,+","437.8","0","257.5",",0","38.1",",,,0","0",",,,0","10.03",",0","13.69",",,,0","6.36",",,,0"
"USC00478905","1962-11","45.3582","-86.891","209.1","WASHINGTON IS, WI US","66.2","0","0.0",",0","4",",0","3",",0","0",",0","0","4,0","1",",0","0",",0","18",",0","0",",0","0",",0","0",",0","","","19621122",",,0","19621130","+,4,0","19621123",",,0","","","19621123",",,0","19621130",",,0","-3.9",",0,22,","0","4,,0,30,+","127",",,0,23,","10.2",",,0,23,","10.0",",0,30,","892.1","0","454.3",",0","23.4",",,,0","127",",,,0","3.19",",0","6.48",",,,0","-0.10",",,,0"
"USC00478905","1962-12","45.3582","-86.891","209.1","WASHINGTON IS, WI US","66.2","0","0.0",",0","6",",0","3",",0","0",",0","","","4",",0","4",",0","27",",0","22",",0","0",",0","0",",0","1","","19621231",",,0","","","19621225","+,,0","","","19621204",",,0","19621202",",,0","-19.4",",0,31,","","","51",",,0,25,+","9.7",",,0,04,","11.1",",0,02,","1597.5","0","705.4",",0","25.7",",,,0","152",",,,0","-4.42",",0","-0.99",",,,0","-7.85",",,,0"
"USC00478905","1963-01","45.3582","-86.891","209.1","WASHINGTON IS, WI US","0.0","0","0.0",",0","2",",0","2",",0","0",",0","30","1,0","2",",0","17",",0","31",",0","28",",0","0",",0","0",",0","","","19630123",",,0","19630130","+,1,0","19630112",",,0","","","19630112",",,0","19630109",",,0","-30.6",",0,23,","305","1,,0,30,+","102",",,0,12,","5.1",",,0,12,","3.3",",0,09,","2559.2","0","961.7",",0","7.6",",,,0","178",",,,0","-12.69",",0","-9.32",",,,0","-16.06",",,,0"
"USC00478905","1963-02","45.3582","-86.891","209.1","WASHINGTON IS, WI US","0.0","0","0.0",",0","7",",0","2",",0","0",",0","27","1,0","3","1,0","13",",0","28",",0","27",",0","0",",0","0",",0","","","19630226",",,0","19630228","+,1,0","19630204",",1,0","","","19630204",",,0","19630206",",,0","-28.3",",0,26,","432","1,,0,28,+","127","1,,0,04,","4.8",",,0,04,","1.7",",0,06,","3405.9","0","846.7",",0","15.5",",,,0","229","1,,,0","-11.91",",0","-6.50",",,,0","-17.31",",,,0"
"USC00478905","1963-03","45.3582","-86.891","209.1","WASHINGTON IS, WI US","0.0","0","0.0",",0","8",",0","5",",0","0",",0","30",",0","4",",0","3",",0","30",",0","11",",0","0",",0","0",",0","1","","19630309",",,0","19630312","+,,0","19630306",",,0","","","19630306",",,0","19630330",",,0","-22.2",",0,09,","457",",,0,12,+","127",",,0,06,","8.6",",,0,06,","17.2",",0,30,","4066.0","0","660.1",",0","30.3",",,,0","254",",,,0","-2.96",",0","2.27",",,,0","-8.20",",,,0"
"USC00478905","1963-04","45.3582","-86.891","209.1","WASHINGTON IS, WI US","0.0","0","0.0",",0","6",",0","4",",0","0",",0","0",",0","1",",0","0",",0","19",",0","0",",0","0",",0","0",",0","3","","19630404",",,0","19630430","+,,0","19630423",",,0","1","","19630419",",,0","19630417",",,0","-5.6",",0,04,","0",",,0,30,+","76",",,0,23,","6.6",",,0,19,","20.6",",0,17,","4462.9","0","396.9",",0","21.4",",,,0","76",",,,0","5.10",",0","11.13",",,,0","-0.93",",,,0"
"USC00478905","1963-05","45.3582","-86.891","209.1","WASHINGTON IS, WI US","0.0","0","0.0",",0","10",",0","7",",0","2",",0","0",",0","0",",0","0",",0","7",",0","0",",0","2",",0","0",",0","","","19630501",",,0","19630531","+,,0","19630531","+,,0","1","","19630509",",,0","19630530",",,0","-5.0",",0,01,","0",",,0,31,+","0",",,0,31,+","29.2",",,0,09,","22.8",",0,30,","4751.5","0","288.6",",0","92.4",",,,0","0",",,,0","9.02",",0","14.50",",,,0","3.55",",,,0"
"USC00478905","1963-06","45.3582","-86.891","209.1","WASHINGTON IS, WI US","19.9","0","19.9",",0","6",",0","4",",0","0",",0","0",",0","0",",0","0",",0","0",",0","0",",0","19",",0","0",",0","2","","19630621",",,0","19630630","+,,0","19630630","+,,0","1","","19630610",",,0","19630629","+,,0","3.9",",0,21,","0",",,0,30,+","0",",,0,30,+","10.2",",,0,10,","29.4",",0,29,+","4837.8","0","86.3",",0","29.0",",,,0","0",",,,0","16.12",",0","22.35",",,,0","9.90",",,,0"
"USC00478905","1963-07","45.3582","-86.891","209.1","WASHINGTON IS, WI US","86.2","0","66.3",",0","9",",0","7",",0","1",",0","0",",0","0",",0","0",",0","0",",0","0",",0","31",",0","0",",0","","","19630704",",,0","19630731","+,,0","19630731","+,,0","","","19630720",",,0","19630701",",,0","5.6",",0,04,","0",",,0,31,+","0",",,0,31,+","32.5",",,0,20,","30.6",",0,01,","15.0","0","15.0",",0","87.9",",,,0","0",",,,0","19.99",",0","25.51",",,,0","14.46",",,,0"
"USC00478905","1963-08","45.3582","-86.891","209.1","WASHINGTON IS, WI US","121.1","0","34.9",",0","9",",0","3",",0","1",",0","0",",0","0",",0","0",",0","0",",0","0",",0","23",",0","0",",0","","","19630818",",,0","19630831","+,,0","19630831","+,,0","1","","19630812",",,0","19630806","+,,0","4.4",",0,18,","0",",,0,31,+","0",",,0,31,+","38.4",",,0,12,","28.9",",0,06,+","58.9","0","43.9",",0","57.0",",,,0","0",",,,0","18.04",",0","23.26",",,,0","12.82",",,,0"
"USC00478905","1963-09","45.3582","-86.891","209.1","WASHINGTON IS, WI US","123.1","0","2.0",",0","7",",0","4",",0","0",",0","0",",0","0",",0","0",",0","0",",0","0",",0","7",",0","0",",0","2","","19630914","+,,0","19630930","+,,0","19630930","+,,0","","","19630902",",,0","19630901",",,0","2.2",",0,14,+","0",",,0,30,+","0",",,0,30,+","13.7",",,0,02,","24.4",",0,01,","189.6","0","130.7",",0","38.6",",,,0","0",",,,0","14.04",",0","18.72",",,,0","9.37",",,,0"
"USC00478905","1963-10","45.3582","-86.891","209.1","WASHINGTON IS, WI US","125.6","0","2.5",",0","7",",0","3",",0","0",",0","0",",0","0",",0","0",",0","2",",0","0",",0","5",",0","0",",0","","","19631030",",,0","19631031","+,,0","19631031","+,,0","1","","19631002",",,0","19631006",",,0","-0.6",",0,30,","0",",,0,31,+","0",",,0,31,+","7.6",",,0,02,","28.9",",0,06,","348.1","0","158.5",",0","22.6",",,,0","0",",,,0","13.30",",0","18.21",",,,0","8.40",",,,0"
"USC00478905","1963-12","45.3582","-86.891","209.1","WASHINGTON IS, WI US","","","0.0",",0","7",",0","2",",0","0",",0","","","4",",0","0",",0","31",",0","25",",0","0",",0","0",",0","","","19631229","+,,0","","","19631212",",,0","","","19631212",",,0","19631208",",,0","-16.1",",0,29,+","","","102",",,0,12,","13.5",",,0,12,","8.3",",0,08,","","","749.0",",0","20.8",",,,0","268",",,,0","-5.83",",0","-2.73",",,,0","-8.93",",,,0"
"USC00478905","1964-01","45.3582","-86.891","209.1","WASHINGTON IS, WI US","0.0","0","0.0",",0","3",",0","2",",0","0",",0","7",",0","0",",0","0",",0","31",",0","14",",0","0",",0","0",",0","","","19640110",",,0","19640101",",,0","19640106",",,0","","","19640125",",,0","19640121",",,0","-15.0",",0,10,","127",",,0,01,","13",",,0,06,","10.7",",,0,25,","5.6",",0,21,","","","695.0",",0","21.2",",,,0","13",",,,0","-4.09",",0","-0.29",",,,0","-7.88",",,,0"
"USC00478905","1964-02","45.3582","-86.891","209.1","WASHINGTON IS, WI US","0.0","0","0.0",",0","2",",0","0",",0","0",",0","14",",0","1",",0","1",",0","29",",0","19",",0","0",",0","0",",0","","","19640224",",,0","19640224","+,,0","19640207",",,0","","","19640207",",,0","19640229",",,0","-18.9",",0,24,","25",",,0,24,+","25",",,0,07,","0.8",",,0,07,","10.6",",0,29,","","","660.9",",0","1.3",",,,0","38",",,,0","-4.46",",0","-0.32",",,,0","-8.60",",,,0"
"USC00478905","1964-03","45.3582","-86.891","209.1","WASHINGTON IS, WI US","0.0","0","0.0",",0","7",",0","3",",0","0",",0","10",",0","2",",0","0",",0","31",",0","9",",0","0",",0","0",",0","","","19640317","+,,0","19640328","+,,0","19640326",",,0","","","19640326",",,0","19640302","+,,0","-12.8",",0,17,+","254",",,0,28,+","254",",,0,26,","11.4",",,0,26,","8.9",",0,02,+","","","622.0",",0","29.2",",,,0","323",",,,0","-1.73",",0","2.39",",,,0","-5.86",",,,0"
"USC00478905","1964-05","45.3582","-86.891","209.1","WASHINGTON IS, WI US","","","0.0",",0","11",",0","7",",0","0",",0","0",",0","0",",0","0",",0","1",",0","0",",0","7",",0","0",",0","","","19640514",",,0","19640531","+,,0","19640531","+,,0","","","19640516",",,0","19640519","+,,0","-0.6",",0,14,","0",",,0,31,+","0",",,0,31,+","23.1",",,0,16,","23.9",",0,19,+","","","200.0",",0","85.9",",,,0","0",",,,0","11.88",",0","17.49",",,,0","6.27",",,,0"
"USC00478905","1964-06","45.3582","-86.891","209.1","WASHINGTON IS, WI US","","","26.1",",0","6",",0","4",",0","1",",0","0",",0","0",",0","0",",0","1",",0","0",",0","17",",0","1",",0","","","19640602",",,0","19640630","+,,0","19640630","+,,0","1","","19640610",",,0","19640630",",,0","-0.6",",0,02,","0",",,0,30,+","0",",,0,30,+","39.4",",,0,10,","32.8",",0,30,","","","109.7",",0","53.6",",,,0","0",",,,0","15.55",",0","21.62",",,,0","9.48",",,,0"
"USC00478905","1964-07","45.3582","-86.891","209.1","WASHINGTON IS, WI US","","","79.5",",0","7",",0","4",",0","2",",0","0",",0","0",",0","0",",0","0",",0","0",",0","29",",0","0",",0","","","19640730","+,,0","19640731","+,,0","19640731","+,,0","2","","19640725",",,0","19640723",",,0","7.8",",0,30,+","0",",,0,31,+","0",",,0,31,+","36.6",",,0,25,","31.1",",0,23,","16.7","0","16.7",",0","76.2",",,,0","0",",,,0","20.36",",0","25.99",",,,0","14.73",",,,0"
"USC00478905","1964-08","45.3582","-86.891","209.1","WASHINGTON IS, WI US","","","29.7",",0","12",",0","10",",0","2",",0","0",",0","0",",0","0",",0","0",",0","0",",0","19",",0","0",",0","","","19640819","+,,0","19640831","+,,0","19640831","+,,0","","","19640801",",,0","19640803",",,0","5.0",",0,19,+","0",",,0,31,+","0",",,0,31,+","30.5",",,0,01,","29.4",",0,03,","76.8","0","60.1",",0","101.7",",,,0","0",",,,0","17.35",",0","21.97",",,,0","12.74",",,,0"
"USC00478905","1964-09","45.3582","-86.891","209.1","WASHINGTON IS, WI US","","","6.2",",0","14",",0","10",",0","0",",0","0",",0","0",",0","0",",0","1",",0","0",",0","9",",0","0",",0","","","19640928",",,0","19640930","+,,0","19640930","+,,0","1","","19640908",",,0","19640903",",,0","-1.1",",0,28,","0",",,0,30,+","0",",,0,30,+","17.8",",,0,08,","26.1",",0,03,","209.2","0","132.4",",0","100.5",",,,0","0",",,,0","14.13",",0","18.30",",,,0","9.95",",,,0"
"USC00478905","1964-10","45.3582","-86.891","209.1","WASHINGTON IS, WI US","","","0.0",",0","3",",0","3",",0","0",",0","0",",0","0",",0","0",",0","5",",0","0",",0","1",",0","0",",0","","","19641023",",,0","19641031","+,,0","19641009",",,0","","","19641008",",,0","19641025",",,0","-3.3",",0,23,","0",",,0,31,+","0",",T,0,09,","17.3",",,0,08,","22.2",",0,25,","508.2","0","299.0",",0","27.7",",,,0","0",",T,,0","8.69",",0","13.14",",,,0","4.24",",,,0"
"USC00478905","1964-11","45.3582","-86.891","209.1","WASHINGTON IS, WI US","","","0.0",",0","9",",0","5",",0","0",",0","0",",0","0",",0","0",",0","12",",0","5",",0","0",",0","0",",0","","","19641129",",,0","19641130","+,,0","19641130","+,,0","","","19641128",",,0","19641111","+,,0","-10.6",",0,29,","0",",T,0,30,+","0",",T,0,30,+","13.7",",,0,28,","17.8",",0,11,+","919.3","0","411.1",",0","42.2",",,,0","0",",T,,0","4.63",",0","8.29",",,,0","0.96",",,,0"
"USC00478905","1964-12","45.3582","-86.891","209.1","WASHINGTON IS, WI US","","","0.0",",0","12",",0","8",",0","0",",0","","","","","1",",0","29",",0","17",",0","0",",0","0",",0","","","19641217",",,0","","","","","","","19641225",",,0","19641211",",,0","-18.9",",0,17,","","","","","7.1",",,0,25,","5.0",",0,11,","1616.3","0","697.0",",0","44.3",",,,0","","","-4.15",",0","-0.72",",,,0","-7.58",",,,0"
"USC00478905","1965-01","45.3582","-86.891","209.1","WASHINGTON IS, WI US","0.0","0","0.0",",0","11",",0","7",",0","0",",0","31",",0","5",",0","12",",0","30",",0","18",",0","0",",0","0",",0","","","19650130","+,,0","19650131","+,,0","19650124",",,0","","","19650101",",,0","19650108","+,,0","-25.0",",0,30,+","203",",,0,31,+","165",",,0,24,","10.2",",,0,01,","4.4",",0,08,+","2437.6","0","821.3",",0","44.3",",,,0","419",",,,0","-8.16",",0","-3.39",",,,0","-12.93",",,,0"
"USC00478905","1965-02","45.3582","-86.891","209.1","WASHINGTON IS, WI US","0.0","0","0.0","1,0","5",",0","4",",0","0",",0","28",",0","4",",0","9","1,0","27","1,0","16",",0","0",",0","0",",0","","","19650222","+,1,0","19650205",",,0","19650212",",,0","","","19650210",",,0","19650210",",,0","-24.4","1,0,22,+","279",",,0,05,","140",",,0,12,","7.6",",,0,10,","5.0",",0,10,","3149.2","0","711.6",",0","23.9",",,,0","266",",,,0","-7.97","1,0","-2.48",",,,0","-13.45","1,,,0"
"USC00478905","1965-03","45.3582","-86.891","209.1","WASHINGTON IS, WI US","0.0","0","0.0","1,0","12","2,0","6","2,0","0","2,0","30","1,0","3",",0","0","1,0","30","1,0","10","1,0","0","1,0","0","1,0","","","19650321",",1,0","19650327","+,1,0","19650327","+,,0","","","19650309",",2,0","19650308","+,1,0","-17.2","1,0,21,","229","1,,0,27,+","38",",,0,27,+","5.1","2,,0,09,","5.6","1,0,08,+","3803.4","0","654.2","1,0","47.2",",a,,0","305",",a,,0","-3.48","1,0","0.91","1,,,0","-7.86","1,,,0"
"USC00478905","1965-04","45.3582","-86.891","209.1","WASHINGTON IS, WI US","0.0","0","0.0",",0","11",",0","8",",0","2",",0","11",",0","1",",0","0",",0","18",",0","1",",0","0",",0","0",",0","","","19650403",",,0","19650401",",,0","19650401",",,0","2","","19650412",",,0","19650430",",,0","-10.0",",0,03,","330",",,0,01,","152",",,0,01,","41.1",",,0,12,","19.4",",0,30,","4250.1","0","446.7",",0","121.1",",,,0","152",",,,0","3.44",",0","7.90",",,,0","-1.02",",,,0"
"USC00478905","1965-05","45.3582","-86.891","209.1","WASHINGTON IS, WI US","0.0","0","0.0",",0","14",",0","9",",0","1",",0","0",",0","0",",0","0",",0","0",",0","0",",0","0",",0","0",",0","","","19650513",",,0","19650531","+,,0","19650514",",,0","10","","19650516",",,0","19650524","+,,0","0.6",",0,13,","0",",,0,31,+","0",",T,0,14,","81.5",",,0,16,","18.9",",0,24,+","4504.7","0","254.6",",0","173.5",",,,0","0",",T,,0","10.12",",0","15.04",",,,0","5.20",",,,0"
"USC00478905","1965-06","45.3582","-86.891","209.1","WASHINGTON IS, WI US","6.0","0","6.0",",0","9",",0","7",",0","0",",0","0",",0","0",",0","0",",0","0",",0","0",",0","14",",0","0",",0","","","19650611","+,,0","19650630","+,,0","19650630","+,,0","3","","19650601",",,0","19650628",",,0","6.1",",0,11,+","0",",,0,30,+","0",",,0,30,+","16.5",",,0,01,","28.3",",0,28,","4605.7","0","101.0",",0","43.1",",,,0","0",",,,0","15.17",",0","20.57",",,,0","9.76",",,,0"
"USC00478905","1965-07","45.3582","-86.891","209.1","WASHINGTON IS, WI US","31.0","0","25.0",",0","8",",0","4",",0","1",",0","0",",0","0",",0","0",",0","0",",0","0",",0","24",",0","0",",0","","","19650706",",,0","19650731","+,,0","19650731","+,,0","4","","19650731",",,0","19650722",",,0","5.6",",0,06,","0",",,0,31,+","0",",,0,31,+","33.0",",,0,31,","31.1",",0,22,","38.8","0","38.8",",0","61.7",",,,0","0",",,,0","17.89",",0","23.85",",,,0","11.92",",,,0"
"USC00478905","1965-08","45.3582","-86.891","209.1","WASHINGTON IS, WI US","68.0","0","37.0",",0","10",",0","7",",0","0",",0","0",",0","0",",0","0",",0","0",",0","0",",0","23",",0","1",",0","","","19650829",",,0","19650831","+,,0","19650831","+,,0","4","","19650827",",,0","19650814",",,0","5.6",",0,29,","0",",,0,31,+","0",",,0,31,+","13.2",",,0,27,","32.8",",0,14,","81.9","0","43.1",",0","58.0",",,,0","0",",,,0","18.14",",0","22.89",",,,0","13.38",",,,0"
"USC00478905","1965-09","45.3582","-86.891","209.1","WASHINGTON IS, WI US","68.5","0","0.5",",0","17",",0","13",",0","3",",0","0",",0","0",",0","0",",0","1",",0","0",",0","6",",0","0",",0","","","19650927",",,0","19650926",",,0","19650926",",,0","5","","19650919",",,0","19650918",",,0","-1.7",",0,27,","0",",T,0,26,","0",",T,0,26,","37.8",",,0,19,","23.3",",0,18,","238.2","0","156.3",",0","202.6",",,,0","0",",T,,0","13.14",",0","17.22",",,,0","9.06",",,,0"
"USC00478905","1965-10","45.3582","-86.891","209.1","WASHINGTON IS, WI US","68.5","0","0.0",",0","10",",0","4",",0","0",",0","0",",0","0",",0","0",",0","3",",0","0",",0","1",",0","0",",0","","","19651029",",,0","19651031","+,,0","19651028","+,,0","1","","19651020",",,0","19651002",",,0","-3.3",",0,29,","0",",,0,31,+","0",",T,0,28,+","9.4",",,0,20,","21.1",",0,02,","523.7","0","285.5",",0","28.6",",,,0","0",",T,,0","9.12",",0","13.23",",,,0","5.02",",,,0"
"USC00478905","1965-11","45.3582","-86.891","209.1","WASHINGTON IS, WI US","68.5","0","0.0",",0","14",",0","8",",0","0",",0","0",",0","0",",0","0",",0","17",",0","2",",0","0",",0","0",",0","","","19651128",",,0","19651113","+,,0","19651129","+,,0","1","","19651127",",,0","19651103",",,0","-7.8",",0,28,","0",",T,0,13,+","0",",T,0,29,+","22.9",",,0,27,","18.9",",0,03,","993.2","0","469.5",",0","102.7",",,,0","0",",T,,0","2.68",",0","6.33",",,,0","-0.97",",,,0"
"USC00478905","1965-12","45.3582","-86.891","209.1","WASHINGTON IS, WI US","68.5","0","0.0","1,0","11",",0","6",",0","1",",0","1",",0","0",",0","0","1,0","24","1,0","7","1,0","0","1,0","0","1,0","","","19651228",",1,0","19651227",",,0","19651227",",,0","","","19651213",",,0","19651231",",1,0","-11.7","1,0,28,","25",",,0,27,","13",",,0,27,","25.4",",,0,13,","11.1","1,0,31,","1542.6","0","549.4","1,0","76.5",",,,0","13",",,,0","0.02","1,0","3.03","1,,,0","-3.00","1,,,0"
"USC00478905","1966-01","45.3582","-86.891","209.1","WASHINGTON IS, WI US","0.0","0","0.0",",0","11",",0","4",",0","0",",0","29",",0","6",",0","7",",0","31",",0","25",",0","0",",0","0",",0","","","19660128",",,0","19660126",",,0","19660113",",,0","","","19660113",",,0","19660104",",,0","-26.7",",0,28,","279",",,0,26,","152",",,0,13,","14.0",",,0,13,","3.9",",0,04,","2381.2","0","838.6",",0","39.9",",,,0","457",",,,0","-8.72",",0","-4.03",",,,0","-13.41",",,,0"
"USC00478905","1966-02","45.3582","-86.891","209.1","WASHINGTON IS, WI US","0.0","0","0.0",",0","4",",0","2",",0","0",",0","10",",0","0",",0","5",",0","26",",0","14",",0","0",",0","0",",0","","","19660219",",,0","19660205","+,,0","19660216",",,0","","","19660208",",,0","19660210",",,0","-22.2",",0,19,","229",",,0,05,+","13",",,0,16,","3.0",",,0,08,","6.7",",0,10,","3045.2","0","664.0",",0","8.0",",,,0","13",",,,0","-5.38",",0","-1.09",",,,0","-9.68",",,,0"
"USC00478905","1966-03","45.3582","-86.891","209.1","WASHINGTON IS, WI US","0.0","0","0.0",",0","13",",0","8",",0","1",",0","3",",0","2",",0","0",",0","25",",0","4",",0","0",",0","0",",0","","","19660324",",,0","19660324",",,0","19660324",",,0","2","","19660323",",,0","19660329",",,0","-13.3",",0,24,","76",",,0,24,","64",",,0,24,","27.9",",,0,23,","10.0",",0,29,","3600.6","0","555.4",",0","84.7",",,,0","115",",,,0","0.42",",0","4.14",",,,0","-3.30",",,,0"
"USC00478905","1966-04","45.3582","-86.891","209.1","WASHINGTON IS, WI US","0.0","0","0.0",",0","8",",0","5",",0","0",",0","4",",0","2",",0","0",",0","20",",0","0",",0","0",",0","0",",0","","","19660426",",,0","19660401",",,0","19660401",",,0","","","19660401",",,0","19660424",",,0","-5.0",",0,26,","152",",,0,01,","216",",,0,01,","15.2",",,0,01,","19.4",",0,24,","4021.7","0","421.1",",0","43.9",",,,0","280",",,,0","4.30",",0","9.22",",,,0","-0.63",",,,0"
"USC00478905","1966-05","45.3582","-86.891","209.1","WASHINGTON IS, WI US","0.0","0","0.0",",0","10",",0","6",",0","1",",0","0",",0","0",",0","0",",0","7",",0","0",",0","4",",0","0",",0","","","19660502",",,0","19660531","+,,0","19660531","+,,0","","","19660524",",,0","19660505",",,0","-3.9",",0,02,","0",",,0,31,+","0",",,0,31,+","47.0",",,0,24,","22.8",",0,05,","4330.4","0","308.7",",0","86.1",",,,0","0",",,,0","8.38",",0","13.72",",,,0","3.03",",,,0"
"USC00478905","1966-06","45.3582","-86.891","209.1","WASHINGTON IS, WI US","24.4","0","24.4",",0","7",",0","5",",0","0",",0","0",",0","0",",0","0",",0","0",",0","0",",0","17",",0","1",",0","","","19660601",",,0","19660630","+,,0","19660630","+,,0","7","","19660605",",,0","19660629",",,0","2.2",",0,01,","0",",,0,30,+","0",",,0,30,+","19.1",",,0,05,","32.2",",0,29,","4413.3","0","82.9",",0","56.2",",,,0","0",",,,0","16.39",",0","21.84",",,,0","10.93",",,,0"
"USC00478905","1966-07","45.3582","-86.891","209.1","WASHINGTON IS, WI US","136.9","0","112.5",",0","7",",0","5",",0","1",",0","0",",0","0",",0","0",",0","0",",0","0",",0","31",",0","4",",0","","","19660721",",,0","19660731","+,,0","19660731","+,,0","5","","19660726",",,0","19660703",",,0","8.9",",0,21,","0",",,0,31,+","0",",,0,31,+","27.9",",,0,26,","33.9",",0,03,","2.0","0","2.0",",0","49.9",",,,0","0",",,,0","21.90",",0","27.89",",,,0","15.91",",,,0"
"USC00478905","1966-08","45.3582","-86.891","209.1","WASHINGTON IS, WI US","176.1","0","39.2",",0","14",",0","8",",0","0",",0","0",",0","0",",0","0",",0","0",",0","0",",0","25",",0","0",",0","","","19660820",",,0","19660831","+,,0","19660831","+,,0","4","","19660801",",,0","19660829","+,,0","8.3",",0,20,","0",",,0,31,+","0",",,0,31,+","17.8",",,0,01,","29.4",",0,29,+","30.8","0","28.8",",0","64.8",",,,0","0",",,,0","18.67",",0","23.26",",,,0","14.07",",,,0"
"USC00478905","1966-09","45.3582","-86.891","209.1","WASHINGTON IS, WI US","188.9","0","12.8",",0","8",",0","4",",0","0",",0","0",",0","0",",0","0",",0","0",",0","0",",0","15",",0","0",",0","","","19660926",",,0","19660930","+,,0","19660930","+,,0","","","19660929",",,0","19660901",",,0","2.8",",0,26,","0",",,0,30,+","0",",,0,30,+","17.8",",,0,29,","30.0",",0,01,","118.2","0","87.4",",0","35.7",",,,0","0",",,,0","15.84",",0","20.74",",,,0","10.95",",,,0"
"USC00478905","1966-10","45.3582","-86.891","209.1","WASHINGTON IS, WI US","188.9","0","0.0",",0","11",",0","5",",0","0",",0","0",",0","0",",0","0",",0","3",",0","0",",0","0",",0","0",",0","","","19661030",",,0","19661031","+,,0","19661031","+,,0","3","","19661015",",,0","19661007",",,0","-5.0",",0,30,","0",",,0,31,+","0",",,0,31,+","23.6",",,0,15,","20.0",",0,07,","414.1","0","295.9",",0","49.6",",,,0","0",",,,0","8.79",",0","13.14",",,,0","4.44",",,,0"
"USC00478905","1966-11","45.3582","-86.891","209.1","WASHINGTON IS, WI US","188.9","0","0.0",",0","14",",0","9",",0","1",",0","1","3,0","1","1,0","0",",0","19",",0","1",",0","0",",0","0",",0","","","19661113",",,0","19661103",",3,0","19661103",",1,0","2","","19661122",",,0","19661116",",,0","-9.4",",0,13,","51","3,,0,03,","51","1,,0,03,","34.3",",,0,22,","9.4",",0,16,","904.2","0","490.1",",0","105.4",",,,0","51","1,,,0","2.00",",0","5.19",",,,0","-1.20",",,,0"
"USC00478905","1966-12","45.3582","-86.891","209.1","WASHINGTON IS, WI US","188.9","0","0.0",",0","10",",0","6",",0","0",",0","18",",0","4",",0","0",",0","30",",0","19",",0","0",",0","0",",0","","","19661202","+,,0","19661231","+,,0","19661228",",,0","","","19661228",",,0","19661206",",,0","-16.1",",0,02,+","203",",,0,31,+","152",",,0,28,","14.7",",,0,28,","7.2",",0,06,","1582.8","0","678.6",",0","44.2",",,,0","369",",,,0","-3.56",",0","-0.09",",,,0","-7.03",",,,0"
"USC00478905","1967-01","45.3582","-86.891","209.1","WASHINGTON IS, WI US","0.0","0","0.0","3,0","12","2,0","11","2,0","1","2,0","30","1,0","8",",0","2","2,0","28","2,0","14","2,0","0","2,0","0","2,0","","","19670117",",2,0","19670119","+,1,0","19670107",",,0","","","19670107",",2,0","19670124","+,2,0","-25.6","2,0,17,","584","1,,0,19,+","432",",,0,07,","33.0","2,,0,07,","7.2","2,0,24,+","2206.9","0","624.1","2,0","87.2",",a,,0","845",",a,,0","-4.28","3,0","0.36","2,,,0","-8.92","2,,,0"
"USC00478905","1967-02","45.3582","-86.891","209.1","WASHINGTON IS, WI US","0.0","0","0.0",",0","10",",0","6",",0","0",",0","28",",0","9",",0","10",",0","28",",0","19",",0","0",",0","0",",0","","","19670212",",,0","19670228","+,,0","19670218",",,0","","","19670216",",,0","19670204",",,0","-24.4",",0,12,","508",",,0,28,+","203",",,0,18,","14.7",",,0,16,","4.4",",0,04,","2964.4","0","757.5",",0","53.8",",,,0","837",",,,0","-8.72",",0","-3.15",",,,0","-14.29",",,,0"
"USC00478905","1967-03","45.3582","-86.891","209.1","WASHINGTON IS, WI US","0.0","0","0.0",",0","7",",0","5",",0","0",",0","27","3,0","2","1,0","6",",0","29",",0","10",",0","0",",0","0",",0","","","19670301",",,0","19670301",",3,0","19670321",",1,0","","","19670327",",,0","19670331",",,0","-25.0",",0,01,","508","3,,0,01,","76","1,,0,21,","16.5",",,0,27,","12.2",",0,31,","3613.2","0","648.8",",0","36.3",",,,0","101","1,,,0","-2.60",",0","2.52",",,,0","-7.71",",,,0"
"USC00478905","1967-04","45.3582","-86.891","209.1","WASHINGTON IS, WI US","0.0","0","0.0",",0","11",",0","8",",0","0",",0","0",",0","1",",0","0",",0","17",",0","0",",0","0",",0","0",",0","","","19670411",",,0","19670407",",,0","19670407",",,0","4","","19670417",",,0","19670415",",,0","-6.7",",0,11,","0",",T,0,07,","102",",,0,07,","20.3",",,0,17,","18.3",",0,15,","4037.9","0","424.7",",0","94.5",",,,0","102",",,,0","4.18",",0","8.73",",,,0","-0.38",",,,0"
"USC00478905","1967-05","45.3582","-86.891","209.1","WASHINGTON IS, WI US","0.0","0","0.0",",0","8",",0","6",",0","1",",0","0",",0","0",",0","0",",0","8",",0","0",",0","0",",0","0",",0","","","19670504","+,,0","19670531","+,,0","19670521","+,,0","","","19670511",",,0","19670518",",,0","-4.4",",0,04,+","0",",,0,31,+","0",",T,0,21,+","32.3",",,0,11,","20.6",",0,18,","4363.0","0","325.1",",0","65.5",",,,0","0",",T,,0","7.85",",0","13.09",",,,0","2.60",",,,0"
"USC00478905","1967-06","45.3582","-86.891","209.1","WASHINGTON IS, WI US","","","","","","","","","","","0",",0","0",",0","","","","","","","","","","","","","","","19670630","+,,0","19670630","+,,0","5","","","","","","","","0",",,0,30,+","0",",,0,30,+","","","","","","","","","","","0",",,,0","","","","","",""
"USC00478905","1967-07","45.3582","-86.891","209.1","WASHINGTON IS, WI US","","","","","5","4,0","2","4,0","0","4,0","0",",0","0",",0","","","","","","","","","","","","","","","19670731","+,,0","19670731","+,,0","","","19670726",",4,0","","","","","0",",,0,31,+","0",",,0,31,+","5.6","4,,0,26,","","","","","","","10.7","4,,,0","0",",,,0","","","","","",""
"USC00478905","1967-08","45.3582","-86.891","209.1","WASHINGTON IS, WI US","","","23.1",",0","8",",0","5",",0","1",",0","0",",0","0",",0","0",",0","0",",0","0",",0","23",",0","0",",0","","","19670828","+,,0","19670831","+,,0","19670831","+,,0","2","","19670807",",,0","19670817",",,0","5.6",",0,28,+","0",",,0,31,+","0",",,0,31,+","32.3",",,0,07,","28.9",",0,17,","","","65.0",",0","72.1",",,,0","0",",,,0","16.98",",0","22.68",",,,0","11.28",",,,0"
"USC00478905","1967-09","45.3582","-86.891","209.1","WASHINGTON IS, WI US","","","7.3",",0","6",",0","2",",0","0",",0","0",",0","0",",0","0",",0","0",",0","0",",0","15",",0","0",",0","","","19670929","+,,0","19670930","+,,0","19670930","+,,0","","","19670929",",,0","19670919","+,,0","2.2",",0,29,+","0",",,0,30,+","0",",,0,30,+","7.4",",,0,29,","26.1",",0,19,+","","","124.4",",0","17.6",",,,0","0",",,,0","14.43",",0","20.28",",,,0","8.58",",,,0"
"USC00478905","1967-10","45.3582","-86.891","209.1","WASHINGTON IS, WI US","","","0.0",",0","12",",0","6",",0","1",",0","0",",0","0",",0","0",",0","2",",0","0",",0","2",",0","0",",0","","","19671028",",,0","19671031","+,,0","19671031","+,,0","","","19671008",",,0","19671004",",,0","-2.2",",0,28,","0",",,0,31,+","0",",,0,31,+","41.1",",,0,08,","23.9",",0,04,","","","313.5",",0","111.1",",,,0","0",",,,0","8.22",",0","12.19",",,,0","4.25",",,,0"
"USC00478905","1967-11","45.3582","-86.891","209.1","WASHINGTON IS, WI US","","","0.0",",0","12",",0","5",",0","0",",0","0",",0","1",",0","0",",0","23",",0","5",",0","0",",0","0",",0","","","19671128",",,0","19671130","+,,0","19671124",",,0","","","19671102",",,0","19671111",",,0","-12.2",",0,28,","0",",,0,30,+","38",",,0,24,","20.6",",,0,02,","13.3",",0,11,","","","535.2",",0","44.3",",,,0","49",",,,0","0.49",",0","3.91",",,,0","-2.93",",,,0"
"USC00478905","1967-12","45.3582","-86.891","209.1","WASHINGTON IS, WI US","","","0.0",",0","11",",0","6",",0","0",",0","","","3",",0","5",",0","28",",0","12",",0","0",",0","0",",0","","","19671231",",,0","","","19671225",",,0","","","19671225",",,0","19671221",",,0","-22.2",",0,31,","","","76",",,0,25,","8.4",",,0,25,","7.2",",0,21,","","","675.2",",0","37.6",",,,0","159",",,,0","-3.45",",0","0.29",",,,0","-7.18",",,,0"
"USC00478905","1968-01","45.3582","-86.891","209.1","WASHINGTON IS, WI US","0.0","0","0.0",",0","6",",0","3",",0","0",",0","","","2",",0","6",",0","31",",0","21",",0","0",",0","0",",0","","","19680107",",,0","","","19680102",",,0","","","19680129",",,0","19680129","+,,0","-28.3",",0,07,","","","33",",,0,02,","5.6",",,0,29,","4.4",",0,29,+","","","794.9",",0","17.0",",,,0","91",",,,0","-7.31",",0","-2.97",",,,0","-11.65",",,,0"
"USC00478905","1968-02","45.3582","-86.891","209.1","WASHINGTON IS, WI US","0.0","0","0.0","1,0","4",",0","2",",0","0",",0","","","2","1,0","7",",0","29",",0","21","1,0","0","1,0","0","1,0","","","19680217",",,0","","","19680202",",1,0","","","19680201",",,0","19680205",",1,0","-25.6",",0,17,","","","64","1,,0,02,","14.0",",,0,01,","5.6","1,0,05,","","","729.4","1,0","25.7",",,,0","89","1,,,0","-7.79","1,0","-1.64","1,,,0","-13.93",",,,0"
"USC00478905","1968-03","45.3582","-86.891","209.1","WASHINGTON IS, WI US","0.0","0","0.0",",0","5",",0","2",",0","0",",0","","","0",",0","0",",0","28",",0","6",",0","0",",0","0",",0","","","19680313",",,0","","","19680302",",,0","","","19680328",",,0","19680331",",,0","-16.1",",0,13,","","","8",",,0,02,","6.4",",,0,28,","18.3",",0,31,","","","577.3",",0","12.8",",,,0","8",",,,0","-0.29",",0","5.30",",,,0","-5.88",",,,0"
"USC00478905","1968-04","45.3582","-86.891","209.1","WASHINGTON IS, WI US","0.0","0","0.0",",0","16",",0","11",",0","0",",0","0",",0","0",",0","0",",0","12",",0","0",",0","0",",0","0",",0","","","19680405",",,0","19680430","+,,0","19680430","+,,0","","","19680417",",,0","19680412","+,,0","-7.8",",0,05,","0",",,0,30,+","0",",,0,30,+","16.3",",,0,17,","18.3",",0,12,+","","","381.4",",0","88.0",",,,0","0",",,,0","5.62",",0","10.85",",,,0","0.39",",,,0"
"USC00478905","1968-05","45.3582","-86.891","209.1","WASHINGTON IS, WI US","0.0","0","0.0",",0","13",",0","7",",0","0",",0","0",",0","0",",0","0",",0","4",",0","0",",0","1",",0","0",",0","","","19680506",",,0","19680531","+,,0","19680531","+,,0","1","","19680516",",,0","19680524",",,0","-5.0",",0,06,","0",",,0,31,+","0",",,0,31,+","20.1",",,0,16,","21.7",",0,24,","","","277.8",",0","86.5",",,,0","0",",,,0","9.37",",0","15.05",",,,0","3.69",",,,0"
"USC00478905","1968-06","45.3582","-86.891","209.1","WASHINGTON IS, WI US","0.8","0","0.8",",0","17",",0","10",",0","0",",0","0",",0","0",",0","0",",0","0",",0","0",",0","7",",0","0",",0","","","19680613",",,0","19680630","+,,0","19680630","+,,0","5","","19680620",",,0","19680610","+,,0","3.3",",0,13,","0",",,0,30,+","0",",,0,30,+","22.9",",,0,20,","23.9",",0,10,+","","","120.3",",0","113.8",",,,0","0",",,,0","14.35",",0","19.02",",,,0","9.68",",,,0"
"USC00478905","1968-07","45.3582","-86.891","209.1","WASHINGTON IS, WI US","22.2","0","21.4",",0","10",",0","6",",0","1",",0","0",",0","0",",0","0",",0","0",",0","0",",0","27",",0","0",",0","","","19680703",",,0","19680731","+,,0","19680731","+,,0","3","","19680709",",,0","19680720",",,0","3.3",",0,03,","0",",,0,31,+","0",",,0,31,+","37.1",",,0,09,","26.1",",0,20,","40.2","0","40.2",",0","71.5",",,,0","0",",,,0","17.73",",0","23.01",",,,0","12.44",",,,0"
"USC00478905","1968-08","45.3582","-86.891","209.1","WASHINGTON IS, WI US","70.1","0","47.9",",0","6",",0","5",",0","1",",0","0",",0","0",",0","0",",0","0",",0","0",",0","27",",0","0",",0","","","19680827",",,0","19680831","+,,0","19680831","+,,0","5","","19680819",",,0","19680822",",,0","3.9",",0,27,","0",",,0,31,+","0",",,0,31,+","52.6",",,0,19,","31.7",",0,22,","86.8","0","46.6",",0","116.1",",,,0","0",",,,0","18.38",",0","24.26",",,,0","12.49",",,,0"
"USC00478905","1968-09","45.3582","-86.891","209.1","WASHINGTON IS, WI US","72.8","0","2.7",",0","12",",0","7",",0","0",",0","0",",0","0",",0","0",",0","0",",0","0",",0","14",",0","0",",0","","","19680928",",,0","19680930","+,,0","19680930","+,,0","","","19680901",",,0","19680912",",,0","3.9",",0,28,","0",",,0,30,+","0",",,0,30,+","18.3",",,0,01,","25.0",",0,12,","164.2","0","77.4",",0","83.1",",,,0","0",",,,0","15.84",",0","20.36",",,,0","11.32",",,,0"
"USC00478905","1968-10","45.3582","-86.891","209.1","WASHINGTON IS, WI US","73.7","0","0.9",",0","10",",0","6",",0","0",",0","0",",0","0",",0","0",",0","4",",0","0",",0","2",",0","0",",0","","","19681030",",,0","19681031","+,,0","19681031","+,,0","","","19681022",",,0","19681001",",,0","-3.9",",0,30,","0",",,0,31,+","0",",,0,31,+","11.2",",,0,22,","22.8",",0,01,","425.9","0","261.7",",0","45.4",",,,0","0",",,,0","9.92",",0","14.00",",,,0","5.84",",,,0"
"USC00478905","1968-11","45.3582","-86.891","209.1","WASHINGTON IS, WI US","73.7","0","0.0",",0","9",",0","6",",0","0",",0","0",",0","0",",0","0",",0","16",",0","1",",0","0",",0","0",",0","","","19681120",",,0","19681130","+,,0","19681119",",,0","","","19681126",",,0","19681101",",,0","-5.6",",0,20,","0",",,0,30,+","0",",T,0,19,","11.2",",,0,26,","18.9",",0,01,","883.0","0","457.1",",0","35.9",",,,0","0",",T,,0","3.10",",0","6.53",",,,0","-0.34",",,,0"
"USC00478905","1968-12","45.3582","-86.891","209.1","WASHINGTON IS, WI US","73.7","0","0.0",",0","15","2,0","9","2,0","0","2,0","","","12","4,0","2",",0","28",",0","19",",0","0",",0","0",",0","","","19681231",",,0","","","19681220",",4,0","","","19681220",",2,0","19681213","+,,0","-25.0",",0,31,","","","152","4,,0,20,","12.7","2,,0,20,","7.2",",0,13,+","1576.5","0","693.5",",0","67.5","2,,,0","862","4,,,0","-4.04",",0","-0.45",",,,0","-7.63",",,,0"
"USC00478905","1969-01","45.3582","-86.891","209.1","WASHINGTON IS, WI US","0.0","0","0.0",",0","11",",0","7",",0","0",",0","","","7",",0","5",",0","30",",0","21",",0","0",",0","0",",0","","","19690101",",,0","","","19690116",",,0","","","19690106",",,0","19690123",",,0","-25.0",",0,01,","","","89",",,0,16,","20.3",",,0,06,","5.6",",0,23,","2355.4","0","778.9",",0","64.8",",,,0","355",",,,0","-6.79",",0","-2.63",",,,0","-10.95",",,,0"
"USC00478905","1969-02","45.3582","-86.891","209.1","WASHINGTON IS, WI US","0.0","0","0.0",",0","2",",0","0",",0","0",",0","28",",0","0",",0","3",",0","28",",0","13",",0","0",",0","0",",0","","","19690206",",,0","19690223","+,,0","19690212","+,,0","","","19690212","+,,0","19690219",",,0","-20.0",",0,06,","356",",,0,23,+","13",",,0,12,+","0.5",",,0,12,+","3.9",",0,19,","3030.0","0","674.6",",0","1.0",",,,0","26",",,,0","-5.76",",0","-0.27",",,,0","-11.25",",,,0"
"USC00478905","1969-03","45.3582","-86.891","209.1","WASHINGTON IS, WI US","0.0","0","0.0",",0","5",",0","3",",0","0",",0","","","","","0",",0","31",",0","10",",0","0",",0","0",",0","","","19690313",",,0","","","","","","","19690320",",,0","19690319","+,,0","-16.7",",0,13,","","","","","12.7",",,0,20,","8.3",",0,19,+","3724.1","0","694.1",",0","19.0",",,,0","","","-4.06",",0","1.45",",,,0","-9.57",",,,0"
"USC00478905","1969-04","45.3582","-86.891","209.1","WASHINGTON IS, WI US","0.0","0","0.0",",0","12",",0","3",",0","0",",0","0",",0","0",",0","0",",0","17",",0","0",",0","0",",0","0",",0","","","19690406","+,,0","19690430","+,,0","19690430","+,,0","","","19690422",",,0","19690425",",,0","-6.7",",0,06,+","0",",,0,30,+","0",",,0,30,+","8.4",",,0,22,","19.4",",0,25,","4148.2","0","424.1",",0","29.0",",,,0","0",",,,0","4.20",",0","9.51",",,,0","-1.11",",,,0"
"USC00478905","1969-05","45.3582","-86.891","209.1","WASHINGTON IS, WI US","2.5","0","2.5","1,0","12",",0","4",",0","0",",0","0",",0","0",",0","0",",0","5",",0","0","1,0","3","1,0","0","1,0","","","19690521",",,0","19690531","+,,0","19690531","+,,0","1","","19690517",",,0","19690528",",1,0","-3.3",",0,21,","0",",,0,31,+","0",",,0,31,+","18.3",",,0,17,","30.6","1,0,28,","4430.8","0","282.6","1,0","50.6",",,,0","0",",,,0","8.95","1,0","14.77","1,,,0","3.12",",,,0"
"USC00478905","1969-06","45.3582","-86.891","209.1","WASHINGTON IS, WI US","5.9","0","3.4",",0","17",",0","15",",0","3",",0","0",",0","0",",0","0",",0","0",",0","0",",0","5",",0","0",",0","","","19690604",",,0","19690630","+,,0","19690630","+,,0","8","","19690626",",,0","19690627",",,0","1.1",",0,04,","0",",,0,30,+","0",",,0,30,+","65.0",",,0,26,","26.1",",0,27,","4604.6","0","173.8",",0","228.6",",,,0","0",",,,0","12.65",",0","17.89",",,,0","7.41",",,,0"
"USC00478905","1969-07","45.3582","-86.891","209.1","WASHINGTON IS, WI US","48.4","0","42.5",",0","10",",0","6",",0","1",",0","0",",0","0",",0","0",",0","0",",0","0",",0","26",",0","0",",0","","","19690701",",,0","19690731","+,,0","19690731","+,,0","5","","19690728",",,0","19690716",",,0","5.6",",0,01,","0",",,0,31,+","0",",,0,31,+","27.4",",,0,28,","30.0",",0,16,","29.8","0","29.8",",0","77.0",",,,0","0",",,,0","18.74",",0","24.46",",,,0","13.03",",,,0"
"USC00478905","1969-08","45.3582","-86.891","209.1","WASHINGTON IS, WI US","135.9","0","87.5",",0","4",",0","3",",0","0",",0","0",",0","0",",0","0",",0","0",",0","0",",0","31",",0","0",",0","","","19690821",",,0","19690831","+,,0","19690831","+,,0","1","","19690807",",,0","19690830",",,0","6.7",",0,21,","0",",,0,31,+","0",",,0,31,+","7.1",",,0,07,","31.1",",0,30,","38.2","0","8.4",",0","17.3",",,,0","0",",,,0","20.89",",0","27.04",",,,0","14.73",",,,0"
"USC00478905","1969-09","45.3582","-86.891","209.1","WASHINGTON IS, WI US","155.6","0","19.7",",0","9",",0","8",",0","0",",0","0",",0","0",",0","0",",0","0",",0","0",",0","13",",0","0",",0","","","19690929",",,0","19690930","+,,0","19690930","+,,0","4","","19690905",",,0","19690906",",,0","3.3",",0,29,","0",",,0,30,+","0",",,0,30,+","22.9",",,0,05,","28.9",",0,06,","140.9","0","102.7",",0","63.3",",,,0","0",",,,0","15.57",",0","20.95",",,,0","10.19",",,,0"
"USC00478905","1969-10","45.3582","-86.891","209.1","WASHINGTON IS, WI US","155.6","0","0.0",",0","11",",0","10",",0","1",",0","0","2,0","0","2,0","0",",0","8",",0","0",",0","1",",0","0",",0","","","19691023",",,0","19691031","+,2,0","19691031","+,2,0","1","","19691013",",,0","19691002",",,0","-7.2",",0,23,","0","2,,0,31,+","0","2,,0,31,+","28.7",",,0,13,","21.7",",0,02,","457.1","0","316.2",",0","113.9",",,,0","0","2,,,0","8.13",",0","12.20",",,,0","4.07",",,,0"
"USC00478905","1969-11","45.3582","-86.891","209.1","WASHINGTON IS, WI US","155.6","0","0.0",",0","5",",0","3",",0","0",",0","0","2,0","0","2,0","0",",0","21",",0","5",",0","0",",0","0",",0","","","19691128",",,0","19691130","+,2,0","19691130","+,2,0","","","19691117",",,0","19691109",",,0","-10.0",",0,28,","0","2,,0,30,+","0","2,,0,30,+","4.6",",,0,17,","13.9",",0,09,","955.3","0","498.2",",0","12.3",",,,0","0","2,,,0","1.73",",0","6.06",",,,0","-2.61",",,,0"
"USC00478905","1969-12","45.3582","-86.891","209.1","WASHINGTON IS, WI US","155.6","0","0.0","2,0","9",",0","6",",0","0",",0","","","","","1","1,0","30","1,0","19","1,0","0","1,0","0","1,0","","","19691224",",1,0","","","","","","","19691208",",,0","19691202",",1,0","-18.3","1,0,24,","","","","","8.6",",,0,08,","8.3","1,0,02,","1585.9","0","630.6","1,0","31.9",",,,0","","","-3.32","2,0","0.15","1,,,0","-6.79","1,,,0"
"USC00478905","1970-01","45.3582","-86.891","209.1","WASHINGTON IS, WI US","","","","","12",",0","5",",0","0",",0","","","4",",0","11",",0","31",",0","","","","","","","","","19700122","+,,0","","","19700126","+,,0","","","19700128",",,0","","","-25.0",",0,22,+","","","38",",,0,26,+","7.1",",,0,28,","","","","","","","27.5",",,,0","196",",,,0","","","","","-15.67",",,,0"
"USC00478905","1970-02","45.3582","-86.891","209.1","WASHINGTON IS, WI US","","","0.0","1,0","4",",0","3",",0","0",",0","","","3","1,0","10","1,0","27","1,0","18",",0","0",",0","0",",0","","","19700214",",1,0","","","19700205",",1,0","","","19700205","+,,0","19700223",",,0","-28.3","1,0,14,","","","76","1,,0,05,","3.8",",,0,05,+","7.2",",0,23,","","","729.8",",0","13.0",",,,0","191","1,,,0","-8.63","1,0","-2.64",",,,0","-14.62","1,,,0"
"USC00478905","1970-03","45.3582","-86.891","209.1","WASHINGTON IS, WI US","","","0.0",",0","4",",0","3",",0","0",",0","","","2","4,0","0",",0","31",",0","7",",0","0",",0","0",",0","","","19700311",",,0","","","19700320",",4,0","","","19700320",",,0","19700321",",,0","-16.7",",0,11,","","","102","4,,0,20,","6.4",",,0,20,","8.9",",0,21,","","","670.1",",0","15.5",",,,0","127","4,,,0","-3.28",",0","2.56",",,,0","-9.13",",,,0"
"USC00478905","1970-04","45.3582","-86.891","209.1","WASHINGTON IS, WI US","","","0.0",",0","7",",0","3",",0","1",",0","0",",0","0",",0","0",",0","15",",0","0",",0","1",",0","0",",0","","","19700402",",,0","19700430","+,,0","19700430","+,,0","2","","19700420",",,0","19700428",",,0","-10.0",",0,02,","0",",,0,30,+","0",",,0,30,+","35.8",",,0,20,","21.1",",0,28,","","","426.8",",0","50.4",",,,0","0",",,,0","4.11",",0","9.22",",,,0","-1.01",",,,0"
"USC00478905","1970-05","45.3582","-86.891","209.1","WASHINGTON IS, WI US","","","0.0",",0","17",",0","11",",0","0",",0","0",",0","0",",0","0",",0","1",",0","0",",0","0",",0","0",",0","","","19700506",",,0","19700531","+,,0","19700531","+,,0","5","","19700522",",,0","19700519",",,0","-2.8",",0,06,","0",",,0,31,+","0",",,0,31,+","21.6",",,0,22,","19.4",",0,19,","","","300.6",",0","91.2",",,,0","0",",,,0","8.64",",0","13.16",",,,0","4.11",",,,0"
"USC00478905","1970-06","45.3582","-86.891","209.1","WASHINGTON IS, WI US","","","5.6","1,0","6",",0","3",",0","0",",0","0",",0","0",",0","0",",0","0",",0","0","1,0","13","1,0","0","1,0","","","19700621","+,,0","19700630","+,,0","19700630","+,,0","2","","19700614",",,0","19700629",",1,0","1.1",",0,21,+","0",",,0,30,+","0",",,0,30,+","13.0",",,0,14,","31.7","1,0,29,","","","122.5","1,0","28.3",",,,0","0",",,,0","14.35","1,0","20.34","1,,,0","8.36",",,,0"
"USC00478905","1970-07","45.3582","-86.891","209.1","WASHINGTON IS, WI US","","","47.4",",0","10",",0","8",",0","0",",0","0",",0","0",",0","0",",0","0",",0","0",",0","27",",0","1",",0","","","19700721","+,,0","19700731","+,,0","19700731","+,,0","7","","19700719",",,0","19700701",",,0","8.3",",0,21,+","0",",,0,31,+","0",",,0,31,+","18.8",",,0,19,","33.3",",0,01,","27.1","0","27.1",",0","78.8",",,,0","0",",,,0","18.99",",0","24.21",",,,0","13.76",",,,0"
"USC00478905","1970-08","45.3582","-86.891","209.1","WASHINGTON IS, WI US","","","42.1",",0","7",",0","3",",0","0",",0","0",",0","0",",0","0",",0","0",",0","0",",0","30",",0","0",",0","","","19700804",",,0","19700831","+,,0","19700831","+,,0","4","","19700823",",,0","19700802",",,0","3.9",",0,04,","0",",,0,31,+","0",",,0,31,+","8.4",",,0,23,","28.3",",0,02,","59.3","0","32.2",",0","25.7",",,,0","0",",,,0","18.65",",0","24.20",",,,0","13.10",",,,0"
"USC00478905","1970-09","45.3582","-86.891","209.1","WASHINGTON IS, WI US","","","8.1","1,0","12",",0","9",",0","3",",0","0",",0","0",",0","0",",0","1",",0","0","1,0","8","1,0","0","1,0","","","19700929",",,0","19700930","+,,0","19700930","+,,0","8","","19700924","+,,0","19700922","+,1,0","0.0",",0,29,","0",",,0,30,+","0",",,0,30,+","32.5",",,0,24,+","25.6","1,0,22,+","176.8","0","117.5","1,0","158.1",",,,0","0",",,,0","14.62","1,0","18.71","1,,,0","10.53",",,,0"
"USC00478905","1970-10","45.3582","-86.891","209.1","WASHINGTON IS, WI US","","","0.0","1,0","12",",0","8",",0","1",",0","0",",0","0",",0","0",",0","4",",0","0","1,0","0","1,0","0","1,0","","","19701016",",,0","19701031","+,,0","19701031","+,,0","","","19701028",",,0","19701008",",1,0","-2.2",",0,16,","0",",,0,31,+","0",",,0,31,+","32.5",",,0,28,","18.3","1,0,08,","431.2","0","254.4","1,0","90.1",",,,0","0",",,,0","9.80","1,0","13.32","1,,,0","6.29",",,,0"
"USC00478905","1970-11","45.3582","-86.891","209.1","WASHINGTON IS, WI US","","","0.0","2,0","5","4,0","3","4,0","0","4,0","0","2,0","2",",0","0",",0","15",",0","2","2,0","0","2,0","0","2,0","","","19701124",",,0","19701130","+,2,0","19701121",",,0","","","19701120",",4,0","19701107",",2,0","-8.3",",0,24,","0","2,,0,30,+","102",",,0,21,","18.0","4,,0,20,","11.1","2,0,07,","885.8","0","454.6","2,0","60.8",",a,,0","140",",,,0","2.11","2,0","4.67","2,,,0","-0.46",",,,0"
"USC00478905","1970-12","45.3582","-86.891","209.1","WASHINGTON IS, WI US","","","0.0",",0","12",",0","6",",0","0",",0","","","8",",0","0",",0","31",",0","23",",0","0",",0","0",",0","","","19701230",",,0","","","19701204",",,0","","","19701204",",,0","19701201",",,0","-16.1",",0,30,","","","152",",,0,04,","12.7",",,0,04,","11.7",",0,01,","1589.1","0","703.3",",0","43.1",",,,0","494",",,,0","-4.35",",0","-1.26",",,,0","-7.45",",,,0"
"USC00478905","1971-01","45.3582","-86.891","209.1","WASHINGTON IS, WI US","0.0","0","0.0","2,0","11",",0","7",",0","0",",0","","","9",",0","7","1,0","30","1,0","27","1,0","0","1,0","0","1,0","","","19710131",",1,0","","","19710104",",,0","","","19710104",",,0","19710101",",1,0","-23.9","1,0,31,","","","305",",,0,04,","22.9",",,0,04,","1.1","1,0,01,","2411.9","0","822.8","1,0","71.4",",,,0","782",",,,0","-9.84","2,0","-6.10","1,,,0","-13.59","1,,,0"
"USC00478905","1971-02","45.3582","-86.891","209.1","WASHINGTON IS, WI US","0.0","0","0.0","2,0","6",",0","5",",0","0",",0","","","4",",0","8","2,0","26","2,0","21",",0","0",",0","0",",0","","","19710202",",2,0","","","19710203",",,0","","","19710219","+,,0","19710218","+,,0","-26.7","2,0,02,","","","51",",,0,03,","11.4",",,0,19,+","4.4",",0,18,+","3105.3","0","693.4",",0","37.3",",,,0","152",",,,0","-8.14","2,0","-3.79",",,,0","-12.48","2,,,0"
"USC00478905","1971-03","45.3582","-86.891","209.1","WASHINGTON IS, WI US","0.0","0","0.0",",0","7",",0","5",",0","0",",0","","","4",",0","1",",0","31",",0","13",",0","0",",0","0",",0","","","19710325",",,0","","","19710315",",,0","1","","19710315",",,0","19710315",",,0","-18.9",",0,25,","","","224",",,0,15,","22.4",",,0,15,","7.2",",0,15,","3797.8","0","692.5",",0","48.6",",,,0","435",",,,0","-4.01",",0","1.01",",,,0","-9.02",",,,0"
"USC00478905","1971-04","45.3582","-86.891","209.1","WASHINGTON IS, WI US","0.0","0","0.0",",0","3",",0","1",",0","0",",0","","","0",",0","0",",0","16",",0","1",",0","0",",0","0",",0","","","19710403",",,0","","","19710423",",,0","","","19710428",",,0","19710420","+,,0","-10.6",",0,03,","","","0",",T,0,23,","12.2",",,0,28,","15.6",",0,20,+","4260.5","0","462.7",",0","13.3",",,,0","0",",T,,0","2.91",",0","7.61",",,,0","-1.79",",,,0"
"USC00478905","1971-05","45.3582","-86.891","209.1","WASHINGTON IS, WI US","0.0","0","0.0",",0","9",",0","6",",0","0",",0","0",",0","1",",0","0",",0","8",",0","0",",0","0",",0","0",",0","","","19710504",",,0","19710531","+,,0","19710512",",,0","4","","19710518",",,0","19710516",",,0","-3.3",",0,04,","0",",,0,31,+","25",",,0,12,","25.1",",,0,18,","20.0",",0,16,","4586.0","0","325.5",",0","74.1",",,,0","25",",,,0","7.83",",0","13.56",",,,0","2.10",",,,0"
"USC00478905","1971-06","45.3582","-86.891","209.1","WASHINGTON IS, WI US","9.2","0","9.2",",0","8",",0","7",",0","0",",0","0",",0","0",",0","0",",0","0",",0","0",",0","12",",0","0",",0","","","19710609",",,0","19710630","+,,0","19710630","+,,0","6","","19710608",",,0","19710628",",,0","3.3",",0,09,","0",",,0,30,+","0",",,0,30,+","19.6",",,0,08,","27.2",",0,28,","4684.7","0","98.7",",0","69.0",",,,0","0",",,,0","15.35",",0","19.89",",,,0","10.80",",,,0"
"USC00478905","1971-07","45.3582","-86.891","209.1","WASHINGTON IS, WI US","36.8","0","27.6",",0","10",",0","10",",0","0",",0","0",",0","0",",0","0",",0","0",",0","0",",0","28",",0","0",",0","","","19710717",",,0","19710731","+,,0","19710731","+,,0","7","","19710730","+,,0","19710709","+,,0","6.7",",0,17,","0",",,0,31,+","0",",,0,31,+","18.0",",,0,30,+","28.3",",0,09,+","36.4","0","36.4",",0","89.9",",,,0","0",",,,0","18.05",",0","23.22",",,,0","12.88",",,,0"
"USC00478905","1971-08","45.3582","-86.891","209.1","WASHINGTON IS, WI US","52.7","0","15.9",",0","10",",0","5",",0","0",",0","0",",0","0",",0","0",",0","0",",0","0",",0","22",",0","0",",0","","","19710824",",,0","19710831","+,,0","19710831","+,,0","6","","19710814",",,0","19710810","+,,0","4.4",",0,24,","0",",,0,31,+","0",",,0,31,+","21.3",",,0,14,","27.8",",0,10,+","95.0","0","58.6",",0","54.1",",,,0","0",",,,0","16.96",",0","22.25",",,,0","11.67",",,,0"
"USC00478905","1971-09","45.3582","-86.891","209.1","WASHINGTON IS, WI US","58.5","0","5.8",",0","14",",0","7",",0","0",",0","0",",0","0",",0","0",",0","0",",0","0",",0","8",",0","0",",0","","","19710924",",,0","19710930","+,,0","19710930","+,,0","7","","19710923",",,0","19710914","+,,0","3.3",",0,24,","0",",,0,30,+","0",",,0,30,+","14.0",",,0,23,","22.2",",0,14,+","193.1","0","98.1",",0","71.1",",,,0","0",",,,0","15.26",",0","18.78",",,,0","11.73",",,,0"
"USC00478905","1971-10","45.3582","-86.891","209.1","WASHINGTON IS, WI US","60.5","0","2.0",",0","14",",0","6",",0","0",",0","0",",0","0",",0","0",",0","0",",0","0",",0","2",",0","0",",0","","","19711031","+,,0","19711031","+,,0","19711031","+,,0","2","","19711003",",,0","19711001",",,0","3.3",",0,31,+","0",",,0,31,+","0",",,0,31,+","17.3",",,0,03,","25.0",",0,01,","399.8","0","206.7",",0","68.9",",,,0","0",",,,0","11.73",",0","14.55",",,,0","8.91",",,,0"
"USC00478905","1971-11","45.3582","-86.891","209.1","WASHINGTON IS, WI US","60.5","0","0.0",",0","14",",0","7",",0","0",",0","6","1,0","3",",0","0",",0","21",",0","4",",0","0",",0","0",",0","","","19711123",",,0","19711130","+,1,0","19711129",",,0","","","19711102",",,0","19711105",",,0","-10.0",",0,23,","127","1,,0,30,+","127",",,0,29,","25.1",",,0,02,","11.7",",0,05,","886.6","0","486.8",",0","58.2",",,,0","273",",,,0","2.11",",0","5.05",",,,0","-0.84",",,,0"
"USC00478905","1971-12","45.3582","-86.891","209.1","WASHINGTON IS, WI US","60.5","0","0.0","1,0","14",",0","6",",0","0",",0","12","4,0","7",",0","1",",0","28",",0","14","1,0","0","1,0","0","1,0","","","19711230",",,0","19711231",",4,0","19711231","+,,0","","","19711215",",,0","19711210",",1,0","-17.8",",0,30,","178","4,,0,31,","102",",,0,31,+","24.6",",,0,15,","5.6","1,0,10,","1512.4","0","625.8","1,0","80.4",",,,0","432",",,,0","-2.60","1,0","0.64","1,,,0","-5.83",",,,0"
"USC00478905","1972-01","45.3582","-86.891","209.1","WASHINGTON IS, WI US","0.0","0","0.0",",0","7",",0","5",",0","0",",0","31",",0","3",",0","12",",0","30",",0","20",",0","0",",0","0",",0","","","19720126",",,0","19720107","+,,0","19720125",",,0","","","19720112",",,0","19720113","+,,0","-28.3",",0,26,","152",",,0,07,+","51",",,0,25,","6.6",",,0,12,","3.3",",0,13,+","2377.3","0","864.9",",0","23.1",",,,0","101",",,,0","-9.57",",0","-4.37",",,,0","-14.77",",,,0"
"USC00478905","1972-02","45.3582","-86.891","209.1","WASHINGTON IS, WI US","0.0","0","0.0","2,0","10",",0","7",",0","0",",0","29",",0","8",",0","11",",0","29",",0","24","2,0","0","2,0","0","2,0","","","19720216","+,,0","19720229","+,,0","19720226",",,0","","","19720226",",,0","19720218","+,2,0","-23.3",",0,16,+","406",",,0,29,+","127",",,0,26,","6.4",",,0,26,","1.1","2,0,18,+","3133.1","0","755.8","2,0","31.0",",,,0","380",",,,0","-9.79","2,0","-4.59","2,,,0","-15.00",",,,0"
"USC00478905","1972-03","45.3582","-86.891","209.1","WASHINGTON IS, WI US","0.0","0","0.0","1,0","6",",0","6",",0","0",",0","30","1,0","5",",0","5","1,0","29","1,0","14","1,0","0","1,0","0","1,0","","","19720306",",1,0","19720311","+,1,0","19720329",",,0","1","","19720329",",,0","19720321",",1,0","-26.1","1,0,06,","584","1,,0,11,+","305",",,0,29,","12.7",",,0,29,","5.6","1,0,21,","3835.2","0","702.1","1,0","41.4",",,,0","686",",,,0","-5.07","1,0","-0.45","1,,,0","-9.69","1,,,0"
"USC00478905","1972-04","45.3582","-86.891","209.1","WASHINGTON IS, WI US","0.0","0","0.0","3,0","9",",0","6",",0","0",",0","17","1,0","1","1,0","0","3,0","25","3,0","3","3,0","0","3,0","0","3,0","","","19720405",",3,0","19720402",",1,0","19720422",",1,0","2","","19720419",",,0","19720426",",3,0","-15.0","3,0,05,","381","1,,0,02,","51","1,,0,22,","18.3",",,0,19,","15.0","3,0,26,","4312.4","0","477.2","3,0","59.7",",,,0","64","1,,,0","0.66","3,0","4.82","3,,,0","-3.50","3,,,0"
"USC00478905","1972-05","45.3582","-86.891","209.1","WASHINGTON IS, WI US","0.0","0","0.0",",0","9",",0","2",",0","0",",0","0",",0","0",",0","0",",0","6",",0","0",",0","7",",0","0",",0","","","19720510","+,,0","19720531","+,,0","19720531","+,,0","5","","19720521",",,0","19720524",",,0","-2.2",",0,10,+","0",",,0,31,+","0",",,0,31,+","19.1",",,0,21,","25.6",",0,24,","4558.8","0","246.4",",0","34.3",",,,0","0",",,,0","10.38",",0","15.98",",,,0","4.78",",,,0"
"USC00478905","1972-06","45.3582","-86.891","209.1","WASHINGTON IS, WI US","0.9","0","0.9",",0","7",",0","4",",0","0",",0","0",",0","0",",0","0",",0","0",",0","0",",0","9",",0","0",",0","","","19720616",",,0","19720630","+,,0","19720630","+,,0","2","","19720612",",,0","19720608",",,0","1.7",",0,16,","0",",,0,30,+","0",",,0,30,+","16.5",",,0,12,","25.6",",0,08,","4713.2","0","154.4",",0","41.7",",,,0","0",",,,0","13.22",",0","18.63",",,,0","7.80",",,,0"
"USC00478905","1972-07","45.3582","-86.891","209.1","WASHINGTON IS, WI US","33.0","0","32.1",",0","13",",0","6",",0","0",",0","0",",0","0",",0","0",",0","0",",0","0",",0","17",",0","1",",0","","","19720704",",,0","19720731","+,,0","19720731","+,,0","10","","19720717",",,0","19720722",",,0","1.7",",0,04,","0",",,0,31,+","0",",,0,31,+","14.0",",,0,17,","32.2",",0,22,","58.0","0","58.0",",0","54.1",",,,0","0",",,,0","17.50",",0","22.19",",,,0","12.81",",,,0"
"USC00478905","1972-08","45.3582","-86.891","209.1","WASHINGTON IS, WI US","","","","","15",",0","11",",0","1",",0","0",",0","0",",0","0",",0","0",",0","","","","","","","","","19720804",",,0","19720831","+,,0","19720831","+,,0","6","","19720808",",,0","","","3.3",",0,04,","0",",,0,31,+","0",",,0,31,+","32.0",",,0,08,","","","","","","","136.7",",,,0","0",",,,0","","","","","12.53",",,,0"
"USC00478905","1972-09","45.3582","-86.891","209.1","WASHINGTON IS, WI US","","","1.1",",0","13",",0","7",",0","1",",0","0",",0","0",",0","0",",0","0",",0","0",",0","9",",0","0",",0","","","19720916",",,0","19720930","+,,0","19720930","+,,0","8","","19720901",",,0","19720917",",,0","0.6",",0,16,","0",",,0,30,+","0",",,0,30,+","40.6",",,0,01,","24.4",",0,17,","","","128.6",",0","122.9",",,,0","0",",,,0","14.08",",0","19.45",",,,0","8.72",",,,0"
"USC00478905","1972-10","45.3582","-86.891","209.1","WASHINGTON IS, WI US","","","0.0",",0","7",",0","3",",0","0",",0","0",",0","0",",0","0",",0","11",",0","0",",0","0",",0","0",",0","","","19721018",",,0","19721031","+,,0","19721030",",,0","","","19721023",",,0","19721007",",,0","-3.9",",0,18,","0",",,0,31,+","0",",T,0,30,","19.8",",,0,23,","20.0",",0,07,","","","335.1",",0","38.1",",,,0","0",",T,,0","7.52",",0","12.04",",,,0","3.01",",,,0"
"USC00478905","1972-11","45.3582","-86.891","209.1","WASHINGTON IS, WI US","","","0.0",",0","7",",0","3",",0","0",",0","0",",0","0",",0","0",",0","21",",0","1",",0","0",",0","0",",0","","","19721129",",,0","19721130","+,,0","19721118",",,0","","","19721102",",,0","19721111",",,0","-7.8",",0,29,","0",",,0,30,+","13",",,0,18,","21.1",",,0,02,","10.6",",0,11,","","","488.2",",0","36.7",",,,0","13",",,,0","2.06",",0","5.17",",,,0","-1.05",",,,0"
"USC00478905","1972-12","45.3582","-86.891","209.1","WASHINGTON IS, WI US","","","0.0","1,0","16",",0","11",",0","0",",0","","","9",",0","2","1,0","30","1,0","26",",0","0",",0","0",",0","","","19721207",",1,0","","","19721212",",,0","","","19721230",",,0","19721230",",,0","-18.3","1,0,07,","","","102",",,0,12,","15.7",",,0,30,","5.6",",0,30,","","","723.1",",0","74.7",",,,0","483",",,,0","-5.77","1,0","-2.13",",,,0","-9.41","1,,,0"
"USC00478905","1973-01","45.3582","-86.891","209.1","WASHINGTON IS, WI US","0.0","0","0.0",",0","5",",0","3",",0","0",",0","","","4",",0","5",",0","30",",0","16",",0","0",",0","0",",0","","","19730109","+,,0","","","19730104",",,0","","","19730119",",,0","19730126",",,0","-21.1",",0,09,+","","","76",",,0,04,","18.8",",,0,19,","7.8",",0,26,","","","741.5",",0","31.9",",,,0","203",",,,0","-5.59",",0","-1.25",",,,0","-9.92",",,,0"
"USC00478905","1973-02","45.3582","-86.891","209.1","WASHINGTON IS, WI US","0.0","0","0.0",",0","8",",0","4",",0","0",",0","","","2",",0","2",",0","28",",0","20",",0","0",",0","0",",0","","","19730217","+,,0","","","19730214",",,0","","","19730215",",,0","19730202",",,0","-21.1",",0,17,+","","","51",",,0,14,","21.3",",,0,15,","3.3",",0,02,","","","673.1",",0","40.0",",,,0","141",",,,0","-5.71",",0","-1.52",",,,0","-9.90",",,,0"
"USC00478905","1973-03","45.3582","-86.891","209.1","WASHINGTON IS, WI US","0.0","0","0.0",",0","7",",0","3",",0","0",",0","3","4,0","1",",0","0",",0","22",",0","0",",0","0",",0","0",",0","","","19730323",",,0","19730301",",4,0","19730301",",,0","3","","19730311",",,0","19730329",",,0","-8.3",",0,23,","76","4,,0,01,","25",",,0,01,","21.1",",,0,11,","13.3",",0,29,","","","487.3",",0","36.2",",,,0","25",",,,0","2.61",",0","6.77",",,,0","-1.54",",,,0"
"USC00478905","1973-04","45.3582","-86.891","209.1","WASHINGTON IS, WI US","0.0","0","0.0",",0","12",",0","4",",0","0",",0","5",",0","2",",0","0",",0","18",",0","0",",0","0",",0","0",",0","","","19730411",",,0","19730410",",,0","19730410",",,0","2","","19730421",",,0","19730421",",,0","-11.1",",0,11,","127",",,0,10,","102",",,0,10,","20.8",",,0,21,","16.1",",0,21,","","","427.7",",0","57.4",",,,0","153",",,,0","4.08",",0","9.06",",,,0","-0.91",",,,0"
"USC00478905","1973-05","45.3582","-86.891","209.1","WASHINGTON IS, WI US","0.0","0","0.0",",0","13",",0","10",",0","2",",0","0",",0","0",",0","0",",0","7",",0","0",",0","1",",0","0",",0","","","19730514",",,0","19730531","+,,0","19730516","+,,0","4","","19730528",",,0","19730531",",,0","-3.9",",0,14,","0",",,0,31,+","0",",T,0,16,+","38.4",",,0,28,","22.2",",0,31,","","","303.2",",0","130.4",",,,0","0",",T,,0","8.55",",0","13.93",",,,0","3.18",",,,0"
"USC00478905","1973-06","45.3582","-86.891","209.1","WASHINGTON IS, WI US","5.4","0","5.4",",0","14",",0","9",",0","1",",0","0",",0","0",",0","0",",0","0",",0","0",",0","11",",0","0",",0","","","19730613",",,0","19730630","+,,0","19730630","+,,0","4","","19730611",",,0","19730612","+,,0","7.2",",0,13,","0",",,0,30,+","0",",,0,30,+","50.8",",,0,11,","27.8",",0,12,+","","","88.6",",0","122.7",",,,0","0",",,,0","15.56",",0","20.28",",,,0","10.84",",,,0"
"USC00478905","1973-07","45.3582","-86.891","209.1","WASHINGTON IS, WI US","57.3","0","51.9",",0","9",",0","8",",0","0",",0","0",",0","0",",0","0",",0","0",",0","0",",0","30",",0","0",",0","","","19730729","+,,0","19730731","+,,0","19730731","+,,0","4","","19730731",",,0","19730708","+,,0","8.3",",0,29,+","0",",,0,31,+","0",",,0,31,+","22.6",",,0,31,","30.0",",0,08,+","12.2","0","12.2",",0","100.1",",,,0","0",",,,0","19.61",",0","24.97",",,,0","14.25",",,,0"
"USC00478905","1973-08","45.3582","-86.891","209.1","WASHINGTON IS, WI US","130.1","0","72.8",",0","12",",0","9",",0","2",",0","0",",0","0",",0","0",",0","0",",0","0",",0","29",",0","0",",0","","","19730824","+,,0","19730831","+,,0","19730831","+,,0","7","","19730820",",,0","19730829","+,,0","8.3",",0,24,+","0",",,0,31,+","0",",,0,31,+","31.8",",,0,20,","31.1",",0,29,+","28.4","0","16.2",",0","120.4",",,,0","0",",,,0","20.16",",0","24.98",",,,0","15.34",",,,0"
"USC00478905","1973-09","45.3582","-86.891","209.1","WASHINGTON IS, WI US","148.7","0","18.6",",0","11",",0","5",",0","1",",0","0",",0","0",",0","0",",0","0",",0","0",",0","13",",0","0",",0","","","19730921","+,,0","19730930","+,,0","19730930","+,,0","4","","19730922",",,0","19730904","+,,0","1.1",",0,21,+","0",",,0,30,+","0",",,0,30,+","27.4",",,0,22,","25.6",",0,04,+","147.9","0","119.5",",0","75.4",",,,0","0",",,,0","14.97",",0","20.26",",,,0","9.68",",,,0"
"USC00478905","1973-10","45.3582","-86.891","209.1","WASHINGTON IS, WI US","148.7","0","0.0",",0","8",",0","6",",0","0",",0","0",",0","0",",0","0",",0","2",",0","0",",0","1",",0","0",",0","","","19731031","+,,0","19731031","+,,0","19731031","+,,0","3","","19731028",",,0","19731014",",,0","0.0",",0,31,+","0",",,0,31,+","0",",,0,31,+","22.9",",,0,28,","21.1",",0,14,","343.0","0","195.1",",0","78.4",",,,0","0",",,,0","12.04",",0","16.53",",,,0","7.55",",,,0"
"USC00478905","1973-11","45.3582","-86.891","209.1","WASHINGTON IS, WI US","148.7","0","0.0","1,0","8",",0","4",",0","0",",0","1","1,0","1",",0","0","1,0","19","1,0","0",",0","0",",0","0",",0","","","19731117",",1,0","19731115",",1,0","19731115",",,0","","","19731121",",,0","19731121",",,0","-8.9","1,0,17,","76","1,,0,15,","76",",,0,15,","16.5",",,0,21,","10.6",",0,21,","794.2","0","451.2",",0","32.3",",,,0","89",",,,0","2.78","1,0","6.65",",,,0","-1.10","1,,,0"
"USC00478905","1973-12","45.3582","-86.891","209.1","WASHINGTON IS, WI US","148.7","0","0.0",",0","14",",0","7",",0","0",",0","","","8",",0","1",",0","29",",0","18",",0","0",",0","0",",0","","","19731217",",,0","","","19731220",",,0","","","19731205",",,0","19731203",",,0","-17.8",",0,17,","","","140",",,0,20,","22.4",",,0,05,","8.9",",0,03,","1484.2","0","690.0",",0","57.9",",,,0","444",",,,0","-3.92",",0","-0.61",",,,0","-7.24",",,,0"
"USC00478905","1974-01","45.3582","-86.891","209.1","WASHINGTON IS, WI US","0.0","0","0.0",",0","9",",0","2",",0","0",",0","","","3",",0","6",",0","31",",0","19",",0","0",",0","0",",0","","","19740108",",,0","","","19740127","+,,0","","","19740127",",,0","19740131",",,0","-25.0",",0,08,","","","38",",,0,27,+","14.0",",,0,27,","4.4",",0,31,","2284.2","0","800.0",",0","31.6",",,,0","145",",,,0","-7.47",",0","-3.65",",,,0","-11.29",",,,0"
"USC00478905","1974-02","45.3582","-86.891","209.1","WASHINGTON IS, WI US","0.0","0","0.0",",0","8",",0","1",",0","0",",0","","","3",",0","11",",0","28",",0","17",",0","0",",0","0",",0","","","19740205",",,0","","","19740222","+,,0","","","19740222",",,0","19740228",",,0","-25.6",",0,05,","","","76",",,0,22,+","5.6",",,0,22,","7.2",",0,28,","3036.3","0","752.1",",0","10.0",",,,0","293",",,,0","-8.53",",0","-2.46",",,,0","-14.59",",,,0"
"USC00478905","1974-03","45.3582","-86.891","209.1","WASHINGTON IS, WI US","0.0","0","0.0",",0","8",",0","3",",0","0",",0","","","4",",0","1",",0","29",",0","5",",0","0",",0","0",",0","","","19740324",",,0","","","19740320",",,0","","","19740320",",,0","19740303",",,0","-21.7",",0,24,","","","76",",,0,20,","3.8",",,0,20,","13.9",",0,03,","3667.7","0","631.4",",0","12.2",",,,0","216",",,,0","-2.04",",0","2.92",",,,0","-6.99",",,,0"
"USC00478905","1974-04","45.3582","-86.891","209.1","WASHINGTON IS, WI US","0.0","0","0.0","3,0","9",",0","4",",0","1",",0","0","1,0","1",",0","0","3,0","17","3,0","1","3,0","0","3,0","0","3,0","","","19740406",",3,0","19740430","+,1,0","19740414",",,0","2","","19740404",",,0","19740429","+,3,0","-8.3","3,0,06,","0","1,,0,30,+","25",",,0,14,","26.4",",,0,04,","18.9","3,0,29,+","4038.8","0","371.1","3,0","66.5",",,,0","38",",,,0","4.59","3,0","9.96","3,,,0","-0.79","3,,,0"
"USC00478905","1974-05","45.3582","-86.891","209.1","WASHINGTON IS, WI US","0.0","0","0.0",",0","7",",0","7",",0","0",",0","0",",0","0",",0","0",",0","7",",0","0",",0","1",",0","0",",0","","","19740508","+,,0","19740531","+,,0","19740506",",,0","2","","19740511",",,0","19740522",",,0","-3.3",",0,08,+","0",",,0,31,+","13",",,0,06,","12.7",",,0,11,","23.3",",0,22,","4343.2","0","304.4",",0","49.2",",,,0","13",",,,0","8.51",",0","14.27",",,,0","2.75",",,,0"
"USC00478905","1974-06","45.3582","-86.891","209.1","WASHINGTON IS, WI US","1.1","0","1.1",",0","10",",0","9",",0","3",",0","0",",0","0",",0","0",",0","0",",0","0",",0","13",",0","0",",0","","","19740603","+,,0","19740630","+,,0","19740630","+,,0","7","","19740609",",,0","19740620",",,0","3.3",",0,03,+","0",",,0,30,+","0",",,0,30,+","40.6",",,0,09,","27.2",",0,20,","4464.5","0","121.3",",0","167.0",",,,0","0",",,,0","14.33",",0","20.18",",,,0","8.47",",,,0"
"USC00478905","1974-07","45.3582","-86.891","209.1","WASHINGTON IS, WI US","46.2","0","45.1",",0","12",",0","9",",0","0",",0","0",",0","0",",0","0",",0","0",",0","0",",0","28",",0","0",",0","","","19740716","+,,0","19740731","+,,0","19740731","+,,0","7","","19740704",",,0","19740718",",,0","7.8",",0,16,+","0",",,0,31,+","0",",,0,31,+","15.5",",,0,04,","31.1",",0,18,","17.2","0","17.2",",0","85.7",",,,0","0",",,,0","19.23",",0","24.81",",,,0","13.66",",,,0"
"USC00478905","1974-08","45.3582","-86.891","209.1","WASHINGTON IS, WI US","73.3","0","27.1",",0","11",",0","7",",0","2",",0","0",",0","0",",0","0",",0","0",",0","0",",0","26",",0","0",",0","","","19740830",",,0","19740831","+,,0","19740831","+,,0","6","","19740816",",,0","19740827","+,,0","2.8",",0,30,","0",",,0,31,+","0",",,0,31,+","52.3",",,0,16,","26.7",",0,27,+","49.1","0","31.9",",0","143.2",",,,0","0",",,,0","18.18",",0","23.41",",,,0","12.94",",,,0"
"USC00478905","1974-09","45.3582","-86.891","209.1","WASHINGTON IS, WI US","75.0","0","1.7",",0","15",",0","7",",0","1",",0","0",",0","0",",0","0",",0","1",",0","0",",0","3",",0","0",",0","","","19740923",",,0","19740930","+,,0","19740930","+,,0","7","","19740912",",,0","19740911",",,0","-1.7",",0,23,","0",",,0,30,+","0",",,0,30,+","42.7",",,0,12,","23.3",",0,11,","223.7","0","174.6",",0","85.5",",,,0","0",",,,0","12.57",",0","17.69",",,,0","7.45",",,,0"
"USC00478905","1974-10","45.3582","-86.891","209.1","WASHINGTON IS, WI US","75.0","0","0.0",",0","9",",0","5",",0","0",",0","0",",0","1",",0","0",",0","10",",0","0",",0","0",",0","0",",0","","","19741021",",,0","19741031","+,,0","19741019",",,0","","","19741001",",,0","19741012","+,,0","-5.6",",0,21,","0",",,0,31,+","25",",,0,19,","7.9",",,0,01,","20.6",",0,12,+","547.1","0","323.4",",0","28.8",",,,0","25",",,,0","7.90",",0","12.74",",,,0","3.06",",,,0"
"USC00478905","1974-11","45.3582","-86.891","209.1","WASHINGTON IS, WI US","75.0","0","0.0",",0","11",",0","3",",0","1",",0","4",",0","1",",0","0",",0","18",",0","2",",0","0",",0","0",",0","","","19741126",",,0","19741130","+,,0","19741127",",,0","","","19741111",",,0","19741101",",,0","-10.0",",0,26,","25",",,0,30,+","25",",,0,27,","29.7",",,0,11,","18.3",",0,01,","995.1","0","448.0",",0","55.6",",,,0","43",",,,0","3.40",",0","6.82",",,,0","-0.02",",,,0"
"USC00478905","1974-12","45.3582","-86.891","209.1","WASHINGTON IS, WI US","75.0","0","0.0",",0","5",",0","4",",0","0",",0","","","2",",0","0",",0","31",",0","7",",0","0",",0","0",",0","","","19741204",",,0","","","19741219","+,,0","","","19741207",",,0","19741211","+,,0","-8.9",",0,04,","","","51",",,0,19,+","19.1",",,0,07,","5.0",",0,11,+","1606.5","0","611.4",",0","35.6",",,,0","143",",,,0","-1.39",",0","1.80",",,,0","-4.58",",,,0"
"USC00478905","1975-01","45.3582","-86.891","209.1","WASHINGTON IS, WI US","0.0","0","0.0",",0","11",",0","7",",0","0",",0","","","6",",0","3",",0","30",",0","19",",0","0",",0","0",",0","","","19750120",",,0","","","19750129","+,,0","","","19750125",",,0","19750111",",,0","-22.2",",0,20,","","","76",",,0,29,+","13.7",",,0,25,","8.3",",0,11,","2355.0","0","748.5",",0","50.9",",,,0","301",",,,0","-5.81",",0","-1.53",",,,0","-10.09",",,,0"
"USC00478905","1975-02","45.3582","-86.891","209.1","WASHINGTON IS, WI US","0.0","0","0.0",",0","9",",0","5",",0","0",",0","","","5",",0","7",",0","27",",0","16",",0","0",",0","0",",0","","","19750209",",,0","","","19750225","+,,0","","","19750224",",,0","19750222",",,0","-25.0",",0,09,","","","51",",,0,25,+","10.7",",,0,24,","5.0",",0,22,","3047.5","0","692.5",",0","30.1",",,,0","255",",,,0","-6.40",",0","-1.71",",,,0","-11.09",",,,0"
"USC00478905","1975-03","45.3582","-86.891","209.1","WASHINGTON IS, WI US","0.0","0","0.0",",0","9",",0","6",",0","0",",0","","","4",",0","0",",0","30",",0","13",",0","0",",0","0",",0","","","19750309",",,0","","","19750324",",,0","","","19750324",",,0","19750319",",,0","-17.2",",0,09,","","","152",",,0,24,","19.1",",,0,24,","10.6",",0,19,","3718.8","0","671.3",",0","38.8",",,,0","356",",,,0","-3.32",",0","1.59",",,,0","-8.24",",,,0"
"USC00478905","1975-04","45.3582","-86.891","209.1","WASHINGTON IS, WI US","0.0","0","0.0",",0","7",",0","4",",0","0",",0","","","0",",0","0",",0","19",",0","0",",0","0",",0","0",",0","","","19750401",",,0","","","19750401",",,0","1","","19750423",",,0","19750416",",,0","-12.2",",0,01,","","","8",",,0,01,","15.7",",,0,23,","15.0",",0,16,","4209.2","0","490.4",",0","47.7",",,,0","8",",,,0","1.99",",0","6.89",",,,0","-2.92",",,,0"
"USC00478905","1975-05","45.3582","-86.891","209.1","WASHINGTON IS, WI US","0.0","0","0.0",",0","10",",0","7",",0","1",",0","0",",0","0",",0","0",",0","2",",0","0",",0","6",",0","0",",0","","","19750513",",,0","19750531","+,,0","19750531","+,,0","4","","19750530",",,0","19750523",",,0","-1.1",",0,13,","0",",,0,31,+","0",",,0,31,+","31.0",",,0,30,","26.1",",0,23,","4419.5","0","210.3",",0","69.9",",,,0","0",",,,0","11.55",",0","17.46",",,,0","5.64",",,,0"
"USC00478905","1975-06","45.3582","-86.891","209.1","WASHINGTON IS, WI US","18.8","0","18.8",",0","11",",0","6",",0","1",",0","0",",0","0",",0","0",",0","0",",0","0",",0","16",",0","0",",0","","","19750608",",,0","19750630","+,,0","19750630","+,,0","2","","19750615",",,0","19750629","+,,0","4.4",",0,08,","0",",,0,30,+","0",",,0,30,+","34.0",",,0,15,","28.9",",0,29,+","4496.9","0","77.4",",0","107.2",",,,0","0",",,,0","16.38",",0","21.58",",,,0","11.18",",,,0"
"USC00478905","1975-07","45.3582","-86.891","209.1","WASHINGTON IS, WI US","96.3","0","77.5",",0","7",",0","3",",0","0",",0","0",",0","0",",0","0",",0","0",",0","0",",0","29",",0","0",",0","","","19750711",",,0","19750731","+,,0","19750731","+,,0","5","","19750712",",,0","19750730",",,0","6.7",",0,11,","0",",,0,31,+","0",",,0,31,+","14.2",",,0,12,","31.1",",0,30,","22.0","0","22.0",",0","42.2",",,,0","0",",,,0","20.12",",0","26.08",",,,0","14.17",",,,0"
"USC00478905","1975-08","45.3582","-86.891","209.1","WASHINGTON IS, WI US","141.7","0","45.4",",0","5",",0","4",",0","1",",0","0",",0","0",",0","0",",0","0",",0","0",",0","28",",0","0",",0","","","19750807",",,0","19750831","+,,0","19750831","+,,0","3","","19750828",",,0","19750805",",,0","6.7",",0,07,","0",",,0,31,+","0",",,0,31,+","43.7",",,0,28,","31.1",",0,05,","45.1","0","23.1",",0","68.1",",,,0","0",",,,0","19.05",",0","24.77",",,,0","13.33",",,,0"
"USC00478905","1975-09","45.3582","-86.891","209.1","WASHINGTON IS, WI US","141.7","0","0.0",",0","16",",0","7",",0","0",",0","0",",0","0",",0","0",",0","1",",0","0",",0","6",",0","0",",0","","","19750914",",,0","19750930","+,,0","19750930","+,,0","3","","19750903",",,0","19750903",",,0","0.0",",0,14,","0",",,0,30,+","0",",,0,30,+","24.1",",,0,03,","23.9",",0,03,","207.7","0","162.6",",0","104.1",",,,0","0",",,,0","12.91",",0","18.16",",,,0","7.67",",,,0"
"USC00478905","1975-10","45.3582","-86.891","209.1","WASHINGTON IS, WI US","141.7","0","0.0",",0","5",",0","2",",0","0",",0","0",",0","0",",0","0",",0","3",",0","0",",0","1",",0","0",",0","","","19751030",",,0","19751031","+,,0","19751031","+,,0","5","","19751014",",,0","19751013",",,0","-2.2",",0,30,","0",",,0,31,+","0",",,0,31,+","6.6",",,0,14,","22.8",",0,13,","470.1","0","262.4",",0","14.2",",,,0","0",",,,0","9.87",",0","14.79",",,,0","4.95",",,,0"
"USC00478905","1975-11","45.3582","-86.891","209.1","WASHINGTON IS, WI US","141.7","0","0.0","2,0","11",",0","6",",0","3",",0","2",",0","2",",0","0",",0","14",",0","4","2,0","0","2,0","0","2,0","","","19751125",",,0","19751130","+,,0","19751127",",,0","","","19751130",",,0","19751105",",2,0","-11.1",",0,25,","25",",,0,30,+","38",",,0,27,","44.2",",,0,30,","20.6","2,0,05,","856.3","0","386.2","2,0","133.1",",,,0","89",",,,0","4.60","2,0","8.69","2,,,0","0.51",",,,0"
"USC00478905","1975-12","45.3582","-86.891","209.1","WASHINGTON IS, WI US","141.7","0","0.0",",0","9",",0","5",",0","0",",0","","","6",",0","0",",0","30",",0","20",",0","0",",0","0",",0","","","19751218",",,0","","","19751209","+,,0","","","19751204",",,0","19751214",",,0","-17.2",",0,18,","","","76",",,0,09,+","9.9",",,0,04,","9.4",",0,14,","1551.5","0","695.2",",0","31.7",",,,0","291",",,,0","-4.09",",0","-0.34",",,,0","-7.84",",,,0"
"USC00478905","1976-01","45.3582","-86.891","209.1","WASHINGTON IS, WI US","0.0","0","0.0",",0","13",",0","7",",0","0",",0","","","13",",0","11",",0","31",",0","28",",0","0",",0","0",",0","","","19760127",",,0","","","19760111",",,0","","","19760111",",,0","19760102",",,0","-24.4",",0,27,","","","127",",,0,11,","8.9",",,0,11,","2.8",",0,02,","2421.8","0","870.3",",0","44.8",",,,0","761",",,,0","-9.74",",0","-4.38",",,,0","-15.10",",,,0"
"USC00478905","1976-02","45.3582","-86.891","209.1","WASHINGTON IS, WI US","0.0","0","0.0",",0","4",",0","4",",0","0",",0","","","4",",0","5",",0","29",",0","9",",0","0",",0","0",",0","","","19760202",",,0","","","19760218","+,,0","","","19760218",",,0","19760226",",,0","-23.3",",0,02,","","","102",",,0,18,+","13.7",",,0,18,","9.4",",0,26,","3068.4","0","646.6",",0","33.5",",,,0","267",",,,0","-3.96",",0","0.79",",,,0","-8.71",",,,0"
"USC00478905","1976-03","45.3582","-86.891","209.1","WASHINGTON IS, WI US","0.0","0","0.0","1,0","11",",0","7",",0","2",",0","","","5",",0","0","1,0","26","1,0","9",",0","0",",0","0",",0","","","19760311",",1,0","","","19760302",",,0","","","19760330",",,0","19760320",",,0","-17.2","1,0,11,","","","76",",,0,02,","29.7",",,0,30,","11.1",",0,20,","3665.0","0","596.6",",0","98.1",",,,0","235",",,,0","-1.54","1,0","3.14",",,,0","-6.22","1,,,0"
"USC00478905","1976-04","45.3582","-86.891","209.1","WASHINGTON IS, WI US","0.0","0","0.0",",0","8",",0","3",",0","0",",0","0",",0","1",",0","0",",0","18",",0","0",",0","0",",0","0",",0","","","19760412",",,0","19760430","+,,0","19760401",",,0","1","","19760421",",,0","19760415",",,0","-9.4",",0,12,","0",",,0,30,+","25",",,0,01,","11.9",",,0,21,","17.2",",0,15,","4073.6","0","408.6",",0","25.9",",,,0","25",",,,0","4.71",",0","10.11",",,,0","-0.69",",,,0"
"USC00478905","1976-05","45.3582","-86.891","209.1","WASHINGTON IS, WI US","0.0","0","0.0",",0","8",",0","8",",0","2",",0","0",",0","0",",0","0",",0","10",",0","0",",0","1",",0","0",",0","","","19760506",",,0","19760531","+,,0","19760503",",,0","1","","19760530",",,0","19760520",",,0","-6.1",",0,06,","0",",,0,31,+","0",",T,0,03,","33.8",",,0,30,","23.9",",0,20,","4379.0","0","305.4",",0","105.4",",,,0","0",",T,,0","8.48",",0","14.68",",,,0","2.28",",,,0"
"USC00478905","1976-06","45.3582","-86.891","209.1","WASHINGTON IS, WI US","13.9","0","13.9",",0","5",",0","4",",0","0",",0","0",",0","0",",0","0",",0","0",",0","0",",0","26",",0","0",",0","","","19760603",",,0","19760630","+,,0","19760630","+,,0","5","","19760629",",,0","19760627",",,0","3.9",",0,03,","0",",,0,30,+","0",",,0,30,+","8.1",",,0,29,","28.9",",0,27,","4437.1","0","58.1",",0","21.7",",,,0","0",",,,0","16.86",",0","23.22",",,,0","10.50",",,,0"
"USC00478905","1976-07","45.3582","-86.891","209.1","WASHINGTON IS, WI US","62.4","0","48.5",",0","5",",0","2",",0","0",",0","0",",0","0",",0","0",",0","0",",0","0",",0","31",",0","0",",0","","","19760713",",,0","19760731","+,,0","19760731","+,,0","3","","19760730",",,0","19760723",",,0","7.2",",0,13,","0",",,0,31,+","0",",,0,31,+","13.2",",,0,30,","31.7",",0,23,","13.9","0","13.9",",0","29.5",",,,0","0",",,,0","19.45",",0","26.59",",,,0","12.30",",,,0"
"USC00478905","1976-08","45.3582","-86.891","209.1","WASHINGTON IS, WI US","98.9","0","36.5",",0","7",",0","3",",0","0",",0","0",",0","0",",0","0",",0","0",",0","0",",0","29",",0","1",",0","","","19760816",",,0","19760831","+,,0","19760831","+,,0","6","","19760826",",,0","19760822",",,0","2.8",",0,16,","0",",,0,31,+","0",",,0,31,+","16.5",",,0,26,","32.2",",0,22,","53.4","0","39.5",",0","44.5",",,,0","0",",,,0","18.24",",0","24.89",",,,0","11.58",",,,0"
"USC00478905","1976-09","45.3582","-86.891","209.1","WASHINGTON IS, WI US","103.1","0","4.2","1,0","3",",0","1",",0","0",",0","0",",0","0",",0","0",",0","4",",0","0","1,0","13","1,0","0","1,0","","","19760928",",,0","19760930","+,,0","19760930","+,,0","1","","19760901",",,0","19760907",",1,0","-3.3",",0,28,","0",",,0,30,+","0",",,0,30,+","15.5",",,0,01,","29.4","1,0,07,","201.7","0","148.3","1,0","17.0",",,,0","0",",,,0","13.31","1,0","20.29","1,,,0","6.34",",,,0"
"USC00478905","1976-10","45.3582","-86.891","209.1","WASHINGTON IS, WI US","103.1","0","0.0",",0","6",",0","6",",0","0",",0","1",",0","1",",0","0",",0","14",",0","0",",0","3",",0","0",",0","","","19761018",",,0","19761019",",,0","19761019",",,0","","","19761019",",,0","19761012","+,,0","-4.4",",0,18,","25",",,0,19,","76",",,0,19,","24.9",",,0,19,","22.8",",0,12,+","570.0","0","368.3",",0","74.6",",,,0","76",",,,0","6.45",",0","11.53",",,,0","1.38",",,,0"
"USC00478905","1976-11","45.3582","-86.891","209.1","WASHINGTON IS, WI US","103.1","0","0.0","2,0","7",",0","2",",0","0",",0","0","4,0","1",",0","0","1,0","26","1,0","8","1,0","0","1,0","0","1,0","","","19761130","+,1,0","19761130","+,4,0","19761127",",,0","","","19761127",",,0","19761102",",1,0","-16.7","1,0,30,+","0","4,,0,30,+","25",",,0,27,","2.8",",,0,27,","12.8","1,0,02,","1119.3","0","549.3","1,0","10.9",",,,0","59",",,,0","-1.09","2,0","3.13","1,,,0","-5.31","1,,,0"
"USC00478905","1976-12","45.3582","-86.891","209.1","WASHINGTON IS, WI US","103.1","0","0.0","2,0","9",",0","3",",0","0",",0","","","5",",0","8","2,0","29","2,0","23",",0","0",",0","0",",0","","","19761229",",2,0","","","19761227",",,0","","","19761227",",,0","19761216","+,,0","-29.4","2,0,29,","","","203",",,0,27,","7.1",",,0,27,","3.9",",0,16,+","1939.8","0","820.5",",0","18.7",",,,0","368",",,,0","-9.78","2,0","-4.93",",,,0","-14.63","2,,,0"
"USC00478905","1977-01","45.3582","-86.891","209.1","WASHINGTON IS, WI US","0.0","0","0.0","1,0","9",",0","2",",0","0",",0","","","5",",0","20",",0","31",",0","29","1,0","0","1,0","0","1,0","","","19770109",",,0","","","19770113",",,0","","","19770104",",,0","19770124",",1,0","-28.3",",0,09,","","","76",",,0,13,","3.6",",,0,04,","0.6","1,0,24,","2920.0","0","980.2","1,0","13.4",",,,0","217",",,,0","-14.21","1,0","-9.30","1,,,0","-19.11",",,,0"
"USC00478905","1977-02","45.3582","-86.891","209.1","WASHINGTON IS, WI US","0.0","0","0.0",",0","9",",0","3",",0","0",",0","","","3",",0","6",",0","28",",0","19",",0","0",",0","0",",0","","","19770216",",,0","","","19770213",",,0","","","19770213",",,0","19770211",",,0","-25.0",",0,16,","","","114",",,0,13,","11.9",",,0,13,","5.6",",0,11,","3647.8","0","727.8",",0","36.6",",,,0","193",",,,0","-7.66",",0","-2.80",",,,0","-12.52",",,,0"
"USC00478905","1977-03","45.3582","-86.891","209.1","WASHINGTON IS, WI US","0.0","0","0.0",",0","11",",0","9",",0","0",",0","18","3,0","3",",0","0",",0","26",",0","1",",0","0",",0","0",",0","","","19770301",",,0","19770305",",3,0","19770304",",,0","","","19770312",",,0","19770329",",,0","-16.1",",0,01,","711","3,,0,05,","127",",,0,04,","22.6",",,0,12,","12.8",",0,29,","4212.3","0","564.5",",0","101.9",",,,0","318",",,,0","0.12",",0","4.70",",,,0","-4.45",",,,0"
"USC00478905","1977-04","45.3582","-86.891","209.1","WASHINGTON IS, WI US","0.0","0","0.0","2,0","11",",0","7",",0","0",",0","6",",0","2",",0","0","2,0","15","2,0","1","2,0","1","2,0","0","2,0","","","19770408",",2,0","19770405",",,0","19770404",",,0","","","19770421",",,0","19770411",",2,0","-13.9","2,0,08,","152",",,0,05,","114",",,0,04,","20.8",",,0,21,","21.1","2,0,11,","4607.1","0","394.8","2,0","67.4",",,,0","175",",,,0","4.23","2,0","9.70","2,,,0","-1.24","2,,,0"
"USC00478905","1977-05","45.3582","-86.891","209.1","WASHINGTON IS, WI US","0.0","0","0.0",",0","5",",0","4",",0","0",",0","0",",0","0",",0","0",",0","7",",0","0",",0","10",",0","0",",0","","","19770510",",,0","19770531","+,,0","19770531","+,,0","2","","19770517",",,0","19770513",",,0","-5.0",",0,10,","0",",,0,31,+","0",",,0,31,+","10.4",",,0,17,","30.0",",0,13,","4804.4","0","197.3",",0","31.0",",,,0","0",",,,0","11.97",",0","18.86",",,,0","5.07",",,,0"
"USC00478905","1977-06","45.3582","-86.891","209.1","WASHINGTON IS, WI US","5.6","0","5.6","2,0","12",",0","9",",0","0",",0","0",",0","0",",0","0",",0","0",",0","0","2,0","15","2,0","0","2,0","","","19770603",",,0","19770630","+,,0","19770630","+,,0","6","","19770628",",,0","19770628","+,2,0","0.6",",0,03,","0",",,0,30,+","0",",,0,30,+","14.5",",,0,28,","27.2","2,0,28,+","4918.1","0","113.7","2,0","68.7",",,,0","0",",,,0","14.47","2,0","20.59","2,,,0","8.35",",,,0"
"USC00478905","1977-07","45.3582","-86.891","209.1","WASHINGTON IS, WI US","52.3","0","46.7",",0","13",",0","10",",0","2",",0","0",",0","0",",0","0",",0","0",",0","0",",0","29",",0","1",",0","","","19770702",",,0","19770731","+,,0","19770731","+,,0","10","","19770724",",,0","19770720",",,0","6.7",",0,02,","0",",,0,31,+","0",",,0,31,+","31.5",",,0,24,","32.2",",0,20,","23.1","0","23.1",",0","155.7",",,,0","0",",,,0","19.10",",0","24.61",",,,0","13.58",",,,0"
"USC00478905","1977-08","45.3582","-86.891","209.1","WASHINGTON IS, WI US","65.2","0","12.9",",0","14",",0","8",",0","0",",0","0",",0","0",",0","0",",0","0",",0","0",",0","20",",0","0",",0","","","19770822",",,0","19770831","+,,0","19770831","+,,0","6","","19770822",",,0","19770809","+,,0","4.4",",0,22,","0",",,0,31,+","0",",,0,31,+","17.5",",,0,22,","26.7",",0,09,+","91.5","0","68.4",",0","79.6",",,,0","0",",,,0","16.54",",0","22.03",",,,0","11.06",",,,0"
"USC00478905","1977-09","45.3582","-86.891","209.1","WASHINGTON IS, WI US","65.2","0","0.0",",0","15",",0","13",",0","1",",0","0",",0","0",",0","0",",0","0",",0","0",",0","7",",0","0",",0","","","19770914",",,0","19770930","+,,0","19770930","+,,0","2","","19770924",",,0","19770904","+,,0","2.8",",0,14,","0",",,0,30,+","0",",,0,30,+","31.0",",,0,24,","22.2",",0,04,+","212.6","0","121.1",",0","110.8",",,,0","0",",,,0","14.30",",0","18.65",",,,0","9.94",",,,0"
"USC00478905","1977-10","45.3582","-86.891","209.1","WASHINGTON IS, WI US","65.2","0","0.0",",0","6",",0","3",",0","1",",0","0",",0","0",",0","0",",0","6",",0","0",",0","0",",0","0",",0","","","19771013","+,,0","19771031","+,,0","19771031","+,,0","","","19771008",",,0","19771004",",,0","-2.8",",0,13,+","0",",,0,31,+","0",",,0,31,+","31.0",",,0,08,","19.4",",0,04,","516.8","0","304.2",",0","47.6",",,,0","0",",,,0","8.52",",0","13.78",",,,0","3.26",",,,0"
"USC00478905","1977-11","45.3582","-86.891","209.1","WASHINGTON IS, WI US","65.2","0","0.0",",0","17",",0","8",",0","1",",0","7",",0","2",",0","0",",0","17",",0","5",",0","0",",0","0",",0","","","19771127",",,0","19771130","+,,0","19771128",",,0","1","","19771101",",,0","19771109",",,0","-12.8",",0,27,","102",",,0,30,+","51",",,0,28,","35.1",",,0,01,","14.4",",0,09,","990.9","0","474.1",",0","80.7",",,,0","115",",,,0","2.53",",0","6.00",",,,0","-0.94",",,,0"
"USC00478905","1977-12","45.3582","-86.891","209.1","WASHINGTON IS, WI US","65.2","0","0.0",",0","17",",0","8",",0","0",",0","","","7",",0","5",",0","29",",0","20",",0","0",",0","0",",0","","","19771211",",,0","","","19771224","+,,0","","","19771224",",,0","19771217",",,0","-20.6",",0,11,","","","127",",,0,24,+","12.2",",,0,24,","5.0",",0,17,","1714.1","0","723.2",",0","60.6",",,,0","512",",,,0","-5.00",",0","-1.46",",,,0","-8.53",",,,0"
"USC00478905","1978-01","45.3582","-86.891","209.1","WASHINGTON IS, WI US","0.0","0","0.0","1,0","10",",0","7",",0","0",",0","","","6",",0","6","1,0","30","1,0","29",",0","0",",0","0",",0","","","19780109",",1,0","","","19780126","+,,0","","","19780126",",,0","19780107",",,0","-20.0","1,0,09,","","","127",",,0,26,+","15.7",",,0,26,","1.7",",0,07,","2547.9","0","833.8",",0","49.1",",,,0","579",",,,0","-9.44","1,0","-5.08",",,,0","-13.80","1,,,0"
"USC00478905","1978-02","45.3582","-86.891","209.1","WASHINGTON IS, WI US","0.0","0","0.0","1,0","6",",0","3",",0","0",",0","","","3",",0","10","1,0","27","1,0","28",",0","0",",0","0",",0","","","19780222","+,1,0","","","19780205",",,0","","","19780225",",,0","19780226","+,,0","-21.7","1,0,22,+","","","64",",,0,05,","3.8",",,0,25,","0.0",",0,26,+","3302.6","0","754.7",",0","12.0",",,,0","174",",,,0","-9.66","1,0","-3.77",",,,0","-15.56","1,,,0"
"USC00478905","1978-03","45.3582","-86.891","209.1","WASHINGTON IS, WI US","0.0","0","0.0",",0","5",",0","1",",0","0",",0","","","2",",0","7",",0","31",",0","11",",0","0",",0","0",",0","","","19780302",",,0","","","19780303",",,0","","","19780303",",,0","19780328",",,0","-22.8",",0,02,","","","51",",,0,03,","4.3",",,0,03,","8.9",",0,28,","3985.9","0","683.3",",0","8.1",",,,0","96",",,,0","-3.71",",0","1.88",",,,0","-9.30",",,,0"
"USC00478905","1978-04","45.3582","-86.891","209.1","WASHINGTON IS, WI US","0.0","0","0.0",",0","11",",0","7",",0","0",",0","0",",0","0",",0","0",",0","25",",0","0",",0","0",",0","0",",0","","","19780403",",,0","19780430","+,,0","19780403",",,0","","","19780410",",,0","19780427",",,0","-8.9",",0,03,","0",",,0,30,+","18",",,0,03,","19.1",",,0,10,","16.7",",0,27,","4454.4","0","468.5",",0","59.7",",,,0","18",",,,0","2.72",",0","7.67",",,,0","-2.24",",,,0"
"USC00478905","1978-05","45.3582","-86.891","209.1","WASHINGTON IS, WI US","0.0","0","0.0",",0","7",",0","6",",0","1",",0","0",",0","0",",0","0",",0","6",",0","0",",0","8",",0","0",",0","","","19780503",",,0","19780531","+,,0","19780531","+,,0","1","","19780513",",,0","19780518",",,0","-4.4",",0,03,","0",",,0,31,+","0",",,0,31,+","26.4",",,0,13,","26.7",",0,18,","4710.4","0","256.0",",0","81.2",",,,0","0",",,,0","10.08",",0","16.14",",,,0","4.01",",,,0"
"USC00478905","1978-06","45.3582","-86.891","209.1","WASHINGTON IS, WI US","10.3","0","10.3","1,0","11",",0","6",",0","0",",0","0",",0","0",",0","0",",0","1",",0","0","1,0","12","1,0","0","1,0","","","19780614",",,0","19780630","+,,0","19780630","+,,0","4","","19780607",",,0","19780629",",1,0","-1.1",",0,14,","0",",,0,30,+","0",",,0,30,+","8.1",",,0,07,","29.4","1,0,29,","4847.6","0","137.2","1,0","36.3",",,,0","0",",,,0","14.00","1,0","20.21","1,,,0","7.78",",,,0"
"USC00478905","1978-07","45.3582","-86.891","209.1","WASHINGTON IS, WI US","21.7","0","11.4","1,0","13",",0","8",",0","0",",0","0",",0","0",",0","0","1,0","0","1,0","0",",0","22",",0","0",",0","","","19780711",",1,0","19780731","+,,0","19780731","+,,0","7","","19780722",",,0","19780713",",,0","6.1","1,0,11,","0",",,0,31,+","0",",,0,31,+","18.8",",,0,22,","28.3",",0,13,","43.2","0","43.2",",0","84.5",",,,0","0",",,,0","17.22","1,0","22.69",",,,0","11.74","1,,,0"
"USC00478905","1978-08","45.3582","-86.891","209.1","WASHINGTON IS, WI US","56.4","0","34.7",",0","8",",0","7",",0","0",",0","0",",0","0",",0","0",",0","0",",0","0",",0","27",",0","0",",0","","","19780831",",,0","19780831","+,,0","19780831","+,,0","6","","19780816",",,0","19780813","+,,0","6.1",",0,31,","0",",,0,31,+","0",",,0,31,+","23.1",",,0,16,","29.4",",0,13,+","70.2","0","27.0",",0","85.1",",,,0","0",",,,0","18.58",",0","23.84",",,,0","13.33",",,,0"
"USC00478905","1978-09","45.3582","-86.891","209.1","WASHINGTON IS, WI US","72.8","0","16.4",",0","13",",0","10",",0","1",",0","0",",0","0",",0","0",",0","0",",0","0",",0","14",",0","0",",0","","","19780928",",,0","19780930","+,,0","19780930","+,,0","7","","19780914",",,0","19780906",",,0","0.6",",0,28,","0",",,0,30,+","0",",,0,30,+","35.6",",,0,14,","28.3",",0,06,","166.2","0","96.0",",0","111.4",",,,0","0",",,,0","15.68",",0","20.39",",,,0","10.97",",,,0"
"USC00478905","1978-10","45.3582","-86.891","209.1","WASHINGTON IS, WI US","72.8","0","0.0",",0","10",",0","6",",0","1",",0","0",",0","0",",0","0",",0","7",",0","0",",0","0",",0","0",",0","","","19781029",",,0","19781031","+,,0","19781031","+,,0","2","","19781006",",,0","19781020",",,0","-5.0",",0,29,","0",",,0,31,+","0",",,0,31,+","32.5",",,0,06,","18.9",",0,20,","467.1","0","300.9",",0","90.3",",,,0","0",",,,0","8.63",",0","13.38",",,,0","3.87",",,,0"
"USC00478905","1978-11","45.3582","-86.891","209.1","WASHINGTON IS, WI US","72.8","0","0.0","1,0","13",",0","4",",0","0",",0","6",",0","0",",0","0","1,0","21","1,0","6",",0","0",",0","0",",0","","","19781122",",1,0","19781130","+,,0","19781129","+,,0","","","19781117",",,0","19781104",",,0","-12.8","1,0,22,","51",",,0,30,+","13",",,0,29,+","21.6",",,0,17,","17.2",",0,04,","939.1","0","472.0",",0","57.3",",,,0","65",",,,0","2.14","1,0","6.33",",,,0","-2.04","1,,,0"
"USC00478905","1978-12","45.3582","-86.891","209.1","WASHINGTON IS, WI US","72.8","0","0.0",",0","11",",0","8",",0","0",",0","","","7",",0","0",",0","31",",0","20",",0","0",",0","0",",0","","","19781210",",,0","","","19781230",",,0","","","19781230",",,0","19781215",",,0","-15.6",",0,10,","","","89",",,0,30,","8.9",",,0,30,","3.3",",0,15,","1680.8","0","741.7",",0","44.3",",,,0","323",",,,0","-5.59",",0","-2.24",",,,0","-8.95",",,,0"
"USC00478905","1979-01","45.3582","-86.891","209.1","WASHINGTON IS, WI US","0.0","0","0.0",",0","13",",0","6",",0","0",",0","","","7",",0","16",",0","31",",0","31",",0","0",",0","0",",0","","","19790116",",,0","","","19790124","+,,0","","","19790123",",,0","19790122",",,0","-27.2",",0,16,","","","178",",,0,24,+","18.3",",,0,23,","0.0",",0,22,","2617.6","0","936.8",",0","62.5",",,,0","661",",,,0","-11.89",",0","-7.63",",,,0","-16.15",",,,0"
"USC00478905","1979-02","45.3582","-86.891","209.1","WASHINGTON IS, WI US","0.0","0","0.0","1,0","9",",0","5",",0","0",",0","","","7",",0","14",",0","28",",0","21","1,0","0","1,0","0","1,0","","","19790217",",,0","","","19790206",",,0","1","","19790206",",,0","19790227",",1,0","-31.1",",0,17,","","","114",",,0,06,","9.4",",,0,06,","5.0","1,0,27,","3436.2","0","818.6","1,0","31.8",",,,0","387",",,,0","-11.94","1,0","-5.93","1,,,0","-17.96",",,,0"
"USC00478905","1979-03","45.3582","-86.891","209.1","WASHINGTON IS, WI US","0.0","0","0.0","2,0","16",",0","4",",0","1",",0","","","2",",0","3","2,0","26","2,0","8",",0","0",",0","0",",0","","","19790315","+,2,0","","","19790324",",,0","","","19790304",",,0","19790319",",,0","-18.3","2,0,15,+","","","76",",,0,24,","27.9",",,0,04,","7.8",",0,19,","4031.1","0","594.9",",0","72.6",",,,0","150",",,,0","-2.18","2,0","1.94",",,,0","-6.30","2,,,0"
"USC00478905","1979-04","45.3582","-86.891","209.1","WASHINGTON IS, WI US","0.0","0","0.0",",0","10",",0","7",",0","0",",0","","","1",",0","0",",0","23",",0","2",",0","0",",0","0",",0","","","19790407","+,,0","","","19790405",",,0","","","19790426",",,0","19790423",",,0","-13.9",",0,07,+","","","25",",,0,05,","12.2",",,0,26,","16.1",",0,23,","4508.9","0","477.8",",0","46.7",",,,0","53",",,,0","2.41",",0","7.67",",,,0","-2.86",",,,0"
"USC00478905","1979-05","45.3582","-86.891","209.1","WASHINGTON IS, WI US","0.0","0","0.0",",0","11",",0","6",",0","0",",0","1",",0","1",",0","0",",0","6",",0","0",",0","0",",0","0",",0","","","19790501",",,0","19790505",",,0","19790505",",,0","","","19790509",",,0","19790512",",,0","-5.6",",0,01,","102",",,0,05,","102",",,0,05,","19.8",",,0,09,","20.0",",0,12,","4827.6","0","318.7",",0","81.0",",,,0","102",",,,0","8.05",",0","13.47",",,,0","2.63",",,,0"
"USC00478905","1979-06","45.3582","-86.891","209.1","WASHINGTON IS, WI US","0.0","0","0.0",",0","8",",0","7",",0","0",",0","0",",0","0",",0","0",",0","0",",0","0",",0","10",",0","0",",0","","","19790625",",,0","19790630","+,,0","19790630","+,,0","7","","19790610",",,0","19790630",",,0","0.6",",0,25,","0",",,0,30,+","0",",,0,30,+","19.3",",,0,10,","25.0",",0,30,","4965.7","0","138.1",",0","67.9",",,,0","0",",,,0","13.73",",0","19.66",",,,0","7.80",",,,0"
"USC00478905","1979-07","45.3582","-86.891","209.1","WASHINGTON IS, WI US","35.2","0","35.2",",0","5",",0","4",",0","1",",0","0",",0","0",",0","0",",0","0",",0","0",",0","30",",0","0",",0","","","19790718","+,,0","19790731","+,,0","19790731","+,,0","6","","19790725",",,0","19790715",",,0","6.1",",0,18,+","0",",,0,31,+","0",",,0,31,+","26.2",",,0,25,","30.6",",0,15,","27.1","0","27.1",",0","65.3",",,,0","0",",,,0","18.60",",0","24.37",",,,0","12.82",",,,0"
"USC00478905","1979-08","45.3582","-86.891","209.1","WASHINGTON IS, WI US","54.2","0","19.0","1,0","10",",0","7",",0","1",",0","0",",0","0",",0","0","1,0","0","1,0","0","1,0","21","1,0","0","1,0","","","19790816",",1,0","19790831","+,,0","19790831","+,,0","3","","19790804",",,0","19790807",",1,0","2.8","1,0,16,","0",",,0,31,+","0",",,0,31,+","47.5",",,0,04,","30.0","1,0,07,","76.2","0","49.1","1,0","106.6",",,,0","0",",,,0","17.33","1,0","22.67","1,,,0","11.98","1,,,0"
"USC00478905","1979-09","45.3582","-86.891","209.1","WASHINGTON IS, WI US","58.9","0","4.7",",0","3",",0","2",",0","1",",0","0",",0","0",",0","0",",0","0",",0","0",",0","11",",0","0",",0","","","19790919",",,0","19790930","+,,0","19790930","+,,0","2","","19790901",",,0","19790905",",,0","0.6",",0,19,","0",",,0,30,+","0",",,0,30,+","31.8",",,0,01,","25.6",",0,05,","188.1","0","111.9",",0","45.0",",,,0","0",",,,0","14.76",",0","20.38",",,,0","9.15",",,,0"
"USC00478905","1979-10","45.3582","-86.891","209.1","WASHINGTON IS, WI US","58.9","0","0.0","1,0","8",",0","6",",0","1",",0","0",",0","0",",0","0",",0","4",",0","0","1,0","0","1,0","0","1,0","","","19791014",",,0","19791031","+,,0","19791025",",,0","4","","19791022",",,0","19791001",",1,0","-2.2",",0,14,","0",",,0,31,+","0",",T,0,25,","56.4",",,0,22,","20.0","1,0,01,","505.8","0","317.7","1,0","91.6",",,,0","0",",T,,0","7.69","1,0","11.81","1,,,0","3.57",",,,0"
"USC00478905","1979-11","45.3582","-86.891","209.1","WASHINGTON IS, WI US","58.9","0","0.0","1,0","12",",0","7",",0","0",",0","","","1",",0","0","1,0","19","1,0","3",",0","0",",0","0",",0","","","19791109",",1,0","","","19791109",",,0","2","","19791126",",,0","19791101",",,0","-8.9","1,0,09,","","","46",",,0,09,","15.2",",,0,26,","14.4",",0,01,","999.3","0","493.5",",0","59.9",",,,0","87",",,,0","1.48","1,0","4.83",",,,0","-1.87","1,,,0"
"USC00478905","1979-12","45.3582","-86.891","209.1","WASHINGTON IS, WI US","58.9","0","0.0",",0","5",",0","1",",0","0",",0","2","3,0","1",",0","0",",0","30",",0","7",",0","0",",0","0",",0","","","19791217",",,0","19791216",",3,0","19791216",",,0","","","19791207",",,0","19791205",",,0","-17.2",",0,17,","51","3,,0,16,","38",",,0,16,","9.4",",,0,07,","10.0",",0,05,","1624.7","0","625.4",",0","11.0",",,,0","38",",,,0","-1.84",",0","2.20",",,,0","-5.88",",,,0"
"USC00478905","1980-01","45.3582","-86.891","209.1","WASHINGTON IS, WI US","0.0","0","0.0",",0","11","2,0","6","2,0","1","2,0","","","6",",0","7",",0","31",",0","19",",0","0",",0","0",",0","","","19800109",",,0","","","19800125","+,,0","","","19800116",",2,0","19800111",",,0","-22.2",",0,09,","","","51",",,0,25,+","31.8","2,,0,16,","6.1",",0,11,","2407.7","0","783.0",",0","68.1","2,,,0","290",",,,0","-6.93",",0","-2.67",",,,0","-11.18",",,,0"
"USC00478905","1980-02","45.3582","-86.891","209.1","WASHINGTON IS, WI US","0.0","0","0.0","1,0","6",",0","0",",0","0",",0","","","0",",0","7","1,0","28","1,0","22","1,0","0","1,0","0","1,0","","","19800229",",1,0","","","19800222",",,0","","","19800213",",,0","19800220",",1,0","-21.7","1,0,29,","","","15",",,0,22,","0.8",",,0,13,","3.3","1,0,20,","3145.0","0","737.3","1,0","2.7",",,,0","67",",,,0","-8.00","1,0","-2.70","1,,,0","-13.29","1,,,0"
"USC00478905","1980-03","45.3582","-86.891","209.1","WASHINGTON IS, WI US","0.0","0","0.0",",0","6",",0","3",",0","0",",0","","","4",",0","3",",0","31",",0","11",",0","0",",0","0",",0","","","19800302",",,0","","","19800323",",,0","","","19800323",",,0","19800331",",,0","-22.2",",0,02,","","","51",",,0,23,","3.0",",,0,23,","11.7",",0,31,","3817.2","0","672.2",",0","10.3",",,,0","183",",,,0","-3.35",",0","1.90",",,,0","-8.60",",,,0"
"USC00478905","1980-04","45.3582","-86.891","209.1","WASHINGTON IS, WI US","0.0","0","0.0","3,0","13",",0","10",",0","0",",0","1",",0","3",",0","0",",0","18",",0","0","3,0","0","3,0","0","3,0","","","19800416","+,,0","19800412",",,0","19800424","+,,0","1","","19800409",",,0","19800419",",3,0","-5.0",",0,16,+","25",",,0,12,","38",",,0,24,+","20.3",",,0,09,","20.0","3,0,19,","4192.7","0","375.5","3,0","74.7",",,,0","101",",,,0","4.55","3,0","9.54","3,,,0","-0.44",",,,0"
"USC00478905","1980-05","45.3582","-86.891","209.1","WASHINGTON IS, WI US","0.0","0","0.0",",0","7",",0","2",",0","0",",0","0",",0","0",",0","0",",0","2",",0","0",",0","11",",0","0",",0","","","19800516","+,,0","19800531","+,,0","19800531","+,,0","","","19800511",",,0","19800524","+,,0","-1.1",",0,16,+","0",",,0,31,+","0",",,0,31,+","8.1",",,0,11,","27.2",",0,24,+","4396.6","0","203.9",",0","17.5",",,,0","0",",,,0","11.76",",0","18.55",",,,0","4.96",",,,0"
"USC00478905","1980-06","45.3582","-86.891","209.1","WASHINGTON IS, WI US","3.4","0","3.4","1,0","8",",0","8",",0","2",",0","0",",0","0",",0","0",",0","0",",0","0","1,0","11","1,0","0","1,0","","","19800611",",,0","19800630","+,,0","19800630","+,,0","4","","19800607",",,0","19800626",",1,0","1.7",",0,11,","0",",,0,30,+","0",",,0,30,+","34.8",",,0,07,","27.8","1,0,26,","4533.8","0","137.2","1,0","105.6",",,,0","0",",,,0","13.78","1,0","19.21","1,,,0","8.34",",,,0"
"USC00478905","1980-07","45.3582","-86.891","209.1","WASHINGTON IS, WI US","46.8","0","43.4",",0","13",",0","9",",0","2",",0","0",",0","0",",0","0",",0","0",",0","0",",0","30",",0","0",",0","","","19800702",",,0","19800731","+,,0","19800731","+,,0","12","","19800729",",,0","19800715",",,0","5.6",",0,02,","0",",,0,31,+","0",",,0,31,+","29.7",",,0,29,","31.1",",0,15,","16.6","0","16.6",",0","122.3",",,,0","0",",,,0","19.20",",0","25.24",",,,0","13.15",",,,0"
"USC00478905","1980-08","45.3582","-86.891","209.1","WASHINGTON IS, WI US","107.3","0","60.5",",0","12",",0","5",",0","1",",0","0",",0","0",",0","0",",0","0",",0","0",",0","29",",0","0",",0","","","19800817",",,0","19800831","+,,0","19800831","+,,0","4","","19800805",",,0","19800818",",,0","8.9",",0,17,","0",",,0,31,+","0",",,0,31,+","40.6",",,0,05,","31.7",",0,18,","30.5","0","13.9",",0","116.3",",,,0","0",",,,0","19.84",",0","25.05",",,,0","14.62",",,,0"
"USC00478905","1980-09","45.3582","-86.891","209.1","WASHINGTON IS, WI US","111.8","0","4.5","1,0","13",",0","9",",0","1",",0","0",",0","0",",0","0","1,0","1","1,0","0",",0","13",",0","0",",0","","","19800928",",1,0","19800930","+,,0","19800930","+,,0","5","","19800909",",,0","19800906","+,,0","0.0","1,0,28,","0",",,0,30,+","0",",,0,30,+","38.9",",,0,09,","26.1",",0,06,+","145.0","0","114.5",",0","128.2",",,,0","0",",,,0","14.49","1,0","19.81",",,,0","9.18","1,,,0"
"USC00478905","1980-10","45.3582","-86.891","209.1","WASHINGTON IS, WI US","111.8","0","0.0",",0","13",",0","6",",0","0",",0","0",",0","0",",0","0",",0","10",",0","0",",0","0",",0","0",",0","","","19801028",",,0","19801031","+,,0","19801026",",,0","1","","19801025",",,0","19801008",",,0","-3.9",",0,28,","0",",,0,31,+","0",",T,0,26,","9.1",",,0,25,","20.0",",0,08,","505.5","0","360.5",",0","38.1",",,,0","0",",T,,0","6.70",",0","11.35",",,,0","2.06",",,,0"
"USC00478905","1980-11","45.3582","-86.891","209.1","WASHINGTON IS, WI US","111.8","0","0.0",",0","7",",0","4",",0","0",",0","1",",0","1",",0","0",",0","24",",0","0",",0","0",",0","0",",0","","","19801116",",,0","19801128",",,0","19801128",",,0","","","19801112",",,0","19801103",",,0","-10.0",",0,16,","25",",,0,28,","25",",,0,28,","7.4",",,0,12,","12.8",",0,03,","1000.8","0","495.3",",0","24.2",",,,0","25",",,,0","1.82",",0","5.72",",,,0","-2.07",",,,0"
"USC00478905","1980-12","45.3582","-86.891","209.1","WASHINGTON IS, WI US","111.8","0","0.0",",0","12","2,0","4","2,0","0","2,0","21",",0","8",",0","4",",0","29",",0","24",",0","0",",0","0",",0","","","19801220",",,0","19801231",",,0","19801231",",,0","","","19801217",",2,0","19801206",",,0","-19.4",",0,20,","356",",,0,31,","152",",,0,31,","5.1","2,,0,17,","5.0",",0,06,","1761.1","0","760.3",",0","24.2","2,,,0","546",",,,0","-6.19",",0","-2.14",",,,0","-10.25",",,,0"
"USC00478905","1981-01","45.3582","-86.891","209.1","WASHINGTON IS, WI US","0.0","0","0.0",",0","6",",0","3",",0","0",",0","","","3",",0","11",",0","31",",0","23",",0","0",",0","0",",0","","","19810104","+,,0","","","19810115",",,0","","","19810115",",,0","19810124","+,,0","-22.2",",0,04,+","","","76",",,0,15,","5.1",",,0,15,","5.0",",0,24,+","2606.7","0","845.6",",0","14.7",",,,0","162",",,,0","-8.95",",0","-3.60",",,,0","-14.29",",,,0"
"USC00478905","1981-02","45.3582","-86.891","209.1","WASHINGTON IS, WI US","0.0","0","0.0","1,0","9",",0","5",",0","0",",0","","","3","1,0","9","1,0","27","1,0","12",",0","0",",0","0",",0","","","19810212",",1,0","","","19810207",",1,0","","","19810228",",,0","19810221",",,0","-26.7","1,0,12,","","","76","1,,0,07,","13.2",",,0,28,","9.4",",0,21,","3262.5","0","655.8",",0","31.4",",,,0","167","1,,,0","-5.89","1,0","-0.56",",,,0","-11.21","1,,,0"
"USC00478905","1981-03","45.3582","-86.891","209.1","WASHINGTON IS, WI US","0.0","0","0.0",",0","7",",0","0",",0","0",",0","","","0",",0","0",",0","30",",0","2",",0","0",",0","0",",0","","","19810316","+,,0","","","19810319",",,0","1","","19810329",",,0","19810330","+,,0","-10.6",",0,16,+","","","13",",,0,19,","1.0",",,0,29,","11.7",",0,30,+","3847.2","0","584.7",",0","4.1",",,,0","43",",,,0","-0.53",",0","4.96",",,,0","-6.02",",,,0"
"USC00478905","1981-04","45.3582","-86.891","209.1","WASHINGTON IS, WI US","0.0","0","0.0","1,0","10",",0","8",",0","1",",0","0",",0","0",",0","0",",0","16",",0","0","1,0","0","1,0","0","1,0","","","19810421",",,0","19810430","+,,0","19810430","+,,0","6","","19810404",",,0","19810417",",1,0","-8.3",",0,21,","0",",,0,30,+","0",",,0,30,+","32.3",",,0,04,","18.3","1,0,17,","4247.7","0","400.5","1,0","105.7",",,,0","0",",,,0","4.60","1,0","9.66","1,,,0","-0.46",",,,0"
"USC00478905","1981-05","45.3582","-86.891","209.1","WASHINGTON IS, WI US","0.0","0","0.0",",0","7",",0","3",",0","0",",0","0",",0","0",",0","0",",0","10",",0","0",",0","1",",0","0",",0","","","19810507",",,0","19810531","+,,0","19810531","+,,0","","","19810505",",,0","19810521",",,0","-3.9",",0,07,","0",",,0,31,+","0",",,0,31,+","16.0",",,0,05,","25.0",",0,21,","4545.5","0","297.8",",0","31.5",",,,0","0",",,,0","8.73",",0","14.96",",,,0","2.49",",,,0"
"USC00478905","1981-06","45.3582","-86.891","209.1","WASHINGTON IS, WI US","1.1","0","1.1","3,0","11","3,0","7","3,0","0","3,0","0",",0","0",",0","0","2,0","0","2,0","0","2,0","19","2,0","0","2,0","","","19810607",",2,0","19810630","+,,0","19810630","+,,0","6","","19810614",",3,0","19810629","+,2,0","2.8","2,0,07,","0",",,0,30,+","0",",,0,30,+","21.8","3,,0,14,","26.1","2,0,29,+","4622.6","0","77.1","2,0","88.7",",a,,0","0",",,,0","15.45","3,0","21.75","2,,,0","9.15","2,,,0"
"USC00478905","1981-07","45.3582","-86.891","209.1","WASHINGTON IS, WI US","42.2","0","41.1",",0","9",",0","5",",0","1",",0","0",",0","0",",0","0",",0","0",",0","0",",0","29",",0","0",",0","","","19810729",",,0","19810731","+,,0","19810731","+,,0","2","","19810717",",,0","19810710",",,0","6.1",",0,29,","0",",,0,31,+","0",",,0,31,+","37.8",",,0,17,","31.1",",0,10,","28.3","0","28.3",",0","70.1",",,,0","0",",,,0","18.75",",0","24.66",",,,0","12.83",",,,0"
"USC00478905","1981-08","45.3582","-86.891","209.1","WASHINGTON IS, WI US","74.8","0","32.6",",0","11",",0","6",",0","1",",0","0",",0","0",",0","0",",0","0",",0","0",",0","31",",0","0",",0","","","19810818","+,,0","19810831","+,,0","19810831","+,,0","4","","19810826",",,0","19810823",",,0","5.6",",0,18,+","0",",,0,31,+","0",",,0,31,+","32.8",",,0,26,","28.9",",0,23,","44.7","0","16.4",",0","97.1",",,,0","0",",,,0","18.86",",0","24.05",",,,0","13.66",",,,0"
"USC00478905","1981-09","45.3582","-86.891","209.1","WASHINGTON IS, WI US","82.7","0","7.9","2,0","11",",0","8",",0","0",",0","0",",0","0",",0","0",",0","1",",0","0","2,0","11","2,0","0","2,0","","","19810923",",,0","19810930","+,,0","19810930","+,,0","1","","19810907",",,0","19810913",",2,0","0.0",",0,23,","0",",,0,30,+","0",",,0,30,+","14.5",",,0,07,","26.7","2,0,13,","175.9","0","131.2","2,0","51.5",",,,0","0",",,,0","13.87","2,0","19.30","2,,,0","8.43",",,,0"
"USC00478905","1981-10","45.3582","-86.891","209.1","WASHINGTON IS, WI US","82.7","0","0.0","2,0","11",",0","10",",0","1",",0","0",",0","0",",0","0","2,0","12","2,0","0","1,0","0","1,0","0","1,0","","","19811026",",2,0","19811031","+,,0","19811031","+,,0","","","19811018",",,0","19811005",",1,0","-5.6","2,0,26,","0",",,0,31,+","0",",,0,31,+","33.5",",,0,18,","16.7","1,0,05,","533.4","0","357.5","1,0","113.2",",,,0","0",",,,0","6.02","2,0","10.78","1,,,0","1.27","2,,,0"
"USC00478905","1981-11","45.3582","-86.891","209.1","WASHINGTON IS, WI US","82.7","0","0.0","1,0","5",",0","4",",0","0",",0","","","","","0","1,0","23","1,0","0","1,0","0","1,0","0","1,0","","","19811130",",1,0","","","","","","","19811127",",,0","19811105","+,1,0","-13.9","1,0,30,","","","","","5.8",",,0,27,","15.6","1,0,05,+","994.4","0","461.0","1,0","21.8",",,,0","","","2.44","1,0","7.67","1,,,0","-2.79","1,,,0"
"USC00478905","1981-12","45.3582","-86.891","209.1","WASHINGTON IS, WI US","82.7","0","0.0",",0","10",",0","4",",0","0",",0","","","5",",0","0",",0","31",",0","12",",0","0",",0","0",",0","","","19811220",",,0","","","19811231","+,,0","","","19811231",",,0","19811201",",,0","-16.7",",0,20,","","","76",",,0,31,+","10.2",",,0,31,","7.2",",0,01,","1661.1","0","666.7",",0","35.8",",,,0","266",",,,0","-3.17",",0","0.61",",,,0","-6.95",",,,0"
"USC00478905","1982-01","45.3582","-86.891","209.1","WASHINGTON IS, WI US","0.0","0","0.0","3,0","10",",0","10",",0","0",",0","","","10","2,0","16","2,0","29","2,0","27","1,0","0","1,0","0","1,0","","","19820117",",2,0","","","19820104",",2,0","","","19820114",",,0","19820124",",1,0","-32.8","2,0,17,","","","203","2,,0,04,","12.7",",,0,14,","1.1","1,0,24,","2509.0","0","847.9","1,0","51.6",",,,0","876","2,,,0","-11.92","3,0","-5.28","1,,,0","-18.56","2,,,0"
"USC00478905","1982-02","45.3582","-86.891","209.1","WASHINGTON IS, WI US","0.0","0","0.0","1,0","0",",0","0",",0","0",",0","","","0",",0","12","1,0","27","1,0","20",",0","0",",0","0",",0","","","19820206",",1,0","","","19820213","+,,0","","","19820213","+,,0","19820220",",,0","-26.7","1,0,06,","","","0",",T,0,13,+","0.0",",T,0,13,+","7.2",",0,20,","3242.9","0","733.9",",0","0.0",",T,,0","0",",T,,0","-8.81","1,0","-3.31",",,,0","-14.31","1,,,0"
"USC00478905","1982-03","45.3582","-86.891","209.1","WASHINGTON IS, WI US","0.0","0","0.0","2,0","","","","","","","","","2",",0","3","2,0","28","2,0","11",",0","0",",0","0",",0","","","19820308",",2,0","","","19820309",",,0","","","","","19820331",",,0","-22.8","2,0,08,","","","305",",,0,09,","","","10.6",",0,31,","3864.5","0","621.6",",0","","","369",",,,0","-3.09","2,0","2.01",",,,0","-8.19","2,,,0"
"USC00478905","1982-04","45.3582","-86.891","209.1","WASHINGTON IS, WI US","0.0","0","0.0","1,0","7",",0","6",",0","0",",0","1",",0","1",",0","0",",0","24",",0","3","1,0","0","1,0","0","1,0","1","","19820402",",,0","19820420",",,0","19820420",",,0","","","19820404",",,0","19820423",",1,0","-14.4",",0,02,","51",",,0,20,","51",",,0,20,","20.6",",,0,04,","19.4","1,0,23,","4335.6","0","471.1","1,0","50.8",",,,0","51",",,,0","1.91","1,0","7.77","1,,,0","-3.95",",,,0"
"USC00478905","1982-05","45.3582","-86.891","209.1","WASHINGTON IS, WI US","0.0","0","0.0",",0","8",",0","6",",0","0",",0","0",",0","0",",0","0",",0","3",",0","0",",0","5",",0","0",",0","","","19820508",",,0","19820531","+,,0","19820531","+,,0","1","","19820516","+,,0","19820530",",,0","-3.3",",0,08,","0",",,0,31,+","0",",,0,31,+","6.4",",,0,16,+","24.4",",0,30,","4555.6","0","220.0",",0","30.8",",,,0","0",",,,0","11.24",",0","17.58",",,,0","4.90",",,,0"
"USC00478905","1982-06","45.3582","-86.891","209.1","WASHINGTON IS, WI US","0.9","0","0.9","1,0","9",",0","8",",0","0",",0","0",",0","0",",0","0",",0","2",",0","0","1,0","9","1,0","0","1,0","","","19820605",",,0","19820630","+,,0","19820630","+,,0","","","19820615",",,0","19820629",",1,0","-1.7",",0,05,","0",",,0,30,+","0",",,0,30,+","19.8",",,0,15,","25.6","1,0,29,","4721.0","0","165.4","1,0","66.8",",,,0","0",",,,0","12.73","1,0","19.63","1,,,0","5.83",",,,0"
"USC00478905","1982-07","45.3582","-86.891","209.1","WASHINGTON IS, WI US","23.8","0","22.9","2,0","9",",0","3",",0","1",",0","0",",0","0",",0","0",",0","0",",0","0","2,0","27","2,0","0","2,0","2","","19820701",",,0","19820731","+,,0","19820731","+,,0","1","","19820711",",,0","19820725",",2,0","6.7",",0,01,","0",",,0,31,+","0",",,0,31,+","73.2",",,0,11,","30.6","2,0,25,","16.9","0","16.9","2,0","88.0",",,,0","0",",,,0","18.60","2,0","24.33","2,,,0","12.87",",,,0"
"USC00478905","1982-08","45.3582","-86.891","209.1","WASHINGTON IS, WI US","43.3","0","19.5","1,0","9",",0","5",",0","0",",0","0",",0","0",",0","0",",0","0",",0","0","1,0","25","1,0","0","1,0","1","","19820811",",,0","19820831","+,,0","19820831","+,,0","","","19820829",",,0","19820816",",1,0","3.3",",0,11,","0",",,0,31,+","0",",,0,31,+","18.3",",,0,29,","30.0","1,0,16,","71.5","0","54.6","1,0","56.0",",,,0","0",",,,0","17.10","1,0","23.20","1,,,0","11.00",",,,0"
"USC00478905","1982-09","45.3582","-86.891","209.1","WASHINGTON IS, WI US","43.6","0","0.3",",0","15",",0","9",",0","1",",0","0",",0","0",",0","0",",0","0",",0","0",",0","5",",0","0",",0","1","","19820922",",,0","19820930","+,,0","19820930","+,,0","","","19820905",",,0","19820901",",,0","0.6",",0,22,","0",",,0,30,+","0",",,0,30,+","35.8",",,0,05,","24.4",",0,01,","223.4","0","151.9",",0","121.6",",,,0","0",",,,0","13.28",",0","17.72",",,,0","8.83",",,,0"
"USC00478905","1982-10","45.3582","-86.891","209.1","WASHINGTON IS, WI US","43.6","0","0.0",",0","12",",0","7",",0","2",",0","0",",0","0",",0","0",",0","4",",0","0",",0","0",",0","0",",0","1","","19821017",",,0","19821031","+,,0","19821031","+,,0","2","","19821006",",,0","19821003",",,0","-3.3",",0,17,","0",",,0,31,+","0",",,0,31,+","51.1",",,0,06,","19.4",",0,03,","493.5","0","270.1",",0","133.5",",,,0","0",",,,0","9.62",",0","14.19",",,,0","5.05",",,,0"
"USC00478905","1982-11","45.3582","-86.891","209.1","WASHINGTON IS, WI US","43.6","0","0.0","3,0","11","2,0","8","2,0","2","2,0","6",",0","2",",0","0","3,0","21","3,0","5","1,0","0","1,0","0","1,0","1","","19821127",",3,0","19821126","+,,0","19821126",",,0","","","19821112",",2,0","19821121","+,1,0","-15.0","3,0,27,","76",",,0,26,+","76",",,0,26,","33.0","2,,0,12,","11.1","1,0,21,+","943.8","0","450.3","1,0","97.3","2,,,0","140",",,,0","1.62","3,0","5.53","1,,,0","-2.29","3,,,0"
"USC00478905","1982-12","45.3582","-86.891","209.1","WASHINGTON IS, WI US","43.6","0","0.0","1,0","5",",0","4",",0","0",",0","0",",0","0",",0","0",",0","28",",0","10","1,0","0","1,0","0","1,0","5","","19821209",",,0","19821230",",,0","19821230","+,,0","3","","19821205",",,0","19821203",",1,0","-12.8",",0,09,","0",",T,0,30,","0",",T,0,30,+","13.5",",,0,05,","13.3","1,0,03,","1532.5","0","588.7","1,0","32.3",",,,0","0",",T,,0","-1.25","1,0","2.17","1,,,0","-4.67",",,,0"
"USC00478905","1983-01","45.3582","-86.891","209.1","WASHINGTON IS, WI US","0.0","0","0.0","1,0","5",",0","4",",0","0",",0","","","4",",0","1",",0","31",",0","16","1,0","0","1,0","0","1,0","","","19830127",",,0","","","19830107",",,0","","","19830107",",,0","19830110",",1,0","-17.8",",0,27,","","","51",",,0,07,","6.6",",,0,07,","4.4","1,0,10,","2224.1","0","691.6","1,0","22.2",",,,0","191",",,,0","-4.66","1,0","-1.13","1,,,0","-8.18",",,,0"
"USC00478905","1983-02","45.3582","-86.891","209.1","WASHINGTON IS, WI US","0.0","0","0.0","3,0","3","1,0","3","1,0","0","1,0","","","3",",0","2","2,0","26","2,0","11","2,0","0","2,0","0","2,0","","","19830208",",2,0","","","19830203",",,0","","","19830216",",1,0","19830228",",2,0","-19.4","2,0,08,","","","102",",,0,03,","8.6","1,,0,16,","7.2","2,0,28,","2751.3","0","527.2","2,0","17.0","1,,,0","204",",,,0","-2.75","3,0","1.00","2,,,0","-6.51","2,,,0"
"USC00478905","1983-03","45.3582","-86.891","209.1","WASHINGTON IS, WI US","0.0","0","0.0","2,0","7","1,0","7","1,0","2","1,0","","","3",",0","0","1,0","27","1,0","6","1,0","0","1,0","0","1,0","","","19830325",",1,0","","","19830321",",,0","","","19830331",",1,0","19830307",",1,0","-15.6","1,0,25,","","","152",",,0,21,","57.2","1,,0,31,","9.4","1,0,07,","3302.7","0","551.4","1,0","114.3","1,,,0","241",",,,0","-0.78","2,0","3.06","1,,,0","-4.61","1,,,0"
"USC00478905","1983-04","45.3582","-86.891","209.1","WASHINGTON IS, WI US","0.0","0","0.0","2,0","5","2,0","4","2,0","0","2,0","","","","","0","2,0","23","2,0","0",",0","0",",0","0",",0","","","19830420",",2,0","","","","","","","19830414",",2,0","19830427",",,0","-8.3","2,0,20,","","","","","15.5","2,,0,14,","17.8",",0,27,","3730.7","0","428.0",",0","53.7",",a,,0","","","3.15","2,0","8.54",",,,0","-2.24","2,,,0"
"USC00478905","1983-05","45.3582","-86.891","209.1","WASHINGTON IS, WI US","0.0","0","0.0","1,0","13",",0","10",",0","0",",0","0",",0","0",",0","0","1,0","11","1,0","0",",0","0",",0","0",",0","","","19830509",",1,0","19830531","+,,0","19830531","+,,0","1","","19830507",",,0","19830512",",,0","-6.1","1,0,09,","0",",,0,31,+","0",",,0,31,+","20.6",",,0,07,","20.6",",0,12,","4060.5","0","329.8",",0","137.8",",,,0","0",",,,0","7.33","1,0","12.71",",,,0","1.95","1,,,0"
"USC00478905","1983-06","45.3582","-86.891","209.1","WASHINGTON IS, WI US","15.3","0","15.3","1,0","6",",0","4",",0","0",",0","0",",0","0",",0","0","1,0","0","1,0","0","1,0","13","1,0","1","1,0","","","19830601",",1,0","19830630","+,,0","19830630","+,,0","","","19830605",",,0","19830626",",1,0","1.1","1,0,01,","0",",,0,30,+","0",",,0,30,+","15.2",",,0,05,","32.2","1,0,26,","4156.3","0","95.8","1,0","34.2",",,,0","0",",,,0","15.56","1,0","21.53","1,,,0","9.58","1,,,0"
"USC00478905","1983-07","45.3582","-86.891","209.1","WASHINGTON IS, WI US","126.0","0","110.7",",0","6",",0","3",",0","1",",0","0",",0","0",",0","0",",0","0",",0","0",",0","30",",0","2",",0","","","19830706",",,0","19830731","+,,0","19830731","+,,0","2","","19830731",",,0","19830714",",,0","3.3",",0,06,","0",",,0,31,+","0",",,0,31,+","27.9",",,0,31,","34.4",",0,14,","11.4","0","11.4",",0","62.6",",,,0","0",",,,0","21.54",",0","27.66",",,,0","15.41",",,,0"
"USC00478905","1983-08","45.3582","-86.891","209.1","WASHINGTON IS, WI US","205.5","0","79.5","1,0","9",",0","5",",0","1",",0","0",",0","0",",0","0",",0","0",",0","0","1,0","30","1,0","1","1,0","","","19830810",",,0","19830831","+,,0","19830831","+,,0","","","19830810",",,0","19830819",",1,0","7.8",",0,10,","0",",,0,31,+","0",",,0,31,+","26.7",",,0,10,","33.9","1,0,19,","22.3","0","10.9","1,0","67.3",",,,0","0",",,,0","20.62","1,0","26.41","1,,,0","14.84",",,,0"
"USC00478905","1983-09","45.3582","-86.891","209.1","WASHINGTON IS, WI US","234.4","0","28.9",",0","9",",0","9",",0","2",",0","0",",0","0",",0","0",",0","0",",0","0",",0","14",",0","0",",0","","","19830923",",,0","19830930","+,,0","19830930","+,,0","2","","19830920",",,0","19830903",",,0","3.3",",0,23,","0",",,0,30,+","0",",,0,30,+","44.5",",,0,20,","30.6",",0,03,","125.5","0","103.2",",0","127.8",",,,0","0",",,,0","15.86",",0","21.16",",,,0","10.55",",,,0"
"USC00478905","1983-10","45.3582","-86.891","209.1","WASHINGTON IS, WI US","234.4","0","0.0","1,0","9",",0","5",",0","2",",0","0",",0","0",",0","0",",0","4",",0","0","1,0","0","1,0","0","1,0","","","19831030","+,,0","19831031","+,,0","19831031","+,,0","3","","19831007",",,0","19831003",",1,0","-2.2",",0,30,+","0",",,0,31,+","0",",,0,31,+","28.7",",,0,07,","20.0","1,0,03,","378.2","0","252.7","1,0","80.6",",,,0","0",",,,0","9.93","1,0","14.13","1,,,0","5.73",",,,0"
"USC00478905","1983-11","45.3582","-86.891","209.1","WASHINGTON IS, WI US","234.4","0","0.0","1,0","7",",0","7",",0","0",",0","0",",0","0",",0","0","1,0","17","1,0","0",",0","0",",0","0",",0","","","19831113",",1,0","19831130","+,,0","19831129",",,0","","","19831123",",,0","19831108",",,0","-6.1","1,0,13,","0",",,0,30,+","0",",T,0,29,","22.4",",,0,23,","14.4",",0,08,","812.7","0","434.5",",0","65.1",",,,0","0",",T,,0","3.37","1,0","6.98",",,,0","-0.25","1,,,0"
"USC00478905","1983-12","45.3582","-86.891","209.1","WASHINGTON IS, WI US","234.4","0","0.0",",0","8",",0","3",",0","0",",0","","","6","1,0","10",",0","31",",0","25",",0","0",",0","0",",0","","","19831223",",,0","","","19831215",",1,0","","","19831215",",,0","19831214","+,,0","-22.2",",0,23,","","","127","1,,0,15,","12.7",",,0,15,","1.7",",0,14,+","1637.1","0","824.4",",0","34.1",",,,0","356","1,,,0","-8.26",",0","-4.97",",,,0","-11.55",",,,0"
"USC00478905","1984-01","45.3582","-86.891","209.1","WASHINGTON IS, WI US","0.0","0","0.0","2,0","5",",0","3",",0","0",",0","","","5",",0","11","1,0","30","1,0","24","2,0","0","2,0","0","2,0","","","19840121",",1,0","","","19840113","+,,0","","","19840112",",,0","19840104",",2,0","-28.3","1,0,21,","","","51",",,0,13,+","4.6",",,0,12,","3.9","2,0,04,","2466.1","0","829.0","2,0","13.7",",,,0","203",",,,0","-10.19","2,0","-5.37","2,,,0","-15.02","1,,,0"
"USC00478905","1984-02","45.3582","-86.891","209.1","WASHINGTON IS, WI US","0.0","0","0.0",",0","2",",0","2",",0","0",",0","","","2",",0","1",",0","26",",0","10",",0","0",",0","0",",0","","","19840207",",,0","","","19840205",",,0","","","19840219",",,0","19840223",",,0","-20.0",",0,07,","","","51",",,0,05,","12.7",",,0,19,","11.1",",0,23,","3053.2","0","587.1",",0","15.2",",,,0","76",",,,0","-1.91",",0","2.02",",,,0","-5.84",",,,0"
"USC00478905","1984-03","45.3582","-86.891","209.1","WASHINGTON IS, WI US","0.0","0","0.0","2,0","5",",0","5",",0","0",",0","3",",0","3",",0","4","2,0","29","2,0","12",",0","0",",0","0",",0","","","19840310",",2,0","19840322",",,0","19840322",",,0","","","19840322",",,0","19840331",",,0","-18.9","2,0,10,","51",",,0,22,","51",",,0,22,","12.7",",,0,22,","8.3",",0,31,","3678.7","0","625.5",",0","45.4",",,,0","101",",,,0","-3.43","2,0","0.72",",,,0","-7.59","2,,,0"
"USC00478905","1984-04","45.3582","-86.891","209.1","WASHINGTON IS, WI US","0.0","0","0.0","1,0","6",",0","5",",0","1",",0","0",",0","0",",0","0","1,0","7","1,0","0",",0","0",",0","0",",0","","","19840401",",1,0","19840430","+,,0","19840430","+,,0","","","19840430",",,0","19840426",",,0","-6.7","1,0,01,","0",",,0,30,+","0",",,0,30,+","35.6",",,0,30,","20.0",",0,26,","4024.7","0","346.0",",0","58.5",",,,0","0",",,,0","6.39","1,0","11.47",",,,0","1.31","1,,,0"
"USC00478905","1984-05","45.3582","-86.891","209.1","WASHINGTON IS, WI US","0.0","0","0.0","4,0","6",",0","4",",0","0",",0","0",",0","0",",0","0","1,0","0","1,0","0","3,0","4","3,0","0","3,0","","","19840503","+,1,0","19840531","+,,0","19840531","+,,0","","","19840513",",,0","19840518",",3,0","0.6","1,0,03,+","0",",,0,31,+","0",",,0,31,+","13.7",",,0,13,","25.0","3,0,18,","4220.3","0","195.6","3,0","39.3",",,,0","0",",,,0","11.15","4,0","15.51","3,,,0","6.79","1,,,0"
"USC00478905","1984-06","45.3582","-86.891","209.1","WASHINGTON IS, WI US","13.6","0","13.6","4,0","9",",0","8",",0","1",",0","0",",0","0",",0","0","1,0","0","1,0","0","3,0","19","3,0","0","3,0","2","","19840615",",1,0","19840630","+,,0","19840630","+,,0","4","","19840612",",,0","19840618","+,3,0","7.8","1,0,15,","0",",,0,30,+","0",",,0,30,+","53.8",",,0,12,","27.2","3,0,18,+","4267.2","0","46.9","3,0","128.0",",,,0","0",",,,0","17.08","4,0","22.12","3,,,0","12.05","1,,,0"
"USC00478905","1984-07","45.3582","-86.891","209.1","WASHINGTON IS, WI US","60.3","0","46.7","2,0","8",",0","5",",0","0",",0","0",",0","0",",0","0",",0","0",",0","0","2,0","29","2,0","0","2,0","","","19840726",",,0","19840731","+,,0","19840731","+,,0","","","19840717",",,0","19840731","+,2,0","8.3",",0,26,","0",",,0,31,+","0",",,0,31,+","13.7",",,0,17,","28.3","2,0,31,+","11.4","0","11.4","2,0","47.7",",,,0","0",",,,0","19.54","2,0","25.56","2,,,0","13.53",",,,0"
"USC00478905","1984-08","45.3582","-86.891","209.1","WASHINGTON IS, WI US","121.6","0","61.3","1,0","8",",0","7",",0","1",",0","0",",0","0",",0","0",",0","0",",0","0","1,0","29","1,0","0","1,0","4","","19840825",",,0","19840831","+,,0","19840831","+,,0","1","","19840818",",,0","19840829",",1,0","4.4",",0,25,","0",",,0,31,+","0",",,0,31,+","68.6",",,0,18,","30.0","1,0,29,","17.2","0","5.8","1,0","140.5",",,,0","0",",,,0","20.23","1,0","25.53","1,,,0","14.93",",,,0"
"USC00478905","1984-09","45.3582","-86.891","209.1","WASHINGTON IS, WI US","121.6","0","0.0","2,0","9",",0","8",",0","1",",0","0",",0","0",",0","0","1,0","0","1,0","0","1,0","8","1,0","0","1,0","1","","19840929","+,1,0","19840930","+,,0","19840930","+,,0","2","","19840912",",,0","19840923",",1,0","0.6","1,0,29,+","0",",,0,30,+","0",",,0,30,+","26.7",",,0,12,","25.0","1,0,23,","155.4","0","138.2","1,0","81.0",",,,0","0",",,,0","13.49","2,0","18.89","1,,,0","8.09","1,,,0"
"USC00478905","1984-10","45.3582","-86.891","209.1","WASHINGTON IS, WI US","121.6","0","0.0","2,0","12","1,0","7","1,0","1","1,0","0","1,0","0","1,0","0","1,0","1","1,0","0","2,0","0","2,0","0","2,0","9","","19841029",",1,0","19841031","+,1,0","19841031","+,1,0","","","19841019",",1,0","19841004",",2,0","-5.0","1,0,29,","0","1,,0,31,+","0","1,,0,31,+","36.8","1,,0,19,","20.0","2,0,04,","375.5","0","220.1","2,0","105.6","1,,,0","0","1,,,0","10.83","2,0","15.06","2,,,0","6.61","1,,,0"
"USC00478905","1984-11","45.3582","-86.891","209.1","WASHINGTON IS, WI US","121.6","0","0.0",",0","5",",0","5",",0","1",",0","0",",0","0",",0","0",",0","20",",0","2",",0","0",",0","0",",0","","","19841121",",,0","19841130","+,,0","19841130","+,,0","","","19841101",",,0","19841104",",,0","-11.1",",0,21,","0",",,0,30,+","0",",,0,30,+","53.6",",,0,01,","13.9",",0,04,","846.5","0","471.0",",0","95.2",",,,0","0",",,,0","2.63",",0","6.63",",,,0","-1.37",",,,0"
"USC00478905","1984-12","45.3582","-86.891","209.1","WASHINGTON IS, WI US","121.6","0","0.0","5,0","7",",0","6",",0","0",",0","12",",0","4",",0","1","1,0","30","1,0","14","4,0","0","4,0","0","4,0","","","19841225",",1,0","19841231",",,0","19841231","+,,0","","","19841231",",,0","19841216",",4,0","-18.3","1,0,25,","102",",,0,31,","76",",,0,31,+","13.2",",,0,31,","10.6","4,0,16,","1428.1","0","581.6","4,0","53.5",",,,0","253",",,,0","-3.99","5,0","0.26","4,,,0","-8.23","1,,,0"
"USC00478905","1985-01","45.3582","-86.891","209.1","WASHINGTON IS, WI US","0.0","0","0.0","1,0","6",",0","5",",0","0",",0","","","6","1,0","7","1,0","30","1,0","27",",0","0",",0","0",",0","","","19850120",",1,0","","","19850130",",1,0","","","19850101",",,0","19850107","+,,0","-28.3","1,0,20,","","","64","1,,0,30,","15.2",",,0,01,","1.7",",0,07,+","2266.0","0","837.9",",0","36.8",",,,0","254","1,,,0","-9.62","1,0","-4.55",",,,0","-14.69","1,,,0"
"USC00478905","1985-02","45.3582","-86.891","209.1","WASHINGTON IS, WI US","0.0","0","0.0",",0","7",",0","5",",0","0",",0","","","8",",0","10",",0","28",",0","19",",0","0",",0","0",",0","","","19850202",",,0","","","19850213",",,0","","","19850213",",,0","19850228",",,0","-31.7",",0,02,","","","203",",,0,13,","9.4",",,0,13,","7.2",",0,28,","3020.8","0","754.8",",0","32.0",",,,0","533",",,,0","-8.62",",0","-3.34",",,,0","-13.91",",,,0"
"USC00478905","1985-03","45.3582","-86.891","209.1","WASHINGTON IS, WI US","0.0","0","0.0","4,0","4",",0","4",",0","0",",0","","","5",",0","1","2,0","27","2,0","2","2,0","0","2,0","0","2,0","","","19850306",",2,0","","","19850331","+,,0","","","19850331",",,0","19850327",",2,0","-18.9","2,0,06,","","","51",",,0,31,+","8.9",",,0,31,","12.8","2,0,27,","3528.7","0","507.9","2,0","22.0",",,,0","203",",,,0","-0.42","4,0","4.71","2,,,0","-5.56","2,,,0"
"USC00478905","1985-04","45.3582","-86.891","209.1","WASHINGTON IS, WI US","0.0","0","0.0","3,0","9",",0","6",",0","0",",0","5",",0","3",",0","0","3,0","16","3,0","0",",0","0",",0","0",",0","","","19850409",",3,0","19850402",",,0","19850417",",,0","","","19850419",",,0","19850430","+,,0","-7.2","3,0,09,","76",",,0,02,","64",",,0,17,","8.9",",,0,19,","17.8",",0,30,+","3909.5","0","380.8",",0","43.8",",,,0","140",",,,0","4.55","3,0","9.64",",,,0","-0.54","3,,,0"
"USC00478905","1985-05","45.3582","-86.891","209.1","WASHINGTON IS, WI US","0.0","0","0.0","1,0","11",",0","8",",0","1",",0","0",",0","0",",0","0",",0","6",",0","0","1,0","5","1,0","0","1,0","6","","19850501",",,0","19850531","+,,0","19850531","+,,0","","","19850526",",,0","19850524",",1,0","-3.3",",0,01,","0",",,0,31,+","0",",,0,31,+","29.5",",,0,26,","24.4","1,0,24,","4130.4","0","220.9","1,0","87.3",",,,0","0",",,,0","10.95","1,0","17.74","1,,,0","4.15",",,,0"
"USC00478905","1985-06","45.3582","-86.891","209.1","WASHINGTON IS, WI US","3.4","0","3.4","1,0","9",",0","7",",0","0",",0","0",",0","0",",0","0",",0","2",",0","0","1,0","15","1,0","0","1,0","","","19850612",",,0","19850630","+,,0","19850630","+,,0","3","","19850618",",,0","19850630",",1,0","-4.4",",0,12,","0",",,0,30,+","0",",,0,30,+","16.0",",,0,18,","26.1","1,0,30,","4251.9","0","121.5","1,0","76.0",",,,0","0",",,,0","14.36","1,0","20.51","1,,,0","8.21",",,,0"
"USC00478905","1985-07","45.3582","-86.891","209.1","WASHINGTON IS, WI US","","","","","9",",0","3",",0","0",",0","0",",0","0",",0","","","","","0",",0","27",",0","0",",0","","","","","19850731","+,,0","19850731","+,,0","1","","19850725",",,0","19850719",",,0","","","0",",,0,31,+","0",",,0,31,+","11.4",",,0,25,","30.6",",0,19,","","","","","37.4",",,,0","0",",,,0","","","24.15",",,,0","",""
"USC00478905","1985-08","45.3582","-86.891","209.1","WASHINGTON IS, WI US","","","31.5","1,0","11",",0","10",",0","1",",0","0",",0","0",",0","0",",0","0",",0","0","1,0","20","1,0","0","1,0","","","19850831",",,0","19850831","+,,0","19850831","+,,0","4","","19850818",",,0","19850806",",1,0","8.3",",0,31,","0",",,0,31,+","0",",,0,31,+","53.1",",,0,18,","29.4","1,0,06,","","","30.7","1,0","142.0",",,,0","0",",,,0","18.29","1,0","23.27","1,,,0","13.30",",,,0"
"USC00478905","1985-09","45.3582","-86.891","209.1","WASHINGTON IS, WI US","","","7.8","4,0","11",",0","10",",0","1",",0","0",",0","0",",0","0",",0","0",",0","0","4,0","11","4,0","0","4,0","3","","19850924",",,0","19850930","+,,0","19850930","+,,0","2","","19850917",",,0","19850906","+,4,0","2.8",",0,24,","0",",,0,30,+","0",",,0,30,+","33.0",",,0,17,","25.6","4,0,06,+","","","95.7","4,0","106.0",",,,0","0",",,,0","14.78","4,0","19.66","4,,,0","9.89",",,,0"
"USC00478905","1985-10","45.3582","-86.891","209.1","WASHINGTON IS, WI US","","","0.0","2,0","8",",0","5",",0","0",",0","0",",0","0",",0","0",",0","2",",0","0","2,0","0","2,0","0","2,0","","","19851011",",,0","19851031","+,,0","19851031","+,,0","","","19851004",",,0","19851026",",2,0","-1.7",",0,11,","0",",,0,31,+","0",",,0,31,+","17.8",",,0,04,","20.0","2,0,26,","","","270.8","2,0","58.8",",,,0","0",",,,0","8.96","2,0","13.99","2,,,0","3.93",",,,0"
"USC00478905","1985-11","45.3582","-86.891","209.1","WASHINGTON IS, WI US","","","0.0",",0","12",",0","11",",0","2",",0","","","4","2,0","0",",0","20",",0","4",",0","0",",0","0",",0","","","19851129",",,0","","","19851122",",2,0","","","19851102",",,0","19851102",",,0","-12.8",",0,29,","","","76","2,,0,22,","42.4",",,0,02,","12.8",",0,02,","","","519.4",",0","126.9",",,,0","242","2,,,0","1.02",",0","4.28",",,,0","-2.25",",,,0"
"USC00478905","1985-12","45.3582","-86.891","209.1","WASHINGTON IS, WI US","","","0.0","2,0","8",",0","8",",0","0",",0","","","8",",0","5","2,0","29","2,0","26",",0","0",",0","0",",0","","","19851228","+,2,0","","","19851201",",,0","","","19851201",",,0","19851210",",,0","-18.3","2,0,28,+","","","203",",,0,01,","6.9",",,0,01,","1.7",",0,10,","","","776.9",",0","39.9",",,,0","572",",,,0","-8.34","2,0","-5.23",",,,0","-11.46","2,,,0"
"USC00478905","1986-01","45.3582","-86.891","209.1","WASHINGTON IS, WI US","0.0","0","0.0","1,0","3",",0","3",",0","0",",0","","","3",",0","6",",0","31",",0","19","1,0","0","1,0","0","1,0","","","19860108",",,0","","","19860129","+,,0","","","19860104",",,0","19860117",",1,0","-20.0",",0,08,","","","51",",,0,29,+","5.6",",,0,04,","6.7","1,0,17,","","","762.6","1,0","10.9",",,,0","140",",,,0","-7.10","1,0","-2.99","1,,,0","-11.20",",,,0"
"USC00478905","1986-02","45.3582","-86.891","209.1","WASHINGTON IS, WI US","0.0","0","0.0","2,0","3",",0","3",",0","0",",0","","","3",",0","9",",0","28",",0","21","2,0","0","2,0","0","2,0","","","19860212","+,,0","","","19860226","+,,0","","","19860201",",,0","19860219",",2,0","-21.1",",0,12,+","","","102",",,0,26,+","15.2",",,0,01,","3.3","2,0,19,","","","678.4","2,0","25.3",",,,0","242",",,,0","-7.80","2,0","-3.00","2,,,0","-12.60",",,,0"
"USC00478905","1986-03","45.3582","-86.891","209.1","WASHINGTON IS, WI US","0.0","0","0.0","3,0","6",",0","5",",0","0",",0","","","6",",0","2","1,0","25","1,0","3","2,0","0","2,0","0","2,0","2","","19860308",",1,0","","","19860305",",,0","","","19860310",",,0","19860330",",2,0","-24.4","1,0,08,","","","203",",,0,05,","20.3",",,0,10,","15.0","2,0,30,","","","541.0","2,0","62.7",",,,0","508",",,,0","-1.27","3,0","3.65","2,,,0","-6.19","1,,,0"
"USC00478905","1986-04","45.3582","-86.891","209.1","WASHINGTON IS, WI US","0.0","0","0.0","1,0","9",",0","4",",0","0",",0","0",",0","0",",0","0",",0","7",",0","0","1,0","1","1,0","0","1,0","1","","19860402",",,0","19860430","+,,0","19860430","+,,0","3","","19860414",",,0","19860429",",1,0","-3.9",",0,02,","0",",,0,30,+","0",",,0,30,+","13.7",",,0,14,","21.1","1,0,29,","","","333.2","1,0","38.9",",,,0","0",",,,0","6.76","1,0","11.58","1,,,0","1.95",",,,0"
"USC00478905","1986-05","45.3582","-86.891","209.1","WASHINGTON IS, WI US","5.9","0","5.9","1,0","4",",0","3",",0","0",",0","0",",0","0",",0","0",",0","2",",0","0","1,0","9","1,0","0","1,0","1","","19860503",",,0","19860531","+,,0","19860531","+,,0","","","19860516",",,0","19860529",",1,0","-5.0",",0,03,","0",",,0,31,+","0",",,0,31,+","17.0",",,0,16,","30.6","1,0,29,","","","180.1","1,0","30.3",",,,0","0",",,,0","12.53","1,0","18.42","1,,,0","6.63",",,,0"
"USC00478905","1986-06","45.3582","-86.891","209.1","WASHINGTON IS, WI US","9.3","0","3.4","1,0","10",",0","6",",0","1",",0","0",",0","0",",0","0",",0","0",",0","0","1,0","13","1,0","0","1,0","1","","19860603",",,0","19860630","+,,0","19860630","+,,0","3","","19860627",",,0","19860628","+,1,0","1.7",",0,03,","0",",,0,30,+","0",",,0,30,+","32.8",",,0,27,","26.7","1,0,28,+","","","119.7","1,0","82.3",",,,0","0",",,,0","14.37","1,0","20.09","1,,,0","8.66",",,,0"
"USC00478905","1986-07","45.3582","-86.891","209.1","WASHINGTON IS, WI US","61.2","0","51.9","2,0","11",",0","7",",0","0",",0","0",",0","0",",0","0","1,0","0","1,0","0","1,0","27","1,0","1","1,0","1","","19860703",",1,0","19860731","+,,0","19860731","+,,0","","","19860718",",,0","19860718",",1,0","5.0","1,0,03,","0",",,0,31,+","0",",,0,31,+","23.6",",,0,18,","32.2","1,0,18,","19.9","0","19.9","1,0","68.7",",,,0","0",",,,0","19.48","2,0","24.71","1,,,0","14.24","1,,,0"
"USC00478905","1986-08","45.3582","-86.891","209.1","WASHINGTON IS, WI US","82.1","0","20.9",",0","12",",0","8",",0","0",",0","0",",0","0",",0","0",",0","0",",0","0",",0","26",",0","0",",0","","","19860829",",,0","19860831","+,,0","19860831","+,,0","2","","19860808",",,0","19860815",",,0","4.4",",0,29,","0",",,0,31,+","0",",,0,31,+","21.8",",,0,08,","31.1",",0,15,","60.4","0","40.5",",0","63.7",",,,0","0",",,,0","17.70",",0","23.00",",,,0","12.40",",,,0"
"USC00478905","1986-09","45.3582","-86.891","209.1","WASHINGTON IS, WI US","82.1","0","0.0","2,0","17",",0","12",",0","0",",0","0",",0","0",",0","0",",0","0",",0","0","2,0","7","2,0","0","2,0","4","","19860914",",,0","19860930","+,,0","19860930","+,,0","1","","19860929",",,0","19860908","+,2,0","1.7",",0,14,","0",",,0,30,+","0",",,0,30,+","24.1",",,0,29,","22.2","2,0,08,+","173.8","0","113.4","2,0","137.1",",,,0","0",",,,0","14.39","2,0","18.18","2,,,0","10.61",",,,0"
"USC00478905","1986-10","45.3582","-86.891","209.1","WASHINGTON IS, WI US","82.1","0","0.0","3,0","7",",0","5",",0","0",",0","0",",0","0",",0","0","3,0","3","3,0","0",",0","0",",0","0",",0","2","","19861018",",3,0","19861031","+,,0","19861031","+,,0","","","19861012",",,0","19861021",",,0","-2.8","3,0,18,","0",",,0,31,+","0",",,0,31,+","15.7",",,0,12,","18.9",",0,21,","449.6","0","275.8",",0","57.9",",,,0","0",",,,0","8.51","3,0","13.27",",,,0","3.74","3,,,0"
"USC00478905","1986-11","45.3582","-86.891","209.1","WASHINGTON IS, WI US","82.1","0","0.0","4,0","5",",0","4",",0","0",",0","6","4,0","6",",0","0","3,0","21","3,0","4","1,0","0","1,0","0","1,0","","","19861114","+,3,0","19861123",",4,0","19861123",",,0","","","19861123",",,0","19861108",",1,0","-13.3","3,0,14,+","76","4,,0,23,","76",",,0,23,","8.9",",,0,23,","12.8","1,0,08,","910.6","0","461.0","1,0","28.7",",,,0","266",",,,0","0.61","4,0","4.43","1,,,0","-3.21","3,,,0"
"USC00478905","1986-12","45.3582","-86.891","209.1","WASHINGTON IS, WI US","82.1","0","0.0","3,0","3",",0","2",",0","0",",0","","","4",",0","0","1,0","30","1,0","10","2,0","0","2,0","0","2,0","","","19861210",",1,0","","","19861209",",,0","","","19861209",",,0","19861201",",2,0","-15.0","1,0,10,","","","76",",,0,09,","8.1",",,0,09,","3.3","2,0,01,","1495.4","0","584.8","2,0","12.7",",,,0","255",",,,0","-2.81","3,0","0.22","2,,,0","-5.85","1,,,0"
"USC00478905","1987-01","45.3582","-86.891","209.1","WASHINGTON IS, WI US","0.0","0","0.0",",0","4",",0","3",",0","0",",0","","","4",",0","4",",0","31",",0","17",",0","0",",0","0",",0","","","19870124",",,0","","","19870130",",,0","","","19870130",",,0","19870114",",,0","-22.2",",0,24,","","","102",",,0,30,","8.4",",,0,30,","5.6",",0,14,","2207.3","0","711.9",",0","19.8",",,,0","280",",,,0","-4.63",",0","-0.94",",,,0","-8.33",",,,0"
"USC00478905","1987-02","45.3582","-86.891","209.1","WASHINGTON IS, WI US","0.0","0","0.0",",0","3",",0","2",",0","0",",0","","","3",",0","0",",0","28",",0","7",",0","0",",0","0",",0","","","19870215",",,0","","","19870222",",,0","","","19870222",",,0","19870201",",,0","-13.3",",0,15,","","","76",",,0,22,","6.4",",,0,22,","5.0",",0,01,","2797.0","0","589.7",",0","9.9",",,,0","126",",,,0","-2.73",",0","1.64",",,,0","-7.10",",,,0"
"USC00478905","1987-03","45.3582","-86.891","209.1","WASHINGTON IS, WI US","0.0","0","0.0","1,0","3","1,0","2","1,0","0","1,0","3","2,0","2","1,0","0",",0","27",",0","1","1,0","0","1,0","0","1,0","","","19870309",",,0","19870329",",2,0","19870329",",1,0","","","19870329",",1,0","19870307",",1,0","-12.2",",0,09,","178","2,,0,29,","178","1,,0,29,","12.7","1,,0,29,","17.8","1,0,07,","3309.8","0","512.8","1,0","23.9","1,,,0","267","1,,,0","1.10","1,0","6.39","1,,,0","-4.18",",,,0"
"USC00478905","1987-04","45.3582","-86.891","209.1","WASHINGTON IS, WI US","0.0","0","0.0","1,0","5",",0","4",",0","0",",0","0","1,0","1",",0","0","1,0","12","1,0","0",",0","0",",0","0",",0","3","","19870403",",1,0","19870430","+,1,0","19870402",",,0","","","19870421",",,0","19870411",",,0","-10.0","1,0,03,","0","1,,0,30,+","76",",,0,02,","20.3",",,0,21,","18.9",",0,11,","3658.7","0","348.9",",0","45.8",",,,0","76",",,,0","6.38","1,0","11.83",",,,0","0.92","1,,,0"
"USC00478905","1987-05","45.3582","-86.891","209.1","WASHINGTON IS, WI US","0.3","0","0.3","2,0","8","1,0","6","1,0","0","1,0","","","0","1,0","0","1,0","7","1,0","0","2,0","5","2,0","0","2,0","3","","19870505",",1,0","","","19870531","+,1,0","","","19870526",",1,0","19870511","+,2,0","-2.8","1,0,05,","","","0","1,,0,31,+","13.2","1,,0,26,","25.0","2,0,11,+","3867.6","0","208.9","2,0","53.8","1,,,0","0","1,,,0","11.05","2,0","17.47","2,,,0","4.63","1,,,0"
"USC00478905","1987-06","45.3582","-86.891","209.1","WASHINGTON IS, WI US","36.2","0","35.9","4,0","8",",0","6",",0","1",",0","0",",0","0",",0","0","1,0","0","1,0","0","3,0","20","3,0","1","3,0","","","19870610",",1,0","19870630","+,,0","19870630","+,,0","","","19870625",",,0","19870614",",3,0","2.2","1,0,10,","0",",,0,30,+","0",",,0,30,+","32.0",",,0,25,","33.3","3,0,14,","3910.4","0","42.8","3,0","89.7",",,,0","0",",,,0","18.21","4,0","24.22","3,,,0","12.19","1,,,0"
"USC00478905","1987-07","45.3582","-86.891","209.1","WASHINGTON IS, WI US","120.8","0","84.6","1,0","5",",0","4",",0","0",",0","0",",0","0",",0","0","1,0","0","1,0","0",",0","29",",0","1",",0","","","19870715",",1,0","19870731","+,,0","19870731","+,,0","","","19870720",",,0","19870723",",,0","4.4","1,0,15,","0",",,0,31,+","0",",,0,31,+","8.4",",,0,20,","32.2",",0,23,","23.7","0","23.7",",0","28.5",",,,0","0",",,,0","20.41","1,0","25.94",",,,0","14.88","1,,,0"
"USC00478905","1987-08","45.3582","-86.891","209.1","WASHINGTON IS, WI US","172.6","0","51.8","1,0","8",",0","6",",0","2",",0","0",",0","0",",0","0",",0","0",",0","0","1,0","27","1,0","0","1,0","2","","19870820",",,0","19870831","+,,0","19870831","+,,0","3","","19870802",",,0","19870803",",1,0","8.9",",0,20,","0",",,0,31,+","0",",,0,31,+","51.8",",,0,02,","31.1","1,0,03,","41.6","0","17.9","1,0","135.1",",,,0","0",",,,0","19.47","1,0","24.06","1,,,0","14.88",",,,0"
"USC00478905","1987-09","45.3582","-86.891","209.1","WASHINGTON IS, WI US","177.1","0","4.5","1,0","7",",0","6",",0","1",",0","0",",0","0",",0","0",",0","0",",0","0","1,0","13","1,0","0","1,0","","","19870925",",,0","19870930","+,,0","19870930","+,,0","","","19870921",",,0","19870906",",1,0","3.3",",0,25,","0",",,0,30,+","0",",,0,30,+","38.6",",,0,21,","26.1","1,0,06,","123.2","0","81.6","1,0","99.3",",,,0","0",",,,0","15.61","1,0","20.54","1,,,0","10.69",",,,0"
"USC00478905","1987-10","45.3582","-86.891","209.1","WASHINGTON IS, WI US","177.1","0","0.0","3,0","13",",0","8",",0","1",",0","0",",0","0",",0","0","3,0","7","3,0","0",",0","0",",0","0",",0","","","19871025",",3,0","19871031","+,,0","19871031","+,,0","","","19871017",",,0","19871014",",,0","-4.4","3,0,25,","0",",,0,31,+","0",",,0,31,+","49.0",",,0,17,","18.3",",0,14,","437.1","0","313.9",",0","116.4",",,,0","0",",,,0","7.09","3,0","11.35",",,,0","2.82","3,,,0"
"USC00478905","1987-11","45.3582","-86.891","209.1","WASHINGTON IS, WI US","177.1","0","0.0","1,0","11",",0","9",",0","0",",0","0",",0","0",",0","0",",0","21",",0","1","1,0","0","1,0","0","1,0","2","","19871121",",,0","19871130","+,,0","19871130","+,,0","1","","19871117",",,0","19871105","+,1,0","-8.3",",0,21,","0",",,0,30,+","0",",,0,30,+","17.5",",,0,17,","14.4","1,0,05,+","876.4","0","439.3","1,0","72.6",",,,0","0",",,,0","3.18","1,0","7.23","1,,,0","-0.86",",,,0"
"USC00478905","1987-12","45.3582","-86.891","209.1","WASHINGTON IS, WI US","177.1","0","0.0","1,0","5",",0","4",",0","0",",0","","","2","1,0","0",",0","28",",0","6","1,0","0","1,0","0","1,0","2","","19871230",",,0","","","19871215",",1,0","","","19871224",",,0","19871209",",1,0","-12.8",",0,30,","","","152","1,,0,15,","14.2",",,0,24,","7.2","1,0,09,","1461.8","0","585.4","1,0","36.6",",,,0","203","1,,,0","-1.24","1,0","1.68","1,,,0","-4.16",",,,0"
"USC00478905","1988-01","45.3582","-86.891","209.1","WASHINGTON IS, WI US","0.0","0","0.0","3,0","8",",0","2",",0","0",",0","","","8",",0","7","2,0","28","2,0","21","1,0","0","1,0","0","1,0","","","19880128",",2,0","","","19880120",",,0","","","19880120",",,0","19880131","+,1,0","-23.9","2,0,28,","","","76",",,0,20,","4.6",",,0,20,","5.6","1,0,31,+","2208.5","0","746.7","1,0","16.5",",,,0","342",",,,0","-8.33","3,0","-4.05","1,,,0","-12.61","2,,,0"
"USC00478905","1988-02","45.3582","-86.891","209.1","WASHINGTON IS, WI US","0.0","0","0.0","1,0","6","3,0","3","3,0","0","3,0","","","6","2,0","9",",0","29",",0","19","1,0","0","1,0","0","1,0","","","19880206",",,0","","","19880215",",2,0","","","19880215",",3,0","19880218",",1,0","-23.3",",0,06,","","","102","2,,0,15,","8.9","3,,0,15,","6.1","1,0,18,","2954.8","0","746.3","1,0","20.0","3,,,0","253","2,,,0","-8.45","1,0","-2.89","1,,,0","-14.00",",,,0"
"USC00478905","1988-03","45.3582","-86.891","209.1","WASHINGTON IS, WI US","0.0","0","0.0","2,0","5",",0","5",",0","0",",0","","","2",",0","1","1,0","29","1,0","7","1,0","0","1,0","0","1,0","1","","19880301",",1,0","","","19880326","+,,0","1","","19880329",",,0","19880325",",1,0","-17.8","1,0,01,","","","51",",,0,26,+","10.7",",,0,29,","12.8","1,0,25,","3546.2","0","591.4","1,0","33.4",",,,0","102",",,,0","-2.06","2,0","3.03","1,,,0","-7.15","1,,,0"
"USC00478905","1988-04","45.3582","-86.891","209.1","WASHINGTON IS, WI US","0.0","0","0.0",",0","5",",0","5",",0","1",",0","1",",0","1",",0","0",",0","19",",0","0",",0","0",",0","0",",0","","","19880421",",,0","19880427",",,0","19880427",",,0","","","19880427",",,0","19880430",",,0","-6.1",",0,21,","51",",,0,27,","51",",,0,27,","30.5",",,0,27,","17.2",",0,30,","3950.9","0","404.7",",0","71.2",",,,0","51",",,,0","4.84",",0","10.58",",,,0","-0.90",",,,0"
"USC00478905","1988-05","45.3582","-86.891","209.1","WASHINGTON IS, WI US","0.8","0","0.8","1,0","8",",0","6",",0","0",",0","0",",0","0",",0","0",",0","6",",0","0","1,0","11","1,0","0","1,0","","","19880515",",,0","19880531","+,,0","19880531","+,,0","","","19880529",",,0","19880531",",1,0","-4.4",",0,15,","0",",,0,31,+","0",",,0,31,+","6.4",",,0,29,","26.1","1,0,31,","4167.9","0","217.0","1,0","25.3",",,,0","0",",,,0","11.13","1,0","18.37","1,,,0","3.88",",,,0"
"USC00478905","1988-06","45.3582","-86.891","209.1","WASHINGTON IS, WI US","31.4","0","30.6","1,0","4",",0","2",",0","0",",0","0",",0","0",",0","0",",0","0",",0","0","1,0","24","1,0","1","1,0","","","19880610","+,,0","19880630","+,,0","19880630","+,,0","1","","19880622",",,0","19880606",",1,0","2.8",",0,10,+","0",",,0,30,+","0",",,0,30,+","17.8",",,0,22,","33.3","1,0,06,","4227.7","0","59.8","1,0","24.1",",,,0","0",",,,0","17.28","1,0","24.69","1,,,0","9.87",",,,0"
"USC00478905","1988-07","45.3582","-86.891","209.1","WASHINGTON IS, WI US","89.9","0","58.5","1,0","8",",0","5",",0","1",",0","0",",0","0",",0","0",",0","0",",0","0","1,0","30","1,0","2","1,0","","","19880702","+,,0","19880731","+,,0","19880731","+,,0","","","19880715",",,0","19880708","+,1,0","7.2",",0,02,+","0",",,0,31,+","0",",,0,31,+","29.7",",,0,15,","32.2","1,0,08,+","12.3","0","12.3","1,0","84.3",",,,0","0",",,,0","19.92","1,0","25.72","1,,,0","14.13",",,,0"
"USC00478905","1988-08","45.3582","-86.891","209.1","WASHINGTON IS, WI US","174.4","0","84.5",",0","10",",0","10",",0","1",",0","0",",0","0",",0","0",",0","0",",0","0",",0","29",",0","0",",0","","","19880830",",,0","19880831","+,,0","19880831","+,,0","","","19880808",",,0","19880803",",,0","7.2",",0,30,","0",",,0,31,+","0",",,0,31,+","32.5",",,0,08,","31.1",",0,03,","34.6","0","22.3",",0","99.3",",,,0","0",",,,0","20.34",",0","25.64",",,,0","15.05",",,,0"
"USC00478905","1988-09","45.3582","-86.891","209.1","WASHINGTON IS, WI US","178.3","0","3.9","2,0","7",",0","5",",0","0",",0","0",",0","0",",0","0",",0","0",",0","0","2,0","10","2,0","0","2,0","","","19880915",",,0","19880930","+,,0","19880930","+,,0","","","19880919",",,0","19880917",",2,0","2.2",",0,15,","0",",,0,30,+","0",",,0,30,+","19.1",",,0,19,","26.7","2,0,17,","137.9","0","103.3","2,0","42.0",",,,0","0",",,,0","14.86","2,0","20.00","2,,,0","9.72",",,,0"
"USC00478905","1988-10","45.3582","-86.891","209.1","WASHINGTON IS, WI US","178.3","0","0.0","1,0","13",",0","10",",0","0",",0","0",",0","0",",0","0","1,0","12","1,0","0",",0","0",",0","0",",0","","","19881013",",1,0","19881031","+,,0","19881031","+,,0","1","","19881024",",,0","19881001",",,0","-6.1","1,0,13,","0",",,0,31,+","0",",,0,31,+","11.7",",,0,24,","18.3",",0,01,","501.7","0","363.8",",0","70.5",",,,0","0",",,,0","6.19","1,0","10.79",",,,0","1.60","1,,,0"
"USC00478905","1988-11","45.3582","-86.891","209.1","WASHINGTON IS, WI US","178.3","0","0.0","3,0","16","1,0","15","1,0","0","1,0","1",",0","1",",0","0","2,0","17","2,0","0","1,0","0","1,0","0","1,0","","","19881129","+,2,0","19881128",",,0","19881128",",,0","","","19881130",",1,0","19881116","+,1,0","-6.7","2,0,29,+","51",",,0,28,","38",",,0,28,","22.9","1,,0,30,","12.8","1,0,16,+","914.3","0","412.6","1,0","139.7","1,,,0","38",",,,0","3.08","3,0","6.48","1,,,0","-0.33","2,,,0"
"USC00478905","1988-12","45.3582","-86.891","209.1","WASHINGTON IS, WI US","178.3","0","0.0",",0","5","1,0","5","1,0","0","1,0","3","3,0","3",",0","0",",0","30",",0","16",",0","0",",0","0",",0","","","19881217",",,0","19881213",",3,0","19881213",",,0","","","19881213",",1,0","19881206",",,0","-15.6",",0,17,","76","3,,0,13,","76",",,0,13,","10.2","1,,0,13,","7.2",",0,06,","1623.1","0","708.8",",0","34.4","1,,,0","152",",,,0","-4.53",",0","-0.59",",,,0","-8.47",",,,0"
"USC00478905","1989-01","45.3582","-86.891","209.1","WASHINGTON IS, WI US","0.0","0","0.0","2,0","8",",0","4",",0","0",",0","","","7","1,0","4","2,0","29","2,0","14",",0","0",",0","0",",0","2","","19890104",",2,0","","","19890103",",1,0","","","19890126",",,0","19890131",",,0","-23.9","2,0,04,","","","102","1,,0,03,","7.9",",,0,26,","7.8",",0,31,","2285.4","0","662.3",",0","27.1",",,,0","342","1,,,0","-4.48","2,0","0.66",",,,0","-9.62","2,,,0"
"USC00478905","1989-02","45.3582","-86.891","209.1","WASHINGTON IS, WI US","0.0","0","0.0","1,0","4",",0","2",",0","0",",0","","","4",",0","9","1,0","27","1,0","21","1,0","0","1,0","0","1,0","","","19890204",",1,0","","","19890228",",,0","","","19890225",",,0","19890225","+,1,0","-24.4","1,0,04,","","","114",",,0,28,","5.6",",,0,25,","1.7","1,0,25,+","3041.1","0","755.7","1,0","13.7",",,,0","292",",,,0","-9.66","1,0","-4.48","1,,,0","-14.83","1,,,0"
"USC00478905","1989-03","45.3582","-86.891","209.1","WASHINGTON IS, WI US","0.0","0","0.0","1,0","7",",0","5",",0","0",",0","","","4",",0","8",",0","27",",0","14","1,0","0","1,0","0","1,0","3","","19890319",",,0","","","19890318","+,,0","1","","19890304",",,0","19890328",",1,0","-24.4",",0,19,","","","254",",,0,18,+","20.3",",,0,04,","11.7","1,0,28,","3742.1","0","701.0","1,0","57.7",",,,0","725",",,,0","-5.03","1,0","0.16","1,,,0","-10.22",",,,0"
"USC00478905","1989-04","45.3582","-86.891","209.1","WASHINGTON IS, WI US","0.0","0","0.0","1,0","7",",0","0",",0","0",",0","0","2,0","0",",0","0",",0","19",",0","1","1,0","0","1,0","0","1,0","3","","19890409",",,0","19890430","+,2,0","19890413","+,,0","1","","19890413",",,0","19890425",",1,0","-10.0",",0,09,","0","2,,0,30,+","20",",,0,13,+","2.0",",,0,13,","18.3","1,0,25,","4168.5","0","426.4","1,0","6.6",",,,0","40",",,,0","3.75","1,0","8.81","1,,,0","-1.31",",,,0"
"USC00478905","1989-05","45.3582","-86.891","209.1","WASHINGTON IS, WI US","0.0","0","0.0","1,0","7",",0","7",",0","1",",0","0",",0","0",",0","0",",0","5",",0","0","1,0","6","1,0","0","1,0","3","","19890501",",,0","19890531","+,,0","19890506",",,0","2","","19890531",",,0","19890521",",1,0","-5.0",",0,01,","0",",,0,31,+","0",",T,0,06,","31.2",",,0,31,","23.9","1,0,21,","4418.1","0","249.6","1,0","95.6",",,,0","0",",T,,0","10.11","1,0","16.34","1,,,0","3.87",",,,0"
"USC00478905","1989-06","45.3582","-86.891","209.1","WASHINGTON IS, WI US","2.8","0","2.8",",0","11",",0","8",",0","0",",0","0",",0","0",",0","0",",0","0",",0","0",",0","11",",0","0",",0","1","","19890605",",,0","19890630","+,,0","19890630","+,,0","","","19890603",",,0","19890627","+,,0","1.7",",0,05,","0",",,0,30,+","0",",,0,30,+","13.5",",,0,03,","26.1",",0,27,+","4549.8","0","131.7",",0","68.3",",,,0","0",",,,0","14.03",",0","19.55",",,,0","8.51",",,,0"
"USC00478905","1989-07","45.3582","-86.891","209.1","WASHINGTON IS, WI US","53.6","0","50.8","1,0","8",",0","4",",0","0",",0","0",",0","0",",0","0",",0","0",",0","0","1,0","30","1,0","0","1,0","2","","19890715",",,0","19890731","+,,0","19890731","+,,0","","","19890704",",,0","19890726",",1,0","7.2",",0,15,","0",",,0,31,+","0",",,0,31,+","21.6",",,0,04,","31.7","1,0,26,","15.0","0","15.0","1,0","50.6",",,,0","0",",,,0","19.49","1,0","25.72","1,,,0","13.26",",,,0"
"USC00478905","1989-08","45.3582","-86.891","209.1","WASHINGTON IS, WI US","105.3","0","51.7","1,0","9",",0","4",",0","0",",0","0",",0","0",",0","0","1,0","0","1,0","0",",0","30",",0","1",",0","","","19890818","+,1,0","19890831","+,,0","19890831","+,,0","","","19890827",",,0","19890803",",,0","5.0","1,0,18,+","0",",,0,31,+","0",",,0,31,+","12.7",",,0,27,","32.8",",0,03,","42.5","0","27.5",",0","36.3",",,,0","0",",,,0","19.08","1,0","25.59",",,,0","12.57","1,,,0"
"USC00478905","1989-09","45.3582","-86.891","209.1","WASHINGTON IS, WI US","111.4","0","6.1",",0","3",",0","1",",0","0",",0","0",",0","0",",0","0",",0","3",",0","0",",0","17",",0","0",",0","3","","19890924",",,0","19890930","+,,0","19890930","+,,0","","","19890909",",,0","19890905",",,0","-2.2",",0,24,","0",",,0,30,+","0",",,0,30,+","14.0",",,0,09,","25.6",",0,05,","166.9","0","124.4",",0","16.5",",,,0","0",",,,0","14.39",",0","20.59",",,,0","8.19",",,,0"
"USC00478905","1989-10","45.3582","-86.891","209.1","WASHINGTON IS, WI US","111.4","0","0.0",",0","10",",0","8",",0","0",",0","0",",0","0",",0","0",",0","6",",0","0",",0","0",",0","0",",0","6","","19891009",",,0","19891031","+,,0","19891031","+,,0","","","19891016",",,0","19891013","+,,0","-7.8",",0,09,","0",",,0,31,+","0",",,0,31,+","19.6",",,0,16,","18.9",",0,13,+","487.2","0","320.3",",0","74.8",",,,0","0",",,,0","8.00",",0","12.34",",,,0","3.67",",,,0"
"USC00478905","1989-11","45.3582","-86.891","209.1","WASHINGTON IS, WI US","111.4","0","0.0","1,0","9","1,0","7","1,0","0","1,0","7","3,0","5","1,0","0","1,0","21","1,0","5",",0","0",",0","0",",0","","","19891116",",1,0","19891102",",3,0","19891102",",1,0","","","19891104",",1,0","19891113","+,,0","-14.4","1,0,16,","76","3,,0,02,","64","1,,0,02,","10.2","1,,0,04,","10.0",",0,13,+","1018.5","0","531.3",",0","35.7","1,,,0","203","1,,,0","0.08","1,0","3.78",",,,0","-3.62","1,,,0"
"USC00478905","1989-12","45.3582","-86.891","209.1","WASHINGTON IS, WI US","111.4","0","0.0","1,0","10",",0","3",",0","0",",0","","","11",",0","7","1,0","30","1,0","27",",0","0",",0","0",",0","","","19891221",",1,0","","","19891214",",,0","","","19891228",",,0","19891202",",,0","-25.0","1,0,21,","","","127",",,0,14,","6.4",",,0,28,","3.3",",0,02,","1874.1","0","855.6",",0","20.3",",,,0","570",",,,0","-10.15","1,0","-5.86",",,,0","-14.43","1,,,0"
"USC00478905","1990-01","45.3582","-86.891","209.1","WASHINGTON IS, WI US","0.0","0","0.0","1,0","4",",0","4",",0","0",",0","","","4",",0","0","1,0","30","1,0","10",",0","0",",0","0",",0","2","","19900131",",1,0","","","19900121",",,0","2","","19900124",",,0","19900130",",,0","-15.6","1,0,31,","","","102",",,0,21,","11.4",",,0,24,","5.0",",0,30,","2518.8","0","644.7",",0","29.2",",,,0","330",",,,0","-3.16","1,0","1.23",",,,0","-7.54","1,,,0"
"USC00478905","1990-02","45.3582","-86.891","209.1","WASHINGTON IS, WI US","0.0","0","0.0",",0","2",",0","2",",0","0",",0","","","4",",0","1",",0","28",",0","14",",0","0",",0","0",",0","2","","19900225",",,0","","","19900216",",,0","","","19900216",",,0","19900221",",,0","-18.3",",0,25,","","","102",",,0,16,","6.6",",,0,16,","5.6",",0,21,","3177.4","0","658.6",",0","11.7",",,,0","177",",,,0","-5.19",",0","-0.22",",,,0","-10.16",",,,0"
"USC00478905","1990-03","45.3582","-86.891","209.1","WASHINGTON IS, WI US","0.0","0","0.0",",0","6",",0","4",",0","1",",0","","","0","4,0","0",",0","26",",0","7",",0","0",",0","0",",0","7","","19900306",",,0","","","19900319","+,4,0","","","19900314",",,0","19900313",",,0","-16.1",",0,06,","","","0","4,T,0,19,+","25.4",",,0,14,","13.9",",0,13,","3753.0","0","575.6",",0","53.3",",,,0","0","4,T,,0","-0.23",",0","4.34",",,,0","-4.80",",,,0"
"USC00478905","1990-04","45.3582","-86.891","209.1","WASHINGTON IS, WI US","0.0","0","0.0",",0","4",",0","3",",0","0",",0","0",",0","0",",0","0",",0","17",",0","0",",0","1",",0","0",",0","2","","19900406",",,0","19900430","+,,0","19900405",",,0","","","19900416",",,0","19900428",",,0","-7.2",",0,06,","0",",,0,30,+","0",",T,0,05,","8.1",",,0,16,","21.7",",0,28,","4137.8","0","384.8",",0","16.8",",,,0","0",",T,,0","5.51",",0","10.93",",,,0","0.08",",,,0"
"USC00478905","1990-05","45.3582","-86.891","209.1","WASHINGTON IS, WI US","0.0","0","0.0",",0","8",",0","6",",0","1",",0","0",",0","0",",0","0",",0","5",",0","0",",0","6",",0","0",",0","4","","19900502",",,0","19900531","+,,0","19900531","+,,0","","","19900510",",,0","19900528",",,0","-5.6",",0,02,","0",",,0,31,+","0",",,0,31,+","30.0",",,0,10,","22.8",",0,28,","4403.6","0","265.8",",0","89.6",",,,0","0",",,,0","9.76",",0","16.20",",,,0","3.32",",,,0"
"USC00478905","1990-06","45.3582","-86.891","209.1","WASHINGTON IS, WI US","5.9","0","5.9",",0","14",",0","13",",0","3",",0","0",",0","0",",0","0",",0","0",",0","0",",0","15",",0","0",",0","4","","19900604",",,0","19900630","+,,0","19900630","+,,0","","","19900613",",,0","19900630",",,0","1.7",",0,04,","0",",,0,30,+","0",",,0,30,+","62.2",",,0,13,","27.2",",0,30,","4517.7","0","114.1",",0","252.0",",,,0","0",",,,0","14.73",",0","20.38",",,,0","9.07",",,,0"
"USC00478905","1990-07","45.3582","-86.891","209.1","WASHINGTON IS, WI US","33.1","0","27.2","1,0","7",",0","4",",0","1",",0","0",",0","0",",0","0",",0","0",",0","0","1,0","27","1,0","0","1,0","1","","19900731",",,0","19900731","+,,0","19900731","+,,0","","","19900729",",,0","19900704",",1,0","6.7",",0,31,","0",",,0,31,+","0",",,0,31,+","29.2",",,0,29,","30.6","1,0,04,","29.5","0","29.5","1,0","54.4",",,,0","0",",,,0","18.36","1,0","23.92","1,,,0","12.79",",,,0"
"USC00478905","1990-08","45.3582","-86.891","209.1","WASHINGTON IS, WI US","60.3","0","27.2",",0","10",",0","5",",0","0",",0","0",",0","0",",0","0",",0","0",",0","0",",0","26",",0","0",",0","7","","19900807",",,0","19900831","+,,0","19900831","+,,0","2","","19900826",",,0","19900828","+,,0","6.1",",0,07,","0",",,0,31,+","0",",,0,31,+","15.2",",,0,26,","27.8",",0,28,+","60.5","0","31.0",",0","49.2",",,,0","0",",,,0","18.21",",0","23.75",",,,0","12.67",",,,0"
"USC00478905","1990-09","45.3582","-86.891","209.1","WASHINGTON IS, WI US","79.2","0","18.9",",0","9",",0","7",",0","2",",0","0",",0","0",",0","0",",0","0",",0","0",",0","16",",0","0",",0","2","","19900918",",,0","19900930","+,,0","19900930","+,,0","1","","19900906",",,0","19900901",",,0","2.8",",0,18,","0",",,0,30,+","0",",,0,30,+","30.7",",,0,06,","30.0",",0,01,","168.3","0","107.8",",0","105.1",",,,0","0",",,,0","15.37",",0","21.10",",,,0","9.63",",,,0"
"USC00478905","1990-10","45.3582","-86.891","209.1","WASHINGTON IS, WI US","79.2","0","0.0",",0","9",",0","8",",0","0",",0","0",",0","0",",0","0",",0","4",",0","0",",0","0",",0","0",",0","2","","19901013",",,0","19901031","+,,0","19901031","+,,0","","","19901021",",,0","19901002",",,0","-3.3",",0,13,","0",",,0,31,+","0",",,0,31,+","17.0",",,0,21,","19.4",",0,02,","474.3","0","306.0",",0","75.0",",,,0","0",",,,0","8.46",",0","12.85",",,,0","4.07",",,,0"
"USC00478905","1990-11","45.3582","-86.891","209.1","WASHINGTON IS, WI US","79.2","0","0.0","1,0","8",",0","8",",0","0",",0","0",",0","0",",0","0","1,0","18","1,0","0",",0","1",",0","0",",0","4","","19901126",",1,0","19901109",",,0","19901128","+,,0","1","","19901121",",,0","19901102",",,0","-5.6","1,0,26,","0",",T,0,09,","0",",T,0,28,+","11.4",",,0,21,","21.7",",0,02,","886.1","0","411.8",",0","57.3",",,,0","0",",T,,0","4.21","1,0","8.15",",,,0","0.28","1,,,0"
"USC00478905","1990-12","45.3582","-86.891","209.1","WASHINGTON IS, WI US","79.2","0","0.0","1,0","4",",0","3",",0","0",",0","","","","","2","1,0","26","1,0","11",",0","0",",0","0",",0","1","","19901226",",1,0","","","","","","","19901215",",,0","19901209",",,0","-20.6","1,0,26,","","","","","8.9",",,0,15,","7.8",",0,09,","1522.6","0","636.5",",0","15.7",",,,0","","","-2.95","1,0","0.30",",,,0","-6.19","1,,,0"
"USC00478905","1991-01","45.3582","-86.891","209.1","WASHINGTON IS, WI US","0.0","0","0.0",",0","5",",0","3",",0","0",",0","","","5",",0","6",",0","31",",0","27",",0","0",",0","0",",0","","","19910130",",,0","","","19910111",",,0","","","19910111",",,0","19910120","+,,0","-25.0",",0,30,","","","64",",,0,11,","7.1",",,0,11,","2.8",",0,20,+","2354.5","0","831.9",",0","16.7",",,,0","229",",,,0","-8.50",",0","-4.62",",,,0","-12.38",",,,0"
"USC00478905","1991-02","45.3582","-86.891","209.1","WASHINGTON IS, WI US","0.0","0","0.0","1,0","2",",0","2",",0","0",",0","","","2",",0","3",",0","27",",0","14","1,0","0","1,0","0","1,0","","","19910226",",,0","","","19910224",",,0","","","19910224",",,0","19910204",",1,0","-21.7",",0,26,","","","76",",,0,24,","5.1",",,0,24,","8.9","1,0,04,","2972.6","0","618.1","1,0","9.9",",,,0","127",",,,0","-4.52","1,0","-0.17","1,,,0","-8.87",",,,0"
"USC00478905","1991-03","45.3582","-86.891","209.1","WASHINGTON IS, WI US","0.0","0","0.0",",0","10",",0","7",",0","1",",0","","","1",",0","0",",0","25",",0","4",",0","0",",0","0",",0","1","","19910303",",,0","","","19910306",",,0","2","","19910302",",,0","19910319",",,0","-12.2",",0,03,","","","51",",,0,06,","25.4",",,0,02,","11.1",",0,19,","3549.7","0","577.1",",0","72.5",",,,0","77",",,,0","-0.28",",0","3.71",",,,0","-4.28",",,,0"
"USC00478905","1991-04","45.3582","-86.891","209.1","WASHINGTON IS, WI US","0.0","0","0.0",",0","12",",0","6",",0","0",",0","2","1,0","2",",0","0",",0","11",",0","1",",0","1",",0","0",",0","4","","19910402",",,0","19910410",",1,0","19910410",",,0","","","19910414",",,0","19910407",",,0","-6.7",",0,02,","102","1,,0,10,","127",",,0,10,","21.6",",,0,14,","22.2",",0,07,","3920.7","0","371.0",",0","85.3",",,,0","152",",,,0","5.97",",0","10.11",",,,0","1.82",",,,0"
"USC00478905","1991-05","45.3582","-86.891","209.1","WASHINGTON IS, WI US","0.0","0","0.0",",0","12",",0","9",",0","0",",0","0",",0","0",",0","0",",0","1",",0","0",",0","7",",0","0",",0","4","","19910508",",,0","19910531","+,,0","19910531","+,,0","2","","19910531",",,0","19910512",",,0","-1.1",",0,08,","0",",,0,31,+","0",",,0,31,+","24.4",",,0,31,","25.0",",0,12,","4124.0","0","203.3",",0","107.5",",,,0","0",",,,0","11.78",",0","16.40",",,,0","7.15",",,,0"
"USC00478905","1991-06","45.3582","-86.891","209.1","WASHINGTON IS, WI US","25.0","0","25.0",",0","2",",0","2",",0","0",",0","0",",0","0",",0","0",",0","0",",0","0",",0","26",",0","0",",0","3","","19910613",",,0","19910630","+,,0","19910630","+,,0","1","","19910614",",,0","19910619",",,0","7.8",",0,13,","0",",,0,30,+","0",",,0,30,+","17.0",",,0,14,","28.3",",0,19,","4152.0","0","28.0",",0","29.2",",,,0","0",",,,0","18.23",",0","23.44",",,,0","13.03",",,,0"
"USC00478905","1991-07","45.3582","-86.891","209.1","WASHINGTON IS, WI US","90.0","0","65.0",",0","12",",0","9",",0","1",",0","0",",0","0",",0","0",",0","0",",0","0",",0","29",",0","0",",0","3","","19910728","+,,0","19910731","+,,0","19910731","+,,0","2","","19910729",",,0","19910718","+,,0","10.6",",0,28,+","0",",,0,31,+","0",",,0,31,+","39.4",",,0,29,","29.4",",0,18,+","11.6","0","11.6",",0","94.9",",,,0","0",",,,0","20.05",",0","24.76",",,,0","15.35",",,,0"
"USC00478905","1991-08","45.3582","-86.891","209.1","WASHINGTON IS, WI US","163.3","0","73.3",",0","3",",0","3",",0","0",",0","0",",0","0",",0","0",",0","0",",0","0",",0","31",",0","0",",0","4","","19910805",",,0","19910831","+,,0","19910831","+,,0","","","19910817",",,0","19910830",",,0","8.3",",0,05,","0",",,0,31,+","0",",,0,31,+","16.5",",,0,17,","30.6",",0,30,","23.5","0","11.9",",0","27.6",",,,0","0",",,,0","20.31",",0","25.48",",,,0","15.14",",,,0"
"USC00478905","1991-09","45.3582","-86.891","209.1","WASHINGTON IS, WI US","182.8","0","19.5",",0","10",",0","8",",0","0",",0","0",",0","0",",0","0",",0","1",",0","0",",0","15",",0","0",",0","2","","19910928",",,0","19910930","+,,0","19910930","+,,0","2","","19910903",",,0","19910915",",,0","-1.1",",0,28,","0",",,0,30,+","0",",,0,30,+","10.9",",,0,03,","26.7",",0,15,","156.0","0","132.5",",0","57.1",",,,0","0",",,,0","14.56",",0","18.75",",,,0","10.37",",,,0"
"USC00478905","1991-10","45.3582","-86.891","209.1","WASHINGTON IS, WI US","182.8","0","0.0",",0","12",",0","10",",0","0",",0","0",",0","0",",0","0",",0","3",",0","0",",0","0",",0","0",",0","3","","19911016",",,0","19911031","+,,0","19911031","+,,0","","","19911029",",,0","19911002",",,0","-3.9",",0,16,","0",",,0,31,+","0",",,0,31,+","19.8",",,0,29,","19.4",",0,02,","467.9","0","311.9",",0","92.1",",,,0","0",",,,0","8.27",",0","11.76",",,,0","4.78",",,,0"
"USC00478905","1991-11","45.3582","-86.891","209.1","WASHINGTON IS, WI US","182.8","0","0.0",",0","11",",0","9",",0","0",",0","4","4,0","4",",0","0",",0","21",",0","6",",0","0",",0","0",",0","2","","19911108","+,,0","19911106",",4,0","19911106",",,0","","","19911123",",,0","19911101",",,0","-10.0",",0,08,+","76","4,,0,06,","51",",,0,06,","16.5",",,0,23,","11.1",",0,01,","994.1","0","526.2",",0","65.5",",,,0","139",",,,0","0.79",",0","3.91",",,,0","-2.32",",,,0"
"USC00478905","1991-12","45.3582","-86.891","209.1","WASHINGTON IS, WI US","182.8","0","0.0",",0","7","2,0","5","2,0","0","2,0","","","6",",0","0",",0","31",",0","10",",0","0",",0","0",",0","2","","19911206",",,0","","","19911205",",,0","","","19911212",",2,0","19911212","+,,0","-15.0",",0,06,","","","76",",,0,05,","15.2","2,,0,12,","5.6",",0,12,+","1645.2","0","651.1",",0","42.6","2,,,0","318",",,,0","-2.67",",0","0.42",",,,0","-5.76",",,,0"
"USC00478905","1992-01","45.3582","-86.891","209.1","WASHINGTON IS, WI US","0.0","0","0.0",",0","8",",0","5",",0","0",",0","","","7",",0","4",",0","28",",0","16",",0","0",",0","0",",0","3","","19920120",",,0","","","19920131","+,,0","","","19920117",",,0","19920112",",,0","-21.7",",0,20,","","","51",",,0,31,+","8.6",",,0,17,","5.6",",0,12,","2366.0","0","720.8",",0","28.2",",,,0","266",",,,0","-4.92",",0","-1.84",",,,0","-8.00",",,,0"
"USC00478905","1992-02","45.3582","-86.891","209.1","WASHINGTON IS, WI US","0.0","0","0.0",",0","8",",0","1",",0","0",",0","","","7",",0","1",",0","29",",0","14",",0","0",",0","0",",0","","","19920212",",,0","","","19920225",",,0","","","19920225",",,0","19920206",",,0","-21.1",",0,12,","","","76",",,0,25,","4.8",",,0,25,","3.3",",0,06,","2998.4","0","632.4",",0","14.0",",,,0","278",",,,0","-3.47",",0","-0.11",",,,0","-6.84",",,,0"
"USC00478905","1992-03","45.3582","-86.891","209.1","WASHINGTON IS, WI US","0.0","0","0.0",",0","5",",0","5",",0","1",",0","","","3",",0","0",",0","25",",0","8",",0","0",",0","0",",0","3","","19920314",",,0","","","19920309",",,0","","","19920309",",,0","19920330",",,0","-15.0",",0,14,","","","152",",,0,09,","25.9",",,0,09,","10.0",",0,30,","3621.6","0","623.2",",0","53.6",",,,0","228",",,,0","-1.77",",0","2.05",",,,0","-5.58",",,,0"
"USC00478905","1992-04","45.3582","-86.891","209.1","WASHINGTON IS, WI US","0.0","0","0.0",",0","7",",0","7",",0","0",",0","3","2,0","2",",0","0",",0","15",",0","1",",0","0",",0","0",",0","2","","19920413",",,0","19920411",",2,0","19920411",",,0","3","","19920416",",,0","19920409",",,0","-6.7",",0,13,","76","2,,0,11,","76",",,0,11,","22.1",",,0,16,","13.9",",0,09,","4066.1","0","444.5",",0","60.5",",,,0","127",",,,0","3.52",",0","7.24",",,,0","-0.20",",,,0"
"USC00478905","1992-05","45.3582","-86.891","209.1","WASHINGTON IS, WI US","0.0","0","0.0",",0","4",",0","3",",0","1",",0","0",",0","0",",0","0",",0","4",",0","0",",0","2",",0","0",",0","2","","19920506",",,0","19920531","+,,0","19920531","+,,0","4","","19920517",",,0","19920531",",,0","-4.4",",0,06,","0",",,0,31,+","0",",,0,31,+","38.1",",,0,17,","23.3",",0,31,","4324.7","0","258.6",",0","60.2",",,,0","0",",,,0","9.99",",0","15.34",",,,0","4.64",",,,0"
"USC00478905","1992-06","45.3582","-86.891","209.1","WASHINGTON IS, WI US","6.7","0","6.7",",0","5",",0","5",",0","1",",0","0",",0","0",",0","0",",0","0",",0","0",",0","9",",0","0",",0","4","","19920622",",,0","19920630","+,,0","19920630","+,,0","1","","19920617",",,0","19920612",",,0","1.1",",0,22,","0",",,0,30,+","0",",,0,30,+","33.0",",,0,17,","29.4",",0,12,","4443.5","0","118.8",",0","57.6",",,,0","0",",,,0","14.60",",0","19.47",",,,0","9.72",",,,0"
"USC00478905","1992-07","45.3582","-86.891","209.1","WASHINGTON IS, WI US","12.3","0","5.6","1,0","9",",0","7",",0","1",",0","0",",0","0",",0","0",",0","0",",0","0","1,0","14","1,0","0","1,0","5","","19920721",",,0","19920731","+,,0","19920731","+,,0","1","","19920712",",,0","19920726",",1,0","3.3",",0,21,","0",",,0,31,+","0",",,0,31,+","27.2",",,0,12,","26.1","1,0,26,","63.4","0","63.4","1,0","65.0",",,,0","0",",,,0","16.40","1,0","20.79","1,,,0","12.00",",,,0"
"USC00478905","1992-08","45.3582","-86.891","209.1","WASHINGTON IS, WI US","35.7","0","23.4",",0","10",",0","6",",0","0",",0","0",",0","0",",0","0",",0","0",",0","0",",0","21",",0","0",",0","2","","19920829","+,,0","19920831","+,,0","19920831","+,,0","","","19920826",",,0","19920810",",,0","6.1",",0,29,+","0",",,0,31,+","0",",,0,31,+","16.8",",,0,26,","27.8",",0,10,","124.8","0","61.4",",0","68.2",",,,0","0",",,,0","17.11",",0","21.60",",,,0","12.61",",,,0"
"USC00478905","1992-09","45.3582","-86.891","209.1","WASHINGTON IS, WI US","35.7","0","0.0",",0","9",",0","8",",0","1",",0","0",",0","0",",0","0",",0","1",",0","0",",0","3",",0","0",",0","4","","19920923",",,0","19920930","+,,0","19920930","+,,0","3","","19920914",",,0","19920916","+,,0","-0.6",",0,23,","0",",,0,30,+","0",",,0,30,+","46.7",",,0,14,","21.1",",0,16,+","265.3","0","140.5",",0","101.0",",,,0","0",",,,0","13.65",",0","16.98",",,,0","10.31",",,,0"
"USC00478905","1992-10","45.3582","-86.891","209.1","WASHINGTON IS, WI US","36.3","0","0.6",",0","6",",0","5",",0","1",",0","0",",0","0",",0","0",",0","6",",0","0",",0","2",",0","0",",0","","","19921031",",,0","19921031","+,,0","19921031","+,,0","","","19921016",",,0","19921002",",,0","-5.6",",0,31,","0",",,0,31,+","0",",,0,31,+","25.7",",,0,16,","25.0",",0,02,","564.8","0","299.5",",0","67.8",",,,0","0",",,,0","8.69",",0","12.55",",,,0","4.84",",,,0"
"USC00478905","1992-11","45.3582","-86.891","209.1","WASHINGTON IS, WI US","36.3","0","0.0",",0","13",",0","10",",0","1",",0","7",",0","4","1,0","0",",0","19",",0","2",",0","0",",0","0",",0","","","19921118",",,0","19921127","+,,0","19921126",",1,0","","","19921102",",,0","19921110","+,,0","-10.0",",0,18,","51",",,0,27,+","76","1,,0,26,","37.1",",,0,02,","10.0",",0,10,+","1064.4","0","499.6",",0","110.9",",,,0","164","1,,,0","1.68",",0","4.03",",,,0","-0.67",",,,0"
"USC00478905","1992-12","45.3582","-86.891","209.1","WASHINGTON IS, WI US","36.3","0","0.0",",0","10",",0","7",",0","0",",0","","","6","1,0","0",",0","27",",0","10",",0","0",",0","0",",0","3","","19921226",",,0","","","19921210",",1,0","","","19921216",",,0","19921216",",,0","-16.1",",0,26,","","","76","1,,0,10,","10.7",",,0,16,","5.0",",0,16,","1717.0","0","652.6",",0","49.9",",,,0","279","1,,,0","-2.72",",0","0.30",",,,0","-5.74",",,,0"
"USC00478905","1993-01","45.3582","-86.891","209.1","WASHINGTON IS, WI US","0.0","0","0.0",",0","6","2,0","5","2,0","0","2,0","","","5","1,0","0",",0","31",",0","21",",0","0",",0","0",",0","","","19930118",",,0","","","19930113",",1,0","","","19930121",",2,0","19930131",",,0","-17.2",",0,18,","","","127","1,,0,13,","10.4","2,,0,21,","7.8",",0,31,","2461.7","0","744.7",",0","31.8","2,,,0","304","1,,,0","-5.69",",0","-2.19",",,,0","-9.19",",,,0"
"USC00478905","1993-02","45.3582","-86.891","209.1","WASHINGTON IS, WI US","0.0","0","0.0",",0","3","4,0","0","4,0","0","4,0","","","3",",0","4",",0","28",",0","22",",0","0",",0","0",",0","","","19930225",",,0","","","19930221",",,0","","","19930221",",4,0","19930204",",,0","-20.6",",0,25,","","","51",",,0,21,","1.5","4,,0,21,","6.1",",0,04,","3180.1","0","718.4",",0","3.0","4,,,0","153",",,,0","-7.33",",0","-2.80",",,,0","-11.85",",,,0"
"USC00478905","1993-03","45.3582","-86.891","209.1","WASHINGTON IS, WI US","0.0","0","0.0",",0","4",",0","0",",0","0",",0","","","2",",0","0",",0","29",",0","10",",0","0",",0","0",",0","3","","19930318","+,,0","","","19930320","+,,0","","","19930320","+,,0","19930329",",,0","-15.0",",0,18,+","","","25",",,0,20,+","2.3",",,0,20,+","15.0",",0,29,","3776.3","0","596.2",",0","5.6",",,,0","76",",,,0","-0.90",",0","3.42",",,,0","-5.22",",,,0"
"USC00478905","1993-04","45.3582","-86.891","209.1","WASHINGTON IS, WI US","0.0","0","0.0",",0","10",",0","7",",0","0",",0","3","2,0","3",",0","0",",0","15",",0","1",",0","0",",0","0",",0","1","","19930401",",,0","19930416",",2,0","19930416","+,,0","","","19930416",",,0","19930428",",,0","-5.0",",0,01,","76","2,,0,16,","76",",,0,16,+","24.9",",,0,16,","20.6",",0,28,","4207.8","0","431.5",",0","80.4",",,,0","177",",,,0","3.95",",0","8.25",",,,0","-0.35",",,,0"
"USC00478905","1993-05","45.3582","-86.891","209.1","WASHINGTON IS, WI US","0.0","0","0.0",",0","13",",0","10",",0","0",",0","0",",0","0",",0","0",",0","1",",0","0",",0","3",",0","0",",0","4","","19930517",",,0","19930531","+,,0","19930531","+,,0","","","19930504",",,0","19930511",",,0","-1.7",",0,17,","0",",,0,31,+","0",",,0,31,+","19.1",",,0,04,","23.9",",0,11,","4463.6","0","255.8",",0","74.9",",,,0","0",",,,0","10.08",",0","15.00",",,,0","5.16",",,,0"
"USC00478905","1993-06","45.3582","-86.891","209.1","WASHINGTON IS, WI US","3.3","0","3.3",",0","11",",0","8",",0","3",",0","0",",0","0",",0","0",",0","0",",0","0",",0","11",",0","0",",0","6","","19930604",",,0","19930630","+,,0","19930630","+,,0","2","","19930619",",,0","19930626",",,0","1.7",",0,04,","0",",,0,30,+","0",",,0,30,+","35.6",",,0,19,","25.0",",0,26,","4574.8","0","111.2",",0","143.0",",,,0","0",",,,0","14.74",",0","19.53",",,,0","9.94",",,,0"
"USC00478905","1993-07","45.3582","-86.891","209.1","WASHINGTON IS, WI US","45.9","0","42.6",",0","14",",0","9",",0","2",",0","0",",0","0",",0","0",",0","0",",0","0",",0","30",",0","0",",0","1","","19930722","+,,0","19930731","+,,0","19930731","+,,0","1","","19930706",",,0","19930728",",,0","9.4",",0,22,+","0",",,0,31,+","0",",,0,31,+","57.9",",,0,06,","30.6",",0,28,","11.2","0","11.2",",0","160.2",",,,0","0",",,,0","19.35",",0","23.54",",,,0","15.15",",,,0"
"USC00478905","1993-08","45.3582","-86.891","209.1","WASHINGTON IS, WI US","106.7","0","60.8",",0","11",",0","8",",0","0",",0","0",",0","0",",0","0",",0","0",",0","0",",0","28",",0","0",",0","6","","19930821",",,0","19930831","+,,0","19930831","+,,0","1","","19930801",",,0","19930824",",,0","10.0",",0,21,","0",",,0,31,+","0",",,0,31,+","23.1",",,0,01,","28.3",",0,24,","25.4","0","14.2",",0","95.1",",,,0","0",",,,0","19.84",",0","23.83",",,,0","15.85",",,,0"
"USC00478905","1993-09","45.3582","-86.891","209.1","WASHINGTON IS, WI US","108.1","0","1.4","1,0","7",",0","5",",0","0",",0","0",",0","0",",0","0",",0","1",",0","0","1,0","4","1,0","0","1,0","1","","19930930",",,0","19930930","+,,0","19930930","+,,0","","","19930913",",,0","19930904","+,1,0","-0.6",",0,30,","0",",,0,30,+","0",",,0,30,+","15.7",",,0,13,","22.2","1,0,04,+","194.1","0","168.7","1,0","50.9",",,,0","0",",,,0","12.58","1,0","17.03","1,,,0","8.12",",,,0"
"USC00478905","1993-10","45.3582","-86.891","209.1","WASHINGTON IS, WI US","108.1","0","0.0",",0","6",",0","5",",0","0",",0","0",",0","0",",0","0",",0","4",",0","0",",0","0",",0","0",",0","","","19931013",",,0","19931031","+,,0","19931030","+,,0","","","19931016",",,0","19931003",",,0","-5.6",",0,13,","0",",,0,31,+","0",",T,0,30,+","23.6",",,0,16,","17.8",",0,03,","525.8","0","331.7",",0","57.2",",,,0","0",",T,,0","7.63",",0","11.52",",,,0","3.74",",,,0"
"USC00478905","1993-11","45.3582","-86.891","209.1","WASHINGTON IS, WI US","108.1","0","0.0",",0","8",",0","6",",0","0",",0","1","4,0","3",",0","0",",0","21",",0","4",",0","0",",0","0",",0","","","19931128",",,0","19931106",",4,0","19931106",",,0","","","19931105",",,0","19931113","+,,0","-8.9",",0,28,","25","4,,0,06,","64",",,0,06,","15.7",",,0,05,","10.6",",0,13,+","1024.0","0","498.2",",0","47.8",",,,0","153",",,,0","1.73",",0","5.06",",,,0","-1.61",",,,0"
"USC00478905","1993-12","45.3582","-86.891","209.1","WASHINGTON IS, WI US","108.1","0","0.0",",0","5",",0","0",",0","0",",0","","","1",",0","1",",0","22",",0","12",",0","0",",0","0",",0","","","19931226",",,0","","","19931220",",,0","","","19931220","+,,0","19931215",",,0","-20.0",",0,26,","","","51",",,0,20,","2.0",",,0,20,+","7.2",",0,15,","1674.5","0","650.5",",0","8.8",",,,0","51",",,,0","-2.65",",0","-0.10",",,,0","-5.20",",,,0"
"USC00478905","1994-01","45.3582","-86.891","209.1","WASHINGTON IS, WI US","0.0","0","0.0","1,0","11","1,0","8","1,0","0","1,0","","","9",",0","11",",0","31",",0","29","1,0","0","1,0","0","1,0","","","19940119",",,0","","","19940108",",,0","","","19940101",",1,0","19940101",",1,0","-31.1",",0,19,","","","203",",,0,08,","4.3","1,,0,01,","2.2","1,0,01,","2594.9","0","920.4","1,0","28.9","1,,,0","722",",,,0","-12.45","1,0","-8.25","1,,,0","-16.65",",,,0"
"USC00478905","1994-02","45.3582","-86.891","209.1","WASHINGTON IS, WI US","0.0","0","0.0",",0","5",",0","2",",0","0",",0","","","5",",0","12",",0","27",",0","23",",0","0",",0","0",",0","","","19940201",",,0","","","19940223",",,0","","","19940223",",,0","19940220",",,0","-27.2",",0,01,","","","152",",,0,23,","12.7",",,0,23,","5.0",",0,20,","3404.2","0","809.3",",0","18.6",",,,0","304",",,,0","-10.57",",0","-6.13",",,,0","-15.02",",,,0"
"USC00478905","1994-03","45.3582","-86.891","209.1","WASHINGTON IS, WI US","0.0","0","0.0",",0","4",",0","3",",0","0",",0","2","2,0","4",",0","0",",0","30",",0","7",",0","0",",0","0",",0","3","","19940317",",,0","19940303",",2,0","19940321",",,0","","","19940321",",,0","19940322",",,0","-13.9",",0,17,","76","2,,0,03,","76",",,0,21,","9.4",",,0,21,","12.2",",0,22,","4009.5","0","605.3",",0","16.7",",,,0","224",",,,0","-1.19",",0","3.24",",,,0","-5.63",",,,0"
"USC00478905","1994-04","45.3582","-86.891","209.1","WASHINGTON IS, WI US","0.0","0","0.0",",0","10",",0","9",",0","0",",0","","","2","1,0","0",",0","19",",0","1",",0","0",",0","0",",0","2","","19940407",",,0","","","19940404",",1,0","","","19940424",",,0","19940424",",,0","-9.4",",0,07,","","","76","1,,0,04,","22.4",",,0,24,","20.0",",0,24,","4435.2","0","425.7",",0","76.7",",,,0","140","1,,,0","4.14",",0","8.96",",,,0","-0.67",",,,0"
"USC00478905","1994-05","45.3582","-86.891","209.1","WASHINGTON IS, WI US","0.0","0","0.0",",0","7",",0","6",",0","0",",0","0",",0","0",",0","0",",0","4",",0","0",",0","3",",0","0",",0","4","","19940502",",,0","19940531","+,,0","19940531","+,,0","","","19940529",",,0","19940522",",,0","-2.8",",0,02,","0",",,0,31,+","0",",,0,31,+","15.2",",,0,29,","25.6",",0,22,","4686.8","0","251.6",",0","45.6",",,,0","0",",,,0","10.22",",0","15.84",",,,0","4.60",",,,0"
"USC00478905","1994-06","45.3582","-86.891","209.1","WASHINGTON IS, WI US","12.8","0","12.8",",0","8",",0","5",",0","0",",0","0",",0","0",",0","0",",0","0",",0","0",",0","16",",0","0",",0","2","","19940603",",,0","19940630","+,,0","19940630","+,,0","","","19940628",",,0","19940621",",,0","1.1",",0,03,","0",",,0,30,+","0",",,0,30,+","16.5",",,0,28,","27.8",",0,21,","4764.5","0","77.7",",0","48.8",",,,0","0",",,,0","16.17",",0","21.45",",,,0","10.89",",,,0"
"USC00478905","1994-07","45.3582","-86.891","209.1","WASHINGTON IS, WI US","48.6","0","35.8",",0","8",",0","7",",0","0",",0","0",",0","0",",0","0",",0","0",",0","0",",0","25",",0","0",",0","","","19940703",",,0","19940731","+,,0","19940731","+,,0","4","","19940717",",,0","19940723",",,0","7.8",",0,03,","0",",,0,31,+","0",",,0,31,+","21.1",",,0,17,","28.3",",0,23,","22.3","0","22.3",",0","82.3",",,,0","0",",,,0","18.77",",0","23.24",",,,0","14.30",",,,0"
"USC00478905","1994-08","45.3582","-86.891","209.1","WASHINGTON IS, WI US","74.4","0","25.8",",0","6",",0","5",",0","0",",0","0",",0","0",",0","0",",0","0",",0","0",",0","18",",0","0",",0","3","","19940810",",,0","19940831","+,,0","19940831","+,,0","","","19940818",",,0","19940824",",,0","7.8",",0,10,","0",",,0,31,+","0",",,0,31,+","17.5",",,0,18,","28.3",",0,24,","61.9","0","39.6",",0","58.9",",,,0","0",",,,0","17.89",",0","21.83",",,,0","13.94",",,,0"
"USC00478905","1994-09","45.3582","-86.891","209.1","WASHINGTON IS, WI US","90.6","0","16.2",",0","9",",0","7",",0","1",",0","0",",0","0",",0","0",",0","0",",0","0",",0","12",",0","0",",0","5","","19940902","+,,0","19940930","+,,0","19940930","+,,0","2","","19940926",",,0","19940916",",,0","4.4",",0,02,+","0",",,0,30,+","0",",,0,30,+","38.1",",,0,26,","26.1",",0,16,","140.5","0","78.6",",0","104.2",",,,0","0",",,,0","16.25",",0","20.32",",,,0","12.18",",,,0"
"USC00478905","1994-10","45.3582","-86.891","209.1","WASHINGTON IS, WI US","90.6","0","0.0",",0","6",",0","5",",0","0",",0","0",",0","0",",0","0",",0","0",",0","0",",0","0",",0","0",",0","1","","19941003","+,,0","19941031","+,,0","19941031","+,,0","","","19941018",",,0","19941005",",,0","2.8",",0,03,+","0",",,0,31,+","0",",,0,31,+","24.6",",,0,18,","18.3",",0,05,","377.2","0","236.7",",0","57.4",",,,0","0",",,,0","10.70",",0","14.07",",,,0","7.33",",,,0"
"USC00478905","1994-11","45.3582","-86.891","209.1","WASHINGTON IS, WI US","90.6","0","0.0","1,0","5",",0","4",",0","0",",0","0",",0","0","1,0","0",",0","14",",0","2","1,0","0","1,0","0","1,0","","","19941124",",,0","19941130","+,,0","19941123",",1,0","","","19941121",",,0","19941103",",1,0","-8.3",",0,24,","0",",,0,30,+","0","1,T,0,23,","18.0",",,0,21,","12.8","1,0,03,","785.9","0","408.7","1,0","47.0",",,,0","0","1,T,,0","4.17","1,0","7.95","1,,,0","0.39",",,,0"
"USC00478905","1994-12","45.3582","-86.891","209.1","WASHINGTON IS, WI US","90.6","0","0.0",",0","2",",0","2",",0","0",",0","1",",0","1",",0","0",",0","28",",0","5",",0","0",",0","0",",0","","","19941212",",,0","19941215",",,0","19941215",",,0","","","19941231","+,,0","19941227","+,,0","-12.8",",0,12,","25",",,0,15,","25",",,0,15,","2.5",",,0,31,+","8.3",",0,27,+","1353.5","0","567.6",",0","5.0",",,,0","25",",,,0","0.02",",0","2.99",",,,0","-2.95",",,,0"
"USC00478905","1995-01","45.3582","-86.891","209.1","WASHINGTON IS, WI US","0.0","0","0.0",",0","6",",0","6",",0","0",",0","","","6",",0","1",",0","30",",0","24",",0","0",",0","0",",0","2","","19950104",",,0","","","19950114",",,0","","","19950114",",,0","19950118",",,0","-17.8",",0,04,","","","102",",,0,14,","17.3",",,0,14,","3.9",",0,18,","2074.8","0","721.3",",0","33.0",",,,0","279",",,,0","-4.93",",0","-2.14",",,,0","-7.73",",,,0"
"USC00478905","1995-02","45.3582","-86.891","209.1","WASHINGTON IS, WI US","0.0","0","0.0",",0","4",",0","4",",0","0",",0","","","4",",0","3",",0","28",",0","20",",0","0",",0","0",",0","","","19950211",",,0","","","19950210",",,0","","","19950210",",,0","19950219",",,0","-22.2",",0,11,","","","51",",,0,10,","4.6",",,0,10,","5.0",",0,19,","2775.9","0","701.1",",0","13.4",",,,0","165",",,,0","-6.71",",0","-2.72",",,,0","-10.69",",,,0"
"USC00478905","1995-03","45.3582","-86.891","209.1","WASHINGTON IS, WI US","0.0","0","0.0",",0","7",",0","5",",0","0",",0","8","5,0","3",",0","0",",0","24",",0","7",",0","0",",0","0",",0","1","","19950302",",,0","19950307",",5,0","19950307","+,,0","","","19950320",",,0","19950315",",,0","-17.2",",0,02,","254","5,,0,07,","102",",,0,07,+","20.3",",,0,20,","15.0",",0,15,","3350.1","0","574.2",",0","64.0",",,,0","281",",,,0","-0.19",",0","3.63",",,,0","-4.01",",,,0"
"USC00478905","1995-04","45.3582","-86.891","209.1","WASHINGTON IS, WI US","0.0","0","0.0",",0","8",",0","6",",0","1",",0","","","2",",0","0",",0","14",",0","1",",0","0",",0","0",",0","","","19950404",",,0","","","19950406",",,0","","","19950418",",,0","19950404","+,,0","-12.2",",0,04,","","","51",",,0,06,","33.0",",,0,18,","14.4",",0,04,+","3797.1","0","447.0",",0","84.7",",,,0","76",",,,0","3.43",",0","7.87",",,,0","-1.01",",,,0"
"USC00478905","1995-05","45.3582","-86.891","209.1","WASHINGTON IS, WI US","1.1","0","1.1",",0","12",",0","6",",0","0",",0","0",",0","0",",0","0",",0","1",",0","0",",0","5",",0","0",",0","","","19950506",",,0","19950531","+,,0","19950531","+,,0","1","","19950509",",,0","19950531",",,0","-0.6",",0,06,","0",",,0,31,+","0",",,0,31,+","24.9",",,0,09,","26.7",",0,31,","4031.2","0","234.1",",0","82.1",",,,0","0",",,,0","10.82",",0","16.42",",,,0","5.22",",,,0"
"USC00478905","1995-06","45.3582","-86.891","209.1","WASHINGTON IS, WI US","49.3","0","48.2",",0","4",",0","1",",0","0",",0","0",",0","0",",0","0",",0","0",",0","0",",0","22",",0","0",",0","","","19950612",",,0","19950630","+,,0","19950630","+,,0","","","19950610",",,0","19950620","+,,0","4.4",",0,12,","0",",,0,30,+","0",",,0,30,+","8.9",",,0,10,","31.7",",0,20,+","4085.8","0","54.6",",0","12.0",",,,0","0",",,,0","18.12",",0","23.26",",,,0","12.98",",,,0"
"USC00478905","1995-07","45.3582","-86.891","209.1","WASHINGTON IS, WI US","104.1","0","54.8","1,0","10",",0","7",",0","0",",0","0",",0","0",",0","0",",0","0",",0","0","1,0","24","1,0","0","1,0","","","19950709","+,,0","19950731","+,,0","19950731","+,,0","4","","19950728","+,,0","19950731","+,1,0","6.1",",0,09,+","0",",,0,31,+","0",",,0,31,+","7.6",",,0,28,+","28.9","1,0,31,+","21.2","0","21.2","1,0","41.6",",,,0","0",",,,0","19.41","1,0","24.06","1,,,0","14.77",",,,0"
"USC00478905","1995-08","45.3582","-86.891","209.1","WASHINGTON IS, WI US","215.6","0","111.5",",0","8",",0","7",",0","1",",0","0",",0","0",",0","0",",0","0",",0","0",",0","31",",0","0",",0","","","19950822",",,0","19950831","+,,0","19950831","+,,0","1","","19950801",",,0","19950814",",,0","10.6",",0,22,","0",",,0,31,+","0",",,0,31,+","31.8",",,0,01,","29.4",",0,14,","22.3","0","1.1",",0","66.6",",,,0","0",",,,0","21.90",",0","25.42",",,,0","18.37",",,,0"
"USC00478905","1995-09","45.3582","-86.891","209.1","WASHINGTON IS, WI US","229.5","0","13.9",",0","7",",0","7",",0","0",",0","0",",0","0",",0","0",",0","0",",0","0",",0","10",",0","0",",0","","","19950910",",,0","19950930","+,,0","19950930","+,,0","2","","19950906",",,0","19950905",",,0","1.1",",0,10,","0",",,0,30,+","0",",,0,30,+","21.1",",,0,06,","27.2",",0,05,","147.8","0","125.5",",0","94.0",",,,0","0",",,,0","14.62",",0","19.18",",,,0","10.05",",,,0"
"USC00478905","1995-10","45.3582","-86.891","209.1","WASHINGTON IS, WI US","229.5","0","0.0",",0","10",",0","9",",0","1",",0","0",",0","0",",0","0",",0","2",",0","0",",0","1",",0","0",",0","4","","19951031",",,0","19951031","+,,0","19951031","+,,0","","","19951006",",,0","19951011",",,0","-0.6",",0,31,","0",",,0,31,+","0",",,0,31,+","40.1",",,0,06,","21.7",",0,11,","422.2","0","274.4",",0","141.2",",,,0","0",",,,0","9.48",",0","12.98",",,,0","5.98",",,,0"
"USC00478905","1995-11","45.3582","-86.891","209.1","WASHINGTON IS, WI US","229.5","0","0.0",",0","11",",0","9",",0","0",",0","12","5,0","8",",0","0",",0","26",",0","9",",0","0",",0","0",",0","","","19951129",",,0","19951130","+,5,0","19951114",",,0","","","19951101",",,0","19951102",",,0","-13.9",",0,29,","127","5,,0,30,+","102",",,0,14,","17.3",",,0,01,","9.4",",0,02,","1001.1","0","578.9",",0","62.4",",,,0","516",",,,0","-0.97",",0","2.55",",,,0","-4.48",",,,0"
"USC00478905","1995-12","45.3582","-86.891","209.1","WASHINGTON IS, WI US","229.5","0","0.0","1,0","6",",0","5",",0","0",",0","","","3","4,0","2","1,0","29","1,0","24","1,0","0","1,0","0","1,0","","","19951209",",1,0","","","19951214",",4,0","","","19951214",",,0","19951203",",1,0","-20.6","1,0,09,","","","203","4,,0,14,","16.8",",,0,14,","4.4","1,0,03,","1721.2","0","720.1","1,0","41.2",",,,0","325","4,,,0","-5.67","1,0","-2.23","1,,,0","-9.11","1,,,0"
"USC00478905","1996-01","45.3582","-86.891","209.1","WASHINGTON IS, WI US","0.0","0","0.0",",0","7",",0","5",",0","1",",0","","","7","2,0","8",",0","31",",0","26",",0","0",",0","0",",0","3","","19960131",",,0","","","19960127",",2,0","","","19960118",",,0","19960118",",,0","-27.2",",0,31,","","","203","2,,0,27,","50.8",",,0,18,","6.1",",0,18,","2574.3","0","853.1",",0","88.2",",,,0","425","2,,,0","-9.19",",0","-5.11",",,,0","-13.26",",,,0"
"USC00478905","1996-02","45.3582","-86.891","209.1","WASHINGTON IS, WI US","0.0","0","0.0","1,0","9",",0","5",",0","0",",0","","","7",",0","6","1,0","28","1,0","17","1,0","0","1,0","0","1,0","2","","19960203",",1,0","","","19960213",",,0","","","19960227",",,0","19960224",",1,0","-32.2","1,0,03,","","","51",",,0,13,","8.4",",,0,27,","7.2","1,0,24,","3300.5","0","726.2","1,0","28.4",",,,0","214",",,,0","-7.60","1,0","-3.10","1,,,0","-12.11","1,,,0"
"USC00478905","1996-03","45.3582","-86.891","209.1","WASHINGTON IS, WI US","0.0","0","0.0","1,0","2","1,0","2","1,0","0","1,0","","","2","2,0","3",",0","29",",0","13","1,0","0","1,0","0","1,0","1","","19960308","+,,0","","","19960324",",2,0","","","19960324",",1,0","19960314",",1,0","-20.0",",0,08,+","","","152","2,,0,24,","15.2","1,,0,24,","5.0","1,0,14,","3987.8","0","687.3","1,0","18.2","1,,,0","190","2,,,0","-4.67","1,0","-0.80","1,,,0","-8.55",",,,0"
"USC00478905","1996-04","45.3582","-86.891","209.1","WASHINGTON IS, WI US","0.0","0","0.0","1,0","8",",0","7",",0","1",",0","","","4","1,0","0",",0","22",",0","2","1,0","0","1,0","0","1,0","","","19960405",",,0","","","19960415",",1,0","3","","19960430",",,0","19960419",",1,0","-8.3",",0,05,","","","152","1,,0,15,","25.4",",,0,30,","20.0","1,0,19,","4456.0","0","468.2","1,0","112.2",",,,0","394","1,,,0","2.26","1,0","6.39","1,,,0","-1.88",",,,0"
"USC00478905","1996-05","45.3582","-86.891","209.1","WASHINGTON IS, WI US","0.0","0","0.0","1,0","4",",0","4",",0","1",",0","0",",0","0",",0","0",",0","6",",0","0","1,0","2","1,0","0","1,0","2","","19960502",",,0","19960531","+,,0","19960531","+,,0","2","","19960519",",,0","19960518",",1,0","-4.4",",0,02,","0",",,0,31,+","0",",,0,31,+","50.8",",,0,19,","27.8","1,0,18,","4736.6","0","280.6","1,0","67.9",",,,0","0",",,,0","9.08","1,0","14.23","1,,,0","3.93",",,,0"
"USC00478905","1996-06","45.3582","-86.891","209.1","WASHINGTON IS, WI US","12.5","0","12.5",",0","14",",0","11",",0","1",",0","0",",0","0",",0","0",",0","0",",0","0",",0","14",",0","0",",0","10","","19960605",",,0","19960630","+,,0","19960630","+,,0","1","","19960602",",,0","19960629",",,0","2.8",",0,05,","0",",,0,30,+","0",",,0,30,+","28.2",",,0,02,","31.7",",0,29,","4840.9","0","104.3",",0","92.8",",,,0","0",",,,0","15.27",",0","20.20",",,,0","10.34",",,,0"
"USC00478905","1996-07","45.3582","-86.891","209.1","WASHINGTON IS, WI US","31.5","0","19.0","2,0","12",",0","8",",0","0",",0","0",",0","0",",0","0",",0","0",",0","0","2,0","20","2,0","0","2,0","2","","19960721",",,0","19960731","+,,0","19960731","+,,0","2","","19960724",",,0","19960705",",2,0","7.2",",0,21,","0",",,0,31,+","0",",,0,31,+","17.8",",,0,24,","29.4","2,0,05,","31.0","0","31.0","2,0","92.2",",,,0","0",",,,0","17.94","2,0","22.56","2,,,0","13.31",",,,0"
"USC00478905","1996-08","45.3582","-86.891","209.1","WASHINGTON IS, WI US","77.5","0","46.0",",0","5",",0","4",",0","0",",0","0",",0","0",",0","0",",0","0",",0","0",",0","27",",0","0",",0","1","","19960828",",,0","19960831","+,,0","19960831","+,,0","","","19960814",",,0","19960812","+,,0","8.3",",0,28,","0",",,0,31,+","0",",,0,31,+","14.0",",,0,14,","27.8",",0,12,+","46.4","0","15.4",",0","40.7",",,,0","0",",,,0","19.32",",0","23.97",",,,0","14.67",",,,0"
"USC00478905","1996-09","45.3582","-86.891","209.1","WASHINGTON IS, WI US","103.9","0","26.4",",0","8",",0","6",",0","0",",0","0",",0","0",",0","0",",0","0",",0","0",",0","11",",0","0",",0","2","","19960925",",,0","19960930","+,,0","19960930","+,,0","2","","19960927",",,0","19960906",",,0","3.9",",0,25,","0",",,0,30,+","0",",,0,30,+","18.5",",,0,27,","27.2",",0,06,","150.0","0","103.6",",0","47.2",",,,0","0",",,,0","15.76",",0","19.44",",,,0","12.08",",,,0"
"USC00478905","1996-10","45.3582","-86.891","209.1","WASHINGTON IS, WI US","103.9","0","0.0",",0","6",",0","6",",0","2",",0","0",",0","0",",0","0",",0","7",",0","0",",0","1",",0","0",",0","4","","19961031","+,,0","19961031",",,0","19961031",",,0","1","","19961023",",,0","19961013",",,0","-3.3",",0,31,+","0",",T,0,31,","0",",T,0,31,","35.6",",,0,23,","22.2",",0,13,","457.4","0","307.4",",0","105.6",",,,0","0",",T,,0","8.42",",0","12.30",",,,0","4.54",",,,0"
"USC00478905","1996-11","45.3582","-86.891","209.1","WASHINGTON IS, WI US","103.9","0","0.0","1,0","4",",0","4",",0","0",",0","3","4,0","1",",0","0","1,0","22","1,0","11",",0","0",",0","0",",0","1","","19961126",",1,0","19961124","+,4,0","19961123",",,0","","","19961130",",,0","19961107",",,0","-7.8","1,0,26,","76","4,,0,24,+","76",",,0,23,","10.9",",,0,30,","11.1",",0,07,","984.2","0","526.8",",0","26.7",",,,0","76",",,,0","0.18","1,0","2.68",",,,0","-2.32","1,,,0"
"USC00478905","1996-12","45.3582","-86.891","209.1","WASHINGTON IS, WI US","103.9","0","0.0","1,0","12",",0","11",",0","0",",0","","","11",",0","1","1,0","29","1,0","15",",0","0",",0","0",",0","1","","19961227",",1,0","","","19961224",",,0","","","19961231",",,0","19961215",",,0","-20.6","1,0,27,","","","127",",,0,24,","13.2",",,0,31,","3.9",",0,15,","1638.3","0","654.1",",0","67.0",",,,0","583",",,,0","-3.49","1,0","-1.04",",,,0","-5.94","1,,,0"
"USC00478905","1997-01","45.3582","-86.891","209.1","WASHINGTON IS, WI US","0.0","0","0.0","2,0","11",",0","6",",0","1",",0","","","10",",0","7","2,0","29","2,0","23","1,0","0","1,0","0","1,0","3","","19970117",",2,0","","","19970127",",,0","","","19970104",",,0","19970122",",1,0","-22.8","2,0,17,","","","127",",,0,27,","36.6",",,0,04,","4.4","1,0,22,","2400.6","0","762.3","1,0","71.9",",,,0","559",",,,0","-7.95","2,0","-4.24","1,,,0","-11.67","2,,,0"
"USC00478905","1997-02","45.3582","-86.891","209.1","WASHINGTON IS, WI US","0.0","0","0.0",",0","5","1,0","3","1,0","0","1,0","","","3","1,0","4",",0","28",",0","18",",0","0",",0","0",",0","","","19970213",",,0","","","19970205","+,1,0","","","19970204",",1,0","19970219","+,,0","-22.8",",0,13,","","","102","1,,0,05,+","9.4","1,,0,04,","6.1",",0,19,+","3068.6","0","668.0",",0","21.5","1,,,0","268","1,,,0","-5.53",",0","-1.35",",,,0","-9.70",",,,0"
"USC00478905","1997-03","45.3582","-86.891","209.1","WASHINGTON IS, WI US","0.0","0","0.0",",0","8",",0","6",",0","0",",0","","","6",",0","2",",0","29",",0","10",",0","0",",0","0",",0","2","","19970316",",,0","","","19970314",",,0","","","19970314",",,0","19970327",",,0","-21.7",",0,16,","","","114",",,0,14,","10.9",",,0,14,","10.0",",0,27,","3713.9","0","645.3",",0","40.5",",,,0","446",",,,0","-2.48",",0","1.64",",,,0","-6.61",",,,0"
"USC00478905","1997-04","45.3582","-86.891","209.1","WASHINGTON IS, WI US","0.0","0","0.0",",0","3",",0","3",",0","0",",0","","","0",",0","0",",0","19",",0","1",",0","0",",0","0",",0","2","","19970408",",,0","","","19970417",",,0","1","","19970430",",,0","19970429",",,0","-10.0",",0,08,","","","20",",,0,17,","14.0",",,0,30,","20.0",",0,29,","4165.0","0","451.1",",0","20.4",",,,0","20",",,,0","3.30",",0","8.26",",,,0","-1.67",",,,0"
"USC00478905","1997-05","45.3582","-86.891","209.1","WASHINGTON IS, WI US","0.0","0","0.0",",0","9",",0","8",",0","0",",0","","","0","2,0","0",",0","4",",0","0",",0","0",",0","0",",0","3","","19970504",",,0","","","19970531","+,2,0","","","19970513","+,,0","19970508",",,0","-2.2",",0,04,","","","0","2,,0,31,+","19.1",",,0,13,+","18.9",",0,08,","4487.8","0","322.8",",0","86.7",",,,0","0","2,,,0","7.92",",0","12.81",",,,0","3.03",",,,0"
"USC00478905","1997-06","45.3582","-86.891","209.1","WASHINGTON IS, WI US","13.1","0","13.1","1,0","7",",0","3",",0","1",",0","0",",0","0",",0","0",",0","0",",0","0","1,0","19","1,0","0","1,0","2","","19970618","+,,0","19970630","+,,0","19970630","+,,0","1","","19970607",",,0","19970624","+,1,0","3.9",",0,18,+","0",",,0,30,+","0",",,0,30,+","48.3",",,0,07,","26.1","1,0,24,+","4551.4","0","63.6","1,0","73.5",",,,0","0",",,,0","16.60","1,0","21.86","1,,,0","11.35",",,,0"
"USC00478905","1997-07","45.3582","-86.891","209.1","WASHINGTON IS, WI US","54.8","0","41.7",",0","7",",0","5",",0","0",",0","0",",0","0",",0","0",",0","0",",0","0",",0","25",",0","0",",0","3","","19970707",",,0","19970731","+,,0","19970731","+,,0","","","19970708",",,0","19970717",",,0","6.7",",0,07,","0",",,0,31,+","0",",,0,31,+","16.5",",,0,08,","29.4",",0,17,","29.9","0","29.9",",0","55.6",",,,0","0",",,,0","18.71",",0","23.46",",,,0","13.96",",,,0"
"USC00478905","1997-08","45.3582","-86.891","209.1","WASHINGTON IS, WI US","83.6","0","28.8",",0","9",",0","8",",0","1",",0","0","1,0","0",",0","0",",0","0",",0","0",",0","17",",0","0",",0","","","19970818",",,0","19970831","+,1,0","19970831","+,,0","","","19970820",",,0","19970802",",,0","6.1",",0,18,","0","1,,0,31,+","0",",,0,31,+","30.0",",,0,20,","29.4",",0,02,","83.7","0","53.8",",0","99.5",",,,0","0",",,,0","17.53",",0","21.83",",,,0","13.22",",,,0"
"USC00478905","1997-09","45.3582","-86.891","209.1","WASHINGTON IS, WI US","89.1","0","5.5",",0","5",",0","4",",0","1",",0","0",",0","0",",0","0",",0","0",",0","0",",0","6",",0","0",",0","5","","19970924",",,0","19970930","+,,0","19970930","+,,0","2","","19970917",",,0","19970906",",,0","3.3",",0,24,","0",",,0,30,+","0",",,0,30,+","41.9",",,0,17,","23.3",",0,06,","178.8","0","95.1",",0","69.8",",,,0","0",",,,0","15.35",",0","18.97",",,,0","11.73",",,,0"
"USC00478905","1997-10","45.3582","-86.891","209.1","WASHINGTON IS, WI US","89.6","0","0.5",",0","5","1,0","3","1,0","0","1,0","0",",0","0","1,0","0",",0","6",",0","0",",0","2",",0","0",",0","4","","19971028",",,0","19971021",",,0","19971021",",1,0","1","","19971013",",1,0","19971004",",,0","-5.6",",0,28,","0",",T,0,21,","0","1,T,0,21,","24.4","1,,0,13,","23.3",",0,04,","477.8","0","299.0",",0","55.7","1,,,0","0","1,T,,0","8.70",",0","12.39",",,,0","5.02",",,,0"
"USC00478905","1997-11","45.3582","-86.891","209.1","WASHINGTON IS, WI US","89.6","0","0.0",",0","8",",0","5",",0","0",",0","","","1","1,0","0",",0","23",",0","1",",0","0",",0","0",",0","3","","19971124","+,,0","","","19971116",",1,0","","","19971101",",,0","19971102","+,,0","-6.7",",0,24,+","","","25","1,,0,16,","16.8",",,0,01,","11.7",",0,02,+","981.7","0","503.9",",0","38.5",",,,0","25","1,,,0","1.54",",0","4.68",",,,0","-1.60",",,,0"
"USC00478905","1997-12","45.3582","-86.891","209.1","WASHINGTON IS, WI US","89.6","0","0.0","1,0","2",",0","2",",0","0",",0","","","2",",0","0","1,0","25","1,0","4",",0","0",",0","0",",0","1","","19971231",",1,0","","","19971203",",,0","","","19971203",",,0","19971215",",,0","-11.7","1,0,31,","","","102",",,0,03,","12.2",",,0,03,","8.3",",0,15,","1542.7","0","561.0",",0","17.0",",,,0","153",",,,0","-0.36","1,0","1.91",",,,0","-2.63","1,,,0"
"USC00478905","1998-01","45.3582","-86.891","209.1","WASHINGTON IS, WI US","0.0","0","0.0","1,0","11",",0","8",",0","0",",0","","","10",",0","2",",0","31",",0","22","1,0","0","1,0","0","1,0","","","19980113",",,0","","","19980109",",,0","","","19980105",",,0","19980103",",1,0","-18.9",",0,13,","","","152",",,0,09,","14.0",",,0,05,","7.2","1,0,03,","2226.7","0","684.0","1,0","65.1",",,,0","648",",,,0","-4.53","1,0","-1.45","1,,,0","-7.62",",,,0"
"USC00478905","1998-02","45.3582","-86.891","209.1","WASHINGTON IS, WI US","0.0","0","0.0",",0","5",",0","5",",0","0",",0","","","1",",0","0",",0","20",",0","5",",0","0",",0","0",",0","4","","19980204",",,0","","","19980202",",,0","","","19980202",",,0","19980226",",,0","-13.9",",0,04,","","","76",",,0,02,","10.2",",,0,02,","8.3",",0,26,","2746.7","0","520.0",",0","32.6",",,,0","76",",,,0","-0.24",",0","2.58",",,,0","-3.05",",,,0"
"USC00478905","1998-03","45.3582","-86.891","209.1","WASHINGTON IS, WI US","0.0","0","0.0",",0","12",",0","8",",0","1",",0","","","7",",0","0",",0","23",",0","12",",0","0",",0","0",",0","2","","19980316",",,0","","","19980318",",,0","2","","19980331",",,0","19980328",",,0","-13.3",",0,16,","","","127",",,0,18,","31.8",",,0,31,","16.7",",0,28,","3333.9","0","587.2",",0","94.6",",,,0","367",",,,0","-0.61",",0","2.81",",,,0","-4.03",",,,0"
"USC00478905","1998-04","45.3582","-86.891","209.1","WASHINGTON IS, WI US","0.0","0","0.0","1,0","4",",0","4",",0","1",",0","","","0","1,0","0",",0","7",",0","0","1,0","0","1,0","0","1,0","1","","19980406",",,0","","","19980430","+,1,0","","","19980416",",,0","19980430","+,1,0","-4.4",",0,06,","","","0","1,,0,30,+","35.1",",,0,16,","17.8","1,0,30,+","3677.0","0","343.1","1,0","81.3",",,,0","0","1,,,0","6.51","1,0","11.42","1,,,0","1.60",",,,0"
"USC00478905","1998-05","45.3582","-86.891","209.1","WASHINGTON IS, WI US","8.3","0","8.3","2,0","5",",0","5",",0","0",",0","0",",0","0",",0","0",",0","0",",0","0","2,0","9","2,0","0","2,0","2","","19980530","+,,0","19980531","+,,0","19980531","+,,0","","","19980505",",,0","19980519",",2,0","3.3",",0,30,+","0",",,0,31,+","0",",,0,31,+","21.3",",,0,05,","29.4","2,0,19,","3797.5","0","120.5","2,0","40.3",",,,0","0",",,,0","14.44","2,0","20.05","2,,,0","8.82",",,,0"
"USC00478905","1998-06","45.3582","-86.891","209.1","WASHINGTON IS, WI US","35.2","0","26.9",",0","10",",0","8",",0","1",",0","0",",0","0",",0","0",",0","1",",0","0",",0","18",",0","0",",0","1","","19980605",",,0","19980630","+,,0","19980630","+,,0","6","","19980612",",,0","19980629","+,,0","-0.6",",0,05,","0",",,0,30,+","0",",,0,30,+","32.8",",,0,12,","27.8",",0,29,+","3878.4","0","80.9",",0","98.6",",,,0","0",",,,0","16.53",",0","21.16",",,,0","11.90",",,,0"
"USC00478905","1998-07","45.3582","-86.891","209.1","WASHINGTON IS, WI US","103.8","0","68.6","1,0","6",",0","4",",0","0",",0","0",",0","0",",0","0",",0","0",",0","0","1,0","28","1,0","0","1,0","","","19980705",",,0","19980731","+,,0","19980731","+,,0","","","19980706",",,0","19980721","+,1,0","9.4",",0,05,","0",",,0,31,+","0",",,0,31,+","19.1",",,0,06,","29.4","1,0,21,+","8.3","0","8.3","1,0","33.6",",,,0","0",",,,0","20.47","1,0","25.11","1,,,0","15.82",",,,0"
"USC00478905","1998-08","45.3582","-86.891","209.1","WASHINGTON IS, WI US","190.7","0","86.9",",0","9",",0","3",",0","1",",0","0",",0","0",",0","0",",0","0",",0","0",",0","30",",0","0",",0","1","","19980816","+,,0","19980831","+,,0","19980831","+,,0","","","19980823",",,0","19980820",",,0","9.4",",0,16,+","0",",,0,31,+","0",",,0,31,+","33.3",",,0,23,","28.9",",0,20,","17.0","0","8.7",",0","63.9",",,,0","0",",,,0","20.85",",0","25.44",",,,0","16.27",",,,0"
"USC00478905","1998-09","45.3582","-86.891","209.1","WASHINGTON IS, WI US","226.3","0","35.6",",0","8",",0","6",",0","1",",0","0",",0","0",",0","0",",0","0",",0","0",",0","24",",0","0",",0","","","19980923",",,0","19980930","+,,0","19980930","+,,0","1","","19980914",",,0","19980905",",,0","3.3",",0,23,","0",",,0,30,+","0",",,0,30,+","30.5",",,0,14,","29.4",",0,05,","60.3","0","43.3",",0","70.7",",,,0","0",",,,0","18.08",",0","22.97",",,,0","13.18",",,,0"
"USC00478905","1998-10","45.3582","-86.891","209.1","WASHINGTON IS, WI US","226.3","0","0.0",",0","6",",0","3",",0","1",",0","","","0",",0","0",",0","3",",0","0",",0","0",",0","0",",0","4","","19981017","+,,0","","","19981031","+,,0","","","19981006",",,0","19981023",",,0","-2.2",",0,17,+","","","0",",,0,31,+","26.9",",,0,06,","20.0",",0,23,","302.1","0","241.8",",0","42.2",",,,0","0",",,,0","10.53",",0","14.81",",,,0","6.25",",,,0"
"USC00478905","1998-11","45.3582","-86.891","209.1","WASHINGTON IS, WI US","226.3","0","0.0",",0","5",",0","5",",0","1",",0","0","5,0","0","1,0","0",",0","9",",0","0",",0","0",",0","0",",0","2","","19981127",",,0","19981104",",5,0","19981104",",1,0","","","19981110",",,0","19981130","+,,0","-4.4",",0,27,","0","5,T,0,04,","0","1,T,0,04,","38.6",",,0,10,","13.9",",0,30,+","709.2","0","407.1",",0","79.0",",,,0","0","1,T,,0","4.76",",0","8.00",",,,0","1.53",",,,0"
"USC00478905","1998-12","45.3582","-86.891","209.1","WASHINGTON IS, WI US","226.3","0","0.0",",0","4","1,0","4","1,0","0","1,0","","","4",",0","1",",0","20",",0","8",",0","0",",0","0",",0","1","","19981222",",,0","","","19981228","+,,0","","","19981205",",1,0","19981203",",,0","-17.8",",0,22,","","","51",",,0,28,+","9.9","1,,0,05,","13.9",",0,03,","1296.9","0","587.7",",0","26.9","1,,,0","178",",,,0","-0.63",",0","3.34",",,,0","-4.59",",,,0"
"USC00478905","1999-01","45.3582","-86.891","209.1","WASHINGTON IS, WI US","0.0","0","0.0",",0","13","1,0","12","1,0","0","1,0","","","12",",0","6",",0","31",",0","21",",0","0",",0","0",",0","","","19990113","+,,0","","","19990103",",,0","","","19990123",",1,0","19990130",",,0","-23.3",",0,13,+","","","254",",,0,03,","19.1","1,,0,23,","5.0",",0,30,","2110.5","0","813.6",",0","103.1","1,,,0","992",",,,0","-7.91",",0","-4.28",",,,0","-11.54",",,,0"
"USC00478905","1999-02","45.3582","-86.891","209.1","WASHINGTON IS, WI US","0.0","0","0.0",",0","6","1,0","4","1,0","0","1,0","","","2","3,0","0",",0","22",",0","10",",0","0",",0","0",",0","2","","19990222",",,0","","","19990217",",3,0","1","","19990227",",1,0","19990211",",,0","-15.6",",0,22,","","","102","3,,0,17,","7.6","1,,0,27,","9.4",",0,11,","2682.0","0","571.5",",0","26.0","1,,,0","140","3,,,0","-2.08",",0","1.56",",,,0","-5.71",",,,0"
"USC00478905","1999-03","45.3582","-86.891","209.1","WASHINGTON IS, WI US","0.0","0","0.0",",0","1",",0","0",",0","0",",0","","","1",",0","0",",0","26",",0","7",",0","0",",0","0",",0","","","19990307",",,0","","","19990308",",,0","","","19990308",",,0","19990330","+,,0","-12.2",",0,07,","","","25",",,0,08,","1.5",",,0,08,","13.3",",0,30,+","3251.2","0","569.2",",0","1.5",",,,0","38",",,,0","-0.03",",0","4.12",",,,0","-4.18",",,,0"
"USC00478905","1999-04","45.3582","-86.891","209.1","WASHINGTON IS, WI US","0.0","0","0.0",",0","7",",0","5",",0","0",",0","0","4,0","0","1,0","0",",0","7",",0","0",",0","1",",0","0",",0","2","","19990413",",,0","19990430","+,4,0","19990430","+,1,0","","","19990404",",,0","19990430",",,0","-4.4",",0,13,","0","4,,0,30,+","0","1,,0,30,+","16.5",",,0,04,","22.2",",0,30,","3605.2","0","354.0",",0","47.3",",,,0","0","1,,,0","6.53",",0","11.36",",,,0","1.70",",,,0"
"USC00478905","1999-05","45.3582","-86.891","209.1","WASHINGTON IS, WI US","0.0","0","0.0",",0","10",",0","9",",0","0",",0","0",",0","0",",0","0",",0","1",",0","0",",0","5",",0","0",",0","1","","19990509",",,0","19990531","+,,0","19990531","+,,0","1","","19990506",",,0","19990527",",,0","0.0",",0,09,","0",",,0,31,+","0",",,0,31,+","17.0",",,0,06,","25.6",",0,27,","3791.8","0","186.6",",0","90.6",",,,0","0",",,,0","12.31",",0","17.19",",,,0","7.44",",,,0"
"USC00478905","1999-06","45.3582","-86.891","209.1","WASHINGTON IS, WI US","20.5","0","20.5",",0","10",",0","8",",0","1",",0","0",",0","0",",0","0",",0","0",",0","0",",0","17",",0","0",",0","","","19990617",",,0","19990630","+,,0","19990630","+,,0","4","","19990609",",,0","19990627",",,0","2.8",",0,17,","0",",,0,30,+","0",",,0,30,+","32.8",",,0,09,","28.3",",0,27,","3860.5","0","68.7",",0","87.6",",,,0","0",",,,0","16.73",",0","21.31",",,,0","12.14",",,,0"
"USC00478905","1999-07","45.3582","-86.891","209.1","WASHINGTON IS, WI US","123.8","0","103.3",",0","13",",0","12",",0","1",",0","0",",0","0",",0","0",",0","0",",0","0",",0","30",",0","0",",0","1","","19990711",",,0","19990731","+,,0","19990731","+,,0","6","","19990709",",,0","19990724","+,,0","9.4",",0,11,","0",",,0,31,+","0",",,0,31,+","28.4",",,0,09,","31.7",",0,24,+","5.0","0","5.0",",0","184.3",",,,0","0",",,,0","21.50",",0","26.00",",,,0","17.01",",,,0"
"USC00478905","1999-08","45.3582","-86.891","209.1","WASHINGTON IS, WI US","166.8","0","43.0",",0","9",",0","7",",0","1",",0","0",",0","0",",0","0",",0","0",",0","0",",0","28",",0","0",",0","","","19990809",",,0","19990831","+,,0","19990831","+,,0","","","19990813",",,0","19990827",",,0","7.8",",0,09,","0",",,0,31,+","0",",,0,31,+","25.4",",,0,13,","29.4",",0,27,","21.6","0","16.6",",0","81.4",",,,0","0",",,,0","19.18",",0","23.59",",,,0","14.78",",,,0"
"USC00478905","1999-09","45.3582","-86.891","209.1","WASHINGTON IS, WI US","185.1","0","18.3",",0","6",",0","5",",0","0",",0","0",",0","0",",0","0",",0","0",",0","0",",0","10",",0","0",",0","","","19990930",",,0","19990930","+,,0","19990930","+,,0","1","","19990927",",,0","19990904",",,0","2.8",",0,30,","0",",,0,30,+","0",",,0,30,+","18.0",",,0,27,","25.6",",0,04,","112.6","0","91.0",",0","47.1",",,,0","0",",,,0","15.91",",0","19.96",",,,0","11.86",",,,0"
"USC00478905","1999-10","45.3582","-86.891","209.1","WASHINGTON IS, WI US","185.1","0","0.0","1,0","7",",0","5",",0","0",",0","0",",0","0",",0","0",",0","5",",0","0","1,0","0","1,0","0","1,0","","","19991028",",,0","19991021",",,0","19991021",",,0","","","19991007",",,0","19991011","+,1,0","-2.8",",0,28,","0",",T,0,21,","0",",T,0,21,","7.6",",,0,07,","16.7","1,0,11,+","394.0","0","281.4","1,0","25.1",",,,0","0",",T,,0","8.92","1,0","12.92","1,,,0","4.92",",,,0"
"USC00478905","1999-11","45.3582","-86.891","209.1","WASHINGTON IS, WI US","185.1","0","0.0",",0","1",",0","1",",0","0",",0","0",",0","0",",0","0",",0","7",",0","0",",0","1",",0","0",",0","","","19991117",",,0","19991130","+,,0","19991130","+,,0","","","19991123",",,0","19991109",",,0","-4.4",",0,17,","0",",,0,30,+","0",",,0,30,+","17.8",",,0,23,","21.7",",0,09,","761.3","0","367.3",",0","17.8",",,,0","0",",,,0","6.09",",0","9.89",",,,0","2.29",",,,0"
"USC00478905","1999-12","45.3582","-86.891","209.1","WASHINGTON IS, WI US","185.1","0","0.0","1,0","6",",0","5",",0","0",",0","","","0","2,0","0","1,0","26","1,0","9",",0","0",",0","0",",0","","","19991221",",1,0","","","19991231","+,2,0","","","19991209",",,0","19991203",",,0","-16.7","1,0,21,","","","0","2,,0,31,+","6.4",",,0,09,","10.0",",0,03,","1376.8","0","615.5",",0","24.7",",,,0","0","2,,,0","-2.09","1,0","1.56",",,,0","-5.74","1,,,0"
"USC00478905","2000-01","45.3582","-86.891","209.1","WASHINGTON IS, WI US","0.0","0","0.0",",0","8",",0","6",",0","0",",0","","","6","1,0","6",",0","30",",0","23",",0","0",",0","0",",0","","","20000122",",,0","","","20000117","+,1,0","","","20000102",",,0","20000110","+,,0","-22.2",",0,22,","","","76","1,,0,17,+","11.9",",,0,02,","3.3",",0,10,+","2143.7","0","766.9",",0","45.1",",,,0","304","1,,,0","-6.40",",0","-2.36",",,,0","-10.45",",,,0"
"USC00478905","2000-02","45.3582","-86.891","209.1","WASHINGTON IS, WI US","0.0","0","0.0","1,0","9",",0","6",",0","0",",0","","","6",",0","2",",0","23",",0","15","1,0","0","1,0","0","1,0","3","","20000217",",,0","","","20000203",",,0","","","20000203",",,0","20000227","+,1,0","-22.8",",0,17,","","","102",",,0,03,","8.6",",,0,03,","8.3","1,0,27,+","2760.1","0","616.4","1,0","32.2",",,,0","343",",,,0","-3.64","1,0","0.52","1,,,0","-7.80",",,,0"
"USC00478905","2000-03","45.3582","-86.891","209.1","WASHINGTON IS, WI US","0.0","0","0.0",",0","5","1,0","4","1,0","1","1,0","","","0","1,0","0",",0","17",",0","2",",0","0",",0","0",",0","","","20000312","+,,0","","","20000313",",1,0","1","","20000320",",1,0","20000307",",,0","-11.7",",0,12,+","","","0","1,T,0,13,","28.2","1,,0,20,","18.3",",0,07,","3240.6","0","480.5",",0","42.1","1,,,0","0","1,T,,0","2.83",",0","7.64",",,,0","-1.97",",,,0"
"USC00478905","2000-04","45.3582","-86.891","209.1","WASHINGTON IS, WI US","0.0","0","0.0",",0","6",",0","6",",0","0",",0","1",",0","1","1,0","0",",0","13",",0","0",",0","0",",0","0",",0","","","20000412",",,0","20000411",",,0","20000411",",1,0","","","20000420",",,0","20000423",",,0","-7.2",",0,12,","25",",,0,11,","51","1,,0,11,","22.1",",,0,20,","18.3",",0,23,","3640.7","0","400.1",",0","61.1",",,,0","51","1,,,0","5.00",",0","9.84",",,,0","0.15",",,,0"
"USC00478905","2000-05","45.3582","-86.891","209.1","WASHINGTON IS, WI US","0.0","0","0.0",",0","7",",0","6",",0","1",",0","0",",0","0",",0","0",",0","1",",0","0",",0","1",",0","0",",0","3","","20000520",",,0","20000531","+,,0","20000531","+,,0","1","","20000522",",,0","20000507",",,0","-0.6",",0,20,","0",",,0,31,+","0",",,0,31,+","25.7",",,0,22,","21.1",",0,07,","3860.1","0","219.4",",0","66.6",",,,0","0",",,,0","11.26",",0","15.52",",,,0","7.00",",,,0"
"USC00478905","2000-06","45.3582","-86.891","209.1","WASHINGTON IS, WI US","3.1","0","3.1",",0","9",",0","7",",0","1",",0","0",",0","0",",0","0",",0","0",",0","0",",0","14",",0","0",",0","4","","20000604",",,0","20000630","+,,0","20000630","+,,0","","","20000616",",,0","20000608",",,0","2.8",",0,04,","0",",,0,30,+","0",",,0,30,+","30.0",",,0,16,","26.7",",0,08,","3935.1","0","75.0",",0","81.9",",,,0","0",",,,0","15.94",",0","20.54",",,,0","11.33",",,,0"
"USC00478905","2000-07","45.3582","-86.891","209.1","WASHINGTON IS, WI US","47.1","0","44.0",",0","7",",0","6",",0","2",",0","0",",0","0",",0","0",",0","0",",0","0",",0","26",",0","0",",0","","","20000719",",,0","20000731","+,,0","20000731","+,,0","1","","20000727",",,0","20000701",",,0","3.9",",0,19,","0",",,0,31,+","0",",,0,31,+","40.4",",,0,27,","27.2",",0,01,","27.6","0","27.6",",0","101.2",",,,0","0",",,,0","18.86",",0","23.15",",,,0","14.57",",,,0"
"USC00478905","2000-08","45.3582","-86.891","209.1","WASHINGTON IS, WI US","74.8","0","27.7","2,0","8","1,0","6","1,0","0","1,0","0",",0","0",",0","0","1,0","0","1,0","0","2,0","23","2,0","0","2,0","2","","20000820",",1,0","20000831","+,,0","20000831","+,,0","","","20000815",",1,0","20000813",",2,0","7.8","1,0,20,","0",",,0,31,+","0",",,0,31,+","14.0","1,,0,15,","26.7","2,0,13,","51.9","0","24.3","2,0","52.3","1,,,0","0",",,,0","18.51","2,0","22.47","2,,,0","14.55","1,,,0"
"USC00478905","2000-09","45.3582","-86.891","209.1","WASHINGTON IS, WI US","80.4","0","5.6","1,0","9",",0","9",",0","2",",0","0",",0","0",",0","0","1,0","2","1,0","0",",0","5",",0","0",",0","","","20000929","+,1,0","20000930","+,,0","20000930","+,,0","","","20000901",",,0","20000911",",,0","-0.6","1,0,29,+","0",",,0,30,+","0",",,0,30,+","39.4",",,0,01,","24.4",",0,11,","191.0","0","139.1",",0","148.1",",,,0","0",",,,0","13.74","1,0","17.69",",,,0","9.79","1,,,0"
"USC00478905","2000-10","45.3582","-86.891","209.1","WASHINGTON IS, WI US","80.4","0","0.0","2,0","5",",0","5",",0","0",",0","0",",0","0",",0","0","2,0","4","2,0","0",",0","0",",0","0",",0","","","20001029",",2,0","20001031","+,,0","20001031","+,,0","","","20001023",",,0","20001015",",,0","-1.1","2,0,29,","0",",,0,31,+","0",",,0,31,+","8.4",",,0,23,","19.4",",0,15,","465.9","0","274.9",",0","24.4",",,,0","0",",,,0","8.97","2,0","12.64",",,,0","5.29","2,,,0"
"USC00478905","2000-11","45.3582","-86.891","209.1","WASHINGTON IS, WI US","80.4","0","0.0",",0","8",",0","7",",0","0",",0","","","2",",0","0",",0","12",",0","6",",0","0",",0","0",",0","","","20001123",",,0","","","20001120","+,,0","","","20001114","+,,0","20001103",",,0","-7.8",",0,23,","","","51",",,0,20,+","14.0",",,0,14,+","16.7",",0,03,","930.5","0","464.6",",0","64.9",",,,0","105",",,,0","2.85",",0","5.52",",,,0","0.17",",,,0"
"USC00478905","2000-12","45.3582","-86.891","209.1","WASHINGTON IS, WI US","80.4","0","0.0",",0","11",",0","7",",0","0",",0","","","10",",0","2",",0","31",",0","25",",0","0",",0","0",",0","","","20001229",",,0","","","20001221",",,0","","","20001221",",,0","20001217","+,,0","-21.1",",0,29,","","","127",",,0,21,","7.6",",,0,21,","1.7",",0,17,+","1736.8","0","806.3",",0","37.9",",,,0","455",",,,0","-7.68",",0","-4.51",",,,0","-10.84",",,,0"
"USC00478905","2001-01","45.3582","-86.891","209.1","WASHINGTON IS, WI US","0.0","0","0.0","2,0","6",",0","3",",0","0",",0","","","4",",0","0","2,0","29","2,0","21","1,0","0","1,0","0","1,0","","","20010121","+,2,0","","","20010127",",,0","","","20010131",",,0","20010113","+,1,0","-15.6","2,0,21,+","","","76",",,0,27,","24.4",",,0,31,","3.3","1,0,13,+","2433.8","0","697.0","1,0","36.2",",,,0","177",",,,0","-5.61","2,0","-2.08","1,,,0","-9.14","2,,,0"
"USC00478905","2001-02","45.3582","-86.891","209.1","WASHINGTON IS, WI US","0.0","0","0.0","2,0","7",",0","4",",0","0",",0","","","6",",0","2","2,0","26","2,0","25",",0","0",",0","0",",0","","","20010212","+,2,0","","","20010208",",,0","","","20010225","+,,0","20010225",",,0","-18.3","2,0,12,+","","","127",",,0,08,","15.2",",,0,25,+","4.4",",0,25,","3114.4","0","680.6",",0","48.7",",,,0","278",",,,0","-7.64","2,0","-2.72",",,,0","-12.57","2,,,0"
"USC00478905","2001-03","45.3582","-86.891","209.1","WASHINGTON IS, WI US","0.0","0","0.0","1,0","1","1,0","0","1,0","0","1,0","","","1","1,0","0","1,0","30","1,0","10","1,0","0","1,0","0","1,0","","","20010301",",1,0","","","20010324",",1,0","","","20010324",",1,0","20010322",",1,0","-14.4","1,0,01,","","","38","1,,0,24,","1.3","1,,0,24,","8.3","1,0,22,","3734.9","0","620.5","1,0","1.3","1,,,0","38","1,,,0","-2.35","1,0","1.48","1,,,0","-6.19","1,,,0"
"USC00478905","2001-04","45.3582","-86.891","209.1","WASHINGTON IS, WI US","0.0","0","0.0","3,0","","","","","","","4","5,0","0","1,0","0","3,0","8","3,0","0","3,0","0","3,0","0","3,0","","","20010404",",3,0","20010401",",5,0","20010417",",1,0","","","","","20010423",",3,0","-4.4","3,0,04,","127","5,,0,01,","0","1,T,0,17,","","","18.9","3,0,23,","4070.3","0","335.4","3,0","","","0","1,T,,0","5.91","3,0","10.55","3,,,0","1.27","3,,,0"
"USC00478905","2001-05","45.3582","-86.891","209.1","WASHINGTON IS, WI US","0.0","0","0.0",",0","14",",0","11",",0","1",",0","0",",0","0",",0","0",",0","0",",0","0",",0","1",",0","0",",0","","","20010531",",,0","20010531","+,,0","20010531","+,,0","","","20010515",",,0","20010519",",,0","1.7",",0,31,","0",",,0,31,+","0",",,0,31,+","35.1",",,0,15,","21.7",",0,19,","4294.1","0","223.8",",0","125.4",",,,0","0",",,,0","11.11",",0","15.77",",,,0","6.46",",,,0"
"USC00478905","2001-06","45.3582","-86.891","209.1","WASHINGTON IS, WI US","10.6","0","10.6","1,0","10",",0","10",",0","0",",0","0",",0","0",",0","0",",0","0",",0","0","1,0","9","1,0","0","1,0","","","20010602",",,0","20010630","+,,0","20010630","+,,0","","","20010603",",,0","20010630",",1,0","5.0",",0,02,","0",",,0,30,+","0",",,0,30,+","14.7",",,0,03,","27.8","1,0,30,","4397.0","0","102.9","1,0","92.7",",,,0","0",",,,0","15.16","1,0","19.22","1,,,0","11.10",",,,0"
"USC00478905","2001-07","45.3582","-86.891","209.1","WASHINGTON IS, WI US","61.3","0","50.7",",0","5",",0","3",",0","0",",0","0",",0","0",",0","0",",0","0",",0","0",",0","23",",0","0",",0","","","20010702",",,0","20010731","+,,0","20010731","+,,0","","","20010720",",,0","20010723",",,0","6.1",",0,02,","0",",,0,31,+","0",",,0,31,+","12.7",",,0,20,","28.9",",0,23,","30.2","0","30.2",",0","26.6",",,,0","0",",,,0","18.99",",0","23.52",",,,0","14.47",",,,0"
"USC00478905","2001-08","45.3582","-86.891","209.1","WASHINGTON IS, WI US","150.5","0","89.2","1,0","6",",0","3",",0","1",",0","0",",0","0",",0","0","1,0","0","1,0","0",",0","30",",0","1",",0","","","20010814",",1,0","20010831","+,,0","20010831","+,,0","","","20010826",",,0","20010808",",,0","9.4","1,0,14,","0",",,0,31,+","0",",,0,31,+","46.7",",,0,26,","32.8",",0,08,","33.8","0","3.6",",0","79.6",",,,0","0",",,,0","21.16","1,0","25.05",",,,0","17.26","1,,,0"
"USC00478905","2001-09","45.3582","-86.891","209.1","WASHINGTON IS, WI US","151.9","0","1.4","2,0","7",",0","6",",0","1",",0","0",",0","0",",0","0","2,0","0","2,0","0",",0","7",",0","0",",0","","","20010929",",2,0","20010930","+,,0","20010930","+,,0","","","20010920",",,0","20010904",",,0","4.4","2,0,29,","0",",,0,30,+","0",",,0,30,+","35.6",",,0,20,","25.6",",0,04,","154.9","0","121.1",",0","113.5",",,,0","0",",,,0","14.06","2,0","17.58",",,,0","10.54","2,,,0"
"USC00478905","2001-10","45.3582","-86.891","209.1","WASHINGTON IS, WI US","151.9","0","0.0",",0","7",",0","6",",0","1",",0","0",",0","0",",0","0",",0","1",",0","0",",0","0",",0","0",",0","","","20011028",",,0","20011031","+,,0","20011031","+,,0","","","20011014",",,0","20011012",",,0","-1.7",",0,28,","0",",,0,31,+","0",",,0,31,+","25.4",",,0,14,","19.4",",0,12,","447.8","0","292.9",",0","69.6",",,,0","0",",,,0","8.89",",0","12.35",",,,0","5.43",",,,0"
"USC00478905","2001-11","45.3582","-86.891","209.1","WASHINGTON IS, WI US","151.9","0","0.0","2,0","10","1,0","6","1,0","1","1,0","1","2,0","0",",0","0","2,0","9","2,0","0",",0","0",",0","0",",0","","","20011112","+,2,0","20011128",",2,0","20011128",",,0","","","20011124",",1,0","20011116",",,0","-2.8","2,0,12,+","25","2,,0,28,","8",",,0,28,","26.9","1,,0,24,","16.7",",0,16,","792.8","0","345.0",",0","90.4","1,,,0","8",",,,0","6.10","2,0","9.50",",,,0","2.70","2,,,0"
"USC00478905","2001-12","45.3582","-86.891","209.1","WASHINGTON IS, WI US","151.9","0","0.0","3,0","2","1,0","2","1,0","0","1,0","0",",0","0",",0","0","3,0","22","3,0","8","1,0","0","1,0","0","1,0","","","20011231",",3,0","20011224",",,0","20011224",",,0","","","20011213",",1,0","20011206",",1,0","-8.9","3,0,31,","0",",T,0,24,","0",",T,0,24,","11.9","1,,0,13,","14.4","1,0,06,","1303.2","0","510.4","1,0","15.2","1,,,0","0",",T,,0","0.22","3,0","3.35","1,,,0","-2.90","3,,,0"
"USC00478905","2002-01","45.3582","-86.891","209.1","WASHINGTON IS, WI US","0.0","0","0.0","1,0","4",",0","4",",0","0",",0","","","6",",0","0","1,0","29","1,0","17",",0","0",",0","0",",0","","","20020120","+,1,0","","","20020114",",,0","","","20020114",",,0","20020110",",,0","-13.3","1,0,20,+","","","76",",,0,14,","9.7",",,0,14,","9.4",",0,10,","1931.6","0","628.4",",0","18.3",",,,0","227",",,,0","-2.52","1,0","0.44",",,,0","-5.48","1,,,0"
"USC00478905","2002-02","45.3582","-86.891","209.1","WASHINGTON IS, WI US","0.0","0","0.0","2,0","2",",0","2",",0","1",",0","","","2","2,0","0","2,0","23","2,0","11",",0","0",",0","0",",0","","","20020212","+,2,0","","","20020201",",2,0","","","20020201",",,0","20020215",",,0","-11.7","2,0,12,+","","","305","2,,0,01,","36.8",",,0,01,","5.6",",0,15,","2472.2","0","540.6",",0","40.1",",,,0","330","2,,,0","-2.41","2,0","1.17",",,,0","-5.98","2,,,0"
"USC00478905","2002-03","45.3582","-86.891","209.1","WASHINGTON IS, WI US","0.0","0","0.0","1,0","","","","","","","","","","","2","1,0","30","1,0","14",",0","0",",0","0",",0","","","20020304",",1,0","","","","","","","","","20020329",",,0","-18.3","1,0,04,","","","","","","","9.4",",0,29,","3125.3","0","653.1",",0","118.1","2,a,,0","","","-3.52","1,0","0.67",",,,0","-7.72","1,,,0"
"USC00478905","2002-04","45.3582","-86.891","209.1","WASHINGTON IS, WI US","0.0","0","0.0","1,0","8",",0","8",",0","2",",0","","","3",",0","0","1,0","14","1,0","0","1,0","1","1,0","0","1,0","","","20020423","+,1,0","","","20020427","+,,0","","","20020425",",,0","20020418",",1,0","-4.4","1,0,23,+","","","51",",,0,27,+","43.4",",,0,25,","24.4","1,0,18,","3524.2","0","398.9","1,0","109.2",",,,0","127",",,,0","4.58","1,0","8.48","1,,,0","0.68","1,,,0"
"USC00478905","2002-05","45.3582","-86.891","209.1","WASHINGTON IS, WI US","0.0","0","0.0","1,0","12","1,0","10","1,0","0","1,0","0",",0","0",",0","0","1,0","4","1,0","0","1,0","3","1,0","0","1,0","","","20020519",",1,0","20020531","+,,0","20020531","+,,0","","","20020512","+,1,0","20020529",",1,0","-3.3","1,0,19,","0",",,0,31,+","0",",,0,31,+","16.5","1,,0,12,+","23.9","1,0,29,","3833.5","0","309.3","1,0","100.1","1,,,0","0",",,,0","8.02","1,0","12.47","1,,,0","3.57","1,,,0"
"USC00478905","2002-06","45.3582","-86.891","209.1","WASHINGTON IS, WI US","17.0","0","17.0","5,0","8","2,0","6","2,0","0","2,0","0",",0","0",",0","0","5,0","0","5,0","0","5,0","12","5,0","0","5,0","","","20020606","+,5,0","20020630","+,,0","20020630","+,,0","","","20020615",",2,0","20020627",",5,0","6.1","5,0,06,+","0",",,0,30,+","0",",,0,30,+","24.6","2,,0,15,","28.3","5,0,27,","3904.8","0","71.3","5,0","69.5","2,,,0","0",",,,0","16.16","5,0","20.58","5,,,0","11.74","5,,,0"
"USC00478905","2002-07","45.3582","-86.891","209.1","WASHINGTON IS, WI US","112.7","0","95.7","2,0","8","1,0","8","1,0","0","1,0","0",",0","0",",0","0","2,0","0","2,0","0",",0","30",",0","0",",0","","","20020725","+,2,0","20020731","+,,0","20020731","+,,0","","","20020704",",1,0","20020703",",,0","11.1","2,0,25,+","0",",,0,31,+","0",",,0,31,+","12.2","1,,0,04,","31.1",",0,03,","6.6","0","6.6",",0","72.1","1,,,0","0",",,,0","21.43","2,0","25.75",",,,0","17.10","2,,,0"
"USC00478905","2002-08","45.3582","-86.891","209.1","WASHINGTON IS, WI US","156.9","0","44.2","1,0","6",",0","5",",0","1",",0","0",",0","0",",0","0","1,0","0","1,0","0",",0","25",",0","0",",0","5","","20020820",",1,0","20020831","+,,0","20020831","+,,0","1","","20020822",",,0","20020812",",,0","10.0","1,0,20,","0",",,0,31,+","0",",,0,31,+","52.3",",,0,22,","30.6",",0,12,","17.2","0","10.6",",0","108.4",",,,0","0",",,,0","19.44","1,0","23.26",",,,0","15.63","1,,,0"
"USC00478905","2002-09","45.3582","-86.891","209.1","WASHINGTON IS, WI US","183.6","0","26.7","1,0","11",",0","6",",0","0",",0","0",",0","0",",0","0","1,0","0","1,0","0",",0","15",",0","0",",0","2","","20020928","+,1,0","20020930","+,,0","20020930","+,,0","3","","20020915",",,0","20020910",",,0","6.7","1,0,28,+","0",",,0,30,+","0",",,0,30,+","24.6",",,0,15,","28.3",",0,10,","80.1","0","62.9",",0","57.3",",,,0","0",",,,0","16.95","1,0","20.51",",,,0","13.39","1,,,0"
"USC00478905","2002-10","45.3582","-86.891","209.1","WASHINGTON IS, WI US","","","","","11","4,0","10","4,0","2","4,0","","","0","1,0","","","","","","","","","","","","","","","","","20021031","+,1,0","","","20021005",",4,0","","","","","","","0","1,,0,31,+","36.8","4,,0,05,","","","","","","","119.7","4,,,0","0","1,,,0","","","","","",""
"USC00478905","2002-11","45.3582","-86.891","209.1","WASHINGTON IS, WI US","","","0.0",",0","5","1,0","3","1,0","0","1,0","0",",0","0",",0","0",",0","24",",0","4",",0","0",",0","0",",0","1","","20021126",",,0","20021130","+,,0","20021130","+,,0","","","20021111",",1,0","20021110","+,,0","-10.6",",0,26,","0",",T,0,30,+","0",",T,0,30,+","13.0","1,,0,11,","11.7",",0,10,+","","","518.4",",0","25.5","1,,,0","0",",T,,0","1.05",",0","4.22",",,,0","-2.11",",,,0"
"USC00478905","2002-12","45.3582","-86.891","209.1","WASHINGTON IS, WI US","","","0.0",",0","4",",0","2",",0","0",",0","","","0",",0","0",",0","29",",0","17",",0","0",",0","0",",0","3","","20021209",",,0","","","20021220","+,,0","","","20021219",",,0","20021219",",,0","-10.0",",0,09,","","","0",",T,0,20,+","8.9",",,0,19,","7.2",",0,19,","","","656.6",",0","16.1",",,,0","0",",T,,0","-2.85",",0","-0.34",",,,0","-5.35",",,,0"
"USC00478905","2003-01","45.3582","-86.891","209.1","WASHINGTON IS, WI US","0.0","0","0.0",",0","5",",0","2",",0","0",",0","","","2",",0","7",",0","31",",0","26",",0","0",",0","0",",0","","","20030127",",,0","","","20030128",",,0","","","20030131",",,0","20030109",",,0","-21.1",",0,27,","","","76",",,0,28,","3.0",",,0,31,","7.8",",0,09,","","","845.2",",0","9.6",",,,0","127",",,,0","-8.93",",0","-5.51",",,,0","-12.35",",,,0"
"USC00478905","2003-02","45.3582","-86.891","209.1","WASHINGTON IS, WI US","","","","","5",",0","3",",0","0",",0","28",",0","4",",0","12",",0","28",",0","","","","","","","","","20030214","+,,0","20030204",",,0","20030204",",,0","","","20030204",",,0","","","-23.3",",0,14,+","381",",,0,04,","127",",,0,04,","13.5",",,0,04,","","","","","","","30.1",",,,0","330",",,,0","","","","","-15.34",",,,0"
"USC00478905","2003-03","45.3582","-86.891","209.1","WASHINGTON IS, WI US","","","0.0",",0","9",",0","8",",0","0",",0","20",",0","4",",0","7",",0","27",",0","12",",0","0",",0","0",",0","7","","20030303",",,0","20030309",",,0","20030304",",,0","","","20030328",",,0","20030326","+,,0","-22.8",",0,03,","457",",,0,09,","152",",,0,04,","20.3",",,0,28,","11.7",",0,26,+","","","687.1",",0","80.9",",,,0","329",",,,0","-3.83",",0","0.65",",,,0","-8.31",",,,0"
"USC00478905","2003-04","45.3582","-86.891","209.1","WASHINGTON IS, WI US","","","0.0","1,0","8",",0","6",",0","1",",0","7",",0","2",",0","0","1,0","20","1,0","6",",0","0",",0","0",",0","1","","20030406",",1,0","20030405",",,0","20030405",",,0","2","","20030416",",,0","20030416",",,0","-11.1","1,0,06,","254",",,0,05,","229",",,0,05,","33.0",",,0,16,","16.7",",0,16,","","","459.1",",0","95.0",",,,0","254",",,,0","2.38","1,0","6.46",",,,0","-1.70","1,,,0"
"USC00478905","2003-05","45.3582","-86.891","209.1","WASHINGTON IS, WI US","","","0.0",",0","7",",0","5",",0","0",",0","0",",0","0",",0","0",",0","1",",0","0",",0","2",",0","0",",0","5","","20030503",",,0","20030531","+,,0","20030531","+,,0","","","20030506",",,0","20030528",",,0","-2.2",",0,03,","0",",,0,31,+","0",",,0,31,+","20.1",",,0,06,","24.4",",0,28,","","","246.9",",0","49.5",",,,0","0",",,,0","10.37",",0","15.38",",,,0","5.36",",,,0"
"USC00478905","2003-06","45.3582","-86.891","209.1","WASHINGTON IS, WI US","","","4.4",",0","10",",0","5",",0","1",",0","0",",0","0",",0","0",",0","0",",0","0",",0","14",",0","0",",0","1","","20030601",",,0","20030630","+,,0","20030630","+,,0","1","","20030611",",,0","20030624",",,0","2.8",",0,01,","0",",,0,30,+","0",",,0,30,+","28.7",",,0,11,","25.6",",0,24,","","","102.9",",0","67.5",",,,0","0",",,,0","15.05",",0","20.00",",,,0","10.10",",,,0"
"USC00478905","2003-07","45.3582","-86.891","209.1","WASHINGTON IS, WI US","","","47.8",",0","7",",0","5",",0","0",",0","0",",0","0",",0","0",",0","0",",0","0",",0","27",",0","0",",0","1","","20030716",",,0","20030731","+,,0","20030731","+,,0","3","","20030711",",,0","20030706","+,,0","9.4",",0,16,","0",",,0,31,+","0",",,0,31,+","13.0",",,0,11,","29.4",",0,06,+","18.3","0","18.3",",0","37.1",",,,0","0",",,,0","19.28",",0","24.26",",,,0","14.31",",,,0"
"USC00478905","2003-08","45.3582","-86.891","209.1","WASHINGTON IS, WI US","","","77.2",",0","6",",0","4",",0","0",",0","0",",0","0",",0","0",",0","0",",0","0",",0","30",",0","0",",0","2","","20030830",",,0","20030831","+,,0","20030831","+,,0","6","","20030801",",,0","20030822",",,0","9.4",",0,30,","0",",,0,31,+","0",",,0,31,+","19.1",",,0,01,","30.6",",0,22,","24.1","0","5.8",",0","54.7",",,,0","0",",,,0","20.64",",0","25.28",",,,0","15.99",",,,0"
"USC00478905","2003-09","45.3582","-86.891","209.1","WASHINGTON IS, WI US","","","","","7","4,0","2","4,0","0","4,0","","","0","4,0","","","","","","","","","","","","","","","","","20030930","+,4,0","","","20030927",",4,0","","","","","","","0","4,,0,30,+","17.3","4,,0,27,","","","","","","","82.4",",a,,0","0","4,,,0","","","","","",""
"USC00478905","2003-10","45.3582","-86.891","209.1","WASHINGTON IS, WI US","","","0.0",",0","9",",0","6",",0","0",",0","0",",0","0",",0","0",",0","0",",0","0",",0","1",",0","0",",0","","","20031028","+,,0","20031031","+,,0","20031031","+,,0","","","20031029","+,,0","20031009",",,0","0.6",",0,28,+","0",",,0,31,+","0",",,0,31,+","7.6",",,0,29,+","21.7",",0,09,","","","318.3",",0","38.8",",,,0","0",",,,0","8.06",",0","11.38",",,,0","4.75",",,,0"
"USC00478905","2003-11","45.3582","-86.891","209.1","WASHINGTON IS, WI US","","","0.0",",0","9",",0","6",",0","0",",0","0",",0","0","1,0","0",",0","17",",0","3",",0","0",",0","0",",0","1","","20031125",",,0","20031130","+,,0","20031130","+,1,0","1","","20031104",",,0","20031121",",,0","-7.8",",0,25,","0",",,0,30,+","0","1,,0,30,+","22.6",",,0,04,","10.0",",0,21,","","","488.6",",0","68.3",",,,0","0","1,,,0","2.05",",0","4.65",",,,0","-0.55",",,,0"
"USC00478905","2003-12","45.3582","-86.891","209.1","WASHINGTON IS, WI US","","","0.0","1,0","7",",0","5",",0","0",",0","5","3,0","2",",0","0","1,0","27","1,0","10","1,0","0","1,0","0","1,0","","","20031215","+,1,0","20031224","+,3,0","20031223","+,,0","","","20031210",",,0","20031228",",1,0","-9.4","1,0,15,+","25","3,,0,24,+","25",",,0,23,+","13.0",",,0,10,","6.1","1,0,28,","","","589.9","1,0","46.4",",,,0","50",",,,0","-1.33","1,0","1.28","1,,,0","-3.94","1,,,0"
"USC00478905","2004-01","45.3582","-86.891","209.1","WASHINGTON IS, WI US","0.0","0","0.0",",0","10",",0","5",",0","0",",0","21",",0","9","1,0","10",",0","31",",0","28",",0","0",",0","0",",0","","","20040130",",,0","20040127",",,0","20040127",",1,0","","","20040103",",,0","20040104","+,,0","-24.4",",0,30,","356",",,0,27,","127","1,,0,27,","5.8",",,0,03,","2.8",",0,04,+","","","890.2",",0","27.7",",,,0","481","1,,,0","-10.38",",0","-6.80",",,,0","-13.96",",,,0"
"USC00478905","2004-02","45.3582","-86.891","209.1","WASHINGTON IS, WI US","0.0","0","0.0","2,0","9",",0","7",",0","0",",0","29",",0","8",",0","5","1,0","28","1,0","16","2,0","0","2,0","0","2,0","5","","20040204",",1,0","20040223",",,0","20040206",",,0","","","20040220",",,0","20040229",",2,0","-21.7","1,0,04,","584",",,0,23,","191",",,0,06,","15.5",",,0,20,","3.9","2,0,29,","","","662.3","2,0","58.7",",,,0","674",",,,0","-6.24","2,0","-1.70","2,,,0","-10.77","1,,,0"
"USC00478905","2004-03","45.3582","-86.891","209.1","WASHINGTON IS, WI US","","","","","9","4,0","7","4,0","0","4,0","24","1,0","4","4,0","","","","","","","","","","","6","","","","20040314",",1,0","20040305",",4,0","1","","20040326","+,4,0","","","","","508","1,,0,14,","127","4,,0,05,","19.3","4,,0,26,+","","","","","","","103.3",",a,,0","304","4,,,0","","","","","",""
"USC00478905","2004-04","45.3582","-86.891","209.1","WASHINGTON IS, WI US","","","0.0",",0","12",",0","10",",0","0",",0","0",",0","0",",0","0",",0","16",",0","0",",0","1",",0","0",",0","2","","20040406","+,,0","20040427","+,,0","20040427","+,,0","3","","20040418",",,0","20040429",",,0","-7.2",",0,06,+","0",",T,0,27,+","0",",T,0,27,+","15.2",",,0,18,","22.2",",0,29,","","","421.9",",0","70.5",",,,0","0",",T,,0","4.27",",0","8.95",",,,0","-0.42",",,,0"
"USC00478905","2004-05","45.3582","-86.891","209.1","WASHINGTON IS, WI US","","","","","11","5,0","8","5,0","0","5,0","0",",0","0",",0","","","","","","","","","","","5","","","","20040531","+,,0","20040531","+,,0","","","20040531",",5,0","","","","","0",",,0,31,+","0",",,0,31,+","13.0","5,,0,31,","","","","","","","113.6",",a,,0","0",",,,0","","","","","",""
"USC00478905","2004-06","45.3582","-86.891","209.1","WASHINGTON IS, WI US","","","0.8",",0","9",",0","7",",0","1",",0","0",",0","0",",0","0",",0","0",",0","0",",0","8",",0","0",",0","4","","20040604",",,0","20040630","+,,0","20040630","+,,0","3","","20040601",",,0","20040617",",,0","5.6",",0,04,","0",",,0,30,+","0",",,0,30,+","33.5",",,0,01,","25.0",",0,17,","","","120.5",",0","83.7",",,,0","0",",,,0","14.35",",0","19.06",",,,0","9.63",",,,0"
"USC00478905","2004-07","45.3582","-86.891","209.1","WASHINGTON IS, WI US","","","31.7",",0","11",",0","7",",0","1",",0","0",",0","0",",0","0",",0","0",",0","0",",0","22",",0","0",",0","","","20040709","+,,0","20040731","+,,0","20040731","+,,0","1","","20040714",",,0","20040701",",,0","9.4",",0,09,+","0",",,0,31,+","0",",,0,31,+","39.1",",,0,14,","28.3",",0,01,","43.2","0","43.2",",0","79.9",",,,0","0",",,,0","17.96",",0","22.33",",,,0","13.59",",,,0"
"USC00478905","2004-08","45.3582","-86.891","209.1","WASHINGTON IS, WI US","","","13.6",",0","10",",0","7",",0","1",",0","0",",0","0",",0","0",",0","0",",0","0",",0","16",",0","0",",0","","","20040821",",,0","20040831","+,,0","20040831","+,,0","4","","20040825",",,0","20040802",",,0","7.2",",0,21,","0",",,0,31,+","0",",,0,31,+","37.6",",,0,25,","26.1",",0,02,","105.6","0","62.4",",0","101.6",",,,0","0",",,,0","16.76",",0","20.79",",,,0","12.73",",,,0"
"USC00478905","2004-09","45.3582","-86.891","209.1","WASHINGTON IS, WI US","","","12.6",",0","6",",0","5",",0","0",",0","0",",0","0",",0","0",",0","0",",0","0",",0","14",",0","0",",0","3","","20040930",",,0","20040930","+,,0","20040930","+,,0","2","","20040907",",,0","20040904",",,0","4.4",",0,30,","0",",,0,30,+","0",",,0,30,+","16.5",",,0,07,","25.6",",0,04,","162.2","0","56.6",",0","49.6",",,,0","0",",,,0","16.87",",0","20.63",",,,0","13.10",",,,0"
"USC00478905","2004-10","45.3582","-86.891","209.1","WASHINGTON IS, WI US","","","","","11","4,0","9","4,0","1","4,0","","","0","4,0","","","","","","","","","","","2","","","","","","20041031","+,4,0","","","20041024",",4,0","","","","","","","0","4,,0,31,+","31.8","4,,0,24,","","","","","","","113.2",",a,,0","0","4,,,0","","","","","",""
"USC00478905","2004-11","45.3582","-86.891","209.1","WASHINGTON IS, WI US","","","0.0",",0","9",",0","6",",0","0",",0","0",",0","0",",0","0",",0","13",",0","0",",0","0",",0","0",",0","3","","20041129","+,,0","20041126",",,0","20041126",",,0","","","20041120",",,0","20041107",",,0","-3.3",",0,29,+","0",",T,0,26,","0",",T,0,26,","18.5",",,0,20,","12.2",",0,07,","","","425.1",",0","76.2",",,,0","0",",T,,0","4.16",",0","7.21",",,,0","1.11",",,,0"
"USC00478905","2004-12","45.3582","-86.891","209.1","WASHINGTON IS, WI US","","","","","9","5,0","5","5,0","0","5,0","17","4,0","3",",0","","","","","","","","","","","","","","","20041226",",4,0","20041226",",,0","","","20041231",",5,0","","","","","381","4,,0,26,","152",",,0,26,","15.0","5,,0,31,","","","","","","","56.3",",a,,0","533",",a,,0","","","","","",""
"USC00478905","2005-01","45.3582","-86.891","209.1","WASHINGTON IS, WI US","0.0","0","0.0",",0","8",",0","3",",0","0",",0","26",",0","4",",0","6",",0","31",",0","26",",0","0",",0","0",",0","1","","20050116",",,0","20050123","+,,0","20050122",",,0","","","20050122",",,0","20050102","+,,0","-21.1",",0,16,","229",",,0,23,+","127",",,0,22,","5.3",",,0,22,","7.8",",0,02,+","","","821.1",",0","19.9",",,,0","297",",,,0","-8.15",",0","-4.64",",,,0","-11.67",",,,0"
"USC00478905","2005-02","45.3582","-86.891","209.1","WASHINGTON IS, WI US","0.0","0","0.0",",0","7",",0","4",",0","0",",0","28",",0","4",",0","0",",0","27",",0","16",",0","0",",0","0",",0","","","20050226","+,,0","20050222","+,,0","20050221",",,0","","","20050221",",,0","20050206","+,,0","-13.3",",0,26,+","203",",,0,22,+","102",",,0,21,","8.9",",,0,21,","4.4",",0,06,+","","","616.8",",0","27.8",",,,0","296",",,,0","-3.69",",0","-0.54",",,,0","-6.85",",,,0"
"USC00478905","2005-03","45.3582","-86.891","209.1","WASHINGTON IS, WI US","0.0","0","0.0",",0","10",",0","5",",0","0",",0","29",",0","5",",0","1",",0","28",",0","16",",0","0",",0","0",",0","","","20050303",",,0","20050321","+,,0","20050317",",,0","","","20050320",",,0","20050331",",,0","-18.3",",0,03,","229",",,0,21,+","127",",,0,17,","4.6",",,0,20,","12.2",",0,31,","","","684.2",",0","21.1",",,,0","377",",,,0","-3.74",",0","0.77",",,,0","-8.25",",,,0"
"USC00478905","2005-04","45.3582","-86.891","209.1","WASHINGTON IS, WI US","0.0","0","0.0",",0","7",",0","4",",0","0",",0","0",",0","0",",0","0",",0","13",",0","0",",0","1",",0","0",",0","","","20050403",",,0","20050426",",,0","20050426",",,0","","","20050420",",,0","20050420",",,0","-2.8",",0,03,","0",",T,0,26,","0",",T,0,26,","15.2",",,0,20,","23.3",",0,20,","","","365.0",",0","36.0",",,,0","0",",T,,0","6.17",",0","11.20",",,,0","1.13",",,,0"
"USC00478905","2005-05","45.3582","-86.891","209.1","WASHINGTON IS, WI US","0.0","0","0.0","2,0","13",",0","9",",0","0",",0","0","5,0","0","1,0","0","2,0","2","2,0","0","1,0","1","1,0","0","1,0","","","20050504",",2,0","20050531","+,5,0","20050502",",1,0","","","20050514",",,0","20050511",",1,0","-1.1","2,0,04,","0","5,,0,31,+","0","1,T,0,02,","13.0",",,0,14,","21.7","1,0,11,","","","254.4","1,0","56.6",",,,0","0","1,T,,0","9.66","2,0","14.27","1,,,0","5.06","2,,,0"
"USC00478905","2005-06","45.3582","-86.891","209.1","WASHINGTON IS, WI US","28.6","0","28.6",",0","8",",0","4",",0","0",",0","0",",0","0",",0","0",",0","0",",0","0",",0","24",",0","0",",0","","","20050619",",,0","20050630","+,,0","20050630","+,,0","","","20050608",",,0","20050625",",,0","9.4",",0,19,","0",",,0,30,+","0",",,0,30,+","21.1",",,0,08,","30.0",",0,25,","","","22.5",",0","48.8",",,,0","0",",,,0","18.54",",0","22.85",",,,0","14.22",",,,0"
"USC00478905","2005-07","45.3582","-86.891","209.1","WASHINGTON IS, WI US","123.8","0","95.2",",0","5",",0","3",",0","1",",0","0",",0","0",",0","0",",0","0",",0","0",",0","29",",0","1",",0","","","20050702",",,0","20050731","+,,0","20050731","+,,0","","","20050729",",,0","20050714",",,0","8.9",",0,02,","0",",,0,31,+","0",",,0,31,+","28.4",",,0,29,","32.8",",0,14,","11.1","0","11.1",",0","63.0",",,,0","0",",,,0","21.05",",0","25.85",",,,0","16.24",",,,0"
"USC00478905","2005-08","45.3582","-86.891","209.1","WASHINGTON IS, WI US","208.9","0","85.1",",0","8",",0","6",",0","0",",0","0",",0","0",",0","0",",0","0",",0","0",",0","28",",0","0",",0","","","20050824",",,0","20050831","+,,0","20050831","+,,0","","","20050819",",,0","20050803",",,0","12.2",",0,24,","0",",,0,31,+","0",",,0,31,+","14.2",",,0,19,","30.6",",0,03,","16.6","0","5.5",",0","52.9",",,,0","0",",,,0","20.90",",0","24.76",",,,0","17.04",",,,0"
"USC00478905","2005-09","45.3582","-86.891","209.1","WASHINGTON IS, WI US","236.0","0","27.1",",0","9",",0","5",",0","0",",0","0",",0","0",",0","0",",0","0",",0","0",",0","17",",0","0",",0","","","20050930","+,,0","20050930","+,,0","20050930","+,,0","","","20050929",",,0","20050913",",,0","7.2",",0,30,+","0",",,0,30,+","0",",,0,30,+","24.1",",,0,29,","27.2",",0,13,","64.3","0","47.7",",0","72.6",",,,0","0",",,,0","17.65",",0","21.64",",,,0","13.65",",,,0"
"USC00478905","2005-10","45.3582","-86.891","209.1","WASHINGTON IS, WI US","236.0","0","0.0",",0","14",",0","6",",0","0",",0","0",",0","0",",0","0",",0","0",",0","0",",0","0",",0","0",",0","","","20051021",",,0","20051031","+,,0","20051031","+,,0","","","20051023",",,0","20051005","+,,0","1.7",",0,21,","0",",,0,31,+","0",",,0,31,+","10.4",",,0,23,","20.6",",0,05,+","314.3","0","250.0",",0","39.0",",,,0","0",",,,0","10.27",",0","13.26",",,,0","7.27",",,,0"
"USC00478905","2005-11","45.3582","-86.891","209.1","WASHINGTON IS, WI US","236.0","0","0.0","4,0","16",",0","8",",0","2",",0","5","4,0","3",",0","0","3,0","12","3,0","4","4,0","0","4,0","0","4,0","","","20051124",",3,0","20051118",",4,0","20051118",",,0","","","20051116",",,0","20051103",",4,0","-13.9","3,0,24,","127","4,,0,18,","76",",,0,18,","41.4",",,0,16,","13.9","4,0,03,","723.5","0","409.2","4,0","120.0",",,,0","199",",,,0","2.64","4,0","6.15","4,,,0","-0.86","3,,,0"
"USC00478905","2005-12","45.3582","-86.891","209.1","WASHINGTON IS, WI US","236.0","0","0.0",",0","11",",0","5",",0","0",",0","29","2,0","4","1,0","0",",0","31",",0","22",",0","0",",0","0",",0","","","20051207","+,,0","20051220","+,2,0","20051215",",1,0","","","20051231",",,0","20051227","+,,0","-13.3",",0,07,+","229","2,,0,20,+","140","1,,0,15,","9.1",",,0,31,","1.1",",0,27,+","1444.9","0","721.4",",0","31.0",",,,0","375","1,,,0","-4.94",",0","-2.83",",,,0","-7.05",",,,0"
"USC00478905","2006-01","45.3582","-86.891","209.1","WASHINGTON IS, WI US","0.0","0","0.0",",0","12",",0","3",",0","1",",0","29",",0","5",",0","0",",0","29",",0","16",",0","0",",0","0",",0","","","20060119",",,0","20060101",",,0","20060130",",,0","","","20060129",",,0","20060129","+,,0","-8.9",",0,19,","203",",,0,01,","64",",,0,30,","38.1",",,0,29,","4.4",",0,29,+","2071.9","0","627.0",",0","64.5",",,,0","219",",,,0","-1.89",",0","0.64",",,,0","-4.42",",,,0"
"USC00478905","2006-02","45.3582","-86.891","209.1","WASHINGTON IS, WI US","0.0","0","0.0",",0","7",",0","4",",0","0",",0","23",",0","3",",0","3",",0","28",",0","23",",0","0",",0","0",",0","","","20060219","+,,0","20060226","+,,0","20060217",",,0","","","20060204",",,0","20060204",",,0","-23.9",",0,19,+","178",",,0,26,+","140",",,0,17,","8.4",",,0,04,","3.9",",0,04,","2774.5","0","702.6",",0","21.5",",,,0","318",",,,0","-6.76",",0","-3.28",",,,0","-10.24",",,,0"
"USC00478905","2006-03","45.3582","-86.891","209.1","WASHINGTON IS, WI US","0.0","0","0.0",",0","9",",0","3",",0","0",",0","10",",0","0",",0","0",",0","26",",0","8",",0","0",",0","0",",0","2","","20060301",",,0","20060306","+,,0","20060306",",,0","","","20060312",",,0","20060331",",,0","-12.2",",0,01,","127",",,0,06,+","18",",,0,06,","7.9",",,0,12,","13.3",",0,31,","3350.7","0","576.2",",0","21.7",",,,0","31",",,,0","-0.25",",0","3.44",",,,0","-3.95",",,,0"
"USC00478905","2006-04","45.3582","-86.891","209.1","WASHINGTON IS, WI US","0.0","0","0.0","1,0","10",",0","4",",0","0",",0","0",",0","0",",0","0","1,0","8","1,0","0","1,0","1","1,0","0","1,0","","","20060409","+,1,0","20060430","+,,0","20060430","+,,0","","","20060423",",,0","20060415",",1,0","-3.3","1,0,09,+","0",",,0,30,+","0",",,0,30,+","21.8",",,0,23,","21.7","1,0,15,","3672.6","0","321.9","1,0","38.1",",,,0","0",",,,0","7.23","1,0","12.13","1,,,0","2.34","1,,,0"
"USC00478905","2006-05","45.3582","-86.891","209.1","WASHINGTON IS, WI US","0.5","0","0.5","1,0","17",",0","9",",0","2",",0","0",",0","0",",0","0","1,0","2","1,0","0","1,0","4","1,0","0","1,0","","","20060506",",1,0","20060531","+,,0","20060531","+,,0","","","20060512",",,0","20060530",",1,0","-1.7","1,0,06,","0",",,0,31,+","0",",,0,31,+","35.6",",,0,12,","23.9","1,0,30,","3898.3","0","225.7","1,0","120.0",",,,0","0",",,,0","10.83","1,0","15.02","1,,,0","6.63","1,,,0"
"USC00478905","2006-06","45.3582","-86.891","209.1","WASHINGTON IS, WI US","7.8","0","7.3",",0","6",",0","3",",0","0",",0","0",",0","0",",0","0",",0","0",",0","0",",0","19",",0","0",",0","","","20060611",",,0","20060630","+,,0","20060630","+,,0","","","20060607",",,0","20060630","+,,0","5.6",",0,11,","0",",,0,30,+","0",",,0,30,+","21.6",",,0,07,","25.6",",0,30,+","3956.8","0","58.5",",0","39.5",",,,0","0",",,,0","16.63",",0","21.65",",,,0","11.60",",,,0"
"USC00478905","2006-07","45.3582","-86.891","209.1","WASHINGTON IS, WI US","107.7","0","99.9",",0","9",",0","5",",0","0",",0","0",",0","0",",0","0",",0","0",",0","0",",0","31",",0","1",",0","","","20060705",",,0","20060731","+,,0","20060731","+,,0","","","20060726",",,0","20060716",",,0","8.9",",0,05,","0",",,0,31,+","0",",,0,31,+","22.1",",,0,26,","33.3",",0,16,","7.8","0","7.8",",0","44.0",",,,0","0",",,,0","21.30",",0","26.22",",,,0","16.38",",,,0"
"USC00478905","2006-08","45.3582","-86.891","209.1","WASHINGTON IS, WI US","157.8","0","50.1","1,0","","","","","","","0",",0","0",",0","0","1,0","0","1,0","0","1,0","27","1,0","0","1,0","","","20060813","+,1,0","20060831","+,,0","20060831","+,,0","","","","","20060801",",1,0","12.2","1,0,13,+","0",",,0,31,+","0",",,0,31,+","","","30.6","1,0,01,","15.1","0","7.3","1,0","93.0",",a,,0","0",",,,0","19.76","1,0","23.84","1,,,0","15.68","1,,,0"
"USC00478905","2006-09","45.3582","-86.891","209.1","WASHINGTON IS, WI US","162.5","0","4.7","3,0","10","4,0","7","4,0","0","4,0","0",",0","0",",0","0","3,0","0","3,0","0","2,0","9","2,0","0","2,0","","","20060929",",3,0","20060930","+,,0","20060930","+,,0","","","20060924",",4,0","20060908",",2,0","3.3","3,0,29,","0",",,0,30,+","0",",,0,30,+","23.9","4,,0,24,","25.0","2,0,08,","129.6","0","114.5","2,0","86.6",",a,,0","0",",,,0","14.15","3,0","18.08","2,,,0","10.22","3,,,0"
"USC00478905","2006-10","45.3582","-86.891","209.1","WASHINGTON IS, WI US","162.5","0","0.0",",0","12",",0","9",",0","1",",0","0",",0","0",",0","0",",0","5",",0","0",",0","0",",0","0",",0","","","20061026","+,,0","20061031","+,,0","20061024",",,0","","","20061004",",,0","20061003",",,0","-2.8",",0,26,+","0",",,0,31,+","0",",T,0,24,","26.4",",,0,04,","20.6",",0,03,","487.4","0","357.8",",0","81.4",",,,0","0",",T,,0","6.79",",0","10.12",",,,0","3.47",",,,0"
"USC00478905","2006-11","45.3582","-86.891","209.1","WASHINGTON IS, WI US","162.5","0","0.0",",0","13",",0","8",",0","0",",0","0",",0","0",",0","0",",0","10",",0","0",",0","0",",0","0",",0","","","20061130",",,0","20061111",",,0","20061111",",,0","","","20061127",",,0","20061109",",,0","-6.1",",0,30,","0",",T,0,11,","0",",T,0,11,","16.0",",,0,27,","10.6",",0,09,","935.5","0","448.1",",0","59.2",",,,0","0",",T,,0","3.40",",0","5.89",",,,0","0.91",",,,0"
"USC00478905","2006-12","45.3582","-86.891","209.1","WASHINGTON IS, WI US","162.5","0","0.0","1,0","11",",0","4",",0","0",",0","","","1",",0","0","1,0","26","1,0","10","1,0","0","1,0","0","1,0","","","20061208",",1,0","","","20061202",",,0","","","20061223",",,0","20061213",",1,0","-11.7","1,0,08,","","","64",",,0,02,","20.6",",,0,23,","6.7","1,0,13,","1524.2","0","588.7","1,0","39.2",",,,0","117",",,,0","-1.29","1,0","1.12","1,,,0","-3.70","1,,,0"
"USC00478905","2007-01","45.3582","-86.891","209.1","WASHINGTON IS, WI US","0.0","0","0.0",",0","8",",0","3",",0","1",",0","17",",0","3",",0","0",",0","27",",0","21",",0","0",",0","0",",0","","","20070129",",,0","20070131","+,,0","20070115",",,0","","","20070115",",,0","20070106","+,,0","-15.6",",0,29,","127",",,0,31,+","76",",,0,15,","25.4",",,0,15,","6.1",",0,06,+","2231.0","0","706.8",",0","53.2",",,,0","170",",,,0","-4.47",",0","-1.64",",,,0","-7.30",",,,0"
"USC00478905","2007-02","45.3582","-86.891","209.1","WASHINGTON IS, WI US","0.0","0","0.0","1,0","4",",0","2",",0","0",",0","28",",0","2",",0","5","1,0","27","1,0","25",",0","0",",0","0",",0","","","20070205","+,1,0","20070227",",,0","20070226",",,0","","","20070226",",,0","20070222",",,0","-23.9","1,0,05,+","356",",,0,27,","305",",,0,26,","21.6",",,0,26,","4.4",",0,22,","2997.7","0","766.7",",0","26.9",",,,0","379",",,,0","-10.02","1,0","-6.59",",,,0","-13.46","1,,,0"
"USC00478905","2007-03","45.3582","-86.891","209.1","WASHINGTON IS, WI US","0.0","0","0.0",",0","8",",0","7",",0","0",",0","21",",0","3",",0","2",",0","20",",0","11",",0","0",",0","0",",0","","","20070307",",,0","20070303",",,0","20070302",",,0","","","20070302",",,0","20070327",",,0","-18.9",",0,07,","406",",,0,03,","127",",,0,02,","19.1",",,0,02,","20.6",",0,27,","3585.3","0","587.6",",0","56.5",",,,0","290",",,,0","-0.62",",0","3.82",",,,0","-5.06",",,,0"
"USC00478905","2007-04","45.3582","-86.891","209.1","WASHINGTON IS, WI US","0.0","0","0.0",",0","8",",0","4",",0","0",",0","4",",0","2",",0","0",",0","13",",0","6",",0","0",",0","0",",0","","","20070407",",,0","20070412",",,0","20070412",",,0","","","20070427",",,0","20070429",",,0","-7.8",",0,07,","102",",,0,12,","89",",,0,12,","16.5",",,0,27,","17.8",",0,29,","4011.8","0","426.5",",0","48.0",",,,0","114",",,,0","4.12",",0","8.15",",,,0","0.08",",,,0"
"USC00478905","2007-05","45.3582","-86.891","209.1","WASHINGTON IS, WI US","0.0","0","0.0",",0","9",",0","6",",0","0",",0","0",",0","0",",0","0",",0","0",",0","0",",0","3",",0","0",",0","","","20070520","+,,0","20070531","+,,0","20070531","+,,0","","","20070514",",,0","20070531",",,0","1.7",",0,20,+","0",",,0,31,+","0",",,0,31,+","8.6",",,0,14,","24.4",",0,31,","4229.3","0","217.5",",0","38.5",",,,0","0",",,,0","11.32",",0","16.25",",,,0","6.38",",,,0"
"USC00478905","2007-06","45.3582","-86.891","209.1","WASHINGTON IS, WI US","25.8","0","25.8",",0","","","","","","","0",",0","0",",0","0",",0","0",",0","0",",0","20",",0","0",",0","","","20070629",",,0","20070630","+,,0","20070630","+,,0","","","","","20070615",",,0","6.1",",0,29,","0",",,0,30,+","0",",,0,30,+","","","28.9",",0,15,","4290.2","0","60.9",",0","","","0",",,,0","17.17",",0","22.00",",,,0","12.33",",,,0"
"USC00478905","2007-07","45.3582","-86.891","209.1","WASHINGTON IS, WI US","66.8","0","41.0","5,0","8",",0","4",",0","0",",0","0","3,0","0","1,0","0","5,0","0","5,0","0","5,0","20","5,0","0","5,0","","","20070701",",5,0","20070731","+,3,0","20070731","+,1,0","","","20070713",",,0","20070731",",5,0","10.0","5,0,01,","0","3,,0,31,+","0","1,,0,31,+","11.4",",,0,13,","31.1","5,0,31,","21.1","0","21.1","5,0","29.7",",,,0","0","1,,,0","19.10","5,0","23.49","5,,,0","14.70","5,,,0"
"USC00478905","2007-08","45.3582","-86.891","209.1","WASHINGTON IS, WI US","154.9","0","88.1",",0","5",",0","3",",0","0",",0","0",",0","0",",0","0",",0","0",",0","0",",0","30",",0","0",",0","","","20070818",",,0","20070831","+,,0","20070831","+,,0","","","20070829",",,0","20070802","+,,0","8.9",",0,18,","0",",,0,31,+","0",",,0,31,+","19.6",",,0,29,","31.7",",0,02,+","29.2","0","8.1",",0","32.0",",,,0","0",",,,0","20.91",",0","25.40",",,,0","16.43",",,,0"
"USC00478905","2007-09","45.3582","-86.891","209.1","WASHINGTON IS, WI US","181.6","0","26.7",",0","9",",0","3",",0","1",",0","0",",0","0",",0","0",",0","0",",0","0",",0","15",",0","0",",0","","","20070916","+,,0","20070930","+,,0","20070930","+,,0","","","20070908",",,0","20070906",",,0","5.6",",0,16,+","0",",,0,30,+","0",",,0,30,+","35.8",",,0,08,","30.0",",0,06,","112.5","0","83.3",",0","55.1",",,,0","0",",,,0","16.45",",0","20.65",",,,0","12.24",",,,0"
"USC00478905","2007-10","45.3582","-86.891","209.1","WASHINGTON IS, WI US","185.8","0","4.2","2,0","13","3,0","7","3,0","0","3,0","0",",0","0",",0","0","2,0","0","2,0","0","2,0","4","2,0","0","2,0","","","20071025",",2,0","20071031","+,,0","20071031","+,,0","","","20071019",",3,0","20071008",",2,0","1.1","2,0,25,","0",",,0,31,+","0",",,0,31,+","16.3","3,,0,19,","24.4","2,0,08,","293.1","0","180.6","2,0","88.8",",a,,0","0",",,,0","12.25","2,0","15.62","2,,,0","8.87","2,,,0"
"USC00478905","2007-11","45.3582","-86.891","209.1","WASHINGTON IS, WI US","185.8","0","0.0","1,0","8","2,0","0","2,0","0","2,0","0",",0","0",",0","0","1,0","13","1,0","4","1,0","0","1,0","0","1,0","","","20071130","+,1,0","20071127","+,,0","20071125",",,0","","","20071120","+,2,0","20071101",",1,0","-10.0","1,0,30,+","0",",T,0,27,+","8",",,0,25,","2.0","2,,0,20,+","15.0","1,0,01,","747.0","0","453.9","1,0","10.2",",a,,0","18",",,,0","2.68","1,0","5.61","1,,,0","-0.24","1,,,0"
"USC00478905","2007-12","45.3582","-86.891","209.1","WASHINGTON IS, WI US","185.8","0","0.0",",0","10","1,0","4","1,0","0","1,0","27","2,0","4","1,0","1",",0","29",",0","21",",0","0",",0","0",",0","","","20071206",",,0","20071202",",2,0","20071202",",1,0","","","20071202",",1,0","20071224","+,,0","-17.8",",0,06,","229","2,,0,02,","218","1,,0,02,","17.8","1,,0,02,","7.2",",0,24,+","1439.9","0","692.9",",0","43.9","1,,,0","400","1,,,0","-4.02",",0","-0.69",",,,0","-7.35",",,,0"
"USC00478905","2008-01","45.3582","-86.891","209.1","WASHINGTON IS, WI US","0.0","0","0.0",",0","13",",0","9",",0","0",",0","","","6",",0","10",",0","27",",0","16",",0","0",",0","0",",0","1","","20080131",",,0","","","20080130",",,0","","","20080109",",,0","20080130","+,,0","-23.9",",0,31,","","","165",",,0,30,","19.1",",,0,09,","5.6",",0,30,+","2207.5","0","767.6",",0","84.7",",,,0","455",",,,0","-6.43",",0","-2.93",",,,0","-9.93",",,,0"
"USC00478905","2008-02","45.3582","-86.891","209.1","WASHINGTON IS, WI US","0.0","0","0.0",",0","9",",0","4",",0","0",",0","29",",0","6",",0","11",",0","29",",0","24",",0","0",",0","0",",0","","","20080211","+,,0","20080219","+,,0","20080218",",,0","","","20080218",",,0","20080226",",,0","-23.9",",0,11,+","432",",,0,19,+","229",",,0,18,","18.8",",,0,18,","4.4",",0,26,","3002.1","0","794.6",",0","40.0",",,,0","493",",,,0","-9.07",",0","-3.89",",,,0","-14.24",",,,0"
"USC00478905","2008-03","45.3582","-86.891","209.1","WASHINGTON IS, WI US","0.0","0","0.0","2,0","7","1,0","2","1,0","0","1,0","30","1,0","3","1,0","2","2,0","29","2,0","14","1,0","0","1,0","0","1,0","","","20080308",",2,0","20080302","+,1,0","20080313",",1,0","","","20080303",",1,0","20080315",",1,0","-18.3","2,0,08,","356","1,,0,02,+","64","1,,0,13,","24.9","1,,0,03,","7.8","1,0,15,","3640.4","0","638.3","1,0","35.9","1,,,0","163","1,,,0","-3.60","2,0","0.67","1,,,0","-7.88","2,,,0"
"USC00478905","2008-04","45.3582","-86.891","209.1","WASHINGTON IS, WI US","0.0","0","0.0",",0","11",",0","7",",0","1",",0","6",",0","1",",0","0",",0","14",",0","0",",0","0",",0","0",",0","","","20080402",",,0","20080412","+,,0","20080412",",,0","","","20080401",",,0","20080425",",,0","-5.0",",0,02,","51",",,0,12,+","46",",,0,12,","33.8",",,0,01,","18.9",",0,25,","4030.7","0","390.3",",0","118.7",",,,0","59",",,,0","5.32",",0","9.43",",,,0","1.22",",,,0"
"USC00478905","2008-05","45.3582","-86.891","209.1","WASHINGTON IS, WI US","0.0","0","0.0",",0","13",",0","7",",0","0",",0","0",",0","0",",0","0",",0","2",",0","0",",0","2",",0","0",",0","1","","20080528","+,,0","20080531","+,,0","20080531","+,,0","1","","20080526",",,0","20080527",",,0","0.0",",0,28,+","0",",,0,31,+","0",",,0,31,+","24.6",",,0,26,","23.9",",0,27,","4304.9","0","274.2",",0","92.7",",,,0","0",",,,0","9.49",",0","14.71",",,,0","4.27",",,,0"
"USC00478905","2008-06","45.3582","-86.891","209.1","WASHINGTON IS, WI US","3.9","0","3.9","2,0","12",",0","3",",0","0",",0","0",",0","0",",0","0","2,0","0","2,0","0","2,0","14","2,0","0","2,0","2","","20080611",",2,0","20080630","+,,0","20080630","+,,0","1","","20080609",",,0","20080627",",2,0","7.8","2,0,11,","0",",,0,30,+","0",",,0,30,+","12.7",",,0,09,","25.6","2,0,27,","4369.0","0","64.1","2,0","38.9",",,,0","0",",,,0","16.18","2,0","20.83","2,,,0","11.53","2,,,0"
"USC00478905","2008-07","45.3582","-86.891","209.1","WASHINGTON IS, WI US","61.7","0","57.8",",0","10",",0","5",",0","0",",0","0",",0","0",",0","0",",0","0",",0","0",",0","30",",0","0",",0","1","","20080704",",,0","20080731","+,,0","20080731","+,,0","5","","20080718",",,0","20080728","+,,0","11.1",",0,04,","0",",,0,31,+","0",",,0,31,+","21.3",",,0,18,","28.3",",0,28,+","5.0","0","5.0",",0","59.2",",,,0","0",",,,0","20.04",",0","24.73",",,,0","15.35",",,,0"
"USC00478905","2008-08","45.3582","-86.891","209.1","WASHINGTON IS, WI US","119.2","0","57.5",",0","5",",0","2",",0","0",",0","0",",0","0",",0","0",",0","0",",0","0",",0","29",",0","0",",0","3","","20080825",",,0","20080831","+,,0","20080831","+,,0","1","","20080807",",,0","20080818","+,,0","10.6",",0,25,","0",",,0,31,+","0",",,0,31,+","4.3",",,0,07,","28.9",",0,18,+","13.4","0","8.4",",0","12.2",",,,0","0",",,,0","19.92",",0","24.81",",,,0","15.03",",,,0"
"USC00478905","2008-09","45.3582","-86.891","209.1","WASHINGTON IS, WI US","130.9","0","11.7",",0","9",",0","3",",0","0",",0","0",",0","0",",0","0",",0","0",",0","0",",0","7",",0","0",",0","","","20080916",",,0","20080930","+,,0","20080930","+,,0","","","20080912",",,0","20080901",",,0","6.7",",0,16,","0",",,0,30,+","0",",,0,30,+","12.7",",,0,12,","27.8",",0,01,","98.6","0","85.2",",0","34.6",",,,0","0",",,,0","15.89",",0","19.52",",,,0","12.25",",,,0"
"USC00478905","2008-10","45.3582","-86.891","209.1","WASHINGTON IS, WI US","130.9","0","0.0",",0","9",",0","2",",0","0",",0","0",",0","0",",0","0",",0","2",",0","0",",0","0",",0","0",",0","","","20081022",",,0","20081031","+,,0","20081031","+,,0","","","20081008",",,0","20081014",",,0","-0.6",",0,22,","0",",,0,31,+","0",",,0,31,+","12.4",",,0,08,","20.0",",0,14,","394.2","0","295.6",",0","27.0",",,,0","0",",,,0","8.80",",0","12.14",",,,0","5.46",",,,0"
"USC00478905","2008-11","45.3582","-86.891","209.1","WASHINGTON IS, WI US","130.9","0","0.0",",0","9",",0","3",",0","0",",0","2",",0","0",",0","0",",0","20",",0","4",",0","0",",0","0",",0","1","","20081122",",,0","20081124","+,,0","20081124",",,0","","","20081114",",,0","20081107",",,0","-10.6",",0,22,","25",",,0,24,+","13",",,0,24,","10.4",",,0,14,","17.2",",0,07,","876.0","0","481.8",",0","29.7",",,,0","21",",,,0","2.27",",0","5.05",",,,0","-0.50",",,,0"
"USC00478905","2008-12","45.3582","-86.891","209.1","WASHINGTON IS, WI US","130.9","0","0.0",",0","23",",0","12",",0","0",",0","31",",0","12","1,0","2",",0","31",",0","25",",0","0",",0","0",",0","1","","20081217","+,,0","20081226",",,0","20081224",",1,0","","","20081228",",,0","20081228",",,0","-17.8",",0,17,+","330",",,0,26,","152","1,,0,24,","19.6",",,0,28,","6.7",",0,28,","1645.6","0","769.6",",0","77.0",",,,0","779","1,,,0","-6.49",",0","-3.03",",,,0","-9.96",",,,0"
"USC00478905","2009-01","45.3582","-86.891","209.1","WASHINGTON IS, WI US","0.0","0","0.0",",0","9",",0","5",",0","0",",0","31",",0","4",",0","10",",0","31",",0","31",",0","0",",0","0",",0","","","20090117","+,,0","20090119","+,,0","20090118",",,0","","","20090118",",,0","20090107","+,,0","-23.9",",0,17,+","305",",,0,19,+","152",",,0,18,","5.1",",,0,18,","-0.6",",0,07,+","2599.3","0","953.7",",0","20.5",",,,0","376",",,,0","-12.43",",0","-8.14",",,,0","-16.73",",,,0"
"USC00478905","2009-02","45.3582","-86.891","209.1","WASHINGTON IS, WI US","0.0","0","0.0",",0","10",",0","4",",0","0",",0","23",",0","3",",0","2",",0","28",",0","16",",0","0",",0","0",",0","","","20090205","+,,0","20090205","+,,0","20090218",",,0","","","20090218",",,0","20090211",",,0","-17.8",",0,05,+","229",",,0,05,+","127",",,0,18,","11.2",",,0,18,","8.9",",0,11,","3277.8","0","678.5",",0","33.2",",,,0","377",",,,0","-5.90",",0","-1.52",",,,0","-10.28",",,,0"
"USC00478905","2009-03","45.3582","-86.891","209.1","WASHINGTON IS, WI US","0.0","0","0.0",",0","7",",0","5",",0","0",",0","14",",0","4",",0","1",",0","26",",0","10",",0","0",",0","0",",0","","","20090303",",,0","20090304","+,,0","20090309",",,0","","","20090311",",,0","20090318",",,0","-18.3",",0,03,","178",",,0,04,+","76",",,0,09,","6.4",",,0,11,","11.1",",0,18,","3923.2","0","645.4",",0","25.8",",,,0","223",",,,0","-2.49",",0","1.56",",,,0","-6.53",",,,0"
"USC00478905","2009-04","45.3582","-86.891","209.1","WASHINGTON IS, WI US","0.0","0","0.0",",0","8",",0","6",",0","0",",0","0",",0","0",",0","0",",0","15",",0","0",",0","1",",0","0",",0","","","20090412",",,0","20090430","+,,0","20090430","+,,0","","","20090421",",,0","20090419",",,0","-5.6",",0,12,","0",",,0,30,+","0",",,0,30,+","23.9",",,0,21,","21.1",",0,19,","4338.6","0","415.4",",0","59.7",",,,0","0",",,,0","4.49",",0","8.73",",,,0","0.24",",,,0"
"USC00478905","2009-05","45.3582","-86.891","209.1","WASHINGTON IS, WI US","0.0","0","0.0",",0","12",",0","5",",0","1",",0","0",",0","0",",0","0",",0","0",",0","0",",0","1",",0","0",",0","1","","20090511",",,0","20090531","+,,0","20090531","+,,0","1","","20090528",",,0","20090522",",,0","0.6",",0,11,","0",",,0,31,+","0",",,0,31,+","32.5",",,0,28,","21.1",",0,22,","4600.8","0","262.2",",0","86.7",",,,0","0",",,,0","9.87",",0","14.85",",,,0","4.90",",,,0"
"USC00478905","2009-08","45.3582","-86.891","209.1","WASHINGTON IS, WI US","","","24.7",",0","15",",0","9",",0","1",",0","0",",0","0",",0","0",",0","0",",0","0",",0","19",",0","0",",0","3","","20090831",",,0","20090831","+,,0","20090831","+,,0","2","","20090815",",,0","20090810",",,0","5.0",",0,31,","0",",,0,31,+","0",",,0,31,+","141.5",",,0,15,","27.8",",0,10,","","","40.9",",0","212.6",",,,0","0",",,,0","17.81",",0","21.68",",,,0","13.94",",,,0"
"USC00478905","2009-09","45.3582","-86.891","209.1","WASHINGTON IS, WI US","","","8.6",",0","8",",0","3",",0","0",",0","0",",0","0",",0","0",",0","0",",0","0",",0","16",",0","0",",0","","","20090930",",,0","20090930","+,,0","20090930","+,,0","","","20090921",",,0","20090915",",,0","4.4",",0,30,","0",",,0,30,+","0",",,0,30,+","5.6",",,0,21,","27.2",",0,15,","","","65.1",",0","16.1",",,,0","0",",,,0","16.45",",0","21.13",",,,0","11.77",",,,0"
"USC00478905","2009-10","45.3582","-86.891","209.1","WASHINGTON IS, WI US","","","0.0",",0","22",",0","9",",0","4",",0","0",",0","0",",0","0",",0","2",",0","0",",0","0",",0","0",",0","2","","20091013","+,,0","20091013",",,0","20091013",",,0","","","20091003",",,0","20091006","+,,0","0.0",",0,13,+","0",",T,0,13,","10",",,0,13,","41.4",",,0,03,","13.3",",0,06,+","","","347.8",",0","190.1",",,,0","10",",,,0","7.11",",0","10.02",",,,0","4.21",",,,0"
"USC00478905","2009-11","45.3582","-86.891","209.1","WASHINGTON IS, WI US","","","0.0",",0","9",",0","4",",0","0",",0","0",",0","0",",0","0",",0","6",",0","0",",0","0",",0","0",",0","1","","20091129","+,,0","20091130","+,,0","20091130","+,,0","","","20091125",",,0","20091108",",,0","-1.1",",0,29,+","0",",,0,30,+","0",",,0,30,+","9.7",",,0,25,","17.8",",0,08,","","","379.0",",0","23.8",",,,0","0",",,,0","5.70",",0","8.65",",,,0","2.75",",,,0"
"USC00478905","2009-12","45.3582","-86.891","209.1","WASHINGTON IS, WI US","","","0.0",",0","14",",0","4",",0","0",",0","23",",0","6",",0","0",",0","29",",0","22",",0","0",",0","0",",0","","","20091212",",,0","20091215",",,0","20091215","+,,0","","","20091226",",,0","20091202",",,0","-15.6",",0,12,","305",",,0,15,","132",",,0,15,+","21.3",",,0,26,","6.1",",0,02,","","","694.5",",0","56.5",",,,0","574",",,,0","-4.07",",0","-1.21",",,,0","-6.93",",,,0"
"USC00478905","2010-01","45.3582","-86.891","209.1","WASHINGTON IS, WI US","0.0","0","0.0","1,0","6",",0","1",",0","0",",0","24",",0","0",",0","0","1,0","29","1,0","24","1,0","0","1,0","0","1,0","","","20100129",",1,0","20100105","+,,0","20100111",",,0","","","20100125",",,0","20100125",",1,0","-16.7","1,0,29,","152",",,0,05,+","23",",,0,11,","6.6",",,0,25,","4.4","1,0,25,","","","720.2","1,0","10.3",",,,0","44",",,,0","-5.68","1,0","-3.17","1,,,0","-8.18","1,,,0"
"USC00478905","2010-02","45.3582","-86.891","209.1","WASHINGTON IS, WI US","0.0","0","0.0",",0","9",",0","2",",0","0",",0","21",",0","2",",0","0",",0","28",",0","20",",0","0",",0","0",",0","","","20100201",",,0","20100217","+,,0","20100210",",,0","","","20100210",",,0","20100228","+,,0","-13.9",",0,01,","102",",,0,17,+","53",",,0,10,","3.6",",,0,10,","2.2",",0,28,+","","","645.6",",0","10.9",",,,0","153",",,,0","-4.73",",0","-1.54",",,,0","-7.91",",,,0"
"USC00478905","2010-03","45.3582","-86.891","209.1","WASHINGTON IS, WI US","0.0","0","0.0",",0","3",",0","2",",0","0",",0","6",",0","0",",0","0",",0","22",",0","1",",0","0",",0","0",",0","3","","20100327","+,,0","20100306","+,,0","20100301",",,0","","","20100312",",,0","20100316",",,0","-7.8",",0,27,+","25",",,0,06,+","5",",,0,01,","14.5",",,0,12,","15.6",",0,16,","","","496.0",",0","17.3",",,,0","5",",,,0","2.33",",0","6.64",",,,0","-1.97",",,,0"
"USC00478905","2010-04","45.3582","-86.891","209.1","WASHINGTON IS, WI US","0.0","0","0.0",",0","8",",0","4",",0","0",",0","2",",0","2",",0","0",",0","7",",0","0",",0","0",",0","0",",0","2","","20100409",",,0","20100409","+,,0","20100409",",,0","1","","20100407",",,0","20100416","+,,0","-4.4",",0,09,","51",",,0,09,+","69",",,0,09,","20.1",",,0,07,","16.7",",0,16,+","","","342.0",",0","42.7",",,,0","133",",,,0","6.93",",0","11.14",",,,0","2.72",",,,0"
"USC00478905","2010-05","45.3582","-86.891","209.1","WASHINGTON IS, WI US","5.8","0","5.8",",0","13",",0","6",",0","1",",0","0",",0","0",",0","0",",0","1",",0","0",",0","10",",0","0",",0","7","","20100510",",,0","20100531","+,,0","20100531","+,,0","2","","20100508",",,0","20100529",",,0","-0.6",",0,10,","0",",,0,31,+","0",",,0,31,+","29.7",",,0,08,","27.2",",0,29,","","","182.1",",0","63.5",",,,0","0",",,,0","12.65",",0","17.42",",,,0","7.87",",,,0"
"USC00478905","2010-06","45.3582","-86.891","209.1","WASHINGTON IS, WI US","18.9","0","13.1",",0","20",",0","11",",0","1",",0","0",",0","0",",0","0",",0","0",",0","0",",0","13",",0","0",",0","13","","20100607",",,0","20100630","+,,0","20100630","+,,0","6","","20100616",",,0","20100620",",,0","3.9",",0,07,","0",",,0,30,+","0",",,0,30,+","43.9",",,0,16,","25.6",",0,20,","","","75.4",",0","161.0",",,,0","0",",,,0","16.26",",0","20.03",",,,0","12.48",",,,0"
"USC00478905","2010-07","45.3582","-86.891","209.1","WASHINGTON IS, WI US","84.7","0","65.8",",0","14",",0","11",",0","0",",0","0",",0","0",",0","0",",0","0",",0","0",",0","28",",0","0",",0","13","","20100701",",,0","20100731","+,,0","20100731","+,,0","4","","20100715",",,0","20100717",",,0","6.7",",0,01,","0",",,0,31,+","0",",,0,31,+","14.7",",,0,15,","27.8",",0,17,","6.6","0","6.6",",0","88.5",",,,0","0",",,,0","20.24",",0","24.14",",,,0","16.35",",,,0"
"USC00478905","2010-08","45.3582","-86.891","209.1","WASHINGTON IS, WI US","176.0","0","91.3",",0","12",",0","5",",0","1",",0","0",",0","0",",0","0",",0","0",",0","0",",0","29",",0","0",",0","13","","20100826",",,0","20100831","+,,0","20100831","+,,0","3","","20100808",",,0","20100815","+,,0","10.0",",0,26,","0",",,0,31,+","0",",,0,31,+","32.5",",,0,08,","27.8",",0,15,+","11.8","0","5.2",",0","70.4",",,,0","0",",,,0","21.11",",0","24.83",",,,0","17.39",",,,0"
"USC00478905","2010-09","45.3582","-86.891","209.1","WASHINGTON IS, WI US","181.3","0","5.3",",0","14",",0","9",",0","4",",0","0",",0","0",",0","0",",0","0",",0","0",",0","5",",0","0",",0","11","","20100927","+,,0","20100930","+,,0","20100930","+,,0","6","","20100924",",,0","20100901",",,0","4.4",",0,27,+","0",",,0,30,+","0",",,0,30,+","52.1",",,0,24,","25.6",",0,01,","146.3","0","134.5",",0","202.3",",,,0","0",",,,0","14.03",",0","18.42",",,,0","9.63",",,,0"
"USC00478905","2010-10","45.3582","-86.891","209.1","WASHINGTON IS, WI US","181.3","0","0.0",",0","7",",0","5",",0","0",",0","0",",0","0",",0","0",",0","0",",0","0",",0","3",",0","0",",0","7","","20101029",",,0","20101031","+,,0","20101031","+,,0","","","20101025",",,0","20101009",",,0","0.6",",0,29,","0",",,0,31,+","0",",,0,31,+","21.3",",,0,25,","22.2",",0,09,","388.8","0","242.5",",0","68.9",",,,0","0",",,,0","10.51",",0","14.80",",,,0","6.22",",,,0"
"USC00478905","2010-11","45.3582","-86.891","209.1","WASHINGTON IS, WI US","181.3","0","0.0",",0","10",",0","6",",0","0",",0","0",",0","0",",0","0",",0","12",",0","1",",0","0",",0","0",",0","15","","20101126",",,0","20101130","+,,0","20101130","+,,0","","","20101125",",,0","20101104",",,0","-9.4",",0,26,","0",",,0,30,+","0",",,0,30,+","11.9",",,0,25,","12.8",",0,04,","829.3","0","440.5",",0","45.0",",,,0","0",",,,0","3.65",",0","6.87",",,,0","0.43",",,,0"
"USC00478905","2010-12","45.3582","-86.891","209.1","WASHINGTON IS, WI US","181.3","0","0.0",",0","11",",0","3",",0","0",",0","22",",0","3",",0","0",",0","30",",0","27",",0","0",",0","0",",0","11","","20101213","+,,0","20101225","+,,0","20101212",",,0","","","20101212",",,0","20101201",",,0","-12.2",",0,13,+","305",",,0,25,+","229",",,0,12,","15.2",",,0,12,","6.7",",0,01,","1528.8","0","699.5",",0","33.2",",,,0","403",",,,0","-4.23",",0","-1.80",",,,0","-6.67",",,,0"
"USC00478905","2011-01","45.3582","-86.891","209.1","WASHINGTON IS, WI US","0.0","7","0.0",",7","13",",7","3",",7","0",",7","28",",7","3",",7","4",",7","30",",7","29",",7","0",",7","0",",7","10","","20110124",",,7","20110131","+,,7","20110129",",,7","","","20110129","+,,7","20110101",",,7","-20.6",",7,24,","305",",,7,31,+","114",",,7,29,","5.6",",,7,29,+","6.7",",7,01,","2350.4","7","821.6",",7","19.5",",,,7","361",",,,7","-8.17",",7","-4.81",",,,7","-11.54",",,,7"
"USC00478905","2011-02","45.3582","-86.891","209.1","WASHINGTON IS, WI US","0.0","7","0.0",",7","6",",7","1",",7","0",",7","21",",7","3",",7","4",",7","27",",7","23",",7","0",",7","0",",7","10","","20110211","+,,7","20110202","+,,7","20110201",",,7","","","20110227",",,7","20110214",",,7","-20.0",",7,11,+","330",",,7,02,+","38",",,7,01,","3.6",",,7,27,","5.6",",7,14,","3048.2","7","697.8",",7","9.8",",,,7","139",",,,7","-6.59",",7","-3.10",",,,7","-10.08",",,,7"
"USC00478905","2011-03","45.3582","-86.891","209.1","WASHINGTON IS, WI US","0.0","7","0.0",",7","11",",7","5",",7","0",",7","19",",7","5",",7","0",",7","28",",7","10",",7","0",",7","0",",7","12","","20110327","+,,7","20110324",",,7","20110310",",,7","","","20110310",",,7","20110318","+,,7","-11.7",",7,27,+","254",",,7,24,","152",",,7,10,","15.2",",,7,10,","7.8",",7,18,+","3685.2","7","637.0",",7","48.3",",,,7","534",",,,7","-2.22",",7","1.33",",,,7","-5.76",",,,7"
"USC00478905","2011-04","45.3582","-86.891","209.1","WASHINGTON IS, WI US","0.0","7","0.0",",7","11",",7","11",",7","1",",7","2",",7","3",",7","0",",7","17",",7","0",",7","0",",7","0",",7","16","","20110401",",,7","20110420","+,,7","20110420","+,,7","1","","20110427",",,7","20110411",",,7","-3.9",",7,01,","51",",,7,20,+","46",",,7,20,+","46.0",",,7,27,","17.2",",7,11,","4121.4","7","436.2",",7","127.6",",,,7","117",",,,7","3.79",",7","7.68",",,,7","-0.10",",,,7"
"USC00478905","2011-05","45.3582","-86.891","209.1","WASHINGTON IS, WI US","0.0","7","0.0",",7","13","2,7","3","2,7","0","2,7","0",",7","0",",7","0",",7","1",",7","0",",7","1",",7","0",",7","15","","20110504",",,7","20110531","+,,7","20110531","+,,7","3","","20110523",",2,7","20110520",",,7","-1.7",",7,04,","0",",,7,31,+","0",",,7,31,+","18.0","2,,7,23,","21.7",",7,20,","4389.7","7","268.3",",7","37.0","2,,,7","0",",,,7","9.68",",7","14.11",",,,7","5.25",",,,7"
"USC00478905","2011-06","45.3582","-86.891","209.1","WASHINGTON IS, WI US","3.6","7","3.6",",7","9",",7","3",",7","1",",7","0",",7","0",",7","0",",7","0",",7","0",",7","16",",7","0",",7","14","","20110610",",,7","20110630","+,,7","20110630","+,,7","2","","20110622",",,7","20110609",",,7","6.1",",7,10,","0",",,7,30,+","0",",,7,30,+","45.0",",,7,22,","30.0",",7,09,","4477.7","7","88.0",",7","71.8",",,,7","0",",,,7","15.52",",7","20.57",",,,7","10.46",",,,7"
"USC00478905","2011-07","45.3582","-86.891","209.1","WASHINGTON IS, WI US","97.2","7","93.6",",7","6",",7","2",",7","0",",7","0","1,7","0","1,7","0",",7","0",",7","0",",7","29",",7","0",",7","14","","20110704",",,7","20110731","+,1,7","20110731","+,1,7","4","","20110729",",,7","20110722",",,7","11.1",",7,04,","0","1,,7,31,+","0","1,,7,31,+","10.9",",,7,29,","31.7",",7,22,","3.1","7","3.1",",7","17.5",",,,7","0","1,,,7","21.25",",7","26.54",",,,7","15.96",",,,7"
"USC00478905","2011-08","45.3582","-86.891","209.1","WASHINGTON IS, WI US","169.5","7","72.3",",7","12",",7","3",",7","0",",7","0",",7","0",",7","0",",7","0",",7","0",",7","31",",7","0",",7","16","","20110822",",,7","20110831","+,,7","20110831","+,,7","2","","20110827",",,7","20110801",",,7","8.9",",7,22,","0",",,7,31,+","0",",,7,31,+","4.3",",,7,27,","31.1",",7,01,","4.8","7","1.7",",7","19.0",",,,7","0",",,,7","20.61",",7","26.29",",,,7","14.93",",,,7"
"USC00478905","2011-09","45.3582","-86.891","209.1","WASHINGTON IS, WI US","179.2","7","9.7","1,7","10",",7","6",",7","1",",7","0",",7","0",",7","0","1,7","0","1,7","0","1,7","11","1,7","0","1,7","19","","20110916",",1,7","20110930","+,,7","20110930","+,,7","1","","20110930",",,7","20110903",",1,7","3.3","1,7,16,","0",",,7,30,+","0",",,7,30,+","27.4",",,7,30,","28.3","1,7,03,","119.7","7","114.9","1,7","99.4",",,,7","0",",,,7","14.71","1,7","19.92","1,,,7","9.49","1,,,7"
"USC00478905","2011-10","45.3582","-86.891","209.1","WASHINGTON IS, WI US","179.2","7","0.0","1,7","12",",7","7",",7","1",",7","0",",7","0",",7","0",",7","2",",7","0","1,7","0","1,7","0","1,7","18","","20111030","+,,7","20111031","+,,7","20111031","+,,7","","","20111014",",,7","20111006","+,1,7","0.0",",7,30,+","0",",,7,31,+","0",",,7,31,+","51.6",",,7,14,","19.4","1,7,06,+","375.8","7","256.1","1,7","96.4",",,,7","0",",,,7","9.76","1,7","13.57","1,,,7","5.95",",,,7"
"USC00478905","2011-11","45.3582","-86.891","209.1","WASHINGTON IS, WI US","179.2","7","0.0",",7","9",",7","7",",7","0",",7","0",",7","0",",7","0",",7","11",",7","1",",7","0",",7","0",",7","15","","20111130","+,,7","20111130","+,,7","20111130","+,,7","","","20111110",",,7","20111108",",,7","-3.9",",7,30,+","0",",,7,30,+","0",",,7,30,+","23.6",",,7,10,","12.2",",7,08,","817.8","7","442.0",",7","66.8",",,,7","0",",,,7","3.60",",7","6.25",",,,7","0.95",",,,7"
"USC00478905","2011-12","45.3582","-86.891","209.1","WASHINGTON IS, WI US","179.2","7","0.0",",7","12",",7","4",",7","0",",7","","","0","4,7","0",",7","27",",7","11",",7","0",",7","0",",7","10","","20111217",",,7","","","20111230",",4,7","","","20111204",",,7","20111204",",,7","-11.1",",7,17,","","","23","4,,7,30,","10.7",",,7,04,","5.6",",7,04,","1448.3","7","630.5",",7","31.1",",,,7","39","4,,,7","-2.01",",7","1.00",",,,7","-5.01",",,,7"
"USC00478905","2012-01","45.3582","-86.891","209.1","WASHINGTON IS, WI US","0.0","7","0.0",",7","10",",7","7",",7","0",",7","18",",7","4",",7","2",",7","31",",7","16",",7","0",",7","0",",7","12","","20120121","+,,7","20120113",",,7","20120113",",,7","","","20120123",",,7","20120107",",,7","-17.8",",7,21,+","102",",,7,13,","97",",,7,13,","8.4",",,7,23,","6.1",",7,07,","2151.9","7","703.6",",7","33.3",",,,7","253",",,,7","-4.36",",7","-0.74",",,,7","-7.99",",,,7"
"USC00478905","2012-02","45.3582","-86.891","209.1","WASHINGTON IS, WI US","0.0","7","0.0",",7","8",",7","1",",7","0",",7","8",",7","4",",7","0",",7","29",",7","8",",7","0",",7","0",",7","11","","20120211",",,7","20120229",",,7","20120229",",,7","","","20120229",",,7","20120205",",,7","-11.7",",7,11,","127",",,7,29,","137",",,7,29,","13.0",",,7,29,","5.6",",7,05,","2742.1","7","590.2",",7","20.0",",,,7","243",",,,7","-2.02",",7","1.16",",,,7","-5.19",",,,7"
"USC00478905","2012-03","45.3582","-86.891","209.1","WASHINGTON IS, WI US","0.0","7","0.0",",7","11",",7","7",",7","0",",7","7",",7","2",",7","0",",7","14",",7","3",",7","0",",7","0",",7","15","","20120305","+,,7","20120303",",,7","20120303",",,7","","","20120303",",,7","20120322",",,7","-11.1",",7,05,+","305",",,7,03,","163",",,7,03,","16.3",",,7,03,","17.2",",7,22,","3191.1","7","449.0",",7","56.9",",,,7","295",",,,7","3.85",",7","7.61",",,,7","0.09",",,,7"
"USC00478905","2012-04","45.3582","-86.891","209.1","WASHINGTON IS, WI US","0.0","7","0.0",",7","10",",7","4",",7","1",",7","1",",7","1",",7","0",",7","17",",7","0",",7","0",",7","0",",7","12","","20120417",",,7","20120420",",,7","20120420",",,7","","","20120420",",,7","20120425",",,7","-3.9",",7,17,","51",",,7,20,","51",",,7,20,","27.4",",,7,20,","14.4",",7,25,","3597.7","7","406.6",",7","40.3",",,,7","51",",,,7","4.78",",7","9.53",",,,7","0.03",",,,7"
"USC00478905","2012-05","45.3582","-86.891","209.1","WASHINGTON IS, WI US","0.0","7","0.0",",7","13",",7","7",",7","0",",7","0","1,7","0","1,7","0",",7","0",",7","0",",7","2",",7","0",",7","15","","20120531",",,7","20120531","+,1,7","20120531","+,1,7","6","","20120504",",,7","20120516",",,7","2.2",",7,31,","0","1,,7,31,+","0","1,,7,31,+","9.7",",,7,04,","25.6",",7,16,","3798.5","7","200.8",",7","45.7",",,,7","0","1,,,7","11.86",",7","16.69",",,,7","7.03",",,,7"
"USC00478905","2012-06","45.3582","-86.891","209.1","WASHINGTON IS, WI US","19.9","7","19.9",",7","10",",7","6",",7","1",",7","0",",7","0",",7","0",",7","0",",7","0",",7","16",",7","0",",7","23","","20120601",",,7","20120630","+,,7","20120630","+,,7","4","","20120620",",,7","20120629",",,7","4.4",",7,01,","0",",,7,30,+","0",",,7,30,+","32.5",",,7,20,","29.4",",7,29,","3861.0","7","62.5",",7","68.7",",,,7","0",",,,7","16.92",",7","21.73",",,,7","12.10",",,,7"
"USC00478905","2012-07","45.3582","-86.891","209.1","WASHINGTON IS, WI US","117.8","7","97.9",",7","12",",7","8",",7","0",",7","0",",7","0",",7","0",",7","0",",7","0",",7","31",",7","1",",7","22","","20120729","+,,7","20120731","+,,7","20120731","+,,7","6","","20120726",",,7","20120724",",,7","12.8",",7,29,+","0",",,7,31,+","0",",,7,31,+","19.3",",,7,26,","33.9",",7,24,","1.7","7","1.7",",7","73.0",",,,7","0",",,,7","21.44",",7","26.72",",,,7","16.15",",,,7"
"USC00478905","2012-08","45.3582","-86.891","209.1","WASHINGTON IS, WI US","162.2","7","44.4",",7","10",",7","2",",7","0",",7","0","1,7","0","1,7","0",",7","0",",7","0",",7","31",",7","0",",7","21","","20120818",",,7","20120831","+,1,7","20120831","+,1,7","3","","20120827",",,7","20120803",",,7","7.8",",7,18,","0","1,,7,31,+","0","1,,7,31,+","13.2",",,7,27,","28.9",",7,03,","13.7","7","12.0",",7","23.0",",,,7","0","1,,,7","19.38",",7","24.87",",,,7","13.88",",,,7"
"USC00478905","2012-09","45.3582","-86.891","209.1","WASHINGTON IS, WI US","176.3","7","14.1",",7","11",",7","7",",7","1",",7","0",",7","0",",7","0",",7","0",",7","0",",7","12",",7","0",",7","10","","20120919",",,7","20120930","+,,7","20120930","+,,7","2","","20120904",",,7","20120901",",,7","1.7",",7,19,","0",",,7,30,+","0",",,7,30,+","30.2",",,7,04,","28.3",",7,01,","146.2","7","132.5",",7","70.0",",,,7","0",",,,7","14.39",",7","19.68",",,,7","9.09",",,,7"
"USC00478905","2012-10","45.3582","-86.891","209.1","WASHINGTON IS, WI US","176.3","7","0.0",",7","17",",7","7",",7","1",",7","0",",7","0",",7","0",",7","3",",7","0",",7","0",",7","0",",7","18","","20121027",",,7","20121031","+,,7","20121031","+,,7","1","","20121015",",,7","20121005",",,7","-1.7",",7,27,","0",",,7,31,+","0",",,7,31,+","33.8",",,7,15,","19.4",",7,05,","475.2","7","329.0",",7","112.9",",,,7","0",",,,7","7.72",",7","11.32",",,,7","4.12",",,,7"
"USC00478905","2012-11","45.3582","-86.891","209.1","WASHINGTON IS, WI US","176.3","7","0.0",",7","6",",7","4",",7","0",",7","5",",7","1",",7","0",",7","16",",7","4",",7","0",",7","0",",7","14","","20121127",",,7","20121129","+,,7","20121125",",,7","","","20121112",",,7","20121112",",,7","-8.3",",7,27,","25",",,7,29,+","33",",,7,25,","8.9",",,7,12,","12.8",",7,12,","957.4","7","482.2",",7","22.6",",,,7","36",",,,7","2.26",",7","4.94",",,,7","-0.42",",,,7"
"USC00478905","2012-12","45.3582","-86.891","209.1","WASHINGTON IS, WI US","176.3","7","0.0",",7","11",",7","3",",7","0",",7","15",",7","2",",7","0",",7","26",",7","12",",7","0",",7","0",",7","15","","20121231","+,,7","20121225","+,,7","20121221",",,7","","","20121221",",,7","20121204",",,7","-8.3",",7,31,+","102",",,7,25,+","112",",,7,21,","20.8",",,7,21,","11.7",",7,04,","1563.2","7","605.8",",7","42.3",",,,7","229",",,,7","-1.21",",7","1.21",",,,7","-3.62",",,,7"
"USC00478905","2013-01","45.3582","-86.891","209.1","WASHINGTON IS, WI US","0.0","7","0.0",",7","13",",7","5",",7","0",",7","21",",7","5",",7","3",",7","30",",7","20",",7","0",",7","0",",7","17","","20130123","+,,7","20130131",",,7","20130131",",,7","","","20130131",",,7","20130113",",,7","-22.8",",7,23,+","203",",,7,31,","188",",,7,31,","9.9",",,7,31,","6.7",",7,13,","2324.7","7","761.5",",7","42.3",",,,7","458",",,,7","-6.23",",7","-2.68",",,,7","-9.78",",,,7"
"USC00478905","2013-02","45.3582","-86.891","209.1","WASHINGTON IS, WI US","0.0","7","0.0",",7","14",",7","8",",7","0",",7","28",",7","9",",7","3",",7","28",",7","22",",7","0",",7","0",",7","16","","20130203","+,,7","20130223",",,7","20130223",",,7","","","20130211",",,7","20130211",",,7","-18.3",",7,03,+","432",",,7,23,","160",",,7,23,","18.0",",,7,11,","3.3",",7,11,","3037.2","7","712.5",",7","65.5",",,,7","566",",,,7","-7.11",",7","-3.41",",,,7","-10.81",",,,7"
"USC00478905","2013-03","45.3582","-86.891","209.1","WASHINGTON IS, WI US","0.0","7","0.0",",7","9",",7","4",",7","0",",7","31",",7","2",",7","0",",7","30",",7","18",",7","0",",7","0",",7","11","","20130304","+,,7","20130301",",,7","20130319",",,7","","","20130311",",,7","20130330",",,7","-13.9",",7,04,+","406",",,7,01,","94",",,7,19,","18.8",",,7,11,","6.7",",7,30,","3717.3","7","680.1",",7","40.6",",,,7","192",",,,7","-3.60",",7","-0.08",",,,7","-7.13",",,,7"
"USC00478905","2013-04","45.3582","-86.891","209.1","WASHINGTON IS, WI US","0.0","7","0.0",",7","15",",7","11",",7","0",",7","8",",7","3",",7","0",",7","22",",7","3",",7","0",",7","0",",7","16","","20130414","+,,7","20130414",",,7","20130412",",,7","1","","20130412",",,7","20130429",",,7","-7.2",",7,14,+","279",",,7,14,","188",",,7,12,","18.8",",,7,12,","18.3",",7,29,","4214.0","7","496.7",",7","74.5",",,,7","335",",,,7","1.78",",7","5.46",",,,7","-1.91",",,,7"
"USC00478905","2013-05","45.3582","-86.891","209.1","WASHINGTON IS, WI US","0.0","7","0.0",",7","15",",7","7",",7","0",",7","0",",7","0",",7","0",",7","3",",7","0",",7","5",",7","0",",7","16","","20130513",",,7","20130531","+,,7","20130531","+,,7","4","","20130521",",,7","20130516",",,7","-1.7",",7,13,","0",",,7,31,+","0",",,7,31,+","18.8",",,7,21,","23.9",",7,16,","4487.2","7","273.2",",7","67.5",",,,7","0",",,,7","9.52",",7","14.60",",,,7","4.44",",,,7"
"USC00478905","2013-06","45.3582","-86.891","209.1","WASHINGTON IS, WI US","4.7","7","4.7",",7","11",",7","5",",7","0",",7","0",",7","0",",7","0",",7","0",",7","0",",7","11",",7","0",",7","18","","20130604","+,,7","20130630","+,,7","20130630","+,,7","4","","20130602",",,7","20130617",",,7","2.8",",7,04,+","0",",,7,30,+","0",",,7,30,+","22.6",",,7,02,","26.7",",7,17,","4605.8","7","118.6",",7","50.2",",,,7","0",",,,7","14.54",",7","19.18",",,,7","9.90",",,,7"
"USC00478905","2013-07","45.3582","-86.891","209.1","WASHINGTON IS, WI US","51.1","7","46.4",",7","11",",7","6",",7","1",",7","0",",7","0",",7","0",",7","0",",7","0",",7","24",",7","0",",7","12","","20130721",",,7","20130731","+,,7","20130731","+,,7","2","","20130708",",,7","20130718",",,7","8.3",",7,21,","0",",,7,31,+","0",",,7,31,+","66.8",",,7,08,","31.1",",7,18,","38.6","7","38.6",",7","111.4",",,,7","0",",,,7","18.58",",7","22.80",",,,7","14.37",",,,7"
"USC00478905","2013-08","45.3582","-86.891","209.1","WASHINGTON IS, WI US","83.8","7","32.7",",7","10",",7","7",",7","1",",7","0",",7","0",",7","0",",7","0",",7","0",",7","27",",7","0",",7","17","","20130814",",,7","20130831","+,,7","20130831","+,,7","7","","20130828",",,7","20130829",",,7","7.8",",7,14,","0",",,7,31,+","0",",,7,31,+","113.8",",,7,28,","28.9",",7,29,","67.5","7","28.9",",7","202.7",",,,7","0",",,,7","18.45",",7","23.44",",,,7","13.47",",,,7"
"USC00478905","2013-09","45.3582","-86.891","209.1","WASHINGTON IS, WI US","94.3","7","10.5",",7","12",",7","7",",7","0",",7","0",",7","0",",7","0",",7","0",",7","0",",7","9",",7","0",",7","15","","20130917","+,,7","20130930","+,,7","20130930","+,,7","5","","20130908",",,7","20130911",",,7","5.6",",7,17,+","0",",,7,30,+","0",",,7,30,+","21.8",",,7,08,","28.9",",7,11,","177.8","7","110.3",",7","83.6",",,,7","0",",,,7","15.01",",7","19.39",",,,7","10.63",",,,7"
"USC00478905","2013-10","45.3582","-86.891","209.1","WASHINGTON IS, WI US","94.3","7","0.0",",7","15",",7","10",",7","1",",7","0",",7","0",",7","0",",7","3",",7","0",",7","0",",7","0",",7","9","","20131029",",,7","20131031","+,,7","20131030",",,7","1","","20131006",",,7","20131003",",,7","-2.8",",7,29,","0",",,7,31,+","0",",T,7,30,","32.3",",,7,06,","20.6",",7,03,","464.2","7","286.4",",7","110.4",",,,7","0",",T,,7","9.09",",7","12.92",",,,7","5.26",",,,7"
"USC00478905","2013-11","45.3582","-86.891","209.1","WASHINGTON IS, WI US","94.3","7","0.0",",7","15",",7","8",",7","2",",7","2",",7","1",",7","0",",7","17",",7","7",",7","0",",7","0",",7","11","","20131125","+,,7","20131129",",,7","20131129",",,7","1","","20131106",",,7","20131101",",,7","-10.6",",7,25,+","127",",,7,29,","127",",,7,29,","40.9",",,7,06,","12.2",",7,01,","982.6","7","518.4",",7","139.8",",,,7","158",",,,7","1.05",",7","4.11",",,,7","-2.00",",,,7"
"USC00478905","2013-12","45.3582","-86.891","209.1","WASHINGTON IS, WI US","94.3","7","0.0",",7","14",",7","6",",7","0",",7","27",",7","8",",7","3",",7","31",",7","24",",7","0",",7","0",",7","10","","20131231",",,7","20131226","+,,7","20131223",",,7","","","20131205",",,7","20131205",",,7","-20.6",",7,31,","330",",,7,26,+","137",",,7,23,","12.7",",,7,05,","6.1",",7,05,","1802.5","7","819.9",",7","49.4",",,,7","590",",,,7","-8.12",",7","-4.84",",,,7","-11.40",",,,7"
"USC00478905","2014-01","45.3582","-86.891","209.1","WASHINGTON IS, WI US","0.0","7","0.0",",7","17",",7","2",",7","0",",7","31",",7","8",",7","18",",7","31",",7","28",",7","0",",7","0",",7","10","","20140107",",,7","20140129","+,,7","20140115",",,7","","","20140115",",,7","20140114","+,,7","-27.2",",7,07,","457",",,7,29,+","211",",,7,15,","12.2",",,7,15,","1.7",",7,14,+","2767.5","7","965.0",",7","35.1",",,,7","577",",,,7","-12.80",",7","-8.50",",,,7","-17.09",",,,7"
"USC00478905","2014-02","45.3582","-86.891","209.1","WASHINGTON IS, WI US","0.0","7","0.0",",7","11",",7","4",",7","0",",7","28",",7","3",",7","17",",7","28",",7","26",",7","0",",7","0",",7","11","","20140228","+,,7","20140218",",,7","20140218",",,7","","","20140221",",,7","20140220",",,7","-23.3",",7,28,+","610",",,7,18,","140",",,7,18,","7.1",",,7,21,","4.4",",7,20,","3638.9","7","871.4",",7","23.1",",,,7","344",",,,7","-12.79",",7","-8.05",",,,7","-17.53",",,,7"
"USC00478905","2014-03","45.3582","-86.891","209.1","WASHINGTON IS, WI US","0.0","7","0.0",",7","10",",7","5",",7","0",",7","31",",7","6",",7","7",",7","31",",7","21",",7","0",",7","0",",7","13","","20140304",",,7","20140305",",,7","20140301",",,7","","","20140327",",,7","20140311",",,7","-24.4",",7,04,","584",",,7,05,","241",",,7,01,","13.2",",,7,27,","11.1",",7,11,","4455.6","7","816.7",",7","42.6",",,,7","592",",,,7","-8.01",",7","-2.99",",,,7","-13.03",",,,7"
"USC00478905","2014-04","45.3582","-86.891","209.1","WASHINGTON IS, WI US","0.0","7","0.0",",7","17",",7","8",",7","0",",7","14",",7","3",",7","0",",7","17",",7","4",",7","0",",7","0",",7","10","","20140416","+,,7","20140401",",,7","20140405",",,7","","","20140430",",,7","20140411",",,7","-8.9",",7,16,+","305",",,7,01,","64",",,7,05,","19.3",",,7,30,","14.4",",7,11,","4945.5","7","489.9",",7","84.5",",,,7","173",",,,7","2.00",",7","5.81",",,,7","-1.80",",,,7"
"USC00478905","2014-05","45.3582","-86.891","209.1","WASHINGTON IS, WI US","0.0","7","0.0",",7","14",",7","5",",7","0",",7","0",",7","0",",7","0",",7","2",",7","0",",7","2",",7","0",",7","11","","20140505",",,7","20140531","+,,7","20140531","+,,7","1","","20140520",",,7","20140528",",,7","-1.1",",7,05,","0",",,7,31,+","0",",,7,31,+","15.2",",,7,20,","23.3",",7,28,","5227.9","7","282.4",",7","55.2",",,,7","0",",,,7","9.22",",7","14.14",",,,7","4.31",",,,7"
"USC00478905","2014-06","45.3582","-86.891","209.1","WASHINGTON IS, WI US","0.0","7","0.0",",7","16",",7","7",",7","1",",7","0",",7","0",",7","0",",7","0",",7","0",",7","7",",7","0",",7","15","","20140614",",,7","20140630","+,,7","20140630","+,,7","4","","20140621",",,7","20140618",",,7","3.3",",7,14,","0",",,7,30,+","0",",,7,30,+","33.3",",,7,21,","25.0",",7,18,","5350.2","7","122.3",",7","81.8",",,,7","0",",,,7","14.26",",7","19.34",",,,7","9.17",",,,7"
"USC00478905","2014-07","45.3582","-86.891","209.1","WASHINGTON IS, WI US","4.0","7","4.0",",7","15",",7","5",",7","0",",7","0",",7","0",",7","0",",7","0",",7","0",",7","21",",7","0",",7","15","","20140724","+,,7","20140731","+,,7","20140731","+,,7","2","","20140715",",,7","20140723",",,7","7.2",",7,24,+","0",",,7,31,+","0",",,7,31,+","12.4",",,7,15,","28.9",",7,23,","66.0","7","66.0",",7","42.9",",,,7","0",",,,7","16.33",",7","21.40",",,,7","11.27",",,,7"
"USC00478905","2014-08","45.3582","-86.891","209.1","WASHINGTON IS, WI US","17.1","7","13.1",",7","13",",7","6",",7","1",",7","0",",7","0",",7","0",",7","0",",7","0",",7","25",",7","0",",7","20","","20140815",",,7","20140831","+,,7","20140831","+,,7","","","20140819",",,7","20140809",",,7","6.7",",7,15,","0",",,7,31,+","0",",,7,31,+","26.2",",,7,19,","25.6",",7,09,","100.2","7","34.2",",7","80.5",",,,7","0",",,,7","17.65",",7","22.52",",,,7","12.78",",,,7"
"USC00478905","2014-09","45.3582","-86.891","209.1","WASHINGTON IS, WI US","18.5","7","1.4",",7","13",",7","6",",7","1",",7","0",",7","0",",7","0",",7","0",",7","0",",7","11",",7","0",",7","18","","20140922",",,7","20140930","+,,7","20140930","+,,7","4","","20140905",",,7","20140908","+,,7","2.8",",7,22,","0",",,7,30,+","0",",,7,30,+","34.0",",,7,05,","23.3",",7,08,+","228.8","7","128.6",",7","102.9",",,,7","0",",,,7","14.09",",7","18.53",",,,7","9.65",",,,7"
"USC00478905","2014-10","45.3582","-86.891","209.1","WASHINGTON IS, WI US","18.5","7","0.0",",7","18",",7","12",",7","1",",7","0",",7","0",",7","0",",7","2",",7","0",",7","0",",7","0",",7","13","","20141019",",,7","20141031","+,,7","20141031",",,7","1","","20141014",",,7","20141026",",,7","-1.7",",7,19,","0",",,7,31,+","3",",,7,31,","50.8",",,7,14,","16.7",",7,26,","537.3","7","308.5",",7","160.0",",,,7","3",",,,7","8.38",",7","11.49",",,,7","5.27",",,,7"
"USC00478905","2014-11","45.3582","-86.891","209.1","WASHINGTON IS, WI US","18.5","7","0.0",",7","16",",7","9",",7","0",",7","16",",7","5",",7","0",",7","23",",7","11",",7","0",",7","0",",7","13","","20141128",",,7","20141125",",,7","20141125",",,7","","","20141124",",,7","20141105","+,,7","-13.9",",7,28,","127",",,7,25,","117",",,7,25,","14.2",",,7,24,","10.6",",7,05,+","1119.5","7","582.2",",7","96.0",",,,7","338",",,,7","-1.08",",7","1.86",",,,7","-4.01",",,,7"
"USC00478905","2014-12","45.3582","-86.891","209.1","WASHINGTON IS, WI US","18.5","7","0.0",",7","14",",7","5",",7","0",",7","14",",7","1",",7","0",",7","26",",7","13",",7","0",",7","0",",7","13","","20141231",",,7","20141219","+,,7","20141217",",,7","","","20141223",",,7","20141215",",,7","-16.7",",7,31,","102",",,7,19,+","76",",,7,17,","10.2",",,7,23,","5.0",",7,15,","1769.3","7","649.8",",7","53.0",",,,7","138",",,,7","-2.63",",7","0.11",",,,7","-5.36",",,,7"
"USC00478905","2015-01","45.3582","-86.891","209.1","WASHINGTON IS, WI US","0.0","7","0.0",",7","12",",7","3",",7","0",",7","29",",7","4",",7","7",",7","31",",7","26",",7","0",",7","0",",7","8","","20150106","+,,7","20150116","+,,7","20150109",",,7","","","20150103",",,7","20150125",",,7","-22.2",",7,06,+","152",",,7,16,+","107",",,7,09,","3.3",",,7,03,","3.9",",7,25,","2610.2","7","840.9",",7","14.6",",,,7","272",",,,7","-8.79",",7","-5.11",",,,7","-12.47",",,,7"
"USC00478905","2015-02","45.3582","-86.891","209.1","WASHINGTON IS, WI US","0.0","7","0.0",",7","11",",7","0",",7","0",",7","28",",7","3",",7","16",",7","28",",7","28",",7","0",",7","0",",7","3","","20150220","+,,7","20150228","+,,7","20150221",",,7","","","20150221",",,7","20150225","+,,7","-25.0",",7,20,+","203",",,7,28,+","94",",,7,21,","2.0",",,7,21,","-1.1",",7,25,+","3485.9","7","875.7",",7","7.9",",,,7","237",",,,7","-12.94",",7","-8.46",",,,7","-17.43",",,,7"
"USC00478905","2015-03","45.3582","-86.891","209.1","WASHINGTON IS, WI US","0.0","7","0.0",",7","7",",7","4",",7","0",",7","18",",7","2",",7","2",",7","30",",7","11",",7","0",",7","0",",7","4","","20150305",",,7","20150306","+,,7","20150304",",,7","","","20150326",",,7","20150317",",,7","-21.7",",7,05,","254",",,7,06,+","64",",,7,04,","4.8",",,7,26,","13.3",",7,17,","4133.7","7","647.8",",7","18.2",",,,7","143",",,,7","-2.56",",7","1.77",",,,7","-6.90",",,,7"
"USC00478905","2015-04","45.3582","-86.891","209.1","WASHINGTON IS, WI US","0.0","7","0.0",",7","10",",7","6",",7","0",",7","3",",7","1",",7","0",",7","13",",7","0",",7","0",",7","0",",7","11","","20150404",",,7","20150406",",,7","20150406",",,7","","","20150410",",,7","20150418","+,,7","-7.8",",7,04,","102",",,7,06,","97",",,7,06,","17.5",",,7,10,","16.7",",7,18,+","4559.9","7","426.2",",7","47.3",",,,7","127",",,,7","4.13",",7","8.26",",,,7","-0.01",",,,7"
"USC00478905","2015-05","45.3582","-86.891","209.1","WASHINGTON IS, WI US","0.0","7","0.0",",7","11",",7","7",",7","1",",7","0",",7","0",",7","0",",7","1",",7","0",",7","0",",7","0",",7","15","","20150520",",,7","20150531","+,,7","20150531","+,,7","","","20150512",",,7","20150528","+,,7","-1.7",",7,20,","0",",,7,31,+","0",",,7,31,+","26.9",",,7,12,","18.9",",7,28,+","4824.8","7","264.9",",7","68.3",",,,7","0",",,,7","9.79",",7","14.50",",,,7","5.07",",,,7"
"USC00478905","2015-06","45.3582","-86.891","209.1","WASHINGTON IS, WI US","0.0","7","0.0",",7","11",",7","6",",7","0",",7","0",",7","0",",7","0",",7","0",",7","0",",7","10",",7","0",",7","13","","20150601",",,7","20150630","+,,7","20150630","+,,7","","","20150608",",,7","20150628",",,7","3.3",",7,01,","0",",,7,30,+","0",",,7,30,+","15.7",",,7,08,","25.0",",7,28,","4935.6","7","110.8",",7","54.7",",,,7","0",",,,7","14.64",",7","19.65",",,,7","9.63",",,,7"
"USC00478905","2015-07","45.3582","-86.891","209.1","WASHINGTON IS, WI US","56.5","7","56.5",",7","6",",7","5",",7","0",",7","0",",7","0",",7","0",",7","0",",7","0",",7","22",",7","0",",7","13","","20150702",",,7","20150731","+,,7","20150731","+,,7","","","20150719",",,7","20150728",",,7","6.1",",7,02,","0",",,7,31,+","0",",,7,31,+","11.9",",,7,19,","31.1",",7,28,","39.4","7","39.4",",7","39.1",",,,7","0",",,,7","18.88",",7","24.05",",,,7","13.72",",,,7"
"USC00478905","2015-08","45.3582","-86.891","209.1","WASHINGTON IS, WI US","101.1","7","44.6",",7","12",",7","8",",7","0",",7","0",",7","0",",7","0",",7","0",",7","0",",7","24",",7","0",",7","15","","20150827","+,,7","20150831","+,,7","20150831","+,,7","4","","20150814",",,7","20150815",",,7","8.9",",7,27,+","0",",,7,31,+","0",",,7,31,+","13.5",",,7,14,","31.7",",7,15,","67.3","7","27.9",",7","61.5",",,,7","0",",,,7","18.87",",7","23.27",",,,7","14.48",",,,7"
"USC00478905","2015-09","45.3582","-86.891","209.1","WASHINGTON IS, WI US","133.3","7","32.2",",7","11",",7","8",",7","0",",7","0",",7","0",",7","0",",7","0",",7","0",",7","20",",7","0",",7","15","","20150913",",,7","20150930","+,,7","20150930","+,,7","1","","20150903",",,7","20150908",",,7","5.0",",7,13,","0",",,7,30,+","0",",,7,30,+","18.3",",,7,03,","28.9",",7,08,","105.9","7","38.6",",7","70.4",",,,7","0",",,,7","18.12",",7","22.30",",,,7","13.94",",,,7"
"USC00478905","2015-10","45.3582","-86.891","209.1","WASHINGTON IS, WI US","133.3","7","0.0",",7","14",",7","9",",7","0",",7","0",",7","0",",7","0",",7","0",",7","0",",7","0",",7","0",",7","10","","20151018",",,7","20151031","+,,7","20151031","+,,7","1","","20151025",",,7","20151013",",,7","0.6",",7,18,","0",",,7,31,+","0",",,7,31,+","22.4",",,7,25,","20.6",",7,13,","358.7","7","252.8",",7","99.0",",,,7","0",",,,7","10.18",",7","13.95",",,,7","6.41",",,,7"
"USC00478905","2015-11","45.3582","-86.891","209.1","WASHINGTON IS, WI US","133.3","7","0.0",",7","10",",7","6",",7","1",",7","0",",7","0",",7","0",",7","12",",7","3",",7","0",",7","0",",7","13","","20151128",",,7","20151130","+,,7","20151124",",,7","1","","20151112",",,7","20151104",",,7","-6.1",",7,28,","0",",,7,30,+","13",",,7,24,","32.0",",,7,12,","16.1",",7,04,","749.9","7","391.2",",7","76.3",",,,7","21",",,,7","5.29",",7","8.46",",,,7","2.12",",,,7"
"USC00478905","2015-12","45.3582","-86.891","209.1","WASHINGTON IS, WI US","133.3","7","0.0",",7","17",",7","7",",7","2",",7","3",",7","1",",7","0",",7","17",",7","5",",7","0",",7","0",",7","17","","20151220","+,,7","20151231","+,,7","20151229",",,7","","","20151214",",,7","20151224","+,,7","-9.4",",7,20,+","279",",,7,31,+","284",",,7,29,","43.2",",,7,14,","10.6",",7,24,+","1261.5","7","511.6",",7","131.7",",,,7","300",",,,7","1.83",",7","4.38",",,,7","-0.72",",,,7"
"USC00478905","2016-01","45.3582","-86.891","209.1","WASHINGTON IS, WI US","0.0","7","0.0",",7","16",",7","5",",7","0",",7","31",",7","4",",7","0",",7","30",",7","20",",7","0",",7","0",",7","6","","20160117","+,,7","20160102","+,,7","20160126",",,7","","","20160126",",,7","20160109",",,7","-16.1",",7,17,+","254",",,7,02,+","112",",,7,26,","10.9",",,7,26,","5.0",",7,09,","1998.4","7","736.9",",7","39.2",",,,7","323",",,,7","-5.44",",7","-2.40",",,,7","-8.48",",,,7"
"USC00478905","2016-02","45.3582","-86.891","209.1","WASHINGTON IS, WI US","0.0","7","0.0",",7","10",",7","4",",7","0",",7","29",",7","5",",7","2",",7","28",",7","15",",7","0",",7","0",",7","7","","20160214",",,7","20160216","+,,7","20160203",",,7","","","20160203",",,7","20160228",",,7","-18.3",",7,14,","279",",,7,16,+","122",",,7,03,","12.2",",,7,03,","8.3",",7,28,","2649.9","7","651.5",",7","25.0",",,,7","315",",,,7","-4.13",",7","-0.87",",,,7","-7.39",",,,7"
"USC00478905","2016-03","45.3582","-86.891","209.1","WASHINGTON IS, WI US","0.0","7","0.0",",7","13",",7","9",",7","0",",7","11",",7","3",",7","0",",7","21",",7","4",",7","0",",7","0",",7","13","","20160301",",,7","20160325",",,7","20160324",",,7","1","","20160324",",,7","20160313",",,7","-12.8",",7,01,","279",",,7,25,","203",",,7,24,","17.5",",,7,24,","13.3",",7,13,","3196.8","7","546.9",",7","63.9",",,,7","323",",,,7","0.69",",7","4.35",",,,7","-2.97",",,,7"
"USC00478905","2016-04","45.3582","-86.891","209.1","WASHINGTON IS, WI US","0.0","7","0.0",",7","13",",7","6",",7","0",",7","8",",7","4",",7","0",",7","15",",7","3",",7","0",",7","0",",7","6","","20160405",",,7","20160407",",,7","20160406",",,7","1","","20160425",",,7","20160417",",,7","-8.3",",7,05,","152",",,7,07,","102",",,7,06,","15.0",",,7,25,","17.8",",7,17,","3648.0","7","451.2",",7","65.2",",,,7","326",",,,7","3.29",",7","7.10",",,,7","-0.52",",,,7"
"USC00478905","2016-05","45.3582","-86.891","209.1","WASHINGTON IS, WI US","0.0","7","0.0",",7","11",",7","4",",7","0",",7","0",",7","0",",7","0",",7","0",",7","0",",7","2",",7","0",",7","9","","20160517",",,7","20160531","+,,7","20160515",",,7","","","20160528",",,7","20160531",",,7","1.1",",7,17,","0",",,7,31,+","3",",,7,15,","17.3",",,7,28,","24.4",",7,31,","3883.9","7","235.9",",7","42.0",",,,7","3",",,,7","10.72",",7","15.72",",,,7","5.73",",,,7"
"USC00478905","2016-06","45.3582","-86.891","209.1","WASHINGTON IS, WI US","15.6","7","15.6",",7","11",",7","5",",7","1",",7","0",",7","0",",7","0",",7","0",",7","0",",7","15",",7","0",",7","9","","20160609","+,,7","20160630","+,,7","20160630","+,,7","2","","20160616",",,7","20160612",",,7","5.0",",7,09,+","0",",,7,30,+","0",",,7,30,+","39.1",",,7,16,","29.4",",7,12,","3957.8","7","73.9",",7","82.8",",,,7","0",",,,7","16.39",",7","21.36",",,,7","11.42",",,,7"
"USC00478905","2016-07","45.3582","-86.891","209.1","WASHINGTON IS, WI US","83.3","7","67.7",",7","11",",7","6",",7","0",",7","0",",7","0",",7","0",",7","0",",7","0",",7","31",",7","0",",7","16","","20160716",",,7","20160731","+,,7","20160731","+,,7","2","","20160718",",,7","20160723",",,7","7.8",",7,16,","0",",,7,31,+","0",",,7,31,+","22.6",",,7,18,","31.1",",7,23,","12.2","7","12.2",",7","66.8",",,,7","0",",,,7","20.13",",7","25.08",",,,7","15.17",",,,7"
"USC00478905","2016-08","45.3582","-86.891","209.1","WASHINGTON IS, WI US","173.6","7","90.3",",7","14",",7","9",",7","1",",7","0",",7","0",",7","0",",7","0",",7","0",",7","30",",7","0",",7","14","","20160823","+,,7","20160831","+,,7","20160831","+,,7","2","","20160821",",,7","20160817",",,7","8.9",",7,23,+","0",",,7,31,+","0",",,7,31,+","45.7",",,7,21,","29.4",",7,17,","18.6","7","6.4",",7","123.0",",,,7","0",",,,7","21.04",",7","25.73",",,,7","16.35",",,,7"
"USC00478905","2016-09","45.3582","-86.891","209.1","WASHINGTON IS, WI US","198.3","7","24.7",",7","14",",7","9",",7","0",",7","0",",7","0",",7","0",",7","0",",7","0",",7","21",",7","0",",7","9","","20160928",",,7","20160930","+,,7","20160930","+,,7","2","","20160926",",,7","20160909",",,7","7.2",",7,28,","0",",,7,30,+","0",",,7,30,+","20.3",",,7,26,","27.2",",7,09,","58.9","7","40.3",",7","98.6",",,,7","0",",,,7","17.81",",7","21.79",",,,7","13.84",",,,7"
"USC00478905","2016-10","45.3582","-86.891","209.1","WASHINGTON IS, WI US","198.3","7","0.0",",7","17",",7","6",",7","0",",7","0",",7","0",",7","0",",7","4",",7","0",",7","0",",7","0",",7","7","","20161022",",,7","20161031","+,,7","20161031","+,,7","","","20161027",",,7","20161007","+,,7","-0.6",",7,22,","0",",,7,31,+","0",",,7,31,+","18.5",",,7,27,","20.6",",7,07,+","291.1","7","232.2",",7","84.3",",,,7","0",",,,7","10.84",",7","15.08",",,,7","6.60",",,,7"
"USC00478905","2016-11","45.3582","-86.891","209.1","WASHINGTON IS, WI US","198.3","7","0.0",",7","8",",7","4",",7","0",",7","0",",7","0",",7","0",",7","9",",7","2",",7","0",",7","0",",7","7","","20161122",",,7","20161130","+,,7","20161124","+,,7","","","20161129",",,7","20161102",",,7","-6.7",",7,22,","0",",,7,30,+","0",",T,7,24,+","22.6",",,7,29,","19.4",",7,02,","648.7","7","357.6",",7","45.3",",,,7","0",",T,,7","6.41",",7","10.05",",,,7","2.77",",,,7"
"USC00478905","2016-12","45.3582","-86.891","209.1","WASHINGTON IS, WI US","198.3","7","0.0",",7","9",",7","6",",7","0",",7","17",",7","7",",7","0",",7","29",",7","15",",7","0",",7","0",",7","6","","20161219","+,,7","20161218",",,7","20161217",",,7","","","20161226",",,7","20161227","+,,7","-16.7",",7,19,+","381",",,7,18,","249",",,7,17,","16.3",",,7,26,","7.2",",7,27,+","1335.9","7","687.2",",7","71.7",",,,7","719",",,,7","-3.84",",7","-0.59",",,,7","-7.08",",,,7"
"USC00478905","2017-01","45.3582","-86.891","209.1","WASHINGTON IS, WI US","0.0","7","0.0",",7","11",",7","6",",7","0",",7","24",",7","4",",7","4",",7","27",",7","15",",7","0",",7","0",",7","11","","20170108","+,,7","20170111",",,7","20170110",",,7","","","20170111",",,7","20170122",",,7","-18.3",",7,08,+","127",",,7,11,","51",",,7,10,","12.7",",,7,11,","4.4",",7,22,","2053.1","7","717.2",",7","45.5",",,,7","157",",,,7","-4.80",",7","-1.85",",,,7","-7.76",",,,7"
"USC00478905","2017-02","45.3582","-86.891","209.1","WASHINGTON IS, WI US","0.0","7","0.0",",7","12",",7","6",",7","0",",7","23",",7","4",",7","0",",7","24",",7","14",",7","0",",7","0",",7","8","","20170210","+,,7","20170227","+,,7","20170225",",,7","","","20170225",",,7","20170222",",,7","-16.1",",7,10,+","102",",,7,27,+","71",",,7,25,","7.6",",,7,25,","13.9",",7,22,","2652.7","7","599.6",",7","25.3",",,,7","211",",,,7","-3.08",",7","0.97",",,,7","-7.13",",,,7"
"USC00478905","2017-03","45.3582","-86.891","209.1","WASHINGTON IS, WI US","0.0","7","0.0",",7","14",",7","10",",7","0",",7","10",",7","4",",7","0",",7","28",",7","12",",7","0",",7","0",",7","11","","20170304",",,7","20170302",",,7","20170302",",,7","2","","20170302",",,7","20170321",",,7","-14.4",",7,04,","203",",,7,02,","165",",,7,02,","18.5",",,7,02,","9.4",",7,21,","3289.9","7","637.2",",7","70.9",",,,7","307",",,,7","-2.22",",7","1.11",",,,7","-5.55",",,,7"
"USC00478905","2017-04","45.3582","-86.891","209.1","WASHINGTON IS, WI US","0.0","7","0.0",",7","13",",7","8",",7","0",",7","0",",7","0",",7","0",",7","13",",7","0",",7","0",",7","0",",7","8","","20170414","+,,7","20170430","+,,7","20170428","+,,7","1","","20170420",",,7","20170417",",,7","-4.4",",7,14,+","0",",,7,30,+","0",",T,7,28,+","16.3",",,7,20,","17.2",",7,17,","3690.1","7","400.2",",7","74.0",",,,7","0",",T,,7","4.99",",7","9.68",",,,7","0.31",",,,7"
"USC00478905","2017-05","45.3582","-86.891","209.1","WASHINGTON IS, WI US","0.0","7","0.0",",7","15",",7","9",",7","0",",7","0",",7","0",",7","0",",7","4",",7","0",",7","0",",7","0",",7","11","","20170509",",,7","20170531","+,,7","20170531","+,,7","1","","20170501",",,7","20170530",",,7","-2.8",",7,09,","0",",,7,31,+","0",",,7,31,+","19.3",",,7,01,","20.0",",7,30,","3975.1","7","285.0",",7","68.0",",,,7","0",",,,7","9.14",",7","13.96",",,,7","4.31",",,,7"
"USC00478905","2017-06","45.3582","-86.891","209.1","WASHINGTON IS, WI US","3.9","7","3.9",",7","22",",7","12",",7","2",",7","0",",7","0",",7","0",",7","0",",7","0",",7","19",",7","0",",7","13","","20170601",",,7","20170630","+,,7","20170630","+,,7","5","","20170612",",,7","20170617",",,7","6.1",",7,01,","0",",,7,30,+","0",",,7,30,+","36.6",",,7,12,","26.1",",7,17,","4038.3","7","63.2",",7","184.4",",,,7","0",",,,7","16.36",",7","21.48",",,,7","11.24",",,,7"
"USC00478905","2017-07","45.3582","-86.891","209.1","WASHINGTON IS, WI US","32.0","7","28.1",",7","14",",7","11",",7","1",",7","0",",7","0",",7","0",",7","0",",7","0",",7","30",",7","0",",7","17","","20170717",",,7","20170731","+,,7","20170731","+,,7","7","","20170707",",,7","20170731","+,,7","7.2",",7,17,","0",",,7,31,+","0",",,7,31,+","25.9",",,7,07,","28.3",",7,31,+","22.7","7","22.7",",7","125.1",",,,7","0",",,,7","18.51",",7","23.89",",,,7","13.12",",,,7"
"USC00478905","2017-08","45.3582","-86.891","209.1","WASHINGTON IS, WI US","55.8","7","23.8",",7","15",",7","6",",7","1",",7","0",",7","0",",7","0",",7","0",",7","0",",7","23",",7","0",",7","14","","20170826","+,,7","20170831","+,,7","20170831","+,,7","2","","20170804",",,7","20170801",",,7","5.0",",7,26,+","0",",,7,31,+","0",",,7,31,+","27.9",",,7,04,","27.8",",7,01,","58.1","7","35.4",",7","95.6",",,,7","0",",,,7","17.96",",7","22.86",",,,7","13.06",",,,7"
"USC00478905","2017-09","45.3582","-86.891","209.1","WASHINGTON IS, WI US","77.2","7","21.4",",7","10",",7","3",",7","0",",7","0",",7","0",",7","0",",7","0",",7","0",",7","16",",7","0",",7","13","","20170930",",,7","20170930","+,,7","20170930","+,,7","2","","20170918",",,7","20170924","+,,7","3.9",",7,30,","0",",,7,30,+","0",",,7,30,+","6.9",",,7,18,","25.6",",7,24,+","129.9","7","71.8",",7","20.3",",,,7","0",",,,7","16.66",",7","21.13",",,,7","12.18",",,,7"
"USC00478905","2017-10","45.3582","-86.891","209.1","WASHINGTON IS, WI US","77.2","7","0.0",",7","15",",7","8",",7","1",",7","0",",7","0",",7","0",",7","4",",7","0",",7","0",",7","0",",7","6","","20171030","+,,7","20171031","+,,7","20171031","+,,7","","","20171007",",,7","20171009","+,,7","-3.9",",7,30,+","0",",,7,31,+","0",",,7,31,+","43.2",",,7,07,","20.6",",7,09,+","359.8","7","229.9",",7","124.6",",,,7","0",",,,7","10.92",",7","14.71",",,,7","7.12",",,,7"
"USC00478905","2017-11","45.3582","-86.891","209.1","WASHINGTON IS, WI US","77.2","7","0.0",",7","11",",7","9",",7","0",",7","3",",7","2",",7","0",",7","25",",7","4",",7","0",",7","0",",7","7","","20171110",",,7","20171112",",,7","20171112",",,7","","","20171118",",,7","20171129",",,7","-9.4",",7,10,","51",",,7,12,","56",",,7,12,","14.7",",,7,18,","12.8",",7,29,","868.8","7","509.0",",7","63.8",",,,7","92",",,,7","1.37",",7","4.87",",,,7","-2.13",",,,7"
"USC00478905","2017-12","45.3582","-86.891","209.1","WASHINGTON IS, WI US","77.2","7","0.0",",7","14",",7","6",",7","0",",7","23",",7","6",",7","5",",7","29",",7","22",",7","0",",7","0",",7","8","","20171227","+,,7","20171215",",,7","20171214",",,7","1","","20171205",",,7","20171205",",,7","-20.0",",7,27,+","279",",,7,15,","183",",,7,14,","13.5",",,7,05,","10.0",",7,05,","1622.1","7","753.3",",7","43.0",",,,7","466",",,,7","-5.97",",7","-2.75",",,,7","-9.19",",,,7"
"USC00478905","2018-01","45.3582","-86.891","209.1","WASHINGTON IS, WI US","0.0","7","0.0",",7","10",",7","5",",7","0",",7","31",",7","5",",7","7",",7","30",",7","20",",7","0",",7","0",",7","5","","20180102",",,7","20180116",",,7","20180115",",,7","","","20180123",",,7","20180127","+,,7","-20.6",",7,02,","508",",,7,16,","300",",,7,15,","13.7",",,7,23,","4.4",",7,27,+","2425.8","7","803.7",",7","42.9",",,,7","626",",,,7","-7.59",",7","-3.68",",,,7","-11.50",",,,7"
"USC00478905","2018-02","45.3582","-86.891","209.1","WASHINGTON IS, WI US","0.0","7","0.0",",7","12",",7","5",",7","0",",7","28",",7","3",",7","5",",7","28",",7","18",",7","0",",7","0",",7","7","","20180205",",,7","20180205","+,,7","20180204",",,7","","","20180225",",,7","20180228",",,7","-21.1",",7,05,","254",",,7,05,+","142",",,7,04,","13.7",",,7,25,","8.9",",7,28,","3146.0","7","720.2",",7","41.0",",,,7","290",",,,7","-7.39",",7","-3.43",",,,7","-11.35",",,,7"
"USC00478905","2018-03","45.3582","-86.891","209.1","WASHINGTON IS, WI US","0.0","7","0.0",",7","7",",7","2",",7","0",",7","22",",7","2",",7","0",",7","31",",7","8",",7","0",",7","0",",7","5","","20180314",",,7","20180308","+,,7","20180307",",,7","","","20180307",",,7","20180319",",,7","-12.2",",7,14,","127",",,7,08,+","97",",,7,07,","9.9",",,7,07,","8.3",",7,19,","3782.0","7","636.0",",7","20.5",",,,7","138",",,,7","-2.18",",7","2.21",",,,7","-6.58",",,,7"
"USC00478905","2018-04","45.3582","-86.891","209.1","WASHINGTON IS, WI US","0.0","7","0.0",",7","12",",7","10",",7","2",",7","22",",7","7",",7","0",",7","26",",7","7",",7","0",",7","0",",7","4","","20180405",",,7","20180417","+,,7","20180416",",,7","","","20180416","+,,7","20180425",",,7","-10.6",",7,05,","508",",,7,17,+","310",",,7,16,","31.0",",,7,16,+","17.2",",7,25,","4321.0","7","539.0",",7","112.3",",,,7","937",",,,7","0.37",",7","4.87",",,,7","-4.14",",,,7"
"USC00478905","2018-05","45.3582","-86.891","209.1","WASHINGTON IS, WI US","0.5","7","0.5",",7","14",",7","7",",7","2",",7","0",",7","0",",7","0",",7","2",",7","0",",7","6",",7","0",",7","8","","20180511",",,7","20180531","+,,7","20180531","+,,7","1","","20180531",",,7","20180528",",,7","-1.1",",7,11,","0",",,7,31,+","0",",,7,31,+","28.4",",,7,31,","27.2",",7,28,","4544.5","7","223.5",",7","105.3",",,,7","0",",,,7","11.14",",7","16.86",",,,7","5.42",",,,7"
"USC00478905","2018-06","45.3582","-86.891","209.1","WASHINGTON IS, WI US","4.9","7","4.4",",7","11",",7","9",",7","2",",7","0",",7","0",",7","0",",7","0",",7","0",",7","16",",7","0",",7","8","","20180607",",,7","20180630","+,,7","20180630","+,,7","4","","20180618",",,7","20180629",",,7","4.4",",7,07,","0",",,7,30,+","0",",,7,30,+","30.0",",,7,18,","26.7",",7,29,","4630.3","7","85.8",",7","113.3",",,,7","0",",,,7","15.62",",7","20.98",",,,7","10.26",",,,7"
"USC00478905","2018-07","45.3582","-86.891","209.1","WASHINGTON IS, WI US","55.0","7","50.1",",7","10",",7","5",",7","1",",7","0",",7","0",",7","0",",7","0",",7","0",",7","30",",7","0",",7","10","","20180719",",,7","20180731","+,,7","20180731","+,,7","2","","20180726",",,7","20180706",",,7","7.2",",7,19,","0",",,7,31,+","0",",,7,31,+","32.3",",,7,26,","29.4",",7,06,","12.0","7","12.0",",7","77.4",",,,7","0",",,,7","19.56",",7","24.66",",,,7","14.45",",,,7"
"USC00478905","2018-08","45.3582","-86.891","209.1","WASHINGTON IS, WI US","117.9","7","62.9",",7","12",",7","8",",7","1",",7","0",",7","0",",7","0",",7","0",",7","0",",7","26",",7","0",",7","11","","20180830",",,7","20180831","+,,7","20180831","+,,7","5","","20180828",",,7","20180815",",,7","7.2",",7,30,","0",",,7,31,+","0",",,7,31,+","35.1",",,7,28,","30.0",",7,15,","28.1","7","16.1",",7","80.2",",,,7","0",",,,7","19.84",",7","24.81",",,,7","14.87",",,,7"
"USC00478905","2018-09","45.3582","-86.891","209.1","WASHINGTON IS, WI US","136.1","7","18.2",",7","11",",7","5",",7","0",",7","0",",7","0",",7","0",",7","0",",7","0",",7","16",",7","0",",7","10","","20180930","+,,7","20180930","+,,7","20180930","+,,7","1","","20180904",",,7","20180918",",,7","3.9",",7,30,+","0",",,7,30,+","0",",,7,30,+","24.1",",,7,04,","26.7",",7,18,","115.2","7","87.1",",7","59.0",",,,7","0",",,,7","16.03",",7","20.47",",,,7","11.60",",,,7"
"USC00478905","2018-10","45.3582","-86.891","209.1","WASHINGTON IS, WI US","136.1","7","0.0",",7","21",",7","10",",7","3",",7","0",",7","0",",7","0",",7","4",",7","0",",7","0",",7","0",",7","8","","20181018",",,7","20181031","+,,7","20181021","+,,7","1","","20181003",",,7","20181004",",,7","-3.9",",7,18,","0",",,7,31,+","0",",T,7,21,+","58.4",",,7,03,","20.6",",7,04,","464.9","7","349.7",",7","189.1",",,,7","0",",T,,7","7.05",",7","10.67",",,,7","3.44",",,,7"
"USC00478905","2018-11","45.3582","-86.891","209.1","WASHINGTON IS, WI US","136.1","7","0.0",",7","13",",7","6",",7","0",",7","11",",7","3",",7","0",",7","24",",7","13",",7","0",",7","0",",7","11","","20181121",",,7","20181110",",,7","20181110",",,7","","","20181107",",,7","20181101",",,7","-11.7",",7,21,","127",",,7,10,","102",",,7,10,","17.0",",,7,07,","13.3",",7,01,","1038.7","7","573.8",",7","55.4",",,,7","191",",,,7","-0.80",",7","2.02",",,,7","-3.61",",,,7"
"USC00478905","2018-12","45.3582","-86.891","209.1","WASHINGTON IS, WI US","136.1","7","0.0",",7","10",",7","5",",7","0",",7","19",",7","3",",7","0",",7","29",",7","16",",7","0",",7","0",",7","10","","20181207",",,7","20181204","+,,7","20181203",",,7","","","20181202",",,7","20181216",",,7","-10.0",",7,07,","102",",,7,04,+","53",",,7,03,","21.8",",,7,02,","7.8",",7,16,","1672.5","7","633.8",",7","50.6",",,,7","177",",,,7","-2.11",",7","0.56",",,,7","-4.78",",,,7"
"USC00478905","2019-01","45.3582","-86.891","209.1","WASHINGTON IS, WI US","0.0","7","0.0",",7","16",",7","6",",7","0",",7","29",",7","7",",7","8",",7","31",",7","25",",7","0",",7","0",",7","4","","20190131",",,7","20190130",",,7","20190129",",,7","","","20190108",",,7","20190106",",,7","-28.3",",7,31,","483",",,7,30,","175",",,7,29,","16.8",",,7,08,","5.6",",7,06,","2512.7","7","840.2",",7","55.6",",,,7","599",",,,7","-8.77",",7","-5.30",",,,7","-12.24",",,,7"
"USC00478905","2019-02","45.3582","-86.891","209.1","WASHINGTON IS, WI US","0.0","7","0.0",",7","14",",7","10",",7","0",",7","28",",7","10",",7","10",",7","28",",7","22",",7","0",",7","0",",7","13","","20190201",",,7","20190228",",,7","20190213",",,7","","","20190213",",,7","20190205",",,7","-28.3",",7,01,","864",",,7,28,","340",",,7,13,","15.2",",,7,13,","3.3",",7,05,","3289.8","7","777.1",",7","79.4",",,,7","1156",",,,7","-9.42",",7","-4.38",",,,7","-14.46",",,,7"
"USC00478905","2019-03","45.3582","-86.891","209.1","WASHINGTON IS, WI US","0.0","7","0.0",",7","9",",7","4",",7","0",",7","29",",7","2",",7","6",",7","28",",7","8",",7","0",",7","0",",7","5","","20190305","+,,7","20190310","+,,7","20190310","+,,7","","","20190315",",,7","20190329",",,7","-23.9",",7,05,+","889",",,7,10,+","64",",,7,10,+","8.1",",,7,15,","9.4",",7,29,","3990.8","7","701.0",",7","28.8",",,,7","159",",,,7","-4.28",",7","0.71",",,,7","-9.26",",,,7"
"USC00478905","2019-04","45.3582","-86.891","209.1","WASHINGTON IS, WI US","0.0","7","0.0",",7","11",",7","8",",7","1",",7","2",",7","1",",7","0",",7","20",",7","0",",7","0",",7","0",",7","10","","20190401",",,7","20190412",",,7","20190412",",,7","","","20190418",",,7","20190422","+,,7","-7.8",",7,01,","152",",,7,12,","152",",,7,12,","34.5",",,7,18,","15.0",",7,22,+","4433.2","7","442.4",",7","101.0",",,,7","155",",,,7","3.59",",7","7.93",",,,7","-0.76",",,,7"
"USC00478905","2019-05","45.3582","-86.891","209.1","WASHINGTON IS, WI US","0.0","7","0.0",",7","15",",7","10",",7","1",",7","0",",7","0",",7","0",",7","4",",7","0",",7","2",",7","0",",7","13","","20190504",",,7","20190531","+,,7","20190531","+,,7","1","","20190520",",,7","20190526",",,7","-1.7",",7,04,","0",",,7,31,+","0",",,7,31,+","32.3",",,7,20,","25.0",",7,26,","4752.3","7","319.1",",7","126.7",",,,7","0",",,,7","8.04",",7","12.96",",,,7","3.12",",,,7"
"USC00478905","2019-06","45.3582","-86.891","209.1","WASHINGTON IS, WI US","6.2","7","6.2",",7","16",",7","6",",7","1",",7","0",",7","0",",7","0",",7","0",",7","0",",7","12",",7","0",",7","9","","20190603",",,7","20190630","+,,7","20190630","+,,7","1","","20190615",",,7","20190627",",,7","2.8",",7,03,","0",",,7,30,+","0",",,7,30,+","27.4",",,7,15,","26.7",",7,27,","4872.3","7","120.0",",7","90.5",",,,7","0",",,,7","14.54",",7","19.80",",,,7","9.28",",,,7"
"USC00478905","2019-07","45.3582","-86.891","209.1","WASHINGTON IS, WI US","56.5","7","50.3",",7","11",",7","5",",7","1",",7","0",",7","0",",7","0",",7","0",",7","0",",7","31",",7","0",",7","14","","20190731",",,7","20190731","+,,7","20190731","+,,7","4","","20190716",",,7","20190720",",,7","7.2",",7,31,","0",",,7,31,+","0",",,7,31,+","36.8",",,7,16,","28.9",",7,20,","16.2","7","16.2",",7","65.8",",,,7","0",",,,7","19.43",",7","24.95",",,,7","13.92",",,,7"
"USC00478905","2019-08","45.3582","-86.891","209.1","WASHINGTON IS, WI US","86.5","7","30.0",",7","8",",7","5",",7","1",",7","0",",7","0",",7","0",",7","0",",7","0",",7","29",",7","0",",7","7","","20190801",",,7","20190831","+,,7","20190831","+,,7","1","","20190827",",,7","20190806","+,,7","7.2",",7,01,","0",",,7,31,+","0",",,7,31,+","43.9",",,7,27,","28.3",",7,06,+","38.8","7","22.6",",7","76.5",",,,7","0",",,,7","18.57",",7","24.20",",,,7","12.95",",,,7"
"USC00478905","2019-09","45.3582","-86.891","209.1","WASHINGTON IS, WI US","88.7","7","2.2",",7","19",",7","13",",7","2",",7","0",",7","0",",7","0",",7","0",",7","0",",7","11",",7","0",",7","9","","20190909",",,7","20190930","+,,7","20190930","+,,7","5","","20190919",",,7","20190904",",,7","6.7",",7,09,","0",",,7,30,+","0",",,7,30,+","59.7",",,7,19,","25.0",",7,04,","116.8","7","78.0",",7","207.6",",,,7","0",",,,7","15.81",",7","19.65",",,,7","11.96",",,,7"
"USC00478905","2019-10","45.3582","-86.891","209.1","WASHINGTON IS, WI US","88.7","7","0.0",",7","19",",7","11",",7","0",",7","1",",7","1",",7","0",",7","4",",7","0",",7","0",",7","0",",7","4","","20191031",",,7","20191031",",,7","20191031",",,7","","","20191016",",,7","20191002","+,,7","-2.8",",7,31,","51",",,7,31,","58",",,7,31,","24.9",",,7,16,","20.6",",7,02,+","417.9","7","301.1",",7","127.2",",,,7","71",",,,7","8.62",",7","12.51",",,,7","4.73",",,,7"
"USC00478905","2019-11","45.3582","-86.891","209.1","WASHINGTON IS, WI US","88.7","7","0.0",",7","12",",7","5",",7","1",",7","5",",7","2",",7","0",",7","25",",7","6",",7","0",",7","0",",7","6","","20191112",",,7","20191116","+,,7","20191109",",,7","","","20191127",",,7","20191125",",,7","-11.7",",7,12,","25",",,7,16,+","38",",,7,09,","34.8",",,7,27,","9.4",",7,25,","969.4","7","551.5",",7","68.5",",,,7","97",",,,7","-0.05",",7","2.88",",,,7","-2.98",",,,7"
"USC00478905","2019-12","45.3582","-86.891","209.1","WASHINGTON IS, WI US","88.7","7","0.0",",7","12",",7","8",",7","1",",7","29",",7","6",",7","2",",7","28",",7","16",",7","0",",7","0",",7","8","","20191212","+,,7","20191216","+,,7","20191231",",,7","","","20191229",",,7","20191223",",,7","-17.8",",7,12,+","356",",,7,16,+","203",",,7,31,","33.5",",,7,29,","5.0",",7,23,","1632.3","7","662.9",",7","122.7",",,,7","731",",,,7","-3.05",",7","-0.13",",,,7","-5.97",",,,7"
"USC00478905","2020-01","45.3582","-86.891","209.1","WASHINGTON IS, WI US","0.0","7","0.0",",7","14",",7","4",",7","0",",7","31",",7","5",",7","0",",7","31",",7","17",",7","0",",7","0",",7","8","","20200117",",,7","20200120","+,,7","20200118",",,7","","","20200125",",,7","20200103",",,7","-15.6",",7,17,","356",",,7,20,+","145",",,7,18,","11.9",",,7,25,","5.0",",7,03,","2324.9","7","692.6",",7","40.9",",,,7","488",",,,7","-4.01",",7","-0.80",",,,7","-7.22",",,,7"
"USC00478905","2020-02","45.3582","-86.891","209.1","WASHINGTON IS, WI US","0.0","7","0.0",",7","5",",7","2",",7","0",",7","29",",7","4",",7","4",",7","29",",7","18",",7","0",",7","0",",7","4","","20200215","+,,7","20200218",",,7","20200210",",,7","","","20200218",",,7","20200224",",,7","-20.0",",7,15,+","533",",,7,18,","203",",,7,10,","13.2",",,7,18,","8.3",",7,24,","3036.7","7","711.8",",7","26.7",",,,7","434",",,,7","-6.21",",7","-1.81",",,,7","-10.61",",,,7"
"USC00478905","2020-03","45.3582","-86.891","209.1","WASHINGTON IS, WI US","0.0","7","0.0",",7","13",",7","8",",7","0",",7","13",",7","3",",7","0",",7","28",",7","4",",7","0",",7","0",",7","6","","20200301",",,7","20200301",",,7","20200311",",,7","","","20200320",",,7","20200310",",,7","-10.6",",7,01,","305",",,7,01,","30",",,7,11,","23.4",",,7,20,","7.2",",7,10,","3615.5","7","578.8",",7","98.3",",,,7","96",",,,7","-0.34",",7","2.72",",,,7","-3.40",",,,7"
"USC00478905","2020-04","45.3582","-86.891","209.1","WASHINGTON IS, WI US","0.0","7","0.0",",7","12",",7","7",",7","0",",7","1",",7","1",",7","0",",7","25",",7","0",",7","0",",7","0",",7","6","","20200422","+,,7","20200413",",,7","20200413",",,7","","","20200430",",,7","20200427",",,7","-7.2",",7,22,+","25",",,7,13,","25",",,7,13,","24.1",",,7,30,","13.3",",7,27,","4103.2","7","487.7",",7","78.5",",,,7","31",",,,7","2.08",",7","6.66",",,,7","-2.51",",,,7"
"USC00478905","2020-05","45.3582","-86.891","209.1","WASHINGTON IS, WI US","0.0","7","0.0",",7","13",",7","4",",7","0",",7","0",",7","0",",7","0",",7","11",",7","0",",7","5",",7","0",",7","6","","20200509","+,,7","20200509","+,,7","20200511",",,7","","","20200529",",,7","20200528",",,7","-5.6",",7,09,+","0",",T,7,09,+","3",",,7,11,","22.9",",,7,29,","23.3",",7,28,","4403.1","7","299.9",",7","61.7",",,,7","3",",,,7","8.66",",7","14.00",",,,7","3.32",",,,7"
"USC00478905","2020-06","45.3582","-86.891","209.1","WASHINGTON IS, WI US","7.2","7","7.2",",7","8",",7","6",",7","0",",7","0",",7","0",",7","0",",7","0",",7","0",",7","19",",7","0",",7","5","","20200601",",,7","20200630","+,,7","20200630","+,,7","","","20200623",",,7","20200628",",,7","3.9",",7,01,","0",",,7,30,+","0",",,7,30,+","24.4",",,7,23,","27.2",",7,28,","4497.1","7","94.0",",7","80.5",",,,7","0",",,,7","15.44",",7","21.24",",,,7","9.64",",,,7"
"USC00478905","2020-07","45.3582","-86.891","209.1","WASHINGTON IS, WI US","94.9","7","87.7",",7","11",",7","9",",7","2",",7","0",",7","0",",7","0",",7","0",",7","0",",7","30",",7","0",",7","11","","20200721",",,7","20200731","+,,7","20200731","+,,7","6","","20200719",",,7","20200703",",,7","10.0",",7,21,","0",",,7,31,+","0",",,7,31,+","39.4",",,7,19,","31.1",",7,03,","8.0","7","8.0",",7","124.2",",,,7","0",",,,7","20.90",",7","25.90",",,,7","15.91",",,,7"
"USC00478905","2020-08","45.3582","-86.891","209.1","WASHINGTON IS, WI US","147.3","7","52.4",",7","14",",7","6",",7","0",",7","0",",7","0",",7","0",",7","0",",7","0",",7","30",",7","0",",7","9","","20200805",",,7","20200831","+,,7","20200831","+,,7","5","","20200821",",,7","20200821","+,,7","6.1",",7,05,","0",",,7,31,+","0",",,7,31,+","20.3",",,7,21,","28.3",",7,21,+","25.2","7","17.2",",7","74.3",",,,7","0",",,,7","19.47",",7","24.62",",,,7","14.32",",,,7"
"USC00478905","2020-09","45.3582","-86.891","209.1","WASHINGTON IS, WI US","147.6","7","0.3",",7","13",",7","6",",7","1",",7","0",",7","0",",7","0",",7","0",",7","0",",7","9",",7","0",",7","8","","20200919",",,7","20200930","+,,7","20200930","+,,7","1","","20200913",",,7","20200903",",,7","1.1",",7,19,","0",",,7,30,+","0",",,7,30,+","27.2",",,7,13,","24.4",",7,03,","156.4","7","131.2",",7","82.6",",,,7","0",",,,7","13.97",",7","18.39",",,,7","9.55",",,,7"
"USC00478905","2020-10","45.3582","-86.891","209.1","WASHINGTON IS, WI US","147.6","7","0.0",",7","13",",7","10",",7","1",",7","1",",7","0",",7","0",",7","12",",7","0",",7","0",",7","0",",7","1","","20201031",",,7","20201026",",,7","20201026",",,7","","","20201023",",,7","20201010",",,7","-3.9",",7,31,","25",",,7,26,","18",",,7,26,","39.6",",,7,23,","18.9",",7,10,","529.8","7","373.4",",7","91.3",",,,7","21",",,,7","6.29",",7","10.21",",,,7","2.36",",,,7"
"USC00478905","2020-11","45.3582","-86.891","209.1","WASHINGTON IS, WI US","147.6","7","0.0",",7","7",",7","4",",7","1",",7","0",",7","0",",7","0",",7","16",",7","1",",7","0",",7","0",",7","4","","20201118",",,7","20201113",",,7","20201113",",,7","1","","20201111",",,7","20201107",",,7","-7.2",",7,18,","0",",T,7,13,","3",",,7,13,","27.9",",,7,11,","18.9",",7,07,","956.8","7","427.0",",7","63.7",",,,7","3",",,,7","4.10",",7","7.85",",,,7","0.35",",,,7"
"USC00478905","2020-12","45.3582","-86.891","209.1","WASHINGTON IS, WI US","147.6","7","0.0",",7","8",",7","4",",7","0",",7","8",",7","4",",7","0",",7","30",",7","13",",7","0",",7","0",",7","2","","20201230","+,,7","20201231","+,,7","20201228",",,7","","","20201228",",,7","20201211",",,7","-13.9",",7,30,+","102",",,7,31,+","86",",,7,28,","7.1",",,7,28,","7.8",",7,11,","1583.1","7","626.3",",7","23.7",",,,7","193",",,,7","-1.87",",7","0.83",",,,7","-4.57",",,,7"
"USC00478905","2021-01","45.3582","-86.891","209.1","WASHINGTON IS, WI US","0.0","7","0.0",",7","8",",7","2",",7","0",",7","21",",7","1",",7","0",",7","30",",7","20",",7","0",",7","0",",7","8","","20210129",",,7","20210102","+,,7","20210116",",,7","","","20210116",",,7","20210115","+,,7","-15.0",",7,29,","76",",,7,02,+","25",",,7,16,","9.9",",,7,16,","2.8",",7,15,+","2289.7","7","706.6",",7","18.4",",,,7","70",",,,7","-4.46",",7","-1.34",",,,7","-7.58",",,,7"
"USC00478905","2021-02","45.3582","-86.891","209.1","WASHINGTON IS, WI US","0.0","7","0.0",",7","11",",7","5",",7","0",",7","24",",7","5",",7","11",",7","28",",7","18",",7","0",",7","0",",7","6","","20210216","+,,7","20210223","+,,7","20210205",",,7","","","20210205",",,7","20210224",",,7","-24.4",",7,16,+","254",",,7,23,+","147",",,7,05,","8.1",",,7,05,","8.3",",7,24,","3064.5","7","774.8",",7","31.2",",,,7","441",",,,7","-9.34",",7","-4.88",",,,7","-13.80",",,,7"
"USC00478905","2021-03","45.3582","-86.891","209.1","WASHINGTON IS, WI US","0.0","7","0.0",",7","9",",7","3",",7","0",",7","8",",7","1",",7","0",",7","28",",7","3",",7","0",",7","0",",7","5","","20210302",",,7","20210303","+,,7","20210316",",,7","","","20210311",",,7","20210324",",,7","-13.9",",7,02,","51",",,7,03,+","25",",,7,16,","21.1",",,7,11,","13.9",",7,24,","3624.1","7","559.6",",7","38.8",",,,7","72",",,,7","0.28",",7","5.06",",,,7","-4.50",",,,7"
"USC00478905","2021-04","45.3582","-86.891","209.1","WASHINGTON IS, WI US","0.0","7","0.0",",7","14",",7","9",",7","1",",7","0",",7","0",",7","0",",7","15",",7","0",",7","0",",7","0",",7","3","","20210402","+,,7","20210430","+,,7","20210427",",,7","2","","20210428",",,7","20210407",",,7","-7.2",",7,02,+","0",",,7,30,+","5",",,7,27,","34.8",",,7,28,","19.4",",7,07,","4032.3","7","408.2",",7","87.4",",,,7","5",",,,7","4.73",",7","9.30",",,,7","0.15",",,,7"
"USC00478905","2021-05","45.3582","-86.891","209.1","WASHINGTON IS, WI US","0.0","7","0.0",",7","10",",7","3",",7","0",",7","0",",7","0",",7","0",",7","2",",7","0",",7","2",",7","0",",7","8","","20210512",",,7","20210531","+,,7","20210508",",,7","","","20210504",",,7","20210523",",,7","-0.6",",7,12,","0",",,7,31,+","0",",T,7,08,","5.6",",,7,04,","24.4",",7,23,","4303.0","7","270.7",",7","17.9",",,,7","0",",T,,7","9.60",",7","14.54",",,,7","4.66",",,,7"
"USC00478905","2021-06","45.3582","-86.891","209.1","WASHINGTON IS, WI US","12.7","7","12.7",",7","11",",7","6",",7","1",",7","0",",7","0",",7","0",",7","0",",7","0",",7","19",",7","0",",7","13","","20210622",",,7","20210630","+,,7","20210630","+,,7","2","","20210627",",,7","20210619",",,7","5.6",",7,22,","0",",,7,30,+","0",",,7,30,+","29.2",",,7,27,","30.0",",7,19,","4362.8","7","59.8",",7","100.4",",,,7","0",",,,7","16.77",",7","22.07",",,,7","11.46",",,,7"
"USC00478905","2021-07","45.3582","-86.891","209.1","WASHINGTON IS, WI US","63.3","7","50.6",",7","12",",7","7",",7","2",",7","0",",7","0",",7","0",",7","0",",7","0",",7","28",",7","0",",7","14","","20210709",",,7","20210731","+,,7","20210731","+,,7","1","","20210724",",,7","20210704",",,7","7.2",",7,09,","0",",,7,31,+","0",",,7,31,+","38.1",",,7,24,","31.1",",7,04,","31.1","7","31.1",",7","143.2",",,,7","0",",,,7","18.96",",7","24.50",",,,7","13.42",",,,7"
"USC00478905","2021-08","45.3582","-86.891","209.1","WASHINGTON IS, WI US","113.9","7","50.6",",7","9",",7","4",",7","0",",7","0",",7","0",",7","0",",7","0",",7","0",",7","30",",7","0",",7","12","","20210803","+,,7","20210831","+,,7","20210831","+,,7","","","20210809",",,7","20210820",",,7","9.4",",7,03,+","0",",,7,31,+","0",",,7,31,+","13.2",",,7,09,","27.8",",7,20,","42.0","7","10.9",",7","35.2",",,,7","0",",,,7","19.61",",7","24.54",",,,7","14.69",",,,7"
"USC00478905","2021-09","45.3582","-86.891","209.1","WASHINGTON IS, WI US","115.3","7","1.4",",7","10",",7","5",",7","0",",7","0",",7","0",",7","0",",7","0",",7","0",",7","18",",7","0",",7","9","","20210928",",,7","20210930","+,,7","20210930","+,,7","2","","20210907",",,7","20210912",",,7","6.7",",7,28,","0",",,7,30,+","0",",,7,30,+","16.0",",,7,07,","26.1",",7,12,","114.4","7","72.4",",7","42.6",",,,7","0",",,,7","15.97",",7","21.06",",,,7","10.87",",,,7"
"USC00478905","2021-10","45.3582","-86.891","209.1","WASHINGTON IS, WI US","115.6","7","0.3",",7","11",",7","4",",7","1",",7","0",",7","0",",7","0",",7","0",",7","0",",7","3",",7","0",",7","12","","20211024","+,,7","20211031","+,,7","20211031","+,,7","","","20211012",",,7","20211003",",,7","0.6",",7,24,+","0",",,7,31,+","0",",,7,31,+","29.0",",,7,12,","22.2",",7,03,","298.3","7","183.9",",7","70.0",",,,7","0",",,,7","12.41",",7","16.27",",,,7","8.55",",,,7"
"USC00478905","2021-11","45.3582","-86.891","209.1","WASHINGTON IS, WI US","115.6","7","0.0",",7","10",",7","4",",7","0",",7","4",",7","2",",7","0",",7","21",",7","3",",7","0",",7","0",",7","4","","20211126",",,7","20211128",",,7","20211128",",,7","","","20211128",",,7","20211109",",,7","-10.0",",7,26,","76",",,7,28,","89",",,7,28,","8.9",",,7,28,","16.1",",7,09,","783.8","7","485.5",",7","36.0",",,,7","169",",,,7","2.15",",7","6.28",",,,7","-1.98",",,,7"
"USC00478905","2021-12","45.3582","-86.891","209.1","WASHINGTON IS, WI US","115.6","7","0.0",",7","19",",7","8",",7","1",",7","23",",7","7",",7","0",",7","28",",7","12",",7","0",",7","0",",7","6","","20211209","+,,7","20211212","+,,7","20211211",",,7","","","20211211",",,7","20211216",",,7","-13.3",",7,09,+","330",",,7,12,+","170",",,7,11,","37.3",",,7,11,","11.1",",7,16,","1432.3","7","648.5",",7","75.5",",,,7","619",",,,7","-2.59",",7","1.34",",,,7","-6.51",",,,7"
"USC00478905","2022-01","45.3582","-86.891","209.1","WASHINGTON IS, WI US","0.0","7","0.0",",7","13",",7","1",",7","0",",7","31",",7","8",",7","5",",7","31",",7","29",",7","0",",7","0",",7","7","","20220126",",,7","20220109","+,,7","20220106",",,7","","","20220106",",,7","20220119","+,,7","-22.2",",7,26,","279",",,7,09,+","165",",,7,06,","11.4",",,7,06,","1.7",",7,19,+","2316.5","7","884.2",",7","23.8",",,,7","441",",,,7","-10.19",",7","-6.15",",,,7","-14.23",",,,7"
"USC00478905","2022-02","45.3582","-86.891","209.1","WASHINGTON IS, WI US","0.0","7","0.0",",7","11",",7","5",",7","0",",7","28",",7","7",",7","6",",7","28",",7","19",",7","0",",7","0",",7","5","","20220215","+,,7","20220223",",,7","20220223",",,7","","","20220211",",,7","20220221",",,7","-18.9",",7,15,+","330",",,7,23,","152",",,7,23,","13.0",",,7,11,","5.0",",7,21,","3072.0","7","755.5",",7","40.5",",,,7","574",",,,7","-8.65",",7","-3.70",",,,7","-13.60",",,,7"
"USC00478905","2022-03","45.3582","-86.891","209.1","WASHINGTON IS, WI US","0.0","7","0.0",",7","14",",7","7",",7","0",",7","21",",7","2",",7","0",",7","31",",7","13",",7","0",",7","0",",7","7","","20220313","+,,7","20220301",",,7","20220331",",,7","","","20220331",",,7","20220318",",,7","-15.0",",7,13,+","178",",,7,01,","38",",,7,31,","24.1",",,7,31,","12.2",",7,18,","3723.7","7","651.7",",7","120.6",",,,7","124",",,,7","-2.69",",7","1.13",",,,7","-6.51",",,,7"
"USC00478905","2022-04","45.3582","-86.891","209.1","WASHINGTON IS, WI US","0.0","7","0.0",",7","17",",7","12",",7","0",",7","5",",7","3",",7","0",",7","26",",7","1",",7","0",",7","0",",7","10","","20220427",",,7","20220401",",,7","20220405",",,7","1","","20220421",",,7","20220412",",,7","-5.6",",7,27,","51",",,7,01,","58",",,7,05,","14.2",",,7,21,","14.4",",7,12,","4207.2","7","483.5",",7","79.3",",,,7","185",",,,7","2.22",",7","5.81",",,,7","-1.38",",,,7"
"USC00478905","2022-05","45.3582","-86.891","209.1","WASHINGTON IS, WI US","0.0","7","0.0",",7","15",",7","8",",7","1",",7","0",",7","0",",7","0",",7","4",",7","0",",7","1",",7","0",",7","8","","20220524","+,,7","20220531","+,,7","20220531","+,,7","5","","20220526",",,7","20220515",",,7","0.0",",7,24,+","0",",,7,31,+","0",",,7,31,+","47.5",",,7,26,","26.1",",7,15,","4463.9","7","256.7",",7","122.8",",,,7","0",",,,7","10.05",",7","14.95",",,,7","5.16",",,,7"
"USC00478905","2022-06","45.3582","-86.891","209.1","WASHINGTON IS, WI US","10.8","7","10.8",",7","8",",7","4",",7","0",",7","0",",7","0",",7","0",",7","0",",7","0",",7","12",",7","0",",7","8","","20220604",",,7","20220630","+,,7","20220630","+,,7","1","","20220612",",,7","20220622",",,7","5.6",",7,04,","0",",,7,30,+","0",",,7,30,+","20.8",",,7,12,","28.3",",7,22,","4570.6","7","106.7",",7","45.7",",,,7","0",",,,7","15.14",",7","20.69",",,,7","9.59",",,,7"
"USC00478905","2022-07","45.3582","-86.891","209.1","WASHINGTON IS, WI US","52.8","7","42.0",",7","10",",7","2",",7","0",",7","0",",7","0",",7","0",",7","0",",7","0",",7","30",",7","0",",7","8","","20220715",",,7","20220731","+,,7","20220731","+,,7","","","20220705",",,7","20220724",",,7","9.4",",7,15,","0",",,7,31,+","0",",,7,31,+","22.4",",,7,05,","31.1",",7,24,","17.5","7","17.5",",7","30.5",",,,7","0",",,,7","19.12",",7","25.00",",,,7","13.25",",,,7"
"USC00478905","2022-08","45.3582","-86.891","209.1","WASHINGTON IS, WI US","95.6","7","42.8",",7","13",",7","7",",7","1",",7","0",",7","0",",7","0",",7","0",",7","0",",7","30",",7","0",",7","15","","20220813","+,,7","20220831","+,,7","20220831","+,,7","1","","20220808",",,7","20220807",",,7","7.8",",7,13,+","0",",,7,31,+","0",",,7,31,+","42.7",",,7,08,","28.9",",7,07,","34.7","7","17.2",",7","82.3",",,,7","0",",,,7","19.16",",7","24.27",",,,7","14.05",",,,7"
"USC00478905","2022-09","45.3582","-86.891","209.1","WASHINGTON IS, WI US","105.6","7","10.0",",7","12",",7","7",",7","1",",7","0",",7","0",",7","0",",7","0",",7","0",",7","15",",7","0",",7","8","","20220929",",,7","20220930","+,,7","20220930","+,,7","","","20220912",",,7","20220903","+,,7","1.7",",7,29,","0",",,7,30,+","0",",,7,30,+","34.3",",,7,12,","26.1",",7,03,+","131.3","7","96.6",",7","74.9",",,,7","0",",,,7","15.45",",7","20.00",",,,7","10.89",",,,7"
"USC00478905","2022-10","45.3582","-86.891","209.1","WASHINGTON IS, WI US","105.6","7","0.0",",7","15",",7","6",",7","0",",7","0",",7","0",",7","0",",7","3",",7","0",",7","0",",7","0",",7","4","","20221027",",,7","20221031","+,,7","20221031","+,,7","","","20221026",",,7","20221005",",,7","-2.8",",7,27,","0",",,7,31,+","0",",,7,31,+","13.0",",,7,26,","20.6",",7,05,","448.6","7","317.3",",7","64.3",",,,7","0",",,,7","8.10",",7","12.21",",,,7","3.99",",,,7"
"USC00478905","2022-11","45.3582","-86.891","209.1","WASHINGTON IS, WI US","105.6","7","0.0",",7","13",",7","7",",7","1",",7","7",",7","2",",7","0",",7","16",",7","3",",7","0",",7","0",",7","11","","20221120",",,7","20221120","+,,7","20221116",",,7","1","","20221105",",,7","20221102",",,7","-10.0",",7,20,","76",",,7,20,+","46",",,7,16,","33.3",",,7,05,","16.7",",7,02,","905.9","7","457.3",",7","79.5",",,,7","107",",,,7","3.09",",7","6.50",",,,7","-0.33",",,,7"
"USC00478905","2022-12","45.3582","-86.891","209.1","WASHINGTON IS, WI US","105.6","7","0.0",",7","14",",7","6",",7","0",",7","17",",7","6",",7","0",",7","30",",7","15",",7","0",",7","0",",7","10","","20221221",",,7","20221226","+,,7","20221223",",,7","","","20221215",",,7","20221203",",,7","-15.6",",7,21,","330",",,7,26,+","152",",,7,23,","19.3",",,7,15,","5.6",",7,03,","1580.7","7","674.8",",7","44.4",",,,7","411",",,,7","-3.43",",7","-0.68",",,,7","-6.19",",,,7"
"USC00478905","2023-01","45.3582","-86.891","209.1","WASHINGTON IS, WI US","0.0","7","0.0",",7","14",",7","5",",7","0",",7","18",",7","4",",7","1",",7","29",",7","18",",7","0",",7","0",",7","14","","20230131",",,7","20230120",",,7","20230120","+,,7","","","20230120",",,7","20230117","+,,7","-19.4",",7,31,","279",",,7,20,","135",",,7,20,+","13.5",",,7,20,","2.8",",7,17,+","2254.9","7","674.2",",7","58.7",",,,7","379",",,,7","-3.41",",7","-1.29",",,,7","-5.54",",,,7"
"USC00478905","2023-02","45.3582","-86.891","209.1","WASHINGTON IS, WI US","0.0","7","0.0",",7","11",",7","7",",7","0",",7","22",",7","6",",7","3",",7","27",",7","16",",7","0",",7","0",",7","5","","20230204","+,,7","20230228",",,7","20230223",",,7","","","20230223",",,7","20230220",",,7","-20.0",",7,04,+","432",",,7,28,","198",",,7,23,","13.5",",,7,23,","6.1",",7,20,","2908.7","7","653.8",",7","46.7",",,,7","608",",,,7","-5.02",",7","-1.23",",,,7","-8.81",",,,7"
"USC00478905","2023-03","45.3582","-86.891","209.1","WASHINGTON IS, WI US","0.0","7","0.0",",7","12",",7","6",",7","0",",7","26",",7","9",",7","0",",7","31",",7","8",",7","0",",7","0",",7","9","","20230312",",,7","20230302","+,,7","20230326",",,7","","","20230331",",,7","20230328",",,7","-11.7",",7,12,","305",",,7,02,+","188",",,7,26,","11.4",",,7,31,","6.1",",7,28,","3559.1","7","650.4",",7","53.5",",,,7","479",",,,7","-2.65",",7","1.74",",,,7","-7.03",",,,7"
"USC00478905","2023-04","45.3582","-86.891","209.1","WASHINGTON IS, WI US","0.0","7","0.0",",7","13",",7","7",",7","1",",7","5",",7","3",",7","0",",7","21",",7","1",",7","1",",7","0",",7","8","","20230402",",,7","20230408",",,7","20230408",",,7","1","","20230401",",,7","20230413",",,7","-7.8",",7,02,","102",",,7,08,","94",",,7,08,","45.7",",,7,01,","21.1",",7,13,","4017.4","7","458.3",",7","100.7",",,,7","217",",,,7","3.06",",7","7.50",",,,7","-1.39",",,,7"
"USC00478905","2023-05","45.3582","-86.891","209.1","WASHINGTON IS, WI US","0.0","7","0.0",",7","8",",7","4",",7","0",",7","0",",7","0",",7","0",",7","3",",7","0",",7","5",",7","0",",7","6","","20230501",",,7","20230531","+,,7","20230501",",,7","1","","20230507",",,7","20230531","+,,7","-0.6",",7,01,","0",",,7,31,+","8",",,7,01,","21.8",",,7,07,","23.9",",7,31,+","4285.8","7","268.4",",7","49.8",",,,7","8",",,,7","9.68",",7","15.37",",,,7","3.98",",,,7"
"USC00478905","2023-06","45.3582","-86.891","209.1","WASHINGTON IS, WI US","12.2","7","12.2",",7","5",",7","5",",7","0",",7","0",",7","0",",7","0",",7","0",",7","0",",7","22",",7","0",",7","12","","20230610","+,,7","20230630","+,,7","20230630","+,,7","","","20230626",",,7","20230623",",,7","5.0",",7,10,+","0",",,7,30,+","0",",,7,30,+","10.2",",,7,26,","28.9",",7,23,","4361.7","7","75.9",",7","29.7",",,,7","0",",,,7","16.21",",7","22.27",",,,7","10.15",",,,7"
"USC00478905","2023-07","45.3582","-86.891","209.1","WASHINGTON IS, WI US","40.8","7","28.6",",7","12",",7","7",",7","0",",7","0",",7","0",",7","0",",7","0",",7","0",",7","28",",7","0",",7","17","","20230730","+,,7","20230731","+,,7","20230731","+,,7","1","","20230711",",,7","20230711",",,7","8.3",",7,30,+","0",",,7,31,+","0",",,7,31,+","13.7",",,7,11,","29.4",",7,11,","31.1","7","31.1",",7","54.4",",,,7","0",",,,7","18.25",",7","24.14",",,,7","12.37",",,,7"
"USC00478905","2023-08","45.3582","-86.891","209.1","WASHINGTON IS, WI US","50.9","7","10.1",",7","13",",7","6",",7","0",",7","0",",7","0",",7","0",",7","0",",7","0",",7","21",",7","0",",7","10","","20230831",",,7","20230831","+,,7","20230831","+,,7","1","","20230822",",,7","20230821",",,7","6.1",",7,31,","0",",,7,31,+","0",",,7,31,+","20.6",",,7,22,","27.8",",7,21,","76.2","7","45.1",",7","79.5",",,,7","0",",,,7","17.20",",7","21.90",",,,7","12.50",",,,7"
"USC00478905","2023-09","45.3582","-86.891","209.1","WASHINGTON IS, WI US","62.0","7","11.1",",7","14",",7","4",",7","0",",7","0",",7","0",",7","0",",7","0",",7","0",",7","9",",7","0",",7","11","","20230920","+,,7","20230930","+,,7","20230930","+,,7","1","","20230906",",,7","20230905",",,7","6.1",",7,20,+","0",",,7,30,+","0",",,7,30,+","13.5",",,7,06,","27.8",",7,05,","174.8","7","98.6",",7","36.2",",,,7","0",",,,7","15.42",",7","19.97",",,,7","10.87",",,,7"
"USC00478905","2023-10","45.3582","-86.891","209.1","WASHINGTON IS, WI US","62.0","7","0.0",",7","18",",7","6",",7","1",",7","0",",7","0",",7","0",",7","2",",7","0",",7","1",",7","0",",7","1","","20231031",",,7","20231031","+,,7","20231031","+,,7","2","","20231025",",,7","20231005",",,7","-3.3",",7,31,","0",",,7,31,+","0",",,7,31,+","48.8",",,7,25,","21.1",",7,05,","444.2","7","269.4",",7","114.6",",,,7","0",",,,7","9.64",",7","12.83",",,,7","6.45",",,,7"
"USC00478905","2023-11","45.3582","-86.891","209.1","WASHINGTON IS, WI US","62.0","7","0.0",",7","12","3,7","4","3,7","0","3,7","4","2,7","1","2,7","0",",7","19",",7","4",",7","0",",7","0",",7","","","20231128",",,7","20231130","+,2,7","20231127",",2,7","","","20231106",",3,7","20231107",",,7","-9.4",",7,28,","76","2,,7,30,+","43","2,,7,27,","18.5","3,,7,06,","15.0",",7,07,","926.8","7","482.6",",7","38.0",",a,,7","56","2,,,7","2.25",",7","5.64",",,,7","-1.15",",,,7"
"USC00478905","2023-12","45.3582","-86.891","209.1","WASHINGTON IS, WI US","62.0","7","0.0",",7","11",",7","5",",7","0",",7","7",",7","1",",7","0",",7","23",",7","5",",7","0",",7","0",",7","5","","20231219",",,7","20231202","+,,7","20231218",",,7","","","20231210",",,7","20231226",",,7","-8.9",",7,19,","51",",,7,02,+","28",",,7,18,","11.2",",,7,10,","8.9",",7,26,","1476.3","7","549.5",",7","36.0",",,,7","33",",,,7","0.61",",7","3.11",",,,7","-1.89",",,,7"
"USC00478905","2024-01","45.3582","-86.891","209.1","WASHINGTON IS, WI US","0.0","","0.0",",7","11","2,7","5","2,7","0","2,7","25",",7","5","1,7","2",",7","31",",7","22",",7","0",",7","0",",7","2","","20240116",",,7","20240113",",,7","20240113",",1,7","","","202401","2,,7","20240131",",,7","-20.0",",7,16,","305",",,7,13,","229","1,,7,13,","16.3","2,,7,  ,","1.7",",7,31,","2205.2","","728.9",",7","38.1",",a,,7","411","1,,,7","-5.18",",7","-3.04",",,,7","-7.32",",,,7"
"USC00478905","2024-02","45.3582","-86.891","209.1","WASHINGTON IS, WI US","0.0","","0.0",",7","5",",7","1",",7","0",",7","8",",7","2",",7","0",",7","28",",7","11",",7","0",",7","0",",7","4","","20240229","+,,7","20240218","+,,7","20240215",",,7","1","","20240215",",,7","20240222",",,7","-12.8",",7,29,+","51",",,7,18,+","46",",,7,15,","8.9",",,7,15,","8.3",",7,22,","2801.8","","596.6",",7","12.1",",,,7","76",",,,7","-2.24",",7","1.50",",,,7","-5.98",",,,7"
"USC00478905","2024-03","45.3582","-86.891","209.1","WASHINGTON IS, WI US","0.0","","0.0",",7","9","2,7","4","2,7","0","2,7","2",",7","1",",7","0",",7","28",",7","1",",7","0",",7","0",",7","","","20240301",",,7","20240309","+,,7","20240322",",,7","","","20240305",",2,7","20240313",",,7","-11.1",",7,01,","25",",,7,09,+","25",",,7,22,","13.5","2,,7,05,","16.1",",7,13,","3335.5","","533.7",",7","39.2",",a,,7","56",",,,7","1.12",",7","5.49",",,,7","-3.26",",,,7"
"USC00478905","2024-04","45.3582","-86.891","209.1","WASHINGTON IS, WI US","0.0","","0.0",",7","11",",7","8",",7","0",",7","3",",7","1",",7","0",",7","9",",7","0",",7","0",",7","0",",7","","","20240425",",,7","20240403",",,7","20240403",",,7","","","20240403",",,7","20240428",",,7","-4.4",",7,25,","127",",,7,03,","140",",,7,03,","24.1",",,7,03,","18.9",",7,28,","3716.2","","380.7",",7","78.4",",,,7","140",",,,7","5.64",",7","9.93",",,,7","1.36",",,,7"
"USC00478905","2024-05","45.3582","-86.891","209.1","WASHINGTON IS, WI US","0.0","","0.0",",7","15",",7","9",",7","2",",7","0",",7","0",",7","0",",7","0",",7","0",",7","2",",7","0",",7","","","20240502",",,7","20240531","+,,7","20240531","+,,7","","","20240527",",,7","20240524","+,,7","1.1",",7,02,","0",",,7,31,+","0",",,7,31,+","48.0",",,7,27,","21.1",",7,24,+","3928.3","","212.1",",7","156.9",",,,7","0",",,,7","11.49",",7","16.55",",,,7","6.44",",,,7"
"USC00478905","2024-06","45.3582","-86.891","209.1","WASHINGTON IS, WI US","6.4","","6.4","1,H","16","1,H","11","1,H","1","1,H","0","1,H","0","1,H","0","1,H","0","1,H","0","1,H","13","1,H","0","1,H","","","20240611",",1,H","20240630","+,1,H","20240630","+,1,H","","","20240625",",1,H","20240626",",1,H","3.3","1,H,11,","0","1,,H,30,+","0","1,,H,30,+","39.4","1,,H,25,","26.7","1,H,26,","4001.3","","73.0","1,H","135.4","1,,,H","0","1,,,H","16.03","1,H","20.44","1,,,H","11.63","1,,,H"
