"STATION","DATE","LATITUDE","LONGITUDE","ELEVATION","NAME","CDSD","CDSD_ATTRIBUTES","CLDD","CLDD_ATTRIBUTES","DP01","DP01_ATTRIBUTES","DP10","DP10_ATTRIBUTES","DP1X","DP1X_ATTRIBUTES","DSND","DSND_ATTRIBUTES","DSNW","DSNW_ATTRIBUTES","DT00","DT00_ATTRIBUTES","DT32","DT32_ATTRIBUTES","DX32","DX32_ATTRIBUTES","DX70","DX70_ATTRIBUTES","DX90","DX90_ATTRIBUTES","DYFG","DYFG_ATTRIBUTES","DYNT","DYNT_ATTRIBUTES","DYSD","DYSD_ATTRIBUTES","DYSN","DYSN_ATTRIBUTES","DYTS","DYTS_ATTRIBUTES","DYXP","DYXP_ATTRIBUTES","DYXT","DYXT_ATTRIBUTES","EMNT","EMNT_ATTRIBUTES","EMSD","EMSD_ATTRIBUTES","EMSN","EMSN_ATTRIBUTES","EMXP","EMXP_ATTRIBUTES","EMXT","EMXT_ATTRIBUTES","HDSD","HDSD_ATTRIBUTES","HTDD","HTDD_ATTRIBUTES","PRCP","PRCP_ATTRIBUTES","SNOW","SNOW_ATTRIBUTES","TAVG","TAVG_ATTRIBUTES","TMAX","TMAX_ATTRIBUTES","TMIN","TMIN_ATTRIBUTES"
"USC00293577","1948-06","33.3216","-108.8794","1440.2","GLENWOOD, NM US","","","116.1",",0","2",",0","1",",0","0",",0","0",",0","0",",0","0",",0","0",",0","0",",0","30",",0","18",",0","","","19480621",",,0","19480630","+,,0","19480630","+,,0","","","19480601",",,0","19480617","+,,0","4.4",",0,21,","0",",,0,30,+","0",",,0,30,+","11.2",",,0,01,","36.1",",0,17,+","","","0.8",",0","12.7",",,,0","0",",,,0","22.18",",0","32.37",",,,0","11.98",",,,0"
"USC00293577","1948-07","33.3216","-108.8794","1440.2","GLENWOOD, NM US","","","213.9",",0","8",",0","2",",0","0",",0","0",",0","0",",0","0",",0","0",",0","0",",0","31",",0","28",",0","","","19480702",",,0","19480731","+,,0","19480731","+,,0","2","","19480720",",,0","19480714",",,0","8.3",",0,02,","0",",,0,31,+","0",",,0,31,+","6.6",",,0,20,","41.1",",0,14,","0.0","0","0.0",",0","14.8",",,,0","0",",,,0","25.23",",0","35.20",",,,0","15.26",",,,0"
"USC00293577","1948-08","33.3216","-108.8794","1440.2","GLENWOOD, NM US","","","208.0",",0","8",",0","3",",0","1",",0","0",",0","0",",0","0",",0","0",",0","0",",0","31",",0","28",",0","","","19480827",",,0","19480831","+,,0","19480831","+,,0","4","","19480812",",,0","19480801",",,0","11.1",",0,27,","0",",,0,31,+","0",",,0,31,+","43.7",",,0,12,","37.2",",0,01,","0.0","0","0.0",",0","61.8",",,,0","0",",,,0","25.04",",0","34.50",",,,0","15.58",",,,0"
"USC00293577","1948-09","33.3216","-108.8794","1440.2","GLENWOOD, NM US","","","101.9",",0","9",",0","4",",0","0",",0","0",",0","0",",0","0",",0","0",",0","0",",0","30",",0","13",",0","","","19480923",",,0","19480930","+,,0","19480930","+,,0","4","","19480919",",,0","19480903",",,0","6.1",",0,23,","0",",,0,30,+","0",",,0,30,+","7.6",",,0,19,","40.0",",0,03,","3.1","0","3.1",",0","28.3",",,,0","0",",,,0","21.63",",0","31.62",",,,0","11.63",",,,0"
"USC00293577","1948-10","33.3216","-108.8794","1440.2","GLENWOOD, NM US","","","4.7",",0","7",",0","5",",0","0",",0","0","1,0","0",",0","0",",0","0",",0","0",",0","23",",0","0",",0","","","19481024","+,,0","19481031","+,1,0","19481031","+,,0","","","19481019",",,0","19481013","+,,0","0.6",",0,24,+","0","1,,0,31,+","0",",,0,31,+","20.6",",,0,19,","30.0",",0,13,+","107.6","0","104.5",",0","48.8",",,,0","0",",,,0","15.11",",0","24.32",",,,0","5.90",",,,0"
"USC00293577","1948-11","33.3216","-108.8794","1440.2","GLENWOOD, NM US","","","0.0",",0","1",",0","0",",0","0",",0","0",",0","0",",0","0",",0","27",",0","0",",0","6",",0","0",",0","","","19481128",",,0","19481130","+,,0","19481130","+,,0","","","19481126",",,0","19481116",",,0","-12.2",",0,28,","0",",,0,30,+","0",",,0,30,+","1.5",",,0,26,","23.9",",0,16,","471.7","0","364.1",",0","1.5",",,,0","0",",,,0","6.20",",0","16.76",",,,0","-4.37",",,,0"
"USC00293577","1948-12","33.3216","-108.8794","1440.2","GLENWOOD, NM US","","","0.0","1,0","7","1,0","7","1,0","0","1,0","0","1,0","0","1,0","0","1,0","25","1,0","0","1,0","0","1,0","0","1,0","","","19481205",",1,0","19481231","+,1,0","19481231","+,1,0","","","19481222",",1,0","19481212",",1,0","-13.3","1,0,05,","0","1,,0,31,+","0","1,,0,31,+","16.3","1,,0,22,","20.6","1,0,12,","884.1","0","412.4","1,0","76.2","1,,,0","0","1,,,0","4.59","1,0","13.73","1,,,0","-4.56","1,,,0"
"USC00293577","1949-01","33.3216","-108.8794","1440.2","GLENWOOD, NM US","0.0","0","0.0",",0","12",",0","7",",0","0",",0","3",",0","2",",0","0",",0","23",",0","4",",0","0",",0","0",",0","","","19490118",",,0","19490116",",,0","19490116",",,0","","","19490113",",,0","19490122","+,,0","-17.2",",0,18,","178",",,0,16,","178",",,0,16,","19.3",",,0,13,","13.3",",0,22,+","1410.5","0","526.4",",0","80.9",",,,0","203",",,,0","1.35",",0","6.98",",,,0","-4.27",",,,0"
"USC00293577","1949-02","33.3216","-108.8794","1440.2","GLENWOOD, NM US","0.0","0","0.0",",0","2",",0","2",",0","0",",0","0",",0","0",",0","0",",0","26",",0","0",",0","4",",0","0",",0","","","19490207",",,0","19490228","+,,0","19490228","+,,0","","","19490212",",,0","19490223","+,,0","-10.0",",0,07,","0",",,0,28,+","0",",,0,28,+","5.3",",,0,12,","23.3",",0,23,+","1770.6","0","360.1",",0","9.4",",,,0","0",",,,0","5.47",",0","14.62",",,,0","-3.67",",,,0"
"USC00293577","1949-03","33.3216","-108.8794","1440.2","GLENWOOD, NM US","0.0","0","0.0",",0","4",",0","1",",0","0",",0","0",",","","","0",",0","20",",0","0",",0","14",",0","0",",0","","","19490330",",,0","19490331","+,,0","","","","","19490307",",,0","19490319",",,0","-6.7",",0,30,","0",",,0,31,+","","","15.2",",,0,07,","26.7",",0,19,","2052.1","0","281.5",",0","17.8",",,,0","","","9.25",",0","19.33",",,,0","-0.82",",,,0"
"USC00293577","1949-04","33.3216","-108.8794","1440.2","GLENWOOD, NM US","6.4","0","6.4",",0","3",",0","2",",0","0",",0","0",",","","","0",",0","6",",0","0",",0","24",",0","1",",0","","","19490402",",,0","19490430","+,,0","","","","","19490403",",,0","19490423",",,0","-4.4",",0,02,","0",",,0,30,+","","","13.2",",,0,03,","32.2",",0,23,","2191.9","0","139.8",",0","18.8",",,,0","","","13.89",",0","24.42",",,,0","3.36",",,,0"
"USC00293577","1949-05","33.3216","-108.8794","1440.2","GLENWOOD, NM US","21.9","0","15.5",",0","2",",0","1",",0","0",",0","0",",0","0",",0","0",",0","0",",0","0",",0","31",",0","4",",0","","","19490519",",,0","19490531","+,,0","19490531","+,,0","1","","19490526",",,0","19490525",",,0","1.1",",0,19,","0",",,0,31,+","0",",,0,31,+","3.6",",,0,26,","35.0",",0,25,","2252.4","0","60.5",",0","4.1",",,,0","0",",,,0","16.88",",0","28.13",",,,0","5.64",",,,0"
"USC00293577","1949-06","33.3216","-108.8794","1440.2","GLENWOOD, NM US","112.8","0","90.9",",0","10",",0","4",",0","0",",0","0",",0","0",",0","0",",0","0",",0","0",",0","30",",0","16",",0","","","19490603","+,,0","19490630","+,,0","19490630","+,,0","","","19490618",",,0","19490629",",,0","4.4",",0,03,+","0",",,0,30,+","0",",,0,30,+","4.8",",,0,18,","36.7",",0,29,","2260.5","0","8.1",",0","21.4",",,,0","0",",,,0","21.09",",0","31.83",",,,0","10.36",",,,0"
"USC00293577","1949-07","33.3216","-108.8794","1440.2","GLENWOOD, NM US","299.4","0","186.6",",0","12",",0","5",",0","1",",0","0",",0","0",",0","0",",0","0",",0","0",",0","31",",0","20",",0","","","19490716",",,0","19490731","+,,0","19490731","+,,0","1","","19490724",",,0","19490718",",,0","13.9",",0,16,","0",",,0,31,+","0",",,0,31,+","30.5",",,0,24,","37.2",",0,18,","0.0","0","0.0",",0","73.9",",,,0","0",",,,0","24.35",",0","32.75",",,,0","15.96",",,,0"
"USC00293577","1949-08","33.3216","-108.8794","1440.2","GLENWOOD, NM US","456.8","0","157.4",",0","7",",0","3",",0","0",",0","0",",","","","0",",0","0",",0","0",",0","31",",0","21",",0","","","19490811",",,0","19490831","+,,0","","","","","19490804",",,0","19490831",",,0","10.0",",0,11,","0",",,0,31,+","","","17.8",",,0,04,","38.3",",0,31,","0.0","0","0.0",",0","34.8",",,,0","","","23.41",",0","32.88",",,,0","13.95",",,,0"
"USC00293577","1949-09","33.3216","-108.8794","1440.2","GLENWOOD, NM US","557.2","0","100.4",",0","8",",0","4",",0","0",",0","0",",0","0",",0","0",",0","0",",0","0",",0","30",",0","7",",0","","","19490924",",,0","19490930","+,,0","19490930","+,,0","4","","19490903",",,0","19490921","+,,0","5.6",",0,24,","0",",,0,30,+","0",",,0,30,+","11.4",",,0,03,","33.9",",0,21,+","1.1","0","1.1",",0","32.1",",,,0","0",",,,0","21.64",",0","30.78",",,,0","12.51",",,,0"
"USC00293577","1949-10","33.3216","-108.8794","1440.2","GLENWOOD, NM US","564.2","0","7.0","1,0","5",",0","2",",0","0",",0","0",",","","","0",",0","4",",0","0","1,0","22","1,0","0","1,0","","","19491010",",,0","19491031","+,,0","","","2","","19491017",",,0","19491002",",1,0","-2.2",",0,10,","0",",,0,31,+","","","14.7",",,0,17,","31.1","1,0,02,","132.8","0","131.7","1,0","23.1",",,,0","","","14.14","1,0","23.83","1,,,0","4.45",",,,0"
"USC00293577","1949-11","33.3216","-108.8794","1440.2","GLENWOOD, NM US","564.2","0","0.0",",0","2",",0","1",",0","0",",0","0",",","","","0",",0","21",",0","0",",0","24",",0","0",",0","","","19491108",",,0","19491130","+,,0","","","","","19491111",",,0","19491127","+,,0","-4.4",",0,08,","0",",,0,30,+","","","8.4",",,0,11,","26.7",",0,27,+","344.7","0","211.9",",0","9.4",",,,0","","","11.27",",0","23.19",",,,0","-0.65",",,,0"
"USC00293577","1949-12","33.3216","-108.8794","1440.2","GLENWOOD, NM US","564.2","0","0.0",",0","5",",0","4",",0","0",",0","0",",","","","0",",0","28",",0","0",",0","1",",0","0",",0","","","19491221","+,,0","19491217","+,,0","","","","","19491210",",,0","19491206",",,0","-11.7",",0,21,+","0",",T,0,17,+","","","20.8",",,0,10,","21.7",",0,06,","787.9","0","443.2",",0","35.5",",,,0","","","4.04",",0","13.30",",,,0","-5.22",",,,0"
"USC00293577","1950-01","33.3216","-108.8794","1440.2","GLENWOOD, NM US","0.0","0","0.0",",0","5",",0","3",",0","0",",0","0",",","","","0",",0","29",",0","0",",0","6",",0","0",",0","","","19500107",",,0","19500131","+,,0","","","","","19500113",",,0","19500121",",,0","-14.4",",0,07,","0",",,0,31,+","","","3.8",",,0,13,","25.6",",0,21,","1219.6","0","431.7",",0","10.4",",,,0","","","4.41",",0","14.50",",,,0","-5.68",",,,0"
"USC00293577","1950-02","33.3216","-108.8794","1440.2","GLENWOOD, NM US","0.0","0","0.0",",0","2",",0","2",",0","0",",0","0",",0","0",",0","0",",0","24",",0","0",",0","10",",0","0",",0","","","19500202","+,,0","19500228","+,,0","19500228","+,,0","","","19500227",",,0","19500226",",,0","-8.9",",0,02,+","0",",,0,28,+","0",",,0,28,+","13.5",",,0,27,","25.0",",0,26,","1499.7","0","280.1",",0","16.3",",,,0","0",",,,0","8.33",",0","18.93",",,,0","-2.27",",,,0"
"USC00293577","1950-03","33.3216","-108.8794","1440.2","GLENWOOD, NM US","0.0","0","0.0",",0","4",",0","0",",0","0",",0","0",",0","0",",0","0",",0","22",",0","0",",0","18",",0","0",",0","","","19500315",",,0","19500331","+,,0","19500331","+,,0","","","19500302","+,,0","19500331",",,0","-6.7",",0,15,","0",",,0,31,+","0",",,0,31,+","2.0",",,0,02,+","28.9",",0,31,","1755.6","0","255.9",",0","4.8",",,,0","0",",,,0","10.08",",0","20.97",",,,0","-0.81",",,,0"
"USC00293577","1950-04","33.3216","-108.8794","1440.2","GLENWOOD, NM US","1.7","0","1.7",",0","1",",0","0",",0","0",",0","0",",0","0",",0","0",",0","5",",0","0",",0","28",",0","0",",0","","","19500415","+,,0","19500430","+,,0","19500430","+,,0","","","19500412",",,0","19500421",",,0","-2.2",",0,15,+","0",",,0,30,+","0",",,0,30,+","1.3",",,0,12,","31.1",",0,21,","1873.1","0","117.5",",0","1.3",",,,0","0",",,,0","14.47",",0","25.68",",,,0","3.26",",,,0"
"USC00293577","1950-05","33.3216","-108.8794","1440.2","GLENWOOD, NM US","9.2","0","7.5","1,0","0",",0","0",",0","0",",0","0",",0","0",",0","0",",0","5",",0","0","1,0","30","1,0","1","1,0","","","19500505",",,0","19500531","+,,0","19500531","+,,0","","","19500504",",,0","19500530",",1,0","-3.3",",0,05,","0",",,0,31,+","0",",,0,31,+","0.0",",T,0,04,","33.3","1,0,30,","1952.8","0","79.7","1,0","0.0",",T,,0","0",",,,0","15.84","1,0","27.29","1,,,0","4.39",",,,0"
"USC00293577","1950-06","33.3216","-108.8794","1440.2","GLENWOOD, NM US","99.2","0","90.0",",0","1",",0","1",",0","0",",0","0",",0","0",",0","0",",0","0",",0","0",",0","30",",0","20",",0","","","19500607",",,0","19500630","+,,0","19500630","+,,0","","","19500622",",,0","19500628",",,0","3.9",",0,07,","0",",,0,30,+","0",",,0,30,+","6.4",",,0,22,","38.3",",0,28,","1958.0","0","5.2",",0","6.4",",,,0","0",",,,0","21.16",",0","32.59",",,,0","9.72",",,,0"
"USC00293577","1950-07","33.3216","-108.8794","1440.2","GLENWOOD, NM US","252.4","0","153.2",",0","17",",0","10",",0","1",",0","0",",0","0",",0","0",",0","0",",0","0",",0","31",",0","11",",0","","","19500702",",,0","19500731","+,,0","19500731","+,,0","","","19500708",",,0","19500712",",,0","11.1",",0,02,","0",",,0,31,+","0",",,0,31,+","43.4",",,0,08,","36.1",",0,12,","0.0","0","0.0",",0","132.5",",,,0","0",",,,0","23.28",",0","30.90",",,,0","15.65",",,,0"
"USC00293577","1950-08","33.3216","-108.8794","1440.2","GLENWOOD, NM US","384.9","0","132.5",",0","6",",0","2",",0","0",",0","0",",0","0",",0","0",",0","0",",0","0",",0","31",",0","21",",0","","","19500819",",,0","19500831","+,,0","19500831","+,,0","","","19500804",",,0","19500831",",,0","8.3",",0,19,","0",",,0,31,+","0",",,0,31,+","11.7",",,0,04,","36.7",",0,31,","0.0","0","0.0",",0","25.2",",,,0","0",",,,0","22.61",",0","32.87",",,,0","12.35",",,,0"
"USC00293577","1950-09","33.3216","-108.8794","1440.2","GLENWOOD, NM US","414.2","0","29.3",",0","8",",0","3",",0","0",",0","0",",0","0",",0","0",",0","0",",0","0",",0","30",",0","2",",0","","","19500916","+,,0","19500930","+,,0","19500930","+,,0","","","19500925",",,0","19500901",",,0","1.1",",0,16,+","0",",,0,30,+","0",",,0,30,+","23.1",",,0,25,","34.4",",0,01,","20.4","0","20.4",",0","37.6",",,,0","0",",,,0","18.63",",0","28.86",",,,0","8.39",",,,0"
"USC00293577","1950-10","33.3216","-108.8794","1440.2","GLENWOOD, NM US","425.8","0","11.6",",0","0",",0","0",",0","0",",0","0",",0","0",",0","0",",0","0",",0","0",",0","31",",0","2",",0","","","19501031","+,,0","19501031","+,,0","19501031","+,,0","","","19501031","+,,0","19501011",",,0","1.7",",0,31,+","0",",,0,31,+","0",",,0,31,+","0.0",",,0,31,+","33.3",",0,11,","50.5","0","30.1",",0","0.0",",,,0","0",",,,0","17.74",",0","28.92",",,,0","6.55",",,,0"
"USC00293577","1950-11","33.3216","-108.8794","1440.2","GLENWOOD, NM US","425.8","0","0.0",",0","1",",0","0",",0","0",",0","0",",0","0",",0","0",",0","20",",0","0",",0","23",",0","0",",0","","","19501111",",,0","19501130","+,,0","19501130","+,,0","","","19501115",",,0","19501108",",,0","-10.0",",0,11,","0",",,0,30,+","0",",,0,30,+","0.5",",,0,15,","27.8",",0,08,","269.9","0","219.4",",0","0.5",",,,0","0",",,,0","11.02",",0","22.87",",,,0","-0.84",",,,0"
"USC00293577","1950-12","33.3216","-108.8794","1440.2","GLENWOOD, NM US","425.8","0","0.0",",0","0",",0","0",",0","0",",0","0",",0","0",",0","0",",0","28",",0","0",",0","11",",0","0",",0","","","19501231",",,0","19501231","+,,0","19501231","+,,0","","","19501231",",,0","19501211",",,0","-8.9",",0,31,","0",",,0,31,+","0",",,0,31,+","0.0",",T,0,31,","25.6",",0,11,","590.9","0","321.0",",0","0.0",",T,,0","0",",,,0","7.98",",0","19.66",",,,0","-3.70",",,,0"
"USC00293577","1951-01","33.3216","-108.8794","1440.2","GLENWOOD, NM US","0.0","0","0.0",",0","3",",0","3",",0","0",",0","0",",0","0",",0","0",",0","29",",0","0",",0","3",",0","0",",0","","","19510108",",,0","19510131","+,,0","19510131","+,,0","","","19510130",",,0","19510126",",,0","-12.2",",0,08,","0",",,0,31,+","0",",,0,31,+","13.7",",,0,30,","23.3",",0,26,","1026.0","0","435.1",",0","22.8",",,,0","0",",,,0","4.30",",0","14.48",",,,0","-5.88",",,,0"
"USC00293577","1951-02","33.3216","-108.8794","1440.2","GLENWOOD, NM US","0.0","0","0.0",",0","5",",0","3",",0","0",",0","1",",","","","0",",0","21",",0","0",",0","6",",0","0",",0","","","19510202",",,0","19510213",",,0","","","","","19510224",",,0","19510208",",,0","-10.6",",0,02,","25",",,0,13,","","","5.3",",,0,24,","25.6",",0,08,","1358.4","0","332.4",",0","14.2",",,,0","","","6.46",",0","15.68",",,,0","-2.76",",,,0"
"USC00293577","1951-03","33.3216","-108.8794","1440.2","GLENWOOD, NM US","0.0","0","0.0",",0","6",",0","2",",0","0",",0","0",",0","0",",0","0",",0","21",",0","0",",0","12",",0","0",",0","","","19510304",",,0","19510331","+,,0","19510331","+,,0","","","19510327",",,0","19510324",",,0","-11.7",",0,04,","0",",,0,31,+","0",",,0,31,+","7.4",",,0,27,","25.0",",0,24,","1667.4","0","309.0",",0","14.3",",,,0","0",",,,0","8.36",",0","18.56",",,,0","-1.83",",,,0"
"USC00293577","1951-04","33.3216","-108.8794","1440.2","GLENWOOD, NM US","0.0","0","0.0",",0","8",",0","4",",0","0",",0","0",",","","","0",",0","7",",0","0",",0","19",",0","0",",0","","","19510408","+,,0","19510430",",,0","","","","","19510420",",,0","19510423",",,0","-2.2",",0,08,+","0",",T,0,30,","","","7.1",",,0,20,","28.3",",0,23,","1850.3","0","182.9",",0","25.2",",,,0","","","12.24",",0","22.13",",,,0","2.34",",,,0"
"USC00293577","1951-05","33.3216","-108.8794","1440.2","GLENWOOD, NM US","51.1","0","51.1",",0","0",",0","0",",0","0",",0","0",",","","","0",",0","1",",0","0",",0","28",",0","6",",0","","","19510502",",,0","19510531","+,,0","","","","","19510514",",,0","19510527","+,,0","-1.1",",0,02,","0",",,0,31,+","","","0.0",",T,0,14,","37.8",",0,27,+","1921.5","0","71.2",",0","0.0",",T,,0","","","17.69",",0","28.72",",,,0","6.65",",,,0"
"USC00293577","1951-06","33.3216","-108.8794","1440.2","GLENWOOD, NM US","131.0","0","79.9",",0","0",",0","0",",0","0",",0","0",",","","","0",",0","0",",0","0",",0","30",",0","19",",0","","","19510603",",,0","19510630","+,,0","","","","","19510630","+,,0","19510628","+,,0","2.2",",0,03,","0",",,0,30,+","","","0.0",",,0,30,+","38.9",",0,28,+","1939.6","0","18.1",",0","0.0",",,,0","","","20.39",",0","32.94",",,,0","7.85",",,,0"
"USC00293577","1951-07","33.3216","-108.8794","1440.2","GLENWOOD, NM US","363.6","0","232.6",",0","7",",0","3",",0","0",",0","0",",0","0",",0","0",",0","0",",0","0",",0","31",",0","29",",0","","","19510702",",,0","19510731","+,,0","19510731","+,,0","","","19510728",",,0","19510708",",,0","11.7",",0,02,","0",",,0,31,+","0",",,0,31,+","19.1",",,0,28,","40.0",",0,08,","0.0","0","0.0",",0","37.7",",,,0","0",",,,0","25.84",",0","35.35",",,,0","16.33",",,,0"
"USC00293577","1951-08","33.3216","-108.8794","1440.2","GLENWOOD, NM US","","","","","13",",0","5",",0","0",",0","0",",0","0",",0","0",",0","0",",0","","","","","","","","","19510831",",,0","19510831","+,,0","19510831","+,,0","","","19510827",",,0","","","12.8",",0,31,","0",",,0,31,+","0",",,0,31,+","22.6",",,0,27,","","","","","","","61.0",",,,0","0",",,,0","","","","","16.24",",,,0"
"USC00293577","1951-09","33.3216","-108.8794","1440.2","GLENWOOD, NM US","","","89.4",",0","2",",0","2",",0","0",",0","0",",","","","0",",0","0",",0","0",",0","30",",0","20",",0","","","19510926","+,,0","19510930","+,,0","","","","","19510929",",,0","19510903",",,0","6.7",",0,26,+","0",",,0,30,+","","","17.8",",,0,29,","35.0",",0,03,","","","4.4",",0","21.6",",,,0","","","21.16",",0","31.75",",,,0","10.58",",,,0"
"USC00293577","1951-10","33.3216","-108.8794","1440.2","GLENWOOD, NM US","","","3.1","3,0","4","1,0","4","1,0","0","1,0","0","1,0","0","1,0","0","2,0","3","2,0","0","2,0","25","2,0","0","2,0","","","19511024",",2,0","19511031","+,1,0","19511031","+,1,0","","","19511030",",1,0","19511010",",2,0","-1.1","2,0,24,","0","1,,0,31,+","0","1,,0,31,+","20.8","1,,0,30,","30.0","2,0,10,","","","85.7","2,0","46.6","1,,,0","0","1,,,0","15.25","3,0","25.44","2,,,0","5.07","2,,,0"
"USC00293577","1951-11","33.3216","-108.8794","1440.2","GLENWOOD, NM US","","","0.0","1,0","4",",0","2",",0","0",",0","0",",","","","0","1,0","22","1,0","0","1,0","6","1,0","0","1,0","","","19511127",",1,0","19511117",",,0","","","","","19511111",",,0","19511104",",1,0","-5.0","1,0,27,","0",",T,0,17,","","","8.4",",,0,11,","24.4","1,0,04,","","","294.3","1,0","14.5",",,,0","","","8.19","1,0","17.53","1,,,0","-1.16","1,,,0"
"USC00293577","1951-12","33.3216","-108.8794","1440.2","GLENWOOD, NM US","","","0.0",",0","10",",0","6",",0","0",",0","","","","","0",",0","26",",0","2",",0","1",",0","0",",0","","","19511222","+,,0","","","","","","","19511231",",,0","19511201",",,0","-10.0",",0,22,+","","","","","19.3",",,0,31,","21.7",",0,01,","","","436.4",",0","48.3",",,,0","","","4.25",",0","12.56",",,,0","-4.05",",,,0"
"USC00293577","1952-01","33.3216","-108.8794","1440.2","GLENWOOD, NM US","0.0","0","0.0",",0","6",",0","4",",0","1",",0","0",",","","","0",",0","26",",0","0",",0","2",",0","0",",0","","","19520105","+,,0","19520131","+,,0","","","","","19520113",",,0","19520130",",,0","-7.8",",0,05,+","0",",,0,31,+","","","26.2",",,0,13,","21.7",",0,30,","","","382.4",",0","58.7",",,,0","","","6.00",",0","14.72",",,,0","-2.72",",,,0"
"USC00293577","1952-02","33.3216","-108.8794","1440.2","GLENWOOD, NM US","0.0","0","0.0",",0","4",",0","3",",0","0",",0","0",",","","","0",",0","26",",0","0",",0","1",",0","0",",0","","","19520226",",,0","19520229","+,,0","","","","","19520210",",,0","19520208",",,0","-11.1",",0,26,","0",",,0,29,+","","","6.1",",,0,10,","21.1",",0,08,","","","364.7",",0","13.4",",,,0","","","5.76",",0","15.23",",,,0","-3.71",",,,0"
"USC00293577","1952-03","33.3216","-108.8794","1440.2","GLENWOOD, NM US","0.0","0","0.0",",0","8",",0","3",",0","0",",0","1",",","","","0",",0","23",",0","0",",0","7",",0","0",",0","","","19520324","+,,0","19520311",",,0","","","","","19520301",",,0","19520330",",,0","-6.7",",0,24,+","25",",,0,11,","","","15.2",",,0,01,","22.2",",0,30,","","","363.6",",0","37.1",",,,0","","","6.60",",0","15.54",",,,0","-2.33",",,,0"
"USC00293577","1952-04","33.3216","-108.8794","1440.2","GLENWOOD, NM US","0.0","0","0.0",",0","9",",0","5",",0","0",",0","0",",","","","0",",0","2",",0","0",",0","21",",0","0",",0","","","19520422","+,,0","19520430","+,,0","","","5","","19520427",",,0","19520405","+,,0","0.0",",0,22,+","0",",,0,30,+","","","10.2",",,0,27,","28.9",",0,05,+","","","142.9",",0","39.2",",,,0","","","13.57",",0","23.32",",,,0","3.82",",,,0"
"USC00293577","1952-05","33.3216","-108.8794","1440.2","GLENWOOD, NM US","17.3","0","17.3",",0","2",",0","0",",0","0",",0","0",",","","","0",",0","0",",0","0",",0","31",",0","2",",0","","","19520519","+,,0","19520531","+,,0","","","","","19520518",",,0","19520505","+,,0","3.3",",0,19,+","0",",,0,31,+","","","1.5",",,0,18,","32.2",",0,05,+","","","35.4",",0","2.5",",,,0","","","17.75",",0","28.56",",,,0","6.94",",,,0"
"USC00293577","1952-06","33.3216","-108.8794","1440.2","GLENWOOD, NM US","115.3","0","98.0",",0","1",",0","1",",0","0",",0","0",",","","","0",",0","0",",0","0",",0","29",",0","19",",0","","","19520622",",,0","19520630","+,,0","","","","","19520602",",,0","19520614",",,0","6.1",",0,22,","0",",,0,30,+","","","25.1",",,0,02,","35.6",",0,14,","","","4.7",",0","25.1",",,,0","","","21.44",",0","32.02",",,,0","10.86",",,,0"
"USC00293577","1952-07","33.3216","-108.8794","1440.2","GLENWOOD, NM US","279.0","0","163.7",",0","14",",0","7",",0","0",",0","0",",","","","0",",0","0",",0","0",",0","31",",0","25",",0","","","19520703","+,,0","19520731","+,,0","","","","","19520708",",,0","19520702",",,0","11.7",",0,03,+","0",",,0,31,+","","","16.0",",,0,08,","36.1",",0,02,","0.0","0","0.0",",0","64.1",",,,0","","","23.61",",0","32.76",",,,0","14.47",",,,0"
"USC00293577","1952-08","33.3216","-108.8794","1440.2","GLENWOOD, NM US","444.0","0","165.0",",0","14",",0","7",",0","0",",0","0",",","","","0",",0","0",",0","0",",0","31",",0","17",",0","","","19520831",",,0","19520831","+,,0","","","28","","19520810",",,0","19520803",",,0","11.7",",0,31,","0",",,0,31,+","","","12.7",",,0,10,","35.6",",0,03,","0.0","0","0.0",",0","52.5",",,,0","","","23.66",",0","32.15",",,,0","15.16",",,,0"
"USC00293577","1952-09","33.3216","-108.8794","1440.2","GLENWOOD, NM US","514.4","0","70.4",",0","3",",0","3",",0","1",",0","0",",","","","0",",0","0",",0","0",",0","30",",0","13",",0","","","19520926",",,0","19520930","+,,0","","","7","","19520923",",,0","19520904",",,0","4.4",",0,26,","0",",,0,30,+","","","44.2",",,0,23,","36.1",",0,04,","10.7","0","10.7",",0","56.4",",,,0","","","20.32",",0","30.84",",,,0","9.80",",,,0"
"USC00293577","1952-10","33.3216","-108.8794","1440.2","GLENWOOD, NM US","515.0","0","0.6",",0","0",",0","0",",0","0",",0","0",",","","","0",",0","0",",0","0",",0","31",",0","0",",0","","","19521030",",,0","19521031","+,,0","","","","","19521031","+,,0","19521017","+,,0","0.6",",0,30,","0",",,0,31,+","","","0.0",",,0,31,+","29.4",",0,17,+","97.1","0","86.4",",0","0.0",",,,0","","","15.56",",0","27.33",",,,0","3.80",",,,0"
"USC00293577","1952-11","33.3216","-108.8794","1440.2","GLENWOOD, NM US","515.0","0","0.0",",0","6",",0","5",",0","0",",0","0",",","","","0",",0","25",",0","0",",0","5",",0","0",",0","","","19521128",",,0","19521130",",,0","","","1","","19521124",",,0","19521101",",,0","-8.3",",0,28,","0",",T,0,30,","","","10.4",",,0,24,","24.4",",0,01,","445.3","0","348.2",",0","35.3",",,,0","","","6.73",",0","15.54",",,,0","-2.08",",,,0"
"USC00293577","1952-12","33.3216","-108.8794","1440.2","GLENWOOD, NM US","515.0","0","0.0",",0","4",",0","2",",0","0",",0","0",",","","","0",",0","30",",0","0",",0","0",",0","0",",0","","","19521224","+,,0","19521231","+,,0","","","","","19521217",",,0","19521213",",,0","-8.9",",0,24,+","0",",,0,31,+","","","4.6",",,0,17,","18.9",",0,13,","891.7","0","446.4",",0","8.4",",,,0","","","3.93",",0","13.08",",,,0","-5.21",",,,0"
"USC00293577","1953-01","33.3216","-108.8794","1440.2","GLENWOOD, NM US","0.0","","0.0",",0","2",",0","1",",0","0",",0","0",",","","","0",",0","29",",0","0",",0","8",",0","0",",0","","","19530117",",,0","19530131","+,,0","","","","","19530107",",,0","19530110",",,0","-10.0",",0,17,","0",",,0,31,+","","","3.0",",,0,07,","23.9",",0,10,","1242.7","","351.0",",0","3.3",",,,0","","","7.01",",0","17.89",",,,0","-3.87",",,,0"
"USC00293577","1953-02","33.3216","-108.8794","1440.2","GLENWOOD, NM US","0.0","","0.0",",0","4",",0","1",",0","0",",0","","","","","0",",0","26",",0","0",",0","6",",0","0",",0","","","19530220",",,0","","","","","","","19530228",",,0","19530204",",,0","-10.0",",0,20,","","","","","20.8",",,0,28,","23.9",",0,04,","1590.4","","347.7",",0","26.4",",,,0","","","5.91",",0","15.81",",,,0","-3.99",",,,0"
"USC00293577","1953-03","33.3216","-108.8794","1440.2","GLENWOOD, NM US","0.0","","0.0",",0","10",",0","5",",0","0",",0","0",",","","","0",",0","14",",0","0",",0","13",",0","0",",0","","","19530304",",,0","19530331","+,,0","","","","","19530307",",,0","19530327",",,0","-6.1",",0,04,","0",",,0,31,+","","","11.7",",,0,07,","28.3",",0,27,","1838.7","","248.3",",0","42.7",",,,0","","","10.32",",0","19.96",",,,0","0.69",",,,0"
"USC00293577","1953-04","33.3216","-108.8794","1440.2","GLENWOOD, NM US","0.0","","0.0",",0","2",",0","2",",0","0",",0","","","","","0",",0","6",",0","0",",0","21",",0","0",",0","","","19530412",",,0","","","","","3","","19530428",",,0","19530426",",,0","-4.4",",0,12,","","","","","8.9",",,0,28,","30.6",",0,26,","1996.6","","157.9",",0","14.0",",,,0","","","13.07",",0","23.50",",,,0","2.64",",,,0"
"USC00293577","1953-05","33.3216","-108.8794","1440.2","GLENWOOD, NM US","4.9","","4.9",",0","1",",0","1",",0","0",",0","0",",","","","0",",0","10",",0","0",",0","24",",0","3",",0","","","19530511","+,,0","19530531","+,,0","","","1","","19530516",",,0","19530531","+,,0","-1.7",",0,11,+","0",",,0,31,+","","","3.8",",,0,16,","33.3",",0,31,+","2135.8","","139.2",",0","3.8",",,,0","","","14.00",",0","25.54",",,,0","2.46",",,,0"
"USC00293577","1953-06","33.3216","-108.8794","1440.2","GLENWOOD, NM US","135.4","","130.5",",0","3",",0","2",",0","0",",0","0",",","","","0",",0","0",",0","0",",0","30",",0","22",",0","","","19530603",",,0","19530630","+,,0","","","5","","19530612",",,0","19530630","+,,0","2.8",",0,03,","0",",,0,30,+","","","8.4",",,0,12,","37.2",",0,30,+","2142.4","","6.6",",0","15.5",",,,0","","","22.46",",0","33.38",",,,0","11.54",",,,0"
"USC00293577","1953-07","33.3216","-108.8794","1440.2","GLENWOOD, NM US","333.7","","198.3",",0","13","1,0","5","1,0","0","1,0","0",",","","","0",",0","0",",0","0",",0","31",",0","23",",0","","","19530730","+,,0","19530731","+,,0","","","22","","19530707",",1,0","19530721","+,,0","13.9",",0,30,+","0",",,0,31,+","","","22.4","1,,0,07,","37.2",",0,21,+","0.0","","0.0",",0","47.3","1,,,0","","","24.73",",0","33.17",",,,0","16.29",",,,0"
"USC00293577","1953-08","33.3216","-108.8794","1440.2","GLENWOOD, NM US","471.3","","137.6",",0","13",",0","7",",0","0",",0","0",",","","","0",",0","0",",0","0",",0","31",",0","14",",0","","","19530831",",,0","19530831","+,,0","","","","","19530822",",,0","19530806",",,0","10.6",",0,31,","0",",,0,31,+","","","16.0",",,0,22,","35.6",",0,06,","0.0","","0.0",",0","61.6",",,,0","","","22.77",",0","31.60",",,,0","13.95",",,,0"
"USC00293577","1953-09","33.3216","-108.8794","1440.2","GLENWOOD, NM US","526.4","","55.1",",0","1",",0","0",",0","0",",0","0",",","","","0",",0","0",",0","0",",0","30",",0","10",",0","","","19530913",",,0","19530930","+,,0","","","2","","19530914",",,0","19530914","+,,0","4.4",",0,13,","0",",,0,30,+","","","0.3",",,0,14,","33.3",",0,14,+","4.7","","4.7",",0","0.3",",,,0","","","20.01",",0","31.36",",,,0","8.67",",,,0"
"USC00293577","1953-10","33.3216","-108.8794","1440.2","GLENWOOD, NM US","527.0","","0.6",",0","3",",0","1",",0","0",",0","0",",","","","0",",0","5",",0","0",",0","25",",0","0",",0","","","19531022",",,0","19531031","+,,0","","","","","19531018",",,0","19531003",",,0","-2.8",",0,22,","0",",,0,31,+","","","2.5",",,0,18,","30.0",",0,03,","137.3","","132.6",",0","3.8",",,,0","","","14.07",",0","24.35",",,,0","3.79",",,,0"
"USC00293577","1953-11","33.3216","-108.8794","1440.2","GLENWOOD, NM US","527.0","","0.0",",0","2",",0","1",",0","0",",0","0",",","","","0",",0","23",",0","0",",0","21",",0","0",",0","","","19531120",",,0","19531130","+,,0","","","","","19531118",",,0","19531113",",,0","-8.9",",0,20,","0",",,0,30,+","","","7.9",",,0,18,","26.1",",0,13,","400.8","","263.5",",0","8.7",",,,0","","","9.55",",0","20.68",",,,0","-1.58",",,,0"
"USC00293577","1954-01","33.3216","-108.8794","1440.2","GLENWOOD, NM US","0.0","0","0.0","1,0","4",",0","2",",0","0",",0","","","","","0",",0","27",",0","0","1,0","4","1,0","0","1,0","","","19540102","+,,0","","","","","","","19540120",",,0","19540128",",1,0","-13.3",",0,02,+","","","","","14.2",",,0,20,","22.2","1,0,28,","","","384.3","1,0","18.2",",,,0","","","5.52","1,0","15.78","1,,,0","-4.74",",,,0"
"USC00293577","1954-02","33.3216","-108.8794","1440.2","GLENWOOD, NM US","0.0","0","0.0",",0","2",",0","2",",0","0",",0","","","","","0",",0","24",",0","0",",0","18",",0","0",",0","","","19540218","+,,0","","","","","","","19540215",",,0","19540225","+,,0","-6.1",",0,18,+","","","","","3.3",",,0,15,","25.6",",0,25,+","","","244.1",",0","6.3",",,,0","","","9.62",",0","21.18",",,,0","-1.95",",,,0"
"USC00293577","1954-03","33.3216","-108.8794","1440.2","GLENWOOD, NM US","0.0","0","0.0",",0","8",",0","4",",0","1",",0","","","","","0",",0","17",",0","0",",0","12",",0","0",",0","","","19540314",",,0","","","","","","","19540322",",,0","19540308",",,0","-8.3",",0,14,","","","","","25.7",",,0,22,","26.7",",0,08,","","","276.2",",0","54.7",",,,0","","","9.42",",0","18.65",",,,0","0.19",",,,0"
"USC00293577","1954-04","33.3216","-108.8794","1440.2","GLENWOOD, NM US","2.0","0","2.0",",0","0",",0","0",",0","0",",0","0",",","","","0",",0","0",",0","0",",0","30",",0","0",",0","","","19540402",",,0","19540430","+,,0","","","","","19540430",",,0","19540418",",,0","0.6",",0,02,","0",",,0,30,+","","","0.0",",T,0,30,","31.1",",0,18,","","","76.7",",0","0.0",",T,,0","","","15.84",",0","27.42",",,,0","4.26",",,,0"
"USC00293577","1954-05","33.3216","-108.8794","1440.2","GLENWOOD, NM US","19.8","0","17.8",",0","2",",0","1",",0","0",",0","0",",","","","0",",0","1",",0","0",",0","30",",0","1",",0","","","19540503",",,0","19540531","+,,0","","","","","19540501",",,0","19540507",",,0","0.0",",0,03,","0",",,0,31,+","","","5.8",",,0,01,","32.2",",0,07,","","","38.1",",0","6.6",",,,0","","","17.68",",0","28.60",",,,0","6.76",",,,0"
"USC00293577","1954-06","33.3216","-108.8794","1440.2","GLENWOOD, NM US","114.1","0","94.3",",0","3",",0","1",",0","0",",0","0",",","","","0",",0","0",",0","0",",0","30",",0","17",",0","","","19540609",",,0","19540630","+,,0","","","","","19540630",",,0","19540618",",,0","2.8",",0,09,","0",",,0,30,+","","","5.3",",,0,30,","37.2",",0,18,","","","12.8",",0","7.9",",,,0","","","21.05",",0","32.39",",,,0","9.71",",,,0"
"USC00293577","1954-07","33.3216","-108.8794","1440.2","GLENWOOD, NM US","319.0","0","204.9",",0","14",",0","8",",0","1",",0","0",",","","","0",",0","0",",0","0",",0","31",",0","25",",0","","","19540712","+,,0","19540731","+,,0","","","","","19540721",",,0","19540706",",,0","13.3",",0,12,+","0",",,0,31,+","","","39.6",",,0,21,","36.7",",0,06,","0.0","0","0.0",",0","76.4",",,,0","","","24.94",",0","33.45",",,,0","16.44",",,,0"
"USC00293577","1954-08","33.3216","-108.8794","1440.2","GLENWOOD, NM US","451.9","0","132.9",",0","15",",0","9",",0","0",",0","0",",","","","0",",0","0",",0","0",",0","31",",0","10",",0","","","19540827","+,,0","19540831","+,,0","","","","","19540805",",,0","19540801",",,0","10.0",",0,27,+","0",",,0,31,+","","","15.2",",,0,05,","34.4",",0,01,","0.0","0","0.0",",0","71.7",",,,0","","","22.62",",0","31.05",",,,0","14.19",",,,0"
"USC00293577","1954-09","33.3216","-108.8794","1440.2","GLENWOOD, NM US","534.3","0","82.4",",0","11",",0","4",",0","0",",0","0",",","","","0",",0","0",",0","0",",0","30",",0","7",",0","","","19540930",",,0","19540930","+,,0","","","","","19540924",",,0","19540920","+,,0","5.0",",0,30,","0",",,0,30,+","","","7.6",",,0,24,","32.8",",0,20,+","4.1","0","4.1",",0","23.5",",,,0","","","20.94",",0","30.14",",,,0","11.75",",,,0"
"USC00293577","1954-10","33.3216","-108.8794","1440.2","GLENWOOD, NM US","549.8","0","15.5",",0","5",",0","0",",0","0",",0","0",",","","","0",",0","3",",0","0",",0","28",",0","0",",0","","","19541031",",,0","19541031","+,,0","","","","","19541009",",,0","19541001",",,0","-1.7",",0,31,","0",",,0,31,+","","","1.8",",,0,09,","29.4",",0,01,","88.6","0","84.5",",0","3.9",",,,0","","","16.11",",0","26.00",",,,0","6.21",",,,0"
"USC00293577","1954-11","33.3216","-108.8794","1440.2","GLENWOOD, NM US","549.8","0","0.0",",0","0",",0","0",",0","0",",0","0",",","","","0",",0","19",",0","0",",0","22",",0","0",",0","","","19541129","+,,0","19541130","+,,0","","","","","19541103","+,,0","19541127","+,,0","-5.0",",0,29,+","0",",,0,30,+","","","0.0",",T,0,03,+","26.1",",0,27,+","309.9","0","221.3",",0","0.0",",T,,0","","","10.96",",0","22.32",",,,0","-0.41",",,,0"
"USC00293577","1954-12","33.3216","-108.8794","1440.2","GLENWOOD, NM US","549.8","0","0.0",",0","1",",0","0",",0","0",",0","0",",","","","0",",0","26",",0","0",",0","3",",0","0",",0","","","19541230",",,0","19541231","+,,0","","","","","19541210",",,0","19541203",",,0","-13.3",",0,30,","0",",,0,31,+","","","2.0",",,0,10,","24.4",",0,03,","712.3","0","402.4",",0","2.0",",,,0","","","5.35",",0","15.67",",,,0","-4.97",",,,0"
"USC00293577","1955-01","33.3216","-108.8794","1440.2","GLENWOOD, NM US","0.0","0","0.0",",0","10",",0","6",",0","0",",0","0",",","","","0",",0","27",",0","0",",0","0",",0","0",",0","","","19550111",",,0","19550131","+,,0","","","","","19550102",",,0","19550129",",,0","-12.2",",0,11,","0",",,0,31,+","","","22.6",",,0,02,","18.9",",0,29,","1164.4","0","452.1",",0","65.9",",,,0","","","3.75",",0","12.23",",,,0","-4.73",",,,0"
"USC00293577","1955-02","33.3216","-108.8794","1440.2","GLENWOOD, NM US","0.0","0","0.0",",0","2",",0","2",",0","0",",0","0",",","","","0",",0","26",",0","0",",0","4",",0","0",",0","","","19550206",",,0","19550228","+,,0","","","","","19550218",",,0","19550215","+,,0","-11.7",",0,06,","0",",,0,28,+","","","10.9",",,0,18,","23.9",",0,15,+","1564.4","0","400.0",",0","13.9",",,,0","","","4.05",",0","14.41",",,,0","-6.32",",,,0"
"USC00293577","1955-03","33.3216","-108.8794","1440.2","GLENWOOD, NM US","0.0","0","0.0",",0","1",",0","0",",0","0",",0","0",",","","","0",",0","22",",0","0",",0","17",",0","0",",0","","","19550321",",,0","19550331","+,,0","","","","","19550320",",,0","19550325",",,0","-7.8",",0,21,","0",",,0,31,+","","","0.8",",,0,20,","26.1",",0,25,","1846.0","0","281.6",",0","0.8",",,,0","","","9.25",",0","20.11",",,,0","-1.61",",,,0"
"USC00293577","1955-04","33.3216","-108.8794","1440.2","GLENWOOD, NM US","1.7","0","1.7",",0","1",",0","0",",0","0",",0","0",",0","0",",0","0",",0","15",",0","0",",0","26",",0","0",",0","","","19550404",",,0","19550430","+,,0","19550430","+,,0","","","19550422",",,0","19550429",",,0","-6.7",",0,04,","0",",,0,30,+","0",",,0,30,+","2.3",",,0,22,","29.4",",0,29,","2016.6","0","170.6",",0","2.3",",,,0","0",",,,0","12.70",",0","24.47",",,,0","0.93",",,,0"
"USC00293577","1955-05","33.3216","-108.8794","1440.2","GLENWOOD, NM US","19.6","0","17.9",",0","6",",0","3",",0","0",",0","0",",0","0",",0","0",",0","2",",0","0",",0","30",",0","3",",0","","","19550517",",,0","19550531","+,,0","19550531","+,,0","3","","19550502",",,0","19550529",",,0","-0.6",",0,17,","0",",,0,31,+","0",",,0,31,+","7.9",",,0,02,","32.8",",0,29,","2077.2","0","60.6",",0","25.0",",,,0","0",",,,0","16.96",",0","27.75",",,,0","6.17",",,,0"
"USC00293577","1955-06","33.3216","-108.8794","1440.2","GLENWOOD, NM US","101.9","0","82.3",",0","2",",0","2",",0","0",",0","0",",0","0",",0","0",",0","0",",0","0",",0","30",",0","14",",0","","","19550604","+,,0","19550630","+,,0","19550630","+,,0","5","","19550612",",,0","19550608",",,0","2.2",",0,04,+","0",",,0,30,+","0",",,0,30,+","9.7",",,0,12,","38.3",",0,08,","2088.9","0","11.7",",0","13.3",",,,0","0",",,,0","20.69",",0","31.89",",,,0","9.48",",,,0"
"USC00293577","1955-07","33.3216","-108.8794","1440.2","GLENWOOD, NM US","257.1","0","155.2",",0","18",",0","10",",0","0",",0","0",",0","0",",0","0",",0","0",",0","0",",0","31",",0","19",",0","","","19550701",",,0","19550731","+,,0","19550731","+,,0","","","19550724",",,0","19550709","+,,0","6.7",",0,01,","0",",,0,31,+","0",",,0,31,+","17.3",",,0,24,","36.7",",0,09,+","0.0","0","0.0",",0","65.4",",,,0","0",",,,0","23.34",",0","32.14",",,,0","14.54",",,,0"
"USC00293577","1955-08","33.3216","-108.8794","1440.2","GLENWOOD, NM US","407.5","0","150.4",",0","15",",0","7",",0","0",",0","0",",0","0",",0","0",",0","0",",0","0",",0","31",",0","10",",0","","","19550831",",,0","19550831","+,,0","19550831","+,,0","","","19550820",",,0","19550810",",,0","10.6",",0,31,","0",",,0,31,+","0",",,0,31,+","6.1",",,0,20,","33.9",",0,10,","0.0","0","0.0",",0","37.0",",,,0","0",",,,0","23.18",",0","31.43",",,,0","14.94",",,,0"
"USC00293577","1955-09","33.3216","-108.8794","1440.2","GLENWOOD, NM US","472.9","0","65.4",",0","2",",0","0",",0","0",",0","0",",0","0",",0","0",",0","0",",0","0",",0","30",",0","13",",0","","","19550926",",,0","19550930","+,,0","19550930","+,,0","","","19550916","+,,0","19550910","+,,0","4.4",",0,26,","0",",,0,30,+","0",",,0,30,+","1.5",",,0,16,+","35.0",",0,10,+","1.4","0","1.4",",0","3.0",",,,0","0",",,,0","20.47",",0","31.89",",,,0","9.04",",,,0"
"USC00293577","1955-10","33.3216","-108.8794","1440.2","GLENWOOD, NM US","480.6","0","7.7",",0","3",",0","3",",0","1",",0","0",",0","0",",0","0",",0","3",",0","0",",0","31",",0","0",",0","","","19551031",",,0","19551031","+,,0","19551031","+,,0","","","19551004",",,0","19551020","+,,0","-1.7",",0,31,","0",",,0,31,+","0",",,0,31,+","35.8",",,0,04,","31.1",",0,20,+","78.5","0","77.1",",0","47.5",",,,0","0",",,,0","16.09",",0","26.39",",,,0","5.80",",,,0"
"USC00293577","1955-11","33.3216","-108.8794","1440.2","GLENWOOD, NM US","480.6","0","0.0",",0","2",",0","0",",0","0",",0","0",",0","0",",0","0",",0","18",",0","0",",0","14",",0","0",",0","","","19551117","+,,0","19551130","+,,0","19551130","+,,0","","","19551122",",,0","19551102",",,0","-7.8",",0,17,+","0",",,0,30,+","0",",,0,30,+","1.3",",,0,22,","25.6",",0,02,","354.4","0","275.9",",0","2.3",",,,0","0",",,,0","9.14",",0","19.46",",,,0","-1.19",",,,0"
"USC00293577","1955-12","33.3216","-108.8794","1440.2","GLENWOOD, NM US","480.6","0","0.0",",0","4",",0","3",",0","0",",0","0",",0","0",",0","0",",0","28",",0","0",",0","10",",0","0",",0","","","19551218","+,,0","19551231","+,,0","19551231","+,,0","","","19551202",",,0","19551220",",,0","-6.7",",0,18,+","0",",,0,31,+","0",",,0,31,+","19.1",",,0,02,","22.8",",0,20,","702.2","0","347.8",",0","29.0",",,,0","0",",,,0","7.11",",0","17.23",",,,0","-3.00",",,,0"
"USC00293577","1956-01","33.3216","-108.8794","1440.2","GLENWOOD, NM US","0.0","0","0.0",",0","4",",0","4",",0","0",",0","0",",0","0",",0","0",",0","27",",0","0",",0","3",",0","0",",0","","","19560101",",,0","19560131","+,,0","19560131","+,,0","1","","19560130",",,0","19560104",",,0","-7.8",",0,01,","0",",,0,31,+","0",",,0,31,+","9.4",",,0,30,","21.7",",0,04,","1063.8","0","361.6",",0","20.6",",,,0","0",",,,0","6.67",",0","16.39",",,,0","-3.05",",,,0"
"USC00293577","1956-02","33.3216","-108.8794","1440.2","GLENWOOD, NM US","0.0","0","0.0",",0","6",",0","5",",0","0",",0","10","1,","","","0",",0","28",",0","0",",0","2",",0","0",",0","","","19560210",",,0","19560209",",1,0","","","","","19560209",",,0","19560223","+,,0","-14.4",",0,10,","356","1,,0,09,","","","22.6",",,0,09,","21.7",",0,23,+","1499.3","0","435.5",",0","44.0",",,,0","","","3.32",",0","12.80",",,,0","-6.17",",,,0"
"USC00293577","1956-03","33.3216","-108.8794","1440.2","GLENWOOD, NM US","0.0","0","0.0",",0","0",",0","0",",0","0",",0","0",",","","","0",",0","23",",0","0",",0","22",",0","0",",0","","","19560314",",,0","19560331","+,,0","","","","","19560331","+,,0","19560329","+,,0","-7.8",",0,14,","0",",,0,31,+","","","0.0",",,0,31,+","27.8",",0,29,+","1746.6","0","247.3",",0","0.0",",,,0","","","10.36",",0","22.61",",,,0","-1.90",",,,0"
"USC00293577","1956-04","33.3216","-108.8794","1440.2","GLENWOOD, NM US","0.0","0","0.0",",0","2",",0","2",",0","0",",0","0",",","","","0",",0","9",",0","0",",0","26",",0","0",",0","","","19560414",",,0","19560430","+,,0","","","","","19560402",",,0","19560430",",,0","-2.8",",0,14,","0",",,0,30,+","","","6.6",",,0,02,","28.9",",0,30,","1907.2","0","160.6",",0","9.1",",,,0","","","12.98",",0","23.64",",,,0","2.32",",,,0"
"USC00293577","1956-05","33.3216","-108.8794","1440.2","GLENWOOD, NM US","33.4","0","33.4",",0","1",",0","1",",0","0",",0","0",",0","0",",0","0",",0","1",",0","0",",0","31",",0","8",",0","","","19560512",",,0","19560531","+,,0","19560531","+,,0","1","","19560520",",,0","19560531",",,0","0.0",",0,12,","0",",,0,31,+","0",",,0,31,+","2.5",",,0,20,","37.2",",0,31,","1953.3","0","46.1",",0","2.5",",,,0","0",",,,0","17.92",",0","30.44",",,,0","5.41",",,,0"
"USC00293577","1956-06","33.3216","-108.8794","1440.2","GLENWOOD, NM US","194.5","0","161.1",",0","4",",0","3",",0","0",",0","0",",0","0",",0","0",",0","0",",0","0",",0","30",",0","27",",0","","","19560615",",,0","19560630","+,,0","19560630","+,,0","","","19560627",",,0","19560626",",,0","5.6",",0,15,","0",",,0,30,+","0",",,0,30,+","11.4",",,0,27,","37.8",",0,26,","1953.3","0","0.0",",0","22.8",",,,0","0",",,,0","23.70",",0","34.39",",,,0","13.02",",,,0"
"USC00293577","1956-07","33.3216","-108.8794","1440.2","GLENWOOD, NM US","357.5","0","163.0",",0","14",",0","6",",0","0",",0","0",",0","0",",0","0",",0","0",",0","0",",0","31",",0","17",",0","","","19560704",",,0","19560731","+,,0","19560731","+,,0","","","19560717",",,0","19560709","+,,0","11.1",",0,04,","0",",,0,31,+","0",",,0,31,+","9.4",",,0,17,","37.8",",0,09,+","0.0","0","0.0",",0","41.5",",,,0","0",",,,0","23.59",",0","32.78",",,,0","14.41",",,,0"
"USC00293577","1956-08","33.3216","-108.8794","1440.2","GLENWOOD, NM US","480.6","0","123.1","1,0","4",",0","4",",0","0",",0","0",",0","0",",0","0","1,0","0","1,0","0",",0","31",",0","13",",0","","","19560830","+,1,0","19560831","+,,0","19560831","+,,0","7","","19560815",",,0","19560810","+,,0","9.4","1,0,30,+","0",",,0,31,+","0",",,0,31,+","10.9",",,0,15,","37.2",",0,10,+","0.0","0","0.0",",0","24.3",",,,0","0",",,,0","22.49","1,0","31.82",",,,0","13.16","1,,,0"
"USC00293577","1956-09","33.3216","-108.8794","1440.2","GLENWOOD, NM US","","","","","0",",0","0",",0","0",",0","0",",0","0",",0","","","","","0",",0","30",",0","16",",0","","","","","19560930","+,,0","19560930","+,,0","","","19560923","+,,0","19560915",",,0","","","0",",,0,30,+","0",",,0,30,+","0.0",",T,0,23,+","36.1",",0,15,","","","","","0.0",",T,,0","0",",,,0","","","32.72",",,,0","",""
"USC00293577","1956-10","33.3216","-108.8794","1440.2","GLENWOOD, NM US","","","14.9",",0","1",",0","1",",0","0",",0","0",",0","0",",0","0",",0","8",",0","0",",0","27",",0","0",",0","","","19561028",",,0","19561031","+,,0","19561031","+,,0","3","","19561029",",,0","19561006","+,,0","-4.4",",0,28,","0",",,0,31,+","0",",,0,31,+","6.1",",,0,29,","31.7",",0,06,+","","","120.3",",0","6.1",",,,0","0",",,,0","14.93",",0","25.88",",,,0","3.98",",,,0"
"USC00293577","1956-11","33.3216","-108.8794","1440.2","GLENWOOD, NM US","","","0.0",",0","0",",0","0",",0","0",",0","0",",0","0",",0","0",",0","28",",0","0",",0","9",",0","0",",0","","","19561121",",,0","19561130","+,,0","19561130","+,,0","","","19561130","+,,0","19561111",",,0","-14.4",",0,21,","0",",,0,30,+","0",",,0,30,+","0.0",",,0,30,+","25.6",",0,11,","","","354.5",",0","0.0",",,,0","0",",,,0","6.52",",0","18.55",",,,0","-5.52",",,,0"
"USC00293577","1956-12","33.3216","-108.8794","1440.2","GLENWOOD, NM US","","","0.0",",0","3",",0","1",",0","0",",0","0",",0","1",",0","0",",0","31",",0","0",",0","0",",0","0",",0","","","19561227",",,0","19561231","+,,0","19561222",",,0","","","19561222",",,0","19561201",",,0","-12.8",",0,27,","0",",,0,31,+","25",",,0,22,","3.3",",,0,22,","20.0",",0,01,","","","441.4",",0","4.4",",,,0","25",",,,0","4.10",",0","14.55",",,,0","-6.36",",,,0"
"USC00293577","1957-01","33.3216","-108.8794","1440.2","GLENWOOD, NM US","0.0","0","0.0",",0","8",",0","7",",0","2",",0","0",",0","0",",0","0",",0","23",",0","0",",0","0",",0","0",",0","","","19570123",",,0","19570131","+,,0","19570121",",,0","","","19570103",",,0","19570114",",,0","-7.8",",0,23,","0",",,0,31,+","0",",T,0,21,","36.6",",,0,03,","19.4",",0,14,","","","384.9",",0","102.1",",,,0","0",",T,,0","5.92",",0","13.11",",,,0","-1.28",",,,0"
"USC00293577","1957-02","33.3216","-108.8794","1440.2","GLENWOOD, NM US","0.0","0","0.0",",0","5",",0","2",",0","0",",0","0",",0","0",",0","0",",0","2",",0","0",",0","10",",0","0",",0","","","19570202",",,0","19570228","+,,0","19570228","+,,0","","","19570223",",,0","19570214","+,,0","-5.6",",0,02,","0",",,0,28,+","0",",,0,28,+","3.0",",,0,23,","26.7",",0,14,+","","","199.0",",0","9.1",",,,0","0",",,,0","11.23",",0","19.70",",,,0","2.75",",,,0"
"USC00293577","1957-03","33.3216","-108.8794","1440.2","GLENWOOD, NM US","0.0","0","0.0",",0","6",",0","3",",0","0",",0","0",",0","0",",0","0",",0","12",",0","0",",0","10",",0","0",",0","","","19570324","+,,0","19570331","+,,0","19570331","+,,0","","","19570319",",,0","19570308",",,0","-1.7",",0,24,+","0",",,0,31,+","0",",,0,31,+","10.7",",,0,19,","26.1",",0,08,","","","256.0",",0","28.0",",,,0","0",",,,0","10.08",",0","18.48",",,,0","1.67",",,,0"
"USC00293577","1957-04","33.3216","-108.8794","1440.2","GLENWOOD, NM US","0.0","0","0.0",",0","8",",0","4",",0","0",",0","0",",0","0",",0","0",",0","3",",0","0",",0","25",",0","0",",0","","","19570403",",,0","19570430","+,,0","19570430","+,,0","","","19570421",",,0","19570413",",,0","-4.4",",0,03,","0",",,0,30,+","0",",,0,30,+","11.2",",,0,21,","28.9",",0,13,","","","158.9",",0","28.8",",,,0","0",",,,0","13.04",",0","22.85",",,,0","3.22",",,,0"
"USC00293577","1957-05","33.3216","-108.8794","1440.2","GLENWOOD, NM US","9.7","0","9.7",",0","5",",0","4",",0","0",",0","0",",0","0",",0","0",",0","0",",0","0",",0","27",",0","0",",0","","","19570513",",,0","19570531","+,,0","19570531","+,,0","","","19570505",",,0","19570531","+,,0","0.6",",0,13,","0",",,0,31,+","0",",,0,31,+","16.3",",,0,05,","31.7",",0,31,+","","","79.7",",0","41.1",",,,0","0",",,,0","16.08",",0","25.31",",,,0","6.84",",,,0"
"USC00293577","1957-06","33.3216","-108.8794","1440.2","GLENWOOD, NM US","119.8","0","110.1",",0","8",",0","2",",0","0",",0","0",",0","0",",0","0",",0","0",",0","0",",0","30",",0","18",",0","","","19570609",",,0","19570630","+,,0","19570630","+,,0","","","19570618",",,0","19570628",",,0","5.0",",0,09,","0",",,0,30,+","0",",,0,30,+","21.1",",,0,18,","37.2",",0,28,","","","1.6",",0","32.3",",,,0","0",",,,0","21.95",",0","32.86",",,,0","11.04",",,,0"
"USC00293577","1957-07","33.3216","-108.8794","1440.2","GLENWOOD, NM US","320.7","0","200.9",",0","14",",0","7",",0","0",",0","0",",0","0",",0","0",",0","0",",0","0",",0","31",",0","21",",0","","","19570716",",,0","19570731","+,,0","19570731","+,,0","","","19570725",",,0","19570704","+,,0","13.3",",0,16,","0",",,0,31,+","0",",,0,31,+","19.3",",,0,25,","38.9",",0,04,+","0.0","0","0.0",",0","80.8",",,,0","0",",,,0","24.81",",0","32.87",",,,0","16.76",",,,0"
"USC00293577","1957-08","33.3216","-108.8794","1440.2","GLENWOOD, NM US","448.4","0","127.7",",0","15",",0","9",",0","1",",0","0",",0","0",",0","0",",0","0",",0","0",",0","31",",0","4",",0","","","19570812",",,0","19570831","+,,0","19570831","+,,0","","","19570820",",,0","19570812",",,0","13.3",",0,12,","0",",,0,31,+","0",",,0,31,+","31.2",",,0,20,","35.6",",0,12,","0.0","0","0.0",",0","100.6",",,,0","0",",,,0","22.45",",0","29.50",",,,0","15.40",",,,0"
"USC00293577","1957-09","33.3216","-108.8794","1440.2","GLENWOOD, NM US","501.0","0","52.6",",0","1",",0","0",",0","0",",0","0",",0","0",",0","0",",0","0",",0","0",",0","30",",0","6",",0","","","19570925","+,,0","19570930","+,,0","19570930","+,,0","","","19570906",",,0","19570909",",,0","3.9",",0,25,+","0",",,0,30,+","0",",,0,30,+","0.3",",,0,06,","33.3",",0,09,","6.4","0","6.4",",0","0.3",",,,0","0",",,,0","19.87",",0","30.69",",,,0","9.06",",,,0"
"USC00293577","1957-10","33.3216","-108.8794","1440.2","GLENWOOD, NM US","502.1","0","1.1",",0","13",",0","8",",0","0",",0","0",",0","0",",0","0",",0","2",",0","0",",0","18",",0","0",",0","","","19571023",",,0","19571031","+,,0","19571031","+,,0","","","19571031",",,0","19571002",",,0","-1.1",",0,23,","0",",,0,31,+","0",",,0,31,+","11.7",",,0,31,","30.0",",0,02,","156.2","0","149.8",",0","57.9",",,,0","0",",,,0","13.54",",0","21.40",",,,0","5.68",",,,0"
"USC00293577","1957-11","33.3216","-108.8794","1440.2","GLENWOOD, NM US","502.1","0","0.0",",0","6",",0","2",",0","0",",0","0",",0","0",",0","0",",0","22",",0","0",",0","1",",0","0",",0","","","19571130",",,0","19571130","+,,0","19571130","+,,0","","","19571116",",,0","19571103",",,0","-12.2",",0,30,","0",",,0,30,+","0",",,0,30,+","13.5",",,0,16,","21.1",",0,03,","495.4","0","339.2",",0","21.4",",,,0","0",",,,0","7.03",",0","16.11",",,,0","-2.06",",,,0"
"USC00293577","1957-12","33.3216","-108.8794","1440.2","GLENWOOD, NM US","502.1","0","0.0",",0","4",",0","1",",0","0",",0","","","","","0",",0","25",",0","0",",0","0",",0","0",",0","","","19571201",",,0","","","","","","","19571206",",,0","19571213","+,,0","-11.1",",0,01,","","","","","2.5",",,0,06,","20.0",",0,13,+","875.1","0","379.7",",0","5.3",",,,0","","","6.08",",0","15.76",",,,0","-3.59",",,,0"
"USC00293577","1958-01","33.3216","-108.8794","1440.2","GLENWOOD, NM US","0.0","0","0.0",",0","2",",0","1",",0","0",",0","","","0",",0","0",",0","30",",0","0",",0","0",",0","0",",0","","","19580124","+,,0","","","19580122","+,,0","1","","19580104",",,0","19580129",",,0","-9.4",",0,24,+","","","0",",T,0,22,+","3.6",",,0,04,","18.3",",0,29,","1322.1","0","447.0",",0","4.1",",,,0","0",",T,,0","3.91",",0","13.06",",,,0","-5.24",",,,0"
"USC00293577","1958-02","33.3216","-108.8794","1440.2","GLENWOOD, NM US","0.0","0","0.0",",0","8",",0","6",",0","0",",0","0",",0","0",",0","0",",0","20",",0","0",",0","6",",0","0",",0","","","19580212",",,0","19580226","+,,0","19580226","+,,0","","","19580220",",,0","19580218",",,0","-7.2",",0,12,","0",",T,0,26,+","0",",T,0,26,+","17.0",",,0,20,","25.0",",0,18,","1607.5","0","285.4",",0","47.2",",,,0","0",",T,,0","8.14",",0","17.18",",,,0","-0.90",",,,0"
"USC00293577","1958-03","33.3216","-108.8794","1440.2","GLENWOOD, NM US","0.0","0","0.0",",0","12",",0","8",",0","0",",0","","","","","0",",0","20",",0","0",",0","0",",0","0",",0","","","19580309","+,,0","","","","","","","19580307",",,0","19580330",",,0","-3.9",",0,09,+","","","","","17.8",",,0,07,","20.6",",0,30,","1949.7","0","342.2",",0","73.4",",,,0","","","7.29",",0","14.66",",,,0","-0.08",",,,0"
"USC00293577","1958-04","33.3216","-108.8794","1440.2","GLENWOOD, NM US","1.1","0","1.1",",0","4",",0","3",",0","1",",0","","","","","0",",0","8",",0","0",",0","21",",0","0",",0","","","19580405",",,0","","","","","","","19580416",",,0","19580421",",,0","-4.4",",0,05,","","","","","31.2",",,0,16,","30.6",",0,21,","2136.1","0","186.4",",0","39.3",",,,0","","","12.16",",0","22.26",",,,0","2.05",",,,0"
"USC00293577","1958-05","33.3216","-108.8794","1440.2","GLENWOOD, NM US","51.7","0","50.6",",0","2",",0","1",",0","0",",0","","","","","0",",0","0",",0","0",",0","31",",0","9",",0","","","19580503",",,0","","","","","","","19580530",",,0","19580528",",,0","1.7",",0,03,","","","","","5.1",",,0,30,","37.8",",0,28,","2162.6","0","26.5",",0","6.4",",,,0","","","19.11",",0","30.41",",,,0","7.81",",,,0"
"USC00293577","1958-06","33.3216","-108.8794","1440.2","GLENWOOD, NM US","206.7","0","155.0",",0","2",",0","2",",0","0",",0","","","","","0",",0","0",",0","0",",0","30",",0","25",",0","","","19580611",",,0","","","","","","","19580606",",,0","19580623",",,0","3.3",",0,11,","","","","","10.7",",,0,06,","37.2",",0,23,","2162.9","0","0.3",",0","13.7",",,,0","","","23.49",",0","34.11",",,,0","12.87",",,,0"
"USC00293577","1958-07","33.3216","-108.8794","1440.2","GLENWOOD, NM US","409.0","0","202.3",",0","11",",0","4",",0","0",",0","0",",","","","0",",0","0",",0","0",",0","31",",0","27",",0","","","19580722","+,,0","19580731","+,,0","","","","","19580716",",,0","19580712",",,0","11.7",",0,22,+","0",",,0,31,+","","","9.1",",,0,16,","42.2",",0,12,","0.0","0","0.0",",0","34.2",",,,0","","","24.86",",0","34.80",",,,0","14.92",",,,0"
"USC00293577","1958-08","33.3216","-108.8794","1440.2","GLENWOOD, NM US","591.8","0","182.8",",0","20",",0","6",",0","0",",0","0",",","","","0",",0","0",",0","0",",0","31",",0","22",",0","","","19580820",",,0","19580831","+,,0","","","","","19580820",",,0","19580831","+,,0","11.1",",0,20,","0",",,0,31,+","","","15.0",",,0,20,","36.1",",0,31,+","0.0","0","0.0",",0","64.4",",,,0","","","24.23",",0","33.10",",,,0","15.36",",,,0"
"USC00293577","1958-09","33.3216","-108.8794","1440.2","GLENWOOD, NM US","674.3","0","82.5",",0","14",",0","9",",0","1",",0","0",",","","","0",",0","0",",0","0",",0","29",",0","6",",0","","","19580925",",,0","19580930","+,,0","","","","","19580913",",,0","19580902",",,0","8.9",",0,25,","0",",,0,30,+","","","29.7",",,0,13,","34.4",",0,02,","6.4","0","6.4",",0","101.3",",,,0","","","20.87",",0","28.33",",,,0","13.41",",,,0"
"USC00293577","1958-10","33.3216","-108.8794","1440.2","GLENWOOD, NM US","674.6","0","0.3",",0","9",",0","7",",0","0",",0","0",",","","","0",",0","0",",0","0",",0","26",",0","0",",0","","","19581031",",,0","19581031","+,,0","","","3","","19581005",",,0","19581009",",,0","0.6",",0,31,","0",",,0,31,+","","","8.6",",,0,05,","28.3",",0,09,","119.4","0","113.0",",0","43.9",",,,0","","","14.70",",0","23.19",",,,0","6.20",",,,0"
"USC00293577","1958-11","33.3216","-108.8794","1440.2","GLENWOOD, NM US","674.6","0","0.0",",0","2",",0","1",",0","0",",0","0",",","","","0",",0","20",",0","0",",0","9",",0","0",",0","","","19581119","+,,0","19581130","+,,0","","","","","19581116",",,0","19581109",",,0","-8.9",",0,19,+","0",",,0,30,+","","","11.2",",,0,16,","24.4",",0,09,","410.7","0","291.3",",0","12.2",",,,0","","","8.62",",0","18.59",",,,0","-1.35",",,,0"
"USC00293577","1958-12","33.3216","-108.8794","1440.2","GLENWOOD, NM US","674.6","0","0.0",",0","0",",0","0",",0","0",",0","0",",0","0",",0","0",",0","31",",0","0",",0","11",",0","0",",0","","","19581231",",,0","19581231","+,,0","19581228",",,0","","","19581228",",,0","19581204",",,0","-14.4",",0,31,","0",",,0,31,+","0",",T,0,28,","0.0",",T,0,28,","25.0",",0,04,","769.3","0","358.6",",0","0.0",",T,,0","0",",T,,0","6.76",",0","18.95",",,,0","-5.42",",,,0"
"USC00293577","1959-01","33.3216","-108.8794","1440.2","GLENWOOD, NM US","0.0","0","0.0",",0","1",",0","0",",0","0",",0","0",",0","0",",0","0",",0","30",",0","0",",0","6",",0","0",",0","","","19590101",",,0","19590131","+,,0","19590102",",,0","","","19590103",",,0","19590125","+,,0","-12.2",",0,01,","0",",,0,31,+","0",",T,0,02,","1.8",",,0,03,","22.2",",0,25,+","1152.3","0","383.0",",0","1.8",",,,0","0",",T,,0","5.98",",0","17.09",",,,0","-5.14",",,,0"
"USC00293577","1959-02","33.3216","-108.8794","1440.2","GLENWOOD, NM US","0.0","0","0.0",",0","4",",0","3",",0","0",",0","0",",","","","0",",0","21",",0","0",",0","3",",0","0",",0","","","19590205",",,0","19590209",",,0","","","","","19590209",",,0","19590228","+,,0","-10.0",",0,05,","0",",T,0,09,","","","24.9",",,0,09,","22.2",",0,28,+","1483.2","0","330.9",",0","31.7",",,,0","","","6.51",",0","15.79",",,,0","-2.76",",,,0"
"USC00293577","1959-03","33.3216","-108.8794","1440.2","GLENWOOD, NM US","0.0","0","0.0",",0","1",",0","0",",0","0",",0","0",",","","","0",",0","24",",0","0",",0","17",",0","0",",0","","","19590306",",,0","19590331","+,,0","","","","","19590324",",,0","19590331",",,0","-7.8",",0,06,","0",",,0,31,+","","","0.5",",,0,24,","25.6",",0,31,","1767.1","0","283.9",",0","0.5",",,,0","","","9.17",",0","20.53",",,,0","-2.18",",,,0"
"USC00293577","1959-04","33.3216","-108.8794","1440.2","GLENWOOD, NM US","6.2","0","6.2",",0","3",",0","3",",0","0",",0","0",",","","","0",",0","0",",0","0",",0","25",",0","1",",0","","","19590414",",,0","19590430","+,,0","","","","","19590407",",,0","19590429",",,0","0.6",",0,14,","0",",,0,30,+","","","9.4",",,0,07,","32.2",",0,29,","1871.5","0","104.4",",0","14.4",",,,0","","","15.06",",0","25.22",",,,0","4.89",",,,0"
"USC00293577","1959-05","33.3216","-108.8794","1440.2","GLENWOOD, NM US","22.5","0","16.3",",0","0",",0","0",",0","0",",0","0",",","","","0",",0","1",",0","0",",0","30",",0","5",",0","","","19590505",",,0","19590531","+,,0","","","","","19590531","+,,0","19590513","+,,0","-0.6",",0,05,","0",",,0,31,+","","","0.0",",,0,31,+","34.4",",0,13,+","1939.6","0","68.1",",0","0.0",",,,0","","","16.66",",0","27.98",",,,0","5.34",",,,0"
"USC00293577","1959-06","33.3216","-108.8794","1440.2","GLENWOOD, NM US","207.2","0","184.7",",0","2",",0","1",",0","0",",0","0",",","","","0",",0","0",",0","0",",0","30",",0","29",",0","","","19590602",",,0","19590630","+,,0","","","","","19590613",",,0","19590624","+,,0","5.0",",0,02,","0",",,0,30,+","","","5.1",",,0,13,","37.2",",0,24,+","1939.6","0","0.0",",0","7.4",",,,0","","","24.49",",0","34.64",",,,0","14.34",",,,0"
"USC00293577","1959-07","33.3216","-108.8794","1440.2","GLENWOOD, NM US","414.1","0","206.9",",0","20",",0","11",",0","0",",0","0",",","","","0",",0","0",",0","0",",0","31",",0","26",",0","","","19590702",",,0","19590731","+,,0","","","","","19590703",",,0","19590711",",,0","12.8",",0,02,","0",",,0,31,+","","","21.1",",,0,03,","37.8",",0,11,","0.0","0","0.0",",0","116.9",",,,0","","","25.01",",0","34.17",",,,0","15.84",",,,0"
"USC00293577","1959-08","33.3216","-108.8794","1440.2","GLENWOOD, NM US","575.2","0","161.1",",0","16",",0","9",",0","0",",0","0",",","","","0",",0","0",",0","0",",0","31",",0","9",",0","","","19590831","+,,0","19590831","+,,0","","","","","19590827",",,0","19590830","+,,0","13.3",",0,31,+","0",",,0,31,+","","","22.6",",,0,27,","35.0",",0,30,+","0.0","0","0.0",",0","120.7",",,,0","","","23.53",",0","31.05",",,,0","16.01",",,,0"
"USC00293577","1959-09","33.3216","-108.8794","1440.2","GLENWOOD, NM US","643.5","0","68.3",",0","0",",0","0",",0","0",",0","0",",","","","0",",0","0",",0","0",",0","30",",0","10",",0","","","19590923",",,0","19590930","+,,0","","","","","19590924",",,0","19590909",",,0","1.7",",0,23,","0",",,0,30,+","","","0.0",",T,0,24,","37.2",",0,09,","13.6","0","13.6",",0","0.0",",T,,0","","","20.16",",0","31.15",",,,0","9.16",",,,0"
"USC00293577","1959-10","33.3216","-108.8794","1440.2","GLENWOOD, NM US","651.9","0","8.4",",0","4",",0","3",",0","1",",0","0",",","","","0",",0","0",",0","0",",0","28",",0","4",",0","","","19591007",",,0","19591031","+,,0","","","","","19591030",",,0","19591023",",,0","1.1",",0,07,","0",",,0,31,+","","","35.6",",,0,30,","33.9",",0,23,","97.3","0","83.7",",0","81.9",",,,0","","","15.90",",0","26.56",",,,0","5.25",",,,0"
"USC00293577","1959-11","33.3216","-108.8794","1440.2","GLENWOOD, NM US","651.9","0","0.0",",0","4",",0","3",",0","0",",0","","","","","0",",0","16",",0","0",",0","11",",0","0",",0","","","19591128",",,0","","","","","","","19591102",",,0","19591124",",,0","-9.4",",0,28,","","","","","18.3",",,0,02,","24.4",",0,24,","369.2","0","271.9",",0","33.8",",,,0","","","9.27",",0","18.98",",,,0","-0.44",",,,0"
"USC00293577","1959-12","33.3216","-108.8794","1440.2","GLENWOOD, NM US","651.9","0","0.0",",0","10",",0","8",",0","0",",0","","","","","0",",0","23",",0","0",",0","1",",0","0",",0","","","19591206",",,0","","","","","","","19591225",",,0","19591202",",,0","-8.9",",0,06,","","","","","19.3",",,0,25,","21.1",",0,02,","751.3","0","382.1",",0","73.4",",,,0","","","6.01",",0","13.97",",,,0","-1.96",",,,0"
"USC00293577","1960-01","33.3216","-108.8794","1440.2","GLENWOOD, NM US","0.0","0","0.0",",0","6",",0","5",",0","0",",0","","","","","0",",0","29",",0","0",",0","0",",0","0",",0","","","19600118",",,0","","","","","","","19600112",",,0","19600131",",,0","-12.8",",0,18,","","","","","24.6",",,0,12,","19.4",",0,31,","1213.1","0","461.8",",0","72.6",",,,0","","","3.44",",0","11.32",",,,0","-4.45",",,,0"
"USC00293577","1960-02","33.3216","-108.8794","1440.2","GLENWOOD, NM US","0.0","0","0.0",",0","1",",0","1",",0","0",",0","","","","","0",",0","26",",0","0",",0","0",",0","0",",0","","","19600225",",,0","","","","","","","19600202",",,0","19600206",",,0","-10.6",",0,25,","","","","","11.9",",,0,02,","20.6",",0,06,","1599.2","0","386.1",",0","11.9",",,,0","","","5.02",",0","13.86",",,,0","-3.82",",,,0"
"USC00293577","1960-03","33.3216","-108.8794","1440.2","GLENWOOD, NM US","0.0","0","0.0",",0","4",",0","1",",0","0",",0","0",",","","","0",",0","13",",0","0",",0","23",",0","0",",0","","","19600303",",,0","19600331","+,,0","","","","","19600301",",,0","19600322",",,0","-3.9",",0,03,","0",",,0,31,+","","","5.3",",,0,01,","29.4",",0,22,","1795.8","0","196.6",",0","8.3",",,,0","","","11.99",",0","23.06",",,,0","0.92",",,,0"
"USC00293577","1960-04","33.3216","-108.8794","1440.2","GLENWOOD, NM US","0.0","0","0.0",",0","0",",0","0",",0","0",",0","0",",0","0",",0","0",",0","7",",0","0",",0","26",",0","0",",0","","","19600403",",,0","19600430","+,,0","19600430","+,,0","","","19600412",",,0","19600421",",,0","-3.9",",0,03,","0",",,0,30,+","0",",,0,30,+","0.0",",T,0,12,","31.7",",0,21,","1916.9","0","121.1",",0","0.0",",T,,0","0",",,,0","14.30",",0","25.43",",,,0","3.16",",,,0"
"USC00293577","1960-05","33.3216","-108.8794","1440.2","GLENWOOD, NM US","32.4","0","32.4",",0","1",",0","1",",0","0",",0","0",",0","0",",0","0",",0","0",",0","0",",0","28",",0","8",",0","","","19600503",",,0","19600531","+,,0","19600531","+,,0","","","19600505",",,0","19600511",",,0","1.1",",0,03,","0",",,0,31,+","0",",,0,31,+","15.7",",,0,05,","36.1",",0,11,","1988.0","0","71.1",",0","15.7",",,,0","0",",,,0","17.08",",0","28.35",",,,0","5.82",",,,0"
"USC00293577","1960-06","33.3216","-108.8794","1440.2","GLENWOOD, NM US","220.5","0","188.1",",0","2",",0","2",",0","0",",0","0",",0","0",",0","0",",0","0",",0","0",",0","30",",0","22",",0","","","19600606",",,0","19600630","+,,0","19600630","+,,0","8","","19600607",",,0","19600629","+,,0","8.9",",0,06,","0",",,0,30,+","0",",,0,30,+","7.1",",,0,07,","40.0",",0,29,+","1988.0","0","0.0",",0","10.1",",,,0","0",",,,0","24.60",",0","35.35",",,,0","13.86",",,,0"
"USC00293577","1960-07","33.3216","-108.8794","1440.2","GLENWOOD, NM US","412.6","0","192.1",",0","11",",0","9",",0","1",",0","0",",0","0",",0","0",",0","0",",0","0",",0","31",",0","25",",0","","","19600717",",,0","19600731","+,,0","19600731","+,,0","18","","19600709",",,0","19600702",",,0","12.2",",0,17,","0",",,0,31,+","0",",,0,31,+","40.4",",,0,09,","40.6",",0,02,","0.0","0","0.0",",0","78.3",",,,0","0",",,,0","24.53",",0","33.56",",,,0","15.50",",,,0"
"USC00293577","1960-08","33.3216","-108.8794","1440.2","GLENWOOD, NM US","624.3","0","211.7",",0","6",",0","3",",0","0",",0","0",",0","0",",0","0",",0","0",",0","0",",0","31",",0","25",",0","","","19600828","+,,0","19600831","+,,0","19600831","+,,0","19","","19600814",",,0","19600829",",,0","12.2",",0,28,+","0",",,0,31,+","0",",,0,31,+","15.0",",,0,14,","39.4",",0,29,","0.0","0","0.0",",0","30.0",",,,0","0",",,,0","25.16",",0","34.23",",,,0","16.10",",,,0"
"USC00293577","1960-09","33.3216","-108.8794","1440.2","GLENWOOD, NM US","750.1","0","125.8",",0","6",",0","2",",0","0",",0","0",",0","0",",0","0",",0","0",",0","0",",0","30",",0","24",",0","","","19600924",",,0","19600930","+,,0","19600930","+,,0","9","","19600909",",,0","19600908",",,0","5.0",",0,24,","0",",,0,30,+","0",",,0,30,+","24.1",",,0,09,","36.1",",0,08,","0.0","0","0.0",",0","35.1",",,,0","0",",,,0","22.53",",0","33.17",",,,0","11.89",",,,0"
"USC00293577","1960-10","33.3216","-108.8794","1440.2","GLENWOOD, NM US","760.3","0","10.2",",0","7",",0","6",",0","2",",0","0",",0","0",",0","0",",0","0",",0","0",",0","26",",0","2",",0","","","19601031",",,0","19601031","+,,0","19601031","+,,0","6","","19601017",",,0","19601006",",,0","0.6",",0,31,","0",",,0,31,+","0",",,0,31,+","30.7",",,0,17,","33.3",",0,06,","103.0","0","103.0",",0","108.6",",,,0","0",",,,0","15.34",",0","24.59",",,,0","6.09",",,,0"
"USC00293577","1960-11","33.3216","-108.8794","1440.2","GLENWOOD, NM US","760.3","0","0.0",",0","3",",0","0",",0","0",",0","0",",0","0",",0","0",",0","19",",0","0",",0","17",",0","0",",0","","","19601129","+,,0","19601130","+,,0","19601130","+,,0","","","19601126",",,0","19601101",",,0","-4.4",",0,29,+","0",",,0,30,+","0",",,0,30,+","0.5",",,0,26,","27.2",",0,01,","336.8","0","233.8",",0","1.1",",,,0","0",",,,0","10.54",",0","21.04",",,,0","0.04",",,,0"
"USC00293577","1960-12","33.3216","-108.8794","1440.2","GLENWOOD, NM US","760.3","0","0.0",",0","7",",0","4",",0","0",",0","1","1,0","1",",0","0",",0","28",",0","0",",0","0",",0","0",",0","","","19601210",",,0","19601208",",1,0","19601208",",,0","1","","19601208",",,0","19601219",",,0","-11.1",",0,10,","51","1,,0,08,","203",",,0,08,","14.7",",,0,08,","20.0",",0,19,","756.7","0","419.9",",0","33.1",",,,0","203",",,,0","4.79",",0","13.48",",,,0","-3.90",",,,0"
"USC00293577","1961-01","33.3216","-108.8794","1440.2","GLENWOOD, NM US","0.0","","0.0",",0","2",",0","2",",0","0",",0","0",",0","0",",0","0",",0","26",",0","0",",0","0",",0","0",",0","","","19610108",",,0","19610131","+,,0","19610131","+,,0","","","19610124",",,0","19610116",",,0","-7.8",",0,08,","0",",,0,31,+","0",",,0,31,+","9.7",",,0,24,","20.0",",0,16,","1134.7","","378.0",",0","17.6",",,,0","0",",,,0","6.14",",0","15.21",",,,0","-2.93",",,,0"
"USC00293577","1961-02","33.3216","-108.8794","1440.2","GLENWOOD, NM US","0.0","","0.0",",0","0",",0","0",",0","0",",0","0",",0","0",",0","0",",0","24",",0","0",",0","8",",0","0",",0","","","19610206",",,0","19610228","+,,0","19610228","+,,0","","","19610203",",,0","19610211",",,0","-8.3",",0,06,","0",",,0,28,+","0",",,0,28,+","0.0",",T,0,03,","25.6",",0,11,","1432.5","","297.8",",0","0.0",",T,,0","0",",,,0","7.70",",0","18.15",",,,0","-2.76",",,,0"
"USC00293577","1961-03","33.3216","-108.8794","1440.2","GLENWOOD, NM US","0.0","","0.0",",0","8",",0","6",",0","0",",0","0",",0","0",",0","0",",0","18",",0","0",",0","14",",0","0",",0","","","19610302",",,0","19610331","+,,0","19610330","+,,0","1","","19610318","+,,0","19610322",",,0","-5.0",",0,02,","0",",,0,31,+","0",",T,0,30,+","6.1",",,0,18,+","27.8",",0,22,","1680.6","","248.1",",0","33.2",",,,0","0",",T,,0","10.33",",0","20.30",",,,0","0.36",",,,0"
"USC00293577","1961-04","33.3216","-108.8794","1440.2","GLENWOOD, NM US","1.7","","1.7",",0","0",",0","0",",0","0",",0","0",",0","0",",0","0",",0","6",",0","0",",0","28",",0","3",",0","","","19610410",",,0","19610430","+,,0","19610430","+,,0","","","19610411",",,0","19610430",",,0","-2.8",",0,10,","0",",,0,30,+","0",",,0,30,+","0.0",",T,0,11,","32.8",",0,30,","1790.1","","109.5",",0","0.0",",T,,0","0",",,,0","14.74",",0","26.33",",,,0","3.15",",,,0"
"USC00293577","1961-05","33.3216","-108.8794","1440.2","GLENWOOD, NM US","15.7","","14.0",",0","1",",0","0",",0","0",",0","0",",0","0",",0","0",",0","1",",0","0",",0","30",",0","9",",0","","","19610504",",,0","19610531","+,,0","19610531","+,,0","3","","19610524",",,0","19610510",",,0","0.0",",0,04,","0",",,0,31,+","0",",,0,31,+","2.0",",,0,24,","34.4",",0,10,","1835.2","","45.1",",0","2.0",",,,0","0",",,,0","17.33",",0","29.76",",,,0","4.89",",,,0"
"USC00293577","1961-06","33.3216","-108.8794","1440.2","GLENWOOD, NM US","173.8","","158.1",",0","8",",0","4",",0","0",",0","0",",0","0",",0","0",",0","0",",0","0",",0","30",",0","25",",0","","","19610603",",,0","19610630","+,,0","19610630","+,,0","16","","19610617",",,0","19610622",",,0","3.3",",0,03,","0",",,0,30,+","0",",,0,30,+","14.0",",,0,17,","38.3",",0,22,","1838.0","","2.8",",0","29.5",",,,0","0",",,,0","23.51",",0","34.89",",,,0","12.12",",,,0"
"USC00293577","1961-07","33.3216","-108.8794","1440.2","GLENWOOD, NM US","380.2","","206.4",",0","10",",0","5",",0","1",",0","0",",0","0",",0","0",",0","0",",0","0",",0","31",",0","29",",0","","","19610724",",,0","19610731","+,,0","19610731","+,,0","27","","19610710",",,0","19610718",",,0","12.8",",0,24,","0",",,0,31,+","0",",,0,31,+","32.8",",,0,10,","37.8",",0,18,","0.0","","0.0",",0","52.4",",,,0","0",",,,0","24.99",",0","34.32",",,,0","15.66",",,,0"
"USC00293577","1961-08","33.3216","-108.8794","1440.2","GLENWOOD, NM US","553.9","","173.7",",0","8",",0","5",",0","0",",0","0",",0","0",",0","0",",0","0",",0","0",",0","31",",0","11",",0","","","19610827","+,,0","19610831","+,,0","19610831","+,,0","20","","19610811",",,0","19610807",",,0","14.4",",0,27,+","0",",,0,31,+","0",",,0,31,+","16.3",",,0,11,","36.7",",0,07,","0.0","","0.0",",0","48.6",",,,0","0",",,,0","23.94",",0","31.29",",,,0","16.58",",,,0"
"USC00293577","1961-09","33.3216","-108.8794","1440.2","GLENWOOD, NM US","598.7","","44.8",",0","7",",0","4",",0","0",",0","0",",0","0",",0","0",",0","0",",0","0",",0","30",",0","0",",0","","","19610930","+,,0","19610930","+,,0","19610930","+,,0","8","","19610911",",,0","19610927",",,0","6.1",",0,30,+","0",",,0,30,+","0",",,0,30,+","19.3",",,0,11,","30.6",",0,27,","11.4","","11.4",",0","56.9",",,,0","0",",,,0","19.45",",0","27.44",",,,0","11.45",",,,0"
"USC00293577","1961-10","33.3216","-108.8794","1440.2","GLENWOOD, NM US","599.0","","0.3",",0","5",",0","5",",0","0",",0","0",",0","0",",0","0",",0","0",",0","0",",0","26",",0","0",",0","","","19611028",",,0","19611031","+,,0","19611031","+,,0","3","","19611008",",,0","19611005","+,,0","1.1",",0,28,","0",",,0,31,+","0",",,0,31,+","20.6",",,0,08,","27.8",",0,05,+","143.3","","131.9",",0","65.1",",,,0","0",",,,0","14.09",",0","23.15",",,,0","5.02",",,,0"
"USC00293577","1961-11","33.3216","-108.8794","1440.2","GLENWOOD, NM US","599.0","","0.0",",0","8",",0","5",",0","0",",0","0",",0","1",",0","0",",0","14",",0","0",",0","3",",0","0",",0","","","19611120",",,0","19611130","+,,0","19611114",",,0","4","","19611113",",,0","19611128","+,,0","-3.9",",0,20,","0",",,0,30,+","25",",,0,14,","11.2",",,0,13,","21.7",",0,28,+","459.6","","316.3",",0","40.5",",,,0","25",",,,0","7.79",",0","15.10",",,,0","0.48",",,,0"
"USC00293577","1962-01","33.3216","-108.8794","1440.2","GLENWOOD, NM US","0.0","0","0.0",",0","7",",0","6",",0","1",",0","","","","","1",",0","24",",0","2",",0","0",",0","0",",0","","","19620111",",,0","","","","","","","19620124",",,0","19620108",",,0","-20.0",",0,11,","","","","","26.4",",,0,24,","20.6",",0,08,","","","423.9",",0","47.2",",,,0","","","4.66",",0","12.10",",,,0","-2.78",",,,0"
"USC00293577","1962-02","33.3216","-108.8794","1440.2","GLENWOOD, NM US","0.0","0","0.0",",0","5",",0","0",",0","0",",0","","","","","0",",0","12",",0","0",",0","8",",0","0",",0","","","19620228",",,0","","","","","","","19620227",",,0","19620210",",,0","-7.2",",0,28,","","","","","1.5",",,0,27,","25.6",",0,10,","","","263.1",",0","3.6",",,,0","","","8.94",",0","17.72",",,,0","0.15",",,,0"
"USC00293577","1962-03","33.3216","-108.8794","1440.2","GLENWOOD, NM US","0.0","0","0.0",",0","6",",0","2",",0","0",",0","","","","","0",",0","23",",0","0",",0","9",",0","0",",0","","","19620316",",,0","","","","","","","19620307",",,0","19620326",",,0","-7.2",",0,16,","","","","","8.1",",,0,07,","27.2",",0,26,","","","326.3",",0","16.4",",,,0","","","7.81",",0","17.56",",,,0","-1.95",",,,0"
"USC00293577","1962-04","33.3216","-108.8794","1440.2","GLENWOOD, NM US","8.3","0","8.3",",0","2",",0","1",",0","0",",0","","","","","0",",0","4",",0","0",",0","30",",0","6",",0","","","19620403","+,,0","","","","","","","19620426",",,0","19620419",",,0","-0.6",",0,03,+","","","","","4.8",",,0,26,","34.4",",0,19,","","","80.7",",0","5.3",",,,0","","","15.92",",0","28.14",",,,0","3.70",",,,0"
"USC00293577","1962-05","33.3216","-108.8794","1440.2","GLENWOOD, NM US","35.5","0","27.2",",0","0",",0","0",",0","0",",0","0","1,","","","0",",0","0",",0","0",",0","31",",0","8",",0","","","19620517",",,0","19620531","+,1,0","","","","","19620531","+,,0","19620511","+,,0","1.1",",0,17,","0","1,,0,31,+","","","0.0",",,0,31,+","33.9",",0,11,+","","","52.5",",0","0.0",",,,0","","","17.52",",0","28.87",",,,0","6.17",",,,0"
"USC00293577","1962-07","33.3216","-108.8794","1440.2","GLENWOOD, NM US","","","198.8",",0","17",",0","10",",0","0",",0","0",",0","0",",0","0",",0","0",",0","0",",0","31",",0","25",",0","","","19620714",",,0","19620731","+,,0","19620731","+,,0","","","19620721",",,0","19620716","+,,0","9.4",",0,14,","0",",,0,31,+","0",",,0,31,+","17.5",",,0,21,","37.2",",0,16,+","0.0","0","0.0",",0","73.5",",,,0","0",",,,0","24.75",",0","33.20",",,,0","16.30",",,,0"
"USC00293577","1962-08","33.3216","-108.8794","1440.2","GLENWOOD, NM US","","","227.2",",0","2",",0","2",",0","0",",0","0",",0","0",",0","0",",0","0",",0","0",",0","31",",0","29",",0","","","19620826",",,0","19620831","+,,0","19620831","+,,0","","","19620821",",,0","19620815",",,0","11.7",",0,26,","0",",,0,31,+","0",",,0,31,+","3.0",",,0,21,","39.4",",0,15,","0.0","0","0.0",",0","5.8",",,,0","0",",,,0","25.66",",0","35.72",",,,0","15.60",",,,0"
"USC00293577","1962-09","33.3216","-108.8794","1440.2","GLENWOOD, NM US","","","113.9",",0","10",",0","9",",0","0",",0","0",",0","0","1,0","0",",0","0",",0","0",",0","28",",0","14",",0","","","19620929","+,,0","19620930","+,,0","19620930","+,1,0","","","19620923",",,0","19620917",",,0","8.9",",0,29,+","0",",,0,30,+","0","1,,0,30,+","13.7",",,0,23,","36.1",",0,17,","1.6","0","1.6",",0","77.0",",,,0","0","1,,,0","22.08",",0","30.59",",,,0","13.56",",,,0"
"USC00293577","1962-10","33.3216","-108.8794","1440.2","GLENWOOD, NM US","","","5.0",",0","5",",0","3",",0","0",",0","0",",0","0",",0","0",",0","0",",0","0",",0","29",",0","0",",0","","","19621030",",,0","19621031","+,,0","19621031","+,,0","","","19621017",",,0","19621003",",,0","2.8",",0,30,","0",",,0,31,+","0",",,0,31,+","11.9",",,0,17,","30.0",",0,03,","62.5","0","60.9",",0","34.6",",,,0","0",",,,0","16.53",",0","25.87",",,,0","7.19",",,,0"
"USC00293577","1962-11","33.3216","-108.8794","1440.2","GLENWOOD, NM US","","","0.0",",0","4",",0","2",",0","0",",0","0",",0","0",",0","0",",0","5",",0","0",",0","17",",0","0",",0","","","19621121",",,0","19621130","+,,0","19621130","+,,0","","","19621130",",,0","19621102",",,0","-2.2",",0,21,","0",",,0,30,+","0",",,0,30,+","21.3",",,0,30,","25.6",",0,02,","273.1","0","210.6",",0","37.6",",,,0","0",",,,0","11.31",",0","20.50",",,,0","2.12",",,,0"
"USC00293577","1962-12","33.3216","-108.8794","1440.2","GLENWOOD, NM US","","","0.0",",0","7",",0","6",",0","0",",0","0",",0","0",",0","0",",0","18",",0","0",",0","1",",0","0",",0","","","19621229",",,0","19621231","+,,0","19621231","+,,0","","","19621201",",,0","19621208",",,0","-5.0",",0,29,","0",",,0,31,+","0",",,0,31,+","21.8",",,0,01,","21.1",",0,08,","623.6","0","350.5",",0","50.8",",,,0","0",",,,0","7.03",",0","14.20",",,,0","-0.15",",,,0"
"USC00293577","1963-01","33.3216","-108.8794","1440.2","GLENWOOD, NM US","0.0","0","0.0",",0","5",",0","4",",0","0",",0","","","","","0",",0","29",",0","0",",0","2",",0","0",",0","","","19630120","+,,0","","","","","","","19630103",",,0","19630131",",,0","-10.6",",0,20,+","","","","","11.7",",,0,03,","22.2",",0,31,","1076.9","0","453.3",",0","29.5",",,,0","","","3.71",",0","12.22",",,,0","-4.79",",,,0"
"USC00293577","1963-02","33.3216","-108.8794","1440.2","GLENWOOD, NM US","0.0","0","0.0",",0","2",",0","2",",0","0",",0","","","","","0",",0","12",",0","0",",0","13",",0","0",",0","","","19630213",",,0","","","","","","","19630210",",,0","19630206",",,0","-8.9",",0,13,","","","","","14.0",",,0,10,","26.7",",0,06,","1329.9","0","253.0",",0","23.7",",,,0","","","9.30",",0","18.64",",,,0","-0.04",",,,0"
"USC00293577","1963-03","33.3216","-108.8794","1440.2","GLENWOOD, NM US","0.0","0","0.0",",0","2",",0","1",",0","0",",0","","","","","0",",0","20",",0","0",",0","16",",0","0",",0","","","19630305",",,0","","","","","","","19630329",",,0","19630327",",,0","-4.4",",0,05,","","","","","7.1",",,0,29,","29.4",",0,27,","1579.9","0","250.0",",0","7.6",",,,0","","","10.27",",0","20.61",",,,0","-0.07",",,,0"
"USC00293577","1963-04","33.3216","-108.8794","1440.2","GLENWOOD, NM US","1.1","0","1.1",",0","2",",0","2",",0","0",",0","0",",0","0",",0","0",",0","6",",0","0",",0","27",",0","1",",0","","","19630416",",,0","19630430","+,,0","19630430","+,,0","","","19630426",",,0","19630414",",,0","-3.3",",0,16,","0",",,0,30,+","0",",,0,30,+","10.4",",,0,26,","32.2",",0,14,","1700.0","0","120.1",",0","15.7",",,,0","0",",,,0","14.37",",0","25.17",",,,0","3.57",",,,0"
"USC00293577","1963-05","33.3216","-108.8794","1440.2","GLENWOOD, NM US","49.6","0","48.5",",0","1",",0","0",",0","0",",0","0",",0","0",",0","0",",0","0",",0","0",",0","31",",0","12",",0","","","19630512",",,0","19630531","+,,0","19630531","+,,0","","","19630515",",,0","19630518",",,0","2.2",",0,12,","0",",,0,31,+","0",",,0,31,+","0.5",",,0,15,","33.9",",0,18,","1712.6","0","12.6",",0","0.5",",,,0","0",",,,0","19.49",",0","31.07",",,,0","7.91",",,,0"
"USC00293577","1963-06","33.3216","-108.8794","1440.2","GLENWOOD, NM US","155.6","0","106.0",",0","1",",0","0",",0","0",",0","0",",0","0",",0","0",",0","0",",0","0",",0","30",",0","19",",0","","","19630610",",,0","19630630","+,,0","19630630","+,,0","","","19630611",",,0","19630627",",,0","2.8",",0,10,","0",",,0,30,+","0",",,0,30,+","1.0",",,0,11,","40.0",",0,27,","1716.5","0","3.9",",0","1.0",",,,0","0",",,,0","21.74",",0","33.72",",,,0","9.76",",,,0"
"USC00293577","1963-07","33.3216","-108.8794","1440.2","GLENWOOD, NM US","370.6","0","215.0",",0","11",",0","6",",0","0",",0","0",",0","0",",0","0",",0","0",",0","0",",0","31",",0","27",",0","","","19630706",",,0","19630731","+,,0","19630731","+,,0","","","19630707",",,0","19630701",",,0","11.1",",0,06,","0",",,0,31,+","0",",,0,31,+","10.9",",,0,07,","38.9",",0,01,","0.0","0","0.0",",0","41.5",",,,0","0",",,,0","25.27",",0","34.27",",,,0","16.27",",,,0"
"USC00293577","1963-08","33.3216","-108.8794","1440.2","GLENWOOD, NM US","500.3","0","129.7",",0","17",",0","12",",0","0",",0","0",",0","0",",0","0",",0","0",",0","0",",0","31",",0","4",",0","","","19630822",",,0","19630831","+,,0","19630831","+,,0","","","19630803",",,0","19630802",",,0","12.8",",0,22,","0",",,0,31,+","0",",,0,31,+","15.0",",,0,03,","33.9",",0,02,","0.0","0","0.0",",0","104.5",",,,0","0",",,,0","22.52",",0","29.86",",,,0","15.17",",,,0"
"USC00293577","1963-09","33.3216","-108.8794","1440.2","GLENWOOD, NM US","580.1","0","79.8",",0","10",",0","7",",0","0",",0","0",",0","0",",0","0",",0","0",",0","0",",0","30",",0","6",",0","","","19630930","+,,0","19630930","+,,0","19630930","+,,0","","","19630904",",,0","19630912",",,0","7.2",",0,30,+","0",",,0,30,+","0",",,0,30,+","18.3",",,0,04,","33.9",",0,12,","0.0","0","0.0",",0","64.4",",,,0","0",",,,0","20.99",",0","29.96",",,,0","12.03",",,,0"
"USC00293577","1963-10","33.3216","-108.8794","1440.2","GLENWOOD, NM US","585.9","0","5.8",",0","3",",0","2",",0","0",",0","0",",0","0",",0","0",",0","0",",0","0",",0","28",",0","0",",0","","","19631005",",,0","19631031","+,,0","19631031","+,,0","","","19631019","+,,0","19631002","+,,0","3.3",",0,05,","0",",,0,31,+","0",",,0,31,+","12.7",",,0,19,+","31.1",",0,02,+","65.2","0","65.2",",0","25.9",",,,0","0",",,,0","16.42",",0","26.26",",,,0","6.58",",,,0"
"USC00293577","1963-11","33.3216","-108.8794","1440.2","GLENWOOD, NM US","585.9","0","0.0",",0","1",",0","1",",0","0",",0","0",",0","0",",0","0",",0","14",",0","0",",0","8",",0","0",",0","","","19631127",",,0","19631130","+,,0","19631107",",,0","","","19631121",",,0","19631110",",,0","-6.1",",0,27,","0",",,0,30,+","0",",T,0,07,","15.5",",,0,21,","23.3",",0,10,","342.6","0","277.4",",0","15.5",",,,0","0",",T,,0","9.09",",0","17.82",",,,0","0.35",",,,0"
"USC00293577","1963-12","33.3216","-108.8794","1440.2","GLENWOOD, NM US","585.9","0","0.0",",0","1",",0","1",",0","0",",0","0",",0","0",",0","0",",0","30",",0","0",",0","0",",0","0",",0","","","19631231","+,,0","19631231","+,,0","19631231","+,,0","","","19631210",",,0","19631228","+,,0","-9.4",",0,31,+","0",",,0,31,+","0",",,0,31,+","3.3",",,0,10,","18.9",",0,28,+","755.0","0","412.4",",0","3.3",",,,0","0",",,,0","5.03",",0","14.97",",,,0","-4.91",",,,0"
"USC00293577","1964-01","33.3216","-108.8794","1440.2","GLENWOOD, NM US","0.0","0","0.0",",0","2",",0","1",",0","0",",0","0",",0","0",",0","0",",0","30",",0","0",",0","0",",0","0",",0","","","19640114","+,,0","19640131","+,,0","19640131","+,,0","","","19640123",",,0","19640101",",,0","-12.8",",0,14,+","0",",,0,31,+","0",",,0,31,+","5.8",",,0,23,","18.9",",0,01,","1246.2","0","491.2",",0","7.8",",,,0","0",",,,0","2.49",",0","11.96",",,,0","-6.98",",,,0"
"USC00293577","1964-02","33.3216","-108.8794","1440.2","GLENWOOD, NM US","0.0","0","0.0",",0","1",",0","0",",0","0",",0","0",",0","0",",0","0",",0","28",",0","0",",0","1",",0","0",",0","","","19640215",",,0","19640229","+,,0","19640229","+,,0","","","19640226",",,0","19640210",",,0","-11.1",",0,15,","0",",,0,29,+","0",",,0,29,+","0.5",",,0,26,","21.1",",0,10,","1666.4","0","420.2",",0","0.5",",,,0","0",",,,0","3.84",",0","13.71",",,,0","-6.03",",,,0"
"USC00293577","1964-03","33.3216","-108.8794","1440.2","GLENWOOD, NM US","0.0","0","0.0",",0","5",",0","2",",0","0",",0","","","0","3,0","0",",0","20",",0","0",",0","8",",0","0",",0","","","19640309",",,0","","","19640331","+,3,0","","","19640303",",,0","19640330",",,0","-7.8",",0,09,","","","0","3,,0,31,+","7.9",",,0,03,","28.3",",0,30,","1979.4","0","313.0",",0","12.0",",,,0","0","3,,,0","8.24",",0","17.73",",,,0","-1.25",",,,0"
"USC00293577","1964-04","33.3216","-108.8794","1440.2","GLENWOOD, NM US","0.0","0","0.0",",0","2",",0","1",",0","0",",0","0",",0","0",",0","0",",0","8",",0","0",",0","23",",0","0",",0","","","19640426","+,,0","19640430","+,,0","19640430","+,,0","","","19640404",",,0","19640416","+,,0","-1.7",",0,26,+","0",",,0,30,+","0",",,0,30,+","3.0",",,0,04,","29.4",",0,16,+","2140.3","0","160.9",",0","4.0",",,,0","0",",,,0","12.97",",0","22.79",",,,0","3.15",",,,0"
"USC00293577","1964-05","33.3216","-108.8794","1440.2","GLENWOOD, NM US","53.6","0","53.6",",0","2",",0","0",",0","0",",0","0",",0","0",",0","0",",0","2",",0","0",",0","30",",0","12",",0","","","19640506",",,0","19640531","+,,0","19640531","+,,0","","","19640521",",,0","19640524",",,0","-2.2",",0,06,","0",",,0,31,+","0",",,0,31,+","2.0",",,0,21,","36.1",",0,24,","2196.4","0","56.1",",0","2.3",",,,0","0",",,,0","18.25",",0","29.25",",,,0","7.26",",,,0"
"USC00293577","1964-06","33.3216","-108.8794","1440.2","GLENWOOD, NM US","154.2","0","100.6",",0","0",",0","0",",0","0",",0","0",",0","0",",0","0",",0","0",",0","0",",0","30",",0","20",",0","","","19640609",",,0","19640630","+,,0","19640630","+,,0","","","19640630","+,,0","19640623","+,,0","5.0",",0,09,","0",",,0,30,+","0",",,0,30,+","0.0",",,0,30,+","36.7",",0,23,+","2196.9","0","0.5",",0","0.0",",,,0","0",",,,0","21.67",",0","33.06",",,,0","10.28",",,,0"
"USC00293577","1964-07","33.3216","-108.8794","1440.2","GLENWOOD, NM US","375.8","0","221.6",",0","13",",0","8",",0","1",",0","0",",0","0",",0","0",",0","0",",0","0",",0","31",",0","25",",0","","","19640702",",,0","19640731","+,,0","19640731","+,,0","","","19640731",",,0","19640706","+,,0","13.9",",0,02,","0",",,0,31,+","0",",,0,31,+","29.0",",,0,31,","39.4",",0,06,+","0.0","0","0.0",",0","102.6",",,,0","0",",,,0","25.48",",0","34.33",",,,0","16.63",",,,0"
"USC00293577","1964-08","33.3216","-108.8794","1440.2","GLENWOOD, NM US","553.9","0","178.1",",0","9",",0","6",",0","0",",0","0",",0","0",",0","0",",0","0",",0","0",",0","31",",0","21",",0","","","19640823",",,0","19640831","+,,0","19640831","+,,0","","","19640810",",,0","19640807",",,0","10.0",",0,23,","0",",,0,31,+","0",",,0,31,+","6.6",",,0,10,","37.2",",0,07,","0.0","0","0.0",",0","29.5",",,,0","0",",,,0","24.08",",0","32.51",",,,0","15.65",",,,0"
"USC00293577","1964-09","33.3216","-108.8794","1440.2","GLENWOOD, NM US","631.6","0","77.7",",0","14",",0","6",",0","0",",0","0",",0","0",",0","0",",0","0",",0","0",",0","29",",0","6",",0","","","19640928",",,0","19640930","+,,0","19640930","+,,0","","","19640924",",,0","19640904",",,0","6.7",",0,28,","0",",,0,30,+","0",",,0,30,+","21.1",",,0,24,","34.4",",0,04,","12.0","0","12.0",",0","60.5",",,,0","0",",,,0","20.52",",0","28.59",",,,0","12.45",",,,0"
"USC00293577","1964-10","33.3216","-108.8794","1440.2","GLENWOOD, NM US","640.5","0","8.9",",0","3",",0","1",",0","0",",0","0",",0","0",",0","0",",0","0",",0","0",",0","31",",0","0",",0","","","19641025","+,,0","19641031","+,,0","19641031","+,,0","","","19641017",",,0","19641008",",,0","1.1",",0,25,+","0",",,0,31,+","0",",,0,31,+","4.3",",,0,17,","31.7",",0,08,","73.7","0","61.7",",0","5.9",",,,0","0",",,,0","16.63",",0","27.36",",,,0","5.90",",,,0"
"USC00293577","1964-11","33.3216","-108.8794","1440.2","GLENWOOD, NM US","640.5","0","0.0","1,0","6",",0","2",",0","0",",0","0",",0","0",",0","0",",0","20",",0","0","1,0","6","1,0","0","1,0","","","19641122",",,0","19641130","+,,0","19641130","+,,0","","","19641110",",,0","19641107",",1,0","-7.8",",0,22,","0",",,0,30,+","0",",,0,30,+","6.9",",,0,10,","26.1","1,0,07,","363.6","0","289.9","1,0","15.0",",,,0","0",",,,0","8.30","1,0","18.02","1,,,0","-1.41",",,,0"
"USC00293577","1964-12","33.3216","-108.8794","1440.2","GLENWOOD, NM US","640.5","0","0.0",",0","6",",0","2",",0","0",",0","1",",0","1",",0","0",",0","26",",0","0",",0","0",",0","0",",0","","","19641216",",,0","19641218",",,0","19641218",",,0","","","19641218",",,0","19641201",",,0","-12.2",",0,16,","25",",,0,18,","25",",,0,18,","10.2",",,0,18,","20.0",",0,01,","785.2","0","421.6",",0","19.6",",,,0","25",",,,0","4.73",",0","13.41",",,,0","-3.94",",,,0"
"USC00293577","1965-01","33.3216","-108.8794","1440.2","GLENWOOD, NM US","0.0","0","0.0","1,0","6",",0","6",",0","0",",0","0",",0","0",",0","0",",0","24",",0","0","1,0","2","1,0","0","1,0","","","19650126",",,0","19650131","+,,0","19650131","+,,0","","","19650121",",,0","19650131","+,1,0","-7.2",",0,26,","0",",,0,31,+","0",",,0,31,+","22.9",",,0,21,","21.1","1,0,31,+","1131.7","0","346.5","1,0","64.3",",,,0","0",",,,0","6.70","1,0","15.26","1,,,0","-1.85",",,,0"
"USC00293577","1965-02","33.3216","-108.8794","1440.2","GLENWOOD, NM US","0.0","0","0.0",",0","6",",0","3",",0","0",",0","0",",0","0","2,0","0",",0","26",",0","0",",0","8",",0","0",",0","","","19650212",",,0","19650211","+,,0","19650228","+,2,0","","","19650210","+,,0","19650227","+,,0","-12.8",",0,12,","0",",T,0,11,+","0","2,,0,28,+","8.9",",,0,10,+","22.2",",0,27,+","1465.0","0","333.3",",0","24.4",",,,0","0","2,,,0","6.43",",0","15.74",",,,0","-2.88",",,,0"
"USC00293577","1965-03","33.3216","-108.8794","1440.2","GLENWOOD, NM US","0.0","0","0.0",",0","3",",0","1",",0","0",",0","0",",0","0",",0","0",",0","26",",0","0",",0","9",",0","0",",0","","","19650305","+,,0","19650331","+,,0","19650302",",,0","3","","19650311",",,0","19650331",",,0","-8.3",",0,05,+","0",",,0,31,+","0",",T,0,02,","11.2",",,0,11,","25.0",",0,31,","1791.1","0","326.1",",0","14.0",",,,0","0",",T,,0","7.81",",0","17.83",",,,0","-2.20",",,,0"
"USC00293577","1965-04","33.3216","-108.8794","1440.2","GLENWOOD, NM US","5.5","0","5.5",",0","3",",0","1",",0","0",",0","0",",0","0",",0","0",",0","7",",0","0",",0","21",",0","3",",0","","","19650411",",,0","19650430","+,,0","19650430","+,,0","3","","19650402",",,0","19650421",",,0","-2.8",",0,11,","0",",,0,30,+","0",",,0,30,+","3.8",",,0,02,","33.9",",0,21,","1939.2","0","148.1",",0","5.6",",,,0","0",",,,0","13.58",",0","24.72",",,,0","2.44",",,,0"
"USC00293577","1965-05","33.3216","-108.8794","1440.2","GLENWOOD, NM US","16.6","0","11.1","1,0","1",",0","0",",0","0",",0","0",",0","0",",0","0",",0","5",",0","0","1,0","30","1,0","5","1,0","","","19650508",",,0","19650531","+,,0","19650531","+,,0","1","","19650516",",,0","19650520",",1,0","-1.7",",0,08,","0",",,0,31,+","0",",,0,31,+","0.5",",,0,16,","33.3","1,0,20,","2018.2","0","79.0","1,0","0.5",",,,0","0",",,,0","16.11","1,0","27.65","1,,,0","4.56",",,,0"
"USC00293577","1965-06","33.3216","-108.8794","1440.2","GLENWOOD, NM US","69.0","0","52.4","1,0","3",",0","1",",0","0",",0","0",",0","0",",0","0","1,0","0","1,0","0","1,0","29","1,0","13","1,0","","","19650604",",1,0","19650630","+,,0","19650630","+,,0","5","","19650610",",,0","19650630",",1,0","2.2","1,0,04,","0",",,0,30,+","0",",,0,30,+","7.6",",,0,10,","37.2","1,0,30,","2035.4","0","17.2","1,0","9.4",",,,0","0",",,,0","19.55","1,0","30.98","1,,,0","8.11","1,,,0"
"USC00293577","1965-07","33.3216","-108.8794","1440.2","GLENWOOD, NM US","259.8","0","190.8","1,0","10",",0","8",",0","1",",0","0",",0","0",",0","0",",0","0",",0","0","1,0","30","1,0","23","1,0","","","19650718","+,,0","19650731","+,,0","19650731","+,,0","26","","19650718",",,0","19650705","+,1,0","13.9",",0,18,+","0",",,0,31,+","0",",,0,31,+","25.4",",,0,18,","37.8","1,0,05,+","0.0","0","0.0","1,0","115.4",",,,0","0",",,,0","24.72","1,0","33.61","1,,,0","15.83",",,,0"
"USC00293577","1965-08","33.3216","-108.8794","1440.2","GLENWOOD, NM US","434.8","0","175.0",",0","5",",0","4",",0","0",",0","0",",0","0",",0","0",",0","0",",0","0",",0","31",",0","22",",0","","","19650824","+,,0","19650831","+,,0","19650831","+,,0","22","","19650813",",,0","19650827","+,,0","11.7",",0,24,+","0",",,0,31,+","0",",,0,31,+","13.5",",,0,13,","37.8",",0,27,+","0.0","0","0.0",",0","34.0",",,,0","0",",,,0","23.98",",0","33.75",",,,0","14.21",",,,0"
"USC00293577","1965-09","33.3216","-108.8794","1440.2","GLENWOOD, NM US","507.9","0","73.1",",0","4",",0","2",",0","0",",0","0",",0","0",",0","0",",0","0",",0","0",",0","30",",0","4",",0","","","19650929",",,0","19650930","+,,0","19650930","+,,0","12","","19650909",",,0","19650914",",,0","4.4",",0,29,","0",",,0,30,+","0",",,0,30,+","17.8",",,0,09,","34.4",",0,14,","11.0","0","11.0",",0","26.2",",,,0","0",",,,0","20.40",",0","29.73",",,,0","11.07",",,,0"
"USC00293577","1965-10","33.3216","-108.8794","1440.2","GLENWOOD, NM US","527.9","0","20.0",",0","2",",0","1",",0","0",",0","0",",0","0",",0","0",",0","2",",0","0",",0","30",",0","7",",0","","","19651018",",,0","19651031","+,,0","19651031","+,,0","2","","19651016",",,0","19651009",",,0","-2.8",",0,18,","0",",,0,31,+","0",",,0,31,+","2.5",",,0,16,","35.6",",0,09,","98.6","0","87.6",",0","3.8",",,,0","0",",,,0","16.15",",0","28.76",",,,0","3.55",",,,0"
"USC00293577","1965-11","33.3216","-108.8794","1440.2","GLENWOOD, NM US","527.9","0","0.0",",0","4",",0","2",",0","1",",0","0",",0","0",",0","0",",0","12",",0","0",",0","20",",0","0",",0","","","19651130","+,,0","19651130","+,,0","19651130","+,,0","2","","19651125",",,0","19651101",",,0","-3.9",",0,30,+","0",",,0,30,+","0",",,0,30,+","25.4",",,0,25,","28.9",",0,01,","298.1","0","199.5",",0","34.7",",,,0","0",",,,0","11.68",",0","21.88",",,,0","1.49",",,,0"
"USC00293577","1965-12","33.3216","-108.8794","1440.2","GLENWOOD, NM US","527.9","0","0.0",",0","12",",0","10",",0","2",",0","0",",0","0",",0","0",",0","20",",0","0",",0","3",",0","0",",0","","","19651226",",,0","19651231","+,,0","19651214","+,,0","","","19651210",",,0","19651205",",,0","-6.7",",0,26,","0",",,0,31,+","0",",T,0,14,+","56.4",",,0,10,","22.8",",0,05,","694.3","0","396.2",",0","178.5",",,,0","0",",T,,0","5.55",",0","12.71",",,,0","-1.60",",,,0"
"USC00293577","1966-01","33.3216","-108.8794","1440.2","GLENWOOD, NM US","0.0","0","0.0",",0","5",",0","4",",0","0",",0","1",",0","2",",0","0",",0","29",",0","0",",0","0",",0","0",",0","","","19660122",",,0","19660118",",,0","19660118",",,0","","","19660118",",,0","19660107",",,0","-12.2",",0,22,","51",",,0,18,","152",",,0,18,","14.7",",,0,18,","20.0",",0,07,","1144.7","0","450.4",",0","24.8",",,,0","203",",,,0","3.80",",0","12.47",",,,0","-4.86",",,,0"
"USC00293577","1966-02","33.3216","-108.8794","1440.2","GLENWOOD, NM US","0.0","0","0.0",",0","6",",0","4",",0","0",",0","0",",0","2",",0","0",",0","27",",0","0",",0","0",",0","0",",0","","","19660215",",,0","19660228","+,,0","19660209",",,0","2","","19660208",",,0","19660219",",,0","-10.6",",0,15,","0",",,0,28,+","51",",,0,09,","12.2",",,0,08,","20.6",",0,19,","1537.0","0","392.3",",0","28.4",",,,0","100",",,,0","4.32",",0","13.19",",,,0","-4.55",",,,0"
"USC00293577","1966-03","33.3216","-108.8794","1440.2","GLENWOOD, NM US","0.0","0","0.0",",0","1",",0","1",",0","0",",0","0",",0","0",",0","0",",0","12",",0","0",",0","23",",0","0",",0","","","19660304",",,0","19660331","+,,0","19660331","+,,0","2","","19660302",",,0","19660331",",,0","-8.3",",0,04,","0",",,0,31,+","0",",,0,31,+","2.8",",,0,02,","29.4",",0,31,","1756.1","0","219.1",",0","2.8",",,,0","0",",,,0","11.26",",0","22.20",",,,0","0.33",",,,0"
"USC00293577","1966-04","33.3216","-108.8794","1440.2","GLENWOOD, NM US","0.0","0","0.0","1,0","1",",0","0",",0","0",",0","0",",0","0",",0","0",",0","3",",0","0","1,0","29","1,0","0","1,0","","","19660405",",,0","19660430","+,,0","19660430","+,,0","2","","19660417",",,0","19660401",",1,0","-2.8",",0,05,","0",",,0,30,+","0",",,0,30,+","0.5",",,0,17,","30.6","1,0,01,","1868.7","0","112.6","1,0","0.5",",,,0","0",",,,0","14.50","1,0","25.95","1,,,0","3.04",",,,0"
"USC00293577","1966-05","33.3216","-108.8794","1440.2","GLENWOOD, NM US","21.6","0","21.6","1,0","0",",0","0",",0","0",",0","0",",0","0",",0","0",",0","0",",0","0","1,0","30","1,0","13","1,0","","","19660517","+,,0","19660531","+,,0","19660531","+,,0","2","","19660531","+,,0","19660526",",1,0","2.2",",0,17,+","0",",,0,31,+","0",",,0,31,+","0.0",",T,0,31,+","33.9","1,0,26,","1896.7","0","28.0","1,0","0.0",",T,,0","0",",,,0","18.16","1,0","30.71","1,,,0","5.60",",,,0"
"USC00293577","1966-06","33.3216","-108.8794","1440.2","GLENWOOD, NM US","113.6","0","92.0",",0","3",",0","2",",0","1",",0","0",",0","0",",0","0",",0","0",",0","0",",0","30",",0","24",",0","","","19660604",",,0","19660630","+,,0","19660630","+,,0","11","","19660629",",,0","19660625",",,0","1.7",",0,04,","0",",,0,30,+","0",",,0,30,+","32.5",",,0,29,","37.2",",0,25,","1900.0","0","3.3",",0","45.5",",,,0","0",",,,0","21.29",",0","33.69",",,,0","8.89",",,,0"
"USC00293577","1966-08","33.3216","-108.8794","1440.2","GLENWOOD, NM US","","","","","13",",0","9",",0","0",",0","0",",0","0",",0","","","","","0","3,0","28","3,0","23","3,0","","","","","19660831","+,,0","19660831","+,,0","22","","19660813",",,0","19660807",",3,0","","","0",",,0,31,+","0",",,0,31,+","13.7",",,0,13,","40.0","3,0,07,","","","","","72.8",",,,0","0",",,,0","","","34.10","3,,,0","",""
"USC00293577","1966-09","33.3216","-108.8794","1440.2","GLENWOOD, NM US","","","87.8",",0","11",",0","5",",0","0",",0","0",",0","0",",0","0",",0","0",",0","0",",0","30",",0","15",",0","","","19660928","+,,0","19660930","+,,0","19660930","+,,0","16","","19660924",",,0","19660924",",,0","7.8",",0,28,+","0",",,0,30,+","0",",,0,30,+","24.6",",,0,24,","36.1",",0,24,","","","0.0",",0","82.4",",,,0","0",",,,0","21.26",",0","31.12",",,,0","11.40",",,,0"
"USC00293577","1966-10","33.3216","-108.8794","1440.2","GLENWOOD, NM US","","","","","1",",0","0",",0","0",",0","0",",0","0",",0","","","","","0",",0","31",",0","0",",0","","","","","19661031","+,,0","19661031","+,,0","2","","19661005",",,0","19661002",",,0","","","0",",,0,31,+","0",",,0,31,+","1.3",",,0,05,","31.1",",0,02,","","","","","1.3",",,,0","0",",,,0","","","26.79",",,,0","",""
"USC00293577","1966-11","33.3216","-108.8794","1440.2","GLENWOOD, NM US","","","0.0","1,0","3",",0","2",",0","0",",0","0",",0","0",",0","0",",0","19",",0","0","1,0","20","1,0","0","1,0","","","19661111",",,0","19661130","+,,0","19661130","+,,0","","","19661109",",,0","19661120","+,1,0","-6.1",",0,11,","0",",,0,30,+","0",",,0,30,+","12.4",",,0,09,","26.1","1,0,20,+","","","213.1","1,0","21.1",",,,0","0",",,,0","10.97","1,0","21.87","1,,,0","0.06",",,,0"
"USC00293577","1966-12","33.3216","-108.8794","1440.2","GLENWOOD, NM US","","","","","4",",0","3",",0","0",",0","0",",0","0",",0","","","","","","","","","","","","","","","19661231","+,,0","19661231","+,,0","","","19661207",",,0","","","","","0",",,0,31,+","0",",T,0,31,+","15.0",",,0,07,","","","","","","","24.1",",,,0","0",",T,,0","","","","","",""
"USC00293577","1967-01","33.3216","-108.8794","1440.2","GLENWOOD, NM US","0.0","0","0.0","1,0","1",",0","1",",0","0",",0","0",",0","0",",0","0","1,0","29","1,0","0",",0","9",",0","0",",0","","","19670109",",1,0","19670131","+,,0","19670131","+,,0","1","","19670123",",,0","19670130",",,0","-14.4","1,0,09,","0",",,0,31,+","0",",,0,31,+","2.5",",,0,23,","23.3",",0,30,","","","405.7",",0","2.5",",,,0","0",",,,0","4.89","1,0","16.48",",,,0","-6.70","1,,,0"
"USC00293577","1967-02","33.3216","-108.8794","1440.2","GLENWOOD, NM US","0.0","0","0.0",",0","2",",0","1",",0","0",",0","0",",0","0",",0","0",",0","24",",0","0",",0","12",",0","0",",0","","","19670208",",,0","19670228","+,,0","19670228","+,,0","","","19670226",",,0","19670223",",,0","-9.4",",0,08,","0",",,0,28,+","0",",,0,28,+","18.8",",,0,26,","22.8",",0,23,","","","287.2",",0","20.3",",,,0","0",",,,0","8.08",",0","19.08",",,,0","-2.93",",,,0"
"USC00293577","1967-03","33.3216","-108.8794","1440.2","GLENWOOD, NM US","0.0","0","0.0",",0","3",",0","1",",0","0",",0","0",",0","0",",0","0",",0","18",",0","0",",0","26",",0","0",",0","","","19670305",",,0","19670331","+,,0","19670331","+,,0","","","19670330",",,0","19670317",",,0","-5.0",",0,05,","0",",,0,31,+","0",",,0,31,+","9.4",",,0,30,","28.9",",0,17,","","","202.6",",0","11.7",",,,0","0",",,,0","11.80",",0","23.54",",,,0","0.06",",,,0"
"USC00293577","1967-04","33.3216","-108.8794","1440.2","GLENWOOD, NM US","0.0","0","0.0","1,0","2",",0","1",",0","0",",0","0",",0","0",",0","0",",0","20",",0","0","1,0","25","1,0","0","1,0","","","19670430","+,,0","19670430","+,,0","19670412",",,0","","","19670405",",,0","19670430",",1,0","-3.9",",0,30,+","0",",,0,30,+","0",",T,0,12,","4.8",",,0,05,","30.6","1,0,30,","","","175.9","1,0","6.1",",,,0","0",",T,,0","12.28","1,0","24.07","1,,,0","0.49",",,,0"
"USC00293577","1967-05","33.3216","-108.8794","1440.2","GLENWOOD, NM US","13.6","0","13.6",",0","2",",0","1",",0","0",",0","0",",0","0",",0","0",",0","8",",0","0",",0","30",",0","11",",0","","","19670526",",,0","19670531","+,,0","19670531","+,,0","","","19670525",",,0","19670525",",,0","-2.8",",0,26,","0",",,0,31,+","0",",,0,31,+","3.3",",,0,25,","34.4",",0,25,","","","71.9",",0","5.3",",,,0","0",",,,0","16.45",",0","29.40",",,,0","3.51",",,,0"
"USC00293577","1967-06","33.3216","-108.8794","1440.2","GLENWOOD, NM US","","","","","5",",0","3",",0","0",",0","0",",0","0",",0","","","","","","","","","","","","","","","19670630","+,,0","19670630","+,,0","","","19670619",",,0","","","","","0",",,0,30,+","0",",,0,30,+","24.6",",,0,19,","","","","","","","37.5",",,,0","0",",,,0","","","","","",""
"USC00293577","1967-07","33.3216","-108.8794","1440.2","GLENWOOD, NM US","","","252.5",",0","13",",0","8",",0","1",",0","0",",0","0",",0","0",",0","0",",0","0",",0","31",",0","31",",0","","","19670730",",,0","19670731","+,,0","19670731","+,,0","","","19670727",",,0","19670702","+,,0","13.3",",0,30,","0",",,0,31,+","0",",,0,31,+","25.4",",,0,27,","40.6",",0,02,+","0.0","0","0.0",",0","96.8",",,,0","0",",,,0","26.48",",0","36.11",",,,0","16.85",",,,0"
"USC00293577","1967-08","33.3216","-108.8794","1440.2","GLENWOOD, NM US","","","","","6",",0","6",",0","1",",0","0",",0","0",",0","","","","","","","","","","","","","","","19670831","+,,0","19670831","+,,0","14","","19670812",",,0","","","","","0",",,0,31,+","0",",,0,31,+","84.8",",,0,12,","","","","","","","137.0",",,,0","0",",,,0","","","","","",""
"USC00293577","1967-09","33.3216","-108.8794","1440.2","GLENWOOD, NM US","","","85.4","2,0","11",",0","7",",0","0",",0","0",",0","0",",0","0","2,0","0","2,0","0","2,0","28","2,0","3","2,0","","","19670929",",2,0","19670930","+,,0","19670930","+,,0","9","","19670923",",,0","19670921","+,2,0","5.0","2,0,29,","0",",,0,30,+","0",",,0,30,+","20.1",",,0,23,","32.2","2,0,21,+","","","3.3","2,0","52.2",",,,0","0",",,,0","21.27","2,0","30.29","2,,,0","12.25","2,,,0"
"USC00293577","1967-11","33.3216","-108.8794","1440.2","GLENWOOD, NM US","","","0.0",",0","4",",0","3",",0","0",",0","0",",0","0",",0","0",",0","25",",0","0",",0","24",",0","0",",0","","","19671130","+,,0","19671130","+,,0","19671130","+,,0","1","","19671129",",,0","19671101",",,0","-4.4",",0,30,+","0",",,0,30,+","0",",,0,30,+","4.3",",,0,29,","29.4",",0,01,","","","216.0",",0","12.8",",,,0","0",",,,0","11.13",",0","23.41",",,,0","-1.14",",,,0"
"USC00293577","1968-02","33.3216","-108.8794","1440.2","GLENWOOD, NM US","","","","","6",",0","3",",0","0",",0","0",",0","0",",0","","","","","","","","","","","","","","","19680229","+,,0","19680229","+,,0","","","19680211",",,0","","","","","0",",,0,29,+","0",",,0,29,+","6.4",",,0,11,","","","","","","","19.7",",,,0","0",",,,0","","","","","",""
"USC00293577","1968-03","33.3216","-108.8794","1440.2","GLENWOOD, NM US","","","","","6",",0","5",",0","0",",0","0",",0","0",",0","","","","","","","","","","","","","","","19680331","+,,0","19680331","+,,0","1","","19680309",",,0","","","","","0",",,0,31,+","0",",,0,31,+","5.6",",,0,09,","","","","","","","24.7",",,,0","0",",,,0","","","","","",""
"USC00293577","1968-09","33.3216","-108.8794","1440.2","GLENWOOD, NM US","","","","","2",",0","0",",0","0",",0","0",",0","0",",0","","","","","0","3,0","27","3,0","1","3,0","","","","","19680930","+,,0","19680930","+,,0","","","19680907",",,0","19680908",",3,0","","","0",",,0,30,+","0",",,0,30,+","1.8",",,0,07,","33.3","3,0,08,","","","","","3.1",",,,0","0",",,,0","","","28.77","3,,,0","",""
"USC00293577","1968-10","33.3216","-108.8794","1440.2","GLENWOOD, NM US","","","0.8",",0","0",",0","0",",0","0",",0","0",",0","0",",0","0",",0","2",",0","0",",0","31",",0","0",",0","","","19681031",",,0","19681031","+,,0","19681031","+,,0","","","19681031","+,,0","19681027","+,,0","-0.6",",0,31,","0",",,0,31,+","0",",,0,31,+","0.0",",,0,31,+","28.9",",0,27,+","","","98.3",",0","0.0",",,,0","0",",,,0","15.19",",0","26.70",",,,0","3.67",",,,0"
"USC00293577","1968-11","33.3216","-108.8794","1440.2","GLENWOOD, NM US","","","0.0","1,0","5",",0","1",",0","0",",0","0",",0","0",",0","0",",0","22",",0","0","1,0","8","1,0","0","1,0","","","19681129","+,,0","19681130","+,,0","19681130","+,,0","","","19681114",",,0","19681123",",1,0","-8.3",",0,29,+","0",",,0,30,+","0",",,0,30,+","15.2",",,0,14,","24.4","1,0,23,","","","290.3","1,0","17.3",",,,0","0",",,,0","8.40","1,0","18.04","1,,,0","-1.24",",,,0"
"USC00293577","1968-12","33.3216","-108.8794","1440.2","GLENWOOD, NM US","","","0.0",",0","5",",0","5",",0","1",",0","0",",0","0","2,0","0",",0","30",",0","0",",0","0",",0","0",",0","","","19681222",",,0","19681231","+,,0","19681231","+,2,0","","","19681226",",,0","19681209",",,0","-13.9",",0,22,","0",",,0,31,+","0","2,,0,31,+","25.4",",,0,26,","20.6",",0,09,","","","467.7",",0","46.2",",,,0","0","2,,,0","3.25",",0","13.12",",,,0","-6.63",",,,0"
"USC00293577","1969-01","33.3216","-108.8794","1440.2","GLENWOOD, NM US","0.0","0","0.0",",0","8",",0","5",",0","0",",0","0",",0","0",",0","0",",0","22",",0","0",",0","2",",0","0",",0","","","19690131",",,0","19690131","+,,0","19690131","+,,0","","","19690121",",,0","19690106",",,0","-9.4",",0,31,","0",",,0,31,+","0",",,0,31,+","11.2",",,0,21,","23.3",",0,06,","","","368.1",",0","27.4",",,,0","0",",,,0","6.46",",0","15.41",",,,0","-2.49",",,,0"
"USC00293577","1969-02","33.3216","-108.8794","1440.2","GLENWOOD, NM US","0.0","0","0.0",",0","4",",0","1",",0","0",",0","0",",0","0",",0","0",",0","25",",0","0",",0","2",",0","0",",0","","","19690226","+,,0","19690228","+,,0","19690228","+,,0","","","19690219",",,0","19690211","+,,0","-9.4",",0,26,+","0",",,0,28,+","0",",,0,28,+","3.3",",,0,19,","21.1",",0,11,+","","","354.8",",0","6.3",",,,0","0",",,,0","5.66",",0","15.34",",,,0","-4.01",",,,0"
"USC00293577","1969-03","33.3216","-108.8794","1440.2","GLENWOOD, NM US","0.0","0","0.0",",0","6",",0","2",",0","0",",0","0",",0","0",",0","0",",0","22",",0","0",",0","12",",0","0",",0","","","19690306",",,0","19690331","+,,0","19690331","+,,0","","","19690323",",,0","19690330",",,0","-10.0",",0,06,","0",",,0,31,+","0",",,0,31,+","3.3",",,0,23,","28.3",",0,30,","","","342.4",",0","12.4",",,,0","0",",,,0","7.29",",0","17.63",",,,0","-3.05",",,,0"
"USC00293577","1969-04","33.3216","-108.8794","1440.2","GLENWOOD, NM US","0.0","0","0.0",",0","1",",0","0",",0","0",",0","0",",0","0",",0","0",",0","6",",0","0",",0","26",",0","0",",0","","","19690408",",,0","19690430","+,,0","19690430","+,,0","","","19690411",",,0","19690421",",,0","-1.7",",0,08,","0",",,0,30,+","0",",,0,30,+","1.5",",,0,11,","30.6",",0,21,","","","154.7",",0","1.5",",,,0","0",",,,0","13.18",",0","24.30",",,,0","2.06",",,,0"
"USC00293577","1969-05","33.3216","-108.8794","1440.2","GLENWOOD, NM US","27.4","0","27.4",",0","6",",0","2",",0","0",",0","0",",0","0",",0","0",",0","0",",0","0",",0","28",",0","6",",0","","","19690503",",,0","19690531","+,,0","19690531","+,,0","","","19690505",",,0","19690529",",,0","0.6",",0,03,","0",",,0,31,+","0",",,0,31,+","15.2",",,0,05,","35.6",",0,29,","","","62.1",",0","22.2",",,,0","0",",,,0","17.21",",0","27.61",",,,0","6.82",",,,0"
"USC00293577","1969-06","33.3216","-108.8794","1440.2","GLENWOOD, NM US","85.0","0","57.6",",0","1",",0","0",",0","0",",0","0",",0","0",",0","0",",0","0",",0","0",",0","30",",0","12",",0","","","19690612",",,0","19690630","+,,0","19690630","+,,0","","","19690603",",,0","19690630",",,0","4.4",",0,12,","0",",,0,30,+","0",",,0,30,+","1.0",",,0,03,","38.3",",0,30,","","","1.7",",0","1.0",",,,0","0",",,,0","20.20",",0","31.91",",,,0","8.48",",,,0"
"USC00293577","1969-07","33.3216","-108.8794","1440.2","GLENWOOD, NM US","266.3","0","181.3",",0","10",",0","7",",0","0",",0","0",",0","0",",0","0",",0","0",",0","0",",0","31",",0","22",",0","","","19690707",",,0","19690731","+,,0","19690731","+,,0","","","19690721",",,0","19690701",",,0","9.4",",0,07,","0",",,0,31,+","0",",,0,31,+","11.9",",,0,21,","37.8",",0,01,","0.0","0","0.0",",0","51.3",",,,0","0",",,,0","24.18",",0","32.84",",,,0","15.53",",,,0"
"USC00293577","1969-08","33.3216","-108.8794","1440.2","GLENWOOD, NM US","449.6","0","183.3",",0","12",",0","6",",0","0",",0","0",",0","0",",0","0",",0","0",",0","0",",0","31",",0","24",",0","","","19690818","+,,0","19690831","+,,0","19690831","+,,0","","","19690829",",,0","19690811","+,,0","12.8",",0,18,+","0",",,0,31,+","0",",,0,31,+","24.1",",,0,29,","35.6",",0,11,+","0.0","0","0.0",",0","64.6",",,,0","0",",,,0","24.25",",0","33.04",",,,0","15.45",",,,0"
"USC00293577","1969-09","33.3216","-108.8794","1440.2","GLENWOOD, NM US","502.5","0","52.9",",0","12",",0","6",",0","0",",0","0",",0","0",",0","0",",0","0",",0","0",",0","30",",0","1",",0","","","19690922",",,0","19690930","+,,0","19690930","+,,0","","","19690910",",,0","19690930",",,0","6.1",",0,22,","0",",,0,30,+","0",",,0,30,+","14.2",",,0,10,","33.3",",0,30,","2.2","0","2.2",",0","51.3",",,,0","0",",,,0","20.02",",0","29.21",",,,0","10.83",",,,0"
"USC00293577","1969-10","33.3216","-108.8794","1440.2","GLENWOOD, NM US","502.8","0","0.3",",0","3",",0","2",",0","1",",0","0",",0","0",",0","0",",0","1",",0","0",",0","24",",0","0",",0","","","19691013",",,0","19691031","+,,0","19691031","+,,0","","","19691021",",,0","19691001",",,0","-3.3",",0,13,","0",",,0,31,+","0",",,0,31,+","34.5",",,0,21,","30.0",",0,01,","147.5","0","145.3",",0","40.4",",,,0","0",",,,0","13.65",",0","23.60",",,,0","3.71",",,,0"
"USC00293577","1969-11","33.3216","-108.8794","1440.2","GLENWOOD, NM US","502.8","0","0.0",",0","5",",0","2",",0","0",",0","0",",0","0",",0","0",",0","23",",0","0",",0","7",",0","0",",0","","","19691120",",,0","19691130","+,,0","19691130","+,,0","","","19691116",",,0","19691114","+,,0","-8.9",",0,20,","0",",,0,30,+","0",",,0,30,+","9.7",",,0,16,","21.7",",0,14,+","457.1","0","309.6",",0","19.9",",,,0","0",",,,0","8.01",",0","17.39",",,,0","-1.36",",,,0"
"USC00293577","1969-12","33.3216","-108.8794","1440.2","GLENWOOD, NM US","502.8","0","0.0",",0","7",",0","4",",0","0",",0","0","4,0","2",",0","0",",0","26",",0","0",",0","3",",0","0",",0","","","19691230",",,0","19691231","+,4,0","19691229",",,0","","","19691229",",,0","19691221","+,,0","-11.7",",0,30,","0","4,,0,31,+","76",",,0,29,","15.2",",,0,29,","21.7",",0,21,+","847.0","0","389.9",",0","36.5",",,,0","127",",,,0","5.76",",0","14.72",",,,0","-3.21",",,,0"
"USC00293577","1970-01","33.3216","-108.8794","1440.2","GLENWOOD, NM US","0.0","0","0.0",",0","1",",0","0",",0","0",",0","0",",0","0",",0","0",",0","27",",0","0",",0","2",",0","0",",0","","","19700103",",,0","19700131","+,,0","19700131","+,,0","","","19700115",",,0","19700124",",,0","-16.1",",0,03,","0",",,0,31,+","0",",,0,31,+","1.0",",,0,15,","23.3",",0,24,","1297.8","0","450.8",",0","1.0",",,,0","0",",,,0","3.79",",0","13.47",",,,0","-5.89",",,,0"
"USC00293577","1970-02","33.3216","-108.8794","1440.2","GLENWOOD, NM US","0.0","0","0.0",",0","5",",0","3",",0","0",",0","0",",0","0",",0","0",",0","24",",0","0",",0","1",",0","0",",0","","","19700201",",,0","19700228","+,,0","19700228","+,,0","","","19700221",",,0","19700217",",,0","-10.0",",0,01,","0",",,0,28,+","0",",,0,28,+","10.2",",,0,21,","21.7",",0,17,","1604.8","0","307.0",",0","23.2",",,,0","0",",,,0","7.37",",0","16.86",",,,0","-2.13",",,,0"
"USC00293577","1970-03","33.3216","-108.8794","1440.2","GLENWOOD, NM US","0.0","0","0.0",",0","7",",0","4",",0","0",",0","0",",0","0",",0","0",",0","19",",0","0",",0","5",",0","0",",0","","","19700321",",,0","19700331","+,,0","19700318",",,0","","","19700302",",,0","19700324","+,,0","-6.1",",0,21,","0",",,0,31,+","0",",T,0,18,","17.8",",,0,02,","22.2",",0,24,+","1924.0","0","319.2",",0","38.3",",,,0","0",",T,,0","8.04",",0","16.90",",,,0","-0.82",",,,0"
"USC00293577","1970-04","33.3216","-108.8794","1440.2","GLENWOOD, NM US","0.0","0","0.0",",0","2",",0","2",",0","0",",0","0",",0","0",",0","0",",0","16",",0","0",",0","20",",0","0",",0","","","19700415","+,,0","19700430","+,,0","19700430","+,,0","","","19700418","+,,0","19700425","+,,0","-4.4",",0,15,+","0",",,0,30,+","0",",,0,30,+","3.0",",,0,18,+","25.0",",0,25,+","2158.0","0","234.0",",0","6.0",",,,0","0",",,,0","10.53",",0","21.07",",,,0","0.00",",,,0"
"USC00293577","1970-05","33.3216","-108.8794","1440.2","GLENWOOD, NM US","17.9","0","17.9",",0","1",",0","0",",0","0",",0","0",",0","0",",0","0",",0","1",",0","0",",0","30",",0","4",",0","","","19700501",",,0","19700531","+,,0","19700531","+,,0","","","19700527",",,0","19700518",",,0","-5.6",",0,01,","0",",,0,31,+","0",",,0,31,+","2.3",",,0,27,","33.3",",0,18,","2223.4","0","65.4",",0","2.3",",,,0","0",",,,0","16.80",",0","28.28",",,,0","5.33",",,,0"
"USC00293577","1970-06","33.3216","-108.8794","1440.2","GLENWOOD, NM US","105.0","0","87.1",",0","4",",0","1",",0","0",",0","0",",0","0",",0","0",",0","0",",0","0",",0","30",",0","12",",0","","","19700616",",,0","19700630","+,,0","19700630","+,,0","","","19700607",",,0","19700625",",,0","4.4",",0,16,","0",",,0,30,+","0",",,0,30,+","17.8",",,0,07,","38.3",",0,25,","2227.4","0","4.0",",0","21.4",",,,0","0",",,,0","21.11",",0","31.46",",,,0","10.75",",,,0"
"USC00293577","1970-07","33.3216","-108.8794","1440.2","GLENWOOD, NM US","305.9","0","200.9",",0","15",",0","4",",0","0",",0","0",",0","0",",0","0",",0","0",",0","0",",0","31",",0","22",",0","","","19700705",",,0","19700731","+,,0","19700731","+,,0","","","19700725",",,0","19700714","+,,0","11.7",",0,05,","0",",,0,31,+","0",",,0,31,+","18.5",",,0,25,","36.7",",0,14,+","0.0","0","0.0",",0","47.6",",,,0","0",",,,0","24.81",",0","33.43",",,,0","16.20",",,,0"
"USC00293577","1970-08","33.3216","-108.8794","1440.2","GLENWOOD, NM US","467.8","0","161.9",",0","11",",0","6",",0","0",",0","0",",0","0",",0","0",",0","0",",0","0",",0","31",",0","11",",0","","","19700830",",,0","19700831","+,,0","19700831","+,,0","","","19700824",",,0","19700830","+,,0","10.0",",0,30,","0",",,0,31,+","0",",,0,31,+","14.2",",,0,24,","34.4",",0,30,+","0.0","0","0.0",",0","46.8",",,,0","0",",,,0","23.56",",0","31.67",",,,0","15.45",",,,0"
"USC00293577","1970-09","33.3216","-108.8794","1440.2","GLENWOOD, NM US","537.2","0","69.4",",0","3",",0","2",",0","0",",0","0",",0","0",",0","0",",0","0",",0","0",",0","30",",0","5",",0","","","19700927",",,0","19700930","+,,0","19700930","+,,0","","","19700904",",,0","19700909","+,,0","0.6",",0,27,","0",",,0,30,+","0",",,0,30,+","8.1",",,0,04,","33.9",",0,09,+","21.7","0","21.7",",0","14.9",",,,0","0",",,,0","19.92",",0","29.31",",,,0","10.54",",,,0"
"USC00293577","1970-10","33.3216","-108.8794","1440.2","GLENWOOD, NM US","537.2","0","0.0",",0","7",",0","5",",0","0",",0","0",",0","0",",0","0",",0","7",",0","0",",0","23",",0","0",",0","","","19701029",",,0","19701031","+,,0","19701031","+,,0","","","19701003",",,0","19701031","+,,0","-5.0",",0,29,","0",",,0,31,+","0",",,0,31,+","23.9",",,0,03,","25.6",",0,31,+","208.4","0","186.7",",0","63.2",",,,0","0",",,,0","12.31",",0","21.88",",,,0","2.74",",,,0"
"USC00293577","1970-11","33.3216","-108.8794","1440.2","GLENWOOD, NM US","537.2","0","0.0",",0","0",",0","0",",0","0",",0","0",",0","0",",0","0",",0","27",",0","0",",0","13",",0","0",",0","","","19701116",",,0","19701130","+,,0","19701130","+,,0","","","19701130","+,,0","19701129",",,0","-7.8",",0,16,","0",",,0,30,+","0",",,0,30,+","0.0",",,0,30,+","23.9",",0,29,","509.8","0","301.4",",0","0.0",",,,0","0",",,,0","8.29",",0","20.04",",,,0","-3.46",",,,0"
"USC00293577","1970-12","33.3216","-108.8794","1440.2","GLENWOOD, NM US","537.2","0","0.0",",0","2",",0","2",",0","0",",0","0",",0","0",",0","0",",0","28",",0","0",",0","3",",0","0",",0","","","19701224","+,,0","19701231","+,,0","19701231","+,,0","","","19701227",",,0","19701207",",,0","-9.4",",0,24,+","0",",,0,31,+","0",",,0,31,+","6.4",",,0,27,","23.3",",0,07,","904.8","0","395.0",",0","11.2",",,,0","0",",,,0","5.59",",0","15.62",",,,0","-4.44",",,,0"
"USC00293577","1971-01","33.3216","-108.8794","1440.2","GLENWOOD, NM US","0.0","0","0.0",",0","2",",0","1",",0","0",",0","0","2,0","0","2,0","0",",0","28",",0","4",",0","12",",0","0",",0","","","19710105",",,0","19710109","+,2,0","19710131","+,2,0","","","19710103",",,0","19710118","+,,0","-16.1",",0,05,","0","2,T,0,09,+","0","2,,0,31,+","2.8",",,0,03,","25.6",",0,18,+","1323.0","0","418.2",",0","3.3",",,,0","0","2,,,0","4.84",",0","15.92",",,,0","-6.24",",,,0"
"USC00293577","1971-02","33.3216","-108.8794","1440.2","GLENWOOD, NM US","0.0","0","0.0",",0","3",",0","1",",0","0",",0","0",",0","0",",0","0",",0","24",",0","0",",0","7",",0","0",",0","","","19710228",",,0","19710220",",,0","19710220",",,0","","","19710220",",,0","19710213","+,,0","-11.1",",0,28,","0",",T,0,20,","5",",,0,20,","4.6",",,0,20,","24.4",",0,13,+","1659.6","0","336.6",",0","6.2",",,,0","5",",,,0","6.31",",0","16.73",",,,0","-4.10",",,,0"
"USC00293577","1971-03","33.3216","-108.8794","1440.2","GLENWOOD, NM US","0.0","0","0.0",",0","1",",0","0",",0","0",",0","0",",0","0",",0","0",",0","21",",0","0",",0","19",",0","0",",0","","","19710303",",,0","19710331","+,,0","19710331","+,,0","","","19710302",",,0","19710326",",,0","-11.7",",0,03,","0",",,0,31,+","0",",,0,31,+","0.5",",,0,02,","28.9",",0,26,","1927.1","0","267.5",",0","0.5",",,,0","0",",,,0","9.70",",0","21.62",",,,0","-2.21",",,,0"
"USC00293577","1971-04","33.3216","-108.8794","1440.2","GLENWOOD, NM US","0.0","0","0.0",",0","3",",0","1",",0","0",",0","0",",0","0",",0","0",",0","12",",0","0",",0","24",",0","0",",0","","","19710420","+,,0","19710430","+,,0","19710430","+,,0","","","19710418",",,0","19710413","+,,0","-3.3",",0,20,+","0",",,0,30,+","0",",,0,30,+","6.1",",,0,18,","28.9",",0,13,+","2107.2","0","180.1",",0","8.7",",,,0","0",",,,0","12.33",",0","23.00",",,,0","1.66",",,,0"
"USC00293577","1971-05","33.3216","-108.8794","1440.2","GLENWOOD, NM US","3.0","0","3.0","1,0","0",",0","0",",0","0",",0","0",",0","0",",0","0",",0","1",",0","0","1,0","29","1,0","0","1,0","","","19710505",",,0","19710531","+,,0","19710531","+,,0","","","19710531","+,,0","19710501",",1,0","-0.6",",0,05,","0",",,0,31,+","0",",,0,31,+","0.0",",,0,31,+","31.1","1,0,01,","2196.3","0","89.1","1,0","0.0",",,,0","0",",,,0","15.47","1,0","26.55","1,,,0","4.38",",,,0"
"USC00293577","1971-06","33.3216","-108.8794","1440.2","GLENWOOD, NM US","113.9","0","110.9",",0","2",",0","2",",0","0",",0","0",",0","0",",0","0",",0","0",",0","0",",0","30",",0","17",",0","","","19710603",",,0","19710630","+,,0","19710630","+,,0","","","19710623",",,0","19710626","+,,0","2.8",",0,03,","0",",,0,30,+","0",",,0,30,+","6.6",",,0,23,","36.7",",0,26,+","2212.3","0","16.0",",0","9.6",",,,0","0",",,,0","21.50",",0","32.65",",,,0","10.35",",,,0"
"USC00293577","1971-07","33.3216","-108.8794","1440.2","GLENWOOD, NM US","334.1","0","220.2",",0","13",",0","8",",0","2",",0","0",",0","0",",0","0",",0","0",",0","0",",0","31",",0","29",",0","","","19710729",",,0","19710731","+,,0","19710731","+,,0","","","19710729",",,0","19710713",",,0","12.8",",0,29,","0",",,0,31,+","0",",,0,31,+","37.6",",,0,29,","39.4",",0,13,","0.0","0","0.0",",0","97.1",",,,0","0",",,,0","25.44",",0","35.20",",,,0","15.68",",,,0"
"USC00293577","1971-08","33.3216","-108.8794","1440.2","GLENWOOD, NM US","465.1","0","131.0",",0","15",",0","5",",0","0",",0","0",",0","0",",0","0",",0","0",",0","0",",0","31",",0","10",",0","","","19710802",",,0","19710831","+,,0","19710831","+,,0","","","19710811",",,0","19710831",",,0","11.7",",0,02,","0",",,0,31,+","0",",,0,31,+","11.9",",,0,11,","33.3",",0,31,","0.0","0","0.0",",0","37.0",",,,0","0",",,,0","22.56",",0","30.73",",,,0","14.39",",,,0"
"USC00293577","1971-09","33.3216","-108.8794","1440.2","GLENWOOD, NM US","542.8","0","77.7",",0","10",",0","4",",0","0",",0","0",",0","0",",0","0",",0","0",",0","0",",0","30",",0","12",",0","","","19710921",",,0","19710930","+,,0","19710930","+,,0","","","19710917",",,0","19710910",",,0","2.8",",0,21,","0",",,0,30,+","0",",,0,30,+","19.1",",,0,17,","34.4",",0,10,","32.7","0","32.7",",0","54.4",",,,0","0",",,,0","19.83",",0","29.09",",,,0","10.57",",,,0"
"USC00293577","1971-10","33.3216","-108.8794","1440.2","GLENWOOD, NM US","542.8","0","0.0",",0","11",",0","8",",0","1",",0","0",",0","0",",0","0",",0","3",",0","0",",0","20",",0","0",",0","","","19711030",",,0","19711031","+,,0","19711031","+,,0","","","19711025",",,0","19711012",",,0","-6.7",",0,30,","0",",,0,31,+","0",",,0,31,+","40.4",",,0,25,","27.8",",0,12,","193.4","0","160.7",",0","100.3",",,,0","0",",,,0","13.15",",0","21.47",",,,0","4.82",",,,0"
"USC00293577","1971-11","33.3216","-108.8794","1440.2","GLENWOOD, NM US","","","","","5",",0","2",",0","0",",0","0",",0","0",",0","0",",0","17",",0","","","","","","","","","19711128","+,,0","19711130","+,,0","19711130","+,,0","","","19711115",",,0","","","-3.3",",0,28,+","0",",,0,30,+","0",",,0,30,+","10.2",",,0,15,","","","","","","","17.1",",,,0","0",",,,0","","","","","-0.44",",,,0"
"USC00293577","1971-12","33.3216","-108.8794","1440.2","GLENWOOD, NM US","","","0.0",",0","9",",0","7",",0","0",",0","0",",0","0",",0","0",",0","26",",0","0",",0","0",",0","0",",0","","","19711215",",,0","19711231","+,,0","19711231","+,,0","","","19711202",",,0","19711224",",,0","-10.6",",0,15,","0",",,0,31,+","0",",,0,31,+","13.2",",,0,02,","20.6",",0,24,","","","446.9",",0","55.0",",,,0","0",",,,0","3.92",",0","11.41",",,,0","-3.58",",,,0"
"USC00293577","1972-01","33.3216","-108.8794","1440.2","GLENWOOD, NM US","0.0","0","0.0",",0","1",",0","0",",0","0",",0","0",",0","0",",0","0",",0","31",",0","0",",0","0",",0","0",",0","","","19720105",",,0","19720131","+,,0","19720131","+,,0","","","19720102",",,0","19720123",",,0","-10.0",",0,05,","0",",,0,31,+","0",",,0,31,+","0.5",",,0,02,","20.6",",0,23,","","","404.9",",0","0.5",",,,0","0",",,,0","5.27",",0","16.63",",,,0","-6.08",",,,0"
"USC00293577","1972-02","33.3216","-108.8794","1440.2","GLENWOOD, NM US","0.0","0","0.0",",0","0",",0","0",",0","0",",0","0",",0","0",",0","0",",0","27",",0","0",",0","13",",0","0",",0","","","19720203",",,0","19720229","+,,0","19720229","+,,0","","","19720229","+,,0","19720220",",,0","-11.1",",0,03,","0",",,0,29,+","0",",,0,29,+","0.0",",,0,29,+","25.0",",0,20,","","","327.4",",0","0.0",",,,0","0",",,,0","7.04",",0","18.73",",,,0","-4.64",",,,0"
"USC00293577","1972-03","33.3216","-108.8794","1440.2","GLENWOOD, NM US","0.0","0","0.0",",0","1",",0","0",",0","0",",0","0",",0","0",",0","0",",0","10",",0","0",",0","26",",0","0",",0","","","19720329",",,0","19720331","+,,0","19720331","+,,0","","","19720323",",,0","19720317",",,0","-7.2",",0,29,","0",",,0,31,+","0",",,0,31,+","2.3",",,0,23,","27.2",",0,17,","","","165.7",",0","2.3",",,,0","0",",,,0","12.99",",0","24.35",",,,0","1.63",",,,0"
"USC00293577","1972-04","33.3216","-108.8794","1440.2","GLENWOOD, NM US","0.0","0","0.0",",0","0",",0","0",",0","0",",0","0",",0","0",",0","0",",0","14",",0","0",",0","27",",0","0",",0","","","19720415",",,0","19720430","+,,0","19720430","+,,0","","","19720430","+,,0","19720405",",,0","-4.4",",0,15,","0",",,0,30,+","0",",,0,30,+","0.0",",,0,30,+","29.4",",0,05,","","","173.1",",0","0.0",",,,0","0",",,,0","12.56",",0","24.49",",,,0","0.64",",,,0"
"USC00293577","1972-05","33.3216","-108.8794","1440.2","GLENWOOD, NM US","9.5","0","9.5",",0","2",",0","0",",0","0",",0","0",",0","0",",0","0",",0","1",",0","0",",0","31",",0","0",",0","","","19720522",",,0","19720531","+,,0","19720531","+,,0","","","19720530",",,0","19720516",",,0","0.0",",0,22,","0",",,0,31,+","0",",,0,31,+","1.8",",,0,30,","30.0",",0,16,","","","63.4",",0","2.8",",,,0","0",",,,0","16.59",",0","27.57",",,,0","5.61",",,,0"
"USC00293577","1972-06","33.3216","-108.8794","1440.2","GLENWOOD, NM US","109.5","0","100.0",",0","8",",0","2",",0","0",",0","0",",0","0",",0","0",",0","0",",0","0",",0","30",",0","14",",0","","","19720625",",,0","19720630","+,,0","19720630","+,,0","","","19720608",",,0","19720630","+,,0","5.6",",0,25,","0",",,0,30,+","0",",,0,30,+","13.7",",,0,08,","37.2",",0,30,+","","","1.4",",0","35.3",",,,0","0",",,,0","21.62",",0","31.49",",,,0","11.76",",,,0"
"USC00293577","1972-07","33.3216","-108.8794","1440.2","GLENWOOD, NM US","296.3","0","186.8",",0","13",",0","8",",0","1",",0","0",",0","0",",0","0",",0","0",",0","0",",0","31",",0","23",",0","","","19720702",",,0","19720731","+,,0","19720731","+,,0","","","19720716",",,0","19720701",",,0","11.7",",0,02,","0",",,0,31,+","0",",,0,31,+","26.4",",,0,16,","37.8",",0,01,","0.0","0","0.0",",0","82.5",",,,0","0",",,,0","24.36",",0","33.79",",,,0","14.93",",,,0"
"USC00293577","1972-08","33.3216","-108.8794","1440.2","GLENWOOD, NM US","434.2","0","137.9",",0","15",",0","9",",0","1",",0","0",",0","0",",0","0",",0","0",",0","0",",0","31",",0","14",",0","","","19720824",",,0","19720831","+,,0","19720831","+,,0","","","19720826",",,0","19720801",",,0","10.6",",0,24,","0",",,0,31,+","0",",,0,31,+","47.2",",,0,26,","38.3",",0,01,","0.0","0","0.0",",0","113.2",",,,0","0",",,,0","22.78",",0","31.53",",,,0","14.03",",,,0"
"USC00293577","1972-09","33.3216","-108.8794","1440.2","GLENWOOD, NM US","487.0","0","52.8",",0","6",",0","5",",0","1",",0","0",",0","0",",0","0",",0","0",",0","0",",0","30",",0","3",",0","","","19720926","+,,0","19720930","+,,0","19720930","+,,0","","","19720903",",,0","19720921","+,,0","4.4",",0,26,+","0",",,0,30,+","0",",,0,30,+","26.9",",,0,03,","32.8",",0,21,+","11.9","0","11.9",",0","64.7",",,,0","0",",,,0","19.70",",0","29.01",",,,0","10.38",",,,0"
"USC00293577","1972-10","33.3216","-108.8794","1440.2","GLENWOOD, NM US","497.4","0","10.4",",0","15",",0","12",",0","2",",0","0",",0","0",",0","0",",0","1",",0","0",",0","18",",0","0",",0","","","19721031",",,0","19721031","+,,0","19721031","+,,0","","","19721019",",,0","19721001",",,0","0.0",",0,31,","0",",,0,31,+","0",",,0,31,+","53.1",",,0,19,","31.1",",0,01,","114.8","0","102.9",",0","167.1",",,,0","0",",,,0","15.35",",0","23.12",",,,0","7.58",",,,0"
"USC00293577","1972-11","33.3216","-108.8794","1440.2","GLENWOOD, NM US","497.4","0","0.0",",0","1",",0","1",",0","0",",0","0",",0","0",",0","0",",0","28",",0","0",",0","0",",0","0",",0","","","19721130",",,0","19721130","+,,0","19721130","+,,0","","","19721124",",,0","19721105",",,0","-7.2",",0,30,","0",",,0,30,+","0",",,0,30,+","7.4",",,0,24,","20.6",",0,05,","468.6","0","353.8",",0","7.4",",,,0","0",",,,0","6.54",",0","16.09",",,,0","-3.01",",,,0"
"USC00293577","1972-12","33.3216","-108.8794","1440.2","GLENWOOD, NM US","497.4","0","0.0","1,0","5",",0","4",",0","0",",0","0",",0","0",",0","0","1,0","28","1,0","0","1,0","0","1,0","0","1,0","","","19721217",",1,0","19721231","+,,0","19721231","+,,0","","","19721228",",,0","19721222",",1,0","-9.4","1,0,17,","0",",,0,31,+","0",",,0,31,+","22.4",",,0,28,","19.4","1,0,22,","892.7","0","424.1","1,0","41.7",",,,0","0",",,,0","4.20","1,0","13.41","1,,,0","-5.02","1,,,0"
"USC00293577","1973-01","33.3216","-108.8794","1440.2","GLENWOOD, NM US","0.0","0","0.0","1,0","5",",0","4",",0","0",",0","","","","","0",",0","29",",0","0","1,0","0","1,0","0","1,0","","","19730104",",,0","","","","","","","19730101",",,0","19730114",",1,0","-11.1",",0,04,","","","","","11.4",",,0,01,","18.9","1,0,14,","1346.5","0","453.8","1,0","24.7",",,,0","","","3.20","1,0","11.67","1,,,0","-5.27",",,,0"
"USC00293577","1973-02","33.3216","-108.8794","1440.2","GLENWOOD, NM US","0.0","0","0.0",",0","10",",0","7",",0","0",",0","","","","","0",",0","22",",0","0",",0","0",",0","0",",0","","","19730210",",,0","","","","","","","19730217",",,0","19730227",",,0","-7.2",",0,10,","","","","","21.6",",,0,17,","20.0",",0,27,","1707.9","0","361.4",",0","86.5",",,,0","","","5.43",",0","12.81",",,,0","-1.96",",,,0"
"USC00293577","1973-04","33.3216","-108.8794","1440.2","GLENWOOD, NM US","","","0.0","2,0","3",",0","1",",0","0",",0","0",",0","0",",0","0","2,0","9","2,0","0","2,0","15","2,0","0","2,0","","","19730406",",2,0","19730430","+,,0","19730430","+,,0","","","19730403",",,0","19730428","+,2,0","-3.9","2,0,06,","0",",,0,30,+","0",",,0,30,+","4.6",",,0,03,","26.1","2,0,28,+","","","200.3","2,0","6.2",",,,0","0",",,,0","11.18","2,0","20.62","2,,,0","1.74","2,,,0"
"USC00293577","1973-05","33.3216","-108.8794","1440.2","GLENWOOD, NM US","","","10.5",",0","4",",0","3",",0","0",",0","0",",0","0",",0","0",",0","0",",0","0",",0","30",",0","0",",0","","","19730507","+,,0","19730531","+,,0","19730531","+,,0","","","19730514",",,0","19730531","+,,0","1.7",",0,07,+","0",",,0,31,+","0",",,0,31,+","25.1",",,0,14,","30.6",",0,31,+","","","55.3",",0","41.3",",,,0","0",",,,0","16.89",",0","26.40",",,,0","7.38",",,,0"
"USC00293577","1973-06","33.3216","-108.8794","1440.2","GLENWOOD, NM US","","","79.6",",0","4",",0","2",",0","0",",0","0",",0","0",",0","0",",0","0",",0","0",",0","30",",0","13",",0","","","19730617",",,0","19730630","+,,0","19730630","+,,0","","","19730613",",,0","19730628",",,0","4.4",",0,17,","0",",,0,30,+","0",",,0,30,+","19.8",",,0,13,","40.6",",0,28,","","","14.2",",0","30.0",",,,0","0",",,,0","20.51",",0","31.43",",,,0","9.60",",,,0"
"USC00293577","1973-08","33.3216","-108.8794","1440.2","GLENWOOD, NM US","","","112.4","3,0","9",",0","5",",0","0",",0","0",",0","0",",0","0","3,0","0","3,0","0","3,0","28","3,0","15","3,0","","","19730828",",3,0","19730831","+,,0","19730831","+,,0","","","19730821",",,0","19730809",",3,0","10.0","3,0,28,","0",",,0,31,+","0",",,0,31,+","9.7",",,0,21,","35.6","3,0,09,","","","0.0","3,0","30.4",",,,0","0",",,,0","22.35","3,0","31.73","3,,,0","12.97","3,,,0"
"USC00293577","1973-09","33.3216","-108.8794","1440.2","GLENWOOD, NM US","","","59.1",",0","1",",0","1",",0","0",",0","0",",0","0",",0","0",",0","0",",0","0",",0","30",",0","8",",0","","","19730930",",,0","19730930","+,,0","19730930","+,,0","","","19730910",",,0","19730905","+,,0","3.3",",0,30,","0",",,0,30,+","0",",,0,30,+","13.2",",,0,10,","34.4",",0,05,+","","","10.9",",0","13.2",",,,0","0",",,,0","19.94",",0","30.55",",,,0","9.33",",,,0"
"USC00293577","1973-10","33.3216","-108.8794","1440.2","GLENWOOD, NM US","","","0.0",",0","3",",0","0",",0","0",",0","0",",0","0",",0","0",",0","4",",0","0",",0","29",",0","0",",0","","","19731031","+,,0","19731031","+,,0","19731031","+,,0","","","19731007",",,0","19731002","+,,0","-1.7",",0,31,+","0",",,0,31,+","0",",,0,31,+","2.0",",,0,07,","31.7",",0,02,+","","","114.2",",0","3.6",",,,0","0",",,,0","14.65",",0","26.53",",,,0","2.76",",,,0"
"USC00293577","1973-11","33.3216","-108.8794","1440.2","GLENWOOD, NM US","","","0.0",",0","3",",0","2",",0","0",",0","0",",0","0",",0","0",",0","22",",0","0",",0","16",",0","0",",0","","","19731127",",,0","19731130","+,,0","19731130","+,,0","","","19731126",",,0","19731111",",,0","-8.9",",0,27,","0",",,0,30,+","0",",,0,30,+","3.3",",,0,26,","28.3",",0,11,","","","290.1",",0","7.1",",,,0","0",",,,0","8.66",",0","20.21",",,,0","-2.88",",,,0"
"USC00293577","1973-12","33.3216","-108.8794","1440.2","GLENWOOD, NM US","","","0.0",",0","0",",0","0",",0","0",",0","0",",0","0",",0","0",",0","29",",0","0",",0","1",",0","0",",0","","","19731222",",,0","19731231","+,,0","19731231","+,,0","","","19731231","+,,0","19731201",",,0","-12.8",",0,22,","0",",,0,31,+","0",",,0,31,+","0.0",",,0,31,+","21.7",",0,01,","","","421.5",",0","0.0",",,,0","0",",,,0","4.74",",0","15.52",",,,0","-6.05",",,,0"
"USC00293577","1974-01","33.3216","-108.8794","1440.2","GLENWOOD, NM US","0.0","","0.0",",0","5",",0","3",",0","0",",0","0",",0","0",",0","0",",0","25",",0","0",",0","2",",0","0",",0","","","19740128",",,0","19740131","+,,0","19740131","+,,0","","","19740109",",,0","19740116",",,0","-8.3",",0,28,","0",",,0,31,+","0",",,0,31,+","15.0",",,0,09,","23.9",",0,16,","","","391.7",",0","32.8",",,,0","0",",,,0","5.70",",0","13.83",",,,0","-2.44",",,,0"
"USC00293577","1974-02","33.3216","-108.8794","1440.2","GLENWOOD, NM US","0.0","","0.0",",0","1",",0","1",",0","0",",0","0",",0","0",",0","0",",0","28",",0","0",",0","3",",0","0",",0","","","19740209",",,0","19740228","+,,0","19740228","+,,0","","","19740220",",,0","19740228",",,0","-12.8",",0,09,","0",",,0,28,+","0",",,0,28,+","4.1",",,0,20,","23.3",",0,28,","","","363.3",",0","4.1",",,,0","0",",,,0","5.36",",0","16.81",",,,0","-6.09",",,,0"
"USC00293577","1974-03","33.3216","-108.8794","1440.2","GLENWOOD, NM US","0.0","","0.0",",0","5",",0","2",",0","0",",0","0",",0","0",",0","0",",0","11",",0","0",",0","17",",0","0",",0","","","19740306",",,0","19740331","+,,0","19740331","+,,0","","","19740320",",,0","19740317",",,0","-9.4",",0,06,","0",",,0,31,+","0",",,0,31,+","13.5",",,0,20,","26.7",",0,17,","","","225.7",",0","23.9",",,,0","0",",,,0","11.05",",0","21.16",",,,0","0.94",",,,0"
"USC00293577","1974-04","33.3216","-108.8794","1440.2","GLENWOOD, NM US","0.0","","0.0",",0","2",",0","1",",0","0",",0","0",",0","0",",0","0",",0","9",",0","0",",0","21",",0","0",",0","","","19740411","+,,0","19740430","+,,0","19740430","+,,0","","","19740402",",,0","19740424","+,,0","-2.2",",0,11,+","0",",,0,30,+","0",",,0,30,+","14.2",",,0,02,","28.3",",0,24,+","","","168.1",",0","14.7",",,,0","0",",,,0","12.73",",0","23.15",",,,0","2.31",",,,0"
"USC00293577","1974-05","33.3216","-108.8794","1440.2","GLENWOOD, NM US","18.9","","18.9",",0","3",",0","1",",0","0",",0","0",",0","0",",0","0",",0","1",",0","0",",0","31",",0","4",",0","","","19740521",",,0","19740531","+,,0","19740531","+,,0","","","19740508",",,0","19740527",",,0","0.0",",0,21,","0",",,0,31,+","0",",,0,31,+","2.5",",,0,08,","35.6",",0,27,","","","39.4",",0","4.1",",,,0","0",",,,0","17.67",",0","29.12",",,,0","6.22",",,,0"
"USC00293577","1974-06","33.3216","-108.8794","1440.2","GLENWOOD, NM US","162.5","","143.6","3,0","1",",0","0",",0","0",",0","0",",0","0",",0","0","2,0","0","2,0","0","2,0","28","2,0","19","2,0","","","19740604","+,2,0","19740630","+,,0","19740630","+,,0","","","19740626",",,0","19740623",",2,0","6.7","2,0,04,+","0",",,0,30,+","0",",,0,30,+","1.0",",,0,26,","39.4","2,0,23,","","","0.0","2,0","1.0",",,,0","0",",,,0","23.69","3,0","35.30","2,,,0","12.08","2,,,0"
"USC00293577","1974-07","33.3216","-108.8794","1440.2","GLENWOOD, NM US","320.7","","158.2","1,0","14",",0","6",",0","0",",0","0",",0","0",",0","0","1,0","0","1,0","0",",0","31",",0","16",",0","","","19740703",",1,0","19740731","+,,0","19740731","+,,0","1","","19740729",",,0","19740725",",,0","10.6","1,0,03,","0",",,0,31,+","0",",,0,31,+","17.0",",,0,29,","37.8",",0,25,","0.0","","0.0",",0","64.7",",,,0","0",",,,0","23.59","1,0","31.98",",,,0","15.20","1,,,0"
"USC00293577","1974-08","33.3216","-108.8794","1440.2","GLENWOOD, NM US","437.4","","116.7",",0","13",",0","8",",0","0",",0","0",",0","0",",0","0",",0","0",",0","0",",0","31",",0","12",",0","","","19740826",",,0","19740831","+,,0","19740831","+,,0","","","19740816","+,,0","19740830",",,0","7.8",",0,26,","0",",,0,31,+","0",",,0,31,+","8.6",",,0,16,+","34.4",",0,30,","0.0","","0.0",",0","49.4",",,,0","0",",,,0","22.10",",0","31.18",",,,0","13.01",",,,0"
"USC00293577","1974-09","33.3216","-108.8794","1440.2","GLENWOOD, NM US","499.9","","62.5","2,0","10",",0","5",",0","0",",0","0",",0","0",",0","0","2,0","0","2,0","0","2,0","28","2,0","11","2,0","","","19740919",",2,0","19740930","+,,0","19740930","+,,0","","","19740919",",,0","19740909",",2,0","5.6","2,0,19,","0",",,0,30,+","0",",,0,30,+","11.4",",,0,19,","36.7","2,0,09,","18.2","","18.2","2,0","36.9",",,,0","0",",,,0","19.92","2,0","29.13","2,,,0","10.70","2,,,0"
"USC00293577","1974-10","33.3216","-108.8794","1440.2","GLENWOOD, NM US","501.1","","1.2",",0","13",",0","8",",0","0",",0","0",",0","0",",0","0",",0","1",",0","0",",0","24",",0","0",",0","","","19741030",",,0","19741031","+,,0","19741031","+,,0","","","19741029",",,0","19741001",",,0","-1.7",",0,30,","0",",,0,31,+","0",",,0,31,+","22.9",",,0,29,","28.9",",0,01,","143.8","","125.6",",0","76.8",",,,0","0",",,,0","14.32",",0","22.75",",,,0","5.89",",,,0"
"USC00293577","1974-11","33.3216","-108.8794","1440.2","GLENWOOD, NM US","501.1","","0.0",",0","4",",0","3",",0","0",",0","0",",0","0",",0","0",",0","22",",0","0",",0","4",",0","0",",0","","","19741128",",,0","19741130","+,,0","19741130","+,,0","","","19741108",",,0","19741121",",,0","-7.8",",0,28,","0",",,0,30,+","0",",,0,30,+","15.5",",,0,08,","23.9",",0,21,","453.6","","309.8",",0","26.5",",,,0","0",",,,0","8.01",",0","17.54",",,,0","-1.53",",,,0"
"USC00293577","1975-03","33.3216","-108.8794","1440.2","GLENWOOD, NM US","","","0.0",",0","9",",0","6",",0","0",",0","0",",0","0",",0","0",",0","21",",0","0",",0","11",",0","0",",0","","","19750305",",,0","19750331","+,,0","19750331","+,,0","","","19750308",",,0","19750301",",,0","-5.0",",0,05,","0",",,0,31,+","0",",,0,31,+","9.9",",,0,08,","24.4",",0,01,","","","297.8",",0","37.4",",,,0","0",",,,0","8.73",",0","17.79",",,,0","-0.34",",,,0"
"USC00293577","1975-06","33.3216","-108.8794","1440.2","GLENWOOD, NM US","","","66.6","4,0","0",",0","0",",0","0",",0","0",",0","0",",0","0","3,0","0","3,0","0","2,0","28","2,0","14","2,0","","","19750601",",3,0","19750630","+,,0","19750630","+,,0","","","19750630","+,,0","19750630",",2,0","5.6","3,0,01,","0",",,0,30,+","0",",,0,30,+","0.0",",,0,30,+","36.7","2,0,30,","","","0.8","2,0","0.0",",,,0","0",",,,0","20.92","4,0","31.76","2,,,0","10.08","3,,,0"
"USC00293577","1975-07","33.3216","-108.8794","1440.2","GLENWOOD, NM US","","","145.4",",0","18",",0","7",",0","0",",0","0",",0","0",",0","0",",0","0",",0","0",",0","31",",0","13",",0","","","19750726",",,0","19750731","+,,0","19750731","+,,0","","","19750721",",,0","19750701",",,0","12.2",",0,26,","0",",,0,31,+","0",",,0,31,+","16.8",",,0,21,","35.6",",0,01,","0.0","0","0.0",",0","69.9",",,,0","0",",,,0","23.02",",0","31.03",",,,0","15.02",",,,0"
"USC00293577","1975-11","33.3216","-108.8794","1440.2","GLENWOOD, NM US","","","","","2",",0","1",",0","0",",0","0",",0","0","1,0","0","1,0","26","1,0","","","","","","","","","19751127",",1,0","19751130","+,,0","19751130","+,1,0","","","19751129",",,0","","","-9.4","1,0,27,","0",",,0,30,+","0","1,,0,30,+","22.1",",,0,29,","","","","","","","24.1",",,,0","0","1,,,0","","","","","-3.03","1,,,0"
"USC00293577","1975-12","33.3216","-108.8794","1440.2","GLENWOOD, NM US","","","0.0",",0","6",",0","3",",0","0",",0","","","","","0",",0","27",",0","0",",0","3",",0","0",",0","","","19751216","+,,0","","","","","","","19751221",",,0","19751211","+,,0","-10.6",",0,16,+","","","","","14.7",",,0,21,","21.7",",0,11,+","","","403.9",",0","37.2",",,,0","","","5.30",",0","14.76",",,,0","-4.15",",,,0"
"USC00293577","1976-01","33.3216","-108.8794","1440.2","GLENWOOD, NM US","0.0","","0.0","1,0","2",",0","1",",0","0",",0","","","","","0","1,0","27","1,0","0",",0","2",",0","0",",0","","","19760101",",1,0","","","","","","","19760101",",,0","19760130",",,0","-12.8","1,0,01,","","","","","2.8",",,0,01,","21.7",",0,30,","","","430.6",",0","4.3",",,,0","","","4.01","1,0","14.55",",,,0","-6.54","1,,,0"
"USC00293577","1976-03","33.3216","-108.8794","1440.2","GLENWOOD, NM US","","","0.0",",0","5",",0","2",",0","0",",0","","","","","0",",0","25",",0","0",",0","11",",0","0",",0","","","19760307","+,,0","","","","","","","19760329",",,0","19760324","+,,0","-6.7",",0,07,+","","","","","9.4",",,0,29,","24.4",",0,24,+","","","297.1",",0","14.6",",,,0","","","8.75",",0","19.19",",,,0","-1.69",",,,0"
"USC00293577","1976-04","33.3216","-108.8794","1440.2","GLENWOOD, NM US","","","0.0",",0","3",",0","1",",0","0",",0","","","","","0",",0","9",",0","0",",0","22",",0","0",",0","","","19760418",",,0","","","","","","","19760416",",,0","19760430","+,,0","-3.9",",0,18,","","","","","9.7",",,0,16,","27.2",",0,30,+","","","185.8",",0","13.0",",,,0","","","12.14",",0","22.61",",,,0","1.67",",,,0"
"USC00293577","1976-05","33.3216","-108.8794","1440.2","GLENWOOD, NM US","","","10.0",",0","7",",0","3",",0","0",",0","0",",0","0",",0","0",",0","0",",0","0",",0","29",",0","1",",0","","","19760502",",,0","19760531","+,,0","19760531","+,,0","","","19760521","+,,0","19760514",",,0","1.1",",0,02,","0",",,0,31,+","0",",,0,31,+","7.6",",,0,21,+","32.2",",0,14,","","","51.6",",0","23.9",",,,0","0",",,,0","16.99",",0","27.15",",,,0","6.83",",,,0"
"USC00293577","1976-06","33.3216","-108.8794","1440.2","GLENWOOD, NM US","","","86.5",",0","1",",0","1",",0","0",",0","0",",0","0",",0","0",",0","0",",0","0",",0","30",",0","13",",0","","","19760614",",,0","19760630","+,,0","19760630","+,,0","","","19760609",",,0","19760627",",,0","3.9",",0,14,","0",",,0,30,+","0",",,0,30,+","6.4",",,0,09,","36.7",",0,27,","","","3.6",",0","6.4",",,,0","0",",,,0","21.09",",0","32.17",",,,0","10.02",",,,0"
"USC00293577","1976-07","33.3216","-108.8794","1440.2","GLENWOOD, NM US","","","135.1",",0","12",",0","5",",0","0",",0","0",",0","0",",0","0",",0","0",",0","0",",0","31",",0","13",",0","","","19760702",",,0","19760731","+,,0","19760731","+,,0","","","19760712",",,0","19760710",",,0","11.1",",0,02,","0",",,0,31,+","0",",,0,31,+","19.3",",,0,12,","36.1",",0,10,","0.0","","0.0",",0","55.1",",,,0","0",",,,0","22.69",",0","31.26",",,,0","14.12",",,,0"
"USC00293577","1976-08","33.3216","-108.8794","1440.2","GLENWOOD, NM US","","","133.1",",0","10",",0","3",",0","0",",0","0",",0","0",",0","0",",0","0",",0","0",",0","31",",0","13",",0","","","19760816",",,0","19760831","+,,0","19760831","+,,0","2","","19760826","+,,0","19760813",",,0","8.9",",0,16,","0",",,0,31,+","0",",,0,31,+","4.3",",,0,26,+","36.1",",0,13,","0.0","","0.0",",0","21.6",",,,0","0",",,,0","22.63",",0","31.62",",,,0","13.64",",,,0"
"USC00293577","1976-09","33.3216","-108.8794","1440.2","GLENWOOD, NM US","","","54.4","1,0","9",",0","5",",0","0",",0","0",",0","0",",0","0",",0","0",",0","0","1,0","29","1,0","1","1,0","","","19760920",",,0","19760930","+,,0","19760930","+,,0","","","19760915",",,0","19760904",",1,0","8.3",",0,20,","0",",,0,30,+","0",",,0,30,+","12.2",",,0,15,","32.8","1,0,04,","7.2","","7.2","1,0","36.3",",,,0","0",",,,0","19.93","1,0","28.47","1,,,0","11.40",",,,0"
"USC00293577","1976-11","33.3216","-108.8794","1440.2","GLENWOOD, NM US","","","0.0",",0","3",",0","3",",0","0",",0","0",",0","0",",0","0",",0","22",",0","0",",0","10",",0","0",",0","","","19761129",",,0","19761130","+,,0","19761130","+,,0","","","19761113",",,0","19761106",",,0","-12.2",",0,29,","0",",,0,30,+","0",",,0,30,+","6.6",",,0,13,","24.4",",0,06,","","","309.2",",0","15.0",",,,0","0",",,,0","8.03",",0","17.85",",,,0","-1.79",",,,0"
"USC00293577","1977-01","33.3216","-108.8794","1440.2","GLENWOOD, NM US","0.0","0","0.0",",0","10",",0","4",",0","0",",0","","","1",",0","0",",0","26",",0","0",",0","0",",0","0",",0","","","19770110",",,0","","","19770106",",,0","","","19770101",",,0","19770118",",,0","-9.4",",0,10,","","","25",",,0,06,","9.9",",,0,01,","20.6",",0,18,","","","419.5",",0","30.4",",,,0","25",",,,0","4.80",",0","12.94",",,,0","-3.34",",,,0"
"USC00293577","1977-02","33.3216","-108.8794","1440.2","GLENWOOD, NM US","0.0","0","0.0",",0","3",",0","0",",0","0",",0","0",",0","0",",0","0",",0","23",",0","0",",0","9",",0","0",",0","","","19770227",",,0","19770228","+,,0","19770228","+,,0","","","19770202",",,0","19770218","+,,0","-8.9",",0,27,","0",",,0,28,+","0",",,0,28,+","1.8",",,0,02,","24.4",",0,18,+","","","297.6",",0","3.8",",,,0","0",",,,0","7.71",",0","18.03",",,,0","-2.62",",,,0"
"USC00293577","1977-03","33.3216","-108.8794","1440.2","GLENWOOD, NM US","0.0","0","0.0",",0","3",",0","3",",0","0",",0","0",",0","0",",0","0",",0","25",",0","0",",0","6",",0","0",",0","","","19770307","+,,0","19770331","+,,0","19770331","+,,0","","","19770329",",,0","19770322",",,0","-8.3",",0,07,+","0",",,0,31,+","0",",,0,31,+","17.0",",,0,29,","23.9",",0,22,","","","343.2",",0","36.3",",,,0","0",",,,0","7.26",",0","17.44",",,,0","-2.92",",,,0"
"USC00293577","1977-04","33.3216","-108.8794","1440.2","GLENWOOD, NM US","0.0","0","0.0","1,0","3",",0","2",",0","0",",0","0",",0","0",",0","0",",0","6",",0","0","1,0","25","1,0","0","1,0","","","19770404","+,,0","19770430","+,,0","19770430","+,,0","","","19770425","+,,0","19770408",",1,0","-6.1",",0,04,+","0",",,0,30,+","0",",,0,30,+","6.6",",,0,25,+","28.9","1,0,08,","","","141.6","1,0","13.5",",,,0","0",",,,0","13.48","1,0","23.70","1,,,0","3.26",",,,0"
"USC00293577","1977-05","33.3216","-108.8794","1440.2","GLENWOOD, NM US","8.1","0","8.1",",0","0",",0","0",",0","0",",0","0",",0","0",",0","0",",0","1",",0","0",",0","31",",0","2",",0","","","19770504",",,0","19770531","+,,0","19770531","+,,0","","","19770531","+,,0","19770531",",,0","-0.6",",0,04,","0",",,0,31,+","0",",,0,31,+","0.0",",,0,31,+","36.1",",0,31,","","","83.5",",0","0.0",",,,0","0",",,,0","15.90",",0","26.32",",,,0","5.48",",,,0"
"USC00293577","1977-06","33.3216","-108.8794","1440.2","GLENWOOD, NM US","115.2","0","107.1","3,0","10",",0","3",",0","0",",0","0",",0","0",",0","0","3,0","0","3,0","0","3,0","27","3,0","15","3,0","","","19770611",",3,0","19770630","+,,0","19770630","+,,0","1","","19770629",",,0","19770628",",3,0","8.3","3,0,11,","0",",,0,30,+","0",",,0,30,+","15.0",",,0,29,","37.2","3,0,28,","","","0.0","3,0","31.8",",,,0","0",",,,0","22.30","3,0","32.60","3,,,0","12.00","3,,,0"
"USC00293577","1977-07","33.3216","-108.8794","1440.2","GLENWOOD, NM US","302.5","0","187.3",",0","14",",0","6",",0","0",",0","0",",0","0",",0","0",",0","0",",0","0",",0","31",",0","18",",0","","","19770726",",,0","19770731","+,,0","19770731","+,,0","","","19770704",",,0","19770730",",,0","12.8",",0,26,","0",",,0,31,+","0",",,0,31,+","13.5",",,0,04,","36.7",",0,30,","0.0","0","0.0",",0","45.2",",,,0","0",",,,0","24.37",",0","32.13",",,,0","16.62",",,,0"
"USC00293577","1977-08","33.3216","-108.8794","1440.2","GLENWOOD, NM US","481.6","0","179.1","1,0","9",",0","3",",0","0",",0","0",",0","0",",0","0","1,0","0","1,0","0","1,0","30","1,0","22","1,0","","","19770827",",1,0","19770831","+,,0","19770831","+,,0","","","19770816",",,0","19770806","+,1,0","10.0","1,0,27,","0",",,0,31,+","0",",,0,31,+","14.5",",,0,16,","36.7","1,0,06,+","0.0","0","0.0","1,0","46.9",",,,0","0",",,,0","24.30","1,0","32.85","1,,,0","15.76","1,,,0"
"USC00293577","1977-09","33.3216","-108.8794","1440.2","GLENWOOD, NM US","572.7","0","91.1","1,0","4",",0","4",",0","0",",0","0",",0","0",",0","0",",0","0",",0","0","1,0","29","1,0","7","1,0","","","19770930",",,0","19770930","+,,0","19770930","+,,0","","","19770911",",,0","19770909",",1,0","7.8",",0,30,","0",",,0,30,+","0",",,0,30,+","13.0",",,0,11,","35.6","1,0,09,","0.0","0","0.0","1,0","26.5",",,,0","0",",,,0","21.51","1,0","30.77","1,,,0","12.25",",,,0"
"USC00293577","1977-10","33.3216","-108.8794","1440.2","GLENWOOD, NM US","576.3","0","3.6","1,0","6",",0","5",",0","0",",0","0",",0","0",",0","0","1,0","0","1,0","0","1,0","27","1,0","0","1,0","","","19771021",",1,0","19771031","+,,0","19771031","+,,0","","","19771005",",,0","19771002","+,1,0","1.7","1,0,21,","0",",,0,31,+","0",",,0,31,+","18.0",",,0,05,","30.0","1,0,02,+","81.8","0","81.8","1,0","45.2",",,,0","0",",,,0","15.73","1,0","25.01","1,,,0","6.44","1,,,0"
"USC00293577","1977-12","33.3216","-108.8794","1440.2","GLENWOOD, NM US","","","0.0",",0","2",",0","2",",0","0",",0","0",",0","0",",0","0",",0","22",",0","0",",0","8",",0","0",",0","","","19771221","+,,0","19771231","+,,0","19771231","+,,0","","","19771229",",,0","19771204",",,0","-7.2",",0,21,+","0",",,0,31,+","0",",,0,31,+","7.9",",,0,29,","23.3",",0,04,","","","343.6",",0","14.8",",,,0","0",",,,0","7.25",",0","16.58",",,,0","-2.08",",,,0"
"USC00293577","1978-01","33.3216","-108.8794","1440.2","GLENWOOD, NM US","0.0","0","0.0",",0","10",",0","7",",0","0",",0","","","","","0",",0","20",",0","0",",0","0",",0","0",",0","","","19780109",",,0","","","","","","","19780131",",,0","19780129",",,0","-6.7",",0,09,","","","","","18.3",",,0,31,","20.0",",0,29,","","","384.8",",0","62.4",",,,0","","","5.92",",0","13.07",",,,0","-1.23",",,,0"
"USC00293577","1978-03","33.3216","-108.8794","1440.2","GLENWOOD, NM US","","","0.0","1,0","10",",0","7",",0","0",",0","0",",0","0",",0","0",",0","11",",0","0","1,0","13","1,0","0","1,0","","","19780316",",,0","19780331","+,,0","19780331","+,,0","","","19780301",",,0","19780331",",1,0","-2.8",",0,16,","0",",,0,31,+","0",",,0,31,+","21.3",",,0,01,","26.7","1,0,31,","","","226.0","1,0","65.2",",,,0","0",",,,0","10.89","1,0","19.37","1,,,0","2.41",",,,0"
"USC00293577","1978-04","33.3216","-108.8794","1440.2","GLENWOOD, NM US","","","0.0",",0","1",",0","0",",0","0",",0","0",",0","0",",0","0",",0","5",",0","0",",0","26",",0","0",",0","","","19780409",",,0","19780430","+,,0","19780430","+,,0","","","19780401",",,0","19780426","+,,0","-2.2",",0,09,","0",",,0,30,+","0",",,0,30,+","0.8",",,0,01,","28.3",",0,26,+","","","154.1",",0","0.8",",,,0","0",",,,0","13.20",",0","23.49",",,,0","2.90",",,,0"
"USC00293577","1978-05","33.3216","-108.8794","1440.2","GLENWOOD, NM US","","","18.1",",0","4",",0","2",",0","0",",0","0",",0","0",",0","0",",0","0",",0","0",",0","28",",0","3",",0","","","19780508",",,0","19780531","+,,0","19780531","+,,0","","","19780506",",,0","19780514",",,0","1.1",",0,08,","0",",,0,31,+","0",",,0,31,+","7.4",",,0,06,","32.8",",0,14,","","","68.9",",0","13.5",",,,0","0",",,,0","16.69",",0","27.36",",,,0","6.02",",,,0"
"USC00293577","1978-06","33.3216","-108.8794","1440.2","GLENWOOD, NM US","","","132.2",",0","2",",0","2",",0","0",",0","0",",0","0",",0","0",",0","0",",0","0",",0","30",",0","22",",0","","","19780605","+,,0","19780630","+,,0","19780630","+,,0","","","19780629",",,0","19780624",",,0","6.1",",0,05,+","0",",,0,30,+","0",",,0,30,+","23.6",",,0,29,","37.8",",0,24,","","","0.0",",0","34.8",",,,0","0",",,,0","22.74",",0","33.83",",,,0","11.65",",,,0"
"USC00293577","1978-07","33.3216","-108.8794","1440.2","GLENWOOD, NM US","","","196.3",",0","8",",0","6",",0","1",",0","0",",0","0",",0","0",",0","0",",0","0",",0","31",",0","25",",0","","","19780706",",,0","19780731","+,,0","19780731","+,,0","","","19780722",",,0","19780708",",,0","10.6",",0,06,","0",",,0,31,+","0",",,0,31,+","31.8",",,0,22,","37.2",",0,08,","0.0","0","0.0",",0","61.8",",,,0","0",",,,0","24.66",",0","33.84",",,,0","15.49",",,,0"
"USC00293577","1978-08","33.3216","-108.8794","1440.2","GLENWOOD, NM US","","","117.6",",0","12",",0","7",",0","0",",0","0",",0","0",",0","0",",0","0",",0","0",",0","31",",0","9",",0","","","19780831",",,0","19780831","+,,0","19780831","+,,0","","","19780805",",,0","19780828","+,,0","10.0",",0,31,","0",",,0,31,+","0",",,0,31,+","20.6",",,0,05,","32.8",",0,28,+","0.0","0","0.0",",0","69.9",",,,0","0",",,,0","22.13",",0","30.92",",,,0","13.33",",,,0"
"USC00293577","1978-09","33.3216","-108.8794","1440.2","GLENWOOD, NM US","","","54.0",",0","4",",0","3",",0","0",",0","0",",0","0",",0","0",",0","0",",0","0",",0","30",",0","3",",0","","","19780919","+,,0","19780930","+,,0","19780930","+,,0","","","19780902",",,0","19780930","+,,0","5.6",",0,19,+","0",",,0,30,+","0",",,0,30,+","9.7",",,0,02,","32.8",",0,30,+","5.3","0","5.3",",0","22.8",",,,0","0",",,,0","19.96",",0","29.16",",,,0","10.75",",,,0"
"USC00293577","1978-10","33.3216","-108.8794","1440.2","GLENWOOD, NM US","","","12.8","2,0","4",",0","3",",0","1",",0","0",",0","0",",0","0",",0","0",",0","0","2,0","22","2,0","0","2,0","","","19781029","+,,0","19781031","+,,0","19781031","+,,0","","","19781021",",,0","19781012","+,2,0","1.1",",0,29,+","0",",,0,31,+","0",",,0,31,+","43.2",",,0,21,","31.7","2,0,12,+","84.6","0","79.3","2,0","58.7",",,,0","0",",,,0","16.11","2,0","25.81","2,,,0","6.42",",,,0"
"USC00293577","1978-11","33.3216","-108.8794","1440.2","GLENWOOD, NM US","","","0.0",",0","8",",0","5",",0","1",",0","0",",0","0",",0","0",",0","10",",0","0",",0","8",",0","0",",0","","","19781128",",,0","19781130","+,,0","19781130","+,,0","","","19781124",",,0","19781105",",,0","-5.0",",0,28,","0",",,0,30,+","0",",,0,30,+","47.5",",,0,24,","25.6",",0,05,","347.6","0","263.0",",0","78.0",",,,0","0",",,,0","9.57",",0","17.08",",,,0","2.05",",,,0"
"USC00293577","1978-12","33.3216","-108.8794","1440.2","GLENWOOD, NM US","","","0.0","1,0","9",",0","7",",0","1",",0","0",",0","0",",0","0",",0","25",",0","2","1,0","0","1,0","0","1,0","","","19781209",",,0","19781231","+,,0","19781231","+,,0","","","19781218",",,0","19781215",",1,0","-16.7",",0,09,","0",",,0,31,+","0",",,0,31,+","41.7",",,0,18,","18.3","1,0,15,","782.7","0","435.1","1,0","97.4",",,,0","0",",,,0","3.92","1,0","11.64","1,,,0","-3.80",",,,0"
"USC00293577","1979-01","33.3216","-108.8794","1440.2","GLENWOOD, NM US","0.0","0","0.0",",0","8",",0","6",",0","1",",0","0",",0","0",",0","0",",0","26",",0","0",",0","0",",0","0",",0","","","19790130",",,0","19790131","+,,0","19790131","+,,0","","","19790119",",,0","19790104",",,0","-15.0",",0,30,","0",",,0,31,+","0",",,0,31,+","32.5",",,0,19,","17.2",",0,04,","1254.7","0","472.0",",0","91.5",",,,0","0",",,,0","3.11",",0","9.38",",,,0","-3.17",",,,0"
"USC00293577","1979-02","33.3216","-108.8794","1440.2","GLENWOOD, NM US","0.0","0","0.0",",0","5",",0","3",",0","0",",0","0",",0","0",",0","0",",0","24",",0","0",",0","3",",0","0",",0","","","19790201",",,0","19790228","+,,0","19790228","+,,0","","","19790205",",,0","19790213",",,0","-11.1",",0,01,","0",",,0,28,+","0",",,0,28,+","12.2",",,0,05,","23.9",",0,13,","1593.0","0","338.3",",0","25.7",",,,0","0",",,,0","6.25",",0","15.05",",,,0","-2.54",",,,0"
"USC00293577","1979-03","33.3216","-108.8794","1440.2","GLENWOOD, NM US","0.0","0","0.0",",0","4",",0","2",",0","0",",0","0",",0","0",",0","0",",0","16",",0","0",",0","4",",0","0",",0","","","19790305",",,0","19790331","+,,0","19790331","+,,0","","","19790321",",,0","19790307",",,0","-5.6",",0,05,","0",",,0,31,+","0",",,0,31,+","8.1",",,0,21,","22.8",",0,07,","1880.1","0","287.1",",0","16.2",",,,0","0",",,,0","9.07",",0","17.91",",,,0","0.24",",,,0"
"USC00293577","1979-04","33.3216","-108.8794","1440.2","GLENWOOD, NM US","0.0","0","0.0",",0","3",",0","2",",0","0",",0","0",",0","0",",0","0",",0","7",",0","0",",0","23",",0","0",",0","","","19790411","+,,0","19790430","+,,0","19790430","+,,0","","","19790410",",,0","19790428",",,0","-2.8",",0,11,+","0",",,0,30,+","0",",,0,30,+","7.6",",,0,10,","27.2",",0,28,","2044.2","0","164.1",",0","12.2",",,,0","0",",,,0","12.86",",0","23.21",",,,0","2.52",",,,0"
"USC00293577","1979-05","33.3216","-108.8794","1440.2","GLENWOOD, NM US","6.7","0","6.7",",0","11",",0","8",",0","0",",0","0",",0","0",",0","0",",0","1",",0","0",",0","30",",0","0",",0","","","19790510",",,0","19790531","+,,0","19790531","+,,0","","","19790520",",,0","19790522",",,0","-1.7",",0,10,","0",",,0,31,+","0",",,0,31,+","9.7",",,0,20,","31.1",",0,22,","2114.5","0","70.3",",0","44.9",",,,0","0",",,,0","16.28",",0","26.13",",,,0","6.43",",,,0"
"USC00293577","1979-06","33.3216","-108.8794","1440.2","GLENWOOD, NM US","86.4","0","79.7",",0","9",",0","4",",0","0",",0","0",",0","0",",0","0",",0","0",",0","0",",0","30",",0","14",",0","","","19790620","+,,0","19790630","+,,0","19790630","+,,0","","","19790606",",,0","19790627",",,0","5.6",",0,20,+","0",",,0,30,+","0",",,0,30,+","11.4",",,0,06,","36.1",",0,27,","2122.5","0","8.0",",0","38.4",",,,0","0",",,,0","20.72",",0","30.80",",,,0","10.65",",,,0"
"USC00293577","1979-07","33.3216","-108.8794","1440.2","GLENWOOD, NM US","262.9","0","176.5","2,0","8",",0","6",",0","0",",0","0",",0","0",",0","0","2,0","0","2,0","0","2,0","29","2,0","22","2,0","","","19790713","+,2,0","19790731","+,,0","19790731","+,,0","","","19790718",",,0","19790710","+,2,0","11.7","2,0,13,+","0",",,0,31,+","0",",,0,31,+","23.9",",,0,18,","38.3","2,0,10,+","0.0","0","0.0","2,0","55.6",",,,0","0",",,,0","24.42","2,0","33.58","2,,,0","15.26","2,,,0"
"USC00293577","1979-08","33.3216","-108.8794","1440.2","GLENWOOD, NM US","374.3","0","111.4",",0","8",",0","5",",0","1",",0","0",",0","0",",0","0",",0","0",",0","0",",0","31",",0","15",",0","","","19790823",",,0","19790831","+,,0","19790831","+,,0","","","19790815",",,0","19790805","+,,0","8.9",",0,23,","0",",,0,31,+","0",",,0,31,+","26.4",",,0,15,","35.0",",0,05,+","0.0","0","0.0",",0","59.1",",,,0","0",",,,0","21.93",",0","30.59",",,,0","13.26",",,,0"
"USC00293577","1979-09","33.3216","-108.8794","1440.2","GLENWOOD, NM US","463.4","0","89.1",",0","6",",0","3",",0","0",",0","0",",0","0",",0","0",",0","0",",0","0",",0","28",",0","9",",0","","","19790926","+,,0","19790930","+,,0","19790930","+,,0","","","19790915",",,0","19790906",",,0","7.8",",0,26,+","0",",,0,30,+","0",",,0,30,+","8.1",",,0,15,","37.2",",0,06,","10.2","0","10.2",",0","20.5",",,,0","0",",,,0","20.96",",0","30.28",",,,0","11.64",",,,0"
"USC00293577","1979-10","33.3216","-108.8794","1440.2","GLENWOOD, NM US","476.3","0","12.9",",0","1",",0","1",",0","0",",0","0",",0","0",",0","0",",0","2",",0","0",",0","28",",0","2",",0","","","19791031",",,0","19791031","+,,0","19791031","+,,0","","","19791021",",,0","19791006","+,,0","-3.9",",0,31,","0",",,0,31,+","0",",,0,31,+","10.2",",,0,21,","32.2",",0,06,+","94.0","0","83.8",",0","10.2",",,,0","0",",,,0","16.05",",0","27.11",",,,0","4.98",",,,0"
"USC00293577","1979-11","33.3216","-108.8794","1440.2","GLENWOOD, NM US","476.3","0","0.0",",0","1",",0","1",",0","0",",0","0",",0","0",",0","0",",0","24",",0","0",",0","0",",0","0",",0","","","19791130",",,0","19791130","+,,0","19791130","+,,0","","","19791108",",,0","19791125","+,,0","-9.4",",0,30,","0",",,0,30,+","0",",,0,30,+","20.3",",,0,08,","20.6",",0,25,+","433.2","0","339.2",",0","20.3",",,,0","0",",,,0","7.03",",0","16.37",",,,0","-2.32",",,,0"
"USC00293577","1979-12","33.3216","-108.8794","1440.2","GLENWOOD, NM US","476.3","0","0.0",",0","4",",0","4",",0","0",",0","0",",0","0",",0","0",",0","28",",0","0",",0","3",",0","0",",0","","","19791202",",,0","19791231","+,,0","19791231","+,,0","","","19791227",",,0","19791205","+,,0","-9.4",",0,02,","0",",,0,31,+","0",",,0,31,+","18.0",",,0,27,","21.7",",0,05,+","819.4","0","386.2",",0","40.3",",,,0","0",",,,0","5.88",",0","15.57",",,,0","-3.82",",,,0"
"USC00293577","1980-01","33.3216","-108.8794","1440.2","GLENWOOD, NM US","0.0","0","0.0",",0","8",",0","7",",0","0",",0","0",",0","0",",0","0",",0","18",",0","0",",0","0",",0","0",",0","","","19800126",",,0","19800131","+,,0","19800131","+,,0","","","19800122",",,0","19800113","+,,0","-6.7",",0,26,","0",",,0,31,+","0",",,0,31,+","24.1",",,0,22,","17.8",",0,13,+","1192.5","0","373.1",",0","56.6",",,,0","0",",,,0","6.30",",0","13.43",",,,0","-0.83",",,,0"
"USC00293577","1980-02","33.3216","-108.8794","1440.2","GLENWOOD, NM US","0.0","0","0.0",",0","13",",0","6",",0","1",",0","0",",0","0",",0","0",",0","17",",0","0",",0","5",",0","0",",0","","","19800209",",,0","19800229","+,,0","19800229","+,,0","","","19800214",",,0","19800204",",,0","-11.1",",0,09,","0",",,0,29,+","0",",,0,29,+","28.7",",,0,14,","23.3",",0,04,","1500.2","0","307.7",",0","87.6",",,,0","0",",,,0","7.72",",0","15.88",",,,0","-0.44",",,,0"
"USC00293577","1980-03","33.3216","-108.8794","1440.2","GLENWOOD, NM US","0.0","0","0.0",",0","9",",0","4",",0","0",",0","0",",0","0",",0","0",",0","17",",0","0",",0","2",",0","0",",0","","","19800320","+,,0","19800331","+,,0","19800331","+,,0","","","19800311",",,0","19800315","+,,0","-3.9",",0,20,+","0",",,0,31,+","0",",,0,31,+","14.0",",,0,11,","21.1",",0,15,+","1808.1","0","307.9",",0","35.5",",,,0","0",",,,0","8.40",",0","16.59",",,,0","0.21",",,,0"
"USC00293577","1980-04","33.3216","-108.8794","1440.2","GLENWOOD, NM US","1.2","0","1.2",",0","3",",0","0",",0","0",",0","0",",0","0",",0","0",",0","6",",0","0",",0","22",",0","0",",0","","","19800401",",,0","19800430","+,,0","19800430","+,,0","","","19800421",",,0","19800419",",,0","-6.1",",0,01,","0",",,0,30,+","0",",,0,30,+","2.3",",,0,21,","28.9",",0,19,","1970.3","0","162.2",",0","4.1",",,,0","0",",,,0","12.97",",0","22.98",",,,0","2.95",",,,0"
"USC00293577","1980-05","33.3216","-108.8794","1440.2","GLENWOOD, NM US","4.0","0","2.8",",0","4",",0","2",",0","0",",0","0",",0","0",",0","0",",0","1",",0","0",",0","29",",0","0",",0","","","19800525",",,0","19800531","+,,0","19800531","+,,0","","","19800505",",,0","19800529","+,,0","-1.7",",0,25,","0",",,0,31,+","0",",,0,31,+","5.3",",,0,05,","31.1",",0,29,+","2054.7","0","84.4",",0","9.5",",,,0","0",",,,0","15.70",",0","25.65",",,,0","5.75",",,,0"
"USC00293577","1980-06","33.3216","-108.8794","1440.2","GLENWOOD, NM US","157.2","0","153.2",",0","1",",0","0",",0","0",",0","0",",0","0",",0","0",",0","0",",0","0",",0","30",",0","26",",0","","","19800604","+,,0","19800630","+,,0","19800630","+,,0","","","19800621",",,0","19800628","+,,0","1.7",",0,04,+","0",",,0,30,+","0",",,0,30,+","1.3",",,0,21,","37.8",",0,28,+","2063.3","0","8.6",",0","1.3",",,,0","0",",,,0","23.16",",0","34.69",",,,0","11.62",",,,0"
"USC00293577","1980-07","33.3216","-108.8794","1440.2","GLENWOOD, NM US","377.2","0","220.0",",0","12",",0","6",",0","0",",0","0",",0","0",",0","0",",0","0",",0","0",",0","31",",0","29",",0","","","19800702","+,,0","19800731","+,,0","19800731","+,,0","","","19800709",",,0","19800705",",,0","11.1",",0,02,+","0",",,0,31,+","0",",,0,31,+","6.6",",,0,09,","38.3",",0,05,","0.0","0","0.0",",0","31.6",",,,0","0",",,,0","25.43",",0","34.83",",,,0","16.03",",,,0"
"USC00293577","1980-08","33.3216","-108.8794","1440.2","GLENWOOD, NM US","522.8","0","145.6","2,0","8",",0","4",",0","0",",0","0",",0","0",",0","0","2,0","0","2,0","0","2,0","29","2,0","16","2,0","","","19800820","+,2,0","19800831","+,,0","19800831","+,,0","","","19800824",",,0","19800801",",2,0","11.1","2,0,20,+","0",",,0,31,+","0",",,0,31,+","11.7",",,0,24,","36.7","2,0,01,","0.0","0","0.0","2,0","35.3",",,,0","0",",,,0","23.36","2,0","31.90","2,,,0","14.81","2,,,0"
"USC00293577","1980-09","33.3216","-108.8794","1440.2","GLENWOOD, NM US","615.4","0","92.6",",0","5",",0","2",",0","1",",0","0",",0","0",",0","0",",0","0",",0","0",",0","30",",0","10",",0","","","19800922",",,0","19800930","+,,0","19800930","+,,0","","","19800911",",,0","19800906","+,,0","6.1",",0,22,","0",",,0,30,+","0",",,0,30,+","45.0",",,0,11,","34.4",",0,06,+","0.6","0","0.6",",0","65.5",",,,0","0",",,,0","21.40",",0","30.55",",,,0","12.25",",,,0"
"USC00293577","1980-10","33.3216","-108.8794","1440.2","GLENWOOD, NM US","630.3","0","14.9",",0","6",",0","1",",0","0",",0","0",",0","0",",0","0",",0","10",",0","0",",0","21",",0","5",",0","","","19801030","+,,0","19801031","+,,0","19801031","+,,0","","","19801013",",,0","19801001",",,0","-5.6",",0,30,+","0",",,0,31,+","0",",,0,31,+","4.8",",,0,13,","33.3",",0,01,","161.2","0","160.6",",0","9.2",",,,0","0",",,,0","13.63",",0","23.74",",,,0","3.52",",,,0"
"USC00293577","1980-11","33.3216","-108.8794","1440.2","GLENWOOD, NM US","630.3","0","0.0",",0","1",",0","1",",0","0",",0","0",",0","0",",0","0",",0","16",",0","0",",0","14",",0","0",",0","","","19801128","+,,0","19801130","+,,0","19801130","+,,0","","","19801116",",,0","19801109","+,,0","-7.8",",0,28,+","0",",,0,30,+","0",",,0,30,+","8.1",",,0,16,","27.8",",0,09,+","446.1","0","284.9",",0","8.1",",,,0","0",",,,0","8.84",",0","19.12",",,,0","-1.44",",,,0"
"USC00293577","1980-12","33.3216","-108.8794","1440.2","GLENWOOD, NM US","630.3","0","0.0",",0","2",",0","1",",0","0",",0","0",",0","0",",0","0",",0","26",",0","0",",0","9",",0","0",",0","","","19801211",",,0","19801231","+,,0","19801231","+,,0","","","19801213",",,0","19801226",",,0","-11.7",",0,11,","0",",,0,31,+","0",",,0,31,+","6.1",",,0,13,","25.0",",0,26,","779.2","0","333.1",",0","6.6",",,,0","0",",,,0","7.59",",0","18.60",",,,0","-3.42",",,,0"
"USC00293577","1981-01","33.3216","-108.8794","1440.2","GLENWOOD, NM US","0.0","0","0.0",",0","8",",0","3",",0","0",",0","0",",0","0",",0","0",",0","23",",0","0",",0","0",",0","0",",0","","","19810130",",,0","19810131","+,,0","19810131","+,,0","","","19810112",",,0","19810103",",,0","-7.8",",0,30,","0",",,0,31,+","0",",,0,31,+","8.9",",,0,12,","20.6",",0,03,","1146.6","0","367.4",",0","21.4",",,,0","0",",,,0","6.48",",0","14.97",",,,0","-2.01",",,,0"
"USC00293577","1981-02","33.3216","-108.8794","1440.2","GLENWOOD, NM US","0.0","0","0.0",",0","4",",0","3",",0","0",",0","0",",0","0",",0","0",",0","19",",0","0",",0","8",",0","0",",0","","","19810201",",,0","19810228","+,,0","19810228","+,,0","","","19810209",",,0","19810218",",,0","-10.0",",0,01,","0",",,0,28,+","0",",,0,28,+","13.2",",,0,09,","25.6",",0,18,","1433.6","0","287.0",",0","21.4",",,,0","0",",,,0","8.08",",0","18.30",",,,0","-2.14",",,,0"
"USC00293577","1981-03","33.3216","-108.8794","1440.2","GLENWOOD, NM US","0.0","0","0.0",",0","11",",0","6",",0","0",",0","0",",0","0",",0","0",",0","13",",0","0",",0","9",",0","0",",0","","","19810317",",,0","19810331","+,,0","19810331","+,,0","","","19810303",",,0","19810326",",,0","-3.9",",0,17,","0",",,0,31,+","0",",,0,31,+","14.0",",,0,03,","23.9",",0,26,","1723.0","0","289.4",",0","56.2",",,,0","0",",,,0","9.00",",0","17.40",",,,0","0.60",",,,0"
"USC00293577","1981-04","33.3216","-108.8794","1440.2","GLENWOOD, NM US","7.9","0","7.9",",0","5",",0","2",",0","0",",0","0",",0","0",",0","0",",0","4",",0","0",",0","28",",0","1",",0","","","19810409","+,,0","19810430","+,,0","19810430","+,,0","","","19810403",",,0","19810430",",,0","-1.1",",0,09,+","0",",,0,30,+","0",",,0,30,+","6.1",",,0,03,","32.2",",0,30,","1838.8","0","115.8",",0","12.2",",,,0","0",",,,0","14.74",",0","25.27",",,,0","4.20",",,,0"
"USC00293577","1981-05","33.3216","-108.8794","1440.2","GLENWOOD, NM US","13.8","0","5.9",",0","3",",0","2",",0","1",",0","0",",0","0",",0","0",",0","0",",0","0",",0","31",",0","0",",0","","","19810511","+,,0","19810531","+,,0","19810531","+,,0","","","19810501",",,0","19810527","+,,0","3.3",",0,11,+","0",",,0,31,+","0",",,0,31,+","49.5",",,0,01,","29.4",",0,27,+","1887.3","0","48.5",",0","72.1",",,,0","0",",,,0","16.96",",0","26.84",",,,0","7.08",",,,0"
"USC00293577","1981-06","33.3216","-108.8794","1440.2","GLENWOOD, NM US","184.4","0","170.6",",0","3",",0","2",",0","0",",0","0",",0","0",",0","0",",0","0",",0","0",",0","30",",0","21",",0","","","19810616",",,0","19810630","+,,0","19810630","+,,0","","","19810627",",,0","19810624","+,,0","6.7",",0,16,","0",",,0,30,+","0",",,0,30,+","6.4",",,0,27,","39.4",",0,24,+","1887.6","0","0.3",",0","11.8",",,,0","0",",,,0","24.01",",0","34.22",",,,0","13.81",",,,0"
"USC00293577","1981-07","33.3216","-108.8794","1440.2","GLENWOOD, NM US","384.5","0","200.1",",0","19",",0","8",",0","0",",0","0",",0","0",",0","0",",0","0",",0","0",",0","31",",0","17",",0","","","19810728",",,0","19810731","+,,0","19810731","+,,0","","","19810708",",,0","19810704",",,0","13.9",",0,28,","0",",,0,31,+","0",",,0,31,+","23.4",",,0,08,","39.4",",0,04,","0.0","0","0.0",",0","90.3",",,,0","0",",,,0","24.79",",0","32.94",",,,0","16.64",",,,0"
"USC00293577","1981-08","33.3216","-108.8794","1440.2","GLENWOOD, NM US","532.6","0","148.1",",0","12",",0","7",",0","0",",0","0",",0","0",",0","0",",0","0",",0","0",",0","31",",0","15",",0","","","19810822",",,0","19810831","+,,0","19810831","+,,0","","","19810802",",,0","19810830","+,,0","11.1",",0,22,","0",",,0,31,+","0",",,0,31,+","9.1",",,0,02,","35.0",",0,30,+","0.0","0","0.0",",0","46.8",",,,0","0",",,,0","23.11",",0","31.74",",,,0","14.48",",,,0"
"USC00293577","1981-09","33.3216","-108.8794","1440.2","GLENWOOD, NM US","609.7","0","77.1",",0","10",",0","6",",0","0",",0","0",",0","0",",0","0",",0","0",",0","0",",0","30",",0","3",",0","","","19810929",",,0","19810930","+,,0","19810930","+,,0","","","19810903",",,0","19810928",",,0","8.9",",0,29,","0",",,0,30,+","0",",,0,30,+","10.9",",,0,03,","33.3",",0,28,","1.1","0","1.1",",0","53.6",",,,0","0",",,,0","20.87",",0","29.29",",,,0","12.45",",,,0"
"USC00293577","1981-10","33.3216","-108.8794","1440.2","GLENWOOD, NM US","616.4","0","6.7",",0","4",",0","4",",0","0",",0","0",",0","0",",0","0",",0","3",",0","0",",0","31",",0","0",",0","","","19811031","+,,0","19811031","+,,0","19811031","+,,0","","","19811003",",,0","19811001",",,0","-1.1",",0,31,+","0",",,0,31,+","0",",,0,31,+","6.4",",,0,03,","30.0",",0,01,","110.2","0","109.1",",0","18.3",",,,0","0",",,,0","15.03",",0","24.18",",,,0","5.88",",,,0"
"USC00293577","1981-11","33.3216","-108.8794","1440.2","GLENWOOD, NM US","616.4","0","0.0",",0","2",",0","2",",0","0",",0","0",",0","0",",0","0",",0","19",",0","0",",0","18",",0","0",",0","","","19811125",",,0","19811130","+,,0","19811130","+,,0","","","19811129",",,0","19811116","+,,0","-5.0",",0,25,","0",",,0,30,+","0",",,0,30,+","9.4",",,0,29,","26.7",",0,16,+","347.2","0","237.0",",0","11.9",",,,0","0",",,,0","10.43",",0","21.20",",,,0","-0.34",",,,0"
"USC00293577","1981-12","33.3216","-108.8794","1440.2","GLENWOOD, NM US","616.4","0","0.0",",0","0",",0","0",",0","0",",0","0",",0","0",",0","0",",0","28",",0","0",",0","7",",0","0",",0","","","19811225",",,0","19811231","+,,0","19811231","+,,0","","","19811231","+,,0","19811207",",,0","-8.9",",0,25,","0",",,0,31,+","0",",,0,31,+","0.0",",,0,31,+","23.3",",0,07,","691.4","0","344.2",",0","0.0",",,,0","0",",,,0","7.23",",0","17.56",",,,0","-3.10",",,,0"
"USC00293577","1982-01","33.3216","-108.8794","1440.2","GLENWOOD, NM US","0.0","0","0.0",",0","10","1,0","6","1,0","0","1,0","0","1,0","0","1,0","0",",0","25",",0","0",",0","3",",0","0",",0","","","19820123","+,,0","19820131","+,1,0","19820131","+,1,0","","","19820102",",1,0","19820124",",,0","-8.9",",0,23,+","0","1,,0,31,+","0","1,,0,31,+","10.2","1,,0,02,","24.4",",0,24,","1086.8","0","395.4",",0","35.7","1,,,0","0","1,,,0","5.58",",0","14.12",",,,0","-2.96",",,,0"
"USC00293577","1982-02","33.3216","-108.8794","1440.2","GLENWOOD, NM US","0.0","0","0.0",",0","8",",0","3",",0","0",",0","0",",0","0",",0","0",",0","14",",0","0",",0","4",",0","0",",0","","","19820201",",,0","19820228","+,,0","19820228","+,,0","","","19820211",",,0","19820222",",,0","-8.3",",0,01,","0",",,0,28,+","0",",,0,28,+","22.4",",,0,11,","23.3",",0,22,","1388.2","0","301.4",",0","49.8",",,,0","0",",,,0","7.57",",0","15.80",",,,0","-0.66",",,,0"
"USC00293577","1982-03","33.3216","-108.8794","1440.2","GLENWOOD, NM US","0.0","0","0.0",",0","8",",0","3",",0","1",",0","0",",0","0",",0","0",",0","16",",0","0",",0","9",",0","0",",0","","","19820321",",,0","19820331","+,,0","19820331","+,,0","","","19820313",",,0","19820310",",,0","-3.9",",0,21,","0",",,0,31,+","0",",,0,31,+","28.4",",,0,13,","25.6",",0,10,","1650.8","0","262.6",",0","41.2",",,,0","0",",,,0","9.86",",0","18.70",",,,0","1.02",",,,0"
"USC00293577","1982-04","33.3216","-108.8794","1440.2","GLENWOOD, NM US","0.0","0","0.0","1,0","1",",0","1",",0","0",",0","0",",0","0",",0","0","1,0","7","1,0","0",",0","26",",0","0",",0","","","19820408",",1,0","19820430","+,,0","19820430","+,,0","","","19820407",",,0","19820428",",,0","-2.2","1,0,08,","0",",,0,30,+","0",",,0,30,+","7.1",",,0,07,","28.3",",0,28,","1797.8","0","147.0",",0","7.1",",,,0","0",",,,0","13.32","1,0","23.41",",,,0","3.23","1,,,0"
"USC00293577","1982-05","33.3216","-108.8794","1440.2","GLENWOOD, NM US","11.4","0","11.4","1,0","8",",0","6",",0","0",",0","0",",0","0",",0","0","1,0","1","1,0","0",",0","30",",0","0",",0","","","19820513",",1,0","19820531","+,,0","19820531","+,,0","","","19820503",",,0","19820531",",,0","-0.6","1,0,13,","0",",,0,31,+","0",",,0,31,+","7.6",",,0,03,","31.7",",0,31,","1862.4","0","64.6",",0","33.8",",,,0","0",",,,0","16.51","1,0","26.40",",,,0","6.62","1,,,0"
"USC00293577","1982-06","33.3216","-108.8794","1440.2","GLENWOOD, NM US","76.8","0","65.4","1,0","1",",0","0",",0","0",",0","0",",0","0",",0","0","1,0","0","1,0","0",",0","30",",0","13",",0","","","19820605","+,1,0","19820630","+,,0","19820630","+,,0","","","19820630",",,0","19820627",",,0","3.3","1,0,05,+","0",",,0,30,+","0",",,0,30,+","1.5",",,0,30,","36.1",",0,27,","1868.5","0","6.1",",0","1.5",",,,0","0",",,,0","20.37","1,0","32.08",",,,0","8.66","1,,,0"
"USC00293577","1982-07","33.3216","-108.8794","1440.2","GLENWOOD, NM US","257.9","0","181.1",",0","10",",0","5",",0","0",",0","0",",0","0",",0","0",",0","0",",0","0",",0","31",",0","21",",0","","","19820703","+,,0","19820731","+,,0","19820731","+,,0","","","19820723",",,0","19820714",",,0","10.0",",0,03,+","0",",,0,31,+","0",",,0,31,+","8.4",",,0,23,","37.8",",0,14,","0.0","0","0.0",",0","30.9",",,,0","0",",,,0","24.17",",0","33.23",",,,0","15.12",",,,0"
"USC00293577","1982-08","33.3216","-108.8794","1440.2","GLENWOOD, NM US","432.6","0","174.7",",0","12",",0","5",",0","0",",0","0",",0","0",",0","0",",0","0",",0","0",",0","31",",0","16",",0","","","19820818",",,0","19820831","+,,0","19820831","+,,0","","","19820812",",,0","19820818","+,,0","13.3",",0,18,","0",",,0,31,+","0",",,0,31,+","14.0",",,0,12,","33.9",",0,18,+","0.0","0","0.0",",0","55.2",",,,0","0",",,,0","23.97",",0","31.74",",,,0","16.20",",,,0"
"USC00293577","1982-09","33.3216","-108.8794","1440.2","GLENWOOD, NM US","526.2","0","93.6",",0","7",",0","7",",0","0",",0","0",",0","0",",0","0",",0","0",",0","0",",0","29",",0","9",",0","","","19820929",",,0","19820930","+,,0","19820930","+,,0","","","19820918",",,0","19820903","+,,0","1.7",",0,29,","0",",,0,30,+","0",",,0,30,+","20.3",",,0,18,","36.1",",0,03,+","14.1","0","14.1",",0","64.7",",,,0","0",",,,0","20.98",",0","29.56",",,,0","12.41",",,,0"
"USC00293577","1982-10","33.3216","-108.8794","1440.2","GLENWOOD, NM US","526.2","0","0.0",",0","0",",0","0",",0","0",",0","0",",0","0",",0","0",",0","3",",0","0",",0","28",",0","0",",0","","","19821031","+,,0","19821031","+,,0","19821031","+,,0","","","19821031","+,,0","19821004","+,,0","-1.7",",0,31,+","0",",,0,31,+","0",",,0,31,+","0.0",",,0,31,+","28.9",",0,04,+","143.4","0","129.3",",0","0.0",",,,0","0",",,,0","14.16",",0","24.97",",,,0","3.35",",,,0"
"USC00293577","1982-11","33.3216","-108.8794","1440.2","GLENWOOD, NM US","526.2","0","0.0","1,0","8",",0","5",",0","0",",0","0",",0","0",",0","0",",0","14",",0","0","1,0","4","1,0","0","1,0","","","19821113",",,0","19821130","+,,0","19821130","+,,0","","","19821109",",,0","19821107","+,1,0","-5.0",",0,13,","0",",,0,30,+","0",",,0,30,+","16.8",",,0,09,","22.2","1,0,07,+","431.3","0","287.9","1,0","57.2",",,,0","0",",,,0","8.44","1,0","16.13","1,,,0","0.75",",,,0"
"USC00293577","1982-12","33.3216","-108.8794","1440.2","GLENWOOD, NM US","526.2","0","0.0",",0","7",",0","4",",0","1",",0","","","","","0",",0","21",",0","0",",0","0",",0","0",",0","","","19821225",",,0","","","","","","","19821201",",,0","19821218",",,0","-7.8",",0,25,","","","","","27.2",",,0,01,","20.0",",0,18,","837.3","0","406.0",",0","82.8",",,,0","","","5.24",",0","12.09",",,,0","-1.62",",,,0"
"USC00293577","1983-01","33.3216","-108.8794","1440.2","GLENWOOD, NM US","0.0","0","0.0",",0","6",",0","6",",0","0",",0","0",",0","0",",0","0",",0","25",",0","0",",0","0",",0","0",",0","","","19830104",",,0","19830131","+,,0","19830131","+,,0","","","19830130",",,0","19830114","+,,0","-8.9",",0,04,","0",",,0,31,+","0",",,0,31,+","17.0",",,0,30,","19.4",",0,14,+","1218.2","0","380.9",",0","44.9",",,,0","0",",,,0","6.05",",0","14.75",",,,0","-2.66",",,,0"
"USC00293577","1983-02","33.3216","-108.8794","1440.2","GLENWOOD, NM US","0.0","0","0.0",",0","7",",0","3",",0","0",",0","0",",0","0",",0","0",",0","24",",0","0",",0","0",",0","0",",0","","","19830202",",,0","19830228","+,,0","19830228","+,,0","","","19830204",",,0","19830223",",,0","-4.4",",0,02,","0",",,0,28,+","0",",,0,28,+","24.9",",,0,04,","20.6",",0,23,","1533.4","0","315.2",",0","37.6",",,,0","0",",,,0","7.08",",0","14.94",",,,0","-0.79",",,,0"
"USC00293577","1983-03","33.3216","-108.8794","1440.2","GLENWOOD, NM US","0.0","0","0.0","1,0","7",",0","6",",0","0",",0","0",",0","0",",0","0",",0","9",",0","0","1,0","6","1,0","0","1,0","","","19830317",",,0","19830331","+,,0","19830331","+,,0","","","19830325",",,0","19830330",",1,0","-3.9",",0,17,","0",",,0,31,+","0",",,0,31,+","24.4",",,0,25,","23.9","1,0,30,","1816.4","0","283.0","1,0","75.7",",,,0","0",",,,0","8.91","1,0","16.57","1,,,0","1.25",",,,0"
"USC00293577","1983-04","33.3216","-108.8794","1440.2","GLENWOOD, NM US","0.0","0","0.0",",0","5",",0","3",",0","0",",0","0",",0","0",",0","0",",0","14",",0","0",",0","14",",0","0",",0","","","19830414",",,0","19830430","+,,0","19830430","+,,0","","","19830408",",,0","19830424",",,0","-3.3",",0,14,","0",",,0,30,+","0",",,0,30,+","20.1",",,0,08,","26.1",",0,24,","2067.1","0","250.7",",0","28.0",",,,0","0",",,,0","9.98",",0","18.99",",,,0","0.96",",,,0"
"USC00293577","1983-05","33.3216","-108.8794","1440.2","GLENWOOD, NM US","5.0","0","5.0",",0","1",",0","1",",0","0",",0","0",",0","0",",0","0",",0","0",",0","0",",0","29",",0","2",",0","","","19830516","+,,0","19830531","+,,0","19830531","+,,0","","","19830525",",,0","19830522",",,0","0.6",",0,16,+","0",",,0,31,+","0",",,0,31,+","3.8",",,0,25,","32.8",",0,22,","2164.4","0","97.3",",0","3.8",",,,0","0",",,,0","15.36",",0","25.77",",,,0","4.95",",,,0"
"USC00293577","1983-06","33.3216","-108.8794","1440.2","GLENWOOD, NM US","55.0","0","50.0",",0","2",",0","0",",0","0",",0","0",",0","0",",0","0",",0","0",",0","0",",0","30",",0","9",",0","","","19830605",",,0","19830630","+,,0","19830630","+,,0","","","19830625",",,0","19830617",",,0","5.0",",0,05,","0",",,0,30,+","0",",,0,30,+","1.5",",,0,25,","34.4",",0,17,","2176.8","0","12.4",",0","2.8",",,,0","0",",,,0","19.58",",0","30.30",",,,0","8.87",",,,0"
"USC00293577","1983-07","33.3216","-108.8794","1440.2","GLENWOOD, NM US","222.8","0","167.8",",0","13",",0","7",",0","0",",0","0",",0","0",",0","0",",0","0",",0","0",",0","31",",0","26",",0","","","19830701",",,0","19830731","+,,0","19830731","+,,0","","","19830730",",,0","19830704",",,0","6.1",",0,01,","0",",,0,31,+","0",",,0,31,+","12.2",",,0,30,","37.2",",0,04,","0.0","0","0.0",",0","49.4",",,,0","0",",,,0","23.75",",0","33.02",",,,0","14.47",",,,0"
"USC00293577","1983-08","33.3216","-108.8794","1440.2","GLENWOOD, NM US","372.1","0","149.3",",0","16",",0","8",",0","1",",0","0",",0","0",",0","0",",0","0",",0","0",",0","31",",0","3",",0","","","19830821",",,0","19830831","+,,0","19830831","+,,0","","","19830817",",,0","19830831",",,0","10.6",",0,21,","0",",,0,31,+","0",",,0,31,+","37.3",",,0,17,","33.9",",0,31,","0.0","0","0.0",",0","100.4",",,,0","0",",,,0","23.15",",0","30.81",",,,0","15.49",",,,0"
"USC00293577","1983-09","33.3216","-108.8794","1440.2","GLENWOOD, NM US","492.0","0","119.9",",0","12",",0","7",",0","1",",0","0",",0","0",",0","0",",0","0",",0","0",",0","27",",0","10",",0","","","19830929","+,,0","19830930","+,,0","19830930","+,,0","","","19830930",",,0","19830904","+,,0","11.1",",0,29,+","0",",,0,30,+","0",",,0,30,+","53.1",",,0,30,","35.0",",0,04,+","7.2","0","7.2",",0","96.7",",,,0","0",",,,0","22.09",",0","30.14",",,,0","14.04",",,,0"
"USC00293577","1983-10","33.3216","-108.8794","1440.2","GLENWOOD, NM US","492.0","0","0.0",",0","10",",0","4",",0","2",",0","0",",0","0",",0","0",",0","0",",0","0",",0","24",",0","0",",0","","","19831026",",,0","19831031","+,,0","19831031","+,,0","","","19831001",",,0","19831010",",,0","2.8",",0,26,","0",",,0,31,+","0",",,0,31,+","41.1",",,0,01,","27.2",",0,10,","96.9","0","89.7",",0","85.7",",,,0","0",",,,0","15.44",",0","22.83",",,,0","8.05",",,,0"
"USC00293577","1983-11","33.3216","-108.8794","1440.2","GLENWOOD, NM US","492.0","0","0.0",",0","7",",0","4",",0","0",",0","0",",0","0",",0","0",",0","13",",0","0",",0","7",",0","0",",0","","","19831129",",,0","19831130","+,,0","19831130","+,,0","","","19831121",",,0","19831106","+,,0","-7.8",",0,29,","0",",,0,30,+","0",",,0,30,+","14.2",",,0,21,","23.3",",0,06,+","378.7","0","281.8",",0","38.3",",,,0","0",",,,0","8.94",",0","16.99",",,,0","0.89",",,,0"
"USC00293577","1983-12","33.3216","-108.8794","1440.2","GLENWOOD, NM US","492.0","0","0.0",",0","8",",0","3",",0","0",",0","0",",0","0",",0","0",",0","25",",0","0",",0","0",",0","0",",0","","","19831231",",,0","19831231","+,,0","19831231","+,,0","","","19831202",",,0","19831211",",,0","-9.4",",0,31,","0",",,0,31,+","0",",,0,31,+","14.7",",,0,02,","18.3",",0,11,","783.8","0","405.1",",0","36.9",",,,0","0",",,,0","5.27",",0","13.35",",,,0","-2.82",",,,0"
"USC00293577","1984-01","33.3216","-108.8794","1440.2","GLENWOOD, NM US","0.0","0","0.0",",0","4",",0","1",",0","0",",0","0",",0","0",",0","0",",0","24",",0","0",",0","1",",0","0",",0","","","19840121",",,0","19840131","+,,0","19840131","+,,0","","","19840106",",,0","19840129",",,0","-8.3",",0,21,","0",",,0,31,+","0",",,0,31,+","6.6",",,0,06,","21.1",",0,29,","1169.3","0","385.5",",0","10.7",",,,0","0",",,,0","5.90",",0","14.40",",,,0","-2.60",",,,0"
"USC00293577","1984-02","33.3216","-108.8794","1440.2","GLENWOOD, NM US","0.0","0","0.0",",0","1",",0","1",",0","0",",0","0",",0","0",",0","0",",0","27",",0","0",",0","0",",0","0",",0","","","19840221",",,0","19840229","+,,0","19840229","+,,0","","","19840220",",,0","19840229",",,0","-8.3",",0,21,","0",",,0,29,+","0",",,0,29,+","7.6",",,0,20,","20.6",",0,29,","1513.1","0","343.8",",0","7.6",",,,0","0",",,,0","6.48",",0","16.90",",,,0","-3.94",",,,0"
"USC00293577","1984-03","33.3216","-108.8794","1440.2","GLENWOOD, NM US","0.0","0","0.0",",0","1",",0","0",",0","0",",0","0",",0","0",",0","0",",0","17",",0","0",",0","13",",0","0",",0","","","19840307",",,0","19840331","+,,0","19840331","+,,0","","","19840327",",,0","19840321",",,0","-6.7",",0,07,","0",",,0,31,+","0",",,0,31,+","1.5",",,0,27,","23.9",",0,21,","1771.8","0","258.7",",0","1.5",",,,0","0",",,,0","9.99",",0","20.36",",,,0","-0.38",",,,0"
"USC00293577","1984-04","33.3216","-108.8794","1440.2","GLENWOOD, NM US","0.0","0","0.0","1,0","2",",0","2",",0","0",",0","0",",0","0",",0","0",",0","10",",0","0","1,0","21","1,0","0","1,0","","","19840403",",,0","19840430","+,,0","19840430","+,,0","","","19840407",",,0","19840417","+,1,0","-3.3",",0,03,","0",",,0,30,+","0",",,0,30,+","13.7",",,0,07,","27.2","1,0,17,+","1948.9","0","177.1","1,0","16.5",",,,0","0",",,,0","12.30","1,0","22.52","1,,,0","2.08",",,,0"
"USC00293577","1984-05","33.3216","-108.8794","1440.2","GLENWOOD, NM US","50.7","0","50.7","1,0","3","1,0","2","1,0","0","1,0","0",",0","0",",0","0","1,0","0","1,0","0","1,0","30","1,0","9","1,0","","","19840502",",1,0","19840531","+,,0","19840531","+,,0","","","19840515",",1,0","19840524","+,1,0","2.2","1,0,02,","0",",,0,31,+","0",",,0,31,+","13.2","1,,0,15,","34.4","1,0,24,+","1966.2","0","17.3","1,0","20.4","1,,,0","0",",,,0","19.45","1,0","30.43","1,,,0","8.46","1,,,0"
"USC00293577","1984-06","33.3216","-108.8794","1440.2","GLENWOOD, NM US","150.1","0","99.4",",0","4",",0","3",",0","0",",0","0",",0","0",",0","0",",0","0",",0","0",",0","30",",0","6",",0","","","19840610",",,0","19840630","+,,0","19840630","+,,0","","","19840625",",,0","19840623",",,0","6.1",",0,10,","0",",,0,30,+","0",",,0,30,+","24.9",",,0,25,","35.0",",0,23,","1966.5","0","0.3",",0","56.4",",,,0","0",",,,0","21.64",",0","30.62",",,,0","12.65",",,,0"
"USC00293577","1984-07","33.3216","-108.8794","1440.2","GLENWOOD, NM US","303.4","0","153.3",",0","14",",0","7",",0","1",",0","0",",0","0",",0","0",",0","0",",0","0",",0","31",",0","14",",0","","","19840707",",,0","19840731","+,,0","19840731","+,,0","","","19840717",",,0","19840704",",,0","12.2",",0,07,","0",",,0,31,+","0",",,0,31,+","34.3",",,0,17,","36.7",",0,04,","0.0","0","0.0",",0","88.4",",,,0","0",",,,0","23.28",",0","31.31",",,,0","15.25",",,,0"
"USC00293577","1984-08","33.3216","-108.8794","1440.2","GLENWOOD, NM US","435.8","0","132.4",",0","17",",0","9",",0","0",",0","0",",0","0",",0","0",",0","0",",0","0",",0","31",",0","4",",0","","","19840831",",,0","19840831","+,,0","19840831","+,,0","","","19840826",",,0","19840803","+,,0","12.8",",0,31,","0",",,0,31,+","0",",,0,31,+","14.7",",,0,26,","33.9",",0,03,+","0.0","0","0.0",",0","69.2",",,,0","0",",,,0","22.60",",0","29.95",",,,0","15.25",",,,0"
"USC00293577","1984-09","33.3216","-108.8794","1440.2","GLENWOOD, NM US","499.6","0","63.8",",0","6",",0","4",",0","0",",0","0",",0","0",",0","0",",0","0",",0","0",",0","29",",0","5",",0","","","19840905",",,0","19840930","+,,0","19840930","+,,0","","","19840926",",,0","19840909",",,0","5.6",",0,05,","0",",,0,30,+","0",",,0,30,+","12.7",",,0,26,","34.4",",0,09,","8.3","0","8.3",",0","31.2",",,,0","0",",,,0","20.18",",0","29.16",",,,0","11.20",",,,0"
"USC00293577","1984-10","33.3216","-108.8794","1440.2","GLENWOOD, NM US","500.7","0","1.1",",0","12",",0","4",",0","1",",0","0",",0","0",",0","0",",0","3",",0","0",",0","17",",0","0",",0","","","19841028","+,,0","19841031","+,,0","19841031","+,,0","","","19841003",",,0","19841001",",,0","-0.6",",0,28,+","0",",,0,31,+","0",",,0,31,+","29.0",",,0,03,","26.1",",0,01,","182.2","0","173.9",",0","62.7",",,,0","0",",,,0","12.76",",0","20.27",",,,0","5.25",",,,0"
"USC00293577","1984-11","33.3216","-108.8794","1440.2","GLENWOOD, NM US","500.7","0","0.0",",0","5",",0","4",",0","0",",0","0",",0","0",",0","0",",0","19",",0","0",",0","11",",0","0",",0","","","19841127",",,0","19841130","+,,0","19841130","+,,0","","","19841124",",,0","19841104",",,0","-7.8",",0,27,","0",",,0,30,+","0",",,0,30,+","8.6",",,0,24,","25.6",",0,04,","486.0","0","303.8",",0","27.7",",,,0","0",",,,0","8.21",",0","17.39",",,,0","-0.98",",,,0"
"USC00293577","1984-12","33.3216","-108.8794","1440.2","GLENWOOD, NM US","500.7","0","0.0",",0","12",",0","11",",0","0",",0","0",",0","0",",0","0",",0","21",",0","0",",0","0",",0","0",",0","","","19841202",",,0","19841231","+,,0","19841231","+,,0","","","19841228",",,0","19841226",",,0","-7.8",",0,02,","0",",,0,31,+","0",",,0,31,+","25.1",",,0,28,","18.9",",0,26,","878.1","0","392.1",",0","141.1",",,,0","0",",,,0","5.69",",0","12.55",",,,0","-1.17",",,,0"
"USC00293577","1985-01","33.3216","-108.8794","1440.2","GLENWOOD, NM US","0.0","0","0.0",",0","9",",0","5",",0","0",",0","","","","","0",",0","25",",0","0",",0","1",",0","0",",0","","","19850104",",,0","","","","","","","19850126",",,0","19850118",",,0","-9.4",",0,04,","","","","","10.7",",,0,26,","21.7",",0,18,","1312.6","0","434.5",",0","38.2",",,,0","","","4.32",",0","10.96",",,,0","-2.33",",,,0"
"USC00293577","1985-02","33.3216","-108.8794","1440.2","GLENWOOD, NM US","0.0","0","0.0",",0","7",",0","4",",0","0",",0","","","2",",0","0",",0","21",",0","0",",0","2",",0","0",",0","","","19850202",",,0","","","19850204",",,0","","","19850228",",,0","19850216",",,0","-11.1",",0,02,","","","102",",,0,04,","9.7",",,0,28,","22.8",",0,16,","1660.0","0","347.4",",0","36.4",",,,0","127",",,,0","5.93",",0","14.27",",,,0","-2.42",",,,0"
"USC00293577","1985-03","33.3216","-108.8794","1440.2","GLENWOOD, NM US","0.0","0","0.0",",0","6",",0","3",",0","0",",0","0",",0","0",",0","0",",0","12",",0","0",",0","7",",0","0",",0","","","19850305",",,0","19850331","+,,0","19850331","+,,0","","","19850315",",,0","19850310","+,,0","-5.0",",0,05,","0",",,0,31,+","0",",,0,31,+","21.1",",,0,15,","24.4",",0,10,+","1914.0","0","254.0",",0","44.0",",,,0","0",",,,0","10.14",",0","18.66",",,,0","1.62",",,,0"
"USC00293577","1985-04","33.3216","-108.8794","1440.2","GLENWOOD, NM US","0.0","0","0.0","1,0","8",",0","4",",0","0",",0","0",",0","0",",0","0","1,0","1","1,0","0",",0","28",",0","0",",0","","","19850404",",1,0","19850430","+,,0","19850430","+,,0","","","19850428",",,0","19850430","+,,0","0.0","1,0,04,","0",",,0,30,+","0",",,0,30,+","18.0",",,0,28,","28.3",",0,30,+","2028.4","0","114.4",",0","42.8",",,,0","0",",,,0","14.36","1,0","24.13",",,,0","4.60","1,,,0"
"USC00293577","1985-05","33.3216","-108.8794","1440.2","GLENWOOD, NM US","16.2","0","16.2",",0","2",",0","1",",0","0",",0","0",",0","0",",0","0",",0","0",",0","0",",0","31",",0","0",",0","","","19850512",",,0","19850531","+,,0","19850531","+,,0","","","19850502",",,0","19850527","+,,0","1.1",",0,12,","0",",,0,31,+","0",",,0,31,+","4.1",",,0,02,","31.1",",0,27,+","2073.0","0","44.6",",0","4.4",",,,0","0",",,,0","17.42",",0","26.98",",,,0","7.85",",,,0"
"USC00293577","1985-06","33.3216","-108.8794","1440.2","GLENWOOD, NM US","151.6","0","135.4",",0","5",",0","1",",0","0",",0","0",",0","0",",0","0",",0","0",",0","0",",0","30",",0","24",",0","","","19850602","+,,0","19850630","+,,0","19850630","+,,0","","","19850620",",,0","19850608",",,0","5.0",",0,02,+","0",",,0,30,+","0",",,0,30,+","5.1",",,0,20,","37.2",",0,08,","2078.1","0","5.1",",0","10.2",",,,0","0",",,,0","22.68",",0","32.99",",,,0","12.37",",,,0"
"USC00293577","1985-07","33.3216","-108.8794","1440.2","GLENWOOD, NM US","333.8","0","182.2",",0","12",",0","4",",0","0",",0","0",",0","0",",0","0",",0","0",",0","0",",0","31",",0","20",",0","","","19850702",",,0","19850731","+,,0","19850731","+,,0","","","19850728",",,0","19850704",",,0","10.6",",0,02,","0",",,0,31,+","0",",,0,31,+","15.2",",,0,28,","37.8",",0,04,","0.0","0","0.0",",0","55.9",",,,0","0",",,,0","24.21",",0","33.07",",,,0","15.35",",,,0"
"USC00293577","1985-08","33.3216","-108.8794","1440.2","GLENWOOD, NM US","","","","","10","5,0","9","5,0","1","5,0","0",",0","0",",0","","","","","","","","","","","","","","","19850831","+,,0","19850831","+,,0","","","19850810",",5,0","","","","","0",",,0,31,+","0",",,0,31,+","33.8","5,,0,10,","","","","","","","79.8",",a,,0","0",",,,0","","","","","",""
"USC00293577","1985-09","33.3216","-108.8794","1440.2","GLENWOOD, NM US","","","38.0",",0","5",",0","5",",0","2",",0","0",",0","0",",0","0",",0","0",",0","0",",0","29",",0","1",",0","","","19850925",",,0","19850930","+,,0","19850930","+,,0","","","19850919",",,0","19850901",",,0","5.0",",0,25,","0",",,0,30,+","0",",,0,30,+","45.5",",,0,19,","32.2",",0,01,","","","26.1",",0","107.4",",,,0","0",",,,0","18.73",",0","27.23",",,,0","10.22",",,,0"
"USC00293577","1985-10","33.3216","-108.8794","1440.2","GLENWOOD, NM US","","","0.0","1,0","6",",0","6",",0","1",",0","0",",0","0",",0","0","1,0","0","1,0","0",",0","22",",0","0",",0","","","19851023",",1,0","19851031","+,,0","19851031","+,,0","","","19851016",",,0","19851006",",,0","3.3","1,0,23,","0",",,0,31,+","0",",,0,31,+","27.9",",,0,16,","27.8",",0,06,","","","121.0",",0","76.4",",,,0","0",",,,0","14.29","1,0","22.52",",,,0","6.07","1,,,0"
"USC00293577","1985-11","33.3216","-108.8794","1440.2","GLENWOOD, NM US","","","0.0",",0","6",",0","4",",0","0",",0","0",",0","0",",0","0",",0","21",",0","0",",0","6",",0","0",",0","","","19851119",",,0","19851130","+,,0","19851130","+,,0","","","19851130",",,0","19851104",",,0","-6.7",",0,19,","0",",,0,30,+","0",",,0,30,+","19.3",",,0,30,","23.3",",0,04,","","","302.6",",0","51.1",",,,0","0",",,,0","8.25",",0","16.66",",,,0","-0.17",",,,0"
"USC00293577","1985-12","33.3216","-108.8794","1440.2","GLENWOOD, NM US","","","0.0",",0","2",",0","1",",0","0",",0","0",",0","0",",0","0",",0","29",",0","0",",0","0",",0","0",",0","","","19851213",",,0","19851231","+,,0","19851231","+,,0","","","19851212",",,0","19851222",",,0","-12.2",",0,13,","0",",,0,31,+","0",",,0,31,+","6.9",",,0,12,","20.6",",0,22,","","","400.2",",0","7.2",",,,0","0",",,,0","5.42",",0","14.61",",,,0","-3.76",",,,0"
"USC00293577","1986-01","33.3216","-108.8794","1440.2","GLENWOOD, NM US","0.0","0","0.0",",0","0",",0","0",",0","0",",0","0",",0","0",",0","0",",0","29",",0","0",",0","5",",0","0",",0","","","19860110",",,0","19860131","+,,0","19860131","+,,0","","","19860131","+,,0","19860129",",,0","-9.4",",0,10,","0",",,0,31,+","0",",,0,31,+","0.0",",,0,31,+","23.3",",0,29,","","","355.5",",0","0.0",",,,0","0",",,,0","6.86",",0","16.94",",,,0","-3.21",",,,0"
"USC00293577","1986-02","33.3216","-108.8794","1440.2","GLENWOOD, NM US","0.0","0","0.0",",0","8",",0","6",",0","0",",0","","","","","0",",0","18",",0","0",",0","8",",0","0",",0","","","19860207",",,0","","","","","","","19860209",",,0","19860226",",,0","-8.9",",0,07,","","","","","20.8",",,0,09,","26.7",",0,26,","","","297.2",",0","67.2",",,,0","","","7.72",",0","16.11",",,,0","-0.68",",,,0"
"USC00293577","1986-03","33.3216","-108.8794","1440.2","GLENWOOD, NM US","0.0","0","0.0",",0","6",",0","4",",0","0",",0","0",",0","0",",0","0",",0","8",",0","0",",0","15",",0","0",",0","","","19860316",",,0","19860331","+,,0","19860331","+,,0","","","19860311",",,0","19860328","+,,0","-3.9",",0,16,","0",",,0,31,+","0",",,0,31,+","11.4",",,0,11,","26.1",",0,28,+","","","241.0",",0","26.5",",,,0","0",",,,0","10.56",",0","19.49",",,,0","1.62",",,,0"
"USC00293577","1986-04","33.3216","-108.8794","1440.2","GLENWOOD, NM US","0.6","0","0.6",",0","2",",0","0",",0","0",",0","0",",0","0",",0","0",",0","6",",0","0",",0","26",",0","0",",0","","","19860403",",,0","19860430","+,,0","19860430","+,,0","","","19860423",",,0","19860421",",,0","-2.2",",0,03,","0",",,0,30,+","0",",,0,30,+","1.8",",,0,23,","29.4",",0,21,","","","132.4",",0","2.8",",,,0","0",",,,0","13.94",",0","24.04",",,,0","3.84",",,,0"
"USC00293577","1986-05","33.3216","-108.8794","1440.2","GLENWOOD, NM US","34.0","0","33.4",",0","5",",0","2",",0","0",",0","0",",0","0",",0","0",",0","0",",0","0",",0","30",",0","4",",0","","","19860508",",,0","19860531","+,,0","19860531","+,,0","","","19860502",",,0","19860526",",,0","0.6",",0,08,","0",",,0,31,+","0",",,0,31,+","13.2",",,0,02,","35.0",",0,26,","","","43.8",",0","22.1",",,,0","0",",,,0","18.00",",0","28.25",",,,0","7.75",",,,0"
"USC00293577","1986-06","33.3216","-108.8794","1440.2","GLENWOOD, NM US","183.9","0","149.9",",0","3",",0","2",",0","0",",0","0",",0","0",",0","0",",0","0",",0","0",",0","30",",0","21",",0","","","19860602",",,0","19860630","+,,0","19860630","+,,0","","","19860624",",,0","19860622",",,0","7.8",",0,02,","0",",,0,30,+","0",",,0,30,+","4.1",",,0,24,","37.8",",0,22,","","","1.1",",0","9.2",",,,0","0",",,,0","23.29",",0","32.72",",,,0","13.87",",,,0"
"USC00293577","1986-07","33.3216","-108.8794","1440.2","GLENWOOD, NM US","352.9","0","169.0",",0","12",",0","10",",0","1",",0","0",",0","0",",0","0",",0","0",",0","0",",0","31",",0","14",",0","","","19860723",",,0","19860731","+,,0","19860731","+,,0","","","19860715",",,0","19860731",",,0","12.2",",0,23,","0",",,0,31,+","0",",,0,31,+","34.3",",,0,15,","38.9",",0,31,","0.0","0","0.0",",0","111.0",",,,0","0",",,,0","23.79",",0","31.61",",,,0","15.96",",,,0"
"USC00293577","1986-08","33.3216","-108.8794","1440.2","GLENWOOD, NM US","541.1","0","188.2",",0","12",",0","9",",0","0",",0","0",",0","0",",0","0",",0","0",",0","0",",0","31",",0","19",",0","","","19860831",",,0","19860831","+,,0","19860831","+,,0","","","19860814",",,0","19860821","+,,0","12.2",",0,31,","0",",,0,31,+","0",",,0,31,+","15.5",",,0,14,","36.7",",0,21,+","0.0","0","0.0",",0","72.1",",,,0","0",",,,0","24.40",",0","32.54",",,,0","16.27",",,,0"
"USC00293577","1986-09","33.3216","-108.8794","1440.2","GLENWOOD, NM US","588.6","0","47.5",",0","1",",0","1",",0","0",",0","0",",0","0",",0","0",",0","0",",0","0",",0","28",",0","2",",0","","","19860927","+,,0","19860930","+,,0","19860930","+,,0","","","19860924",",,0","19860906",",,0","3.3",",0,27,+","0",",,0,30,+","0",",,0,30,+","20.3",",,0,24,","33.9",",0,06,","28.3","0","28.3",",0","20.3",",,,0","0",",,,0","18.97",",0","28.24",",,,0","9.70",",,,0"
"USC00293577","1986-10","33.3216","-108.8794","1440.2","GLENWOOD, NM US","588.6","0","0.0",",0","5",",0","4",",0","0",",0","0",",0","0",",0","0",",0","1",",0","0",",0","20",",0","0",",0","","","19861031",",,0","19861031","+,,0","19861031","+,,0","","","19861006",",,0","19861001",",,0","-0.6",",0,31,","0",",,0,31,+","0",",,0,31,+","21.6",",,0,06,","27.8",",0,01,","178.9","0","150.6",",0","63.0",",,,0","0",",,,0","13.47",",0","22.18",",,,0","4.77",",,,0"
"USC00293577","1986-11","33.3216","-108.8794","1440.2","GLENWOOD, NM US","588.6","0","0.0","1,0","5",",0","3",",0","1",",0","0",",0","0",",0","0","1,0","12","1,0","0","1,0","0","1,0","0","1,0","","","19861130","+,1,0","19861130","+,,0","19861130","+,,0","","","19861118",",,0","19861117",",1,0","-5.0","1,0,30,+","0",",,0,30,+","0",",,0,30,+","31.2",",,0,18,","20.6","1,0,17,","459.3","0","280.4","1,0","68.3",",,,0","0",",,,0","8.67","1,0","15.96","1,,,0","1.38","1,,,0"
"USC00293577","1986-12","33.3216","-108.8794","1440.2","GLENWOOD, NM US","588.6","0","0.0",",0","7",",0","6",",0","0",",0","0",",0","0",",0","0",",0","22",",0","0",",0","0",",0","0",",0","","","19861211",",,0","19861231","+,,0","19861231","+,,0","","","19861206",",,0","19861203",",,0","-7.2",",0,11,","0",",,0,31,+","0",",,0,31,+","11.9",",,0,06,","17.8",",0,03,","877.0","0","417.7",",0","41.6",",,,0","0",",,,0","4.86",",0","11.51",",,,0","-1.79",",,,0"
"USC00293577","1987-01","33.3216","-108.8794","1440.2","GLENWOOD, NM US","0.0","0","0.0",",0","3",",0","3",",0","0",",0","0",",0","0",",0","0",",0","29",",0","1",",0","0",",0","0",",0","","","19870118",",,0","19870131","+,,0","19870131","+,,0","","","19870105",",,0","19870130",",,0","-11.1",",0,18,","0",",,0,31,+","0",",,0,31,+","5.3",",,0,05,","20.0",",0,30,","1323.9","0","446.9",",0","13.7",",,,0","0",",,,0","3.92",",0","12.78",",,,0","-4.94",",,,0"
"USC00293577","1987-02","33.3216","-108.8794","1440.2","GLENWOOD, NM US","0.0","0","0.0","2,0","4",",0","2",",0","0",",0","0",",0","0",",0","0","2,0","20","2,0","0","2,0","0","2,0","0","2,0","","","19870207",",2,0","19870228","+,,0","19870228","+,,0","","","19870226",",,0","19870202",",2,0","-7.2","2,0,07,","0",",,0,28,+","0",",,0,28,+","14.7",",,0,26,","20.6","2,0,02,","1648.4","0","324.5","2,0","29.9",",,,0","0",",,,0","5.85","2,0","14.05","2,,,0","-2.35","2,,,0"
"USC00293577","1987-03","33.3216","-108.8794","1440.2","GLENWOOD, NM US","0.0","0","0.0",",0","2",",0","2",",0","0",",0","0",",0","0",",0","0",",0","20",",0","0",",0","4",",0","0",",0","","","19870330",",,0","19870331","+,,0","19870331","+,,0","","","19870310",",,0","19870313",",,0","-7.8",",0,30,","0",",,0,31,+","0",",,0,31,+","7.6",",,0,10,","22.2",",0,13,","1981.9","0","333.5",",0","14.5",",,,0","0",",,,0","7.57",",0","16.13",",,,0","-0.98",",,,0"
"USC00293577","1987-04","33.3216","-108.8794","1440.2","GLENWOOD, NM US","2.2","0","2.2",",0","2",",0","1",",0","0",",0","0",",0","0",",0","0",",0","4",",0","0",",0","23",",0","0",",0","","","19870403",",,0","19870430","+,,0","19870430","+,,0","","","19870404",",,0","19870416",",,0","-1.7",",0,03,","0",",,0,30,+","0",",,0,30,+","6.6",",,0,04,","30.6",",0,16,","2104.2","0","122.3",",0","8.6",",,,0","0",",,,0","14.33",",0","23.69",",,,0","4.98",",,,0"
"USC00293577","1987-05","33.3216","-108.8794","1440.2","GLENWOOD, NM US","6.7","0","4.5",",0","4",",0","3",",0","0",",0","0",",0","0",",0","0",",0","0",",0","0",",0","31",",0","0",",0","","","19870527",",,0","19870531","+,,0","19870531","+,,0","","","19870521",",,0","19870531",",,0","2.2",",0,27,","0",",,0,31,+","0",",,0,31,+","13.2",",,0,21,","30.6",",0,31,","2160.1","0","55.9",",0","24.5",",,,0","0",",,,0","16.68",",0","26.04",",,,0","7.32",",,,0"
"USC00293577","1987-06","33.3216","-108.8794","1440.2","GLENWOOD, NM US","157.2","0","150.5",",0","4",",0","2",",0","0",",0","0",",0","0",",0","0",",0","0",",0","0",",0","30",",0","21",",0","","","19870620","+,,0","19870630","+,,0","19870630","+,,0","","","19870610",",,0","19870624",",,0","10.0",",0,20,+","0",",,0,30,+","0",",,0,30,+","7.1",",,0,10,","37.8",",0,24,","2160.1","0","0.0",",0","11.2",",,,0","0",",,,0","23.35",",0","33.35",",,,0","13.35",",,,0"
"USC00293577","1987-07","33.3216","-108.8794","1440.2","GLENWOOD, NM US","333.8","0","176.6",",0","8",",0","6",",0","1",",0","0","1,0","0","1,0","0",",0","0",",0","0",",0","31",",0","23",",0","","","19870706",",,0","19870731","+,1,0","19870731","+,1,0","","","19870728",",,0","19870713",",,0","9.4",",0,06,","0","1,,0,31,+","0","1,,0,31,+","76.2",",,0,28,","37.2",",0,13,","0.0","0","0.0",",0","134.3",",,,0","0","1,,,0","24.03",",0","33.37",",,,0","14.69",",,,0"
"USC00293577","1987-08","33.3216","-108.8794","1440.2","GLENWOOD, NM US","470.1","0","136.3",",0","11",",0","9",",0","1",",0","0",",0","0",",0","0",",0","0",",0","0",",0","31",",0","10",",0","","","19870831","+,,0","19870831","+,,0","19870831","+,,0","","","19870801",",,0","19870818",",,0","11.1",",0,31,+","0",",,0,31,+","0",",,0,31,+","45.7",",,0,01,","35.0",",0,18,","0.0","0","0.0",",0","113.3",",,,0","0",",,,0","22.73",",0","30.63",",,,0","14.83",",,,0"
"USC00293577","1987-09","33.3216","-108.8794","1440.2","GLENWOOD, NM US","506.8","0","36.7",",0","6",",0","4",",0","0",",0","0",",0","0",",0","0",",0","0",",0","0",",0","30",",0","2",",0","","","19870920","+,,0","19870930","+,,0","19870930","+,,0","","","19870918",",,0","19870911","+,,0","7.2",",0,20,+","0",",,0,30,+","0",",,0,30,+","14.2",",,0,18,","32.8",",0,11,+","4.5","0","4.5",",0","31.8",",,,0","0",",,,0","19.41",",0","28.35",",,,0","10.46",",,,0"
"USC00293577","1987-10","33.3216","-108.8794","1440.2","GLENWOOD, NM US","515.1","0","8.3",",0","3",",0","3",",0","0",",0","0",",0","0",",0","0",",0","0",",0","0",",0","28",",0","0",",0","","","19871020","+,,0","19871031","+,,0","19871031","+,,0","","","19871023",",,0","19871005",",,0","4.4",",0,20,+","0",",,0,31,+","0",",,0,31,+","14.0",",,0,23,","31.7",",0,05,","58.4","0","53.9",",0","29.0",",,,0","0",",,,0","16.86",",0","25.80",",,,0","7.92",",,,0"
"USC00293577","1987-11","33.3216","-108.8794","1440.2","GLENWOOD, NM US","515.1","0","0.0",",0","4",",0","4",",0","0",",0","0",",0","0",",0","0",",0","19",",0","0",",0","3",",0","0",",0","","","19871126",",,0","19871130","+,,0","19871130","+,,0","","","19871101",",,0","19871104",",,0","-7.2",",0,26,","0",",,0,30,+","0",",,0,30,+","23.9",",,0,01,","22.8",",0,04,","372.5","0","314.1",",0","50.6",",,,0","0",",,,0","7.86",",0","16.60",",,,0","-0.87",",,,0"
"USC00293577","1987-12","33.3216","-108.8794","1440.2","GLENWOOD, NM US","515.1","0","0.0","1,0","5",",0","5",",0","0",",0","3",",0","1",",0","0","1,0","26","1,0","0","1,0","3","1,0","0","1,0","","","19871227",",1,0","19871225",",,0","19871225",",,0","","","19871218",",,0","19871211",",1,0","-14.4","1,0,27,","102",",,0,25,","102",",,0,25,","16.3",",,0,18,","22.2","1,0,11,","819.0","0","446.5","1,0","50.0",",,,0","102",",,,0","3.45","1,0","11.23","1,,,0","-4.33","1,,,0"
"USC00293577","1988-01","33.3216","-108.8794","1440.2","GLENWOOD, NM US","0.0","0","0.0",",0","2",",0","2",",0","0",",0","0",",0","0",",0","0",",0","29",",0","0",",0","0",",0","0",",0","","","19880121",",,0","19880131","+,,0","19880131","+,,0","","","19880118",",,0","19880129",",,0","-8.9",",0,21,","0",",,0,31,+","0",",,0,31,+","15.0",",,0,18,","18.9",",0,29,","1248.1","0","429.1",",0","17.8",",,,0","0",",,,0","4.49",",0","12.60",",,,0","-3.62",",,,0"
"USC00293577","1988-02","33.3216","-108.8794","1440.2","GLENWOOD, NM US","0.0","0","0.0",",0","3",",0","2",",0","0",",0","0",",0","0",",0","0",",0","19",",0","0",",0","6",",0","0",",0","","","19880218","+,,0","19880229","+,,0","19880229","+,,0","","","19880203",",,0","19880224",",,0","-5.6",",0,18,+","0",",,0,29,+","0",",,0,29,+","13.2",",,0,03,","25.0",",0,24,","1544.3","0","296.2",",0","26.2",",,,0","0",",,,0","8.12",",0","16.96",",,,0","-0.72",",,,0"
"USC00293577","1988-03","33.3216","-108.8794","1440.2","GLENWOOD, NM US","0.0","0","0.0",",0","0",",0","0",",0","0",",0","0",",0","0",",0","0",",0","19",",0","0",",0","12",",0","0",",0","","","19880312",",,0","19880331","+,,0","19880331","+,,0","","","19880331","+,,0","19880326",",,0","-8.3",",0,12,","0",",,0,31,+","0",",,0,31,+","0.0",",,0,31,+","28.3",",0,26,","1826.8","0","282.5",",0","0.0",",,,0","0",",,,0","9.22",",0","19.51",",,,0","-1.07",",,,0"
"USC00293577","1988-04","33.3216","-108.8794","1440.2","GLENWOOD, NM US","0.0","0","0.0",",0","6",",0","5",",0","0",",0","0",",0","0",",0","0",",0","7",",0","0",",0","20",",0","0",",0","","","19880401",",,0","19880430","+,,0","19880430","+,,0","","","19880416",",,0","19880412",",,0","-2.8",",0,01,","0",",,0,30,+","0",",,0,30,+","20.6",",,0,16,","28.3",",0,12,","1999.9","0","173.1",",0","64.0",",,,0","0",",,,0","12.56",",0","21.92",",,,0","3.20",",,,0"
"USC00293577","1988-05","33.3216","-108.8794","1440.2","GLENWOOD, NM US","39.5","0","39.5",",0","2",",0","0",",0","0",",0","0",",0","0",",0","0",",0","2",",0","0",",0","28",",0","6",",0","","","19880507",",,0","19880531","+,,0","19880531","+,,0","","","19880519",",,0","19880516",",,0","-1.7",",0,07,","0",",,0,31,+","0",",,0,31,+","1.3",",,0,19,","33.9",",0,16,","2065.1","0","65.2",",0","2.3",",,,0","0",",,,0","17.50",",0","27.73",",,,0","7.28",",,,0"
"USC00293577","1988-06","33.3216","-108.8794","1440.2","GLENWOOD, NM US","174.0","0","134.5",",0","4",",0","2",",0","0",",0","0",",0","0",",0","0",",0","0",",0","0",",0","30",",0","21",",0","","","19880607",",,0","19880630","+,,0","19880630","+,,0","","","19880624",",,0","19880622",",,0","6.7",",0,07,","0",",,0,30,+","0",",,0,30,+","6.1",",,0,24,","37.2",",0,22,","2065.4","0","0.3",",0","13.8",",,,0","0",",,,0","22.81",",0","32.71",",,,0","12.90",",,,0"
"USC00293577","1988-07","33.3216","-108.8794","1440.2","GLENWOOD, NM US","360.2","0","186.2",",0","8",",0","6",",0","0",",0","0",",0","0",",0","0",",0","0",",0","0",",0","31",",0","21",",0","","","19880702",",,0","19880731","+,,0","19880731","+,,0","","","19880707",",,0","19880724",",,0","11.1",",0,02,","0",",,0,31,+","0",",,0,31,+","20.3",",,0,07,","37.2",",0,24,","0.0","0","0.0",",0","58.7",",,,0","0",",,,0","24.34",",0","33.08",",,,0","15.60",",,,0"
"USC00293577","1988-08","33.3216","-108.8794","1440.2","GLENWOOD, NM US","503.1","0","142.9",",0","23",",0","16",",0","0",",0","0",",0","0",",0","0",",0","0",",0","0",",0","31",",0","5",",0","","","19880811",",,0","19880831","+,,0","19880831","+,,0","","","19880815",",,0","19880813",",,0","13.9",",0,11,","0",",,0,31,+","0",",,0,31,+","22.4",",,0,15,","33.9",",0,13,","0.0","0","0.0",",0","149.9",",,,0","0",",,,0","22.94",",0","29.65",",,,0","16.24",",,,0"
"USC00293577","1988-09","33.3216","-108.8794","1440.2","GLENWOOD, NM US","537.3","0","34.2",",0","5",",0","4",",0","1",",0","0",",0","0",",0","0",",0","0",",0","0",",0","30",",0","3",",0","","","19880930","+,,0","19880930","+,,0","19880930","+,,0","","","19880912",",,0","19880909",",,0","4.4",",0,30,+","0",",,0,30,+","0",",,0,30,+","26.9",",,0,12,","33.3",",0,09,","17.9","0","17.9",",0","57.6",",,,0","0",",,,0","18.88",",0","27.77",",,,0","9.99",",,,0"
"USC00293577","1988-10","33.3216","-108.8794","1440.2","GLENWOOD, NM US","540.9","0","3.6",",0","5",",0","5",",0","0",",0","0",",0","0",",0","0",",0","0",",0","0",",0","26",",0","0",",0","","","19881028","+,,0","19881031","+,,0","19881031","+,,0","","","19881014",",,0","19881001",",,0","4.4",",0,28,+","0",",,0,31,+","0",",,0,31,+","15.7",",,0,14,","30.0",",0,01,","81.4","0","63.5",",0","43.6",",,,0","0",",,,0","16.40",",0","25.22",",,,0","7.58",",,,0"
"USC00293577","1988-11","33.3216","-108.8794","1440.2","GLENWOOD, NM US","540.9","0","0.0",",0","3",",0","2",",0","0",",0","0",",0","0",",0","0",",0","19",",0","0",",0","12",",0","0",",0","","","19881120",",,0","19881130","+,,0","19881130","+,,0","","","19881125",",,0","19881104",",,0","-10.0",",0,20,","0",",,0,30,+","0",",,0,30,+","12.2",",,0,25,","27.2",",0,04,","382.2","0","300.8",",0","16.5",",,,0","0",",,,0","8.31",",0","18.15",",,,0","-1.54",",,,0"
"USC00293577","1988-12","33.3216","-108.8794","1440.2","GLENWOOD, NM US","540.9","0","0.0",",0","","","","","","","","","","","0",",0","30",",0","0",",0","0",",0","0",",0","","","19881228",",,0","","","","","","","","","19881206",",,0","-11.7",",0,28,","","","","","","","18.9",",0,06,","825.8","0","443.6",",0","","","","","4.02",",0","12.47",",,,0","-4.43",",,,0"
"USC00293577","1989-01","33.3216","-108.8794","1440.2","GLENWOOD, NM US","0.0","0","0.0",",0","3",",0","3",",0","0",",0","0",",0","0",",0","0",",0","28",",0","0",",0","0",",0","0",",0","","","19890115","+,,0","19890131","+,,0","19890131","+,,0","","","19890104",",,0","19890119",",,0","-10.0",",0,15,+","0",",,0,31,+","0",",,0,31,+","25.1",",,0,04,","17.8",",0,19,","1272.1","0","446.3",",0","35.8",",,,0","0",",,,0","3.94",",0","12.08",",,,0","-4.20",",,,0"
"USC00293577","1989-02","33.3216","-108.8794","1440.2","GLENWOOD, NM US","0.0","0","0.0",",0","0",",0","0",",0","0",",0","0",",0","0",",0","0",",0","19",",0","0",",0","5",",0","0",",0","","","19890214",",,0","19890228","+,,0","19890228","+,,0","","","19890228","+,,0","19890226","+,,0","-7.2",",0,14,","0",",,0,28,+","0",",,0,28,+","0.0",",,0,28,+","25.6",",0,26,+","1568.1","0","296.0",",0","0.0",",,,0","0",",,,0","7.76",",0","16.71",",,,0","-1.19",",,,0"
"USC00293577","1989-03","33.3216","-108.8794","1440.2","GLENWOOD, NM US","0.0","0","0.0",",0","2",",0","2",",0","0",",0","0",",0","0",",0","0",",0","14",",0","0",",0","22",",0","0",",0","","","19890306",",,0","19890331","+,,0","19890331","+,,0","","","19890327","+,,0","19890311",",,0","-5.6",",0,06,","0",",,0,31,+","0",",,0,31,+","5.6",",,0,27,+","30.0",",0,11,","1783.4","0","215.3",",0","11.2",",,,0","0",",,,0","11.39",",0","22.18",",,,0","0.59",",,,0"
"USC00293577","1989-04","33.3216","-108.8794","1440.2","GLENWOOD, NM US","17.0","0","17.0",",0","0",",0","0",",0","0",",0","0",",0","0",",0","0",",0","2",",0","0",",0","29",",0","4",",0","","","19890428",",,0","19890430","+,,0","19890430","+,,0","","","19890430","+,,0","19890421",",,0","-1.7",",0,28,","0",",,0,30,+","0",",,0,30,+","0.0",",,0,30,+","33.9",",0,21,","1865.8","0","82.4",",0","0.0",",,,0","0",",,,0","16.15",",0","27.46",",,,0","4.84",",,,0"
"USC00293577","1989-05","33.3216","-108.8794","1440.2","GLENWOOD, NM US","68.6","0","51.6",",0","2",",0","2",",0","0",",0","0",",0","0",",0","0",",0","0",",0","0",",0","30",",0","14",",0","","","19890512",",,0","19890531","+,,0","19890531","+,,0","","","19890516",",,0","19890507",",,0","0.6",",0,12,","0",",,0,31,+","0",",,0,31,+","10.2",",,0,16,","35.6",",0,07,","1903.0","0","37.2",",0","18.6",",,,0","0",",,,0","18.80",",0","29.89",",,,0","7.71",",,,0"
"USC00293577","1989-06","33.3216","-108.8794","1440.2","GLENWOOD, NM US","212.0","0","143.4",",0","0",",0","0",",0","0",",0","0",",0","0",",0","0",",0","0",",0","0",",0","30",",0","22",",0","","","19890610",",,0","19890630","+,,0","19890630","+,,0","","","19890630","+,,0","19890619",",,0","5.6",",0,10,","0",",,0,30,+","0",",,0,30,+","0.0",",,0,30,+","40.6",",0,19,","1904.1","0","1.1",",0","0.0",",,,0","0",",,,0","23.08",",0","34.19",",,,0","11.96",",,,0"
"USC00293577","1989-07","33.3216","-108.8794","1440.2","GLENWOOD, NM US","423.3","0","211.3",",0","11",",0","8",",0","0",",0","0",",0","0",",0","0",",0","0",",0","0",",0","31",",0","22",",0","","","19890707",",,0","19890731","+,,0","19890731","+,,0","","","19890709",",,0","19890703",",,0","11.1",",0,07,","0",",,0,31,+","0",",,0,31,+","24.1",",,0,09,","40.6",",0,03,","0.0","0","0.0",",0","70.6",",,,0","0",",,,0","25.15",",0","34.19",",,,0","16.10",",,,0"
"USC00293577","1989-08","33.3216","-108.8794","1440.2","GLENWOOD, NM US","584.3","0","161.0",",0","8",",0","5",",0","0",",0","0",",0","0",",0","0",",0","0",",0","0",",0","31",",0","17",",0","","","19890825",",,0","19890831","+,,0","19890831","+,,0","","","19890817",",,0","19890813",",,0","10.0",",0,25,","0",",,0,31,+","0",",,0,31,+","19.8",",,0,17,","37.8",",0,13,","0.0","0","0.0",",0","41.8",",,,0","0",",,,0","23.53",",0","32.56",",,,0","14.49",",,,0"
"USC00293577","1989-09","33.3216","-108.8794","1440.2","GLENWOOD, NM US","649.2","0","64.9",",0","2",",0","1",",0","1",",0","0",",0","0",",0","0",",0","0",",0","0",",0","30",",0","4",",0","","","19890930",",,0","19890930","+,,0","19890930","+,,0","","","19890903",",,0","19890901",",,0","6.1",",0,30,","0",",,0,30,+","0",",,0,30,+","33.3",",,0,03,","33.3",",0,01,","0.6","0","0.6",",0","34.1",",,,0","0",",,,0","20.48",",0","30.32",",,,0","10.63",",,,0"
"USC00293577","1989-10","33.3216","-108.8794","1440.2","GLENWOOD, NM US","651.7","0","2.5",",0","3",",0","3",",0","1",",0","0",",0","0",",0","0",",0","4",",0","0",",0","21",",0","0",",0","","","19891029",",,0","19891031","+,,0","19891031","+,,0","","","19891005",",,0","19891012","+,,0","-4.4",",0,29,","0",",,0,31,+","0",",,0,31,+","32.5",",,0,05,","30.0",",0,12,+","139.0","0","138.4",",0","54.0",",,,0","0",",,,0","13.95",",0","23.04",",,,0","4.86",",,,0"
"USC00293577","1989-11","33.3216","-108.8794","1440.2","GLENWOOD, NM US","651.7","0","0.0","1,0","2",",0","1",",0","0",",0","0",",0","0",",0","0","1,0","21","1,0","0",",0","13",",0","0",",0","","","19891102",",1,0","19891130","+,,0","19891130","+,,0","","","19891130",",,0","19891111",",,0","-4.4","1,0,02,","0",",,0,30,+","0",",,0,30,+","3.6",",,0,30,","25.0",",0,11,","406.3","0","267.3",",0","3.9",",,,0","0",",,,0","9.10","1,0","19.24",",,,0","-1.03","1,,,0"
"USC00293577","1989-12","33.3216","-108.8794","1440.2","GLENWOOD, NM US","651.7","0","0.0",",0","3",",0","2",",0","0",",0","0",",0","0",",0","0",",0","27",",0","0",",0","1",",0","0",",0","","","19891213",",,0","19891231","+,,0","19891231","+,,0","","","19891229",",,0","19891205",",,0","-13.3",",0,13,","0",",,0,31,+","0",",,0,31,+","13.0",",,0,29,","22.2",",0,05,","849.7","0","443.4",",0","16.8",",,,0","0",",,,0","4.03",",0","13.86",",,,0","-5.80",",,,0"
"USC00293577","1990-01","33.3216","-108.8794","1440.2","GLENWOOD, NM US","0.0","0","0.0",",0","5",",0","3",",0","0",",0","0",",0","0",",0","0",",0","30",",0","0",",0","1",",0","0",",0","","","19900107",",,0","19900131","+,,0","19900131","+,,0","","","19900103",",,0","19900109",",,0","-9.4",",0,07,","0",",,0,31,+","0",",,0,31,+","11.9",",,0,03,","21.1",",0,09,","1305.1","0","455.4",",0","28.7",",,,0","0",",,,0","3.64",",0","12.75",",,,0","-5.46",",,,0"
"USC00293577","1990-02","33.3216","-108.8794","1440.2","GLENWOOD, NM US","0.0","0","0.0",",0","3",",0","3",",0","0",",0","1",",0","2",",0","0",",0","21",",0","1",",0","2",",0","0",",0","","","19900217","+,,0","19900202",",,0","19900202",",,0","","","19900201",",,0","19900225",",,0","-11.1",",0,17,+","51",",,0,02,","64",",,0,02,","5.6",",,0,01,","22.8",",0,25,","1670.3","0","365.2",",0","13.7",",,,0","89",",,,0","5.29",",0","13.75",",,,0","-3.17",",,,0"
"USC00293577","1990-03","33.3216","-108.8794","1440.2","GLENWOOD, NM US","0.0","0","0.0",",0","3",",0","2",",0","0",",0","0",",0","0",",0","0",",0","12",",0","0",",0","9",",0","0",",0","","","19900316","+,,0","19900331","+,,0","19900331","+,,0","","","19900310",",,0","19900324","+,,0","-4.4",",0,16,+","0",",,0,31,+","0",",,0,31,+","11.4",",,0,10,","26.1",",0,24,+","1935.1","0","264.8",",0","18.8",",,,0","0",",,,0","9.79",",0","18.17",",,,0","1.41",",,,0"
"USC00293577","1990-04","33.3216","-108.8794","1440.2","GLENWOOD, NM US","0.0","0","0.0",",0","4",",0","3",",0","0",",0","0",",0","0",",0","0",",0","1",",0","0",",0","25",",0","0",",0","","","19900402",",,0","19900430","+,,0","19900430","+,,0","","","19900408",",,0","19900414","+,,0","-0.6",",0,02,","0",",,0,30,+","0",",,0,30,+","6.1",",,0,08,","29.4",",0,14,+","2052.9","0","117.8",",0","15.0",",,,0","0",",,,0","14.41",",0","23.93",",,,0","4.88",",,,0"
"USC00293577","1990-05","33.3216","-108.8794","1440.2","GLENWOOD, NM US","17.0","0","17.0",",0","4",",0","2",",0","0",",0","0",",0","0",",0","0",",0","0",",0","0",",0","27",",0","3",",0","","","19900513",",,0","19900531","+,,0","19900531","+,,0","","","19900502",",,0","19900523",",,0","0.6",",0,13,","0",",,0,31,+","0",",,0,31,+","17.3",",,0,02,","33.3",",0,23,","2132.3","0","79.4",",0","21.4",",,,0","0",",,,0","16.32",",0","26.83",",,,0","5.81",",,,0"
"USC00293577","1990-06","33.3216","-108.8794","1440.2","GLENWOOD, NM US","213.8","0","196.8",",0","2",",0","2",",0","0",",0","0",",0","0",",0","0",",0","0",",0","0",",0","30",",0","25",",0","","","19900601",",,0","19900630","+,,0","19900630","+,,0","","","19900627",",,0","19900626","+,,0","5.0",",0,01,","0",",,0,30,+","0",",,0,30,+","6.9",",,0,27,","41.1",",0,26,+","2133.7","0","1.4",",0","11.5",",,,0","0",",,,0","24.85",",0","35.99",",,,0","13.71",",,,0"
"USC00293577","1990-07","33.3216","-108.8794","1440.2","GLENWOOD, NM US","379.2","0","165.4",",0","13",",0","8",",0","1",",0","0",",0","0",",0","0",",0","0",",0","0",",0","31",",0","14",",0","","","19900729",",,0","19900731","+,,0","19900731","+,,0","","","19900706",",,0","19900701",",,0","12.2",",0,29,","0",",,0,31,+","0",",,0,31,+","25.9",",,0,06,","36.7",",0,01,","0.0","0","0.0",",0","68.9",",,,0","0",",,,0","23.67",",0","31.65",",,,0","15.69",",,,0"
"USC00293577","1990-08","33.3216","-108.8794","1440.2","GLENWOOD, NM US","488.0","0","108.8","1,0","10",",0","7",",0","0",",0","0",",0","0",",0","0",",0","0",",0","0","1,0","30","1,0","10","1,0","","","19900825",",,0","19900831","+,,0","19900831","+,,0","","","19900807",",,0","19900829",",1,0","7.2",",0,25,","0",",,0,31,+","0",",,0,31,+","16.0",",,0,07,","35.0","1,0,29,","0.0","0","0.0","1,0","64.8",",,,0","0",",,,0","21.97","1,0","30.45","1,,,0","13.50",",,,0"
"USC00293577","1990-09","33.3216","-108.8794","1440.2","GLENWOOD, NM US","580.0","0","92.0",",0","8",",0","5",",0","0",",0","0",",0","0",",0","0",",0","0",",0","0",",0","27",",0","7",",0","","","19900927",",,0","19900930","+,,0","19900930","+,,0","","","19900922",",,0","19900912","+,,0","8.9",",0,27,","0",",,0,30,+","0",",,0,30,+","15.5",",,0,22,","35.6",",0,12,+","6.9","0","6.9",",0","45.5",",,,0","0",",,,0","21.17",",0","28.83",",,,0","13.51",",,,0"
"USC00293577","1990-10","33.3216","-108.8794","1440.2","GLENWOOD, NM US","580.0","0","0.0","1,0","2",",0","1",",0","0",",0","0",",0","0",",0","0","1,0","3","1,0","0","1,0","26","1,0","0","1,0","","","19901023","+,1,0","19901031","+,,0","19901031","+,,0","","","19901001",",,0","19901026",",1,0","-0.6","1,0,23,+","0",",,0,31,+","0",",,0,31,+","12.4",",,0,01,","28.3","1,0,26,","117.1","0","110.2","1,0","12.9",",,,0","0",",,,0","14.66","1,0","24.58","1,,,0","4.74","1,,,0"
"USC00293577","1990-11","33.3216","-108.8794","1440.2","GLENWOOD, NM US","","","","","","","","","","","0",",0","0",",0","","","","","","","","","","","","","","","19901130","+,,0","19901130","+,,0","","","","","","","","","0",",,0,30,+","0",",,0,30,+","","","","","","","","","","","0",",,,0","","","","","",""
"USC00293577","1990-12","33.3216","-108.8794","1440.2","GLENWOOD, NM US","","","0.0","1,0","8",",0","7",",0","0",",0","0",",0","0",",0","2",",0","24",",0","3","1,0","0","1,0","0","1,0","","","19901223",",,0","19901231","+,,0","19901231","+,,0","","","19901213",",,0","19901211",",1,0","-19.4",",0,23,","0",",,0,31,+","0",",,0,31,+","21.6",",,0,13,","18.9","1,0,11,","","","473.4","1,0","86.1",",,,0","0",",,,0","2.56","1,0","9.68","1,,,0","-4.57",",,,0"
"USC00293577","1991-01","33.3216","-108.8794","1440.2","GLENWOOD, NM US","0.0","0","0.0",",0","2",",0","2",",0","0",",0","0",",0","0",",0","0",",0","27",",0","0",",0","0",",0","0",",0","","","19910125",",,0","19910131","+,,0","19910131","+,,0","","","19910104",",,0","19910113",",,0","-9.4",",0,25,","0",",,0,31,+","0",",,0,31,+","7.6",",,0,04,","16.7",",0,13,","","","433.4",",0","12.9",",,,0","0",",,,0","4.35",",0","11.88",",,,0","-3.17",",,,0"
"USC00293577","1991-02","33.3216","-108.8794","1440.2","GLENWOOD, NM US","0.0","0","0.0",",0","4",",0","4",",0","1",",0","0",",0","0",",0","0",",0","17",",0","0",",0","3",",0","0",",0","","","19910221","+,,0","19910228","+,,0","19910228","+,,0","","","19910228",",,0","19910221",",,0","-5.6",",0,21,+","0",",,0,28,+","0",",,0,28,+","29.2",",,0,28,","22.2",",0,21,","","","288.9",",0","64.5",",,,0","0",",,,0","8.02",",0","16.83",",,,0","-0.79",",,,0"
"USC00293577","1991-03","33.3216","-108.8794","1440.2","GLENWOOD, NM US","0.0","0","0.0",",0","8",",0","8",",0","0",",0","0",",0","0",",0","0",",0","26",",0","0",",0","3",",0","0",",0","","","19910315",",,0","19910331","+,,0","19910331","+,,0","","","19910301",",,0","19910310",",,0","-6.7",",0,15,","0",",,0,31,+","0",",,0,31,+","20.8",",,0,01,","23.3",",0,10,","","","358.1",",0","69.3",",,,0","0",",,,0","6.78",",0","15.25",",,,0","-1.69",",,,0"
"USC00293577","1991-04","33.3216","-108.8794","1440.2","GLENWOOD, NM US","0.0","0","0.0","1,0","0",",0","0",",0","0",",0","0",",0","0",",0","0",",0","12",",0","0","1,0","24","1,0","0","1,0","","","19910413",",,0","19910430","+,,0","19910430","+,,0","","","19910430","+,,0","19910406","+,1,0","-3.3",",0,13,","0",",,0,30,+","0",",,0,30,+","0.0",",,0,30,+","27.2","1,0,06,+","","","187.9","1,0","0.0",",,,0","0",",,,0","11.88","1,0","22.57","1,,,0","1.20",",,,0"
"USC00293577","1991-05","33.3216","-108.8794","1440.2","GLENWOOD, NM US","11.8","0","11.8",",0","0",",0","0",",0","0",",0","0",",0","0",",0","0",",0","1",",0","0",",0","30",",0","0",",0","","","19910503",",,0","19910531","+,,0","19910531","+,,0","","","19910531","+,,0","19910525",",,0","-2.2",",0,03,","0",",,0,31,+","0",",,0,31,+","0.0",",,0,31,+","31.1",",0,25,","","","62.7",",0","0.0",",,,0","0",",,,0","16.69",",0","27.56",",,,0","5.82",",,,0"
"USC00293577","1991-06","33.3216","-108.8794","1440.2","GLENWOOD, NM US","98.5","0","86.7",",0","3",",0","3",",0","0",",0","0",",0","0",",0","0",",0","0",",0","0",",0","28",",0","17",",0","","","19910602","+,,0","19910630","+,,0","19910630","+,,0","","","19910611",",,0","19910627","+,,0","6.1",",0,02,+","0",",,0,30,+","0",",,0,30,+","8.4",",,0,11,","36.7",",0,27,+","","","12.2",",0","20.1",",,,0","0",",,,0","20.82",",0","31.45",",,,0","10.19",",,,0"
"USC00293577","1991-07","33.3216","-108.8794","1440.2","GLENWOOD, NM US","267.0","0","168.5",",0","10",",0","8",",0","0",",0","0",",0","0",",0","0",",0","0",",0","0",",0","31",",0","18",",0","","","19910726",",,0","19910731","+,,0","19910731","+,,0","","","19910725",",,0","19910701",",,0","12.8",",0,26,","0",",,0,31,+","0",",,0,31,+","15.5",",,0,25,","38.3",",0,01,","0.0","0","0.0",",0","84.1",",,,0","0",",,,0","23.77",",0","32.35",",,,0","15.19",",,,0"
"USC00293577","1991-08","33.3216","-108.8794","1440.2","GLENWOOD, NM US","419.5","0","152.5",",0","14",",0","9",",0","0",",0","0",",0","0",",0","0",",0","0",",0","0",",0","31",",0","6",",0","","","19910829","+,,0","19910831","+,,0","19910831","+,,0","","","19910808",",,0","19910821",",,0","13.9",",0,29,+","0",",,0,31,+","0",",,0,31,+","19.1",",,0,08,","35.0",",0,21,","0.0","0","0.0",",0","77.6",",,,0","0",",,,0","23.25",",0","31.05",",,,0","15.46",",,,0"
"USC00293577","1991-09","33.3216","-108.8794","1440.2","GLENWOOD, NM US","465.6","0","46.1",",0","6",",0","4",",0","0",",0","0",",0","0",",0","0",",0","0",",0","0",",0","30",",0","1",",0","","","19910929",",,0","19910930","+,,0","19910930","+,,0","","","19910909",",,0","19910903",",,0","5.0",",0,29,","0",",,0,30,+","0",",,0,30,+","14.0",",,0,09,","33.9",",0,03,","12.1","0","12.1",",0","33.7",",,,0","0",",,,0","19.47",",0","27.65",",,,0","11.29",",,,0"
"USC00293577","1991-10","33.3216","-108.8794","1440.2","GLENWOOD, NM US","473.7","0","8.1",",0","2",",0","1",",0","0",",0","0",",0","0",",0","0",",0","4",",0","0",",0","26",",0","0",",0","","","19911029",",,0","19911031","+,,0","19911031","+,,0","","","19911030",",,0","19911019","+,,0","-6.7",",0,29,","0",",,0,31,+","0",",,0,31,+","13.7",",,0,30,","31.1",",0,19,+","103.3","0","91.2",",0","14.7",",,,0","0",",,,0","15.65",",0","26.04",",,,0","5.27",",,,0"
"USC00293577","1991-11","33.3216","-108.8794","1440.2","GLENWOOD, NM US","473.7","0","0.0",",0","5",",0","4",",0","0",",0","0",",0","0",",0","0",",0","19",",0","0",",0","4",",0","0",",0","","","19911130",",,0","19911130","+,,0","19911130","+,,0","","","19911110",",,0","19911107",",,0","-8.9",",0,30,","0",",,0,30,+","0",",,0,30,+","15.2",",,0,10,","25.0",",0,07,","420.6","0","317.3",",0","42.1",",,,0","0",",,,0","7.76",",0","16.17",",,,0","-0.66",",,,0"
"USC00293577","1991-12","33.3216","-108.8794","1440.2","GLENWOOD, NM US","473.7","0","0.0",",0","10",",0","9",",0","1",",0","0","2,0","0","1,0","0",",0","22",",0","0",",0","0",",0","0",",0","","","19911202",",,0","19911231","+,2,0","19911231","+,1,0","","","19911211",",,0","19911209",",,0","-9.4",",0,02,","0","2,,0,31,+","0","1,,0,31,+","35.6",",,0,11,","18.3",",0,09,","837.7","0","417.1",",0","114.8",",,,0","0","1,,,0","4.88",",0","11.36",",,,0","-1.60",",,,0"
"USC00293577","1992-01","33.3216","-108.8794","1440.2","GLENWOOD, NM US","0.0","0","0.0",",0","6",",0","5",",0","0",",0","0",",0","0",",0","0",",0","27",",0","0",",0","0",",0","0",",0","","","19920116",",,0","19920131","+,,0","19920131","+,,0","","","19920106",",,0","19920125",",,0","-9.4",",0,16,","0",",,0,31,+","0",",,0,31,+","21.6",",,0,06,","18.3",",0,25,","1297.0","0","459.3",",0","46.0",",,,0","0",",,,0","3.52",",0","10.70",",,,0","-3.67",",,,0"
"USC00293577","1992-02","33.3216","-108.8794","1440.2","GLENWOOD, NM US","0.0","0","0.0",",0","6",",0","5",",0","1",",0","0",",0","0",",0","0",",0","18",",0","0",",0","1",",0","0",",0","","","19920225",",,0","19920229","+,,0","19920229","+,,0","","","19920213",",,0","19920222",",,0","-5.0",",0,25,","0",",,0,29,+","0",",,0,29,+","25.4",",,0,13,","21.1",",0,22,","1626.0","0","329.0",",0","50.3",",,,0","0",",,,0","6.99",",0","14.37",",,,0","-0.39",",,,0"
"USC00293577","1992-03","33.3216","-108.8794","1440.2","GLENWOOD, NM US","0.0","0","0.0",",0","6",",0","4",",0","0",",0","0",",0","0",",0","0",",0","14",",0","0",",0","5",",0","0",",0","","","19920321","+,,0","19920331","+,,0","19920331","+,,0","","","19920303",",,0","19920326","+,,0","-2.8",",0,21,+","0",",,0,31,+","0",",,0,31,+","23.4",",,0,03,","21.7",",0,26,+","1918.0","0","292.0",",0","56.0",",,,0","0",",,,0","8.91",",0","17.22",",,,0","0.61",",,,0"
"USC00293577","1992-04","33.3216","-108.8794","1440.2","GLENWOOD, NM US","6.4","0","6.4",",0","3",",0","3",",0","0",",0","0",",0","0",",0","0",",0","0",",0","0",",0","24",",0","0",",0","","","19920403",",,0","19920430","+,,0","19920430","+,,0","","","19920402",",,0","19920428",",,0","0.6",",0,03,","0",",,0,30,+","0",",,0,30,+","20.3",",,0,02,","31.7",",0,28,","2038.9","0","120.9",",0","31.4",",,,0","0",",,,0","14.52",",0","24.52",",,,0","4.52",",,,0"
"USC00293577","1992-05","33.3216","-108.8794","1440.2","GLENWOOD, NM US","12.2","0","5.8",",0","14",",0","10",",0","1",",0","0","2,0","0","1,0","0",",0","0",",0","0",",0","30",",0","0",",0","","","19920509",",,0","19920531","+,2,0","19920531","+,1,0","","","19920520",",,0","19920517","+,,0","5.6",",0,09,","0","2,,0,31,+","0","1,,0,31,+","68.6",",,0,20,","30.0",",0,17,+","2092.5","0","53.6",",0","166.0",",,,0","0","1,,,0","16.79",",0","24.63",",,,0","8.96",",,,0"
"USC00293577","1992-06","33.3216","-108.8794","1440.2","GLENWOOD, NM US","85.2","0","73.0",",0","1",",0","1",",0","0",",0","0",",0","0",",0","0",",0","0",",0","0",",0","30",",0","11",",0","","","19920616",",,0","19920630","+,,0","19920630","+,,0","","","19920608",",,0","19920628",",,0","5.0",",0,16,","0",",,0,30,+","0",",,0,30,+","13.0",",,0,08,","35.0",",0,28,","2101.6","0","9.1",",0","13.0",",,,0","0",",,,0","20.46",",0","30.68",",,,0","10.24",",,,0"
"USC00293577","1992-07","33.3216","-108.8794","1440.2","GLENWOOD, NM US","248.5","0","163.3",",0","8",",0","6",",0","0",",0","0",",0","0",",0","0",",0","0",",0","0",",0","31",",0","21",",0","","","19920702",",,0","19920731","+,,0","19920731","+,,0","","","19920709",",,0","19920706",",,0","6.7",",0,02,","0",",,0,31,+","0",",,0,31,+","12.2",",,0,09,","38.3",",0,06,","0.0","0","0.0",",0","51.5",",,,0","0",",,,0","23.60",",0","32.61",",,,0","14.59",",,,0"
"USC00293577","1992-08","33.3216","-108.8794","1440.2","GLENWOOD, NM US","359.5","0","111.0","2,0","4",",0","4",",0","1",",0","0",",0","0",",0","0","2,0","0","2,0","0","2,0","29","2,0","11","2,0","","","19920812",",2,0","19920831","+,,0","19920831","+,,0","","","19920824",",,0","19920821",",2,0","8.3","2,0,12,","0",",,0,31,+","0",",,0,31,+","29.5",",,0,24,","36.1","2,0,21,","0.0","0","0.0","2,0","64.0",",,,0","0",",,,0","22.16","2,0","30.74","2,,,0","13.58","2,,,0"
"USC00293577","1992-09","33.3216","-108.8794","1440.2","GLENWOOD, NM US","426.7","0","67.2",",0","2",",0","1",",0","0",",0","0",",0","0",",0","0",",0","0",",0","0",",0","30",",0","9",",0","","","19920930",",,0","19920930","+,,0","19920930","+,,0","","","19920920",",,0","19920910",",,0","5.0",",0,30,","0",",,0,30,+","0",",,0,30,+","8.9",",,0,20,","33.9",",0,10,","3.1","0","3.1",",0","10.9",",,,0","0",",,,0","20.47",",0","30.57",",,,0","10.37",",,,0"
"USC00293577","1992-10","33.3216","-108.8794","1440.2","GLENWOOD, NM US","426.7","0","0.0",",0","6",",0","5",",0","0",",0","0",",0","0",",0","0",",0","0",",0","0",",0","27",",0","0",",0","","","19921015",",,0","19921031","+,,0","19921031","+,,0","","","19921021",",,0","19921012",",,0","0.6",",0,15,","0",",,0,31,+","0",",,0,31,+","15.7",",,0,21,","30.0",",0,12,","88.2","0","85.1",",0","48.1",",,,0","0",",,,0","15.59",",0","25.61",",,,0","5.56",",,,0"
"USC00293577","1992-11","33.3216","-108.8794","1440.2","GLENWOOD, NM US","426.7","0","0.0",",0","2",",0","1",",0","0",",0","0",",0","0",",0","0",",0","24",",0","0",",0","3",",0","0",",0","","","19921127",",,0","19921130","+,,0","19921130","+,,0","","","19921123",",,0","19921116","+,,0","-11.1",",0,27,","0",",,0,30,+","0",",,0,30,+","5.1",",,0,23,","21.7",",0,16,+","461.8","0","373.6",",0","6.6",",,,0","0",",,,0","5.88",",0","14.90",",,,0","-3.15",",,,0"
"USC00293577","1992-12","33.3216","-108.8794","1440.2","GLENWOOD, NM US","426.7","0","0.0",",0","7",",0","6",",0","2",",0","0",",0","0",",0","0",",0","25",",0","0",",0","0",",0","0",",0","","","19921217",",,0","19921231","+,,0","19921231","+,,0","","","19921204",",,0","19921211",",,0","-8.9",",0,17,","0",",,0,31,+","0",",,0,31,+","43.7",",,0,04,","16.7",",0,11,","908.3","0","446.5",",0","105.7",",,,0","0",",,,0","3.93",",0","10.57",",,,0","-2.71",",,,0"
"USC00293577","1993-01","33.3216","-108.8794","1440.2","GLENWOOD, NM US","0.0","0","0.0",",0","10",",0","10",",0","3",",0","0",",0","0",",0","0",",0","17",",0","0",",0","0",",0","0",",0","","","19930126","+,,0","19930131","+,,0","19930131","+,,0","","","19930119",",,0","19930128",",,0","-6.1",",0,26,+","0",",,0,31,+","0",",,0,31,+","32.8",",,0,19,","17.2",",0,28,","1292.1","0","383.8",",0","145.3",",,,0","0",",,,0","5.95",",0","11.61",",,,0","0.29",",,,0"
"USC00293577","1993-02","33.3216","-108.8794","1440.2","GLENWOOD, NM US","0.0","0","0.0",",0","9",",0","7",",0","0",",0","0",",0","0",",0","0",",0","17",",0","0",",0","0",",0","0",",0","","","19930202",",,0","19930228","+,,0","19930228","+,,0","","","19930209",",,0","19930219","+,,0","-6.1",",0,02,","0",",,0,28,+","0",",,0,28,+","20.3",",,0,09,","16.7",",0,19,+","1641.1","0","349.0",",0","80.4",",,,0","0",",,,0","5.87",",0","12.73",",,,0","-0.99",",,,0"
"USC00293577","1993-03","33.3216","-108.8794","1440.2","GLENWOOD, NM US","0.0","0","0.0",",0","4",",0","2",",0","0",",0","0",",0","0",",0","0",",0","12",",0","0",",0","14",",0","0",",0","","","19930303",",,0","19930331","+,,0","19930331","+,,0","","","19930327",",,0","19930317",",,0","-4.4",",0,03,","0",",,0,31,+","0",",,0,31,+","5.8",",,0,27,","25.6",",0,17,","1896.9","0","255.8",",0","14.0",",,,0","0",",,,0","10.08",",0","19.26",",,,0","0.90",",,,0"
"USC00293577","1993-04","33.3216","-108.8794","1440.2","GLENWOOD, NM US","0.8","0","0.8",",0","1",",0","1",",0","0",",0","0",",0","0",",0","0",",0","6",",0","0",",0","24",",0","0",",0","","","19930409",",,0","19930430","+,,0","19930430","+,,0","","","19930407",",,0","19930422",",,0","-1.7",",0,09,","0",",,0,30,+","0",",,0,30,+","6.4",",,0,07,","29.4",",0,22,","2054.3","0","157.4",",0","6.4",",,,0","0",",,,0","13.12",",0","23.81",",,,0","2.42",",,,0"
"USC00293577","1993-05","33.3216","-108.8794","1440.2","GLENWOOD, NM US","27.9","0","27.1",",0","2",",0","2",",0","0",",0","0",",0","0",",0","0",",0","0",",0","0",",0","31",",0","2",",0","","","19930504",",,0","19930531","+,,0","19930531","+,,0","","","19930519",",,0","19930531",",,0","1.1",",0,04,","0",",,0,31,+","0",",,0,31,+","14.0",",,0,19,","33.3",",0,31,","2090.5","0","36.2",",0","16.5",",,,0","0",",,,0","18.04",",0","28.05",",,,0","8.03",",,,0"
"USC00293577","1993-06","33.3216","-108.8794","1440.2","GLENWOOD, NM US","152.6","0","124.7",",0","1",",0","1",",0","0",",0","0",",0","0",",0","0",",0","0",",0","0",",0","30",",0","20",",0","","","19930607",",,0","19930630","+,,0","19930630","+,,0","","","19930616",",,0","19930629",",,0","3.9",",0,07,","0",",,0,30,+","0",",,0,30,+","2.5",",,0,16,","38.3",",0,29,","2099.4","0","8.9",",0","2.5",",,,0","0",",,,0","22.19",",0","33.39",",,,0","10.99",",,,0"
"USC00293577","1993-07","33.3216","-108.8794","1440.2","GLENWOOD, NM US","342.0","0","189.4",",0","5",",0","4",",0","0",",0","0",",0","0",",0","0",",0","0",",0","0",",0","31",",0","25",",0","","","19930721",",,0","19930731","+,,0","19930731","+,,0","","","19930711",",,0","19930731",",,0","8.3",",0,21,","0",",,0,31,+","0",",,0,31,+","16.0",",,0,11,","38.3",",0,31,","0.0","0","0.0",",0","38.1",",,,0","0",",,,0","24.44",",0","33.85",",,,0","15.04",",,,0"
"USC00293577","1993-08","33.3216","-108.8794","1440.2","GLENWOOD, NM US","489.3","0","147.3","2,0","15",",0","11",",0","0",",0","0",",0","0",",0","0","1,0","0","1,0","0","1,0","30","1,0","13","1,0","","","19930815",",1,0","19930831","+,,0","19930831","+,,0","","","19930804",",,0","19930801",",1,0","12.8","1,0,15,","0",",,0,31,+","0",",,0,31,+","23.6",",,0,04,","36.7","1,0,01,","0.0","0","0.0","1,0","139.8",",,,0","0",",,,0","23.42","2,0","30.87","1,,,0","15.97","1,,,0"
"USC00293577","1993-09","33.3216","-108.8794","1440.2","GLENWOOD, NM US","545.0","0","55.7",",0","4",",0","3",",0","0",",0","0",",0","0",",0","0",",0","0",",0","0",",0","30",",0","5",",0","","","19930918",",,0","19930930","+,,0","19930930","+,,0","","","19930913",",,0","19930922","+,,0","2.8",",0,18,","0",",,0,30,+","0",",,0,30,+","5.3",",,0,13,","32.8",",0,22,+","14.1","0","14.1",",0","12.6",",,,0","0",",,,0","19.72",",0","29.77",",,,0","9.66",",,,0"
"USC00293577","1993-10","33.3216","-108.8794","1440.2","GLENWOOD, NM US","550.3","0","5.3",",0","3",",0","3",",0","0",",0","0",",0","0",",0","0",",0","5",",0","0",",0","21",",0","1",",0","","","19931031",",,0","19931031","+,,0","19931031","+,,0","","","19931017",",,0","19931004",",,0","-6.1",",0,31,","0",",,0,31,+","0",",,0,31,+","18.0",",,0,17,","32.2",",0,04,","152.5","0","138.4",",0","37.3",",,,0","0",",,,0","14.04",",0","23.34",",,,0","4.75",",,,0"
"USC00293577","1993-11","33.3216","-108.8794","1440.2","GLENWOOD, NM US","550.3","0","0.0",",0","3",",0","3",",0","0",",0","0",",0","0",",0","0",",0","23",",0","0",",0","3",",0","0",",0","","","19931127",",,0","19931130","+,,0","19931130","+,,0","","","19931115",",,0","19931109",",,0","-7.8",",0,27,","0",",,0,30,+","0",",,0,30,+","14.7",",,0,15,","22.2",",0,09,","475.0","0","322.5",",0","33.3",",,,0","0",",,,0","7.58",",0","16.81",",,,0","-1.65",",,,0"
"USC00293577","1993-12","33.3216","-108.8794","1440.2","GLENWOOD, NM US","550.3","0","0.0",",0","2",",0","1",",0","0",",0","0",",0","0",",0","0",",0","28",",0","0",",0","0",",0","0",",0","","","19931225",",,0","19931231","+,,0","19931231","+,,0","","","19931212",",,0","19931209",",,0","-11.1",",0,25,","0",",,0,31,+","0",",,0,31,+","16.0",",,0,12,","19.4",",0,09,","901.6","0","426.6",",0","16.8",",,,0","0",",,,0","4.57",",0","13.44",",,,0","-4.29",",,,0"
"USC00293577","1994-01","33.3216","-108.8794","1440.2","GLENWOOD, NM US","0.0","0","0.0",",0","1",",0","1",",0","0",",0","0",",0","0",",0","0",",0","31",",0","0",",0","0",",0","0",",0","","","19940108",",,0","19940131","+,,0","19940131","+,,0","","","19940128",",,0","19940103",",,0","-10.0",",0,08,","0",",,0,31,+","0",",,0,31,+","7.4",",,0,28,","20.0",",0,03,","1328.3","0","426.7",",0","7.4",",,,0","0",",,,0","4.57",",0","14.82",",,,0","-5.68",",,,0"
"USC00293577","1994-02","33.3216","-108.8794","1440.2","GLENWOOD, NM US","0.0","0","0.0","2,0","3",",0","3",",0","1",",0","0",",0","0",",0","0","2,0","23","2,0","0","2,0","2","2,0","0","2,0","","","19940202",",2,0","19940228","+,,0","19940228","+,,0","","","19940208",",,0","19940217",",2,0","-8.3","2,0,02,","0",",,0,28,+","0",",,0,28,+","34.3",",,0,08,","21.7","2,0,17,","1656.5","0","328.2","2,0","41.9",",,,0","0",",,,0","5.71","2,0","14.73","2,,,0","-3.31","2,,,0"
"USC00293577","1994-03","33.3216","-108.8794","1440.2","GLENWOOD, NM US","0.0","0","0.0",",0","4",",0","3",",0","0",",0","0",",0","0",",0","0",",0","15",",0","0",",0","10",",0","0",",0","","","19940328",",,0","19940331","+,,0","19940331","+,,0","","","19940320",",,0","19940317",",,0","-7.2",",0,28,","0",",,0,31,+","0",",,0,31,+","20.3",",,0,20,","25.6",",0,17,","1920.0","0","263.5",",0","32.3",",,,0","0",",,,0","9.83",",0","19.24",",,,0","0.43",",,,0"
"USC00293577","1994-04","33.3216","-108.8794","1440.2","GLENWOOD, NM US","3.3","0","3.3",",0","1",",0","1",",0","0",",0","0",",0","0",",0","0",",0","10",",0","0",",0","19",",0","0",",0","","","19940426","+,,0","19940430","+,,0","19940430","+,,0","","","19940425",",,0","19940420",",,0","-2.2",",0,26,+","0",",,0,30,+","0",",,0,30,+","3.8",",,0,25,","31.1",",0,20,","2086.5","0","166.5",",0","3.8",",,,0","0",",,,0","12.89",",0","23.01",",,,0","2.78",",,,0"
"USC00293577","1994-05","33.3216","-108.8794","1440.2","GLENWOOD, NM US","26.9","0","23.6",",0","3",",0","2",",0","0",",0","0",",0","0",",0","0",",0","1",",0","0",",0","31",",0","3",",0","","","19940508",",,0","19940531","+,,0","19940531","+,,0","","","19940512",",,0","19940531",",,0","-1.7",",0,08,","0",",,0,31,+","0",",,0,31,+","5.3",",,0,12,","36.1",",0,31,","2149.6","0","63.1",",0","9.6",",,,0","0",",,,0","17.06",",0","27.97",",,,0","6.15",",,,0"
"USC00293577","1994-06","33.3216","-108.8794","1440.2","GLENWOOD, NM US","218.6","0","191.7","1,0","4",",0","3",",0","0",",0","0",",0","0",",0","0",",0","0",",0","0","1,0","29","1,0","27","1,0","","","19940616","+,,0","19940630","+,,0","19940630","+,,0","","","19940622",",,0","19940627",",1,0","7.2",",0,16,+","0",",,0,30,+","0",",,0,30,+","10.7",",,0,22,","42.2","1,0,27,","2149.6","0","0.0","1,0","24.2",",,,0","0",",,,0","25.00","1,0","36.04","1,,,0","13.96",",,,0"
"USC00293577","1994-07","33.3216","-108.8794","1440.2","GLENWOOD, NM US","436.8","0","218.2",",0","4","3,0","2","3,0","0","3,0","0",",0","0",",0","0",",0","0",",0","0",",0","31",",0","28",",0","","","19940705",",,0","19940731","+,,0","19940731","+,,0","","","19940719",",3,0","19940710","+,,0","11.7",",0,05,","0",",,0,31,+","0",",,0,31,+","20.8","3,,0,19,","38.3",",0,10,+","0.0","0","0.0",",0","76.7",",a,,0","0",",,,0","25.37",",0","35.05",",,,0","15.69",",,,0"
"USC00293577","1994-08","33.3216","-108.8794","1440.2","GLENWOOD, NM US","649.6","0","212.8",",0","12",",0","7",",0","0",",0","0",",0","0",",0","0",",0","0",",0","0",",0","31",",0","28",",0","","","19940818",",,0","19940831","+,,0","19940831","+,,0","","","19940828",",,0","19940803",",,0","13.9",",0,18,","0",",,0,31,+","0",",,0,31,+","24.1",",,0,28,","37.2",",0,03,","0.0","0","0.0",",0","79.6",",,,0","0",",,,0","25.20",",0","34.25",",,,0","16.15",",,,0"
"USC00293577","1994-09","33.3216","-108.8794","1440.2","GLENWOOD, NM US","732.0","0","82.4",",0","2",",0","2",",0","0",",0","0",",0","0",",0","0",",0","0",",0","0",",0","29",",0","4",",0","","","19940916",",,0","19940930","+,,0","19940930","+,,0","","","19940903",",,0","19940908",",,0","6.7",",0,16,","0",",,0,30,+","0",",,0,30,+","15.2",",,0,03,","33.3",",0,08,","0.8","0","0.8",",0","19.0",",,,0","0",",,,0","21.05",",0","30.15",",,,0","11.95",",,,0"
"USC00293577","1994-10","33.3216","-108.8794","1440.2","GLENWOOD, NM US","732.0","0","0.0","1,0","4",",0","3",",0","1",",0","0",",0","0",",0","0","1,0","1","1,0","0",",0","25",",0","0",",0","","","19941009",",1,0","19941031","+,,0","19941031","+,,0","","","19941014",",,0","19941005",",,0","-0.6","1,0,09,","0",",,0,31,+","0",",,0,31,+","25.9",",,0,14,","28.3",",0,05,","136.0","0","135.2",",0","51.9",",,,0","0",",,,0","13.76","1,0","23.15",",,,0","4.37","1,,,0"
"USC00293577","1994-11","33.3216","-108.8794","1440.2","GLENWOOD, NM US","732.0","0","0.0",",0","5",",0","5",",0","2",",0","0",",0","0",",0","0",",0","20",",0","0",",0","2",",0","0",",0","","","19941130",",,0","19941130","+,,0","19941130","+,,0","","","19941112",",,0","19941106","+,,0","-7.8",",0,30,","0",",,0,30,+","0",",,0,30,+","57.2",",,0,12,","23.3",",0,06,+","458.3","0","322.3",",0","112.6",",,,0","0",",,,0","7.59",",0","15.47",",,,0","-0.29",",,,0"
"USC00293577","1994-12","33.3216","-108.8794","1440.2","GLENWOOD, NM US","732.0","0","0.0",",0","5",",0","4",",0","1",",0","0",",0","0",",0","0",",0","23",",0","0",",0","0",",0","0",",0","","","19941231",",,0","19941231","+,,0","19941231","+,,0","","","19941205",",,0","19941202","+,,0","-6.1",",0,31,","0",",,0,31,+","0",",,0,31,+","38.1",",,0,05,","17.8",",0,02,+","840.5","0","382.2",",0","71.2",",,,0","0",",,,0","6.00",",0","13.46",",,,0","-1.45",",,,0"
"USC00293577","1995-01","33.3216","-108.8794","1440.2","GLENWOOD, NM US","0.0","0","0.0","2,0","8",",0","6",",0","1",",0","0",",0","0",",0","0","2,0","27","2,0","0","1,0","0","1,0","0","1,0","","","19950118",",2,0","19950131","+,,0","19950131","+,,0","","","19950105",",,0","19950114",",1,0","-10.6","2,0,18,","0",",,0,31,+","0",",,0,31,+","43.2",",,0,05,","17.2","1,0,14,","1245.3","0","404.8","1,0","92.2",",,,0","0",",,,0","4.31","2,0","11.57","1,,,0","-2.96","2,,,0"
"USC00293577","1995-02","33.3216","-108.8794","1440.2","GLENWOOD, NM US","0.0","0","0.0",",0","6",",0","5",",0","0",",0","0",",0","0",",0","0",",0","15",",0","0",",0","6",",0","0",",0","","","19950212",",,0","19950228","+,,0","19950228","+,,0","","","19950215",",,0","19950202",",,0","-3.9",",0,12,","0",",,0,28,+","0",",,0,28,+","15.7",",,0,15,","23.3",",0,02,","1504.6","0","259.3",",0","29.3",",,,0","0",",,,0","9.07",",0","17.73",",,,0","0.42",",,,0"
"USC00293577","1995-03","33.3216","-108.8794","1440.2","GLENWOOD, NM US","0.0","0","0.0",",0","1",",0","1",",0","0",",0","0",",0","0",",0","0",",0","16",",0","0",",0","9",",0","0",",0","","","19950329",",,0","19950331","+,,0","19950331","+,,0","","","19950306",",,0","19950321","+,,0","-6.1",",0,29,","0",",,0,31,+","0",",,0,31,+","19.6",",,0,06,","23.3",",0,21,+","1786.2","0","281.6",",0","19.6",",,,0","0",",,,0","9.25",",0","18.19",",,,0","0.31",",,,0"
"USC00293577","1995-04","33.3216","-108.8794","1440.2","GLENWOOD, NM US","0.0","0","0.0",",0","1",",0","1",",0","0",",0","0",",0","0",",0","0",",0","14",",0","0",",0","18",",0","0",",0","","","19950418",",,0","19950430","+,,0","19950430","+,,0","","","19950419",",,0","19950430","+,,0","-4.4",",0,18,","0",",,0,30,+","0",",,0,30,+","14.5",",,0,19,","28.3",",0,30,+","2000.1","0","213.9",",0","14.5",",,,0","0",",,,0","11.20",",0","21.44",",,,0","0.96",",,,0"
"USC00293577","1995-05","33.3216","-108.8794","1440.2","GLENWOOD, NM US","5.6","0","5.6",",0","2",",0","2",",0","0",",0","0",",0","0",",0","0",",0","2",",0","0",",0","27",",0","0",",0","","","19950506",",,0","19950531","+,,0","19950531","+,,0","","","19950507",",,0","19950531",",,0","-1.1",",0,06,","0",",,0,31,+","0",",,0,31,+","5.3",",,0,07,","31.1",",0,31,","2098.2","0","98.1",",0","8.3",",,,0","0",",,,0","15.35",",0","25.45",",,,0","5.25",",,,0"
"USC00293577","1995-06","33.3216","-108.8794","1440.2","GLENWOOD, NM US","104.2","0","98.6",",0","0",",0","0",",0","0",",0","0",",0","0",",0","0",",0","0",",0","0",",0","30",",0","19",",0","","","19950619","+,,0","19950630","+,,0","19950630","+,,0","","","19950630","+,,0","19950614",",,0","5.6",",0,19,+","0",",,0,30,+","0",",,0,30,+","0.0",",,0,30,+","36.7",",0,14,","2101.8","0","3.6",",0","0.0",",,,0","0",",,,0","21.50",",0","31.92",",,,0","11.08",",,,0"
"USC00293577","1995-07","33.3216","-108.8794","1440.2","GLENWOOD, NM US","298.3","0","194.1",",0","2",",0","2",",0","0",",0","0",",0","0",",0","0",",0","0",",0","0",",0","31",",0","24",",0","","","19950704",",,0","19950731","+,,0","19950731","+,,0","","","19950714",",,0","19950727",",,0","6.1",",0,04,","0",",,0,31,+","0",",,0,31,+","5.1",",,0,14,","41.1",",0,27,","0.0","0","0.0",",0","7.6",",,,0","0",",,,0","24.60",",0","35.10",",,,0","14.09",",,,0"
"USC00293577","1995-08","33.3216","-108.8794","1440.2","GLENWOOD, NM US","511.4","0","213.1",",0","7",",0","5",",0","0",",0","0",",0","0",",0","0",",0","0",",0","0",",0","31",",0","22",",0","","","19950803",",,0","19950831","+,,0","19950831","+,,0","","","19950812",",,0","19950803",",,0","12.2",",0,03,","0",",,0,31,+","0",",,0,31,+","13.0",",,0,12,","39.4",",0,03,","0.0","0","0.0",",0","45.2",",,,0","0",",,,0","25.21",",0","33.95",",,,0","16.47",",,,0"
"USC00293577","1995-09","33.3216","-108.8794","1440.2","GLENWOOD, NM US","591.1","0","79.7",",0","5",",0","4",",0","0",",0","0",",0","0",",0","0",",0","0",",0","0",",0","29",",0","9",",0","","","19950923",",,0","19950930","+,,0","19950930","+,,0","","","19950928",",,0","19950906",",,0","6.7",",0,23,","0",",,0,30,+","0",",,0,30,+","21.8",",,0,28,","36.7",",0,06,","7.8","0","7.8",",0","44.9",",,,0","0",",,,0","20.73",",0","29.98",",,,0","11.48",",,,0"
"USC00293577","1995-10","33.3216","-108.8794","1440.2","GLENWOOD, NM US","","","","","0",",0","0",",0","0",",0","0",",0","0",",0","","","","","","","","","","","","","","","19951031","+,,0","19951031","+,,0","","","19951031","+,,0","","","","","0",",,0,31,+","0",",,0,31,+","0.0",",,0,31,+","","","","","","","0.0",",,,0","0",",,,0","","","","","",""
"USC00293577","1995-11","33.3216","-108.8794","1440.2","GLENWOOD, NM US","","","0.0",",0","2",",0","2",",0","0",",0","0",",0","0",",0","0",",0","14",",0","0",",0","20",",0","0",",0","","","19951128",",,0","19951130","+,,0","19951130","+,,0","","","19951106",",,0","19951113",",,0","-3.9",",0,28,","0",",,0,30,+","0",",,0,30,+","9.9",",,0,06,","25.6",",0,13,","","","228.1",",0","16.3",",,,0","0",",,,0","10.73",",0","20.87",",,,0","0.59",",,,0"
"USC00293577","1995-12","33.3216","-108.8794","1440.2","GLENWOOD, NM US","","","0.0",",0","1",",0","1",",0","0",",0","0",",0","0",",0","0",",0","28",",0","0",",0","3",",0","0",",0","","","19951223",",,0","19951231","+,,0","19951231","+,,0","","","19951224",",,0","19951201",",,0","-8.3",",0,23,","0",",,0,31,+","0",",,0,31,+","4.6",",,0,24,","22.2",",0,01,","","","401.2",",0","4.6",",,,0","0",",,,0","5.39",",0","14.35",",,,0","-3.57",",,,0"
"USC00293577","1996-02","33.3216","-108.8794","1440.2","GLENWOOD, NM US","","","0.0",",0","3",",0","2",",0","1",",0","0",",0","0",",0","0",",0","15",",0","0",",0","9",",0","0",",0","","","19960228",",,0","19960229","+,,0","19960229","+,,0","","","19960201",",,0","19960210",",,0","-6.1",",0,28,","0",",,0,29,+","0",",,0,29,+","37.6",",,0,01,","26.1",",0,10,","","","267.4",",0","48.8",",,,0","0",",,,0","9.11",",0","17.92",",,,0","0.31",",,,0"
"USC00293577","1996-03","33.3216","-108.8794","1440.2","GLENWOOD, NM US","","","0.0","1,0","0",",0","0",",0","0",",0","0",",0","0",",0","0","1,0","24","1,0","0","1,0","14","1,0","0","1,0","","","19960316",",1,0","19960331","+,,0","19960331","+,,0","","","19960329",",,0","19960321",",1,0","-5.6","1,0,16,","0",",,0,31,+","0",",,0,31,+","0.0",",T,0,29,","25.6","1,0,21,","","","273.7","1,0","0.0",",T,,0","0",",,,0","9.21","1,0","19.50","1,,,0","-1.08","1,,,0"
"USC00293577","1996-04","33.3216","-108.8794","1440.2","GLENWOOD, NM US","","","","","0",",0","0",",0","0",",0","0",",0","0",",0","","","","","","","","","","","","","","","19960430","+,,0","19960430","+,,0","","","19960430","+,,0","","","","","0",",,0,30,+","0",",,0,30,+","0.0",",,0,30,+","","","","","","","0.0",",,,0","0",",,,0","","","","","",""
"USC00293577","1996-05","33.3216","-108.8794","1440.2","GLENWOOD, NM US","","","46.6",",0","0",",0","0",",0","0",",0","0",",0","0",",0","0",",0","0",",0","0",",0","31",",0","13",",0","","","19960501",",,0","19960531","+,,0","19960531","+,,0","","","19960531","+,,0","19960512",",,0","1.1",",0,01,","0",",,0,31,+","0",",,0,31,+","0.0",",,0,31,+","37.2",",0,12,","","","16.8",",0","0.0",",,,0","0",",,,0","19.29",",0","31.05",",,,0","7.54",",,,0"
"USC00293577","1996-06","33.3216","-108.8794","1440.2","GLENWOOD, NM US","","","182.8",",0","6",",0","3",",0","1",",0","0",",0","0",",0","0",",0","0",",0","0",",0","30",",0","22",",0","","","19960623",",,0","19960630","+,,0","19960630","+,,0","","","19960628",",,0","19960620",",,0","8.3",",0,23,","0",",,0,30,+","0",",,0,30,+","33.0",",,0,28,","38.9",",0,20,","","","0.0",",0","53.0",",,,0","0",",,,0","24.43",",0","34.50",",,,0","14.35",",,,0"
"USC00293577","1996-07","33.3216","-108.8794","1440.2","GLENWOOD, NM US","","","","","","","","","","","0",",0","0",",0","","","","","","","","","","","","","","","19960731","+,,0","19960731","+,,0","","","","","","","","","0",",,0,31,+","0",",,0,31,+","","","","","","","","","","","0",",,,0","","","","","",""
"USC00293577","1996-08","33.3216","-108.8794","1440.2","GLENWOOD, NM US","","","148.3","1,0","8",",0","6",",0","0",",0","0",",0","0",",0","0",",0","0",",0","0","1,0","30","1,0","11","1,0","","","19960831",",,0","19960831","+,,0","19960831","+,,0","","","19960821",",,0","19960816","+,1,0","11.7",",0,31,","0",",,0,31,+","0",",,0,31,+","17.3",",,0,21,","35.6","1,0,16,+","","","0.0","1,0","62.3",",,,0","0",",,,0","23.29","1,0","31.71","1,,,0","14.86",",,,0"
"USC00293577","1996-09","33.3216","-108.8794","1440.2","GLENWOOD, NM US","","","40.8",",0","7",",0","6",",0","0",",0","0",",0","0",",0","0",",0","0",",0","0",",0","29",",0","2",",0","","","19960922","+,,0","19960930","+,,0","19960930","+,,0","","","19960903",",,0","19960901",",,0","6.7",",0,22,+","0",",,0,30,+","0",",,0,30,+","23.9",",,0,03,","32.8",",0,01,","","","17.5",",0","69.6",",,,0","0",",,,0","19.11",",0","27.19",",,,0","11.04",",,,0"
"USC00293577","1996-10","33.3216","-108.8794","1440.2","GLENWOOD, NM US","","","11.5","4,0","3",",0","3",",0","1",",0","0",",0","0",",0","0","4,0","6","4,0","0","4,0","16","4,0","1","4,0","","","19961023",",4,0","19961031","+,,0","19961031","+,,0","","","19961028",",,0","19961009",",4,0","-5.0","4,0,23,","0",",,0,31,+","0",",,0,31,+","26.2",",,0,28,","32.2","4,0,09,","","","129.4","4,0","60.5",",,,0","0",",,,0","13.96","4,0","22.84","4,,,0","5.09","4,,,0"
"USC00293577","1996-11","33.3216","-108.8794","1440.2","GLENWOOD, NM US","","","0.0","2,0","3",",0","2",",0","0",",0","0",",0","0",",0","0","1,0","21","1,0","0","2,0","10","2,0","0","2,0","","","19961109",",1,0","19961130","+,,0","19961130","+,,0","","","19961129",",,0","19961119",",2,0","-5.0","1,0,09,","0",",,0,30,+","0",",,0,30,+","12.7",",,0,29,","23.9","2,0,19,","","","270.3","2,0","15.7",",,,0","0",",,,0","8.67","2,0","17.85","2,,,0","-0.51","1,,,0"
"USC00293577","1996-12","33.3216","-108.8794","1440.2","GLENWOOD, NM US","","","0.0",",0","0",",0","0",",0","0",",0","0",",0","0",",0","0",",0","28",",0","0",",0","0",",0","0",",0","","","19961220",",,0","19961231","+,,0","19961231","+,,0","","","19961231","+,,0","19961214","+,,0","-12.2",",0,20,","0",",,0,31,+","0",",,0,31,+","0.0",",,0,31,+","20.6",",0,14,+","","","418.4",",0","0.0",",,,0","0",",,,0","4.84",",0","14.44",",,,0","-4.77",",,,0"
"USC00293577","1997-01","33.3216","-108.8794","1440.2","GLENWOOD, NM US","0.0","0","0.0","1,0","5",",0","5",",0","1",",0","","","2",",0","0","1,0","25","1,0","1",",0","1",",0","0",",0","","","19970109",",1,0","","","19970106",",,0","","","19970106",",,0","19970131",",,0","-13.9","1,0,09,","","","203",",,0,06,","27.9",",,0,06,","21.1",",0,31,","","","448.4",",0","41.5",",,,0","254",",,,0","3.36","1,0","10.60",",,,0","-3.89","1,,,0"
"USC00293577","1997-02","33.3216","-108.8794","1440.2","GLENWOOD, NM US","0.0","0","0.0","1,0","4",",0","2",",0","0",",0","0",",0","0",",0","0",",0","22",",0","0","1,0","0","1,0","0","1,0","","","19970222","+,,0","19970228","+,,0","19970228","+,,0","","","19970228",",,0","19970216","+,1,0","-7.8",",0,22,+","0",",,0,28,+","0",",,0,28,+","21.1",",,0,28,","19.4","1,0,16,+","","","340.4","1,0","26.9",",,,0","0",",,,0","5.80","1,0","14.73","1,,,0","-3.14",",,,0"
"USC00293577","1997-03","33.3216","-108.8794","1440.2","GLENWOOD, NM US","0.0","0","0.0",",0","1",",0","0",",0","0",",0","0",",0","0",",0","0",",0","17",",0","0",",0","19",",0","0",",0","","","19970302",",,0","19970331","+,,0","19970331","+,,0","","","19970301",",,0","19970321",",,0","-5.0",",0,02,","0",",,0,31,+","0",",,0,31,+","1.5",",,0,01,","28.3",",0,21,","","","242.8",",0","1.5",",,,0","0",",,,0","10.50",",0","21.03",",,,0","-0.03",",,,0"
"USC00293577","1997-04","33.3216","-108.8794","1440.2","GLENWOOD, NM US","0.3","0","0.3",",0","4",",0","3",",0","0",",0","0","3,0","0","1,0","0",",0","5",",0","0",",0","16",",0","0",",0","","","19970411","+,,0","19970430","+,3,0","19970430","+,1,0","","","19970411","+,,0","19970421",",,0","-2.8",",0,11,+","0","3,,0,30,+","0","1,,0,30,+","4.6",",,0,11,+","28.3",",0,21,","","","190.5",",0","15.8",",,,0","0","1,,,0","11.99",",0","20.99",",,,0","2.99",",,,0"
"USC00293577","1997-05","33.3216","-108.8794","1440.2","GLENWOOD, NM US","44.3","0","44.0",",0","6",",0","5",",0","0",",0","0",",0","0",",0","0",",0","0",",0","0",",0","31",",0","5",",0","","","19970501",",,0","19970531","+,,0","19970531","+,,0","","","19970511",",,0","19970531",",,0","2.2",",0,01,","0",",,0,31,+","0",",,0,31,+","10.9",",,0,11,","36.1",",0,31,","","","21.2",",0","44.0",",,,0","0",",,,0","19.07",",0","29.18",",,,0","8.95",",,,0"
"USC00293577","1997-06","33.3216","-108.8794","1440.2","GLENWOOD, NM US","142.2","0","97.9",",0","3",",0","2",",0","0",",0","0",",0","0",",0","0",",0","0",",0","0",",0","30",",0","19",",0","","","19970623","+,,0","19970630","+,,0","19970630","+,,0","","","19970607",",,0","19970619",",,0","6.7",",0,23,+","0",",,0,30,+","0",",,0,30,+","21.6",",,0,07,","36.1",",0,19,","","","3.3",",0","33.5",",,,0","0",",,,0","21.48",",0","32.12",",,,0","10.85",",,,0"
"USC00293577","1997-07","33.3216","-108.8794","1440.2","GLENWOOD, NM US","334.3","0","192.1",",0","5",",0","4",",0","0",",0","0",",0","0",",0","0",",0","0",",0","0",",0","31",",0","21",",0","","","19970712",",,0","19970731","+,,0","19970731","+,,0","","","19970722",",,0","19970702",",,0","7.8",",0,12,","0",",,0,31,+","0",",,0,31,+","19.6",",,0,22,","38.9",",0,02,","0.0","0","0.0",",0","44.2",",,,0","0",",,,0","24.53",",0","33.92",",,,0","15.14",",,,0"
"USC00293577","1997-08","33.3216","-108.8794","1440.2","GLENWOOD, NM US","515.1","0","180.8",",0","7",",0","7",",0","0",",0","0",",0","0",",0","0",",0","0",",0","0",",0","31",",0","23",",0","","","19970815",",,0","19970831","+,,0","19970831","+,,0","","","19970824",",,0","19970821",",,0","11.1",",0,15,","0",",,0,31,+","0",",,0,31,+","11.2",",,0,24,","37.2",",0,21,","0.0","0","0.0",",0","44.7",",,,0","0",",,,0","24.16",",0","32.65",",,,0","15.68",",,,0"
"USC00293577","1997-09","33.3216","-108.8794","1440.2","GLENWOOD, NM US","647.4","0","132.3",",0","4",",0","4",",0","1",",0","0",",0","0",",0","0",",0","0",",0","0",",0","29",",0","18",",0","","","19970929",",,0","19970930","+,,0","19970930","+,,0","","","19970921",",,0","19970909","+,,0","8.3",",0,29,","0",",,0,30,+","0",",,0,30,+","32.3",",,0,21,","35.0",",0,09,+","1.9","0","1.9",",0","59.7",",,,0","0",",,,0","22.68",",0","31.18",",,,0","14.17",",,,0"
"USC00293577","1997-10","33.3216","-108.8794","1440.2","GLENWOOD, NM US","655.9","0","8.5",",0","3",",0","1",",0","1",",0","0",",0","0",",0","0",",0","9",",0","0",",0","22",",0","0",",0","","","19971027","+,,0","19971031","+,,0","19971031","+,,0","","","19971022",",,0","19971008","+,,0","-3.3",",0,27,+","0",",,0,31,+","0",",,0,31,+","26.7",",,0,22,","30.6",",0,08,+","156.6","0","154.7",",0","29.3",",,,0","0",",,,0","13.62",",0","23.48",",,,0","3.75",",,,0"
"USC00293577","1997-11","33.3216","-108.8794","1440.2","GLENWOOD, NM US","655.9","0","0.0",",0","2",",0","2",",0","1",",0","0",",0","0",",0","0",",0","19",",0","0",",0","8",",0","0",",0","","","19971130","+,,0","19971130","+,,0","19971130","+,,0","","","19971112",",,0","19971101",",,0","-5.0",",0,30,+","0",",,0,30,+","0",",,0,30,+","25.4",",,0,12,","26.1",",0,01,","439.2","0","282.6",",0","29.2",",,,0","0",",,,0","8.91",",0","17.88",",,,0","-0.06",",,,0"
"USC00293577","1997-12","33.3216","-108.8794","1440.2","GLENWOOD, NM US","655.9","0","0.0",",0","8",",0","6",",0","0",",0","0",",0","0",",0","0",",0","25",",0","0",",0","0",",0","0",",0","","","19971227","+,,0","19971231","+,,0","19971231","+,,0","","","19971208",",,0","19971218","+,,0","-10.0",",0,27,+","0",",,0,31,+","0",",,0,31,+","17.8",",,0,08,","16.1",",0,18,+","918.6","0","479.4",",0","62.6",",,,0","0",",,,0","2.87",",0","10.04",",,,0","-4.30",",,,0"
"USC00293577","1998-01","33.3216","-108.8794","1440.2","GLENWOOD, NM US","0.0","0","0.0",",0","3",",0","1",",0","0",",0","0",",0","0",",0","0",",0","30",",0","0",",0","0",",0","0",",0","","","19980109",",,0","19980131","+,,0","19980131","+,,0","","","19980121",",,0","19980128","+,,0","-8.9",",0,09,","0",",,0,31,+","0",",,0,31,+","9.7",",,0,21,","18.3",",0,28,+","1336.6","0","418.0",",0","11.0",",,,0","0",",,,0","4.85",",0","13.69",",,,0","-3.99",",,,0"
"USC00293577","1998-02","33.3216","-108.8794","1440.2","GLENWOOD, NM US","0.0","0","0.0",",0","7",",0","6",",0","0",",0","0",",0","0",",0","0",",0","24",",0","0",",0","0",",0","0",",0","","","19980202",",,0","19980228","+,,0","19980228","+,,0","","","19980204",",,0","19980224","+,,0","-6.1",",0,02,","0",",,0,28,+","0",",,0,28,+","14.5",",,0,04,","18.9",",0,24,+","1711.5","0","374.9",",0","51.6",",,,0","0",",,,0","4.94",",0","12.27",",,,0","-2.38",",,,0"
"USC00293577","1998-03","33.3216","-108.8794","1440.2","GLENWOOD, NM US","0.0","0","0.0",",0","8",",0","6",",0","0",",0","0",",0","0",",0","0",",0","18",",0","0",",0","5",",0","0",",0","","","19980311",",,0","19980331","+,,0","19980330",",,0","","","19980315",",,0","19980324","+,,0","-5.0",",0,11,","0",",,0,31,+","5",",,0,30,","19.8",",,0,15,","25.0",",0,24,+","2022.0","0","310.5",",0","57.0",",,,0","5",",,,0","8.32",",0","16.87",",,,0","-0.24",",,,0"
"USC00293577","1998-04","33.3216","-108.8794","1440.2","GLENWOOD, NM US","","","","","2",",0","1",",0","0",",0","0",",0","0",",0","","","","","","","","","","","","","","","19980430","+,,0","19980430","+,,0","","","19980402",",,0","","","","","0",",,0,30,+","0",",,0,30,+","4.6",",,0,02,","","","","","","","5.4",",,,0","0",",,,0","","","","","",""
"USC00293577","1998-05","33.3216","-108.8794","1440.2","GLENWOOD, NM US","","","12.0","1,0","0",",0","0",",0","0",",0","0",",0","0",",0","0","1,0","3","1,0","0",",0","29",",0","3",",0","","","19980516","+,1,0","19980531","+,,0","19980531","+,,0","","","19980531","+,,0","19980531",",,0","-0.6","1,0,16,+","0",",,0,31,+","0",",,0,31,+","0.0",",,0,31,+","33.9",",0,31,","","","81.0",",0","0.0",",,,0","0",",,,0","16.04","1,0","27.53",",,,0","4.56","1,,,0"
"USC00293577","1998-06","33.3216","-108.8794","1440.2","GLENWOOD, NM US","","","91.8","3,0","1","3,0","0","3,0","0","3,0","0","3,0","0","3,0","0","3,0","0","3,0","0","3,0","27","3,0","18","3,0","","","19980609",",3,0","19980630","+,3,0","19980630","+,3,0","","","19980611",",3,0","19980628",",3,0","3.3","3,0,09,","0","3,,0,30,+","0","3,,0,30,+","2.0","3,,0,11,","41.1","3,0,28,","","","12.5","3,0","2.0","3,,,0","0","3,,,0","21.27","3,0","33.19","3,,,0","9.35","3,,,0"
"USC00293577","1998-07","33.3216","-108.8794","1440.2","GLENWOOD, NM US","","","201.4","1,0","13",",0","12",",0","2",",0","0",",0","0",",0","0","1,0","0","1,0","0","1,0","30","1,0","19","1,0","","","19980701",",1,0","19980731","+,,0","19980731","+,,0","","","19980707",",,0","19980715",",1,0","13.3","1,0,01,","0",",,0,31,+","0",",,0,31,+","38.1",",,0,07,","38.9","1,0,15,","0.0","0","0.0","1,0","177.6",",,,0","0",",,,0","25.05","1,0","33.22","1,,,0","16.87","1,,,0"
"USC00293577","1998-08","33.3216","-108.8794","1440.2","GLENWOOD, NM US","","","167.7",",0","10",",0","10",",0","0",",0","0",",0","0",",0","0",",0","0",",0","0",",0","31",",0","18",",0","","","19980830","+,,0","19980831","+,,0","19980831","+,,0","","","19980821",",,0","19980827",",,0","11.7",",0,30,+","0",",,0,31,+","0",",,0,31,+","14.0",",,0,21,","36.1",",0,27,","0.0","0","0.0",",0","64.4",",,,0","0",",,,0","23.74",",0","32.25",",,,0","15.23",",,,0"
"USC00293577","1998-09","33.3216","-108.8794","1440.2","GLENWOOD, NM US","","","84.9","1,0","1",",0","1",",0","0",",0","0",",0","0",",0","0",",0","0",",0","0","1,0","29","1,0","8","1,0","","","19980926",",,0","19980930","+,,0","19980930","+,,0","","","19980904",",,0","19980914",",1,0","3.3",",0,26,","0",",,0,30,+","0",",,0,30,+","8.9",",,0,04,","34.4","1,0,14,","2.0","0","2.0","1,0","8.9",",,,0","0",",,,0","21.21","1,0","31.45","1,,,0","10.98",",,,0"
"USC00293577","1998-11","33.3216","-108.8794","1440.2","GLENWOOD, NM US","","","0.0",",0","2",",0","2",",0","0",",0","0",",0","0",",0","0",",0","23",",0","0",",0","10",",0","0",",0","","","19981122","+,,0","19981130","+,,0","19981130","+,,0","","","19981129",",,0","19981114",",,0","-4.4",",0,22,+","0",",,0,30,+","0",",,0,30,+","13.0",",,0,29,","25.0",",0,14,","","","275.1",",0","24.9",",,,0","0",",,,0","9.16",",0","19.07",",,,0","-0.75",",,,0"
"USC00293577","1998-12","33.3216","-108.8794","1440.2","GLENWOOD, NM US","","","0.0",",0","1",",0","1",",0","0",",0","0",",0","0",",0","0",",0","27",",0","0",",0","0",",0","0",",0","","","19981212",",,0","19981231","+,,0","19981231","+,,0","","","19981202",",,0","19981230","+,,0","-9.4",",0,12,","0",",,0,31,+","0",",,0,31,+","17.0",",,0,02,","20.6",",0,30,+","","","405.1",",0","17.0",",,,0","0",",,,0","5.26",",0","14.30",",,,0","-3.77",",,,0"
"USC00293577","1999-01","33.3216","-108.8794","1440.2","GLENWOOD, NM US","0.0","0","0.0",",0","1",",0","1",",0","0",",0","0",",0","0",",0","0",",0","29",",0","0",",0","0",",0","0",",0","","","19990128",",,0","19990131","+,,0","19990131","+,,0","","","19990121",",,0","19990119","+,,0","-9.4",",0,28,","0",",,0,31,+","0",",,0,31,+","3.3",",,0,21,","20.0",",0,19,+","","","382.2",",0","3.3",",,,0","0",",,,0","6.00",",0","16.13",",,,0","-4.13",",,,0"
"USC00293577","1999-02","33.3216","-108.8794","1440.2","GLENWOOD, NM US","0.0","0","0.0",",0","0",",0","0",",0","0",",0","0",",0","0",",0","0",",0","26",",0","0",",0","8",",0","0",",0","","","19990213",",,0","19990228","+,,0","19990228","+,,0","","","19990228","+,,0","19990228",",,0","-8.9",",0,13,","0",",,0,28,+","0",",,0,28,+","0.0",",,0,28,+","23.9",",0,28,","","","303.0",",0","0.0",",,,0","0",",,,0","7.51",",0","18.89",",,,0","-3.87",",,,0"
"USC00293577","1999-03","33.3216","-108.8794","1440.2","GLENWOOD, NM US","0.0","0","0.0","2,0","4","2,0","1","2,0","0","2,0","0",",0","0",",0","0","2,0","21","2,0","0","2,0","15","2,0","0","2,0","","","19990311","+,2,0","19990331","+,,0","19990331","+,,0","","","19990308",",2,0","19990321",",2,0","-5.6","2,0,11,+","0",",,0,31,+","0",",,0,31,+","4.8","2,,0,08,","26.1","2,0,21,","","","239.5","2,0","7.7","2,,,0","0",",,,0","10.07","2,0","20.98","2,,,0","-0.83","2,,,0"
"USC00293577","1999-04","33.3216","-108.8794","1440.2","GLENWOOD, NM US","1.7","0","1.7",",0","4",",0","1",",0","1",",0","0",",0","0",",0","0",",0","14",",0","0",",0","19",",0","0",",0","","","19990405",",,0","19990430","+,,0","19990430","+,,0","","","19990402",",,0","19990419",",,0","-6.1",",0,05,","0",",,0,30,+","0",",,0,30,+","27.4",",,0,02,","28.9",",0,19,","","","212.7",",0","29.3",",,,0","0",",,,0","11.30",",0","21.66",",,,0","0.94",",,,0"
"USC00293577","1999-05","33.3216","-108.8794","1440.2","GLENWOOD, NM US","19.2","0","17.5","1,0","0",",0","0",",0","0",",0","0",",0","0",",0","0","1,0","2","1,0","0","1,0","29","1,0","3","1,0","","","19990502",",1,0","19990531","+,,0","19990531","+,,0","","","19990531","+,,0","19990528","+,1,0","-2.2","1,0,02,","0",",,0,31,+","0",",,0,31,+","0.0",",,0,31,+","32.2","1,0,28,+","","","54.7","1,0","0.0",",,,0","0",",,,0","17.09","1,0","28.46","1,,,0","5.72","1,,,0"
"USC00293577","1999-07","33.3216","-108.8794","1440.2","GLENWOOD, NM US","","","171.7",",0","14",",0","10",",0","1",",0","0",",0","0",",0","0",",0","0",",0","0",",0","31",",0","12",",0","","","19990730","+,,0","19990731","+,,0","19990731","+,,0","","","19990718",",,0","19990701",",,0","14.4",",0,30,+","0",",,0,31,+","0",",,0,31,+","33.5",",,0,18,","39.4",",0,01,","0.0","0","0.0",",0","104.0",",,,0","0",",,,0","23.87",",0","31.38",",,,0","16.36",",,,0"
"USC00293577","1999-08","33.3216","-108.8794","1440.2","GLENWOOD, NM US","","","155.9",",0","14",",0","9",",0","2",",0","0",",0","0",",0","0",",0","0",",0","0",",0","31",",0","13",",0","","","19990805",",,0","19990831","+,,0","19990831","+,,0","","","19990805",",,0","19990822",",,0","12.2",",0,05,","0",",,0,31,+","0",",,0,31,+","35.6",",,0,05,","34.4",",0,22,","0.0","0","0.0",",0","110.1",",,,0","0",",,,0","23.36",",0","31.18",",,,0","15.54",",,,0"
"USC00293577","1999-09","33.3216","-108.8794","1440.2","GLENWOOD, NM US","","","77.4",",0","12",",0","11",",0","0",",0","0",",0","0",",0","0",",0","0",",0","0",",0","30",",0","4",",0","","","19990929",",,0","19990930","+,,0","19990930","+,,0","","","19990917",",,0","19990908",",,0","3.9",",0,29,","0",",,0,30,+","0",",,0,30,+","16.3",",,0,17,","33.9",",0,08,","5.3","0","5.3",",0","66.5",",,,0","0",",,,0","20.74",",0","29.26",",,,0","12.22",",,,0"
"USC00293577","1999-10","33.3216","-108.8794","1440.2","GLENWOOD, NM US","","","","","0",",0","0",",0","0",",0","0",",0","0",",0","","","","","","","","","","","","","","","19991031","+,,0","19991031","+,,0","","","19991031","+,,0","","","","","0",",,0,31,+","0",",,0,31,+","0.0",",,0,31,+","","","","","","","0.0",",,,0","0",",,,0","","","","","",""
"USC00293577","1999-11","33.3216","-108.8794","1440.2","GLENWOOD, NM US","","","0.0","3,0","0",",0","0",",0","0",",0","0",",0","0",",0","0","3,0","15","3,0","0","3,0","20","3,0","0","3,0","","","19991125",",3,0","19991130","+,,0","19991130","+,,0","","","19991130","+,,0","19991114","+,3,0","-5.0","3,0,25,","0",",,0,30,+","0",",,0,30,+","0.0",",,0,30,+","26.1","3,0,14,+","","","205.2","3,0","0.0",",,,0","0",",,,0","10.73","3,0","22.20","3,,,0","-0.74","3,,,0"
"USC00293577","1999-12","33.3216","-108.8794","1440.2","GLENWOOD, NM US","","","0.0",",0","0",",0","0",",0","0",",0","0",",0","0",",0","0",",0","31",",0","0",",0","0",",0","0",",0","","","19991216",",,0","19991231","+,,0","19991231","+,,0","","","19991231","+,,0","19991217",",,0","-11.1",",0,16,","0",",,0,31,+","0",",,0,31,+","0.0",",,0,31,+","18.9",",0,17,","","","458.6",",0","0.0",",,,0","0",",,,0","3.54",",0","12.97",",,,0","-5.89",",,,0"
"USC00293577","2000-01","33.3216","-108.8794","1440.2","GLENWOOD, NM US","0.0","","0.0",",0","1",",0","0",",0","0",",0","0",",0","0",",0","0",",0","28",",0","0",",0","7",",0","0",",0","","","20000109","+,,0","20000131","+,,0","20000131","+,,0","","","20000103",",,0","20000117",",,0","-11.7",",0,09,+","0",",,0,31,+","0",",,0,31,+","2.0",",,0,03,","24.4",",0,17,","","","381.5",",0","2.0",",,,0","0",",,,0","6.03",",0","16.49",",,,0","-4.44",",,,0"
"USC00293577","2000-02","33.3216","-108.8794","1440.2","GLENWOOD, NM US","0.0","","0.0","3,0","2",",0","0",",0","0",",0","0",",0","0",",0","0","2,0","20","2,0","0","3,0","7","3,0","0","3,0","","","20000203",",2,0","20000229","+,,0","20000229","+,,0","","","20000225","+,,0","20000215",",3,0","-9.4","2,0,03,","0",",,0,29,+","0",",,0,29,+","1.3",",,0,25,+","23.9","3,0,15,","","","266.6","3,0","2.6",",,,0","0",",,,0","8.06","3,0","18.31","3,,,0","-2.19","2,,,0"
"USC00293577","2000-03","33.3216","-108.8794","1440.2","GLENWOOD, NM US","0.0","","0.0",",0","5",",0","3",",0","0",",0","0",",0","0",",0","0",",0","16",",0","0",",0","13",",0","0",",0","","","20000301",",,0","20000331","+,,0","20000331","+,,0","","","20000323",",,0","20000327",",,0","-5.6",",0,01,","0",",,0,31,+","0",",,0,31,+","19.1",",,0,23,","25.6",",0,27,","","","271.0",",0","38.9",",,,0","0",",,,0","9.59",",0","19.13",",,,0","0.05",",,,0"
"USC00293577","2000-04","33.3216","-108.8794","1440.2","GLENWOOD, NM US","2.8","","2.8","1,0","0",",0","0",",0","0",",0","0",",0","0",",0","0",",0","4",",0","0","1,0","26","1,0","2","1,0","","","20000427","+,,0","20000430","+,,0","20000430","+,,0","","","20000430","+,,0","20000427",",1,0","-3.3",",0,27,+","0",",,0,30,+","0",",,0,30,+","0.0",",,0,30,+","34.4","1,0,27,","","","102.7","1,0","0.0",",,,0","0",",,,0","14.78","1,0","26.35","1,,,0","3.21",",,,0"
"USC00293577","2000-05","33.3216","-108.8794","1440.2","GLENWOOD, NM US","","","","","0",",0","0",",0","0",",0","0",",0","0",",0","","","","","","","","","","","","","","","20000531","+,,0","20000531","+,,0","","","20000531","+,,0","","","","","0",",,0,31,+","0",",,0,31,+","0.0",",,0,31,+","","","","","","","0.0",",,,0","0",",,,0","","","","","",""
"USC00293577","2000-06","33.3216","-108.8794","1440.2","GLENWOOD, NM US","","","158.7","1,0","8","1,0","4","1,0","0","1,0","0",",0","0",",0","0","1,0","0","1,0","0","1,0","29","1,0","22","1,0","","","20000604",",1,0","20000630","+,,0","20000630","+,,0","","","20000617",",1,0","20000615",",1,0","6.7","1,0,04,","0",",,0,30,+","0",",,0,30,+","15.2","1,,0,17,","38.9","1,0,15,","","","0.0","1,0","44.9","1,,,0","0",",,,0","23.81","1,0","33.70","1,,,0","13.91","1,,,0"
"USC00293577","2002-02","33.3216","-108.8794","1440.2","GLENWOOD, NM US","","","","","0",",0","0",",0","0",",0","0","1,0","0",",0","","","","","","","","","","","","","","","20020228","+,1,0","20020228","+,,0","","","20020228","+,,0","","","","","0","1,,0,28,+","0",",,0,28,+","0.0",",,0,28,+","","","","","","","0.0",",,,0","0",",,,0","","","","","",""
"USC00293577","2002-03","33.3216","-108.8794","1440.2","GLENWOOD, NM US","","","0.0",",0","3",",0","1",",0","0",",0","0",",0","0",",0","0",",0","25",",0","0",",0","16",",0","0",",0","","","20020304",",,0","20020331","+,,0","20020331","+,,0","1","","20020308",",,0","20020331",",,0","-11.1",",0,04,","0",",,0,31,+","0",",,0,31,+","5.3",",,0,08,","27.2",",0,31,","","","308.4",",0","5.9",",,,0","0",",,,0","8.39",",0","20.08",",,,0","-3.31",",,,0"
"USC00293577","2002-04","33.3216","-108.8794","1440.2","GLENWOOD, NM US","","","2.3",",0","1",",0","0",",0","0",",0","0",",0","0",",0","0",",0","5",",0","0",",0","29",",0","0",",0","","","20020421",",,0","20020430","+,,0","20020430","+,,0","2","","20020407",",,0","20020425","+,,0","-2.8",",0,21,","0",",,0,30,+","0",",,0,30,+","2.0",",,0,07,","31.1",",0,25,+","","","99.4",",0","2.0",",,,0","0",",,,0","15.10",",0","26.98",",,,0","3.21",",,,0"
"USC00293577","2002-05","33.3216","-108.8794","1440.2","GLENWOOD, NM US","","","24.0","1,0","0",",0","0",",0","0",",0","0",",0","0",",0","0","1,0","4","1,0","0","1,0","30","1,0","5","1,0","","","20020503",",1,0","20020531","+,,0","20020531","+,,0","1","","20020531","+,,0","20020531",",1,0","-1.7","1,0,03,","0",",,0,31,+","0",",,0,31,+","0.0",",,0,31,+","38.9","1,0,31,","","","60.3","1,0","0.0",",,,0","0",",,,0","17.12","1,0","29.95","1,,,0","4.30","1,,,0"
"USC00293577","2002-06","33.3216","-108.8794","1440.2","GLENWOOD, NM US","","","177.3","1,0","1",",0","1",",0","0",",0","0",",0","0",",0","0",",0","0",",0","0","1,0","29","1,0","27","1,0","","","20020618","+,,0","20020630","+,,0","20020630","+,,0","5","","20020630",",,0","20020625",",1,0","7.8",",0,18,+","0",",,0,30,+","0",",,0,30,+","5.8",",,0,30,","39.4","1,0,25,","","","0.0","1,0","5.8",",,,0","0",",,,0","24.41","1,0","36.23","1,,,0","12.60",",,,0"
"USC00293577","2002-07","33.3216","-108.8794","1440.2","GLENWOOD, NM US","","","192.9",",0","14",",0","8",",0","0",",0","0",",0","0",",0","0",",0","0",",0","0",",0","31",",0","20",",0","","","20020705",",,0","20020731","+,,0","20020731","+,,0","23","","20020728",",,0","20020703","+,,0","10.6",",0,05,","0",",,0,31,+","0",",,0,31,+","17.5",",,0,28,","40.6",",0,03,+","0.0","0","0.0",",0","83.6",",,,0","0",",,,0","24.56",",0","33.85",",,,0","15.26",",,,0"
"USC00293577","2002-08","33.3216","-108.8794","1440.2","GLENWOOD, NM US","","","150.2",",0","14",",0","10",",0","0",",0","0",",0","0",",0","0",",0","0",",0","0",",0","31",",0","21",",0","","","20020816",",,0","20020831","+,,0","20020831","+,,0","21","","20020801",",,0","20020825","+,,0","8.9",",0,16,","0",",,0,31,+","0",",,0,31,+","22.4",",,0,01,","36.7",",0,25,+","0.0","0","0.0",",0","93.7",",,,0","0",",,,0","23.18",",0","32.74",",,,0","13.62",",,,0"
"USC00293577","2002-09","33.3216","-108.8794","1440.2","GLENWOOD, NM US","","","55.2","1,0","10",",0","8",",0","1",",0","0",",0","0",",0","0","1,0","0","1,0","0","1,0","29","1,0","4","1,0","","","20020927","+,1,0","20020930","+,,0","20020930","+,,0","9","","20020911",",,0","20020902",",1,0","5.6","1,0,27,+","0",",,0,30,+","0",",,0,30,+","39.9",",,0,11,","34.4","1,0,02,","8.5","0","8.5","1,0","103.6",",,,0","0",",,,0","19.94","1,0","29.11","1,,,0","10.78","1,,,0"
"USC00293577","2002-10","33.3216","-108.8794","1440.2","GLENWOOD, NM US","","","0.0","1,0","6","1,0","1","1,0","0","1,0","0",",0","0",",0","0","1,0","4","1,0","0","1,0","22","1,0","0","1,0","","","20021030","+,1,0","20021031","+,,0","20021031","+,,0","5","","20021007",",1,0","20021007","+,1,0","-3.3","1,0,30,+","0",",,0,31,+","0",",,0,31,+","23.4","1,,0,07,","28.9","1,0,07,+","144.4","0","135.9","1,0","29.1","1,,,0","0",",,,0","13.80","1,0","23.18","1,,,0","4.43","1,,,0"
"USC00293577","2002-11","33.3216","-108.8794","1440.2","GLENWOOD, NM US","","","0.0",",0","4",",0","2",",0","0",",0","0",",0","0",",0","0",",0","21",",0","0",",0","11",",0","0",",0","","","20021126","+,,0","20021130","+,,0","20021130","+,,0","1","","20021104",",,0","20021123","+,,0","-7.2",",0,26,+","0",",,0,30,+","0",",,0,30,+","7.4",",,0,04,","22.2",",0,23,+","439.7","0","295.3",",0","14.3",",,,0","0",",,,0","8.49",",0","18.80",",,,0","-1.83",",,,0"
"USC00293577","2002-12","33.3216","-108.8794","1440.2","GLENWOOD, NM US","","","0.0",",0","7",",0","5",",0","0",",0","1","2,0","1",",0","0",",0","28",",0","0",",0","0",",0","0",",0","1","","20021227",",,0","20021223",",2,0","20021223",",,0","2","","20021203",",,0","20021214",",,0","-9.4",",0,27,","51","2,,0,23,","51",",,0,23,","15.2",",,0,03,","18.3",",0,14,","881.3","0","441.6",",0","48.0",",,,0","64",",,,0","4.09",",0","12.48",",,,0","-4.31",",,,0"
"USC00293577","2003-01","33.3216","-108.8794","1440.2","GLENWOOD, NM US","0.0","0","0.0",",0","3",",0","0",",0","0",",0","0",",0","0",",0","0",",0","27",",0","0",",0","4",",0","0",",0","1","","20030103",",,0","20030131","+,,0","20030131","+,,0","2","","20030121",",,0","20030131",",,0","-8.9",",0,03,","0",",,0,31,+","0",",,0,31,+","1.8",",,0,21,","22.8",",0,31,","1215.0","0","333.7",",0","3.1",",,,0","0",",,,0","7.57",",0","18.53",",,,0","-3.39",",,,0"
"USC00293577","2003-02","33.3216","-108.8794","1440.2","GLENWOOD, NM US","0.0","0","0.0",",0","8",",0","7",",0","0",",0","1",",0","1",",0","0",",0","19",",0","0",",0","1",",0","0",",0","2","","20030207",",,0","20030208",",,0","20030208",",,0","1","","20030226",",,0","20030201",",,0","-10.6",",0,07,","51",",,0,08,","81",",,0,08,","15.0",",,0,26,","22.2",",0,01,","1559.0","0","344.0",",0","53.1",",,,0","81",",,,0","6.05",",0","14.26",",,,0","-2.17",",,,0"
"USC00293577","2003-03","33.3216","-108.8794","1440.2","GLENWOOD, NM US","0.0","0","0.0","2,0","3",",0","3",",0","0",",0","0",",0","1",",0","0",",0","22",",0","0","2,0","15","2,0","0","2,0","","","20030330",",,0","20030331","+,,0","20030302",",,0","","","20030317",",,0","20030313",",2,0","-7.2",",0,30,","0",",,0,31,+","46",",,0,02,","11.2",",,0,17,","25.0","2,0,13,","1834.5","0","275.5","2,0","20.6",",,,0","46",",,,0","8.87","2,0","18.73","2,,,0","-1.00",",,,0"
"USC00293577","2003-04","33.3216","-108.8794","1440.2","GLENWOOD, NM US","0.0","0","0.0",",0","1",",0","1",",0","0",",0","0",",0","0",",0","0",",0","20",",0","0",",0","22",",0","0",",0","","","20030405",",,0","20030415",",,0","20030415",",,0","1","","20030415",",,0","20030428","+,,0","-5.6",",0,05,","0",",T,0,15,","0",",T,0,15,","5.1",",,0,15,","26.7",",0,28,+","2051.2","0","216.7",",0","5.1",",,,0","0",",T,,0","11.11",",0","22.87",",,,0","-0.65",",,,0"
"USC00293577","2003-05","33.3216","-108.8794","1440.2","GLENWOOD, NM US","47.5","0","47.5","1,0","1",",0","1",",0","0",",0","0",",0","0",",0","0",",0","7",",0","0","1,0","30","1,0","14","1,0","","","20030509",",,0","20030531","+,,0","20030531","+,,0","2","","20030531",",,0","20030526",",1,0","-1.7",",0,09,","0",",,0,31,+","0",",,0,31,+","10.7",",,0,31,","35.6","1,0,26,","2117.0","0","65.8","1,0","10.7",",,,0","0",",,,0","17.73","1,0","29.86","1,,,0","5.60",",,,0"
"USC00293577","2003-06","33.3216","-108.8794","1440.2","GLENWOOD, NM US","160.8","0","113.3",",0","3",",0","1",",0","0",",0","0",",0","0",",0","0",",0","0",",0","0",",0","30",",0","25",",0","","","20030622",",,0","20030630","+,,0","20030630","+,,0","6","","20030617",",,0","20030629",",,0","4.4",",0,22,","0",",,0,30,+","0",",,0,30,+","6.1",",,0,17,","37.8",",0,29,","2117.0","0","0.0",",0","7.4",",,,0","0",",,,0","22.11",",0","33.67",",,,0","10.55",",,,0"
"USC00293577","2003-07","33.3216","-108.8794","1440.2","GLENWOOD, NM US","409.1","0","248.3","1,0","7",",0","4",",0","0",",0","0",",0","0",",0","0",",0","0",",0","0","1,0","30","1,0","29","1,0","1","","20030709",",,0","20030731","+,,0","20030731","+,,0","14","","20030726",",,0","20030709",",1,0","11.7",",0,09,","0",",,0,31,+","0",",,0,31,+","14.7",",,0,26,","41.7","1,0,09,","0.0","0","0.0","1,0","40.2",",,,0","0",",,,0","26.56","1,0","37.11","1,,,0","16.01",",,,0"
"USC00293577","2003-08","33.3216","-108.8794","1440.2","GLENWOOD, NM US","600.5","0","191.4",",0","17",",0","5",",0","0",",0","0",",0","0",",0","0",",0","0",",0","0",",0","31",",0","22",",0","","","20030830","+,,0","20030831","+,,0","20030831","+,,0","24","","20030801",",,0","20030809",",,0","12.2",",0,30,+","0",",,0,31,+","0",",,0,31,+","16.8",",,0,01,","37.8",",0,09,","0.0","0","0.0",",0","52.2",",,,0","0",",,,0","24.51",",0","33.37",",,,0","15.64",",,,0"
"USC00293577","2003-09","33.3216","-108.8794","1440.2","GLENWOOD, NM US","684.2","0","83.7",",0","5",",0","4",",0","0",",0","0",",0","0",",0","0",",0","0",",0","0",",0","30",",0","12",",0","","","20030927",",,0","20030930","+,,0","20030930","+,,0","4","","20030910",",,0","20030930","+,,0","5.6",",0,27,","0",",,0,30,+","0",",,0,30,+","24.1",",,0,10,","34.4",",0,30,+","0.0","0","0.0",",0","36.2",",,,0","0",",,,0","21.12",",0","31.36",",,,0","10.89",",,,0"
"USC00293577","2003-10","33.3216","-108.8794","1440.2","GLENWOOD, NM US","694.2","0","10.0","1,0","3",",0","2",",0","1",",0","0",",0","0",",0","0",",0","5",",0","0","1,0","29","1,0","2","1,0","","","20031027",",,0","20031031","+,,0","20031031","+,,0","2","","20031008",",,0","20031001",",1,0","-3.3",",0,27,","0",",,0,31,+","0",",,0,31,+","30.5",",,0,08,","32.8","1,0,01,","55.5","0","55.5","1,0","35.1",",,,0","0",",,,0","16.90","1,0","27.66","1,,,0","6.14",",,,0"
"USC00293577","2003-11","33.3216","-108.8794","1440.2","GLENWOOD, NM US","694.2","0","0.0",",0","4",",0","3",",0","1",",0","0",",0","0",",0","0",",0","20",",0","0",",0","9",",0","0",",0","","","20031125",",,0","20031130","+,,0","20031130","+,,0","","","20031113",",,0","20031101",",,0","-12.2",",0,25,","0",",,0,30,+","0",",,0,30,+","34.8",",,0,13,","25.0",",0,01,","349.1","0","293.6",",0","52.1",",,,0","0",",,,0","8.55",",0","18.24",",,,0","-1.15",",,,0"
"USC00293577","2003-12","33.3216","-108.8794","1440.2","GLENWOOD, NM US","694.2","0","0.0",",0","3",",0","1",",0","0",",0","0",",0","0",",0","0",",0","29",",0","0",",0","2",",0","0",",0","","","20031229",",,0","20031231","+,,0","20031231","+,,0","","","20031208",",,0","20031202",",,0","-13.3",",0,29,","0",",,0,31,+","0",",,0,31,+","5.8",",,0,08,","23.3",",0,02,","790.3","0","441.2",",0","7.1",",,,0","0",",,,0","4.10",",0","14.37",",,,0","-6.17",",,,0"
"USC00293577","2004-01","33.3216","-108.8794","1440.2","GLENWOOD, NM US","0.0","0","0.0",",0","8",",0","4",",0","1",",0","0",",0","1",",0","0",",0","25",",0","0",",0","0",",0","0",",0","1","","20040105",",,0","20040131","+,,0","20040124",",,0","","","20040115",",,0","20040108",",,0","-11.1",",0,05,","0",",,0,31,+","30",",,0,24,","26.4",",,0,15,","18.3",",0,08,","1196.6","0","406.3",",0","53.4",",,,0","30",",,,0","5.23",",0","13.49",",,,0","-3.04",",,,0"
"USC00293577","2004-02","33.3216","-108.8794","1440.2","GLENWOOD, NM US","0.0","0","0.0",",0","6",",0","3",",0","0",",0","0",",0","0",",0","0",",0","28",",0","0",",0","2",",0","0",",0","","","20040213","+,,0","20040229","+,,0","20040206",",,0","1","","20040228",",,0","20040218",",,0","-10.0",",0,13,+","0",",,0,29,+","13",",,0,06,","12.7",",,0,28,","22.8",",0,18,","1602.3","0","405.7",",0","24.4",",,,0","23",",,,0","4.34",",0","13.60",",,,0","-4.91",",,,0"
"USC00293577","2004-03","33.3216","-108.8794","1440.2","GLENWOOD, NM US","0.0","0","0.0",",0","6",",0","2",",0","0",",0","1",",0","0",",0","0",",0","9",",0","0",",0","23",",0","0",",0","","","20040301",",,0","20040305",",,0","20040305",",,0","1","","20040304",",,0","20040320",",,0","-6.1",",0,01,","25",",,0,05,","13",",,0,05,","19.3",",,0,04,","29.4",",0,20,","1806.5","0","204.2",",0","41.1",",,,0","18",",,,0","11.75",",0","21.46",",,,0","2.03",",,,0"
"USC00293577","2004-04","33.3216","-108.8794","1440.2","GLENWOOD, NM US","0.0","0","0.0",",0","10",",0","6",",0","0",",0","0",",0","0",",0","0",",0","9",",0","0",",0","21",",0","0",",0","","","20040430",",,0","20040430","+,,0","20040430","+,,0","8","","20040403",",,0","20040425",",,0","-1.7",",0,30,","0",",,0,30,+","0",",,0,30,+","17.0",",,0,03,","26.7",",0,25,","2001.3","0","194.8",",0","59.7",",,,0","0",",,,0","11.84",",0","21.42",",,,0","2.26",",,,0"
"USC00293577","2004-05","33.3216","-108.8794","1440.2","GLENWOOD, NM US","15.3","0","15.3",",0","1",",0","0",",0","0",",0","0",",0","0",",0","0",",0","0",",0","0",",0","31",",0","1",",0","","","20040504","+,,0","20040531","+,,0","20040531","+,,0","","","20040527",",,0","20040531",",,0","1.1",",0,04,+","0",",,0,31,+","0",",,0,31,+","1.0",",,0,27,","32.8",",0,31,","2052.2","0","50.9",",0","1.0",",,,0","0",",,,0","17.18",",0","29.05",",,,0","5.32",",,,0"
"USC00293577","2004-06","33.3216","-108.8794","1440.2","GLENWOOD, NM US","100.9","0","85.6",",0","2",",0","0",",0","0",",0","0",",0","0",",0","0",",0","0",",0","0",",0","30",",0","22",",0","","","20040617",",,0","20040630","+,,0","20040630","+,,0","6","","20040628",",,0","20040606","+,,0","3.9",",0,17,","0",",,0,30,+","0",",,0,30,+","2.0",",,0,28,","36.7",",0,06,+","2053.6","0","1.4",",0","2.5",",,,0","0",",,,0","21.14",",0","33.29",",,,0","8.99",",,,0"
"USC00293577","2004-07","33.3216","-108.8794","1440.2","GLENWOOD, NM US","266.7","0","165.8",",0","12",",0","6",",0","0",",0","0",",0","0",",0","0",",0","0",",0","0",",0","31",",0","25",",0","","","20040701",",,0","20040731","+,,0","20040731","+,,0","17","","20040723",",,0","20040718","+,,0","7.2",",0,01,","0",",,0,31,+","0",",,0,31,+","7.1",",,0,23,","37.2",",0,18,+","0.0","0","0.0",",0","30.7",",,,0","0",",,,0","23.68",",0","33.78",",,,0","13.59",",,,0"
"USC00293577","2004-08","33.3216","-108.8794","1440.2","GLENWOOD, NM US","364.9","0","98.2","1,0","14",",0","8",",0","0",",0","0",",0","0",",0","0","1,0","0","1,0","0","1,0","30","1,0","14","1,0","","","20040827",",1,0","20040831","+,,0","20040831","+,,0","16","","20040802",",,0","20040808",",1,0","6.1","1,0,27,","0",",,0,31,+","0",",,0,31,+","21.6",",,0,02,","35.0","1,0,08,","0.0","0","0.0","1,0","58.8",",,,0","0",",,,0","21.61","1,0","30.76","1,,,0","12.45","1,,,0"
"USC00293577","2004-09","33.3216","-108.8794","1440.2","GLENWOOD, NM US","396.3","0","31.4","1,0","11",",0","8",",0","0",",0","0",",0","0",",0","0","1,0","0","1,0","0",",0","29",",0","8",",0","","","20040922","+,1,0","20040930","+,,0","20040930","+,,0","8","","20040919",",,0","20040911",",,0","5.6","1,0,22,+","0",",,0,30,+","0",",,0,30,+","16.8",",,0,19,","34.4",",0,11,","17.2","0","17.2",",0","54.2",",,,0","0",",,,0","18.87","1,0","28.89",",,,0","8.85","1,,,0"
"USC00293577","2004-10","33.3216","-108.8794","1440.2","GLENWOOD, NM US","396.3","0","0.0",",0","6",",0","4",",0","1",",0","0",",0","0",",0","0",",0","6",",0","0",",0","21",",0","0",",0","","","20041023",",,0","20041031","+,,0","20041031","+,,0","3","","20041027",",,0","20041004",",,0","-2.8",",0,23,","0",",,0,31,+","0",",,0,31,+","26.2",",,0,27,","28.9",",0,04,","172.0","0","154.8",",0","51.3",",,,0","0",",,,0","13.34",",0","22.83",",,,0","3.85",",,,0"
"USC00293577","2004-11","33.3216","-108.8794","1440.2","GLENWOOD, NM US","396.3","0","0.0","1,0","9",",0","7",",0","0",",0","0",",0","1",",0","0",",0","17",",0","0","1,0","0","1,0","0","1,0","","","20041130",",,0","20041128",",,0","20041128",",,0","2","","20041123",",,0","20041108","+,1,0","-9.4",",0,30,","0",",T,0,28,","38",",,0,28,","14.5",",,0,23,","20.6","1,0,08,+","494.4","0","322.4","1,0","48.9",",,,0","38",",,,0","7.37","1,0","15.33","1,,,0","-0.59",",,,0"
"USC00293577","2004-12","33.3216","-108.8794","1440.2","GLENWOOD, NM US","396.3","0","0.0",",0","4",",0","4",",0","0",",0","0",",0","0",",0","0",",0","29",",0","0",",0","2",",0","0",",0","","","20041225",",,0","20041231","+,,0","20041206",",,0","","","20041230",",,0","20041212",",,0","-12.8",",0,25,","0",",,0,31,+","0",",T,0,06,","11.7",",,0,30,","21.7",",0,12,","944.1","0","449.7",",0","39.4",",,,0","0",",T,,0","3.83",",0","13.15",",,,0","-5.50",",,,0"
"USC00293577","2005-01","33.3216","-108.8794","1440.2","GLENWOOD, NM US","0.0","0","0.0",",0","8",",0","7",",0","0",",0","0",",0","0",",0","0",",0","24",",0","0",",0","0",",0","0",",0","1","","20050113","+,,0","20050131","+,,0","20050105",",,0","","","20050127",",,0","20050119",",,0","-8.3",",0,13,+","0",",,0,31,+","5",",,0,05,","15.0",",,0,27,","19.4",",0,19,","1332.2","0","388.1",",0","73.5",",,,0","5",",,,0","5.81",",0","13.97",",,,0","-2.35",",,,0"
"USC00293577","2005-02","33.3216","-108.8794","1440.2","GLENWOOD, NM US","0.0","0","0.0",",0","15",",0","13",",0","1",",0","0",",0","0",",0","0",",0","15",",0","0",",0","0",",0","0",",0","5","","20050203",",,0","20050228","+,,0","20050225","+,,0","3","","20050211",",,0","20050217","+,,0","-8.9",",0,03,","0",",,0,28,+","0",",T,0,25,+","28.7",",,0,11,","18.3",",0,17,+","1659.8","0","327.6",",0","118.7",",,,0","0",",T,,0","6.63",",0","13.11",",,,0","0.16",",,,0"
"USC00293577","2005-03","33.3216","-108.8794","1440.2","GLENWOOD, NM US","0.0","0","0.0",",0","4",",0","2",",0","0",",0","0",",0","0",",0","0",",0","22",",0","0",",0","8",",0","0",",0","","","20050318","+,,0","20050331","+,,0","20050331","+,,0","","","20050306",",,0","20050310",",,0","-6.1",",0,18,+","0",",,0,31,+","0",",,0,31,+","13.2",",,0,06,","23.9",",0,10,","1972.4","0","312.6",",0","18.3",",,,0","0",",,,0","8.25",",0","17.45",",,,0","-0.95",",,,0"
"USC00293577","2005-04","33.3216","-108.8794","1440.2","GLENWOOD, NM US","0.0","0","0.0","1,0","3",",0","1",",0","0",",0","0",",0","0",",0","0","1,0","12","1,0","0",",0","25",",0","0",",0","","","20050401",",1,0","20050430","+,,0","20050430","+,,0","3","","20050424",",,0","20050415",",,0","-5.6","1,0,01,","0",",,0,30,+","0",",,0,30,+","15.7",",,0,24,","27.8",",0,15,","2151.5","0","179.1",",0","16.5",",,,0","0",",,,0","12.16","1,0","23.46",",,,0","0.87","1,,,0"
"USC00293577","2005-05","33.3216","-108.8794","1440.2","GLENWOOD, NM US","41.2","0","41.2","1,0","0","1,0","0","1,0","0","1,0","0",",0","0",",0","0","1,0","2","1,0","0","1,0","30","1,0","8","1,0","","","20050513","+,1,0","20050531","+,,0","20050531","+,,0","","","20050529","+,1,0","20050522",",1,0","0.0","1,0,13,+","0",",,0,31,+","0",",,0,31,+","0.0","1,T,0,29,+","37.2","1,0,22,","2219.4","0","67.9","1,0","0.0","1,T,,0","0",",,,0","17.44","1,0","28.93","1,,,0","5.95","1,,,0"
"USC00293577","2005-06","33.3216","-108.8794","1440.2","GLENWOOD, NM US","139.9","0","98.7",",0","1",",0","1",",0","0",",0","0",",0","0",",0","0",",0","0",",0","0",",0","30",",0","18",",0","","","20050609","+,,0","20050630","+,,0","20050630","+,,0","2","","20050622",",,0","20050630","+,,0","3.3",",0,09,+","0",",,0,30,+","0",",,0,30,+","2.5",",,0,22,","37.8",",0,30,+","2228.9","0","9.5",",0","2.5",",,,0","0",",,,0","21.31",",0","32.95",",,,0","9.66",",,,0"
"USC00293577","2005-07","33.3216","-108.8794","1440.2","GLENWOOD, NM US","328.7","0","188.8","1,0","11",",0","5",",0","0",",0","0",",0","0",",0","0",",0","0",",0","0","1,0","30","1,0","26","1,0","","","20050712","+,,0","20050731","+,,0","20050731","+,,0","17","","20050724",",,0","20050715",",1,0","10.0",",0,12,+","0",",,0,31,+","0",",,0,31,+","23.9",",,0,24,","38.3","1,0,15,","0.0","0","0.0","1,0","53.7",",,,0","0",",,,0","24.56","1,0","35.16","1,,,0","13.96",",,,0"
"USC00293577","2005-08","33.3216","-108.8794","1440.2","GLENWOOD, NM US","457.3","0","128.6",",0","11",",0","7",",0","0",",0","0",",0","0",",0","0",",0","0",",0","0",",0","31",",0","13",",0","","","20050829",",,0","20050831","+,,0","20050831","+,,0","20","","20050823",",,0","20050831","+,,0","9.4",",0,29,","0",",,0,31,+","0",",,0,31,+","24.6",",,0,23,","34.4",",0,31,+","0.0","0","0.0",",0","84.8",",,,0","0",",,,0","22.48",",0","31.15",",,,0","13.81",",,,0"
"USC00293577","2005-09","33.3216","-108.8794","1440.2","GLENWOOD, NM US","524.4","0","67.1",",0","8",",0","3",",0","1",",0","0",",0","0",",0","0",",0","0",",0","0",",0","30",",0","8",",0","","","20050916",",,0","20050930","+,,0","20050930","+,,0","9","","20050903",",,0","20050927","+,,0","1.7",",0,16,","0",",,0,30,+","0",",,0,30,+","32.3",",,0,03,","33.9",",0,27,+","10.3","0","10.3",",0","52.6",",,,0","0",",,,0","20.23",",0","29.87",",,,0","10.59",",,,0"
"USC00293577","2005-10","33.3216","-108.8794","1440.2","GLENWOOD, NM US","534.7","0","10.3",",0","4",",0","3",",0","0",",0","0",",0","0",",0","0",",0","3",",0","0",",0","29",",0","0",",0","","","20051028",",,0","20051031","+,,0","20051031","+,,0","6","","20051009",",,0","20051005",",,0","-1.1",",0,28,","0",",,0,31,+","0",",,0,31,+","20.3",",,0,09,","31.1",",0,05,","128.9","0","118.6",",0","39.4",",,,0","0",",,,0","14.84",",0","24.65",",,,0","5.03",",,,0"
"USC00293577","2005-11","33.3216","-108.8794","1440.2","GLENWOOD, NM US","534.7","0","0.0",",0","1",",0","0",",0","0",",0","0",",0","0",",0","0",",0","25",",0","0",",0","14",",0","0",",0","","","20051128","+,,0","20051130","+,,0","20051130","+,,0","","","20051127",",,0","20051109",",,0","-8.9",",0,28,+","0",",,0,30,+","0",",,0,30,+","1.0",",,0,27,","27.2",",0,09,","408.7","0","279.8",",0","1.0",",,,0","0",",,,0","9.01",",0","20.76",",,,0","-2.75",",,,0"
"USC00293577","2005-12","33.3216","-108.8794","1440.2","GLENWOOD, NM US","534.7","0","0.0",",0","1",",0","1",",0","0",",0","0",",0","0",",0","0",",0","30",",0","0",",0","2",",0","0",",0","1","","20051207","+,,0","20051231","+,,0","20051231","+,,0","","","20051213",",,0","20051224","+,,0","-13.3",",0,07,+","0",",,0,31,+","0",",,0,31,+","4.6",",,0,13,","22.2",",0,24,+","821.5","0","412.8",",0","4.6",",,,0","0",",,,0","5.02",",0","16.07",",,,0","-6.04",",,,0"
"USC00293577","2006-01","33.3216","-108.8794","1440.2","GLENWOOD, NM US","0.0","0","0.0",",0","1",",0","1",",0","0",",0","0",",0","0",",0","0",",0","28",",0","0",",0","0",",0","0",",0","","","20060112",",,0","20060131","+,,0","20060131","+,,0","1","","20060125",",,0","20060109","+,,0","-9.4",",0,12,","0",",,0,31,+","0",",,0,31,+","7.6",",,0,25,","20.6",",0,09,+","1221.7","0","400.2",",0","7.6",",,,0","0",",,,0","5.42",",0","16.50",",,,0","-5.65",",,,0"
"USC00293577","2006-02","33.3216","-108.8794","1440.2","GLENWOOD, NM US","0.0","0","0.0",",0","1",",0","0",",0","0",",0","0",",0","0",",0","0",",0","24",",0","0",",0","3",",0","0",",0","","","20060212",",,0","20060228","+,,0","20060228","+,,0","1","","20060218",",,0","20060228",",,0","-12.2",",0,12,","0",",,0,28,+","0",",,0,28,+","1.3",",,0,18,","25.0",",0,28,","1531.9","0","310.2",",0","1.3",",,,0","0",",,,0","7.26",",0","18.54",",,,0","-4.03",",,,0"
"USC00293577","2006-03","33.3216","-108.8794","1440.2","GLENWOOD, NM US","0.0","0","0.0",",0","6",",0","2",",0","0",",0","0",",0","0",",0","0",",0","24",",0","0",",0","9",",0","0",",0","1","","20060321",",,0","20060331","+,,0","20060312",",,0","","","20060312",",,0","20060302","+,,0","-8.3",",0,21,","0",",,0,31,+","20",",,0,12,","9.9",",,0,12,","25.0",",0,02,+","1842.2","0","310.3",",0","17.0",",,,0","23",",,,0","8.32",",0","18.35",",,,0","-1.71",",,,0"
"USC00293577","2006-04","33.3216","-108.8794","1440.2","GLENWOOD, NM US","0.0","0","0.0",",0","3",",0","1",",0","0",",0","0",",0","0",",0","0",",0","8",",0","0",",0","29",",0","0",",0","","","20060408",",,0","20060430","+,,0","20060430","+,,0","","","20060429",",,0","20060414",",,0","-2.2",",0,08,","0",",,0,30,+","0",",,0,30,+","2.5",",,0,29,","28.9",",0,14,","1977.6","0","135.4",",0","5.3",",,,0","0",",,,0","13.82",",0","25.24",",,,0","2.40",",,,0"
"USC00293577","2006-05","33.3216","-108.8794","1440.2","GLENWOOD, NM US","37.0","0","37.0",",0","2",",0","1",",0","0",",0","0",",0","0",",0","0",",0","0",",0","0",",0","31",",0","5",",0","","","20060505",",,0","20060531","+,,0","20060531","+,,0","","","20060516",",,0","20060525","+,,0","1.7",",0,05,","0",",,0,31,+","0",",,0,31,+","3.3",",,0,16,","32.8",",0,25,+","2004.1","0","26.5",",0","4.3",",,,0","0",",,,0","18.67",",0","29.49",",,,0","7.86",",,,0"
"USC00293577","2006-06","33.3216","-108.8794","1440.2","GLENWOOD, NM US","181.6","0","144.6",",0","3",",0","1",",0","0",",0","0",",0","0",",0","0",",0","0",",0","0",",0","30",",0","24",",0","","","20060601",",,0","20060630","+,,0","20060630","+,,0","","","20060628",",,0","20060613",",,0","10.0",",0,01,","0",",,0,30,+","0",",,0,30,+","7.1",",,0,28,","37.8",",0,13,","2004.1","0","0.0",",0","10.2",",,,0","0",",,,0","23.15",",0","33.50",",,,0","12.80",",,,0"
"USC00293577","2006-07","33.3216","-108.8794","1440.2","GLENWOOD, NM US","357.3","0","175.7",",0","15",",0","12",",0","2",",0","0",",0","0",",0","0",",0","0",",0","0",",0","31",",0","18",",0","","","20060701",",,0","20060731","+,,0","20060731","+,,0","1","","20060707",",,0","20060715","+,,0","12.8",",0,01,","0",",,0,31,+","0",",,0,31,+","36.8",",,0,07,","36.1",",0,15,+","0.0","0","0.0",",0","172.0",",,,0","0",",,,0","24.00",",0","31.78",",,,0","16.22",",,,0"
"USC00293577","2006-08","33.3216","-108.8794","1440.2","GLENWOOD, NM US","468.7","0","111.4",",0","14",",0","11",",0","2",",0","0",",0","0",",0","0",",0","0",",0","0",",0","31",",0","0",",0","","","20060831","+,,0","20060831","+,,0","20060831","+,,0","4","","20060818",",,0","20060812","+,,0","11.7",",0,31,+","0",",,0,31,+","0",",,0,31,+","43.7",",,0,18,","31.1",",0,12,+","0.0","0","0.0",",0","193.4",",,,0","0",",,,0","21.93",",0","29.02",",,,0","14.84",",,,0"
"USC00293577","2006-09","33.3216","-108.8794","1440.2","GLENWOOD, NM US","480.9","0","12.2",",0","8",",0","4",",0","0",",0","0",",0","0",",0","0",",0","0",",0","0",",0","29",",0","0",",0","","","20060922","+,,0","20060930","+,,0","20060930","+,,0","2","","20060901",",,0","20060930","+,,0","4.4",",0,22,+","0",",,0,30,+","0",",,0,30,+","17.0",",,0,01,","29.4",",0,30,+","27.6","0","27.6",",0","44.6",",,,0","0",",,,0","17.82",",0","25.89",",,,0","9.75",",,,0"
"USC00293577","2006-10","33.3216","-108.8794","1440.2","GLENWOOD, NM US","488.1","0","7.2",",0","6",",0","5",",0","0",",0","0",",0","0",",0","0",",0","3",",0","0",",0","20",",0","0",",0","","","20061029",",,0","20061031","+,,0","20061031","+,,0","","","20061009",",,0","20061004",",,0","-1.1",",0,29,","0",",,0,31,+","0",",,0,31,+","20.8",",,0,09,","29.4",",0,04,","159.2","0","131.6",",0","63.1",",,,0","0",",,,0","14.32",",0","23.26",",,,0","5.38",",,,0"
"USC00293577","2006-11","33.3216","-108.8794","1440.2","GLENWOOD, NM US","488.1","0","0.0",",0","1",",0","1",",0","0",",0","0",",0","0",",0","0",",0","22",",0","0",",0","19",",0","0",",0","","","20061130",",,0","20061130","+,,0","20061130","+,,0","","","20061127",",,0","20061108",",,0","-10.6",",0,30,","0",",,0,30,+","0",",,0,30,+","2.5",",,0,27,","26.7",",0,08,","418.7","0","259.5",",0","2.5",",,,0","0",",,,0","9.68",",0","20.29",",,,0","-0.93",",,,0"
"USC00293577","2006-12","33.3216","-108.8794","1440.2","GLENWOOD, NM US","488.1","0","0.0",",0","2",",0","2",",0","0",",0","0",",0","0",",0","0",",0","29",",0","0",",0","0",",0","0",",0","","","20061204",",,0","20061231","+,,0","20061228",",,0","","","20061228","+,,0","20061226",",,0","-12.2",",0,04,","0",",,0,31,+","8",",,0,28,","2.5",",,0,28,+","20.6",",0,26,","850.3","0","431.6",",0","5.0",",,,0","8",",,,0","4.41",",0","14.58",",,,0","-5.76",",,,0"
"USC00293577","2007-01","33.3216","-108.8794","1440.2","GLENWOOD, NM US","0.0","0","0.0",",0","8",",0","6",",0","0",",0","1",",0","1",",0","0",",0","28",",0","0",",0","0",",0","0",",0","","","20070115",",,0","20070119",",,0","20070122",",,0","","","20070131","+,,0","20070108",",,0","-11.1",",0,15,","25",",,0,19,","46",",,0,22,","7.4",",,0,31,+","20.6",",0,08,","1291.5","0","441.2",",0","35.2",",,,0","54",",,,0","4.10",",0","12.24",",,,0","-4.04",",,,0"
"USC00293577","2007-02","33.3216","-108.8794","1440.2","GLENWOOD, NM US","0.0","0","0.0","1,0","4",",0","3",",0","0",",0","0",",0","0",",0","0","1,0","24","1,0","0","1,0","3","1,0","0","1,0","","","20070226","+,1,0","20070228","+,,0","20070228","+,,0","","","20070212",",,0","20070210",",1,0","-6.7","1,0,26,+","0",",,0,28,+","0",",,0,28,+","10.2",",,0,12,","21.7","1,0,10,","1599.8","0","308.3","1,0","21.8",",,,0","0",",,,0","6.91","1,0","16.71","1,,,0","-2.88","1,,,0"
"USC00293577","2007-03","33.3216","-108.8794","1440.2","GLENWOOD, NM US","0.0","0","0.0","2,0","4",",0","3",",0","0",",0","0",",0","0",",0","0","2,0","14","2,0","0","2,0","18","2,0","0","2,0","","","20070304",",2,0","20070331","+,,0","20070331","+,,0","","","20070324",",,0","20070317",",2,0","-11.7","2,0,04,","0",",,0,31,+","0",",,0,31,+","22.6",",,0,24,","28.9","2,0,17,","1830.4","0","230.6","2,0","51.5",",,,0","0",",,,0","10.38","2,0","21.07","2,,,0","-0.31","2,,,0"
"USC00293577","2007-04","33.3216","-108.8794","1440.2","GLENWOOD, NM US","0.0","0","0.0",",0","3",",0","1",",0","0",",0","0",",0","0",",0","0",",0","11",",0","0",",0","23",",0","0",",0","","","20070423","+,,0","20070430","+,,0","20070430","+,,0","","","20070413",",,0","20070406","+,,0","-2.2",",0,23,+","0",",,0,30,+","0",",,0,30,+","4.3",",,0,13,","27.2",",0,06,+","1990.2","0","159.8",",0","6.9",",,,0","0",",,,0","13.01",",0","23.13",",,,0","2.88",",,,0"
"USC00293577","2007-05","33.3216","-108.8794","1440.2","GLENWOOD, NM US","3.9","0","3.9","2,0","2",",0","1",",0","0",",0","0",",0","0",",0","0","2,0","0","2,0","0","2,0","28","2,0","0","2,0","","","20070504",",2,0","20070531","+,,0","20070531","+,,0","1","","20070517",",,0","20070511","+,2,0","1.7","2,0,04,","0",",,0,31,+","0",",,0,31,+","16.8",",,0,17,","30.0","2,0,11,+","2039.4","0","49.2","2,0","18.1",",,,0","0",",,,0","16.77","2,0","26.66","2,,,0","6.88","2,,,0"
"USC00293577","2007-06","33.3216","-108.8794","1440.2","GLENWOOD, NM US","103.2","0","99.3","2,0","1","2,0","1","2,0","0","2,0","0","2,0","0","2,0","0","2,0","0","2,0","0","2,0","28","2,0","19","2,0","","","20070601",",2,0","20070630","+,2,0","20070630","+,2,0","","","20070611",",2,0","20070630",",2,0","5.6","2,0,01,","0","2,,0,30,+","0","2,,0,30,+","5.1","2,,0,11,","36.7","2,0,30,","2041.1","0","1.7","2,0","5.1","2,,,0","0","2,,,0","21.82","2,0","32.88","2,,,0","10.76","2,,,0"
"USC00293577","2007-07","33.3216","-108.8794","1440.2","GLENWOOD, NM US","259.2","0","156.0",",0","16",",0","12",",0","1",",0","0",",0","0",",0","0",",0","0",",0","0",",0","31",",0","17",",0","","","20070702",",,0","20070731","+,,0","20070731","+,,0","4","","20070724",",,0","20070704","+,,0","9.4",",0,02,","0",",,0,31,+","0",",,0,31,+","45.0",",,0,24,","38.9",",0,04,+","0.0","0","0.0",",0","123.0",",,,0","0",",,,0","23.37",",0","31.98",",,,0","14.75",",,,0"
"USC00293577","2007-08","33.3216","-108.8794","1440.2","GLENWOOD, NM US","401.9","0","142.7","1,0","12",",0","8",",0","1",",0","0",",0","0",",0","0","1,0","0","1,0","0","1,0","30","1,0","12","1,0","","","20070831",",1,0","20070831","+,,0","20070831","+,,0","1","","20070824",",,0","20070822","+,1,0","12.8","1,0,31,","0",",,0,31,+","0",",,0,31,+","33.3",",,0,24,","34.4","1,0,22,+","0.0","0","0.0","1,0","102.1",",,,0","0",",,,0","23.09","1,0","30.83","1,,,0","15.35","1,,,0"
"USC00293577","2007-09","33.3216","-108.8794","1440.2","GLENWOOD, NM US","460.4","0","58.5",",0","8",",0","4",",0","0",",0","0",",0","0",",0","0",",0","0",",0","0",",0","30",",0","2",",0","","","20070919",",,0","20070930","+,,0","20070930","+,,0","","","20070923",",,0","20070914","+,,0","6.7",",0,19,","0",",,0,30,+","0",",,0,30,+","6.9",",,0,23,","32.2",",0,14,+","5.0","0","5.0",",0","24.4",",,,0","0",",,,0","20.11",",0","28.80",",,,0","11.43",",,,0"
"USC00293577","2007-10","33.3216","-108.8794","1440.2","GLENWOOD, NM US","467.3","0","6.9","2,0","0",",0","0",",0","0",",0","0",",0","0",",0","0","2,0","7","2,0","0","2,0","28","2,0","0","2,0","","","20071023",",2,0","20071031","+,,0","20071031","+,,0","","","20071010","+,,0","20071011",",2,0","-4.4","2,0,23,","0",",,0,31,+","0",",,0,31,+","0.0",",T,0,10,+","28.9","2,0,11,","112.3","0","107.3","2,0","0.0",",T,,0","0",",,,0","14.87","2,0","25.68","2,,,0","4.06","2,,,0"
"USC00293577","2007-11","33.3216","-108.8794","1440.2","GLENWOOD, NM US","467.3","0","0.0",",0","3","1,0","1","1,0","0","1,0","0",",0","0",",0","0",",0","12",",0","0",",0","20",",0","0",",0","","","20071125",",,0","20071130","+,,0","20071130","+,,0","","","20071130",",1,0","20071105",",,0","-5.0",",0,25,","0",",,0,30,+","0",",,0,30,+","6.6","1,,0,30,","26.7",",0,05,","327.4","0","215.1",",0","7.4","1,,,0","0",",,,0","11.16",",0","21.44",",,,0","0.89",",,,0"
"USC00293577","2007-12","33.3216","-108.8794","1440.2","GLENWOOD, NM US","467.3","0","0.0",",0","10",",0","7",",0","1",",0","0",",0","0",",0","0",",0","25",",0","0",",0","3",",0","0",",0","","","20071230","+,,0","20071231","+,,0","20071214",",,0","","","20071201",",,0","20071205","+,,0","-10.6",",0,30,+","0",",,0,31,+","0",",T,0,14,","50.8",",,0,01,","24.4",",0,05,+","751.1","0","423.7",",0","88.3",",,,0","0",",T,,0","4.67",",0","13.14",",,,0","-3.81",",,,0"
"USC00293577","2008-01","33.3216","-108.8794","1440.2","GLENWOOD, NM US","0.0","0","0.0",",0","6",",0","5",",0","1",",0","1",",0","0",",0","0",",0","25",",0","0",",0","0",",0","0",",0","","","20080121","+,,0","20080131",",,0","20080131",",,0","","","20080128",",,0","20080111","+,,0","-10.6",",0,21,+","25",",,0,31,","8",",,0,31,","30.5",",,0,28,","17.2",",0,11,+","1183.2","0","432.1",",0","51.5",",,,0","8",",,,0","4.40",",0","12.67",",,,0","-3.88",",,,0"
"USC00293577","2008-02","33.3216","-108.8794","1440.2","GLENWOOD, NM US","0.0","0","0.0",",0","4",",0","1",",0","0",",0","1","1,0","1",",0","0",",0","23",",0","0",",0","4",",0","0",",0","","","20080206",",,0","20080215",",1,0","20080215",",,0","","","20080215",",,0","20080229","+,,0","-8.9",",0,06,","25","1,,0,15,","76",",,0,15,","21.6",",,0,15,","23.3",",0,29,+","1509.3","0","326.1",",0","24.2",",,,0","84",",,,0","7.09",",0","16.51",",,,0","-2.34",",,,0"
"USC00293577","2008-03","33.3216","-108.8794","1440.2","GLENWOOD, NM US","0.0","0","0.0","1,0","0",",0","0",",0","0",",0","0",",0","0",",0","0","1,0","28","1,0","0","1,0","17","1,0","0","1,0","","","20080304",",1,0","20080331","+,,0","20080331","+,,0","","","20080331","+,,0","20080326","+,1,0","-7.8","1,0,04,","0",",,0,31,+","0",",,0,31,+","0.0",",,0,31,+","23.9","1,0,26,+","1793.5","0","284.2","1,0","0.0",",,,0","0",",,,0","8.86","1,0","19.87","1,,,0","-2.15","1,,,0"
"USC00293577","2008-04","33.3216","-108.8794","1440.2","GLENWOOD, NM US","0.0","0","0.0","1,0","0",",0","0",",0","0",",0","0",",0","0",",0","0",",0","22",",0","0","1,0","26","1,0","0","1,0","","","20080413",",,0","20080430","+,,0","20080430","+,,0","","","20080409",",,0","20080430","+,1,0","-3.9",",0,13,","0",",,0,30,+","0",",,0,30,+","0.0",",T,0,09,","26.7","1,0,30,+","1986.8","0","193.3","1,0","0.0",",T,,0","0",",,,0","11.64","1,0","23.51","1,,,0","-0.22",",,,0"
"USC00293577","2008-05","33.3216","-108.8794","1440.2","GLENWOOD, NM US","6.7","0","6.7",",0","3",",0","1",",0","0",",0","0",",0","0",",0","0",",0","0",",0","0",",0","30",",0","4",",0","","","20080501",",,0","20080531","+,,0","20080531","+,,0","","","20080523",",,0","20080520",",,0","0.6",",0,01,","0",",,0,31,+","0",",,0,31,+","20.8",",,0,23,","35.0",",0,20,","2082.1","0","95.3",",0","22.4",",,,0","0",",,,0","15.47",",0","26.67",",,,0","4.28",",,,0"
"USC00293577","2008-06","33.3216","-108.8794","1440.2","GLENWOOD, NM US","103.0","0","96.3",",0","2",",0","1",",0","0",",0","0",",0","0",",0","0",",0","0",",0","0",",0","30",",0","21",",0","","","20080604",",,0","20080630","+,,0","20080630","+,,0","","","20080621",",,0","20080618","+,,0","2.8",",0,04,","0",",,0,30,+","0",",,0,30,+","9.1",",,0,21,","36.1",",0,18,+","2088.3","0","6.2",",0","9.4",",,,0","0",",,,0","21.34",",0","32.74",",,,0","9.93",",,,0"
"USC00293577","2008-07","33.3216","-108.8794","1440.2","GLENWOOD, NM US","231.6","0","128.6","1,0","16",",0","10",",0","0",",0","0",",0","0",",0","0",",0","0",",0","0","1,0","30","1,0","7","1,0","","","20080702","+,,0","20080731","+,,0","20080731","+,,0","1","","20080711",",,0","20080731",",1,0","12.2",",0,02,+","0",",,0,31,+","0",",,0,31,+","18.3",",,0,11,","35.6","1,0,31,","0.0","0","0.0","1,0","79.3",",,,0","0",",,,0","22.61","1,0","30.21","1,,,0","15.01",",,,0"
"USC00293577","2008-08","33.3216","-108.8794","1440.2","GLENWOOD, NM US","361.1","0","129.5",",0","14",",0","8",",0","1",",0","0",",0","0",",0","0",",0","0",",0","0",",0","31",",0","10",",0","","","20080822","+,,0","20080831","+,,0","20080831","+,,0","2","","20080827",",,0","20080803","+,,0","11.1",",0,22,+","0",",,0,31,+","0",",,0,31,+","38.9",",,0,27,","33.9",",0,03,+","0.0","0","0.0",",0","105.9",",,,0","0",",,,0","22.51",",0","30.74",",,,0","14.28",",,,0"
"USC00293577","2008-09","33.3216","-108.8794","1440.2","GLENWOOD, NM US","387.4","0","26.3",",0","7",",0","4",",0","1",",0","0",",0","0",",0","0",",0","0",",0","0",",0","30",",0","0",",0","","","20080930",",,0","20080930","+,,0","20080930","+,,0","","","20080910",",,0","20080907","+,,0","5.0",",0,30,","0",",,0,30,+","0",",,0,30,+","29.7",",,0,10,","30.6",",0,07,+","14.4","0","14.4",",0","50.8",",,,0","0",",,,0","18.73",",0","28.00",",,,0","9.46",",,,0"
"USC00293577","2008-10","33.3216","-108.8794","1440.2","GLENWOOD, NM US","388.5","0","1.1",",0","3",",0","2",",0","0",",0","0",",0","0",",0","0",",0","3",",0","0",",0","29",",0","0",",0","","","20081023",",,0","20081031","+,,0","20081031","+,,0","1","","20081005",",,0","20081027","+,,0","-3.3",",0,23,","0",",,0,31,+","0",",,0,31,+","23.9",",,0,05,","30.6",",0,27,+","125.1","0","110.7",",0","39.9",",,,0","0",",,,0","14.80",",0","25.31",",,,0","4.28",",,,0"
"USC00293577","2008-11","33.3216","-108.8794","1440.2","GLENWOOD, NM US","388.5","0","0.0",",0","2",",0","1",",0","0",",0","0",",0","0",",0","0",",0","19",",0","0",",0","12",",0","0",",0","1","","20081109",",,0","20081130","+,,0","20081130","+,,0","","","20081127",",,0","20081102","+,,0","-7.2",",0,09,","0",",,0,30,+","0",",,0,30,+","20.3",",,0,27,","26.1",",0,02,+","389.5","0","264.4",",0","20.6",",,,0","0",",,,0","9.52",",0","20.18",",,,0","-1.14",",,,0"
"USC00293577","2008-12","33.3216","-108.8794","1440.2","GLENWOOD, NM US","388.5","0","0.0",",0","7",",0","7",",0","0",",0","1",",0","0",",0","0",",0","22",",0","0",",0","1",",0","0",",0","","","20081228",",,0","20081209",",,0","20081209",",,0","","","20081223",",,0","20081202",",,0","-9.4",",0,28,","25",",,0,09,","13",",,0,09,","13.0",",,0,23,","21.7",",0,02,","776.8","0","387.3",",0","35.0",",,,0","13",",,,0","5.84",",0","14.13",",,,0","-2.45",",,,0"
"USC00293577","2009-01","33.3216","-108.8794","1440.2","GLENWOOD, NM US","0.0","0","0.0",",0","3",",0","1",",0","0",",0","0",",0","0",",0","0",",0","28",",0","0",",0","0",",0","0",",0","","","20090131","+,,0","20090131","+,,0","20090131","+,,0","","","20090105",",,0","20090108",",,0","-7.2",",0,31,+","0",",,0,31,+","0",",,0,31,+","5.6",",,0,05,","20.0",",0,08,","1141.6","0","364.8",",0","8.4",",,,0","0",",,,0","6.56",",0","16.93",",,,0","-3.80",",,,0"
"USC00293577","2009-02","33.3216","-108.8794","1440.2","GLENWOOD, NM US","0.0","0","0.0",",0","2",",0","2",",0","0",",0","1",",0","1",",0","0",",0","27",",0","0",",0","9",",0","0",",0","","","20090214",",,0","20090210",",,0","20090210",",,0","","","20090210",",,0","20090223",",,0","-9.4",",0,14,","51",",,0,10,","58",",,0,10,","5.1",",,0,10,","24.4",",0,23,","1458.1","0","316.5",",0","7.6",",,,0","58",",,,0","7.03",",0","18.23",",,,0","-4.17",",,,0"
"USC00293577","2009-03","33.3216","-108.8794","1440.2","GLENWOOD, NM US","0.0","0","0.0",",0","3",",0","2",",0","0",",0","0",",0","0",",0","0",",0","20",",0","0",",0","13",",0","0",",0","","","20090308",",,0","20090331","+,,0","20090331","+,,0","","","20090309",",,0","20090302",",,0","-6.1",",0,08,","0",",,0,31,+","0",",,0,31,+","6.4",",,0,09,","27.2",",0,02,","1715.2","0","257.1",",0","11.0",",,,0","0",",,,0","10.04",",0","20.70",",,,0","-0.62",",,,0"
"USC00293577","2009-04","33.3216","-108.8794","1440.2","GLENWOOD, NM US","0.0","0","0.0",",0","2",",0","0",",0","0",",0","0",",0","0",",0","0",",0","11",",0","0",",0","22",",0","0",",0","","","20090417",",,0","20090430","+,,0","20090430","+,,0","","","20090411",",,0","20090430","+,,0","-4.4",",0,17,","0",",,0,30,+","0",",,0,30,+","2.0",",,0,11,","28.3",",0,30,+","1901.2","0","186.0",",0","3.5",",,,0","0",",,,0","12.13",",0","23.32",",,,0","0.95",",,,0"
"USC00293577","2009-05","33.3216","-108.8794","1440.2","GLENWOOD, NM US","12.6","0","12.6",",0","5",",0","3",",0","0",",0","0",",0","0",",0","0",",0","0",",0","0",",0","30",",0","3",",0","1","","20090501",",,0","20090531","+,,0","20090531","+,,0","","","20090522",",,0","20090509","+,,0","1.7",",0,01,","0",",,0,31,+","0",",,0,31,+","12.7",",,0,22,","32.2",",0,09,+","1929.0","0","27.8",",0","26.7",",,,0","0",",,,0","17.84",",0","28.18",",,,0","7.51",",,,0"
"USC00293577","2009-06","33.3216","-108.8794","1440.2","GLENWOOD, NM US","69.2","0","56.6",",0","7",",0","6",",0","0",",0","0",",0","0",",0","0",",0","0",",0","0",",0","30",",0","3",",0","","","20090612","+,,0","20090630","+,,0","20090630","+,,0","","","20090624",",,0","20090623","+,,0","3.9",",0,12,+","0",",,0,30,+","0",",,0,30,+","22.9",",,0,24,","33.3",",0,23,+","1944.1","0","15.1",",0","62.1",",,,0","0",",,,0","19.72",",0","29.23",",,,0","10.21",",,,0"
"USC00293577","2009-07","33.3216","-108.8794","1440.2","GLENWOOD, NM US","252.0","0","182.8",",0","9",",0","8",",0","1",",0","0",",0","0",",0","0",",0","0",",0","0",",0","31",",0","24",",0","","","20090712","+,,0","20090731","+,,0","20090731","+,,0","1","","20090725",",,0","20090716","+,,0","12.8",",0,12,+","0",",,0,31,+","0",",,0,31,+","25.4",",,0,25,","35.6",",0,16,+","0.0","0","0.0",",0","55.8",",,,0","0",",,,0","24.23",",0","33.21",",,,0","15.25",",,,0"
"USC00293577","2009-08","33.3216","-108.8794","1440.2","GLENWOOD, NM US","390.9","0","138.9","1,0","8",",0","7",",0","1",",0","0",",0","0",",0","0",",0","0",",0","0","1,0","30","1,0","18","1,0","","","20090808",",,0","20090831","+,,0","20090831","+,,0","","","20090824",",,0","20090820",",1,0","8.3",",0,08,","0",",,0,31,+","0",",,0,31,+","25.4",",,0,24,","36.1","1,0,20,","0.0","0","0.0","1,0","64.6",",,,0","0",",,,0","22.87","1,0","32.12","1,,,0","13.63",",,,0"
"USC00293577","2009-09","33.3216","-108.8794","1440.2","GLENWOOD, NM US","431.0","0","40.1",",0","7",",0","5",",0","0",",0","0",",0","0",",0","0",",0","0",",0","0",",0","30",",0","0",",0","","","20090923",",,0","20090930","+,,0","20090930","+,,0","","","20090917",",,0","20090902",",,0","2.2",",0,23,","0",",,0,30,+","0",",,0,30,+","17.0",",,0,17,","31.7",",0,02,","16.7","0","16.7",",0","47.8",",,,0","0",",,,0","19.12",",0","28.30",",,,0","9.93",",,,0"
"USC00293577","2009-10","33.3216","-108.8794","1440.2","GLENWOOD, NM US","434.8","0","3.8",",0","3",",0","1",",0","0",",0","0",",0","0",",0","0",",0","5",",0","0",",0","26",",0","0",",0","","","20091029",",,0","20091031","+,,0","20091031","+,,0","","","20091028",",,0","20091017",",,0","-8.3",",0,29,","0",",,0,31,+","0",",,0,31,+","5.6",",,0,28,","29.4",",0,17,","157.1","0","140.4",",0","6.2",",,,0","0",",,,0","13.93",",0","23.74",",,,0","4.12",",,,0"
"USC00293577","2009-11","33.3216","-108.8794","1440.2","GLENWOOD, NM US","434.8","0","0.0",",0","4",",0","1",",0","0",",0","0",",0","0",",0","0",",0","18",",0","0",",0","12",",0","0",",0","","","20091123","+,,0","20091130","+,,0","20091130","+,,0","","","20091129",",,0","20091102",",,0","-6.7",",0,23,+","0",",,0,30,+","0",",,0,30,+","3.0",",,0,29,","27.8",",0,02,","419.4","0","262.3",",0","5.6",",,,0","0",",,,0","9.59",",0","20.42",",,,0","-1.24",",,,0"
"USC00293577","2009-12","33.3216","-108.8794","1440.2","GLENWOOD, NM US","434.8","0","0.0",",0","2",",0","2",",0","1",",0","0",",0","0",",0","0",",0","30",",0","0",",0","0",",0","0",",0","","","20091205",",,0","20091231","+,,0","20091229",",,0","","","20091208",",,0","20091217",",,0","-12.8",",0,05,","0",",,0,31,+","3",",,0,29,","25.4",",,0,08,","18.3",",0,17,","876.5","0","457.1",",0","32.5",",,,0","3",",,,0","3.59",",0","12.21",",,,0","-5.04",",,,0"
"USC00293577","2010-01","33.3216","-108.8794","1440.2","GLENWOOD, NM US","0.0","0","0.0",",0","8",",0","7",",0","2",",0","0",",0","0",",0","0",",0","27",",0","0",",0","0",",0","0",",0","","","20100109",",,0","20100131","+,,0","20100131","+,,0","","","20100122",",,0","20100106",",,0","-10.6",",0,09,","0",",,0,31,+","0",",,0,31,+","50.8",",,0,22,","18.3",",0,06,","1309.6","0","433.1",",0","113.3",",,,0","0",",,,0","4.36",",0","13.04",",,,0","-4.31",",,,0"
"USC00293577","2010-02","33.3216","-108.8794","1440.2","GLENWOOD, NM US","0.0","0","0.0",",0","6",",0","4",",0","0",",0","0",",0","0",",0","0",",0","24",",0","0",",0","0",",0","0",",0","","","20100209","+,,0","20100228","+,,0","20100228",",,0","","","20100228","+,,0","20100216","+,,0","-6.7",",0,09,+","0",",,0,28,+","13",",,0,28,","11.4",",,0,28,+","17.8",",0,16,+","1662.9","0","353.3",",0","32.9",",,,0","13",",,,0","5.72",",0","14.09",",,,0","-2.66",",,,0"
"USC00293577","2010-03","33.3216","-108.8794","1440.2","GLENWOOD, NM US","0.0","0","0.0",",0","5",",0","5",",0","0",",0","0",",0","0",",0","0",",0","27",",0","0",",0","7",",0","0",",0","","","20100322","+,,0","20100331","+,,0","20100331","+,,0","","","20100308",",,0","20100331","+,,0","-6.1",",0,22,+","0",",,0,31,+","0",",,0,31,+","16.5",",,0,08,","24.4",",0,31,+","1979.8","0","316.9",",0","36.3",",,,0","0",",,,0","8.11",",0","18.32",",,,0","-2.09",",,,0"
"USC00293577","2010-04","33.3216","-108.8794","1440.2","GLENWOOD, NM US","0.0","0","0.0",",0","3",",0","3",",0","0",",0","0",",0","0",",0","0",",0","11",",0","0",",0","25",",0","0",",0","","","20100409","+,,0","20100430","+,,0","20100430","+,,0","","","20100422",",,0","20100427",",,0","-3.3",",0,09,+","0",",,0,30,+","0",",,0,30,+","3.8",",,0,22,","26.1",",0,27,","2158.4","0","178.6",",0","9.1",",,,0","0",",,,0","12.38",",0","22.66",",,,0","2.10",",,,0"
"USC00293577","2010-05","33.3216","-108.8794","1440.2","GLENWOOD, NM US","4.0","0","4.0",",0","1",",0","0",",0","0",",0","0",",0","0",",0","0",",0","7",",0","0",",0","29",",0","0",",0","","","20100511","+,,0","20100531","+,,0","20100531","+,,0","","","20100502",",,0","20100529","+,,0","-1.7",",0,11,+","0",",,0,31,+","0",",,0,31,+","1.0",",,0,02,","31.7",",0,29,+","2269.9","0","111.5",",0","1.0",",,,0","0",",,,0","14.86",",0","26.51",",,,0","3.22",",,,0"
"USC00293577","2010-06","33.3216","-108.8794","1440.2","GLENWOOD, NM US","82.6","0","78.6",",0","1",",0","0",",0","0",",0","0",",0","0",",0","0",",0","0",",0","0",",0","30",",0","19",",0","","","20100613",",,0","20100630","+,,0","20100630","+,,0","","","20100626",",,0","20100606",",,0","4.4",",0,13,","0",",,0,30,+","0",",,0,30,+","2.0",",,0,26,","38.3",",0,06,","2273.6","0","3.7",",0","2.0",",,,0","0",",,,0","20.83",",0","32.23",",,,0","9.42",",,,0"
"USC00293577","2010-07","33.3216","-108.8794","1440.2","GLENWOOD, NM US","235.2","0","152.6","1,0","11",",0","9",",0","1",",0","0",",0","0",",0","0","1,0","0","1,0","0","1,0","30","1,0","16","1,0","","","20100704",",1,0","20100731","+,,0","20100731","+,,0","","","20100722",",,0","20100719",",1,0","8.9","1,0,04,","0",",,0,31,+","0",",,0,31,+","32.3",",,0,22,","35.6","1,0,19,","0.0","0","0.0","1,0","67.3",",,,0","0",",,,0","23.42","1,0","31.64","1,,,0","15.19","1,,,0"
"USC00293577","2010-08","33.3216","-108.8794","1440.2","GLENWOOD, NM US","384.6","0","149.4",",0","7",",0","7",",0","0",",0","0",",0","0",",0","0",",0","0",",0","0",",0","31",",0","13",",0","","","20100829","+,,0","20100831","+,,0","20100831","+,,0","","","20100825",",,0","20100814","+,,0","11.1",",0,29,+","0",",,0,31,+","0",",,0,31,+","24.1",",,0,25,","35.0",",0,14,+","0.0","0","0.0",",0","56.0",",,,0","0",",,,0","23.15",",0","30.98",",,,0","15.33",",,,0"
"USC00293577","2010-09","33.3216","-108.8794","1440.2","GLENWOOD, NM US","461.0","0","76.4",",0","3",",0","3",",0","0",",0","0",",0","0",",0","0",",0","0",",0","0",",0","30",",0","7",",0","","","20100910",",,0","20100930","+,,0","20100930","+,,0","","","20100923",",,0","20100903",",,0","6.1",",0,10,","0",",,0,30,+","0",",,0,30,+","17.8",",,0,23,","32.8",",0,03,","1.7","0","1.7",",0","36.6",",,,0","0",",,,0","20.82",",0","30.48",",,,0","11.17",",,,0"
"USC00293577","2010-10","33.3216","-108.8794","1440.2","GLENWOOD, NM US","464.7","0","3.7",",0","1",",0","0",",0","0",",0","0",",0","0",",0","0",",0","2",",0","0",",0","27",",0","0",",0","","","20101024",",,0","20101031","+,,0","20101031","+,,0","","","20101022",",,0","20101003","+,,0","-0.6",",0,24,","0",",,0,31,+","0",",,0,31,+","1.3",",,0,22,","30.6",",0,03,+","113.0","0","111.3",",0","1.3",",,,0","0",",,,0","14.86",",0","24.80",",,,0","4.93",",,,0"
"USC00293577","2010-11","33.3216","-108.8794","1440.2","GLENWOOD, NM US","464.7","0","0.0",",0","0",",0","0",",0","0",",0","0",",0","0",",0","0",",0","28",",0","0",",0","9",",0","0",",0","","","20101123",",,0","20101130","+,,0","20101130","+,,0","","","20101129","+,,0","20101103",",,0","-10.0",",0,23,","0",",,0,30,+","0",",,0,30,+","0.0",",T,0,29,+","26.1",",0,03,","444.0","0","331.0",",0","0.0",",T,,0","0",",,,0","7.30",",0","18.37",",,,0","-3.77",",,,0"
"USC00293577","2010-12","33.3216","-108.8794","1440.2","GLENWOOD, NM US","464.7","0","0.0","1,0","3",",0","2",",0","0",",0","1",",0","1",",0","0",",0","24",",0","1","1,0","13","1,0","0","1,0","","","20101231",",,0","20101230",",,0","20101230",",,0","","","20101230",",,0","20101209","+,1,0","-9.4",",0,31,","25",",,0,30,","25",",,0,30,","21.6",",,0,30,","22.8","1,0,09,+","764.7","0","320.7","1,0","28.2",",,,0","25",",,,0","7.57","1,0","17.82","1,,,0","-2.68",",,,0"
"USC00293577","2011-01","33.3216","-108.8794","1440.2","GLENWOOD, NM US","0.0","7","0.0",",7","0",",7","0",",7","0",",7","0",",7","0",",7","0",",7","30",",7","0",",7","2",",7","0",",7","","","20110101",",,7","20110131","+,,7","20110131","+,,7","","","20110131",",,7","20110117",",,7","-15.6",",7,01,","0",",,7,31,+","0",",,7,31,+","0.0",",T,7,31,","23.9",",7,17,","1189.0","7","424.3",",7","0.0",",T,,7","0",",,,7","4.65",",7","15.08",",,,7","-5.78",",,,7"
"USC00293577","2011-02","33.3216","-108.8794","1440.2","GLENWOOD, NM US","0.0","7","0.0",",7","1",",7","0",",7","0",",7","0",",7","0",",7","1",",7","26",",7","0",",7","5",",7","0",",7","","","20110203",",,7","20110227","+,,7","20110227","+,,7","","","20110227",",,7","20110215","+,,7","-18.9",",7,03,","0",",T,7,27,+","0",",T,7,27,+","2.0",",,7,27,","22.8",",7,15,+","1573.4","7","384.4",",7","2.0",",,,7","0",",T,,7","4.60",",7","15.60",",,,7","-6.39",",,,7"
"USC00293577","2011-03","33.3216","-108.8794","1440.2","GLENWOOD, NM US","0.0","7","0.0",",7","0",",7","0",",7","0",",7","0",",7","0",",7","0",",7","23",",7","0",",7","23",",7","0",",7","","","20110301",",,7","20110331","+,,7","20110331","+,,7","","","20110322",",,7","20110331",",,7","-7.2",",7,01,","0",",,7,31,+","0",",,7,31,+","0.0",",T,7,22,","27.8",",7,31,","1811.1","7","237.7",",7","0.0",",T,,7","0",",,,7","10.66",",7","22.69",",,,7","-1.36",",,,7"
"USC00293577","2011-04","33.3216","-108.8794","1440.2","GLENWOOD, NM US","0.6","7","0.6","1,K","1","1,K","0","1,K","0","1,K","","","","","0","1,K","4","1,K","0","1,K","27","1,K","0","1,K","","","20110411",",1,K","","","","","","","20110407",",1,K","20110402",",1,K","-3.3","1,K,11,","","","","","1.8","1,,K,07,","30.0","1,K,02,","1932.9","7","121.8","1,K","1.8","1,,,K","","","14.15","1,K","25.10","1,,,K","3.20","1,,,K"
"USC00293577","2011-07","33.3216","-108.8794","1440.2","GLENWOOD, NM US","","","188.9","2,7","9","1,7","5","1,7","0","1,7","0","1,7","0","1,7","0","2,7","0","2,7","0","1,7","30","1,7","21","1,7","","","20110714",",2,7","20110731","+,1,7","20110731","+,1,7","","","20110720",",1,7","20110708",",1,7","9.4","2,7,14,","0","1,,7,31,+","0","1,,7,31,+","15.7","1,,7,20,","36.7","1,7,08,","0.0","7","0.0","1,7","38.4","1,,,7","0","1,,,7","24.89","2,7","33.00","1,,,7","16.78","2,,,7"
"USC00293577","2011-08","33.3216","-108.8794","1440.2","GLENWOOD, NM US","","","198.5",",7","14",",7","8",",7","0",",7","","","","","0",",7","0",",7","0",",7","31",",7","20",",7","","","20110810",",,7","","","","","","","20110818",",,7","20110831","+,,7","12.2",",7,10,","","","","","12.7",",,7,18,","35.6",",7,31,+","0.0","7","0.0",",7","46.7",",,,7","","","24.74",",7","32.58",",,,7","16.89",",,,7"
"USC00293577","2011-09","33.3216","-108.8794","1440.2","GLENWOOD, NM US","","","68.8","1,7","6",",7","6",",7","0",",7","0","2,7","0","2,7","0","1,7","0","1,7","0",",7","30",",7","4",",7","","","20110930","+,1,7","20110930","+,2,7","20110930","+,2,7","","","20110915",",,7","20110904","+,,7","7.8","1,7,30,+","0","2,,7,30,+","0","2,,7,30,+","10.2",",,7,15,","35.0",",7,04,+","2.8","7","2.8",",7","32.7",",,,7","0","2,,,7","20.63","1,7","29.73",",,,7","11.54","1,,,7"
"USC00293577","2011-10","33.3216","-108.8794","1440.2","GLENWOOD, NM US","","","0.6",",7","3",",7","3",",7","0",",7","0","2,7","0","2,7","0",",7","3",",7","0",",7","26",",7","0",",7","","","20111008",",,7","20111031","+,2,7","20111031","+,2,7","","","20111004","+,,7","20111031","+,,7","-1.1",",7,08,","0","2,,7,31,+","0","2,,7,31,+","7.6",",,7,04,+","30.0",",7,31,+","104.8","7","102.0",",7","21.3",",,,7","0","2,,,7","15.06",",7","25.46",",,,7","4.66",",,,7"
"USC00293577","2011-11","33.3216","-108.8794","1440.2","GLENWOOD, NM US","","","0.0","2,7","5","2,7","3","2,7","0","2,7","0","5,7","0","5,7","0","2,7","22","2,7","0","2,7","4","2,7","0","2,7","","","20111110",",2,7","20111130","+,5,7","20111130","+,5,7","","","20111125",",2,7","20111101",",2,7","-7.2","2,7,10,","0","5,,7,30,+","0","5,,7,30,+","10.9","2,,7,25,","24.4","2,7,01,","399.6","7","294.8","2,7","22.7","2,,,7","0","5,,,7","7.81","2,7","17.50","2,,,7","-1.89","2,,,7"
"USC00293577","2011-12","33.3216","-108.8794","1440.2","GLENWOOD, NM US","","","0.0",",7","8",",7","7",",7","0",",7","","","2","5,7","0",",7","26",",7","0",",7","1",",7","0",",7","","","20111208",",,7","","","20111204",",5,7","","","20111213",",,7","20111230",",,7","-10.6",",7,08,","","","38","5,,7,04,","22.9",",,7,13,","21.1",",7,30,","842.6","7","443.0",",7","65.5",",,,7","71","5,,,7","4.04",",7","11.86",",,,7","-3.78",",,,7"
"USC00293577","2012-01","33.3216","-108.8794","1440.2","GLENWOOD, NM US","0.0","7","0.0","1,7","1","1,7","1","1,7","0","1,7","0","2,7","0","2,7","0","1,7","26","1,7","0","1,7","0","1,7","0","1,7","","","20120114",",1,7","20120131","+,2,7","20120131","+,2,7","","","20120116",",1,7","20120126","+,1,7","-10.6","1,7,14,","0","2,,7,31,+","0","2,,7,31,+","9.7","1,,7,16,","20.6","1,7,26,+","1200.0","7","357.4","1,7","9.7","1,,,7","0","2,,,7","6.42","1,7","16.52","1,,,7","-3.68","1,,,7"
"USC00293577","2012-02","33.3216","-108.8794","1440.2","GLENWOOD, NM US","0.0","7","0.0",",7","1",",7","1",",7","0",",7","0",",7","0",",7","0",",7","23",",7","0",",7","1",",7","0",",7","","","20120203",",,7","20120229","+,,7","20120229","+,,7","","","20120217",",,7","20120223",",,7","-7.8",",7,03,","0",",,7,29,+","0",",,7,29,+","3.0",",,7,17,","21.1",",7,23,","1545.7","7","345.7",",7","3.0",",,,7","0",",,,7","6.41",",7","16.36",",,,7","-3.54",",,,7"
"USC00293577","2012-03","33.3216","-108.8794","1440.2","GLENWOOD, NM US","0.0","7","0.0",",7","2",",7","1",",7","0",",7","0",",7","0",",7","0",",7","22",",7","0",",7","21",",7","0",",7","","","20120320",",,7","20120331","+,,7","20120320",",,7","","","20120320",",,7","20120331",",,7","-8.3",",7,20,","0",",,7,31,+","13",",,7,20,","4.3",",,7,20,","26.7",",7,31,","1818.9","7","273.2",",7","6.1",",,,7","13",",,,7","9.52",",7","20.64",",,,7","-1.60",",,,7"
"USC00293577","2012-04","33.3216","-108.8794","1440.2","GLENWOOD, NM US","4.5","7","4.5","3,7","0","3,7","0","3,7","0","3,7","0","4,7","0","4,7","0","3,7","9","3,7","0","3,7","25","3,7","0","3,7","","","20120403",",3,7","20120430","+,4,7","20120430","+,4,7","","","20120430","+,3,7","20120424","+,3,7","-4.4","3,7,03,","0","4,,7,30,+","0","4,,7,30,+","0.0","3,,7,30,+","31.7","3,7,24,+","1933.3","7","114.4","3,7","0.0","3,,,7","0","4,,,7","14.26","3,7","26.29","3,,,7","2.24","3,,,7"
"USC00293577","2012-05","33.3216","-108.8794","1440.2","GLENWOOD, NM US","18.8","7","14.3",",7","0",",7","0",",7","0",",7","","","","","0",",7","0",",7","0",",7","30",",7","4",",7","","","20120504","+,,7","","","","","","","20120509",",,7","20120524","+,,7","1.1",",7,04,+","","","","","0.0",",T,7,09,","32.8",",7,24,+","1985.1","7","51.8",",7","0.0",",T,,7","","","17.12",",7","28.91",",,,7","5.34",",,,7"
"USC00293577","2012-07","33.3216","-108.8794","1440.2","GLENWOOD, NM US","","","","","10","5,7","6","5,7","1","5,7","","","","","0","5,7","0","5,7","","","","","","","","","20120714","+,5,7","","","","","1","","20120705",",5,7","","","14.4","5,7,14,+","","","","","37.6","5,,7,05,","","","","","","","64.6","5,,,7","","","","","","","16.73","5,,,7"
"USC00293577","2012-08","33.3216","-108.8794","1440.2","GLENWOOD, NM US","","","190.0",",7","7",",7","5",",7","0",",7","","","","","0",",7","0",",7","0",",7","31",",7","17",",7","","","20120829",",,7","","","","","","","20120823",",,7","20120813","+,,7","11.7",",7,29,","","","","","8.4",",,7,23,","36.1",",7,13,+","","","0.0",",7","35.7",",,,7","","","24.46",",7","32.12",",,,7","16.81",",,,7"
"USC00293577","2012-09","33.3216","-108.8794","1440.2","GLENWOOD, NM US","","","74.4",",7","2",",7","2",",7","1",",7","0","3,7","0","3,7","0",",7","0",",7","0",",7","30",",7","5",",7","","","20120915",",,7","20120930","+,3,7","20120930","+,3,7","","","20120906",",,7","20120902",",,7","5.0",",7,15,","0","3,,7,30,+","0","3,,7,30,+","25.9",",,7,06,","34.4",",7,02,","","","5.0",",7","30.2",",,,7","0","3,,,7","20.65",",7","30.02",",,,7","11.27",",,,7"
"USC00293577","2012-10","33.3216","-108.8794","1440.2","GLENWOOD, NM US","","","0.8","2,7","0",",7","0",",7","0",",7","0","3,7","0","3,7","0",",7","2",",7","0","2,7","29","2,7","0","2,7","","","20121028","+,,7","20121031","+,3,7","20121031","+,3,7","","","20121031","+,,7","20121003",",2,7","-2.2",",7,28,+","0","3,,7,31,+","0","3,,7,31,+","0.0",",,7,31,+","31.1","2,7,03,","","","89.8","2,7","0.0",",,,7","0","3,,,7","15.26","2,7","26.90","2,,,7","3.61",",,,7"
"USC00293577","2012-12","33.3216","-108.8794","1440.2","GLENWOOD, NM US","","","0.0","4,7","3","4,7","1","4,7","0","4,7","","","","","0","4,7","22","4,7","0","4,7","7","4,7","0","4,7","","","20121213",",4,7","","","","","","","20121214",",4,7","20121201",",4,7","-8.9","4,7,13,","","","","","23.1","4,,7,14,","22.2","4,7,01,","","","341.9","4,7","25.9","4,,,7","","","5.67","4,7","15.08","4,,,7","-3.74","4,,,7"
"USC00293577","2013-01","33.3216","-108.8794","1440.2","GLENWOOD, NM US","0.0","7","0.0",",7","4",",7","2",",7","0",",7","","","","","0",",7","28",",7","0",",7","1",",7","0",",7","","","20130113",",,7","","","","","","","20130126",",,7","20130122",",,7","-14.4",",7,13,","","","","","14.0",",,7,26,","21.1",",7,22,","","","461.8",",7","20.1",",,,7","","","3.44",",7","12.16",",,,7","-5.28",",,,7"
"USC00293577","2013-02","33.3216","-108.8794","1440.2","GLENWOOD, NM US","0.0","7","0.0","3,7","1","3,7","0","3,7","0","3,7","","","","","0","3,7","24","3,7","0","3,7","0","3,7","0","3,7","","","20130211",",3,7","","","","","","","20130220",",3,7","20130216","+,3,7","-10.6","3,7,11,","","","","","1.3","3,,7,20,","18.9","3,7,16,+","","","331.8","3,7","1.3","3,,,7","","","5.06","3,7","14.60","3,,,7","-4.47","3,,,7"
"USC00293577","2013-04","33.3216","-108.8794","1440.2","GLENWOOD, NM US","","","0.3","4,7","2","4,7","1","4,7","0","4,7","","","","","0","4,7","2","4,7","0","4,7","23","4,7","0","4,7","","","20130420",",4,7","","","","","","","20130409",",4,7","20130430","+,4,7","-3.3","4,7,20,","","","","","9.1","4,,7,09,","30.0","4,7,30,+","","","131.4","4,7","9.4","4,,,7","","","13.29","4,7","23.99","4,,,7","2.59","4,,,7"
"USC00293577","2013-05","33.3216","-108.8794","1440.2","GLENWOOD, NM US","","","5.5","4,7","1","4,7","1","4,7","0","4,7","","","","","0","4,7","0","4,7","0","4,7","27","4,7","0","4,7","","","20130503",",4,7","","","","","","","20130506",",4,7","20130531",",4,7","1.7","4,7,03,","","","","","5.1","4,,7,06,","31.7","4,7,31,","","","60.2","4,7","5.1","4,,,7","","","16.31","4,7","27.07","4,,,7","5.54","4,,,7"
"USC00293577","2013-06","33.3216","-108.8794","1440.2","GLENWOOD, NM US","","","134.7","1,7","2","1,7","2","1,7","0","1,7","0","5,7","0","5,7","0","1,7","0","1,7","0","1,7","29","1,7","29","1,7","","","20130621","+,1,7","20130630","+,5,7","20130630","+,5,7","","","20130607",",1,7","20130627",",1,7","7.2","1,7,21,+","0","5,,7,30,+","0","5,,7,30,+","12.2","1,,7,07,","38.3","1,7,27,","","","0.0","1,7","19.8","1,,,7","0","5,,,7","22.98","1,7","34.48","1,,,7","11.48","1,,,7"
"USC00293577","2013-07","33.3216","-108.8794","1440.2","GLENWOOD, NM US","","","","","","","","","","","","","","","","","","","","","","","","","","","","","","","","","","","","","","","","","","","","","","","","","","","","","160.7","5,a,,7","","","","","","","",""
"USC00293577","2013-08","33.3216","-108.8794","1440.2","GLENWOOD, NM US","","","123.3","4,7","15","3,7","11","3,7","0","3,7","0","4,7","0","4,7","0","4,7","0","4,7","0","4,7","27","4,7","6","4,7","","","20130808",",4,7","20130831","+,4,7","20130831","+,4,7","","","20130807",",3,7","20130817","+,4,7","12.2","4,7,08,","0","4,,7,31,+","0","4,,7,31,+","14.5","3,,7,07,","33.3","4,7,17,+","","","0.0","4,7","65.4","3,,,7","0","4,,,7","22.90","4,7","30.72","4,,,7","15.08","4,,,7"
"USC00293577","2013-09","33.3216","-108.8794","1440.2","GLENWOOD, NM US","","","53.9","2,7","10","4,7","7","4,7","1","4,7","0",",7","0",",7","0","2,7","0","2,7","0","2,7","28","2,7","2","2,7","","","20130929","+,2,7","20130930","+,,7","20130930","+,,7","","","20130915",",4,7","20130901",",2,7","3.3","2,7,29,+","0",",,7,30,+","0",",,7,30,+","43.2","4,,7,15,","32.8","2,7,01,","","","16.4","2,7","138.2",",a,,7","0",",,,7","19.67","2,7","27.42","2,,,7","11.93","2,,,7"
"USC00293577","2013-10","33.3216","-108.8794","1440.2","GLENWOOD, NM US","","","0.0","1,7","0","1,7","0","1,7","0","1,7","0","5,7","0","5,7","0","1,7","5","1,7","0","1,7","27","1,7","0","1,7","","","20131031",",1,7","20131031","+,5,7","20131031","+,5,7","","","20131031","+,1,7","20131001",",1,7","-1.7","1,7,31,","0","5,,7,31,+","0","5,,7,31,+","0.0","1,,7,31,+","28.3","1,7,01,","","","155.3","1,7","0.0","1,,,7","0","5,,,7","13.16","1,7","23.89","1,,,7","2.43","1,,,7"
"USC00293577","2013-11","33.3216","-108.8794","1440.2","GLENWOOD, NM US","","","0.0","2,7","5","1,7","4","1,7","0","1,7","1","4,7","1","4,7","0","1,7","17","1,7","0","2,7","11","2,7","0","2,7","","","20131106",",1,7","20131124",",4,7","20131124",",4,7","","","20131123",",1,7","20131112","+,2,7","-5.6","1,7,06,","51","4,,7,24,","53","4,,7,24,","19.8","1,,7,23,","24.4","2,7,12,+","","","258.4","2,7","43.7","1,,,7","53","4,,,7","9.09","2,7","18.13","2,,,7","0.04","1,,,7"
"USC00293577","2013-12","33.3216","-108.8794","1440.2","GLENWOOD, NM US","","","0.0","3,7","4","3,7","3","3,7","0","3,7","0","3,7","0","3,7","0","3,7","27","3,7","0","3,7","0","3,7","0","3,7","","","20131207",",3,7","20131231","+,3,7","20131206",",3,7","","","20131221",",3,7","20131202",",3,7","-8.9","3,7,07,","0","3,,7,31,+","0","3,T,7,06,","5.1","3,,7,21,","20.6","3,7,02,","","","384.7","3,7","13.0","3,,,7","0","3,T,,7","4.59","3,7","13.46","3,,,7","-4.27","3,,,7"
"USC00293577","2014-01","33.3216","-108.8794","1440.2","GLENWOOD, NM US","0.0","7","0.0","2,7","0","2,7","0","2,7","0","2,7","0","4,7","0","4,7","0","2,7","26","2,7","0","2,7","1","2,7","0","2,7","","","20140107",",2,7","20140131","+,4,7","20140131","+,4,7","","","20140131","+,2,7","20140120",",2,7","-10.0","2,7,07,","0","4,,7,31,+","0","4,,7,31,+","0.0","2,,7,31,+","21.1","2,7,20,","","","342.5","2,7","0.0","2,,,7","0","4,,,7","6.52","2,7","17.66","2,,,7","-4.61","2,,,7"
"USC00293577","2014-02","33.3216","-108.8794","1440.2","GLENWOOD, NM US","0.0","7","0.0",",7","1",",7","0",",7","0",",7","0","4,7","0","4,7","0",",7","22",",7","0",",7","9",",7","0",",7","","","20140223","+,,7","20140228","+,4,7","20140228","+,4,7","","","20140206",",,7","20140215","+,,7","-5.0",",7,23,+","0","4,,7,28,+","0","4,,7,28,+","2.0",",,7,06,","25.6",",7,15,+","","","273.1",",7","2.0",",,,7","0","4,,,7","8.58",",7","18.51",",,,7","-1.35",",,,7"
"USC00293577","2014-03","33.3216","-108.8794","1440.2","GLENWOOD, NM US","0.0","7","0.0","4,7","3","4,7","2","4,7","0","4,7","","","","","0","4,7","17","4,7","0","4,7","14","4,7","0","4,7","","","20140317",",4,7","","","","","","","20140302",",4,7","20140329","+,4,7","-3.3","4,7,17,","","","","","15.7","4,,7,02,","23.3","4,7,29,+","","","218.6","4,7","25.1","4,,,7","","","10.24","4,7","20.30","4,,,7","0.17","4,,,7"
"USC00293577","2014-04","33.3216","-108.8794","1440.2","GLENWOOD, NM US","0.0","7","0.0","2,7","2","1,7","0","1,7","0","1,7","","","","","0","1,7","9","1,7","0","2,7","22","2,7","0","2,7","","","20140415","+,1,7","","","","","","","20140419",",1,7","20140411",",2,7","-2.2","1,7,15,+","","","","","1.8","1,,7,19,","30.0","2,7,11,","","","155.9","2,7","2.1","1,,,7","","","12.85","2,7","23.57","2,,,7","2.12","1,,,7"
"USC00293577","2014-05","33.3216","-108.8794","1440.2","GLENWOOD, NM US","18.3","7","18.3","3,7","0","3,7","0","3,7","0","3,7","","","","","0","3,7","0","3,7","0","3,7","28","3,7","4","3,7","","","20140515","+,3,7","","","","","","","20140531","+,3,7","20140531","+,3,7","0.6","3,7,15,+","","","","","0.0","3,,7,31,+","33.3","3,7,31,+","","","87.0","3,7","0.0","3,,,7","","","15.88","3,7","26.89","3,,,7","4.87","3,,,7"
"USC00293577","2014-06","33.3216","-108.8794","1440.2","GLENWOOD, NM US","123.3","7","105.0","2,7","0","2,7","0","2,7","0","2,7","","","","","0","2,7","0","2,7","0","2,7","28","2,7","25","2,7","","","20140616",",2,7","","","","","","","20140630","+,2,7","20140630","+,2,7","5.6","2,7,16,","","","","","0.0","2,,7,30,+","36.1","2,7,30,+","","","0.0","2,7","0.0","2,,,7","","","22.08","2,7","33.57","2,,,7","10.59","2,,,7"
"USC00293577","2014-07","33.3216","-108.8794","1440.2","GLENWOOD, NM US","","","","","","","","","","","0","5,7","0","5,7","","","","","","","","","","","","","","","20140731","+,5,7","20140731","+,5,7","","","","","","","","","0","5,,7,31,+","0","5,,7,31,+","","","","","","","","","64.9",",a,,7","0","5,,,7","","","","","",""
"USC00293577","2014-08","33.3216","-108.8794","1440.2","GLENWOOD, NM US","","","","","6",",7","5",",7","0",",7","","","","","","","","","","","","","","","","","","","","","","","","","20140820","+,,7","","","","","","","","","11.2",",,7,20,+","","","","","","","46.7",",,,7","","","","","","","",""
"USC00293577","2014-09","33.3216","-108.8794","1440.2","GLENWOOD, NM US","","","","","10",",7","7",",7","4",",7","","","","","","","","","","","","","","","","","","","","","","","","","20140916",",,7","","","","","","","","","61.0",",,7,16,","","","","","","","186.9",",,,7","","","","","","","",""
"USC00293577","2014-11","33.3216","-108.8794","1440.2","GLENWOOD, NM US","","","0.0","4,7","1","4,7","1","4,7","0","4,7","","","","","0","4,7","19","4,7","0","4,7","11","4,7","0","4,7","","","20141120","+,4,7","","","","","","","20141106",",4,7","20141101",",4,7","-7.2","4,7,20,+","","","","","9.7","4,,7,06,","24.4","4,7,01,","","","254.1","4,7","9.7","4,,,7","","","8.56","4,7","19.31","4,,,7","-2.18","4,,,7"
"USC00293577","2014-12","33.3216","-108.8794","1440.2","GLENWOOD, NM US","","","0.0","4,7","","","","","","","","","","","0","4,7","18","4,7","0","4,7","0","4,7","0","4,7","","","20141230",",4,7","","","","","","","","","20141204","+,4,7","-10.0","4,7,30,","","","","","","","20.6","4,7,04,+","","","317.4","4,7","33.9",",a,,7","","","6.58","4,7","14.94","4,,,7","-1.79","4,,,7"
"USC00293577","2015-01","33.3216","-108.8794","1440.2","GLENWOOD, NM US","","","","","","","","","","","","","","","","","","","","","","","","","","","","","","","","","","","","","","","","","","","","","","","","","","","","","64.8",",a,,7","","","","","","","",""
"USC00293577","2015-02","33.3216","-108.8794","1440.2","GLENWOOD, NM US","","","0.0","1,7","1","1,7","0","1,7","0","1,7","","","","","0","1,7","17","1,7","0","1,7","11","1,7","0","1,7","","","20150220","+,1,7","","","","","","","20150224",",1,7","20150208",",1,7","-3.3","1,7,20,+","","","","","1.3","1,,7,24,","24.4","1,7,08,","","","228.2","1,7","1.3","1,,,7","","","9.88","1,7","20.05","1,,,7","-0.29","1,,,7"
"USC00293577","2015-03","33.3216","-108.8794","1440.2","GLENWOOD, NM US","","","","","","","","","","","","","","","0","5,7","7","5,7","","","","","","","","","20150307",",5,7","","","","","","","","","","","-6.7","5,7,07,","","","","","","","","","","","","","25.9","4,a,,7","","","","","","","1.43","5,,,7"
"USC00293577","2015-08","33.3216","-108.8794","1440.2","GLENWOOD, NM US","","","147.1","5,7","","","","","","","0",",7","0",",7","0","5,7","0","5,7","0","5,7","26","5,7","15","5,7","","","20150819",",5,7","20150831","+,,7","20150831","+,,7","","","","","20150817","+,5,7","11.7","5,7,19,","0",",,7,31,+","0",",,7,31,+","","","35.6","5,7,17,+","","","0.0","5,7","69.5",",a,,7","0",",,,7","23.99","5,7","32.27","5,,,7","15.71","5,,,7"
"USC00293577","2015-09","33.3216","-108.8794","1440.2","GLENWOOD, NM US","","","76.8","1,7","5","1,7","4","1,7","2","1,7","0",",7","0",",7","0","1,7","0","1,7","0","1,7","29","1,7","0","1,7","","","20150930","+,1,7","20150930","+,,7","20150930","+,,7","","","20150922",",1,7","20150929","+,1,7","8.9","1,7,30,+","0",",,7,30,+","0",",,7,30,+","34.0","1,,7,22,","31.1","1,7,29,+","","","0.5","1,7","76.4","1,,,7","0",",,,7","20.96","1,7","29.82","1,,,7","12.10","1,,,7"
"USC00293577","2015-12","33.3216","-108.8794","1440.2","GLENWOOD, NM US","","","0.0","5,7","4",",7","4",",7","0",",7","0",",7","0",",7","0","4,7","23","4,7","0","5,7","2","5,7","0","5,7","","","20151217",",4,7","20151231","+,,7","20151231","+,,7","","","20151223",",,7","20151218",",5,7","-10.0","4,7,17,","0",",,7,31,+","0",",,7,31,+","19.3",",,7,23,","26.7","5,7,18,","","","352.2","5,7","49.0",",,,7","0",",,,7","4.85","5,7","14.25","5,,,7","-4.54","4,,,7"
"USC00293577","2016-01","33.3216","-108.8794","1440.2","GLENWOOD, NM US","0.0","7","0.0","2,7","5","2,7","5","2,7","0","2,7","0",",7","1",",7","0","2,7","26","2,7","0","2,7","0","2,7","0","2,7","","","20160128",",2,7","20160131","+,,7","20160108",",,7","","","20160106",",2,7","20160130",",2,7","-8.9","2,7,28,","0",",,7,31,+","33",",,7,08,","13.0","2,,7,06,","20.6","2,7,30,","","","400.8","2,7","41.6","2,,,7","33",",,,7","4.51","2,7","13.64","2,,,7","-4.62","2,,,7"
"USC00293577","2016-02","33.3216","-108.8794","1440.2","GLENWOOD, NM US","0.0","7","0.0","4,7","0","3,7","0","3,7","0","3,7","0","3,7","0","3,7","0","4,7","23","4,7","0","3,7","17","3,7","0","3,7","","","20160204",",4,7","20160229","+,3,7","20160229","+,3,7","","","20160229","+,3,7","20160217",",3,7","-10.6","4,7,04,","0","3,,7,29,+","0","3,,7,29,+","0.0","3,,7,29,+","25.6","3,7,17,","","","246.7","3,7","0.0","3,,,7","0","3,,,7","8.54","4,7","20.26","3,,,7","-3.18","4,,,7"
"USC00293577","2016-03","33.3216","-108.8794","1440.2","GLENWOOD, NM US","0.0","7","0.0","3,7","1","2,7","1","2,7","0","2,7","0","2,7","0","2,7","0","3,7","20","3,7","0","2,7","21","2,7","0","2,7","","","20160326",",3,7","20160331","+,2,7","20160331","+,2,7","","","20160308",",2,7","20160306","+,2,7","-3.9","3,7,26,","0","2,,7,31,+","0","2,,7,31,+","5.3","2,,7,08,","25.0","2,7,06,+","","","212.1","2,7","5.3","2,,,7","0","2,,,7","10.75","3,7","21.73","2,,,7","-0.24","3,,,7"
"USC00293577","2016-05","33.3216","-108.8794","1440.2","GLENWOOD, NM US","","","","","","","","","","","0",",7","0",",7","","","","","","","","","","","","","","","20160531","+,,7","20160531","+,,7","","","","","","","","","0",",,7,31,+","0",",,7,31,+","","","","","","","","","","","0",",,,7","","","","","",""
"USC00293577","2016-06","33.3216","-108.8794","1440.2","GLENWOOD, NM US","","","123.7","2,7","3","2,7","2","2,7","0","2,7","0","2,7","0","2,7","0","2,7","0","2,7","0","2,7","28","2,7","20","2,7","","","20160615",",2,7","20160630","+,2,7","20160630","+,2,7","","","20160629",",2,7","20160620","+,2,7","5.0","2,7,15,","0","2,,7,30,+","0","2,,7,30,+","9.4","2,,7,29,","39.4","2,7,20,+","","","0.3","2,7","14.2","2,,,7","0","2,,,7","22.74","2,7","33.48","2,,,7","12.01","2,,,7"
"USC00293577","2016-07","33.3216","-108.8794","1440.2","GLENWOOD, NM US","","","154.3","5,7","7","3,7","7","3,7","0","3,7","0",",7","0",",7","0","4,7","0","4,7","0","5,7","26","5,7","23","5,7","","","20160712","+,4,7","20160731","+,,7","20160731","+,,7","","","20160718",",3,7","20160715",",5,7","11.7","4,7,12,+","0",",,7,31,+","0",",,7,31,+","20.8","3,,7,18,","37.2","5,7,15,","0.0","7","0.0","5,7","64.7","3,,,7","0",",,,7","24.29","5,7","33.44","5,,,7","15.14","4,,,7"
"USC00293577","2016-09","33.3216","-108.8794","1440.2","GLENWOOD, NM US","","","43.0","2,7","5",",7","4",",7","2",",7","0",",7","0",",7","0","2,7","0","2,7","0","2,7","28","2,7","2","2,7","","","20160925","+,2,7","20160930","+,,7","20160930","+,,7","","","20160907",",,7","20160906","+,2,7","6.7","2,7,25,+","0",",,7,30,+","0",",,7,30,+","82.6",",,7,07,","32.2","2,7,06,+","","","7.7","2,7","164.7",",,,7","0",",,,7","19.59","2,7","28.49","2,,,7","10.70","2,,,7"
"USC00293577","2016-11","33.3216","-108.8794","1440.2","GLENWOOD, NM US","","","0.0","4,7","3",",7","2",",7","0",",7","0",",7","0",",7","0","4,7","17","4,7","0","4,7","9","4,7","0","4,7","","","20161130",",4,7","20161130","+,,7","20161130","+,,7","","","20161104",",,7","20161102",",4,7","-7.8","4,7,30,","0",",,7,30,+","0",",,7,30,+","6.9",",,7,04,","26.1","4,7,02,","","","225.1","4,7","15.3",",,,7","0",",,,7","9.68","4,7","19.02","4,,,7","0.34","4,,,7"
"USC00293577","2016-12","33.3216","-108.8794","1440.2","GLENWOOD, NM US","","","0.0","5,7","6","4,7","6","4,7","1","4,7","0","4,7","0","4,7","0","5,7","23","5,7","0","4,7","1","4,7","0","4,7","","","20161219",",5,7","20161231","+,4,7","20161231","+,4,7","","","20161222",",4,7","20161215",",4,7","-6.7","5,7,19,","0","4,,7,31,+","0","4,,7,31,+","30.0","4,,7,22,","21.7","4,7,15,","","","309.1","4,7","73.7","4,,,7","0","4,,,7","6.40","5,7","15.72","4,,,7","-2.92","5,,,7"
"USC00293577","2017-01","33.3216","-108.8794","1440.2","GLENWOOD, NM US","0.0","7","0.0","5,7","4","4,7","4","4,7","0","4,7","0","4,7","1","4,7","0","5,7","22","5,7","0","4,7","0","4,7","0","4,7","","","20170131","+,5,7","20170131","+,4,7","20170121",",4,7","","","20170115",",4,7","20170108",",4,7","-7.8","5,7,31,+","0","4,,7,31,+","25","4,,7,21,","11.4","4,,7,15,","20.6","4,7,08,","","","347.6","4,7","24.8","4,,,7","25","4,,,7","4.99","5,7","12.99","4,,,7","-3.01","5,,,7"
"USC00293577","2017-02","33.3216","-108.8794","1440.2","GLENWOOD, NM US","0.0","7","0.0","3,7","3","3,7","3","3,7","0","3,7","0","3,7","0","3,7","0","3,7","20","3,7","0","3,7","7","3,7","0","3,7","","","20170225","+,3,7","20170228","+,3,7","20170228","+,3,7","","","20170212",",3,7","20170210",",3,7","-7.8","3,7,25,+","0","3,,7,28,+","0","3,,7,28,+","23.4","3,,7,12,","25.6","3,7,10,","","","268.5","3,7","40.4","3,,,7","0","3,,,7","7.59","3,7","18.01","3,,,7","-2.82","3,,,7"
"USC00293577","2017-04","33.3216","-108.8794","1440.2","GLENWOOD, NM US","","","0.3","3,7","0","3,7","0","3,7","0","3,7","0","3,7","0","3,7","0","3,7","7","3,7","0","3,7","22","3,7","0","3,7","","","20170430","+,3,7","20170430","+,3,7","20170430","+,3,7","","","20170430","+,3,7","20170421",",3,7","-1.1","3,7,30,+","0","3,,7,30,+","0","3,,7,30,+","0.0","3,,7,30,+","28.3","3,7,21,","","","136.5","3,7","0.0","3,,,7","0","3,,,7","13.29","3,7","24.13","3,,,7","2.44","3,,,7"
"USC00293577","2017-05","33.3216","-108.8794","1440.2","GLENWOOD, NM US","","","5.0","1,7","1","1,7","1","1,7","0","1,7","0","1,7","0","1,7","0","1,7","1","1,7","0","1,7","28","1,7","0","1,7","","","20170517",",1,7","20170531","+,1,7","20170531","+,1,7","","","20170509",",1,7","20170524","+,1,7","-1.1","1,7,17,","0","1,,7,31,+","0","1,,7,31,+","7.9","1,,7,09,","31.7","1,7,24,+","","","70.1","1,7","7.9","1,,,7","0","1,,,7","16.16","1,7","26.91","1,,,7","5.41","1,,,7"
"USC00293577","2017-06","33.3216","-108.8794","1440.2","GLENWOOD, NM US","","","117.3","2,7","2","2,7","1","2,7","0","2,7","0","2,7","0","2,7","0","2,7","0","2,7","0","2,7","28","2,7","22","2,7","","","20170612",",2,7","20170630","+,2,7","20170630","+,2,7","","","20170602",",2,7","20170618",",2,7","4.4","2,7,12,","0","2,,7,30,+","0","2,,7,30,+","3.6","2,,7,02,","38.3","2,7,18,","","","0.6","2,7","4.4","2,,,7","0","2,,,7","22.50","2,7","34.07","2,,,7","10.93","2,,,7"
"USC00293577","2017-07","33.3216","-108.8794","1440.2","GLENWOOD, NM US","","","142.4","5,7","12","5,7","7","5,7","1","5,7","0","5,7","0","5,7","0","5,7","0","5,7","0","5,7","26","5,7","11","5,7","","","20170706","+,5,7","20170731","+,5,7","20170731","+,5,7","","","20170730",",5,7","20170708","+,5,7","11.7","5,7,06,+","0","5,,7,31,+","0","5,,7,31,+","62.5","5,,7,30,","36.7","5,7,08,+","0.0","7","0.0","5,7","159.9","5,,,7","0","5,,,7","23.81","5,7","32.03","5,,,7","15.59","5,,,7"
"USC00293577","2017-08","33.3216","-108.8794","1440.2","GLENWOOD, NM US","","","","","6","4,7","4","4,7","1","4,7","0","4,7","0","4,7","","","","","","","","","","","","","","","20170831","+,4,7","20170831","+,4,7","","","20170812",",4,7","","","","","0","4,,7,31,+","0","4,,7,31,+","32.0","4,,7,12,","","","","","","","54.4","4,,,7","0","4,,,7","","","","","",""
"USC00293577","2017-09","33.3216","-108.8794","1440.2","GLENWOOD, NM US","","","43.2","1,7","1",",7","1",",7","0",",7","0",",7","0",",7","0","1,7","0","1,7","0",",7","30",",7","3",",7","","","20170924",",1,7","20170930","+,,7","20170930","+,,7","","","20170930",",,7","20170913",",,7","1.7","1,7,24,","0",",,7,30,+","0",",,7,30,+","3.8",",,7,30,","33.3",",7,13,","","","15.5",",7","3.8",",,,7","0",",,,7","19.32","1,7","29.20",",,,7","9.44","1,,,7"
"USC00293577","2017-10","33.3216","-108.8794","1440.2","GLENWOOD, NM US","","","6.6","1,7","1",",7","1",",7","0",",7","0",",7","0",",7","0","1,7","2","1,7","0","1,7","29","1,7","0","1,7","","","20171030",",1,7","20171031","+,,7","20171031","+,,7","","","20171005",",,7","20171024","+,1,7","-0.6","1,7,30,","0",",,7,31,+","0",",,7,31,+","7.6",",,7,05,","31.1","1,7,24,+","","","81.8","1,7","7.6",",,,7","0",",,,7","15.83","1,7","27.35","1,,,7","4.30","1,,,7"
"USC00293577","2017-11","33.3216","-108.8794","1440.2","GLENWOOD, NM US","","","","","0",",7","0",",7","0",",7","0",",7","0",",7","","","","","0","5,7","25","5,7","0","5,7","","","","","20171130","+,,7","20171130","+,,7","","","20171130","+,,7","20171125","+,5,7","","","0",",,7,30,+","0",",,7,30,+","0.0",",,7,30,+","27.2","5,7,25,+","","","","","0.0",",,,7","0",",,,7","","","24.47","5,,,7","",""
"USC00293577","2017-12","33.3216","-108.8794","1440.2","GLENWOOD, NM US","","","0.0","1,7","1",",7","0",",7","0",",7","0",",7","0",",7","0","1,7","27","1,7","0","1,7","5","1,7","0","1,7","","","20171208",",1,7","20171231","+,,7","20171231","+,,7","","","20171206",",,7","20171202","+,1,7","-12.2","1,7,08,","0",",,7,31,+","0",",,7,31,+","2.0",",,7,06,","26.1","1,7,02,+","","","378.7","1,7","2.0",",,,7","0",",,,7","5.71","1,7","17.05","1,,,7","-5.63","1,,,7"
"USC00293577","2018-01","33.3216","-108.8794","1440.2","GLENWOOD, NM US","","","","","0","2,7","0","2,7","0","2,7","0",",7","0",",7","","","","","","","","","","","","","","","20180131","+,,7","20180131","+,,7","","","20180131","+,2,7","","","","","0",",,7,31,+","0",",,7,31,+","0.0","2,,7,31,+","","","","","","","8.6",",a,,7","0",",,,7","","","","","",""
"USC00293577","2018-02","33.3216","-108.8794","1440.2","GLENWOOD, NM US","","","0.0","2,7","5","2,7","5","2,7","1","2,7","0",",7","0",",7","0","2,7","17","2,7","0","2,7","8","2,7","0","2,7","","","20180227","+,2,7","20180228","+,,7","20180228","+,,7","","","20180215",",2,7","20180202","+,2,7","-8.3","2,7,27,+","0",",,7,28,+","0",",,7,28,+","29.2","2,,7,15,","23.3","2,7,02,+","","","277.1","2,7","57.8","2,,,7","0",",,,7","7.68","2,7","17.19","2,,,7","-1.83","2,,,7"
"USC00293577","2018-03","33.3216","-108.8794","1440.2","GLENWOOD, NM US","","","0.0","1,7","1",",7","1",",7","0",",7","0",",7","0",",7","0","1,7","15","1,7","0",",7","15",",7","0",",7","","","20180304",",1,7","20180331","+,,7","20180331","+,,7","","","20180311",",,7","20180322",",,7","-6.1","1,7,04,","0",",,7,31,+","0",",,7,31,+","3.3",",,7,11,","27.8",",7,22,","","","226.6",",7","3.3",",,,7","0",",,,7","10.74","1,7","20.85",",,,7","0.63","1,,,7"
"USC00293577","2018-04","33.3216","-108.8794","1440.2","GLENWOOD, NM US","","","0.5","1,7","0",",7","0",",7","0",",7","0",",7","0",",7","0","1,7","3","1,7","0","1,7","29","1,7","1","1,7","","","20180402",",1,7","20180430","+,,7","20180430","+,,7","","","20180430","+,,7","20180426",",1,7","-2.8","1,7,02,","0",",,7,30,+","0",",,7,30,+","0.0",",,7,30,+","32.2","1,7,26,","","","96.0","1,7","0.0",",,,7","0",",,,7","15.04","1,7","26.67","1,,,7","3.41","1,,,7"
"USC00293577","2018-05","33.3216","-108.8794","1440.2","GLENWOOD, NM US","","","19.4","4,7","0","4,7","0","4,7","0","4,7","0",",7","0",",7","0","4,7","2","4,7","0","4,7","27","4,7","6","4,7","","","20180505",",4,7","20180531","+,,7","20180531","+,,7","","","20180531","+,4,7","20180510","+,4,7","-2.2","4,7,05,","0",",,7,31,+","0",",,7,31,+","0.0","4,,7,31,+","33.3","4,7,10,+","","","33.1","4,7","0.0","4,,,7","0",",,,7","17.83","4,7","29.98","4,,,7","5.67","4,,,7"
"USC00293577","2018-06","33.3216","-108.8794","1440.2","GLENWOOD, NM US","","","137.0",",7","4",",7","2",",7","0",",7","0",",7","0",",7","0",",7","0",",7","0",",7","30",",7","26",",7","","","20180601",",,7","20180630","+,,7","20180630","+,,7","","","20180616",",,7","20180621",",,7","3.9",",7,01,","0",",,7,30,+","0",",,7,30,+","9.9",",,7,16,","38.3",",7,21,","","","0.0",",7","14.9",",,,7","0",",,,7","22.90",",7","34.80",",,,7","11.00",",,,7"
"USC00293577","2018-07","33.3216","-108.8794","1440.2","GLENWOOD, NM US","","","160.1","2,7","13","2,7","11","2,7","0","2,7","0",",7","0",",7","0","2,7","0","2,7","0","2,7","29","2,7","18","2,7","","","20180701",",2,7","20180731","+,,7","20180731","+,,7","","","20180712",",2,7","20180728","+,2,7","8.3","2,7,01,","0",",,7,31,+","0",",,7,31,+","22.6","2,,7,12,","36.7","2,7,28,+","0.0","7","0.0","2,7","83.8","2,,,7","0",",,,7","23.86","2,7","32.64","2,,,7","15.07","2,,,7"
"USC00293577","2018-08","33.3216","-108.8794","1440.2","GLENWOOD, NM US","","","143.2","2,7","7","1,7","4","1,7","0","1,7","0",",7","0",",7","0","2,7","0","2,7","0","1,7","30","1,7","13","1,7","","","20180829","+,2,7","20180831","+,,7","20180831","+,,7","","","20180811",",1,7","20180819",",1,7","11.1","2,7,29,+","0",",,7,31,+","0",",,7,31,+","18.0","1,,7,11,","35.6","1,7,19,","0.0","7","0.0","1,7","50.8","1,,,7","0",",,,7","23.26","2,7","31.40","1,,,7","15.12","2,,,7"
"USC00293577","2018-09","33.3216","-108.8794","1440.2","GLENWOOD, NM US","","","","","","","","","","","0",",7","0",",7","","","","","","","","","","","","","","","20180930","+,,7","20180930","+,,7","","","","","","","","","0",",,7,30,+","0",",,7,30,+","","","","","","","","","","","0",",,,7","","","","","",""
"USC00293577","2018-10","33.3216","-108.8794","1440.2","GLENWOOD, NM US","","","","","","","","","","","0",",7","0",",7","","","","","","","","","","","","","","","20181031","+,,7","20181031","+,,7","","","","","","","","","0",",,7,31,+","0",",,7,31,+","","","","","","","","","98.1","3,a,,7","0",",,,7","","","","","",""
"USC00293577","2018-11","33.3216","-108.8794","1440.2","GLENWOOD, NM US","","","0.0","2,7","0","2,7","0","2,7","0","2,7","0",",7","0",",7","0","2,7","24","2,7","0","2,7","4","2,7","0","2,7","","","20181113",",2,7","20181130","+,,7","20181130","+,,7","","","20181130","+,2,7","20181106","+,2,7","-10.6","2,7,13,","0",",,7,30,+","0",",,7,30,+","0.0","2,,7,30,+","22.8","2,7,06,+","","","304.2","2,7","0.0","2,,,7","0",",,,7","7.47","2,7","17.82","2,,,7","-2.88","2,,,7"
"USC00293577","2018-12","33.3216","-108.8794","1440.2","GLENWOOD, NM US","","","0.0","2,7","6","2,7","4","2,7","0","2,7","","","","","0","2,7","22","2,7","0","2,7","0","2,7","0","2,7","","","20181229",",2,7","","","","","","","20181202",",2,7","20181220","+,2,7","-11.1","2,7,29,","","","","","14.7","2,,7,02,","19.4","2,7,20,+","","","386.3","2,7","35.1","2,,,7","","","5.01","2,7","13.58","2,,,7","-3.56","2,,,7"
"USC00293577","2019-01","33.3216","-108.8794","1440.2","GLENWOOD, NM US","0.0","7","0.0","2,7","3","2,7","2","2,7","0","2,7","","","1",",7","0","2,7","23","2,7","0","2,7","0","2,7","0","2,7","","","20190103",",2,7","","","20190102",",,7","","","20190109",",2,7","20190128",",2,7","-8.3","2,7,03,","","","89",",,7,02,","18.5","2,,7,09,","20.0","2,7,28,","","","366.2","2,7","25.9","2,,,7","89",",,,7","5.71","2,7","14.37","2,,,7","-2.96","2,,,7"
"USC00293577","2019-02","33.3216","-108.8794","1440.2","GLENWOOD, NM US","0.0","7","0.0","2,7","3","2,7","3","2,7","0","2,7","0",",7","0",",7","0","2,7","20","2,7","0","2,7","1","2,7","0","2,7","","","20190220","+,2,7","20190228","+,,7","20190228","+,,7","","","20190206",",2,7","20190228",",2,7","-8.9","2,7,20,+","0",",,7,28,+","0",",,7,28,+","15.5","2,,7,06,","21.1","2,7,28,","","","353.4","2,7","31.8","2,,,7","0",",,,7","4.74","2,7","13.07","2,,,7","-3.59","2,,,7"
"USC00293577","2019-03","33.3216","-108.8794","1440.2","GLENWOOD, NM US","0.0","7","0.0","2,7","3","2,7","3","2,7","0","2,7","","","0","5,7","0","2,7","21","2,7","0","2,7","12","2,7","0","2,7","","","20190308",",2,7","","","20190331","+,5,7","","","20190313",",2,7","20190329","+,2,7","-5.6","2,7,08,","","","0","5,,7,31,+","15.2","2,,7,13,","25.0","2,7,29,+","","","253.0","2,7","42.4","2,,,7","0","5,,,7","9.61","2,7","19.60","2,,,7","-0.38","2,,,7"
"USC00293577","2019-04","33.3216","-108.8794","1440.2","GLENWOOD, NM US","0.0","7","0.0",",7","1",",7","1",",7","0",",7","0",",7","0",",7","0",",7","12",",7","0",",7","24",",7","0",",7","","","20190414",",,7","20190430","+,,7","20190430","+,,7","","","20190416",",,7","20190425","+,,7","-2.8",",7,14,","0",",,7,30,+","0",",,7,30,+","6.6",",,7,16,","28.3",",7,25,+","","","165.0",",7","6.6",",,,7","0",",,,7","12.83",",7","24.08",",,,7","1.59",",,,7"
"USC00293577","2019-06","33.3216","-108.8794","1440.2","GLENWOOD, NM US","","","50.5","3,7","0","3,7","0","3,7","0","3,7","0",",7","0",",7","0","3,7","0","3,7","0","3,7","27","3,7","8","3,7","","","20190621",",3,7","20190630","+,,7","20190630","+,,7","","","20190630","+,3,7","20190630","+,3,7","4.4","3,7,21,","0",",,7,30,+","0",",,7,30,+","0.0","3,,7,30,+","34.4","3,7,30,+","","","1.7","3,7","0.0","3,,,7","0",",,,7","20.14","3,7","31.46","3,,,7","8.82","3,,,7"
"USC00293577","2019-07","33.3216","-108.8794","1440.2","GLENWOOD, NM US","","","168.2","2,7","10","1,7","9","1,7","0","1,7","0",",7","0",",7","0","1,7","0","1,7","0","2,7","29","2,7","24","2,7","","","20190709",",1,7","20190731","+,,7","20190731","+,,7","","","20190707",",1,7","20190716","+,2,7","8.9","1,7,09,","0",",,7,31,+","0",",,7,31,+","9.7","1,,7,07,","35.6","2,7,16,+","0.0","7","0.0","2,7","47.3","1,,,7","0",",,,7","24.18","2,7","33.16","2,,,7","15.20","1,,,7"
"USC00293577","2019-08","33.3216","-108.8794","1440.2","GLENWOOD, NM US","","","","","","","","","","","0",",7","0",",7","","","","","","","","","","","","","","","20190831","+,,7","20190831","+,,7","","","","","","","","","0",",,7,31,+","0",",,7,31,+","","","","","","","","","","","0",",,,7","","","","","",""
"USC00293577","2019-09","33.3216","-108.8794","1440.2","GLENWOOD, NM US","","","64.3","1,7","5","1,7","4","1,7","0","1,7","0",",7","0",",7","0","1,7","0","1,7","0","1,7","28","1,7","7","1,7","","","20190930",",1,7","20190930","+,,7","20190930","+,,7","","","20190915",",1,7","20190904","+,1,7","5.6","1,7,30,","0",",,7,30,+","0",",,7,30,+","23.9","1,,7,15,","34.4","1,7,04,+","","","7.8","1,7","48.4","1,,,7","0",",,,7","20.28","1,7","29.06","1,,,7","11.51","1,,,7"
"USC00293577","2019-10","33.3216","-108.8794","1440.2","GLENWOOD, NM US","","","1.1","3,7","2","3,7","2","3,7","0","3,7","0",",7","0",",7","0","3,7","9","3,7","0","3,7","26","3,7","0","3,7","","","20191029","+,3,7","20191031","+,,7","20191031","+,,7","","","20191004",",3,7","20191002","+,3,7","-7.2","3,7,29,+","0",",,7,31,+","0",",,7,31,+","6.9","3,,7,04,","29.4","3,7,02,+","","","144.2","3,7","9.9","3,,,7","0",",,,7","13.22","3,7","24.78","3,,,7","1.67","3,,,7"
"USC00293577","2019-11","33.3216","-108.8794","1440.2","GLENWOOD, NM US","","","0.0","4,7","4","3,7","3","3,7","2","3,7","","","","","0","4,7","15","4,7","0","4,7","11","4,7","0","4,7","","","20191102",",4,7","","","","","","","20191120",",3,7","20191119","+,4,7","-8.3","4,7,02,","","","","","32.5","3,,7,20,","25.0","4,7,19,+","","","239.9","4,7","87.2","3,,,7","","","9.11","4,7","18.25","4,,,7","-0.04","4,,,7"
"USC00293577","2019-12","33.3216","-108.8794","1440.2","GLENWOOD, NM US","","","0.0",",7","9",",7","7",",7","0",",7","","","","","0",",7","26",",7","0",",7","0",",7","0",",7","","","20191218",",,7","","","","","","","20191209",",,7","20191214","+,,7","-12.2",",7,18,","","","","","20.8",",,7,09,","20.0",",7,14,+","","","409.7",",7","52.2",",,,7","","","5.12",",7","13.65",",,,7","-3.42",",,,7"
"USC00293577","2020-01","33.3216","-108.8794","1440.2","GLENWOOD, NM US","0.0","7","0.0","2,7","5","2,7","4","2,7","0","2,7","","","0","2,7","0","2,7","24","2,7","0","2,7","0","2,7","0","2,7","","","20200114","+,2,7","","","20200131","+,2,7","","","20200117",",2,7","20200127","+,2,7","-9.4","2,7,14,+","","","0","2,,7,31,+","14.5","2,,7,17,","18.3","2,7,27,+","","","376.2","2,7","39.4","2,,,7","0","2,,,7","5.36","2,7","14.36","2,,,7","-3.64","2,,,7"
"USC00293577","2020-02","33.3216","-108.8794","1440.2","GLENWOOD, NM US","0.0","7","0.0",",7","4",",7","4",",7","0",",7","","","0",",7","0",",7","25",",7","0",",7","1",",7","0",",7","","","20200227","+,,7","","","20200229","+,,7","","","20200211",",,7","20200208",",,7","-10.0",",7,27,+","","","0",",,7,29,+","18.8",",,7,11,","21.1",",7,08,","","","352.0",",7","54.1",",,,7","0",",,,7","6.20",",7","16.71",",,,7","-4.31",",,,7"
"USC00293577","2020-03","33.3216","-108.8794","1440.2","GLENWOOD, NM US","0.0","7","0.0","1,7","7","1,7","5","1,7","0","1,7","0",",7","0",",7","0","1,7","23","1,7","0","1,7","7","1,7","0","1,7","","","20200328","+,1,7","20200331","+,,7","20200331","+,,7","","","20200319",",1,7","20200325",",1,7","-5.0","1,7,28,+","0",",,7,31,+","0",",,7,31,+","11.7","1,,7,19,","23.3","1,7,25,","","","266.9","1,7","43.8","1,,,7","0",",,,7","9.44","1,7","19.09","1,,,7","-0.22","1,,,7"
"USC00293577","2020-04","33.3216","-108.8794","1440.2","GLENWOOD, NM US","0.6","7","0.6","1,7","1","1,7","0","1,7","0","1,7","0",",7","0",",7","0","1,7","16","1,7","0","1,7","24","1,7","0","1,7","","","20200412",",1,7","20200430","+,,7","20200430","+,,7","","","20200414",",1,7","20200429",",1,7","-3.9","1,7,12,","0",",,7,30,+","0",",,7,30,+","2.0","1,,7,14,","31.7","1,7,29,","","","178.4","1,7","2.0","1,,,7","0",",,,7","12.20","1,7","23.47","1,,,7","0.94","1,,,7"
"USC00293577","2020-05","33.3216","-108.8794","1440.2","GLENWOOD, NM US","12.6","7","12.0","4,7","0","4,7","0","4,7","0","4,7","0",",7","0",",7","0","4,7","0","4,7","0","4,7","27","4,7","3","4,7","","","20200521",",4,7","20200531","+,,7","20200531","+,,7","","","20200531","+,4,7","20200529","+,4,7","1.1","4,7,21,","0",",,7,31,+","0",",,7,31,+","0.0","4,,7,31,+","33.9","4,7,29,+","","","37.1","4,7","0.0","4,,,7","0",",,,7","17.40","4,7","29.42","4,,,7","5.39","4,,,7"
"USC00293577","2020-06","33.3216","-108.8794","1440.2","GLENWOOD, NM US","","","","","","","","","","","0",",7","0",",7","","","","","","","","","","","","","","","20200630","+,,7","20200630","+,,7","","","","","","","","","0",",,7,30,+","0",",,7,30,+","","","","","","","","","","","0",",,,7","","","","","",""
"USC00293577","2020-07","33.3216","-108.8794","1440.2","GLENWOOD, NM US","","","189.6","2,7","9",",7","6",",7","0",",7","0",",7","0",",7","0","2,7","0","2,7","0","1,7","30","1,7","21","1,7","","","20200701",",2,7","20200731","+,,7","20200731","+,,7","","","20200721",",,7","20200712",",1,7","9.4","2,7,01,","0",",,7,31,+","0",",,7,31,+","8.1",",,7,21,","40.0","1,7,12,","0.0","7","0.0","1,7","36.4",",,,7","0",",,,7","24.91","2,7","33.62","1,,,7","16.21","2,,,7"
"USC00293577","2020-08","33.3216","-108.8794","1440.2","GLENWOOD, NM US","","","212.2","1,7","2","1,7","2","1,7","0","1,7","0",",7","0",",7","0","1,7","0","1,7","0","1,7","30","1,7","29","1,7","","","20200818",",1,7","20200831","+,,7","20200831","+,,7","","","20200822",",1,7","20200815",",1,7","12.2","1,7,18,","0",",,7,31,+","0",",,7,31,+","5.1","1,,7,22,","38.3","1,7,15,","0.0","7","0.0","1,7","8.4","1,,,7","0",",,,7","25.41","1,7","35.05","1,,,7","15.76","1,,,7"
"USC00293577","2020-09","33.3216","-108.8794","1440.2","GLENWOOD, NM US","","","84.4",",7","1",",7","1",",7","0",",7","","","","","0",",7","0",",7","0",",7","30",",7","12",",7","","","20200929",",,7","","","","","","","20200905",",,7","20200907",",,7","5.0",",7,29,","","","","","8.4",",,7,05,","36.1",",7,07,","3.6","7","3.6",",7","8.4",",,,7","","","21.02",",7","31.11",",,,7","10.94",",,,7"
"USC00293577","2020-10","33.3216","-108.8794","1440.2","GLENWOOD, NM US","","","8.9","3,7","1","3,7","1","3,7","0","3,7","0","1,7","0","1,7","0","3,7","3","3,7","0","3,7","25","3,7","2","3,7","","","20201029",",3,7","20201031","+,1,7","20201031","+,1,7","","","20201026",",3,7","20201013","+,3,7","-6.1","3,7,29,","0","1,,7,31,+","0","1,,7,31,+","9.1","3,,7,26,","32.2","3,7,13,+","88.6","7","85.0","3,7","9.1","3,,,7","0","1,,,7","15.61","3,7","27.56","3,,,7","3.66","3,,,7"
"USC00293577","2020-11","33.3216","-108.8794","1440.2","GLENWOOD, NM US","","","","","2","4,7","2","4,7","0","4,7","","","0","4,7","","","","","","","","","","","","","","","","","20201130","+,4,7","","","20201109",",4,7","","","","","","","0","4,,7,30,+","5.8","4,,7,09,","","","","","","","11.4","4,,,7","0","4,,,7","","","","","",""
"USC00293577","2020-12","33.3216","-108.8794","1440.2","GLENWOOD, NM US","","","","","","","","","","","0",",7","0",",7","","","","","","","","","","","","","","","20201231","+,,7","20201231","+,,7","","","","","","","","","0",",,7,31,+","0",",,7,31,+","","","","","","","","","","","0",",,,7","","","","","",""
"USC00293577","2021-02","33.3216","-108.8794","1440.2","GLENWOOD, NM US","","","","","","","","","","","0",",7","0",",7","","","","","","","","","","","","","","","20210228","+,,7","20210228","+,,7","","","","","","","","","0",",,7,28,+","0",",,7,28,+","","","","","","","","","","","0",",,,7","","","","","",""
"USC00293577","2021-03","33.3216","-108.8794","1440.2","GLENWOOD, NM US","","","0.0",",7","2",",7","1",",7","0",",7","0","1,7","0","1,7","0",",7","17",",7","0",",7","17",",7","0",",7","","","20210317",",,7","20210331","+,1,7","20210331","+,1,7","","","20210324",",,7","20210329",",,7","-8.3",",7,17,","0","1,,7,31,+","0","1,,7,31,+","23.9",",,7,24,","25.0",",7,29,","","","251.1",",7","24.4",",,,7","0","1,,,7","10.23",",7","19.91",",,,7","0.56",",,,7"
"USC00293577","2021-04","33.3216","-108.8794","1440.2","GLENWOOD, NM US","","","","","","","","","","","0",",7","0",",7","","","","","","","","","","","","","","","20210430","+,,7","20210430","+,,7","","","","","","","","","0",",,7,30,+","0",",,7,30,+","","","","","","","","","","","0",",,,7","","","","","",""
"USC00293577","2021-07","33.3216","-108.8794","1440.2","GLENWOOD, NM US","","","","","18",",7","13",",7","0",",7","0",",7","0",",7","","","","","","","","","","","","","","","20210731","+,,7","20210731","+,,7","","","20210726",",,7","","","","","0",",,7,31,+","0",",,7,31,+","19.6",",,7,26,","","","","","","","125.6",",,,7","0",",,,7","","","","","",""
"USC00293577","2021-08","33.3216","-108.8794","1440.2","GLENWOOD, NM US","","","","","8",",7","6",",7","0",",7","0",",7","0",",7","","","","","","","","","","","","","","","20210831","+,,7","20210831","+,,7","","","20210827",",,7","","","","","0",",,7,31,+","0",",,7,31,+","17.8",",,7,27,","","","","","","","55.9",",,,7","0",",,,7","","","","","",""
"USC00293577","2021-09","33.3216","-108.8794","1440.2","GLENWOOD, NM US","","","","","6",",7","6",",7","2",",7","0",",7","0",",7","","","","","","","","","","","","","","","20210930","+,,7","20210930","+,,7","","","20210929",",,7","","","","","0",",,7,30,+","0",",,7,30,+","40.4",",,7,29,","","","","","","","109.7",",,,7","0",",,,7","","","","","",""
"USC00293577","2021-10","33.3216","-108.8794","1440.2","GLENWOOD, NM US","","","","","2",",7","2",",7","0",",7","0",",7","0",",7","","","","","","","","","","","","","","","20211031","+,,7","20211031","+,,7","","","20211005",",,7","","","","","0",",,7,31,+","0",",,7,31,+","7.9",",,7,05,","","","","","","","10.7",",,,7","0",",,,7","","","","","",""
"USC00293577","2021-11","33.3216","-108.8794","1440.2","GLENWOOD, NM US","","","","","0",",7","0",",7","0",",7","0",",7","0",",7","","","","","","","","","","","","","","","20211130","+,,7","20211130","+,,7","","","20211130","+,,7","","","","","0",",,7,30,+","0",",,7,30,+","0.0",",,7,30,+","","","","","","","0.0",",,,7","0",",,,7","","","","","",""
"USC00293577","2021-12","33.3216","-108.8794","1440.2","GLENWOOD, NM US","","","","","4",",7","4",",7","0",",7","0",",7","0",",7","","","","","","","","","","","","","","","20211231","+,,7","20211231","+,,7","","","20211231",",,7","","","","","0",",,7,31,+","0",",,7,31,+","12.7",",,7,31,","","","","","","","37.4",",,,7","0",",,,7","","","","","",""
"USC00293577","2022-01","33.3216","-108.8794","1440.2","GLENWOOD, NM US","","","","","2",",7","1",",7","1",",7","0",",7","0",",7","","","","","","","","","","","","","","","20220131","+,,7","20220131","+,,7","","","20220101",",,7","","","","","0",",,7,31,+","0",",,7,31,+","25.4",",,7,01,","","","","","","","25.9",",,,7","0",",,,7","","","","","",""
"USC00293577","2022-02","33.3216","-108.8794","1440.2","GLENWOOD, NM US","","","","","0",",7","0",",7","0",",7","0",",7","0",",7","","","","","","","","","","","","","","","20220228","+,,7","20220228","+,,7","","","20220228","+,,7","","","","","0",",,7,28,+","0",",,7,28,+","0.0",",,7,28,+","","","","","","","0.0",",,,7","0",",,,7","","","","","",""
"USC00293577","2022-03","33.3216","-108.8794","1440.2","GLENWOOD, NM US","","","","","0",",7","0",",7","0",",7","0",",7","0",",7","","","","","","","","","","","","","","","20220331","+,,7","20220331","+,,7","","","20220331","+,,7","","","","","0",",,7,31,+","0",",,7,31,+","0.0",",,7,31,+","","","","","","","0.0",",,,7","0",",,,7","","","","","",""
"USC00293577","2022-05","33.3216","-108.8794","1440.2","GLENWOOD, NM US","","","","","0",",7","0",",7","0",",7","0",",7","0",",7","","","","","","","","","","","","","","","20220531","+,,7","20220531","+,,7","","","20220531","+,,7","","","","","0",",,7,31,+","0",",,7,31,+","0.0",",,7,31,+","","","","","","","0.0",",,,7","0",",,,7","","","","","",""
"USC00293577","2022-06","33.3216","-108.8794","1440.2","GLENWOOD, NM US","","","","","13",",7","10",",7","1",",7","0",",7","0",",7","","","","","","","","","","","","","","","20220630","+,,7","20220630","+,,7","","","20220618",",,7","","","","","0",",,7,30,+","0",",,7,30,+","25.4",",,7,18,","","","","","","","130.7",",,,7","0",",,,7","","","","","",""
"USC00293577","2022-07","33.3216","-108.8794","1440.2","GLENWOOD, NM US","","","","","7",",7","5",",7","0",",7","0",",7","0",",7","","","","","","","","","","","","","","","20220731","+,,7","20220731","+,,7","","","20220722",",,7","","","","","0",",,7,31,+","0",",,7,31,+","12.7",",,7,22,","","","","","","","43.7",",,,7","0",",,,7","","","","","",""
"USC00293577","2022-08","33.3216","-108.8794","1440.2","GLENWOOD, NM US","","","","","14",",7","12",",7","0",",7","0",",7","0",",7","","","","","","","","","","","","","","","20220831","+,,7","20220831","+,,7","","","20220819",",,7","","","","","0",",,7,31,+","0",",,7,31,+","18.5",",,7,19,","","","","","","","101.1",",,,7","0",",,,7","","","","","",""
"USC00293577","2022-09","33.3216","-108.8794","1440.2","GLENWOOD, NM US","","","","","4",",7","3",",7","1",",7","0",",7","0",",7","","","","","","","","","","","","","","","20220930","+,,7","20220930","+,,7","","","20220920",",,7","","","","","0",",,7,30,+","0",",,7,30,+","42.7",",,7,20,","","","","","","","67.4",",,,7","0",",,,7","","","","","",""
"USC00293577","2022-10","33.3216","-108.8794","1440.2","GLENWOOD, NM US","","","","","10",",7","6",",7","0",",7","0",",7","0",",7","","","","","","","","","","","","","","","20221031","+,,7","20221031","+,,7","","","20221016","+,,7","","","","","0",",,7,31,+","0",",,7,31,+","21.8",",,7,16,+","","","","","","","79.5",",,,7","0",",,,7","","","","","",""
"USC00293577","2022-11","33.3216","-108.8794","1440.2","GLENWOOD, NM US","","","","","1",",7","0",",7","0",",7","0",",7","0",",7","","","","","","","","","","","","","","","20221130","+,,7","20221130","+,,7","","","20221103",",,7","","","","","0",",,7,30,+","0",",,7,30,+","0.5",",,7,03,","","","","","","","0.5",",,,7","0",",,,7","","","","","",""
"USC00293577","2022-12","33.3216","-108.8794","1440.2","GLENWOOD, NM US","","","","","4",",7","3",",7","1",",7","0","2,7","0","2,7","","","","","","","","","","","","","","","20221231","+,2,7","20221231","+,2,7","","","20221203",",,7","","","","","0","2,,7,31,+","0","2,,7,31,+","41.1",",,7,03,","","","","","","","58.6",",,,7","0","2,,,7","","","","","",""
"USC00293577","2023-01","33.3216","-108.8794","1440.2","GLENWOOD, NM US","","","","","5",",7","4",",7","1",",7","","","","","","","","","","","","","","","","","","","","","","","","","20230117",",,7","","","","","","","","","26.4",",,7,17,","","","","","","","48.8",",,,7","","","","","","","",""
"USC00293577","2023-02","33.3216","-108.8794","1440.2","GLENWOOD, NM US","","","","","3",",7","2",",7","1",",7","","","","","","","","","","","","","","","","","","","","","","","","","20230222",",,7","","","","","","","","","26.4",",,7,22,","","","","","","","30.5",",,,7","","","","","","","",""
"USC00293577","2023-03","33.3216","-108.8794","1440.2","GLENWOOD, NM US","","","","","3",",7","1",",7","0",",7","0",",7","0",",7","","","","","","","","","","","","","","","20230331","+,,7","20230331","+,,7","","","20230316",",,7","","","","","0",",,7,31,+","0",",,7,31,+","19.8",",,7,16,","","","","","","","21.4",",,,7","0",",,,7","","","","","",""
"USC00293577","2023-04","33.3216","-108.8794","1440.2","GLENWOOD, NM US","","","","","0",",7","0",",7","0",",7","0",",7","0",",7","","","","","","","","","","","","","","","20230430","+,,7","20230430","+,,7","","","20230430","+,,7","","","","","0",",,7,30,+","0",",,7,30,+","0.0",",,7,30,+","","","","","","","0.0",",,,7","0",",,,7","","","","","",""
"USC00293577","2023-05","33.3216","-108.8794","1440.2","GLENWOOD, NM US","","","","","6",",7","2",",7","0",",7","0",",7","0",",7","","","","","","","","","","","","","","","20230531","+,,7","20230531","+,,7","","","20230517",",,7","","","","","0",",,7,31,+","0",",,7,31,+","10.2",",,7,17,","","","","","","","18.6",",,,7","0",",,,7","","","","","",""
"USC00293577","2023-06","33.3216","-108.8794","1440.2","GLENWOOD, NM US","","","","","0",",7","0",",7","0",",7","0",",7","0",",7","","","","","","","","","","","","","","","20230630","+,,7","20230630","+,,7","","","20230630","+,,7","","","","","0",",,7,30,+","0",",,7,30,+","0.0",",,7,30,+","","","","","","","0.0",",,,7","0",",,,7","","","","","",""
"USC00293577","2023-07","33.3216","-108.8794","1440.2","GLENWOOD, NM US","","","","","7",",7","3",",7","1",",7","0",",7","0",",7","","","","","","","","","","","","","","","20230731","+,,7","20230731","+,,7","","","20230723",",,7","","","","","0",",,7,31,+","0",",,7,31,+","29.2",",,7,23,","","","","","","","50.9",",,,7","0",",,,7","","","","","",""
"USC00293577","2023-08","33.3216","-108.8794","1440.2","GLENWOOD, NM US","","","206.3",",7","14",",7","7",",7","0",",7","0",",7","0",",7","0",",7","0",",7","0",",7","31",",7","24",",7","","","20230830","+,,7","20230831","+,,7","20230831","+,,7","","","20230814",",,7","20230807",",,7","13.3",",7,30,+","0",",,7,31,+","0",",,7,31,+","22.4",",,7,14,","40.0",",7,07,","","","0.0",",7","81.9",",,,7","0",",,,7","24.99",",7","33.91",",,,7","16.06",",,,7"
"USC00293577","2023-09","33.3216","-108.8794","1440.2","GLENWOOD, NM US","","","84.6","5,7","4",",7","4",",7","0",",7","0",",7","0",",7","0","5,7","0","5,7","0","5,7","25","5,7","14","5,7","","","20230929",",5,7","20230930","+,,7","20230930","+,,7","","","20230913",",,7","20230908",",5,7","6.1","5,7,29,","0",",,7,30,+","0",",,7,30,+","22.4",",,7,13,","37.2","5,7,08,","","","0.0","5,7","45.5",",,,7","0",",,,7","21.72","5,7","32.28","5,,,7","11.15","5,,,7"
"USC00293577","2023-10","33.3216","-108.8794","1440.2","GLENWOOD, NM US","","","9.4",",7","2",",7","1",",7","0",",7","0",",7","0",",7","0",",7","2",",7","0",",7","30",",7","6",",7","","","20231031",",,7","20231031","+,,7","20231031","+,,7","","","20231024",",,7","20231027","+,,7","-6.1",",7,31,","0",",,7,31,+","0",",,7,31,+","4.1",",,7,24,","32.8",",7,27,+","","","65.4",",7","6.1",",,,7","0",",,,7","16.53",",7","28.63",",,,7","4.42",",,,7"
"USC00293577","2023-11","33.3216","-108.8794","1440.2","GLENWOOD, NM US","","","0.0",",7","2",",7","2",",7","0",",7","0",",7","0",",7","0",",7","19",",7","0",",7","13",",7","0",",7","","","20231126","+,,7","20231130","+,,7","20231130","+,,7","","","20231126",",,7","20231105",",,7","-3.9",",7,26,+","0",",,7,30,+","0",",,7,30,+","8.1",",,7,26,","28.3",",7,05,","","","245.3",",7","11.9",",,,7","0",",,,7","10.16",",7","20.05",",,,7","0.26",",,,7"
"USC00293577","2023-12","33.3216","-108.8794","1440.2","GLENWOOD, NM US","","","","","2",",7","1",",7","1",",7","0",",7","0",",7","","","","","","","","","","","","","","","20231231","+,,7","20231231","+,,7","","","20231223",",,7","","","","","0",",,7,31,+","0",",,7,31,+","40.9",",,7,23,","","","","","","","41.4",",,,7","0",",,,7","","","","","",""
"USC00293577","2024-01","33.3216","-108.8794","1440.2","GLENWOOD, NM US","","","","","4",",7","3",",7","0",",7","0",",7","0",",7","","","","","","","","","","","","","","","20240131","+,,7","20240131","+,,7","","","20240121",",,7","","","","","0",",,7,31,+","0",",,7,31,+","7.1",",,7,21,","","","","","","","18.2",",,,7","0",",,,7","","","","","",""
"USC00293577","2024-02","33.3216","-108.8794","1440.2","GLENWOOD, NM US","","","","","5",",7","5",",7","0",",7","0",",7","0",",7","","","","","","","","","","","","","","","20240229","+,,7","20240229","+,,7","","","20240207",",,7","","","","","0",",,7,29,+","0",",,7,29,+","23.6",",,7,07,","","","","","","","55.3",",,,7","0",",,,7","","","","","",""
"USC00293577","2024-03","33.3216","-108.8794","1440.2","GLENWOOD, NM US","","","","","4",",7","3",",7","0",",7","0",",7","0",",7","","","","","","","","","","","","","","","20240331","+,,7","20240331","+,,7","","","20240324",",,7","","","","","0",",,7,31,+","0",",,7,31,+","20.3",",,7,24,","","","","","","","38.3",",,,7","0",",,,7","","","","","",""
"USC00293577","2024-04","33.3216","-108.8794","1440.2","GLENWOOD, NM US","","","0.0",",7","2",",7","1",",7","0",",7","0",",7","0",",7","0",",7","14",",7","0",",7","25",",7","0",",7","","","20240407","+,,7","20240430","+,,7","20240430","+,,7","","","20240402",",,7","20240419",",,7","-3.3",",7,07,+","0",",,7,30,+","0",",,7,30,+","14.2",",,7,02,","29.4",",7,19,","","","153.5",",7","15.2",",,,7","0",",,,7","13.22",",7","25.34",",,,7","1.09",",,,7"
"USC00293577","2024-05","33.3216","-108.8794","1440.2","GLENWOOD, NM US","","","16.6",",7","1",",7","0",",7","0",",7","0",",7","0",",7","0",",7","0",",7","0",",7","31",",7","4",",7","","","20240519","+,,7","20240531","+,,7","20240531","+,,7","","","20240516",",,7","20240531",",,7","0.6",",7,19,+","0",",,7,31,+","0",",,7,31,+","0.3",",,7,16,","33.9",",7,31,","","","50.7",",7","0.3",",,,7","0",",,,7","17.23",",7","29.63",",,,7","4.84",",,,7"
