"STATION","DATE","LATITUDE","LONGITUDE","ELEVATION","NAME","CDSD","CDSD_ATTRIBUTES","CLDD","CLDD_ATTRIBUTES","DP01","DP01_ATTRIBUTES","DP10","DP10_ATTRIBUTES","DP1X","DP1X_ATTRIBUTES","DSND","DSND_ATTRIBUTES","DSNW","DSNW_ATTRIBUTES","DT00","DT00_ATTRIBUTES","DT32","DT32_ATTRIBUTES","DX32","DX32_ATTRIBUTES","DX70","DX70_ATTRIBUTES","DX90","DX90_ATTRIBUTES","DYNT","DYNT_ATTRIBUTES","DYSD","DYSD_ATTRIBUTES","DYSN","DYSN_ATTRIBUTES","DYXP","DYXP_ATTRIBUTES","DYXT","DYXT_ATTRIBUTES","EMNT","EMNT_ATTRIBUTES","EMSD","EMSD_ATTRIBUTES","EMSN","EMSN_ATTRIBUTES","EMXP","EMXP_ATTRIBUTES","EMXT","EMXT_ATTRIBUTES","HDSD","HDSD_ATTRIBUTES","HTDD","HTDD_ATTRIBUTES","PRCP","PRCP_ATTRIBUTES","SNOW","SNOW_ATTRIBUTES","TAVG","TAVG_ATTRIBUTES","TMAX","TMAX_ATTRIBUTES","TMIN","TMIN_ATTRIBUTES"
"USC00151431","1900-12","37.41667","-87.0",,"CENTERTOWN, KY US","","","0.0",",6","3",",6","3",",6","0",",6","0",",6","0",",6","0",",6","18",",6","0",",6","0",",6","0",",6","19001212",",,6","19001231","+,,6","19001226",",,6","19001230","+,,6","19001218",",,6","-8.3",",6,12,","0",",,6,31,+","0",",T,6,26,","12.7",",,6,30,+","18.3",",6,18,","","","424.3",",6","35.6",",,,6","0",",T,,6","4.65",",6","10.17",",,,6","-0.88",",,,6"
"USC00151431","1901-01","37.41667","-87.0",,"CENTERTOWN, KY US","0.0","6","0.0",",6","4",",6","4",",6","0",",6","0",",6","0",",6","0",",6","23",",6","3",",6","0",",6","0",",6","19010131",",,6","19010131","+,,6","19010126",",,6","19010111",",,6","19010108",",,6","-11.1",",6,31,","0",",,6,31,+","0",",T,6,26,","12.7",",,6,11,","20.6",",6,08,","","","470.3",",6","40.9",",,,6","0",",T,,6","3.16",",6","8.85",",,,6","-2.53",",,,6"
"USC00151431","1901-02","37.41667","-87.0",,"CENTERTOWN, KY US","0.0","6","0.0",",6","1",",6","1",",6","0",",6","0",",6","0",",6","0",",6","27",",6","5",",6","1",",6","0",",6","19010223",",,6","19010223","+,,6","19010223","+,,6","19010203",",,6","19010217",",,6","-12.8",",6,23,","0",",T,6,23,+","0",",T,6,23,+","10.2",",,6,03,","21.1",",6,17,","","","487.3",",6","10.2",",,,6","0",",T,,6","0.93",",6","6.63",",,,6","-4.77",",,,6"
"USC00151431","1901-03","37.41667","-87.0",,"CENTERTOWN, KY US","1.4","6","1.4","1,6","7",",6","6",",6","1",",6","0",",6","0",",6","0",",6","10",",6","0","1,6","8","1,6","0","1,6","19010306",",,6","19010315","+,,6","19010315","+,,6","19010310",",,6","19010324",",1,6","-11.1",",6,06,","0",",T,6,15,+","0",",T,6,15,+","45.2",",,6,10,","26.1","1,6,24,","","","284.2","1,6","86.8",",,,6","0",",T,,6","8.87","1,6","15.11","1,,,6","2.64",",,,6"
"USC00151431","1901-04","37.41667","-87.0",,"CENTERTOWN, KY US","3.6","6","2.2",",6","10",",6","8",",6","0",",6","0",",6","0",",6","0",",6","1",",6","0",",6","7",",6","0",",6","19010404",",,6","19010430","+,,6","19010430","+,,6","19010413",",,6","19010430",",,6","-1.7",",6,04,","0",",,6,30,+","0",",,6,30,+","23.6",",,6,13,","31.7",",6,30,","","","211.3",",6","69.6",",,,6","0",",,,6","11.36",",6","17.68",",,,6","5.04",",,,6"
"USC00151431","1901-05","37.41667","-87.0",,"CENTERTOWN, KY US","44.7","6","41.1","1,6","","","","","","","","","","","0",",6","0",",6","0","1,6","22","1,6","4","1,6","19010527",",,6","","","","","","","19010503",",1,6","2.2",",6,27,","","","","","","","33.3","1,6,03,","","","58.8","1,6","","","","","17.82","1,6","25.01","1,,,6","10.64",",,,6"
"USC00151431","1901-06","37.41667","-87.0",,"CENTERTOWN, KY US","245.5","6","200.8","3,6","8",",6","5",",6","1",",6","","","","","0","2,6","0","2,6","0","2,6","28","2,6","17","2,6","19010601",",2,6","","","","","19010626",",,6","19010623",",2,6","7.2","2,6,01,","","","","","38.4",",,6,26,","38.9","2,6,23,","","","1.1","2,6","69.9",",,,6","","","25.46","3,6","32.74","2,,,6","18.19","2,,,6"
"USC00151431","1901-07","37.41667","-87.0",,"CENTERTOWN, KY US","532.5","6","287.0","1,6","3",",6","3",",6","1",",6","","","","","0","1,6","0","1,6","0",",6","31",",6","28",",6","19010708",",1,6","","","","","19010731",",,6","19010723","+,,6","8.9","1,6,08,","","","","","50.8",",,6,31,","42.2",",6,23,+","0.0","6","0.0",",6","61.2",",,,6","","","27.95","1,6","36.63",",,,6","19.26","1,,,6"
"USC00151431","1901-08","37.41667","-87.0",,"CENTERTOWN, KY US","722.7","6","190.2",",6","13",",6","11",",6","4",",6","","","","","0",",6","0",",6","0",",6","31",",6","11",",6","19010808",",,6","","","","","19010823",",,6","19010825",",,6","13.3",",6,08,","","","","","81.3",",,6,23,","36.7",",6,25,","0.0","6","0.0",",6","254.8",",,,6","","","24.47",",6","30.69",",,,6","18.25",",,,6"
"USC00151431","1901-09","37.41667","-87.0",,"CENTERTOWN, KY US","817.6","6","94.9",",6","8",",6","5",",6","1",",6","","","","","0",",6","0",",6","0",",6","27",",6","5",",6","19010919",",,6","","","","","19010912",",,6","19010908",",,6","2.8",",6,19,","","","","","76.2",",,6,12,","35.0",",6,08,","25.0","6","25.0",",6","113.3",",,,6","","","20.67",",6","28.45",",,,6","12.88",",,,6"
"USC00151431","1901-10","37.41667","-87.0",,"CENTERTOWN, KY US","822.1","6","4.5",",6","5",",6","3",",6","1",",6","","","","","0",",6","3",",6","0",",6","25",",6","0",",6","19011018","+,,6","","","","","19011012",",,6","19011001",",,6","-0.6",",6,18,+","","","","","39.4",",,6,12,","30.0",",6,01,","135.4","6","110.4",",6","48.0",",,,6","","","14.92",",6","24.01",",,,6","5.82",",,,6"
"USC00151431","1901-11","37.41667","-87.0",,"CENTERTOWN, KY US","822.1","6","0.0",",6","3",",6","3",",6","0",",6","","","","","0",",6","18",",6","0",",6","3",",6","0",",6","19011118",",,6","","","","","19011103",",,6","19011111",",,6","-10.0",",6,18,","","","","","14.0",",,6,03,","23.9",",6,11,","506.0","6","370.6",",6","33.8",",,,6","","","5.98",",6","13.67",",,,6","-1.71",",,,6"
"USC00151431","1901-12","37.41667","-87.0",,"CENTERTOWN, KY US","822.1","6","0.0","2,6","6",",6","6",",6","2",",6","","","2",",6","6",",6","25",",6","8","2,6","0","2,6","0","2,6","19011215",",,6","","","19011214",",,6","19011214",",,6","19011201",",2,6","-26.1",",6,15,","","","76",",,6,14,","44.7",",,6,14,","19.4","2,6,01,","1032.2","6","526.2","2,6","110.7",",,,6","114",",,,6","-0.06","2,6","6.72","2,,,6","-6.83",",,,6"
"USC00151431","1902-01","37.41667","-87.0",,"CENTERTOWN, KY US","0.0","","0.0",",6","4",",6","4",",6","3",",6","","","0",",6","0",",6","28",",6","5",",6","0",",6","0",",6","19020127","+,,6","","","19020124","+,,6","19020129","+,,6","19020109",",,6","-11.7",",6,27,+","","","0",",T,6,24,+","50.8",",,6,29,+","18.9",",6,09,","1560.9","","528.7",",6","162.5",",,,6","0",",T,,6","1.28",",6","7.30",",,,6","-4.74",",,,6"
"USC00151431","1902-02","37.41667","-87.0",,"CENTERTOWN, KY US","0.0","","0.0",",6","3",",6","1",",6","0",",6","","","0",",6","0",",6","24",",6","11",",6","0",",6","0",",6","19020205","+,,6","","","19020217","+,,6","19020227",",,6","19020226",",,6","-15.6",",6,05,+","","","0",",T,6,17,+","12.7",",,6,27,","18.3",",6,26,","2129.0","","568.1",",6","15.0",",,,6","0",",T,,6","-1.96",",6","2.58",",,,6","-6.49",",,,6"
"USC00151431","1902-03","37.41667","-87.0",,"CENTERTOWN, KY US","0.0","","0.0","1,6","11",",6","8",",6","1",",6","","","2",",6","0",",6","10",",6","0","1,6","4","1,6","0","1,6","19020317",",,6","","","19020305",",,6","19020329",",,6","19020325",",1,6","-10.0",",6,17,","","","64",",,6,05,","29.0",",,6,29,","25.0","1,6,25,","2419.9","","290.9","1,6","85.7",",,,6","102",",,,6","8.78","1,6","14.59","1,,,6","2.98",",,,6"
"USC00151431","1902-04","37.41667","-87.0",,"CENTERTOWN, KY US","19.0","","19.0","1,6","10",",6","8",",6","1",",6","","","","","0",",6","6",",6","0","1,6","12","1,6","0","1,6","19020408",",,6","","","","","19020428",",,6","19020425","+,1,6","-3.3",",6,08,","","","","","33.0",",,6,28,","30.6","1,6,25,+","2602.8","","182.9","1,6","93.4",",,,6","","","12.62","1,6","19.90","1,,,6","5.34",",,,6"
"USC00151431","1902-05","37.41667","-87.0",,"CENTERTOWN, KY US","134.8","","115.8",",6","8",",6","7",",6","0",",6","","","","","0",",6","0",",6","0",",6","31",",6","5",",6","19020528",",,6","","","","","19020501",",,6","19020520",",,6","3.3",",6,28,","","","","","15.2",",,6,01,","34.4",",6,20,","2619.5","","16.7",",6","55.2",",,,6","","","21.53",",6","28.76",",,,6","14.30",",,,6"
"USC00151431","1902-06","37.41667","-87.0",,"CENTERTOWN, KY US","288.4","","153.6","2,6","11",",6","8",",6","0",",6","","","","","0","1,6","0","1,6","0","1,6","29","1,6","10","1,6","19020623",",1,6","","","","","19020615",",,6","19020613","+,1,6","6.7","1,6,23,","","","","","24.9",",,6,15,","37.2","1,6,13,+","2622.5","","3.0","1,6","85.1",",,,6","","","23.58","2,6","30.83","1,,,6","16.33","1,,,6"
"USC00151431","1902-07","37.41667","-87.0",,"CENTERTOWN, KY US","518.1","","229.7",",6","3",",6","3",",6","0",",6","","","","","0",",6","0",",6","0",",6","31",",6","22",",6","19020713",",,6","","","","","19020719",",,6","19020717",",,6","10.6",",6,13,","","","","","12.2",",,6,19,","40.0",",6,17,","0.0","","0.0",",6","23.1",",,,6","","","25.74",",6","33.75",",,,6","17.74",",,,6"
"USC00151431","1902-08","37.41667","-87.0",,"CENTERTOWN, KY US","718.4","","200.3",",6","6",",6","5",",6","0",",6","","","","","0",",6","0",",6","0",",6","31",",6","17",",6","19020812",",,6","","","","","19020815",",,6","19020803",",,6","8.3",",6,12,","","","","","15.2",",,6,15,","38.9",",6,03,","0.0","","0.0",",6","43.5",",,,6","","","24.79",",6","32.56",",,,6","17.03",",,,6"
"USC00151431","1902-09","37.41667","-87.0",,"CENTERTOWN, KY US","794.2","","75.8","1,6","9",",6","7",",6","2",",6","","","","","0","1,6","0","1,6","0",",6","28",",6","2",",6","19020914","+,1,6","","","","","19020924",",,6","19020908",",,6","0.6","1,6,14,+","","","","","30.5",",,6,24,","36.1",",6,08,","29.4","","29.4",",6","135.1",",,,6","","","19.96","1,6","27.72",",,,6","12.20","1,,,6"
