"STATION","DATE","LATITUDE","LONGITUDE","ELEVATION","NAME","CDSD","CDSD_ATTRIBUTES","CLDD","CLDD_ATTRIBUTES","DP01","DP01_ATTRIBUTES","DP10","DP10_ATTRIBUTES","DP1X","DP1X_ATTRIBUTES","DSND","DSND_ATTRIBUTES","DSNW","DSNW_ATTRIBUTES","DT00","DT00_ATTRIBUTES","DT32","DT32_ATTRIBUTES","DX32","DX32_ATTRIBUTES","DX70","DX70_ATTRIBUTES","DX90","DX90_ATTRIBUTES","DYFG","DYFG_ATTRIBUTES","DYNT","DYNT_ATTRIBUTES","DYSD","DYSD_ATTRIBUTES","DYSN","DYSN_ATTRIBUTES","DYTS","DYTS_ATTRIBUTES","DYXP","DYXP_ATTRIBUTES","DYXT","DYXT_ATTRIBUTES","EMNT","EMNT_ATTRIBUTES","EMSD","EMSD_ATTRIBUTES","EMSN","EMSN_ATTRIBUTES","EMXP","EMXP_ATTRIBUTES","EMXT","EMXT_ATTRIBUTES","HDSD","HDSD_ATTRIBUTES","HTDD","HTDD_ATTRIBUTES","PRCP","PRCP_ATTRIBUTES","SNOW","SNOW_ATTRIBUTES","TAVG","TAVG_ATTRIBUTES","TMAX","TMAX_ATTRIBUTES","TMIN","TMIN_ATTRIBUTES"
"USC00334632","1951-07","39.76667","-82.93333","225.9","LOCKBURNE AFB, OH US","","","177.6",",6","6",",6","5",",6","1",",6","","","","","0",",6","0",",6","0",",6","31",",6","8",",6","","","19510706",",,6","","","","","","","19510722",",,6","19510722",",,6","12.2",",6,06,","","","","","25.9",",,6,22,","35.0",",6,22,","0.0","6","0.0",",6","80.1",",,,6","","","24.06",",6","30.13",",,,6","17.99",",,,6"
"USC00334632","1951-08","39.76667","-82.93333","225.9","LOCKBURNE AFB, OH US","","","133.6",",6","1",",6","1",",6","0",",6","","","","","0",",6","0",",6","0",",6","29",",6","6",",6","18","","19510805",",,6","","","","","1","","19510806",",,6","19510830",",,6","8.3",",6,05,","","","","","6.4",",,6,06,","37.2",",6,30,","3.6","6","3.6",",6","6.4",",,,6","","","22.53",",6","29.19",",,,6","15.86",",,,6"
"USC00334632","1951-09","39.76667","-82.93333","225.9","LOCKBURNE AFB, OH US","","","48.4",",6","7",",6","6",",6","0",",6","","","","","0",",6","0",",6","0",",6","25",",6","1",",6","14","","19510929",",,6","","","","","2","","19510922",",,6","19510912",",,6","2.8",",6,29,","","","","","19.1",",,6,22,","32.2",",6,12,","46.9","6","43.3",",6","68.2",",,,6","","","18.50",",6","24.89",",,,6","12.11",",,,6"
"USC00334632","1951-10","39.76667","-82.93333","225.9","LOCKBURNE AFB, OH US","","","26.2",",6","","","","","","","","","","","0",",6","2",",6","0",",6","14",",6","1",",6","19","","19511029",",,6","","","","","3","","","","19511004",",,6","-1.1",",6,29,","","","","","","","32.2",",6,04,","204.9","6","158.0",",6","","","","","14.08",",6","20.60",",,,6","7.56",",,,6"
"USC00334632","1951-11","39.76667","-82.93333","225.9","LOCKBURNE AFB, OH US","","","0.0","1,6","14",",6","11",",6","0",",6","0",",6","0",",6","0",",6","21",",6","3","1,6","0","1,6","0","1,6","12","","19511120","+,,6","19511118","+,,6","19511117",",,6","","","19511106",",,6","19511113",",1,6","-7.2",",6,20,+","0",",T,6,18,+","10",",,6,17,","25.1",",,6,06,","20.6","1,6,13,","644.2","6","439.3","1,6","144.6",",,,6","31",",,,6","3.16","1,6","7.57","1,,,6","-1.25",",,,6"
"USC00334632","1951-12","39.76667","-82.93333","225.9","LOCKBURNE AFB, OH US","","","0.0","2,6","","","","","","","","","","","4","1,6","20","1,6","8","1,6","0","1,6","0","1,6","20","","19511216",",1,6","","","","","1","","","","19511231",",1,6","-22.2","1,6,16,","","","","","","","18.9","1,6,31,","1162.8","6","518.6","1,6","","","","","0.17","2,6","4.89","1,,,6","-4.55","1,,,6"
"USC00334632","1952-01","39.76667","-82.93333","225.9","LOCKBURNE AFB, OH US","0.0","6","0.0","2,6","11",",6","9",",6","1",",6","0","1,6","0",",6","0","1,6","23","1,6","5","1,6","0","1,6","0","1,6","14","","19520130",",1,6","19520130","+,1,6","19520108",",,6","3","","19520126",",,6","19520101",",1,6","-12.2","1,6,30,","0","1,T,6,30,+","10",",,6,08,","57.4",",,6,26,","19.4","1,6,01,","1634.4","6","471.6","1,6","131.0",",,,6","10",",,,6","2.15","2,6","6.01","1,,,6","-1.71","1,,,6"
"USC00334632","1952-02","39.76667","-82.93333","225.9","LOCKBURNE AFB, OH US","0.0","6","0.0","1,6","","","","","","","","","","","0","1,6","22","1,6","1",",6","0",",6","0",",6","13","","19520218",",1,6","","","","","","","","","19520208",",,6","-9.4","1,6,18,","","","","","","","15.6",",6,08,","2091.9","6","457.5",",6","","","","","1.97","1,6","5.86",",,,6","-1.92","1,,,6"
"USC00334632","1952-03","39.76667","-82.93333","225.9","LOCKBURNE AFB, OH US","0.0","6","0.0","2,6","10",",6","7",",6","2",",6","0","1,6","0","1,6","0",",6","20",",6","1","2,6","0","2,6","0","2,6","13","","19520308","+,,6","19520304","+,1,6","19520302",",1,6","1","","19520310",",,6","19520330",",2,6","-6.1",",6,08,+","0","1,T,6,04,+","8","1,,6,02,","39.4",",,6,10,","20.6","2,6,30,","2485.0","6","393.1","2,6","99.4",",,,6","14","1,,,6","4.76","2,6","9.66","2,,,6","-0.13",",,,6"
"USC00334632","1952-04","39.76667","-82.93333","225.9","LOCKBURNE AFB, OH US","4.5","6","4.5",",6","11",",6","5",",6","1",",6","","","","","0",",6","4",",6","0",",6","11",",6","0",",6","13","","19520407",",,6","","","","","1","","19520423",",,6","19520421",",,6","-1.1",",6,07,","","","","","33.8",",,6,23,","28.9",",6,21,","2698.8","6","213.8",",6","77.9",",,,6","","","11.36",",6","17.23",",,,6","5.48",",,,6"
"USC00334632","1952-05","39.76667","-82.93333","225.9","LOCKBURNE AFB, OH US","25.1","6","20.6",",6","14",",6","8",",6","0",",6","","","","","0",",6","0",",6","0",",6","19",",6","1",",6","11","","19520512",",,6","","","","","5","","19520524",",,6","19520505",",,6","3.9",",6,12,","","","","","23.9",",,6,24,","32.8",",6,05,","2780.8","6","82.0",",6","73.2",",,,6","","","16.35",",6","21.80",",,,6","10.90",",,,6"
"USC00334632","1952-06","39.76667","-82.93333","225.9","LOCKBURNE AFB, OH US","189.8","6","164.7","1,6","6",",6","4",",6","0",",6","","","","","0","1,6","0","1,6","0",",6","30",",6","12",",6","11","","19520602",",1,6","","","","","8","","19520630",",,6","19520629","+,,6","9.4","1,6,02,","","","","","22.9",",,6,30,","36.7",",6,29,+","2782.2","6","1.4",",6","64.4",",,,6","","","24.03","1,6","30.55",",,,6","17.51","1,,,6"
"USC00334632","1952-07","39.76667","-82.93333","225.9","LOCKBURNE AFB, OH US","409.8","6","220.0",",6","8",",6","5",",6","0",",6","","","","","0",",6","0",",6","0",",6","31",",6","14",",6","14","","19520710",",,6","","","","","8","","19520728",",,6","19520728",",,6","12.2",",6,10,","","","","","21.8",",,6,28,","37.2",",6,28,","0.0","6","0.0",",6","49.2",",,,6","","","25.43",",6","31.83",",,,6","19.03",",,,6"
"USC00334632","1952-08","39.76667","-82.93333","225.9","LOCKBURNE AFB, OH US","556.7","6","146.9",",6","8",",6","5",",6","1",",6","","","","","0",",6","0",",6","0",",6","31",",6","2",",6","24","","19520823",",,6","","","","","2","","19520809",",,6","19520803",",,6","8.3",",6,23,","","","","","30.5",",,6,09,","33.9",",6,03,","3.0","6","3.0",",6","60.4",",,,6","","","22.97",",6","29.37",",,,6","16.58",",,,6"
"USC00334632","1952-09","39.76667","-82.93333","225.9","LOCKBURNE AFB, OH US","611.0","6","54.3","1,6","9",",6","6",",6","0",",6","","","","","0","1,6","0","1,6","0",",6","28",",6","5",",6","18","","19520924",",1,6","","","","","2","","19520902",",,6","19520911",",,6","4.4","1,6,24,","","","","","17.0",",,6,02,","34.4",",6,11,","38.3","6","35.3",",6","48.0",",,,6","","","18.97","1,6","26.36",",,,6","11.59","1,,,6"
"USC00334632","1952-10","39.76667","-82.93333","225.9","LOCKBURNE AFB, OH US","613.8","6","2.8","1,6","4",",6","3",",6","0",",6","","","","","0",",6","6",",6","0","1,6","6","1,6","0","1,6","11","","19521021",",,6","","","","","","","19521006",",,6","19521001",",1,6","-7.2",",6,21,","","","","","9.9",",,6,06,","30.6","1,6,01,","296.3","6","258.0","1,6","21.4",",,,6","","","9.80","1,6","16.76","1,,,6","2.84",",,,6"
"USC00334632","1952-11","39.76667","-82.93333","225.9","LOCKBURNE AFB, OH US","613.8","6","0.0",",6","7",",6","4",",6","0",",6","","","","","0",",6","14",",6","3",",6","3",",6","0",",6","14","","19521129",",,6","","","","","","","19521122",",,6","19521102",",,6","-10.0",",6,29,","","","","","6.9",",,6,22,","22.8",",6,02,","654.6","6","358.3",",6","24.1",",,,6","","","6.39",",6","11.63",",,,6","1.15",",,,6"
"USC00334632","1952-12","39.76667","-82.93333","225.9","LOCKBURNE AFB, OH US","613.8","6","0.0",",6","14",",6","8",",6","0",",6","4",",6","2",",6","0",",6","22",",6","7",",6","0",",6","0",",6","11","","19521201",",,6","19521202",",,6","19521202",",,6","","","19521209",",,6","19521209",",,6","-13.3",",6,01,","76",",,6,02,","53",",,6,02,","15.5",",,6,09,","17.8",",6,09,","1171.3","6","516.7",",6","66.4",",,,6","142",",,,6","1.67",",6","5.00",",,,6","-1.66",",,,6"
"USC00334632","1953-01","39.76667","-82.93333","225.9","LOCKBURNE AFB, OH US","0.0","6","0.0","2,6","16",",6","8",",6","1",",6","","","","","0","1,6","20","1,6","7","1,6","0","1,6","0","1,6","18","","19530106",",1,6","","","","","2","","19530117",",,6","19530115",",1,6","-13.9","1,6,06,","","","","","32.5",",,6,17,","16.7","1,6,15,","1643.8","6","472.5","1,6","106.2",",,,6","","","2.07","2,6","6.22","1,,,6","-2.07","1,,,6"
"USC00334632","1953-02","39.76667","-82.93333","225.9","LOCKBURNE AFB, OH US","0.0","6","0.0","3,6","5",",6","3",",6","0",",6","","","","","0","1,6","22","1,6","2","2,6","0","2,6","0","2,6","11","","19530217",",1,6","","","","","","","19530211",",,6","19530220",",2,6","-10.0","1,6,17,","","","","","22.1",",,6,11,","15.0","2,6,20,","2061.6","6","417.8","2,6","29.7",",,,6","","","1.96","3,6","7.18","2,,,6","-3.25","1,,,6"
"USC00334632","1953-03","39.76667","-82.93333","225.9","LOCKBURNE AFB, OH US","0.0","6","0.0",",6","12",",6","9",",6","0",",6","","","","","0",",6","11",",6","2",",6","1",",6","0",",6","12","","19530308",",,6","","","","","2","","19530303",",,6","19530321",",,6","-9.4",",6,08,","","","","","8.4",",,6,03,","23.9",",6,21,","2440.8","6","379.2",",6","42.9",",,,6","","","6.10",",6","11.07",",,,6","1.13",",,,6"
"USC00334632","1953-04","39.76667","-82.93333","225.9","LOCKBURNE AFB, OH US","0.3","6","0.3",",6","17",",6","7",",6","0",",6","","","","","0",",6","5",",6","0",",6","6",",6","0",",6","13","","19530419",",,6","","","","","3","","19530418",",,6","19530409",",,6","-5.0",",6,19,","","","","","13.5",",,6,18,","26.7",",6,09,","2715.8","6","275.0",",6","62.1",",,,6","","","9.18",",6","14.19",",,,6","4.16",",,,6"
"USC00334632","1953-05","39.76667","-82.93333","225.9","LOCKBURNE AFB, OH US","51.0","6","50.7","1,6","14",",6","8",",6","0",",6","","","","","0",",6","0",",6","0","1,6","22","1,6","3","1,6","18","","19530528",",,6","","","","","4","","19530517",",,6","19530531",",1,6","5.6",",6,28,","","","","","14.7",",,6,17,","33.3","1,6,31,","2751.3","6","35.5","1,6","62.1",",,,6","","","18.79","1,6","24.60","1,,,6","12.98",",,,6"
"USC00334632","1953-06","39.76667","-82.93333","225.9","LOCKBURNE AFB, OH US","206.9","6","155.9","1,6","6",",6","5",",6","0",",6","","","","","0",",6","0",",6","0","1,6","29","1,6","14","1,6","15","","19530602",",,6","","","","","8","","19530609",",,6","19530620",",1,6","7.8",",6,02,","","","","","14.7",",,6,09,","36.1","1,6,20,","2752.7","6","1.4","1,6","41.6",",,,6","","","23.59","1,6","30.43","1,,,6","16.75",",,,6"
"USC00334632","1953-07","39.76667","-82.93333","225.9","LOCKBURNE AFB, OH US","396.0","6","189.1",",6","8",",6","5",",6","1",",6","","","","","0",",6","0",",6","0",",6","31",",6","11",",6","16","","19530711",",,6","","","","","6","","19530718",",,6","19530701",",,6","12.2",",6,11,","","","","","48.5",",,6,18,","36.7",",6,01,","0.0","6","0.0",",6","110.0",",,,6","","","24.43",",6","30.45",",,,6","18.42",",,,6"
"USC00334632","1953-08","39.76667","-82.93333","225.9","LOCKBURNE AFB, OH US","556.3","6","160.3",",6","4",",6","3",",6","1",",6","","","","","0",",6","0",",6","0",",6","31",",6","10",",6","20","","19530819",",,6","","","","","4","","19530801",",,6","19530831","+,,6","10.6",",6,19,","","","","","59.9",",,6,01,","36.7",",6,31,+","1.1","6","1.1",",6","75.4",",,,6","","","23.47",",6","30.16",",,,6","16.78",",,,6"
"USC00334632","1953-09","39.76667","-82.93333","225.9","LOCKBURNE AFB, OH US","634.8","6","78.5",",6","5",",6","2",",6","0",",6","","","","","0",",6","0",",6","0",",6","27",",6","6",",6","6","","19530923","+,,6","","","","","3","","19530919",",,6","19530903","+,,6","5.0",",6,23,+","","","","","12.7",",,6,19,","37.8",",6,03,+","35.5","6","34.4",",6","21.9",",,,6","","","19.80",",6","27.25",",,,6","12.36",",,,6"
"USC00334632","1953-10","39.76667","-82.93333","225.9","LOCKBURNE AFB, OH US","650.4","6","15.6",",6","4",",6","3",",6","0",",6","","","","","0",",6","2",",6","0",",6","19",",6","0",",6","19","","19531030",",,6","","","","","","","19531027",",,6","19531003",",,6","-1.7",",6,30,","","","","","12.4",",,6,27,","31.7",",6,03,","166.5","6","131.0",",6","23.1",",,,6","","","14.61",",6","22.15",",,,6","7.07",",,,6"
"USC00334632","1953-11","39.76667","-82.93333","225.9","LOCKBURNE AFB, OH US","650.4","6","0.0",",6","7",",6","4",",6","0",",6","","","","","0",",6","12",",6","1",",6","6",",6","0",",6","6","","19531129",",,6","","","","","","","19531122",",,6","19531120",",,6","-7.2",",6,29,","","","","","11.4",",,6,22,","21.7",",6,20,","510.1","6","343.6",",6","28.4",",,,6","","","6.88",",6","12.59",",,,6","1.17",",,,6"
"USC00334632","1953-12","39.76667","-82.93333","225.9","LOCKBURNE AFB, OH US","650.4","6","0.0",",6","6",",6","5",",6","0",",6","1","2,6","2","1,6","0",",6","22",",6","4",",6","0",",6","0",",6","11","","19531218",",,6","19531218",",2,6","19531214",",1,6","1","","19531214",",,6","19531204",",,6","-16.7",",6,18,","25","2,,6,18,","69","1,,6,14,","16.0",",,6,14,","18.3",",6,04,","1036.5","6","526.4",",6","45.9",",,,6","115","1,,,6","1.35",",6","5.91",",,,6","-3.20",",,,6"
