"STATION","DATE","LATITUDE","LONGITUDE","ELEVATION","NAME","CDSD","CDSD_ATTRIBUTES","CLDD","CLDD_ATTRIBUTES","DP01","DP01_ATTRIBUTES","DP10","DP10_ATTRIBUTES","DP1X","DP1X_ATTRIBUTES","DSND","DSND_ATTRIBUTES","DSNW","DSNW_ATTRIBUTES","DT00","DT00_ATTRIBUTES","DT32","DT32_ATTRIBUTES","DX32","DX32_ATTRIBUTES","DX70","DX70_ATTRIBUTES","DX90","DX90_ATTRIBUTES","DYFG","DYFG_ATTRIBUTES","DYNT","DYNT_ATTRIBUTES","DYSD","DYSD_ATTRIBUTES","DYSN","DYSN_ATTRIBUTES","DYTS","DYTS_ATTRIBUTES","DYXP","DYXP_ATTRIBUTES","DYXT","DYXT_ATTRIBUTES","EMNT","EMNT_ATTRIBUTES","EMSD","EMSD_ATTRIBUTES","EMSN","EMSN_ATTRIBUTES","EMXP","EMXP_ATTRIBUTES","EMXT","EMXT_ATTRIBUTES","HDSD","HDSD_ATTRIBUTES","HTDD","HTDD_ATTRIBUTES","PRCP","PRCP_ATTRIBUTES","SNOW","SNOW_ATTRIBUTES","TAVG","TAVG_ATTRIBUTES","TMAX","TMAX_ATTRIBUTES","TMIN","TMIN_ATTRIBUTES"
"USC00088841","1936-06","25.0069","-80.5211","1.5","TAVERNIER, FL US","","","","","11",",6","11",",6","3",",6","","","","","","","","","","","","","","","","","","","","","","","","","19360614",",,6","","","","","","","","","40.6",",,6,14,","","","","","","","191.8",",,,6","","","","","","","",""
"USC00088841","1936-07","25.0069","-80.5211","1.5","TAVERNIER, FL US","","","252.6","1,6","11",",6","11",",6","2",",6","","","","","0","1,6","0","1,6","0","1,6","30","1,6","0","1,6","","","19360712","+,1,6","","","","","","","19360729",",,6","19360720",",1,6","21.7","1,6,12,+","","","","","45.7",",,6,29,","31.1","1,6,20,","0.0","6","0.0","1,6","182.9",",,,6","","","26.75","1,6","29.03","1,,,6","24.48","1,,,6"
"USC00088841","1936-08","25.0069","-80.5211","1.5","TAVERNIER, FL US","","","","","11",",6","11",",6","3",",6","","","","","","","","","","","","","","","","","","","","","","","","","19360805",",,6","","","","","","","","","116.8",",,6,05,","","","","","","","281.8",",,,6","","","","","","","",""
"USC00088841","1936-09","25.0069","-80.5211","1.5","TAVERNIER, FL US","","","234.5",",6","12",",6","12",",6","2",",6","","","","","0",",6","0",",6","0",",6","30",",6","0",",6","","","19360920",",,6","","","","","","","19360921","+,,6","19360911",",,6","21.7",",6,20,","","","","","38.1",",,6,21,+","30.0",",6,11,","","","0.0",",6","154.9",",,,6","","","26.15",",6","28.44",",,,6","23.86",",,,6"
"USC00088841","1936-10","25.0069","-80.5211","1.5","TAVERNIER, FL US","","","212.8","1,6","13",",6","13",",6","4",",6","","","","","0","1,6","0","1,6","0","1,6","30","1,6","0","1,6","","","19361027","+,1,6","","","","","","","19361013",",,6","19361003",",1,6","20.6","1,6,27,+","","","","","63.5",",,6,13,","30.6","1,6,03,","","","0.0","1,6","233.7",",,,6","","","25.43","1,6","27.61","1,,,6","23.24","1,,,6"
"USC00088841","1936-11","25.0069","-80.5211","1.5","TAVERNIER, FL US","","","106.1","1,6","5",",6","5",",6","1",",6","","","","","0","1,6","0","1,6","0","1,6","25","1,6","0","1,6","","","19361128",",1,6","","","","","","","19361105",",,6","19361105",",1,6","10.0","1,6,28,","","","","","27.9",",,6,05,","26.7","1,6,05,","","","9.2","1,6","59.7",",,,6","","","21.67","1,6","23.79","1,,,6","19.56","1,,,6"
"USC00088841","1936-12","25.0069","-80.5211","1.5","TAVERNIER, FL US","","","89.2",",6","6",",6","6",",6","0",",6","","","","","0",",6","0",",6","0",",6","29",",6","0",",6","","","19361221",",,6","","","","","","","19361216",",,6","19361216","+,,6","11.7",",6,21,","","","","","11.4",",,6,16,","25.0",",6,16,+","","","3.0",",6","25.2",",,,6","","","21.11",",6","23.12",",,,6","19.11",",,,6"
"USC00088841","1937-01","25.0069","-80.5211","1.5","TAVERNIER, FL US","148.0","6","148.0","1,6","6",",6","5",",6","0",",6","","","","","0","1,6","0","1,6","0","1,6","30","1,6","0","1,6","","","19370112",",1,6","","","","","","","19370130",",,6","19370104",",1,6","16.1","1,6,12,","","","","","15.2",",,6,30,","25.6","1,6,04,","","","0.0","1,6","27.8",",,,6","","","23.27","1,6","24.39","1,,,6","22.14","1,,,6"
"USC00088841","1937-02","25.0069","-80.5211","1.5","TAVERNIER, FL US","205.8","6","57.8","2,6","7",",6","6",",6","1",",6","","","","","0",",6","0",",6","0","2,6","24","2,6","0","2,6","","","19370217",",,6","","","","","","","19370212",",,6","19370210",",2,6","12.8",",6,17,","","","","","33.0",",,6,12,","25.0","2,6,10,","","","2.2","2,6","86.4",",,,6","","","20.50","2,6","22.63","2,,,6","18.38",",,,6"
"USC00088841","1937-03","25.0069","-80.5211","1.5","TAVERNIER, FL US","293.1","6","87.3","1,6","9",",6","6",",6","1",",6","","","","","0","1,6","0","1,6","0","1,6","27","1,6","0","1,6","1","","19370302",",1,6","","","","","","","19370309",",,6","19370327",",1,6","11.1","1,6,02,","","","","","53.3",",,6,09,","26.7","1,6,27,","","","6.7","1,6","83.9",",,,6","","","21.02","1,6","23.48","1,,,6","18.56","1,,,6"
"USC00088841","1937-04","25.0069","-80.5211","1.5","TAVERNIER, FL US","429.9","6","136.8",",6","1",",6","1",",6","0",",6","","","","","0",",6","0",",6","0",",6","30",",6","0",",6","","","19370427","+,,6","","","","","","","19370407",",,6","19370430","+,,6","15.0",",6,27,+","","","","","20.3",",,6,07,","26.7",",6,30,+","","","0.0",",6","20.3",",,,6","","","22.89",",6","24.87",",,,6","20.91",",,,6"
"USC00088841","1937-05","25.0069","-80.5211","1.5","TAVERNIER, FL US","622.3","6","192.4",",6","7",",6","7",",6","2",",6","","","","","0",",6","0",",6","0",",6","31",",6","0",",6","","","19370521","+,,6","","","","","","","19370506",",,6","19370531","+,,6","19.4",",6,21,+","","","","","53.3",",,6,06,","27.2",",6,31,+","","","0.0",",6","125.6",",,,6","","","24.54",",6","26.34",",,,6","22.74",",,,6"
"USC00088841","1937-06","25.0069","-80.5211","1.5","TAVERNIER, FL US","873.3","6","251.0",",6","11",",6","8",",6","2",",6","","","","","0",",6","0",",6","0",",6","30",",6","0",",6","","","19370626",",,6","","","","","","","19370624",",,6","19370615",",,6","22.2",",6,26,","","","","","76.2",",,6,24,","31.1",",6,15,","","","0.0",",6","142.3",",,,6","","","26.70",",6","28.74",",,,6","24.66",",,,6"
"USC00088841","1937-07","25.0069","-80.5211","1.5","TAVERNIER, FL US","1139.0","6","265.7",",6","7",",6","7",",6","1",",6","","","","","0",",6","0",",6","0",",6","31",",6","0",",6","","","19370701",",,6","","","","","","","19370726",",,6","19370730","+,,6","21.1",",6,01,","","","","","30.5",",,6,26,","29.4",",6,30,+","0.0","6","0.0",",6","105.4",",,,6","","","26.90",",6","28.70",",,,6","25.10",",,,6"
"USC00088841","1937-08","25.0069","-80.5211","1.5","TAVERNIER, FL US","1407.2","6","268.2",",6","15",",6","11",",6","2",",6","","","","","0",",6","0",",6","0",",6","31",",6","0",",6","","","19370804",",,6","","","","","","","19370830","+,,6","19370815","+,,6","21.1",",6,04,","","","","","27.9",",,6,30,+","30.0",",6,15,+","0.0","6","0.0",",6","119.5",",,,6","","","26.98",",6","29.09",",,,6","24.87",",,,6"
"USC00088841","1937-09","25.0069","-80.5211","1.5","TAVERNIER, FL US","1627.3","6","220.1","1,6","13",",6","11",",6","4",",6","","","","","0","1,6","0","1,6","0","1,6","29","1,6","0","1,6","","","19370925",",1,6","","","","","","","19370928",",,6","19370922",",1,6","21.1","1,6,25,","","","","","66.0",",,6,28,","29.4","1,6,22,","0.0","6","0.0","1,6","237.6",",,,6","","","25.92","1,6","27.83","1,,,6","24.02","1,,,6"
"USC00088841","1937-10","25.0069","-80.5211","1.5","TAVERNIER, FL US","1806.3","6","179.0",",6","12",",6","10",",6","1",",6","","","","","0",",6","0",",6","0",",6","29",",6","0",",6","","","19371030",",,6","","","","","","","19371016",",,6","19371005",",,6","12.8",",6,30,","","","","","25.4",",,6,16,","28.3",",6,05,","0.8","6","0.8",",6","109.3",",,,6","","","24.08",",6","26.07",",,,6","22.09",",,,6"
"USC00088841","1937-11","25.0069","-80.5211","1.5","TAVERNIER, FL US","1891.0","6","84.7","2,6","5",",6","3",",6","0",",6","","","","","0",",6","0",",6","0","2,6","24","2,6","0","2,6","","","19371121",",,6","","","","","","","19371110",",,6","19371102","+,2,6","9.4",",6,21,","","","","","11.4",",,6,10,","25.6","2,6,02,+","13.9","6","13.1","2,6","28.0",",,,6","","","20.89","2,6","22.70","2,,,6","19.08",",,,6"
"USC00088841","1937-12","25.0069","-80.5211","1.5","TAVERNIER, FL US","1974.1","6","83.1","1,6","6",",6","4",",6","0",",6","","","","","0",",6","0",",6","0","1,6","27","1,6","0","1,6","","","19371207",",,6","","","","","","","19371229",",,6","19371224","+,1,6","6.7",",6,07,","","","","","6.4",",,6,29,","27.8","1,6,24,+","39.5","6","25.6","1,6","20.4",",,,6","","","20.28","1,6","23.61","1,,,6","16.95",",,,6"
"USC00088841","1938-01","25.0069","-80.5211","1.5","TAVERNIER, FL US","98.2","6","98.2",",6","2",",6","1",",6","0",",6","","","","","0",",6","0",",6","0",",6","27",",6","0",",6","","","19380128",",,6","","","","","","","19380108",",,6","19380112","+,,6","7.8",",6,28,","","","","","3.8",",,6,08,","28.3",",6,12,+","58.7","6","19.2",",6","5.1",",,,6","","","20.88",",6","24.84",",,,6","16.92",",,,6"
"USC00088841","1938-02","25.0069","-80.5211","1.5","TAVERNIER, FL US","203.7","6","105.5","1,6","4",",6","4",",6","0",",6","","","","","0","1,6","0","1,6","0","1,6","26","1,6","0","1,6","","","19380226",",1,6","","","","","","","19380203",",,6","19380219",",1,6","11.1","1,6,26,","","","","","7.6",",,6,03,","27.2","1,6,19,","62.4","6","3.7","1,6","19.0",",,,6","","","22.11","1,6","25.33","1,,,6","18.88","1,,,6"
"USC00088841","1938-03","25.0069","-80.5211","1.5","TAVERNIER, FL US","390.0","6","186.3",",6","1",",6","1",",6","0",",6","","","","","0",",6","0",",6","0",",6","31",",6","0",",6","","","19380313","+,,6","","","","","","","19380323",",,6","19380317",",,6","15.6",",6,13,+","","","","","3.8",",,6,23,","30.0",",6,17,","62.4","6","0.0",",6","3.8",",,,6","","","24.34",",6","27.71",",,,6","20.98",",,,6"
"USC00088841","1938-04","25.0069","-80.5211","1.5","TAVERNIER, FL US","583.3","6","193.3",",6","5",",6","2",",6","0",",6","","","","","0",",6","0",",6","0",",6","30",",6","0",",6","","","19380410",",,6","","","","","","","19380403",",,6","19380403",",,6","16.7",",6,10,","","","","","12.7",",,6,03,","31.7",",6,03,","62.4","6","0.0",",6","19.1",",,,6","","","24.78",",6","27.91",",,,6","21.64",",,,6"
"USC00088841","1938-05","25.0069","-80.5211","1.5","TAVERNIER, FL US","840.0","6","256.7",",6","7",",6","7",",6","1",",6","","","","","0",",6","0",",6","0",",6","31",",6","1",",6","","","19380502",",,6","","","","","","","19380511",",,6","19380515",",,6","17.8",",6,02,","","","","","39.4",",,6,11,","32.2",",6,15,","62.4","6","0.0",",6","109.4",",,,6","","","26.61",",6","29.76",",,,6","23.46",",,,6"
"USC00088841","1938-06","25.0069","-80.5211","1.5","TAVERNIER, FL US","1111.4","6","271.4",",6","9",",6","8",",6","0",",6","","","","","0",",6","0",",6","0",",6","30",",6","5",",6","","","19380628",",,6","","","","","","","19380612",",,6","19380607",",,6","21.7",",6,28,","","","","","21.6",",,6,12,","32.8",",6,07,","62.4","6","0.0",",6","91.5",",,,6","","","27.38",",6","30.85",",,,6","23.90",",,,6"
"USC00088841","1938-07","25.0069","-80.5211","1.5","TAVERNIER, FL US","1411.8","6","300.4",",6","12",",6","8",",6","0",",6","","","","","0",",6","0",",6","0",",6","31",",6","14",",6","","","19380722","+,,6","","","","","","","19380706",",,6","19380704",",,6","21.7",",6,22,+","","","","","14.0",",,6,06,","33.3",",6,04,","0.0","6","0.0",",6","67.4",",,,6","","","28.02",",6","31.55",",,,6","24.50",",,,6"
"USC00088841","1938-08","25.0069","-80.5211","1.5","TAVERNIER, FL US","1731.9","6","320.1",",6","8",",6","7",",6","0",",6","","","","","0",",6","0",",6","0",",6","31",",6","12",",6","","","19380819","+,,6","","","","","","","19380810",",,6","19380831","+,,6","23.3",",6,19,+","","","","","11.4",",,6,10,","32.8",",6,31,+","0.0","6","0.0",",6","47.0",",,,6","","","28.66",",6","31.75",",,,6","25.56",",,,6"
"USC00088841","1938-09","25.0069","-80.5211","1.5","TAVERNIER, FL US","2029.5","6","297.6",",6","11",",6","8",",6","2",",6","","","","","0",",6","0",",6","0",",6","30",",6","12",",6","","","19380927","+,,6","","","","","","","19380908",",,6","19380920","+,,6","23.3",",6,27,+","","","","","35.6",",,6,08,","32.8",",6,20,+","0.0","6","0.0",",6","108.0",",,,6","","","28.25",",6","31.72",",,,6","24.79",",,,6"
"USC00088841","1938-10","25.0069","-80.5211","1.5","TAVERNIER, FL US","2245.6","6","216.1",",6","12",",6","10",",6","1",",6","","","","","0",",6","0",",6","0",",6","31",",6","0",",6","","","19381031","+,,6","","","","","","","19381013",",,6","19381017","+,,6","16.7",",6,31,+","","","","","25.4",",,6,13,","30.6",",6,17,+","0.0","6","0.0",",6","102.9",",,,6","","","25.30",",6","28.40",",,,6","22.20",",,,6"
"USC00088841","1938-11","25.0069","-80.5211","1.5","TAVERNIER, FL US","2432.8","6","187.2",",6","7",",6","7",",6","0",",6","","","","","0",",6","0",",6","0",",6","30",",6","0",",6","","","19381128",",,6","","","","","","","19381109",",,6","19381119","+,,6","11.7",",6,28,","","","","","7.6",",,6,09,","29.4",",6,19,+","1.1","6","1.1",",6","33.0",",,,6","","","24.54",",6","27.71",",,,6","21.37",",,,6"
"USC00088841","1938-12","25.0069","-80.5211","1.5","TAVERNIER, FL US","2523.1","6","90.3",",6","3",",6","3",",6","0",",6","","","","","0",",6","0",",6","0",",6","31",",6","0",",6","","","19381219",",,6","","","","","","","19381215","+,,6","19381205",",,6","10.6",",6,19,","","","","","10.2",",,6,15,+","28.9",",6,05,","4.4","6","3.3",",6","25.5",",,,6","","","21.14",",6","25.15",",,,6","17.13",",,,6"
"USC00088841","1939-01","25.0069","-80.5211","1.5","TAVERNIER, FL US","114.5","6","114.5","1,6","7",",6","5",",6","2",",6","","","","","0",",6","0",",6","0","1,6","30","1,6","0","1,6","","","19390120",",,6","","","","","","","19390129",",,6","19390113",",1,6","9.4",",6,20,","","","","","40.6",",,6,29,","28.3","1,6,13,","8.8","6","4.4","1,6","83.8",",,,6","","","21.86","1,6","25.39","1,,,6","18.33",",,,6"
"USC00088841","1939-02","25.0069","-80.5211","1.5","TAVERNIER, FL US","273.6","6","159.1",",6","5",",6","4",",6","0",",6","","","","","0",",6","0",",6","0",",6","28",",6","0",",6","","","19390223",",,6","","","","","","","19390223",",,6","19390207",",,6","10.0",",6,23,","","","","","14.0",",,6,23,","29.4",",6,07,","13.0","6","4.2",",6","36.8",",,,6","","","23.87",",6","26.95",",,,6","20.78",",,,6"
"USC00088841","1939-03","25.0069","-80.5211","1.5","TAVERNIER, FL US","459.5","6","185.9",",6","2",",6","2",",6","1",",6","","","","","0",",6","0",",6","0",",6","31",",6","0",",6","","","19390323",",,6","","","","","","","19390315",",,6","19390331","+,,6","16.1",",6,23,","","","","","53.3",",,6,15,","29.4",",6,31,+","13.0","6","0.0",",6","60.9",",,,6","","","24.33",",6","27.46",",,,6","21.20",",,,6"
"USC00088841","1939-04","25.0069","-80.5211","1.5","TAVERNIER, FL US","671.5","6","212.0",",6","8",",6","8",",6","1",",6","","","","","0",",6","0",",6","0",",6","30",",6","0",",6","","","19390409",",,6","","","","","","","19390419",",,6","19390430","+,,6","13.9",",6,09,","","","","","30.5",",,6,19,","30.6",",6,30,+","13.0","6","0.0",",6","64.7",",,,6","","","25.40",",6","28.67",",,,6","22.13",",,,6"
"USC00088841","1939-05","25.0069","-80.5211","1.5","TAVERNIER, FL US","921.3","6","249.8",",6","9",",6","7",",6","1",",6","","","","","0",",6","0",",6","0",",6","31",",6","0",",6","","","19390504",",,6","","","","","","","19390510",",,6","19390524","+,,6","19.4",",6,04,","","","","","27.9",",,6,10,","31.1",",6,24,+","13.0","6","0.0",",6","83.8",",,,6","","","26.39",",6","29.70",",,,6","23.09",",,,6"
"USC00088841","1939-06","25.0069","-80.5211","1.5","TAVERNIER, FL US","1214.9","6","293.6",",6","3",",6","3",",6","1",",6","","","","","0",",6","0",",6","0",",6","30",",6","3",",6","","","19390606",",,6","","","","","","","19390616",",,6","19390624",",,6","21.1",",6,06,","","","","","27.9",",,6,16,","33.3",",6,24,","13.0","6","0.0",",6","58.4",",,,6","","","28.12",",6","31.28",",,,6","24.96",",,,6"
"USC00088841","1939-07","25.0069","-80.5211","1.5","TAVERNIER, FL US","1515.6","6","300.7","1,6","10",",6","9",",6","2",",6","","","","","0","1,6","0","1,6","0",",6","31",",6","13",",6","","","19390712","+,1,6","","","","","","","19390712",",,6","19390730",",,6","21.7","1,6,12,+","","","","","58.4",",,6,12,","33.3",",6,30,","0.0","6","0.0",",6","137.1",",,,6","","","28.35","1,6","31.82",",,,6","24.89","1,,,6"
"USC00088841","1939-08","25.0069","-80.5211","1.5","TAVERNIER, FL US","1835.5","6","319.9",",6","10",",6","9",",6","1",",6","","","","","0",",6","0",",6","0",",6","31",",6","24",",6","","","19390826","+,,6","","","","","","","19390805",",,6","19390830","+,,6","22.8",",6,26,+","","","","","27.9",",,6,05,","33.3",",6,30,+","0.0","6","0.0",",6","101.6",",,,6","","","28.65",",6","32.23",",,,6","25.07",",,,6"
"USC00088841","1939-09","25.0069","-80.5211","1.5","TAVERNIER, FL US","2140.3","6","304.8",",6","9",",6","9",",6","0",",6","","","","","0",",6","0",",6","0",",6","30",",6","21",",6","","","19390915","+,,6","","","","","","","19390913",",,6","19390910",",,6","22.2",",6,15,+","","","","","20.3",",,6,13,","33.3",",6,10,","0.0","6","0.0",",6","88.8",",,,6","","","28.49",",6","32.12",",,,6","24.87",",,,6"
"USC00088841","1939-10","25.0069","-80.5211","1.5","TAVERNIER, FL US","2393.6","6","253.3","2,6","11",",6","10",",6","4",",6","","","","","0",",6","0",",6","0","2,6","29","2,6","4","2,6","","","19391031",",,6","","","","","","","19391030",",,6","19391001",",2,6","20.0",",6,31,","","","","","47.0",",,6,30,","33.3","2,6,01,","0.0","6","0.0","2,6","205.9",",,,6","","","27.10","2,6","29.95","2,,,6","24.24",",,,6"
"USC00088841","1939-11","25.0069","-80.5211","1.5","TAVERNIER, FL US","2514.5","6","120.9",",6","6",",6","3",",6","0",",6","","","","","0",",6","0",",6","0",",6","29",",6","0",",6","","","19391126",",,6","","","","","","","19391119",",,6","19391119","+,,6","11.7",",6,26,","","","","","14.0",",,6,19,","28.9",",6,19,+","3.4","6","3.4",",6","31.9",",,,6","","","22.25",",6","25.36",",,,6","19.14",",,,6"
"USC00088841","1939-12","25.0069","-80.5211","1.5","TAVERNIER, FL US","2600.4","6","85.9",",6","3",",6","3",",6","1",",6","","","","","0",",6","0",",6","0",",6","30",",6","0",",6","","","19391231",",,6","","","","","","","19391229",",,6","19391228","+,,6","10.0",",6,31,","","","","","76.2",",,6,29,","28.3",",6,28,+","9.2","6","5.8",",6","99.1",",,,6","","","20.91",",6","24.87",",,,6","16.96",",,,6"
"USC00088841","1940-01","25.0069","-80.5211","1.5","TAVERNIER, FL US","52.5","6","52.5",",6","3",",6","3",",6","1",",6","","","","","0",",6","0",",6","0",",6","21",",6","0",",6","","","19400128",",,6","","","","","","","19400119",",,6","19400113",",,6","2.2",",6,28,","","","","","25.4",",,6,19,","27.8",",6,13,","82.6","6","73.4",",6","38.1",",,,6","","","17.66",",6","21.97",",,,6","13.35",",,,6"
"USC00088841","1940-02","25.0069","-80.5211","1.5","TAVERNIER, FL US","92.0","6","39.5",",6","3",",6","3",",6","0",",6","","","","","0",",6","0",",6","0",",6","28",",6","0",",6","","","19400223",",,6","","","","","","","19400207",",,6","19400210",",,6","8.3",",6,23,","","","","","16.5",",,6,07,","27.2",",6,10,","99.5","6","16.9",",6","31.8",",,,6","","","19.11",",6","23.67",",,,6","14.55",",,,6"
"USC00088841","1940-03","25.0069","-80.5211","1.5","TAVERNIER, FL US","200.7","6","108.7",",6","3",",6","3",",6","1",",6","","","","","0",",6","0",",6","0",",6","29",",6","0",",6","","","19400310","+,,6","","","","","","","19400306",",,6","19400331",",,6","10.0",",6,10,+","","","","","30.5",",,6,06,","29.4",",6,31,","108.4","6","8.9",",6","53.3",",,,6","","","21.55",",6","25.09",",,,6","18.01",",,,6"
"USC00088841","1940-04","25.0069","-80.5211","1.5","TAVERNIER, FL US","362.3","6","161.6",",6","5",",6","5",",6","0",",6","","","","","0",",6","0",",6","0",",6","30",",6","0",",6","","","19400422","+,,6","","","","","","","19400427",",,6","19400407",",,6","10.6",",6,22,+","","","","","15.2",",,6,27,","30.6",",6,07,","112.5","6","4.1",",6","44.4",",,,6","","","23.58",",6","27.16",",,,6","20.01",",,,6"
"USC00088841","1940-05","25.0069","-80.5211","1.5","TAVERNIER, FL US","585.2","6","222.9",",6","3",",6","3",",6","0",",6","","","","","0",",6","0",",6","0",",6","31",",6","2",",6","","","19400505",",,6","","","","","","","19400526",",,6","19400523","+,,6","17.2",",6,05,","","","","","21.6",",,6,26,","33.3",",6,23,+","112.5","6","0.0",",6","40.7",",,,6","","","25.52",",6","29.20",",,,6","21.85",",,,6"
"USC00088841","1940-06","25.0069","-80.5211","1.5","TAVERNIER, FL US","878.8","6","293.6",",6","8",",6","7",",6","0",",6","","","","","0",",6","0",",6","0",",6","30",",6","7",",6","","","19400602",",,6","","","","","","","19400602",",,6","19400630","+,,6","21.7",",6,02,","","","","","15.2",",,6,02,","32.8",",6,30,+","112.5","6","0.0",",6","50.8",",,,6","","","28.12",",6","30.99",",,,6","25.25",",,,6"
"USC00088841","1940-07","25.0069","-80.5211","1.5","TAVERNIER, FL US","1209.2","6","330.4",",6","11",",6","9",",6","2",",6","","","","","0",",6","0",",6","0",",6","31",",6","24",",6","","","19400728",",,6","","","","","","","19400728",",,6","19400728","+,,6","22.2",",6,28,","","","","","50.8",",,6,28,","33.3",",6,28,+","0.0","6","0.0",",6","130.7",",,,6","","","28.99",",6","32.40",",,,6","25.58",",,,6"
"USC00088841","1940-08","25.0069","-80.5211","1.5","TAVERNIER, FL US","1527.0","6","317.8",",6","14",",6","12",",6","2",",6","","","","","0",",6","0",",6","0",",6","31",",6","21",",6","","","19400824",",,6","","","","","","","19400826",",,6","19400822","+,,6","22.8",",6,24,","","","","","33.0",",,6,26,","33.9",",6,22,+","0.0","6","0.0",",6","133.4",",,,6","","","28.59",",6","32.40",",,,6","24.77",",,,6"
"USC00088841","1940-09","25.0069","-80.5211","1.5","TAVERNIER, FL US","1796.7","6","269.7",",6","20",",6","19",",6","9",",6","","","","","0",",6","0",",6","0",",6","30",",6","4",",6","","","19400904",",,6","","","","","","","19400921",",,6","19400926","+,,6","21.7",",6,04,","","","","","63.5",",,6,21,","32.2",",6,26,+","0.0","6","0.0",",6","510.7",",,,6","","","27.32",",6","30.65",",,,6","24.00",",,,6"
"USC00088841","1940-10","25.0069","-80.5211","1.5","TAVERNIER, FL US","2008.9","6","212.2",",6","8",",6","7",",6","0",",6","","","","","0",",6","0",",6","0",",6","31",",6","0",",6","","","19401021",",,6","","","","","","","19401004",",,6","19401008",",,6","19.4",",6,21,","","","","","24.4",",,6,04,","30.6",",6,08,","0.0","6","0.0",",6","87.1",",,,6","","","25.18",",6","28.38",",,,6","21.98",",,,6"
"USC00088841","1940-11","25.0069","-80.5211","1.5","TAVERNIER, FL US","2162.6","6","153.7",",6","5",",6","3",",6","0",",6","","","","","0",",6","0",",6","0",",6","28",",6","0",",6","","","19401116",",,6","","","","","","","19401124",",,6","19401102",",,6","8.9",",6,16,","","","","","11.2",",,6,24,","30.0",",6,02,","9.5","6","9.5",",6","26.2",",,,6","","","23.14",",6","26.20",",,,6","20.09",",,,6"
"USC00088841","1940-12","25.0069","-80.5211","1.5","TAVERNIER, FL US","2324.7","6","162.1",",6","5",",6","5",",6","1",",6","","","","","0",",6","0",",6","0",",6","31",",6","0",",6","","","19401204",",,6","","","","","","","19401227",",,6","19401221",",,6","13.9",",6,04,","","","","","25.7",",,6,27,","29.4",",6,21,","9.5","6","0.0",",6","69.7",",,,6","","","23.56",",6","26.58",",,,6","20.55",",,,6"
"USC00088841","1941-01","25.0069","-80.5211","1.5","TAVERNIER, FL US","90.9","6","90.9",",6","8",",6","6",",6","1",",6","","","","","0",",6","0",",6","0",",6","27",",6","0",",6","","","19410120","+,,6","","","","","","","19410109",",,6","19410118",",,6","8.9",",6,20,+","","","","","29.2",",,6,09,","27.8",",6,18,","26.4","6","16.9",",6","80.5",",,,6","","","20.72",",6","24.36",",,,6","17.08",",,,6"
"USC00088841","1941-02","25.0069","-80.5211","1.5","TAVERNIER, FL US","132.4","6","41.5",",6","9",",6","6",",6","2",",6","","","0",",6","0",",6","0",",6","0",",6","23",",6","0",",6","","","19410210",",,6","","","19410228","+,,6","","","19410209",",,6","19410226","+,,6","9.4",",6,10,","","","0",",,6,28,+","42.7",",,6,09,","26.7",",6,26,+","41.5","6","15.1",",6","148.9",",,,6","0",",,,6","19.28",",6","23.46",",,,6","15.09",",,,6"
"USC00088841","1941-03","25.0069","-80.5211","1.5","TAVERNIER, FL US","222.1","6","89.7",",6","7",",6","5",",6","2",",6","","","","","0",",6","0",",6","0",",6","28",",6","0",",6","","","19410302",",,6","","","","","","","19410326",",,6","19410324",",,6","7.2",",6,02,","","","","","51.3",",,6,26,","28.9",",6,24,","57.6","6","16.1",",6","128.6",",,,6","","","20.71",",6","24.77",",,,6","16.65",",,,6"
"USC00088841","1941-04","25.0069","-80.5211","1.5","TAVERNIER, FL US","398.9","6","176.8",",6","6",",6","6",",6","3",",6","","","","","0",",6","0",",6","0",",6","30",",6","0",",6","","","19410430",",,6","","","","","","","19410429",",,6","19410428","+,,6","16.1",",6,30,","","","","","49.5",",,6,29,","29.4",",6,28,+","57.6","6","0.0",",6","143.3",",,,6","","","24.23",",6","27.30",",,,6","21.15",",,,6"
"USC00088841","1941-05","25.0069","-80.5211","1.5","TAVERNIER, FL US","613.0","6","214.1",",6","2",",6","1",",6","0",",6","","","","","0",",6","0",",6","0",",6","31",",6","0",",6","","","19410503",",,6","","","","","","","19410508",",,6","19410510",",,6","16.1",",6,03,","","","","","21.3",",,6,08,","31.1",",6,10,","57.6","6","0.0",",6","22.3",",,,6","","","25.24",",6","28.12",",,,6","22.36",",,,6"
"USC00088841","1941-06","25.0069","-80.5211","1.5","TAVERNIER, FL US","908.2","6","295.2",",6","8",",6","8",",6","2",",6","","","","","0",",6","0",",6","0",",6","30",",6","11",",6","","","19410624","+,,6","","","","","","","19410624",",,6","19410625",",,6","22.8",",6,24,+","","","","","32.0",",,6,24,","33.3",",6,25,","57.6","6","0.0",",6","115.0",",,,6","","","28.17",",6","31.50",",,,6","24.85",",,,6"
"USC00088841","1941-07","25.0069","-80.5211","1.5","TAVERNIER, FL US","1205.7","6","297.5","1,6","12",",6","10",",6","1",",6","","","","","0",",6","0",",6","0","1,6","30","1,6","10","1,6","","","19410705",",,6","","","","","","","19410709",",,6","19410731",",1,6","22.2",",6,05,","","","","","58.7",",,6,09,","33.3","1,6,31,","0.0","6","0.0","1,6","142.9",",,,6","","","28.23","1,6","31.53","1,,,6","24.94",",,,6"
"USC00088841","1941-08","25.0069","-80.5211","1.5","TAVERNIER, FL US","1558.7","6","353.0",",6","6",",6","4",",6","0",",6","","","","","0",",6","0",",6","0",",6","31",",6","30",",6","","","19410811",",,6","","","","","","","19410830",",,6","19410819",",,6","22.8",",6,11,","","","","","9.9",",,6,30,","34.4",",6,19,","0.0","6","0.0",",6","27.2",",,,6","","","29.72",",6","33.29",",,,6","26.15",",,,6"
"USC00088841","1941-09","25.0069","-80.5211","1.5","TAVERNIER, FL US","1864.3","6","305.6",",6","13",",6","11",",6","1",",6","","","","","0",",6","0",",6","0",",6","30",",6","15",",6","","","19410915",",,6","","","","","","","19410909",",,6","19410901",",,6","22.2",",6,15,","","","","","36.3",",,6,09,","33.9",",6,01,","0.0","6","0.0",",6","119.3",",,,6","","","28.52",",6","31.55",",,,6","25.49",",,,6"
"USC00088841","1941-10","25.0069","-80.5211","1.5","TAVERNIER, FL US","2149.4","6","285.1",",6","10",",6","7",",6","2",",6","","","","","0",",6","0",",6","0",",6","31",",6","1",",6","","","19411019",",,6","","","","","","","19411006",",,6","19411010",",,6","20.6",",6,19,","","","","","65.0",",,6,06,","32.8",",6,10,","0.0","6","0.0",",6","151.6",",,,6","","","27.53",",6","30.68",",,,6","24.38",",,,6"
"USC00088841","1941-11","25.0069","-80.5211","1.5","TAVERNIER, FL US","2326.3","6","176.9","2,6","12",",6","8",",6","1",",6","","","","","0","2,6","0","2,6","0",",6","30",",6","0",",6","","","19411109","+,2,6","","","","","","","19411107",",,6","19411105","+,,6","17.8","2,6,09,+","","","","","26.2",",,6,07,","30.6",",6,05,+","0.0","6","0.0",",6","138.1",",,,6","","","24.65","2,6","27.64",",,,6","21.65","2,,,6"
"USC00088841","1941-12","25.0069","-80.5211","1.5","TAVERNIER, FL US","2474.2","6","147.9","4,6","6",",6","3",",6","1",",6","","","","","0","4,6","0","4,6","0","3,6","28","3,6","0","3,6","","","19411218","+,4,6","","","","","","","19411210",",,6","19411226","+,3,6","16.1","4,6,18,+","","","","","84.3",",,6,10,","30.0","3,6,26,+","0.0","6","0.0","3,6","102.9",",,,6","","","23.83","4,6","27.03","3,,,6","20.64","4,,,6"
"USC00088841","1942-01","25.0069","-80.5211","1.5","TAVERNIER, FL US","74.1","6","74.1","1,6","5",",6","2",",6","1",",6","","","","","0",",6","0",",6","0","1,6","26","1,6","0","1,6","","","19420111",",,6","","","","","","","19420110",",,6","19420105",",1,6","9.4",",6,11,","","","","","26.7",",,6,10,","30.6","1,6,05,","19.0","6","19.0","1,6","52.4",",,,6","","","20.12","1,6","24.24","1,,,6","16.00",",,,6"
"USC00088841","1942-02","25.0069","-80.5211","1.5","TAVERNIER, FL US","129.3","6","55.2",",6","4",",6","3",",6","0",",6","","","","","0",",6","0",",6","0",",6","24",",6","0",",6","","","19420228","+,,6","","","","","","","19420220",",,6","19420218",",,6","8.3",",6,28,+","","","","","24.4",",,6,20,","29.4",",6,18,","43.3","6","24.3",",6","44.2",",,,6","","","19.44",",6","23.74",",,,6","15.13",",,,6"
"USC00088841","1942-03","25.0069","-80.5211","1.5","TAVERNIER, FL US","246.9","6","117.6","3,6","5",",6","5",",6","1",",6","","","","","0","3,6","0","3,6","0","1,6","28","1,6","0","1,6","","","19420304",",3,6","","","","","","","19420302",",,6","19420328","+,1,6","8.9","3,6,04,","","","","","29.2",",,6,02,","30.6","1,6,28,+","52.5","6","9.2","1,6","54.9",",,,6","","","22.21","3,6","25.84","1,,,6","18.57","3,,,6"
"USC00088841","1942-04","25.0069","-80.5211","1.5","TAVERNIER, FL US","407.4","6","160.5","2,6","4",",6","4",",6","1",",6","","","","","0","2,6","0","2,6","0",",6","30",",6","0",",6","","","19420412",",2,6","","","","","","","19420416",",,6","19420421",",,6","16.7","2,6,12,","","","","","127.5",",,6,16,","30.0",",6,21,","52.5","6","0.0",",6","154.7",",,,6","","","24.01","2,6","27.18",",,,6","20.84","2,,,6"
"USC00088841","1942-05","25.0069","-80.5211","1.5","TAVERNIER, FL US","656.6","6","249.2",",6","5",",6","5",",6","1",",6","","","","","0",",6","0",",6","0",",6","31",",6","1",",6","","","19420523","+,,6","","","","","","","19420509",",,6","19420510",",,6","20.0",",6,23,+","","","","","43.2",",,6,09,","34.4",",6,10,","52.5","6","0.0",",6","74.0",",,,6","","","26.37",",6","29.43",",,,6","23.32",",,,6"
"USC00088841","1942-06","25.0069","-80.5211","1.5","TAVERNIER, FL US","946.8","6","290.2",",6","10",",6","9",",6","5",",6","","","","","0",",6","0",",6","0",",6","30",",6","7",",6","","","19420627","+,,6","","","","","","","19420610",",,6","19420626","+,,6","22.2",",6,27,+","","","","","53.3",",,6,10,","32.2",",6,26,+","52.5","6","0.0",",6","248.7",",,,6","","","28.01",",6","30.97",",,,6","25.04",",,,6"
"USC00088841","1942-07","25.0069","-80.5211","1.5","TAVERNIER, FL US","1283.2","6","336.4",",6","5",",6","5",",6","0",",6","","","","","0",",6","0",",6","0",",6","31",",6","23",",6","","","19420725","+,,6","","","","","","","19420724","+,,6","19420721",",,6","23.9",",6,25,+","","","","","10.9",",,6,24,+","34.4",",6,21,","0.0","6","0.0",",6","37.6",",,,6","","","29.19",",6","32.27",",,,6","26.10",",,,6"
"USC00088841","1942-08","25.0069","-80.5211","1.5","TAVERNIER, FL US","1607.2","6","324.0",",6","10",",6","9",",6","1",",6","","","","","0",",6","0",",6","0",",6","31",",6","14",",6","","","19420802","+,,6","","","","","","","19420814",",,6","19420811","+,,6","22.8",",6,02,+","","","","","25.7",",,6,14,","33.3",",6,11,+","0.0","6","0.0",",6","74.2",",,,6","","","28.78",",6","31.98",",,,6","25.59",",,,6"
"USC00088841","1942-09","25.0069","-80.5211","1.5","TAVERNIER, FL US","1896.4","6","289.2",",6","7",",6","6",",6","0",",6","","","","","0",",6","0",",6","0",",6","30",",6","13",",6","","","19420915",",,6","","","","","","","19420904",",,6","19420921",",,6","22.8",",6,15,","","","","","18.8",",,6,04,","33.9",",6,21,","0.0","6","0.0",",6","78.1",",,,6","","","27.97",",6","31.73",",,,6","24.22",",,,6"
"USC00088841","1942-10","25.0069","-80.5211","1.5","TAVERNIER, FL US","2147.1","6","250.7",",6","4",",6","4",",6","1",",6","","","","","0",",6","0",",6","0",",6","31",",6","3",",6","","","19421021","+,,6","","","","","","","19421002",",,6","19421024",",,6","20.0",",6,21,+","","","","","39.1",",,6,02,","32.8",",6,24,","0.0","6","0.0",",6","51.8",",,,6","","","26.42",",6","30.35",",,,6","22.49",",,,6"
"USC00088841","1942-11","25.0069","-80.5211","1.5","TAVERNIER, FL US","2310.2","6","163.1",",6","6",",6","5",",6","0",",6","","","","","0",",6","0",",6","0",",6","30",",6","0",",6","","","19421114",",,6","","","","","","","19421123",",,6","19421103","+,,6","15.0",",6,14,","","","","","12.2",",,6,23,","30.0",",6,03,+","0.0","6","0.0",",6","37.9",",,,6","","","23.77",",6","27.69",",,,6","19.84",",,,6"
"USC00088841","1942-12","25.0069","-80.5211","1.5","TAVERNIER, FL US","2432.3","6","122.1",",6","4",",6","4",",6","1",",6","","","","","0",",6","0",",6","0",",6","31",",6","0",",6","","","19421217",",,6","","","","","","","19421206",",,6","19421205",",,6","8.3",",6,17,","","","","","166.4",",,6,06,","30.0",",6,05,","3.6","6","3.6",",6","195.8",",,,6","","","22.15",",6","26.83",",,,6","17.48",",,,6"
"USC00088841","1943-01","25.0069","-80.5211","1.5","TAVERNIER, FL US","104.9","6","104.9",",6","2",",6","2",",6","0",",6","","","","","0",",6","0",",6","0",",6","31",",6","0",",6","","","19430109",",,6","","","","","","","19430130",",,6","19430129","+,,6","10.6",",6,09,","","","","","23.4",",,6,30,","28.9",",6,29,+","6.4","6","2.8",",6","31.8",",,,6","","","21.63",",6","26.74",",,,6","16.52",",,,6"
"USC00088841","1943-02","25.0069","-80.5211","1.5","TAVERNIER, FL US","","","","","2",",6","2",",6","0",",6","","","","","","","","","0",",6","24",",6","0",",6","","","","","","","","","","","19430223",",,6","19430207",",,6","","","","","","","7.6",",,6,23,","27.8",",6,07,","","","","","14.0",",,,6","","","","","24.83",",,,6","",""
"USC00088841","1943-03","25.0069","-80.5211","1.5","TAVERNIER, FL US","","","134.7","3,6","4",",6","4",",6","0",",6","","","","","0","3,6","0","3,6","0",",6","31",",6","0",",6","","","19430323",",3,6","","","","","","","19430322",",,6","19430320","+,,6","11.7","3,6,23,","","","","","22.9",",,6,22,","28.9",",6,20,+","","","1.6",",6","43.7",",,,6","","","23.08","3,6","27.08",",,,6","19.09","3,,,6"
"USC00088841","1943-04","25.0069","-80.5211","1.5","TAVERNIER, FL US","","","173.8",",6","3",",6","3",",6","0",",6","","","","","0",",6","0",",6","0",",6","30",",6","0",",6","","","19430408",",,6","","","","","","","19430423","+,,6","19430414","+,,6","16.1",",6,08,","","","","","5.1",",,6,23,+","30.0",",6,14,+","","","0.0",",6","12.7",",,,6","","","24.13",",6","27.98",",,,6","20.27",",,,6"
"USC00088841","1943-05","25.0069","-80.5211","1.5","TAVERNIER, FL US","","","268.3",",6","6",",6","6",",6","0",",6","","","","","0",",6","0",",6","0",",6","31",",6","4",",6","","","19430518",",,6","","","","","","","19430517",",,6","19430529","+,,6","21.1",",6,18,","","","","","12.7",",,6,17,","32.2",",6,29,+","","","0.0",",6","51.7",",,,6","","","26.99",",6","30.19",",,,6","23.78",",,,6"
"USC00088841","1943-06","25.0069","-80.5211","1.5","TAVERNIER, FL US","","","300.4",",6","5",",6","5",",6","0",",6","","","","","0",",6","0",",6","0",",6","30",",6","13",",6","","","19430625",",,6","","","","","","","19430622",",,6","19430621",",,6","23.3",",6,25,","","","","","24.1",",,6,22,","33.3",",6,21,","","","0.0",",6","73.7",",,,6","","","28.35",",6","31.74",",,,6","24.95",",,,6"
"USC00088841","1943-07","25.0069","-80.5211","1.5","TAVERNIER, FL US","","","324.1",",6","8",",6","5",",6","1",",6","","","","","0",",6","0",",6","0",",6","31",",6","23",",6","","","19430711","+,,6","","","","","","","19430709",",,6","19430724","+,,6","23.3",",6,11,+","","","","","41.9",",,6,09,","33.9",",6,24,+","0.0","6","0.0",",6","83.7",",,,6","","","28.79",",6","32.38",",,,6","25.19",",,,6"
"USC00088841","1943-08","25.0069","-80.5211","1.5","TAVERNIER, FL US","","","331.0",",6","7",",6","7",",6","0",",6","","","","","0",",6","0",",6","0",",6","31",",6","26",",6","","","19430827","+,,6","","","","","","","19430814",",,6","19430813","+,,6","23.9",",6,27,+","","","","","14.0",",,6,14,","34.4",",6,13,+","0.0","6","0.0",",6","70.5",",,,6","","","29.01",",6","32.92",",,,6","25.10",",,,6"
"USC00088841","1943-09","25.0069","-80.5211","1.5","TAVERNIER, FL US","","","292.2",",6","9",",6","9",",6","2",",6","","","","","0",",6","0",",6","0",",6","30",",6","13",",6","","","19430912","+,,6","","","","","","","19430930",",,6","19430923",",,6","22.2",",6,12,+","","","","","53.3",",,6,30,","34.4",",6,23,","0.0","6","0.0",",6","155.7",",,,6","","","28.07",",6","31.70",",,,6","24.45",",,,6"
"USC00088841","1943-10","25.0069","-80.5211","1.5","TAVERNIER, FL US","","","222.9",",6","9",",6","7",",6","3",",6","","","","","0",",6","0",",6","0",",6","31",",6","3",",6","","","19431027",",,6","","","","","","","19431025",",,6","19431008",",,6","14.4",",6,27,","","","","","233.9",",,6,25,","33.3",",6,08,","0.0","6","0.0",",6","392.6",",,,6","","","25.52",",6","28.95",",,,6","22.09",",,,6"
"USC00088841","1943-11","25.0069","-80.5211","1.5","TAVERNIER, FL US","","","136.5",",6","10",",6","8",",6","4",",6","","","","","0",",6","0",",6","0",",6","29",",6","0",",6","","","19431112",",,6","","","","","","","19431116",",,6","19431108",",,6","13.9",",6,12,","","","","","102.9",",,6,16,","30.0",",6,08,","0.0","6","0.0",",6","289.6",",,,6","","","22.88",",6","26.08",",,,6","19.68",",,,6"
"USC00088841","1943-12","25.0069","-80.5211","1.5","TAVERNIER, FL US","","","90.9",",6","1",",6","1",",6","0",",6","","","","","0",",6","0",",6","0",",6","27",",6","0",",6","","","19431220",",,6","","","","","","","19431218",",,6","19431227",",,6","6.1",",6,20,","","","","","5.1",",,6,18,","27.8",",6,27,","25.3","6","25.3",",6","5.1",",,,6","","","20.45",",6","24.34",",,,6","16.56",",,,6"
"USC00088841","1944-01","25.0069","-80.5211","1.5","TAVERNIER, FL US","59.3","6","59.3",",6","3",",6","3",",6","0",",6","","","","","0",",6","0",",6","0",",6","27",",6","0",",6","","","19440110",",,6","","","","","","","19440115",",,6","19440114","+,,6","9.4",",6,10,","","","","","20.3",",,6,15,","26.7",",6,14,+","40.9","6","15.6",",6","40.6",",,,6","","","19.74",",6","23.80",",,,6","15.68",",,,6"
"USC00088841","1944-02","25.0069","-80.5211","1.5","TAVERNIER, FL US","190.2","6","130.9",",6","0",",6","0",",6","0",",6","","","","","0",",6","0",",6","0",",6","29",",6","0",",6","","","19440208",",,6","","","","","","","19440229","+,,6","19440226","+,,6","13.3",",6,08,","","","","","0.0",",,6,29,+","30.6",",6,26,+","40.9","6","0.0",",6","0.0",",,,6","","","22.85",",6","26.96",",,,6","18.74",",,,6"
"USC00088841","1944-03","25.0069","-80.5211","1.5","TAVERNIER, FL US","362.9","6","172.7",",6","3",",6","3",",6","1",",6","","","","","0",",6","0",",6","0",",6","31",",6","0",",6","","","19440309",",,6","","","","","","","19440331",",,6","19440330",",,6","12.2",",6,09,","","","","","40.6",",,6,31,","30.6",",6,30,","40.9","6","0.0",",6","49.5",",,,6","","","23.90",",6","27.99",",,,6","19.82",",,,6"
"USC00088841","1944-04","25.0069","-80.5211","1.5","TAVERNIER, FL US","578.7","6","215.8",",6","3",",6","1",",6","0",",6","","","","","0",",6","0",",6","0",",6","30",",6","1",",6","","","19440406",",,6","","","","","","","19440401",",,6","19440428",",,6","11.1",",6,06,","","","","","7.6",",,6,01,","32.2",",6,28,","42.0","6","1.1",",6","10.2",",,,6","","","25.49",",6","28.95",",,,6","22.03",",,,6"
"USC00088841","1944-05","25.0069","-80.5211","1.5","TAVERNIER, FL US","789.1","6","210.4","1,6","4",",6","4",",6","1",",6","","","","","0","1,6","0","1,6","0",",6","31",",6","0",",6","","","19440501",",1,6","","","","","","","19440513",",,6","19440531","+,,6","19.4","1,6,01,","","","","","102.9",",,6,13,","30.6",",6,31,+","42.0","6","0.0",",6","121.7",",,,6","","","25.32","1,6","28.48",",,,6","22.15","1,,,6"
"USC00088841","1944-06","25.0069","-80.5211","1.5","TAVERNIER, FL US","1083.7","6","294.6",",6","2",",6","2",",6","0",",6","","","","","0",",6","0",",6","0",",6","30",",6","9",",6","","","19440602",",,6","","","","","","","19440627",",,6","19440623",",,6","21.7",",6,02,","","","","","15.2",",,6,27,","36.1",",6,23,","42.0","6","0.0",",6","21.6",",,,6","","","28.15",",6","31.88",",,,6","24.42",",,,6"
"USC00088841","1944-07","25.0069","-80.5211","1.5","TAVERNIER, FL US","1404.0","6","320.3",",6","9",",6","8",",6","2",",6","","","","","0",",6","0",",6","0",",6","31",",6","29",",6","","","19440718",",,6","","","","","","","19440719",",,6","19440715","+,,6","21.1",",6,18,","","","","","78.7",",,6,19,","34.4",",6,15,+","0.0","6","0.0",",6","161.1",",,,6","","","28.67",",6","33.02",",,,6","24.31",",,,6"
"USC00088841","1944-08","25.0069","-80.5211","1.5","TAVERNIER, FL US","1697.4","6","293.4","1,6","7",",6","7",",6","2",",6","","","","","0","1,6","0","1,6","0",",6","31",",6","15",",6","","","19440811",",1,6","","","","","","","19440803",",,6","19440831","+,,6","21.1","1,6,11,","","","","","52.6",",,6,03,","32.8",",6,31,+","0.0","6","0.0",",6","140.1",",,,6","","","28.11","1,6","31.84",",,,6","24.38","1,,,6"
"USC00088841","1944-09","25.0069","-80.5211","1.5","TAVERNIER, FL US","1992.4","6","295.0",",6","6",",6","6",",6","3",",6","","","","","0",",6","0",",6","0",",6","30",",6","16",",6","","","19440918",",,6","","","","","","","19440914",",,6","19440913",",,6","21.7",",6,18,","","","","","52.1",",,6,14,","35.0",",6,13,","0.0","6","0.0",",6","148.6",",,,6","","","28.17",",6","31.72",",,,6","24.61",",,,6"
"USC00088841","1944-10","25.0069","-80.5211","1.5","TAVERNIER, FL US","","","","","8",",6","8",",6","4",",6","","","","","","","","","","","","","","","","","","","","","","","","","19441012",",,6","","","","","","","","","56.4",",,6,12,","","","","","","","204.4",",,,6","","","","","","","",""
"USC00088841","1944-11","25.0069","-80.5211","1.5","TAVERNIER, FL US","","","","","1",",6","1",",6","0",",6","","","","","","","","","","","","","","","","","","","","","","","","","19441110",",,6","","","","","","","","","5.1",",,6,10,","","","","","","","5.1",",,,6","","","","","","","",""
"USC00088841","1944-12","25.0069","-80.5211","1.5","TAVERNIER, FL US","","","56.4","1,6","4",",6","2",",6","0",",6","","","","","0","1,6","0","1,6","0",",6","28",",6","0",",6","","","19441215","+,1,6","","","","","","","19441229",",,6","19441230","+,,6","7.8","1,6,15,+","","","","","10.4",",,6,29,","26.1",",6,30,+","","","21.7",",6","17.0",",,,6","","","19.50","1,6","23.83",",,,6","15.17","1,,,6"
"USC00088841","1945-01","25.0069","-80.5211","1.5","TAVERNIER, FL US","69.7","6","69.7",",6","4",",6","2",",6","1",",6","","","","","0",",6","0",",6","0",",6","29",",6","0",",6","","","19450111","+,,6","","","","","","","19450108",",,6","19450129",",,6","8.9",",6,11,+","","","","","34.3",",,6,08,","27.8",",6,29,","","","11.4",",6","43.2",",,,6","","","20.21",",6","24.91",",,,6","15.52",",,,6"
"USC00088841","1945-02","25.0069","-80.5211","1.5","TAVERNIER, FL US","182.0","6","112.3",",6","0",",6","0",",6","0",",6","","","","","0",",6","0",",6","0",",6","25",",6","0",",6","","","19450202",",,6","","","","","","","19450228","+,,6","19450223","+,,6","10.6",",6,02,","","","","","0.0",",,6,28,+","27.8",",6,23,+","","","8.5",",6","0.0",",,,6","","","22.04",",6","25.83",",,,6","18.25",",,,6"
"USC00088841","1945-03","25.0069","-80.5211","1.5","TAVERNIER, FL US","364.0","6","182.0",",6","0",",6","0",",6","0",",6","","","","","0",",6","0",",6","0",",6","31",",6","0",",6","","","19450324",",,6","","","","","","","19450331","+,,6","19450321","+,,6","13.9",",6,24,","","","","","0.0",",,6,31,+","28.9",",6,21,+","","","0.0",",6","0.0",",,,6","","","24.20",",6","27.51",",,,6","20.90",",,,6"
"USC00088841","1945-04","25.0069","-80.5211","1.5","TAVERNIER, FL US","598.8","6","234.8",",6","2",",6","1",",6","0",",6","","","","","0",",6","0",",6","0",",6","30",",6","1",",6","","","19450409",",,6","","","","","","","19450409",",,6","19450430",",,6","19.4",",6,09,","","","","","11.7",",,6,09,","32.2",",6,30,","","","0.0",",6","13.7",",,,6","","","26.16",",6","28.85",",,,6","23.47",",,,6"
"USC00088841","1945-05","25.0069","-80.5211","1.5","TAVERNIER, FL US","829.2","6","230.4","1,6","3",",6","3",",6","0",",6","","","","","0","1,6","0","1,6","0",",6","31",",6","0",",6","","","19450505",",1,6","","","","","","","19450517",",,6","19450519",",,6","17.2","1,6,05,","","","","","21.6",",,6,17,","31.1",",6,19,","","","0.0",",6","27.4",",,,6","","","26.00","1,6","29.64",",,,6","22.37","1,,,6"
"USC00088841","1945-06","25.0069","-80.5211","1.5","TAVERNIER, FL US","1127.0","6","297.8",",6","5",",6","4",",6","0",",6","","","","","0",",6","0",",6","0",",6","30",",6","5",",6","","","19450622","+,,6","","","","","","","19450621",",,6","19450605",",,6","22.8",",6,22,+","","","","","17.5",",,6,21,","33.9",",6,05,","","","0.0",",6","34.5",",,,6","","","28.26",",6","31.25",",,,6","25.27",",,,6"
"USC00088841","1945-07","25.0069","-80.5211","1.5","TAVERNIER, FL US","1431.3","6","304.3",",6","13",",6","8",",6","1",",6","","","","","0",",6","0",",6","0",",6","31",",6","5",",6","","","19450731","+,,6","","","","","","","19450719",",,6","19450713","+,,6","22.2",",6,31,+","","","","","34.0",",,6,19,","32.2",",6,13,+","0.0","6","0.0",",6","89.9",",,,6","","","28.15",",6","31.26",",,,6","25.04",",,,6"
"USC00088841","1945-08","25.0069","-80.5211","1.5","TAVERNIER, FL US","1739.6","6","308.3",",6","11",",6","9",",6","3",",6","","","","","0",",6","0",",6","0",",6","31",",6","7",",6","","","19450824","+,,6","","","","","","","19450823",",,6","19450819",",,6","21.7",",6,24,+","","","","","142.2",",,6,23,","32.8",",6,19,","0.0","6","0.0",",6","253.5",",,,6","","","28.28",",6","31.03",",,,6","25.53",",,,6"
"USC00088841","1945-09","25.0069","-80.5211","1.5","TAVERNIER, FL US","2011.8","6","272.2",",6","17",",6","12",",6","4",",6","","","","","0",",6","0",",6","0",",6","30",",6","0",",6","","","19450928","+,,6","","","","","","","19450903",",,6","19450917",",,6","22.2",",6,28,+","","","","","125.7",",,6,03,","31.7",",6,17,","0.0","6","0.0",",6","297.6",",,,6","","","27.41",",6","30.19",",,,6","24.62",",,,6"
"USC00088841","1945-10","25.0069","-80.5211","1.5","TAVERNIER, FL US","2251.0","6","239.2",",6","12",",6","11",",6","2",",6","","","","","0",",6","0",",6","0",",6","31",",6","0",",6","","","19451017",",,6","","","","","","","19451012",",,6","19451011",",,6","18.9",",6,17,","","","","","42.2",",,6,12,","31.1",",6,11,","0.0","6","0.0",",6","177.3",",,,6","","","26.05",",6","29.02",",,,6","23.08",",,,6"
"USC00088841","1945-11","25.0069","-80.5211","1.5","TAVERNIER, FL US","2372.8","6","121.8",",6","5",",6","4",",6","0",",6","","","","","0",",6","0",",6","0",",6","28",",6","0",",6","","","19451125",",,6","","","","","","","19451119",",,6","19451114","+,,6","11.1",",6,25,","","","","","16.0",",,6,19,","28.3",",6,14,+","5.9","6","5.9",",6","37.8",",,,6","","","22.20",",6","25.41",",,,6","18.98",",,,6"
"USC00088841","1945-12","25.0069","-80.5211","1.5","TAVERNIER, FL US","2462.6","6","89.8",",6","5",",6","4",",6","0",",6","","","","","0",",6","0",",6","0",",6","31",",6","0",",6","","","19451207",",,6","","","","","","","19451231",",,6","19451229","+,,6","10.0",",6,07,","","","","","14.0",",,6,31,","27.8",",6,29,+","14.3","6","8.4",",6","30.5",",,,6","","","20.96",",6","24.78",",,,6","17.14",",,,6"
"USC00088841","1946-01","25.0069","-80.5211","1.5","TAVERNIER, FL US","119.3","6","119.3",",6","3",",6","3",",6","0",",6","","","","","0",",6","0",",6","0",",6","29",",6","0",",6","","","19460118",",,6","","","","","","","19460123",",,6","19460123","+,,6","10.0",",6,18,","","","","","13.7",",,6,23,","27.8",",6,23,+","24.3","6","10.0",",6","31.3",",,,6","","","21.86",",6","25.04",",,,6","18.68",",,,6"
"USC00088841","1946-02","25.0069","-80.5211","1.5","TAVERNIER, FL US","231.8","6","112.5",",6","2",",6","2",",6","0",",6","","","","","0",",6","0",",6","0",",6","28",",6","0",",6","","","19460225",",,6","","","","","","","19460227",",,6","19460221",",,6","12.8",",6,25,","","","","","17.8",",,6,27,","28.3",",6,21,","25.7","6","1.4",",6","23.6",",,,6","","","22.30",",6","25.55",",,,6","19.05",",,,6"
"USC00088841","1946-03","25.0069","-80.5211","1.5","TAVERNIER, FL US","393.3","6","161.5",",6","4",",6","3",",6","1",",6","","","","","0",",6","0",",6","0",",6","31",",6","0",",6","","","19460321",",,6","","","","","","","19460329",",,6","19460328",",,6","12.8",",6,21,","","","","","38.6",",,6,29,","28.9",",6,28,","26.8","6","1.1",",6","68.1",",,,6","","","23.51",",6","26.24",",,,6","20.77",",,,6"
"USC00088841","1946-04","25.0069","-80.5211","1.5","TAVERNIER, FL US","578.5","6","185.2",",6","5",",6","5",",6","0",",6","","","","","0",",6","0",",6","0",",6","30",",6","0",",6","","","19460427",",,6","","","","","","","19460426",",,6","19460412",",,6","17.8",",6,27,","","","","","23.6",",,6,26,","31.1",",6,12,","26.8","6","0.0",",6","61.0",",,,6","","","24.51",",6","27.85",",,,6","21.16",",,,6"
"USC00088841","1946-05","25.0069","-80.5211","1.5","TAVERNIER, FL US","846.3","6","267.8",",6","7",",6","6",",6","1",",6","","","","","0",",6","0",",6","0",",6","31",",6","2",",6","","","19460517",",,6","","","","","","","19460528",",,6","19460526","+,,6","22.2",",6,17,","","","","","27.7",",,6,28,","32.2",",6,26,+","26.8","6","0.0",",6","82.1",",,,6","","","26.97",",6","29.69",",,,6","24.25",",,,6"
"USC00088841","1946-06","25.0069","-80.5211","1.5","TAVERNIER, FL US","1112.7","6","266.4",",6","10",",6","8",",6","3",",6","","","","","0",",6","0",",6","0",",6","30",",6","1",",6","","","19460611","+,,6","","","","","","","19460607",",,6","19460604",",,6","21.1",",6,11,+","","","","","41.1",",,6,07,","32.2",",6,04,","26.8","6","0.0",",6","177.1",",,,6","","","27.21",",6","30.11",",,,6","24.31",",,,6"
"USC00088841","1946-07","25.0069","-80.5211","1.5","TAVERNIER, FL US","1414.0","6","301.3",",6","11",",6","11",",6","0",",6","","","","","0",",6","0",",6","0",",6","31",",6","7",",6","","","19460701",",,6","","","","","","","19460702",",,6","19460729","+,,6","21.7",",6,01,","","","","","18.8",",,6,02,","32.2",",6,29,+","0.0","6","0.0",",6","113.8",",,,6","","","28.05",",6","31.34",",,,6","24.77",",,,6"
"USC00088841","1946-08","25.0069","-80.5211","1.5","TAVERNIER, FL US","","","","","8",",6","7",",6","1",",6","","","","","","","","","0",",6","31",",6","17",",6","","","","","","","","","","","19460831",",,6","19460807",",,6","","","","","","","26.4",",,6,31,","33.9",",6,07,","","","","","87.3",",,,6","","","","","31.96",",,,6","",""
"USC00088841","1946-09","25.0069","-80.5211","1.5","TAVERNIER, FL US","","","282.3",",6","17",",6","14",",6","2",",6","","","","","0",",6","0",",6","0",",6","30",",6","4",",6","","","19460930","+,,6","","","","","","","19460930",",,6","19460915","+,,6","22.2",",6,30,+","","","","","33.3",",,6,30,","32.2",",6,15,+","","","0.0",",6","160.5",",,,6","","","27.74",",6","30.88",",,,6","24.61",",,,6"
"USC00088841","1946-10","25.0069","-80.5211","1.5","TAVERNIER, FL US","","","236.2",",6","10",",6","9",",6","1",",6","","","","","0",",6","0",",6","0",",6","31",",6","1",",6","","","19461024",",,6","","","","","","","19461007",",,6","19461012",",,6","20.6",",6,24,","","","","","35.8",",,6,07,","32.2",",6,12,","","","0.0",",6","103.8",",,,6","","","25.95",",6","29.00",",,,6","22.91",",,,6"
"USC00088841","1946-11","25.0069","-80.5211","1.5","TAVERNIER, FL US","","","207.7",",6","4",",6","2",",6","1",",6","","","","","0",",6","0",",6","0",",6","30",",6","0",",6","","","19461115",",,6","","","","","","","19461101",",,6","19461120",",,6","18.3",",6,15,","","","","","86.9",",,6,01,","31.1",",6,20,","","","0.0",",6","107.5",",,,6","","","25.26",",6","27.70",",,,6","22.81",",,,6"
"USC00088841","1946-12","25.0069","-80.5211","1.5","TAVERNIER, FL US","","","151.9",",6","6",",6","5",",6","2",",6","","","","","0",",6","0",",6","0",",6","31",",6","0",",6","","","19461222","+,,6","","","","","","","19461217",",,6","19461201",",,6","15.6",",6,22,+","","","","","29.5",",,6,17,","28.9",",6,01,","","","0.0",",6","96.9",",,,6","","","23.23",",6","25.77",",,,6","20.70",",,,6"
"USC00088841","1947-01","25.0069","-80.5211","1.5","TAVERNIER, FL US","160.9","6","160.9","1,6","6",",6","5",",6","0",",6","","","","","0","1,6","0","1,6","0",",6","31",",6","0",",6","","","19470123","+,1,6","","","","","","","19470128",",,6","19470121",",,6","11.7","1,6,23,+","","","","","16.5",",,6,28,","28.9",",6,21,","","","3.0",",6","55.1",",,,6","","","23.61","1,6","26.19",",,,6","21.03","1,,,6"
"USC00088841","1947-02","25.0069","-80.5211","1.5","TAVERNIER, FL US","203.4","6","42.5",",6","5",",6","5",",6","1",",6","","","","","0",",6","0",",6","0",",6","21",",6","0",",6","","","19470206",",,6","","","","","","","19470214",",,6","19470201",",,6","6.1",",6,06,","","","","","47.2",",,6,14,","27.2",",6,01,","","","32.6",",6","89.7",",,,6","","","18.69",",6","22.76",",,,6","14.61",",,,6"
"USC00088841","1947-03","25.0069","-80.5211","1.5","TAVERNIER, FL US","304.8","6","101.4",",6","5",",6","4",",6","1",",6","","","","","0",",6","0",",6","0",",6","30",",6","0",",6","","","19470303",",,6","","","","","","","19470302",",,6","19470331","+,,6","9.4",",6,03,","","","","","36.1",",,6,02,","27.8",",6,31,+","","","8.3",",6","71.2",",,,6","","","21.34",",6","25.10",",,,6","17.57",",,,6"
"USC00088841","1947-04","25.0069","-80.5211","1.5","TAVERNIER, FL US","548.8","6","244.0",",6","4",",6","2",",6","0",",6","","","","","0",",6","0",",6","0",",6","30",",6","0",",6","","","19470424","+,,6","","","","","","","19470402",",,6","19470423","+,,6","21.1",",6,24,+","","","","","3.3",",,6,02,","30.6",",6,23,+","","","0.0",",6","8.6",",,,6","","","26.47",",6","29.09",",,,6","23.84",",,,6"
"USC00088841","1947-05","25.0069","-80.5211","1.5","TAVERNIER, FL US","804.3","6","255.5",",6","6",",6","4",",6","1",",6","","","","","0",",6","0",",6","0",",6","31",",6","2",",6","","","19470505",",,6","","","","","","","19470528",",,6","19470505",",,6","20.0",",6,05,","","","","","45.7",",,6,28,","32.8",",6,05,","","","0.0",",6","89.7",",,,6","","","26.58",",6","29.82",",,,6","23.33",",,,6"
"USC00088841","1947-06","25.0069","-80.5211","1.5","TAVERNIER, FL US","1082.6","6","278.3",",6","12",",6","10",",6","3",",6","","","","","0",",6","0",",6","0",",6","30",",6","4",",6","","","19470601",",,6","","","","","","","19470610",",,6","19470628","+,,6","20.6",",6,01,","","","","","143.5",",,6,10,","32.2",",6,28,+","","","0.0",",6","286.7",",,,6","","","27.61",",6","30.41",",,,6","24.81",",,,6"
"USC00088841","1947-07","25.0069","-80.5211","1.5","TAVERNIER, FL US","1362.1","6","279.5","1,6","18",",6","13",",6","0",",6","","","","","0",",6","0",",6","0","1,6","30","1,6","1","1,6","","","19470722",",,6","","","","","","","19470712",",,6","19470703",",1,6","22.2",",6,22,","","","","","23.6",",,6,12,","32.2","1,6,03,","0.0","6","0.0","1,6","150.9",",,,6","","","27.65","1,6","30.76","1,,,6","24.53",",,,6"
"USC00088841","1947-08","25.0069","-80.5211","1.5","TAVERNIER, FL US","1653.9","6","291.8","1,6","10",",6","10",",6","3",",6","","","","","0","1,6","0","1,6","0",",6","31",",6","4",",6","","","19470819",",1,6","","","","","","","19470819",",,6","19470829",",,6","20.0","1,6,19,","","","","","90.9",",,6,19,","32.8",",6,29,","0.0","6","0.0",",6","252.6",",,,6","","","28.05","1,6","31.10",",,,6","25.00","1,,,6"
"USC00088841","1947-09","25.0069","-80.5211","1.5","TAVERNIER, FL US","1931.2","6","277.3",",6","16",",6","14",",6","0",",6","","","","","0",",6","0",",6","0",",6","30",",6","5",",6","","","19470930","+,,6","","","","","","","19470928",",,6","19470913",",,6","22.8",",6,30,+","","","","","22.9",",,6,28,","33.3",",6,13,","0.0","6","0.0",",6","134.5",",,,6","","","27.58",",6","30.58",",,,6","24.57",",,,6"
"USC00088841","1947-10","25.0069","-80.5211","1.5","TAVERNIER, FL US","2167.5","6","236.3",",6","12",",6","11",",6","5",",6","","","","","0",",6","0",",6","0",",6","31",",6","0",",6","","","19471024","+,,6","","","","","","","19471004",",,6","19471020",",,6","21.1",",6,24,+","","","","","106.7",",,6,04,","30.6",",6,20,","0.0","6","0.0",",6","438.7",",,,6","","","25.96",",6","28.73",",,,6","23.18",",,,6"
"USC00088841","1947-11","25.0069","-80.5211","1.5","TAVERNIER, FL US","2386.8","6","219.3",",6","7",",6","6",",6","1",",6","","","","","0",",6","0",",6","0",",6","30",",6","0",",6","","","19471109","+,,6","","","","","","","19471128",",,6","19471125",",,6","18.9",",6,09,+","","","","","39.4",",,6,28,","31.1",",6,25,","0.0","6","0.0",",6","78.9",",,,6","","","25.64",",6","28.92",",,,6","22.36",",,,6"
"USC00088841","1947-12","25.0069","-80.5211","1.5","TAVERNIER, FL US","2518.7","6","131.9","1,6","7",",6","6",",6","2",",6","","","","","0","1,6","0","1,6","0",",6","29",",6","0",",6","","","19471229",",1,6","","","","","","","19471220",",,6","19471217","+,,6","11.1","1,6,29,","","","","","41.9",",,6,20,","29.4",",6,17,+","6.7","6","6.7",",6","123.8",",,,6","","","22.57","1,6","25.49",",,,6","19.65","1,,,6"
"USC00088841","1948-01","25.0069","-80.5211","1.5","TAVERNIER, FL US","95.5","0","95.5",",6","5",",6","4",",6","1",",6","","","","","0",",6","0",",6","0",",6","28",",6","0",",6","","","19480115",",,6","","","","","","","19480123",",,6","19480102",",,6","5.0",",6,15,","","","","","30.5",",,6,23,","28.9",",6,02,","23.6","0","16.9",",6","56.7",",,,6","","","20.87",",6","24.14",",,,6","17.60",",,,6"
"USC00088841","1948-02","25.0069","-80.5211","1.5","TAVERNIER, FL US","234.9","0","139.4","1,6","5",",6","4",",6","0",",6","","","","","0","1,6","0","1,6","0",",6","29",",6","0",",6","","","19480202",",1,6","","","","","","","19480225",",,6","19480214",",,6","12.2","1,6,02,","","","","","5.6",",,6,25,","28.3",",6,14,","25.3","0","1.7",",6","17.2",",,,6","","","23.27","1,6","26.27",",,,6","20.26","1,,,6"
"USC00088841","1948-03","25.0069","-80.5211","1.5","TAVERNIER, FL US","385.0","0","150.1",",0","6",",0","3",",0","1",",0","0",",0","0",",0","0",",0","0",",0","0",",0","31",",0","0",",0","","","19480308",",,0","19480331","+,,0","19480331","+,,0","","","19480320",",,0","19480307",",,0","13.9",",0,08,","0",",,0,31,+","0",",,0,31,+","100.1",",,0,20,","29.4",",0,07,","25.3","0","0.0",",0","113.1",",,,0","0",",,,0","23.18",",0","26.69",",,,0","19.66",",,,0"
"USC00088841","1948-05","25.0069","-80.5211","1.5","TAVERNIER, FL US","","","257.3",",0","4",",0","3",",0","0",",0","0",",0","0",",0","0",",0","0",",0","0",",0","31",",0","2",",0","","","19480506",",,0","19480531","+,,0","19480531","+,,0","1","","19480505",",,0","19480525",",,0","20.0",",0,06,","0",",,0,31,+","0",",,0,31,+","23.6",",,0,05,","33.9",",0,25,","","","0.0",",0","42.7",",,,0","0",",,,0","26.63",",0","29.75",",,,0","23.52",",,,0"
"USC00088841","1948-07","25.0069","-80.5211","1.5","TAVERNIER, FL US","","","313.0",",0","10",",0","9",",0","1",",0","0",",0","0",",0","0",",0","0",",0","0",",0","31",",0","12",",0","","","19480729","+,,0","19480731","+,,0","19480731","+,,0","","","19480729",",,0","19480727",",,0","22.2",",0,29,+","0",",,0,31,+","0",",,0,31,+","34.0",",,0,29,","32.8",",0,27,","0.0","0","0.0",",0","108.6",",,,0","0",",,,0","28.43",",0","31.38",",,,0","25.48",",,,0"
"USC00088841","1948-08","25.0069","-80.5211","1.5","TAVERNIER, FL US","","","317.3",",0","12",",0","9",",0","4",",0","0",",0","0",",0","0",",0","0",",0","0",",0","31",",0","13",",0","","","19480827","+,,0","19480831","+,,0","19480831","+,,0","","","19480828",",,0","19480815",",,0","22.2",",0,27,+","0",",,0,31,+","0",",,0,31,+","60.2",",,0,28,","35.0",",0,15,","0.0","0","0.0",",0","220.2",",,,0","0",",,,0","28.57",",0","31.68",",,,0","25.45",",,,0"
"USC00088841","1948-09","25.0069","-80.5211","1.5","TAVERNIER, FL US","","","284.5",",0","16",",0","16",",0","3",",0","0",",0","0",",0","0",",0","0",",0","0",",0","30",",0","7",",0","","","19480926",",,0","19480930","+,,0","19480930","+,,0","","","19480921",",,0","19480913","+,,0","21.7",",0,26,","0",",,0,30,+","0",",,0,30,+","115.8",",,0,21,","32.8",",0,13,+","0.0","0","0.0",",0","326.2",",,,0","0",",,,0","27.82",",0","30.71",",,,0","24.92",",,,0"
"USC00088841","1948-10","25.0069","-80.5211","1.5","TAVERNIER, FL US","","","230.6",",0","7","1,0","5","1,0","2","1,0","0",",0","0","1,0","0",",0","0",",0","0",",0","31",",0","0",",0","","","19481017",",,0","19481031","+,,0","19481031","+,1,0","","","19481005",",1,0","19481012","+,,0","20.6",",0,17,","0",",,0,31,+","0","1,,0,31,+","162.6","1,,0,05,","31.1",",0,12,+","0.0","0","0.0",",0","210.2","1,,,0","0","1,,,0","25.77",",0","28.05",",,,0","23.50",",,,0"
"USC00088841","1948-11","25.0069","-80.5211","1.5","TAVERNIER, FL US","","","243.1",",0","2",",0","1",",0","0",",0","0",",0","0",",0","0",",0","0",",0","0",",0","30",",0","0",",0","","","19481130",",,0","19481130","+,,0","19481130","+,,0","","","19481118",",,0","19481129","+,,0","18.3",",0,30,","0",",,0,30,+","0",",,0,30,+","18.8",",,0,18,","30.6",",0,29,+","0.0","0","0.0",",0","20.1",",,,0","0",",,,0","26.44",",0","28.77",",,,0","24.10",",,,0"
"USC00088841","1948-12","25.0069","-80.5211","1.5","TAVERNIER, FL US","","","187.8",",0","4",",0","4",",0","0",",0","0",",0","0",",0","0",",0","0",",0","0",",0","30",",0","0",",0","","","19481231",",,0","19481231","+,,0","19481231","+,,0","","","19481212",",,0","19481203",",,0","11.1",",0,31,","0",",,0,31,+","0",",,0,31,+","13.2",",,0,12,","30.0",",0,03,","3.3","0","3.3",",0","31.5",",,,0","0",",,,0","24.28",",0","27.20",",,,0","21.36",",,,0"
"USC00088841","1949-01","25.0069","-80.5211","1.5","TAVERNIER, FL US","154.0","0","154.0","1,0","1",",0","1",",0","0",",0","0",",0","0",",0","0","1,0","0","1,0","0",",0","29",",0","0",",0","","","19490101",",1,0","19490131","+,,0","19490131","+,,0","","","19490129",",,0","19490131",",,0","9.4","1,0,01,","0",",,0,31,+","0",",,0,31,+","3.8",",,0,29,","28.3",",0,31,","8.3","0","5.0",",0","3.8",",,,0","0",",,,0","23.19","1,0","25.70",",,,0","20.69","1,,,0"
"USC00088841","1949-02","25.0069","-80.5211","1.5","TAVERNIER, FL US","333.7","0","179.7",",0","2",",0","1",",0","0",",0","0",",0","0",",0","0",",0","0",",0","0",",0","28",",0","0",",0","","","19490211",",,0","19490228","+,,0","19490228","+,,0","","","19490228",",,0","19490210","+,,0","17.8",",0,11,","0",",,0,28,+","0",",,0,28,+","4.1",",,0,28,","28.9",",0,10,+","8.3","0","0.0",",0","6.4",",,,0","0",",,,0","24.75",",0","27.53",",,,0","21.98",",,,0"
"USC00088841","1949-04","25.0069","-80.5211","1.5","TAVERNIER, FL US","","","206.0",",0","4",",0","4",",0","1",",0","0",",0","0",",0","0",",0","0",",0","0",",0","30",",0","0",",0","","","19490409",",,0","19490430","+,,0","19490430","+,,0","1","","19490406",",,0","19490405",",,0","16.1",",0,09,","0",",,0,30,+","0",",,0,30,+","31.0",",,0,06,","30.0",",0,05,","","","0.0",",0","63.5",",,,0","0",",,,0","25.20",",0","28.22",",,,0","22.18",",,,0"
"USC00088841","1949-06","25.0069","-80.5211","1.5","TAVERNIER, FL US","","","280.8",",0","11",",0","9",",0","0",",0","0",",0","0",",0","0",",0","0",",0","0",",0","30",",0","4",",0","","","19490604",",,0","19490630","+,,0","19490630","+,,0","","","19490605",",,0","19490625","+,,0","21.1",",0,04,","0",",,0,30,+","0",",,0,30,+","21.6",",,0,05,","32.2",",0,25,+","","","0.0",",0","94.6",",,,0","0",",,,0","27.69",",0","31.00",",,,0","24.39",",,,0"
"USC00088841","1949-07","25.0069","-80.5211","1.5","TAVERNIER, FL US","","","303.9",",0","14",",0","12",",0","5",",0","0",",0","0",",0","0",",0","0",",0","0",",0","31",",0","11",",0","","","19490731",",,0","19490731","+,,0","19490731","+,,0","1","","19490723",",,0","19490709",",,0","21.7",",0,31,","0",",,0,31,+","0",",,0,31,+","89.4",",,0,23,","33.9",",0,09,","0.0","0","0.0",",0","312.7",",,,0","0",",,,0","28.14",",0","31.40",",,,0","24.87",",,,0"
"USC00088841","1949-08","25.0069","-80.5211","1.5","TAVERNIER, FL US","","","299.5",",0","14",",0","11",",0","2",",0","0",",0","0",",0","0",",0","0",",0","0",",0","31",",0","6",",0","","","19490810","+,,0","19490831","+,,0","19490831","+,,0","","","19490827",",,0","19490824",",,0","22.8",",0,10,+","0",",,0,31,+","0",",,0,31,+","104.1",",,0,27,","32.8",",0,24,","0.0","0","0.0",",0","248.6",",,,0","0",",,,0","27.99",",0","30.94",",,,0","25.05",",,,0"
"USC00088841","1949-09","25.0069","-80.5211","1.5","TAVERNIER, FL US","","","289.0",",0","13",",0","12",",0","2",",0","0",",0","0",",0","0",",0","0",",0","0",",0","30",",0","4",",0","","","19490930",",,0","19490930","+,,0","19490930","+,,0","","","19490930",",,0","19490910",",,0","22.2",",0,30,","0",",,0,30,+","0",",,0,30,+","109.2",",,0,30,","33.9",",0,10,","0.0","0","0.0",",0","256.9",",,,0","0",",,,0","27.97",",0","31.02",",,,0","24.91",",,,0"
"USC00088841","1949-10","25.0069","-80.5211","1.5","TAVERNIER, FL US","","","242.9","1,0","14","1,0","13","1,0","3","1,0","0",",0","0",",0","0","1,0","0","1,0","0",",0","31",",0","0",",0","","","19491025",",1,0","19491031","+,,0","19491031","+,,0","2","","19491025",",1,0","19491008","+,,0","20.0","1,0,25,","0",",,0,31,+","0",",,0,31,+","121.9","1,,0,25,","30.6",",0,08,+","0.0","0","0.0",",0","310.0","1,,,0","0",",,,0","26.44","1,0","29.35",",,,0","23.53","1,,,0"
"USC00088841","1949-11","25.0069","-80.5211","1.5","TAVERNIER, FL US","","","105.9",",0","3","2,0","3","2,0","0","2,0","0",",0","0",",0","0",",0","0",",0","0",",0","28",",0","0",",0","1","","19491127",",,0","19491130","+,,0","19491130","+,,0","","","19491109",",2,0","19491115",",,0","11.1",",0,27,","0",",,0,30,+","0",",,0,30,+","20.3","2,,0,09,","28.3",",0,15,","5.5","0","5.5",",0","124.7",",a,,0","0",",,,0","21.68",",0","25.27",",,,0","18.09",",,,0"
"USC00088841","1949-12","25.0069","-80.5211","1.5","TAVERNIER, FL US","","","130.1",",0","10",",0","10",",0","0",",0","0",",0","0",",0","0",",0","0",",0","0",",0","31",",0","0",",0","","","19491206","+,,0","19491231","+,,0","19491231","+,,0","","","19491225",",,0","19491228","+,,0","16.1",",0,06,+","0",",,0,31,+","0",",,0,31,+","8.9",",,0,25,","26.7",",0,28,+","5.5","0","0.0",",0","59.4",",,,0","0",",,,0","22.53",",0","25.15",",,,0","19.92",",,,0"
"USC00088841","1950-01","25.0069","-80.5211","1.5","TAVERNIER, FL US","161.9","0","161.9",",0","6","1,0","5","1,0","0","1,0","0",",0","0",",0","0",",0","0",",0","0",",0","31",",0","0",",0","","","19500108",",,0","19500131","+,,0","19500131","+,,0","","","19500108",",1,0","19500130","+,,0","19.4",",0,08,","0",",,0,31,+","0",",,0,31,+","14.0","1,,0,08,","26.1",",0,30,+","5.5","0","0.0",",0","33.8","1,,,0","0",",,,0","23.56",",0","25.30",",,,0","21.81",",,,0"
"USC00088841","1950-02","25.0069","-80.5211","1.5","TAVERNIER, FL US","279.8","0","117.9",",0","6",",0","6",",0","0",",0","0",",0","0",",0","0",",0","0",",0","0",",0","28",",0","0",",0","","","19500217",",,0","19500228","+,,0","19500228","+,,0","","","19500223",",,0","19500224",",,0","8.9",",0,17,","0",",,0,28,+","0",",,0,28,+","13.7",",,0,23,","28.3",",0,24,","9.4","0","3.9",",0","45.8",",,,0","0",",,,0","22.41",",0","25.54",",,,0","19.27",",,,0"
"USC00088841","1950-03","25.0069","-80.5211","1.5","TAVERNIER, FL US","445.8","0","166.0",",0","4",",0","2",",0","1",",0","0",",0","0",",0","0",",0","0",",0","0",",0","31",",0","0",",0","","","19500331",",,0","19500331","+,,0","19500331","+,,0","","","19500319",",,0","19500329",",,0","8.9",",0,31,","0",",,0,31,+","0",",,0,31,+","27.9",",,0,19,","30.6",",0,29,","12.4","0","3.0",",0","37.6",",,,0","0",",,,0","23.59",",0","26.95",",,,0","20.23",",,,0"
"USC00088841","1950-04","25.0069","-80.5211","1.5","TAVERNIER, FL US","595.0","0","149.2",",0","1",",0","1",",0","0",",0","0",",0","0",",0","0",",0","0",",0","0",",0","30",",0","0",",0","","","19500407",",,0","19500430","+,,0","19500430","+,,0","","","19500406",",,0","19500430","+,,0","10.6",",0,07,","0",",,0,30,+","0",",,0,30,+","21.1",",,0,06,","28.9",",0,30,+","15.2","0","2.8",",0","21.1",",,,0","0",",,,0","23.21",",0","26.44",",,,0","19.98",",,,0"
"USC00088841","1950-05","25.0069","-80.5211","1.5","TAVERNIER, FL US","858.9","0","263.9",",0","5",",0","3",",0","1",",0","0",",0","0",",0","0",",0","0",",0","0",",0","31",",0","1",",0","","","19500525",",,0","19500531","+,,0","19500531","+,,0","","","19500523",",,0","19500517",",,0","20.6",",0,25,","0",",,0,31,+","0",",,0,31,+","25.9",",,0,23,","32.2",",0,17,","15.2","0","0.0",",0","40.4",",,,0","0",",,,0","26.85",",0","29.94",",,,0","23.76",",,,0"
"USC00088841","1950-06","25.0069","-80.5211","1.5","TAVERNIER, FL US","1167.9","0","309.0",",0","1",",0","1",",0","0",",0","0",",0","0",",0","0",",0","0",",0","0",",0","30",",0","10",",0","","","19500617",",,0","19500630","+,,0","19500630","+,,0","","","19500614",",,0","19500629",",,0","23.3",",0,17,","0",",,0,30,+","0",",,0,30,+","8.6",",,0,14,","33.3",",0,29,","15.2","0","0.0",",0","8.6",",,,0","0",",,,0","28.63",",0","31.52",",,,0","25.74",",,,0"
"USC00088841","1950-07","25.0069","-80.5211","1.5","TAVERNIER, FL US","1472.9","0","305.0",",0","12",",0","8",",0","1",",0","0",",0","0",",0","0",",0","0",",0","0",",0","31",",0","8",",0","","","19500724",",,0","19500731","+,,0","19500731","+,,0","","","19500710",",,0","19500708",",,0","22.2",",0,24,","0",",,0,31,+","0",",,0,31,+","27.7",",,0,10,","32.8",",0,08,","0.0","0","0.0",",0","109.8",",,,0","0",",,,0","28.17",",0","31.53",",,,0","24.82",",,,0"
"USC00088841","1950-08","25.0069","-80.5211","1.5","TAVERNIER, FL US","1782.9","0","310.0",",0","10",",0","7",",0","3",",0","0",",0","0",",0","0",",0","0",",0","0",",0","31",",0","13",",0","","","19500808",",,0","19500831","+,,0","19500831","+,,0","","","19500808",",,0","19500818",",,0","21.1",",0,08,","0",",,0,31,+","0",",,0,31,+","59.7",",,0,08,","34.4",",0,18,","0.0","0","0.0",",0","182.0",",,,0","0",",,,0","28.33",",0","31.49",",,,0","25.18",",,,0"
"USC00088841","1950-09","25.0069","-80.5211","1.5","TAVERNIER, FL US","2062.1","0","279.2",",0","12",",0","10",",0","0",",0","0",",0","0",",0","0",",0","0",",0","0",",0","30",",0","5",",0","","","19500920",",,0","19500930","+,,0","19500930","+,,0","","","19500916",",,0","19500916",",,0","20.6",",0,20,","0",",,0,30,+","0",",,0,30,+","24.1",",,0,16,","33.3",",0,16,","0.0","0","0.0",",0","116.4",",,,0","0",",,,0","27.64",",0","30.88",",,,0","24.40",",,,0"
"USC00088841","1950-10","25.0069","-80.5211","1.5","TAVERNIER, FL US","2314.2","0","252.1",",0","13",",0","13",",0","3",",0","0",",0","0",",0","0",",0","0",",0","0",",0","31",",0","0",",0","","","19501031","+,,0","19501031","+,,0","19501031","+,,0","","","19501004",",,0","19501025","+,,0","20.6",",0,31,+","0",",,0,31,+","0",",,0,31,+","100.3",",,0,04,","30.6",",0,25,+","0.0","0","0.0",",0","258.0",",,,0","0",",,,0","26.47",",0","29.29",",,,0","23.64",",,,0"
"USC00088841","1950-11","25.0069","-80.5211","1.5","TAVERNIER, FL US","2439.6","0","125.4",",0","4",",0","3",",0","1",",0","0",",0","0",",0","0",",0","0",",0","0",",0","27",",0","0",",0","","","19501126",",,0","19501130","+,,0","19501130","+,,0","","","19501104",",,0","19501103","+,,0","7.2",",0,26,","0",",,0,30,+","0",",,0,30,+","33.5",",,0,04,","28.9",",0,03,+","15.8","0","15.8",",0","54.2",",,,0","0",",,,0","21.98",",0","25.23",",,,0","18.74",",,,0"
"USC00088841","1950-12","25.0069","-80.5211","1.5","TAVERNIER, FL US","2504.6","0","65.0","1,0","1","1,0","1","1,0","1","1,0","0","1,0","0","1,0","0","1,0","0","1,0","0","1,0","27","1,0","0","1,0","","","19501220",",1,0","19501231","+,1,0","19501231","+,1,0","","","19501207",",1,0","19501230","+,1,0","8.3","1,0,20,","0","1,,0,31,+","0","1,,0,31,+","36.8","1,,0,07,","26.7","1,0,30,+","34.2","0","18.4","1,0","36.8","1,,,0","0","1,,,0","19.89","1,0","23.61","1,,,0","16.17","1,,,0"
"USC00088841","1951-01","25.0069","-80.5211","1.5","TAVERNIER, FL US","74.8","0","74.8",",0","1","3,0","1","3,0","0","3,0","0","1,0","0","1,0","0",",0","0",",0","0",",0","27",",0","0",",0","","","19510109",",,0","19510131","+,1,0","19510131","+,1,0","","","19510107",",3,0","19510131","+,,0","6.1",",0,09,","0","1,,0,31,+","0","1,,0,31,+","19.1","3,,0,07,","25.6",",0,31,+","56.1","0","21.9",",0","26.7","1,a,,0","0","1,,,0","20.04",",0","23.25",",,,0","16.83",",,,0"
"USC00088841","1951-02","25.0069","-80.5211","1.5","TAVERNIER, FL US","134.0","0","59.2","3,0","1","2,0","1","2,0","0","2,0","0","1,0","0","1,0","0","3,0","0","3,0","0","2,0","23","2,0","0","2,0","","","19510203",",3,0","19510228","+,1,0","19510228","+,1,0","","","19510203",",2,0","19510207","+,2,0","5.6","3,0,03,","0","1,,0,28,+","0","1,,0,28,+","14.2","2,,0,03,","26.7","2,0,07,+","75.3","0","19.2","2,0","14.2","2,,,0","0","1,,,0","20.00","3,0","23.37","2,,,0","16.63","3,,,0"
"USC00088841","1951-03","25.0069","-80.5211","1.5","TAVERNIER, FL US","275.6","0","141.6",",0","1",",0","1",",0","0",",0","0",",0","0","1,0","0",",0","0",",0","0",",0","31",",0","0",",0","","","19510322",",,0","19510331","+,,0","19510331","+,1,0","","","19510330",",,0","19510321","+,,0","13.3",",0,22,","0",",,0,31,+","0","1,,0,31,+","3.8",",,0,30,","27.8",",0,21,+","75.3","0","0.0",",0","3.8",",,,0","0","1,,,0","22.90",",0","25.98",",,,0","19.82",",,,0"
"USC00088841","1951-04","25.0069","-80.5211","1.5","TAVERNIER, FL US","459.0","0","183.4",",0","2",",0","2",",0","1",",0","0",",0","0",",0","0",",0","0",",0","0",",0","30",",0","0",",0","","","19510414",",,0","19510430","+,,0","19510430","+,,0","","","19510410",",,0","19510417","+,,0","14.4",",0,14,","0",",,0,30,+","0",",,0,30,+","83.8",",,0,10,","30.0",",0,17,+","75.3","0","0.0",",0","92.7",",,,0","0",",,,0","24.45",",0","27.55",",,,0","21.34",",,,0"
"USC00088841","1951-05","25.0069","-80.5211","1.5","TAVERNIER, FL US","707.7","0","248.7",",0","6",",0","2",",0","0",",0","0",",0","0",",0","0",",0","0",",0","0",",0","31",",0","4",",0","","","19510517",",,0","19510531","+,,0","19510531","+,,0","","","19510528",",,0","19510524","+,,0","17.2",",0,17,","0",",,0,31,+","0",",,0,31,+","14.7",",,0,28,","32.8",",0,24,+","75.3","0","0.0",",0","27.9",",,,0","0",",,,0","26.36",",0","30.12",",,,0","22.59",",,,0"
"USC00088841","1951-06","25.0069","-80.5211","1.5","TAVERNIER, FL US","1011.3","0","303.6",",0","3",",0","2",",0","0",",0","0",",0","0",",0","0",",0","0",",0","0",",0","30",",0","18",",0","","","19510604",",,0","19510630","+,,0","19510630","+,,0","","","19510616",",,0","19510618","+,,0","22.2",",0,04,","0",",,0,30,+","0",",,0,30,+","10.4",",,0,16,","33.9",",0,18,+","75.3","0","0.0",",0","14.9",",,,0","0",",,,0","28.45",",0","31.76",",,,0","25.15",",,,0"
"USC00088841","1951-07","25.0069","-80.5211","1.5","TAVERNIER, FL US","1329.9","0","318.6","1,0","8",",0","5",",0","1",",0","0",",0","0",",0","0","1,0","0","1,0","0",",0","31",",0","19",",0","","","19510714","+,1,0","19510731","+,,0","19510731","+,,0","","","19510708",",,0","19510731","+,,0","22.2","1,0,14,+","0",",,0,31,+","0",",,0,31,+","34.8",",,0,08,","33.3",",0,31,+","0.0","0","0.0",",0","91.9",",,,0","0",",,,0","28.95","1,0","32.10",",,,0","25.81","1,,,0"
"USC00088841","1951-08","25.0069","-80.5211","1.5","TAVERNIER, FL US","1653.1","0","323.2","2,0","","","","","","","0",",0","0",",0","0","2,0","0","2,0","0",",0","31",",0","25",",0","","","19510815",",2,0","19510831","+,,0","19510831","+,,0","","","","","19510830","+,,0","23.3","2,0,15,","0",",,0,31,+","0",",,0,31,+","","","35.6",",0,30,+","0.0","0","0.0",",0","","","0",",,,0","29.45","2,0","32.78",",,,0","26.12","2,,,0"
"USC00088841","1951-09","25.0069","-80.5211","1.5","TAVERNIER, FL US","1969.8","0","316.7","1,0","9","1,0","8","1,0","2","1,0","0",",0","0",",0","0","1,0","0","1,0","0",",0","30",",0","20",",0","","","19510928",",1,0","19510930","+,,0","19510930","+,,0","","","19510928",",1,0","19510919","+,,0","22.8","1,0,28,","0",",,0,30,+","0",",,0,30,+","57.2","1,,0,28,","32.8",",0,19,+","0.0","0","0.0",",0","127.0","1,,,0","0",",,,0","29.25","1,0","31.97",",,,0","26.53","1,,,0"
"USC00088841","1951-10","25.0069","-80.5211","1.5","TAVERNIER, FL US","2184.2","0","214.4","4,0","12",",0","8",",0","2",",0","0",",0","0",",0","0","4,0","0","4,0","0",",0","31",",0","1",",0","","","19511011",",4,0","19511031","+,,0","19511031","+,,0","","","19511009",",,0","19511004",",,0","20.0","4,0,11,","0",",,0,31,+","0",",,0,31,+","48.8",",,0,09,","32.2",",0,04,","0.0","0","0.0",",0","128.4",",,,0","0",",,,0","26.24","4,0","28.99",",,,0","23.48","4,,,0"
"USC00088841","1951-11","25.0069","-80.5211","1.5","TAVERNIER, FL US","2334.5","0","150.3",",0","2",",0","2",",0","0",",0","0",",0","0",",0","0",",0","0",",0","0",",0","29",",0","0",",0","","","19511119",",,0","19511130","+,,0","19511130","+,,0","","","19511104",",,0","19511107",",,0","10.0",",0,19,","0",",,0,30,+","0",",,0,30,+","7.6",",,0,04,","30.6",",0,07,","5.3","0","5.3",",0","10.1",",,,0","0",",,,0","23.17",",0","26.49",",,,0","19.84",",,,0"
"USC00088841","1951-12","25.0069","-80.5211","1.5","TAVERNIER, FL US","2510.0","0","175.5",",0","3","1,0","2","1,0","0","1,0","0",",0","0",",0","0",",0","0",",0","0",",0","31",",0","0",",0","","","19511213",",,0","19511231","+,,0","19511231","+,,0","","","19511227",",1,0","19511222","+,,0","12.8",",0,13,","0",",,0,31,+","0",",,0,31,+","3.8","1,,0,27,","28.3",",0,22,+","5.6","0","0.3",",0","7.6","1,,,0","0",",,,0","23.99",",0","26.56",",,,0","21.41",",,,0"
"USC00088841","1952-01","25.0069","-80.5211","1.5","TAVERNIER, FL US","128.2","0","128.2",",0","0","2,0","0","2,0","0","2,0","0",",0","0",",0","0",",0","0",",0","0",",0","30",",0","0",",0","","","19520130",",,0","19520131","+,,0","19520131","+,,0","","","19520131","+,2,0","19520123","+,,0","10.6",",0,30,","0",",,0,31,+","0",",,0,31,+","0.0","2,,0,31,+","27.8",",0,23,+","11.7","0","6.1",",0","15.7",",a,,0","0",",,,0","22.27",",0","25.50",",,,0","19.05",",,,0"
"USC00088841","1952-02","25.0069","-80.5211","1.5","TAVERNIER, FL US","220.6","0","92.4",",0","6",",0","4",",0","2",",0","0",",0","0",",0","0",",0","0",",0","0",",0","28",",0","0",",0","","","19520208",",,0","19520229","+,,0","19520229","+,,0","","","19520203",",,0","19520224",",,0","11.1",",0,08,","0",",,0,29,+","0",",,0,29,+","27.9",",,0,03,","29.4",",0,24,","17.2","0","5.5",",0","92.4",",,,0","0",",,,0","21.33",",0","25.17",",,,0","17.49",",,,0"
"USC00088841","1952-03","25.0069","-80.5211","1.5","TAVERNIER, FL US","405.1","0","184.5",",0","5",",0","3",",0","2",",0","0",",0","0",",0","0",",0","0",",0","0",",0","31",",0","0",",0","","","19520317",",,0","19520331","+,,0","19520331","+,,0","","","19520327",",,0","19520326","+,,0","12.8",",0,17,","0",",,0,31,+","0",",,0,31,+","46.2",",,0,27,","29.4",",0,26,+","18.6","0","1.4",",0","99.1",",,,0","0",",,,0","24.24",",0","27.20",",,,0","21.28",",,,0"
"USC00088841","1952-04","25.0069","-80.5211","1.5","TAVERNIER, FL US","563.2","0","158.1",",0","3",",0","1",",0","1",",0","0",",0","0",",0","0",",0","0",",0","0",",0","30",",0","0",",0","","","19520407",",,0","19520430","+,,0","19520430","+,,0","","","19520426",",,0","19520414",",,0","14.4",",0,07,","0",",,0,30,+","0",",,0,30,+","54.6",",,0,26,","30.6",",0,14,","18.6","0","0.0",",0","57.4",",,,0","0",",,,0","23.60",",0","26.93",",,,0","20.27",",,,0"
"USC00088841","1952-05","25.0069","-80.5211","1.5","TAVERNIER, FL US","817.5","0","254.3",",0","6",",0","5",",0","0",",0","0",",0","0",",0","0",",0","0",",0","0",",0","31",",0","0",",0","","","19520513",",,0","19520531","+,,0","19520531","+,,0","","","19520529",",,0","19520530","+,,0","19.4",",0,13,","0",",,0,31,+","0",",,0,31,+","15.0",",,0,29,","31.1",",0,30,+","18.6","0","0.0",",0","51.1",",,,0","0",",,,0","26.54",",0","29.27",",,,0","23.81",",,,0"
"USC00088841","1952-06","25.0069","-80.5211","1.5","TAVERNIER, FL US","1119.1","0","301.6",",0","8",",0","4",",0","0",",0","0",",0","0",",0","0",",0","0",",0","0",",0","30",",0","15",",0","","","19520613",",,0","19520630","+,,0","19520630","+,,0","","","19520601",",,0","19520613",",,0","21.7",",0,13,","0",",,0,30,+","0",",,0,30,+","17.8",",,0,01,","33.9",",0,13,","18.6","0","0.0",",0","44.6",",,,0","0",",,,0","28.39",",0","31.47",",,,0","25.30",",,,0"
"USC00088841","1952-07","25.0069","-80.5211","1.5","TAVERNIER, FL US","1439.0","0","319.9",",0","12","1,0","10","1,0","2","1,0","0",",0","0",",0","0",",0","0",",0","0",",0","31",",0","12",",0","","","19520703",",,0","19520731","+,,0","19520731","+,,0","","","19520714",",1,0","19520726","+,,0","22.2",",0,03,","0",",,0,31,+","0",",,0,31,+","33.0","1,,0,14,","32.8",",0,26,+","0.0","0","0.0",",0","103.1","1,,,0","0",",,,0","28.65",",0","31.56",",,,0","25.74",",,,0"
"USC00088841","1952-08","25.0069","-80.5211","1.5","TAVERNIER, FL US","1771.4","0","332.4","1,0","8",",0","6",",0","0",",0","0",",0","0",",0","0","1,0","0","1,0","0",",0","31",",0","28",",0","","","19520811","+,1,0","19520831","+,,0","19520831","+,,0","","","19520826",",,0","19520829",",,0","24.4","1,0,11,+","0",",,0,31,+","0",",,0,31,+","10.2",",,0,26,","35.6",",0,29,","0.0","0","0.0",",0","36.0",",,,0","0",",,,0","29.42","1,0","32.89",",,,0","25.95","1,,,0"
"USC00088841","1952-09","25.0069","-80.5211","1.5","TAVERNIER, FL US","2088.9","0","317.5",",0","8",",0","5",",0","1",",0","0",",0","0",",0","0",",0","0",",0","0",",0","30",",0","16",",0","","","19520911","+,,0","19520930","+,,0","19520930","+,,0","","","19520920",",,0","19520930","+,,0","22.8",",0,11,+","0",",,0,30,+","0",",,0,30,+","29.0",",,0,20,","33.3",",0,30,+","0.0","0","0.0",",0","64.6",",,,0","0",",,,0","28.92",",0","32.08",",,,0","25.75",",,,0"
"USC00088841","1952-10","25.0069","-80.5211","1.5","TAVERNIER, FL US","2335.5","0","246.6",",0","17","1,0","16","1,0","4","1,0","0",",0","0",",0","0",",0","0",",0","0",",0","31",",0","1",",0","","","19521030",",,0","19521031","+,,0","19521031","+,,0","","","19521024",",1,0","19521014",",,0","17.2",",0,30,","0",",,0,31,+","0",",,0,31,+","87.4","1,,0,24,","32.2",",0,14,","0.0","0","0.0",",0","372.6","1,,,0","0",",,,0","26.29",",0","29.36",",,,0","23.22",",,,0"
"USC00088841","1952-11","25.0069","-80.5211","1.5","TAVERNIER, FL US","2503.5","0","168.0",",0","4",",0","2",",0","0",",0","0",",0","0",",0","0",",0","0",",0","0",",0","29",",0","0",",0","","","19521122",",,0","19521130","+,,0","19521130","+,,0","","","19521113",",,0","19521112","+,,0","12.8",",0,22,","0",",,0,30,+","0",",,0,30,+","5.6",",,0,13,","29.4",",0,12,+","1.9","0","1.9",",0","13.2",",,,0","0",",,,0","23.87",",0","27.02",",,,0","20.71",",,,0"
"USC00088841","1952-12","25.0069","-80.5211","1.5","TAVERNIER, FL US","2594.6","0","91.1",",0","2",",0","2",",0","0",",0","0",",0","0",",0","0",",0","0",",0","0",",0","28",",0","0",",0","","","19521216",",,0","19521231","+,,0","19521231","+,,0","","","19521230",",,0","19521210",",,0","9.4",",0,16,","0",",,0,31,+","0",",,0,31,+","13.7",",,0,30,","27.8",",0,10,","16.9","0","15.0",",0","16.2",",,,0","0",",,,0","20.79",",0","24.49",",,,0","17.08",",,,0"
"USC00088841","1953-01","25.0069","-80.5211","1.5","TAVERNIER, FL US","86.4","0","86.4",",0","7",",0","5",",0","1",",0","0",",0","0",",0","0",",0","0",",0","0",",0","28",",0","0",",0","","","19530105",",,0","19530131","+,,0","19530131","+,,0","","","19530109",",,0","19530120",",,0","8.9",",0,05,","0",",,0,31,+","0",",,0,31,+","50.8",",,0,09,","27.2",",0,20,","34.0","0","17.1",",0","102.9",",,,0","0",",,,0","20.57",",0","23.95",",,,0","17.19",",,,0"
"USC00088841","1953-02","25.0069","-80.5211","1.5","TAVERNIER, FL US","202.1","0","115.7",",0","6",",0","4",",0","0",",0","0",",0","0",",0","0",",0","0",",0","0",",0","27",",0","0",",0","","","19530216",",,0","19530228","+,,0","19530228","+,,0","","","19530208",",,0","19530213",",,0","11.1",",0,16,","0",",,0,28,+","0",",,0,28,+","23.4",",,0,08,","28.3",",0,13,","36.8","0","2.8",",0","43.7",",,,0","0",",,,0","22.37",",0","25.51",",,,0","19.22",",,,0"
"USC00088841","1953-03","25.0069","-80.5211","1.5","TAVERNIER, FL US","400.9","0","198.8",",0","1",",0","1",",0","0",",0","0",",0","0",",0","0",",0","0",",0","0",",0","31",",0","0",",0","","","19530327",",,0","19530331","+,,0","19530331","+,,0","","","19530322",",,0","19530325",",,0","13.9",",0,27,","0",",,0,31,+","0",",,0,31,+","4.3",",,0,22,","31.7",",0,25,","36.8","0","0.0",",0","4.3",",,,0","0",",,,0","24.75",",0","28.18",",,,0","21.31",",,,0"
"USC00088841","1953-04","25.0069","-80.5211","1.5","TAVERNIER, FL US","610.8","0","209.9",",0","2","1,0","2","1,0","0","1,0","0",",0","0",",0","0",",0","0",",0","0",",0","30",",0","1",",0","","","19530415",",,0","19530430","+,,0","19530430","+,,0","","","19530426",",1,0","19530429",",,0","15.0",",0,15,","0",",,0,30,+","0",",,0,30,+","20.8","1,,0,26,","32.2",",0,29,","36.8","0","0.0",",0","23.3","1,,,0","0",",,,0","25.33",",0","28.91",",,,0","21.75",",,,0"
"USC00088841","1953-05","25.0069","-80.5211","1.5","TAVERNIER, FL US","891.2","0","280.4",",0","2",",0","2",",0","0",",0","0",",0","0",",0","0",",0","0",",0","0",",0","31",",0","3",",0","","","19530529",",,0","19530531","+,,0","19530531","+,,0","","","19530531",",,0","19530509",",,0","20.0",",0,29,","0",",,0,31,+","0",",,0,31,+","20.8",",,0,31,","33.3",",0,09,","36.8","0","0.0",",0","28.2",",,,0","0",",,,0","27.38",",0","30.32",",,,0","24.43",",,,0"
"USC00088841","1953-06","25.0069","-80.5211","1.5","TAVERNIER, FL US","1161.6","0","270.4",",0","15",",0","15",",0","3",",0","0",",0","0",",0","0",",0","0",",0","0",",0","30",",0","6",",0","","","19530617",",,0","19530630","+,,0","19530630","+,,0","","","19530621",",,0","19530617",",,0","21.7",",0,17,","0",",,0,30,+","0",",,0,30,+","53.3",",,0,21,","33.3",",0,17,","36.8","0","0.0",",0","243.3",",,,0","0",",,,0","27.35",",0","30.51",",,,0","24.18",",,,0"
"USC00088841","1953-07","25.0069","-80.5211","1.5","TAVERNIER, FL US","1478.8","0","317.2",",0","11",",0","10",",0","3",",0","0",",0","0",",0","0",",0","0",",0","0",",0","31",",0","6",",0","","","19530724","+,,0","19530731","+,,0","19530731","+,,0","","","19530714",",,0","19530727","+,,0","22.2",",0,24,+","0",",,0,31,+","0",",,0,31,+","138.4",",,0,14,","32.8",",0,27,+","0.0","0","0.0",",0","268.5",",,,0","0",",,,0","28.56",",0","31.45",",,,0","25.68",",,,0"
"USC00088841","1953-08","25.0069","-80.5211","1.5","TAVERNIER, FL US","1800.9","0","322.1",",0","9",",0","9",",0","2",",0","0",",0","0",",0","0",",0","0",",0","0",",0","31",",0","20",",0","","","19530830",",,0","19530831","+,,0","19530831","+,,0","1","","19530830",",,0","19530824","+,,0","18.9",",0,30,","0",",,0,31,+","0",",,0,31,+","47.0",",,0,30,","32.8",",0,24,+","0.0","0","0.0",",0","166.1",",,,0","0",",,,0","28.72",",0","31.97",",,,0","25.47",",,,0"
"USC00088841","1953-09","25.0069","-80.5211","1.5","TAVERNIER, FL US","2092.0","0","291.1",",0","15",",0","14",",0","5",",0","0",",0","0",",0","0",",0","0",",0","0",",0","30",",0","9",",0","","","19530924",",,0","19530930","+,,0","19530930","+,,0","","","19530928",",,0","19530917",",,0","21.1",",0,24,","0",",,0,30,+","0",",,0,30,+","66.0",",,0,28,","32.8",",0,17,","0.0","0","0.0",",0","315.8",",,,0","0",",,,0","28.04",",0","31.32",",,,0","24.75",",,,0"
"USC00088841","1953-10","25.0069","-80.5211","1.5","TAVERNIER, FL US","2294.2","0","202.2",",0","13","1,0","11","1,0","2","1,0","0",",0","0",",0","0",",0","0",",0","0",",0","31",",0","0",",0","","","19531030",",,0","19531031","+,,0","19531031","+,,0","","","19531002",",1,0","19531007","+,,0","15.6",",0,30,","0",",,0,31,+","0",",,0,31,+","102.1","1,,0,02,","30.6",",0,07,+","0.0","0","0.0",",0","248.3","1,,,0","0",",,,0","24.86",",0","28.06",",,,0","21.65",",,,0"
"USC00088841","1953-11","25.0069","-80.5211","1.5","TAVERNIER, FL US","2454.3","0","160.1",",0","7",",0","6",",0","0",",0","0",",0","0",",0","0",",0","0",",0","0",",0","30",",0","0",",0","","","19531127",",,0","19531130","+,,0","19531130","+,,0","","","19531110",",,0","19531124","+,,0","11.7",",0,27,","0",",,0,30,+","0",",,0,30,+","12.7",",,0,10,","28.9",",0,24,+","0.8","0","0.8",",0","38.8",",,,0","0",",,,0","23.64",",0","26.51",",,,0","20.78",",,,0"
"USC00088841","1953-12","25.0069","-80.5211","1.5","TAVERNIER, FL US","2592.5","0","138.2",",0","2",",0","2",",0","0",",0","0",",0","0",",0","0",",0","0",",0","0",",0","28",",0","0",",0","","","19531218",",,0","19531231","+,,0","19531231","+,,0","","","19531221",",,0","19531213",",,0","10.6",",0,18,","0",",,0,31,+","0",",,0,31,+","12.2",",,0,21,","28.9",",0,13,","11.2","0","10.4",",0","22.4",",,,0","0",",,,0","22.46",",0","25.33",",,,0","19.58",",,,0"
"USC00088841","1954-01","25.0069","-80.5211","1.5","TAVERNIER, FL US","119.1","0","119.1",",0","3",",0","3",",0","0",",0","0",",0","0",",0","0",",0","0",",0","0",",0","31",",0","0",",0","","","19540112",",,0","19540131","+,,0","19540131","+,,0","","","19540111",",,0","19540122",",,0","10.0",",0,12,","0",",,0,31,+","0",",,0,31,+","13.0",",,0,11,","27.8",",0,22,","15.4","0","4.2",",0","25.2",",,,0","0",",,,0","22.04",",0","25.16",",,,0","18.91",",,,0"
"USC00088841","1954-02","25.0069","-80.5211","1.5","TAVERNIER, FL US","197.5","0","78.4",",0","3",",0","2",",0","1",",0","0",",0","0",",0","0",",0","0",",0","0",",0","28",",0","0",",0","","","19540210",",,0","19540228","+,,0","19540228",",,0","","","19540228",",,0","19540224","+,,0","11.7",",0,10,","0",",,0,28,+","0",",T,0,28,","71.6",",,0,28,","27.2",",0,24,+","17.0","0","1.6",",0","76.5",",,,0","0",",T,,0","21.08",",0","24.80",",,,0","17.35",",,,0"
"USC00088841","1954-03","25.0069","-80.5211","1.5","TAVERNIER, FL US","320.2","0","122.7","1,0","5",",0","3",",0","1",",0","0",",0","0",",0","0",",0","0",",0","0","1,0","29","1,0","0","1,0","","","19540317","+,,0","19540331","+,,0","19540331","+,,0","","","19540309",",,0","19540331","+,1,0","12.8",",0,17,+","0",",,0,31,+","0",",,0,31,+","36.8",",,0,09,","28.9","1,0,31,+","18.3","0","1.3","1,0","73.3",",,,0","0",",,,0","22.28","1,0","25.87","1,,,0","18.69",",,,0"
"USC00088841","1954-04","25.0069","-80.5211","1.5","TAVERNIER, FL US","539.2","0","219.0",",0","7",",0","5",",0","2",",0","0",",0","0",",0","0",",0","0",",0","0",",0","30",",0","0",",0","","","19540418","+,,0","19540430","+,,0","19540430","+,,0","","","19540408",",,0","19540403",",,0","19.4",",0,18,+","0",",,0,30,+","0",",,0,30,+","45.2",",,0,08,","30.0",",0,03,","18.3","0","0.0",",0","95.6",",,,0","0",",,,0","25.63",",0","28.23",",,,0","23.03",",,,0"
"USC00088841","1954-05","25.0069","-80.5211","1.5","TAVERNIER, FL US","797.1","0","257.9",",0","8",",0","5",",0","3",",0","0",",0","0",",0","0",",0","0",",0","0",",0","31",",0","4",",0","","","19540521","+,,0","19540531","+,,0","19540531","+,,0","","","19540513",",,0","19540519",",,0","20.6",",0,21,+","0",",,0,31,+","0",",,0,31,+","38.6",",,0,13,","32.8",",0,19,","18.3","0","0.0",",0","140.1",",,,0","0",",,,0","26.65",",0","29.85",",,,0","23.46",",,,0"
"USC00088841","1954-06","25.0069","-80.5211","1.5","TAVERNIER, FL US","1071.7","0","274.6",",0","13","1,0","10","1,0","1","1,0","0",",0","0",",0","0",",0","0",",0","0",",0","30",",0","4",",0","","","19540615","+,,0","19540630","+,,0","19540630","+,,0","","","19540615",",1,0","19540629","+,,0","22.2",",0,15,+","0",",,0,30,+","0",",,0,30,+","64.5","1,,0,15,","32.2",",0,29,+","18.3","0","0.0",",0","152.8","1,,,0","0",",,,0","27.49",",0","30.77",",,,0","24.20",",,,0"
"USC00088841","1954-07","25.0069","-80.5211","1.5","TAVERNIER, FL US","1382.4","0","310.7",",0","8",",0","5",",0","0",",0","0",",0","0",",0","0",",0","0",",0","0",",0","31",",0","11",",0","","","19540720","+,,0","19540731","+,,0","19540731","+,,0","","","19540729",",,0","19540723",",,0","22.2",",0,20,+","0",",,0,31,+","0",",,0,31,+","19.3",",,0,29,","33.9",",0,23,","0.0","0","0.0",",0","65.6",",,,0","0",",,,0","28.35",",0","31.64",",,,0","25.07",",,,0"
"USC00088841","1954-08","25.0069","-80.5211","1.5","TAVERNIER, FL US","1719.1","0","336.7",",0","8",",0","6",",0","2",",0","0",",0","0",",0","0",",0","0",",0","0",",0","31",",0","23",",0","","","19540829",",,0","19540831","+,,0","19540831","+,,0","4","","19540830",",,0","19540821",",,0","22.2",",0,29,","0",",,0,31,+","0",",,0,31,+","58.9",",,0,30,","35.6",",0,21,","0.0","0","0.0",",0","182.8",",,,0","0",",,,0","29.20",",0","32.40",",,,0","25.99",",,,0"
"USC00088841","1954-09","25.0069","-80.5211","1.5","TAVERNIER, FL US","1998.2","0","279.1",",0","21",",0","15",",0","0",",0","0",",0","0",",0","0",",0","0",",0","0",",0","30",",0","1",",0","","","19540915",",,0","19540930","+,,0","19540930","+,,0","","","19540901",",,0","19540908",",,0","20.6",",0,15,","0",",,0,30,+","0",",,0,30,+","20.3",",,0,01,","32.2",",0,08,","0.0","0","0.0",",0","159.8",",,,0","0",",,,0","27.64",",0","30.92",",,,0","24.35",",,,0"
"USC00088841","1954-10","25.0069","-80.5211","1.5","TAVERNIER, FL US","2230.7","0","232.5",",0","16",",0","11",",0","2",",0","0",",0","0",",0","0",",0","0",",0","0",",0","31",",0","0",",0","","","19541031",",,0","19541031","+,,0","19541031","+,,0","","","19541001",",,0","19541014",",,0","18.3",",0,31,","0",",,0,31,+","0",",,0,31,+","30.0",",,0,01,","31.1",",0,14,","0.0","0","0.0",",0","114.6",",,,0","0",",,,0","25.83",",0","28.66",",,,0","23.01",",,,0"
"USC00088841","1954-11","25.0069","-80.5211","1.5","TAVERNIER, FL US","2361.2","0","130.5",",0","4",",0","3",",0","1",",0","0",",0","0",",0","0",",0","0",",0","0",",0","30",",0","0",",0","","","19541126","+,,0","19541130","+,,0","19541130","+,,0","","","19541114",",,0","19541116","+,,0","15.6",",0,26,+","0",",,0,30,+","0",",,0,30,+","152.9",",,0,14,","28.3",",0,16,+","0.0","0","0.0",",0","171.0",",,,0","0",",,,0","22.68",",0","26.11",",,,0","19.25",",,,0"
"USC00088841","1954-12","25.0069","-80.5211","1.5","TAVERNIER, FL US","2437.3","0","76.1",",0","3",",0","1",",0","0",",0","0",",0","0",",0","0",",0","0",",0","0",",0","30",",0","0",",0","","","19541221",",,0","19541231","+,,0","19541231","+,,0","","","19541218",",,0","19541213",",,0","8.9",",0,21,","0",",,0,31,+","0",",,0,31,+","10.2",",,0,18,","26.7",",0,13,","10.4","0","10.4",",0","12.5",",,,0","0",",,,0","20.45",",0","24.05",",,,0","16.85",",,,0"
"USC00088841","1955-01","25.0069","-80.5211","1.5","TAVERNIER, FL US","68.6","0","68.6",",0","4",",0","2",",0","0",",0","0",",0","0",",0","0",",0","0",",0","0",",0","28",",0","0",",0","","","19550130",",,0","19550131","+,,0","19550131","+,,0","","","19550129",",,0","19550118",",,0","8.9",",0,30,","0",",,0,31,+","0",",,0,31,+","5.1",",,0,29,","27.2",",0,18,","27.9","0","17.5",",0","11.8",",,,0","0",",,,0","19.98",",0","24.16",",,,0","15.81",",,,0"
"USC00088841","1955-02","25.0069","-80.5211","1.5","TAVERNIER, FL US","158.5","0","89.9",",0","1",",0","1",",0","0",",0","0",",0","0",",0","0",",0","0",",0","0",",0","28",",0","0",",0","","","19550213",",,0","19550228","+,,0","19550228","+,,0","","","19550218",",,0","19550211",",,0","6.7",",0,13,","0",",,0,28,+","0",",,0,28,+","13.0",",,0,18,","27.8",",0,11,","37.3","0","9.4",",0","13.0",",,,0","0",",,,0","21.21",",0","24.63",",,,0","17.79",",,,0"
"USC00088841","1955-03","25.0069","-80.5211","1.5","TAVERNIER, FL US","343.5","0","185.0",",0","1",",0","1",",0","1",",0","0",",0","0",",0","0",",0","0",",0","0",",0","31",",0","0",",0","","","19550330",",,0","19550331","+,,0","19550331","+,,0","","","19550329",",,0","19550326","+,,0","12.8",",0,30,","0",",,0,31,+","0",",,0,31,+","26.7",",,0,29,","29.4",",0,26,+","37.8","0","0.5",",0","26.7",",,,0","0",",,,0","24.28",",0","27.01",",,,0","21.55",",,,0"
"USC00088841","1955-04","25.0069","-80.5211","1.5","TAVERNIER, FL US","538.2","0","194.7",",0","5",",0","3",",0","0",",0","0",",0","0",",0","0",",0","0",",0","0",",0","30",",0","0",",0","","","19550428","+,,0","19550430","+,,0","19550430","+,,0","","","19550410",",,0","19550430","+,,0","18.9",",0,28,+","0",",,0,30,+","0",",,0,30,+","14.0",",,0,10,","29.4",",0,30,+","37.8","0","0.0",",0","34.8",",,,0","0",",,,0","24.82",",0","27.65",",,,0","22.00",",,,0"
"USC00088841","1955-05","25.0069","-80.5211","1.5","TAVERNIER, FL US","790.7","0","252.5",",0","4",",0","4",",0","1",",0","0",",0","0",",0","0",",0","0",",0","0",",0","31",",0","0",",0","","","19550503",",,0","19550531","+,,0","19550531","+,,0","","","19550519",",,0","19550526",",,0","18.9",",0,03,","0",",,0,31,+","0",",,0,31,+","26.7",",,0,19,","31.7",",0,26,","37.8","0","0.0",",0","59.3",",,,0","0",",,,0","26.48",",0","29.73",",,,0","23.23",",,,0"
"USC00088841","1955-06","25.0069","-80.5211","1.5","TAVERNIER, FL US","1070.0","0","279.3",",0","11",",0","10",",0","3",",0","0",",0","0",",0","0",",0","0",",0","0",",0","30",",0","1",",0","","","19550616",",,0","19550630","+,,0","19550616",",,0","1","","19550616",",,0","19550607",",,0","21.1",",0,16,","0",",,0,30,+","0",",T,0,16,","140.2",",,0,16,","32.2",",0,07,","37.8","0","0.0",",0","283.8",",,,0","0",",T,,0","27.64",",0","30.56",",,,0","24.72",",,,0"
"USC00088841","1955-07","25.0069","-80.5211","1.5","TAVERNIER, FL US","1352.8","0","282.8",",0","14",",0","10",",0","3",",0","0",",0","0",",0","0",",0","0",",0","0",",0","31",",0","1",",0","","","19550703",",,0","19550731","+,,0","19550731","+,,0","1","","19550705",",,0","19550729",",,0","20.6",",0,03,","0",",,0,31,+","0",",,0,31,+","61.7",",,0,05,","32.2",",0,29,","0.0","0","0.0",",0","181.3",",,,0","0",",,,0","27.46",",0","30.75",",,,0","24.16",",,,0"
"USC00088841","1955-08","25.0069","-80.5211","1.5","TAVERNIER, FL US","1673.5","0","320.7","1,0","11",",0","6",",0","2",",0","0",",0","0",",0","0","1,0","0","1,0","0",",0","31",",0","17",",0","","","19550819",",1,0","19550831","+,,0","19550831","+,,0","","","19550819",",,0","19550817","+,,0","22.8","1,0,19,","0",",,0,31,+","0",",,0,31,+","59.7",",,0,19,","33.3",",0,17,+","0.0","0","0.0",",0","120.9",",,,0","0",",,,0","29.02","1,0","32.19",",,,0","25.85","1,,,0"
"USC00088841","1955-09","25.0069","-80.5211","1.5","TAVERNIER, FL US","1962.8","0","289.3",",0","12",",0","10",",0","2",",0","0",",0","0",",0","0",",0","0",",0","0",",0","30",",0","4",",0","","","19550930","+,,0","19550930","+,,0","19550930","+,,0","","","19550920",",,0","19550920","+,,0","22.8",",0,30,+","0",",,0,30,+","0",",,0,30,+","37.1",",,0,20,","32.2",",0,20,+","0.0","0","0.0",",0","125.4",",,,0","0",",,,0","27.98",",0","31.04",",,,0","24.91",",,,0"
"USC00088841","1955-10","25.0069","-80.5211","1.5","TAVERNIER, FL US","2166.6","0","203.8",",0","10","1,0","7","1,0","2","1,0","0",",0","0",",0","0",",0","0",",0","0",",0","31",",0","0",",0","","","19551021",",,0","19551031","+,,0","19551031","+,,0","","","19551011",",1,0","19551001",",,0","15.0",",0,21,","0",",,0,31,+","0",",,0,31,+","52.1","1,,0,11,","30.6",",0,01,","0.0","0","0.0",",0","124.6","1,,,0","0",",,,0","24.91",",0","28.22",",,,0","21.59",",,,0"
"USC00088841","1955-11","25.0069","-80.5211","1.5","TAVERNIER, FL US","2334.7","0","168.1",",0","1",",0","1",",0","0",",0","0",",0","0",",0","0",",0","0",",0","0",",0","30",",0","0",",0","","","19551130",",,0","19551130","+,,0","19551130","+,,0","","","19551128",",,0","19551126",",,0","7.8",",0,30,","0",",,0,30,+","0",",,0,30,+","11.9",",,0,28,","28.9",",0,26,","2.5","0","2.5",",0","11.9",",,,0","0",",,,0","23.85",",0","27.06",",,,0","20.64",",,,0"
"USC00088841","1955-12","25.0069","-80.5211","1.5","TAVERNIER, FL US","2447.5","0","112.8",",0","4",",0","4",",0","0",",0","0",",0","0",",0","0",",0","0",",0","0",",0","31",",0","0",",0","1","","19551201",",,0","19551231","+,,0","19551231","+,,0","","","19551203",",,0","19551206",",,0","10.0",",0,01,","0",",,0,31,+","0",",,0,31,+","20.1",",,0,03,","27.8",",0,06,","4.2","0","1.7",",0","36.6",",,,0","0",",,,0","21.92",",0","25.43",",,,0","18.41",",,,0"
"USC00088841","1956-01","25.0069","-80.5211","1.5","TAVERNIER, FL US","56.2","0","56.2",",0","1",",0","1",",0","0",",0","0",",0","0",",0","0",",0","0",",0","0",",0","21",",0","0",",0","","","19560115",",,0","19560131","+,,0","19560131","+,,0","","","19560121",",,0","19560124",",,0","6.1",",0,15,","0",",,0,31,+","0",",,0,31,+","8.6",",,0,21,","26.7",",0,24,","51.3","0","47.1",",0","8.6",",,,0","0",",,,0","18.63",",0","22.37",",,,0","14.88",",,,0"
"USC00088841","1956-02","25.0069","-80.5211","1.5","TAVERNIER, FL US","191.9","0","135.7",",0","1",",0","1",",0","0",",0","0",",0","0",",0","0",",0","0",",0","0",",0","29",",0","0",",0","","","19560229","+,,0","19560229","+,,0","19560229","+,,0","","","19560211",",,0","19560218",",,0","13.9",",0,29,+","0",",,0,29,+","0",",,0,29,+","18.8",",,0,11,","28.3",",0,18,","51.3","0","0.0",",0","18.8",",,,0","0",",,,0","23.01",",0","26.15",",,,0","19.87",",,,0"
"USC00088841","1956-03","25.0069","-80.5211","1.5","TAVERNIER, FL US","340.9","0","149.0",",0","0",",0","0",",0","0",",0","0",",0","0",",0","0",",0","0",",0","0",",0","31",",0","0",",0","","","19560321",",,0","19560331","+,,0","19560331","+,,0","","","19560313",",,0","19560316",",,0","6.7",",0,21,","0",",,0,31,+","0",",,0,31,+","0.0",",T,0,13,","29.4",",0,16,","55.5","0","4.2",",0","0.0",",T,,0","0",",,,0","23.00",",0","26.37",",,,0","19.64",",,,0"
"USC00088841","1956-04","25.0069","-80.5211","1.5","TAVERNIER, FL US","498.9","0","158.0","2,0","3",",0","3",",0","1",",0","0",",0","0",",0","0","1,0","0","1,0","0","1,0","29","1,0","0","1,0","","","19560410",",1,0","19560430","+,,0","19560430","+,,0","","","19560410",",,0","19560426","+,1,0","14.4","1,0,10,","0",",,0,30,+","0",",,0,30,+","36.1",",,0,10,","29.4","1,0,26,+","55.5","0","0.0","1,0","41.6",",,,0","0",",,,0","24.02","2,0","27.43","1,,,0","20.61","1,,,0"
"USC00088841","1956-05","25.0069","-80.5211","1.5","TAVERNIER, FL US","753.2","0","254.3","2,0","3",",0","1",",0","0",",0","0",",0","0",",0","0","2,0","0","2,0","0",",0","31",",0","0",",0","","","19560529",",2,0","19560531","+,,0","19560531","+,,0","","","19560508",",,0","19560516",",,0","21.7","2,0,29,","0",",,0,31,+","0",",,0,31,+","6.4",",,0,08,","31.7",",0,16,","55.5","0","0.0",",0","8.5",",,,0","0",",,,0","27.09","2,0","29.98",",,,0","24.21","2,,,0"
"USC00088841","1956-06","25.0069","-80.5211","1.5","TAVERNIER, FL US","1028.8","0","275.6",",0","6",",0","3",",0","2",",0","0",",0","0",",0","0",",0","0",",0","0",",0","30",",0","3",",0","","","19560618","+,,0","19560630","+,,0","19560630","+,,0","","","19560628",",,0","19560628","+,,0","21.7",",0,18,+","0",",,0,30,+","0",",,0,30,+","51.8",",,0,28,","32.2",",0,28,+","55.5","0","0.0",",0","110.9",",,,0","0",",,,0","27.52",",0","30.78",",,,0","24.26",",,,0"
"USC00088841","1956-07","25.0069","-80.5211","1.5","TAVERNIER, FL US","1364.7","0","335.9",",0","6",",0","4",",0","0",",0","0",",0","0",",0","0",",0","0",",0","0",",0","31",",0","17",",0","","","19560723","+,,0","19560731","+,,0","19560731","+,,0","","","19560723","+,,0","19560718",",,0","25.0",",0,23,+","0",",,0,31,+","0",",,0,31,+","5.1",",,0,23,+","33.9",",0,18,","0.0","0","0.0",",0","17.8",",,,0","0",",,,0","29.17",",0","32.01",",,,0","26.33",",,,0"
"USC00088841","1956-08","25.0069","-80.5211","1.5","TAVERNIER, FL US","1703.4","0","338.7","1,0","6",",0","3",",0","0",",0","0",",0","0",",0","0","1,0","0","1,0","0",",0","31",",0","30",",0","","","19560823",",1,0","19560831","+,,0","19560831","+,,0","1","","19560823",",,0","19560816","+,,0","23.9","1,0,23,","0",",,0,31,+","0",",,0,31,+","17.8",",,0,23,","33.9",",0,16,+","0.0","0","0.0",",0","38.2",",,,0","0",",,,0","29.61","1,0","32.79",",,,0","26.43","1,,,0"
"USC00088841","1956-09","25.0069","-80.5211","1.5","TAVERNIER, FL US","1970.2","0","266.8",",0","20",",0","19",",0","5",",0","0",",0","0",",0","0",",0","0",",0","0",",0","30",",0","3",",0","","","19560928","+,,0","19560930","+,,0","19560930","+,,0","2","","19560903",",,0","19560901",",,0","22.2",",0,28,+","0",",,0,30,+","0",",,0,30,+","43.9",",,0,03,","32.8",",0,01,","0.0","0","0.0",",0","314.8",",,,0","0",",,,0","27.23",",0","30.17",",,,0","24.28",",,,0"
"USC00088841","1956-10","25.0069","-80.5211","1.5","TAVERNIER, FL US","2205.0","0","234.8",",0","12","1,0","11","1,0","4","1,0","0",",0","0",",0","0",",0","0",",0","0",",0","31",",0","0",",0","","","19561018",",,0","19561031","+,,0","19561031","+,,0","","","19561026",",1,0","19561004",",,0","20.0",",0,18,","0",",,0,31,+","0",",,0,31,+","55.9","1,,0,26,","31.1",",0,04,","0.0","0","0.0",",0","240.5","1,,,0","0",",,,0","25.91",",0","28.85",",,,0","22.96",",,,0"
"USC00088841","1956-11","25.0069","-80.5211","1.5","TAVERNIER, FL US","2327.0","0","122.0",",0","2","1,0","2","1,0","0","1,0","0",",0","0",",0","0",",0","0",",0","0",",0","30",",0","0",",0","","","19561128",",,0","19561130","+,,0","19561130","+,,0","","","19561119",",1,0","19561101",",,0","10.0",",0,28,","0",",,0,30,+","0",",,0,30,+","6.4","1,,0,19,","29.4",",0,01,","5.0","0","5.0",",0","10.2","1,,,0","0",",,,0","22.23",",0","25.92",",,,0","18.54",",,,0"
"USC00088841","1956-12","25.0069","-80.5211","1.5","TAVERNIER, FL US","2455.2","0","128.2",",0","4",",0","3",",0","0",",0","0",",0","0",",0","0",",0","0",",0","0",",0","28",",0","0",",0","","","19561231","+,,0","19561231","+,,0","19561231","+,,0","","","19561229",",,0","19561224","+,,0","9.4",",0,31,+","0",",,0,31,+","0",",,0,31,+","17.3",",,0,29,","27.8",",0,24,+","15.9","0","10.9",",0","24.9",",,,0","0",",,,0","22.12",",0","25.27",",,,0","18.97",",,,0"
"USC00088841","1957-01","25.0069","-80.5211","1.5","TAVERNIER, FL US","117.3","0","117.3",",0","3",",0","2",",0","0",",0","0",",0","0",",0","0",",0","0",",0","0",",0","31",",0","0",",0","","","19570119",",,0","19570131","+,,0","19570131","+,,0","","","19570131",",,0","19570130",",,0","8.3",",0,19,","0",",,0,31,+","0",",,0,31,+","4.3",",,0,31,","30.6",",0,30,","19.8","0","3.9",",0","7.8",",,,0","0",",,,0","21.99",",0","25.64",",,,0","18.35",",,,0"
"USC00088841","1957-02","25.0069","-80.5211","1.5","TAVERNIER, FL US","249.4","0","132.1","1,0","9",",0","6",",0","2",",0","0",",0","0",",0","0","1,0","0","1,0","0","1,0","27","1,0","0","1,0","","","19570224","+,1,0","19570228","+,,0","19570228","+,,0","","","19570227",",,0","19570221","+,1,0","15.6","1,0,24,+","0",",,0,28,+","0",",,0,28,+","33.0",",,0,27,","27.8","1,0,21,+","19.8","0","0.0","1,0","109.6",",,,0","0",",,,0","23.22","1,0","26.42","1,,,0","20.03","1,,,0"
"USC00088841","1957-03","25.0069","-80.5211","1.5","TAVERNIER, FL US","391.1","0","141.7",",0","3",",0","3",",0","0",",0","0",",0","0",",0","0",",0","0",",0","0",",0","30",",0","0",",0","","","19570310",",,0","19570331","+,,0","19570331","+,,0","","","19570306",",,0","19570318",",,0","11.1",",0,10,","0",",,0,31,+","0",",,0,31,+","23.9",",,0,06,","30.6",",0,18,","23.7","0","3.9",",0","37.3",",,,0","0",",,,0","22.78",",0","26.23",",,,0","19.32",",,,0"
"USC00088841","1957-04","25.0069","-80.5211","1.5","TAVERNIER, FL US","601.5","0","210.4",",0","5",",0","5",",0","1",",0","0",",0","0",",0","0",",0","0",",0","0",",0","30",",0","0",",0","","","19570427","+,,0","19570430","+,,0","19570430","+,,0","","","19570429",",,0","19570412",",,0","18.9",",0,27,+","0",",,0,30,+","0",",,0,30,+","38.1",",,0,29,","31.1",",0,12,","23.7","0","0.0",",0","58.4",",,,0","0",",,,0","25.35",",0","28.44",",,,0","22.26",",,,0"
"USC00088841","1957-05","25.0069","-80.5211","1.5","TAVERNIER, FL US","859.9","0","258.4",",0","10","2,0","10","2,0","1","2,0","0",",0","0",",0","0",",0","0",",0","0",",0","31",",0","0",",0","","","19570504",",,0","19570531","+,,0","19570531","+,,0","1","","19570504",",2,0","19570522","+,,0","20.0",",0,04,","0",",,0,31,+","0",",,0,31,+","50.8","2,,0,04,","31.1",",0,22,+","23.7","0","0.0",",0","127.8","2,,,0","0",",,,0","26.67",",0","29.56",",,,0","23.78",",,,0"
"USC00088841","1957-06","25.0069","-80.5211","1.5","TAVERNIER, FL US","1152.8","0","292.9",",0","9",",0","7",",0","1",",0","0",",0","0",",0","0",",0","0",",0","0",",0","30",",0","3",",0","","","19570625","+,,0","19570630","+,,0","19570630","+,,0","","","19570621",",,0","19570611","+,,0","22.2",",0,25,+","0",",,0,30,+","0",",,0,30,+","36.8",",,0,21,","32.2",",0,11,+","23.7","0","0.0",",0","87.5",",,,0","0",",,,0","28.10",",0","31.08",",,,0","25.11",",,,0"
"USC00088841","1957-07","25.0069","-80.5211","1.5","TAVERNIER, FL US","1461.8","0","309.0","2,0","10",",0","8",",0","2",",0","0",",0","0",",0","0","2,0","0","2,0","0",",0","31",",0","21",",0","","","19570729","+,2,0","19570731","+,,0","19570731","+,,0","","","19570729",",,0","19570731","+,,0","22.8","2,0,29,+","0",",,0,31,+","0",",,0,31,+","51.8",",,0,29,","32.8",",0,31,+","0.0","0","0.0",",0","161.4",",,,0","0",",,,0","28.98","2,0","32.10",",,,0","25.87","2,,,0"
"USC00088841","1957-08","25.0069","-80.5211","1.5","TAVERNIER, FL US","1789.1","0","327.3",",0","8",",0","8",",0","2",",0","0",",0","0",",0","0",",0","0",",0","0",",0","31",",0","20",",0","","","19570827",",,0","19570831","+,,0","19570831","+,,0","1","","19570828",",,0","19570814",",,0","21.7",",0,27,","0",",,0,31,+","0",",,0,31,+","71.1",",,0,28,","36.7",",0,14,","0.0","0","0.0",",0","152.4",",,,0","0",",,,0","28.89",",0","32.12",",,,0","25.66",",,,0"
"USC00088841","1957-09","25.0069","-80.5211","1.5","TAVERNIER, FL US","2076.3","0","287.2",",0","18",",0","12",",0","1",",0","0",",0","0",",0","0",",0","0",",0","0",",0","30",",0","1",",0","","","19570912",",,0","19570930","+,,0","19570930","+,,0","3","","19570927",",,0","19570906",",,0","21.1",",0,12,","0",",,0,30,+","0",",,0,30,+","62.2",",,0,27,","32.2",",0,06,","0.0","0","0.0",",0","170.6",",,,0","0",",,,0","27.91",",0","30.69",",,,0","25.12",",,,0"
"USC00088841","1957-10","25.0069","-80.5211","1.5","TAVERNIER, FL US","2289.3","0","213.0",",0","10",",0","9",",0","2",",0","0",",0","0",",0","0",",0","0",",0","0",",0","31",",0","0",",0","","","19571028",",,0","19571031","+,,0","19571031","+,,0","","","19571005",",,0","19571002",",,0","13.9",",0,28,","0",",,0,31,+","0",",,0,31,+","52.1",",,0,05,","31.1",",0,02,","0.0","0","0.0",",0","169.0",",,,0","0",",,,0","25.20",",0","28.38",",,,0","22.03",",,,0"
"USC00088841","1957-11","25.0069","-80.5211","1.5","TAVERNIER, FL US","2484.9","0","195.6",",0","2",",0","2",",0","1",",0","0",",0","0",",0","0",",0","0",",0","0",",0","30",",0","0",",0","","","19571102",",,0","19571130","+,,0","19571130","+,,0","","","19571119",",,0","19571121","+,,0","16.1",",0,02,","0",",,0,30,+","0",",,0,30,+","31.8",",,0,19,","29.4",",0,21,+","0.0","0","0.0",",0","34.3",",,,0","0",",,,0","24.85",",0","27.64",",,,0","22.07",",,,0"
"USC00088841","1957-12","25.0069","-80.5211","1.5","TAVERNIER, FL US","2559.1","0","74.2","1,0","8",",0","8",",0","2",",0","0",",0","0",",0","0",",0","0",",0","0","1,0","28","1,0","0","1,0","","","19571212",",,0","19571231","+,,0","19571231","+,,0","","","19571224",",,0","19571220",",1,0","3.9",",0,12,","0",",,0,31,+","0",",,0,31,+","86.4",",,0,24,","26.1","1,0,20,","21.2","0","21.2","1,0","173.6",",,,0","0",",,,0","20.03","1,0","23.65","1,,,0","16.42",",,,0"
"USC00088841","1958-01","25.0069","-80.5211","1.5","TAVERNIER, FL US","31.3","0","31.3",",0","7",",0","7",",0","3",",0","0",",0","0",",0","0",",0","0",",0","0",",0","21",",0","0",",0","","","19580109",",,0","19580131","+,,0","19580131","+,,0","","","19580102",",,0","19580101",",,0","6.7",",0,09,","0",",,0,31,+","0",",,0,31,+","139.7",",,0,02,","25.6",",0,01,","56.5","0","35.3",",0","280.9",",,,0","0",",,,0","18.20",",0","21.51",",,,0","14.89",",,,0"
"USC00088841","1958-02","25.0069","-80.5211","1.5","TAVERNIER, FL US","64.7","0","33.4",",0","2",",0","2",",0","1",",0","0",",0","0",",0","0",",0","0",",0","0",",0","16",",0","0",",0","1","","19580205",",,0","19580228","+,,0","19580228","+,,0","","","19580207",",,0","19580228",",,0","5.0",",0,05,","0",",,0,28,+","0",",,0,28,+","34.0",",,0,07,","27.8",",0,28,","116.1","0","59.6",",0","40.9",",,,0","0",",,,0","17.40",",0","21.39",",,,0","13.40",",,,0"
"USC00088841","1958-03","25.0069","-80.5211","1.5","TAVERNIER, FL US","194.5","0","129.8",",0","6",",0","6",",0","2",",0","0",",0","0",",0","0",",0","0",",0","0",",0","29",",0","0",",0","","","19580321",",,0","19580331","+,,0","19580331","+,,0","1","","19580330",",,0","19580308",",,0","11.1",",0,21,","0",",,0,31,+","0",",,0,31,+","35.6",",,0,30,","29.4",",0,08,","120.2","0","4.1",",0","124.0",",,,0","0",",,,0","22.39",",0","25.50",",,,0","19.27",",,,0"
"USC00088841","1958-04","25.0069","-80.5211","1.5","TAVERNIER, FL US","383.2","0","188.7",",0","5",",0","5",",0","0",",0","0",",0","0",",0","0",",0","0",",0","0",",0","30",",0","0",",0","","","19580417","+,,0","19580430","+,,0","19580430","+,,0","","","19580403",",,0","19580411",",,0","16.1",",0,17,+","0",",,0,30,+","0",",,0,30,+","20.6",",,0,03,","30.0",",0,11,","120.2","0","0.0",",0","53.4",",,,0","0",",,,0","24.62",",0","27.70",",,,0","21.55",",,,0"
"USC00088841","1958-05","25.0069","-80.5211","1.5","TAVERNIER, FL US","620.7","0","237.5",",0","13",",0","11",",0","3",",0","0",",0","0",",0","0",",0","0",",0","0",",0","31",",0","0",",0","","","19580513",",,0","19580531","+,,0","19580531","+,,0","","","19580524",",,0","19580531",",,0","16.7",",0,13,","0",",,0,31,+","0",",,0,31,+","102.9",",,0,24,","31.7",",0,31,","120.2","0","0.0",",0","271.9",",,,0","0",",,,0","26.00",",0","28.94",",,,0","23.05",",,,0"
"USC00088841","1958-06","25.0069","-80.5211","1.5","TAVERNIER, FL US","920.5","0","299.8",",0","6",",0","5",",0","1",",0","0",",0","0",",0","0",",0","0",",0","0",",0","30",",0","7",",0","","","19580617","+,,0","19580630","+,,0","19580630","+,,0","","","19580613",",,0","19580629","+,,0","23.3",",0,17,+","0",",,0,30,+","0",",,0,30,+","26.7",",,0,13,","32.2",",0,29,+","120.2","0","0.0",",0","76.8",",,,0","0",",,,0","28.33",",0","30.94",",,,0","25.71",",,,0"
"USC00088841","1958-07","25.0069","-80.5211","1.5","TAVERNIER, FL US","1239.2","0","318.7",",0","13",",0","11",",0","3",",0","0",",0","0",",0","0",",0","0",",0","0",",0","31",",0","9",",0","","","19580713","+,,0","19580731","+,,0","19580731","+,,0","","","19580703",",,0","19580731","+,,0","22.8",",0,13,+","0",",,0,31,+","0",",,0,31,+","85.9",",,0,03,","32.8",",0,31,+","0.0","0","0.0",",0","227.5",",,,0","0",",,,0","28.61",",0","31.44",",,,0","25.78",",,,0"
"USC00088841","1958-08","25.0069","-80.5211","1.5","TAVERNIER, FL US","1574.9","0","335.7",",0","11",",0","9",",0","2",",0","0",",0","0",",0","0",",0","0",",0","0",",0","31",",0","25",",0","","","19580825",",,0","19580831","+,,0","19580831","+,,0","","","19580831",",,0","19580821",",,0","22.2",",0,25,","0",",,0,31,+","0",",,0,31,+","78.7",",,0,31,","35.0",",0,21,","0.0","0","0.0",",0","163.1",",,,0","0",",,,0","29.16",",0","32.81",",,,0","25.51",",,,0"
"USC00088841","1958-09","25.0069","-80.5211","1.5","TAVERNIER, FL US","1880.8","0","305.9",",0","10","1,0","8","1,0","1","1,0","0",",0","0",",0","0",",0","0",",0","0",",0","30",",0","5",",0","","","19580913","+,,0","19580930","+,,0","19580930","+,,0","","","19580913",",1,0","19580930",",,0","22.8",",0,13,+","0",",,0,30,+","0",",,0,30,+","35.6","1,,0,13,","32.8",",0,30,","0.0","0","0.0",",0","83.1","1,,,0","0",",,,0","28.53",",0","31.29",",,,0","25.77",",,,0"
"USC00088841","1958-10","25.0069","-80.5211","1.5","TAVERNIER, FL US","2123.1","0","242.3",",0","10",",0","9",",0","0",",0","0",",0","0",",0","0",",0","0",",0","0",",0","31",",0","3",",0","","","19581028",",,0","19581031","+,,0","19581031","+,,0","","","19581031","+,,0","19581002",",,0","18.3",",0,28,","0",",,0,31,+","0",",,0,31,+","24.1",",,0,31,+","32.8",",0,02,","0.0","0","0.0",",0","114.8",",,,0","0",",,,0","26.15",",0","29.26",",,,0","23.04",",,,0"
"USC00088841","1958-11","25.0069","-80.5211","1.5","TAVERNIER, FL US","2347.4","0","224.3",",0","7",",0","5",",0","0",",0","0",",0","0",",0","0",",0","0",",0","0",",0","30",",0","0",",0","","","19581130","+,,0","19581130","+,,0","19581130","+,,0","","","19581130",",,0","19581129",",,0","20.6",",0,30,+","0",",,0,30,+","0",",,0,30,+","11.7",",,0,30,","30.6",",0,29,","0.0","0","0.0",",0","31.0",",,,0","0",",,,0","25.81",",0","28.47",",,,0","23.15",",,,0"
"USC00088841","1958-12","25.0069","-80.5211","1.5","TAVERNIER, FL US","2458.6","0","111.2",",0","14",",0","11",",0","3",",0","0",",0","0",",0","0",",0","0",",0","0",",0","28",",0","0",",0","","","19581219","+,,0","19581231","+,,0","19581231","+,,0","","","19581215",",,0","19581228","+,,0","12.2",",0,19,+","0",",,0,31,+","0",",,0,31,+","73.7",",,0,15,","27.8",",0,28,+","3.9","0","3.9",",0","222.6",",,,0","0",",,,0","21.79",",0","25.06",",,,0","18.52",",,,0"
"USC00088841","1959-01","25.0069","-80.5211","1.5","TAVERNIER, FL US","94.1","0","94.1",",0","6",",0","6",",0","0",",0","0",",0","0",",0","0",",0","0",",0","0",",0","28",",0","0",",0","1","","19590111",",,0","19590131","+,,0","19590131","+,,0","","","19590125",",,0","19590131","+,,0","7.8",",0,11,","0",",,0,31,+","0",",,0,31,+","13.7",",,0,25,","27.2",",0,31,+","25.8","0","21.9",",0","34.5",",,,0","0",",,,0","20.66",",0","24.01",",,,0","17.32",",,,0"
"USC00088841","1959-02","25.0069","-80.5211","1.5","TAVERNIER, FL US","284.1","0","190.0",",0","4",",0","3",",0","1",",0","0",",0","0",",0","0",",0","0",",0","0",",0","28",",0","0",",0","","","19590221",",,0","19590228","+,,0","19590228","+,,0","","","19590207",",,0","19590227","+,,0","17.8",",0,21,","0",",,0,28,+","0",",,0,28,+","33.0",",,0,07,","29.4",",0,27,+","25.8","0","0.0",",0","46.3",",,,0","0",",,,0","25.12",",0","27.54",",,,0","22.69",",,,0"
"USC00088841","1959-03","25.0069","-80.5211","1.5","TAVERNIER, FL US","428.8","0","144.7",",0","6","1,0","5","1,0","0","1,0","0",",0","0",",0","0",",0","0",",0","0",",0","31",",0","0",",0","","","19590313",",,0","19590331","+,,0","19590331","+,,0","","","19590319",",1,0","19590331",",,0","10.6",",0,13,","0",",,0,31,+","0",",,0,31,+","24.1","1,,0,19,","29.4",",0,31,","27.5","0","1.7",",0","63.3","1,,,0","0",",,,0","22.95",",0","26.41",",,,0","19.48",",,,0"
"USC00088841","1959-04","25.0069","-80.5211","1.5","TAVERNIER, FL US","633.0","0","204.2",",0","2",",0","2",",0","0",",0","0",",0","0",",0","0",",0","0",",0","0",",0","30",",0","0",",0","","","19590415",",,0","19590430","+,,0","19590430","+,,0","","","19590422",",,0","19590413",",,0","14.4",",0,15,","0",",,0,30,+","0",",,0,30,+","21.6",",,0,22,","31.1",",0,13,","27.5","0","0.0",",0","24.1",",,,0","0",",,,0","25.14",",0","28.31",",,,0","21.96",",,,0"
"USC00088841","1959-05","25.0069","-80.5211","1.5","TAVERNIER, FL US","889.8","0","256.8",",0","9","1,0","5","1,0","3","1,0","0",",0","0",",0","0",",0","0",",0","0",",0","31",",0","0",",0","","","19590505",",,0","19590531","+,,0","19590531","+,,0","","","19590520",",1,0","19590519","+,,0","19.4",",0,05,","0",",,0,31,+","0",",,0,31,+","94.0","1,,0,20,","31.1",",0,19,+","27.5","0","0.0",",0","248.7","1,,,0","0",",,,0","26.62",",0","29.25",",,,0","23.98",",,,0"
"USC00088841","1959-06","25.0069","-80.5211","1.5","TAVERNIER, FL US","1176.0","0","286.2",",0","11",",0","8",",0","5",",0","0",",0","0",",0","0",",0","0",",0","0",",0","30",",0","4",",0","","","19590617","+,,0","19590630","+,,0","19590630","+,,0","","","19590618",",,0","19590629",",,0","22.2",",0,17,+","0",",,0,30,+","0",",,0,30,+","43.2",",,0,18,","33.3",",0,29,","27.5","0","0.0",",0","200.8",",,,0","0",",,,0","27.87",",0","30.87",",,,0","24.87",",,,0"
"USC00088841","1959-07","25.0069","-80.5211","1.5","TAVERNIER, FL US","1474.4","0","298.4",",0","17",",0","16",",0","4",",0","0",",0","0",",0","0",",0","0",",0","0",",0","31",",0","3",",0","","","19590714",",,0","19590731","+,,0","19590731","+,,0","","","19590719",",,0","19590704",",,0","21.7",",0,14,","0",",,0,31,+","0",",,0,31,+","43.7",",,0,19,","33.3",",0,04,","0.0","0","0.0",",0","265.8",",,,0","0",",,,0","27.96",",0","31.18",",,,0","24.74",",,,0"
"USC00088841","1959-08","25.0069","-80.5211","1.5","TAVERNIER, FL US","1774.3","0","299.9",",0","16",",0","12",",0","1",",0","0",",0","0",",0","0",",0","0",",0","0",",0","31",",0","4",",0","","","19590804",",,0","19590831","+,,0","19590831","+,,0","1","","19590806",",,0","19590830","+,,0","21.7",",0,04,","0",",,0,31,+","0",",,0,31,+","25.9",",,0,06,","32.2",",0,30,+","0.0","0","0.0",",0","150.4",",,,0","0",",,,0","28.01",",0","31.18",",,,0","24.84",",,,0"
"USC00088841","1959-09","25.0069","-80.5211","1.5","TAVERNIER, FL US","2052.3","0","278.0",",0","15",",0","15",",0","4",",0","0",",0","0",",0","0",",0","0",",0","0",",0","30",",0","3",",0","","","19590902",",,0","19590930","+,,0","19590930","+,,0","","","19590921",",,0","19590927","+,,0","21.7",",0,02,","0",",,0,30,+","0",",,0,30,+","71.1",",,0,21,","32.2",",0,27,+","0.0","0","0.0",",0","294.2",",,,0","0",",,,0","27.60",",0","30.90",",,,0","24.30",",,,0"
"USC00088841","1959-10","25.0069","-80.5211","1.5","TAVERNIER, FL US","2333.2","0","280.9",",0","15","2,0","13","2,0","1","2,0","0",",0","0",",0","0",",0","0",",0","0",",0","31",",0","0",",0","","","19591027","+,,0","19591031","+,,0","19591031","+,,0","","","19591017",",2,0","19591003","+,,0","20.0",",0,27,+","0",",,0,31,+","0",",,0,31,+","27.9","2,,0,17,","31.7",",0,03,+","0.0","0","0.0",",0","142.3","2,,,0","0",",,,0","27.40",",0","30.17",",,,0","24.62",",,,0"
"USC00088841","1959-11","25.0069","-80.5211","1.5","TAVERNIER, FL US","2517.0","0","183.8",",0","5","1,0","5","1,0","0","1,0","0",",0","0",",0","0",",0","0",",0","0",",0","29",",0","0",",0","","","19591130",",,0","19591130","+,,0","19591130","+,,0","","","19591119",",1,0","19591105","+,,0","7.8",",0,30,","0",",,0,30,+","0",",,0,30,+","17.8","1,,0,19,","30.0",",0,05,+","5.8","0","5.8",",0","57.1","1,,,0","0",",,,0","24.27",",0","27.15",",,,0","21.39",",,,0"
"USC00088841","1959-12","25.0069","-80.5211","1.5","TAVERNIER, FL US","2603.0","0","86.0",",0","4",",0","3",",0","0",",0","0",",0","0",",0","0",",0","0",",0","0",",0","30",",0","0",",0","","","19591208",",,0","19591231","+,,0","19591231","+,,0","","","19591224",",,0","19591212",",,0","9.4",",0,08,","0",",,0,31,+","0",",,0,31,+","24.1",",,0,24,","27.2",",0,12,","17.2","0","11.4",",0","36.3",",,,0","0",",,,0","20.74",",0","24.14",",,,0","17.34",",,,0"
"USC00088841","1960-01","25.0069","-80.5211","1.5","TAVERNIER, FL US","108.5","0","108.5",",0","2",",0","1",",0","0",",0","0",",0","0",",0","0",",0","0",",0","0",",0","27",",0","0",",0","","","19600122",",,0","19600131","+,,0","19600131","+,,0","","","19600119",",,0","19600107",",,0","5.6",",0,22,","0",",,0,31,+","0",",,0,31,+","5.1",",,0,19,","28.3",",0,07,","44.4","0","27.2",",0","7.1",",,,0","0",",,,0","20.95",",0","24.45",",,,0","17.46",",,,0"
"USC00088841","1960-02","25.0069","-80.5211","1.5","TAVERNIER, FL US","201.1","0","92.6",",0","2","3,0","2","3,0","0","3,0","0",",0","0",",0","0",",0","0",",0","0",",0","28",",0","0",",0","","","19600220","+,,0","19600229","+,,0","19600229","+,,0","","","19600213",",3,0","19600225","+,,0","11.1",",0,20,+","0",",,0,29,+","0",",,0,29,+","7.6","3,,0,13,","27.8",",0,25,+","55.2","0","10.8",",0","11.4","3,,,0","0",",,,0","21.15",",0","24.99",",,,0","17.32",",,,0"
"USC00088841","1960-03","25.0069","-80.5211","1.5","TAVERNIER, FL US","303.4","0","102.3",",0","2",",0","2",",0","0",",0","0",",0","0",",0","0",",0","0",",0","0",",0","29",",0","0",",0","","","19600304",",,0","19600331","+,,0","19600331","+,,0","","","19600318",",,0","19600330",",,0","8.9",",0,04,","0",",,0,31,+","0",",,0,31,+","13.2",",,0,18,","28.9",",0,30,","66.6","0","11.4",",0","18.3",",,,0","0",",,,0","21.26",",0","25.25",",,,0","17.27",",,,0"
"USC00088841","1960-04","25.0069","-80.5211","1.5","TAVERNIER, FL US","481.4","0","178.0","1,0","8",",0","6",",0","2",",0","0",",0","0",",0","0","1,0","0","1,0","0",",0","30",",0","0",",0","","","19600411",",1,0","19600430","+,,0","19600430","+,,0","","","19600420",",,0","19600428",",,0","16.1","1,0,11,","0",",,0,30,+","0",",,0,30,+","85.1",",,0,20,","30.0",",0,28,","66.6","0","0.0",",0","165.1",",,,0","0",",,,0","24.48","1,0","27.48",",,,0","21.47","1,,,0"
"USC00088841","1960-05","25.0069","-80.5211","1.5","TAVERNIER, FL US","709.6","0","228.2",",0","6","1,0","6","1,0","3","1,0","0",",0","0",",0","0",",0","0",",0","0",",0","31",",0","0",",0","","","19600511",",,0","19600531","+,,0","19600531","+,,0","","","19600530",",1,0","19600527","+,,0","17.2",",0,11,","0",",,0,31,+","0",",,0,31,+","69.9","1,,0,30,","30.6",",0,27,+","66.6","0","0.0",",0","209.1","1,,,0","0",",,,0","25.70",",0","28.79",",,,0","22.60",",,,0"
"USC00088841","1960-06","25.0069","-80.5211","1.5","TAVERNIER, FL US","991.9","0","282.3",",0","7",",0","5",",0","1",",0","0",",0","0",",0","0",",0","0",",0","0",",0","30",",0","2",",0","","","19600610",",,0","19600630","+,,0","19600630","+,,0","","","19600602",",,0","19600624","+,,0","20.6",",0,10,","0",",,0,30,+","0",",,0,30,+","72.4",",,0,02,","32.2",",0,24,+","66.6","0","0.0",",0","114.6",",,,0","0",",,,0","27.74",",0","30.56",",,,0","24.93",",,,0"
"USC00088841","1960-07","25.0069","-80.5211","1.5","TAVERNIER, FL US","1324.9","0","333.0",",0","15",",0","10",",0","1",",0","0",",0","0",",0","0",",0","0",",0","0",",0","31",",0","25",",0","","","19600728","+,,0","19600731","+,,0","19600731","+,,0","","","19600730",",,0","19600711",",,0","23.9",",0,28,+","0",",,0,31,+","0",",,0,31,+","26.7",",,0,30,","33.3",",0,11,","0.0","0","0.0",",0","98.1",",,,0","0",",,,0","29.07",",0","32.20",",,,0","25.95",",,,0"
"USC00088841","1960-08","25.0069","-80.5211","1.5","TAVERNIER, FL US","1648.1","0","323.2",",0","12",",0","9",",0","1",",0","0",",0","0",",0","0",",0","0",",0","0",",0","31",",0","12",",0","","","19600831","+,,0","19600831","+,,0","19600831","+,,0","","","19600830",",,0","19600821",",,0","22.2",",0,31,+","0",",,0,31,+","0",",,0,31,+","37.3",",,0,30,","32.8",",0,21,","0.0","0","0.0",",0","121.2",",,,0","0",",,,0","28.76",",0","31.56",",,,0","25.95",",,,0"
"USC00088841","1960-09","25.0069","-80.5211","1.5","TAVERNIER, FL US","","","","","","","","","","","0",",0","0",",0","","","","","","","","","","","","","","","19600930","+,,0","19600930","+,,0","","","","","","","","","0",",,0,30,+","0",",,0,30,+","","","","","","","","","","","0",",,,0","","","","","",""
"USC00088841","1960-10","25.0069","-80.5211","1.5","TAVERNIER, FL US","","","282.2",",0","14","3,0","12","3,0","1","3,0","0",",0","0",",0","0",",0","0",",0","0",",0","31",",0","1",",0","","","19601011",",,0","19601031","+,,0","19601031","+,,0","","","19601027",",3,0","19601021",",,0","21.7",",0,11,","0",",,0,31,+","0",",,0,31,+","28.4","3,,0,27,","32.8",",0,21,","","","0.0",",0","199.9","1,a,,0","0",",,,0","27.44",",0","30.11",",,,0","24.76",",,,0"
"USC00088841","1960-11","25.0069","-80.5211","1.5","TAVERNIER, FL US","","","192.8",",0","5",",0","4",",0","1",",0","0",",0","0",",0","0",",0","0",",0","0",",0","30",",0","0",",0","","","19601108",",,0","19601130","+,,0","19601130","+,,0","","","19601101",",,0","19601130","+,,0","17.8",",0,08,","0",",,0,30,+","0",",,0,30,+","27.7",",,0,01,","28.3",",0,30,+","","","0.0",",0","55.6",",,,0","0",",,,0","24.76",",0","26.98",",,,0","22.54",",,,0"
"USC00088841","1960-12","25.0069","-80.5211","1.5","TAVERNIER, FL US","","","69.0",",0","3","1,0","1","1,0","0","1,0","0",",0","0",",0","0",",0","0",",0","0",",0","27",",0","0",",0","","","19601222",",,0","19601231","+,,0","19601231","+,,0","","","19601215",",1,0","19601208",",,0","5.6",",0,22,","0",",,0,31,+","0",",,0,31,+","2.5","1,,0,15,","28.9",",0,08,","","","17.9",",0","4.3","1,,,0","0",",,,0","19.98",",0","23.63",",,,0","16.34",",,,0"
"USC00088841","1961-01","25.0069","-80.5211","1.5","TAVERNIER, FL US","58.2","0","58.2",",0","7",",0","5",",0","1",",0","0",",0","0",",0","0",",0","0",",0","0",",0","23",",0","0",",0","","","19610122",",,0","19610131","+,,0","19610131","+,,0","","","19610112",",,0","19610102",",,0","7.8",",0,22,","0",",,0,31,+","0",",,0,31,+","46.0",",,0,12,","27.2",",0,02,","","","30.0",",0","92.0",",,,0","0",",,,0","19.24",",0","22.81",",,,0","15.68",",,,0"
"USC00088841","1961-02","25.0069","-80.5211","1.5","TAVERNIER, FL US","171.0","0","112.8",",0","3",",0","3",",0","1",",0","0",",0","0",",0","0",",0","0",",0","0",",0","26",",0","0",",0","","","19610212",",,0","19610228","+,,0","19610228","+,,0","","","19610203",",,0","19610225",",,0","10.0",",0,12,","0",",,0,28,+","0",",,0,28,+","29.5",",,0,03,","28.3",",0,25,","","","9.2",",0","44.8",",,,0","0",",,,0","22.03",",0","24.71",",,,0","19.36",",,,0"
"USC00088841","1961-03","25.0069","-80.5211","1.5","TAVERNIER, FL US","355.3","0","184.3",",0","3",",0","3",",0","0",",0","0",",0","0",",0","0",",0","0",",0","0",",0","30",",0","0",",0","","","19610310",",,0","19610331","+,,0","19610331","+,,0","","","19610318",",,0","19610331","+,,0","11.1",",0,10,","0",",,0,31,+","0",",,0,31,+","13.7",",,0,18,","29.4",",0,31,+","","","3.6",",0","39.6",",,,0","0",",,,0","24.16",",0","27.20",",,,0","21.13",",,,0"
"USC00088841","1961-04","25.0069","-80.5211","1.5","TAVERNIER, FL US","552.9","0","197.6",",0","1",",0","1",",0","0",",0","0",",0","0",",0","0",",0","0",",0","0",",0","30",",0","0",",0","","","19610405",",,0","19610430","+,,0","19610430","+,,0","","","19610401",",,0","19610429",",,0","13.9",",0,05,","0",",,0,30,+","0",",,0,30,+","2.5",",,0,01,","31.7",",0,29,","","","0.0",",0","2.5",",,,0","0",",,,0","24.92",",0","28.08",",,,0","21.76",",,,0"
"USC00088841","1961-05","25.0069","-80.5211","1.5","TAVERNIER, FL US","789.1","0","236.2",",0","5",",0","5",",0","3",",0","0",",0","0",",0","0",",0","0",",0","0",",0","31",",0","0",",0","","","19610512","+,,0","19610531","+,,0","19610531","+,,0","","","19610502",",,0","19610528","+,,0","18.9",",0,12,+","0",",,0,31,+","0",",,0,31,+","148.3",",,0,02,","30.6",",0,28,+","","","0.0",",0","326.8",",,,0","0",",,,0","25.95",",0","29.00",",,,0","22.91",",,,0"
"USC00088841","1961-06","25.0069","-80.5211","1.5","TAVERNIER, FL US","1065.3","0","276.2","1,0","8",",0","6",",0","1",",0","0",",0","0",",0","0","1,0","0","1,0","0",",0","30",",0","2",",0","","","19610628",",1,0","19610630","+,,0","19610630","+,,0","","","19610628",",,0","19610622","+,,0","21.7","1,0,28,","0",",,0,30,+","0",",,0,30,+","38.1",",,0,28,","32.2",",0,22,+","","","0.0",",0","96.5",",,,0","0",",,,0","27.85","1,0","30.51",",,,0","25.19","1,,,0"
"USC00088841","1961-07","25.0069","-80.5211","1.5","TAVERNIER, FL US","1390.3","0","325.0",",0","8",",0","8",",0","0",",0","0",",0","0",",0","0",",0","0",",0","0",",0","31",",0","5",",0","","","19610727",",,0","19610731","+,,0","19610731","+,,0","","","19610724","+,,0","19610714","+,,0","22.8",",0,27,","0",",,0,31,+","0",",,0,31,+","7.6",",,0,24,+","32.8",",0,14,+","0.0","0","0.0",",0","43.4",",,,0","0",",,,0","28.82",",0","31.42",",,,0","26.21",",,,0"
"USC00088841","1961-08","25.0069","-80.5211","1.5","TAVERNIER, FL US","1715.1","0","324.8",",0","8",",0","8",",0","1",",0","0",",0","0",",0","0",",0","0",",0","0",",0","31",",0","7",",0","","","19610822","+,,0","19610831","+,,0","19610831","+,,0","","","19610816",",,0","19610828","+,,0","23.3",",0,22,+","0",",,0,31,+","0",",,0,31,+","26.7",",,0,16,","32.2",",0,28,+","0.0","0","0.0",",0","73.9",",,,0","0",",,,0","28.81",",0","31.72",",,,0","25.91",",,,0"
"USC00088841","1961-09","25.0069","-80.5211","1.5","TAVERNIER, FL US","2003.2","0","288.1",",0","6",",0","4",",0","1",",0","0",",0","0",",0","0",",0","0",",0","0",",0","30",",0","3",",0","","","19610917",",,0","19610930","+,,0","19610930","+,,0","","","19610917",",,0","19610915",",,0","21.1",",0,17,","0",",,0,30,+","0",",,0,30,+","42.2",",,0,17,","33.3",",0,15,","0.0","0","0.0",",0","55.9",",,,0","0",",,,0","27.94",",0","30.97",",,,0","24.91",",,,0"
"USC00088841","1961-10","25.0069","-80.5211","1.5","TAVERNIER, FL US","2228.3","0","225.1",",0","12",",0","7",",0","0",",0","0",",0","0",",0","0",",0","0",",0","0",",0","31",",0","0",",0","","","19611022",",,0","19611031","+,,0","19611031","+,,0","","","19611028",",,0","19611004","+,,0","15.6",",0,22,","0",",,0,31,+","0",",,0,31,+","21.6",",,0,28,","31.1",",0,04,+","0.0","0","0.0",",0","97.8",",,,0","0",",,,0","25.60",",0","28.93",",,,0","22.26",",,,0"
"USC00088841","1961-11","25.0069","-80.5211","1.5","TAVERNIER, FL US","2394.6","0","166.3",",0","1",",0","1",",0","0",",0","0",",0","0",",0","0",",0","0",",0","0",",0","30",",0","0",",0","","","19611130",",,0","19611130","+,,0","19611130","+,,0","","","19611124",",,0","19611107",",,0","15.0",",0,30,","0",",,0,30,+","0",",,0,30,+","8.1",",,0,24,","28.9",",0,07,","0.0","0","0.0",",0","8.1",",,,0","0",",,,0","23.88",",0","27.19",",,,0","20.57",",,,0"
"USC00088841","1961-12","25.0069","-80.5211","1.5","TAVERNIER, FL US","2520.2","0","125.6",",0","4",",0","4",",0","0",",0","0",",0","0",",0","0",",0","0",",0","0",",0","28",",0","0",",0","","","19611230",",,0","19611231","+,,0","19611231","+,,0","","","19611223",",,0","19611219","+,,0","7.8",",0,30,","0",",,0,31,+","0",",,0,31,+","16.8",",,0,23,","28.3",",0,19,+","20.9","0","20.9",",0","32.8",",,,0","0",",,,0","21.71",",0","25.09",",,,0","18.33",",,,0"
"USC00088841","1962-01","25.0069","-80.5211","1.5","TAVERNIER, FL US","98.8","0","98.8",",0","6",",0","4",",0","0",",0","0",",0","0",",0","0",",0","0",",0","0",",0","26",",0","0",",0","","","19620113",",,0","19620131","+,,0","19620131","+,,0","","","19620101",",,0","19620126","+,,0","7.2",",0,13,","0",",,0,31,+","0",",,0,31,+","21.8",",,0,01,","26.7",",0,26,+","43.9","0","23.0",",0","58.1",",,,0","0",",,,0","20.78",",0","24.23",",,,0","17.33",",,,0"
"USC00088841","1962-02","25.0069","-80.5211","1.5","TAVERNIER, FL US","216.4","0","117.6",",0","2",",0","2",",0","0",",0","0",",0","0",",0","0",",0","0",",0","0",",0","28",",0","0",",0","","","19620212",",,0","19620228","+,,0","19620228","+,,0","","","19620210",",,0","19620225","+,,0","12.8",",0,12,","0",",,0,28,+","0",",,0,28,+","8.1",",,0,10,","28.3",",0,25,+","44.5","0","0.6",",0","13.7",",,,0","0",",,,0","22.51",",0","26.25",",,,0","18.78",",,,0"
"USC00088841","1962-03","25.0069","-80.5211","1.5","TAVERNIER, FL US","356.5","0","140.1",",0","4",",0","3",",0","0",",0","0",",0","0",",0","0",",0","0",",0","0",",0","29",",0","0",",0","","","19620308",",,0","19620331","+,,0","19620331","+,,0","","","19620305",",,0","19620303",",,0","10.0",",0,08,","0",",,0,31,+","0",",,0,31,+","16.8",",,0,05,","31.1",",0,03,","51.1","0","6.6",",0","26.9",",,,0","0",",,,0","22.64",",0","26.29",",,,0","18.99",",,,0"
"USC00088841","1962-04","25.0069","-80.5211","1.5","TAVERNIER, FL US","519.2","0","162.7",",0","4",",0","3",",0","1",",0","0",",0","0",",0","0",",0","0",",0","0",",0","30",",0","0",",0","","","19620417",",,0","19620430","+,,0","19620430","+,,0","","","19620402",",,0","19620413",",,0","14.4",",0,17,","0",",,0,30,+","0",",,0,30,+","35.6",",,0,02,","29.4",",0,13,","51.1","0","0.0",",0","54.4",",,,0","0",",,,0","23.76",",0","27.17",",,,0","20.34",",,,0"
"USC00088841","1962-05","25.0069","-80.5211","1.5","TAVERNIER, FL US","741.8","0","222.6",",0","4",",0","4",",0","0",",0","0",",0","0",",0","0",",0","0",",0","0",",0","31",",0","0",",0","","","19620507",",,0","19620531","+,,0","19620531","+,,0","","","19620517",",,0","19620529","+,,0","17.2",",0,07,","0",",,0,31,+","0",",,0,31,+","13.7",",,0,17,","30.6",",0,29,+","51.1","0","0.0",",0","25.1",",,,0","0",",,,0","25.51",",0","29.23",",,,0","21.80",",,,0"
"USC00088841","1962-06","25.0069","-80.5211","1.5","TAVERNIER, FL US","1009.6","0","267.8",",0","12",",0","7",",0","3",",0","0",",0","0",",0","0",",0","0",",0","0",",0","30",",0","1",",0","","","19620601",",,0","19620630","+,,0","19620630","+,,0","","","19620616",",,0","19620606",",,0","20.6",",0,01,","0",",,0,30,+","0",",,0,30,+","101.6",",,0,16,","32.2",",0,06,","51.1","0","0.0",",0","219.4",",,,0","0",",,,0","27.26",",0","30.49",",,,0","24.03",",,,0"
"USC00088841","1962-07","25.0069","-80.5211","1.5","TAVERNIER, FL US","1339.6","0","330.0",",0","8",",0","5",",0","1",",0","0",",0","0",",0","0",",0","0",",0","0",",0","31",",0","26",",0","","","19620709",",,0","19620731","+,,0","19620731","+,,0","","","19620709",",,0","19620725","+,,0","22.2",",0,09,","0",",,0,31,+","0",",,0,31,+","37.3",",,0,09,","33.3",",0,25,+","0.0","0","0.0",",0","72.7",",,,0","0",",,,0","28.98",",0","32.29",",,,0","25.67",",,,0"
"USC00088841","1962-08","25.0069","-80.5211","1.5","TAVERNIER, FL US","1652.0","0","312.4",",0","12",",0","10",",0","3",",0","0",",0","0",",0","0",",0","0",",0","0",",0","31",",0","17",",0","","","19620813","+,,0","19620831","+,,0","19620831","+,,0","","","19620812",",,0","19620808","+,,0","21.7",",0,13,+","0",",,0,31,+","0",",,0,31,+","81.3",",,0,12,","33.3",",0,08,+","0.0","0","0.0",",0","263.2",",,,0","0",",,,0","28.41",",0","31.87",",,,0","24.95",",,,0"
"USC00088841","1962-09","25.0069","-80.5211","1.5","TAVERNIER, FL US","1926.7","0","274.7",",0","19",",0","13",",0","1",",0","0",",0","0",",0","0",",0","0",",0","0",",0","30",",0","2",",0","","","19620922",",,0","19620930","+,,0","19620930","+,,0","","","19620911",",,0","19620909","+,,0","21.1",",0,22,","0",",,0,30,+","0",",,0,30,+","25.9",",,0,11,","32.2",",0,09,+","0.0","0","0.0",",0","118.0",",,,0","0",",,,0","27.49",",0","30.97",",,,0","24.00",",,,0"
"USC00088841","1962-10","25.0069","-80.5211","1.5","TAVERNIER, FL US","2161.9","0","235.2",",0","6","1,0","6","1,0","1","1,0","0",",0","0",",0","0",",0","0",",0","0",",0","31",",0","1",",0","","","19621031",",,0","19621031","+,,0","19621031","+,,0","","","19621031",",1,0","19621006",",,0","16.7",",0,31,","0",",,0,31,+","0",",,0,31,+","57.2","1,,0,31,","32.2",",0,06,","0.0","0","0.0",",0","103.5","1,,,0","0",",,,0","25.92",",0","29.74",",,,0","22.10",",,,0"
"USC00088841","1962-11","25.0069","-80.5211","1.5","TAVERNIER, FL US","2252.6","0","90.7",",0","3","2,0","1","2,0","0","2,0","0",",0","0",",0","0",",0","0",",0","0",",0","27",",0","0",",0","","","19621127",",,0","19621130","+,,0","19621130","+,,0","","","19621104",",2,0","19621122","+,,0","8.9",",0,27,","0",",,0,30,+","0",",,0,30,+","2.8","2,,0,04,","27.8",",0,22,+","14.7","0","14.7",",0","165.3",",a,,0","0",",,,0","20.87",",0","24.47",",,,0","17.26",",,,0"
"USC00088841","1962-12","25.0069","-80.5211","1.5","TAVERNIER, FL US","2308.6","0","56.0",",0","3",",0","2",",0","0",",0","0",",0","0",",0","0",",0","0",",0","0",",0","22",",0","0",",0","","","19621214",",,0","19621231","+,,0","19621231","+,,0","","","19621208",",,0","19621227",",,0","3.3",",0,14,","0",",,0,31,+","0",",,0,31,+","7.1",",,0,08,","27.2",",0,27,","63.9","0","49.2",",0","13.7",",,,0","0",",,,0","18.55",",0","22.74",",,,0","14.36",",,,0"
"USC00088841","1963-01","25.0069","-80.5211","1.5","TAVERNIER, FL US","82.6","0","82.6",",0","3",",0","3",",0","0",",0","0",",0","0",",0","0",",0","0",",0","0",",0","29",",0","0",",0","","","19630110","+,,0","19630131","+,,0","19630131","+,,0","","","19630108",",,0","19630127","+,,0","9.4",",0,10,+","0",",,0,31,+","0",",,0,31,+","17.8",",,0,08,","27.2",",0,27,+","79.5","0","15.6",",0","23.1",",,,0","0",",,,0","20.49",",0","24.07",",,,0","16.92",",,,0"
"USC00088841","1963-02","25.0069","-80.5211","1.5","TAVERNIER, FL US","133.3","0","50.7",",0","11",",0","7",",0","0",",0","0",",0","0",",0","0",",0","0",",0","0",",0","25",",0","0",",0","","","19630227",",,0","19630228","+,,0","19630228","+,,0","","","19630216",",,0","19630212",",,0","10.0",",0,27,","0",",,0,28,+","0",",,0,28,+","23.1",",,0,16,","27.2",",0,12,","89.8","0","10.3",",0","73.2",",,,0","0",",,,0","19.77",",0","23.52",",,,0","16.03",",,,0"
"USC00088841","1963-03","25.0069","-80.5211","1.5","TAVERNIER, FL US","297.1","0","163.8",",0","2",",0","1",",0","0",",0","0",",0","0",",0","0",",0","0",",0","0",",0","31",",0","0",",0","","","19630323",",,0","19630331","+,,0","19630331","+,,0","","","19630331",",,0","19630320",",,0","12.8",",0,23,","0",",,0,31,+","0",",,0,31,+","3.3",",,0,31,","30.0",",0,20,","90.3","0","0.5",",0","4.8",",,,0","0",",,,0","23.60",",0","26.75",",,,0","20.44",",,,0"
"USC00088841","1963-04","25.0069","-80.5211","1.5","TAVERNIER, FL US","468.5","0","171.4",",0","3",",0","3",",0","0",",0","0",",0","0",",0","0",",0","0",",0","0",",0","30",",0","0",",0","","","19630416",",,0","19630430","+,,0","19630430","+,,0","","","19630401",",,0","19630426",",,0","15.6",",0,16,","0",",,0,30,+","0",",,0,30,+","9.1",",,0,01,","30.6",",0,26,","90.3","0","0.0",",0","22.8",",,,0","0",",,,0","24.05",",0","27.56",",,,0","20.53",",,,0"
"USC00088841","1963-05","25.0069","-80.5211","1.5","TAVERNIER, FL US","695.1","0","226.6",",0","7",",0","4",",0","1",",0","0",",0","0",",0","0",",0","0",",0","0",",0","31",",0","0",",0","","","19630506",",,0","19630531","+,,0","19630531","+,,0","","","19630503",",,0","19630529","+,,0","16.7",",0,06,","0",",,0,31,+","0",",,0,31,+","92.7",",,0,03,","30.6",",0,29,+","90.3","0","0.0",",0","118.4",",,,0","0",",,,0","25.64",",0","29.04",",,,0","22.25",",,,0"
"USC00088841","1963-06","25.0069","-80.5211","1.5","TAVERNIER, FL US","992.3","0","297.2",",0","8",",0","5",",0","0",",0","0",",0","0",",0","0",",0","0",",0","0",",0","30",",0","6",",0","","","19630607",",,0","19630630","+,,0","19630630","+,,0","","","19630627",",,0","19630619","+,,0","21.1",",0,07,","0",",,0,30,+","0",",,0,30,+","13.2",",,0,27,","32.2",",0,19,+","90.3","0","0.0",",0","35.0",",,,0","0",",,,0","28.24",",0","31.17",",,,0","25.31",",,,0"
"USC00088841","1963-07","25.0069","-80.5211","1.5","TAVERNIER, FL US","","","","","4","3,0","4","3,0","0","3,0","0",",0","0",",0","","","","","","","","","","","","","","","19630731","+,,0","19630731","+,,0","","","19630727",",3,0","","","","","0",",,0,31,+","0",",,0,31,+","18.3","3,,0,27,","","","","","","","76.0",",a,,0","0",",,,0","","","","","",""
"USC00088841","1963-08","25.0069","-80.5211","1.5","TAVERNIER, FL US","","","335.7",",0","9",",0","8",",0","0",",0","0",",0","0",",0","0",",0","0",",0","0",",0","31",",0","21",",0","","","19630821",",,0","19630831","+,,0","19630831","+,,0","","","19630820",",,0","19630813",",,0","22.2",",0,21,","0",",,0,31,+","0",",,0,31,+","19.3",",,0,20,","35.0",",0,13,","","","0.0",",0","92.1",",,,0","0",",,,0","29.16",",0","32.33",",,,0","26.00",",,,0"
"USC00088841","1963-09","25.0069","-80.5211","1.5","TAVERNIER, FL US","","","300.9",",0","13",",0","10",",0","3",",0","0",",0","0",",0","0",",0","0",",0","0",",0","30",",0","10",",0","","","19630923",",,0","19630930","+,,0","19630930","+,,0","","","19630924",",,0","19630903",",,0","21.7",",0,23,","0",",,0,30,+","0",",,0,30,+","50.3",",,0,24,","36.7",",0,03,","","","0.0",",0","211.3",",,,0","0",",,,0","28.36",",0","31.41",",,,0","25.31",",,,0"
"USC00088841","1963-10","25.0069","-80.5211","1.5","TAVERNIER, FL US","","","214.9",",0","11",",0","6",",0","0",",0","0",",0","0",",0","0",",0","0",",0","0",",0","31",",0","0",",0","","","19631030",",,0","19631031","+,,0","19631031","+,,0","","","19631006",",,0","19631030",",,0","18.3",",0,30,","0",",,0,31,+","0",",,0,31,+","23.6",",,0,06,","30.6",",0,30,","","","0.0",",0","57.3",",,,0","0",",,,0","25.27",",0","28.60",",,,0","21.94",",,,0"
"USC00088841","1963-11","25.0069","-80.5211","1.5","TAVERNIER, FL US","","","140.0",",0","5",",0","3",",0","1",",0","0",",0","0",",0","0",",0","0",",0","0",",0","30",",0","0",",0","","","19631115",",,0","19631130","+,,0","19631130","+,,0","","","19631105",",,0","19631109","+,,0","10.6",",0,15,","0",",,0,30,+","0",",,0,30,+","99.1",",,0,05,","28.3",",0,09,+","","","4.9",",0","118.5",",,,0","0",",,,0","22.84",",0","25.62",",,,0","20.05",",,,0"
"USC00088841","1963-12","25.0069","-80.5211","1.5","TAVERNIER, FL US","","","26.0",",0","5",",0","5",",0","1",",0","0",",0","0",",0","0",",0","0",",0","0",",0","22",",0","0",",0","","","19631225",",,0","19631231","+,,0","19631231","+,,0","","","19631230",",,0","19631223","+,,0","8.9",",0,25,","0",",,0,31,+","0",",,0,31,+","49.5",",,0,30,","25.6",",0,23,+","","","31.1",",0","99.5",",,,0","0",",,,0","18.17",",0","22.15",",,,0","14.18",",,,0"
"USC00088841","1964-01","25.0069","-80.5211","1.5","TAVERNIER, FL US","90.1","0","90.1",",0","0",",0","0",",0","0",",0","0",",0","0",",0","0",",0","0",",0","0",",0","26",",0","0",",0","","","19640115",",,0","19640131","+,,0","19640131","+,,0","","","19640117",",,0","19640129",",,0","3.3",",0,15,","0",",,0,31,+","0",",,0,31,+","0.0",",T,0,17,","27.2",",0,29,","","","22.2",",0","0.0",",T,,0","0",",,,0","20.52",",0","23.72",",,,0","17.33",",,,0"
"USC00088841","1964-02","25.0069","-80.5211","1.5","TAVERNIER, FL US","152.7","0","62.6",",0","3",",0","3",",0","1",",0","0",",0","0",",0","0",",0","0",",0","0",",0","24",",0","0",",0","","","19640209",",,0","19640229","+,,0","19640229","+,,0","","","19640222",",,0","19640228","+,,0","8.3",",0,09,","0",",,0,29,+","0",",,0,29,+","26.9",",,0,22,","27.8",",0,28,+","","","25.1",",0","64.2",",,,0","0",",,,0","19.63",",0","23.40",",,,0","15.86",",,,0"
"USC00088841","1964-03","25.0069","-80.5211","1.5","TAVERNIER, FL US","332.4","0","179.7",",0","2",",0","1",",0","1",",0","0",",0","0",",0","0",",0","0",",0","0",",0","31",",0","0",",0","","","19640331",",,0","19640331","+,,0","19640331","+,,0","","","19640317",",,0","19640320","+,,0","14.4",",0,31,","0",",,0,31,+","0",",,0,31,+","39.4",",,0,17,","28.9",",0,20,+","","","0.0",",0","40.9",",,,0","0",",,,0","24.13",",0","26.95",",,,0","21.31",",,,0"
"USC00088841","1964-04","25.0069","-80.5211","1.5","TAVERNIER, FL US","548.6","0","216.2",",0","5",",0","4",",0","1",",0","0",",0","0",",0","0",",0","0",",0","0",",0","30",",0","0",",0","","","19640401",",,0","19640430","+,,0","19640430","+,,0","","","19640429",",,0","19640430","+,,0","18.9",",0,01,","0",",,0,30,+","0",",,0,30,+","44.5",",,0,29,","30.6",",0,30,+","","","0.0",",0","89.3",",,,0","0",",,,0","25.54",",0","28.18",",,,0","22.90",",,,0"
"USC00088841","1964-05","25.0069","-80.5211","1.5","TAVERNIER, FL US","786.3","0","237.7",",0","6",",0","6",",0","0",",0","0",",0","0",",0","0",",0","0",",0","0",",0","31",",0","0",",0","","","19640505",",,0","19640531","+,,0","19640531","+,,0","","","19640522",",,0","19640514",",,0","19.4",",0,05,","0",",,0,31,+","0",",,0,31,+","24.6",",,0,22,","31.1",",0,14,","","","0.0",",0","81.0",",,,0","0",",,,0","26.00",",0","28.96",",,,0","23.04",",,,0"
"USC00088841","1964-06","25.0069","-80.5211","1.5","TAVERNIER, FL US","1059.4","0","273.1",",0","11",",0","10",",0","5",",0","0",",0","0",",0","0",",0","0",",0","0",",0","30",",0","1",",0","","","19640612","+,,0","19640630","+,,0","19640630","+,,0","","","19640606",",,0","19640620",",,0","21.1",",0,12,+","0",",,0,30,+","0",",,0,30,+","109.2",",,0,06,","32.2",",0,20,","","","0.0",",0","416.5",",,,0","0",",,,0","27.44",",0","30.62",",,,0","24.26",",,,0"
"USC00088841","1964-07","25.0069","-80.5211","1.5","TAVERNIER, FL US","1376.3","0","316.9",",0","8",",0","5",",0","1",",0","0",",0","0",",0","0",",0","0",",0","0",",0","31",",0","4",",0","","","19640720","+,,0","19640731","+,,0","19640731","+,,0","","","19640707",",,0","19640731","+,,0","23.3",",0,20,+","0",",,0,31,+","0",",,0,31,+","42.4",",,0,07,","32.2",",0,31,+","0.0","0","0.0",",0","84.6",",,,0","0",",,,0","28.56",",0","31.48",",,,0","25.63",",,,0"
"USC00088841","1964-08","25.0069","-80.5211","1.5","TAVERNIER, FL US","1709.7","0","333.4",",0","11",",0","8",",0","0",",0","0",",0","0",",0","0",",0","0",",0","0",",0","31",",0","20",",0","","","19640825",",,0","19640831","+,,0","19640831","+,,0","","","19640820",",,0","19640820",",,0","23.3",",0,25,","0",",,0,31,+","0",",,0,31,+","24.6",",,0,20,","33.3",",0,20,","0.0","0","0.0",",0","67.2",",,,0","0",",,,0","29.09",",0","32.03",",,,0","26.15",",,,0"
"USC00088841","1964-09","25.0069","-80.5211","1.5","TAVERNIER, FL US","2003.8","0","294.1",",0","12",",0","7",",0","1",",0","0",",0","0",",0","0",",0","0",",0","0",",0","30",",0","1",",0","","","19640905",",,0","19640930","+,,0","19640930","+,,0","","","19640906",",,0","19640908",",,0","22.8",",0,05,","0",",,0,30,+","0",",,0,30,+","67.3",",,0,06,","32.2",",0,08,","0.0","0","0.0",",0","114.7",",,,0","0",",,,0","28.14",",0","30.95",",,,0","25.32",",,,0"
"USC00088841","1964-10","25.0069","-80.5211","1.5","TAVERNIER, FL US","2216.8","0","213.0",",0","10",",0","8",",0","2",",0","0",",0","0",",0","0",",0","0",",0","0",",0","31",",0","0",",0","","","19641021",",,0","19641031","+,,0","19641031","+,,0","","","19641029",",,0","19641005","+,,0","16.7",",0,21,","0",",,0,31,+","0",",,0,31,+","156.0",",,0,29,","31.1",",0,05,+","0.0","0","0.0",",0","285.1",",,,0","0",",,,0","25.20",",0","28.26",",,,0","22.15",",,,0"
"USC00088841","1964-11","25.0069","-80.5211","1.5","TAVERNIER, FL US","2395.8","0","179.0",",0","8",",0","5",",0","1",",0","0",",0","0",",0","0",",0","0",",0","0",",0","30",",0","0",",0","","","19641103",",,0","19641130","+,,0","19641130","+,,0","","","19641127",",,0","19641121","+,,0","18.9",",0,03,","0",",,0,30,+","0",",,0,30,+","26.9",",,0,27,","28.3",",0,21,+","0.0","0","0.0",",0","50.9",",,,0","0",",,,0","24.30",",0","26.96",",,,0","21.63",",,,0"
"USC00088841","1964-12","25.0069","-80.5211","1.5","TAVERNIER, FL US","2536.4","0","140.6",",0","7",",0","3",",0","0",",0","0",",0","0",",0","0",",0","0",",0","0",",0","31",",0","0",",0","","","19641201",",,0","19641231","+,,0","19641231","+,,0","","","19641228",",,0","19641223",",,0","12.2",",0,01,","0",",,0,31,+","0",",,0,31,+","8.9",",,0,28,","30.0",",0,23,","0.3","0","0.3",",0","26.1",",,,0","0",",,,0","22.86",",0","25.60",",,,0","20.12",",,,0"
"USC00088841","1965-01","25.0069","-80.5211","1.5","TAVERNIER, FL US","89.1","0","89.1",",0","6",",0","5",",0","0",",0","0",",0","0",",0","0",",0","0",",0","0",",0","28",",0","0",",0","","","19650118",",,0","19650131","+,,0","19650131","+,,0","","","19650101",",,0","19650127",",,0","5.0",",0,18,","0",",,0,31,+","0",",,0,31,+","10.9",",,0,01,","28.3",",0,27,","15.9","0","15.6",",0","37.2",",,,0","0",",,,0","20.70",",0","24.34",",,,0","17.07",",,,0"
"USC00088841","1965-02","25.0069","-80.5211","1.5","TAVERNIER, FL US","209.3","0","120.2",",0","8",",0","6",",0","1",",0","0",",0","0",",0","0",",0","0",",0","0",",0","27",",0","0",",0","","","19650227",",,0","19650228","+,,0","19650228","+,,0","","","19650221",",,0","19650224",",,0","8.9",",0,27,","0",",,0,28,+","0",",,0,28,+","38.6",",,0,21,","28.3",",0,24,","24.7","0","8.8",",0","77.4",",,,0","0",",,,0","22.31",",0","25.37",",,,0","19.25",",,,0"
"USC00088841","1965-03","25.0069","-80.5211","1.5","TAVERNIER, FL US","364.9","0","155.6",",0","3",",0","2",",0","0",",0","0",",0","0",",0","0",",0","0",",0","0",",0","30",",0","0",",0","","","19650310","+,,0","19650331","+,,0","19650331","+,,0","","","19650304",",,0","19650320",",,0","11.1",",0,10,+","0",",,0,31,+","0",",,0,31,+","14.2",",,0,04,","30.0",",0,20,","30.5","0","5.8",",0","26.9",",,,0","0",",,,0","23.16",",0","26.36",",,,0","19.97",",,,0"
"USC00088841","1965-04","25.0069","-80.5211","1.5","TAVERNIER, FL US","573.9","0","209.0",",0","2",",0","2",",0","0",",0","0",",0","0",",0","0",",0","0",",0","0",",0","30",",0","0",",0","","","19650430","+,,0","19650430","+,,0","19650430","+,,0","","","19650423",",,0","19650414",",,0","18.9",",0,30,+","0",",,0,30,+","0",",,0,30,+","13.0",",,0,23,","31.1",",0,14,","30.5","0","0.0",",0","15.8",",,,0","0",",,,0","25.30",",0","28.84",",,,0","21.76",",,,0"
"USC00088841","1965-05","25.0069","-80.5211","1.5","TAVERNIER, FL US","814.6","0","240.7",",0","3",",0","2",",0","0",",0","0",",0","0",",0","0",",0","0",",0","0",",0","31",",0","2",",0","","","19650501",",,0","19650531","+,,0","19650531","+,,0","","","19650507",",,0","19650530","+,,0","19.4",",0,01,","0",",,0,31,+","0",",,0,31,+","6.4",",,0,07,","32.2",",0,30,+","30.5","0","0.0",",0","10.2",",,,0","0",",,,0","26.10",",0","29.11",",,,0","23.08",",,,0"
"USC00088841","1965-06","25.0069","-80.5211","1.5","TAVERNIER, FL US","1084.8","0","270.2",",0","10",",0","8",",0","1",",0","0",",0","0",",0","0",",0","0",",0","0",",0","30",",0","0",",0","","","19650619",",,0","19650630","+,,0","19650630","+,,0","","","19650619",",,0","19650617","+,,0","18.3",",0,19,","0",",,0,30,+","0",",,0,30,+","36.8",",,0,19,","31.7",",0,17,+","30.5","0","0.0",",0","94.4",",,,0","0",",,,0","27.34",",0","30.55",",,,0","24.13",",,,0"
"USC00088841","1965-07","25.0069","-80.5211","1.5","TAVERNIER, FL US","1392.5","0","307.7",",0","8",",0","6",",0","0",",0","0",",0","0",",0","0",",0","0",",0","0",",0","31",",0","4",",0","","","19650719","+,,0","19650731","+,,0","19650731","+,,0","","","19650719",",,0","19650731","+,,0","22.8",",0,19,+","0",",,0,31,+","0",",,0,31,+","13.0",",,0,19,","32.2",",0,31,+","0.0","0","0.0",",0","44.4",",,,0","0",",,,0","28.26",",0","31.21",",,,0","25.31",",,,0"
"USC00088841","1965-08","25.0069","-80.5211","1.5","TAVERNIER, FL US","1721.1","0","328.6",",0","6",",0","5",",0","0",",0","0",",0","0",",0","0",",0","0",",0","0",",0","31",",0","18",",0","","","19650813",",,0","19650831","+,,0","19650831","+,,0","","","19650813",",,0","19650820","+,,0","23.3",",0,13,","0",",,0,31,+","0",",,0,31,+","13.2",",,0,13,","32.8",",0,20,+","0.0","0","0.0",",0","46.5",",,,0","0",",,,0","28.93",",0","31.99",",,,0","25.88",",,,0"
"USC00088841","1965-09","25.0069","-80.5211","1.5","TAVERNIER, FL US","1988.3","0","267.2","1,0","10",",0","8",",0","3",",0","0",",0","0",",0","0","1,0","0","1,0","0","1,0","29","1,0","2","1,0","","","19650912",",1,0","19650930","+,,0","19650930","+,,0","","","19650908",",,0","19650905","+,1,0","21.7","1,0,12,","0",",,0,30,+","0",",,0,30,+","162.6",",,0,08,","32.2","1,0,05,+","0.0","0","0.0","1,0","289.4",",,,0","0",",,,0","27.55","1,0","30.19","1,,,0","24.90","1,,,0"
"USC00088841","1965-10","25.0069","-80.5211","1.5","TAVERNIER, FL US","2214.4","0","226.1",",0","7",",0","6",",0","3",",0","0",",0","0",",0","0",",0","0",",0","0",",0","31",",0","0",",0","","","19651028",",,0","19651031","+,,0","19651031","+,,0","","","19651023","+,,0","19651004",",,0","16.1",",0,28,","0",",,0,31,+","0",",,0,31,+","58.7",",,0,23,+","31.7",",0,04,","0.0","0","0.0",",0","186.7",",,,0","0",",,,0","25.63",",0","28.56",",,,0","22.69",",,,0"
"USC00088841","1965-11","25.0069","-80.5211","1.5","TAVERNIER, FL US","2373.8","0","159.4",",0","5",",0","2",",0","1",",0","0",",0","0",",0","0",",0","0",",0","0",",0","30",",0","0",",0","","","19651120",",,0","19651130","+,,0","19651130","+,,0","","","19651101",",,0","19651113","+,,0","16.1",",0,20,","0",",,0,30,+","0",",,0,30,+","32.8",",,0,01,","28.3",",0,13,+","0.0","0","0.0",",0","43.5",",,,0","0",",,,0","23.65",",0","26.66",",,,0","20.63",",,,0"
"USC00088841","1965-12","25.0069","-80.5211","1.5","TAVERNIER, FL US","2466.2","0","92.4","1,0","4",",0","3",",0","0",",0","0",",0","0",",0","0","1,0","0","1,0","0",",0","30",",0","0",",0","","","19651201",",1,0","19651231","+,,0","19651231","+,,0","","","19651213",",,0","19651219","+,,0","11.7","1,0,01,","0",",,0,31,+","0",",,0,31,+","24.4",",,0,13,","27.2",",0,19,+","2.8","0","2.8",",0","32.2",",,,0","0",",,,0","21.30","1,0","24.23",",,,0","18.36","1,,,0"
"USC00088841","1966-01","25.0069","-80.5211","1.5","TAVERNIER, FL US","72.5","0","72.5",",0","10",",0","8",",0","2",",0","0",",0","0",",0","0",",0","0",",0","0",",0","26",",0","0",",0","","","19660131",",,0","19660131","+,,0","19660131","+,,0","","","19660111",",,0","19660106",",,0","4.4",",0,31,","0",",,0,31,+","0",",,0,31,+","27.9",",,0,11,","27.2",",0,06,","24.8","0","22.0",",0","112.8",",,,0","0",",,,0","19.96",",0","23.27",",,,0","16.65",",,,0"
"USC00088841","1966-02","25.0069","-80.5211","1.5","TAVERNIER, FL US","149.2","0","76.7",",0","4",",0","4",",0","0",",0","0",",0","0",",0","0",",0","0",",0","0",",0","23",",0","0",",0","","","19660205",",,0","19660228","+,,0","19660228","+,,0","","","19660223",",,0","19660228",",,0","6.7",",0,05,","0",",,0,28,+","0",",,0,28,+","8.1",",,0,23,","27.2",",0,28,","40.3","0","15.5",",0","27.4",",,,0","0",",,,0","20.52",",0","23.39",",,,0","17.64",",,,0"
"USC00088841","1966-03","25.0069","-80.5211","1.5","TAVERNIER, FL US","253.8","0","104.6",",0","3",",0","2",",0","1",",0","0",",0","0",",0","0",",0","0",",0","0",",0","30",",0","0",",0","","","19660308","+,,0","19660331","+,,0","19660331","+,,0","","","19660314",",,0","19660330","+,,0","11.7",",0,08,+","0",",,0,31,+","0",",,0,31,+","43.9",",,0,14,","27.8",",0,30,+","45.0","0","4.7",",0","49.0",",,,0","0",",,,0","21.55",",0","24.77",",,,0","18.34",",,,0"
"USC00088841","1966-04","25.0069","-80.5211","1.5","TAVERNIER, FL US","410.1","0","156.3",",0","3",",0","3",",0","1",",0","0",",0","0",",0","0",",0","0",",0","0",",0","30",",0","0",",0","","","19660401",",,0","19660430","+,,0","19660430","+,,0","","","19660410",",,0","19660416","+,,0","16.1",",0,01,","0",",,0,30,+","0",",,0,30,+","48.8",",,0,10,","28.3",",0,16,+","45.0","0","0.0",",0","68.4",",,,0","0",",,,0","23.54",",0","26.25",",,,0","20.83",",,,0"
"USC00088841","1966-05","25.0069","-80.5211","1.5","TAVERNIER, FL US","644.3","0","234.2",",0","9",",0","6",",0","3",",0","0",",0","0",",0","0",",0","0",",0","0",",0","31",",0","0",",0","","","19660509",",,0","19660531","+,,0","19660531","+,,0","","","19660507",",,0","19660524",",,0","18.3",",0,09,","0",",,0,31,+","0",",,0,31,+","53.3",",,0,07,","31.1",",0,24,","45.0","0","0.0",",0","165.7",",,,0","0",",,,0","25.89",",0","29.05",",,,0","22.73",",,,0"
"USC00088841","1966-06","25.0069","-80.5211","1.5","TAVERNIER, FL US","882.2","0","237.9",",0","15",",0","13",",0","7",",0","0",",0","0",",0","0",",0","0",",0","0",",0","30",",0","0",",0","","","19660604","+,,0","19660630","+,,0","19660630","+,,0","","","19660608",",,0","19660622","+,,0","21.1",",0,04,+","0",",,0,30,+","0",",,0,30,+","55.4",",,0,08,","31.1",",0,22,+","45.0","0","0.0",",0","331.7",",,,0","0",",,,0","26.26",",0","28.99",",,,0","23.54",",,,0"
"USC00088841","1966-07","25.0069","-80.5211","1.5","TAVERNIER, FL US","1184.1","0","301.9",",0","11",",0","11",",0","1",",0","0",",0","0",",0","0",",0","0",",0","0",",0","31",",0","2",",0","","","19660711",",,0","19660731","+,,0","19660731","+,,0","","","19660722",",,0","19660721","+,,0","22.2",",0,11,","0",",,0,31,+","0",",,0,31,+","40.9",",,0,22,","32.2",",0,21,+","0.0","0","0.0",",0","127.8",",,,0","0",",,,0","28.07",",0","31.02",",,,0","25.13",",,,0"
"USC00088841","1966-08","25.0069","-80.5211","1.5","TAVERNIER, FL US","1498.3","0","314.2",",0","10",",0","6",",0","1",",0","0",",0","0",",0","0",",0","0",",0","0",",0","31",",0","11",",0","","","19660811","+,,0","19660831","+,,0","19660831","+,,0","","","19660807",",,0","19660831","+,,0","21.7",",0,11,+","0",",,0,31,+","0",",,0,31,+","42.9",",,0,07,","33.3",",0,31,+","0.0","0","0.0",",0","89.3",",,,0","0",",,,0","28.47",",0","31.63",",,,0","25.31",",,,0"
"USC00088841","1966-09","25.0069","-80.5211","1.5","TAVERNIER, FL US","1795.5","0","297.2",",0","11",",0","10",",0","1",",0","0",",0","0",",0","0",",0","0",",0","0",",0","30",",0","9",",0","","","19660926",",,0","19660930","+,,0","19660930","+,,0","1","","19660926",",,0","19660901",",,0","19.4",",0,26,","0",",,0,30,+","0",",,0,30,+","48.8",",,0,26,","33.3",",0,01,","0.0","0","0.0",",0","137.3",",,,0","0",",,,0","28.24",",0","31.44",",,,0","25.04",",,,0"
"USC00088841","1966-10","25.0069","-80.5211","1.5","TAVERNIER, FL US","2024.7","0","229.2","1,0","7",",0","7",",0","2",",0","0",",0","0",",0","0",",0","0",",0","0","1,0","30","1,0","0","1,0","","","19661028",",,0","19661031","+,,0","19661031","+,,0","","","19661022",",,0","19661011",",1,0","20.0",",0,28,","0",",,0,31,+","0",",,0,31,+","47.5",",,0,22,","31.1","1,0,11,","0.0","0","0.0","1,0","130.5",",,,0","0",",,,0","26.00","1,0","28.88","1,,,0","23.13",",,,0"
"USC00088841","1966-11","25.0069","-80.5211","1.5","TAVERNIER, FL US","2154.5","0","129.8",",0","1",",0","1",",0","0",",0","0",",0","0",",0","0",",0","0",",0","0",",0","28",",0","0",",0","","","19661104",",,0","19661130","+,,0","19661130","+,,0","","","19661117",",,0","19661114","+,,0","11.7",",0,04,","0",",,0,30,+","0",",,0,30,+","3.8",",,0,17,","27.8",",0,14,+","6.4","0","6.4",",0","3.8",",,,0","0",",,,0","22.44",",0","25.52",",,,0","19.37",",,,0"
"USC00088841","1966-12","25.0069","-80.5211","1.5","TAVERNIER, FL US","2224.8","0","70.3","1,0","2",",0","1",",0","0",",0","0",",0","0",",0","0","1,0","0","1,0","0",",0","27",",0","0",",0","","","19661225",",1,0","19661231","+,,0","19661231","+,,0","","","19661218",",,0","19661229",",,0","8.9","1,0,25,","0",",,0,31,+","0",",,0,31,+","4.3",",,0,18,","26.7",",0,29,","18.6","0","12.2",",0","5.8",",,,0","0",",,,0","20.29","1,0","23.60",",,,0","16.98","1,,,0"
"USC00088841","1967-01","25.0069","-80.5211","1.5","TAVERNIER, FL US","122.7","0","122.7",",0","5",",0","4",",0","2",",0","0",",0","0",",0","0",",0","0",",0","0",",0","29",",0","0",",0","","","19670105",",,0","19670131","+,,0","19670131","+,,0","","","19670116",",,0","19670103",",,0","10.6",",0,05,","0",",,0,31,+","0",",,0,31,+","39.9",",,0,16,","27.8",",0,03,","26.4","0","7.8",",0","82.8",",,,0","0",",,,0","22.04",",0","24.82",",,,0","19.26",",,,0"
"USC00088841","1967-02","25.0069","-80.5211","1.5","TAVERNIER, FL US","211.3","0","88.6",",0","4",",0","3",",0","0",",0","0",",0","0",",0","0",",0","0",",0","0",",0","25",",0","0",",0","","","19670226",",,0","19670228","+,,0","19670228","+,,0","","","19670223",",,0","19670221","+,,0","5.6",",0,26,","0",",,0,28,+","0",",,0,28,+","10.9",",,0,23,","26.7",",0,21,+","37.2","0","10.8",",0","26.4",",,,0","0",",,,0","21.11",",0","24.39",",,,0","17.83",",,,0"
"USC00088841","1967-03","25.0069","-80.5211","1.5","TAVERNIER, FL US","359.3","0","148.0","1,0","4",",0","4",",0","1",",0","0",",0","0",",0","0",",0","0",",0","0","1,0","30","1,0","0","1,0","","","19670301",",,0","19670331","+,,0","19670331","+,,0","","","19670329",",,0","19670315",",1,0","15.6",",0,01,","0",",,0,31,+","0",",,0,31,+","47.0",",,0,29,","29.4","1,0,15,","37.2","0","0.0","1,0","67.1",",,,0","0",",,,0","23.19","1,0","26.04","1,,,0","20.34",",,,0"
"USC00088841","1967-04","25.0069","-80.5211","1.5","TAVERNIER, FL US","545.3","0","186.0",",0","2",",0","0",",0","0",",0","0",",0","0",",0","0",",0","0",",0","0",",0","30",",0","0",",0","","","19670411","+,,0","19670430","+,,0","19670430","+,,0","","","19670409",",,0","19670402",",,0","18.9",",0,11,+","0",",,0,30,+","0",",,0,30,+","1.0",",,0,09,","30.0",",0,02,","37.2","0","0.0",",0","1.8",",,,0","0",",,,0","24.53",",0","27.09",",,,0","21.98",",,,0"
"USC00088841","1967-05","25.0069","-80.5211","1.5","TAVERNIER, FL US","798.6","0","253.3",",0","3",",0","3",",0","0",",0","0",",0","0",",0","0",",0","0",",0","0",",0","31",",0","1",",0","","","19670527","+,,0","19670531","+,,0","19670531","+,,0","","","19670523",",,0","19670528",",,0","20.6",",0,27,+","0",",,0,31,+","0",",,0,31,+","16.5",",,0,23,","32.2",",0,28,","37.2","0","0.0",",0","36.8",",,,0","0",",,,0","26.50",",0","29.25",",,,0","23.76",",,,0"
"USC00088841","1967-06","25.0069","-80.5211","1.5","TAVERNIER, FL US","1054.9","0","256.3",",0","13",",0","11",",0","7",",0","0",",0","0",",0","0",",0","0",",0","0",",0","30",",0","2",",0","","","19670606",",,0","19670630","+,,0","19670630","+,,0","","","19670612",",,0","19670622","+,,0","18.9",",0,06,","0",",,0,30,+","0",",,0,30,+","175.3",",,0,12,","32.2",",0,22,+","37.2","0","0.0",",0","554.4",",,,0","0",",,,0","26.88",",0","30.19",",,,0","23.56",",,,0"
"USC00088841","1967-07","25.0069","-80.5211","1.5","TAVERNIER, FL US","1375.8","0","320.9",",0","4",",0","2",",0","0",",0","0",",0","0",",0","0",",0","0",",0","0",",0","31",",0","2",",0","","","19670709",",,0","19670731","+,,0","19670731","+,,0","","","19670702",",,0","19670731","+,,0","21.1",",0,09,","0",",,0,31,+","0",",,0,31,+","5.6",",,0,02,","32.2",",0,31,+","0.0","0","0.0",",0","12.0",",,,0","0",",,,0","28.68",",0","31.48",",,,0","25.88",",,,0"
"USC00088841","1967-08","25.0069","-80.5211","1.5","TAVERNIER, FL US","1684.8","0","309.0",",0","11",",0","5",",0","0",",0","0",",0","0",",0","0",",0","0",",0","0",",0","31",",0","5",",0","","","19670804",",,0","19670831","+,,0","19670831","+,,0","","","19670804",",,0","19670831","+,,0","21.1",",0,04,","0",",,0,31,+","0",",,0,31,+","23.4",",,0,04,","32.2",",0,31,+","0.0","0","0.0",",0","56.2",",,,0","0",",,,0","28.30",",0","31.35",",,,0","25.25",",,,0"
"USC00088841","1967-09","25.0069","-80.5211","1.5","TAVERNIER, FL US","1960.8","0","276.0",",0","16",",0","15",",0","3",",0","0",",0","0",",0","0",",0","0",",0","0",",0","30",",0","5",",0","","","19670928","+,,0","19670930","+,,0","19670930","+,,0","","","19670927",",,0","19670908",",,0","21.7",",0,28,+","0",",,0,30,+","0",",,0,30,+","39.9",",,0,27,","33.9",",0,08,","0.0","0","0.0",",0","200.7",",,,0","0",",,,0","27.53",",0","30.98",",,,0","24.08",",,,0"
"USC00088841","1967-10","25.0069","-80.5211","1.5","TAVERNIER, FL US","2183.7","0","222.9",",0","14",",0","13",",0","5",",0","0",",0","0",",0","0",",0","0",",0","0",",0","31",",0","0",",0","","","19671020","+,,0","19671031","+,,0","19671031","+,,0","","","19671024",",,0","19671018","+,,0","20.0",",0,20,+","0",",,0,31,+","0",",,0,31,+","68.8",",,0,24,","29.4",",0,18,+","0.0","0","0.0",",0","310.4",",,,0","0",",,,0","25.52",",0","28.47",",,,0","22.58",",,,0"
"USC00088841","1967-11","25.0069","-80.5211","1.5","TAVERNIER, FL US","2332.1","0","148.4",",0","3",",0","2",",0","0",",0","0",",0","0",",0","0",",0","0",",0","0",",0","30",",0","0",",0","","","19671122",",,0","19671130","+,,0","19671130","+,,0","","","19671114",",,0","19671103",",,0","16.7",",0,22,","0",",,0,30,+","0",",,0,30,+","5.3",",,0,14,","28.9",",0,03,","0.0","0","0.0",",0","10.4",",,,0","0",",,,0","23.28",",0","26.42",",,,0","20.14",",,,0"
"USC00088841","1967-12","25.0069","-80.5211","1.5","TAVERNIER, FL US","2479.1","0","147.0",",0","5",",0","5",",0","1",",0","0",",0","0",",0","0",",0","0",",0","0",",0","31",",0","0",",0","","","19671224",",,0","19671231","+,,0","19671231","+,,0","","","19671212",",,0","19671219","+,,0","8.9",",0,24,","0",",,0,31,+","0",",,0,31,+","38.6",",,0,12,","27.8",",0,19,+","2.2","0","2.2",",0","74.7",",,,0","0",",,,0","23.00",",0","25.86",",,,0","20.15",",,,0"
"USC00088841","1968-01","25.0069","-80.5211","1.5","TAVERNIER, FL US","85.6","0","85.6",",0","3",",0","1",",0","1",",0","0",",0","0",",0","0",",0","0",",0","0",",0","29",",0","0",",0","","","19680126",",,0","19680131","+,,0","19680131","+,,0","","","19680110",",,0","19680104",",,0","7.2",",0,26,","0",",,0,31,+","0",",,0,31,+","59.4",",,0,10,","27.2",",0,04,","12.8","0","10.6",",0","61.5",",,,0","0",",,,0","20.75",",0","24.05",",,,0","17.46",",,,0"
"USC00088841","1968-02","25.0069","-80.5211","1.5","TAVERNIER, FL US","118.0","0","32.4",",0","8",",0","5",",0","1",",0","0",",0","0",",0","0",",0","0",",0","0",",0","21",",0","0",",0","","","19680225","+,,0","19680229","+,,0","19680229","+,,0","","","19680205",",,0","19680223",",,0","8.3",",0,25,+","0",",,0,29,+","0",",,0,29,+","28.4",",,0,05,","26.1",",0,23,","48.9","0","36.1",",0","85.0",",,,0","0",",,,0","18.21",",0","22.38",",,,0","14.03",",,,0"
"USC00088841","1968-03","25.0069","-80.5211","1.5","TAVERNIER, FL US","206.5","0","88.5",",0","2",",0","2",",0","0",",0","0",",0","0",",0","0",",0","0",",0","0",",0","27",",0","0",",0","","","19680302",",,0","19680331","+,,0","19680331","+,,0","","","19680307",",,0","19680312",",,0","7.8",",0,02,","0",",,0,31,+","0",",,0,31,+","6.6",",,0,07,","27.8",",0,12,","68.4","0","19.5",",0","13.0",",,,0","0",",,,0","20.56",",0","23.87",",,,0","17.25",",,,0"
"USC00088841","1968-04","25.0069","-80.5211","1.5","TAVERNIER, FL US","403.6","0","197.1",",0","1",",0","1",",0","0",",0","0",",0","0",",0","0",",0","0",",0","0",",0","30",",0","0",",0","","","19680417",",,0","19680430","+,,0","19680430","+,,0","","","19680411",",,0","19680425",",,0","17.8",",0,17,","0",",,0,30,+","0",",,0,30,+","7.1",",,0,11,","30.6",",0,25,","68.4","0","0.0",",0","7.1",",,,0","0",",,,0","24.90",",0","27.91",",,,0","21.90",",,,0"
"USC00088841","1968-05","25.0069","-80.5211","1.5","TAVERNIER, FL US","620.2","0","216.6","1,0","15",",0","13",",0","6",",0","0",",0","0",",0","0","1,0","0","1,0","0",",0","31",",0","0",",0","","","19680510","+,1,0","19680531","+,,0","19680531","+,,0","","","19680509",",,0","19680503",",,0","19.4","1,0,10,+","0",",,0,31,+","0",",,0,31,+","60.2",",,0,09,","31.7",",0,03,","68.4","0","0.0",",0","352.3",",,,0","0",",,,0","25.58","1,0","28.74",",,,0","22.43","1,,,0"
"USC00088841","1968-06","25.0069","-80.5211","1.5","TAVERNIER, FL US","864.4","0","244.2",",0","19",",0","16",",0","5",",0","0",",0","0",",0","0",",0","0",",0","0",",0","30",",0","1",",0","","","19680603",",,0","19680630","+,,0","19680630","+,,0","","","19680617","+,,0","19680621",",,0","20.6",",0,03,","0",",,0,30,+","0",",,0,30,+","31.2",",,0,17,+","32.2",",0,21,","68.4","0","0.0",",0","253.7",",,,0","0",",,,0","26.47",",0","29.77",",,,0","23.18",",,,0"
"USC00088841","1968-07","25.0069","-80.5211","1.5","TAVERNIER, FL US","1169.8","0","305.4",",0","11",",0","7",",0","0",",0","0",",0","0",",0","0",",0","0",",0","0",",0","31",",0","2",",0","","","19680701",",,0","19680731","+,,0","19680731","+,,0","","","19680704",",,0","19680729","+,,0","21.1",",0,01,","0",",,0,31,+","0",",,0,31,+","16.8",",,0,04,","32.2",",0,29,+","0.0","0","0.0",",0","78.6",",,,0","0",",,,0","28.18",",0","30.98",",,,0","25.38",",,,0"
"USC00088841","1968-08","25.0069","-80.5211","1.5","TAVERNIER, FL US","1485.6","0","315.8",",0","11",",0","7",",0","1",",0","0",",0","0",",0","0",",0","0",",0","0",",0","31",",0","13",",0","","","19680801",",,0","19680831","+,,0","19680831","+,,0","","","19680811",",,0","19680830",",,0","22.2",",0,01,","0",",,0,31,+","0",",,0,31,+","25.4",",,0,11,","33.3",",0,30,","0.0","0","0.0",",0","84.1",",,,0","0",",,,0","28.52",",0","31.78",",,,0","25.26",",,,0"
"USC00088841","1968-09","25.0069","-80.5211","1.5","TAVERNIER, FL US","1777.9","0","292.3",",0","17",",0","10",",0","3",",0","0",",0","0",",0","0",",0","0",",0","0",",0","30",",0","8",",0","","","19680926",",,0","19680930","+,,0","19680930","+,,0","","","19680926",",,0","19680907",",,0","22.2",",0,26,","0",",,0,30,+","0",",,0,30,+","57.2",",,0,26,","35.6",",0,07,","0.0","0","0.0",",0","183.7",",,,0","0",",,,0","28.08",",0","31.38",",,,0","24.78",",,,0"
"USC00088841","1968-10","25.0069","-80.5211","1.5","TAVERNIER, FL US","1997.9","0","220.0",",0","17",",0","12",",0","7",",0","0",",0","0",",0","0",",0","0",",0","0",",0","31",",0","0",",0","","","19681023",",,0","19681031","+,,0","19681031","+,,0","","","19681002",",,0","19681013","+,,0","15.6",",0,23,","0",",,0,31,+","0",",,0,31,+","62.5",",,0,02,","31.1",",0,13,+","0.0","0","0.0",",0","338.2",",,,0","0",",,,0","25.43",",0","28.51",",,,0","22.35",",,,0"
"USC00088841","1968-11","25.0069","-80.5211","1.5","TAVERNIER, FL US","2130.7","0","132.8",",0","3",",0","3",",0","0",",0","0",",0","0",",0","0",",0","0",",0","0",",0","28",",0","0",",0","","","19681121",",,0","19681130","+,,0","19681130","+,,0","","","19681102",",,0","19681107",",,0","11.1",",0,21,","0",",,0,30,+","0",",,0,30,+","22.1",",,0,02,","30.0",",0,07,","5.8","0","5.8",",0","45.7",",,,0","0",",,,0","22.57",",0","25.88",",,,0","19.26",",,,0"
"USC00088841","1968-12","25.0069","-80.5211","1.5","TAVERNIER, FL US","","","","","1",",0","0",",0","0",",0","0",",0","0",",0","","","","","","","","","","","","","","","19681231","+,,0","19681231","+,,0","","","19681214",",,0","","","","","0",",,0,31,+","0",",,0,31,+","1.3",",,0,14,","","","","","","","1.3",",,,0","0",",,,0","","","","","",""
"USC00088841","1969-01","25.0069","-80.5211","1.5","TAVERNIER, FL US","74.2","0","74.2",",0","7",",0","4",",0","1",",0","0",",0","0",",0","0",",0","0",",0","0",",0","29",",0","0",",0","","","19690107",",,0","19690131","+,,0","19690131","+,,0","","","19690110",",,0","19690127","+,,0","12.8",",0,07,","0",",,0,31,+","0",",,0,31,+","36.1",",,0,10,","26.7",",0,27,+","","","4.2",",0","63.0",",,,0","0",",,,0","20.59",",0","23.48",",,,0","17.70",",,,0"
"USC00088841","1969-02","25.0069","-80.5211","1.5","TAVERNIER, FL US","125.3","0","51.1",",0","1",",0","1",",0","1",",0","0",",0","0",",0","0",",0","0",",0","0",",0","26",",0","0",",0","","","19690219",",,0","19690228","+,,0","19690228","+,,0","","","19690216",",,0","19690203",",,0","8.9",",0,19,","0",",,0,28,+","0",",,0,28,+","67.8",",,0,16,","26.7",",0,03,","","","13.0",",0","67.8",",,,0","0",",,,0","19.69",",0","23.24",",,,0","16.15",",,,0"
"USC00088841","1969-03","25.0069","-80.5211","1.5","TAVERNIER, FL US","209.8","0","84.5",",0","5",",0","3",",0","0",",0","0",",0","0",",0","0",",0","0",",0","0",",0","26",",0","0",",0","","","19690305",",,0","19690331","+,,0","19690331","+,,0","","","19690327",",,0","19690325","+,,0","10.0",",0,05,","0",",,0,31,+","0",",,0,31,+","12.4",",,0,27,","27.8",",0,25,+","","","17.5",",0","30.9",",,,0","0",",,,0","20.49",",0","24.02",",,,0","16.97",",,,0"
"USC00088841","1969-04","25.0069","-80.5211","1.5","TAVERNIER, FL US","409.0","0","199.2",",0","6",",0","5",",0","3",",0","0",",0","0",",0","0",",0","0",",0","0",",0","30",",0","0",",0","","","19690401",",,0","19690430","+,,0","19690430","+,,0","","","19690428",",,0","19690423","+,,0","16.1",",0,01,","0",",,0,30,+","0",",,0,30,+","53.3",",,0,28,","30.0",",0,23,+","","","0.0",",0","143.2",",,,0","0",",,,0","24.97",",0","27.61",",,,0","22.34",",,,0"
"USC00088841","1969-05","25.0069","-80.5211","1.5","TAVERNIER, FL US","658.4","0","249.4",",0","12",",0","7",",0","1",",0","0",",0","0",",0","0",",0","0",",0","0",",0","31",",0","0",",0","","","19690501",",,0","19690531","+,,0","19690531","+,,0","","","19690503",",,0","19690527",",,0","18.9",",0,01,","0",",,0,31,+","0",",,0,31,+","33.0",",,0,03,","31.1",",0,27,","","","0.0",",0","124.5",",,,0","0",",,,0","26.38",",0","29.13",",,,0","23.62",",,,0"
"USC00088841","1969-06","25.0069","-80.5211","1.5","TAVERNIER, FL US","946.9","0","288.5",",0","16",",0","11",",0","3",",0","0",",0","0",",0","0",",0","0",",0","0",",0","30",",0","4",",0","","","19690607","+,,0","19690630","+,,0","19690630","+,,0","","","19690613",",,0","19690625","+,,0","21.7",",0,07,+","0",",,0,30,+","0",",,0,30,+","158.8",",,0,13,","32.8",",0,25,+","","","0.0",",0","448.7",",,,0","0",",,,0","27.95",",0","30.92",",,,0","24.98",",,,0"
"USC00088841","1969-07","25.0069","-80.5211","1.5","TAVERNIER, FL US","1287.1","0","340.2",",0","13",",0","9",",0","1",",0","0",",0","0",",0","0",",0","0",",0","0",",0","31",",0","23",",0","","","19690718",",,0","19690731","+,,0","19690731","+,,0","","","19690701",",,0","19690713",",,0","22.2",",0,18,","0",",,0,31,+","0",",,0,31,+","33.5",",,0,01,","34.4",",0,13,","0.0","0","0.0",",0","120.2",",,,0","0",",,,0","29.31",",0","32.49",",,,0","26.13",",,,0"
"USC00088841","1969-08","25.0069","-80.5211","1.5","TAVERNIER, FL US","1626.5","0","339.4",",0","7",",0","4",",0","1",",0","0",",0","0",",0","0",",0","0",",0","0",",0","31",",0","24",",0","","","19690828",",,0","19690831","+,,0","19690831","+,,0","","","19690826",",,0","19690825",",,0","22.2",",0,28,","0",",,0,31,+","0",",,0,31,+","31.0",",,0,26,","33.9",",0,25,","0.0","0","0.0",",0","70.0",",,,0","0",",,,0","29.28",",0","32.37",",,,0","26.20",",,,0"
"USC00088841","1969-09","25.0069","-80.5211","1.5","TAVERNIER, FL US","1906.3","0","279.8",",0","18",",0","15",",0","2",",0","0",",0","0",",0","0",",0","0",",0","0",",0","30",",0","1",",0","","","19690925",",,0","19690930","+,,0","19690930","+,,0","","","19690915",",,0","19690910",",,0","21.1",",0,25,","0",",,0,30,+","0",",,0,30,+","63.0",",,0,15,","32.8",",0,10,","0.0","0","0.0",",0","252.1",",,,0","0",",,,0","27.66",",0","30.71",",,,0","24.61",",,,0"
"USC00088841","1969-10","25.0069","-80.5211","1.5","TAVERNIER, FL US","2160.3","0","254.0",",0","15",",0","13",",0","7",",0","0",",0","0",",0","0",",0","0",",0","0",",0","31",",0","0",",0","","","19691015",",,0","19691031","+,,0","19691031","+,,0","","","19691030",",,0","19691023","+,,0","21.1",",0,15,","0",",,0,31,+","0",",,0,31,+","114.3",",,0,30,","31.1",",0,23,+","0.0","0","0.0",",0","403.0",",,,0","0",",,,0","26.53",",0","29.15",",,,0","23.90",",,,0"
"USC00088841","1969-11","25.0069","-80.5211","1.5","TAVERNIER, FL US","2280.9","0","120.6",",0","3",",0","1",",0","0",",0","0",",0","0",",0","0",",0","0",",0","0",",0","30",",0","0",",0","","","19691107",",,0","19691130","+,,0","19691130","+,,0","","","19691115",",,0","19691101",",,0","12.2",",0,07,","0",",,0,30,+","0",",,0,30,+","5.6",",,0,15,","28.9",",0,01,","1.4","0","1.4",",0","6.6",",,,0","0",",,,0","22.31",",0","25.69",",,,0","18.92",",,,0"
"USC00088841","1969-12","25.0069","-80.5211","1.5","TAVERNIER, FL US","2347.1","0","66.2",",0","2",",0","2",",0","0",",0","0",",0","0",",0","0",",0","0",",0","0",",0","29",",0","0",",0","","","19691227","+,,0","19691231","+,,0","19691231","+,,0","","","19691226",",,0","19691212",",,0","11.1",",0,27,+","0",",,0,31,+","0",",,0,31,+","5.1",",,0,26,","28.9",",0,12,","12.6","0","11.2",",0","9.7",",,,0","0",",,,0","20.10",",0","23.97",",,,0","16.24",",,,0"
"USC00088841","1970-01","25.0069","-80.5211","1.5","TAVERNIER, FL US","57.0","0","57.0",",0","4",",0","3",",0","0",",0","0",",0","0",",0","0",",0","0",",0","0",",0","26",",0","0",",0","","","19700110",",,0","19700131","+,,0","19700131","+,,0","","","19700118",",,0","19700103",",,0","3.3",",0,10,","0",",,0,31,+","0",",,0,31,+","23.6",",,0,18,","26.7",",0,03,","55.6","0","43.0",",0","30.9",",,,0","0",",,,0","18.79",",0","22.71",",,,0","14.86",",,,0"
"USC00088841","1970-02","25.0069","-80.5211","1.5","TAVERNIER, FL US","90.9","0","33.9","2,0","6",",0","4",",0","1",",0","0",",0","0",",0","0","2,0","0","2,0","0",",0","22",",0","0",",0","","","19700204",",2,0","19700228","+,,0","19700228","+,,0","","","19700203",",,0","19700216",",,0","8.3","2,0,04,","0",",,0,28,+","0",",,0,28,+","30.0",",,0,03,","26.7",",0,16,","77.3","0","21.7",",0","66.4",",,,0","0",",,,0","18.85","2,0","22.46",",,,0","15.23","2,,,0"
"USC00088841","1970-03","25.0069","-80.5211","1.5","TAVERNIER, FL US","224.0","0","133.1",",0","6",",0","4",",0","1",",0","0",",0","0",",0","0",",0","0",",0","0",",0","29",",0","0",",0","","","19700315",",,0","19700331","+,,0","19700331","+,,0","","","19700327",",,0","19700327",",,0","11.7",",0,15,","0",",,0,31,+","0",",,0,31,+","39.6",",,0,27,","30.0",",0,27,","81.7","0","4.4",",0","79.3",",,,0","0",",,,0","22.48",",0","25.18",",,,0","19.79",",,,0"
"USC00088841","1970-04","25.0069","-80.5211","1.5","TAVERNIER, FL US","","","","","0",",0","0",",0","0",",0","0",",0","0",",0","","","","","","","","","","","","","","","19700430","+,,0","19700430","+,,0","","","19700430","+,,0","","","","","0",",,0,30,+","0",",,0,30,+","0.0",",,0,30,+","","","","","","","0.0",",,,0","0",",,,0","","","","","",""
"USC00088841","1970-05","25.0069","-80.5211","1.5","TAVERNIER, FL US","","","233.0",",0","9",",0","8",",0","2",",0","0",",0","0",",0","0",",0","0",",0","0",",0","31",",0","0",",0","","","19700526",",,0","19700531","+,,0","19700531","+,,0","","","19700525",",,0","19700526","+,,0","20.6",",0,26,","0",",,0,31,+","0",",,0,31,+","120.7",",,0,25,","30.0",",0,26,+","","","0.0",",0","184.7",",,,0","0",",,,0","25.85",",0","28.57",",,,0","23.13",",,,0"
"USC00088841","1970-06","25.0069","-80.5211","1.5","TAVERNIER, FL US","","","271.3",",0","9",",0","8",",0","1",",0","0",",0","0",",0","0",",0","0",",0","0",",0","30",",0","3",",0","","","19700611",",,0","19700630","+,,0","19700630","+,,0","","","19700625",",,0","19700629",",,0","20.6",",0,11,","0",",,0,30,+","0",",,0,30,+","32.5",",,0,25,","33.3",",0,29,","","","0.0",",0","123.5",",,,0","0",",,,0","27.38",",0","30.59",",,,0","24.16",",,,0"
"USC00088841","1970-07","25.0069","-80.5211","1.5","TAVERNIER, FL US","","","300.1","1,0","12",",0","7",",0","2",",0","0",",0","0",",0","0","1,0","0","1,0","0",",0","31",",0","2",",0","","","19700706",",1,0","19700731","+,,0","19700731","+,,0","","","19700706",",,0","19700711","+,,0","22.2","1,0,06,","0",",,0,31,+","0",",,0,31,+","51.6",",,0,06,","32.2",",0,11,+","0.0","0","0.0",",0","130.5",",,,0","0",",,,0","28.34","1,0","31.29",",,,0","25.39","1,,,0"
"USC00088841","1970-08","25.0069","-80.5211","1.5","TAVERNIER, FL US","","","328.8",",0","8",",0","7",",0","0",",0","0",",0","0",",0","0",",0","0",",0","0",",0","31",",0","18",",0","","","19700825",",,0","19700831","+,,0","19700831","+,,0","","","19700830",",,0","19700805",",,0","22.2",",0,25,","0",",,0,31,+","0",",,0,31,+","11.9",",,0,30,","36.1",",0,05,","0.0","0","0.0",",0","42.8",",,,0","0",",,,0","28.94",",0","32.14",",,,0","25.74",",,,0"
"USC00088841","1970-09","25.0069","-80.5211","1.5","TAVERNIER, FL US","","","280.9",",0","18",",0","11",",0","2",",0","0",",0","0",",0","0",",0","0",",0","0",",0","30",",0","3",",0","","","19700927","+,,0","19700930","+,,0","19700930","+,,0","","","19700927",",,0","19700912","+,,0","22.2",",0,27,+","0",",,0,30,+","0",",,0,30,+","49.0",",,0,27,","32.2",",0,12,+","0.0","0","0.0",",0","141.4",",,,0","0",",,,0","27.70",",0","30.67",",,,0","24.72",",,,0"
"USC00088841","1970-10","25.0069","-80.5211","1.5","TAVERNIER, FL US","","","258.6",",0","7",",0","6",",0","0",",0","0",",0","0",",0","0",",0","0",",0","0",",0","31",",0","0",",0","","","19701025","+,,0","19701031","+,,0","19701031","+,,0","","","19701022",",,0","19701015",",,0","21.1",",0,25,+","0",",,0,31,+","0",",,0,31,+","15.2",",,0,22,","31.7",",0,15,","0.0","0","0.0",",0","48.2",",,,0","0",",,,0","26.67",",0","29.57",",,,0","23.78",",,,0"
"USC00088841","1970-11","25.0069","-80.5211","1.5","TAVERNIER, FL US","","","123.9",",0","1",",0","0",",0","0",",0","0",",0","0",",0","0",",0","0",",0","0",",0","29",",0","0",",0","","","19701125",",,0","19701130","+,,0","19701130","+,,0","","","19701103",",,0","19701115","+,,0","5.6",",0,25,","0",",,0,30,+","0",",,0,30,+","0.8",",,0,03,","29.4",",0,15,+","9.2","0","9.2",",0","0.8",",,,0","0",",,,0","22.16",",0","26.03",",,,0","18.29",",,,0"
"USC00088841","1970-12","25.0069","-80.5211","1.5","TAVERNIER, FL US","","","127.8",",0","3",",0","2",",0","0",",0","0",",0","0",",0","0",",0","0",",0","0",",0","29",",0","0",",0","","","19701227",",,0","19701231","+,,0","19701231","+,,0","","","19701212",",,0","19701208",",,0","10.0",",0,27,","0",",,0,31,+","0",",,0,31,+","3.8",",,0,12,","29.4",",0,08,","12.8","0","3.6",",0","8.1",",,,0","0",",,,0","22.34",",0","25.68",",,,0","19.00",",,,0"
"USC00088841","1971-01","25.0069","-80.5211","1.5","TAVERNIER, FL US","106.7","0","106.7",",0","0",",0","0",",0","0",",0","0",",0","0",",0","0",",0","0",",0","0",",0","29",",0","0",",0","","","19710120",",,0","19710131","+,,0","19710131","+,,0","","","19710118",",,0","19710115",",,0","3.3",",0,20,","0",",,0,31,+","0",",,0,31,+","0.0",",T,0,18,","28.3",",0,15,","31.5","0","18.7",",0","0.0",",T,,0","0",",,,0","21.17",",0","25.09",",,,0","17.25",",,,0"
"USC00088841","1971-02","25.0069","-80.5211","1.5","TAVERNIER, FL US","223.7","0","117.0",",0","3",",0","2",",0","0",",0","0",",0","0",",0","0",",0","0",",0","0",",0","25",",0","0",",0","","","19710211","+,,0","19710228","+,,0","19710228","+,,0","","","19710212",",,0","19710223","+,,0","8.3",",0,11,+","0",",,0,28,+","0",",,0,28,+","12.7",",,0,12,","28.3",",0,23,+","47.1","0","15.6",",0","17.7",",,,0","0",",,,0","21.96",",0","25.13",",,,0","18.78",",,,0"
"USC00088841","1971-03","25.0069","-80.5211","1.5","TAVERNIER, FL US","350.4","0","126.7",",0","1",",0","1",",0","0",",0","0",",0","0",",0","0",",0","0",",0","0",",0","31",",0","0",",0","","","19710309",",,0","19710331","+,,0","19710331","+,,0","","","19710330",",,0","19710303",",,0","9.4",",0,09,","0",",,0,31,+","0",",,0,31,+","3.8",",,0,30,","28.9",",0,03,","52.9","0","5.8",",0","3.8",",,,0","0",",,,0","22.23",",0","26.22",",,,0","18.25",",,,0"
"USC00088841","1971-04","25.0069","-80.5211","1.5","TAVERNIER, FL US","523.8","0","173.4",",0","1",",0","1",",0","0",",0","0",",0","0",",0","0",",0","0",",0","0",",0","30",",0","0",",0","","","19710408",",,0","19710430","+,,0","19710430","+,,0","","","19710406",",,0","19710430",",,0","10.6",",0,08,","0",",,0,30,+","0",",,0,30,+","3.6",",,0,06,","31.7",",0,30,","54.8","0","1.9",",0","3.6",",,,0","0",",,,0","24.05",",0","27.34",",,,0","20.76",",,,0"
"USC00088841","1971-05","25.0069","-80.5211","1.5","TAVERNIER, FL US","792.8","0","269.0",",0","5",",0","3",",0","0",",0","0",",0","0",",0","0",",0","0",",0","0",",0","31",",0","1",",0","","","19710504",",,0","19710531","+,,0","19710531","+,,0","","","19710529",",,0","19710528",",,0","18.9",",0,04,","0",",,0,31,+","0",",,0,31,+","19.1",",,0,29,","32.2",",0,28,","54.8","0","0.0",",0","39.9",",,,0","0",",,,0","27.01",",0","30.14",",,,0","23.88",",,,0"
"USC00088841","1971-06","25.0069","-80.5211","1.5","TAVERNIER, FL US","1084.4","0","291.6",",0","9",",0","6",",0","0",",0","0",",0","0",",0","0",",0","0",",0","0",",0","30",",0","8",",0","","","19710626","+,,0","19710630","+,,0","19710630","+,,0","","","19710626",",,0","19710624","+,,0","22.8",",0,26,+","0",",,0,30,+","0",",,0,30,+","20.3",",,0,26,","32.8",",0,24,+","54.8","0","0.0",",0","63.3",",,,0","0",",,,0","28.05",",0","31.31",",,,0","24.80",",,,0"
"USC00088841","1971-07","25.0069","-80.5211","1.5","TAVERNIER, FL US","1402.7","0","318.3",",0","11",",0","4",",0","0",",0","0",",0","0",",0","0",",0","0",",0","0",",0","31",",0","10",",0","","","19710708",",,0","19710731","+,,0","19710731","+,,0","","","19710708",",,0","19710727","+,,0","21.1",",0,08,","0",",,0,31,+","0",",,0,31,+","24.6",",,0,08,","32.2",",0,27,+","0.0","0","0.0",",0","57.4",",,,0","0",",,,0","28.60",",0","31.61",",,,0","25.60",",,,0"
"USC00088841","1971-08","25.0069","-80.5211","1.5","TAVERNIER, FL US","1704.0","0","301.3",",0","16",",0","13",",0","1",",0","0",",0","0",",0","0",",0","0",",0","0",",0","31",",0","5",",0","","","19710813","+,,0","19710831","+,,0","19710831","+,,0","","","19710814",",,0","19710829","+,,0","21.7",",0,13,+","0",",,0,31,+","0",",,0,31,+","26.7",",,0,14,","32.2",",0,29,+","0.0","0","0.0",",0","142.3",",,,0","0",",,,0","28.05",",0","31.35",",,,0","24.75",",,,0"
"USC00088841","1971-09","25.0069","-80.5211","1.5","TAVERNIER, FL US","1977.6","0","273.6","1,0","15",",0","9",",0","0",",0","0",",0","0",",0","0","1,0","0","1,0","0","1,0","29","1,0","0","1,0","","","19710907",",1,0","19710930","+,,0","19710930","+,,0","","","19710902",",,0","19710928","+,1,0","22.2","1,0,07,","0",",,0,30,+","0",",,0,30,+","22.9",",,0,02,","31.7","1,0,28,+","0.0","0","0.0","1,0","88.0",",,,0","0",",,,0","27.77","1,0","30.72","1,,,0","24.81","1,,,0"
"USC00088841","1971-10","25.0069","-80.5211","1.5","TAVERNIER, FL US","2243.8","0","266.2",",0","13",",0","8",",0","1",",0","0",",0","0",",0","0",",0","0",",0","0",",0","31",",0","0",",0","","","19711030","+,,0","19711031","+,,0","19711031","+,,0","","","19711030",",,0","19711010","+,,0","20.6",",0,30,+","0",",,0,31,+","0",",,0,31,+","106.7",",,0,30,","31.7",",0,10,+","0.0","0","0.0",",0","219.9",",,,0","0",",,,0","26.92",",0","29.93",",,,0","23.91",",,,0"
"USC00088841","1971-11","25.0069","-80.5211","1.5","TAVERNIER, FL US","2411.2","0","167.4",",0","11",",0","6",",0","0",",0","0",",0","0",",0","0",",0","0",",0","0",",0","30",",0","0",",0","","","19711111",",,0","19711130","+,,0","19711130","+,,0","","","19711115",",,0","19711107","+,,0","15.6",",0,11,","0",",,0,30,+","0",",,0,30,+","10.2",",,0,15,","28.9",",0,07,+","0.0","0","0.0",",0","42.6",",,,0","0",",,,0","23.91",",0","26.75",",,,0","21.08",",,,0"
"USC00088841","1971-12","25.0069","-80.5211","1.5","TAVERNIER, FL US","2586.1","0","174.9",",0","10",",0","7",",0","1",",0","0",",0","0",",0","0",",0","0",",0","0",",0","31",",0","0",",0","","","19711223","+,,0","19711231","+,,0","19711231","+,,0","","","19711221",",,0","19711217","+,,0","18.3",",0,23,+","0",",,0,31,+","0",",,0,31,+","31.8",",,0,21,","27.8",",0,17,+","0.0","0","0.0",",0","99.5",",,,0","0",",,,0","23.97",",0","26.32",",,,0","21.63",",,,0"
"USC00088841","1972-01","25.0069","-80.5211","1.5","TAVERNIER, FL US","162.3","0","162.3",",0","6",",0","5",",0","0",",0","0",",0","0",",0","0",",0","0",",0","0",",0","31",",0","0",",0","","","19720116",",,0","19720131","+,,0","19720131","+,,0","","","19720101",",,0","19720131","+,,0","15.0",",0,16,","0",",,0,31,+","0",",,0,31,+","16.0",",,0,01,","27.8",",0,31,+","0.0","0","0.0",",0","41.9",",,,0","0",",,,0","23.57",",0","26.26",",,,0","20.88",",,,0"
"USC00088841","1972-02","25.0069","-80.5211","1.5","TAVERNIER, FL US","268.4","0","106.1",",0","6",",0","3",",0","2",",0","0",",0","0",",0","0",",0","0",",0","0",",0","27",",0","0",",0","","","19720220",",,0","19720229","+,,0","19720229","+,,0","","","19720209",",,0","19720203",",,0","8.3",",0,20,","0",",,0,29,+","0",",,0,29,+","35.8",",,0,09,","28.3",",0,03,","8.1","0","8.1",",0","68.6",",,,0","0",",,,0","21.71",",0","25.19",",,,0","18.23",",,,0"
"USC00088841","1972-03","25.0069","-80.5211","1.5","TAVERNIER, FL US","440.9","0","172.5",",0","3",",0","1",",0","0",",0","0",",0","0",",0","0",",0","0",",0","0",",0","31",",0","0",",0","","","19720318","+,,0","19720331","+,,0","19720331","+,,0","","","19720308",",,0","19720330",",,0","16.7",",0,18,+","0",",,0,31,+","0",",,0,31,+","2.5",",,0,08,","29.4",",0,30,","8.1","0","0.0",",0","3.5",",,,0","0",",,,0","23.90",",0","27.20",",,,0","20.59",",,,0"
"USC00088841","1972-04","25.0069","-80.5211","1.5","TAVERNIER, FL US","636.5","0","195.6",",0","7",",0","6",",0","0",",0","0",",0","0",",0","0",",0","0",",0","0",",0","30",",0","0",",0","","","19720403",",,0","19720430","+,,0","19720430","+,,0","","","19720402",",,0","19720418",",,0","16.7",",0,03,","0",",,0,30,+","0",",,0,30,+","24.6",",,0,02,","31.1",",0,18,","8.1","0","0.0",",0","76.7",",,,0","0",",,,0","24.85",",0","28.01",",,,0","21.70",",,,0"
"USC00088841","1972-05","25.0069","-80.5211","1.5","TAVERNIER, FL US","885.0","0","248.5",",0","5",",0","5",",0","2",",0","0",",0","0",",0","0",",0","0",",0","0",",0","31",",0","0",",0","","","19720519","+,,0","19720531","+,,0","19720531","+,,0","","","19720518",",,0","19720517",",,0","20.6",",0,19,+","0",",,0,31,+","0",",,0,31,+","117.3",",,0,18,","31.1",",0,17,","8.1","0","0.0",",0","206.2",",,,0","0",",,,0","26.35",",0","29.33",",,,0","23.37",",,,0"
"USC00088841","1972-06","25.0069","-80.5211","1.5","TAVERNIER, FL US","1140.2","0","255.2",",0","17",",0","14",",0","6",",0","0",",0","0",",0","0",",0","0",",0","0",",0","30",",0","1",",0","","","19720613",",,0","19720630","+,,0","19720630","+,,0","","","19720620",",,0","19720630",",,0","21.1",",0,13,","0",",,0,30,+","0",",,0,30,+","37.3",",,0,20,","32.2",",0,30,","8.1","0","0.0",",0","271.1",",,,0","0",",,,0","26.84",",0","29.58",",,,0","24.10",",,,0"
"USC00088841","1972-07","25.0069","-80.5211","1.5","TAVERNIER, FL US","1439.9","0","299.7",",0","14",",0","10",",0","1",",0","0",",0","0",",0","0",",0","0",",0","0",",0","31",",0","1",",0","","","19720720",",,0","19720731","+,,0","19720731","+,,0","","","19720719",",,0","19720712",",,0","21.1",",0,20,","0",",,0,31,+","0",",,0,31,+","46.5",",,0,19,","32.2",",0,12,","0.0","0","0.0",",0","146.3",",,,0","0",",,,0","28.00",",0","30.74",",,,0","25.26",",,,0"
"USC00088841","1972-08","25.0069","-80.5211","1.5","TAVERNIER, FL US","1776.5","0","336.6",",0","6",",0","2",",0","0",",0","0",",0","0",",0","0",",0","0",",0","0",",0","31",",0","15",",0","","","19720831",",,0","19720831","+,,0","19720831","+,,0","","","19720831",",,0","19720828","+,,0","23.3",",0,31,","0",",,0,31,+","0",",,0,31,+","4.3",",,0,31,","32.8",",0,28,+","0.0","0","0.0",",0","13.3",",,,0","0",",,,0","29.19",",0","31.87",",,,0","26.51",",,,0"
"USC00088841","1972-09","25.0069","-80.5211","1.5","TAVERNIER, FL US","2063.4","0","286.9",",0","13",",0","11",",0","4",",0","0",",0","0",",0","0",",0","0",",0","0",",0","30",",0","3",",0","","","19720924","+,,0","19720930","+,,0","19720930","+,,0","","","19720923",",,0","19720902","+,,0","21.1",",0,24,+","0",",,0,30,+","0",",,0,30,+","64.5",",,0,23,","32.8",",0,02,+","0.0","0","0.0",",0","238.9",",,,0","0",",,,0","27.90",",0","30.53",",,,0","25.26",",,,0"
"USC00088841","1972-10","25.0069","-80.5211","1.5","TAVERNIER, FL US","2320.6","0","257.2",",0","10",",0","5",",0","1",",0","0",",0","0",",0","0",",0","0",",0","0",",0","31",",0","0",",0","","","19721016","+,,0","19721031","+,,0","19721031","+,,0","","","19721004",",,0","19721006","+,,0","22.2",",0,16,+","0",",,0,31,+","0",",,0,31,+","27.4",",,0,04,","31.1",",0,06,+","0.0","0","0.0",",0","83.4",",,,0","0",",,,0","26.63",",0","29.38",",,,0","23.88",",,,0"
"USC00088841","1972-11","25.0069","-80.5211","1.5","TAVERNIER, FL US","2504.2","0","183.6","1,0","9",",0","7",",0","1",",0","0",",0","0",",0","0",",0","0",",0","0","1,0","29","1,0","0","1,0","","","19721123",",,0","19721130","+,,0","19721130","+,,0","","","19721107",",,0","19721111",",1,0","14.4",",0,23,","0",",,0,30,+","0",",,0,30,+","31.8",",,0,07,","30.0","1,0,11,","0.3","0","0.3","1,0","70.4",",,,0","0",",,,0","24.68","1,0","27.47","1,,,0","21.89",",,,0"
"USC00088841","1972-12","25.0069","-80.5211","1.5","TAVERNIER, FL US","2654.9","0","150.7",",0","2",",0","2",",0","1",",0","0",",0","0",",0","0",",0","0",",0","0",",0","27",",0","0",",0","","","19721217",",,0","19721231","+,,0","19721231","+,,0","","","19721222",",,0","19721215","+,,0","10.0",",0,17,","0",",,0,31,+","0",",,0,31,+","27.7",",,0,22,","29.4",",0,15,+","14.5","0","14.2",",0","34.6",",,,0","0",",,,0","22.74",",0","25.60",",,,0","19.88",",,,0"
"USC00088841","1973-01","25.0069","-80.5211","1.5","TAVERNIER, FL US","133.0","0","133.0",",0","5",",0","3",",0","1",",0","0",",0","0",",0","0",",0","0",",0","0",",0","27",",0","0",",0","","","19730130",",,0","19730131","+,,0","19730131","+,,0","","","19730111",",,0","19730128","+,,0","6.1",",0,30,","0",",,0,31,+","0",",,0,31,+","36.8",",,0,11,","27.8",",0,28,+","32.6","0","18.1",",0","59.7",",,,0","0",",,,0","22.04",",0","25.15",",,,0","18.93",",,,0"
"USC00088841","1973-02","25.0069","-80.5211","1.5","TAVERNIER, FL US","181.7","0","48.7",",0","8",",0","6",",0","0",",0","0",",0","0",",0","0",",0","0",",0","0",",0","22",",0","0",",0","","","19730211",",,0","19730228","+,,0","19730228","+,,0","","","19730210",",,0","19730202",",,0","6.1",",0,11,","0",",,0,28,+","0",",,0,28,+","21.8",",,0,10,","27.8",",0,02,","59.7","0","27.1",",0","86.8",",,,0","0",",,,0","19.10",",0","22.82",",,,0","15.39",",,,0"
"USC00088841","1973-03","25.0069","-80.5211","1.5","TAVERNIER, FL US","354.9","0","173.2",",0","4",",0","3",",0","0",",0","0",",0","0",",0","0",",0","0",",0","0",",0","31",",0","0",",0","","","19730318",",,0","19730331","+,,0","19730331","+,,0","","","19730326",",,0","19730316",",,0","14.4",",0,18,","0",",,0,31,+","0",",,0,31,+","13.2",",,0,26,","29.4",",0,16,","60.0","0","0.3",",0","34.4",",,,0","0",",,,0","23.91",",0","26.41",",,,0","21.41",",,,0"
"USC00088841","1973-04","25.0069","-80.5211","1.5","TAVERNIER, FL US","544.7","0","189.8",",0","2",",0","1",",0","1",",0","0",",0","0",",0","0",",0","0",",0","0",",0","30",",0","0",",0","","","19730411",",,0","19730430","+,,0","19730430","+,,0","","","19730414",",,0","19730409","+,,0","14.4",",0,11,","0",",,0,30,+","0",",,0,30,+","25.4",",,0,14,","30.0",",0,09,+","60.0","0","0.0",",0","25.9",",,,0","0",",,,0","24.66",",0","27.54",",,,0","21.78",",,,0"
"USC00088841","1973-05","25.0069","-80.5211","1.5","TAVERNIER, FL US","801.7","0","257.0",",0","3",",0","1",",0","1",",0","0",",0","0",",0","0",",0","0",",0","0",",0","31",",0","0",",0","","","19730517",",,0","19730531","+,,0","19730531","+,,0","","","19730516",",,0","19730529","+,,0","20.0",",0,17,","0",",,0,31,+","0",",,0,31,+","47.8",",,0,16,","31.7",",0,29,+","60.0","0","0.0",",0","48.8",",,,0","0",",,,0","26.62",",0","29.55",",,,0","23.69",",,,0"
"USC00088841","1973-06","25.0069","-80.5211","1.5","TAVERNIER, FL US","1078.5","0","276.8",",0","18",",0","14",",0","1",",0","0",",0","0",",0","0",",0","0",",0","0",",0","30",",0","1",",0","","","19730621",",,0","19730630","+,,0","19730630","+,,0","","","19730628",",,0","19730625",",,0","21.7",",0,21,","0",",,0,30,+","0",",,0,30,+","68.6",",,0,28,","32.2",",0,25,","60.0","0","0.0",",0","197.6",",,,0","0",",,,0","27.56",",0","30.42",",,,0","24.70",",,,0"
"USC00088841","1973-07","25.0069","-80.5211","1.5","TAVERNIER, FL US","1396.6","0","318.1",",0","16",",0","6",",0","0",",0","0",",0","0",",0","0",",0","0",",0","0",",0","31",",0","7",",0","","","19730721","+,,0","19730731","+,,0","19730731","+,,0","","","19730722",",,0","19730708",",,0","23.9",",0,21,+","0",",,0,31,+","0",",,0,31,+","20.6",",,0,22,","32.8",",0,08,","0.0","0","0.0",",0","75.0",",,,0","0",",,,0","28.60",",0","31.41",",,,0","25.78",",,,0"
"USC00088841","1973-08","25.0069","-80.5211","1.5","TAVERNIER, FL US","1697.8","0","301.2",",0","20",",0","12",",0","1",",0","0",",0","0",",0","0",",0","0",",0","0",",0","31",",0","6",",0","","","19730822","+,,0","19730831","+,,0","19730831","+,,0","","","19730819",",,0","19730803",",,0","22.8",",0,22,+","0",",,0,31,+","0",",,0,31,+","50.0",",,0,19,","33.3",",0,03,","0.0","0","0.0",",0","183.0",",,,0","0",",,,0","28.05",",0","30.99",",,,0","25.11",",,,0"
"USC00088841","1973-09","25.0069","-80.5211","1.5","TAVERNIER, FL US","1979.8","0","282.0",",0","17",",0","13",",0","2",",0","0",",0","0",",0","0",",0","0",",0","0",",0","30",",0","1",",0","","","19730907","+,,0","19730930","+,,0","19730930","+,,0","","","19730907",",,0","19730910",",,0","22.8",",0,07,+","0",",,0,30,+","0",",,0,30,+","47.0",",,0,07,","32.2",",0,10,","0.0","0","0.0",",0","181.6",",,,0","0",",,,0","27.73",",0","30.53",",,,0","24.93",",,,0"
"USC00088841","1973-10","25.0069","-80.5211","1.5","TAVERNIER, FL US","2222.0","0","242.2",",0","14",",0","9",",0","1",",0","0",",0","0",",0","0",",0","0",",0","0",",0","31",",0","0",",0","","","19731031",",,0","19731031","+,,0","19731031","+,,0","","","19731029",",,0","19731009","+,,0","17.8",",0,31,","0",",,0,31,+","0",",,0,31,+","31.8",",,0,29,","31.1",",0,09,+","0.0","0","0.0",",0","109.6",",,,0","0",",,,0","26.15",",0","29.17",",,,0","23.12",",,,0"
"USC00088841","1973-11","25.0069","-80.5211","1.5","TAVERNIER, FL US","2427.9","0","205.9",",0","7",",0","4",",0","0",",0","0",",0","0",",0","0",",0","0",",0","0",",0","30",",0","0",",0","","","19731130",",,0","19731130","+,,0","19731130","+,,0","","","19731112",",,0","19731102",",,0","14.4",",0,30,","0",",,0,30,+","0",",,0,30,+","13.5",",,0,12,","30.0",",0,02,","0.0","0","0.0",",0","36.8",",,,0","0",",,,0","25.20",",0","27.68",",,,0","22.72",",,,0"
"USC00088841","1973-12","25.0069","-80.5211","1.5","TAVERNIER, FL US","2517.4","0","89.5",",0","5",",0","3",",0","2",",0","0",",0","0",",0","0",",0","0",",0","0",",0","23",",0","0",",0","","","19731222",",,0","19731231","+,,0","19731231","+,,0","","","19731220",",,0","19731207","+,,0","6.1",",0,22,","0",",,0,31,+","0",",,0,31,+","53.3",",,0,20,","27.8",",0,07,+","28.2","0","28.2",",0","92.9",",,,0","0",",,,0","20.31",",0","23.56",",,,0","17.06",",,,0"
"USC00088841","1974-01","25.0069","-80.5211","1.5","TAVERNIER, FL US","186.8","0","186.8",",0","5",",0","3",",0","1",",0","0",",0","0",",0","0",",0","0",",0","0",",0","31",",0","0",",0","","","19740115",",,0","19740131","+,,0","19740131","+,,0","","","19740115",",,0","19740131","+,,0","18.9",",0,15,","0",",,0,31,+","0",",,0,31,+","37.3",",,0,15,","27.2",",0,31,+","28.2","0","0.0",",0","55.8",",,,0","0",",,,0","24.36",",0","26.52",",,,0","22.20",",,,0"
"USC00088841","1974-02","25.0069","-80.5211","1.5","TAVERNIER, FL US","285.9","0","99.1",",0","3",",0","1",",0","0",",0","0",",0","0",",0","0",",0","0",",0","0",",0","25",",0","0",",0","","","19740211",",,0","19740228","+,,0","19740228","+,,0","","","19740204",",,0","19740222","+,,0","6.7",",0,11,","0",",,0,28,+","0",",,0,28,+","4.1",",,0,04,","28.3",",0,22,+","47.9","0","19.7",",0","6.4",",,,0","0",",,,0","21.17",",0","25.14",",,,0","17.20",",,,0"
"USC00088841","1974-03","25.0069","-80.5211","1.5","TAVERNIER, FL US","476.7","0","190.8",",0","2",",0","1",",0","0",",0","0",",0","0",",0","0",",0","0",",0","0",",0","31",",0","0",",0","","","19740318",",,0","19740331","+,,0","19740331","+,,0","","","19740315",",,0","19740330",",,0","14.4",",0,18,","0",",,0,31,+","0",",,0,31,+","10.7",",,0,15,","30.0",",0,30,","47.9","0","0.0",",0","11.7",",,,0","0",",,,0","24.49",",0","27.33",",,,0","21.65",",,,0"
"USC00088841","1974-04","25.0069","-80.5211","1.5","TAVERNIER, FL US","669.3","0","192.6",",0","5",",0","1",",0","0",",0","0",",0","0",",0","0",",0","0",",0","0",",0","30",",0","0",",0","","","19740410",",,0","19740430","+,,0","19740430","+,,0","","","19740405",",,0","19740416",",,0","15.0",",0,10,","0",",,0,30,+","0",",,0,30,+","8.4",",,0,05,","30.0",",0,16,","47.9","0","0.0",",0","11.4",",,,0","0",",,,0","24.75",",0","27.71",",,,0","21.80",",,,0"
"USC00088841","1974-05","25.0069","-80.5211","1.5","TAVERNIER, FL US","","","","","11",",0","10",",0","2",",0","0",",0","0",",0","","","","","","","","","","","","","","","19740531","+,,0","19740531","+,,0","","","19740522",",,0","","","","","0",",,0,31,+","0",",,0,31,+","48.3",",,0,22,","","","","","","","133.5",",,,0","0",",,,0","","","","","",""
"USC00088841","1974-06","25.0069","-80.5211","1.5","TAVERNIER, FL US","","","287.3",",0","9","2,0","5","2,0","0","2,0","0",",0","0",",0","0",",0","0",",0","0",",0","30",",0","0",",0","","","19740604",",,0","19740630","+,,0","19740630","+,,0","","","19740618",",2,0","19740615",",,0","21.1",",0,04,","0",",,0,30,+","0",",,0,30,+","20.6","2,,0,18,","31.7",",0,15,","","","0.0",",0","91.7",",a,,0","0",",,,0","27.91",",0","30.54",",,,0","25.28",",,,0"
"USC00088841","1974-07","25.0069","-80.5211","1.5","TAVERNIER, FL US","","","320.1",",0","12",",0","7",",0","0",",0","0",",0","0",",0","0",",0","0",",0","0",",0","31",",0","8",",0","","","19740702",",,0","19740731","+,,0","19740731","+,,0","","","19740715",",,0","19740727",",,0","22.8",",0,02,","0",",,0,31,+","0",",,0,31,+","18.5",",,0,15,","33.3",",0,27,","0.0","0","0.0",",0","70.9",",,,0","0",",,,0","28.66",",0","31.41",",,,0","25.90",",,,0"
"USC00088841","1974-08","25.0069","-80.5211","1.5","TAVERNIER, FL US","","","315.4",",0","11",",0","6",",0","1",",0","0",",0","0",",0","0",",0","0",",0","0",",0","31",",0","10",",0","","","19740804",",,0","19740831","+,,0","19740831","+,,0","","","19740804",",,0","19740822",",,0","20.6",",0,04,","0",",,0,31,+","0",",,0,31,+","38.4",",,0,04,","33.3",",0,22,","0.0","0","0.0",",0","96.3",",,,0","0",",,,0","28.51",",0","31.64",",,,0","25.37",",,,0"
"USC00088841","1974-09","25.0069","-80.5211","1.5","TAVERNIER, FL US","","","300.6",",0","12",",0","8",",0","0",",0","0",",0","0",",0","0",",0","0",",0","0",",0","30",",0","10",",0","","","19740903",",,0","19740930","+,,0","19740930","+,,0","","","19740929",",,0","19740929",",,0","22.2",",0,03,","0",",,0,30,+","0",",,0,30,+","17.8",",,0,29,","33.9",",0,29,","0.0","0","0.0",",0","70.3",",,,0","0",",,,0","28.35",",0","31.75",",,,0","24.96",",,,0"
"USC00088841","1974-10","25.0069","-80.5211","1.5","TAVERNIER, FL US","","","229.1",",0","9",",0","3",",0","0",",0","0",",0","0",",0","0",",0","0",",0","0",",0","31",",0","0",",0","","","19741024",",,0","19741031","+,,0","19741031","+,,0","","","19741024",",,0","19741016","+,,0","20.0",",0,24,","0",",,0,31,+","0",",,0,31,+","5.3",",,0,24,","31.1",",0,16,+","0.0","0","0.0",",0","18.0",",,,0","0",",,,0","25.72",",0","28.98",",,,0","22.47",",,,0"
"USC00088841","1974-11","25.0069","-80.5211","1.5","TAVERNIER, FL US","","","158.5",",0","7",",0","1",",0","0",",0","0",",0","0",",0","0",",0","0",",0","0",",0","30",",0","0",",0","","","19741113",",,0","19741130","+,,0","19741130","+,,0","","","19741118",",,0","19741108","+,,0","14.4",",0,13,","0",",,0,30,+","0",",,0,30,+","2.5",",,0,18,","28.9",",0,08,+","0.0","0","0.0",",0","9.4",",,,0","0",",,,0","23.62",",0","26.86",",,,0","20.37",",,,0"
"USC00088841","1974-12","25.0069","-80.5211","1.5","TAVERNIER, FL US","","","107.4",",0","2",",0","2",",0","1",",0","0",",0","0",",0","0",",0","0",",0","0",",0","30",",0","0",",0","","","19741210",",,0","19741231","+,,0","19741231","+,,0","","","19741201",",,0","19741221","+,,0","9.4",",0,10,","0",",,0,31,+","0",",,0,31,+","53.3",",,0,01,","27.8",",0,21,+","9.2","0","9.2",",0","57.6",",,,0","0",",,,0","21.50",",0","25.05",",,,0","17.95",",,,0"
"USC00088841","1975-01","25.0069","-80.5211","1.5","TAVERNIER, FL US","139.6","0","139.6",",0","2",",0","1",",0","1",",0","0",",0","0",",0","0",",0","0",",0","0",",0","31",",0","0",",0","","","19750115",",,0","19750131","+,,0","19750131","+,,0","","","19750117",",,0","19750113","+,,0","8.9",",0,15,","0",",,0,31,+","0",",,0,31,+","33.5",",,0,17,","27.8",",0,13,+","14.2","0","5.0",",0","34.8",",,,0","0",",,,0","22.68",",0","26.19",",,,0","19.16",",,,0"
"USC00088841","1975-02","25.0069","-80.5211","1.5","TAVERNIER, FL US","288.9","0","149.3",",0","6",",0","3",",0","0",",0","0",",0","0",",0","0",",0","0",",0","0",",0","28",",0","0",",0","","","19750208",",,0","19750228","+,,0","19750228","+,,0","","","19750210","+,,0","19750220",",,0","15.0",",0,08,","0",",,0,28,+","0",",,0,28,+","10.2",",,0,10,+","28.9",",0,20,","14.2","0","0.0",",0","29.5",",,,0","0",",,,0","23.66",",0","26.99",",,,0","20.34",",,,0"
"USC00088841","1975-03","25.0069","-80.5211","1.5","TAVERNIER, FL US","444.1","0","155.2","1,0","3",",0","3",",0","0",",0","0",",0","0",",0","0","1,0","0","1,0","0",",0","31",",0","0",",0","","","19750309","+,1,0","19750331","+,,0","19750331","+,,0","","","19750327",",,0","19750331","+,,0","10.0","1,0,09,+","0",",,0,31,+","0",",,0,31,+","5.3",",,0,27,","29.4",",0,31,+","17.0","0","2.8",",0","11.6",",,,0","0",",,,0","23.44","1,0","27.58",",,,0","19.30","1,,,0"
"USC00088841","1975-04","25.0069","-80.5211","1.5","TAVERNIER, FL US","671.6","0","227.5",",0","3",",0","2",",0","0",",0","0",",0","0",",0","0",",0","0",",0","0",",0","30",",0","0",",0","","","19750405","+,,0","19750430","+,,0","19750430","+,,0","","","19750423",",,0","19750415",",,0","16.1",",0,05,+","0",",,0,30,+","0",",,0,30,+","12.7",",,0,23,","30.6",",0,15,","17.0","0","0.0",",0","20.4",",,,0","0",",,,0","25.92",",0","28.95",",,,0","22.88",",,,0"
"USC00088841","1975-05","25.0069","-80.5211","1.5","TAVERNIER, FL US","955.3","0","283.7",",0","6",",0","4",",0","1",",0","0",",0","0",",0","0",",0","0",",0","0",",0","31",",0","0",",0","","","19750511",",,0","19750531","+,,0","19750531","+,,0","","","19750517",",,0","19750530","+,,0","21.1",",0,11,","0",",,0,31,+","0",",,0,31,+","37.3",",,0,17,","31.7",",0,30,+","17.0","0","0.0",",0","87.9",",,,0","0",",,,0","27.48",",0","30.64",",,,0","24.33",",,,0"
"USC00088841","1975-10","25.0069","-80.5211","1.5","TAVERNIER, FL US","","","","","","","","","","","0",",0","0",",0","","","","","","","","","","","","","","","19751031","+,,0","19751031","+,,0","4","","","","","","","","0",",,0,31,+","0",",,0,31,+","","","","","","","","","","","0",",,,0","","","","","",""
"USC00088841","1975-11","25.0069","-80.5211","1.5","TAVERNIER, FL US","","","171.7",",0","7",",0","5",",0","0",",0","0",",0","0",",0","0",",0","0",",0","0",",0","28",",0","0",",0","","","19751115",",,0","19751130","+,,0","19751130","+,,0","1","","19751112",",,0","19751112",",,0","10.0",",0,15,","0",",,0,30,+","0",",,0,30,+","9.1",",,0,12,","31.1",",0,12,","","","9.7",",0","26.1",",,,0","0",",,,0","23.73",",0","27.58",",,,0","19.89",",,,0"
"USC00088841","1975-12","25.0069","-80.5211","1.5","TAVERNIER, FL US","","","110.9",",0","10",",0","4",",0","2",",0","0",",0","0",",0","0",",0","0",",0","0",",0","29",",0","0",",0","","","19751222",",,0","19751231","+,,0","19751231","+,,0","2","","19751209",",,0","19751202",",,0","7.8",",0,22,","0",",,0,31,+","0",",,0,31,+","34.5",",,0,09,","28.9",",0,02,","","","12.8",",0","77.2",",,,0","0",",,,0","21.50",",0","25.32",",,,0","17.67",",,,0"
"USC00088841","1976-01","25.0069","-80.5211","1.5","TAVERNIER, FL US","77.1","0","77.1",",0","5",",0","2",",0","0",",0","0",",0","0",",0","0",",0","0",",0","0",",0","27",",0","0",",0","","","19760118",",,0","19760131","+,,0","19760131","+,,0","","","19760114",",,0","19760127","+,,0","6.1",",0,18,","0",",,0,31,+","0",",,0,31,+","13.2",",,0,14,","28.3",",0,27,+","","","29.9",",0","29.1",",,,0","0",",,,0","19.85",",0","24.24",",,,0","15.47",",,,0"
"USC00088841","1976-02","25.0069","-80.5211","1.5","TAVERNIER, FL US","172.9","0","95.8",",0","6",",0","4",",0","2",",0","0",",0","0",",0","0",",0","0",",0","0",",0","26",",0","0",",0","","","19760203",",,0","19760229","+,,0","19760229","+,,0","1","","19760225",",,0","19760229","+,,0","9.4",",0,03,","0",",,0,29,+","0",",,0,29,+","58.9",",,0,25,","28.9",",0,29,+","","","7.9",",0","99.2",",,,0","0",",,,0","21.36",",0","25.74",",,,0","16.99",",,,0"
"USC00088841","1976-03","25.0069","-80.5211","1.5","TAVERNIER, FL US","380.8","0","207.9",",0","6",",0","4",",0","0",",0","0",",0","0",",0","0",",0","0",",0","0",",0","31",",0","0",",0","","","19760318",",,0","19760331","+,,0","19760331","+,,0","","","19760305",",,0","19760322",",,0","15.6",",0,18,","0",",,0,31,+","0",",,0,31,+","6.9",",,0,05,","31.1",",0,22,","","","0.0",",0","21.5",",,,0","0",",,,0","25.04",",0","28.78",",,,0","21.30",",,,0"
"USC00088841","1976-04","25.0069","-80.5211","1.5","TAVERNIER, FL US","561.0","0","180.2",",0","8",",0","5",",0","1",",0","0",",0","0",",0","0",",0","0",",0","0",",0","30",",0","0",",0","","","19760413",",,0","19760430","+,,0","19760430","+,,0","3","","19760407",",,0","19760427",",,0","16.7",",0,13,","0",",,0,30,+","0",",,0,30,+","29.5",",,0,07,","31.7",",0,27,","","","0.0",",0","67.9",",,,0","0",",,,0","24.34",",0","28.70",",,,0","19.98",",,,0"
"USC00088841","1976-05","25.0069","-80.5211","1.5","TAVERNIER, FL US","825.8","0","264.8",",0","11",",0","8",",0","3",",0","0",",0","0",",0","0",",0","0",",0","0",",0","31",",0","4",",0","","","19760504",",,0","19760531","+,,0","19760531","+,,0","10","","19760522",",,0","19760528","+,,0","20.0",",0,04,","0",",,0,31,+","0",",,0,31,+","45.5",",,0,22,","32.2",",0,28,+","","","0.0",",0","171.1",",,,0","0",",,,0","26.87",",0","30.72",",,,0","23.03",",,,0"
"USC00088841","1976-06","25.0069","-80.5211","1.5","TAVERNIER, FL US","1081.2","0","255.4",",0","17",",0","13",",0","3",",0","0",",0","0",",0","0",",0","0",",0","0",",0","30",",0","1",",0","","","19760623",",,0","19760630","+,,0","19760630","+,,0","6","","19760623",",,0","19760602",",,0","20.0",",0,23,","0",",,0,30,+","0",",,0,30,+","83.3",",,0,23,","32.2",",0,02,","","","0.0",",0","308.5",",,,0","0",",,,0","26.85",",0","30.53",",,,0","23.16",",,,0"
"USC00088841","1976-07","25.0069","-80.5211","1.5","TAVERNIER, FL US","1409.1","0","327.9",",0","8",",0","4",",0","2",",0","0",",0","0",",0","0",",0","0",",0","0",",0","31",",0","27",",0","","","19760709",",,0","19760731","+,,0","19760731","+,,0","4","","19760722",",,0","19760721","+,,0","20.6",",0,09,","0",",,0,31,+","0",",,0,31,+","34.0",",,0,22,","34.4",",0,21,+","0.0","0","0.0",",0","85.8",",,,0","0",",,,0","28.91",",0","32.96",",,,0","24.86",",,,0"
"USC00088841","1976-08","25.0069","-80.5211","1.5","TAVERNIER, FL US","1741.6","0","332.5",",0","17",",0","9",",0","2",",0","0",",0","0",",0","0",",0","0",",0","0",",0","31",",0","27",",0","","","19760819","+,,0","19760831","+,,0","19760831","+,,0","11","","19760819",",,0","19760816","+,,0","22.2",",0,19,+","0",",,0,31,+","0",",,0,31,+","72.4",",,0,19,","35.0",",0,16,+","0.0","0","0.0",",0","187.5",",,,0","0",",,,0","29.06",",0","33.27",",,,0","24.85",",,,0"
"USC00088841","1976-09","25.0069","-80.5211","1.5","TAVERNIER, FL US","2047.7","0","306.1",",0","13",",0","8",",0","2",",0","0",",0","0",",0","0",",0","0",",0","0",",0","30",",0","24",",0","","","19760925","+,,0","19760930","+,,0","19760930","+,,0","7","","19760925",",,0","19760911","+,,0","22.2",",0,25,+","0",",,0,30,+","0",",,0,30,+","56.1",",,0,25,","33.9",",0,11,+","0.0","0","0.0",",0","141.5",",,,0","0",",,,0","28.54",",0","32.52",",,,0","24.55",",,,0"
"USC00088841","1976-10","25.0069","-80.5211","1.5","TAVERNIER, FL US","2304.6","0","256.9",",0","6",",0","1",",0","1",",0","0",",0","0",",0","0",",0","0",",0","0",",0","31",",0","7",",0","","","19761003",",,0","19761031","+,,0","19761031","+,,0","2","","19761001",",,0","19761008","+,,0","17.2",",0,03,","0",",,0,31,+","0",",,0,31,+","35.3",",,0,01,","32.8",",0,08,+","0.0","0","0.0",",0","38.6",",,,0","0",",,,0","26.62",",0","30.71",",,,0","22.54",",,,0"
"USC00088841","1976-11","25.0069","-80.5211","1.5","TAVERNIER, FL US","2462.5","0","157.9",",0","7",",0","5",",0","1",",0","0",",0","0",",0","0",",0","0",",0","0",",0","29",",0","0",",0","","","19761123","+,,0","19761130","+,,0","19761130","+,,0","","","19761103",",,0","19761130","+,,0","13.9",",0,23,+","0",",,0,30,+","0",",,0,30,+","27.7",",,0,03,","31.1",",0,30,+","1.1","0","1.1",",0","53.9",",,,0","0",",,,0","23.56",",0","27.50",",,,0","19.62",",,,0"
"USC00088841","1976-12","25.0069","-80.5211","1.5","TAVERNIER, FL US","2570.4","0","107.9","1,0","8",",0","3",",0","0",",0","0",",0","0",",0","0","1,0","0","1,0","0",",0","30",",0","0",",0","","","19761228",",1,0","19761231","+,,0","19761231","+,,0","","","19761207",",,0","19761215",",,0","7.8","1,0,28,","0",",,0,31,+","0",",,0,31,+","12.7",",,0,07,","30.6",",0,15,","9.5","0","8.4",",0","34.1",",,,0","0",",,,0","21.63","1,0","25.95",",,,0","17.32","1,,,0"
"USC00088841","1977-01","25.0069","-80.5211","1.5","TAVERNIER, FL US","47.2","0","47.2",",0","8",",0","3",",0","1",",0","0",",0","0",",0","0",",0","0",",0","0",",0","24",",0","0",",0","","","19770120",",,0","19770131","+,,0","19770131","+,,0","","","19770129",",,0","19770128","+,,0","2.2",",0,20,","0",",,0,31,+","0",",,0,31,+","25.9",",,0,29,","27.2",",0,28,+","73.3","0","63.8",",0","58.0",",,,0","0",",,,0","17.80",",0","22.89",",,,0","12.71",",,,0"
"USC00088841","1977-02","25.0069","-80.5211","1.5","TAVERNIER, FL US","112.0","0","64.8",",0","5",",0","2",",0","1",",0","0",",0","0",",0","0",",0","0",",0","0",",0","24",",0","0",",0","","","19770217",",,0","19770228","+,,0","19770228","+,,0","","","19770215",",,0","19770227",",,0","7.2",",0,17,","0",",,0,28,+","0",",,0,28,+","27.9",",,0,15,","28.9",",0,27,","87.9","0","14.6",",0","35.0",",,,0","0",",,,0","20.13",",0","24.50",",,,0","15.75",",,,0"
"USC00088841","1977-03","25.0069","-80.5211","1.5","TAVERNIER, FL US","314.5","0","202.5",",0","3",",0","3",",0","0",",0","0",",0","0",",0","0",",0","0",",0","0",",0","31",",0","0",",0","","","19770302","+,,0","19770331","+,,0","19770331","+,,0","","","19770310",",,0","19770322","+,,0","13.9",",0,02,+","0",",,0,31,+","0",",,0,31,+","9.1",",,0,10,","31.7",",0,22,+","87.9","0","0.0",",0","14.1",",,,0","0",",,,0","24.87",",0","29.05",",,,0","20.69",",,,0"
"USC00088841","1977-04","25.0069","-80.5211","1.5","TAVERNIER, FL US","516.5","0","202.0",",0","6",",0","3",",0","1",",0","0",",0","0",",0","0",",0","0",",0","0",",0","30",",0","0",",0","","","19770427",",,0","19770430","+,,0","19770430","+,,0","1","","19770411",",,0","19770402",",,0","17.8",",0,27,","0",",,0,30,+","0",",,0,30,+","27.4",",,0,11,","31.7",",0,02,","87.9","0","0.0",",0","46.8",",,,0","0",",,,0","25.07",",0","28.92",",,,0","21.21",",,,0"
"USC00088841","1977-05","25.0069","-80.5211","1.5","TAVERNIER, FL US","755.0","0","238.5",",0","9",",0","8",",0","2",",0","0",",0","0",",0","0",",0","0",",0","0",",0","31",",0","3",",0","","","19770514",",,0","19770531","+,,0","19770531","+,,0","6","","19770505",",,0","19770531","+,,0","20.0",",0,14,","0",",,0,31,+","0",",,0,31,+","67.1",",,0,05,","32.2",",0,31,+","87.9","0","0.0",",0","168.9",",,,0","0",",,,0","26.03",",0","29.90",",,,0","22.15",",,,0"
"USC00088841","1977-06","25.0069","-80.5211","1.5","TAVERNIER, FL US","1070.3","0","315.3",",0","7",",0","4",",0","1",",0","0",",0","0",",0","0",",0","0",",0","0",",0","30",",0","19",",0","","","19770602",",,0","19770630","+,,0","19770630","+,,0","2","","19770602",",,0","19770630",",,0","21.7",",0,02,","0",",,0,30,+","0",",,0,30,+","48.0",",,0,02,","35.6",",0,30,","87.9","0","0.0",",0","68.1",",,,0","0",",,,0","28.84",",0","32.74",",,,0","24.95",",,,0"
"USC00088841","1977-07","25.0069","-80.5211","1.5","TAVERNIER, FL US","1415.3","0","345.0",",0","12",",0","6",",0","0",",0","0",",0","0",",0","0",",0","0",",0","0",",0","31",",0","26",",0","","","19770724",",,0","19770731","+,,0","19770731","+,,0","8","","19770719",",,0","19770714",",,0","21.7",",0,24,","0",",,0,31,+","0",",,0,31,+","19.3",",,0,19,","35.6",",0,14,","0.0","0","0.0",",0","72.6",",,,0","0",",,,0","29.46",",0","33.63",",,,0","25.29",",,,0"
"USC00088841","1977-08","25.0069","-80.5211","1.5","TAVERNIER, FL US","1759.1","0","343.8",",0","18",",0","9",",0","1",",0","0",",0","0",",0","0",",0","0",",0","0",",0","31",",0","26",",0","","","19770831",",,0","19770831","+,,0","19770831","+,,0","11","","19770831",",,0","19770825","+,,0","21.7",",0,31,","0",",,0,31,+","0",",,0,31,+","47.0",",,0,31,","35.0",",0,25,+","0.0","0","0.0",",0","137.5",",,,0","0",",,,0","29.42",",0","33.26",",,,0","25.58",",,,0"
"USC00088841","1977-09","25.0069","-80.5211","1.5","TAVERNIER, FL US","2069.9","0","310.8",",0","12",",0","7",",0","3",",0","0",",0","0",",0","0",",0","0",",0","0",",0","30",",0","27",",0","","","19770919",",,0","19770930","+,,0","19770930","+,,0","11","","19770902",",,0","19770930","+,,0","22.2",",0,19,","0",",,0,30,+","0",",,0,30,+","77.0",",,0,02,","33.9",",0,30,+","0.0","0","0.0",",0","184.8",",,,0","0",",,,0","28.69",",0","32.79",",,,0","24.60",",,,0"
"USC00088841","1977-10","25.0069","-80.5211","1.5","TAVERNIER, FL US","2307.3","0","237.4",",0","4",",0","2",",0","1",",0","0",",0","0",",0","0",",0","0",",0","0",",0","31",",0","9",",0","","","19771018",",,0","19771031","+,,0","19771031","+,,0","2","","19771022",",,0","19771002",",,0","15.6",",0,18,","0",",,0,31,+","0",",,0,31,+","124.2",",,0,22,","33.9",",0,02,","0.0","0","0.0",",0","128.3",",,,0","0",",,,0","25.99",",0","30.55",",,,0","21.43",",,,0"
"USC00088841","1977-11","25.0069","-80.5211","1.5","TAVERNIER, FL US","2480.2","0","172.9",",0","7",",0","3",",0","2",",0","0",",0","0",",0","0",",0","0",",0","0",",0","29",",0","0",",0","","","19771113",",,0","19771130","+,,0","19771130","+,,0","2","","19771124",",,0","19771109","+,,0","13.3",",0,13,","0",",,0,30,+","0",",,0,30,+","136.7",",,0,24,","31.1",",0,09,+","0.8","0","0.8",",0","207.1",",,,0","0",",,,0","24.07",",0","27.98",",,,0","20.16",",,,0"
"USC00088841","1977-12","25.0069","-80.5211","1.5","TAVERNIER, FL US","2601.9","0","121.7",",0","9",",0","4",",0","0",",0","0",",0","0",",0","0",",0","0",",0","0",",0","27",",0","0",",0","","","19771228","+,,0","19771231","+,,0","19771231","+,,0","1","","19771217",",,0","19771201",",,0","8.9",",0,28,+","0",",,0,31,+","0",",,0,31,+","20.8",",,0,17,","30.6",",0,01,","19.7","0","18.9",",0","54.8",",,,0","0",",,,0","21.65",",0","25.56",",,,0","17.74",",,,0"
"USC00088841","1978-01","25.0069","-80.5211","1.5","TAVERNIER, FL US","61.5","0","61.5",",0","9",",0","4",",0","0",",0","0",",0","0",",0","0",",0","0",",0","0",",0","22",",0","0",",0","","","19780130",",,0","19780131","+,,0","19780131","+,,0","2","","19780120",",,0","19780125",",,0","6.1",",0,30,","0",",,0,31,+","0",",,0,31,+","16.0",",,0,20,","27.8",",0,25,","64.2","0","44.5",",0","36.6",",,,0","0",",,,0","18.88",",0","23.26",",,,0","14.50",",,,0"
"USC00088841","1978-02","25.0069","-80.5211","1.5","TAVERNIER, FL US","96.5","0","35.0",",0","6",",0","6",",0","0",",0","0",",0","0",",0","0",",0","0",",0","0",",0","18",",0","0",",0","","","19780207",",,0","19780228","+,,0","19780228","+,,0","","","19780206",",,0","19780217","+,,0","7.2",",0,07,","0",",,0,28,+","0",",,0,28,+","23.4",",,0,06,","27.8",",0,17,+","105.1","0","40.9",",0","68.5",",,,0","0",",,,0","18.12",",0","22.73",",,,0","13.52",",,,0"
"USC00088841","1978-03","25.0069","-80.5211","1.5","TAVERNIER, FL US","218.0","0","121.5",",0","7",",0","3",",0","1",",0","0",",0","0",",0","0",",0","0",",0","0",",0","30",",0","0",",0","","","19780305",",,0","19780331","+,,0","19780331","+,,0","","","19780304",",,0","19780316","+,,0","9.4",",0,05,","0",",,0,31,+","0",",,0,31,+","29.2",",,0,04,","29.4",",0,16,+","110.6","0","5.5",",0","40.4",",,,0","0",",,,0","22.08",",0","26.52",",,,0","17.63",",,,0"
"USC00088841","1978-04","25.0069","-80.5211","1.5","TAVERNIER, FL US","423.5","0","205.5",",0","4",",0","2",",0","0",",0","0",",0","0",",0","0",",0","0",",0","0",",0","30",",0","0",",0","","","19780428","+,,0","19780430","+,,0","19780430","+,,0","","","19780424",",,0","19780420",",,0","17.2",",0,28,+","0",",,0,30,+","0",",,0,30,+","24.6",",,0,24,","31.7",",0,20,","110.6","0","0.0",",0","38.7",",,,0","0",",,,0","25.18",",0","29.37",",,,0","20.99",",,,0"
"USC00088841","1978-05","25.0069","-80.5211","1.5","TAVERNIER, FL US","703.9","0","280.4",",0","10",",0","9",",0","3",",0","0",",0","0",",0","0",",0","0",",0","0",",0","31",",0","12",",0","","","19780516",",,0","19780531","+,,0","19780531","+,,0","","","19780528",",,0","19780508",",,0","18.3",",0,16,","0",",,0,31,+","0",",,0,31,+","38.6",",,0,28,","33.3",",0,08,","110.6","0","0.0",",0","178.3",",,,0","0",",,,0","27.38",",0","31.31",",,,0","23.45",",,,0"
"USC00088841","1978-06","25.0069","-80.5211","1.5","TAVERNIER, FL US","1016.6","0","312.7",",0","11",",0","4",",0","2",",0","0",",0","0",",0","0",",0","0",",0","0",",0","30",",0","23",",0","","","19780618","+,,0","19780630","+,,0","19780630","+,,0","","","19780618",",,0","19780611",",,0","21.7",",0,18,+","0",",,0,30,+","0",",,0,30,+","107.2",",,0,18,","34.4",",0,11,","110.6","0","0.0",",0","182.9",",,,0","0",",,,0","28.76",",0","32.48",",,,0","25.03",",,,0"
"USC00088841","1978-07","25.0069","-80.5211","1.5","TAVERNIER, FL US","1356.1","0","339.5","1,0","13",",0","6",",0","0",",0","0",",0","0",",0","0","1,0","0","1,0","0",",0","31",",0","29",",0","","","19780714","+,1,0","19780731","+,,0","19780731","+,,0","","","19780714",",,0","19780731","+,,0","23.3","1,0,14,+","0",",,0,31,+","0",",,0,31,+","8.9",",,0,14,","35.0",",0,31,+","0.0","0","0.0",",0","39.3",",,,0","0",",,,0","29.65","1,0","33.92",",,,0","25.38","1,,,0"
"USC00088841","1978-08","25.0069","-80.5211","1.5","TAVERNIER, FL US","1678.8","0","322.7",",0","12",",0","8",",0","1",",0","0",",0","0",",0","0",",0","0",",0","0",",0","31",",0","23",",0","","","19780825",",,0","19780831","+,,0","19780831","+,,0","","","19780824",",,0","19780821",",,0","21.1",",0,25,","0",",,0,31,+","0",",,0,31,+","43.2",",,0,24,","35.0",",0,21,","0.0","0","0.0",",0","121.4",",,,0","0",",,,0","28.74",",0","32.74",",,,0","24.75",",,,0"
"USC00088841","1978-09","25.0069","-80.5211","1.5","TAVERNIER, FL US","1956.0","0","277.2",",0","12",",0","9",",0","0",",0","0",",0","0",",0","0",",0","0",",0","0",",0","30",",0","8",",0","","","19780928","+,,0","19780930","+,,0","19780930","+,,0","","","19780915",",,0","19780930","+,,0","22.2",",0,28,+","0",",,0,30,+","0",",,0,30,+","20.1",",,0,15,","32.2",",0,30,+","0.0","0","0.0",",0","103.0",",,,0","0",",,,0","27.57",",0","31.36",",,,0","23.78",",,,0"
"USC00088841","1978-10","25.0069","-80.5211","1.5","TAVERNIER, FL US","2204.8","0","248.8",",0","15",",0","11",",0","4",",0","0",",0","0",",0","0",",0","0",",0","0",",0","31",",0","3",",0","","","19781027",",,0","19781031","+,,0","19781031","+,,0","","","19781012",",,0","19781006",",,0","19.4",",0,27,","0",",,0,31,+","0",",,0,31,+","36.3",",,0,12,","32.8",",0,06,","0.0","0","0.0",",0","184.5",",,,0","0",",,,0","26.36",",0","29.82",",,,0","22.90",",,,0"
"USC00088841","1978-11","25.0069","-80.5211","1.5","TAVERNIER, FL US","2415.6","0","210.8","1,0","11",",0","5",",0","1",",0","0",",0","0",",0","0","1,0","0","1,0","0",",0","30",",0","0",",0","","","19781105",",1,0","19781130","+,,0","19781130","+,,0","","","19781108",",,0","19781130","+,,0","15.6","1,0,05,","0",",,0,30,+","0",",,0,30,+","28.4",",,0,08,","31.1",",0,30,+","0.0","0","0.0",",0","63.7",",,,0","0",",,,0","25.62","1,0","29.36",",,,0","21.89","1,,,0"
"USC00088841","1978-12","25.0069","-80.5211","1.5","TAVERNIER, FL US","2609.1","0","193.5",",0","11",",0","3",",0","0",",0","0",",0","0",",0","0",",0","0",",0","0",",0","31",",0","0",",0","","","19781219",",,0","19781231","+,,0","19781231","+,,0","","","19781211",",,0","19781206",",,0","15.6",",0,19,","0",",,0,31,+","0",",,0,31,+","16.3",",,0,11,","31.1",",0,06,","0.0","0","0.0",",0","38.2",",,,0","0",",,,0","24.57",",0","28.48",",,,0","20.67",",,,0"
"USC00088841","1979-01","25.0069","-80.5211","1.5","TAVERNIER, FL US","83.7","0","83.7","1,0","9",",0","6",",0","0",",0","0",",0","0",",0","0","1,0","0","1,0","0",",0","28",",0","0",",0","","","19790103",",1,0","19790131","+,,0","19790131","+,,0","","","19790113",",,0","19790114",",,0","6.7","1,0,03,","0",",,0,31,+","0",",,0,31,+","15.2",",,0,13,","28.9",",0,14,","16.0","0","16.0",",0","59.2",",,,0","0",",,,0","20.63","1,0","25.05",",,,0","16.22","1,,,0"
"USC00088841","1979-02","25.0069","-80.5211","1.5","TAVERNIER, FL US","174.2","0","90.5",",0","5",",0","2",",0","0",",0","0",",0","0",",0","0",",0","0",",0","0",",0","26",",0","0",",0","","","19790201",",,0","19790228","+,,0","19790228","+,,0","","","19790208",",,0","19790224",",,0","7.2",",0,01,","0",",,0,28,+","0",",,0,28,+","4.8",",,0,08,","29.4",",0,24,","32.1","0","16.1",",0","10.0",",,,0","0",",,,0","20.99",",0","25.49",",,,0","16.49",",,,0"
"USC00088841","1979-03","25.0069","-80.5211","1.5","TAVERNIER, FL US","327.6","0","153.4",",0","1",",0","1",",0","0",",0","0",",0","0",",0","0",",0","0",",0","0",",0","31",",0","0",",0","","","19790308",",,0","19790331","+,,0","19790331","+,,0","","","19790307",",,0","19790322",",,0","11.7",",0,08,","0",",,0,31,+","0",",,0,31,+","14.7",",,0,07,","30.0",",0,22,","32.4","0","0.3",",0","14.7",",,,0","0",",,,0","23.27",",0","27.49",",,,0","19.05",",,,0"
"USC00088841","1979-04","25.0069","-80.5211","1.5","TAVERNIER, FL US","565.7","0","238.1",",0","4",",0","4",",0","1",",0","0",",0","0",",0","0",",0","0",",0","0",",0","30",",0","4",",0","","","19790405",",,0","19790430","+,,0","19790430","+,,0","","","19790425",",,0","19790414","+,,0","19.4",",0,05,","0",",,0,30,+","0",",,0,30,+","79.5",",,0,25,","32.2",",0,14,+","32.4","0","0.0",",0","112.8",",,,0","0",",,,0","26.27",",0","30.18",",,,0","22.35",",,,0"
"USC00088841","1979-05","25.0069","-80.5211","1.5","TAVERNIER, FL US","834.6","0","268.9",",0","13",",0","8",",0","1",",0","0",",0","0",",0","0",",0","0",",0","0",",0","31",",0","4",",0","","","19790521",",,0","19790531","+,,0","19790531","+,,0","","","19790501",",,0","19790528",",,0","19.4",",0,21,","0",",,0,31,+","0",",,0,31,+","28.2",",,0,01,","32.8",",0,28,","32.4","0","0.0",",0","98.3",",,,0","0",",,,0","27.01",",0","30.72",",,,0","23.29",",,,0"
"USC00088841","1979-06","25.0069","-80.5211","1.5","TAVERNIER, FL US","1156.2","0","321.6",",0","9",",0","5",",0","1",",0","0",",0","0",",0","0",",0","0",",0","0",",0","30",",0","26",",0","","","19790612",",,0","19790630","+,,0","19790630","+,,0","","","19790629",",,0","19790626","+,,0","20.0",",0,12,","0",",,0,30,+","0",",,0,30,+","25.7",",,0,29,","35.0",",0,26,+","32.4","0","0.0",",0","51.9",",,,0","0",",,,0","29.05",",0","33.20",",,,0","24.91",",,,0"
"USC00088841","1979-07","25.0069","-80.5211","1.5","TAVERNIER, FL US","1511.8","0","355.6",",0","10",",0","4",",0","1",",0","0",",0","0",",0","0",",0","0",",0","0",",0","31",",0","27",",0","","","19790721",",,0","19790731","+,,0","19790731","+,,0","","","19790721",",,0","19790717","+,,0","23.3",",0,21,","0",",,0,31,+","0",",,0,31,+","96.3",",,0,21,","35.6",",0,17,+","0.0","0","0.0",",0","119.8",",,,0","0",",,,0","29.80",",0","33.62",",,,0","25.99",",,,0"
"USC00088841","1979-08","25.0069","-80.5211","1.5","TAVERNIER, FL US","1854.8","0","343.0",",0","17",",0","8",",0","2",",0","0",",0","0",",0","0",",0","0",",0","0",",0","31",",0","28",",0","","","19790828",",,0","19790831","+,,0","19790831","+,,0","15","","19790828",",,0","19790804",",,0","22.2",",0,28,","0",",,0,31,+","0",",,0,31,+","51.1",",,0,28,","35.0",",0,04,","0.0","0","0.0",",0","138.3",",,,0","0",",,,0","29.40",",0","33.34",",,,0","25.46",",,,0"
"USC00088841","1979-10","25.0069","-80.5211","1.5","TAVERNIER, FL US","","","259.0",",0","10",",0","8",",0","2",",0","0",",0","0",",0","0",",0","0",",0","0",",0","31",",0","4",",0","","","19791025",",,0","19791031","+,,0","19791031","+,,0","","","19791015",",,0","19791011","+,,0","20.0",",0,25,","0",",,0,31,+","0",",,0,31,+","84.8",",,0,15,","32.2",",0,11,+","","","0.0",",0","189.7",",,,0","0",",,,0","26.69",",0","30.13",",,,0","23.25",",,,0"
"USC00088841","1979-11","25.0069","-80.5211","1.5","TAVERNIER, FL US","","","200.8",",0","8",",0","3",",0","0",",0","0",",0","0",",0","0",",0","0",",0","0",",0","30",",0","0",",0","","","19791130",",,0","19791130","+,,0","19791130","+,,0","1","","19791125",",,0","19791103",",,0","12.8",",0,30,","0",",,0,30,+","0",",,0,30,+","15.5",",,0,25,","31.7",",0,03,","","","0.5",",0","40.0",",,,0","0",",,,0","25.01",",0","28.54",",,,0","21.48",",,,0"
"USC00088841","1979-12","25.0069","-80.5211","1.5","TAVERNIER, FL US","","","110.3","1,0","3",",0","1",",0","1",",0","0",",0","0",",0","0",",0","0",",0","0","1,0","30","1,0","0","1,0","","","19791227",",,0","19791231","+,,0","19791231","+,,0","","","19791206",",,0","19791215","+,1,0","12.2",",0,27,","0",",,0,31,+","0",",,0,31,+","54.6",",,0,06,","28.9","1,0,15,+","","","2.0","1,0","57.2",",,,0","0",",,,0","21.96","1,0","26.18","1,,,0","17.75",",,,0"
"USC00088841","1980-01","25.0069","-80.5211","1.5","TAVERNIER, FL US","106.5","0","106.5",",0","4",",0","2",",0","0",",0","0",",0","0",",0","0",",0","0",",0","0",",0","29",",0","0",",0","","","19800125","+,,0","19800131","+,,0","19800131","+,,0","2","","19800127",",,0","19800126","+,,0","10.0",",0,25,+","0",",,0,31,+","0",",,0,31,+","8.6",",,0,27,","28.9",",0,26,+","","","10.8",",0","18.5",",,,0","0",",,,0","21.42",",0","25.79",",,,0","17.05",",,,0"
"USC00088841","1980-02","25.0069","-80.5211","1.5","TAVERNIER, FL US","162.8","0","56.3",",0","4",",0","4",",0","0",",0","0",",0","0",",0","0",",0","0",",0","0",",0","25",",0","0",",0","","","19800204",",,0","19800229","+,,0","19800229","+,,0","1","","19800217",",,0","19800224","+,,0","6.1",",0,04,","0",",,0,29,+","0",",,0,29,+","16.8",",,0,17,","30.0",",0,24,+","","","27.0",",0","49.9",",,,0","0",",,,0","19.34",",0","24.41",",,,0","14.28",",,,0"
"USC00088841","1980-03","25.0069","-80.5211","1.5","TAVERNIER, FL US","353.3","0","190.5",",0","2",",0","2",",0","0",",0","0",",0","0",",0","0",",0","0",",0","0",",0","29",",0","1",",0","","","19800303",",,0","19800331","+,,0","19800331","+,,0","1","","19800302",",,0","19800330",",,0","4.4",",0,03,","0",",,0,31,+","0",",,0,31,+","22.4",",,0,02,","32.2",",0,30,","","","12.2",",0","24.9",",,,0","0",",,,0","24.09",",0","28.50",",,,0","19.67",",,,0"
"USC00088841","1980-04","25.0069","-80.5211","1.5","TAVERNIER, FL US","567.1","0","213.8",",0","7",",0","4",",0","2",",0","0",",0","0",",0","0",",0","0",",0","0",",0","30",",0","6",",0","","","19800430",",,0","19800430","+,,0","19800430","+,,0","6","","19800407",",,0","19800426","+,,0","16.7",",0,30,","0",",,0,30,+","0",",,0,30,+","36.8",",,0,07,","32.2",",0,26,+","","","0.0",",0","100.1",",,,0","0",",,,0","25.46",",0","29.81",",,,0","21.11",",,,0"
"USC00088841","1980-05","25.0069","-80.5211","1.5","TAVERNIER, FL US","843.7","0","276.6",",0","9",",0","3",",0","1",",0","0",",0","0",",0","0",",0","0",",0","0",",0","31",",0","14",",0","","","19800501",",,0","19800531","+,,0","19800531","+,,0","8","","19800526",",,0","19800524","+,,0","17.8",",0,01,","0",",,0,31,+","0",",,0,31,+","32.5",",,0,26,","33.9",",0,24,+","","","0.0",",0","45.1",",,,0","0",",,,0","27.26",",0","31.61",",,,0","22.91",",,,0"
"USC00088841","1980-06","25.0069","-80.5211","1.5","TAVERNIER, FL US","1151.0","0","307.3",",0","10",",0","6",",0","2",",0","0",",0","0",",0","0",",0","0",",0","0",",0","30",",0","24",",0","","","19800623",",,0","19800630","+,,0","19800630","+,,0","13","","19800611",",,0","19800628",",,0","20.6",",0,23,","0",",,0,30,+","0",",,0,30,+","29.7",",,0,11,","35.0",",0,28,","","","0.0",",0","115.5",",,,0","0",",,,0","28.58",",0","32.96",",,,0","24.20",",,,0"
"USC00088841","1980-07","25.0069","-80.5211","1.5","TAVERNIER, FL US","1491.2","0","340.2",",0","13",",0","9",",0","3",",0","0",",0","0",",0","0",",0","0",",0","0",",0","31",",0","28",",0","","","19800725","+,,0","19800731","+,,0","19800731","+,,0","17","","19800718",",,0","19800714","+,,0","22.2",",0,25,+","0",",,0,31,+","0",",,0,31,+","36.6",",,0,18,","35.6",",0,14,+","0.0","0","0.0",",0","129.4",",,,0","0",",,,0","29.31",",0","33.73",",,,0","24.89",",,,0"
"USC00088841","1980-08","25.0069","-80.5211","1.5","TAVERNIER, FL US","1842.5","0","351.3",",0","13",",0","6",",0","2",",0","0",",0","0",",0","0",",0","0",",0","0",",0","31",",0","29",",0","","","19800825","+,,0","19800831","+,,0","19800831","+,,0","19","","19800813",",,0","19800805",",,0","22.2",",0,25,+","0",",,0,31,+","0",",,0,31,+","40.9",",,0,13,","35.6",",0,05,","0.0","0","0.0",",0","104.8",",,,0","0",",,,0","29.67",",0","33.88",",,,0","25.45",",,,0"
"USC00088841","1980-09","25.0069","-80.5211","1.5","TAVERNIER, FL US","2149.3","0","306.8","1,0","18",",0","9",",0","2",",0","0",",0","0",",0","0","1,0","0","1,0","0",",0","30",",0","25",",0","","","19800911",",1,0","19800930","+,,0","19800930","+,,0","12","","19800914",",,0","19800907",",,0","19.4","1,0,11,","0",",,0,30,+","0",",,0,30,+","49.8",",,0,14,","34.4",",0,07,","0.0","0","0.0",",0","143.1",",,,0","0",",,,0","28.85","1,0","32.88",",,,0","24.82","1,,,0"
"USC00088841","1980-10","25.0069","-80.5211","1.5","TAVERNIER, FL US","2428.9","0","279.6",",0","15",",0","9",",0","3",",0","0",",0","0",",0","0",",0","0",",0","0",",0","31",",0","12",",0","","","19801026",",,0","19801031","+,,0","19801031","+,,0","6","","19801007",",,0","19801002","+,,0","18.9",",0,26,","0",",,0,31,+","0",",,0,31,+","45.7",",,0,07,","34.4",",0,02,+","0.0","0","0.0",",0","161.2",",,,0","0",",,,0","27.35",",0","31.30",",,,0","23.41",",,,0"
"USC00088841","1980-11","25.0069","-80.5211","1.5","TAVERNIER, FL US","2596.9","0","168.0",",0","12",",0","6",",0","1",",0","0",",0","0",",0","0",",0","0",",0","0",",0","30",",0","1",",0","","","19801130",",,0","19801130","+,,0","19801130","+,,0","6","","19801112",",,0","19801104",",,0","12.8",",0,30,","0",",,0,30,+","0",",,0,30,+","49.0",",,0,12,","32.2",",0,04,","1.1","0","1.1",",0","106.2",",,,0","0",",,,0","23.90",",0","27.44",",,,0","20.35",",,,0"
"USC00088841","1980-12","25.0069","-80.5211","1.5","TAVERNIER, FL US","2682.6","0","85.7",",0","5",",0","3",",0","0",",0","0",",0","0",",0","0",",0","0",",0","0",",0","26",",0","0",",0","","","19801229",",,0","19801231","+,,0","19801231","+,,0","","","19801224",",,0","19801210","+,,0","6.7",",0,29,","0",",,0,31,+","0",",,0,31,+","13.0",",,0,24,","28.9",",0,10,+","27.0","0","25.9",",0","25.3",",,,0","0",",,,0","20.26",",0","24.54",",,,0","15.98",",,,0"
"USC00088841","1981-01","25.0069","-80.5211","1.5","TAVERNIER, FL US","10.1","0","10.1",",0","2",",0","1",",0","0",",0","0",",0","0",",0","0",",0","0",",0","0",",0","23",",0","0",",0","","","19810113",",,0","19810131","+,,0","19810131","+,,0","","","19810124",",,0","19810116",",,0","1.7",",0,13,","0",",,0,31,+","0",",,0,31,+","11.7",",,0,24,","26.7",",0,16,","93.6","0","66.6",",0","13.2",",,,0","0",",,,0","16.51",",0","22.21",",,,0","10.81",",,,0"
"USC00088841","1981-02","25.0069","-80.5211","1.5","TAVERNIER, FL US","110.4","0","100.3",",0","6",",0","3",",0","0",",0","0",",0","0",",0","0",",0","0",",0","0",",0","27",",0","0",",0","","","19810204",",,0","19810228","+,,0","19810228","+,,0","3","","19810219",",,0","19810211",",,0","7.2",",0,04,","0",",,0,28,+","0",",,0,28,+","24.4",",,0,19,","30.0",",0,11,","102.7","0","9.1",",0","54.7",",,,0","0",",,,0","21.59",",0","26.16",",,,0","17.02",",,,0"
"USC00088841","1981-03","25.0069","-80.5211","1.5","TAVERNIER, FL US","221.2","0","110.8",",0","6",",0","5",",0","1",",0","0",",0","0",",0","0",",0","0",",0","0",",0","31",",0","0",",0","","","19810321",",,0","19810331","+,,0","19810331","+,,0","2","","19810326",",,0","19810331",",,0","8.9",",0,21,","0",",,0,31,+","0",",,0,31,+","30.5",",,0,26,","30.0",",0,31,","106.9","0","4.2",",0","54.7",",,,0","0",",,,0","21.77",",0","26.39",",,,0","17.15",",,,0"
"USC00088841","1981-04","25.0069","-80.5211","1.5","TAVERNIER, FL US","442.0","0","220.8",",0","4",",0","0",",0","0",",0","0",",0","0",",0","0",",0","0",",0","0",",0","30",",0","2",",0","","","19810424",",,0","19810430","+,,0","19810430","+,,0","","","19810406",",,0","19810430","+,,0","18.9",",0,24,","0",",,0,30,+","0",",,0,30,+","2.0",",,0,06,","32.2",",0,30,+","106.9","0","0.0",",0","3.8",",,,0","0",",,,0","25.69",",0","30.26",",,,0","21.13",",,,0"
"USC00088841","1981-05","25.0069","-80.5211","1.5","TAVERNIER, FL US","710.4","0","268.4",",0","6",",0","4",",0","0",",0","0",",0","0",",0","0",",0","0",",0","0",",0","31",",0","14",",0","","","19810516","+,,0","19810531","+,,0","19810531","+,,0","5","","19810511",",,0","19810531",",,0","19.4",",0,16,+","0",",,0,31,+","0",",,0,31,+","23.9",",,0,11,","33.9",",0,31,","106.9","0","0.0",",0","48.9",",,,0","0",",,,0","26.99",",0","31.73",",,,0","22.25",",,,0"
"USC00088841","1981-06","25.0069","-80.5211","1.5","TAVERNIER, FL US","1027.3","0","316.9",",0","14",",0","8",",0","1",",0","0",",0","0",",0","0",",0","0",",0","0",",0","30",",0","25",",0","","","19810619",",,0","19810630","+,,0","19810630","+,,0","7","","19810619",",,0","19810617",",,0","21.7",",0,19,","0",",,0,30,+","0",",,0,30,+","33.3",",,0,19,","35.6",",0,17,","106.9","0","0.0",",0","93.4",",,,0","0",",,,0","28.90",",0","33.00",",,,0","24.79",",,,0"
"USC00088841","1981-07","25.0069","-80.5211","1.5","TAVERNIER, FL US","1372.5","0","345.2",",0","14",",0","6",",0","1",",0","0",",0","0",",0","0",",0","0",",0","0",",0","31",",0","30",",0","","","19810726",",,0","19810731","+,,0","19810731","+,,0","11","","19810727",",,0","19810717","+,,0","22.2",",0,26,","0",",,0,31,+","0",",,0,31,+","25.4",",,0,27,","36.1",",0,17,+","0.0","0","0.0",",0","105.0",",,,0","0",",,,0","29.47",",0","33.79",",,,0","25.15",",,,0"
"USC00088841","1981-08","25.0069","-80.5211","1.5","TAVERNIER, FL US","1681.7","0","309.2",",0","21",",0","12",",0","4",",0","0",",0","0",",0","0",",0","0",",0","0",",0","31",",0","21",",0","","","19810826",",,0","19810831","+,,0","19810831","+,,0","11","","19810817",",,0","19810814","+,,0","21.1",",0,26,","0",",,0,31,+","0",",,0,31,+","104.9",",,0,17,","33.9",",0,14,+","0.0","0","0.0",",0","270.5",",,,0","0",",,,0","28.31",",0","32.24",",,,0","24.38",",,,0"
"USC00088841","1981-09","25.0069","-80.5211","1.5","TAVERNIER, FL US","1944.0","0","262.3",",0","23",",0","16",",0","5",",0","0",",0","0",",0","0",",0","0",",0","0",",0","30",",0","18",",0","","","19810927",",,0","19810930","+,,0","19810930","+,,0","19","","19810925",",,0","19810917","+,,0","18.9",",0,27,","0",",,0,30,+","0",",,0,30,+","62.5",",,0,25,","34.4",",0,17,+","0.0","0","0.0",",0","329.7",",,,0","0",",,,0","27.08",",0","31.80",",,,0","22.36",",,,0"
"USC00088841","1981-10","25.0069","-80.5211","1.5","TAVERNIER, FL US","2172.1","0","228.1",",0","10",",0","6",",0","1",",0","0",",0","0",",0","0",",0","0",",0","0",",0","31",",0","8",",0","","","19811017",",,0","19811031","+,,0","19811031","+,,0","3","","19811002",",,0","19811011","+,,0","16.7",",0,17,","0",",,0,31,+","0",",,0,31,+","74.7",",,0,02,","33.3",",0,11,+","0.0","0","0.0",",0","134.8",",,,0","0",",,,0","25.69",",0","30.48",",,,0","20.90",",,,0"
"USC00088841","1981-11","25.0069","-80.5211","1.5","TAVERNIER, FL US","2306.6","0","134.5",",0","7",",0","5",",0","0",",0","0",",0","0",",0","0",",0","0",",0","0",",0","30",",0","0",",0","","","19811119",",,0","19811130","+,,0","19811130","+,,0","","","19811111",",,0","19811105",",,0","12.2",",0,19,","0",",,0,30,+","0",",,0,30,+","19.6",",,0,11,","30.0",",0,05,","0.0","0","0.0",",0","47.0",",,,0","0",",,,0","22.82",",0","26.95",",,,0","18.68",",,,0"
"USC00088841","1981-12","25.0069","-80.5211","1.5","TAVERNIER, FL US","2406.8","0","100.2","1,0","4",",0","0",",0","0",",0","0",",0","0",",0","0",",0","0",",0","0","1,0","25","1,0","0","1,0","","","19811220",",,0","19811231","+,,0","19811231","+,,0","","","19811215","+,,0","19811229","+,1,0","4.4",",0,20,","0",",,0,31,+","0",",,0,31,+","2.0",",,0,15,+","30.0","1,0,29,+","33.9","0","33.9","1,0","5.8",",,,0","0",",,,0","20.63","1,0","24.83","1,,,0","16.43",",,,0"
"USC00088841","1982-01","25.0069","-80.5211","1.5","TAVERNIER, FL US","110.7","0","110.7",",0","9",",0","2",",0","0",",0","0",",0","0",",0","0",",0","0",",0","0",",0","29",",0","0",",0","","","19820112",",,0","19820131","+,,0","19820131","+,,0","","","19820114",",,0","19820108",",,0","3.9",",0,12,","0",",,0,31,+","0",",,0,31,+","5.6",",,0,14,","29.4",",0,08,","56.7","0","22.8",",0","16.2",",,,0","0",",,,0","21.17",",0","25.77",",,,0","16.56",",,,0"
"USC00088841","1982-02","25.0069","-80.5211","1.5","TAVERNIER, FL US","270.7","0","160.0",",0","9",",0","4",",0","0",",0","0",",0","0",",0","0",",0","0",",0","0",",0","28",",0","0",",0","","","19820223",",,0","19820228","+,,0","19820228","+,,0","1","","19820210",",,0","19820213","+,,0","12.8",",0,23,","0",",,0,28,+","0",",,0,28,+","14.5",",,0,10,","30.6",",0,13,+","56.7","0","0.0",",0","35.2",",,,0","0",",,,0","24.05",",0","28.68",",,,0","19.42",",,,0"
"USC00088841","1982-03","25.0069","-80.5211","1.5","TAVERNIER, FL US","457.8","0","187.1",",0","11",",0","5",",0","2",",0","0",",0","0",",0","0",",0","0",",0","0",",0","31",",0","2",",0","","","19820308",",,0","19820331","+,,0","19820331","+,,0","5","","19820329",",,0","19820325","+,,0","12.2",",0,08,","0",",,0,31,+","0",",,0,31,+","67.3",",,0,29,","32.2",",0,25,+","56.7","0","0.0",",0","126.6",",,,0","0",",,,0","24.37",",0","29.30",",,,0","19.44",",,,0"
"USC00088841","1982-04","25.0069","-80.5211","1.5","TAVERNIER, FL US","662.7","0","204.9",",0","6",",0","4",",0","3",",0","0",",0","0",",0","0",",0","0",",0","0",",0","30",",0","3",",0","6","","19820412",",,0","19820430","+,,0","19820430","+,,0","","","19820426",",,0","19820423","+,,0","16.1",",0,12,","0",",,0,30,+","0",",,0,30,+","166.1",",,0,26,","32.2",",0,23,+","56.7","0","0.0",",0","274.2",",,,0","0",",,,0","25.16",",0","30.05",",,,0","20.27",",,,0"
"USC00088841","1982-05","25.0069","-80.5211","1.5","TAVERNIER, FL US","881.9","0","219.2","1,0","9","1,0","6","1,0","1","1,0","","","","","0","1,0","0","1,0","0","1,0","30","1,0","2","1,0","","","19820510","+,1,0","","","","","4","","19820529",",1,0","19820523","+,1,0","18.3","1,0,10,+","","","","","53.3","1,,0,29,","32.2","1,0,23,+","56.7","0","0.0","1,0","123.1","1,,,0","","","25.64","1,0","30.14","1,,,0","21.14","1,,,0"
"USC00088841","1982-06","25.0069","-80.5211","1.5","TAVERNIER, FL US","1176.4","0","294.5",",0","12",",0","10",",0","2",",0","0",",0","0",",0","0",",0","0",",0","0",",0","30",",0","18",",0","","","19820602",",,0","19820630","+,,0","19820630","+,,0","7","","19820602",",,0","19820614",",,0","21.7",",0,02,","0",",,0,30,+","0",",,0,30,+","350.3",",,0,02,","33.9",",0,14,","56.7","0","0.0",",0","458.0",",,,0","0",",,,0","28.15",",0","31.75",",,,0","24.55",",,,0"
"USC00088841","1982-07","25.0069","-80.5211","1.5","TAVERNIER, FL US","1528.9","0","352.5",",0","9",",0","5",",0","0",",0","0",",0","0",",0","0",",0","0",",0","0",",0","31",",0","31",",0","","","19820712",",,0","19820731","+,,0","19820731","+,,0","3","","19820724",",,0","19820721",",,0","22.2",",0,12,","0",",,0,31,+","0",",,0,31,+","19.3",",,0,24,","35.6",",0,21,","0.0","0","0.0",",0","53.4",",,,0","0",",,,0","29.70",",0","34.09",",,,0","25.32",",,,0"
"USC00088841","1982-08","25.0069","-80.5211","1.5","TAVERNIER, FL US","1863.9","0","335.0",",0","15",",0","9",",0","1",",0","0",",0","0",",0","0",",0","0",",0","0",",0","31",",0","28",",0","","","19820813",",,0","19820831","+,,0","19820831","+,,0","10","","19820811",",,0","19820802","+,,0","20.6",",0,13,","0",",,0,31,+","0",",,0,31,+","36.8",",,0,11,","35.0",",0,02,+","0.0","0","0.0",",0","145.2",",,,0","0",",,,0","29.14",",0","33.38",",,,0","24.90",",,,0"
"USC00088841","1982-09","25.0069","-80.5211","1.5","TAVERNIER, FL US","2192.3","0","328.4",",0","13",",0","9",",0","2",",0","0",",0","0",",0","0",",0","0",",0","0",",0","30",",0","27",",0","","","19820926",",,0","19820930","+,,0","19820930","+,,0","","","19820926",",,0","19820913","+,,0","21.7",",0,26,","0",",,0,30,+","0",",,0,30,+","70.6",",,0,26,","35.0",",0,13,+","0.0","0","0.0",",0","140.2",",,,0","0",",,,0","29.28",",0","33.41",",,,0","25.15",",,,0"
"USC00088841","1982-10","25.0069","-80.5211","1.5","TAVERNIER, FL US","2444.8","0","252.5",",0","13",",0","8",",0","0",",0","0",",0","0",",0","0",",0","0",",0","0",",0","31",",0","6",",0","","","19821025",",,0","19821031","+,,0","19821031","+,,0","2","","19821009",",,0","19821006","+,,0","17.2",",0,25,","0",",,0,31,+","0",",,0,31,+","18.8",",,0,09,","32.8",",0,06,+","0.0","0","0.0",",0","64.8",",,,0","0",",,,0","26.48",",0","29.89",",,,0","23.06",",,,0"
"USC00088841","1982-11","25.0069","-80.5211","1.5","TAVERNIER, FL US","2638.4","0","193.6",",0","15",",0","9",",0","2",",0","0",",0","0",",0","0",",0","0",",0","0",",0","30",",0","0",",0","","","19821106",",,0","19821130","+,,0","19821130","+,,0","6","","19821107",",,0","19821104","+,,0","15.6",",0,06,","0",",,0,30,+","0",",,0,30,+","105.4",",,0,07,","30.0",",0,04,+","0.0","0","0.0",",0","235.4",",,,0","0",",,,0","24.79",",0","27.94",",,,0","21.63",",,,0"
"USC00088841","1982-12","25.0069","-80.5211","1.5","TAVERNIER, FL US","2807.1","0","168.7",",0","7",",0","1",",0","0",",0","0",",0","0",",0","0",",0","0",",0","0",",0","30",",0","0",",0","","","19821218",",,0","19821231","+,,0","19821231","+,,0","","","19821217",",,0","19821231","+,,0","9.4",",0,18,","0",",,0,31,+","0",",,0,31,+","10.2",",,0,17,","30.0",",0,31,+","5.3","0","5.3",",0","14.2",",,,0","0",",,,0","23.60",",0","27.15",",,,0","20.05",",,,0"
"USC00088841","1983-01","25.0069","-80.5211","1.5","TAVERNIER, FL US","81.4","0","81.4",",0","13",",0","9",",0","5",",0","0",",0","0",",0","0",",0","0",",0","0",",0","28",",0","0",",0","","","19830113",",,0","19830131","+,,0","19830131","+,,0","","","19830123",",,0","19830103","+,,0","9.4",",0,13,","0",",,0,31,+","0",",,0,31,+","149.6",",,0,23,","28.9",",0,03,+","18.6","0","13.3",",0","389.9",",,,0","0",",,,0","20.53",",0","24.31",",,,0","16.75",",,,0"
"USC00088841","1983-02","25.0069","-80.5211","1.5","TAVERNIER, FL US","154.3","0","72.9",",0","12",",0","9",",0","2",",0","","","0",",0","0",",0","0",",0","0",",0","28",",0","0",",0","","","19830215","+,,0","","","19830228","+,,0","2","","19830216",",,0","19830206",",,0","11.7",",0,15,+","","","0",",,0,28,+","41.7",",,0,16,","28.3",",0,06,","21.9","0","3.3",",0","128.9",",,,0","0",",,,0","20.82",",0","24.46",",,,0","17.17",",,,0"
"USC00088841","1983-04","25.0069","-80.5211","1.5","TAVERNIER, FL US","","","162.5",",0","5",",0","4",",0","2",",0","0",",0","0",",0","0",",0","0",",0","0",",0","30",",0","0",",0","","","19830401",",,0","19830430","+,,0","19830430","+,,0","4","","19830415",",,0","19830430","+,,0","13.9",",0,01,","0",",,0,30,+","0",",,0,30,+","44.5",",,0,15,","30.0",",0,30,+","","","0.0",",0","111.1",",,,0","0",",,,0","23.75",",0","27.92",",,,0","19.57",",,,0"
"USC00088841","1983-05","25.0069","-80.5211","1.5","TAVERNIER, FL US","","","273.0",",0","5",",0","2",",0","1",",0","0",",0","0",",0","0",",0","0",",0","0",",0","31",",0","16",",0","","","19830508","+,,0","19830531","+,,0","19830531","+,,0","2","","19830531",",,0","19830529","+,,0","20.6",",0,08,+","0",",,0,31,+","0",",,0,31,+","30.2",",,0,31,","33.3",",0,29,+","","","0.0",",0","38.6",",,,0","0",",,,0","27.14",",0","31.45",",,,0","22.83",",,,0"
"USC00088841","1983-06","25.0069","-80.5211","1.5","TAVERNIER, FL US","","","298.4",",0","13",",0","10",",0","1",",0","0",",0","0",",0","0",",0","0",",0","0",",0","30",",0","23",",0","","","19830611","+,,0","19830630","+,,0","19830630","+,,0","11","","19830611",",,0","19830630","+,,0","21.1",",0,11,+","0",",,0,30,+","0",",,0,30,+","33.5",",,0,11,","33.3",",0,30,+","","","0.0",",0","153.4",",,,0","0",",,,0","28.28",",0","32.29",",,,0","24.27",",,,0"
"USC00088841","1983-07","25.0069","-80.5211","1.5","TAVERNIER, FL US","","","335.5",",0","11",",0","7",",0","0",",0","0",",0","0",",0","0",",0","0",",0","0",",0","31",",0","30",",0","","","19830730","+,,0","19830731","+,,0","19830731","+,,0","","","19830729",",,0","19830727","+,,0","21.1",",0,30,+","0",",,0,31,+","0",",,0,31,+","25.1",",,0,29,","35.0",",0,27,+","0.0","0","0.0",",0","98.5",",,,0","0",",,,0","29.16",",0","33.65",",,,0","24.66",",,,0"
"USC00088841","1983-08","25.0069","-80.5211","1.5","TAVERNIER, FL US","","","344.7",",0","15",",0","11",",0","0",",0","0",",0","0",",0","0",",0","0",",0","0",",0","31",",0","27",",0","","","19830824","+,,0","19830831","+,,0","19830831","+,,0","12","","19830824",",,0","19830821",",,0","23.3",",0,24,+","0",",,0,31,+","0",",,0,31,+","18.8",",,0,24,","36.1",",0,21,","0.0","0","0.0",",0","105.7",",,,0","0",",,,0","29.45",",0","33.56",",,,0","25.35",",,,0"
"USC00088841","1983-09","25.0069","-80.5211","1.5","TAVERNIER, FL US","","","300.7","1,0","15",",0","10",",0","2",",0","0",",0","0",",0","0","1,0","0","1,0","0",",0","30",",0","21",",0","","","19830929","+,1,0","19830930","+,,0","19830930","+,,0","7","","19830925",",,0","19830913","+,,0","22.2","1,0,29,+","0",",,0,30,+","0",",,0,30,+","29.5",",,0,25,","35.0",",0,13,+","0.0","0","0.0",",0","113.7",",,,0","0",",,,0","28.71","1,0","32.62",",,,0","24.79","1,,,0"
"USC00088841","1983-10","25.0069","-80.5211","1.5","TAVERNIER, FL US","","","276.8",",0","15",",0","10",",0","3",",0","0",",0","0",",0","0",",0","0",",0","0",",0","31",",0","5",",0","","","19831028","+,,0","19831031","+,,0","19831031","+,,0","4","","19831004",",,0","19831023","+,,0","21.1",",0,28,+","0",",,0,31,+","0",",,0,31,+","38.9",",,0,04,","32.2",",0,23,+","0.0","0","0.0",",0","172.4",",,,0","0",",,,0","27.26",",0","30.20",",,,0","24.32",",,,0"
"USC00088841","1983-11","25.0069","-80.5211","1.5","TAVERNIER, FL US","","","183.0",",0","6",",0","4",",0","1",",0","0",",0","0",",0","0",",0","0",",0","0",",0","30",",0","0",",0","","","19831118","+,,0","19831130","+,,0","19831130","+,,0","","","19831102",",,0","19831128","+,,0","15.0",",0,18,+","0",",,0,30,+","0",",,0,30,+","34.3",",,0,02,","31.1",",0,28,+","0.0","0","0.0",",0","70.6",",,,0","0",",,,0","24.43",",0","28.00",",,,0","20.87",",,,0"
"USC00088841","1983-12","25.0069","-80.5211","1.5","TAVERNIER, FL US","","","165.3","2,0","5",",0","5",",0","1",",0","0",",0","0",",0","0",",0","0",",0","0","2,0","27","2,0","0","2,0","","","19831226",",,0","19831231","+,,0","19831231","+,,0","","","19831211",",,0","19831205",",2,0","2.2",",0,26,","0",",,0,31,+","0",",,0,31,+","29.7",",,0,11,","31.1","2,0,05,","20.0","0","20.0","2,0","63.7",",,,0","0",",,,0","23.02","2,0","27.11","2,,,0","18.94",",,,0"
"USC00088841","1984-01","25.0069","-80.5211","1.5","TAVERNIER, FL US","87.7","","87.7","1,0","3",",0","3",",0","0",",0","0",",0","0",",0","0",",0","0",",0","0","1,0","27","1,0","0","1,0","","","19840112",",,0","19840131","+,,0","19840131","+,,0","","","19840101",",,0","19840124",",1,0","9.4",",0,12,","0",",,0,31,+","0",",,0,31,+","5.1",",,0,01,","30.0","1,0,24,","36.9","","16.9","1,0","13.5",",,,0","0",",,,0","20.63","1,0","24.90","1,,,0","16.37",",,,0"
"USC00088841","1984-02","25.0069","-80.5211","1.5","TAVERNIER, FL US","206.6","","118.9",",0","8",",0","3",",0","1",",0","0",",0","0",",0","0",",0","0",",0","0",",0","27",",0","0",",0","","","19840207",",,0","19840229","+,,0","19840229","+,,0","1","","19840204",",,0","19840227","+,,0","9.4",",0,07,","0",",,0,29,+","0",",,0,29,+","25.7",",,0,04,","30.0",",0,27,+","45.2","","8.3",",0","47.6",",,,0","0",",,,0","22.15",",0","26.17",",,,0","18.12",",,,0"
"USC00088841","1984-03","25.0069","-80.5211","1.5","TAVERNIER, FL US","361.3","","154.7",",0","5",",0","3",",0","1",",0","0",",0","0",",0","0",",0","0",",0","0",",0","30",",0","0",",0","","","19840301",",,0","19840331","+,,0","19840331","+,,0","1","","19840323",",,0","19840328","+,,0","8.9",",0,01,","0",",,0,31,+","0",",,0,31,+","69.6",",,0,23,","31.1",",0,28,+","51.0","","5.8",",0","90.5",",,,0","0",",,,0","23.14",",0","27.50",",,,0","18.77",",,,0"
"USC00088841","1984-04","25.0069","-80.5211","1.5","TAVERNIER, FL US","558.3","","197.0",",0","8",",0","3",",0","1",",0","0",",0","0",",0","0",",0","0",",0","0",",0","30",",0","0",",0","","","19840408","+,,0","19840430","+,,0","19840430","+,,0","6","","19840412",",,0","19840423",",,0","15.0",",0,08,+","0",",,0,30,+","0",",,0,30,+","26.7",",,0,12,","31.7",",0,23,","51.0","","0.0",",0","38.1",",,,0","0",",,,0","24.90",",0","28.87",",,,0","20.93",",,,0"
"USC00088841","1984-05","25.0069","-80.5211","1.5","TAVERNIER, FL US","835.5","","277.2",",0","8",",0","7",",0","0",",0","0",",0","0",",0","0",",0","0",",0","0",",0","31",",0","14",",0","","","19840530","+,,0","19840531","+,,0","19840531","+,,0","4","","19840527",",,0","19840525","+,,0","21.1",",0,30,+","0",",,0,31,+","0",",,0,31,+","17.8",",,0,27,","32.8",",0,25,+","51.0","","0.0",",0","73.8",",,,0","0",",,,0","27.28",",0","30.89",",,,0","23.66",",,,0"
"USC00088841","1985-04","25.0069","-80.5211","1.5","TAVERNIER, FL US","","","194.7",",0","6",",0","5",",0","1",",0","","","","","0",",0","0",",0","0",",0","30",",0","0",",0","","","19850403",",,0","","","","","3","","19850415",",,0","19850430","+,,0","14.4",",0,03,","","","","","40.6",",,0,15,","31.1",",0,30,+","","","0.0",",0","68.8",",,,0","","","24.82",",0","28.72",",,,0","20.92",",,,0"
"USC00088841","1985-05","25.0069","-80.5211","1.5","TAVERNIER, FL US","","","274.9","1,0","5",",0","4",",0","1",",0","0",",0","0",",0","0","1,0","0","1,0","0",",0","31",",0","14",",0","","","19850517","+,1,0","19850531","+,,0","19850531","+,,0","3","","19850511",",,0","19850515",",,0","20.6","1,0,17,+","0",",,0,31,+","0",",,0,31,+","62.7",",,0,11,","34.4",",0,15,","","","0.0",",0","110.2",",,,0","0",",,,0","27.52","1,0","31.63",",,,0","23.42","1,,,0"
"USC00088841","1985-06","25.0069","-80.5211","1.5","TAVERNIER, FL US","","","325.7",",0","10",",0","7",",0","2",",0","0",",0","0",",0","0",",0","0",",0","0",",0","30",",0","26",",0","","","19850625",",,0","19850630","+,,0","19850630","+,,0","4","","19850625",",,0","19850604",",,0","21.1",",0,25,","0",",,0,30,+","0",",,0,30,+","126.5",",,0,25,","35.6",",0,04,","","","0.0",",0","210.9",",,,0","0",",,,0","29.19",",0","32.97",",,,0","25.41",",,,0"
"USC00088841","1985-07","25.0069","-80.5211","1.5","TAVERNIER, FL US","","","327.3",",0","11",",0","7",",0","2",",0","","","","","0",",0","0",",0","0",",0","31",",0","23",",0","","","19850723",",,0","","","","","4","","19850713",",,0","19850718","+,,0","21.7",",0,23,","","","","","28.2",",,0,13,","35.0",",0,18,+","0.0","","0.0",",0","85.0",",,,0","","","28.89",",0","32.55",",,,0","25.23",",,,0"
"USC00088841","1985-08","25.0069","-80.5211","1.5","TAVERNIER, FL US","","","344.9",",0","12",",0","7",",0","1",",0","0",",0","0",",0","0",",0","0",",0","0",",0","31",",0","26",",0","","","19850827","+,,0","19850831","+,,0","19850831","+,,0","6","","19850827",",,0","19850820","+,,0","22.8",",0,27,+","0",",,0,31,+","0",",,0,31,+","26.9",",,0,27,","35.0",",0,20,+","0.0","","0.0",",0","87.8",",,,0","0",",,,0","29.46",",0","33.38",",,,0","25.54",",,,0"
"USC00088841","1985-09","25.0069","-80.5211","1.5","TAVERNIER, FL US","","","281.5",",0","14",",0","12",",0","3",",0","0",",0","0",",0","0",",0","0",",0","0",",0","30",",0","12",",0","","","19850909",",,0","19850930","+,,0","19850930","+,,0","7","","19850916",",,0","19850907","+,,0","22.2",",0,09,","0",",,0,30,+","0",",,0,30,+","63.5",",,0,16,","33.3",",0,07,+","0.0","","0.0",",0","220.5",",,,0","0",",,,0","27.72",",0","31.20",",,,0","24.23",",,,0"
"USC00088841","1985-10","25.0069","-80.5211","1.5","TAVERNIER, FL US","","","279.3",",0","15",",0","8",",0","2",",0","0",",0","0",",0","0",",0","0",",0","0",",0","31",",0","7",",0","","","19851019",",,0","19851031","+,,0","19851031","+,,0","6","","19851007",",,0","19851028","+,,0","21.1",",0,19,","0",",,0,31,+","0",",,0,31,+","40.6",",,0,07,","32.8",",0,28,+","0.0","","0.0",",0","131.9",",,,0","0",",,,0","27.34",",0","31.07",",,,0","23.62",",,,0"
"USC00088841","1986-03","25.0069","-80.5211","1.5","TAVERNIER, FL US","","","130.6",",0","12",",0","7",",0","1",",0","0",",0","0",",0","0",",0","0",",0","0",",0","28",",0","0",",0","","","19860302",",,0","19860331","+,,0","19860331","+,,0","2","","19860316",",,0","19860320",",,0","7.8",",0,02,","0",",,0,31,+","0",",,0,31,+","40.4",",,0,16,","30.0",",0,20,","","","14.7",",0","77.3",",,,0","0",",,,0","22.07",",0","26.07",",,,0","18.07",",,,0"
"USC00088841","1986-04","25.0069","-80.5211","1.5","TAVERNIER, FL US","","","160.8",",0","1",",0","1",",0","1",",0","0",",0","0",",0","0",",0","0",",0","0",",0","30",",0","0",",0","","","19860418",",,0","19860430","+,,0","19860430","+,,0","","","19860413",",,0","19860430","+,,0","15.6",",0,18,","0",",,0,30,+","0",",,0,30,+","28.2",",,0,13,","31.1",",0,30,+","","","0.0",",0","28.2",",,,0","0",",,,0","23.69",",0","28.13",",,,0","19.26",",,,0"
"USC00088841","1986-05","25.0069","-80.5211","1.5","TAVERNIER, FL US","","","272.1",",0","8",",0","5",",0","0",",0","0",",0","0",",0","0",",0","0",",0","0",",0","31",",0","1",",0","","","19860513",",,0","19860531","+,,0","19860531","+,,0","2","","19860514",",,0","19860525",",,0","19.4",",0,13,","0",",,0,31,+","0",",,0,31,+","10.9",",,0,14,","32.2",",0,25,","","","0.0",",0","42.8",",,,0","0",",,,0","27.11",",0","30.60",",,,0","23.62",",,,0"
"USC00088841","1986-06","25.0069","-80.5211","1.5","TAVERNIER, FL US","","","315.1",",0","11",",0","6",",0","1",",0","0",",0","0",",0","0",",0","0",",0","0",",0","30",",0","23",",0","","","19860623",",,0","19860630","+,,0","19860630","+,,0","2","","19860617",",,0","19860608",",,0","21.7",",0,23,","0",",,0,30,+","0",",,0,30,+","28.4",",,0,17,","33.9",",0,08,","","","0.0",",0","81.0",",,,0","0",",,,0","28.84",",0","32.39",",,,0","25.28",",,,0"
"USC00088841","1986-07","25.0069","-80.5211","1.5","TAVERNIER, FL US","","","346.3","1,0","3",",0","2",",0","0",",0","0",",0","0",",0","0",",0","0",",0","0","1,0","30","1,0","30","1,0","","","19860713",",,0","19860731","+,,0","19860731","+,,0","7","","19860713",",,0","19860723",",1,0","22.8",",0,13,","0",",,0,31,+","0",",,0,31,+","7.4",",,0,13,","35.0","1,0,23,","0.0","0","0.0","1,0","12.5",",,,0","0",",,,0","29.82","1,0","33.42","1,,,0","26.22",",,,0"
"USC00088841","1986-08","25.0069","-80.5211","1.5","TAVERNIER, FL US","","","328.6","1,0","12",",0","8",",0","0",",0","0",",0","0",",0","0",",0","0",",0","0","1,0","30","1,0","24","1,0","","","19860811","+,,0","19860831","+,,0","19860831","+,,0","4","","19860811",",,0","19860803","+,1,0","22.8",",0,11,+","0",",,0,31,+","0",",,0,31,+","21.6",",,0,11,","34.4","1,0,03,+","0.0","0","0.0","1,0","96.4",",,,0","0",",,,0","29.27","1,0","32.67","1,,,0","25.87",",,,0"
"USC00088841","1986-09","25.0069","-80.5211","1.5","TAVERNIER, FL US","","","332.2",",0","7",",0","5",",0","0",",0","0",",0","0",",0","0",",0","0",",0","0",",0","30",",0","26",",0","","","19860921",",,0","19860930","+,,0","19860930","+,,0","","","19860905",",,0","19860912","+,,0","22.8",",0,21,","0",",,0,30,+","0",",,0,30,+","19.1",",,0,05,","33.9",",0,12,+","0.0","0","0.0",",0","50.3",",,,0","0",",,,0","29.41",",0","32.77",",,,0","26.04",",,,0"
"USC00088841","1986-10","25.0069","-80.5211","1.5","TAVERNIER, FL US","","","297.1",",0","4",",0","3",",0","0",",0","0",",0","0",",0","0",",0","0",",0","0",",0","31",",0","14",",0","","","19861021",",,0","19861031","+,,0","19861031","+,,0","","","19861016",",,0","19861013",",,0","20.6",",0,21,","0",",,0,31,+","0",",,0,31,+","22.1",",,0,16,","33.3",",0,13,","0.0","0","0.0",",0","43.2",",,,0","0",",,,0","27.92",",0","31.18",",,,0","24.65",",,,0"
"USC00088841","1986-11","25.0069","-80.5211","1.5","TAVERNIER, FL US","","","254.4","1,0","8",",0","6",",0","1",",0","0",",0","0",",0","0","1,0","0","1,0","0",",0","30",",0","0",",0","","","19861123","+,1,0","19861130","+,,0","19861130","+,,0","1","","19861122",",,0","19861120",",,0","21.7","1,0,23,+","0",",,0,30,+","0",",,0,30,+","56.9",",,0,22,","31.7",",0,20,","0.0","0","0.0",",0","103.0",",,,0","0",",,,0","27.06","1,0","29.95",",,,0","24.16","1,,,0"
"USC00088841","1986-12","25.0069","-80.5211","1.5","TAVERNIER, FL US","","","171.2",",0","11",",0","8",",0","1",",0","0",",0","0",",0","0",",0","0",",0","0",",0","31",",0","0",",0","","","19861231",",,0","19861231","+,,0","19861231","+,,0","","","19861224",",,0","19861212",",,0","17.2",",0,31,","0",",,0,31,+","0",",,0,31,+","115.3",",,0,24,","30.6",",0,12,","0.0","0","0.0",",0","176.5",",,,0","0",",,,0","23.86",",0","26.56",",,,0","21.15",",,,0"
"USC00088841","1987-01","25.0069","-80.5211","1.5","TAVERNIER, FL US","84.2","0","84.2","1,0","5",",0","4",",0","1",",0","0",",0","0",",0","0",",0","0",",0","0","1,0","23","1,0","0","1,0","","","19870128","+,,0","19870131","+,,0","19870131","+,,0","3","","19870101",",,0","19870120",",1,0","8.9",",0,28,+","0",",,0,31,+","0",",,0,31,+","36.8",",,0,01,","29.4","1,0,20,","21.6","0","21.6","1,0","61.4",",,,0","0",",,,0","20.43","1,0","24.41","1,,,0","16.45",",,,0"
"USC00088841","1987-02","25.0069","-80.5211","1.5","TAVERNIER, FL US","202.8","0","118.6",",0","4",",0","3",",0","1",",0","0",",0","0",",0","0",",0","0",",0","0",",0","28",",0","0",",0","","","19870210",",,0","19870228","+,,0","19870228","+,,0","2","","19870207",",,0","19870222",",,0","10.6",",0,10,","0",",,0,28,+","0",",,0,28,+","32.3",",,0,07,","29.4",",0,22,","24.1","0","2.5",",0","42.5",",,,0","0",",,,0","22.48",",0","25.94",",,,0","19.02",",,,0"
"USC00088841","1987-03","25.0069","-80.5211","1.5","TAVERNIER, FL US","339.3","0","136.5",",0","10",",0","10",",0","2",",0","0",",0","0",",0","0",",0","0",",0","0",",0","31",",0","0",",0","","","19870314","+,,0","19870331","+,,0","19870331","+,,0","3","","19870307",",,0","19870330","+,,0","12.8",",0,14,+","0",",,0,31,+","0",",,0,31,+","34.3",",,0,07,","28.9",",0,30,+","25.2","0","1.1",",0","117.6",",,,0","0",",,,0","22.70",",0","26.14",",,,0","19.27",",,,0"
"USC00088841","1987-04","25.0069","-80.5211","1.5","TAVERNIER, FL US","466.2","0","126.9",",0","0",",0","0",",0","0",",0","0",",0","0",",0","0",",0","0",",0","0",",0","29",",0","0",",0","","","19870405","+,,0","19870430","+,,0","19870430","+,,0","","","19870430","+,,0","19870424","+,,0","10.6",",0,05,+","0",",,0,30,+","0",",,0,30,+","0.0",",,0,30,+","30.6",",0,24,+","30.4","0","5.2",",0","0.0",",,,0","0",",,,0","22.39",",0","27.14",",,,0","17.63",",,,0"
"USC00088841","1987-05","25.0069","-80.5211","1.5","TAVERNIER, FL US","739.0","0","272.8",",0","11",",0","5",",0","2",",0","0",",0","0",",0","0",",0","0",",0","0",",0","31",",0","0",",0","","","19870501",",,0","19870531","+,,0","19870531","+,,0","1","","19870531",",,0","19870530","+,,0","18.3",",0,01,","0",",,0,31,+","0",",,0,31,+","43.4",",,0,31,","31.7",",0,30,+","30.4","0","0.0",",0","99.4",",,,0","0",",,,0","27.13",",0","30.68",",,,0","23.59",",,,0"
"USC00088841","1987-07","25.0069","-80.5211","1.5","TAVERNIER, FL US","","","364.5",",0","4",",0","2",",0","0",",0","0",",0","0",",0","0",",0","0",",0","0",",0","31",",0","31",",0","","","19870716",",,0","19870731","+,,0","19870731","+,,0","","","19870718",",,0","19870715",",,0","23.3",",0,16,","0",",,0,31,+","0",",,0,31,+","15.7",",,0,18,","35.6",",0,15,","0.0","0","0.0",",0","29.0",",,,0","0",",,,0","30.09",",0","33.96",",,,0","26.22",",,,0"
"USC00088841","1987-08","25.0069","-80.5211","1.5","TAVERNIER, FL US","","","355.5","1,0","10",",0","8",",0","1",",0","0",",0","0",",0","0","1,0","0","1,0","0",",0","31",",0","31",",0","","","19870828","+,1,0","19870831","+,,0","19870831","+,,0","1","","19870810",",,0","19870809","+,,0","23.9","1,0,28,+","0",",,0,31,+","0",",,0,31,+","25.7",",,0,10,","35.6",",0,09,+","0.0","0","0.0",",0","89.0",",,,0","0",",,,0","30.20","1,0","33.93",",,,0","26.47","1,,,0"
"USC00088841","1987-09","25.0069","-80.5211","1.5","TAVERNIER, FL US","","","323.5",",0","8",",0","6",",0","3",",0","0",",0","0",",0","0",",0","0",",0","0",",0","30",",0","22",",0","","","19870928",",,0","19870930","+,,0","19870930","+,,0","1","","19870928",",,0","19870922","+,,0","22.2",",0,28,","0",",,0,30,+","0",",,0,30,+","108.2",",,0,28,","34.4",",0,22,+","0.0","0","0.0",",0","222.0",",,,0","0",",,,0","29.12",",0","32.81",",,,0","25.42",",,,0"
"USC00088841","1987-10","25.0069","-80.5211","1.5","TAVERNIER, FL US","","","222.1",",0","10",",0","9",",0","2",",0","0",",0","0",",0","0",",0","0",",0","0",",0","31",",0","0",",0","","","19871029",",,0","19871031","+,,0","19871031","+,,0","","","19871012",",,0","19871021","+,,0","18.3",",0,29,","0",",,0,31,+","0",",,0,31,+","72.6",",,0,12,","30.6",",0,21,+","0.0","0","0.0",",0","210.2",",,,0","0",",,,0","25.50",",0","28.64",",,,0","22.35",",,,0"
"USC00088841","1987-11","25.0069","-80.5211","1.5","TAVERNIER, FL US","","","190.8",",0","10",",0","5",",0","2",",0","0",",0","0",",0","0",",0","0",",0","0",",0","30",",0","0",",0","","","19871121",",,0","19871130","+,,0","19871130","+,,0","","","19871101",",,0","19871110",",,0","13.3",",0,21,","0",",,0,30,+","0",",,0,30,+","89.2",",,0,01,","30.6",",0,10,","0.0","0","0.0",",0","171.4",",,,0","0",",,,0","24.69",",0","27.35",",,,0","22.03",",,,0"
"USC00088841","1987-12","25.0069","-80.5211","1.5","TAVERNIER, FL US","","","116.3",",0","3",",0","3",",0","1",",0","0",",0","0",",0","0",",0","0",",0","0",",0","28",",0","0",",0","","","19871217",",,0","19871231","+,,0","19871231","+,,0","","","19871209",",,0","19871228",",,0","10.6",",0,17,","0",",,0,31,+","0",",,0,31,+","40.6",",,0,09,","28.9",",0,28,","5.9","0","5.9",",0","61.7",",,,0","0",",,,0","21.90",",0","25.00",",,,0","18.79",",,,0"
"USC00088841","1988-01","25.0069","-80.5211","1.5","TAVERNIER, FL US","95.1","0","95.1",",0","3",",0","2",",0","1",",0","0",",0","0",",0","0",",0","0",",0","0",",0","26",",0","0",",0","","","19880127",",,0","19880131","+,,0","19880131","+,,0","","","19880111",",,0","19880109","+,,0","8.9",",0,27,","0",",,0,31,+","0",",,0,31,+","49.5",",,0,11,","28.3",",0,09,+","20.6","0","14.7",",0","57.9",",,,0","0",",,,0","20.93",",0","24.37",",,,0","17.48",",,,0"
"USC00088841","1988-02","25.0069","-80.5211","1.5","TAVERNIER, FL US","177.9","0","82.8",",0","3",",0","3",",0","0",",0","0",",0","0",",0","0",",0","0",",0","0",",0","28",",0","0",",0","","","19880213",",,0","19880229","+,,0","19880229","+,,0","","","19880208",",,0","19880219",",,0","9.4",",0,13,","0",",,0,29,+","0",",,0,29,+","18.0",",,0,08,","28.9",",0,19,","29.0","0","8.4",",0","28.9",",,,0","0",",,,0","20.90",",0","24.94",",,,0","16.86",",,,0"
"USC00088841","1988-03","25.0069","-80.5211","1.5","TAVERNIER, FL US","329.2","0","151.3",",0","1",",0","1",",0","0",",0","0",",0","0",",0","0",",0","0",",0","0",",0","31",",0","0",",0","","","19880316",",,0","19880331","+,,0","19880331","+,,0","","","19880331",",,0","19880330","+,,0","8.9",",0,16,","0",",,0,31,+","0",",,0,31,+","4.6",",,0,31,","29.4",",0,30,+","33.7","0","4.7",",0","4.6",",,,0","0",",,,0","23.06",",0","26.78",",,,0","19.35",",,,0"
"USC00088841","1988-04","25.0069","-80.5211","1.5","TAVERNIER, FL US","539.8","0","210.6",",0","2",",0","0",",0","0",",0","0",",0","0",",0","0",",0","0",",0","0",",0","30",",0","4",",0","","","19880415",",,0","19880430","+,,0","19880430","+,,0","","","19880402",",,0","19880428",",,0","15.0",",0,15,","0",",,0,30,+","0",",,0,30,+","1.3",",,0,02,","34.4",",0,28,","33.7","0","0.0",",0","2.1",",,,0","0",",,,0","25.35",",0","29.70",",,,0","21.00",",,,0"
"USC00088841","1988-05","25.0069","-80.5211","1.5","TAVERNIER, FL US","768.3","0","228.5",",0","9",",0","9",",0","2",",0","0",",0","0",",0","0",",0","0",",0","0",",0","31",",0","1",",0","","","19880507",",,0","19880531","+,,0","19880531","+,,0","3","","19880501",",,0","19880524",",,0","18.3",",0,07,","0",",,0,31,+","0",",,0,31,+","51.6",",,0,01,","32.2",",0,24,","33.7","0","0.0",",0","181.0",",,,0","0",",,,0","25.70",",0","29.35",",,,0","22.06",",,,0"
"USC00088841","1988-06","25.0069","-80.5211","1.5","TAVERNIER, FL US","1042.2","0","273.9",",0","13",",0","10",",0","3",",0","0",",0","0",",0","0",",0","0",",0","0",",0","30",",0","3",",0","","","19880619","+,,0","19880630","+,,0","19880630","+,,0","2","","19880608",",,0","19880630","+,,0","22.2",",0,19,+","0",",,0,30,+","0",",,0,30,+","207.8",",,0,08,","32.8",",0,30,+","33.7","0","0.0",",0","394.1",",,,0","0",",,,0","27.46",",0","30.36",",,,0","24.57",",,,0"
"USC00088841","1988-07","25.0069","-80.5211","1.5","TAVERNIER, FL US","1368.5","0","326.3",",0","10",",0","9",",0","3",",0","0",",0","0",",0","0",",0","0",",0","0",",0","31",",0","22",",0","","","19880731","+,,0","19880731","+,,0","19880731","+,,0","5","","19880708",",,0","19880729","+,,0","22.8",",0,31,+","0",",,0,31,+","0",",,0,31,+","80.8",",,0,08,","33.3",",0,29,+","0.0","0","0.0",",0","253.6",",,,0","0",",,,0","28.86",",0","32.15",",,,0","25.57",",,,0"
"USC00088841","1988-08","25.0069","-80.5211","1.5","TAVERNIER, FL US","1693.5","0","325.0",",0","12",",0","9",",0","2",",0","0",",0","0",",0","0",",0","0",",0","0",",0","31",",0","20",",0","","","19880812","+,,0","19880831","+,,0","19880831","+,,0","7","","19880815",",,0","19880810","+,,0","22.8",",0,12,+","0",",,0,31,+","0",",,0,31,+","83.8",",,0,15,","33.3",",0,10,+","0.0","0","0.0",",0","216.4",",,,0","0",",,,0","28.82",",0","31.99",",,,0","25.64",",,,0"
"USC00088841","1988-09","25.0069","-80.5211","1.5","TAVERNIER, FL US","1992.6","0","299.1","1,0","10",",0","7",",0","0",",0","0",",0","0",",0","0","1,0","0","1,0","0",",0","30",",0","18",",0","","","19880926",",1,0","19880930","+,,0","19880930","+,,0","","","19880913",",,0","19880910",",,0","23.3","1,0,26,","0",",,0,30,+","0",",,0,30,+","19.8",",,0,13,","33.3",",0,10,","0.0","0","0.0",",0","60.6",",,,0","0",",,,0","28.65","1,0","31.96",",,,0","25.34","1,,,0"
"USC00088841","1988-10","25.0069","-80.5211","1.5","TAVERNIER, FL US","2251.1","0","258.5",",0","7",",0","7",",0","0",",0","0",",0","0",",0","0",",0","0",",0","0",",0","31",",0","1",",0","","","19881015",",,0","19881031","+,,0","19881031","+,,0","","","19881019",",,0","19881005",",,0","20.0",",0,15,","0",",,0,31,+","0",",,0,31,+","14.7",",,0,19,","32.2",",0,05,","0.0","0","0.0",",0","70.1",",,,0","0",",,,0","26.67",",0","30.25",",,,0","23.09",",,,0"
"USC00088841","1988-11","25.0069","-80.5211","1.5","TAVERNIER, FL US","2471.5","0","220.4",",0","5",",0","1",",0","1",",0","0",",0","0",",0","0",",0","0",",0","0",",0","30",",0","0",",0","","","19881126",",,0","19881130","+,,0","19881130","+,,0","","","19881103",",,0","19881130",",,0","18.9",",0,26,","0",",,0,30,+","0",",,0,30,+","44.7",",,0,03,","31.7",",0,30,","0.0","0","0.0",",0","48.0",",,,0","0",",,,0","25.68",",0","28.35",",,,0","23.01",",,,0"
"USC00088841","1988-12","25.0069","-80.5211","1.5","TAVERNIER, FL US","2605.2","0","133.7",",0","2",",0","1",",0","0",",0","0",",0","0",",0","0",",0","0",",0","0",",0","29",",0","0",",0","","","19881218",",,0","19881231","+,,0","19881231","+,,0","","","19881223",",,0","19881201",",,0","8.3",",0,18,","0",",,0,31,+","0",",,0,31,+","3.8",",,0,23,","31.7",",0,01,","8.9","0","8.9",",0","4.1",",,,0","0",",,,0","22.36",",0","26.05",",,,0","18.67",",,,0"
"USC00088841","1989-01","25.0069","-80.5211","1.5","TAVERNIER, FL US","167.6","0","167.6",",0","6",",0","1",",0","0",",0","0",",0","0",",0","0",",0","0",",0","0",",0","31",",0","0",",0","","","19890123",",,0","19890131","+,,0","19890131","+,,0","","","19890119",",,0","19890101",",,0","13.3",",0,23,","0",",,0,31,+","0",",,0,31,+","9.1",",,0,19,","28.9",",0,01,","8.9","0","0.0",",0","16.2",",,,0","0",",,,0","23.74",",0","27.15",",,,0","20.33",",,,0"
"USC00088841","1989-02","25.0069","-80.5211","1.5","TAVERNIER, FL US","308.4","0","140.8","1,0","5",",0","2",",0","0",",0","0",",0","0",",0","0","1,0","0","1,0","0",",0","26",",0","0",",0","","","19890221",",1,0","19890228","+,,0","19890228","+,,0","","","19890225",",,0","19890228","+,,0","5.0","1,0,21,","0",",,0,28,+","0",",,0,28,+","17.8",",,0,25,","29.4",",0,28,+","20.6","0","11.7",",0","28.0",",,,0","0",",,,0","22.95","1,0","26.72",",,,0","19.18","1,,,0"
"USC00088841","1989-03","25.0069","-80.5211","1.5","TAVERNIER, FL US","486.8","0","178.4",",0","6",",0","3",",0","1",",0","0",",0","0",",0","0",",0","0",",0","0",",0","28",",0","0",",0","","","19890310",",,0","19890331","+,,0","19890331","+,,0","2","","19890306",",,0","19890331",",,0","9.4",",0,10,","0",",,0,31,+","0",",,0,31,+","46.7",",,0,06,","30.0",",0,31,","27.2","0","6.6",",0","75.2",",,,0","0",",,,0","23.87",",0","27.69",",,,0","20.06",",,,0"
"USC00088841","1989-04","25.0069","-80.5211","1.5","TAVERNIER, FL US","716.8","0","230.0",",0","5",",0","3",",0","0",",0","0",",0","0",",0","0",",0","0",",0","0",",0","30",",0","0",",0","","","19890421","+,,0","19890430","+,,0","19890430","+,,0","","","19890430",",,0","19890416",",,0","19.4",",0,21,+","0",",,0,30,+","0",",,0,30,+","13.7",",,0,30,","31.7",",0,16,","27.2","0","0.0",",0","27.7",",,,0","0",",,,0","26.00",",0","30.02",",,,0","21.98",",,,0"
"USC00088841","1989-05","25.0069","-80.5211","1.5","TAVERNIER, FL US","1012.2","0","295.4",",0","4",",0","1",",0","0",",0","0",",0","0",",0","0",",0","0",",0","0",",0","31",",0","14",",0","","","19890513","+,,0","19890531","+,,0","19890531","+,,0","1","","19890502",",,0","19890528",",,0","19.4",",0,13,+","0",",,0,31,+","0",",,0,31,+","15.5",",,0,02,","33.9",",0,28,","27.2","0","0.0",",0","19.8",",,,0","0",",,,0","27.86",",0","31.60",",,,0","24.12",",,,0"
"USC00088841","1989-06","25.0069","-80.5211","1.5","TAVERNIER, FL US","1326.6","0","314.4",",0","8",",0","5",",0","1",",0","0",",0","0",",0","0",",0","0",",0","0",",0","30",",0","21",",0","","","19890607",",,0","19890630","+,,0","19890630","+,,0","6","","19890630",",,0","19890621",",,0","20.6",",0,07,","0",",,0,30,+","0",",,0,30,+","33.8",",,0,30,","33.9",",0,21,","27.2","0","0.0",",0","91.4",",,,0","0",",,,0","28.81",",0","32.04",",,,0","25.58",",,,0"
"USC00088841","1989-07","25.0069","-80.5211","1.5","TAVERNIER, FL US","","","","","","","","","","","0",",0","0",",0","","","","","","","","","","","","","","","19890731","+,,0","19890731","+,,0","2","","","","","","","","0",",,0,31,+","0",",,0,31,+","","","","","","","","","","","0",",,,0","","","","","",""
"USC00088841","1989-08","25.0069","-80.5211","1.5","TAVERNIER, FL US","","","351.1",",0","11",",0","7",",0","1",",0","0",",0","0",",0","0",",0","0",",0","0",",0","31",",0","26",",0","","","19890809",",,0","19890831","+,,0","19890831","+,,0","4","","19890809",",,0","19890831","+,,0","22.8",",0,09,","0",",,0,31,+","0",",,0,31,+","31.5",",,0,09,","33.9",",0,31,+","","","0.0",",0","79.9",",,,0","0",",,,0","29.66",",0","33.00",",,,0","26.32",",,,0"
"USC00088841","1989-09","25.0069","-80.5211","1.5","TAVERNIER, FL US","","","340.3",",0","10",",0","7",",0","3",",0","0",",0","0",",0","0",",0","0",",0","0",",0","30",",0","25",",0","","","19890920","+,,0","19890930","+,,0","19890930","+,,0","4","","19890918",",,0","19890907","+,,0","23.3",",0,20,+","0",",,0,30,+","0",",,0,30,+","36.6",",,0,18,","33.9",",0,07,+","","","0.0",",0","126.0",",,,0","0",",,,0","29.68",",0","32.67",",,,0","26.69",",,,0"
"USC00088841","1989-10","25.0069","-80.5211","1.5","TAVERNIER, FL US","","","252.1",",0","8",",0","6",",0","1",",0","0",",0","0",",0","0",",0","0",",0","0",",0","31",",0","3",",0","","","19891021",",,0","19891031","+,,0","19891031","+,,0","2","","19891003",",,0","19891002",",,0","13.9",",0,21,","0",",,0,31,+","0",",,0,31,+","25.7",",,0,03,","32.8",",0,02,","","","0.0",",0","63.8",",,,0","0",",,,0","26.47",",0","30.06",",,,0","22.87",",,,0"
"USC00088841","1989-11","25.0069","-80.5211","1.5","TAVERNIER, FL US","","","210.8",",0","6",",0","3",",0","0",",0","0",",0","0",",0","0",",0","0",",0","0",",0","30",",0","0",",0","","","19891117",",,0","19891130","+,,0","19891130","+,,0","3","","19891116",",,0","19891105",",,0","14.4",",0,17,","0",",,0,30,+","0",",,0,30,+","9.9",",,0,16,","30.6",",0,05,","","","0.0",",0","20.1",",,,0","0",",,,0","25.36",",0","28.25",",,,0","22.46",",,,0"
"USC00088841","1989-12","25.0069","-80.5211","1.5","TAVERNIER, FL US","","","78.6",",0","4",",0","2",",0","1",",0","0",",0","0",",0","0",",0","0",",0","0",",0","26",",0","0",",0","","","19891225","+,,0","19891231","+,,0","19891231","+,,0","","","19891223",",,0","19891208",",,0","1.7",",0,25,+","0",",,0,31,+","0",",,0,31,+","32.5",",,0,23,","28.9",",0,08,","","","36.5",",0","44.0",",,,0","0",",,,0","19.69",",0","23.60",",,,0","15.78",",,,0"
"USC00088841","1990-01","25.0069","-80.5211","1.5","TAVERNIER, FL US","163.9","0","163.9",",0","6",",0","3",",0","0",",0","0",",0","0",",0","0",",0","0",",0","0",",0","31",",0","0",",0","","","19900113",",,0","19900131","+,,0","19900131","+,,0","","","19900131",",,0","19900125",",,0","11.7",",0,13,","0",",,0,31,+","0",",,0,31,+","15.0",",,0,31,","28.9",",0,25,","","","2.2",",0","30.7",",,,0","0",",,,0","23.55",",0","26.63",",,,0","20.47",",,,0"
"USC00088841","1990-02","25.0069","-80.5211","1.5","TAVERNIER, FL US","330.0","0","166.1",",0","6",",0","1",",0","0",",0","0",",0","0",",0","0",",0","0",",0","0",",0","28",",0","0",",0","","","19900225",",,0","19900228","+,,0","19900228","+,,0","","","19900224",",,0","19900223","+,,0","13.9",",0,25,","0",",,0,28,+","0",",,0,28,+","5.1",",,0,24,","28.9",",0,23,+","","","0.0",",0","9.7",",,,0","0",",,,0","24.27",",0","27.32",",,,0","21.21",",,,0"
"USC00088841","1990-03","25.0069","-80.5211","1.5","TAVERNIER, FL US","510.9","0","180.9",",0","7",",0","4",",0","2",",0","0",",0","0",",0","0",",0","0",",0","0",",0","31",",0","0",",0","","","19900321",",,0","19900331","+,,0","19900331","+,,0","","","19900320",",,0","19900319",",,0","15.6",",0,21,","0",",,0,31,+","0",",,0,31,+","49.5",",,0,20,","29.4",",0,19,","","","0.0",",0","105.2",",,,0","0",",,,0","24.17",",0","27.35",",,,0","20.99",",,,0"
"USC00088841","1990-04","25.0069","-80.5211","1.5","TAVERNIER, FL US","712.9","0","202.0",",0","6",",0","3",",0","1",",0","0",",0","0",",0","0",",0","0",",0","0",",0","30",",0","0",",0","","","19900405",",,0","19900430","+,,0","19900430","+,,0","","","19900410",",,0","19900409","+,,0","15.6",",0,05,","0",",,0,30,+","0",",,0,30,+","29.0",",,0,10,","30.6",",0,09,+","","","0.0",",0","61.0",",,,0","0",",,,0","25.07",",0","28.68",",,,0","21.45",",,,0"
"USC00088841","1990-05","25.0069","-80.5211","1.5","TAVERNIER, FL US","993.1","0","280.2",",0","8",",0","6",",0","2",",0","0",",0","0",",0","0",",0","0",",0","0",",0","31",",0","3",",0","","","19900527",",,0","19900531","+,,0","19900531","+,,0","2","","19900527",",,0","19900522","+,,0","21.7",",0,27,","0",",,0,31,+","0",",,0,31,+","51.6",",,0,27,","32.2",",0,22,+","","","0.0",",0","121.7",",,,0","0",",,,0","27.37",",0","30.44",",,,0","24.30",",,,0"
"USC00088841","1990-06","25.0069","-80.5211","1.5","TAVERNIER, FL US","1302.4","0","309.3",",0","9",",0","7",",0","1",",0","0",",0","0",",0","0",",0","0",",0","0",",0","30",",0","14",",0","","","19900616",",,0","19900630","+,,0","19900630","+,,0","4","","19900627",",,0","19900621",",,0","21.7",",0,16,","0",",,0,30,+","0",",,0,30,+","32.0",",,0,27,","33.9",",0,21,","","","0.0",",0","82.3",",,,0","0",",,,0","28.64",",0","32.05",",,,0","25.24",",,,0"
"USC00088841","1990-07","25.0069","-80.5211","1.5","TAVERNIER, FL US","1641.4","0","339.0",",0","8",",0","4",",0","0",",0","0",",0","0",",0","0",",0","0",",0","0",",0","31",",0","27",",0","","","19900727",",,0","19900731","+,,0","19900731","+,,0","5","","19900720",",,0","19900729",",,0","22.2",",0,27,","0",",,0,31,+","0",",,0,31,+","11.2",",,0,20,","34.4",",0,29,","0.0","0","0.0",",0","30.5",",,,0","0",",,,0","29.27",",0","32.74",",,,0","25.79",",,,0"
"USC00088841","1990-08","25.0069","-80.5211","1.5","TAVERNIER, FL US","1988.1","0","346.7",",0","11",",0","9",",0","1",",0","0",",0","0",",0","0",",0","0",",0","0",",0","31",",0","24",",0","","","19900829",",,0","19900831","+,,0","19900831","+,,0","7","","19900811",",,0","19900802",",,0","22.8",",0,29,","0",",,0,31,+","0",",,0,31,+","36.1",",,0,11,","35.6",",0,02,","0.0","0","0.0",",0","99.3",",,,0","0",",,,0","29.52",",0","32.99",",,,0","26.05",",,,0"
"USC00088841","1990-09","25.0069","-80.5211","1.5","TAVERNIER, FL US","2309.3","0","321.2",",0","9",",0","6",",0","2",",0","0",",0","0",",0","0",",0","0",",0","0",",0","30",",0","20",",0","","","19900928",",,0","19900930","+,,0","19900930","+,,0","13","","19900928",",,0","19900908","+,,0","21.1",",0,28,","0",",,0,30,+","0",",,0,30,+","54.9",",,0,28,","33.9",",0,08,+","0.0","0","0.0",",0","168.3",",,,0","0",",,,0","29.04",",0","32.36",",,,0","25.72",",,,0"
"USC00088841","1990-10","25.0069","-80.5211","1.5","TAVERNIER, FL US","2591.3","0","282.0",",0","6",",0","3",",0","1",",0","0",",0","0",",0","0",",0","0",",0","0",",0","31",",0","3",",0","","","19901027","+,,0","19901031","+,,0","19901031","+,,0","2","","19901009",",,0","19901005","+,,0","17.2",",0,27,+","0",",,0,31,+","0",",,0,31,+","54.4",",,0,09,","32.2",",0,05,+","0.0","0","0.0",",0","73.7",",,,0","0",",,,0","27.43",",0","30.33",",,,0","24.54",",,,0"
"USC00088841","1990-11","25.0069","-80.5211","1.5","TAVERNIER, FL US","2770.5","0","179.2",",0","4",",0","4",",0","1",",0","0",",0","0",",0","0",",0","0",",0","0",",0","30",",0","0",",0","","","19901111",",,0","19901130","+,,0","19901130","+,,0","4","","19901110",",,0","19901109","+,,0","15.6",",0,11,","0",",,0,30,+","0",",,0,30,+","27.9",",,0,10,","29.4",",0,09,+","0.0","0","0.0",",0","41.0",",,,0","0",",,,0","24.31",",0","27.15",",,,0","21.46",",,,0"
"USC00088841","1990-12","25.0069","-80.5211","1.5","TAVERNIER, FL US","2928.8","0","158.3",",0","10",",0","4",",0","0",",0","0",",0","0",",0","0",",0","0",",0","0",",0","31",",0","0",",0","","","19901209",",,0","19901231","+,,0","19901231","+,,0","3","","19901208",",,0","19901231","+,,0","11.1",",0,09,","0",",,0,31,+","0",",,0,31,+","16.0",",,0,08,","27.8",",0,31,+","2.5","0","2.5",",0","31.9",",,,0","0",",,,0","23.36",",0","25.95",",,,0","20.77",",,,0"
"USC00088841","1991-01","25.0069","-80.5211","1.5","TAVERNIER, FL US","176.2","0","176.2",",0","8",",0","2",",0","0",",0","0",",0","0",",0","0",",0","0",",0","0",",0","31",",0","0",",0","","","19910123",",,0","19910131","+,,0","19910131","+,,0","","","19910116",",,0","19910131",",,0","14.4",",0,23,","0",",,0,31,+","0",",,0,31,+","6.4",",,0,16,","29.4",",0,31,","2.5","0","0.0",",0","14.7",",,,0","0",",,,0","24.02",",0","26.75",",,,0","21.28",",,,0"
"USC00088841","1991-02","25.0069","-80.5211","1.5","TAVERNIER, FL US","297.3","0","121.1",",0","5",",0","2",",0","0",",0","0",",0","0",",0","0",",0","0",",0","0",",0","28",",0","0",",0","","","19910216",",,0","19910228","+,,0","19910228","+,,0","3","","19910228","+,,0","19910226","+,,0","8.3",",0,16,","0",",,0,28,+","0",",,0,28,+","4.3",",,0,28,+","29.4",",0,26,+","10.6","0","8.1",",0","9.7",",,,0","0",",,,0","22.37",",0","25.91",",,,0","18.84",",,,0"
"USC00088841","1991-03","25.0069","-80.5211","1.5","TAVERNIER, FL US","483.0","0","185.7",",0","5",",0","3",",0","1",",0","0",",0","0",",0","0",",0","0",",0","0",",0","31",",0","0",",0","","","19910311",",,0","19910331","+,,0","19910331","+,,0","2","","19910304",",,0","19910331",",,0","12.2",",0,11,","0",",,0,31,+","0",",,0,31,+","47.2",",,0,04,","30.6",",0,31,","12.0","0","1.4",",0","65.3",",,,0","0",",,,0","24.28",",0","27.54",",,,0","21.02",",,,0"
"USC00088841","1991-04","25.0069","-80.5211","1.5","TAVERNIER, FL US","732.5","0","249.5",",0","6",",0","4",",0","0",",0","0",",0","0",",0","0",",0","0",",0","0",",0","30",",0","3",",0","","","19910401",",,0","19910430","+,,0","19910430","+,,0","","","19910420",",,0","19910429","+,,0","18.9",",0,01,","0",",,0,30,+","0",",,0,30,+","11.9",",,0,20,","32.2",",0,29,+","12.0","0","0.0",",0","35.7",",,,0","0",",,,0","26.65",",0","29.51",",,,0","23.79",",,,0"
"USC00088841","1991-05","25.0069","-80.5211","1.5","TAVERNIER, FL US","1029.0","0","296.5",",0","6",",0","5",",0","3",",0","0",",0","0",",0","0",",0","0",",0","0",",0","31",",0","1",",0","","","19910531",",,0","19910531","+,,0","19910531","+,,0","4","","19910522",",,0","19910516",",,0","22.2",",0,31,","0",",,0,31,+","0",",,0,31,+","56.4",",,0,22,","32.2",",0,16,","12.0","0","0.0",",0","145.4",",,,0","0",",,,0","27.90",",0","30.68",",,,0","25.12",",,,0"
"USC00088841","1991-06","25.0069","-80.5211","1.5","TAVERNIER, FL US","1339.9","0","310.9",",0","7",",0","5",",0","2",",0","0",",0","0",",0","0",",0","0",",0","0",",0","30",",0","12",",0","","","19910607",",,0","19910630","+,,0","19910630","+,,0","4","","19910630",",,0","19910628",",,0","22.8",",0,07,","0",",,0,30,+","0",",,0,30,+","37.6",",,0,30,","33.9",",0,28,","12.0","0","0.0",",0","101.4",",,,0","0",",,,0","28.70",",0","31.72",",,,0","25.67",",,,0"
"USC00088841","1991-07","25.0069","-80.5211","1.5","TAVERNIER, FL US","","","","","","","","","","","0",",0","0",",0","","","","","","","","","","","","","","","19910731","+,,0","19910731","+,,0","1","","","","","","","","0",",,0,31,+","0",",,0,31,+","","","","","","","","","","","0",",,,0","","","","","",""
"USC00088841","1991-08","25.0069","-80.5211","1.5","TAVERNIER, FL US","","","331.1",",0","10",",0","8",",0","4",",0","0",",0","0",",0","0",",0","0",",0","0",",0","31",",0","21",",0","","","19910830","+,,0","19910831","+,,0","19910831","+,,0","5","","19910823",",,0","19910816",",,0","22.8",",0,30,+","0",",,0,31,+","0",",,0,31,+","34.0",",,0,23,","34.4",",0,16,","","","0.0",",0","163.0",",,,0","0",",,,0","29.01",",0","32.26",",,,0","25.77",",,,0"
"USC00088841","1991-09","25.0069","-80.5211","1.5","TAVERNIER, FL US","","","293.0","1,0","12",",0","8",",0","1",",0","0",",0","0",",0","0","1,0","0","1,0","0",",0","30",",0","7",",0","","","19910927",",1,0","19910930","+,,0","19910930","+,,0","8","","19910917",",,0","19910915",",,0","23.3","1,0,27,","0",",,0,30,+","0",",,0,30,+","63.8",",,0,17,","32.8",",0,15,","","","0.0",",0","147.8",",,,0","0",",,,0","28.43","1,0","31.36",",,,0","25.50","1,,,0"
"USC00088841","1991-10","25.0069","-80.5211","1.5","TAVERNIER, FL US","","","249.7",",0","17",",0","10",",0","4",",0","0",",0","0",",0","0",",0","0",",0","0",",0","31",",0","0",",0","","","19911017",",,0","19911031","+,,0","19911031","+,,0","2","","19911015",",,0","19911007","+,,0","19.4",",0,17,","0",",,0,31,+","0",",,0,31,+","51.1",",,0,15,","31.7",",0,07,+","","","0.0",",0","204.1",",,,0","0",",,,0","26.39",",0","28.91",",,,0","23.87",",,,0"
"USC00088841","1991-11","25.0069","-80.5211","1.5","TAVERNIER, FL US","","","147.2",",0","5",",0","2",",0","0",",0","0",",0","0",",0","0",",0","0",",0","0",",0","29",",0","0",",0","","","19911111",",,0","19911130","+,,0","19911130","+,,0","3","","19911108",",,0","19911103","+,,0","12.8",",0,11,","0",",,0,30,+","0",",,0,30,+","22.1",",,0,08,","28.9",",0,03,+","","","1.9",",0","29.8",",,,0","0",",,,0","23.18",",0","25.96",",,,0","20.39",",,,0"
"USC00088841","1991-12","25.0069","-80.5211","1.5","TAVERNIER, FL US","","","132.6",",0","4",",0","2",",0","1",",0","0",",0","0",",0","0",",0","0",",0","0",",0","31",",0","0",",0","","","19911205",",,0","19911231","+,,0","19911231","+,,0","","","19911215",",,0","19911203",",,0","13.3",",0,05,","0",",,0,31,+","0",",,0,31,+","30.2",",,0,15,","28.9",",0,03,","","","0.0",",0","40.1",",,,0","0",",,,0","22.61",",0","25.42",",,,0","19.80",",,,0"
"USC00088841","1992-01","25.0069","-80.5211","1.5","TAVERNIER, FL US","87.1","0","87.1",",0","3",",0","1",",0","0",",0","0",",0","0",",0","0",",0","0",",0","0",",0","28",",0","0",",0","","","19920116",",,0","19920131","+,,0","19920131","+,,0","","","19920123",",,0","19920129",",,0","9.4",",0,16,","0",",,0,31,+","0",",,0,31,+","18.0",",,0,23,","27.8",",0,29,","","","12.3",",0","21.5",",,,0","0",",,,0","20.75",",0","23.97",",,,0","17.53",",,,0"
"USC00088841","1992-03","25.0069","-80.5211","1.5","TAVERNIER, FL US","","","153.8",",0","4",",0","2",",0","1",",0","0",",0","0",",0","0",",0","0",",0","0",",0","31",",0","0",",0","","","19920321","+,,0","19920331","+,,0","19920331","+,,0","1","","19920325",",,0","19920310",",,0","13.9",",0,21,+","0",",,0,31,+","0",",,0,31,+","64.8",",,0,25,","29.4",",0,10,","","","0.0",",0","70.1",",,,0","0",",,,0","23.30",",0","26.98",",,,0","19.61",",,,0"
"USC00088841","1992-04","25.0069","-80.5211","1.5","TAVERNIER, FL US","","","172.2",",0","9",",0","4",",0","1",",0","0",",0","0",",0","0",",0","0",",0","0",",0","30",",0","0",",0","","","19920429",",,0","19920430","+,,0","19920430","+,,0","3","","19920420",",,0","19920423","+,,0","13.9",",0,29,","0",",,0,30,+","0",",,0,30,+","30.0",",,0,20,","29.4",",0,23,+","","","0.0",",0","56.6",",,,0","0",",,,0","24.07",",0","27.35",",,,0","20.79",",,,0"
"USC00088841","1992-05","25.0069","-80.5211","1.5","TAVERNIER, FL US","","","225.8",",0","3",",0","1",",0","0",",0","0",",0","0",",0","0",",0","0",",0","0",",0","31",",0","0",",0","","","19920508","+,,0","19920531","+,,0","19920531","+,,0","","","19920522",",,0","19920531","+,,0","16.7",",0,08,+","0",",,0,31,+","0",",,0,31,+","13.7",",,0,22,","31.7",",0,31,+","","","0.0",",0","16.0",",,,0","0",",,,0","25.62",",0","29.57",",,,0","21.66",",,,0"
"USC00088841","1992-06","25.0069","-80.5211","1.5","TAVERNIER, FL US","","","281.8",",0","15",",0","13",",0","3",",0","0",",0","0",",0","0",",0","0",",0","0",",0","30",",0","0",",0","","","19920604",",,0","19920630","+,,0","19920630","+,,0","24","","19920625",",,0","19920630","+,,0","21.7",",0,04,","0",",,0,30,+","0",",,0,30,+","133.9",",,0,25,","31.7",",0,30,+","","","0.0",",0","377.4",",,,0","0",",,,0","27.73",",0","30.72",",,,0","24.73",",,,0"
"USC00088841","1992-07","25.0069","-80.5211","1.5","TAVERNIER, FL US","","","","","3",",0","3",",0","1",",0","0",",0","0",",0","","","","","","","","","","","","","","","19920731","+,,0","19920731","+,,0","10","","19920713",",,0","","","","","0",",,0,31,+","0",",,0,31,+","50.3",",,0,13,","","","","","","","68.9",",,,0","0",",,,0","","","","","",""
"USC00088841","1992-08","25.0069","-80.5211","1.5","TAVERNIER, FL US","","","","","11",",0","6",",0","2",",0","0",",0","0",",0","","","","","","","","","","","","","","","19920831","+,,0","19920831","+,,0","26","","19920824",",,0","","","","","0",",,0,31,+","0",",,0,31,+","96.0",",,0,24,","","","","","","","171.8",",,,0","0",",,,0","","","","","",""
"USC00088841","1992-10","25.0069","-80.5211","1.5","TAVERNIER, FL US","","","234.1","1,0","7",",0","6",",0","1",",0","0",",0","0",",0","0","1,0","0","1,0","0",",0","31",",0","0",",0","","","19921026",",1,0","19921031","+,,0","19921031","+,,0","9","","19921001",",,0","19921011","+,,0","20.0","1,0,26,","0",",,0,31,+","0",",,0,31,+","35.3",",,0,01,","31.1",",0,11,+","","","0.0",",0","91.7",",,,0","0",",,,0","26.12","1,0","29.00",",,,0","23.25","1,,,0"
"USC00088841","1992-12","25.0069","-80.5211","1.5","TAVERNIER, FL US","","","131.0",",0","2",",0","2",",0","0",",0","0",",0","0",",0","0",",0","0",",0","0",",0","30",",0","0",",0","","","19921213",",,0","19921231","+,,0","19921231","+,,0","2","","19921210",",,0","19921226","+,,0","11.1",",0,13,","0",",,0,31,+","0",",,0,31,+","6.9",",,0,10,","27.8",",0,26,+","","","4.2",",0","9.9",",,,0","0",",,,0","22.43",",0","25.40",",,,0","19.45",",,,0"
"USC00088841","1993-01","25.0069","-80.5211","1.5","TAVERNIER, FL US","149.6","0","149.6",",0","13",",0","8",",0","5",",0","0",",0","0",",0","0",",0","0",",0","0",",0","30",",0","0",",0","","","19930128",",,0","19930131","+,,0","19930131","+,,0","3","","19930126",",,0","19930113","+,,0","13.3",",0,28,","0",",,0,31,+","0",",,0,31,+","105.4",",,0,26,","28.3",",0,13,+","","","0.3",",0","319.0",",,,0","0",",,,0","23.15",",0","25.83",",,,0","20.48",",,,0"
"USC00088841","1993-02","25.0069","-80.5211","1.5","TAVERNIER, FL US","233.2","0","83.6",",0","4",",0","3",",0","1",",0","0",",0","0",",0","0",",0","0",",0","0",",0","28",",0","0",",0","","","19930219",",,0","19930228","+,,0","19930228","+,,0","2","","19930223",",,0","19930212",",,0","11.7",",0,19,","0",",,0,28,+","0",",,0,28,+","32.3",",,0,23,","27.8",",0,12,","","","1.9",",0","42.5",",,,0","0",",,,0","21.25",",0","24.51",",,,0","17.99",",,,0"
"USC00088841","1993-03","25.0069","-80.5211","1.5","TAVERNIER, FL US","359.7","0","126.5",",0","7",",0","7",",0","0",",0","0",",0","0",",0","0",",0","0",",0","0",",0","28",",0","0",",0","","","19930315",",,0","19930331","+,,0","19930331","+,,0","5","","19930313",",,0","19930331",",,0","8.3",",0,15,","0",",,0,31,+","0",",,0,31,+","24.4",",,0,13,","29.4",",0,31,","","","6.7",",0","82.6",",,,0","0",",,,0","22.20",",0","25.67",",,,0","18.73",",,,0"
"USC00088841","1993-04","25.0069","-80.5211","1.5","TAVERNIER, FL US","525.1","0","165.4",",0","4",",0","4",",0","0",",0","0",",0","0",",0","0",",0","0",",0","0",",0","30",",0","0",",0","","","19930411",",,0","19930430","+,,0","19930430","+,,0","1","","19930405",",,0","19930427",",,0","15.0",",0,11,","0",",,0,30,+","0",",,0,30,+","18.0",",,0,05,","30.6",",0,27,","","","0.0",",0","33.2",",,,0","0",",,,0","23.85",",0","27.51",",,,0","20.18",",,,0"
"USC00088841","1993-05","25.0069","-80.5211","1.5","TAVERNIER, FL US","769.7","0","244.6",",0","6",",0","5",",0","1",",0","0",",0","0",",0","0",",0","0",",0","0",",0","31",",0","0",",0","","","19930512",",,0","19930531","+,,0","19930531","+,,0","","","19930531",",,0","19930520",",,0","20.6",",0,12,","0",",,0,31,+","0",",,0,31,+","89.2",",,0,31,","31.1",",0,20,","","","0.0",",0","128.8",",,,0","0",",,,0","26.22",",0","29.26",",,,0","23.19",",,,0"
"USC00088841","1993-06","25.0069","-80.5211","1.5","TAVERNIER, FL US","1069.3","0","299.6",",0","6",",0","4",",0","1",",0","0",",0","0",",0","0",",0","0",",0","0",",0","30",",0","5",",0","","","19930601",",,0","19930630","+,,0","19930630","+,,0","2","","19930601",",,0","19930630",",,0","22.2",",0,01,","0",",,0,30,+","0",",,0,30,+","134.6",",,0,01,","32.8",",0,30,","","","0.0",",0","151.8",",,,0","0",",,,0","28.32",",0","31.38",",,,0","25.26",",,,0"
"USC00088841","1993-07","25.0069","-80.5211","1.5","TAVERNIER, FL US","1408.9","0","339.6","1,0","2",",0","1",",0","0",",0","0",",0","0",",0","0",",0","0",",0","0","1,0","30","1,0","26","1,0","","","19930711",",,0","19930731","+,,0","19930731","+,,0","5","","19930711",",,0","19930730","+,1,0","21.7",",0,11,","0",",,0,31,+","0",",,0,31,+","16.0",",,0,11,","34.4","1,0,30,+","0.0","0","0.0","1,0","16.8",",,,0","0",",,,0","29.66","1,0","32.98","1,,,0","26.34",",,,0"
"USC00088841","1993-08","25.0069","-80.5211","1.5","TAVERNIER, FL US","1720.4","0","311.5","1,0","17",",0","15",",0","1",",0","0",",0","0",",0","0",",0","0",",0","0","1,0","30","1,0","22","1,0","","","19930827","+,,0","19930831","+,,0","19930831","+,,0","14","","19930811",",,0","19930823","+,1,0","22.8",",0,27,+","0",",,0,31,+","0",",,0,31,+","39.4",",,0,11,","33.3","1,0,23,+","0.0","0","0.0","1,0","180.2",",,,0","0",",,,0","28.68","1,0","32.22","1,,,0","25.15",",,,0"
"USC00088841","1993-09","25.0069","-80.5211","1.5","TAVERNIER, FL US","","","","","13",",0","10",",0","2",",0","0",",0","0",",0","","","","","","","","","","","","","","","19930930","+,,0","19930930","+,,0","11","","19930902",",,0","","","","","0",",,0,30,+","0",",,0,30,+","43.4",",,0,02,","","","","","","","162.5",",,,0","0",",,,0","","","","","",""
"USC00088841","1993-10","25.0069","-80.5211","1.5","TAVERNIER, FL US","","","256.5","2,0","11",",0","9",",0","1",",0","0",",0","0",",0","0","1,0","0","1,0","0","2,0","29","2,0","0","2,0","","","19931016",",1,0","19931031","+,,0","19931031","+,,0","5","","19931016",",,0","19931020","+,2,0","22.2","1,0,16,","0",",,0,31,+","0",",,0,31,+","87.6",",,0,16,","31.7","2,0,20,+","","","0.0","2,0","163.3",",,,0","0",",,,0","27.19","2,0","30.01","2,,,0","24.37","1,,,0"
"USC00088841","1993-11","25.0069","-80.5211","1.5","TAVERNIER, FL US","","","186.8","1,0","1",",0","0",",0","0",",0","0",",0","0",",0","0",",0","0",",0","0","1,0","29","1,0","0","1,0","","","19931101",",,0","19931130","+,,0","19931130","+,,0","","","19931125",",,0","19931115","+,1,0","13.9",",0,01,","0",",,0,30,+","0",",,0,30,+","1.5",",,0,25,","30.0","1,0,15,+","","","0.5","1,0","1.5",",,,0","0",",,,0","24.76","1,0","27.84","1,,,0","21.67",",,,0"
"USC00088841","1993-12","25.0069","-80.5211","1.5","TAVERNIER, FL US","","","100.9",",0","2",",0","2",",0","0",",0","0",",0","0",",0","0",",0","0",",0","0",",0","29",",0","0",",0","","","19931212",",,0","19931231","+,,0","19931231","+,,0","","","19931225",",,0","19931223","+,,0","10.6",",0,12,","0",",,0,31,+","0",",,0,31,+","15.0",",,0,25,","27.8",",0,23,+","","","9.1",",0","24.9",",,,0","0",",,,0","21.30",",0","24.98",",,,0","17.61",",,,0"
"USC00088841","1994-01","25.0069","-80.5211","1.5","TAVERNIER, FL US","97.4","0","97.4",",0","11",",0","6",",0","0",",0","0",",0","0",",0","0",",0","0",",0","0",",0","29",",0","0",",0","","","19940115","+,,0","19940131","+,,0","19940131","+,,0","1","","19940112",",,0","19940130",",,0","12.8",",0,15,+","0",",,0,31,+","0",",,0,31,+","23.1",",,0,12,","28.3",",0,30,","","","4.1",",0","65.6",",,,0","0",",,,0","21.34",",0","24.37",",,,0","18.32",",,,0"
"USC00088841","1994-02","25.0069","-80.5211","1.5","TAVERNIER, FL US","239.2","0","141.8",",0","8",",0","6",",0","3",",0","0",",0","0",",0","0",",0","0",",0","0",",0","27",",0","0",",0","","","19940203",",,0","19940228","+,,0","19940228","+,,0","1","","19940217",",,0","19940226","+,,0","12.2",",0,03,","0",",,0,28,+","0",",,0,28,+","66.8",",,0,17,","29.4",",0,26,+","","","3.4",",0","168.5",",,,0","0",",,,0","23.28",",0","26.21",",,,0","20.35",",,,0"
"USC00088841","1994-03","25.0069","-80.5211","1.5","TAVERNIER, FL US","405.0","0","165.8",",0","2",",0","2",",0","0",",0","0",",0","0",",0","0",",0","0",",0","0",",0","31",",0","0",",0","","","19940304",",,0","19940331","+,,0","19940331","+,,0","","","19940302",",,0","19940324",",,0","13.9",",0,04,","0",",,0,31,+","0",",,0,31,+","9.7",",,0,02,","30.6",",0,24,","","","0.5",",0","13.8",",,,0","0",",,,0","23.66",",0","27.15",",,,0","20.18",",,,0"
"USC00088841","1994-04","25.0069","-80.5211","1.5","TAVERNIER, FL US","644.3","0","239.3",",0","5",",0","2",",0","0",",0","0",",0","0",",0","0",",0","0",",0","0",",0","30",",0","0",",0","","","19940401",",,0","19940430","+,,0","19940430","+,,0","1","","19940423",",,0","19940430","+,,0","17.8",",0,01,","0",",,0,30,+","0",",,0,30,+","24.1",",,0,23,","30.6",",0,30,+","","","0.0",",0","31.7",",,,0","0",",,,0","26.31",",0","29.66",",,,0","22.95",",,,0"
"USC00088841","1994-05","25.0069","-80.5211","1.5","TAVERNIER, FL US","904.7","0","260.4","1,0","8",",0","7",",0","1",",0","0",",0","0",",0","0",",0","0",",0","0","1,0","30","1,0","2","1,0","","","19940506",",,0","19940531","+,,0","19940531","+,,0","5","","19940513",",,0","19940512",",1,0","18.9",",0,06,","0",",,0,31,+","0",",,0,31,+","32.5",",,0,13,","32.8","1,0,12,","","","0.0","1,0","98.6",",,,0","0",",,,0","26.99","1,0","30.65","1,,,0","23.34",",,,0"
"USC00088841","1994-06","25.0069","-80.5211","1.5","TAVERNIER, FL US","1213.5","0","308.8",",0","7",",0","6",",0","1",",0","0",",0","0",",0","0",",0","0",",0","0",",0","30",",0","11",",0","","","19940611","+,,0","19940630","+,,0","19940630","+,,0","5","","19940604",",,0","19940628",",,0","22.2",",0,11,+","0",",,0,30,+","0",",,0,30,+","52.6",",,0,04,","33.3",",0,28,","","","0.0",",0","104.2",",,,0","0",",,,0","28.63",",0","31.64",",,,0","25.61",",,,0"
"USC00088841","1994-07","25.0069","-80.5211","1.5","TAVERNIER, FL US","1549.9","0","336.4",",0","6",",0","6",",0","0",",0","0",",0","0",",0","0",",0","0",",0","0",",0","31",",0","24",",0","","","19940704",",,0","19940731","+,,0","19940731","+,,0","7","","19940731","+,,0","19940716",",,0","22.8",",0,04,","0",",,0,31,+","0",",,0,31,+","17.0",",,0,31,+","34.4",",0,16,","0.0","0","0.0",",0","51.3",",,,0","0",",,,0","29.18",",0","32.36",",,,0","26.00",",,,0"
"USC00088841","1994-08","25.0069","-80.5211","1.5","TAVERNIER, FL US","1867.9","0","318.0",",0","10",",0","7",",0","1",",0","0",",0","0",",0","0",",0","0",",0","0",",0","31",",0","12",",0","","","19940825","+,,0","19940831","+,,0","19940831","+,,0","4","","19940812",",,0","19940802",",,0","23.3",",0,25,+","0",",,0,31,+","0",",,0,31,+","65.3",",,0,12,","33.3",",0,02,","0.0","0","0.0",",0","107.4",",,,0","0",",,,0","28.59",",0","31.37",",,,0","25.82",",,,0"
"USC00088841","1994-09","25.0069","-80.5211","1.5","TAVERNIER, FL US","2143.6","0","275.7",",0","18",",0","17",",0","5",",0","0",",0","0",",0","0",",0","0",",0","0",",0","30",",0","3",",0","","","19940930","+,,0","19940930","+,,0","19940930","+,,0","4","","19940915",",,0","19940901",",,0","22.8",",0,30,+","0",",,0,30,+","0",",,0,30,+","56.6",",,0,15,","32.8",",0,01,","0.0","0","0.0",",0","293.9",",,,0","0",",,,0","27.52",",0","29.87",",,,0","25.17",",,,0"
"USC00088841","1994-10","25.0069","-80.5211","1.5","TAVERNIER, FL US","2388.6","0","245.0","1,0","11",",0","6",",0","1",",0","0",",0","0",",0","0",",0","0",",0","0","1,0","30","1,0","0","1,0","","","19941019",",,0","19941031","+,,0","19941031","+,,0","7","","19941001",",,0","19941012","+,1,0","21.7",",0,19,","0",",,0,31,+","0",",,0,31,+","48.5",",,0,01,","30.6","1,0,12,+","0.0","0","0.0","1,0","105.1",",,,0","0",",,,0","26.48","1,0","29.34","1,,,0","23.61",",,,0"
"USC00088841","1994-11","25.0069","-80.5211","1.5","TAVERNIER, FL US","2589.1","0","200.5",",0","8",",0","7",",0","3",",0","0",",0","0",",0","0",",0","0",",0","0",",0","30",",0","0",",0","","","19941119",",,0","19941130","+,,0","19941130","+,,0","4","","19941115",",,0","19941111","+,,0","17.8",",0,19,","0",",,0,30,+","0",",,0,30,+","84.6",",,0,15,","29.4",",0,11,+","0.0","0","0.0",",0","205.7",",,,0","0",",,,0","25.02",",0","27.50",",,,0","22.53",",,,0"
"USC00088841","1994-12","25.0069","-80.5211","1.5","TAVERNIER, FL US","2724.5","0","135.4",",0","10",",0","6",",0","1",",0","0",",0","0",",0","0",",0","0",",0","0",",0","29",",0","0",",0","","","19941225",",,0","19941231","+,,0","19941231","+,,0","2","","19941221",",,0","19941205",",,0","12.8",",0,25,","0",",,0,31,+","0",",,0,31,+","42.9",",,0,21,","28.9",",0,05,","4.2","0","4.2",",0","92.7",",,,0","0",",,,0","22.57",",0","25.23",",,,0","19.90",",,,0"
"USC00088841","1995-01","25.0069","-80.5211","1.5","TAVERNIER, FL US","64.3","0","64.3","5,0","5",",0","3",",0","0",",0","0",",0","0",",0","0","2,0","0","2,0","0","3,0","23","3,0","0","3,0","","","19950125",",2,0","19950131","+,,0","19950131","+,,0","1","","19950114",",,0","19950107",",3,0","11.1","2,0,25,","0",",,0,31,+","0",",,0,31,+","24.1",",,0,14,","27.2","3,0,07,","16.0","0","11.8","3,0","36.8",",,,0","0",",,,0","20.30","5,0","23.71","3,,,0","16.89","2,,,0"
"USC00088841","1995-02","25.0069","-80.5211","1.5","TAVERNIER, FL US","144.6","0","80.3","1,0","1",",0","1",",0","0",",0","0",",0","0",",0","0","1,0","0","1,0","0",",0","24",",0","0",",0","","","19950209",",1,0","19950228","+,,0","19950228","+,,0","","","19950228",",,0","19950219","+,,0","6.1","1,0,09,","0",",,0,28,+","0",",,0,28,+","2.8",",,0,28,","28.3",",0,19,+","34.6","0","18.6",",0","2.8",",,,0","0",",,,0","20.64","1,0","24.34",",,,0","16.94","1,,,0"
"USC00088841","1995-03","25.0069","-80.5211","1.5","TAVERNIER, FL US","295.1","0","150.5","1,0","7","1,0","5","1,0","3","1,0","0",",0","0",",0","0","1,0","0","1,0","0","1,0","30","1,0","0","1,0","","","19950309",",1,0","19950331","+,,0","19950331","+,,0","4","","19950316",",1,0","19950329",",1,0","14.4","1,0,09,","0",",,0,31,+","0",",,0,31,+","47.2","1,,0,16,","29.4","1,0,29,","34.6","0","0.0","1,0","128.8","1,,,0","0",",,,0","23.35","1,0","26.75","1,,,0","19.94","1,,,0"
"USC00088841","1995-04","25.0069","-80.5211","1.5","TAVERNIER, FL US","502.2","0","207.1","1,0","8",",0","7",",0","2",",0","0",",0","0",",0","0",",0","0",",0","0","1,0","29","1,0","0","1,0","","","19950403",",,0","19950430","+,,0","19950430","+,,0","4","","19950429",",,0","19950425",",1,0","17.8",",0,03,","0",",,0,30,+","0",",,0,30,+","41.4",",,0,29,","31.7","1,0,25,","34.6","0","0.0","1,0","134.9",",,,0","0",",,,0","25.48","1,0","28.54","1,,,0","22.42",",,,0"
"USC00088841","1995-05","25.0069","-80.5211","1.5","TAVERNIER, FL US","795.3","0","293.1",",0","3",",0","3",",0","1",",0","0",",0","0",",0","0",",0","0",",0","0",",0","31",",0","1",",0","","","19950505",",,0","19950531","+,,0","19950531","+,,0","3","","19950505",",,0","19950516",",,0","20.6",",0,05,","0",",,0,31,+","0",",,0,31,+","77.0",",,0,05,","32.8",",0,16,","34.6","0","0.0",",0","100.4",",,,0","0",",,,0","27.79",",0","30.67",",,,0","24.90",",,,0"
"USC00088841","1995-08","25.0069","-80.5211","1.5","TAVERNIER, FL US","","","300.8",",0","12",",0","10",",0","3",",0","0",",0","0",",0","0",",0","0",",0","0",",0","31",",0","9",",0","","","19950804",",,0","19950831","+,,0","19950831","+,,0","7","","19950822",",,0","19950815","+,,0","21.7",",0,04,","0",",,0,31,+","0",",,0,31,+","68.8",",,0,22,","33.3",",0,15,+","","","0.0",",0","193.7",",,,0","0",",,,0","28.04",",0","30.96",",,,0","25.11",",,,0"
"USC00088841","1995-09","25.0069","-80.5211","1.5","TAVERNIER, FL US","","","266.3",",0","13",",0","11",",0","3",",0","0",",0","0",",0","0",",0","0",",0","0",",0","30",",0","0",",0","","","19950909","+,,0","19950930","+,,0","19950930","+,,0","9","","19950903",",,0","19950925","+,,0","21.7",",0,09,+","0",",,0,30,+","0",",,0,30,+","54.9",",,0,03,","31.1",",0,25,+","","","0.0",",0","204.4",",,,0","0",",,,0","27.21",",0","30.33",",,,0","24.09",",,,0"
"USC00088841","1995-10","25.0069","-80.5211","1.5","TAVERNIER, FL US","","","253.0",",0","14",",0","12",",0","4",",0","0",",0","0",",0","0",",0","0",",0","0",",0","31",",0","0",",0","","","19951022","+,,0","19951031","+,,0","19951031","+,,0","4","","19951014",",,0","19951005","+,,0","22.2",",0,22,+","0",",,0,31,+","0",",,0,31,+","45.7",",,0,14,","30.6",",0,05,+","","","0.0",",0","252.5",",,,0","0",",,,0","26.49",",0","28.77",",,,0","24.22",",,,0"
"USC00088841","1995-11","25.0069","-80.5211","1.5","TAVERNIER, FL US","","","123.4","2,0","2",",0","1",",0","0",",0","0",",0","0",",0","0","1,0","0","1,0","0","1,0","28","1,0","0","1,0","","","19951115",",1,0","19951130","+,,0","19951130","+,,0","","","19951108",",,0","19951103",",1,0","13.3","1,0,15,","0",",,0,30,+","0",",,0,30,+","3.3",",,0,08,","29.4","1,0,03,","","","1.7","1,0","4.8",",,,0","0",",,,0","22.76","2,0","25.70","1,,,0","19.82","1,,,0"
"USC00088841","1995-12","25.0069","-80.5211","1.5","TAVERNIER, FL US","","","85.9","1,0","7",",0","4",",0","0",",0","0",",0","0",",0","0",",0","0",",0","0","1,0","23","1,0","0","1,0","","","19951225",",,0","19951231","+,,0","19951231","+,,0","","","19951231","+,,0","19951219",",1,0","6.7",",0,25,","0",",,0,31,+","0",",,0,31,+","5.8",",,0,31,+","27.2","1,0,19,","","","38.6","1,0","23.0",",,,0","0",",,,0","19.83","1,0","22.67","1,,,0","16.99",",,,0"
"USC00088841","1996-01","25.0069","-80.5211","1.5","TAVERNIER, FL US","65.1","0","65.1",",0","6",",0","3",",0","0",",0","0",",0","0",",0","0",",0","0",",0","0",",0","25",",0","0",",0","","","19960109",",,0","19960131","+,,0","19960131","+,,0","1","","19960103",",,0","19960102",",,0","4.4",",0,09,","0",",,0,31,+","0",",,0,31,+","17.5",",,0,03,","27.8",",0,02,","","","28.8",",0","34.3",",,,0","0",",,,0","19.50",",0","23.23",",,,0","15.77",",,,0"
"USC00088841","1996-02","25.0069","-80.5211","1.5","TAVERNIER, FL US","125.8","0","60.7",",0","2",",0","2",",0","0",",0","0",",0","0",",0","0",",0","0",",0","0",",0","24",",0","0",",0","","","19960205",",,0","19960229","+,,0","19960229","+,,0","","","19960203",",,0","19960228",",,0","3.9",",0,05,","0",",,0,29,+","0",",,0,29,+","13.7",",,0,03,","27.2",",0,28,","","","35.0",",0","16.2",",,,0","0",",,,0","19.22",",0","23.68",",,,0","14.76",",,,0"
"USC00088841","1996-03","25.0069","-80.5211","1.5","TAVERNIER, FL US","220.9","0","95.1","1,0","5",",0","4",",0","0",",0","0",",0","0",",0","0",",0","0",",0","0","1,0","25","1,0","0","1,0","","","19960312","+,,0","19960331","+,,0","19960331","+,,0","2","","19960310",",,0","19960331","+,1,0","10.0",",0,12,+","0",",,0,31,+","0",",,0,31,+","15.2",",,0,10,","28.3","1,0,31,+","","","20.5","1,0","45.4",",,,0","0",",,,0","20.82","1,0","24.39","1,,,0","17.25",",,,0"
"USC00088841","1996-04","25.0069","-80.5211","1.5","TAVERNIER, FL US","396.2","0","175.3","1,0","4",",0","3",",0","1",",0","0",",0","0",",0","0",",0","0",",0","0","1,0","29","1,0","0","1,0","","","19960403","+,,0","19960430","+,,0","19960430","+,,0","","","19960409",",,0","19960427",",1,0","15.0",",0,03,+","0",",,0,30,+","0",",,0,30,+","28.7",",,0,09,","30.6","1,0,27,","","","0.0","1,0","37.6",",,,0","0",",,,0","24.27","1,0","27.47","1,,,0","21.08",",,,0"
"USC00088841","1996-05","25.0069","-80.5211","1.5","TAVERNIER, FL US","645.7","0","249.5",",0","9",",0","7",",0","2",",0","0",",0","0",",0","0",",0","0",",0","0",",0","31",",0","0",",0","","","19960512",",,0","19960531","+,,0","19960531","+,,0","1","","19960521",",,0","19960530",",,0","20.6",",0,12,","0",",,0,31,+","0",",,0,31,+","32.3",",,0,21,","31.1",",0,30,","","","0.0",",0","123.3",",,,0","0",",,,0","26.38",",0","29.38",",,,0","23.38",",,,0"
"USC00088841","1996-06","25.0069","-80.5211","1.5","TAVERNIER, FL US","873.8","0","228.1","3,0","14",",0","13",",0","4",",0","0",",0","0",",0","0","1,0","0","1,0","0","2,0","28","2,0","1","2,0","","","19960628","+,1,0","19960630","+,,0","19960630","+,,0","","","19960613",",,0","19960619",",2,0","21.7","1,0,28,+","0",",,0,30,+","0",",,0,30,+","62.5",",,0,13,","32.8","2,0,19,","","","0.0","2,0","291.8",",,,0","0",",,,0","26.74","3,0","29.83","2,,,0","23.66","1,,,0"
"USC00088841","1996-07","25.0069","-80.5211","1.5","TAVERNIER, FL US","1182.6","0","308.8","1,0","6",",0","4",",0","0",",0","0",",0","0",",0","0",",0","0",",0","0","1,0","30","1,0","4","1,0","","","19960716",",,0","19960731","+,,0","19960731","+,,0","2","","19960716",",,0","19960727","+,1,0","23.3",",0,16,","0",",,0,31,+","0",",,0,31,+","21.6",",,0,16,","32.2","1,0,27,+","0.0","0","0.0","1,0","51.5",",,,0","0",",,,0","28.62","1,0","31.24","1,,,0","26.00",",,,0"
"USC00088841","1996-08","25.0069","-80.5211","1.5","TAVERNIER, FL US","1482.5","0","299.9",",0","12",",0","9",",0","1",",0","0",",0","0",",0","0",",0","0",",0","0",",0","31",",0","5",",0","","","19960824","+,,0","19960831","+,,0","19960831","+,,0","9","","19960826",",,0","19960818","+,,0","21.1",",0,24,+","0",",,0,31,+","0",",,0,31,+","42.2",",,0,26,","32.8",",0,18,+","0.0","0","0.0",",0","125.8",",,,0","0",",,,0","28.01",",0","30.95",",,,0","25.07",",,,0"
"USC00088841","1996-09","25.0069","-80.5211","1.5","TAVERNIER, FL US","1755.1","0","272.6","1,0","7",",0","7",",0","2",",0","0",",0","0",",0","0",",0","0",",0","0","1,0","29","1,0","3","1,0","","","19960930",",,0","19960930","+,,0","19960930","+,,0","","","19960930",",,0","19960904",",1,0","22.2",",0,30,","0",",,0,30,+","0",",,0,30,+","36.1",",,0,30,","32.8","1,0,04,","0.0","0","0.0","1,0","136.4",",,,0","0",",,,0","27.71","1,0","30.49","1,,,0","24.93",",,,0"
"USC00088841","1996-10","25.0069","-80.5211","1.5","TAVERNIER, FL US","","","","","11","3,0","9","3,0","4","3,0","0",",0","0",",0","","","","","","","","","","","","","","","19961031","+,,0","19961031","+,,0","","","19961013",",3,0","","","","","0",",,0,31,+","0",",,0,31,+","69.3","3,,0,13,","","","","","","","315.9",",a,,0","0",",,,0","","","","","",""
"USC00088841","1996-11","25.0069","-80.5211","1.5","TAVERNIER, FL US","","","","","6","3,0","4","3,0","0","3,0","0",",0","0",",0","0","2,0","0","2,0","","","","","","","","","19961127","+,2,0","19961130","+,,0","19961130","+,,0","","","19961115",",3,0","","","14.4","2,0,27,+","0",",,0,30,+","0",",,0,30,+","24.6","3,,0,15,","","","","","","","49.2","3,,,0","0",",,,0","","","","","20.50","2,,,0"
"USC00088841","1996-12","25.0069","-80.5211","1.5","TAVERNIER, FL US","","","102.2","3,0","4","1,0","3","1,0","0","1,0","0",",0","0",",0","0","1,0","0","1,0","0","3,0","27","3,0","0","3,0","","","19961220",",1,0","19961231","+,,0","19961231","+,,0","","","19961205",",1,0","19961219","+,3,0","7.8","1,0,20,","0",",,0,31,+","0",",,0,31,+","4.3","1,,0,05,","26.7","3,0,19,+","","","4.8","3,0","12.3","1,,,0","0",",,,0","21.52","3,0","24.50","3,,,0","18.54","1,,,0"
"USC00088841","1997-01","25.0069","-80.5211","1.5","TAVERNIER, FL US","88.6","0","88.6","4,0","6",",0","4",",0","1",",0","0",",0","0",",0","0",",0","0",",0","0","4,0","23","4,0","0","4,0","","","19970119",",,0","19970131","+,,0","19970131","+,,0","","","19970112",",,0","19970107",",4,0","5.0",",0,19,","0",",,0,31,+","0",",,0,31,+","90.4",",,0,12,","27.8","4,0,07,","","","18.0","4,0","125.2",",,,0","0",",,,0","20.54","4,0","23.87","4,,,0","17.21",",,,0"
"USC00088841","1997-02","25.0069","-80.5211","1.5","TAVERNIER, FL US","217.3","0","128.7","2,0","2",",0","2",",0","0",",0","0",",0","0",",0","0","1,0","0","1,0","0","1,0","26","1,0","0","1,0","","","19970201",",1,0","19970228","+,,0","19970228","+,,0","","","19970218",",,0","19970216",",1,0","13.9","1,0,01,","0",",,0,28,+","0",",,0,28,+","6.1",",,0,18,","30.6","1,0,16,","","","1.4","1,0","10.7",",,,0","0",",,,0","23.24","2,0","26.03","1,,,0","20.46","1,,,0"
"USC00088841","1997-03","25.0069","-80.5211","1.5","TAVERNIER, FL US","401.4","0","184.1",",0","6",",0","5",",0","0",",0","0",",0","0",",0","0",",0","0",",0","0",",0","31",",0","0",",0","","","19970315","+,,0","19970331","+,,0","19970331","+,,0","","","19970321",",,0","19970331",",,0","18.3",",0,15,+","0",",,0,31,+","0",",,0,31,+","19.3",",,0,21,","30.0",",0,31,","","","0.0",",0","55.2",",,,0","0",",,,0","24.27",",0","27.49",",,,0","21.05",",,,0"
"USC00088841","1997-04","25.0069","-80.5211","1.5","TAVERNIER, FL US","565.5","0","164.1","3,0","9",",0","4",",0","0",",0","0",",0","0",",0","0",",0","0",",0","0","3,0","27","3,0","0","3,0","","","19970420","+,,0","19970430","+,,0","19970430","+,,0","","","19970424",",,0","19970428",",3,0","14.4",",0,20,+","0",",,0,30,+","0",",,0,30,+","5.8",",,0,24,","30.0","3,0,28,","","","0.0","3,0","22.5",",,,0","0",",,,0","24.38","3,0","27.81","3,,,0","20.94",",,,0"
"USC00088841","1997-05","25.0069","-80.5211","1.5","TAVERNIER, FL US","821.7","0","256.2","1,0","5",",0","4",",0","1",",0","0",",0","0",",0","0",",0","0",",0","0","1,0","30","1,0","0","1,0","","","19970529",",,0","19970531","+,,0","19970531","+,,0","","","19970529",",,0","19970522",",1,0","21.1",",0,29,","0",",,0,31,+","0",",,0,31,+","71.1",",,0,29,","31.7","1,0,22,","","","0.0","1,0","95.2",",,,0","0",",,,0","26.83","1,0","30.08","1,,,0","23.58",",,,0"
"USC00088841","1997-06","25.0069","-80.5211","1.5","TAVERNIER, FL US","","","","","","","","","","","0",",0","0",",0","0","5,0","0","5,0","0","5,0","25","5,0","3","5,0","","","19970615",",5,0","19970630","+,,0","19970630","+,,0","","","","","19970623",",5,0","21.1","5,0,15,","0",",,0,30,+","0",",,0,30,+","","","33.3","5,0,23,","","","","","173.3",",a,,0","0",",,,0","27.43","6,0","30.52","5,,,0","24.34","5,,,0"
"USC00088841","1997-07","25.0069","-80.5211","1.5","TAVERNIER, FL US","","","","","","","","","","","0",",0","0",",0","","","","","","","","","","","","","","","19970731","+,,0","19970731","+,,0","","","","","","","","","0",",,0,31,+","0",",,0,31,+","","","","","","","","","99.3",",a,,0","0",",,,0","","","","","",""
"USC00088841","1997-08","25.0069","-80.5211","1.5","TAVERNIER, FL US","","","","","","","","","","","0",",0","0",",0","","","","","","","","","","","","","","","19970831","+,,0","19970831","+,,0","","","","","","","","","0",",,0,31,+","0",",,0,31,+","","","","","","","","","110.7",",a,,0","0",",,,0","","","","","",""
"USC00088841","1997-09","25.0069","-80.5211","1.5","TAVERNIER, FL US","","","","","","","","","","","0",",0","0",",0","","","","","","","","","","","","","","","19970930","+,,0","19970930","+,,0","","","","","","","","","0",",,0,30,+","0",",,0,30,+","","","","","","","","","319.9","3,a,,0","0",",,,0","","","","","",""
"USC00088841","1997-10","25.0069","-80.5211","1.5","TAVERNIER, FL US","","","","","","","","","","","0",",0","0",",0","","","","","","","","","","","","","","","19971031","+,,0","19971031","+,,0","","","","","","","","","0",",,0,31,+","0",",,0,31,+","","","","","","","","","68.6",",a,,0","0",",,,0","","","","","",""
"USC00088841","1997-11","25.0069","-80.5211","1.5","TAVERNIER, FL US","","","","","","","","","","","0",",0","0",",0","","","","","","","","","","","","","","","19971130","+,,0","19971130","+,,0","","","","","","","","","0",",,0,30,+","0",",,0,30,+","","","","","","","","","49.8","5,a,,0","0",",,,0","","","","","",""
"USC00088841","1997-12","25.0069","-80.5211","1.5","TAVERNIER, FL US","","","","","","","","","","","0",",0","0",",0","","","","","","","","","","","","","","","19971231","+,,0","19971231","+,,0","","","","","","","","","0",",,0,31,+","0",",,0,31,+","","","","","","","","","116.1",",a,,0","0",",,,0","","","","","",""
"USC00088841","1998-01","25.0069","-80.5211","1.5","TAVERNIER, FL US","","","","","5","3,0","4","3,0","0","3,0","0",",0","0",",0","","","","","","","","","","","","","","","19980131","+,,0","19980131","+,,0","","","19980127",",3,0","","","","","0",",,0,31,+","0",",,0,31,+","14.0","3,,0,27,","","","","","","","71.2",",a,,0","0",",,,0","","","","","",""
"USC00088841","1998-02","25.0069","-80.5211","1.5","TAVERNIER, FL US","","","","","","","","","","","0",",0","0",",0","","","","","","","","","","","","","","","19980228","+,,0","19980228","+,,0","","","","","","","","","0",",,0,28,+","0",",,0,28,+","","","","","","","","","216.9",",a,,0","0",",,,0","","","","","",""
"USC00088841","1998-03","25.0069","-80.5211","1.5","TAVERNIER, FL US","","","","","","","","","","","0",",0","0",",0","","","","","","","","","","","","","","","19980331","+,,0","19980331","+,,0","","","","","","","","","0",",,0,31,+","0",",,0,31,+","","","","","","","","","203.7","1,a,,0","0",",,,0","","","","","",""
"USC00088841","1998-04","25.0069","-80.5211","1.5","TAVERNIER, FL US","","","","","2",",0","1",",0","0",",0","0",",0","0",",0","","","","","","","","","","","","","","","19980430","+,,0","19980430","+,,0","","","19980401",",,0","","","","","0",",,0,30,+","0",",,0,30,+","7.9",",,0,01,","","","","","","","9.2",",,,0","0",",,,0","","","","","",""
"USC00088841","1998-05","25.0069","-80.5211","1.5","TAVERNIER, FL US","","","","","","","","","","","0",",0","0",",0","","","","","","","","","","","","","","","19980531","+,,0","19980531","+,,0","","","","","","","","","0",",,0,31,+","0",",,0,31,+","","","","","","","","","9.1","3,a,,0","0",",,,0","","","","","",""
"USC00088841","1998-06","25.0069","-80.5211","1.5","TAVERNIER, FL US","","","","","4","3,0","2","3,0","0","3,0","0",",0","0",",0","","","","","","","","","","","","","","","19980630","+,,0","19980630","+,,0","","","19980624",",3,0","","","","","0",",,0,30,+","0",",,0,30,+","7.4","3,,0,24,","","","","","","","15.1",",a,,0","0",",,,0","","","","","",""
"USC00088841","1998-07","25.0069","-80.5211","1.5","TAVERNIER, FL US","","","","","","","","","","","0",",0","0",",0","","","","","","","","","","","","","","","19980731","+,,0","19980731","+,,0","","","","","","","","","0",",,0,31,+","0",",,0,31,+","","","","","","","","","75.3",",a,,0","0",",,,0","","","","","",""
"USC00088841","1998-08","25.0069","-80.5211","1.5","TAVERNIER, FL US","","","","","","","","","","","0",",0","0",",0","","","","","","","","","","","","","","","19980831","+,,0","19980831","+,,0","","","","","","","","","0",",,0,31,+","0",",,0,31,+","","","","","","","","","100.7","2,a,,0","0",",,,0","","","","","",""
"USC00088841","1998-09","25.0069","-80.5211","1.5","TAVERNIER, FL US","","","","","","","","","","","0",",0","0",",0","","","","","","","","","","","","","","","19980930","+,,0","19980930","+,,0","","","","","","","","","0",",,0,30,+","0",",,0,30,+","","","","","","","","","343.8",",a,,0","0",",,,0","","","","","",""
"USC00088841","1998-10","25.0069","-80.5211","1.5","TAVERNIER, FL US","","","","","8","2,0","4","2,0","1","2,0","","","0",",0","","","","","","","","","","","","","","","","","19981031","+,,0","","","19981019",",2,0","","","","","","","0",",,0,31,+","40.9","2,,0,19,","","","","","","","85.5","2,,,0","0",",,,0","","","","","",""
"USC00088841","1998-11","25.0069","-80.5211","1.5","TAVERNIER, FL US","","","","","","","","","","","0",",0","0",",0","","","","","","","","","","","","","","","19981130","+,,0","19981130","+,,0","","","","","","","","","0",",,0,30,+","0",",,0,30,+","","","","","","","","","182.2",",a,,0","0",",,,0","","","","","",""
"USC00088841","1998-12","25.0069","-80.5211","1.5","TAVERNIER, FL US","","","","","","","","","","","0",",0","0",",0","","","","","","","","","","","","","","","19981231","+,,0","19981231","+,,0","","","","","","","","","0",",,0,31,+","0",",,0,31,+","","","","","","","","","84.4",",a,,0","0",",,,0","","","","","",""
"USC00088841","1999-01","25.0069","-80.5211","1.5","TAVERNIER, FL US","","","","","","","","","","","0",",0","0",",0","","","","","","","","","","","","","","","19990131","+,,0","19990131","+,,0","","","","","","","","","0",",,0,31,+","0",",,0,31,+","","","","","","","","","","","0",",,,0","","","","","",""
"USC00088841","1999-02","25.0069","-80.5211","1.5","TAVERNIER, FL US","","","","","4",",0","1",",0","0",",0","0",",0","0",",0","","","","","","","","","","","","","","","19990228","+,,0","19990228","+,,0","","","19990202",",,0","","","","","0",",,0,28,+","0",",,0,28,+","3.8",",,0,02,","","","","","","","6.9",",,,0","0",",,,0","","","","","",""
"USC00088841","1999-03","25.0069","-80.5211","1.5","TAVERNIER, FL US","","","","","4","4,0","2","4,0","0","4,0","0",",0","0",",0","","","","","","","","","","","","","","","19990331","+,,0","19990331","+,,0","","","19990304",",4,0","","","","","0",",,0,31,+","0",",,0,31,+","18.0","4,,0,04,","","","","","","","32.8","4,,,0","0",",,,0","","","","","",""
"USC00088841","1999-04","25.0069","-80.5211","1.5","TAVERNIER, FL US","","","","","2",",0","0",",0","0",",0","0",",0","0",",0","","","","","","","","","","","","","","","19990430","+,,0","19990430","+,,0","","","19990429",",,0","","","","","0",",,0,30,+","0",",,0,30,+","0.5",",,0,29,","","","","","","","0.8",",,,0","0",",,,0","","","","","",""
"USC00088841","1999-05","25.0069","-80.5211","1.5","TAVERNIER, FL US","","","","","7","4,0","3","4,0","0","4,0","0",",0","0",",0","","","","","","","","","","","","","","","19990531","+,,0","19990531","+,,0","","","19990517",",4,0","","","","","0",",,0,31,+","0",",,0,31,+","16.5","4,,0,17,","","","","","","","42.4","4,,,0","0",",,,0","","","","","",""
"USC00088841","1999-06","25.0069","-80.5211","1.5","TAVERNIER, FL US","","","","","13","4,0","7","4,0","2","4,0","0",",0","0",",0","","","","","","","","","","","","","","","19990630","+,,0","19990630","+,,0","","","19990625",",4,0","","","","","0",",,0,30,+","0",",,0,30,+","36.8","4,,0,25,","","","","","","","133.9","4,,,0","0",",,,0","","","","","",""
"USC00088841","1999-07","25.0069","-80.5211","1.5","TAVERNIER, FL US","","","","","","","","","","","0",",0","0",",0","","","","","","","","","","","","","","","19990731","+,,0","19990731","+,,0","","","","","","","","","0",",,0,31,+","0",",,0,31,+","","","","","","","","","","","0",",,,0","","","","","",""
"USC00088841","1999-08","25.0069","-80.5211","1.5","TAVERNIER, FL US","","","320.5","1,0","12",",0","8",",0","0",",0","0",",0","0",",0","0","1,0","0","1,0","0",",0","31",",0","21",",0","","","19990806",",1,0","19990831","+,,0","19990831","+,,0","","","19990820","+,,0","19990829","+,,0","22.2","1,0,06,","0",",,0,31,+","0",",,0,31,+","24.1",",,0,20,+","33.9",",0,29,+","","","0.0",",0","126.1",",,,0","0",",,,0","29.02","1,0","32.22",",,,0","25.83","1,,,0"
"USC00088841","1999-09","25.0069","-80.5211","1.5","TAVERNIER, FL US","","","267.2","2,0","14",",0","13",",0","4",",0","0",",0","0",",0","0","2,0","0","2,0","0","1,0","29","1,0","11","1,0","","","19990925","+,2,0","19990930","+,,0","19990930","+,,0","","","19990908",",,0","19990902",",1,0","22.8","2,0,25,+","0",",,0,30,+","0",",,0,30,+","64.8",",,0,08,","33.3","1,0,02,","","","0.0","1,0","265.6",",,,0","0",",,,0","27.91","2,0","30.98","1,,,0","24.84","2,,,0"
"USC00088841","1999-10","25.0069","-80.5211","1.5","TAVERNIER, FL US","","","250.1",",0","19",",0","12",",0","3",",0","0",",0","0",",0","0",",0","0",",0","0",",0","31",",0","0",",0","","","19991026","+,,0","19991031","+,,0","19991031","+,,0","","","19991015",",,0","19991002",",,0","19.4",",0,26,+","0",",,0,31,+","0",",,0,31,+","208.3",",,0,15,","31.7",",0,02,","","","0.0",",0","376.3",",,,0","0",",,,0","26.40",",0","29.20",",,,0","23.61",",,,0"
"USC00088841","1999-11","25.0069","-80.5211","1.5","TAVERNIER, FL US","","","168.5",",0","7",",0","4",",0","1",",0","0",",0","0",",0","0",",0","0",",0","0",",0","30",",0","0",",0","","","19991105","+,,0","19991130","+,,0","19991130","+,,0","","","19991102",",,0","19991103",",,0","17.2",",0,05,+","0",",,0,30,+","0",",,0,30,+","37.3",",,0,02,","30.6",",0,03,","","","0.0",",0","51.6",",,,0","0",",,,0","23.95",",0","27.18",",,,0","20.72",",,,0"
"USC00088841","1999-12","25.0069","-80.5211","1.5","TAVERNIER, FL US","","","120.2",",0","7",",0","4",",0","0",",0","0",",0","0",",0","0",",0","0",",0","0",",0","29",",0","0",",0","","","19991228","+,,0","19991231","+,,0","19991231","+,,0","","","19991217",",,0","19991224","+,,0","11.1",",0,28,+","0",",,0,31,+","0",",,0,31,+","18.3",",,0,17,","27.8",",0,24,+","","","9.5",",0","29.1",",,,0","0",",,,0","21.90",",0","25.26",",,,0","18.55",",,,0"
"USC00088841","2000-01","25.0069","-80.5211","1.5","TAVERNIER, FL US","102.6","0","102.6","1,0","4",",0","2",",0","1",",0","0",",0","0",",0","0","1,0","0","1,0","0",",0","27",",0","0",",0","","","20000128",",1,0","20000131","+,,0","20000131","+,,0","","","20000124",",,0","20000114","+,,0","7.8","1,0,28,","0",",,0,31,+","0",",,0,31,+","30.5",",,0,24,","27.8",",0,14,+","","","18.1",",0","53.7",",,,0","0",",,,0","21.12","1,0","24.49",",,,0","17.76","1,,,0"
"USC00088841","2000-02","25.0069","-80.5211","1.5","TAVERNIER, FL US","196.6","0","94.0",",0","7",",0","3",",0","1",",0","0",",0","0",",0","0",",0","0",",0","0",",0","26",",0","0",",0","","","20000211","+,,0","20000229","+,,0","20000229","+,,0","","","20000209",",,0","20000221","+,,0","11.7",",0,11,+","0",",,0,29,+","0",",,0,29,+","25.7",",,0,09,","27.2",",0,21,+","","","8.3",",0","39.2",",,,0","0",",,,0","21.29",",0","24.97",",,,0","17.60",",,,0"
"USC00088841","2000-03","25.0069","-80.5211","1.5","TAVERNIER, FL US","361.0","0","164.4","1,0","4",",0","2",",0","0",",0","0",",0","0",",0","0","1,0","0","1,0","0",",0","31",",0","0",",0","","","20000302",",1,0","20000331","+,,0","20000331","+,,0","","","20000329",",,0","20000322",",,0","16.7","1,0,02,","0",",,0,31,+","0",",,0,31,+","9.9",",,0,29,","28.9",",0,22,","","","0.0",",0","17.8",",,,0","0",",,,0","23.82","1,0","27.22",",,,0","20.43","1,,,0"
"USC00088841","2000-04","25.0069","-80.5211","1.5","TAVERNIER, FL US","527.4","0","166.4","2,0","7",",0","1",",0","1",",0","0",",0","0",",0","0","2,0","0","2,0","0",",0","30",",0","0",",0","","","20000406",",2,0","20000430","+,,0","20000430","+,,0","","","20000415",",,0","20000426",",,0","15.6","2,0,06,","0",",,0,30,+","0",",,0,30,+","33.3",",,0,15,","30.6",",0,26,","","","0.0",",0","35.8",",,,0","0",",,,0","24.32","2,0","27.94",",,,0","20.70","2,,,0"
"USC00088841","2000-05","25.0069","-80.5211","1.5","TAVERNIER, FL US","799.6","0","272.2",",0","4",",0","1",",0","0",",0","0",",0","0",",0","0",",0","0",",0","0",",0","31",",0","0",",0","","","20000502","+,,0","20000531","+,,0","20000531","+,,0","","","20000503",",,0","20000518",",,0","21.7",",0,02,+","0",",,0,31,+","0",",,0,31,+","6.4",",,0,03,","31.7",",0,18,","","","0.0",",0","7.3",",,,0","0",",,,0","27.11",",0","29.99",",,,0","24.24",",,,0"
"USC00088841","2000-06","25.0069","-80.5211","1.5","TAVERNIER, FL US","1084.2","0","284.6",",0","17",",0","11",",0","4",",0","0","1,0","0",",0","0",",0","0",",0","0",",0","30",",0","5",",0","","","20000608","+,,0","20000630","+,1,0","20000630","+,,0","","","20000602",",,0","20000608",",,0","21.7",",0,08,+","0","1,,0,30,+","0",",,0,30,+","53.3",",,0,02,","32.8",",0,08,","","","0.0",",0","271.4",",,,0","0",",,,0","27.82",",0","30.76",",,,0","24.87",",,,0"
"USC00088841","2000-07","25.0069","-80.5211","1.5","TAVERNIER, FL US","1402.9","0","318.7","2,0","9","2,0","5","2,0","1","2,0","0",",0","0",",0","0","2,0","0","2,0","0","2,0","29","2,0","21","2,0","","","20000704","+,2,0","20000731","+,,0","20000731","+,,0","","","20000703",",2,0","20000728",",2,0","23.3","2,0,04,+","0",",,0,31,+","0",",,0,31,+","29.2","2,,0,03,","33.9","2,0,28,","0.0","0","0.0","2,0","62.7","2,,,0","0",",,,0","29.32","2,0","32.14","2,,,0","26.50","2,,,0"
"USC00088841","2000-08","25.0069","-80.5211","1.5","TAVERNIER, FL US","1711.2","0","308.3","2,0","10","1,0","9","1,0","4","1,0","0",",0","0",",0","0","2,0","0","2,0","0","1,0","30","1,0","20","1,0","","","20000816","+,2,0","20000831","+,,0","20000831","+,,0","","","20000828",",1,0","20000816",",1,0","22.8","2,0,16,+","0",",,0,31,+","0",",,0,31,+","52.3","1,,0,28,","34.4","1,0,16,","0.0","0","0.0","1,0","213.9","1,,,0","0",",,,0","28.95","2,0","32.33","1,,,0","25.58","2,,,0"
"USC00088841","2000-09","25.0069","-80.5211","1.5","TAVERNIER, FL US","2039.9","0","328.7",",0","13",",0","8",",0","1",",0","0",",0","0",",0","0",",0","0",",0","0",",0","30",",0","21",",0","","","20000930",",,0","20000930","+,,0","20000930","+,,0","","","20000930",",,0","20000925","+,,0","22.2",",0,30,","0",",,0,30,+","0",",,0,30,+","51.3",",,0,30,","33.9",",0,25,+","0.0","0","0.0",",0","111.8",",,,0","0",",,,0","29.29",",0","32.44",",,,0","26.14",",,,0"
"USC00088841","2000-10","25.0069","-80.5211","1.5","TAVERNIER, FL US","2273.7","0","233.8",",0","9",",0","2",",0","2",",0","0",",0","0",",0","0",",0","0",",0","0",",0","31",",0","2",",0","","","20001018",",,0","20001031","+,,0","20001031","+,,0","","","20001003",",,0","20001007","+,,0","20.6",",0,18,","0",",,0,31,+","0",",,0,31,+","101.6",",,0,03,","32.2",",0,07,+","0.0","0","0.0",",0","178.9",",,,0","0",",,,0","25.88",",0","28.99",",,,0","22.76",",,,0"
"USC00088841","2000-11","25.0069","-80.5211","1.5","TAVERNIER, FL US","2415.2","0","141.5","3,0","4",",0","1",",0","1",",0","0",",0","0",",0","0","3,0","0","3,0","0",",0","29",",0","0",",0","","","20001122",",3,0","20001130","+,,0","20001130","+,,0","","","20001130",",,0","20001101",",,0","11.7","3,0,22,","0",",,0,30,+","0",",,0,30,+","83.8",",,0,30,","29.4",",0,01,","3.6","0","3.6",",0","88.1",",,,0","0",",,,0","23.49","3,0","26.87",",,,0","20.11","3,,,0"
"USC00088841","2000-12","25.0069","-80.5211","1.5","TAVERNIER, FL US","2509.9","0","94.7",",0","10",",0","5",",0","1",",0","0",",0","0",",0","0",",0","0",",0","0",",0","25",",0","0",",0","","","20001231",",,0","20001231","+,,0","20001231","+,,0","","","20001211",",,0","20001215",",,0","8.9",",0,31,","0",",,0,31,+","0",",,0,31,+","50.8",",,0,11,","28.9",",0,15,","22.8","0","19.2",",0","90.5",",,,0","0",",,,0","20.77",",0","23.85",",,,0","17.68",",,,0"
"USC00088841","2001-01","25.0069","-80.5211","1.5","TAVERNIER, FL US","35.3","0","35.3","2,0","3",",0","3",",0","0",",0","0",",0","0",",0","0","2,0","0","2,0","0","1,0","18","1,0","0","1,0","","","20010106","+,2,0","20010131","+,,0","20010131","+,,0","","","20010121",",,0","20010120","+,1,0","6.7","2,0,06,+","0",",,0,31,+","0",",,0,31,+","6.1",",,0,21,","27.2","1,0,20,+","97.8","0","75.0","1,0","12.5",",,,0","0",",,,0","17.00","2,0","21.44","1,,,0","12.57","2,,,0"
"USC00088841","2001-02","25.0069","-80.5211","1.5","TAVERNIER, FL US","197.8","0","162.5",",0","1",",0","0",",0","0",",0","0",",0","0",",0","0",",0","0",",0","0",",0","28",",0","0",",0","","","20010207","+,,0","20010228","+,,0","20010228","+,,0","","","20010201",",,0","20010224",",,0","16.7",",0,07,+","0",",,0,28,+","0",",,0,28,+","0.5",",,0,01,","29.4",",0,24,","97.8","0","0.0",",0","0.5",",,,0","0",",,,0","24.14",",0","27.36",",,,0","20.91",",,,0"
"USC00088841","2001-03","25.0069","-80.5211","1.5","TAVERNIER, FL US","348.3","0","150.5",",0","6",",0","3",",0","1",",0","0",",0","0",",0","0",",0","0",",0","0",",0","30",",0","0",",0","","","20010323","+,,0","20010331","+,,0","20010331","+,,0","","","20010305",",,0","20010317",",,0","12.8",",0,23,+","0",",,0,31,+","0",",,0,31,+","43.9",",,0,05,","29.4",",0,17,","102.8","0","5.0",",0","55.4",",,,0","0",",,,0","23.03",",0","26.81",",,,0","19.25",",,,0"
"USC00088841","2001-04","25.0069","-80.5211","1.5","TAVERNIER, FL US","554.8","0","206.5",",0","3",",0","3",",0","1",",0","0",",0","0",",0","0",",0","0",",0","0",",0","30",",0","0",",0","","","20010420","+,,0","20010430","+,,0","20010430","+,,0","","","20010427",",,0","20010414",",,0","17.2",",0,20,+","0",",,0,30,+","0",",,0,30,+","33.5",",,0,27,","31.7",",0,14,","102.8","0","0.0",",0","69.0",",,,0","0",",,,0","25.22",",0","29.02",",,,0","21.41",",,,0"
"USC00088841","2001-05","25.0069","-80.5211","1.5","TAVERNIER, FL US","780.7","0","225.9",",0","8",",0","5",",0","1",",0","0",",0","0",",0","0",",0","0",",0","0",",0","31",",0","0",",0","","","20010509",",,0","20010531","+,,0","20010531","+,,0","","","20010524",",,0","20010530","+,,0","19.4",",0,09,","0",",,0,31,+","0",",,0,31,+","52.1",",,0,24,","31.1",",0,30,+","102.8","0","0.0",",0","91.7",",,,0","0",",,,0","25.62",",0","28.78",",,,0","22.46",",,,0"
"USC00088841","2001-06","25.0069","-80.5211","1.5","TAVERNIER, FL US","1082.7","0","302.0","1,0","6",",0","3",",0","1",",0","0",",0","0",",0","0","1,0","0","1,0","0","1,0","29","1,0","11","1,0","","","20010629","+,1,0","20010630","+,,0","20010630","+,,0","","","20010607",",,0","20010620",",1,0","23.3","1,0,29,+","0",",,0,30,+","0",",,0,30,+","29.2",",,0,07,","33.9","1,0,20,","102.8","0","0.0","1,0","49.1",",,,0","0",",,,0","28.75","1,0","31.43","1,,,0","26.06","1,,,0"
"USC00088841","2001-07","25.0069","-80.5211","1.5","TAVERNIER, FL US","1380.4","0","297.7","1,0","14",",0","12",",0","1",",0","0","1,0","0",",0","0","1,0","0","1,0","0",",0","31",",0","12",",0","","","20010723",",1,0","20010731","+,1,0","20010731","+,,0","","","20010722",",,0","20010707","+,,0","21.7","1,0,23,","0","1,,0,31,+","0",",,0,31,+","37.6",",,0,22,","33.9",",0,07,+","0.0","0","0.0",",0","167.6",",,,0","0",",,,0","28.27","1,0","31.47",",,,0","25.06","1,,,0"
"USC00088841","2001-08","25.0069","-80.5211","1.5","TAVERNIER, FL US","1711.8","0","331.4",",0","12",",0","9",",0","3",",0","0",",0","0",",0","0",",0","0",",0","0",",0","31",",0","22",",0","","","20010827","+,,0","20010831","+,,0","20010831","+,,0","","","20010802",",,0","20010830",",,0","22.8",",0,27,+","0",",,0,31,+","0",",,0,31,+","89.2",",,0,02,","35.6",",0,30,","0.0","0","0.0",",0","238.6",",,,0","0",",,,0","29.02",",0","32.15",",,,0","25.90",",,,0"
"USC00088841","2001-09","25.0069","-80.5211","1.5","TAVERNIER, FL US","1989.4","0","277.6","2,0","13",",0","10",",0","3",",0","0",",0","0",",0","0","2,0","0","2,0","0",",0","30",",0","12",",0","","","20010930","+,2,0","20010930","+,,0","20010930","+,,0","","","20010929",",,0","20010906",",,0","22.2","2,0,30,+","0",",,0,30,+","0",",,0,30,+","127.0",",,0,29,","33.9",",0,06,","0.0","0","0.0",",0","259.8",",,,0","0",",,,0","28.17","2,0","31.06",",,,0","25.28","2,,,0"
"USC00088841","2001-10","25.0069","-80.5211","1.5","TAVERNIER, FL US","2250.9","0","261.5",",0","14",",0","10",",0","5",",0","0",",0","0",",0","0",",0","0",",0","0",",0","31",",0","6",",0","","","20011029","+,,0","20011031","+,,0","20011031","+,,0","","","20011022",",,0","20011009","+,,0","16.7",",0,29,+","0",",,0,31,+","0",",,0,31,+","125.2",",,0,22,","32.8",",0,09,+","0.0","0","0.0",",0","343.2",",,,0","0",",,,0","26.77",",0","29.86",",,,0","23.68",",,,0"
"USC00088841","2001-11","25.0069","-80.5211","1.5","TAVERNIER, FL US","2423.1","0","172.2","1,0","5",",0","3",",0","1",",0","0",",0","0",",0","0","1,0","0","1,0","0","1,0","29","1,0","0","1,0","","","20011116","+,1,0","20011130","+,,0","20011130","+,,0","","","20011105",",,0","20011104","+,1,0","18.9","1,0,16,+","0",",,0,30,+","0",",,0,30,+","50.8",",,0,05,","29.4","1,0,04,+","0.0","0","0.0","1,0","73.6",",,,0","0",",,,0","24.27","1,0","27.24","1,,,0","21.31","1,,,0"
"USC00088841","2001-12","25.0069","-80.5211","1.5","TAVERNIER, FL US","2591.9","0","168.8",",0","7",",0","2",",0","0",",0","0","1,0","0",",0","0",",0","0",",0","0",",0","29",",0","0",",0","","","20011228","+,,0","20011231","+,1,0","20011231","+,,0","","","20011207",",,0","20011216",",,0","12.2",",0,28,+","0","1,,0,31,+","0",",,0,31,+","14.2",",,0,07,","28.9",",0,16,","5.0","0","5.0",",0","26.7",",,,0","0",",,,0","23.62",",0","26.45",",,,0","20.78",",,,0"
"USC00088841","2002-01","25.0069","-80.5211","1.5","TAVERNIER, FL US","118.9","0","118.9",",0","4",",0","3",",0","1",",0","0",",0","0",",0","0",",0","0",",0","0",",0","27",",0","0",",0","","","20020105",",,0","20020131","+,,0","20020131","+,,0","","","20020101",",,0","20020131","+,,0","7.8",",0,05,","0",",,0,31,+","0",",,0,31,+","34.3",",,0,01,","28.3",",0,31,+","31.9","0","26.9",",0","61.5",",,,0","0",",,,0","21.30",",0","24.84",",,,0","17.77",",,,0"
"USC00088841","2002-02","25.0069","-80.5211","1.5","TAVERNIER, FL US","220.3","0","101.4",",0","6",",0","4",",0","1",",0","0",",0","0",",0","0",",0","0",",0","0",",0","28",",0","0",",0","","","20020228",",,0","20020228","+,,0","20020228","+,,0","","","20020210",",,0","20020201",",,0","10.0",",0,28,","0",",,0,28,+","0",",,0,28,+","53.3",",,0,10,","28.3",",0,01,","33.0","0","1.1",",0","96.6",",,,0","0",",,,0","21.91",",0","25.66",",,,0","18.17",",,,0"
"USC00088841","2002-03","25.0069","-80.5211","1.5","TAVERNIER, FL US","403.1","0","182.8",",0","5",",0","4",",0","0",",0","0",",0","0",",0","0",",0","0",",0","0",",0","29",",0","0",",0","","","20020301",",,0","20020331","+,,0","20020331","+,,0","","","20020323",",,0","20020322",",,0","10.6",",0,01,","0",",,0,31,+","0",",,0,31,+","16.8",",,0,23,","29.4",",0,22,","37.4","0","4.4",",0","29.2",",,,0","0",",,,0","24.09",",0","27.42",",,,0","20.76",",,,0"
"USC00088841","2002-04","25.0069","-80.5211","1.5","TAVERNIER, FL US","647.8","0","244.7",",0","4",",0","0",",0","0",",0","0",",0","0",",0","0",",0","0",",0","0",",0","30",",0","2",",0","","","20020407","+,,0","20020430","+,,0","20020430","+,,0","","","20020415",",,0","20020426","+,,0","21.1",",0,07,+","0",",,0,30,+","0",",,0,30,+","2.0",",,0,15,","32.8",",0,26,+","37.4","0","0.0",",0","3.4",",,,0","0",",,,0","26.49",",0","29.48",",,,0","23.49",",,,0"
"USC00088841","2002-05","25.0069","-80.5211","1.5","TAVERNIER, FL US","933.4","0","285.6",",0","8",",0","3",",0","2",",0","0",",0","0",",0","0",",0","0",",0","0",",0","31",",0","3",",0","","","20020531",",,0","20020531","+,,0","20020531","+,,0","","","20020520",",,0","20020530","+,,0","21.7",",0,31,","0",",,0,31,+","0",",,0,31,+","125.7",",,0,20,","32.2",",0,30,+","37.4","0","0.0",",0","162.7",",,,0","0",",,,0","27.55",",0","30.34",",,,0","24.75",",,,0"
"USC00088841","2002-06","25.0069","-80.5211","1.5","TAVERNIER, FL US","1189.6","0","256.2","1,0","17",",0","12",",0","6",",0","0",",0","0",",0","0","1,0","0","1,0","0",",0","30",",0","2",",0","","","20020622",",1,0","20020630","+,,0","20020630","+,,0","","","20020612",",,0","20020620",",,0","22.2","1,0,22,","0",",,0,30,+","0",",,0,30,+","102.6",",,0,12,","33.3",",0,20,","37.4","0","0.0",",0","354.1",",,,0","0",",,,0","27.23","1,0","29.91",",,,0","24.54","1,,,0"
"USC00088841","2002-07","25.0069","-80.5211","1.5","TAVERNIER, FL US","1503.6","0","314.0",",0","13",",0","8",",0","3",",0","0",",0","0",",0","0",",0","0",",0","0",",0","31",",0","11",",0","","","20020709",",,0","20020731","+,,0","20020731","+,,0","","","20020709",",,0","20020731","+,,0","22.2",",0,09,","0",",,0,31,+","0",",,0,31,+","76.2",",,0,09,","33.9",",0,31,+","0.0","0","0.0",",0","222.0",",,,0","0",",,,0","28.46",",0","31.51",",,,0","25.42",",,,0"
"USC00088841","2002-08","25.0069","-80.5211","1.5","TAVERNIER, FL US","1821.8","0","318.2","2,0","13",",0","8",",0","0",",0","0","4,0","0","1,0","0","2,0","0","2,0","0","2,0","29","2,0","18","2,0","","","20020821",",2,0","20020831","+,4,0","20020831","+,1,0","","","20020821",",,0","20020824","+,2,0","23.3","2,0,21,","0","4,,0,31,+","0","1,,0,31,+","14.0",",,0,21,","33.9","2,0,24,+","0.0","0","0.0","2,0","66.1",",,,0","0","1,,,0","29.31","2,0","32.32","2,,,0","26.29","2,,,0"
"USC00088841","2002-09","25.0069","-80.5211","1.5","TAVERNIER, FL US","2138.3","0","316.5",",0","11",",0","8",",0","2",",0","0",",0","0",",0","0",",0","0",",0","0",",0","30",",0","12",",0","","","20020912",",,0","20020930","+,,0","20020930","+,,0","","","20020924",",,0","20020918",",,0","22.8",",0,12,","0",",,0,30,+","0",",,0,30,+","49.8",",,0,24,","33.3",",0,18,","0.0","0","0.0",",0","159.1",",,,0","0",",,,0","28.88",",0","31.58",",,,0","26.19",",,,0"
"USC00088841","2002-10","25.0069","-80.5211","1.5","TAVERNIER, FL US","2439.8","0","301.5",",0","9",",0","5",",0","0",",0","0",",0","0",",0","0",",0","0",",0","0",",0","31",",0","5",",0","","","20021018",",,0","20021031","+,,0","20021031","+,,0","","","20021022","+,,0","20021003","+,,0","22.2",",0,18,","0",",,0,31,+","0",",,0,31,+","16.5",",,0,22,+","32.8",",0,03,+","0.0","0","0.0",",0","50.4",",,,0","0",",,,0","28.06",",0","30.95",",,,0","25.17",",,,0"
"USC00088841","2002-11","25.0069","-80.5211","1.5","TAVERNIER, FL US","2598.0","0","158.2",",0","5",",0","4",",0","0",",0","0",",0","0",",0","0",",0","0",",0","0",",0","29",",0","0",",0","","","20021119",",,0","20021130","+,,0","20021130","+,,0","","","20021121",",,0","20021106",",,0","12.2",",0,19,","0",",,0,30,+","0",",,0,30,+","9.4",",,0,21,","31.1",",0,06,","3.8","0","3.8",",0","19.8",",,,0","0",",,,0","23.48",",0","27.05",",,,0","19.91",",,,0"
"USC00088841","2002-12","25.0069","-80.5211","1.5","TAVERNIER, FL US","2704.2","0","106.2","1,0","7",",0","6",",0","1",",0","0",",0","0",",0","0","1,0","0","1,0","0","1,0","28","1,0","0","1,0","","","20021217",",1,0","20021231","+,,0","20021231","+,,0","","","20021210",",,0","20021213","+,1,0","12.2","1,0,17,","0",",,0,31,+","0",",,0,31,+","48.3",",,0,10,","28.3","1,0,13,+","10.4","0","6.6","1,0","73.6",",,,0","0",",,,0","21.65","1,0","25.43","1,,,0","17.87","1,,,0"
"USC00088841","2003-01","25.0069","-80.5211","1.5","TAVERNIER, FL US","31.6","0","31.6",",0","4",",0","1",",0","0",",0","0",",0","0",",0","0",",0","0",",0","0",",0","22",",0","0",",0","","","20030125","+,,0","20030131","+,,0","20030131","+,,0","","","20030103",",,0","20030103",",,0","4.4",",0,25,+","0",",,0,31,+","0",",,0,31,+","13.5",",,0,03,","27.8",",0,03,","73.8","0","63.4",",0","15.6",",,,0","0",",,,0","17.31",",0","21.68",",,,0","12.94",",,,0"
"USC00088841","2003-02","25.0069","-80.5211","1.5","TAVERNIER, FL US","158.6","0","127.0",",0","3",",0","3",",0","0",",0","0",",0","0",",0","0",",0","0",",0","0",",0","28",",0","0",",0","","","20030203",",,0","20030228","+,,0","20030228","+,,0","","","20030223",",,0","20030221",",,0","11.7",",0,03,","0",",,0,28,+","0",",,0,28,+","5.6",",,0,23,","28.9",",0,21,","75.7","0","1.9",",0","15.2",",,,0","0",",,,0","22.80",",0","26.21",",,,0","19.39",",,,0"
"USC00088841","2003-03","25.0069","-80.5211","1.5","TAVERNIER, FL US","390.7","0","232.1",",0","7",",0","6",",0","1",",0","0",",0","0",",0","0",",0","0",",0","0",",0","31",",0","0",",0","","","20030331",",,0","20030331","+,,0","20030331","+,,0","","","20030327",",,0","20030323",",,0","14.4",",0,31,","0",",,0,31,+","0",",,0,31,+","27.9",",,0,27,","30.6",",0,23,","75.7","0","0.0",",0","75.2",",,,0","0",",,,0","25.82",",0","28.97",",,,0","22.67",",,,0"
"USC00088841","2003-04","25.0069","-80.5211","1.5","TAVERNIER, FL US","579.4","0","188.7",",0","3",",0","2",",0","1",",0","0",",0","0",",0","0",",0","0",",0","0",",0","29",",0","0",",0","","","20030402","+,,0","20030430","+,,0","20030430","+,,0","","","20030427",",,0","20030424",",,0","12.8",",0,02,+","0",",,0,30,+","0",",,0,30,+","29.2",",,0,27,","30.6",",0,24,","78.5","0","2.8",",0","34.0",",,,0","0",",,,0","24.53",",0","27.79",",,,0","21.27",",,,0"
"USC00088841","2003-05","25.0069","-80.5211","1.5","TAVERNIER, FL US","873.8","0","294.4",",0","6",",0","5",",0","3",",0","0",",0","0",",0","0",",0","0",",0","0",",0","31",",0","2",",0","","","20030501",",,0","20030531","+,,0","20030531","+,,0","","","20030501",",,0","20030522","+,,0","21.1",",0,01,","0",",,0,31,+","0",",,0,31,+","167.6",",,0,01,","32.8",",0,22,+","78.5","0","0.0",",0","257.6",",,,0","0",",,,0","27.83",",0","30.40",",,,0","25.25",",,,0"
"USC00088841","2003-06","25.0069","-80.5211","1.5","TAVERNIER, FL US","1165.0","0","291.2",",0","16",",0","9",",0","2",",0","0",",0","0",",0","0",",0","0",",0","0",",0","30",",0","3",",0","","","20030629",",,0","20030630","+,,0","20030630","+,,0","","","20030629",",,0","20030614",",,0","21.7",",0,29,","0",",,0,30,+","0",",,0,30,+","30.5",",,0,29,","32.8",",0,14,","78.5","0","0.0",",0","135.0",",,,0","0",",,,0","28.04",",0","30.77",",,,0","25.31",",,,0"
"USC00088841","2003-07","25.0069","-80.5211","1.5","TAVERNIER, FL US","1500.2","0","335.2",",0","12",",0","8",",0","0",",0","0",",0","0",",0","0",",0","0",",0","0",",0","31",",0","13",",0","","","20030717","+,,0","20030731","+,,0","20030731","+,,0","","","20030716",",,0","20030717",",,0","23.9",",0,17,+","0",",,0,31,+","0",",,0,31,+","13.5",",,0,16,","33.3",",0,17,","0.0","0","0.0",",0","60.4",",,,0","0",",,,0","29.15",",0","31.84",",,,0","26.45",",,,0"
"USC00088841","2003-08","25.0069","-80.5211","1.5","TAVERNIER, FL US","1831.0","0","330.8",",0","14",",0","11",",0","2",",0","0",",0","0",",0","0",",0","0",",0","0",",0","31",",0","14",",0","","","20030821",",,0","20030831","+,,0","20030831","+,,0","","","20030821",",,0","20030814",",,0","22.2",",0,21,","0",",,0,31,+","0",",,0,31,+","67.1",",,0,21,","34.4",",0,14,","0.0","0","0.0",",0","188.8",",,,0","0",",,,0","29.00",",0","31.76",",,,0","26.25",",,,0"
"USC00088841","2003-09","25.0069","-80.5211","1.5","TAVERNIER, FL US","2125.4","0","294.4","1,0","17",",0","13",",0","2",",0","0",",0","0",",0","0","1,0","0","1,0","0","1,0","29","1,0","9","1,0","","","20030926",",1,0","20030930","+,,0","20030930","+,,0","","","20030927",",,0","20030920","+,1,0","22.8","1,0,26,","0",",,0,30,+","0",",,0,30,+","40.4",",,0,27,","33.3","1,0,20,+","0.0","0","0.0","1,0","200.1",",,,0","0",",,,0","28.49","1,0","31.54","1,,,0","25.43","1,,,0"
"USC00088841","2003-10","25.0069","-80.5211","1.5","TAVERNIER, FL US","2414.4","0","289.0",",0","5",",0","4",",0","0",",0","0",",0","0",",0","0",",0","0",",0","0",",0","31",",0","3",",0","","","20031030",",,0","20031031","+,,0","20031031","+,,0","","","20031031",",,0","20031009","+,,0","22.2",",0,30,","0",",,0,31,+","0",",,0,31,+","9.9",",,0,31,","32.2",",0,09,+","0.0","0","0.0",",0","22.3",",,,0","0",",,,0","27.65",",0","30.61",",,,0","24.70",",,,0"
"USC00088841","2003-11","25.0069","-80.5211","1.5","TAVERNIER, FL US","2613.8","0","199.4",",0","10",",0","6",",0","3",",0","0",",0","0",",0","0",",0","0",",0","0",",0","29",",0","0",",0","","","20031130",",,0","20031130","+,,0","20031130","+,,0","","","20031107",",,0","20031113",",,0","14.4",",0,30,","0",",,0,30,+","0",",,0,30,+","128.3",",,0,07,","30.0",",0,13,","2.2","0","2.2",",0","216.3",",,,0","0",",,,0","24.91",",0","27.88",",,,0","21.93",",,,0"
"USC00088841","2003-12","25.0069","-80.5211","1.5","TAVERNIER, FL US","2679.3","0","65.5",",0","7",",0","4",",0","0",",0","0",",0","0",",0","0",",0","0",",0","0",",0","23",",0","0",",0","","","20031219","+,,0","20031231","+,,0","20031231","+,,0","","","20031211",",,0","20031206",",,0","9.4",",0,19,+","0",",,0,31,+","0",",,0,31,+","12.4",",,0,11,","28.3",",0,06,","30.0","0","27.8",",0","40.4",",,,0","0",",,,0","19.55",",0","23.45",",,,0","15.65",",,,0"
"USC00088841","2004-01","25.0069","-80.5211","1.5","TAVERNIER, FL US","72.3","0","72.3",",0","3",",0","3",",0","0",",0","0",",0","0",",0","0",",0","0",",0","0",",0","28",",0","0",",0","","","20040112","+,,0","20040131","+,,0","20040131","+,,0","","","20040131",",,0","20040128","+,,0","10.0",",0,12,+","0",",,0,31,+","0",",,0,31,+","13.5",",,0,31,","27.8",",0,28,+","42.5","0","12.5",",0","25.7",",,,0","0",",,,0","20.26",",0","23.96",",,,0","16.56",",,,0"
"USC00088841","2004-02","25.0069","-80.5211","1.5","TAVERNIER, FL US","181.4","0","109.1",",0","4",",0","4",",0","1",",0","0",",0","0",",0","0",",0","0",",0","0",",0","28",",0","0",",0","","","20040228",",,0","20040229","+,,0","20040229","+,,0","","","20040226",",,0","20040214","+,,0","10.0",",0,28,","0",",,0,29,+","0",",,0,29,+","25.4",",,0,26,","27.8",",0,14,+","53.0","0","10.5",",0","57.7",",,,0","0",",,,0","21.73",",0","25.31",",,,0","18.16",",,,0"
"USC00088841","2004-03","25.0069","-80.5211","1.5","TAVERNIER, FL US","335.4","0","154.0",",0","8",",0","2",",0","0",",0","0",",0","0",",0","0",",0","0",",0","0",",0","31",",0","0",",0","","","20040312","+,,0","20040331","+,,0","20040331","+,,0","","","20040326",",,0","20040318",",,0","15.6",",0,12,+","0",",,0,31,+","0",",,0,31,+","7.6",",,0,26,","28.9",",0,18,","53.0","0","0.0",",0","16.8",",,,0","0",",,,0","23.30",",0","26.65",",,,0","19.95",",,,0"
"USC00088841","2004-04","25.0069","-80.5211","1.5","TAVERNIER, FL US","497.6","0","162.2",",0","4",",0","4",",0","0",",0","0",",0","0",",0","0",",0","0",",0","0",",0","30",",0","0",",0","","","20040416",",,0","20040430","+,,0","20040430","+,,0","","","20040412",",,0","20040429",",,0","13.9",",0,16,","0",",,0,30,+","0",",,0,30,+","20.3",",,0,12,","30.6",",0,29,","53.0","0","0.0",",0","40.9",",,,0","0",",,,0","23.74",",0","27.23",",,,0","20.25",",,,0"
"USC00088841","2004-05","25.0069","-80.5211","1.5","TAVERNIER, FL US","750.8","0","253.2",",0","6",",0","5",",0","0",",0","0",",0","0",",0","0",",0","0",",0","0",",0","31",",0","0",",0","","","20040528","+,,0","20040531","+,,0","20040531","+,,0","","","20040504",",,0","20040525",",,0","21.7",",0,28,+","0",",,0,31,+","0",",,0,31,+","17.5",",,0,04,","30.6",",0,25,","53.0","0","0.0",",0","40.1",",,,0","0",",,,0","26.50",",0","29.12",",,,0","23.88",",,,0"
"USC00088841","2004-06","25.0069","-80.5211","1.5","TAVERNIER, FL US","1078.3","0","327.5",",0","7",",0","3",",0","0",",0","0",",0","0",",0","0",",0","0",",0","0",",0","30",",0","16",",0","","","20040607",",,0","20040630","+,,0","20040630","+,,0","","","20040629",",,0","20040617",",,0","20.0",",0,07,","0",",,0,30,+","0",",,0,30,+","4.6",",,0,29,","33.3",",0,17,","53.0","0","0.0",",0","14.1",",,,0","0",",,,0","29.25",",0","31.88",",,,0","26.62",",,,0"
"USC00088841","2004-07","25.0069","-80.5211","1.5","TAVERNIER, FL US","1406.4","0","328.1",",0","12",",0","11",",0","2",",0","0",",0","0",",0","0",",0","0",",0","0",",0","31",",0","15",",0","","","20040721",",,0","20040731","+,,0","20040731","+,,0","","","20040729",",,0","20040710",",,0","22.8",",0,21,","0",",,0,31,+","0",",,0,31,+","62.2",",,0,29,","33.3",",0,10,","0.0","0","0.0",",0","143.4",",,,0","0",",,,0","28.92",",0","31.64",",,,0","26.20",",,,0"
"USC00088841","2004-08","25.0069","-80.5211","1.5","TAVERNIER, FL US","1726.8","0","320.4","1,0","14",",0","10",",0","3",",0","0",",0","0",",0","0","1,0","0","1,0","0",",0","31",",0","16",",0","","","20040813",",1,0","20040831","+,,0","20040831","+,,0","","","20040804",",,0","20040821",",,0","21.7","1,0,13,","0",",,0,31,+","0",",,0,31,+","57.4",",,0,04,","33.3",",0,21,","0.0","0","0.0",",0","183.9",",,,0","0",",,,0","29.00","1,0","31.82",",,,0","26.19","1,,,0"
"USC00088841","2004-09","25.0069","-80.5211","1.5","TAVERNIER, FL US","2027.7","0","300.9",",0","15",",0","12",",0","2",",0","0",",0","0",",0","0",",0","0",",0","0",",0","30",",0","5",",0","","","20040926","+,,0","20040930","+,,0","20040930","+,,0","","","20040920",",,0","20040902","+,,0","23.9",",0,26,+","0",",,0,30,+","0",",,0,30,+","37.6",",,0,20,","33.9",",0,02,+","0.0","0","0.0",",0","164.4",",,,0","0",",,,0","28.36",",0","30.98",",,,0","25.74",",,,0"
"USC00088841","2004-10","25.0069","-80.5211","1.5","TAVERNIER, FL US","2290.8","0","263.1",",0","8",",0","5",",0","0",",0","0",",0","0",",0","0",",0","0",",0","0",",0","31",",0","0",",0","","","20041017",",,0","20041031","+,,0","20041031","+,,0","","","20041022","+,,0","20041007","+,,0","20.6",",0,17,","0",",,0,31,+","0",",,0,31,+","11.2",",,0,22,+","31.1",",0,07,+","0.0","0","0.0",",0","42.7",",,,0","0",",,,0","26.82",",0","29.41",",,,0","24.23",",,,0"
"USC00088841","2004-11","25.0069","-80.5211","1.5","TAVERNIER, FL US","2485.5","0","194.7",",0","7",",0","3",",0","0",",0","0",",0","0",",0","0",",0","0",",0","0",",0","30",",0","0",",0","","","20041127","+,,0","20041130","+,,0","20041130","+,,0","","","20041126",",,0","20041105","+,,0","16.7",",0,27,+","0",",,0,30,+","0",",,0,30,+","7.6",",,0,26,","29.4",",0,05,+","0.0","0","0.0",",0","18.4",",,,0","0",",,,0","24.82",",0","27.52",",,,0","22.12",",,,0"
"USC00088841","2004-12","25.0069","-80.5211","1.5","TAVERNIER, FL US","2584.5","0","99.0",",0","4",",0","1",",0","0",",0","0",",0","0",",0","0",",0","0",",0","0",",0","26",",0","0",",0","","","20041216","+,,0","20041231","+,,0","20041231","+,,0","","","20041226",",,0","20041207",",,0","9.4",",0,16,+","0",",,0,31,+","0",",,0,31,+","14.0",",,0,26,","30.6",",0,07,","21.1","0","21.1",",0","14.9",",,,0","0",",,,0","20.84",",0","24.11",",,,0","17.57",",,,0"
"USC00088841","2005-01","25.0069","-80.5211","1.5","TAVERNIER, FL US","93.8","0","93.8",",0","7",",0","1",",0","0",",0","0","2,0","0",",0","0",",0","0",",0","0",",0","25",",0","0",",0","","","20050125","+,,0","20050131","+,2,0","20050105","+,,0","","","20050115",",,0","20050110",",,0","7.2",",0,25,+","0","2,,0,31,+","0",",T,0,05,+","12.7",",,0,15,","27.2",",0,10,","49.5","0","28.4",",0","16.7",",,,0","0",",T,,0","20.45",",0","23.59",",,,0","17.30",",,,0"
"USC00088841","2005-02","25.0069","-80.5211","1.5","TAVERNIER, FL US","179.1","0","85.3",",0","3",",0","1",",0","0",",0","0",",0","0",",0","0",",0","0",",0","0",",0","26",",0","0",",0","","","20050212",",,0","20050228","+,,0","20050228","+,,0","","","20050204",",,0","20050226",",,0","9.4",",0,12,","0",",,0,28,+","0",",,0,28,+","3.0",",,0,04,","27.8",",0,26,","60.9","0","11.4",",0","3.6",",,,0","0",",,,0","20.98",",0","24.56",",,,0","17.39",",,,0"
"USC00088841","2005-03","25.0069","-80.5211","1.5","TAVERNIER, FL US","282.5","0","103.4","1,0","5",",0","3",",0","1",",0","0",",0","0",",0","0","1,0","0","1,0","0","1,0","26","1,0","0","1,0","","","20050311","+,1,0","20050331","+,,0","20050331","+,,0","","","20050318",",,0","20050329",",1,0","12.2","1,0,11,+","0",",,0,31,+","0",",,0,31,+","32.5",",,0,18,","28.9","1,0,29,","66.4","0","5.5","1,0","65.8",",,,0","0",",,,0","21.60","1,0","24.93","1,,,0","18.27","1,,,0"
"USC00088841","2005-04","25.0069","-80.5211","1.5","TAVERNIER, FL US","433.3","0","150.8",",0","6",",0","2",",0","0",",0","0",",0","0",",0","0",",0","0",",0","0",",0","30",",0","0",",0","","","20050404",",,0","20050430","+,,0","20050430","+,,0","","","20050409",",,0","20050414",",,0","14.4",",0,04,","0",",,0,30,+","0",",,0,30,+","17.5",",,0,09,","29.4",",0,14,","66.4","0","0.0",",0","24.9",",,,0","0",",,,0","23.36",",0","26.95",",,,0","19.77",",,,0"
"USC00088841","2005-05","25.0069","-80.5211","1.5","TAVERNIER, FL US","677.6","0","244.3",",0","3",",0","2",",0","0",",0","0",",0","0",",0","0",",0","0",",0","0",",0","31",",0","0",",0","","","20050508","+,,0","20050531","+,,0","20050531","+,,0","","","20050506",",,0","20050530",",,0","20.6",",0,08,+","0",",,0,31,+","0",",,0,31,+","13.7",",,0,06,","31.7",",0,30,","66.4","0","0.0",",0","20.8",",,,0","0",",,,0","26.21",",0","28.83",",,,0","23.60",",,,0"
"USC00088841","2005-06","25.0069","-80.5211","1.5","TAVERNIER, FL US","959.7","0","282.1",",0","13",",0","11",",0","1",",0","0",",0","0",",0","0",",0","0",",0","0",",0","30",",0","0",",0","","","20050621",",,0","20050630","+,,0","20050630","+,,0","","","20050621",",,0","20050619",",,0","21.7",",0,21,","0",",,0,30,+","0",",,0,30,+","42.7",",,0,21,","31.7",",0,19,","66.4","0","0.0",",0","200.7",",,,0","0",",,,0","27.74",",0","30.30",",,,0","25.17",",,,0"
"USC00088841","2005-07","25.0069","-80.5211","1.5","TAVERNIER, FL US","1306.9","0","347.2",",0","9",",0","3",",0","1",",0","0",",0","0",",0","0",",0","0",",0","0",",0","31",",0","18",",0","","","20050711","+,,0","20050731","+,,0","20050731","+,,0","","","20050709",",,0","20050730","+,,0","24.4",",0,11,+","0",",,0,31,+","0",",,0,31,+","33.5",",,0,09,","33.9",",0,30,+","0.0","0","0.0",",0","51.4",",,,0","0",",,,0","29.53",",0","32.01",",,,0","27.06",",,,0"
"USC00088841","2005-08","25.0069","-80.5211","1.5","TAVERNIER, FL US","1662.5","0","355.6",",0","11",",0","7",",0","2",",0","0",",0","0",",0","0",",0","0",",0","0",",0","31",",0","24",",0","","","20050803",",,0","20050831","+,,0","20050831","+,,0","","","20050826",",,0","20050822","+,,0","20.0",",0,03,","0",",,0,31,+","0",",,0,31,+","71.4",",,0,26,","33.9",",0,22,+","0.0","0","0.0",",0","192.8",",,,0","0",",,,0","29.80",",0","32.71",",,,0","26.90",",,,0"
"USC00088841","2005-09","25.0069","-80.5211","1.5","TAVERNIER, FL US","1973.7","0","311.2",",0","9",",0","7",",0","3",",0","0",",0","0",",0","0",",0","0",",0","0",",0","30",",0","12",",0","","","20050930","+,,0","20050930","+,,0","20050930","+,,0","","","20050921",",,0","20050919","+,,0","23.3",",0,30,+","0",",,0,30,+","0",",,0,30,+","76.2",",,0,21,","33.3",",0,19,+","0.0","0","0.0",",0","193.2",",,,0","0",",,,0","28.71",",0","31.48",",,,0","25.93",",,,0"
"USC00088841","2005-10","25.0069","-80.5211","1.5","TAVERNIER, FL US","2224.1","0","250.4",",0","14",",0","12",",0","0",",0","0",",0","0",",0","0",",0","0",",0","0",",0","31",",0","4",",0","","","20051026","+,,0","20051031","+,,0","20051031","+,,0","","","20051024",",,0","20051014","+,,0","15.6",",0,26,+","0",",,0,31,+","0",",,0,31,+","19.3",",,0,24,","32.2",",0,14,+","0.0","0","0.0",",0","95.1",",,,0","0",",,,0","26.41",",0","29.18",",,,0","23.64",",,,0"
"USC00088841","2005-11","25.0069","-80.5211","1.5","TAVERNIER, FL US","2405.9","0","181.8","2,0","6","1,0","3","1,0","0","1,0","0",",0","0",",0","0","1,0","0","1,0","0","2,0","28","2,0","0","2,0","","","20051125","+,1,0","20051130","+,,0","20051130","+,,0","","","20051103",",1,0","20051121","+,2,0","13.3","1,0,25,+","0",",,0,30,+","0",",,0,30,+","3.8","1,,0,03,","30.6","2,0,21,+","0.6","0","0.6","2,0","13.0","1,,,0","0",",,,0","24.86","2,0","28.35","2,,,0","21.38","1,,,0"
"USC00088841","2005-12","25.0069","-80.5211","1.5","TAVERNIER, FL US","2520.3","0","114.4",",0","2",",0","2",",0","0",",0","0",",0","0",",0","0",",0","0",",0","0",",0","30",",0","0",",0","","","20051228",",,0","20051231","+,,0","20051231","+,,0","","","20051216",",,0","20051210",",,0","11.1",",0,28,","0",",,0,31,+","0",",,0,31,+","12.7",",,0,16,","30.0",",0,10,","6.7","0","6.1",",0","17.8",",,,0","0",",,,0","21.83",",0","26.18",",,,0","17.48",",,,0"
"USC00088841","2006-01","25.0069","-80.5211","1.5","TAVERNIER, FL US","108.6","0","108.6",",0","3",",0","0",",0","0",",0","0",",0","0",",0","0",",0","0",",0","0",",0","28",",0","0",",0","","","20060109","+,,0","20060131","+,,0","20060131","+,,0","","","20060123",",,0","20060114","+,,0","10.6",",0,09,+","0",",,0,31,+","0",",,0,31,+","1.5",",,0,23,","28.3",",0,14,+","19.7","0","13.0",",0","3.3",",,,0","0",",,,0","21.42",",0","25.04",",,,0","17.80",",,,0"
"USC00088841","2006-02","25.0069","-80.5211","1.5","TAVERNIER, FL US","189.2","0","80.6",",0","3",",0","2",",0","0",",0","0",",0","0",",0","0",",0","0",",0","0",",0","25",",0","0",",0","","","20060215","+,,0","20060228","+,,0","20060228","+,,0","","","20060205",",,0","20060204",",,0","7.8",",0,15,+","0",",,0,28,+","0",",,0,28,+","14.5",",,0,05,","28.3",",0,04,","38.6","0","18.9",",0","27.7",",,,0","0",",,,0","20.54",",0","24.31",",,,0","16.77",",,,0"
"USC00088841","2006-03","25.0069","-80.5211","1.5","TAVERNIER, FL US","315.1","0","125.9",",0","3",",0","1",",0","0",",0","0",",0","0",",0","0",",0","0",",0","0",",0","31",",0","0",",0","","","20060327","+,,0","20060331","+,,0","20060331","+,,0","","","20060324",",,0","20060324","+,,0","12.2",",0,27,+","0",",,0,31,+","0",",,0,31,+","6.6",",,0,24,","28.3",",0,24,+","41.9","0","3.3",",0","9.1",",,,0","0",",,,0","22.29",",0","25.11",",,,0","19.46",",,,0"
"USC00088841","2006-04","25.0069","-80.5211","1.5","TAVERNIER, FL US","499.3","0","184.2",",0","3",",0","2",",0","0",",0","0",",0","0",",0","0",",0","0",",0","0",",0","30",",0","0",",0","","","20060407","+,,0","20060430","+,,0","20060430","+,,0","","","20060410",",,0","20060410",",,0","18.3",",0,07,+","0",",,0,30,+","0",",,0,30,+","16.0",",,0,10,","29.4",",0,10,","41.9","0","0.0",",0","21.8",",,,0","0",",,,0","24.47",",0","27.17",",,,0","21.78",",,,0"
"USC00088841","2006-05","25.0069","-80.5211","1.5","TAVERNIER, FL US","725.3","0","226.0",",0","4",",0","2",",0","0",",0","0",",0","0",",0","0",",0","0",",0","0",",0","31",",0","0",",0","","","20060501",",,0","20060531","+,,0","20060531","+,,0","","","20060517",",,0","20060529","+,,0","19.4",",0,01,","0",",,0,31,+","0",",,0,31,+","23.9",",,0,17,","30.0",",0,29,+","41.9","0","0.0",",0","39.4",",,,0","0",",,,0","25.62",",0","28.24",",,,0","23.01",",,,0"
"USC00088841","2006-06","25.0069","-80.5211","1.5","TAVERNIER, FL US","1013.3","0","288.0",",0","9",",0","5",",0","1",",0","0",",0","0",",0","0",",0","0",",0","0",",0","30",",0","1",",0","","","20060626",",,0","20060630","+,,0","20060630","+,,0","","","20060626",",,0","20060629",",,0","21.7",",0,26,","0",",,0,30,+","0",",,0,30,+","36.8",",,0,26,","32.2",",0,29,","41.9","0","0.0",",0","72.3",",,,0","0",",,,0","27.93",",0","30.30",",,,0","25.56",",,,0"
"USC00088841","2006-07","25.0069","-80.5211","1.5","TAVERNIER, FL US","1310.4","0","297.1","1,0","15",",0","10",",0","2",",0","","","0","1,0","0","1,0","0","1,0","0","1,0","30","1,0","0","1,0","","","20060714",",1,0","","","20060731","+,1,0","","","20060713",",,0","20060726","+,1,0","22.8","1,0,14,","","","0","1,,0,31,+","39.1",",,0,13,","31.7","1,0,26,+","0.0","0","0.0","1,0","156.5",",,,0","0","1,,,0","28.24","1,0","30.51","1,,,0","25.97","1,,,0"
"USC00088841","2006-08","25.0069","-80.5211","1.5","TAVERNIER, FL US","1638.4","0","328.0",",0","11",",0","7",",0","2",",0","0",",0","0",",0","0",",0","0",",0","0",",0","31",",0","6",",0","","","20060809",",,0","20060831","+,,0","20060831","+,,0","","","20060830",",,0","20060814",",,0","22.8",",0,09,","0",",,0,31,+","0",",,0,31,+","62.2",",,0,30,","32.8",",0,14,","0.0","0","0.0",",0","179.1",",,,0","0",",,,0","28.91",",0","31.18",",,,0","26.65",",,,0"
"USC00088841","2006-09","25.0069","-80.5211","1.5","TAVERNIER, FL US","1938.1","0","299.7",",0","15",",0","9",",0","5",",0","0",",0","0",",0","0",",0","0",",0","0",",0","30",",0","3",",0","","","20060905",",,0","20060930","+,,0","20060930","+,,0","","","20060905",",,0","20060916",",,0","22.8",",0,05,","0",",,0,30,+","0",",,0,30,+","52.1",",,0,05,","32.8",",0,16,","0.0","0","0.0",",0","261.3",",,,0","0",",,,0","28.32",",0","30.88",",,,0","25.76",",,,0"
"USC00088841","2006-10","25.0069","-80.5211","1.5","TAVERNIER, FL US","2191.7","0","253.6",",0","6",",0","4",",0","0",",0","0",",0","0",",0","0",",0","0",",0","0",",0","31",",0","0",",0","","","20061029","+,,0","20061031","+,,0","20061031","+,,0","","","20061001",",,0","20061014",",,0","17.8",",0,29,+","0",",,0,31,+","0",",,0,31,+","23.6",",,0,01,","31.7",",0,14,","0.0","0","0.0",",0","54.6",",,,0","0",",,,0","26.51",",0","29.16",",,,0","23.86",",,,0"
"USC00088841","2006-11","25.0069","-80.5211","1.5","TAVERNIER, FL US","2332.6","0","140.9",",0","9",",0","6",",0","1",",0","0",",0","0",",0","0",",0","0",",0","0",",0","27",",0","0",",0","","","20061123","+,,0","20061130","+,,0","20061130","+,,0","","","20061103",",,0","20061102","+,,0","10.6",",0,23,+","0",",,0,30,+","0",",,0,30,+","43.4",",,0,03,","28.9",",0,02,+","13.8","0","13.8",",0","79.9",",,,0","0",",,,0","22.57",",0","25.38",",,,0","19.76",",,,0"
"USC00088841","2006-12","25.0069","-80.5211","1.5","TAVERNIER, FL US","2492.0","0","159.4",",0","12",",0","5",",0","1",",0","0",",0","0",",0","0",",0","0",",0","0",",0","30",",0","0",",0","","","20061228",",,0","20061231","+,,0","20061231","+,,0","1","","20061215",",,0","20061224","+,,0","15.0",",0,28,","0",",,0,31,+","0",",,0,31,+","30.5",",,0,15,","27.8",",0,24,+","14.3","0","0.5",",0","95.7",",,,0","0",",,,0","23.46",",0","25.50",",,,0","21.41",",,,0"
"USC00088841","2007-01","25.0069","-80.5211","1.5","TAVERNIER, FL US","138.6","0","138.6",",0","6",",0","3",",0","0",",0","0",",0","0",",0","0",",0","0",",0","0",",0","30",",0","0",",0","","","20070127","+,,0","20070131","+,,0","20070131","+,,0","","","20070120",",,0","20070107",",,0","12.2",",0,27,+","0",",,0,31,+","0",",,0,31,+","16.5",",,0,20,","27.8",",0,07,","19.3","0","5.0",",0","27.6",",,,0","0",",,,0","22.64",",0","25.14",",,,0","20.14",",,,0"
"USC00088841","2007-02","25.0069","-80.5211","1.5","TAVERNIER, FL US","212.0","0","73.4",",0","8",",0","4",",0","1",",0","0",",0","0",",0","0",",0","0",",0","0",",0","22",",0","0",",0","","","20070218","+,,0","20070228","+,,0","20070228","+,,0","","","20070213",",,0","20070204","+,,0","7.8",",0,18,+","0",",,0,28,+","0",",,0,28,+","83.3",",,0,13,","27.2",",0,04,+","42.6","0","23.3",",0","122.6",",,,0","0",",,,0","20.12",",0","23.44",",,,0","16.80",",,,0"
"USC00088841","2007-03","25.0069","-80.5211","1.5","TAVERNIER, FL US","349.3","0","137.3",",0","7",",0","2",",0","0",",0","0",",0","0",",0","0",",0","0",",0","0",",0","31",",0","0",",0","","","20070318",",,0","20070331","+,,0","20070331","+,,0","","","20070323",",,0","20070304","+,,0","13.3",",0,18,","0",",,0,31,+","0",",,0,31,+","10.7",",,0,23,","27.8",",0,04,+","42.6","0","0.0",",0","21.2",",,,0","0",",,,0","22.76",",0","25.36",",,,0","20.16",",,,0"
"USC00088841","2007-04","25.0069","-80.5211","1.5","TAVERNIER, FL US","493.6","0","144.3",",0","6",",0","3",",0","2",",0","0",",0","0",",0","0",",0","0",",0","0",",0","29",",0","0",",0","","","20070409",",,0","20070430","+,,0","20070430","+,,0","","","20070411",",,0","20070429",",,0","12.8",",0,09,","0",",,0,30,+","0",",,0,30,+","46.7",",,0,11,","28.9",",0,29,","45.1","0","2.5",",0","80.8",",,,0","0",",,,0","23.06",",0","25.96",",,,0","20.16",",,,0"
"USC00088841","2007-05","25.0069","-80.5211","1.5","TAVERNIER, FL US","714.4","0","220.8",",0","12",",0","7",",0","0",",0","0",",0","0",",0","0",",0","0",",0","0",",0","31",",0","0",",0","","","20070509","+,,0","20070531","+,,0","20070531","+,,0","1","","20070523",",,0","20070520","+,,0","17.8",",0,09,+","0",",,0,31,+","0",",,0,31,+","20.3",",,0,23,","29.4",",0,20,+","45.1","0","0.0",",0","56.3",",,,0","0",",,,0","25.46",",0","27.87",",,,0","23.05",",,,0"
"USC00088841","2007-06","25.0069","-80.5211","1.5","TAVERNIER, FL US","972.7","0","258.3",",0","16",",0","11",",0","2",",0","0",",0","0",",0","0",",0","0",",0","0",",0","30",",0","0",",0","","","20070613",",,0","20070630","+,,0","20070630","+,,0","1","","20070602",",,0","20070606",",,0","21.7",",0,13,","0",",,0,30,+","0",",,0,30,+","53.3",",,0,02,","31.7",",0,06,","45.1","0","0.0",",0","178.1",",,,0","0",",,,0","26.94",",0","29.54",",,,0","24.35",",,,0"
"USC00088841","2007-07","25.0069","-80.5211","1.5","TAVERNIER, FL US","1301.1","0","328.4","1,0","11",",0","9",",0","1",",0","","","0","1,0","0","1,0","0","1,0","0","1,0","30","1,0","10","1,0","","","20070723",",1,0","","","20070731","+,1,0","","","20070722",",,0","20070714",",1,0","23.9","1,0,23,","","","0","1,,0,31,+","43.2",",,0,22,","32.8","1,0,14,","0.0","0","0.0","1,0","108.9",",,,0","0","1,,,0","29.28","1,0","31.70","1,,,0","26.86","1,,,0"
"USC00088841","2007-08","25.0069","-80.5211","1.5","TAVERNIER, FL US","1640.6","0","339.5",",0","13",",0","9",",0","1",",0","0",",0","0",",0","0",",0","0",",0","0",",0","31",",0","13",",0","","","20070807",",,0","20070831","+,,0","20070831","+,,0","","","20070807",",,0","20070807",",,0","23.3",",0,07,","0",",,0,31,+","0",",,0,31,+","40.6",",,0,07,","36.1",",0,07,","0.0","0","0.0",",0","104.0",",,,0","0",",,,0","29.28",",0","31.81",",,,0","26.75",",,,0"
"USC00088841","2007-09","25.0069","-80.5211","1.5","TAVERNIER, FL US","1935.0","0","294.4",",0","17",",0","11",",0","3",",0","0",",0","0",",0","0",",0","0",",0","0",",0","30",",0","5",",0","","","20070927",",,0","20070930","+,,0","20070930","+,,0","","","20070927",",,0","20070907","+,,0","21.1",",0,27,","0",",,0,30,+","0",",,0,30,+","83.8",",,0,27,","32.2",",0,07,+","0.0","0","0.0",",0","276.9",",,,0","0",",,,0","28.15",",0","30.91",",,,0","25.38",",,,0"
"USC00088841","2007-10","25.0069","-80.5211","1.5","TAVERNIER, FL US","2215.2","0","280.2",",0","18",",0","14",",0","3",",0","0",",0","0",",0","0",",0","0",",0","0",",0","31",",0","0",",0","","","20071001",",,0","20071031","+,,0","20071031","+,,0","","","20071001",",,0","20071020","+,,0","21.7",",0,01,","0",",,0,31,+","0",",,0,31,+","94.0",",,0,01,","31.1",",0,20,+","0.0","0","0.0",",0","280.7",",,,0","0",",,,0","27.37",",0","29.52",",,,0","25.23",",,,0"
"USC00088841","2007-11","25.0069","-80.5211","1.5","TAVERNIER, FL US","2374.4","0","159.2","1,0","5",",0","2",",0","0",",0","0",",0","0",",0","0","1,0","0","1,0","0","1,0","29","1,0","0","1,0","","","20071117","+,1,0","20071130","+,,0","20071130","+,,0","","","20071101",",,0","20071102",",1,0","15.0","1,0,17,+","0",",,0,30,+","0",",,0,30,+","7.6",",,0,01,","28.9","1,0,02,","0.0","0","0.0","1,0","15.0",",,,0","0",",,,0","23.82","1,0","26.56","1,,,0","21.09","1,,,0"
"USC00088841","2007-12","25.0069","-80.5211","1.5","TAVERNIER, FL US","2528.1","0","153.7",",0","7",",0","5",",0","1",",0","0",",0","0",",0","0",",0","0",",0","0",",0","30",",0","0",",0","","","20071218",",,0","20071231","+,,0","20071231","+,,0","","","20071214",",,0","20071228","+,,0","11.7",",0,18,","0",",,0,31,+","0",",,0,31,+","38.1",",,0,14,","27.8",",0,28,+","2.8","0","2.8",",0","65.4",",,,0","0",",,,0","23.20",",0","25.97",",,,0","20.43",",,,0"
"USC00088841","2008-01","25.0069","-80.5211","1.5","TAVERNIER, FL US","92.5","0","92.5","1,0","4",",0","2",",0","0",",0","0",",0","0",",0","0",",0","0",",0","0","1,0","27","1,0","0","1,0","","","20080104","+,,0","20080131","+,,0","20080131","+,,0","","","20080106","+,,0","20080101",",1,0","3.3",",0,04,+","0",",,0,31,+","0",",,0,31,+","2.5",",,0,06,+","27.8","1,0,01,","24.7","0","21.9","1,0","6.1",",,,0","0",",,,0","20.76","1,0","23.82","1,,,0","17.70",",,,0"
"USC00088841","2008-02","25.0069","-80.5211","1.5","TAVERNIER, FL US","233.5","0","141.0","1,0","10",",0","5",",0","0",",0","0",",0","0",",0","0","1,0","0","1,0","0","1,0","27","1,0","0","1,0","","","20080229","+,1,0","20080229","+,,0","20080229","+,,0","","","20080227",",,0","20080227","+,1,0","10.6","1,0,29,+","0",",,0,29,+","0",",,0,29,+","12.4",",,0,27,","27.8","1,0,27,+","28.6","0","3.9","1,0","42.1",",,,0","0",",,,0","23.23","1,0","25.88","1,,,0","20.58","1,,,0"
"USC00088841","2008-03","25.0069","-80.5211","1.5","TAVERNIER, FL US","375.7","0","142.2",",0","3",",0","2",",0","1",",0","0",",0","0",",0","0",",0","0",",0","0",",0","31",",0","0",",0","","","20080310",",,0","20080331","+,,0","20080331","+,,0","","","20080323",",,0","20080317",",,0","11.1",",0,10,","0",",,0,31,+","0",",,0,31,+","83.3",",,0,23,","28.3",",0,17,","30.6","0","2.0",",0","86.8",",,,0","0",",,,0","22.86",",0","25.77",",,,0","19.94",",,,0"
"USC00088841","2008-04","25.0069","-80.5211","1.5","TAVERNIER, FL US","540.8","0","165.1",",0","6",",0","3",",0","1",",0","0",",0","0",",0","0",",0","0",",0","0",",0","30",",0","0",",0","","","20080417","+,,0","20080430","+,,0","20080430","+,,0","","","20080407",",,0","20080429",",,0","13.3",",0,17,+","0",",,0,30,+","0",",,0,30,+","45.7",",,0,07,","29.4",",0,29,","31.8","0","1.2",",0","67.1",",,,0","0",",,,0","23.80",",0","26.71",",,,0","20.89",",,,0"
"USC00088841","2008-05","25.0069","-80.5211","1.5","TAVERNIER, FL US","787.6","0","246.8","1,0","3",",0","0",",0","0",",0","0",",0","0",",0","0","1,0","0","1,0","0","1,0","30","1,0","0","1,0","","","20080514",",1,0","20080531","+,,0","20080531","+,,0","","","20080505",",,0","20080525","+,1,0","20.6","1,0,14,","0",",,0,31,+","0",",,0,31,+","1.3",",,0,05,","31.1","1,0,25,+","31.8","0","0.0","1,0","1.9",",,,0","0",",,,0","26.56","1,0","28.83","1,,,0","24.29","1,,,0"
"USC00088841","2008-06","25.0069","-80.5211","1.5","TAVERNIER, FL US","1068.6","0","281.0","1,0","10",",0","5",",0","2",",0","0",",0","0",",0","0","1,0","0","1,0","0","1,0","29","1,0","0","1,0","","","20080619",",1,0","20080630","+,,0","20080630","+,,0","","","20080620",",,0","20080624",",1,0","20.6","1,0,19,","0",",,0,30,+","0",",,0,30,+","36.8",",,0,20,","31.7","1,0,24,","31.8","0","0.0","1,0","90.2",",,,0","0",",,,0","28.02","1,0","30.16","1,,,0","25.88","1,,,0"
"USC00088841","2008-07","25.0069","-80.5211","1.5","TAVERNIER, FL US","1371.6","0","303.0","1,0","9",",0","8",",0","0",",0","0",",0","0",",0","0","1,0","0","1,0","0","1,0","30","1,0","2","1,0","","","20080725",",1,0","20080731","+,,0","20080731","+,,0","","","20080706",",,0","20080722",",1,0","21.7","1,0,25,","0",",,0,31,+","0",",,0,31,+","22.9",",,0,06,","35.0","1,0,22,","0.0","0","0.0","1,0","69.3",",,,0","0",",,,0","28.43","1,0","31.08","1,,,0","25.79","1,,,0"
"USC00088841","2008-08","25.0069","-80.5211","1.5","TAVERNIER, FL US","1699.7","0","328.1",",0","18",",0","13",",0","3",",0","0",",0","0",",0","0",",0","0",",0","0",",0","31",",0","11",",0","","","20080818",",,0","20080831","+,,0","20080831","+,,0","","","20080819",",,0","20080815","+,,0","22.2",",0,18,","0",",,0,31,+","0",",,0,31,+","83.8",",,0,19,","32.8",",0,15,+","0.0","0","0.0",",0","279.9",",,,0","0",",,,0","28.92",",0","31.61",",,,0","26.23",",,,0"
"USC00088841","2008-09","25.0069","-80.5211","1.5","TAVERNIER, FL US","1986.8","0","287.1",",0","15",",0","8",",0","3",",0","0",",0","0",",0","0",",0","0",",0","0",",0","30",",0","0",",0","","","20080930",",,0","20080930","+,,0","20080930","+,,0","","","20080910",",,0","20080916","+,,0","21.7",",0,30,","0",",,0,30,+","0",",,0,30,+","43.2",",,0,10,","31.7",",0,16,+","0.0","0","0.0",",0","162.0",",,,0","0",",,,0","27.90",",0","30.24",",,,0","25.56",",,,0"
"USC00088841","2008-10","25.0069","-80.5211","1.5","TAVERNIER, FL US","2219.0","0","232.2",",0","16",",0","8",",0","1",",0","0",",0","0",",0","0",",0","0",",0","0",",0","30",",0","0",",0","","","20081030","+,,0","20081031","+,,0","20081031","+,,0","","","20081001",",,0","20081013","+,,0","13.9",",0,30,+","0",",,0,31,+","0",",,0,31,+","28.2",",,0,01,","30.6",",0,13,+","2.0","0","2.0",",0","85.9",",,,0","0",",,,0","25.76",",0","28.28",",,,0","23.24",",,,0"
"USC00088841","2008-11","25.0069","-80.5211","1.5","TAVERNIER, FL US","2315.4","0","96.4","1,0","5",",0","4",",0","0",",0","0",",0","0",",0","0","1,0","0","1,0","0","1,0","27","1,0","0","1,0","","","20081120","+,1,0","20081130","+,,0","20081130","+,,0","","","20081116",",,0","20081116","+,1,0","12.8","1,0,20,+","0",",,0,30,+","0",",,0,30,+","6.4",",,0,16,","27.8","1,0,16,+","6.1","0","4.1","1,0","20.1",",,,0","0",",,,0","21.52","1,0","24.68","1,,,0","18.35","1,,,0"
"USC00088841","2008-12","25.0069","-80.5211","1.5","TAVERNIER, FL US","2420.5","0","105.1",",0","8",",0","3",",0","0",",0","0",",0","0",",0","0",",0","0",",0","0",",0","31",",0","0",",0","","","20081204","+,,0","20081231","+,,0","20081231","+,,0","","","20081215",",,0","20081222","+,,0","12.8",",0,04,+","0",",,0,31,+","0",",,0,31,+","8.9",",,0,15,","26.1",",0,22,+","8.8","0","2.7",",0","24.7",",,,0","0",",,,0","21.63",",0","24.27",",,,0","18.99",",,,0"
"USC00088841","2009-01","25.0069","-80.5211","1.5","TAVERNIER, FL US","70.1","","70.1",",0","2",",0","1",",0","0",",0","0",",0","0",",0","0",",0","0",",0","0",",0","27",",0","0",",0","","","20090123","+,,0","20090131","+,,0","20090131","+,,0","","","20090108",",,0","20090107",",,0","6.7",",0,23,+","0",",,0,31,+","0",",,0,31,+","7.1",",,0,08,","26.7",",0,07,","32.6","","23.8",",0","7.6",",,,0","0",",,,0","19.83",",0","23.21",",,,0","16.44",",,,0"
"USC00088841","2009-02","25.0069","-80.5211","1.5","TAVERNIER, FL US","122.5","","52.4",",0","3",",0","1",",0","1",",0","0","1,0","0",",0","0",",0","0",",0","0",",0","22",",0","0",",0","","","20090206",",,0","20090228","+,1,0","20090228","+,,0","","","20090203",",,0","20090215","+,,0","4.4",",0,06,","0","1,,0,28,+","0",",,0,28,+","40.6",",,0,03,","25.6",",0,15,+","61.2","","28.6",",0","41.2",",,,0","0",",,,0","19.18",",0","22.43",",,,0","15.94",",,,0"
"USC00088841","2009-03","25.0069","-80.5211","1.5","TAVERNIER, FL US","243.3","","120.8",",0","4",",0","2",",0","0",",0","0",",0","0",",0","0",",0","0",",0","0",",0","29",",0","0",",0","","","20090304","+,,0","20090331","+,,0","20090331","+,,0","","","20090322",",,0","20090330","+,,0","10.0",",0,04,+","0",",,0,31,+","0",",,0,31,+","8.4",",,0,22,","27.2",",0,30,+","70.9","","9.7",",0","13.4",",,,0","0",",,,0","21.92",",0","24.41",",,,0","19.42",",,,0"
"USC00088841","2009-04","25.0069","-80.5211","1.5","TAVERNIER, FL US","425.2","","181.9",",0","1",",0","0",",0","0",",0","0",",0","0",",0","0",",0","0",",0","0",",0","29",",0","0",",0","","","20090409","+,,0","20090430","+,,0","20090430","+,,0","","","20090419",",,0","20090417","+,,0","15.0",",0,09,+","0",",,0,30,+","0",",,0,30,+","0.3",",,0,19,","28.9",",0,17,+","71.4","","0.5",",0","0.3",",,,0","0",",,,0","24.38",",0","26.78",",,,0","21.98",",,,0"
"USC00088841","2009-05","25.0069","-80.5211","1.5","TAVERNIER, FL US","","","","","4",",0","2",",0","1",",0","0",",0","0",",0","","","","","","","","","","","","","","","20090531","+,,0","20090531","+,,0","","","20090519",",,0","","","","","0",",,0,31,+","0",",,0,31,+","31.8",",,0,19,","","","","","","","47.1",",,,0","0",",,,0","","","","","",""
