"STATION","DATE","LATITUDE","LONGITUDE","ELEVATION","NAME","CDSD","CDSD_ATTRIBUTES","CLDD","CLDD_ATTRIBUTES","DP01","DP01_ATTRIBUTES","DP10","DP10_ATTRIBUTES","DP1X","DP1X_ATTRIBUTES","DT00","DT00_ATTRIBUTES","DT32","DT32_ATTRIBUTES","DX32","DX32_ATTRIBUTES","DX70","DX70_ATTRIBUTES","DX90","DX90_ATTRIBUTES","DYNT","DYNT_ATTRIBUTES","DYXP","DYXP_ATTRIBUTES","DYXT","DYXT_ATTRIBUTES","EMNT","EMNT_ATTRIBUTES","EMXP","EMXP_ATTRIBUTES","EMXT","EMXT_ATTRIBUTES","HDSD","HDSD_ATTRIBUTES","HTDD","HTDD_ATTRIBUTES","PRCP","PRCP_ATTRIBUTES","TAVG","TAVG_ATTRIBUTES","TMAX","TMAX_ATTRIBUTES","TMIN","TMIN_ATTRIBUTES"
"USC00415249","1941-01","36.283333","-100.35",,"LIPSCOMB NEAR SOIL CONSERVATION SERVICE NUMBER 20, TX US","0.0","6","0.0","5,6","6",",6","4",",6","0",",6","0","2,6","19","2,6","2","3,6","0","3,6","0","3,6","19410105",",2,6","19410113",",,6","19410130",",3,6","-9.4","2,6,05,","20.8",",,6,13,","15.6","3,6,30,","","","396.5","3,6","37.1",",,,6","2.89","5,6","7.18","3,,,6","-1.40","2,,,6"
"USC00415249","1941-02","36.283333","-100.35",,"LIPSCOMB NEAR SOIL CONSERVATION SERVICE NUMBER 20, TX US","0.0","6","0.0",",6","6",",6","5",",6","0",",6","0",",6","13",",6","2",",6","0",",6","0",",6","19410222","+,,6","19410201",",,6","19410228",",,6","-6.7",",6,22,+","22.9",",,6,01,","18.3",",6,28,","","","376.7",",6","61.3",",,,6","4.88",",6","9.36",",,,6","0.40",",,,6"
"USC00415249","1941-03","36.283333","-100.35",,"LIPSCOMB NEAR SOIL CONSERVATION SERVICE NUMBER 20, TX US","0.0","6","0.0",",6","","","","","","","0",",6","15",",6","0",",6","1",",6","0",",6","19410307",",,6","","","19410331",",,6","-7.8",",6,07,","","","21.1",",6,31,","","","376.3",",6","","","6.19",",6","12.04",",,,6","0.35",",,,6"
"USC00415249","1941-04","36.283333","-100.35",,"LIPSCOMB NEAR SOIL CONSERVATION SERVICE NUMBER 20, TX US","0.0","6","0.0",",6","","","","","","","0",",6","2",",6","0",",6","10",",6","0",",6","19410420",",,6","","","19410421","+,,6","-0.6",",6,20,","","","26.7",",6,21,+","","","226.0",",6","","","10.80",",6","18.11",",,,6","3.49",",,,6"
"USC00415249","1941-05","36.283333","-100.35",,"LIPSCOMB NEAR SOIL CONSERVATION SERVICE NUMBER 20, TX US","38.9","6","38.9",",6","","","","","","","0",",6","0",",6","0",",6","25",",6","0",",6","19410503",",,6","","","19410519",",,6","2.8",",6,03,","","","31.1",",6,19,","","","68.4",",6","","","17.38",",6","25.06",",,,6","9.71",",,,6"
"USC00415249","1941-06","36.283333","-100.35",,"LIPSCOMB NEAR SOIL CONSERVATION SERVICE NUMBER 20, TX US","179.4","6","140.5",",6","","","","","","","0",",6","0",",6","0",",6","30",",6","11",",6","19410617",",,6","","","19410622",",,6","13.3",",6,17,","","","36.7",",6,22,","","","0.0",",6","","","23.02",",6","30.13",",,,6","15.90",",,,6"
"USC00415249","1941-07","36.283333","-100.35",,"LIPSCOMB NEAR SOIL CONSERVATION SERVICE NUMBER 20, TX US","418.2","6","238.8",",6","","","","","","","0",",6","0",",6","0",",6","31",",6","18",",6","19410712","+,,6","","","19410718",",,6","16.7",",6,12,+","","","38.9",",6,18,","0.0","6","0.0",",6","","","26.04",",6","33.72",",,,6","18.35",",,,6"
"USC00415249","1941-08","36.283333","-100.35",,"LIPSCOMB NEAR SOIL CONSERVATION SERVICE NUMBER 20, TX US","687.6","6","269.4",",6","8",",6","4",",6","1",",6","0",",6","0",",6","0",",6","31",",6","28",",6","19410824","+,,6","19410822",",,6","19410812",",,6","16.7",",6,24,+","26.7",",,6,22,","38.9",",6,12,","0.0","6","0.0",",6","72.8",",,,6","27.02",",6","35.48",",,,6","18.56",",,,6"
"USC00415249","1941-09","36.283333","-100.35",,"LIPSCOMB NEAR SOIL CONSERVATION SERVICE NUMBER 20, TX US","773.3","6","85.7","4,6","3",",6","3",",6","1",",6","0","3,6","0","3,6","0","1,6","28","1,6","1","1,6","19410929","+,3,6","19410929",",,6","19410915",",1,6","5.6","3,6,29,+","81.3",",,6,29,","33.3","1,6,15,","13.3","6","13.3","1,6","107.2",",,,6","20.90","4,6","28.02","1,,,6","13.79","3,,,6"
"USC00415249","1941-10","36.283333","-100.35",,"LIPSCOMB NEAR SOIL CONSERVATION SERVICE NUMBER 20, TX US","779.7","6","6.4",",6","13",",6","12",",6","3",",6","0",",6","1",",6","0",",6","29",",6","0",",6","19411031",",,6","19411022",",,6","19411008","+,,6","-0.6",",6,31,","73.7",",,6,22,","27.8",",6,08,+","100.7","6","87.4",",6","243.4",",,,6","15.72",",6","23.21",",,,6","8.23",",,,6"
"USC00415249","1941-11","36.283333","-100.35",,"LIPSCOMB NEAR SOIL CONSERVATION SERVICE NUMBER 20, TX US","779.7","6","0.0",",6","1",",6","1",",6","0",",6","0",",6","6",",6","0",",6","4",",6","0",",6","19411123",",,6","19411122",",,6","19411102",",,6","-7.8",",6,23,","8.4",",,6,22,","22.2",",6,02,","412.5","6","311.8",",6","8.4",",,,6","7.94",",6","14.89",",,,6","0.99",",,,6"
"USC00415249","1941-12","36.283333","-100.35",,"LIPSCOMB NEAR SOIL CONSERVATION SERVICE NUMBER 20, TX US","779.7","6","0.0","1,6","","","","","","","0","1,6","17","1,6","0","1,6","4","1,6","0","1,6","19411228",",1,6","","","19411202","+,1,6","-5.6","1,6,28,","","","23.9","1,6,02,+","789.4","6","376.9","1,6","","","5.77","1,6","12.20","1,,,6","-0.66","1,,,6"
"USC00415249","1942-01","36.283333","-100.35",,"LIPSCOMB NEAR SOIL CONSERVATION SERVICE NUMBER 20, TX US","0.0","","0.0","1,6","2",",6","0",",6","0",",6","3",",6","31",",6","16","1,6","0","1,6","0","1,6","19420106","+,,6","19420106",",,6","19420129","+,1,6","-17.8",",6,06,+","1.5",",,6,06,","8.9","1,6,29,+","1445.9","","656.5","1,6","2.8",",,,6","-3.66","1,6","-0.67","1,,,6","-6.65",",,,6"
"USC00415249","1942-02","36.283333","-100.35",,"LIPSCOMB NEAR SOIL CONSERVATION SERVICE NUMBER 20, TX US","0.0","","0.0","2,6","2",",6","0",",6","0",",6","0","1,6","27","1,6","3","1,6","0","1,6","0","1,6","19420218",",1,6","19420218",",,6","19420204",",1,6","-16.7","1,6,18,","2.0",",,6,18,","15.6","1,6,04,","1857.8","","411.9","1,6","3.5",",,,6","2.15","2,6","8.45","1,,,6","-4.15","1,,,6"
"USC00415249","1942-03","36.283333","-100.35",,"LIPSCOMB NEAR SOIL CONSERVATION SERVICE NUMBER 20, TX US","1.4","","1.4",",6","4",",6","1",",6","0",",6","0",",6","6",",6","0",",6","26",",6","0",",6","19420328","+,,6","19420325",",,6","19420331","+,,6","-2.2",",6,28,+","7.6",",,6,25,","26.7",",6,31,+","1994.1","","136.3",",6","10.9",",,,6","13.98",",6","23.33",",,,6","4.64",",,,6"
"USC00415249","1942-04","36.283333","-100.35",,"LIPSCOMB NEAR SOIL CONSERVATION SERVICE NUMBER 20, TX US","9.2","","7.8",",6","6",",6","6",",6","1",",6","0",",6","0",",6","0",",6","20",",6","0",",6","19420408","+,,6","19420423",",,6","19420406",",,6","1.1",",6,08,+","27.4",",,6,23,","29.4",",6,06,","2118.2","","124.1",",6","89.1",",,,6","14.46",",6","21.82",",,,6","7.10",",,,6"
"USC00415249","1942-05","36.283333","-100.35",,"LIPSCOMB NEAR SOIL CONSERVATION SERVICE NUMBER 20, TX US","64.7","","55.5",",6","3",",6","3",",6","0",",6","0",",6","0",",6","0",",6","28",",6","3",",6","19420513",",,6","19420509",",,6","19420526",",,6","1.7",",6,13,","21.1",",,6,09,","33.3",",6,26,","2225.0","","106.8",",6","46.0",",,,6","16.68",",6","24.71",",,,6","8.65",",,,6"
"USC00415249","1942-06","36.283333","-100.35",,"LIPSCOMB NEAR SOIL CONSERVATION SERVICE NUMBER 20, TX US","253.5","","188.8",",6","6",",6","6",",6","2",",6","0",",6","0",",6","0",",6","29",",6","11",",6","19420614",",,6","19420608",",,6","19420619",",,6","8.9",",6,14,","50.8",",,6,08,","37.2",",6,19,","2231.1","","6.1",",6","141.0",",,,6","24.42",",6","29.71",",,,6","19.14",",,,6"
"USC00415249","1942-07","36.283333","-100.35",,"LIPSCOMB NEAR SOIL CONSERVATION SERVICE NUMBER 20, TX US","662.4","","408.9",",6","","","","","","","0",",6","0",",6","0",",6","31",",6","31",",6","19420731","+,,6","","","19420728",",,6","26.7",",6,31,+","","","37.2",",6,28,","0.0","","0.0",",6","","","31.52",",6","35.42",",,,6","27.63",",,,6"
"USC00415249","1942-08","36.283333","-100.35",,"LIPSCOMB NEAR SOIL CONSERVATION SERVICE NUMBER 20, TX US","924.8","","262.4",",6","","","","","","","0",",6","0",",6","0",",6","31",",6","16",",6","19420830","+,,6","","","19420803",",,6","15.6",",6,30,+","","","36.7",",6,03,","0.0","","0.0",",6","","","26.80",",6","32.03",",,,6","21.57",",,,6"
"USC00415249","1942-09","36.283333","-100.35",,"LIPSCOMB NEAR SOIL CONSERVATION SERVICE NUMBER 20, TX US","","","","","1",",6","1",",6","0",",6","","","","","","","","","","","","","19420903",",,6","","","","","2.5",",,6,03,","","","","","","","2.5",",,,6","","","","","",""
"USC00415249","1942-10","36.283333","-100.35",,"LIPSCOMB NEAR SOIL CONSERVATION SERVICE NUMBER 20, TX US","","","26.9",",6","8",",6","8",",6","3",",6","0",",6","2",",6","0",",6","31",",6","0",",6","19421026",",,6","19421014",",,6","19421008","+,,6","-1.1",",6,26,","76.2",",,6,14,","29.4",",6,08,+","","","59.8",",6","173.5",",,,6","17.27",",6","24.46",",,,6","10.08",",,,6"
