"STATION","DATE","LATITUDE","LONGITUDE","ELEVATION","NAME","CDSD","CDSD_ATTRIBUTES","CLDD","CLDD_ATTRIBUTES","DP01","DP01_ATTRIBUTES","DP10","DP10_ATTRIBUTES","DP1X","DP1X_ATTRIBUTES","DSND","DSND_ATTRIBUTES","DSNW","DSNW_ATTRIBUTES","DT00","DT00_ATTRIBUTES","DT32","DT32_ATTRIBUTES","DX32","DX32_ATTRIBUTES","DX70","DX70_ATTRIBUTES","DX90","DX90_ATTRIBUTES","DYNT","DYNT_ATTRIBUTES","DYSD","DYSD_ATTRIBUTES","DYSN","DYSN_ATTRIBUTES","DYXP","DYXP_ATTRIBUTES","DYXT","DYXT_ATTRIBUTES","EMNT","EMNT_ATTRIBUTES","EMSD","EMSD_ATTRIBUTES","EMSN","EMSN_ATTRIBUTES","EMXP","EMXP_ATTRIBUTES","EMXT","EMXT_ATTRIBUTES","HDSD","HDSD_ATTRIBUTES","HTDD","HTDD_ATTRIBUTES","PRCP","PRCP_ATTRIBUTES","SNOW","SNOW_ATTRIBUTES","TAVG","TAVG_ATTRIBUTES","TMAX","TMAX_ATTRIBUTES","TMIN","TMIN_ATTRIBUTES"
"USC00327120","2015-12","48.0267","-101.9625","638.3","PLAZA, ND US","","","","","2",",7","1",",7","0",",7","20",",7","1",",7","","","","","","","","","","","","","20151231","+,,7","20151212",",,7","20151212",",,7","","","","","51",",,7,31,+","51",",,7,12,","5.1",",,7,12,","","","","","","","5.9",",,,7","51",",,,7","","","","","",""
"USC00327120","2016-01","48.0267","-101.9625","638.3","PLAZA, ND US","0.0","7","0.0",",7","2",",7","1",",7","0",",7","30",",7","2",",7","10",",7","31",",7","24",",7","0",",7","0",",7","20160116",",,7","20160123","+,,7","20160115",",,7","20160115",",,7","20160130",",,7","-29.4",",7,16,","102",",,7,23,+","51",",,7,15,","5.3",",,7,15,","5.0",",7,30,","","","891.1",",7","6.6",",,,7","76",",,,7","-10.41",",7","-5.65",",,,7","-15.17",",,,7"
"USC00327120","2016-02","48.0267","-101.9625","638.3","PLAZA, ND US","0.0","7","0.0","1,7","2",",7","2",",7","0",",7","6",",7","2",",7","2",",7","29",",7","9","1,7","0","1,7","0","1,7","20160212",",,7","20160217","+,,7","20160213",",,7","20160213",",,7","20160227",",1,7","-21.1",",7,12,","152",",,7,17,+","102",",,7,13,","7.1",",,7,13,","13.3","1,7,27,","","","620.5","1,7","9.6",",,,7","153",",,,7","-3.95","1,7","1.85","1,,,7","-9.75",",,,7"
"USC00327120","2016-03","48.0267","-101.9625","638.3","PLAZA, ND US","0.0","7","0.0",",7","2",",7","2",",7","0",",7","4",",7","1",",7","0",",7","31",",7","4",",7","0",",7","0",",7","20160301",",,7","20160326","+,,7","20160325",",,7","20160325","+,,7","20160306",",,7","-16.7",",7,01,","51",",,7,26,+","51",",,7,25,","2.5",",,7,25,+","20.6",",7,06,","","","528.3",",7","5.0",",,,7","51",",,,7","1.29",",7","8.53",",,,7","-5.95",",,,7"
"USC00327120","2016-04","48.0267","-101.9625","638.3","PLAZA, ND US","0.0","7","0.0",",7","4",",7","4",",7","1",",7","0",",7","0",",7","0",",7","24",",7","1",",7","2",",7","0",",7","20160410",",,7","20160430","+,,7","20160426",",,7","20160424",",,7","20160413","+,,7","-13.9",",7,10,","0",",,7,30,+","13",",,7,26,","66.0",",,7,24,","21.1",",7,13,+","","","416.5",",7","93.9",",,,7","13",",,,7","4.45",",7","11.64",",,,7","-2.75",",,,7"
"USC00327120","2016-05","48.0267","-101.9625","638.3","PLAZA, ND US","2.8","7","2.8","1,7","3",",7","3",",7","0",",7","0",",7","0",",7","0","1,7","4","1,7","0","1,7","19","1,7","0","1,7","20160513","+,1,7","20160531","+,,7","20160531","+,,7","20160531",",,7","20160506",",1,7","-1.7","1,7,13,+","0",",,7,31,+","0",",,7,31,+","21.6",",,7,31,","31.1","1,7,06,","","","156.9","1,7","33.0",",,,7","0",",,,7","13.20","1,7","20.90","1,,,7","5.49","1,,,7"
"USC00327120","2016-06","48.0267","-101.9625","638.3","PLAZA, ND US","34.1","7","31.3",",7","5",",7","5",",7","0",",7","0",",7","0",",7","0",",7","0",",7","0",",7","27",",7","1",",7","20160605",",,7","20160630","+,,7","20160630","+,,7","20160610",",,7","20160609",",,7","6.1",",7,05,","0",",,7,30,+","0",",,7,30,+","22.9",",,7,10,","34.4",",7,09,","","","36.4",",7","54.1",",,,7","0",",,,7","18.16",",7","25.04",",,,7","11.29",",,,7"
"USC00327120","2016-07","48.0267","-101.9625","638.3","PLAZA, ND US","100.3","7","66.2",",7","7",",7","6",",7","1",",7","0",",7","0",",7","0",",7","0",",7","0",",7","31",",7","5",",7","20160707","+,,7","20160731","+,,7","20160731","+,,7","20160723",",,7","20160720",",,7","8.3",",7,07,+","0",",,7,31,+","0",",,7,31,+","26.7",",,7,23,","34.4",",7,20,","15.2","7","15.2",",7","71.6",",,,7","0",",,,7","19.98",",7","26.90",",,,7","13.06",",,,7"
"USC00327120","2016-08","48.0267","-101.9625","638.3","PLAZA, ND US","168.4","7","68.1",",7","2",",7","2",",7","1",",7","0",",7","0",",7","0",",7","0",",7","0",",7","29",",7","4",",7","20160819","+,,7","20160831","+,,7","20160831","+,,7","20160801",",,7","20160822",",,7","7.2",",7,19,+","0",",,7,31,+","0",",,7,31,+","33.0",",,7,01,","35.6",",7,22,","34.1","7","18.9",",7","38.1",",,,7","0",",,,7","19.92",",7","27.98",",,,7","11.86",",,,7"
"USC00327120","2016-09","48.0267","-101.9625","638.3","PLAZA, ND US","175.2","7","6.8",",7","7",",7","7",",7","2",",7","0",",7","0",",7","0",",7","2",",7","0",",7","14",",7","0",",7","20160912",",,7","20160930","+,,7","20160930","+,,7","20160924",",,7","20160901",",,7","-1.1",",7,12,","0",",,7,30,+","0",",,7,30,+","35.6",",,7,24,","30.6",",7,01,","187.1","7","153.0",",7","116.9",",,,7","0",",,,7","13.46",",7","20.19",",,,7","6.72",",,,7"
"USC00327120","2016-10","48.0267","-101.9625","638.3","PLAZA, ND US","175.2","7","0.0",",7","2",",7","2",",7","1",",7","0",",7","0",",7","0",",7","12",",7","0",",7","2",",7","0",",7","20161013","+,,7","20161031","+,,7","20161011",",,7","20161004",",,7","20161001",",,7","-5.0",",7,13,+","0",",,7,31,+","13",",,7,11,","62.2",",,7,04,","24.4",",7,01,","554.0","7","366.9",",7","66.0",",,,7","13",",,,7","6.50",",7","11.74",",,,7","1.25",",,,7"
"USC00327120","2016-11","48.0267","-101.9625","638.3","PLAZA, ND US","175.2","7","0.0",",7","2","3,7","2","3,7","0","3,7","4",",7","4",",7","0",",7","24",",7","6",",7","0",",7","0",",7","20161119","+,,7","20161130",",,7","20161130",",,7","20161114",",3,7","20161109","+,,7","-12.8",",7,19,+","559",",,7,30,","254",",,7,30,","6.4","3,,7,14,","20.0",",7,09,+","1029.7","7","475.7",",7","29.2",",a,,7","583",",,,7","2.48",",7","8.44",",,,7","-3.49",",,,7"
"USC00327120","2016-12","48.0267","-101.9625","638.3","PLAZA, ND US","175.2","7","0.0",",7","3",",7","3",",7","1",",7","","","3",",7","17",",7","31",",7","30",",7","0",",7","0",",7","20161217",",,7","","","20161226",",,7","20161226",",,7","20161220",",,7","-33.9",",7,17,","","","381",",,7,26,","29.2",",,7,26,","1.1",",7,20,","2031.8","7","1002.1",",7","53.4",",,,7","558",",,,7","-13.99",",7","-9.77",",,,7","-18.21",",,,7"
"USC00327120","2017-01","48.0267","-101.9625","638.3","PLAZA, ND US","0.0","7","0.0",",7","3","1,7","2","1,7","0","1,7","","","4",",7","16",",7","31",",7","27",",7","0",",7","0",",7","20170112","+,,7","","","20170110",",,7","20170110",",1,7","20170118",",,7","-30.0",",7,12,+","","","51",",,7,10,","5.1","1,,7,10,","3.3",",7,18,","3013.2","7","981.4",",7","8.9","1,,,7","126",",,,7","-13.33",",7","-9.19",",,,7","-17.46",",,,7"
"USC00327120","2017-02","48.0267","-101.9625","638.3","PLAZA, ND US","0.0","7","0.0",",7","","","","","","","","","4",",7","12",",7","28",",7","15",",7","0",",7","0",",7","20170207",",,7","","","20170207",",,7","","","20170216",",,7","-30.0",",7,07,","","","102",",,7,07,","","","6.7",",7,16,","3763.1","7","749.9",",7","","","203",",,,7","-8.45",",7","-3.42",",,,7","-13.48",",,,7"
"USC00327120","2017-03","48.0267","-101.9625","638.3","PLAZA, ND US","0.0","7","0.0",",7","1",",7","1",",7","0",",7","","","1",",7","7",",7","28",",7","13",",7","0",",7","0",",7","20170309",",,7","","","20170311",",,7","20170311",",,7","20170329","+,,7","-22.2",",7,09,","","","51",",,7,11,","2.5",",,7,11,","15.6",",7,29,+","4450.2","7","687.1",",7","2.5",",,,7","51",",,,7","-3.83",",7","1.38",",,,7","-9.05",",,,7"
"USC00327120","2017-04","48.0267","-101.9625","638.3","PLAZA, ND US","0.0","7","0.0",",7","1",",7","1",",7","0",",7","0",",7","0",",7","0",",7","24",",7","1",",7","1",",7","0",",7","20170416",",,7","20170430","+,,7","20170430","+,,7","20170419",",,7","20170407",",,7","-9.4",",7,16,","0",",,7,30,+","0",",,7,30,+","5.1",",,7,19,","22.8",",7,07,","4858.9","7","408.7",",7","5.1",",,,7","0",",,,7","4.71",",7","12.06",",,,7","-2.64",",,,7"
"USC00327120","2017-05","48.0267","-101.9625","638.3","PLAZA, ND US","3.6","7","3.6",",7","5",",7","5",",7","2",",7","0",",7","0",",7","0",",7","1",",7","0",",7","11",",7","0",",7","20170517",",,7","20170531","+,,7","20170531","+,,7","20170501",",,7","20170513",",,7","-0.6",",7,17,","0",",,7,31,+","0",",,7,31,+","26.7",",,7,01,","29.4",",7,13,","5044.2","7","185.3",",7","63.5",",,,7","0",",,,7","12.47",",7","19.99",",,,7","4.95",",,,7"
"USC00327120","2017-06","48.0267","-101.9625","638.3","PLAZA, ND US","27.8","7","24.2",",7","5",",7","5",",7","0",",7","0",",7","0",",7","0",",7","0",",7","0",",7","25",",7","3",",7","20170623",",,7","20170630","+,,7","20170630","+,,7","20170618",",,7","20170609",",,7","3.9",",7,23,","0",",,7,30,+","0",",,7,30,+","8.9",",,7,18,","32.8",",7,09,","5106.2","7","62.0",",7","26.6",",,,7","0",",,,7","17.07",",7","24.67",",,,7","9.48",",,,7"
"USC00327120","2017-07","48.0267","-101.9625","638.3","PLAZA, ND US","129.8","7","102.0","1,7","2",",7","2",",7","0",",7","0",",7","0",",7","0","1,7","0","1,7","0","1,7","30","1,7","7","1,7","20170711",",1,7","20170731","+,,7","20170731","+,,7","20170727",",,7","20170713",",1,7","8.9","1,7,11,","0",",,7,31,+","0",",,7,31,+","11.4",",,7,27,","36.7","1,7,13,","2.2","7","2.2","1,7","19.5",",,,7","0",",,,7","21.66","1,7","30.09","1,,,7","13.22","1,,,7"
"USC00327120","2017-08","48.0267","-101.9625","638.3","PLAZA, ND US","157.7","7","27.9",",7","6",",7","6",",7","0",",7","0",",7","0",",7","0",",7","0",",7","0",",7","25",",7","2",",7","20170821",",,7","20170831","+,,7","20170831","+,,7","20170801",",,7","20170829",",,7","5.6",",7,21,","0",",,7,31,+","0",",,7,31,+","20.8",",,7,01,","34.4",",7,29,","40.4","7","38.2",",7","56.9",",,,7","0",",,,7","18.00",",7","25.92",",,,7","10.08",",,,7"
"USC00327120","2017-09","48.0267","-101.9625","638.3","PLAZA, ND US","165.2","7","7.5",",7","4",",7","4",",7","1",",7","0","1,7","0",",7","0",",7","0",",7","0",",7","15",",7","1",",7","20170916","+,,7","20170930","+,1,7","20170930","+,,7","20170916",",,7","20170911",",,7","1.1",",7,16,+","0","1,,7,30,+","0",",,7,30,+","38.4",",,7,16,","34.4",",7,11,","208.7","7","168.3",",7","61.7",",,,7","0",",,,7","12.97",",7","19.94",",,,7","6.00",",,,7"
"USC00327120","2017-10","48.0267","-101.9625","638.3","PLAZA, ND US","165.2","7","0.0",",7","1",",7","0",",7","0",",7","0",",7","0",",7","0",",7","22",",7","3",",7","3",",7","0",",7","20171026","+,,7","20171031","+,,7","20171031","+,,7","20171001",",,7","20171018",",,7","-13.9",",7,26,+","0",",,7,31,+","0",",,7,31,+","1.3",",,7,01,","25.0",",7,18,","631.8","7","423.1",",7","1.3",",,,7","0",",,,7","4.68",",7","12.00",",,,7","-2.64",",,,7"
"USC00327120","2017-11","48.0267","-101.9625","638.3","PLAZA, ND US","165.2","7","0.0",",7","1","4,7","1","4,7","0","4,7","8",",7","1",",7","2",",7","30",",7","14",",7","0",",7","0",",7","20171108",",,7","20171108","+,,7","20171104",",,7","20171108",",4,7","20171122",",,7","-21.7",",7,08,","51",",,7,08,+","64",",,7,04,","7.6","4,,7,08,","17.8",",7,22,","1307.1","7","675.3",",7","7.6","4,,,7","64",",,,7","-4.18",",7","2.08",",,,7","-10.44",",,,7"
"USC00327120","2017-12","48.0267","-101.9625","638.3","PLAZA, ND US","165.2","7","0.0",",7","","","","","","","11",",7","3",",7","13",",7","31",",7","19",",7","0",",7","0",",7","20171229",",,7","20171231","+,,7","20171228",",,7","","","20171211","+,,7","-36.1",",7,29,","102",",,7,31,+","51",",,7,28,","","","8.3",",7,11,+","2243.5","7","936.4",",7","","","101",",,,7","-11.87",",7","-6.61",",,,7","-17.14",",,,7"
"USC00327120","2018-01","48.0267","-101.9625","638.3","PLAZA, ND US","0.0","","0.0","1,7","1","1,7","0","1,7","0","1,7","","","1",",7","16","1,7","30","1,7","25","1,7","0","1,7","0","1,7","20180113",",1,7","","","20180111",",,7","20180111",",1,7","20180131",",1,7","-34.4","1,7,13,","","","76",",,7,11,","1.3","1,,7,11,","5.0","1,7,31,","3169.4","","925.9","1,7","1.3","1,,,7","76",",,,7","-12.53","1,7","-6.48","1,,,7","-18.58","1,,,7"
"USC00327120","2018-02","48.0267","-101.9625","638.3","PLAZA, ND US","0.0","","0.0",",7","2",",7","2",",7","0",",7","26",",7","2",",7","24",",7","28",",7","26",",7","0",",7","0",",7","20180212",",,7","20180225","+,,7","20180218",",,7","20180218",",,7","20180215",",,7","-32.8",",7,12,","76",",,7,25,+","51",",,7,18,","7.6",",,7,18,","3.3",",7,15,","4174.8","","1005.4",",7","12.7",",,,7","76",",,,7","-17.57",",7","-11.33",",,,7","-23.81",",,,7"
"USC00327120","2018-03","48.0267","-101.9625","638.3","PLAZA, ND US","0.0","","0.0",",7","1","3,7","1","3,7","1","3,7","","","3","1,7","6",",7","31",",7","18",",7","0",",7","0",",7","20180306",",,7","","","20180309",",1,7","20180331",",3,7","20180326",",,7","-21.7",",7,06,","","","305","1,,7,09,","43.2","3,,7,31,","6.1",",7,26,","4944.8","","770.0",",7","43.2","3,,,7","457","1,,,7","-6.51",",7","-1.37",",,,7","-11.64",",,,7"
"USC00327120","2018-05","48.0267","-101.9625","638.3","PLAZA, ND US","","","20.2",",7","4",",7","4",",7","1",",7","0",",7","0",",7","0",",7","1",",7","0",",7","22",",7","1",",7","20180519",",,7","20180531","+,,7","20180531","+,,7","20180530",",,7","20180527",",,7","-1.1",",7,19,","0",",,7,31,+","0",",,7,31,+","35.6",",,7,30,","33.3",",7,27,","","","124.7",",7","55.4",",,,7","0",",,,7","14.96",",7","22.69",",,,7","7.23",",,,7"
"USC00327120","2018-06","48.0267","-101.9625","638.3","PLAZA, ND US","","","40.9","1,7","8","1,7","8","1,7","3","1,7","0",",7","0",",7","0","1,7","0","1,7","0",",7","28",",7","1",",7","20180603",",1,7","20180630","+,,7","20180630","+,,7","20180614",",1,7","20180610",",,7","5.6","1,7,03,","0",",,7,30,+","0",",,7,30,+","34.3","1,,7,14,","32.2",",7,10,","","","26.4",",7","163.6","1,,,7","0",",,,7","18.80","1,7","25.37",",,,7","12.22","1,,,7"
"USC00327120","2018-07","48.0267","-101.9625","638.3","PLAZA, ND US","","","51.6","1,7","2",",7","2",",7","0",",7","0",",7","0",",7","0","1,7","0","1,7","0","1,7","30","1,7","2","1,7","20180728","+,1,7","20180731","+,,7","20180731","+,,7","20180703",",,7","20180715",",1,7","7.2","1,7,28,+","0",",,7,31,+","0",",,7,31,+","11.4",",,7,03,","32.8","1,7,15,","20.0","","20.0","1,7","13.9",",,,7","0",",,,7","19.39","1,7","27.24","1,,,7","11.53","1,,,7"
"USC00327120","2018-08","48.0267","-101.9625","638.3","PLAZA, ND US","","","70.6",",7","2",",7","1",",7","0",",7","0",",7","0",",7","0",",7","0",",7","0",",7","28",",7","7",",7","20180822","+,,7","20180831","+,,7","20180831","+,,7","20180827",",,7","20180813",",,7","5.0",",7,22,+","0",",,7,31,+","0",",,7,31,+","5.6",",,7,27,","38.9",",7,13,","68.0","","48.0",",7","7.1",",,,7","0",",,,7","19.06",",7","27.78",",,,7","10.34",",,,7"
"USC00327120","2018-09","48.0267","-101.9625","638.3","PLAZA, ND US","","","3.1",",7","4",",7","3",",7","0",",7","0",",7","0",",7","0",",7","6",",7","0",",7","10",",7","0",",7","20180927",",,7","20180930","+,,7","20180930","+,,7","20180920",",,7","20180902",",,7","-5.0",",7,27,","0",",,7,30,+","0",",,7,30,+","20.3",",,7,20,","28.3",",7,02,","306.8","","238.8",",7","42.9",",,,7","0",",,,7","10.48",",7","17.21",",,,7","3.74",",,,7"
