"STATION","DATE","LATITUDE","LONGITUDE","ELEVATION","NAME","CDSD","CDSD_ATTRIBUTES","CLDD","CLDD_ATTRIBUTES","DP01","DP01_ATTRIBUTES","DP10","DP10_ATTRIBUTES","DP1X","DP1X_ATTRIBUTES","DSNW","DSNW_ATTRIBUTES","DT00","DT00_ATTRIBUTES","DT32","DT32_ATTRIBUTES","DX32","DX32_ATTRIBUTES","DX70","DX70_ATTRIBUTES","DX90","DX90_ATTRIBUTES","DYNT","DYNT_ATTRIBUTES","DYSN","DYSN_ATTRIBUTES","DYXP","DYXP_ATTRIBUTES","DYXT","DYXT_ATTRIBUTES","EMNT","EMNT_ATTRIBUTES","EMSN","EMSN_ATTRIBUTES","EMXP","EMXP_ATTRIBUTES","EMXT","EMXT_ATTRIBUTES","HDSD","HDSD_ATTRIBUTES","HTDD","HTDD_ATTRIBUTES","PRCP","PRCP_ATTRIBUTES","SNOW","SNOW_ATTRIBUTES","TAVG","TAVG_ATTRIBUTES","TMAX","TMAX_ATTRIBUTES","TMIN","TMIN_ATTRIBUTES"
"USC00510836","1916-01","21.43333","-157.81667","36.9","HAIKU PLANTATION 838, HI US","","","","","18",",6","11",",6","4",",6","0",",6","0",",6","0",",6","","","","","","","19160115",",,6","19160131","+,,6","19160108",",,6","","","14.4",",6,15,","0",",,6,31,+","109.2",",,6,08,","","","","","","","344.2",",,,6","0",",,,6","","","","","17.98",",,,6"
"USC00510836","1916-02","21.43333","-157.81667","36.9","HAIKU PLANTATION 838, HI US","","","112.9","1,6","5",",6","3",",6","0",",6","","","0",",6","0",",6","0","1,6","28","1,6","1","1,6","19160218",",,6","","","19160227",",,6","19160214",",1,6","12.2",",6,18,","","","13.2",",,6,27,","32.8","1,6,14,","","","0.0","1,6","25.1",",,,6","","","22.36","1,6","26.79","1,,,6","17.94",",,,6"
"USC00510836","1916-03","21.43333","-157.81667","36.9","HAIKU PLANTATION 838, HI US","","","115.1","2,6","20",",6","15",",6","2",",6","","","0",",6","0",",6","0","2,6","29","2,6","0","2,6","19160328",",,6","","","19160314",",,6","19160311","+,2,6","15.6",",6,28,","","","46.2",",,6,14,","29.4","2,6,11,+","","","0.0","2,6","203.0",",,,6","","","22.25","2,6","26.17","2,,,6","18.32",",,,6"
"USC00510836","1916-04","21.43333","-157.81667","36.9","HAIKU PLANTATION 838, HI US","","","110.2","3,6","","","","","","","","","0","1,6","0","1,6","0","3,6","27","3,6","0","3,6","19160430","+,1,6","","","","","19160427","+,3,6","17.8","1,6,30,+","","","","","29.4","3,6,27,+","","","0.0","3,6","","","","","22.41","3,6","26.00","3,,,6","18.81","1,,,6"
"USC00510836","1916-05","21.43333","-157.81667","36.9","HAIKU PLANTATION 838, HI US","","","124.6","2,6","","","","","","","","","0","1,6","0","1,6","0","2,6","29","2,6","0","2,6","19160510",",1,6","","","","","19160524",",2,6","16.1","1,6,10,","","","","","30.0","2,6,24,","","","0.0","2,6","","","","","22.64","2,6","25.92","2,,,6","19.36","1,,,6"
"USC00510836","1916-06","21.43333","-157.81667","36.9","HAIKU PLANTATION 838, HI US","","","120.6","3,6","","","","","","","","","0","2,6","0","2,6","0","2,6","28","2,6","0","2,6","19160623",",2,6","","","","","19160626","+,2,6","16.1","2,6,23,","","","","","26.7","2,6,26,+","","","0.0","2,6","","","","","22.80","3,6","26.05","2,,,6","19.55","2,,,6"
"USC00510836","1916-07","21.43333","-157.81667","36.9","HAIKU PLANTATION 838, HI US","","","","","","","","","","","","","0","5,6","0","5,6","0","4,6","27","4,6","0","4,6","19160719","+,5,6","","","","","19160709",",4,6","18.9","5,6,19,+","","","","","28.3","4,6,09,","","","","","","","","","23.40","7,6","26.79","4,,,6","20.02","5,,,6"
"USC00510836","1916-08","21.43333","-157.81667","36.9","HAIKU PLANTATION 838, HI US","","","137.3","1,6","24",",6","17",",6","1",",6","","","0","1,6","0","1,6","0",",6","31",",6","0",",6","19160808","+,1,6","","","19160814",",,6","19160824",",,6","17.8","1,6,08,+","","","30.0",",,6,14,","28.3",",6,24,","","","0.0",",6","194.6",",,,6","","","22.91","1,6","26.17",",,,6","19.65","1,,,6"
"USC00510836","1916-09","21.43333","-157.81667","36.9","HAIKU PLANTATION 838, HI US","","","142.8",",6","25",",6","15",",6","0",",6","","","0",",6","0",",6","0",",6","30",",6","0",",6","19160913",",,6","","","19160907",",,6","19160916","+,,6","17.8",",6,13,","","","19.8",",,6,07,","27.2",",6,16,+","","","0.0",",6","131.8",",,,6","","","23.09",",6","26.22",",,,6","19.96",",,,6"
"USC00510836","1916-10","21.43333","-157.81667","36.9","HAIKU PLANTATION 838, HI US","","","146.3",",6","","","","","","","","","0",",6","0",",6","0",",6","31",",6","0",",6","19161004",",,6","","","","","19161006",",,6","16.1",",6,04,","","","","","30.0",",6,06,","","","0.0",",6","","","","","23.05",",6","26.34",",,,6","19.76",",,,6"
"USC00510836","1916-11","21.43333","-157.81667","36.9","HAIKU PLANTATION 838, HI US","","","107.6","1,6","","","","","","","","","0","1,6","0","1,6","0","1,6","29","1,6","0","1,6","19161116",",1,6","","","","","19161114","+,1,6","17.2","1,6,16,","","","","","26.7","1,6,14,+","","","0.0","1,6","","","","","22.04","1,6","24.77","1,,,6","19.32","1,,,6"
"USC00510836","1916-12","21.43333","-157.81667","36.9","HAIKU PLANTATION 838, HI US","","","80.0","2,6","24",",6","16",",6","3",",6","","","0","1,6","0","1,6","0","2,6","29","2,6","0","2,6","19161215","+,1,6","","","19161223",",,6","19161225",",2,6","16.7","1,6,15,+","","","48.5",",,6,23,","26.7","2,6,25,","","","0.0","2,6","300.0",",,,6","","","21.11","2,6","23.80","2,,,6","18.42","1,,,6"
"USC00510836","1917-01","21.43333","-157.81667","36.9","HAIKU PLANTATION 838, HI US","74.4","6","74.4",",6","","","","","","","","","0",",6","0",",6","0",",6","31",",6","0",",6","19170131","+,,6","","","","","19170119",",,6","13.3",",6,31,+","","","","","27.2",",6,19,","","","1.1",",6","","","","","20.70",",6","24.18",",,,6","17.22",",,,6"
"USC00510836","1917-02","21.43333","-157.81667","36.9","HAIKU PLANTATION 838, HI US","146.9","6","72.5","1,6","7",",6","3",",6","1",",6","","","0","1,6","0","1,6","0","1,6","27","1,6","0","1,6","19170217","+,1,6","","","19170214",",,6","19170207",",1,6","13.9","1,6,17,+","","","48.3",",,6,14,","28.3","1,6,07,","","","0.0","1,6","92.0",",,,6","","","21.02","1,6","24.88","1,,,6","17.15","1,,,6"
"USC00510836","1917-03","21.43333","-157.81667","36.9","HAIKU PLANTATION 838, HI US","225.6","6","78.7",",6","28",",6","14",",6","0",",6","","","0",",6","0",",6","0",",6","31",",6","0",",6","19170307",",,6","","","19170318",",,6","19170319",",,6","15.0",",6,07,","","","20.3",",,6,18,","26.7",",6,19,","","","0.0",",6","126.0",",,,6","","","20.87",",6","23.78",",,,6","17.96",",,,6"
"USC00510836","1917-04","21.43333","-157.81667","36.9","HAIKU PLANTATION 838, HI US","317.9","6","92.3",",6","25","3,6","11","3,6","2","3,6","","","0",",6","0",",6","0",",6","30",",6","0",",6","19170426","+,,6","","","19170430",",3,6","19170427","+,,6","16.1",",6,26,+","","","65.3","3,,6,30,","26.7",",6,27,+","","","0.0",",6","218.0","3,,,6","","","21.41",",6","24.66",",,,6","18.16",",,,6"
"USC00510836","1917-05","21.43333","-157.81667","36.9","HAIKU PLANTATION 838, HI US","442.6","6","124.7",",6","21",",6","9",",6","2",",6","","","0",",6","0",",6","0",",6","31",",6","0",",6","19170510",",,6","","","19170501",",,6","19170528",",,6","16.7",",6,10,","","","73.7",",,6,01,","28.3",",6,28,","","","0.0",",6","182.2",",,,6","","","22.35",",6","26.07",",,,6","18.64",",,,6"
"USC00510836","1917-06","21.43333","-157.81667","36.9","HAIKU PLANTATION 838, HI US","575.3","6","132.7","1,6","","","","","","","","","0","1,6","0","1,6","0","1,6","29","1,6","0","1,6","19170616",",1,6","","","","","19170630","+,1,6","17.2","1,6,16,","","","","","26.7","1,6,30,+","","","0.0","1,6","","","","","22.91","1,6","25.84","1,,,6","19.98","1,,,6"
"USC00510836","1917-07","21.43333","-157.81667","36.9","HAIKU PLANTATION 838, HI US","712.0","6","136.7","4,6","","","","","","","","","0","4,6","0","4,6","0","3,6","28","3,6","0","3,6","19170716",",4,6","","","","","19170731","+,3,6","17.2","4,6,16,","","","","","27.8","3,6,31,+","0.0","6","0.0","3,6","","","","","23.37","4,6","26.78","3,,,6","19.97","4,,,6"
"USC00510836","1917-08","21.43333","-157.81667","36.9","HAIKU PLANTATION 838, HI US","","","","","14",",6","7",",6","0",",6","","","","","","","","","","","","","","","","","19170812",",,6","","","","","","","15.7",",,6,12,","","","","","","","51.8",",,,6","","","","","","","",""
"USC00510836","1917-09","21.43333","-157.81667","36.9","HAIKU PLANTATION 838, HI US","","","181.3",",6","17",",6","8",",6","0",",6","","","0",",6","0",",6","0",",6","30",",6","0",",6","19170915",",,6","","","19170926",",,6","19170917","+,,6","17.8",",6,15,","","","4.6",",,6,26,","29.4",",6,17,+","","","0.0",",6","36.4",",,,6","","","24.38",",6","28.25",",,,6","20.50",",,,6"
"USC00510836","1917-10","21.43333","-157.81667","36.9","HAIKU PLANTATION 838, HI US","","","","","12",",6","4",",6","0",",6","","","0","5,6","0","5,6","","","","","","","19171031",",5,6","","","19171015",",,6","","","17.8","5,6,31,","","","24.1",",,6,15,","","","","","","","46.6",",,,6","","","","","","","20.18","5,,,6"
"USC00510836","1917-11","21.43333","-157.81667","36.9","HAIKU PLANTATION 838, HI US","","","130.0","1,6","20",",6","13",",6","2",",6","","","0","1,6","0","1,6","0","1,6","29","1,6","0","1,6","19171115","+,1,6","","","19171130",",,6","19171116",",1,6","17.2","1,6,15,+","","","27.9",",,6,30,","29.4","1,6,16,","","","0.0","1,6","158.7",",,,6","","","22.82","1,6","26.13","1,,,6","19.50","1,,,6"
"USC00510836","1917-12","21.43333","-157.81667","36.9","HAIKU PLANTATION 838, HI US","","","121.9","1,6","17",",6","9",",6","0",",6","","","0",",6","0",",6","0","1,6","30","1,6","0","1,6","19171224",",,6","","","19171221",",,6","19171231","+,1,6","15.6",",6,24,","","","17.0",",,6,21,","27.8","1,6,31,+","","","0.0","1,6","80.4",",,,6","","","22.42","1,6","25.91","1,,,6","18.93",",,,6"
"USC00510836","1918-01","21.43333","-157.81667","36.9","HAIKU PLANTATION 838, HI US","87.6","6","87.6",",6","25",",6","13",",6","3",",6","","","0",",6","0",",6","0",",6","31",",6","0",",6","19180122",",,6","","","19180120",",,6","19180115",",,6","14.4",",6,22,","","","54.6",",,6,20,","27.8",",6,15,","","","0.0",",6","224.7",",,,6","","","21.16",",6","24.41",",,,6","17.90",",,,6"
"USC00510836","1918-02","21.43333","-157.81667","36.9","HAIKU PLANTATION 838, HI US","145.8","6","58.2",",6","18","5,6","14","5,6","4","5,6","","","0",",6","0",",6","0",",6","27",",6","0",",6","19180214",",,6","","","19180220",",5,6","19180207",",,6","13.9",",6,14,","","","144.8","5,,6,20,","26.7",",6,07,","","","0.0",",6","357.0","5,,,6","","","20.41",",6","23.66",",,,6","17.16",",,,6"
"USC00510836","1918-03","21.43333","-157.81667","36.9","HAIKU PLANTATION 838, HI US","190.4","6","44.6","5,6","22",",6","18",",6","4",",6","","","0",",6","0",",6","0","5,6","22","5,6","0","5,6","19180306","+,,6","","","19180324",",,6","19180318",",5,6","15.0",",6,06,+","","","59.7",",,6,24,","26.1","5,6,18,","","","0.9","5,6","343.2",",,,6","","","20.04","5,6","23.03","5,,,6","17.05",",,,6"
"USC00510836","1918-04","21.43333","-157.81667","36.9","HAIKU PLANTATION 838, HI US","253.6","6","63.2","2,6","25","3,6","19","3,6","8","3,6","","","0","2,6","0","2,6","0","2,6","23","2,6","0","2,6","19180430","+,2,6","","","19180410",",3,6","19180418",",2,6","16.1","2,6,30,+","","","195.1","3,,6,10,","27.2","2,6,18,","","","0.3","2,6","617.7","3,,,6","","","20.58","2,6","22.99","2,,,6","18.17","2,,,6"
"USC00510836","1918-05","21.43333","-157.81667","36.9","HAIKU PLANTATION 838, HI US","357.1","6","103.5","1,6","18","3,6","10","3,6","1","3,6","","","0",",6","0",",6","0","1,6","30","1,6","0","1,6","19180517",",,6","","","19180527",",3,6","19180506",",1,6","16.7",",6,17,","","","50.8","3,,6,27,","27.2","1,6,06,","","","0.0","1,6","146.4","3,,,6","","","21.78","1,6","24.59","1,,,6","18.97",",,,6"
"USC00510836","1918-06","21.43333","-157.81667","36.9","HAIKU PLANTATION 838, HI US","490.1","6","133.0",",6","25",",6","13",",6","0",",6","","","0",",6","0",",6","0",",6","30",",6","0",",6","19180605",",,6","","","19180610",",,6","19180606",",,6","17.2",",6,05,","","","16.5",",,6,10,","29.4",",6,06,","","","0.0",",6","110.8",",,,6","","","22.77",",6","25.99",",,,6","19.54",",,,6"
"USC00510836","1918-07","21.43333","-157.81667","36.9","HAIKU PLANTATION 838, HI US","","","","","24","3,6","18","3,6","1","3,6","","","0","1,6","0","1,6","","","","","","","19180721",",1,6","","","19180710",",3,6","","","15.6","1,6,21,","","","82.0","3,,6,10,","","","","","","","221.6","3,,,6","","","","","","","20.72","1,,,6"
"USC00510836","1918-08","21.43333","-157.81667","36.9","HAIKU PLANTATION 838, HI US","","","","","20",",6","12",",6","1",",6","","","","","","","","","","","","","","","","","19180816",",,6","","","","","","","67.3",",,6,16,","","","","","","","186.8",",,,6","","","","","","","",""
"USC00510836","1918-09","21.43333","-157.81667","36.9","HAIKU PLANTATION 838, HI US","","","169.3","2,6","12",",6","6",",6","0",",6","","","0","1,6","0","1,6","0","2,6","28","2,6","0","2,6","19180913",",1,6","","","19180929",",,6","19180928",",2,6","18.9","1,6,13,","","","8.9",",,6,29,","30.0","2,6,28,","","","0.0","2,6","38.9",",,,6","","","24.36","2,6","27.72","2,,,6","21.00","1,,,6"
"USC00510836","1918-10","21.43333","-157.81667","36.9","HAIKU PLANTATION 838, HI US","","","162.1","3,6","17",",6","7",",6","0",",6","","","0","3,6","0","3,6","0","2,6","29","2,6","0","2,6","19181030","+,3,6","","","19181030",",,6","19181018",",2,6","18.3","3,6,30,+","","","20.6",",,6,30,","30.0","2,6,18,","","","0.0","2,6","53.9",",,,6","","","24.13","3,6","27.54","2,,,6","20.71","3,,,6"
"USC00510836","1918-11","21.43333","-157.81667","36.9","HAIKU PLANTATION 838, HI US","","","135.2",",6","18",",6","14",",6","0",",6","","","0",",6","0",",6","0",",6","30",",6","0",",6","19181124",",,6","","","19181104",",,6","19181125",",,6","17.8",",6,24,","","","22.9",",,6,04,","29.4",",6,25,","","","0.0",",6","144.9",",,,6","","","22.84",",6","26.28",",,,6","19.40",",,,6"
"USC00510836","1918-12","21.43333","-157.81667","36.9","HAIKU PLANTATION 838, HI US","","","87.9","1,6","26",",6","17",",6","1",",6","","","0","1,6","0","1,6","0","1,6","30","1,6","0","1,6","19181230","+,1,6","","","19181206",",,6","19181228",",1,6","16.1","1,6,30,+","","","31.8",",,6,06,","26.1","1,6,28,","","","0.0","1,6","155.3",",,,6","","","21.26","1,6","23.94","1,,,6","18.58","1,,,6"
"USC00510836","1919-01","21.43333","-157.81667","36.9","HAIKU PLANTATION 838, HI US","65.3","6","65.3","2,6","19",",6","11",",6","0",",6","","","0","2,6","0","2,6","0","2,6","29","2,6","0","2,6","19190118",",2,6","","","19190122",",,6","19190121",",2,6","15.0","2,6,18,","","","16.8",",,6,22,","27.2","2,6,21,","","","0.0","2,6","75.3",",,,6","","","20.59","2,6","23.99","2,,,6","17.18","2,,,6"
"USC00510836","1919-02","21.43333","-157.81667","36.9","HAIKU PLANTATION 838, HI US","122.9","6","57.6","2,6","20",",6","14",",6","1",",6","","","0","2,6","0","2,6","0","2,6","26","2,6","0","2,6","19190206",",2,6","","","19190220",",,6","19190215","+,2,6","14.4","2,6,06,","","","31.8",",,6,20,","25.6","2,6,15,+","","","0.0","2,6","119.0",",,,6","","","20.55","2,6","23.79","2,,,6","17.31","2,,,6"
"USC00510836","1919-03","21.43333","-157.81667","36.9","HAIKU PLANTATION 838, HI US","197.1","6","74.2","1,6","24",",6","14",",6","0",",6","","","0","1,6","0","1,6","0",",6","31",",6","0",",6","19190323",",1,6","","","19190322","+,,6","19190331",",,6","13.3","1,6,23,","","","22.9",",,6,22,+","27.8",",6,31,","","","0.6",",6","145.3",",,,6","","","20.80","1,6","24.09",",,,6","17.51","1,,,6"
"USC00510836","1919-04","21.43333","-157.81667","36.9","HAIKU PLANTATION 838, HI US","293.0","6","95.9","3,6","16",",6","11",",6","0",",6","","","0","1,6","0","1,6","0","2,6","27","2,6","0","2,6","19190415",",1,6","","","19190424",",,6","19190407","+,2,6","16.1","1,6,15,","","","12.2",",,6,24,","27.2","2,6,07,+","","","0.0","2,6","67.9",",,,6","","","21.90","3,6","25.39","2,,,6","18.42","1,,,6"
"USC00510836","1919-05","21.43333","-157.81667","36.9","HAIKU PLANTATION 838, HI US","415.2","6","122.2",",6","26",",6","10",",6","1",",6","","","0",",6","0",",6","0",",6","31",",6","0",",6","19190502",",,6","","","19190505",",,6","19190531",",,6","16.7",",6,02,","","","33.0",",,6,05,","28.9",",6,31,","","","0.0",",6","116.7",",,,6","","","22.27",",6","25.59",",,,6","18.95",",,,6"
"USC00510836","1919-06","21.43333","-157.81667","36.9","HAIKU PLANTATION 838, HI US","","","","","","","","","","","","","","","","","0",",6","30",",6","0",",6","","","","","","","19190622","+,,6","","","","","","","28.3",",6,22,+","","","","","","","","","","","27.13",",,,6","",""
"USC00510836","1919-07","21.43333","-157.81667","36.9","HAIKU PLANTATION 838, HI US","","","136.0","5,6","22",",6","11",",6","0",",6","","","0","5,6","0","5,6","0","5,6","26","5,6","0","5,6","19190710","+,5,6","","","19190712",",,6","19190709","+,5,6","18.9","5,6,10,+","","","20.3",",,6,12,","28.3","5,6,09,+","0.0","6","0.0","5,6","112.1",",,,6","","","23.57","5,6","26.89","5,,,6","20.24","5,,,6"
"USC00510836","1919-08","21.43333","-157.81667","36.9","HAIKU PLANTATION 838, HI US","","","153.8","4,6","24",",6","10",",6","1",",6","","","0","4,6","0","4,6","0","2,6","29","2,6","0","2,6","19190805",",4,6","","","19190831",",,6","19190809",",2,6","19.4","4,6,05,","","","41.9",",,6,31,","28.9","2,6,09,","0.0","6","0.0","2,6","116.1",",,,6","","","24.02","4,6","27.22","2,,,6","20.81","4,,,6"
"USC00510836","1919-09","21.43333","-157.81667","36.9","HAIKU PLANTATION 838, HI US","","","157.9","1,6","13",",6","8",",6","1",",6","","","0","1,6","0","1,6","0",",6","30",",6","0",",6","19190924",",1,6","","","19190903",",,6","19190924","+,,6","17.8","1,6,24,","","","43.2",",,6,03,","29.4",",6,24,+","0.0","6","0.0",",6","89.5",",,,6","","","23.76","1,6","27.58",",,,6","19.95","1,,,6"
"USC00510836","1919-10","21.43333","-157.81667","36.9","HAIKU PLANTATION 838, HI US","","","","","11","1,6","4","1,6","0","1,6","","","","","","","","","","","","","","","","","19191001",",1,6","","","","","","","8.1","1,,6,01,","","","","","","","29.7","1,,,6","","","","","","","",""
"USC00510836","1919-11","21.43333","-157.81667","36.9","HAIKU PLANTATION 838, HI US","","","134.9",",6","6",",6","4",",6","0",",6","","","0",",6","0",",6","0",",6","30",",6","0",",6","19191127",",,6","","","19191107",",,6","19191124","+,,6","15.0",",6,27,","","","11.9",",,6,07,","29.4",",6,24,+","","","0.0",",6","38.7",",,,6","","","22.83",",6","26.70",",,,6","18.95",",,,6"
"USC00510836","1919-12","21.43333","-157.81667","36.9","HAIKU PLANTATION 838, HI US","","","125.4",",6","11",",6","8",",6","2",",6","","","0",",6","0",",6","0",",6","30",",6","0",",6","19191207",",,6","","","19191228",",,6","19191208","+,,6","15.0",",6,07,","","","46.2",",,6,28,","29.4",",6,08,+","","","0.0",",6","137.3",",,,6","","","22.38",",6","26.53",",,,6","18.23",",,,6"
