"STATION","DATE","LATITUDE","LONGITUDE","ELEVATION","NAME","CDSD","CDSD_ATTRIBUTES","CLDD","CLDD_ATTRIBUTES","DP01","DP01_ATTRIBUTES","DP10","DP10_ATTRIBUTES","DP1X","DP1X_ATTRIBUTES","DSNW","DSNW_ATTRIBUTES","DT00","DT00_ATTRIBUTES","DT32","DT32_ATTRIBUTES","DX32","DX32_ATTRIBUTES","DX70","DX70_ATTRIBUTES","DX90","DX90_ATTRIBUTES","DYNT","DYNT_ATTRIBUTES","DYSN","DYSN_ATTRIBUTES","DYXP","DYXP_ATTRIBUTES","DYXT","DYXT_ATTRIBUTES","EMNT","EMNT_ATTRIBUTES","EMSN","EMSN_ATTRIBUTES","EMXP","EMXP_ATTRIBUTES","EMXT","EMXT_ATTRIBUTES","HDSD","HDSD_ATTRIBUTES","HTDD","HTDD_ATTRIBUTES","PRCP","PRCP_ATTRIBUTES","SNOW","SNOW_ATTRIBUTES","TAVG","TAVG_ATTRIBUTES","TMAX","TMAX_ATTRIBUTES","TMIN","TMIN_ATTRIBUTES"
"USC00085935","1940-03","29.283333","-82.45","24.4","MORRISTON, FL US","","","28.7",",6","9",",6","3",",6","0",",6","","","0",",6","1",",6","0",",6","26",",6","0",",6","19400310",",,6","","","19400330",",,6","19400314",",,6","0.0",",6,10,","","","24.6",",,6,30,","31.7",",6,14,","","","67.3",",6","61.9",",,,6","","","17.09",",6","24.43",",,,6","9.74",",,,6"
"USC00085935","1940-04","29.283333","-82.45","24.4","MORRISTON, FL US","","","69.6",",6","7",",6","2",",6","1",",6","","","0",",6","0",",6","0",",6","29",",6","1",",6","19400414",",,6","","","19400408",",,6","19400402",",,6","0.6",",6,14,","","","83.3",",,6,08,","32.2",",6,02,","","","31.6",",6","99.1",",,,6","","","19.60",",6","27.12",",,,6","12.08",",,,6"
"USC00085935","1940-05","29.283333","-82.45","24.4","MORRISTON, FL US","","","124.7",",6","3",",6","1",",6","0",",6","","","0",",6","0",",6","0",",6","31",",6","9",",6","19400513",",,6","","","19400525",",,6","19400522","+,,6","5.6",",6,13,","","","18.3",",,6,25,","34.4",",6,22,+","","","3.3",",6","21.3",",,,6","","","22.25",",6","30.70",",,,6","13.80",",,,6"
"USC00085935","1940-06","29.283333","-82.45","24.4","MORRISTON, FL US","","","251.7","1,6","19",",6","11",",6","3",",6","","","0",",6","0",",6","0","1,6","29","1,6","20","1,6","19400601",",,6","","","19400604",",,6","19400620",",1,6","17.2",",6,01,","","","39.6",",,6,04,","36.7","1,6,20,","","","0.0","1,6","165.9",",,,6","","","27.02","1,6","32.78","1,,,6","21.26",",,,6"
"USC00085935","1940-07","29.283333","-82.45","24.4","MORRISTON, FL US","","","265.7","3,6","","","","","","","","","0","3,6","0","3,6","0","2,6","29","2,6","26","2,6","19400724",",3,6","","","","","19400714",",2,6","19.4","3,6,24,","","","","","35.6","2,6,14,","0.0","6","0.0","2,6","","","","","27.82","3,6","33.55","2,,,6","22.08","3,,,6"
"USC00085935","1940-08","29.283333","-82.45","24.4","MORRISTON, FL US","","","285.4",",6","19",",6","11",",6","3",",6","","","0",",6","0",",6","0",",6","31",",6","23",",6","19400823",",,6","","","19400812",",,6","19400810",",,6","20.6",",6,23,","","","34.5",",,6,12,","35.0",",6,10,","0.0","6","0.0",",6","169.5",",,,6","","","27.54",",6","32.66",",,,6","22.42",",,,6"
"USC00085935","1940-09","29.283333","-82.45","24.4","MORRISTON, FL US","","","186.1",",6","12",",6","8",",6","0",",6","","","0",",6","0",",6","0",",6","30",",6","8",",6","19400930","+,,6","","","19400905",",,6","19400910","+,,6","12.8",",6,30,+","","","20.8",",,6,05,","33.9",",6,10,+","0.8","6","0.8",",6","75.8",",,,6","","","24.51",",6","30.00",",,,6","19.02",",,,6"
"USC00085935","1940-10","29.283333","-82.45","24.4","MORRISTON, FL US","","","74.7",",6","3",",6","2",",6","0",",6","","","0",",6","0",",6","0",",6","31",",6","0",",6","19401019",",,6","","","19401008",",,6","19401027","+,,6","5.6",",6,19,","","","5.3",",,6,08,","31.7",",6,27,+","6.0","6","5.2",",6","9.7",",,,6","","","20.57",",6","29.26",",,,6","11.88",",,,6"
"USC00085935","1940-11","29.283333","-82.45","24.4","MORRISTON, FL US","","","56.9",",6","4",",6","0",",6","0",",6","","","0",",6","5",",6","0",",6","25",",6","0",",6","19401117",",,6","","","19401115",",,6","19401101",",,6","-8.3",",6,17,","","","1.5",",,6,15,","31.7",",6,01,","89.2","6","83.2",",6","4.3",",,,6","","","17.46",",6","25.53",",,,6","9.39",",,,6"
"USC00085935","1940-12","29.283333","-82.45","24.4","MORRISTON, FL US","","","33.6",",6","10",",6","6",",6","3",",6","","","0",",6","1",",6","0",",6","27",",6","0",",6","19401205",",,6","","","19401223",",,6","19401216",",,6","-2.8",",6,05,","","","53.6",",,6,23,","29.4",",6,16,","148.2","6","59.0",",6","161.3",",,,6","","","17.51",",6","24.01",",,,6","11.02",",,,6"
"USC00085935","1941-01","29.283333","-82.45","24.4","MORRISTON, FL US","1.1","6","1.1",",6","8",",6","5",",6","0",",6","","","0",",6","6",",6","0",",6","15",",6","0",",6","19410120",",,6","","","19410118",",,6","19410102",",,6","-3.3",",6,20,","","","22.9",",,6,18,","26.1",",6,02,","310.4","6","162.2",",6","76.7",",,,6","","","13.14",",6","20.29",",,,6","5.99",",,,6"
"USC00085935","1941-02","29.283333","-82.45","24.4","MORRISTON, FL US","1.1","6","0.0",",6","10",",6","8",",6","1",",6","0",",6","0",",6","5",",6","0",",6","10",",6","0",",6","19410210",",,6","19410228","+,,6","19410207",",,6","19410213",",,6","-3.3",",6,10,","0",",,6,28,+","27.4",",,6,07,","23.9",",6,13,","476.7","6","166.3",",6","92.4",",,,6","0",",,,6","12.39",",6","19.45",",,,6","5.34",",,,6"
"USC00085935","1941-03","29.283333","-82.45","24.4","MORRISTON, FL US","17.7","6","16.6",",6","3",",6","3",",6","1",",6","","","0",",6","3",",6","0",",6","24",",6","0",",6","19410302",",,6","","","19410308",",,6","19410321","+,,6","-3.3",",6,02,","","","43.9",",,6,08,","28.3",",6,21,+","582.5","6","105.8",",6","67.5",",,,6","","","15.46",",6","22.55",",,,6","8.36",",,,6"
"USC00085935","1941-04","29.283333","-82.45","24.4","MORRISTON, FL US","115.0","6","97.3",",6","5",",6","3",",6","1",",6","","","0",",6","0",",6","0",",6","30",",6","3",",6","19410415","+,,6","","","19410403",",,6","19410419",",,6","8.3",",6,15,+","","","46.5",",,6,03,","33.3",",6,19,","584.8","6","2.3",",6","71.2",",,,6","","","21.50",",6","28.93",",,,6","14.07",",,,6"
"USC00085935","1941-05","29.283333","-82.45","24.4","MORRISTON, FL US","271.2","6","156.2",",6","2",",6","2",",6","2",",6","","","0",",6","0",",6","0",",6","31",",6","16",",6","19410514",",,6","","","19410507",",,6","19410503",",,6","7.8",",6,14,","","","39.4",",,6,07,","35.0",",6,03,","585.3","6","0.5",",6","67.3",",,,6","","","23.35",",6","31.64",",,,6","15.07",",,,6"
"USC00085935","1941-06","29.283333","-82.45","24.4","MORRISTON, FL US","522.8","6","251.6","1,6","","","","","","","","","0","1,6","0","1,6","0","1,6","29","1,6","22","1,6","19410603",",1,6","","","","","19410613","+,1,6","15.0","1,6,03,","","","","","35.0","1,6,13,+","585.3","6","0.0","1,6","","","","","27.01","1,6","32.77","1,,,6","21.25","1,,,6"
"USC00085935","1941-07","29.283333","-82.45","24.4","MORRISTON, FL US","810.5","6","287.7",",6","19",",6","16",",6","2",",6","","","0",",6","0",",6","0",",6","31",",6","24",",6","19410731","+,,6","","","19410731",",,6","19410728",",,6","21.1",",6,31,+","","","32.3",",,6,31,","35.6",",6,28,","0.0","6","0.0",",6","191.1",",,,6","","","27.61",",6","32.54",",,,6","22.69",",,,6"
"USC00085935","1941-08","29.283333","-82.45","24.4","MORRISTON, FL US","1123.3","6","312.8",",6","10",",6","6",",6","0",",6","","","0",",6","0",",6","0",",6","31",",6","28",",6","19410806",",,6","","","19410828",",,6","19410826",",,6","21.1",",6,06,","","","23.6",",,6,28,","37.2",",6,26,","0.0","6","0.0",",6","64.0",",,,6","","","28.42",",6","34.26",",,,6","22.58",",,,6"
"USC00085935","1941-09","29.283333","-82.45","24.4","MORRISTON, FL US","1377.4","6","254.1",",6","14",",6","10",",6","1",",6","","","0",",6","0",",6","0",",6","30",",6","17",",6","19410922",",,6","","","19410916",",,6","19410906",",,6","18.9",",6,22,","","","31.0",",,6,16,","36.1",",6,06,","0.0","6","0.0",",6","131.4",",,,6","","","26.80",",6","32.13",",,,6","21.47",",,,6"
"USC00085935","1941-10","29.283333","-82.45","24.4","MORRISTON, FL US","1584.7","6","207.3",",6","7",",6","4",",6","2",",6","","","0",",6","0",",6","0",",6","31",",6","9",",6","19411015",",,6","","","19411020",",,6","19411010",",,6","11.1",",6,15,","","","155.4",",,6,20,","36.7",",6,10,","0.0","6","0.0",",6","273.8",",,,6","","","25.02",",6","30.83",",,,6","19.21",",,,6"
"USC00085935","1941-11","29.283333","-82.45","24.4","MORRISTON, FL US","1632.5","6","47.8",",6","4",",6","3",",6","2",",6","","","0",",6","1",",6","0",",6","24",",6","0",",6","19411127",",,6","","","19411105",",,6","19411101",",,6","0.0",",6,27,","","","36.1",",,6,05,","30.6",",6,01,","52.4","6","52.4",",6","87.3",",,,6","","","18.18",",6","24.82",",,,6","11.54",",,,6"
"USC00085935","1941-12","29.283333","-82.45","24.4","MORRISTON, FL US","1670.4","6","37.9","1,6","11",",6","9",",6","2",",6","","","0",",6","0",",6","0","1,6","25","1,6","0","1,6","19411218",",,6","","","19411224",",,6","19411226","+,1,6","0.6",",6,18,","","","35.1",",,6,24,","27.8","1,6,26,+","128.0","6","75.6","1,6","151.3",",,,6","","","17.03","1,6","23.17","1,,,6","10.89",",,,6"
"USC00085935","1942-01","29.283333","-82.45","24.4","MORRISTON, FL US","11.8","","11.8",",6","6",",6","5",",6","1",",6","","","0",",6","8",",6","0",",6","19",",6","0",",6","19420111",",,6","","","19420102",",,6","19420118",",,6","-5.6",",6,11,","","","29.0",",,6,02,","27.2",",6,18,","303.8","","175.8",",6","55.2",",,,6","","","13.04",",6","21.15",",,,6","4.93",",,,6"
"USC00085935","1942-02","29.283333","-82.45","24.4","MORRISTON, FL US","","","","","6",",6","5",",6","1",",6","","","","","","","","","","","","","","","","","19420227",",,6","","","","","","","43.9",",,6,27,","","","","","","","113.5",",,,6","","","","","","","",""
