"STATION","DATE","LATITUDE","LONGITUDE","ELEVATION","NAME","CDSD","CDSD_ATTRIBUTES","CLDD","CLDD_ATTRIBUTES","DP01","DP01_ATTRIBUTES","DP10","DP10_ATTRIBUTES","DP1X","DP1X_ATTRIBUTES","DSNW","DSNW_ATTRIBUTES","DT00","DT00_ATTRIBUTES","DT32","DT32_ATTRIBUTES","DX32","DX32_ATTRIBUTES","DX70","DX70_ATTRIBUTES","DX90","DX90_ATTRIBUTES","DYNT","DYNT_ATTRIBUTES","DYSN","DYSN_ATTRIBUTES","DYXP","DYXP_ATTRIBUTES","DYXT","DYXT_ATTRIBUTES","EMNT","EMNT_ATTRIBUTES","EMSN","EMSN_ATTRIBUTES","EMXP","EMXP_ATTRIBUTES","EMXT","EMXT_ATTRIBUTES","HDSD","HDSD_ATTRIBUTES","HTDD","HTDD_ATTRIBUTES","PRCP","PRCP_ATTRIBUTES","SNOW","SNOW_ATTRIBUTES","TAVG","TAVG_ATTRIBUTES","TMAX","TMAX_ATTRIBUTES","TMIN","TMIN_ATTRIBUTES"
"USC00120270","1893-01","39.4","-87.1",,"ASHBORO, IN US","0.0","6","0.0","2,6","","","","","","","8",",6","12","1,6","29","1,6","21","1,6","0","1,6","0","1,6","18930115",",1,6","18930101",",,6","","","18930128",",1,6","-27.2","1,6,15,","89",",,6,01,","","","12.8","1,6,28,","","","754.4","1,6","","","385",",,,6","-7.79","2,6","-2.67","1,,,6","-12.90","1,,,6"
"USC00120270","1893-02","39.4","-87.1",,"ASHBORO, IN US","0.0","6","0.0",",6","10",",6","10",",6","0",",6","1",",6","1",",6","26",",6","6",",6","0",",6","0",",6","18930207",",,6","18930221",",,6","18930214",",,6","18930228",",,6","-18.9",",6,07,","102",",,6,21,","22.6",",,6,14,","12.2",",6,28,","","","534.1",",6","117.6",",,,6","102",",,,6","-0.74",",6","4.38",",,,6","-5.86",",,,6"
"USC00120270","1893-03","39.4","-87.1",,"ASHBORO, IN US","0.0","6","0.0","2,6","5","1,6","5","1,6","1","1,6","0",",6","0","1,6","16","1,6","1","1,6","0","1,6","0","1,6","18930304",",1,6","18930317",",,6","18930308",",1,6","18930313",",1,6","-11.1","1,6,04,","8",",,6,17,","25.4","1,,6,08,","20.6","1,6,13,","","","359.4","1,6","69.8","1,,,6","8",",,,6","5.73","2,6","11.00","1,,,6","0.45","1,,,6"
"USC00120270","1893-04","39.4","-87.1",,"ASHBORO, IN US","","","","","12",",6","12",",6","2",",6","","","","","","","","","","","","","","","","","18930430","+,,6","","","","","","","28.4",",,6,30,+","","","","","","","167.6",",,,6","","","","","","","",""
"USC00120270","1893-05","39.4","-87.1",,"ASHBORO, IN US","","","21.7",",6","8",",6","8",",6","0",",6","","","0",",6","0",",6","0",",6","18",",6","0",",6","18930518","+,,6","","","18930511",",,6","18930520",",,6","4.4",",6,18,+","","","22.4",",,6,11,","30.0",",6,20,","","","97.9",",6","87.2",",,,6","","","15.88",",6","21.45",",,,6","10.30",",,,6"
"USC00120270","1893-06","39.4","-87.1",,"ASHBORO, IN US","","","106.1","2,6","8",",6","8",",6","1",",6","","","0","1,6","0","1,6","0","2,6","28","2,6","2","2,6","18930608",",1,6","","","18930625",",,6","18930619","+,2,6","10.6","1,6,08,","","","29.0",",,6,25,","33.3","2,6,19,+","","","0.8","2,6","98.1",",,,6","","","22.09","2,6","28.05","2,,,6","16.13","1,,,6"
"USC00120270","1893-07","39.4","-87.1",,"ASHBORO, IN US","","","202.9","1,6","2",",6","2",",6","0",",6","","","0",",6","0",",6","0","1,6","30","1,6","14","1,6","18930722","+,,6","","","18930729",",,6","18930724",",1,6","13.3",",6,22,+","","","24.4",",,6,29,","35.6","1,6,24,","0.0","6","0.0","1,6","32.0",",,,6","","","25.05","1,6","31.55","1,,,6","18.56",",,,6"
"USC00120270","1893-08","39.4","-87.1",,"ASHBORO, IN US","","","","","4",",6","4",",6","0",",6","","","","","","","","","","","","","","","","","18930816",",,6","","","","","","","15.2",",,6,16,","","","","","","","45.1",",,,6","","","","","","","",""
"USC00120270","1893-09","39.4","-87.1",,"ASHBORO, IN US","","","93.6","3,6","6",",6","6",",6","1",",6","","","0","3,6","0","3,6","0","3,6","20","3,6","7","3,6","18930926",",3,6","","","18930930",",,6","18930907",",3,6","1.1","3,6,26,","","","34.3",",,6,30,","35.0","3,6,07,","","","47.6","3,6","106.5",",,,6","","","20.04","3,6","26.52","3,,,6","13.56","3,,,6"
"USC00120270","1893-10","39.4","-87.1",,"ASHBORO, IN US","","","17.4",",6","4",",6","4",",6","1",",6","","","0",",6","5",",6","0",",6","14",",6","0",",6","18931030",",,6","","","18931004",",,6","18931012","+,,6","-5.6",",6,30,","","","45.2",",,6,04,","28.9",",6,12,+","","","171.3",",6","77.7",",,,6","","","13.37",",6","19.55",",,,6","7.19",",,,6"
"USC00120270","1893-11","39.4","-87.1",,"ASHBORO, IN US","","","0.0","4,6","3",",6","3",",6","1",",6","0",",6","0","3,6","16","3,6","1","3,6","0","3,6","0","3,6","18931124",",3,6","18931126",",,6","18931127",",,6","18931110",",3,6","-12.8","3,6,24,","0",",T,6,26,","48.3",",,6,27,","20.6","3,6,10,","","","347.5","3,6","85.2",",,,6","0",",T,,6","4.92","4,6","10.82","3,,,6","-0.99","3,,,6"
"USC00120270","1893-12","39.4","-87.1",,"ASHBORO, IN US","","","0.0","2,6","3",",6","3",",6","1",",6","0",",6","0","1,6","24","1,6","4","1,6","0","1,6","0","1,6","18931204",",1,6","18931216",",,6","18931214",",,6","18931224",",1,6","-14.4","1,6,04,","0",",T,6,16,","25.4",",,6,14,","18.9","1,6,24,","","","504.7","1,6","35.6",",,,6","0",",T,,6","1.09","2,6","6.47","1,,,6","-4.30","1,,,6"
"USC00120270","1894-01","39.4","-87.1",,"ASHBORO, IN US","0.0","","0.0","1,6","5",",6","4",",6","1",",6","1",",6","2","1,6","20","1,6","2","1,6","0","1,6","0","1,6","18940124",",1,6","18940123",",,6","18940114",",,6","18940116",",1,6","-23.3","1,6,24,","51",",,6,23,","25.4",",,6,14,","19.4","1,6,16,","","","487.8","1,6","53.6",",,,6","64",",,,6","2.07","1,6","7.62","1,,,6","-3.48","1,,,6"
"USC00120270","1894-02","39.4","-87.1",,"ASHBORO, IN US","0.0","","0.0","1,6","","","","","","","3",",6","0","1,6","23","1,6","10",",6","0",",6","0",",6","18940221",",1,6","18940212",",,6","","","18940209",",,6","-15.0","1,6,21,","64",",,6,12,","","","16.7",",6,09,","","","512.0",",6","","","114",",,,6","-0.76","1,6","4.18",",,,6","-5.70","1,,,6"
"USC00120270","1894-03","39.4","-87.1",,"ASHBORO, IN US","3.9","","3.9",",6","4",",6","4",",6","1",",6","1",",6","0",",6","12",",6","1",",6","8",",6","0",",6","18940326",",,6","18940328",",,6","18940306",",,6","18940321","+,,6","-10.6",",6,26,","152",",,6,28,","26.7",",,6,06,","26.1",",6,21,+","","","289.6",",6","73.6",",,,6","152",",,,6","9.11",",6","14.87",",,,6","3.36",",,,6"
"USC00120270","1894-04","39.4","-87.1",,"ASHBORO, IN US","23.7","","19.8",",6","7",",6","5",",6","0",",6","","","0",",6","0",",6","0",",6","12",",6","0",",6","18940412","+,,6","","","18940419",",,6","18940430",",,6","0.6",",6,12,+","","","21.1",",,6,19,","30.6",",6,30,","","","194.1",",6","58.3",",,,6","","","12.52",",6","18.43",",,,6","6.61",",,,6"
"USC00120270","1894-05","39.4","-87.1",,"ASHBORO, IN US","52.5","","28.8","1,6","13",",6","11",",6","1",",6","","","0","1,6","0","1,6","0","1,6","19","1,6","0","1,6","18940518",",1,6","","","18940505",",,6","18940515",",1,6","2.8","1,6,18,","","","46.0",",,6,05,","30.6","1,6,15,","","","103.8","1,6","119.9",",,,6","","","15.84","1,6","21.68","1,,,6","9.99","1,,,6"
"USC00120270","1894-06","39.4","-87.1",,"ASHBORO, IN US","211.3","","158.8",",6","7",",6","7",",6","1",",6","","","0",",6","0",",6","0",",6","29",",6","14",",6","18940606",",,6","","","18940616",",,6","18940611",",,6","2.8",",6,06,","","","38.4",",,6,16,","35.6",",6,11,","","","18.3",",6","107.1",",,,6","","","23.02",",6","29.90",",,,6","16.13",",,,6"
"USC00120270","1894-08","39.4","-87.1",,"ASHBORO, IN US","","","150.8","1,6","3",",6","3",",6","1",",6","","","0","1,6","0","1,6","0","1,6","29","1,6","8","1,6","18940804",",1,6","","","18940811",",,6","18940810",",1,6","7.2","1,6,04,","","","46.5",",,6,11,","37.2","1,6,10,","","","5.0","1,6","79.6",",,,6","","","23.19","1,6","29.96","1,,,6","16.42","1,,,6"
"USC00120270","1894-09","39.4","-87.1",,"ASHBORO, IN US","","","94.4",",6","6",",6","6",",6","1",",6","","","0",",6","0",",6","0",",6","28",",6","4",",6","18940925",",,6","","","18940903",",,6","18940914",",,6","2.8",",6,25,","","","25.4",",,6,03,","34.4",",6,14,","","","24.5",",6","59.4",",,,6","","","20.67",",6","27.17",",,,6","14.16",",,,6"
"USC00120270","1895-01","39.4","-87.1",,"ASHBORO, IN US","0.0","6","0.0",",6","8","1,6","8","1,6","0","1,6","6",",6","5",",6","31",",6","16",",6","0",",6","0",",6","18950112",",,6","18950111",",,6","18950106",",1,6","18950121",",,6","-25.0",",6,12,","127",",,6,11,","18.5","1,,6,06,","14.4",",6,21,","","","719.2",",6","78.1","1,,,6","444",",,,6","-4.87",",6","0.47",",,,6","-10.20",",,,6"
"USC00120270","1895-02","39.4","-87.1",,"ASHBORO, IN US","0.0","6","0.0","2,6","2",",6","2",",6","0",",6","1",",6","7","1,6","25","1,6","13","1,6","0","1,6","0","1,6","18950208",",1,6","18950206",",,6","18950228",",,6","18950228",",1,6","-28.3","1,6,08,","102",",,6,06,","13.2",",,6,28,","19.4","1,6,28,","","","613.2","1,6","23.4",",,,6","102",",,,6","-5.58","2,6","-0.04","1,,,6","-11.12","1,,,6"
"USC00120270","1895-03","39.4","-87.1",,"ASHBORO, IN US","1.9","6","1.9",",6","2",",6","2",",6","0",",6","","","0",",6","22",",6","0",",6","3",",6","0",",6","18950316","+,,6","","","18950331",",,6","18950329",",,6","-8.9",",6,16,+","","","8.9",",,6,31,","27.2",",6,29,","","","418.8",",6","12.7",",,,6","","","4.89",",6","10.99",",,,6","-1.22",",,,6"
"USC00120270","1895-04","39.4","-87.1",,"ASHBORO, IN US","12.2","6","10.3",",6","6",",6","6",",6","1",",6","","","0",",6","2",",6","0",",6","13",",6","0",",6","18950403",",,6","","","18950408",",,6","18950430",",,6","-3.3",",6,03,","","","34.0",",,6,08,","30.6",",6,30,","","","170.5",",6","91.2",",,,6","","","13.00",",6","19.24",",,,6","6.75",",,,6"
"USC00120270","1895-05","39.4","-87.1",,"ASHBORO, IN US","86.6","6","74.4",",6","4",",6","3",",6","0",",6","","","0",",6","1",",6","0",",6","21",",6","3",",6","18950514",",,6","","","18950511",",,6","18950531",",,6","-1.1",",6,14,","","","9.4",",,6,11,","33.3",",6,31,","","","105.9",",6","24.9",",,,6","","","17.32",",6","23.60",",,,6","11.04",",,,6"
"USC00120270","1895-06","39.4","-87.1",,"ASHBORO, IN US","248.4","6","161.8",",6","5",",6","5",",6","0",",6","","","0",",6","0",",6","0",",6","30",",6","10",",6","18950606",",,6","","","18950625",",,6","18950603",",,6","7.8",",6,06,","","","21.8",",,6,25,","36.7",",6,03,","","","1.4",",6","70.1",",,,6","","","23.68",",6","30.45",",,,6","16.91",",,,6"
"USC00120270","1895-07","39.4","-87.1",,"ASHBORO, IN US","388.0","6","139.6",",6","9",",6","9",",6","0",",6","","","0",",6","0",",6","0",",6","31",",6","7",",6","18950710",",,6","","","18950721",",,6","18950717",",,6","7.2",",6,10,","","","19.6",",,6,21,","33.9",",6,17,","5.3","6","5.3",",6","87.1",",,,6","","","22.67",",6","29.05",",,,6","16.29",",,,6"
"USC00120270","1895-08","39.4","-87.1",,"ASHBORO, IN US","548.4","6","160.4","1,6","6",",6","6",",6","0",",6","","","0","1,6","0","1,6","0",",6","31",",6","14",",6","18950821",",1,6","","","18950826",",,6","18950816",",,6","8.9","1,6,21,","","","17.3",",,6,26,","35.6",",6,16,","5.3","6","0.0",",6","68.1",",,,6","","","23.65","1,6","30.74",",,,6","16.56","1,,,6"
"USC00120270","1895-09","39.4","-87.1",,"ASHBORO, IN US","671.2","6","122.8",",6","2",",6","2",",6","1",",6","","","0",",6","0",",6","0",",6","28",",6","9",",6","18950930",",,6","","","18950904",",,6","18950918",",,6","0.6",",6,30,","","","30.2",",,6,04,","35.0",",6,18,","35.9","6","30.6",",6","34.0",",,,6","","","21.41",",6","28.22",",,,6","14.59",",,,6"
"USC00120270","1895-10","39.4","-87.1",,"ASHBORO, IN US","671.2","6","0.0","3,6","2",",6","2",",6","0",",6","","","0","3,6","13","3,6","0","3,6","8","3,6","0","3,6","18951031","+,3,6","","","18951006",",,6","18951002",",3,6","-6.7","3,6,31,+","","","8.6",",,6,06,","26.1","3,6,02,","291.4","6","255.5","3,6","13.7",",,,6","","","9.21","3,6","17.03","3,,,6","1.39","3,,,6"
"USC00120270","1895-11","39.4","-87.1",,"ASHBORO, IN US","671.2","6","0.0","5,6","8","2,6","7","2,6","1","2,6","0",",6","0","5,6","16","5,6","1","5,6","2","5,6","0","5,6","18951126",",5,6","18951125","+,,6","18951124",",2,6","18951107","+,5,6","-10.0","5,6,26,","13",",,6,25,+","40.6","2,,6,24,","21.1","5,6,07,+","645.9","6","354.5","5,6","134.5","2,,,6","26",",,,6","4.15","5,6","9.55","5,,,6","-1.24","5,,,6"
"USC00120270","1895-12","39.4","-87.1",,"ASHBORO, IN US","671.2","6","0.0",",6","9",",6","8",",6","0",",6","2",",6","1",",6","21",",6","8",",6","0",",6","0",",6","18951205",",,6","18951230","+,,6","18951218",",,6","18951220",",,6","-18.3",",6,05,","152",",,6,30,+","19.1",",,6,18,","20.6",",6,20,","1164.1","6","518.2",",6","100.9",",,,6","325",",,,6","1.62",",6","6.37",",,,6","-3.14",",,,6"
