"STATION","DATE","LATITUDE","LONGITUDE","ELEVATION","NAME","CDSD","CDSD_ATTRIBUTES","CLDD","CLDD_ATTRIBUTES","DP01","DP01_ATTRIBUTES","DP10","DP10_ATTRIBUTES","DP1X","DP1X_ATTRIBUTES","DSND","DSND_ATTRIBUTES","DSNW","DSNW_ATTRIBUTES","DT00","DT00_ATTRIBUTES","DT32","DT32_ATTRIBUTES","DX32","DX32_ATTRIBUTES","DX70","DX70_ATTRIBUTES","DX90","DX90_ATTRIBUTES","DYFG","DYFG_ATTRIBUTES","DYNT","DYNT_ATTRIBUTES","DYSD","DYSD_ATTRIBUTES","DYSN","DYSN_ATTRIBUTES","DYTS","DYTS_ATTRIBUTES","DYXP","DYXP_ATTRIBUTES","DYXT","DYXT_ATTRIBUTES","EMNT","EMNT_ATTRIBUTES","EMSD","EMSD_ATTRIBUTES","EMSN","EMSN_ATTRIBUTES","EMXP","EMXP_ATTRIBUTES","EMXT","EMXT_ATTRIBUTES","HDSD","HDSD_ATTRIBUTES","HN01","HN01_ATTRIBUTES","HTDD","HTDD_ATTRIBUTES","HX01","HX01_ATTRIBUTES","LN01","LN01_ATTRIBUTES","LX01","LX01_ATTRIBUTES","MN01","MN01_ATTRIBUTES","MX01","MX01_ATTRIBUTES","PRCP","PRCP_ATTRIBUTES","SNOW","SNOW_ATTRIBUTES","TAVG","TAVG_ATTRIBUTES","TMAX","TMAX_ATTRIBUTES","TMIN","TMIN_ATTRIBUTES"
"USC00339209","1998-06","38.59028","-82.44417","301.1","WILLOW WOOD 3 NE, OH US","","","122.3",",0","15",",0","10",",0","3",",0","0","1,0","0",",0","0",",0","0",",0","0",",0","25",",0","6",",0","23","","19980608","+,,0","19980630","+,1,0","19980630","+,,0","14","","19980629",",,0","19980626",",,0","8.9",",0,08,+","0","1,,0,30,+","0",",,0,30,+","38.6",",,0,29,","33.9",",0,26,","","","  23.9",",,,0,1,2","20.5",",0","  26.7",",,,0,1,2","  16.1",",,,0,1,2","  17.2",",,,0,1,2","  19.9",",,,0,1,2","  22.7",",,,0,1,2","206.2",",,,0","0",",,,0","21.73",",0","26.91",",,,0","16.54",",,,0"
"USC00339209","1998-07","38.59028","-82.44417","301.1","WILLOW WOOD 3 NE, OH US","","","148.4","1,0","12",",0","6",",0","0",",0","0",",0","0",",0","0","1,0","0","1,0","0",",0","31",",0","2",",0","27","","19980712",",1,0","19980731","+,,0","19980731","+,,0","11","","19980708",",,0","19980722",",,0","11.7","1,0,12,","0",",,0,31,+","0",",,0,31,+","23.4",",,0,08,","33.3",",0,22,","0.0","0","  24.4",",,,0,1,2","0.0",",0","  27.2",",,,0,1,2","  20.0",",,,0,1,2","  22.2",",,,0,1,2","  22.3",",,,0,1,2","  24.9",",,,0,1,2","90.1",",,,0","0",",,,0","23.28","1,0","29.37",",,,0","17.18","1,,,0"
"USC00339209","1998-08","38.59028","-82.44417","301.1","WILLOW WOOD 3 NE, OH US","","","158.4","2,0","7",",0","5",",0","0",",0","0",",0","0",",0","0","2,0","0","2,0","0",",0","31",",0","9",",0","28","","19980820",",2,0","19980831","+,,0","19980831","+,,0","8","","19980815",",,0","19980826","+,,0","10.0","2,0,20,","0",",,0,31,+","0",",,0,31,+","18.0",",,0,15,","33.3",",0,26,+","0.3","0","  23.3",",,,0,1,2","0.3",",0","  25.6",",,,0,1,2","  20.0",",,,0,1,2","  22.8",",,,0,1,2","  22.0",",,,0,1,2","  24.6",",,,0,1,2","47.4",",,,0","0",",,,0","23.75","2,0","30.39",",,,0","17.11","2,,,0"
"USC00339209","1998-09","38.59028","-82.44417","301.1","WILLOW WOOD 3 NE, OH US","","","127.1","1,0","5",",0","2",",0","0",",0","0",",0","0",",0","0","1,0","0","1,0","0",",0","30",",0","12",",0","19","","19980925",",1,0","19980930","+,,0","19980930","+,,0","5","","19980908",",,0","19980915",",,0","5.0","1,0,25,","0",",,0,30,+","0",",,0,30,+","4.8",",,0,08,","36.7",",0,15,","13.9","0","  21.7",",,,0,1,2","13.6",",0","  25.6",",,,0,1,2","  16.7",",,,0,1,2","  19.4",",,,0,1,2","  19.9",",,,0,1,2","  22.4",",,,0,1,2","10.5",",,,0","0",",,,0","22.28","1,0","30.33",",,,0","14.23","1,,,0"
"USC00339209","1998-10","38.59028","-82.44417","301.1","WILLOW WOOD 3 NE, OH US","","","18.3",",0","9",",0","5",",0","1",",0","","","0",",0","0",",0","1",",0","0",",0","17",",0","0",",0","21","","19981023",",,0","","","19981031","+,,0","2","","19981008",",,0","19981001",",,0","-0.6",",0,23,","","","0",",,0,31,+","33.0",",,0,08,","31.1",",0,01,","150.9","0","  20.0",",,,0,1,2","137.0",",0","  22.2",",,,0,1,2","  10.6",",,,0,1,2","  12.2",",,,0,1,2","  14.1",",,,0,1,2","  16.4",",,,0,1,2","61.1",",,,0","0",",,,0","14.50",",0","21.37",",,,0","7.64",",,,0"
"USC00339209","1998-11","38.59028","-82.44417","301.1","WILLOW WOOD 3 NE, OH US","","","0.0","2,0","8",",0","5",",0","0",",0","0",",0","0",",0","0","1,0","10","1,0","0","1,0","3","1,0","0","1,0","12","","19981106","+,1,0","19981130","+,,0","19981130","+,,0","1","","19981111",",,0","19981130",",1,0","-4.4","1,0,06,+","0",",,0,30,+","0",",,0,30,+","18.0",",,0,11,","22.2","1,0,30,","431.1","0","  12.8",",,,0,1,2","280.2","1,0","  15.0",",,,0,1,2","   5.0",",,,0,1,2","   6.7",",,,0,1,2","   8.2",",,,0,1,2","  10.4",",,,0,1,2","48.5",",,,0","0",",,,0","8.40","2,0","14.14","1,,,0","2.67","1,,,0"
"USC00339209","1998-12","38.59028","-82.44417","301.1","WILLOW WOOD 3 NE, OH US","","","1.9",",0","12",",0","7",",0","0",",0","1",",0","1",",0","0",",0","19",",0","4",",0","4",",0","0",",0","19","","19981223",",,0","19981231",",,0","19981231",",,0","","","19981208",",,0","19981207",",,0","-11.7",",0,23,","51",",,0,31,","38",",,0,31,","17.5",",,0,08,","24.4",",0,07,","851.6","0","  13.3",",,,0,1,2","420.5",",0","  14.4",",,,0,1,2","   1.1",",,,0,1,2","   1.7",",,,0,1,2","   5.9",",,,0,1,2","   7.6",",,,0,1,2","65.2",",,,0","38",",,,0","4.83",",0","9.75",",,,0","-0.09",",,,0"
"USC00339209","1999-01","38.59028","-82.44417","301.1","WILLOW WOOD 3 NE, OH US","0.8","0","0.8","1,0","15",",0","10",",0","2",",0","8",",0","3",",0","0","1,0","22","1,0","10",",0","2",",0","0",",0","8","","19990106","+,1,0","19990115",",,0","19990115",",,0","2","","19990109",",,0","19990123",",,0","-16.1","1,0,06,+","102",",,0,15,","91",",,0,15,","40.9",",,0,09,","24.4",",0,23,","1357.5","0","   9.4",",,,0,1,2","505.9",",0","  10.0",",,,0,1,2","  -1.1",",,,0,1,2","  -0.6",",,,0,1,2","   3.1",",,,0,1,2","   4.5",",,,0,1,2","158.0",",,,0","239",",,,0","1.60","1,0","6.93",",,,0","-3.73","1,,,0"
"USC00339209","1999-02","38.59028","-82.44417","301.1","WILLOW WOOD 3 NE, OH US","0.8","0","0.0",",0","14",",0","6",",0","0",",0","2","2,0","1","1,0","0",",0","18",",0","1",",0","1",",0","0",",0","12","","19990223",",,0","19990225","+,2,0","19990213",",1,0","","","19990228",",,0","19990212",",,0","-10.6",",0,23,","25","2,,0,25,+","33","1,,0,13,","13.7",",,0,28,","25.6",",0,12,","1770.9","0","   6.7",",,,0,1,2","413.4",",0","  10.0",",,,0,1,2","   1.1",",,,0,1,2","   1.7",",,,0,1,2","   3.9",",,,0,1,2","   5.7",",,,0,1,2","62.3",",,,0","58","1,,,0","3.57",",0","9.37",",,,0","-2.23",",,,0"
"USC00339209","1999-03","38.59028","-82.44417","301.1","WILLOW WOOD 3 NE, OH US","0.8","0","0.0",",0","14",",0","8",",0","0",",0","4",",0","4",",0","0",",0","25",",0","1",",0","1",",0","0",",0","10","","19990312","+,,0","19990315","+,,0","19990315",",,0","1","","19990315",",,0","19990318",",,0","-8.9",",0,12,+","51",",,0,15,+","58",",,0,15,","19.6",",,0,15,","24.4",",0,18,","2208.0","0","   6.7",",,,0,1,2","437.1",",0","  10.0",",,,0,1,2","   1.7",",,,0,1,2","   2.2",",,,0,1,2","   3.7",",,,0,1,2","   5.8",",,,0,1,2","83.1",",,,0","185",",,,0","4.23",",0","10.61",",,,0","-2.14",",,,0"
"USC00339209","1999-04","38.59028","-82.44417","301.1","WILLOW WOOD 3 NE, OH US","14.1","0","13.3",",0","15",",0","8",",0","0",",0","0",",0","0",",0","0",",0","0",",0","0",",0","15",",0","0",",0","9","","19990426",",,0","19990430","+,,0","19990430","+,,0","2","","19990428",",,0","19990423",",,0","1.7",",0,26,","0",",,0,30,+","0",",,0,30,+","17.3",",,0,28,","31.1",",0,23,","2331.0","0","  13.9",",,,0,1,2","123.0",",0","  16.7",",,,0,1,2","   7.2",",,,0,1,2","  10.6",",,,0,1,2","  11.3",",,,0,1,2","  13.8",",,,0,1,2","56.2",",,,0","0",",,,0","14.68",",0","21.44",",,,0","7.91",",,,0"
"USC00339209","1999-05","38.59028","-82.44417","301.1","WILLOW WOOD 3 NE, OH US","42.8","0","28.7","1,0","8",",0","5",",0","0",",0","0",",0","0",",0","0","1,0","0","1,0","0","1,0","29","1,0","0","1,0","11","","19990501",",1,0","19990531","+,,0","19990531","+,,0","7","","19990519",",,0","19990512",",1,0","5.6","1,0,01,","0",",,0,31,+","0",",,0,31,+","20.8",",,0,19,","31.1","1,0,12,","2367.4","0","  18.3",",,,0,1,2","36.4","1,0","  22.2",",,,0,1,2","  11.7",",,,0,1,2","  15.0",",,,0,1,2","  15.9",",,,0,1,2","  19.2",",,,0,1,2","43.9",",,,0","0",",,,0","18.08","1,0","25.89","1,,,0","10.26","1,,,0"
"USC00339209","1999-06","38.59028","-82.44417","301.1","WILLOW WOOD 3 NE, OH US","189.5","0","146.7",",0","5",",0","5",",0","0",",0","0",",0","0",",0","0",",0","0",",0","0",",0","29",",0","12",",0","15","","19990618",",,0","19990630","+,,0","19990630","+,,0","5","","19990615",",,0","19990611",",,0","8.9",",0,18,","0",",,0,30,+","0",",,0,30,+","22.9",",,0,15,","36.1",",0,11,","2374.3","0","  23.3",",,,0,1,2","6.9",",0","  26.1",",,,0,1,2","  17.8",",,,0,1,2","  19.4",",,,0,1,2","  20.2",",,,0,1,2","  23.0",",,,0,1,2","54.7",",,,0","0",",,,0","22.99",",0","29.83",",,,0","16.15",",,,0"
"USC00339209","1999-07","38.59028","-82.44417","301.1","WILLOW WOOD 3 NE, OH US","432.5","0","243.0",",0","13",",0","9",",0","1",",0","0",",0","0",",0","0",",0","0",",0","0",",0","31",",0","26",",0","25","","19990712","+,,0","19990731","+,,0","19990731","+,,0","14","","19990722",",,0","19990705",",,0","11.7",",0,12,+","0",",,0,31,+","0",",,0,31,+","31.5",",,0,22,","37.8",",0,05,","0.0","0","  25.0",",,,0,1,2","0.0",",0","  28.3",",,,0,1,2","  20.0",",,,0,1,2","  22.2",",,,0,1,2","  22.9",",,,0,1,2","  26.1",",,,0,1,2","97.7",",,,0","0",",,,0","26.17",",0","33.74",",,,0","18.61",",,,0"
"USC00339209","1999-08","38.59028","-82.44417","301.1","WILLOW WOOD 3 NE, OH US","584.1","0","151.6",",0","6",",0","5",",0","1",",0","0",",0","0",",0","0",",0","0",",0","0",",0","31",",0","13",",0","21","","19990831",",,0","19990831","+,,0","19990831","+,,0","7","","19990825",",,0","19990818","+,,0","10.6",",0,31,","0",",,0,31,+","0",",,0,31,+","104.4",",,0,25,","37.2",",0,18,+","0.8","0","  24.4",",,,0,1,2","0.8",",0","  28.3",",,,0,1,2","  18.9",",,,0,1,2","  21.7",",,,0,1,2","  21.6",",,,0,1,2","  24.6",",,,0,1,2","135.4",",,,0","0",",,,0","23.20",",0","30.62",",,,0","15.77",",,,0"
"USC00339209","1999-09","38.59028","-82.44417","301.1","WILLOW WOOD 3 NE, OH US","648.6","0","64.5",",0","4","1,0","2","1,0","0","1,0","0",",0","0",",0","0",",0","0",",0","0",",0","27",",0","3",",0","16","","19990923","+,,0","19990930","+,,0","19990930","+,,0","4","","19990930",",1,0","19990905","+,,0","3.3",",0,23,+","0",",,0,30,+","0",",,0,30,+","13.2","1,,0,30,","33.3",",0,05,+","31.4","0","  21.1",",,,0,1,2","30.6",",0","  23.3",",,,0,1,2","  14.4",",,,0,1,2","  17.8",",,,0,1,2","  18.0",",,,0,1,2","  20.7",",,,0,1,2","24.2","1,,,0","0",",,,0","19.46",",0","27.39",",,,0","11.54",",,,0"
"USC00339209","1999-10","38.59028","-82.44417","301.1","WILLOW WOOD 3 NE, OH US","649.5","0","0.9",",0","7",",0","5",",0","1",",0","0",",0","0",",0","0",",0","2",",0","0",",0","17",",0","0",",0","15","","19991026","+,,0","19991031","+,,0","19991031","+,,0","3","","19991010",",,0","19991030","+,,0","-1.1",",0,26,+","0",",,0,31,+","0",",,0,31,+","31.2",",,0,10,","26.1",",0,30,+","193.5","0","  16.1",",,,0,1,2","162.1",",0","  18.9",",,,0,1,2","   8.3",",,,0,1,2","  11.1",",,,0,1,2","  12.9",",,,0,1,2","  15.1",",,,0,1,2","75.8",",,,0","0",",,,0","13.13",",0","20.48",",,,0","5.78",",,,0"
"USC00339209","1999-11","38.59028","-82.44417","301.1","WILLOW WOOD 3 NE, OH US","651.0","0","1.5",",0","7",",0","6",",0","2",",0","0",",0","0",",0","0",",0","8",",0","0",",0","9",",0","0",",0","13","","19991130",",,0","19991104","+,,0","19991104","+,,0","","","19991126",",,0","19991102",",,0","-4.4",",0,30,","0",",T,0,04,+","0",",T,0,04,+","35.8",",,0,26,","27.2",",0,02,","432.4","0","  13.3",",,,0,1,2","238.9",",0","  15.0",",,,0,1,2","   6.7",",,,0,1,2","   8.3",",,,0,1,2","  10.0",",,,0,1,2","  11.6",",,,0,1,2","106.9",",,,0","0",",T,,0","10.42",",0","16.77",",,,0","4.06",",,,0"
"USC00339209","1999-12","38.59028","-82.44417","301.1","WILLOW WOOD 3 NE, OH US","651.0","0","0.0","1,0","14",",0","5",",0","1",",0","5","3,0","3",",0","0",",0","23",",0","5","1,0","0","1,0","0","1,0","5","","19991226",",,0","19991229",",3,0","19991228",",,0","","","19991214",",,0","19991205",",1,0","-13.3",",0,26,","76","3,,0,29,","46",",,0,28,","36.3",",,0,14,","19.4","1,0,05,","888.2","0","  10.0",",,,0,1,2","455.8","1,0","  10.0",",,,0,1,2","   2.2",",,,0,1,2","   2.2",",,,0,1,2","   5.6",",,,0,1,2","   6.7",",,,0,1,2","71.6",",,,0","125",",,,0","3.13","1,0","8.72","1,,,0","-2.45",",,,0"
"USC00339209","2000-01","38.59028","-82.44417","301.1","WILLOW WOOD 3 NE, OH US","0.0","","0.0",",0","13",",0","6",",0","0",",0","12",",0","1",",0","2",",0","25",",0","11",",0","1",",0","0",",0","9","","20000128",",,0","20000123","+,,0","20000120",",,0","1","","20000104",",,0","20000103",",,0","-18.3",",0,28,","76",",,0,23,+","69",",,0,20,","24.6",",,0,04,","22.2",",0,03,","1459.7","","   8.9",",,,0,1,2","571.5",",0","  10.6",",,,0,1,2","   0.0",",,,0,1,2","   0.0",",,,0,1,2","   3.4",",,,0,1,2","   4.6",",,,0,1,2","57.4",",,,0","141",",,,0","-0.10",",0","5.83",",,,0","-6.03",",,,0"
"USC00339209","2000-02","38.59028","-82.44417","301.1","WILLOW WOOD 3 NE, OH US","2.5","","2.5",",0","11",",0","5",",0","2",",0","7",",0","1",",0","0",",0","19",",0","1",",0","3",",0","0",",0","10","","20000207","+,,0","20000205","+,,0","20000202",",,0","4","","20000219",",,0","20000226",",,0","-5.6",",0,07,+","76",",,0,05,+","43",",,0,02,","73.7",",,0,19,","25.6",",0,26,","1833.5","","   9.4",",,,0,1,2","373.8",",0","  11.7","1,,,0,1,2","   0.6",",,,0,1,2","   0.6","1,,,0,1,2","   4.3",",,,0,1,2","   5.7","1,,,0,1,2","151.3",",,,0","82",",,,0","5.53",",0","10.74",",,,0","0.32",",,,0"
"USC00339209","2000-03","38.59028","-82.44417","301.1","WILLOW WOOD 3 NE, OH US","5.3","","2.8",",0","10",",0","9",",0","0",",0","0",",0","0",",0","0",",0","9",",0","0",",0","8",",0","0",",0","13","","20000319","+,,0","20000318","+,,0","20000318","+,,0","1","","20000317",",,0","20000309",",,0","-4.4",",0,19,+","0",",T,0,18,+","0",",T,0,18,+","18.0",",,0,17,","28.3",",0,09,","2104.2","","  11.1",",,,0,1,2","270.7",",0","  13.9",",,,0,1,2","   4.4",",,,0,1,2","   6.1",",,,0,1,2","   7.6",",,,0,1,2","   9.7",",,,0,1,2","80.2",",,,0","0",",T,,0","9.69",",0","16.54",",,,0","2.84",",,,0"
"USC00339209","2000-04","38.59028","-82.44417","301.1","WILLOW WOOD 3 NE, OH US","8.4","","3.1",",0","15",",0","9",",0","2",",0","0",",0","0",",0","0",",0","3",",0","0",",0","11",",0","0",",0","16","","20000410",",,0","20000409","+,,0","20000409","+,,0","3","","20000404",",,0","20000421",",,0","-1.7",",0,10,","0",",T,0,09,+","0",",T,0,09,+","36.6",",,0,04,","27.8",",0,21,","2299.4","","  13.3",",,,0,1,2","195.2",",0","  16.1",",,,0,1,2","   7.8",",,,0,1,2","   8.9",",,,0,1,2","  10.6",",,,0,1,2","  12.7",",,,0,1,2","123.5",",,,0","0",",T,,0","11.93",",0","18.70",",,,0","5.16",",,,0"
"USC00339209","2000-05","38.59028","-82.44417","301.1","WILLOW WOOD 3 NE, OH US","66.7","","58.3","1,0","14",",0","8",",0","0",",0","0",",0","0",",0","0","1,0","0","1,0","0",",0","29",",0","0",",0","17","","20000517","+,1,0","20000531","+,,0","20000531","+,,0","13","","20000520",",,0","20000519",",,0","6.1","1,0,17,+","0",",,0,31,+","0",",,0,31,+","13.5",",,0,20,","31.7",",0,19,","2331.1","","  21.7",",,,0,1,2","31.7",",0","  26.1",",,,0,1,2","  15.0",",,,0,1,2","  20.0",",,,0,1,2","  19.1",",,,0,1,2","  23.7",",,,0,1,2","66.2",",,,0","0",",,,0","19.24","1,0","25.87",",,,0","12.61","1,,,0"
"USC00339209","2000-06","38.59028","-82.44417","301.1","WILLOW WOOD 3 NE, OH US","205.2","","138.5",",0","13",",0","10",",0","1",",0","0",",0","0",",0","0",",0","0",",0","0",",0","29",",0","6",",0","28","","20000608","+,,0","20000630","+,,0","20000630","+,,0","8","","20000619",",,0","20000614","+,,0","7.8",",0,08,+","0",",,0,30,+","0",",,0,30,+","29.5",",,0,19,","33.3",",0,14,+","2340.3","","  25.6","1,,,0,1,2","9.2",",0","  31.1","1,,,0,1,2","  17.8","1,,,0,1,2","  22.8","1,,,0,1,2","  23.3","1,,,0,1,2","  27.7","1,,,0,1,2","108.6",",,,0","0",",,,0","22.64",",0","28.74",",,,0","16.55",",,,0"
"USC00339209","2000-07","38.59028","-82.44417","301.1","WILLOW WOOD 3 NE, OH US","325.3","","120.1",",0","11",",0","9",",0","1",",0","0",",0","0",",0","0",",0","0",",0","0",",0","31",",0","1",",0","27","","20000709","+,,0","20000731","+,,0","20000731","+,,0","10","","20000711",",,0","20000710",",,0","12.2",",0,09,+","0",",,0,31,+","0",",,0,31,+","59.7",",,0,11,","32.2",",0,10,","0.5","","  25.6",",,,0,1,2","0.5",",0","  30.0",",,,0,1,2","  22.2",",,,0,1,2","  26.1",",,,0,1,2","  24.2",",,,0,1,2","  28.4",",,,0,1,2","173.9",",,,0","0",",,,0","22.19",",0","28.20",",,,0","16.18",",,,0"
"USC00339209","2000-08","38.59028","-82.44417","301.1","WILLOW WOOD 3 NE, OH US","448.3","","123.0",",0","14",",0","9",",0","1",",0","0",",0","0",",0","0",",0","0",",0","0",",0","31",",0","1",",0","29","","20000822","+,,0","20000831","+,,0","20000831","+,,0","9","","20000810",",,0","20000810",",,0","12.8",",0,22,+","0",",,0,31,+","0",",,0,31,+","34.3",",,0,10,","32.8",",0,10,","0.5","","  25.6",",,,0,1,2","0.0",",0","  29.4",",,,0,1,2","  22.2",",,,0,1,2","  25.0",",,,0,1,2","  23.6",",,,0,1,2","  27.2",",,,0,1,2","104.8",",,,0","0",",,,0","22.30",",0","28.07",",,,0","16.53",",,,0"
"USC00339209","2000-09","38.59028","-82.44417","301.1","WILLOW WOOD 3 NE, OH US","521.4","","73.1",",0","15",",0","10",",0","1",",0","0",",0","0",",0","0",",0","0",",0","0",",0","26",",0","0",",0","25","","20000930",",,0","20000930","+,,0","20000930","+,,0","7","","20000926",",,0","20000901",",,0","4.4",",0,30,","0",",,0,30,+","0",",,0,30,+","33.3",",,0,26,","31.7",",0,01,","48.8","","  25.0",",,,0,1,2","48.3",",0","  28.9",",,,0,1,2","  15.6",",,,0,1,2","  19.4",",,,0,1,2","  20.8",",,,0,1,2","  25.2",",,,0,1,2","99.9",",,,0","0",",,,0","19.16",",0","25.32",",,,0","13.00",",,,0"
"USC00339209","2000-10","38.59028","-82.44417","301.1","WILLOW WOOD 3 NE, OH US","548.3","","26.9",",0","4","1,0","2","1,0","0","1,0","0",",0","0",",0","0",",0","5",",0","0",",0","24",",0","0",",0","20","","20001009","+,,0","20001031","+,,0","20001031","+,,0","2","","20001018",",1,0","20001005",",,0","-1.7",",0,09,+","0",",,0,31,+","0",",,0,31,+","7.4","1,,0,18,","30.0",",0,05,","154.6","","  19.4",",,,0,1,2","105.8",",0","  22.8",",,,0,1,2","  10.6",",,,0,1,2","  14.4",",,,0,1,2","  14.8",",,,0,1,2","  18.5",",,,0,1,2","14.0","1,,,0","0",",,,0","15.79",",0","23.34",",,,0","8.24",",,,0"
