"STATION","DATE","LATITUDE","LONGITUDE","ELEVATION","NAME","CDSD","CDSD_ATTRIBUTES","CLDD","CLDD_ATTRIBUTES","DP01","DP01_ATTRIBUTES","DP10","DP10_ATTRIBUTES","DP1X","DP1X_ATTRIBUTES","DSNW","DSNW_ATTRIBUTES","DT00","DT00_ATTRIBUTES","DT32","DT32_ATTRIBUTES","DX32","DX32_ATTRIBUTES","DX70","DX70_ATTRIBUTES","DX90","DX90_ATTRIBUTES","DYNT","DYNT_ATTRIBUTES","DYSN","DYSN_ATTRIBUTES","DYXP","DYXP_ATTRIBUTES","DYXT","DYXT_ATTRIBUTES","EMNT","EMNT_ATTRIBUTES","EMSN","EMSN_ATTRIBUTES","EMXP","EMXP_ATTRIBUTES","EMXT","EMXT_ATTRIBUTES","HDSD","HDSD_ATTRIBUTES","HTDD","HTDD_ATTRIBUTES","PRCP","PRCP_ATTRIBUTES","SNOW","SNOW_ATTRIBUTES","TAVG","TAVG_ATTRIBUTES","TMAX","TMAX_ATTRIBUTES","TMIN","TMIN_ATTRIBUTES"
"USC00155613","1897-06","36.81667","-85.83333","152.4","MOUNT HERMON, KY US","","","150.8",",6","7",",6","5",",6","0",",6","","","0",",6","0",",6","0",",6","29",",6","9",",6","18970609","+,,6","","","18970620",",,6","18970630",",,6","10.0",",6,09,+","","","18.0",",,6,20,","35.0",",6,30,","","","5.0",",6","47.7",",,,6","","","23.19",",6","29.25",",,,6","17.14",",,,6"
"USC00155613","1897-07","36.81667","-85.83333","152.4","MOUNT HERMON, KY US","","","206.2",",6","9",",6","9",",6","2",",6","","","0",",6","0",",6","0",",6","31",",6","10",",6","18970713",",,6","","","18970724",",,6","18970701",",,6","13.3",",6,13,","","","66.0",",,6,24,","35.6",",6,01,","0.0","6","0.0",",6","161.8",",,,6","","","24.98",",6","30.14",",,,6","19.83",",,,6"
"USC00155613","1897-08","36.81667","-85.83333","152.4","MOUNT HERMON, KY US","","","182.7",",6","2",",6","1",",6","1",",6","","","0",",6","0",",6","0",",6","31",",6","9",",6","18970817",",,6","","","18970806",",,6","18970829","+,,6","12.2",",6,17,","","","31.0",",,6,06,","35.0",",6,29,+","0.0","6","0.0",",6","32.5",",,,6","","","24.23",",6","29.82",",,,6","18.64",",,,6"
"USC00155613","1897-09","36.81667","-85.83333","152.4","MOUNT HERMON, KY US","","","160.5",",6","0",",6","0",",6","0",",6","","","0",",6","0",",6","0",",6","29",",6","13",",6","18970922",",,6","","","18970925","+,,6","18970911",",,6","3.3",",6,22,","","","0.0",",T,6,25,+","35.6",",6,11,","13.1","6","13.1",",6","0.0",",T,,6","","","23.25",",6","30.55",",,,6","15.95",",,,6"
"USC00155613","1897-10","36.81667","-85.83333","152.4","MOUNT HERMON, KY US","","","","","2",",6","2",",6","0",",6","","","0",",6","0",",6","","","","","","","18971030",",,6","","","18971011",",,6","","","3.3",",6,30,","","","15.7",",,6,11,","","","","","","","20.8",",,,6","","","","","","","11.83",",,,6"
"USC00155613","1897-11","36.81667","-85.83333","152.4","MOUNT HERMON, KY US","","","0.0",",6","9",",6","8",",6","0",",6","","","0",",6","9",",6","0",",6","4",",6","0",",6","18971130",",,6","","","18971116","+,,6","18971115",",,6","-7.8",",6,30,","","","22.9",",,6,16,+","22.2",",6,15,","","","265.5",",6","95.3",",,,6","","","9.48",",6","14.90",",,,6","4.07",",,,6"
"USC00155613","1897-12","36.81667","-85.83333","152.4","MOUNT HERMON, KY US","","","0.0",",6","10",",6","9",",6","1",",6","1",",6","0",",6","15",",6","2",",6","0",",6","0",",6","18971224",",,6","18971222",",,6","18971220",",,6","18971210",",,6","-10.6",",6,24,","25",",,6,22,","26.7",",,6,20,","18.9",",6,10,","","","428.7",",6","103.7",",,,6","25",",,,6","4.50",",6","8.84",",,,6","0.17",",,,6"
"USC00155613","1898-01","36.81667","-85.83333","152.4","MOUNT HERMON, KY US","0.0","6","0.0",",6","11",",6","11",",6","4",",6","1",",6","0",",6","14",",6","2",",6","0",",6","0",",6","18980102",",,6","18980130",",,6","18980122",",,6","18980112",",,6","-12.2",",6,02,","25",",,6,30,","76.2",",,6,22,","20.0",",6,12,","","","398.1",",6","244.1",",,,6","25",",,,6","5.49",",6","9.92",",,,6","1.07",",,,6"
"USC00155613","1898-02","36.81667","-85.83333","152.4","MOUNT HERMON, KY US","0.0","6","0.0",",6","5",",6","4",",6","0",",6","2",",6","0",",6","19",",6","5",",6","0",",6","0",",6","18980203",",,6","18980205",",,6","18980212",",,6","18980210",",,6","-16.1",",6,03,","51",",,6,05,","13.2",",,6,12,","19.4",",6,10,","","","417.3",",6","32.3",",,,6","89",",,,6","3.43",",6","8.17",",,,6","-1.31",",,,6"
"USC00155613","1898-03","36.81667","-85.83333","152.4","MOUNT HERMON, KY US","4.7","6","4.7",",6","9",",6","9",",6","2",",6","0",",6","0",",6","6",",6","0",",6","11",",6","0",",6","18980305",",,6","18980331",",,6","18980313",",,6","18980319","+,,6","-4.4",",6,05,","0",",T,6,31,","33.5",",,6,13,","23.9",",6,19,+","","","221.3",",6","140.2",",,,6","0",",T,,6","11.35",",6","16.17",",,,6","6.53",",,,6"
"USC00155613","1898-04","36.81667","-85.83333","152.4","MOUNT HERMON, KY US","4.7","6","0.0",",6","8",",6","8",",6","1",",6","","","0",",6","3",",6","0",",6","5",",6","0",",6","18980406",",,6","","","18980426",",,6","18980430",",,6","-4.4",",6,06,","","","26.7",",,6,26,","26.1",",6,30,","","","217.5",",6","104.4",",,,6","","","11.08",",6","16.62",",,,6","5.55",",,,6"
"USC00155613","1898-05","36.81667","-85.83333","152.4","MOUNT HERMON, KY US","87.2","6","82.5",",6","7",",6","7",",6","2",",6","","","0",",6","0",",6","0",",6","30",",6","0",",6","18980506",",,6","","","18980506",",,6","18980529","+,,6","2.8",",6,06,","","","36.1",",,6,06,","30.6",",6,29,+","","","28.2",",6","101.5",",,,6","","","20.08",",6","26.14",",,,6","14.03",",,,6"
"USC00155613","1898-06","36.81667","-85.83333","152.4","MOUNT HERMON, KY US","259.5","6","172.3",",6","13",",6","13",",6","1",",6","","","0",",6","0",",6","0",",6","30",",6","6",",6","18980623",",,6","","","18980614",",,6","18980609",",,6","12.8",",6,23,","","","44.2",",,6,14,","33.9",",6,09,","","","0.0",",6","120.7",",,,6","","","24.08",",6","30.03",",,,6","18.12",",,,6"
"USC00155613","1898-07","36.81667","-85.83333","152.4","MOUNT HERMON, KY US","467.9","6","208.4",",6","9",",6","9",",6","1",",6","","","0",",6","0",",6","0",",6","31",",6","9",",6","18980712","+,,6","","","18980725",",,6","18980720","+,,6","13.3",",6,12,+","","","25.4",",,6,25,","35.0",",6,20,+","0.0","6","0.0",",6","93.7",",,,6","","","25.06",",6","30.44",",,,6","19.67",",,,6"
"USC00155613","1898-08","36.81667","-85.83333","152.4","MOUNT HERMON, KY US","663.3","6","195.4",",6","6",",6","5",",6","2",",6","","","0",",6","0",",6","0",",6","31",",6","5",",6","18980814","+,,6","","","18980803",",,6","18980831","+,,6","15.6",",6,14,+","","","36.1",",,6,03,","32.8",",6,31,+","0.0","6","0.0",",6","82.0",",,,6","","","24.64",",6","30.18",",,,6","19.09",",,,6"
"USC00155613","1898-09","36.81667","-85.83333","152.4","MOUNT HERMON, KY US","796.1","6","132.8",",6","8",",6","8",",6","3",",6","","","0",",6","0",",6","0",",6","29",",6","4",",6","18980908",",,6","","","18980905",",,6","18980903",",,6","8.3",",6,08,","","","28.7",",,6,05,","33.9",",6,03,","3.6","6","3.6",",6","114.9",",,,6","","","22.64",",6","28.30",",,,6","16.98",",,,6"
"USC00155613","1898-10","36.81667","-85.83333","152.4","MOUNT HERMON, KY US","833.6","6","37.5",",6","9",",6","9",",6","3",",6","0",",6","0",",6","2",",6","0",",6","11",",6","0",",6","18981027",",,6","18981026",",,6","18981007",",,6","18981005",",,6","-4.4",",6,27,","0",",T,6,26,","32.5",",,6,07,","28.3",",6,05,","177.2","6","173.6",",6","115.8",",,,6","0",",T,,6","13.94",",6","19.12",",,,6","8.77",",,,6"
"USC00155613","1898-11","36.81667","-85.83333","152.4","MOUNT HERMON, KY US","833.6","6","0.0","2,6","8",",6","8",",6","1",",6","0",",6","0","1,6","13","1,6","1","1,6","1","1,6","0","1,6","18981127",",1,6","18981126",",,6","18981105",",,6","18981104",",1,6","-10.6","1,6,27,","0",",T,6,26,","36.8",",,6,05,","22.2","1,6,04,","516.0","6","338.8","1,6","96.4",",,,6","0",",T,,6","6.40","2,6","11.39","1,,,6","1.41","1,,,6"
"USC00155613","1898-12","36.81667","-85.83333","152.4","MOUNT HERMON, KY US","833.6","6","0.0","2,6","4",",6","4",",6","0",",6","3",",6","1","1,6","23","1,6","5","1,6","0","1,6","0","1,6","18981214",",1,6","18981212",",,6","18981204",",,6","18981229",",1,6","-18.9","1,6,14,","51",",,6,12,","21.6",",,6,04,","20.6","1,6,29,","997.2","6","481.2","1,6","58.2",",,,6","109",",,,6","1.52","2,6","6.42","1,,,6","-3.39","1,,,6"
"USC00155613","1899-01","36.81667","-85.83333","152.4","MOUNT HERMON, KY US","0.0","6","0.0","5,6","11",",6","10",",6","2",",6","1",",6","0","3,6","15","3,6","4","3,6","0","3,6","0","3,6","18990101",",3,6","18990131",",,6","18990106",",,6","18990104",",3,6","-14.4","3,6,01,","140",",,6,31,","34.0",",,6,06,","16.7","3,6,04,","1394.3","6","397.1","3,6","153.7",",,,6","145",",,,6","2.70","5,6","7.33","3,,,6","-1.92","3,,,6"
"USC00155613","1899-02","36.81667","-85.83333","152.4","MOUNT HERMON, KY US","0.0","6","0.0",",6","10",",6","10",",6","3",",6","","","7",",6","18",",6","11",",6","0",",6","0",",6","18990213",",,6","","","18990226",",,6","18990220",",,6","-29.4",",6,13,","","","44.5",",,6,26,","17.2",",6,20,","1981.3","6","587.0",",6","167.4",",,,6","","","-2.63",",6","1.99",",,,6","-7.25",",,,6"
"USC00155613","1899-03","36.81667","-85.83333","152.4","MOUNT HERMON, KY US","0.0","6","0.0",",6","11",",6","11",",6","4",",6","2",",6","1",",6","13",",6","1",",6","2",",6","0",",6","18990307",",,6","18990306",",,6","18990304",",,6","18990303",",,6","-18.9",",6,07,","102",",,6,06,","120.7",",,6,04,","23.9",",6,03,","2323.7","6","342.4",",6","325.2",",,,6","127",",,,6","7.29",",6","12.89",",,,6","1.69",",,,6"
"USC00155613","1899-04","36.81667","-85.83333","152.4","MOUNT HERMON, KY US","28.3","6","28.3",",6","9",",6","9",",6","1",",6","0",",6","0",",6","5",",6","0",",6","16",",6","0",",6","18990401",",,6","18990409","+,,6","18990407",",,6","18990429","+,,6","-4.4",",6,01,","0",",T,6,09,+","26.2",",,6,07,","28.9",",6,29,+","2493.8","6","170.1",",6","108.8",",,,6","0",",T,,6","13.61",",6","18.98",",,,6","8.23",",,,6"
"USC00155613","1899-05","36.81667","-85.83333","152.4","MOUNT HERMON, KY US","109.8","6","81.5",",6","7",",6","7",",6","0",",6","","","0",",6","0",",6","0",",6","30",",6","0",",6","18990523","+,,6","","","18990506",",,6","18990516","+,,6","9.4",",6,23,+","","","24.1",",,6,06,","30.0",",6,16,+","2504.1","6","10.3",",6","85.3",",,,6","","","20.63",",6","26.02",",,,6","15.24",",,,6"
"USC00155613","1899-06","36.81667","-85.83333","152.4","MOUNT HERMON, KY US","295.0","6","185.2",",6","2",",6","2",",6","0",",6","","","0",",6","0",",6","0",",6","30",",6","12",",6","18990618",",,6","","","18990613",",,6","18990623",",,6","8.3",",6,18,","","","9.4",",,6,13,","35.6",",6,23,","2505.8","6","1.7",",6","16.5",",,,6","","","24.45",",6","30.28",",,,6","18.62",",,,6"
"USC00155613","1899-07","36.81667","-85.83333","152.4","MOUNT HERMON, KY US","493.7","6","198.7",",6","10",",6","10",",6","2",",6","","","0",",6","0",",6","0",",6","31",",6","11",",6","18990709",",,6","","","18990722",",,6","18990716",",,6","11.7",",6,09,","","","47.5",",,6,22,","36.1",",6,16,","0.0","6","0.0",",6","179.8",",,,6","","","24.74",",6","30.89",",,,6","18.60",",,,6"
"USC00155613","1899-08","36.81667","-85.83333","152.4","MOUNT HERMON, KY US","690.5","6","196.8",",6","2",",6","2",",6","1",",6","","","0",",6","0",",6","0",",6","31",",6","7",",6","18990823","+,,6","","","18990806",",,6","18990825",",,6","15.6",",6,23,+","","","32.0",",,6,06,","32.8",",6,25,","0.0","6","0.0",",6","51.1",",,,6","","","24.68",",6","30.50",",,,6","18.86",",,,6"
"USC00155613","1899-09","36.81667","-85.83333","152.4","MOUNT HERMON, KY US","799.0","6","108.5",",6","4",",6","4",",6","1",",6","","","0",",6","1",",6","0",",6","25",",6","8",",6","18990930",",,6","","","18990928",",,6","18990901",",,6","-1.1",",6,30,","","","30.5",",,6,28,","36.7",",6,01,","58.6","6","58.6",",6","40.6",",,,6","","","20.00",",6","26.40",",,,6","13.59",",,,6"
"USC00155613","1899-10","36.81667","-85.83333","152.4","MOUNT HERMON, KY US","815.8","6","16.8","2,6","4",",6","4",",6","0",",6","","","0","1,6","0","1,6","0","1,6","23","1,6","0","1,6","18991001",",1,6","","","18991017",",,6","18991013",",1,6","0.6","1,6,01,","","","15.2",",,6,17,","28.9","1,6,13,","135.7","6","77.1","1,6","42.4",",,,6","","","16.41","2,6","22.56","1,,,6","10.25","1,,,6"
"USC00155613","1899-11","36.81667","-85.83333","152.4","MOUNT HERMON, KY US","815.8","6","0.0",",6","9",",6","8",",6","0",",6","0",",6","0",",6","5",",6","0",",6","1",",6","0",",6","18991104",",,6","18991103",",,6","18991121",",,6","18991110",",,6","-2.2",",6,04,","0",",T,6,03,","11.7",",,6,21,","22.2",",6,10,","379.5","6","243.8",",6","49.7",",,,6","0",",T,,6","10.21",",6","15.28",",,,6","5.13",",,,6"
"USC00155613","1899-12","36.81667","-85.83333","152.4","MOUNT HERMON, KY US","815.8","6","0.0",",6","9",",6","8",",6","3",",6","2",",6","0",",6","21",",6","8",",6","0",",6","0",",6","18991231",",,6","18991227","+,,6","18991211",",,6","18991219",",,6","-16.7",",6,31,","25",",,6,27,+","50.8",",,6,11,","19.4",",6,19,","887.9","6","508.4",",6","158.0",",,,6","50",",,,6","1.93",",6","6.62",",,,6","-2.75",",,,6"
"USC00155613","1900-01","36.81667","-85.83333","152.4","MOUNT HERMON, KY US","0.0","","0.0","2,6","7",",6","5",",6","1",",6","0",",6","1","1,6","14","1,6","6","1,6","0","1,6","0","1,6","19000129",",1,6","19000128",",,6","19000111",",,6","19000116",",1,6","-18.3","1,6,29,","20",",,6,28,","26.7",",,6,11,","17.2","1,6,16,","1315.9","","428.0","1,6","59.3",",,,6","20",",,,6","3.23","2,6","7.82","1,,,6","-1.37","1,,,6"
"USC00155613","1900-02","36.81667","-85.83333","152.4","MOUNT HERMON, KY US","0.0","","0.0","2,6","10",",6","10",",6","2",",6","","","2","1,6","21","1,6","5","1,6","0","1,6","0","1,6","19000217",",1,6","","","19000207",",,6","19000208",",1,6","-20.0","1,6,17,","","","35.6",",,6,07,","18.9","1,6,08,","1754.4","","438.5","1,6","129.2",",,,6","","","1.06","2,6","6.64","1,,,6","-4.51","1,,,6"
"USC00155613","1900-03","36.81667","-85.83333","152.4","MOUNT HERMON, KY US","0.0","","0.0","2,6","8",",6","7",",6","1",",6","2",",6","0","1,6","15","1,6","1","1,6","0","1,6","0","1,6","19000317",",1,6","19000315",",,6","19000325",",,6","19000311",",1,6","-13.9","1,6,17,","152",",,6,15,","25.4",",,6,25,","20.0","1,6,11,","2124.6","","370.2","1,6","103.4",",,,6","190",",,,6","5.59","2,6","10.94","1,,,6","0.23","1,,,6"
"USC00155613","1900-04","36.81667","-85.83333","152.4","MOUNT HERMON, KY US","8.4","","8.4",",6","10",",6","9",",6","1",",6","","","0",",6","3",",6","0",",6","17",",6","0",",6","19000412",",,6","","","19000426",",,6","19000429",",,6","-2.2",",6,12,","","","27.9",",,6,26,","27.2",",6,29,","2272.6","","148.0",",6","99.7",",,,6","","","13.68",",6","19.76",",,,6","7.59",",,,6"
"USC00155613","1900-05","36.81667","-85.83333","152.4","MOUNT HERMON, KY US","56.1","","47.7",",6","7",",6","7",",6","0",",6","","","0",",6","0",",6","0",",6","25",",6","0",",6","19000504",",,6","","","19000506",",,6","19000516",",,6","2.2",",6,04,","","","11.4",",,6,06,","31.1",",6,16,","2306.8","","34.2",",6","57.2",",,,6","","","18.77",",6","24.84",",,,6","12.69",",,,6"
"USC00155613","1900-06","36.81667","-85.83333","152.4","MOUNT HERMON, KY US","175.1","","119.0",",6","15",",6","14",",6","2",",6","","","0",",6","0",",6","0",",6","29",",6","0",",6","19000619",",,6","","","19000627",",,6","19000610",",,6","13.3",",6,19,","","","36.3",",,6,27,","31.7",",6,10,","2307.6","","0.8",",6","200.5",",,,6","","","22.27",",6","26.90",",,,6","17.64",",,,6"
"USC00155613","1900-07","36.81667","-85.83333","152.4","MOUNT HERMON, KY US","365.9","","190.8",",6","11",",6","10",",6","5",",6","","","0",",6","0",",6","0",",6","31",",6","3",",6","19000710","+,,6","","","19000728",",,6","19000717","+,,6","13.9",",6,10,+","","","50.8",",,6,28,","32.2",",6,17,+","0.0","","0.0",",6","242.1",",,,6","","","24.49",",6","29.80",",,,6","19.17",",,,6"
"USC00155613","1900-08","36.81667","-85.83333","152.4","MOUNT HERMON, KY US","594.0","","228.1",",6","2",",6","2",",6","1",",6","","","0",",6","0",",6","0",",6","31",",6","14",",6","19000825","+,,6","","","19000828",",,6","19000821","+,,6","16.7",",6,25,+","","","41.9",",,6,28,","33.9",",6,21,+","0.0","","0.0",",6","65.0",",,,6","","","25.69",",6","31.85",",,,6","19.53",",,,6"
"USC00155613","1900-09","36.81667","-85.83333","152.4","MOUNT HERMON, KY US","732.9","","138.9",",6","5",",6","4",",6","2",",6","","","0",",6","0",",6","0",",6","28",",6","5",",6","19000918",",,6","","","19000914",",,6","19000908","+,,6","5.6",",6,18,","","","40.6",",,6,14,","33.3",",6,08,+","11.1","","11.1",",6","90.6",",,,6","","","22.59",",6","28.07",",,,6","17.12",",,,6"
