"STATION","DATE","LATITUDE","LONGITUDE","ELEVATION","NAME","CDSD","CDSD_ATTRIBUTES","CLDD","CLDD_ATTRIBUTES","DP01","DP01_ATTRIBUTES","DP10","DP10_ATTRIBUTES","DP1X","DP1X_ATTRIBUTES","DSND","DSND_ATTRIBUTES","DSNW","DSNW_ATTRIBUTES","DT00","DT00_ATTRIBUTES","DT32","DT32_ATTRIBUTES","DX32","DX32_ATTRIBUTES","DX70","DX70_ATTRIBUTES","DX90","DX90_ATTRIBUTES","DYFG","DYFG_ATTRIBUTES","DYNT","DYNT_ATTRIBUTES","DYSD","DYSD_ATTRIBUTES","DYSN","DYSN_ATTRIBUTES","DYTS","DYTS_ATTRIBUTES","DYXP","DYXP_ATTRIBUTES","DYXT","DYXT_ATTRIBUTES","EMNT","EMNT_ATTRIBUTES","EMSD","EMSD_ATTRIBUTES","EMSN","EMSN_ATTRIBUTES","EMXP","EMXP_ATTRIBUTES","EMXT","EMXT_ATTRIBUTES","HDSD","HDSD_ATTRIBUTES","HTDD","HTDD_ATTRIBUTES","PRCP","PRCP_ATTRIBUTES","SNOW","SNOW_ATTRIBUTES","TAVG","TAVG_ATTRIBUTES","TMAX","TMAX_ATTRIBUTES","TMIN","TMIN_ATTRIBUTES"
"USC00310642","1948-08","35.7","-82.43333","1021.1","BEECH, NC US","","","48.0","2,0","10",",0","8",",0","3",",0","0",",0","0",",0","0",",0","0",",0","0","2,0","29","2,0","1","2,0","","","19480805",",,0","19480831","+,,0","19480831","+,,0","","","19480801",",,0","19480829",",2,0","8.3",",0,05,","0",",,0,31,+","0",",,0,31,+","57.2",",,0,01,","33.3","2,0,29,","","","5.3","2,0","164.2",",,,0","0",",,,0","19.76","2,0","26.51","2,,,0","13.00",",,,0"
"USC00310642","1948-09","35.7","-82.43333","1021.1","BEECH, NC US","","","","","6","1,0","3","1,0","1","1,0","0","1,0","0","1,0","0","3,0","0","3,0","","","","","","","","","19480912",",3,0","19480930","+,1,0","19480930","+,1,0","","","19480904",",1,0","","","5.6","3,0,12,","0","1,,0,30,+","0","1,,0,30,+","38.1","1,,0,04,","","","","","","","68.3","1,,,0","0","1,,,0","","","","","11.94","3,,,0"
"USC00310642","1948-10","35.7","-82.43333","1021.1","BEECH, NC US","","","","","5",",0","1",",0","0",",0","0",",0","0",",0","0","4,0","5","4,0","","","","","","","","","19481019",",4,0","19481031","+,,0","19481031","+,,0","","","19481018",",,0","","","-4.4","4,0,19,","0",",,0,31,+","0",",,0,31,+","22.9",",,0,18,","","","","","","","25.7",",,,0","0",",,,0","","","","","4.71","4,,,0"
"USC00310642","1948-11","35.7","-82.43333","1021.1","BEECH, NC US","","","0.0","3,0","15",",0","11",",0","3",",0","0",",0","0",",0","0","1,0","5","1,0","0","2,0","0","2,0","0","2,0","","","19481111",",1,0","19481130","+,,0","19481130","+,,0","","","19481128",",,0","19481114","+,2,0","-5.6","1,0,11,","0",",,0,30,+","0",",,0,30,+","55.9",",,0,28,","20.6","2,0,14,+","","","218.2","2,0","186.0",",,,0","0",",,,0","10.43","3,0","15.96","2,,,0","4.91","1,,,0"
"USC00310642","1948-12","35.7","-82.43333","1021.1","BEECH, NC US","","","0.0","2,0","12",",0","8",",0","0",",0","0",",0","0",",0","0","1,0","18","1,0","1","1,0","0","1,0","0","1,0","","","19481226",",1,0","19481231","+,,0","19481224",",,0","","","19481203",",,0","19481217",",1,0","-12.2","1,0,26,","0",",,0,31,+","13",",,0,24,","22.9",",,0,03,","19.4","1,0,17,","","","368.6","1,0","89.2",",,,0","13",",,,0","5.51","2,0","11.02","1,,,0","-0.01","1,,,0"
"USC00310642","1949-01","35.7","-82.43333","1021.1","BEECH, NC US","0.0","0","0.0",",0","9",",0","4",",0","0",",0","0",",0","1",",0","0",",0","9",",0","1",",0","0",",0","0",",0","7","","19490101",",,0","19490130",",,0","19490131",",,0","","","19490131",",,0","19490125","+,,0","-6.7",",0,01,","0",",T,0,30,","51",",,0,31,","24.4",",,0,31,","20.6",",0,25,+","","","314.1",",0","55.7",",,,0","64",",,,0","8.20",",0","13.87",",,,0","2.53",",,,0"
"USC00310642","1949-02","35.7","-82.43333","1021.1","BEECH, NC US","0.0","0","0.0",",0","","","","","","","0",",0","0",",0","0",",0","13",",0","0",",0","2",",0","0",",0","","","19490211",",,0","19490228","+,,0","19490228","+,,0","","","","","19490213",",,0","-6.1",",0,11,","0",",,0,28,+","0",",,0,28,+","","","22.8",",0,13,","","","304.7",",0","91.6","1,a,,0","0",",,,0","7.45",",0","13.48",",,,0","1.43",",,,0"
"USC00310642","1949-03","35.7","-82.43333","1021.1","BEECH, NC US","0.5","0","0.5","2,0","7","4,0","7","4,0","1","4,0","0",",0","0",",0","0","2,0","17","2,0","0","1,0","5","1,0","0","1,0","1","","19490316",",2,0","19490331","+,,0","19490331","+,,0","","","19490322",",4,0","19490331","+,1,0","-12.2","2,0,16,","0",",,0,31,+","0",",,0,31,+","25.4","4,,0,22,","24.4","1,0,31,+","","","314.5","1,0","113.0",",a,,0","0",",,,0","7.48","2,0","14.16","1,,,0","0.80","2,,,0"
"USC00310642","1949-04","35.7","-82.43333","1021.1","BEECH, NC US","0.5","0","0.0","3,0","10","2,0","8","2,0","1","2,0","0",",0","0",",0","0","2,0","7","2,0","0","1,0","9","1,0","0","1,0","4","","19490417",",2,0","19490430","+,,0","19490430","+,,0","1","","19490413",",2,0","19490426",",1,0","-5.6","2,0,17,","0",",,0,30,+","0",",,0,30,+","31.8","2,,0,13,","26.1","1,0,26,","","","188.2","1,0","132.8",",a,,0","0",",,,0","11.33","3,0","18.57","1,,,0","4.08","2,,,0"
"USC00310642","1949-05","35.7","-82.43333","1021.1","BEECH, NC US","10.8","0","10.3",",0","11",",0","10",",0","3",",0","0",",0","0","1,0","0",",0","0",",0","0",",0","20",",0","0",",0","3","","19490527",",,0","19490531","+,,0","19490527","+,1,0","7","","19490510",",,0","19490504",",,0","3.9",",0,27,","0",",,0,31,+","0","1,T,0,27,+","30.5",",,0,10,","31.7",",0,04,","","","74.5",",0","133.1",",,,0","0","1,T,,0","16.26",",0","22.33",",,,0","10.20",",,,0"
"USC00310642","1949-06","35.7","-82.43333","1021.1","BEECH, NC US","54.3","0","43.5","1,0","9",",0","9",",0","1",",0","0",",0","0",",0","0","1,0","0","1,0","0",",0","30",",0","0",",0","3","","19490603",",1,0","19490630","+,,0","19490630","+,,0","5","","19490616",",,0","19490626","+,,0","4.4","1,0,03,","0",",,0,30,+","0",",,0,30,+","83.8",",,0,16,","28.3",",0,26,+","","","9.5",",0","187.9",",,,0","0",",,,0","19.55","1,0","25.78",",,,0","13.32","1,,,0"
"USC00310642","1949-07","35.7","-82.43333","1021.1","BEECH, NC US","160.6","0","106.3","1,0","14",",0","13",",0","4",",0","0",",0","0",",0","0","1,0","0","1,0","0",",0","31",",0","0",",0","","","19490705",",1,0","19490731","+,,0","19490731","+,,0","4","","19490722",",,0","19490728",",,0","12.8","1,0,05,","0",",,0,31,+","0",",,0,31,+","94.0",",,0,22,","31.7",",0,28,","0.0","0","0.0",",0","304.9",",,,0","0",",,,0","21.93","1,0","27.57",",,,0","16.29","1,,,0"
"USC00310642","1949-08","35.7","-82.43333","1021.1","BEECH, NC US","248.4","0","87.8",",0","13",",0","13",",0","1",",0","0",",0","0",",0","0",",0","0",",0","0",",0","29",",0","0",",0","4","","19490830","+,,0","19490831","+,,0","19490831","+,,0","3","","19490828",",,0","19490812","+,,0","11.7",",0,30,+","0",",,0,31,+","0",",,0,31,+","53.3",",,0,28,","29.4",",0,12,+","7.2","0","7.2",",0","191.8",",,,0","0",",,,0","20.93",",0","26.13",",,,0","15.74",",,,0"
"USC00310642","1949-09","35.7","-82.43333","1021.1","BEECH, NC US","281.6","0","33.2","1,0","6",",0","6",",0","0",",0","0",",0","0",",0","0",",0","1",",0","0","1,0","23","1,0","0","1,0","","","19490930",",,0","19490930","+,,0","19490930","+,,0","","","19490906",",,0","19490917",",1,0","0.0",",0,30,","0",",,0,30,+","0",",,0,30,+","20.3",",,0,06,","28.3","1,0,17,","74.7","0","67.5","1,0","48.2",",,,0","0",",,,0","17.19","1,0","23.24","1,,,0","11.13",",,,0"
"USC00310642","1949-10","35.7","-82.43333","1021.1","BEECH, NC US","","","","","","","","","","","0",",0","0",",0","","","","","","","","","","","","","","","19491031","+,,0","19491031","+,,0","","","","","","","","","0",",,0,31,+","0",",,0,31,+","","","","","","","","","","","0",",,,0","","","","","",""
"USC00310642","1949-11","35.7","-82.43333","1021.1","BEECH, NC US","","","0.0","1,0","5",",0","4",",0","2",",0","0",",0","0",",0","0",",0","16",",0","0","1,0","4","1,0","0","1,0","2","","19491118",",,0","19491130","+,,0","19491130","+,,0","","","19491129",",,0","19491112",",1,0","-6.7",",0,18,","0",",,0,30,+","0",",,0,30,+","43.2",",,0,29,","23.9","1,0,12,","","","325.5","1,0","96.1",",,,0","0",",,,0","7.16","1,0","13.95","1,,,0","0.37",",,,0"
"USC00310642","1949-12","35.7","-82.43333","1021.1","BEECH, NC US","","","0.0",",0","","","","","","","0",",0","0",",0","0",",0","21",",0","0",",0","1",",0","0",",0","","","19491224","+,,0","19491231","+,,0","19491231","+,,0","","","","","19491227",",,0","-9.4",",0,24,+","0",",,0,31,+","0",",,0,31,+","","","21.1",",0,27,","","","378.5",",0","41.7","1,a,,0","0",",,,0","6.12",",0","12.93",",,,0","-0.68",",,,0"
"USC00310642","1950-01","35.7","-82.43333","1021.1","BEECH, NC US","0.0","0","0.0","4,0","6",",0","5",",0","1",",0","0",",0","0",",0","0","3,0","8","3,0","0","1,0","3","1,0","0","1,0","3","","19500108",",3,0","19500131","+,,0","19500131","+,,0","","","19500120",",,0","19500127","+,1,0","-4.4","3,0,08,","0",",,0,31,+","0",",,0,31,+","38.1",",,0,20,","22.2","1,0,27,+","","","192.4","1,0","77.7",",,,0","0",",,,0","11.03","4,0","16.95","1,,,0","5.10","3,,,0"
"USC00310642","1950-02","35.7","-82.43333","1021.1","BEECH, NC US","0.0","0","0.0",",0","9",",0","9",",0","0",",0","0",",0","0",",0","0",",0","17",",0","0",",0","0",",0","0",",0","2","","19500227",",,0","19500224","+,,0","19500224",",,0","","","19500207",",,0","19500202","+,,0","-9.4",",0,27,","0",",T,0,24,+","10",",,0,24,","13.7",",,0,07,","18.9",",0,02,+","","","337.0",",0","59.9",",,,0","10",",,,0","6.30",",0","12.66",",,,0","-0.06",",,,0"
"USC00310642","1950-03","35.7","-82.43333","1021.1","BEECH, NC US","0.0","0","0.0","1,0","8",",0","6",",0","2",",0","0",",0","0",",0","0",",0","16",",0","0","1,0","1","1,0","0","1,0","1","","19500302",",,0","19500331","+,,0","19500331","+,,0","","","19500313",",,0","19500327",",1,0","-10.6",",0,02,","0",",,0,31,+","0",",,0,31,+","85.1",",,0,13,","21.7","1,0,27,","","","360.5","1,0","161.4",",,,0","0",",,,0","6.34","1,0","13.14","1,,,0","-0.46",",,,0"
"USC00310642","1950-04","35.7","-82.43333","1021.1","BEECH, NC US","3.7","0","3.7","1,0","4",",0","4",",0","0",",0","0",",0","0",",0","0",",0","10",",0","0","1,0","13","1,0","0","1,0","","","19500407",",,0","19500430","+,,0","19500430","+,,0","","","19500405",",,0","19500424",",1,0","-8.9",",0,07,","0",",,0,30,+","0",",,0,30,+","20.3",",,0,05,","27.8","1,0,24,","","","211.6","1,0","43.1",",,,0","0",",,,0","11.21","1,0","18.27","1,,,0","4.15",",,,0"
"USC00310642","1950-05","35.7","-82.43333","1021.1","BEECH, NC US","31.1","0","27.4",",0","8","4,0","6","4,0","1","4,0","0",",0","0",",0","0",",0","0",",0","0",",0","28",",0","0",",0","","","19500520",",,0","19500531","+,,0","19500507","+,,0","6","","19500528",",4,0","19500505",",,0","6.7",",0,20,","0",",,0,31,+","0",",T,0,07,+","40.6","4,,0,28,","29.4",",0,05,","","","29.9",",0","154.5",",a,,0","0",",T,,0","18.25",",0","24.33",",,,0","12.18",",,,0"
"USC00310642","1950-06","35.7","-82.43333","1021.1","BEECH, NC US","99.9","0","68.8",",0","9",",0","9",",0","2",",0","0",",0","0",",0","0",",0","0",",0","0",",0","29",",0","0",",0","","","19500606",",,0","19500630","+,,0","19500630","+,,0","1","","19500604",",,0","19500627","+,,0","4.4",",0,06,","0",",,0,30,+","0",",,0,30,+","38.1",",,0,04,","28.9",",0,27,+","","","20.6",",0","132.6",",,,0","0",",,,0","19.94",",0","25.52",",,,0","14.36",",,,0"
"USC00310642","1950-07","35.7","-82.43333","1021.1","BEECH, NC US","165.8","0","65.9",",0","8","1,0","7","1,0","0","1,0","0",",0","0",",0","0",",0","0",",0","0",",0","31",",0","0",",0","","","19500709",",,0","19500731","+,,0","19500731","+,,0","","","19500724","+,1,0","19500721",",,0","9.4",",0,09,","0",",,0,31,+","0",",,0,31,+","17.8","1,,0,24,+","30.0",",0,21,","5.5","0","5.5",",0","82.8","1,,,0","0",",,,0","20.28",",0","26.06",",,,0","14.50",",,,0"
"USC00310642","1950-08","35.7","-82.43333","1021.1","BEECH, NC US","229.0","0","63.2","1,0","12",",0","11",",0","1",",0","0",",0","0",",0","0",",0","0",",0","0","1,0","30","1,0","0","1,0","","","19500804",",,0","19500831","+,,0","19500831","+,,0","2","","19500831",",,0","19500819","+,1,0","9.4",",0,04,","0",",,0,31,+","0",",,0,31,+","36.8",",,0,31,","28.3","1,0,19,+","9.1","0","3.6","1,0","118.9",",,,0","0",",,,0","20.30","1,0","25.59","1,,,0","15.01",",,,0"
"USC00310642","1950-09","35.7","-82.43333","1021.1","BEECH, NC US","259.8","0","30.8",",0","3",",0","3",",0","1",",0","0",",0","0",",0","0",",0","0",",0","0",",0","26",",0","0",",0","","","19500925",",,0","19500930","+,,0","19500930","+,,0","","","19500901",",,0","19500903",",,0","5.0",",0,25,","0",",,0,30,+","0",",,0,30,+","30.5",",,0,01,","28.3",",0,03,","55.3","0","46.2",",0","70.9",",,,0","0",",,,0","17.82",",0","23.35",",,,0","12.29",",,,0"
"USC00310642","1950-10","35.7","-82.43333","1021.1","BEECH, NC US","261.8","0","2.0",",0","2",",0","2",",0","2",",0","0",",0","0",",0","0",",0","0",",0","0",",0","20",",0","0",",0","","","19501014",",,0","19501031","+,,0","19501031","+,,0","","","19501019",",,0","19501031","+,,0","2.2",",0,14,","0",",,0,31,+","0",",,0,31,+","43.2",",,0,19,","26.7",",0,31,+","136.2","0","80.9",",0","78.0",",,,0","0",",,,0","15.79",",0","22.09",",,,0","9.48",",,,0"
"USC00310642","1950-11","35.7","-82.43333","1021.1","BEECH, NC US","261.8","0","0.0","1,0","","","","","","","","","","","0",",0","22",",0","4","1,0","3","1,0","0","1,0","2","","19501125",",,0","","","","","","","","","19501101",",1,0","-16.7",",0,25,","","","","","","","26.1","1,0,01,","526.5","0","390.3","1,0","","","","","4.76","1,0","12.00","1,,,0","-2.47",",,,0"
"USC00310642","1950-12","35.7","-82.43333","1021.1","BEECH, NC US","261.8","0","0.0",",0","5","2,0","3","2,0","2","2,0","","","0",",0","0",",0","28",",0","3",",0","0",",0","0",",0","2","","19501219",",,0","","","19501211",",,0","","","19501207",",2,0","19501226","+,,0","-13.3",",0,19,","","","13",",,0,11,","54.6","2,,0,07,","14.4",",0,26,+","1054.5","0","528.0",",0","131.1",",a,,0","23",",,,0","1.30",",0","7.23",",,,0","-4.63",",,,0"
"USC00310642","1951-02","35.7","-82.43333","1021.1","BEECH, NC US","","","0.0","1,0","","","","","","","","","","","0",",0","15",",0","2","1,0","0","1,0","0","1,0","","","19510203","+,,0","","","","","","","","","19510226","+,1,0","-17.2",",0,03,+","","","","","","","20.0","1,0,26,+","","","372.0","1,0","","","","","4.68","1,0","10.70","1,,,0","-1.33",",,,0"
"USC00310642","1951-03","35.7","-82.43333","1021.1","BEECH, NC US","","","0.0","1,0","","","","","","","","","","","0",",0","13",",0","0","1,0","2","1,0","0","1,0","1","","19510317",",,0","","","","","3","","","","19510303",",1,0","-8.9",",0,17,","","","","","","","21.7","1,0,03,","","","320.6","1,0","","","","","7.54","1,0","12.89","1,,,0","2.18",",,,0"
"USC00310642","1951-04","35.7","-82.43333","1021.1","BEECH, NC US","","","1.4","1,0","","","","","","","","","","","0","1,0","9","1,0","0",",0","9",",0","0",",0","","","19510404",",1,0","","","","","","","","","19510430","+,,0","-5.6","1,0,04,","","","","","","","24.4",",0,30,+","","","243.4",",0","","","","","10.05","1,0","16.23",",,,0","3.88","1,,,0"
"USC00310642","1951-05","35.7","-82.43333","1021.1","BEECH, NC US","","","4.0","1,0","","","","","","","0",",0","0",",0","0","1,0","0","1,0","0",",0","22",",0","0",",0","1","","19510524","+,1,0","19510531","+,,0","19510505",",,0","2","","","","19510531",",,0","2.2","1,0,24,+","0",",,0,31,+","0",",T,0,05,","","","27.2",",0,31,","","","85.6",",0","","","0",",T,,0","15.68","1,0","22.38",",,,0","8.97","1,,,0"
"USC00310642","1951-06","35.7","-82.43333","1021.1","BEECH, NC US","","","58.4",",0","13",",0","11",",0","3",",0","0",",0","0",",0","0",",0","0",",0","0",",0","30",",0","0",",0","4","","19510606",",,0","19510630","+,,0","19510630","+,,0","3","","19510608",",,0","19510621","+,,0","8.9",",0,06,","0",",,0,30,+","0",",,0,30,+","49.0",",,0,08,","31.1",",0,21,+","","","12.4",",0","236.8",",,,0","0",",,,0","19.87",",0","26.59",",,,0","13.14",",,,0"
"USC00310642","1951-07","35.7","-82.43333","1021.1","BEECH, NC US","","","105.9",",0","8",",0","5",",0","0",",0","0",",0","0",",0","0",",0","0",",0","0",",0","31",",0","0",",0","","","19510711","+,,0","19510731","+,,0","19510731","+,,0","3","","19510728",",,0","19510724","+,,0","11.1",",0,11,+","0",",,0,31,+","0",",,0,31,+","14.2",",,0,28,","30.0",",0,24,+","0.0","0","0.0",",0","49.5",",,,0","0",",,,0","21.75",",0","28.31",",,,0","15.19",",,,0"
"USC00310642","1951-08","35.7","-82.43333","1021.1","BEECH, NC US","","","164.8",",0","","","","","","","0",",0","0",",0","0",",0","0",",0","0",",0","31",",0","6",",0","","","19510825","+,,0","19510831","+,,0","19510831","+,,0","","","","","19510807",",,0","13.3",",0,25,+","0",",,0,31,+","0",",,0,31,+","","","34.4",",0,07,","0.0","0","0.0",",0","","","0",",,,0","23.65",",0","30.34",",,,0","16.96",",,,0"
"USC00310642","1951-09","35.7","-82.43333","1021.1","BEECH, NC US","","","57.9",",0","5","4,0","5","4,0","0","4,0","0",",0","0",",0","0",",0","0",",0","0",",0","29",",0","1",",0","2","","19510929",",,0","19510930","+,,0","19510924",",,0","1","","19510914",",4,0","19510901",",,0","5.6",",0,29,","0",",,0,30,+","0",",T,0,24,","15.7","4,,0,14,","33.3",",0,01,","12.7","0","12.7",",0","63.9",",a,,0","0",",T,,0","19.84",",0","26.09",",,,0","13.59",",,,0"
"USC00310642","1951-10","35.7","-82.43333","1021.1","BEECH, NC US","","","16.1","1,0","","","","","","","","","","","0","1,0","0","1,0","0","1,0","19","1,0","0","1,0","","","19511012",",1,0","","","","","","","","","19511006",",1,0","1.1","1,0,12,","","","","","","","30.6","1,0,06,","119.0","0","106.3","1,0","","","","","15.33","1,0","22.78","1,,,0","7.87","1,,,0"
"USC00310642","1951-12","35.7","-82.43333","1021.1","BEECH, NC US","","","0.0","1,0","","","","","","","","","","","0",",0","24",",0","0","1,0","0","1,0","0","1,0","","","19511217",",,0","","","","","","","","","19511208","+,1,0","-15.6",",0,17,","","","","","","","20.0","1,0,08,+","","","411.3","1,0","","","","","4.44","1,0","11.47","1,,,0","-2.58",",,,0"
