"STATION","DATE","LATITUDE","LONGITUDE","ELEVATION","NAME","CDSD","CDSD_ATTRIBUTES","CLDD","CLDD_ATTRIBUTES","DP01","DP01_ATTRIBUTES","DP10","DP10_ATTRIBUTES","DP1X","DP1X_ATTRIBUTES","DSND","DSND_ATTRIBUTES","DSNW","DSNW_ATTRIBUTES","DT00","DT00_ATTRIBUTES","DT32","DT32_ATTRIBUTES","DX32","DX32_ATTRIBUTES","DX70","DX70_ATTRIBUTES","DX90","DX90_ATTRIBUTES","DYFG","DYFG_ATTRIBUTES","DYNT","DYNT_ATTRIBUTES","DYSD","DYSD_ATTRIBUTES","DYSN","DYSN_ATTRIBUTES","DYTS","DYTS_ATTRIBUTES","DYXP","DYXP_ATTRIBUTES","DYXT","DYXT_ATTRIBUTES","EMNT","EMNT_ATTRIBUTES","EMSD","EMSD_ATTRIBUTES","EMSN","EMSN_ATTRIBUTES","EMXP","EMXP_ATTRIBUTES","EMXT","EMXT_ATTRIBUTES","HDSD","HDSD_ATTRIBUTES","HTDD","HTDD_ATTRIBUTES","PRCP","PRCP_ATTRIBUTES","SNOW","SNOW_ATTRIBUTES","TAVG","TAVG_ATTRIBUTES","TMAX","TMAX_ATTRIBUTES","TMIN","TMIN_ATTRIBUTES"
"USC00416649","1997-09","33.18361","-94.77917","120.4","OMAHA 2 W, TX US","","","215.0",",0","3",",0","2",",0","0",",0","0",",0","0",",0","0",",0","0",",0","0",",0","30",",0","17",",0","","","19970927","+,,0","19970930","+,,0","19970930","+,,0","5","","19970924",",,0","19970918","+,,0","12.8",",0,27,+","0",",,0,30,+","0",",,0,30,+","17.5",",,0,24,","36.1",",0,18,+","","","0.0",",0","29.7",",,,0","0",",,,0","25.50",",0","32.17",",,,0","18.83",",,,0"
"USC00416649","1997-10","33.18361","-94.77917","120.4","OMAHA 2 W, TX US","","","72.9",",0","8",",0","6",",0","1",",0","0",",0","0",",0","0",",0","0",",0","0",",0","23",",0","0",",0","1","","19971028",",,0","19971031","+,,0","19971031","+,,0","3","","19971023",",,0","19971006","+,,0","2.8",",0,28,","0",",,0,31,+","0",",,0,31,+","43.4",",,0,23,","31.7",",0,06,+","","","66.6",",0","126.3",",,,0","0",",,,0","18.53",",0","24.75",",,,0","12.32",",,,0"
"USC00416649","1997-11","33.18361","-94.77917","120.4","OMAHA 2 W, TX US","","","4.2",",0","7",",0","4",",0","2",",0","0",",0","0",",0","0",",0","3",",0","0",",0","5",",0","0",",0","6","","19971117",",,0","19971130","+,,0","19971114",",,0","2","","19971128",",,0","19971127",",,0","-4.4",",0,17,","0",",,0,30,+","0",",T,0,14,","46.7",",,0,28,","25.6",",0,27,","","","226.8",",0","122.7",",,,0","0",",T,,0","10.91",",0","16.00",",,,0","5.83",",,,0"
"USC00416649","1997-12","33.18361","-94.77917","120.4","OMAHA 2 W, TX US","","","0.0",",0","6",",0","5",",0","2",",0","0",",0","0",",0","0",",0","9",",0","0",",0","2",",0","0",",0","5","","19971214",",,0","19971231","+,,0","19971231","+,,0","2","","19971224",",,0","19971220",",,0","-4.4",",0,14,","0",",,0,31,+","0",",,0,31,+","51.1",",,0,24,","21.7",",0,20,","","","341.4",",0","125.6",",,,0","0",",,,0","7.32",",0","12.32",",,,0","2.32",",,,0"
"USC00416649","1998-01","33.18361","-94.77917","120.4","OMAHA 2 W, TX US","0.3","0","0.3",",0","13",",0","7",",0","2",",0","0",",0","0",",0","0",",0","4",",0","0",",0","3",",0","0",",0","10","","19980123","+,,0","19980131","+,,0","19980131","+,,0","3","","19980106",",,0","19980105","+,,0","-1.1",",0,23,+","0",",,0,31,+","0",",,0,31,+","72.1",",,0,06,","21.7",",0,05,+","","","246.3",",0","193.6",",,,0","0",",,,0","10.40",",0","15.02",",,,0","5.77",",,,0"
"USC00416649","1998-02","33.18361","-94.77917","120.4","OMAHA 2 W, TX US","0.3","0","0.0",",0","10",",0","6",",0","1",",0","0",",0","0",",0","0",",0","3",",0","0",",0","1",",0","0",",0","5","","19980208","+,,0","19980228","+,,0","19980228","+,,0","3","","19980210",",,0","19980224",",,0","-0.6",",0,08,+","0",",,0,28,+","0",",,0,28,+","50.3",",,0,10,","21.7",",0,24,","","","221.5",",0","97.5",",,,0","0",",,,0","10.42",",0","15.99",",,,0","4.86",",,,0"
"USC00416649","1998-03","33.18361","-94.77917","120.4","OMAHA 2 W, TX US","27.5","0","27.2",",0","10",",0","6",",0","1",",0","0",",0","0",",0","0",",0","6",",0","0",",0","13",",0","0",",0","5","","19980310",",,0","19980331","+,,0","19980331","+,,0","3","","19980316",",,0","19980329",",,0","-3.9",",0,10,","0",",,0,31,+","0",",,0,31,+","33.3",",,0,16,","30.0",",0,29,","","","194.2",",0","76.2",",,,0","0",",,,0","12.95",",0","18.62",",,,0","7.27",",,,0"
"USC00416649","1998-04","33.18361","-94.77917","120.4","OMAHA 2 W, TX US","56.7","0","29.2",",0","5",",0","4",",0","1",",0","0",",0","0",",0","0",",0","0",",0","0",",0","25",",0","0",",0","","","19980423","+,,0","19980430","+,,0","19980430","+,,0","","","19980427",",,0","19980415","+,,0","5.6",",0,23,+","0",",,0,30,+","0",",,0,30,+","37.1",",,0,27,","29.4",",0,15,+","","","56.3",",0","59.7",",,,0","0",",,,0","17.43",",0","24.32",",,,0","10.54",",,,0"
"USC00416649","1998-05","33.18361","-94.77917","120.4","OMAHA 2 W, TX US","259.2","0","202.5",",0","3",",0","2",",0","0",",0","0",",0","0",",0","0",",0","0",",0","0",",0","31",",0","13",",0","","","19980501",",,0","19980531","+,,0","19980531","+,,0","4","","19980503",",,0","19980531",",,0","8.9",",0,01,","0",",,0,31,+","0",",,0,31,+","9.9",",,0,03,","37.8",",0,31,","","","0.3",",0","14.8",",,,0","0",",,,0","24.85",",0","31.46",",,,0","18.25",",,,0"
"USC00416649","1998-06","33.18361","-94.77917","120.4","OMAHA 2 W, TX US","581.7","0","322.5",",0","2",",0","2",",0","0",",0","0",",0","0",",0","0",",0","0",",0","0",",0","30",",0","27",",0","","","19980607",",,0","19980630","+,,0","19980630","+,,0","","","19980604",",,0","19980630",",,0","13.9",",0,07,","0",",,0,30,+","0",",,0,30,+","18.0",",,0,04,","39.4",",0,30,","","","0.0",",0","21.6",",,,0","0",",,,0","29.08",",0","35.66",",,,0","22.51",",,,0"
"USC00416649","1998-07","33.18361","-94.77917","120.4","OMAHA 2 W, TX US","1008.3","0","426.6",",0","3",",0","1",",0","0",",0","0",",0","0",",0","0",",0","0",",0","0",",0","31",",0","31",",0","","","19980731","+,,0","19980731","+,,0","19980731","+,,0","8","","19980701",",,0","19980728",",,0","21.7",",0,31,+","0",",,0,31,+","0",",,0,31,+","3.8",",,0,01,","42.2",",0,28,","0.0","0","0.0",",0","6.3",",,,0","0",",,,0","32.09",",0","39.95",",,,0","24.24",",,,0"
"USC00416649","1998-08","33.18361","-94.77917","120.4","OMAHA 2 W, TX US","1358.6","0","350.3",",0","7",",0","5",",0","0",",0","0",",0","0",",0","0",",0","0",",0","0",",0","31",",0","29",",0","","","19980808","+,,0","19980831","+,,0","19980831","+,,0","10","","19980807",",,0","19980802","+,,0","20.0",",0,08,+","0",",,0,31,+","0",",,0,31,+","21.1",",,0,07,","42.8",",0,02,+","0.0","0","0.0",",0","57.1",",,,0","0",",,,0","29.63",",0","36.56",",,,0","22.71",",,,0"
"USC00416649","1998-09","33.18361","-94.77917","120.4","OMAHA 2 W, TX US","1621.5","0","262.9",",0","7",",0","7",",0","4",",0","0",",0","0",",0","0",",0","0",",0","0",",0","30",",0","20",",0","","","19980910",",,0","19980930","+,,0","19980930","+,,0","","","19980912",",,0","19980904",",,0","17.2",",0,10,","0",",,0,30,+","0",",,0,30,+","59.7",",,0,12,","41.1",",0,04,","0.0","0","0.0",",0","216.2",",,,0","0",",,,0","27.10",",0","32.71",",,,0","21.49",",,,0"
"USC00416649","1998-10","33.18361","-94.77917","120.4","OMAHA 2 W, TX US","1687.6","0","66.1",",0","8",",0","7",",0","3",",0","0",",0","0",",0","0",",0","0",",0","0",",0","27",",0","1",",0","1","","19981023",",,0","19981031","+,,0","19981031","+,,0","4","","19981006",",,0","19981001",",,0","5.0",",0,23,","0",",,0,31,+","0",",,0,31,+","64.5",",,0,06,","32.2",",0,01,","28.4","0","28.4",",0","148.2",",,,0","0",",,,0","19.55",",0","24.89",",,,0","14.21",",,,0"
"USC00416649","1998-11","33.18361","-94.77917","120.4","OMAHA 2 W, TX US","1693.7","0","6.1","2,0","10",",0","7",",0","0",",0","0",",0","0",",0","0","2,0","0","2,0","0","1,0","12","1,0","0","1,0","11","","19981106",",2,0","19981130","+,,0","19981130","+,,0","2","","19981101",",,0","19981127",",1,0","1.7","2,0,06,","0",",,0,30,+","0",",,0,30,+","20.3",",,0,01,","25.0","1,0,27,","150.8","0","122.4","1,0","106.4",",,,0","0",",,,0","14.21","2,0","18.80","1,,,0","9.63","2,,,0"
"USC00416649","1998-12","33.18361","-94.77917","120.4","OMAHA 2 W, TX US","1696.7","0","3.0","2,0","12",",0","8",",0","2",",0","0",",0","0",",0","0","2,0","10","2,0","1",",0","5",",0","0",",0","6","","19981226",",2,0","19981224","+,,0","19981223",",,0","","","19981210",",,0","19981203","+,,0","-5.0","2,0,26,","0",",T,0,24,+","5",",,0,23,","42.4",",,0,10,","24.4",",0,03,+","447.5","0","296.7",",0","130.7",",,,0","5",",,,0","8.33","2,0","13.42",",,,0","3.24","2,,,0"
"USC00416649","1999-01","33.18361","-94.77917","120.4","OMAHA 2 W, TX US","3.6","0","3.6",",0","7",",0","5",",0","3",",0","0",",0","0",",0","0",",0","9",",0","1",",0","10",",0","0",",0","6","","19990104",",,0","19990131","+,,0","19990131","+,,0","4","","19990101",",,0","19990121",",,0","-7.8",",0,04,","0",",,0,31,+","0",",,0,31,+","47.2",",,0,01,","25.0",",0,21,","709.1","0","261.6",",0","136.4",",,,0","0",",,,0","10.01",",0","15.92",",,,0","4.10",",,,0"
"USC00416649","1999-02","33.18361","-94.77917","120.4","OMAHA 2 W, TX US","15.1","0","11.5",",0","3",",0","2",",0","0",",0","0",",0","0",",0","0",",0","4",",0","0",",0","14",",0","0",",0","","","19990222","+,,0","19990228","+,,0","19990228","+,,0","1","","19990206",",,0","19990209",",,0","-1.7",",0,22,+","0",",,0,28,+","0",",,0,28,+","5.8",",,0,06,","27.8",",0,09,","867.8","0","158.7",",0","12.4",",,,0","0",",,,0","13.07",",0","20.05",",,,0","6.10",",,,0"
"USC00416649","1999-03","33.18361","-94.77917","120.4","OMAHA 2 W, TX US","15.1","0","0.0",",0","12",",0","8",",0","1",",0","0",",0","0",",0","0",",0","2",",0","0",",0","9",",0","0",",0","","","19990315",",,0","19990331","+,,0","19990331","+,,0","6","","19990312",",,0","19990322",",,0","-1.7",",0,15,","0",",,0,31,+","0",",,0,31,+","53.3",",,0,12,","25.6",",0,22,","1047.1","0","179.3",",0","139.1",",,,0","0",",,,0","12.55",",0","18.42",",,,0","6.68",",,,0"
"USC00416649","1999-04","33.18361","-94.77917","120.4","OMAHA 2 W, TX US","85.5","0","70.4","1,0","6",",0","6",",0","0",",0","0",",0","0",",0","0","1,0","0","1,0","0",",0","27",",0","0",",0","","","19990418",",1,0","19990430","+,,0","19990430","+,,0","3","","19990403",",,0","19990424",",,0","1.1","1,0,18,","0",",,0,30,+","0",",,0,30,+","19.6",",,0,03,","31.1",",0,24,","1080.7","0","33.6",",0","65.2",",,,0","0",",,,0","19.63","1,0","25.66",",,,0","13.60","1,,,0"
"USC00416649","1999-05","33.18361","-94.77917","120.4","OMAHA 2 W, TX US","186.1","0","100.6",",0","11",",0","8",",0","2",",0","0",",0","0",",0","0",",0","0",",0","0",",0","30",",0","0",",0","","","19990507",",,0","19990531","+,,0","19990531","+,,0","7","","19990510",",,0","19990522",",,0","7.8",",0,07,","0",",,0,31,+","0",",,0,31,+","37.3",",,0,10,","31.7",",0,22,","1086.8","0","6.1",",0","125.3",",,,0","0",",,,0","21.38",",0","27.53",",,,0","15.23",",,,0"
"USC00416649","1999-06","33.18361","-94.77917","120.4","OMAHA 2 W, TX US","412.5","0","226.4","1,0","8",",0","5",",0","1",",0","0",",0","0",",0","0","1,0","0","1,0","0",",0","30",",0","11",",0","","","19990618",",1,0","19990630","+,,0","19990630","+,,0","6","","19990611",",,0","19990627",",,0","15.0","1,0,18,","0",",,0,30,+","0",",,0,30,+","25.9",",,0,11,","33.9",",0,27,","1086.8","0","0.0",",0","70.3",",,,0","0",",,,0","26.17","1,0","31.33",",,,0","21.02","1,,,0"
"USC00416649","1999-07","33.18361","-94.77917","120.4","OMAHA 2 W, TX US","","","","","","","","","","","0",",0","0",",0","","","","","","","","","","","","","","","19990731","+,,0","19990731","+,,0","","","","","","","","","0",",,0,31,+","0",",,0,31,+","","","","","","","","","","","0",",,,0","","","","","",""
"USC00416649","1999-08","33.18361","-94.77917","120.4","OMAHA 2 W, TX US","","","343.3",",0","3",",0","2",",0","0",",0","0",",0","0",",0","0",",0","0",",0","0",",0","31",",0","31",",0","","","19990817",",,0","19990831","+,,0","19990831","+,,0","4","","19990827",",,0","19990826",",,0","13.9",",0,17,","0",",,0,31,+","0",",,0,31,+","6.1",",,0,27,","41.1",",0,26,","","","0.0",",0","9.2",",,,0","0",",,,0","29.41",",0","37.65",",,,0","21.16",",,,0"
"USC00416649","1999-09","33.18361","-94.77917","120.4","OMAHA 2 W, TX US","","","174.9",",0","4",",0","2",",0","0",",0","0",",0","0",",0","0",",0","0",",0","0",",0","30",",0","17",",0","","","19990930",",,0","19990930","+,,0","19990930","+,,0","5","","19990913",",,0","19990912","+,,0","3.9",",0,30,","0",",,0,30,+","0",",,0,30,+","14.5",",,0,13,","35.6",",0,12,+","","","7.2",",0","24.5",",,,0","0",",,,0","23.92",",0","31.40",",,,0","16.44",",,,0"
"USC00416649","1999-10","33.18361","-94.77917","120.4","OMAHA 2 W, TX US","","","47.8",",0","6",",0","5",",0","0",",0","0",",0","0",",0","0",",0","0",",0","0",",0","26",",0","5",",0","1","","19991024",",,0","19991031","+,,0","19991031","+,,0","","","19991030",",,0","19991013",",,0","1.1",",0,24,","0",",,0,31,+","0",",,0,31,+","19.6",",,0,30,","33.3",",0,13,","","","53.2",",0","39.6",",,,0","0",",,,0","18.16",",0","26.81",",,,0","9.51",",,,0"
"USC00416649","1999-11","33.18361","-94.77917","120.4","OMAHA 2 W, TX US","","","5.4",",0","2",",0","1",",0","1",",0","0",",0","0",",0","0",",0","4",",0","0",",0","23",",0","0",",0","2","","19991103",",,0","19991130","+,,0","19991130","+,,0","2","","19991123",",,0","19991114",",,0","-3.3",",0,03,","0",",,0,30,+","0",",,0,30,+","31.2",",,0,23,","29.4",",0,14,","","","111.7",",0","32.2",",,,0","0",",,,0","14.79",",0","23.36",",,,0","6.22",",,,0"
"USC00416649","1999-12","33.18361","-94.77917","120.4","OMAHA 2 W, TX US","","","3.6",",0","7",",0","7",",0","2",",0","0",",0","0",",0","0",",0","16",",0","0",",0","5",",0","0",",0","3","","19991222",",,0","19991231","+,,0","19991231","+,,0","5","","19991212",",,0","19991203",",,0","-6.7",",0,22,","0",",,0,31,+","0",",,0,31,+","30.0",",,0,12,","26.7",",0,03,","","","291.5",",0","94.1",",,,0","0",",,,0","9.05",",0","16.63",",,,0","1.46",",,,0"
"USC00416649","2000-01","33.18361","-94.77917","120.4","OMAHA 2 W, TX US","","","","","6",",0","4",",0","1",",0","4",",0","1",",0","","","","","","","","","","","2","","","","20000129","+,,0","20000127",",,0","","","20000127",",,0","","","","","51",",,0,29,+","48",",,0,27,","47.8",",,0,27,","","","","","","","80.6",",,,0","56",",,,0","","","","","",""
"USC00416649","2000-02","33.18361","-94.77917","120.4","OMAHA 2 W, TX US","","","9.1",",0","3",",0","3",",0","2",",0","0",",0","0",",0","0",",0","7",",0","0",",0","17",",0","0",",0","1","","20000205",",,0","20000201",",,0","20000229","+,,0","2","","20000225",",,0","20000224","+,,0","-6.1",",0,05,","0",",T,0,01,","0",",,0,29,+","40.1",",,0,25,","26.1",",0,24,+","","","156.7",",0","81.2",",,,0","0",",,,0","13.24",",0","20.51",",,,0","5.98",",,,0"
"USC00416649","2000-03","33.18361","-94.77917","120.4","OMAHA 2 W, TX US","","","19.2",",0","13",",0","10",",0","3",",0","0",",0","0",",0","0",",0","2",",0","0",",0","19",",0","0",",0","2","","20000312",",,0","20000331","+,,0","20000331","+,,0","9","","20000310",",,0","20000328",",,0","-1.7",",0,12,","0",",,0,31,+","0",",,0,31,+","35.6",",,0,10,","29.4",",0,28,","","","111.7",",0","146.3",",,,0","0",",,,0","15.35",",0","21.66",",,,0","9.04",",,,0"
"USC00416649","2000-04","33.18361","-94.77917","120.4","OMAHA 2 W, TX US","","","27.8",",0","10",",0","8",",0","0",",0","0",",0","0",",0","0",",0","1",",0","0",",0","19",",0","0",",0","3","","20000409",",,0","20000430","+,,0","20000430","+,,0","8","","20000427",",,0","20000419",",,0","0.0",",0,09,","0",",,0,30,+","0",",,0,30,+","24.6",",,0,27,","30.0",",0,19,","","","75.6",",0","104.1",",,,0","0",",,,0","16.74",",0","22.81",",,,0","10.66",",,,0"
"USC00416649","2000-05","33.18361","-94.77917","120.4","OMAHA 2 W, TX US","","","156.7",",0","10",",0","6",",0","2",",0","0",",0","0",",0","0",",0","0",",0","0",",0","31",",0","8",",0","1","","20000514",",,0","20000531","+,,0","20000531","+,,0","8","","20000519",",,0","20000531","+,,0","9.4",",0,14,","0",",,0,31,+","0",",,0,31,+","136.1",",,0,19,","33.3",",0,31,+","","","1.5",",0","224.5",",,,0","0",",,,0","23.34",",0","28.74",",,,0","17.94",",,,0"
"USC00416649","2000-06","33.18361","-94.77917","120.4","OMAHA 2 W, TX US","","","206.6","1,0","14",",0","11",",0","3",",0","0",",0","0",",0","0","1,0","0","1,0","0","1,0","29","1,0","8","1,0","","","20000608","+,1,0","20000630","+,,0","20000630","+,,0","10","","20000604",",,0","20000626","+,1,0","11.7","1,0,08,+","0",",,0,30,+","0",",,0,30,+","57.2",",,0,04,","32.8","1,0,26,+","","","0.0","1,0","211.1",",,,0","0",",,,0","25.46","1,0","30.33","1,,,0","20.58","1,,,0"
"USC00416649","2000-07","33.18361","-94.77917","120.4","OMAHA 2 W, TX US","","","","","3",",0","1",",0","0",",0","0",",0","0",",0","","","","","","","","","","","","","","","20000731","+,,0","20000731","+,,0","","","20000701",",,0","","","","","0",",,0,31,+","0",",,0,31,+","7.9",",,0,01,","","","","","","","8.7",",,,0","0",",,,0","","","","","",""
"USC00416649","2000-08","33.18361","-94.77917","120.4","OMAHA 2 W, TX US","","","325.9","1,0","2",",0","0",",0","0",",0","0",",0","0",",0","0","1,0","0","1,0","0",",0","31",",0","31",",0","","","20000815",",1,0","20000831","+,,0","20000831","+,,0","2","","20000822",",,0","20000831",",,0","16.7","1,0,15,","0",",,0,31,+","0",",,0,31,+","1.5",",,0,22,","40.6",",0,31,","","","0.0",",0","1.8",",,,0","0",",,,0","29.20","1,0","37.36",",,,0","21.04","1,,,0"
"USC00416649","2000-09","33.18361","-94.77917","120.4","OMAHA 2 W, TX US","","","201.5",",0","2",",0","1",",0","1",",0","0",",0","0",",0","0",",0","0",",0","0",",0","29",",0","20",",0","","","20000918",",,0","20000930","+,,0","20000930","+,,0","2","","20000925",",,0","20000905",",,0","5.6",",0,18,","0",",,0,30,+","0",",,0,30,+","57.4",",,0,25,","42.2",",0,05,","","","12.7",",0","57.9",",,,0","0",",,,0","24.63",",0","33.06",",,,0","16.19",",,,0"
"USC00416649","2000-10","33.18361","-94.77917","120.4","OMAHA 2 W, TX US","","","63.2","1,0","10",",0","4",",0","0",",0","0",",0","0",",0","0","1,0","2","1,0","0",",0","26",",0","2",",0","","","20001011","+,1,0","20001031","+,,0","20001031","+,,0","2","","20001016",",,0","20001005",",,0","-0.6","1,0,11,+","0",",,0,31,+","0",",,0,31,+","19.8",",,0,16,","32.8",",0,05,","","","53.2",",0","39.3",",,,0","0",",,,0","18.73","1,0","25.51",",,,0","11.96","1,,,0"
"USC00416649","2000-11","33.18361","-94.77917","120.4","OMAHA 2 W, TX US","","","10.0","1,0","13",",0","11",",0","7",",0","0",",0","0",",0","0",",0","9",",0","0","1,0","4","1,0","0","1,0","2","","20001122","+,,0","20001130","+,,0","20001119",",,0","6","","20001124",",,0","20001101",",1,0","-5.0",",0,22,+","0",",,0,30,+","0",",T,0,19,","70.9",",,0,24,","27.8","1,0,01,","","","263.3","1,0","322.3",",,,0","0",",T,,0","9.75","1,0","15.18","1,,,0","4.33",",,,0"
"USC00416649","2000-12","33.18361","-94.77917","120.4","OMAHA 2 W, TX US","","","0.0",",0","10",",0","7",",0","3",",0","2",",0","1",",0","0",",0","25",",0","1",",0","0",",0","0",",0","7","","20001223","+,,0","20001214","+,,0","20001213",",,0","","","20001227","+,,0","20001212",",,0","-8.3",",0,23,+","25",",,0,14,+","25",",,0,13,","48.3",",,0,27,+","20.0",",0,12,","","","472.1",",0","163.0",",,,0","43",",,,0","3.10",",0","8.63",",,,0","-2.42",",,,0"
"USC00416649","2001-01","33.18361","-94.77917","120.4","OMAHA 2 W, TX US","0.0","0","0.0",",0","11",",0","9",",0","2",",0","4",",0","1",",0","0",",0","20",",0","2",",0","1",",0","0",",0","6","","20010104","+,,0","20010101",",,0","20010101",",,0","2","","20010118",",,0","20010127",",,0","-11.7",",0,04,+","152",",,0,01,","140",",,0,01,","33.8",",,0,18,","21.1",",0,27,","","","434.0",",0","136.9",",,,0","140",",,,0","4.33",",0","10.20",",,,0","-1.53",",,,0"
"USC00416649","2001-02","33.18361","-94.77917","120.4","OMAHA 2 W, TX US","0.3","0","0.3",",0","13",",0","10",",0","2",",0","0",",0","0",",0","0",",0","11",",0","0",",0","8",",0","0",",0","3","","20010203",",,0","20010228","+,,0","20010228","+,,0","5","","20010216",",,0","20010225",",,0","-5.0",",0,03,","0",",,0,28,+","0",",,0,28,+","101.9",",,0,16,","25.6",",0,25,","","","242.7",",0","272.6",",,,0","0",",,,0","9.67",",0","15.99",",,,0","3.36",",,,0"
"USC00416649","2001-03","33.18361","-94.77917","120.4","OMAHA 2 W, TX US","1.4","0","1.1",",0","13",",0","11",",0","3",",0","0",",0","0",",0","0",",0","0",",0","0",",0","6",",0","0",",0","4","","20010317",",,0","20010331","+,,0","20010331","+,,0","3","","20010312",",,0","20010324","+,,0","0.6",",0,17,","0",",,0,31,+","0",",,0,31,+","48.0",",,0,12,","25.6",",0,24,+","","","252.6",",0","198.0",",,,0","0",",,,0","10.22",",0","15.85",",,,0","4.60",",,,0"
"USC00416649","2001-04","33.18361","-94.77917","120.4","OMAHA 2 W, TX US","70.3","0","68.9","1,0","6",",0","3",",0","1",",0","0",",0","0",",0","0","1,0","0","1,0","0",",0","28",",0","0",",0","3","","20010419",",1,0","20010430","+,,0","20010430","+,,0","3","","20010414",",,0","20010409","+,,0","2.8","1,0,19,","0",",,0,30,+","0",",,0,30,+","33.8",",,0,14,","29.4",",0,09,+","","","40.3",",0","64.7",",,,0","0",",,,0","19.28","1,0","25.45",",,,0","13.12","1,,,0"
"USC00416649","2001-05","33.18361","-94.77917","120.4","OMAHA 2 W, TX US","193.6","0","123.3",",0","10",",0","8",",0","4",",0","0",",0","0",",0","0",",0","0",",0","0",",0","31",",0","0",",0","","","20010523","+,,0","20010531","+,,0","20010531","+,,0","11","","20010528",",,0","20010528",",,0","8.3",",0,23,+","0",",,0,31,+","0",",,0,31,+","47.5",",,0,28,","31.7",",0,28,","","","5.6",",0","217.1",",,,0","0",",,,0","22.13",",0","28.49",",,,0","15.77",",,,0"
"USC00416649","2001-06","33.18361","-94.77917","120.4","OMAHA 2 W, TX US","384.7","0","191.1",",0","10",",0","6",",0","2",",0","0",",0","0",",0","0",",0","0",",0","0",",0","30",",0","9",",0","","","20010623",",,0","20010630","+,,0","20010630","+,,0","4","","20010615",",,0","20010620","+,,0","13.3",",0,23,","0",",,0,30,+","0",",,0,30,+","43.4",",,0,15,","33.3",",0,20,+","","","0.0",",0","121.0",",,,0","0",",,,0","24.70",",0","30.54",",,,0","18.86",",,,0"
"USC00416649","2001-07","33.18361","-94.77917","120.4","OMAHA 2 W, TX US","690.6","0","305.9",",0","4",",0","3",",0","1",",0","0",",0","0",",0","0",",0","0",",0","0",",0","31",",0","25",",0","","","20010702",",,0","20010731","+,,0","20010731","+,,0","1","","20010702",",,0","20010731","+,,0","18.9",",0,02,","0",",,0,31,+","0",",,0,31,+","30.5",",,0,02,","35.6",",0,31,+","0.0","0","0.0",",0","52.8",",,,0","0",",,,0","28.20",",0","33.36",",,,0","23.04",",,,0"
"USC00416649","2001-08","33.18361","-94.77917","120.4","OMAHA 2 W, TX US","979.4","0","288.8",",0","8",",0","5",",0","1",",0","0",",0","0",",0","0",",0","0",",0","0",",0","31",",0","24",",0","","","20010805","+,,0","20010831","+,,0","20010831","+,,0","5","","20010818",",,0","20010812",",,0","20.0",",0,05,+","0",",,0,31,+","0",",,0,31,+","26.4",",,0,18,","38.3",",0,12,","0.0","0","0.0",",0","88.6",",,,0","0",",,,0","27.65",",0","33.48",",,,0","21.82",",,,0"
"USC00416649","2001-09","33.18361","-94.77917","120.4","OMAHA 2 W, TX US","1114.6","0","135.2",",0","13",",0","7",",0","2",",0","0",",0","0",",0","0",",0","0",",0","0",",0","30",",0","2",",0","3","","20010927","+,,0","20010930","+,,0","20010930","+,,0","9","","20010921",",,0","20010909",",,0","7.8",",0,27,+","0",",,0,30,+","0",",,0,30,+","54.1",",,0,21,","32.8",",0,09,","11.1","0","11.1",",0","173.4",",,,0","0",",,,0","22.47",",0","27.44",",,,0","17.49",",,,0"
"USC00416649","2001-10","33.18361","-94.77917","120.4","OMAHA 2 W, TX US","1138.0","0","23.4",",0","5",",0","5",",0","2",",0","0",",0","0",",0","0",",0","0",",0","0",",0","24",",0","0",",0","","","20011031","+,,0","20011031","+,,0","20011031","+,,0","4","","20011013",",,0","20011025","+,,0","2.2",",0,31,+","0",",,0,31,+","0",",,0,31,+","53.6",",,0,13,","28.9",",0,25,+","98.3","0","87.2",",0","119.2",",,,0","0",",,,0","16.27",",0","23.86",",,,0","8.69",",,,0"
"USC00416649","2001-11","33.18361","-94.77917","120.4","OMAHA 2 W, TX US","1147.4","0","9.4",",0","9",",0","6",",0","1",",0","0",",0","0",",0","0",",0","3",",0","0",",0","20",",0","0",",0","1","","20011122",",,0","20011130","+,,0","20011130",",,0","5","","20011129",",,0","20011104",",,0","-2.8",",0,22,","0",",,0,30,+","0",",T,0,30,","40.6",",,0,29,","27.2",",0,04,","232.0","0","133.7",",0","96.7",",,,0","0",",T,,0","14.19",",0","20.81",",,,0","7.57",",,,0"
"USC00416649","2001-12","33.18361","-94.77917","120.4","OMAHA 2 W, TX US","1154.1","0","6.7",",0","9",",0","7",",0","3",",0","0",",0","0",",0","0",",0","11",",0","0",",0","4",",0","0",",0","3","","20011225","+,,0","20011231","+,,0","20011231","+,,0","3","","20011217",",,0","20011205",",,0","-3.9",",0,25,+","0",",,0,31,+","0",",,0,31,+","95.3",",,0,17,","25.6",",0,05,","524.1","0","292.1",",0","208.0",",,,0","0",",,,0","9.13",",0","15.03",",,,0","3.22",",,,0"
"USC00416649","2002-01","33.18361","-94.77917","120.4","OMAHA 2 W, TX US","3.1","0","3.1",",0","8",",0","7",",0","0",",0","0",",0","0",",0","0",",0","19",",0","0",",0","6",",0","0",",0","","","20020104","+,,0","20020131","+,,0","20020131","+,,0","","","20020125",",,0","20020131",",,0","-9.4",",0,04,+","0",",,0,31,+","0",",,0,31,+","12.4",",,0,25,","26.1",",0,31,","870.8","0","346.7",",0","43.6",",,,0","0",",,,0","7.25",",0","14.25",",,,0","0.25",",,,0"
"USC00416649","2002-02","33.18361","-94.77917","120.4","OMAHA 2 W, TX US","3.1","0","0.0",",0","5",",0","4",",0","0",",0","2",",0","1",",0","0",",0","20",",0","0",",0","1",",0","0",",0","","","20020228","+,,0","20020206",",,0","20020206",",,0","1","","20020206",",,0","20020225",",,0","-8.3",",0,28,+","102",",,0,06,","89",",,0,06,","23.4",",,0,06,","23.9",",0,25,","1198.9","0","328.1",",0","59.2",",,,0","89",",,,0","6.61",",0","13.76",",,,0","-0.53",",,,0"
"USC00416649","2002-03","33.18361","-94.77917","120.4","OMAHA 2 W, TX US","10.6","0","7.5",",0","13",",0","9",",0","4",",0","0",",0","0",",0","0",",0","9",",0","0",",0","9",",0","0",",0","5","","20020305",",,0","20020303",",,0","20020331","+,,0","7","","20020331",",,0","20020330","+,,0","-10.0",",0,05,","0",",T,0,03,","0",",,0,31,+","58.9",",,0,31,","28.3",",0,30,+","1443.2","0","244.3",",0","199.5",",,,0","0",",,,0","10.69",",0","17.05",",,,0","4.34",",,,0"
"USC00416649","2002-04","33.18361","-94.77917","120.4","OMAHA 2 W, TX US","83.9","0","73.3","1,0","7",",0","4",",0","2",",0","0",",0","0",",0","0","1,0","0","1,0","0",",0","23",",0","0",",0","","","20020406","+,1,0","20020430","+,,0","20020430","+,,0","3","","20020408",",,0","20020429",",,0","4.4","1,0,06,+","0",",,0,30,+","0",",,0,30,+","66.3",",,0,08,","31.7",",0,29,","1484.6","0","41.4",",0","126.7",",,,0","0",",,,0","19.32","1,0","24.83",",,,0","13.81","1,,,0"
"USC00416649","2002-05","33.18361","-94.77917","120.4","OMAHA 2 W, TX US","196.4","0","112.5",",0","10",",0","8",",0","1",",0","0",",0","0",",0","0",",0","0",",0","0",",0","28",",0","1",",0","","","20020519",",,0","20020531","+,,0","20020531","+,,0","13","","20020518",",,0","20020502",",,0","7.8",",0,19,","0",",,0,31,+","0",",,0,31,+","31.5",",,0,18,","32.2",",0,02,","1501.0","0","16.4",",0","115.5",",,,0","0",",,,0","21.43",",0","26.78",",,,0","16.08",",,,0"
"USC00416649","2002-06","33.18361","-94.77917","120.4","OMAHA 2 W, TX US","399.8","0","203.4",",0","7",",0","4",",0","1",",0","0",",0","0",",0","0",",0","0",",0","0",",0","30",",0","8",",0","1","","20020616","+,,0","20020630","+,,0","20020630","+,,0","6","","20020630",",,0","20020622","+,,0","13.3",",0,16,+","0",",,0,30,+","0",",,0,30,+","41.7",",,0,30,","33.3",",0,22,+","1501.0","0","0.0",",0","70.9",",,,0","0",",,,0","25.11",",0","30.87",",,,0","19.36",",,,0"
"USC00416649","2002-07","33.18361","-94.77917","120.4","OMAHA 2 W, TX US","675.7","0","275.9","1,0","6",",0","2",",0","0",",0","0",",0","0",",0","0","1,0","0","1,0","0","1,0","30","1,0","19","1,0","","","20020705",",1,0","20020731","+,,0","20020731","+,,0","7","","20020717",",,0","20020724",",1,0","18.9","1,0,05,","0",",,0,31,+","0",",,0,31,+","23.4",",,0,17,","36.7","1,0,24,","0.0","0","0.0","1,0","44.7",",,,0","0",",,,0","27.53","1,0","32.64","1,,,0","22.42","1,,,0"
"USC00416649","2002-08","33.18361","-94.77917","120.4","OMAHA 2 W, TX US","973.8","0","298.1",",0","2",",0","1",",0","0",",0","0",",0","0",",0","0",",0","0",",0","0",",0","31",",0","28",",0","1","","20020829","+,,0","20020831","+,,0","20020831","+,,0","3","","20020814",",,0","20020825",",,0","17.2",",0,29,+","0",",,0,31,+","0",",,0,31,+","20.6",",,0,14,","37.2",",0,25,","0.0","0","0.0",",0","21.6",",,,0","0",",,,0","27.95",",0","34.51",",,,0","21.39",",,,0"
"USC00416649","2002-09","33.18361","-94.77917","120.4","OMAHA 2 W, TX US","1176.3","0","202.5",",0","3",",0","3",",0","0",",0","0",",0","0",",0","0",",0","0",",0","0",",0","30",",0","15",",0","","","20020925",",,0","20020930","+,,0","20020930","+,,0","2","","20020920",",,0","20020903",",,0","8.9",",0,25,","0",",,0,30,+","0",",,0,30,+","23.1",",,0,20,","36.7",",0,03,","0.0","0","0.0",",0","47.5",",,,0","0",",,,0","25.08",",0","31.79",",,,0","18.37",",,,0"
"USC00416649","2002-10","33.18361","-94.77917","120.4","OMAHA 2 W, TX US","1219.7","0","43.4",",0","10",",0","6",",0","2",",0","0",",0","0",",0","0",",0","0",",0","0",",0","15",",0","2",",0","7","","20021018","+,,0","20021031","+,,0","20021031","+,,0","4","","20021019",",,0","20021005",",,0","5.6",",0,18,+","0",",,0,31,+","0",",,0,31,+","112.3",",,0,19,","34.4",",0,05,","71.6","0","71.6",",0","202.2",",,,0","0",",,,0","17.42",",0","22.13",",,,0","12.72",",,,0"
"USC00416649","2002-11","33.18361","-94.77917","120.4","OMAHA 2 W, TX US","","","","","6",",0","4",",0","0",",0","0",",0","0",",0","0","3,0","5","3,0","","","","","","","","","20021127",",3,0","20021130","+,,0","20021130","+,,0","","","20021105",",,0","","","-3.9","3,0,27,","0",",,0,30,+","0",",,0,30,+","19.6",",,0,05,","","","","","","","43.8",",,,0","0",",,,0","","","","","3.99","3,,,0"
"USC00416649","2002-12","33.18361","-94.77917","120.4","OMAHA 2 W, TX US","","","2.0","3,0","9",",0","7",",0","2",",0","0",",0","0",",0","0","1,0","13","1,0","0","3,0","5","3,0","0","3,0","1","","20021226","+,1,0","20021231","+,,0","20021231","+,,0","2","","20021231",",,0","20021219","+,3,0","-5.0","1,0,26,+","0",",,0,31,+","0",",,0,31,+","43.9",",,0,31,","23.9","3,0,19,+","","","283.9","3,0","133.9",",,,0","0",",,,0","8.15","3,0","14.24","3,,,0","2.06","1,,,0"
"USC00416649","2003-01","33.18361","-94.77917","120.4","OMAHA 2 W, TX US","0.0","0","0.0",",0","3",",0","0",",0","0",",0","0",",0","0",",0","0",",0","18",",0","0",",0","4",",0","0",",0","1","","20030125","+,,0","20030113",",,0","20030113",",,0","","","20030130",",,0","20030121","+,,0","-7.2",",0,25,+","0",",T,0,13,","0",",T,0,13,","1.0",",,0,30,","22.8",",0,21,+","","","390.3",",0","1.6",",,,0","0",",T,,0","5.74",",0","11.98",",,,0","-0.49",",,,0"
"USC00416649","2003-02","33.18361","-94.77917","120.4","OMAHA 2 W, TX US","0.0","0","0.0",",0","12",",0","9",",0","3",",0","0",",0","0",",0","0",",0","15",",0","1",",0","3",",0","0",",0","4","","20030208",",,0","20030226","+,,0","20030225",",,0","","","20030222",",,0","20030203",",,0","-4.4",",0,08,","0",",T,0,26,+","8",",,0,25,","40.9",",,0,22,","23.3",",0,03,","","","313.3",",0","154.7",",,,0","11",",,,0","7.14",",0","12.38",",,,0","1.91",",,,0"
"USC00416649","2003-03","33.18361","-94.77917","120.4","OMAHA 2 W, TX US","2.0","0","2.0","2,0","5",",0","3",",0","1",",0","0",",0","0",",0","0","2,0","4","2,0","0",",0","15",",0","0",",0","8","","20030307","+,2,0","20030331","+,,0","20030331","+,,0","2","","20030326",",,0","20030325",",,0","-2.2","2,0,07,+","0",",,0,31,+","0",",,0,31,+","36.3",",,0,26,","26.1",",0,25,","","","165.5",",0","68.8",",,,0","0",",,,0","12.57","2,0","18.69",",,,0","6.44","2,,,0"
"USC00416649","2003-04","33.18361","-94.77917","120.4","OMAHA 2 W, TX US","30.9","0","28.9",",0","5",",0","3",",0","0",",0","0",",0","0",",0","0",",0","2",",0","0",",0","26",",0","0",",0","2","","20030411","+,,0","20030430","+,,0","20030430","+,,0","4","","20030420",",,0","20030430",",,0","0.0",",0,11,+","0",",,0,30,+","0",",,0,30,+","20.3",",,0,20,","30.0",",0,30,","","","58.6",",0","58.2",",,,0","0",",,,0","17.35",",0","24.59",",,,0","10.10",",,,0"
"USC00416649","2003-05","33.18361","-94.77917","120.4","OMAHA 2 W, TX US","171.5","0","140.6",",0","9",",0","5",",0","0",",0","0",",0","0",",0","0",",0","0",",0","0",",0","31",",0","3",",0","1","","20030528","+,,0","20030531","+,,0","20030531","+,,0","5","","20030515",",,0","20030531",",,0","10.6",",0,28,+","0",",,0,31,+","0",",,0,31,+","22.1",",,0,15,","35.6",",0,31,","","","1.9",",0","72.2",",,,0","0",",,,0","22.81",",0","28.16",",,,0","17.45",",,,0"
"USC00416649","2003-06","33.18361","-94.77917","120.4","OMAHA 2 W, TX US","356.8","0","185.3",",0","14",",0","10",",0","1",",0","0",",0","0",",0","0",",0","0",",0","0",",0","30",",0","10",",0","2","","20030607",",,0","20030630","+,,0","20030630","+,,0","10","","20030626",",,0","20030624",",,0","13.9",",0,07,","0",",,0,30,+","0",",,0,30,+","27.7",",,0,26,","35.6",",0,24,","","","0.0",",0","91.9",",,,0","0",",,,0","24.51",",0","30.13",",,,0","18.89",",,,0"
"USC00416649","2003-07","33.18361","-94.77917","120.4","OMAHA 2 W, TX US","643.8","0","287.0","1,0","6",",0","3",",0","2",",0","0",",0","0",",0","0","1,0","0","1,0","0","1,0","30","1,0","29","1,0","","","20030724",",1,0","20030731","+,,0","20030731","+,,0","9","","20030730",",,0","20030729","+,1,0","17.8","1,0,24,","0",",,0,31,+","0",",,0,31,+","34.3",",,0,30,","37.8","1,0,29,+","0.0","0","0.0","1,0","73.7",",,,0","0",",,,0","27.90","1,0","34.45","1,,,0","21.34","1,,,0"
"USC00416649","2003-08","33.18361","-94.77917","120.4","OMAHA 2 W, TX US","949.8","0","306.0",",0","4",",0","3",",0","1",",0","0",",0","0",",0","0",",0","0",",0","0",",0","31",",0","26",",0","1","","20030812",",,0","20030831","+,,0","20030831","+,,0","6","","20030812",",,0","20030807",",,0","18.3",",0,12,","0",",,0,31,+","0",",,0,31,+","32.8",",,0,12,","38.9",",0,07,","0.0","0","0.0",",0","67.6",",,,0","0",",,,0","28.20",",0","34.82",",,,0","21.58",",,,0"
"USC00416649","2003-09","33.18361","-94.77917","120.4","OMAHA 2 W, TX US","1085.0","0","135.2",",0","8",",0","4",",0","2",",0","0",",0","0",",0","0",",0","0",",0","0",",0","30",",0","3",",0","3","","20030929",",,0","20030930","+,,0","20030930","+,,0","","","20030912",",,0","20030911",",,0","7.8",",0,29,","0",",,0,30,+","0",",,0,30,+","37.1",",,0,12,","33.3",",0,11,","3.1","0","3.1",",0","84.4",",,,0","0",",,,0","22.74",",0","29.45",",,,0","16.02",",,,0"
"USC00416649","2003-10","33.18361","-94.77917","120.4","OMAHA 2 W, TX US","1128.9","0","43.9","1,0","5",",0","2",",0","0",",0","0",",0","0",",0","0","1,0","0","1,0","0","1,0","28","1,0","3","1,0","7","","20031028","+,1,0","20031031","+,,0","20031031","+,,0","1","","20031006",",,0","20031023",",1,0","3.9","1,0,28,+","0",",,0,31,+","0",",,0,31,+","14.5",",,0,06,","33.3","1,0,23,","35.3","0","32.2","1,0","23.4",",,,0","0",",,,0","18.72","1,0","26.89","1,,,0","10.55","1,,,0"
"USC00416649","2003-11","33.18361","-94.77917","120.4","OMAHA 2 W, TX US","1157.2","0","28.3",",0","11",",0","7",",0","1",",0","0",",0","0",",0","0",",0","5",",0","0",",0","17",",0","0",",0","4","","20031125",",,0","20031130","+,,0","20031130","+,,0","2","","20031118",",,0","20031105",",,0","-5.0",",0,25,","0",",,0,30,+","0",",,0,30,+","49.5",",,0,18,","30.0",",0,05,","176.9","0","141.6",",0","91.9",",,,0","0",",,,0","14.56",",0","21.22",",,,0","7.89",",,,0"
"USC00416649","2003-12","33.18361","-94.77917","120.4","OMAHA 2 W, TX US","1157.2","0","0.0",",0","7",",0","5",",0","1",",0","0",",0","0",",0","0",",0","15",",0","0",",0","4",",0","0",",0","","","20031212","+,,0","20031231","+,,0","20031231","+,,0","1","","20031229",",,0","20031209",",,0","-6.7",",0,12,+","0",",,0,31,+","0",",,0,31,+","42.2",",,0,29,","22.8",",0,09,","500.9","0","324.0",",0","74.0",",,,0","0",",,,0","7.88",",0","15.56",",,,0","0.20",",,,0"
"USC00416649","2004-01","33.18361","-94.77917","120.4","OMAHA 2 W, TX US","5.8","","5.8",",0","6",",0","3",",0","1",",0","0",",0","0",",0","0",",0","18",",0","0",",0","6",",0","0",",0","3","","20040129","+,,0","20040131","+,,0","20040131","+,,0","2","","20040125",",,0","20040103",",,0","-8.3",",0,29,+","0",",,0,31,+","0",",,0,31,+","30.2",",,0,25,","25.6",",0,03,","832.1","","331.2",",0","66.8",",,,0","0",",,,0","7.84",",0","14.36",",,,0","1.32",",,,0"
"USC00416649","2004-02","33.18361","-94.77917","120.4","OMAHA 2 W, TX US","5.8","","0.0",",0","12",",0","10",",0","1",",0","2",",0","0",",0","0",",0","14",",0","0",",0","2",",0","0",",0","","","20040208",",,0","20040215",",,0","20040215",",,0","2","","20040205",",,0","20040220",",,0","-5.6",",0,08,","76",",,0,15,","15",",,0,15,","72.1",",,0,05,","22.8",",0,20,","1185.2","","353.1",",0","169.1",",,,0","28",",,,0","6.16",",0","11.82",",,,0","0.50",",,,0"
"USC00416649","2004-03","33.18361","-94.77917","120.4","OMAHA 2 W, TX US","23.4","","17.6",",0","9",",0","5",",0","0",",0","0",",0","0",",0","0",",0","0",",0","0",",0","20",",0","0",",0","","","20040310","+,,0","20040331","+,,0","20040331","+,,0","3","","20040305",",,0","20040321",",,0","2.8",",0,10,+","0",",,0,31,+","0",",,0,31,+","22.6",",,0,05,","29.4",",0,21,","1291.1","","105.9",",0","70.1",",,,0","0",",,,0","15.48",",0","22.09",",,,0","8.87",",,,0"
"USC00416649","2004-04","33.18361","-94.77917","120.4","OMAHA 2 W, TX US","58.7","","35.3",",0","8",",0","6",",0","1",",0","0",",0","0",",0","0",",0","0",",0","0",",0","26",",0","0",",0","1","","20040415","+,,0","20040430","+,,0","20040430","+,,0","1","","20040424",",,0","20040423",",,0","1.1",",0,15,+","0",",,0,30,+","0",",,0,30,+","27.9",",,0,24,","29.4",",0,23,","1358.7","","67.6",",0","77.1",",,,0","0",",,,0","17.26",",0","23.96",",,,0","10.55",",,,0"
"USC00416649","2004-05","33.18361","-94.77917","120.4","OMAHA 2 W, TX US","207.8","","149.1",",0","5",",0","5",",0","2",",0","0",",0","0",",0","0",",0","0",",0","0",",0","30",",0","1",",0","1","","20040503","+,,0","20040531","+,,0","20040531","+,,0","4","","20040501",",,0","20040531",",,0","6.7",",0,03,+","0",",,0,31,+","0",",,0,31,+","34.3",",,0,01,","32.2",",0,31,","1369.8","","11.1",",0","88.6",",,,0","0",",,,0","22.78",",0","28.34",",,,0","17.22",",,,0"
"USC00416649","2004-06","33.18361","-94.77917","120.4","OMAHA 2 W, TX US","","","","","18",",0","14",",0","3",",0","0",",0","0",",0","","","","","","","","","","","1","","","","20040630","+,,0","20040630","+,,0","6","","20040606",",,0","","","","","0",",,0,30,+","0",",,0,30,+","62.2",",,0,06,","","","","","","","212.2",",,,0","0",",,,0","","","","","",""
