"STATION","DATE","LATITUDE","LONGITUDE","ELEVATION","NAME","CDSD","CDSD_ATTRIBUTES","CLDD","CLDD_ATTRIBUTES","DP01","DP01_ATTRIBUTES","DP10","DP10_ATTRIBUTES","DP1X","DP1X_ATTRIBUTES","DSNW","DSNW_ATTRIBUTES","DT00","DT00_ATTRIBUTES","DT32","DT32_ATTRIBUTES","DX32","DX32_ATTRIBUTES","DX70","DX70_ATTRIBUTES","DX90","DX90_ATTRIBUTES","DYNT","DYNT_ATTRIBUTES","DYSN","DYSN_ATTRIBUTES","DYXP","DYXP_ATTRIBUTES","DYXT","DYXT_ATTRIBUTES","EMNT","EMNT_ATTRIBUTES","EMSN","EMSN_ATTRIBUTES","EMXP","EMXP_ATTRIBUTES","EMXT","EMXT_ATTRIBUTES","HDSD","HDSD_ATTRIBUTES","HTDD","HTDD_ATTRIBUTES","PRCP","PRCP_ATTRIBUTES","SNOW","SNOW_ATTRIBUTES","TAVG","TAVG_ATTRIBUTES","TMAX","TMAX_ATTRIBUTES","TMIN","TMIN_ATTRIBUTES"
"USC00318547","1925-03","35.583333","-75.8","4.6","TERRA CEIA, NC US","","","5.8",",6","6",",6","6",",6","0",",6","0",",6","0",",6","9",",6","0",",6","14",",6","0",",6","19250303",",,6","19250331","+,,6","19250328",",,6","19250311",",,6","-9.4",",6,03,","0",",,6,31,+","19.8",",,6,28,","28.9",",6,11,","","","198.2",",6","58.9",",,,6","0",",,,6","12.13",",6","20.94",",,,6","3.31",",,,6"
"USC00318547","1925-04","35.583333","-75.8","4.6","TERRA CEIA, NC US","","","41.3","2,6","9",",6","8",",6","0",",6","0",",6","0",",6","3",",6","0","2,6","20","2,6","4","2,6","19250408","+,,6","19250430","+,,6","19250427",",,6","19250424",",2,6","-0.6",",6,08,+","0",",,6,30,+","24.1",",,6,27,","36.7","2,6,24,","","","94.4","2,6","89.6",",,,6","0",",,,6","16.35","2,6","24.90","2,,,6","7.79",",,,6"
"USC00318547","1925-05","35.583333","-75.8","4.6","TERRA CEIA, NC US","","","48.4",",6","3",",6","3",",6","0",",6","","","0",",6","0",",6","0",",6","25",",6","4",",6","19250502",",,6","","","19250513","+,,6","19250523",",,6","0.6",",6,02,","","","14.7",",,6,13,+","35.6",",6,23,","","","55.2",",6","32.4",",,,6","","","18.11",",6","26.45",",,,6","9.77",",,,6"
"USC00318547","1925-06","35.583333","-75.8","4.6","TERRA CEIA, NC US","","","204.5",",6","14",",6","14",",6","2",",6","0",",6","0",",6","0",",6","0",",6","30",",6","20",",6","19250612",",,6","19250630","+,,6","19250625",",,6","19250616","+,,6","10.6",",6,12,","0",",,6,30,+","48.3",",,6,25,","36.1",",6,16,+","","","0.0",",6","211.4",",,,6","0",",,,6","25.15",",6","32.76",",,,6","17.54",",,,6"
"USC00318547","1925-07","35.583333","-75.8","4.6","TERRA CEIA, NC US","","","230.6","1,6","4",",6","4",",6","1",",6","0",",6","0","1,6","0","1,6","0",",6","31",",6","22",",6","19250719",",1,6","19250731","+,,6","19250723",",,6","19250714","+,,6","10.0","1,6,19,","0",",,6,31,+","27.9",",,6,23,","36.1",",6,14,+","0.0","6","0.0",",6","69.8",",,,6","0",",,,6","25.98","1,6","32.90",",,,6","19.06","1,,,6"
"USC00318547","1925-08","35.583333","-75.8","4.6","TERRA CEIA, NC US","","","172.7",",6","6",",6","6",",6","2",",6","0",",6","0",",6","0",",6","0",",6","31",",6","14",",6","19250831",",,6","19250831","+,,6","19250810",",,6","19250814",",,6","6.1",",6,31,","0",",,6,31,+","35.6",",,6,10,","37.2",",6,14,","0.0","6","0.0",",6","99.1",",,,6","0",",,,6","23.90",",6","31.38",",,,6","16.43",",,,6"
"USC00318547","1925-09","35.583333","-75.8","4.6","TERRA CEIA, NC US","","","177.3",",6","5",",6","5",",6","0",",6","0",",6","0",",6","0",",6","0",",6","30",",6","19",",6","19250926",",,6","19250930","+,,6","19250925",",,6","19250921","+,,6","10.0",",6,26,","0",",,6,30,+","12.7",",,6,25,","36.7",",6,21,+","0.0","6","0.0",",6","36.9",",,,6","0",",,,6","24.24",",6","32.00",",,,6","16.49",",,,6"
"USC00318547","1925-10","35.583333","-75.8","4.6","TERRA CEIA, NC US","","","50.7",",6","9",",6","8",",6","0",",6","0",",6","0",",6","6",",6","0",",6","21",",6","2",",6","19251021",",,6","19251031","+,,6","19251018",",,6","19251017",",,6","-5.0",",6,21,","0",",,6,31,+","23.6",",,6,18,","33.3",",6,17,","134.9","6","134.9",",6","85.5",",,,6","0",",,,6","15.62",",6","22.95",",,,6","8.28",",,,6"
"USC00318547","1925-11","35.583333","-75.8","4.6","TERRA CEIA, NC US","","","0.0",",6","7",",6","5",",6","1",",6","0",",6","0",",6","15",",6","0",",6","9",",6","0",",6","19251125","+,,6","19251130","+,,6","19251102",",,6","19251115",",,6","-8.3",",6,25,+","0",",,6,30,+","34.5",",,6,02,","25.0",",6,15,","407.1","6","272.2",",6","99.4",",,,6","0",",,,6","9.26",",6","17.15",",,,6","1.37",",,,6"
"USC00318547","1925-12","35.583333","-75.8","4.6","TERRA CEIA, NC US","","","0.0","1,6","8",",6","8",",6","1",",6","0",",6","0","1,6","12","1,6","1",",6","1",",6","0",",6","19251228",",1,6","19251231","+,,6","19251202",",,6","19251205",",,6","-12.8","1,6,28,","0",",,6,31,+","66.0",",,6,02,","23.9",",6,05,","766.2","6","359.1",",6","129.5",",,,6","0",",,,6","6.37","1,6","12.53",",,,6","0.22","1,,,6"
"USC00318547","1926-01","35.583333","-75.8","4.6","TERRA CEIA, NC US","0.0","6","0.0",",6","10",",6","9",",6","1",",6","1",",6","0",",6","23",",6","0",",6","1",",6","0",",6","19260101",",,6","19260125",",,6","19260130",",,6","19260131",",,6","-11.7",",6,01,","127",",,6,25,","35.6",",,6,30,","22.8",",6,31,","1171.1","6","404.9",",6","130.2",",,,6","130",",,,6","5.27",",6","12.63",",,,6","-2.08",",,,6"
"USC00318547","1926-02","35.583333","-75.8","4.6","TERRA CEIA, NC US","0.0","6","0.0",",6","6",",6","6",",6","1",",6","0",",6","0",",6","15",",6","0",",6","4",",6","0",",6","19260206",",,6","19260228","+,,6","19260203",",,6","19260222",",,6","-7.2",",6,06,","0",",,6,28,+","29.2",",,6,03,","23.3",",6,22,","1468.6","6","297.5",",6","78.4",",,,6","0",",,,6","7.71",",6","15.43",",,,6","-0.01",",,,6"
"USC00318547","1926-03","35.583333","-75.8","4.6","TERRA CEIA, NC US","0.6","6","0.6",",6","8",",6","8",",6","2",",6","0",",6","0",",6","19",",6","0",",6","6",",6","0",",6","19260314","+,,6","19260313",",,6","19260311",",,6","19260331",",,6","-8.3",",6,14,+","13",",,6,13,","36.8",",,6,11,","28.9",",6,31,","1807.8","6","339.2",",6","142.6",",,,6","13",",,,6","7.41",",6","15.82",",,,6","-1.00",",,,6"
"USC00318547","1926-04","35.583333","-75.8","4.6","TERRA CEIA, NC US","","","","","6",",6","5",",6","1",",6","0",",6","","","","","0",",6","23",",6","1",",6","","","19260430","+,,6","19260413",",,6","19260424",",,6","","","0",",,6,30,+","33.0",",,6,13,","32.2",",6,24,","","","","","69.1",",,,6","0",",,,6","","","23.07",",,,6","",""
"USC00318547","1926-05","35.583333","-75.8","4.6","TERRA CEIA, NC US","","","88.5",",6","4",",6","4",",6","0",",6","0",",6","0",",6","2",",6","0",",6","30",",6","10",",6","19260506",",,6","19260531","+,,6","19260504",",,6","19260524",",,6","-0.6",",6,06,","0",",,6,31,+","22.9",",,6,04,","36.1",",6,24,","","","38.1",",6","41.9",",,,6","0",",,,6","19.96",",6","28.71",",,,6","11.21",",,,6"
"USC00318547","1926-06","35.583333","-75.8","4.6","TERRA CEIA, NC US","","","157.7",",6","12",",6","11",",6","1",",6","0",",6","0",",6","0",",6","0",",6","29",",6","19",",6","19260629","+,,6","19260630","+,,6","19260619",",,6","19260614",",,6","10.6",",6,29,+","0",",,6,30,+","27.9",",,6,19,","37.2",",6,14,","","","4.9",",6","106.6",",,,6","0",",,,6","23.42",",6","31.82",",,,6","15.03",",,,6"
"USC00318547","1926-07","35.583333","-75.8","4.6","TERRA CEIA, NC US","","","262.3","2,6","7",",6","6",",6","1",",6","0",",6","0","2,6","0","2,6","0",",6","31",",6","25",",6","19260714",",2,6","19260731","+,,6","19260706",",,6","19260721",",,6","16.1","2,6,14,","0",",,6,31,+","66.0",",,6,06,","40.0",",6,21,","0.0","6","0.0",",6","151.1",",,,6","0",",,,6","27.44","2,6","34.10",",,,6","20.77","2,,,6"
"USC00318547","1926-08","35.583333","-75.8","4.6","TERRA CEIA, NC US","","","279.3",",6","5",",6","5",",6","3",",6","0",",6","0",",6","0",",6","0",",6","31",",6","28",",6","19260827",",,6","19260831","+,,6","19260826",",,6","19260820","+,,6","12.2",",6,27,","0",",,6,31,+","48.3",",,6,26,","36.7",",6,20,+","0.0","6","0.0",",6","129.5",",,,6","0",",,,6","27.34",",6","34.92",",,,6","19.77",",,,6"
"USC00318547","1926-09","35.583333","-75.8","4.6","TERRA CEIA, NC US","","","166.2",",6","1",",6","1",",6","0",",6","0",",6","0",",6","0",",6","0",",6","30",",6","14",",6","19260912",",,6","19260930","+,,6","19260907",",,6","19260917","+,,6","8.3",",6,12,","0",",,6,30,+","3.3",",,6,07,","35.6",",6,17,+","1.4","6","1.4",",6","3.3",",,,6","0",",,,6","23.83",",6","31.05",",,,6","16.61",",,,6"
"USC00318547","1926-10","35.583333","-75.8","4.6","TERRA CEIA, NC US","","","","","5",",6","5",",6","0",",6","0",",6","","","","","0",",6","27",",6","3",",6","","","19261031","+,,6","19261021",",,6","19261003",",,6","","","0",",,6,31,+","23.1",",,6,21,","33.3",",6,03,","","","","","48.0",",,,6","0",",,,6","","","25.85",",,,6","",""
"USC00318547","1926-11","35.583333","-75.8","4.6","TERRA CEIA, NC US","","","2.0",",6","8",",6","8",",6","1",",6","0",",6","0",",6","14",",6","0",",6","15",",6","0",",6","19261121",",,6","19261130","+,,6","19261116",",,6","19261118",",,6","-7.8",",6,21,","0",",,6,30,+","49.3",",,6,16,","25.6",",6,18,","","","254.4",",6","115.1",",,,6","0",",,,6","9.92",",6","19.24",",,,6","0.60",",,,6"
"USC00318547","1926-12","35.583333","-75.8","4.6","TERRA CEIA, NC US","","","0.0",",6","6",",6","5",",6","0",",6","0",",6","0",",6","18",",6","0",",6","8",",6","0",",6","19261219",",,6","19261231","+,,6","19261228",",,6","19261226","+,,6","-13.9",",6,19,","0",",,6,31,+","20.6",",,6,28,","22.8",",6,26,+","","","358.9",",6","56.0",",,,6","0",",,,6","6.76",",6","14.60",",,,6","-1.09",",,,6"
"USC00318547","1927-01","35.583333","-75.8","4.6","TERRA CEIA, NC US","0.0","6","0.0","1,6","4",",6","3",",6","0",",6","3",",6","0",",6","20",",6","0","1,6","5","1,6","0","1,6","19270112",",,6","19270111",",,6","19270111",",,6","19270121",",1,6","-14.4",",6,12,","76",",,6,11,","6.1",",,6,11,","26.1","1,6,21,","","","397.7","1,6","15.6",",,,6","178",",,,6","5.07","1,6","12.93","1,,,6","-2.79",",,,6"
"USC00318547","1927-02","35.583333","-75.8","4.6","TERRA CEIA, NC US","2.5","6","2.5",",6","7",",6","7",",6","0",",6","","","0",",6","6",",6","0",",6","12",",6","0",",6","19270201",",,6","","","19270208",",,6","19270218",",,6","-5.0",",6,01,","","","24.1",",,6,08,","28.3",",6,18,","","","188.2",",6","99.3",",,,6","","","11.70",",6","19.45",",,,6","3.95",",,,6"
"USC00318547","1927-03","35.583333","-75.8","4.6","TERRA CEIA, NC US","10.9","6","8.4",",6","3",",6","3",",6","0",",6","1",",6","0",",6","10",",6","0",",6","15",",6","0",",6","19270304",",,6","19270302",",,6","19270302",",,6","19270320","+,,6","-7.2",",6,04,","178",",,6,02,","17.8",",,6,02,","30.6",",6,20,+","","","235.6",",6","26.1",",,,6","178",",,,6","11.00",",6","19.29",",,,6","2.71",",,,6"
"USC00318547","1927-04","35.583333","-75.8","4.6","TERRA CEIA, NC US","39.4","6","28.5","1,6","4",",6","4",",6","0",",6","0",",6","0","1,6","2","1,6","0","1,6","19","1,6","3","1,6","19270411",",1,6","19270430","+,,6","19270421",",,6","19270429",",1,6","-4.4","1,6,11,","0",",,6,30,+","24.1",",,6,21,","33.9","1,6,29,","","","101.2","1,6","85.4",",,,6","0",",,,6","15.83","1,6","24.86","1,,,6","6.79","1,,,6"
"USC00318547","1927-05","35.583333","-75.8","4.6","TERRA CEIA, NC US","125.0","6","85.6","2,6","9",",6","7",",6","0",",6","0",",6","0","2,6","1","2,6","0",",6","31",",6","9",",6","19270502",",2,6","19270531","+,,6","19270529",",,6","19270519",",,6","0.0","2,6,02,","0",",,6,31,+","21.1",",,6,29,","36.1",",6,19,","","","26.0",",6","84.1",",,,6","0",",,,6","20.50","2,6","29.56",",,,6","11.43","2,,,6"
"USC00318547","1927-06","35.583333","-75.8","4.6","TERRA CEIA, NC US","270.4","6","145.4",",6","11",",6","9",",6","2",",6","0",",6","0",",6","0",",6","0",",6","30",",6","12",",6","19270628",",,6","19270630","+,,6","19270615",",,6","19270623",",,6","6.7",",6,28,","0",",,6,30,+","31.2",",,6,15,","36.7",",6,23,","","","1.7",",6","143.5",",,,6","0",",,,6","23.12",",6","30.81",",,,6","15.44",",,,6"
"USC00318547","1927-07","35.583333","-75.8","4.6","TERRA CEIA, NC US","441.6","6","171.2",",6","6",",6","5",",6","0",",6","0",",6","0",",6","0",",6","0",",6","31",",6","28",",6","19270715",",,6","19270731","+,,6","19270708",",,6","19270728",",,6","5.6",",6,15,","0",",,6,31,+","10.7",",,6,08,","37.2",",6,28,","0.0","6","0.0",",6","36.4",",,,6","0",",,,6","23.85",",6","33.77",",,,6","13.94",",,,6"
"USC00318547","1927-08","35.583333","-75.8","4.6","TERRA CEIA, NC US","600.7","6","159.1","3,6","5",",6","5",",6","3",",6","0",",6","0",",6","0",",6","0","3,6","28","3,6","15","3,6","19270830",",,6","19270831","+,,6","19270820","+,,6","19270809",",3,6","10.0",",6,30,","0",",,6,31,+","25.4",",,6,20,+","36.1","3,6,09,","0.0","6","0.0","3,6","86.4",",,,6","0",",,,6","24.05","3,6","31.60","3,,,6","16.49",",,,6"
"USC00318547","1927-09","35.583333","-75.8","4.6","TERRA CEIA, NC US","723.8","6","123.1","1,6","2",",6","2",",6","0",",6","0",",6","0",",6","0",",6","0","1,6","29","1,6","12","1,6","19270924",",,6","19270930","+,,6","19270919",",,6","19270916",",1,6","2.2",",6,24,","0",",,6,30,+","20.8",",,6,19,","37.2","1,6,16,","10.6","6","10.6","1,6","31.2",",,,6","0",",,,6","22.27","1,6","30.86","1,,,6","13.69",",,,6"
"USC00318547","1927-10","35.583333","-75.8","4.6","TERRA CEIA, NC US","755.8","6","32.0","3,6","3",",6","3",",6","2",",6","0",",6","0","3,6","0","3,6","0","3,6","28","3,6","1","3,6","19271026","+,3,6","19271031","+,,6","19271009",",,6","19271001",",3,6","0.6","3,6,26,+","0",",,6,31,+","29.2",",,6,09,","32.2","3,6,01,","58.4","6","47.8","3,6","74.9",",,,6","0",",,,6","17.77","3,6","26.78","3,,,6","8.75","3,,,6"
"USC00318547","1927-11","35.583333","-75.8","4.6","TERRA CEIA, NC US","759.4","6","3.6","2,6","4",",6","4",",6","4",",6","0",",6","0","1,6","12","1,6","0","1,6","17","1,6","0","1,6","19271121",",1,6","19271130","+,,6","19271118",",,6","19271116",",1,6","-7.2","1,6,21,","0",",,6,30,+","50.8",",,6,18,","26.7","1,6,16,","246.6","6","188.2","1,6","134.5",",,,6","0",",,,6","11.81","2,6","20.43","1,,,6","3.20","1,,,6"
"USC00318547","1927-12","35.583333","-75.8","4.6","TERRA CEIA, NC US","759.4","6","0.0","1,6","4",",6","4",",6","3",",6","0",",6","0",",6","17",",6","0","1,6","10","1,6","0","1,6","19271226",",,6","19271231","+,,6","19271204",",,6","19271213",",1,6","-9.4",",6,26,","0",",,6,31,+","50.8",",,6,04,","26.1","1,6,13,","565.5","6","318.9","1,6","121.9",",,,6","0",",,,6","7.76","1,6","15.74","1,,,6","-0.22",",,,6"
