"STATION","DATE","LATITUDE","LONGITUDE","ELEVATION","NAME","CDSD","CDSD_ATTRIBUTES","CLDD","CLDD_ATTRIBUTES","DP01","DP01_ATTRIBUTES","DP10","DP10_ATTRIBUTES","DP1X","DP1X_ATTRIBUTES","DSNW","DSNW_ATTRIBUTES","DT00","DT00_ATTRIBUTES","DT32","DT32_ATTRIBUTES","DX32","DX32_ATTRIBUTES","DX70","DX70_ATTRIBUTES","DX90","DX90_ATTRIBUTES","DYNT","DYNT_ATTRIBUTES","DYSN","DYSN_ATTRIBUTES","DYXP","DYXP_ATTRIBUTES","DYXT","DYXT_ATTRIBUTES","EMNT","EMNT_ATTRIBUTES","EMSN","EMSN_ATTRIBUTES","EMXP","EMXP_ATTRIBUTES","EMXT","EMXT_ATTRIBUTES","HDSD","HDSD_ATTRIBUTES","HTDD","HTDD_ATTRIBUTES","PRCP","PRCP_ATTRIBUTES","SNOW","SNOW_ATTRIBUTES","TAVG","TAVG_ATTRIBUTES","TMAX","TMAX_ATTRIBUTES","TMIN","TMIN_ATTRIBUTES"
"USC00355400","1912-04","45.7","-121.833333","259.1","MEADOWBROOK RANCH, OR US","","","0.0",",6","7",",6","4",",6","0",",6","","","0",",6","4",",6","0",",6","1",",6","0",",6","19120414",",,6","","","19120410",",,6","19120408",",,6","-2.2",",6,14,","","","8.4",",,6,10,","22.2",",6,08,","","","271.0",",6","23.5",",,,6","","","9.30",",6","15.15",",,,6","3.45",",,,6"
"USC00355400","1912-05","45.7","-121.833333","259.1","MEADOWBROOK RANCH, OR US","","","3.1","2,6","8",",6","5",",6","0",",6","","","0","2,6","0","2,6","0","2,6","14","2,6","0","2,6","19120506",",2,6","","","19120525",",,6","19120514",",2,6","2.2","2,6,06,","","","20.8",",,6,25,","31.1","2,6,14,","","","135.6","2,6","41.0",",,,6","","","13.76","2,6","20.71","2,,,6","6.82","2,,,6"
"USC00355400","1912-06","45.7","-121.833333","259.1","MEADOWBROOK RANCH, OR US","","","27.8",",6","4",",6","3",",6","0",",6","","","0",",6","0",",6","0",",6","19",",6","3",",6","19120614","+,,6","","","19120613",",,6","19120618",",,6","6.1",",6,14,+","","","6.4",",,6,13,","33.3",",6,18,","","","68.5",",6","16.6",",,,6","","","16.98",",6","23.97",",,,6","9.98",",,,6"
"USC00355400","1912-07","45.7","-121.833333","259.1","MEADOWBROOK RANCH, OR US","","","56.1",",6","2",",6","0",",6","0",",6","","","0",",6","0",",6","0",",6","24",",6","5",",6","19120702",",,6","","","19120701",",,6","19120718","+,,6","6.7",",6,02,","","","1.3",",,6,01,","35.0",",6,18,+","34.4","6","34.4",",6","2.1",",,,6","","","19.03",",6","26.05",",,,6","12.01",",,,6"
"USC00355400","1912-08","45.7","-121.833333","259.1","MEADOWBROOK RANCH, OR US","","","34.2",",6","7",",6","5",",6","1",",6","","","0",",6","0",",6","0",",6","21",",6","3",",6","19120830","+,,6","","","19120831",",,6","19120823",",,6","6.7",",6,30,+","","","25.7",",,6,31,","33.9",",6,23,","85.4","6","51.0",",6","58.4",",,,6","","","17.79",",6","24.34",",,,6","11.24",",,,6"
"USC00355400","1912-09","45.7","-121.833333","259.1","MEADOWBROOK RANCH, OR US","","","3.0",",6","5",",6","2",",6","0",",6","","","0",",6","0",",6","0",",6","20",",6","0",",6","19120924",",,6","","","19120901",",,6","19120913",",,6","2.2",",6,24,","","","18.8",",,6,01,","28.9",",6,13,","196.5","6","111.1",",6","31.3",",,,6","","","14.73",",6","21.96",",,,6","7.50",",,,6"
"USC00355400","1912-10","45.7","-121.833333","259.1","MEADOWBROOK RANCH, OR US","","","0.0","1,6","15",",6","9",",6","0",",6","","","0",",6","5",",6","0","1,6","0","1,6","0","1,6","19121030",",,6","","","19121019",",,6","19121013","+,1,6","-1.1",",6,30,","","","24.9",",,6,19,","20.0","1,6,13,+","487.7","6","291.2","1,6","100.4",",,,6","","","8.70","1,6","14.38","1,,,6","3.01",",,,6"
"USC00355400","1912-11","45.7","-121.833333","259.1","MEADOWBROOK RANCH, OR US","","","0.0","1,6","14",",6","13",",6","1",",6","","","0","1,6","6","1,6","0",",6","0",",6","0",",6","19121129",",1,6","","","19121112",",,6","19121124","+,,6","-3.3","1,6,29,","","","29.7",",,6,12,","12.8",",6,24,+","841.6","6","353.9",",6","135.3",",,,6","","","6.14","1,6","9.30",",,,6","2.99","1,,,6"
"USC00355400","1912-12","45.7","-121.833333","259.1","MEADOWBROOK RANCH, OR US","","","0.0",",6","17",",6","12",",6","1",",6","","","0",",6","21",",6","0",",6","0",",6","0",",6","19121221",",,6","","","19121229",",,6","19121230",",,6","-5.0",",6,21,","","","62.2",",,6,29,","11.7",",6,30,","1326.8","6","485.2",",6","229.0",",,,6","","","2.68",",6","5.92",",,,6","-0.56",",,,6"
"USC00355400","1913-01","45.7","-121.833333","259.1","MEADOWBROOK RANCH, OR US","0.0","6","0.0",",6","","","","","","","11",",6","0",",6","30",",6","6",",6","0",",6","0",",6","19130105",",,6","19130118",",,6","","","19130125",",,6","-12.2",",6,05,","381",",,6,18,","","","10.6",",6,25,","1891.0","6","564.2",",6","","","1613",",,,6","0.13",",6","3.83",",,,6","-3.57",",,,6"
"USC00355400","1913-02","45.7","-121.833333","259.1","MEADOWBROOK RANCH, OR US","0.0","6","0.0","1,6","6",",6","1",",6","0",",6","2",",6","0","1,6","24","1,6","5","1,6","0","1,6","0","1,6","19130208",",1,6","19130204",",,6","19130214",",,6","19130220",",1,6","-12.2","1,6,08,","89",",,6,04,","6.1",",,6,14,","16.1","1,6,20,","2376.9","6","485.9","1,6","12.7",",,,6","114",",,,6","0.34","1,6","4.97","1,,,6","-4.30","1,,,6"
"USC00355400","1913-03","45.7","-121.833333","259.1","MEADOWBROOK RANCH, OR US","0.0","6","0.0",",6","13",",6","9",",6","1",",6","3",",6","0",",6","15",",6","0",",6","0",",6","0",",6","19130325",",,6","19130319",",,6","19130329",",,6","19130309","+,,6","-6.7",",6,25,","51",",,6,19,","41.1",",,6,29,","16.7",",6,09,+","2788.8","6","411.9",",6","98.9",",,,6","101",",,,6","5.05",",6","10.00",",,,6","0.09",",,,6"
"USC00355400","1913-04","45.7","-121.833333","259.1","MEADOWBROOK RANCH, OR US","0.0","6","0.0","3,6","5",",6","5",",6","0",",6","","","0","2,6","3","2,6","0","3,6","4","3,6","0","3,6","19130427",",2,6","","","19130404",",,6","19130411",",3,6","-1.1","2,6,27,","","","14.7",",,6,04,","23.9","3,6,11,","3021.3","6","232.5","3,6","39.3",",,,6","","","9.67","3,6","16.09","3,,,6","3.26","2,,,6"
"USC00355400","1913-05","45.7","-121.833333","259.1","MEADOWBROOK RANCH, OR US","2.8","6","2.8",",6","12",",6","5",",6","0",",6","","","0",",6","0",",6","0",",6","11",",6","0",",6","19130516","+,,6","","","19130507",",,6","19130531",",,6","2.2",",6,16,+","","","11.2",",,6,07,","31.1",",6,31,","3181.8","6","160.5",",6","44.5",",,,6","","","13.25",",6","19.79",",,,6","6.70",",,,6"
"USC00355400","1913-06","45.7","-121.833333","259.1","MEADOWBROOK RANCH, OR US","17.6","6","14.8",",6","","","","","","","","","0",",6","0",",6","0",",6","20",",6","1",",6","19130615",",,6","","","","","19130601",",,6","5.6",",6,15,","","","","","33.9",",6,01,","3234.8","6","53.0",",6","","","","","17.06",",6","23.35",",,,6","10.76",",,,6"
"USC00355400","1913-07","45.7","-121.833333","259.1","MEADOWBROOK RANCH, OR US","77.1","6","59.5",",6","3",",6","1",",6","0",",6","","","0",",6","0",",6","0",",6","29",",6","6",",6","19130714",",,6","","","19130703",",,6","19130720",",,6","5.6",",6,14,","","","3.8",",,6,03,","36.7",",6,20,","32.6","6","32.6",",6","5.1",",,,6","","","19.20",",6","26.55",",,,6","11.85",",,,6"
"USC00355400","1913-08","45.7","-121.833333","259.1","MEADOWBROOK RANCH, OR US","155.3","6","78.2",",6","2",",6","1",",6","0",",6","","","0",",6","0",",6","0",",6","26",",6","5",",6","19130819",",,6","","","19130817",",,6","19130801",",,6","5.6",",6,19,","","","3.3",",,6,17,","37.2",",6,01,","59.5","6","26.9",",6","5.1",",,,6","","","19.99",",6","27.58",",,,6","12.40",",,,6"
"USC00355400","1913-09","45.7","-121.833333","259.1","MEADOWBROOK RANCH, OR US","159.8","6","4.5",",6","7",",6","4",",6","0",",6","","","0",",6","0",",6","0",",6","20",",6","0",",6","19130925","+,,6","","","19130903",",,6","19130912",",,6","2.2",",6,25,+","","","11.7",",,6,03,","30.6",",6,12,","155.5","6","96.0",",6","31.6",",,,6","","","15.28",",6","22.82",",,,6","7.74",",,,6"
"USC00355400","1913-10","45.7","-121.833333","259.1","MEADOWBROOK RANCH, OR US","159.8","6","0.0","1,6","14",",6","7",",6","1",",6","","","0","1,6","4","1,6","0","1,6","2","1,6","0","1,6","19131029",",1,6","","","19131007",",,6","19131001",",1,6","-1.7","1,6,29,","","","31.2",",,6,07,","23.3","1,6,01,","411.1","6","255.6","1,6","98.0",",,,6","","","9.81","1,6","15.56","1,,,6","4.07","1,,,6"
"USC00355400","1913-11","45.7","-121.833333","259.1","MEADOWBROOK RANCH, OR US","159.8","6","0.0",",6","18",",6","13",",6","0",",6","","","0",",6","6",",6","0",",6","0",",6","0",",6","19131118","+,,6","","","19131105",",,6","19131106","+,,6","-1.7",",6,18,+","","","22.4",",,6,05,","13.3",",6,06,+","789.0","6","377.9",",6","129.8",",,,6","","","5.74",",6","8.95",",,,6","2.52",",,,6"
"USC00355400","1913-12","45.7","-121.833333","259.1","MEADOWBROOK RANCH, OR US","159.8","6","0.0","1,6","","","","","","","6",",6","0","1,6","27","1,6","3","1,6","0","1,6","0","1,6","19131223",",1,6","19131224",",,6","","","19131201",",1,6","-8.9","1,6,23,","178",",,6,24,","","","11.1","1,6,01,","1319.9","6","530.9","1,6","","","610",",,,6","0.64","1,6","3.08","1,,,6","-1.81","1,,,6"
"USC00355400","1914-01","45.7","-121.833333","259.1","MEADOWBROOK RANCH, OR US","0.0","","0.0",",6","23",",6","21",",6","1",",6","2",",6","0",",6","13",",6","0",",6","0",",6","0",",6","19140111",",,6","19140121",",,6","19140121",",,6","19140117",",,6","-3.3",",6,11,","127",",,6,21,","54.9",",,6,21,","12.2",",6,17,","1779.7","","459.8",",6","232.8",",,,6","242",",,,6","3.50",",6","6.56",",,,6","0.45",",,,6"
"USC00355400","1914-02","45.7","-121.833333","259.1","MEADOWBROOK RANCH, OR US","0.0","","0.0",",6","12",",6","9",",6","0",",6","2",",6","0",",6","15",",6","0",",6","0",",6","0",",6","19140206",",,6","19140205",",,6","19140224",",,6","19140227",",,6","-8.9",",6,06,","51",",,6,05,","21.6",",,6,24,","14.4",",6,27,","2199.8","","420.1",",6","97.6",",,,6","76",",,,6","3.33",",6","6.58",",,,6","0.08",",,,6"
"USC00355400","1914-03","45.7","-121.833333","259.1","MEADOWBROOK RANCH, OR US","0.0","","0.0",",6","10",",6","6",",6","0",",6","","","0",",6","4",",6","0",",6","1",",6","0",",6","19140311",",,6","","","19140326","+,,6","19140317",",,6","-1.7",",6,11,","","","6.9",",,6,26,+","22.8",",6,17,","2520.4","","320.6",",6","33.5",",,,6","","","7.99",",6","13.37",",,,6","2.62",",,,6"
"USC00355400","1914-04","45.7","-121.833333","259.1","MEADOWBROOK RANCH, OR US","0.0","","0.0","1,6","14",",6","8",",6","0",",6","","","0",",6","2",",6","0","1,6","5","1,6","0","1,6","19140421",",,6","","","19140410",",,6","19140430",",1,6","-1.7",",6,21,","","","13.7",",,6,10,","25.0","1,6,30,","2747.4","","227.0","1,6","70.9",",,,6","","","10.40","1,6","16.65","1,,,6","4.16",",,,6"
"USC00355400","1914-05","45.7","-121.833333","259.1","MEADOWBROOK RANCH, OR US","4.2","","4.2","3,6","10",",6","4",",6","0",",6","","","0","3,6","0","3,6","0","3,6","17","3,6","1","3,6","19140505",",3,6","","","19140508",",,6","19140531",",3,6","1.7","3,6,05,","","","7.1",",,6,08,","32.2","3,6,31,","2852.7","","105.3","3,6","22.2",",,,6","","","14.72","3,6","22.60","3,,,6","6.85","3,,,6"
"USC00355400","1914-06","45.7","-121.833333","259.1","MEADOWBROOK RANCH, OR US","26.7","","22.5",",6","10",",6","5",",6","0",",6","0",",6","0",",6","0",",6","0",",6","16",",6","2",",6","19140628","+,,6","19140630","+,,6","19140624",",,6","19140630","+,,6","4.4",",6,28,+","0",",,6,30,+","8.9",",,6,24,","33.9",",6,30,+","2956.1","","103.4",",6","33.7",",,,6","0",",,,6","15.64",",6","22.33",",,,6","8.94",",,,6"
"USC00355400","1914-07","45.7","-121.833333","259.1","MEADOWBROOK RANCH, OR US","87.0","","60.3","4,6","1",",6","1",",6","0",",6","","","0","4,6","0","4,6","0","3,6","27","3,6","5","3,6","19140722","+,4,6","","","19140712",",,6","19140718",",3,6","7.8","4,6,22,+","","","3.0",",,6,12,","37.2","3,6,18,","2.5","","2.5","3,6","3.0",",,,6","","","20.49","4,6","28.79","3,,,6","12.18","4,,,6"
