"STATION","DATE","LATITUDE","LONGITUDE","ELEVATION","NAME","CDSD","CDSD_ATTRIBUTES","CLDD","CLDD_ATTRIBUTES","DP01","DP01_ATTRIBUTES","DP10","DP10_ATTRIBUTES","DP1X","DP1X_ATTRIBUTES","DSNW","DSNW_ATTRIBUTES","DT00","DT00_ATTRIBUTES","DT32","DT32_ATTRIBUTES","DX32","DX32_ATTRIBUTES","DX70","DX70_ATTRIBUTES","DX90","DX90_ATTRIBUTES","DYNT","DYNT_ATTRIBUTES","DYSN","DYSN_ATTRIBUTES","DYXP","DYXP_ATTRIBUTES","DYXT","DYXT_ATTRIBUTES","EMNT","EMNT_ATTRIBUTES","EMSN","EMSN_ATTRIBUTES","EMXP","EMXP_ATTRIBUTES","EMXT","EMXT_ATTRIBUTES","HDSD","HDSD_ATTRIBUTES","HTDD","HTDD_ATTRIBUTES","PRCP","PRCP_ATTRIBUTES","SNOW","SNOW_ATTRIBUTES","TAVG","TAVG_ATTRIBUTES","TMAX","TMAX_ATTRIBUTES","TMIN","TMIN_ATTRIBUTES"
"USC00168004","1892-05","30.766667","-90.516667",,"ROSELAND, LA US","","","145.0",",6","6",",6","3",",6","1",",6","","","0",",6","0",",6","0",",6","30",",6","3",",6","18920523",",,6","","","18920518",",,6","18920530",",,6","7.2",",6,23,","","","37.8",",,6,18,","32.8",",6,30,","","","6.4",",6","62.7",",,,6","","","22.80",",6","28.88",",,,6","16.72",",,,6"
"USC00168004","1892-06","30.766667","-90.516667",,"ROSELAND, LA US","","","227.9",",6","15",",6","9",",6","2",",6","","","0",",6","0",",6","0",",6","30",",6","15",",6","18920604",",,6","","","18920616",",,6","18920611",",,6","12.2",",6,04,","","","31.8",",,6,16,","37.2",",6,11,","","","0.0",",6","141.9",",,,6","","","25.93",",6","31.72",",,,6","20.14",",,,6"
"USC00168004","1892-07","30.766667","-90.516667",,"ROSELAND, LA US","","","253.1",",6","","","","","","","","","0",",6","0",",6","0",",6","31",",6","15",",6","18920713",",,6","","","","","18920723",",,6","20.0",",6,13,","","","","","34.4",",6,23,","0.0","6","0.0",",6","","","","","26.50",",6","31.16",",,,6","21.84",",,,6"
"USC00168004","1892-12","30.766667","-90.516667",,"ROSELAND, LA US","","","","","","","","","","","0",",6","","","","","","","","","","","","","18921231","+,,6","","","","","","","0",",,6,31,+","","","","","","","","","","","0",",,,6","","","","","",""
"USC00168004","1893-01","30.766667","-90.516667",,"ROSELAND, LA US","0.0","6","0.0",",6","","","","","","","0",",6","0",",6","16",",6","0",",6","5",",6","0",",6","18930120","+,,6","18930117",",,6","","","18930131",",,6","-5.6",",6,20,+","8",",,6,17,","","","25.0",",6,31,","","","297.5",",6","","","8",",,,6","8.74",",6","15.64",",,,6","1.84",",,,6"
"USC00168004","1893-02","30.766667","-90.516667",,"ROSELAND, LA US","11.4","6","11.4","5,6","","","","","","","0",",6","0","3,6","0","3,6","0","2,6","13","2,6","0","2,6","18930223","+,3,6","18930228","+,,6","","","18930215",",2,6","1.1","3,6,23,+","0",",,6,28,+","","","26.7","2,6,15,","","","96.2","2,6","","","0",",,,6","14.86","5,6","20.71","2,,,6","9.01","3,,,6"
"USC00168004","1893-03","30.766667","-90.516667",,"ROSELAND, LA US","31.7","6","20.3","2,6","7",",6","4",",6","1",",6","0",",6","0","1,6","3","1,6","0","1,6","18","1,6","0","1,6","18930305",",1,6","18930331","+,,6","18930316",",,6","18930324",",1,6","-1.7","1,6,05,","0",",,6,31,+","47.2",",,6,16,","30.0","1,6,24,","","","114.6","1,6","81.0",",,,6","0",",,,6","15.01","2,6","22.03","1,,,6","8.00","1,,,6"
"USC00168004","1893-04","30.766667","-90.516667",,"ROSELAND, LA US","144.1","6","112.4","2,6","","","","","","","0",",6","0","1,6","0","1,6","0","1,6","29","1,6","0","1,6","18930421","+,1,6","18930430","+,,6","","","18930404",",1,6","7.2","1,6,21,+","0",",,6,30,+","","","31.1","1,6,04,","","","12.6","1,6","","","0",",,,6","21.70","2,6","27.64","1,,,6","15.76","1,,,6"
"USC00168004","1893-05","30.766667","-90.516667",,"ROSELAND, LA US","294.0","6","149.9","2,6","11",",6","8",",6","2",",6","0",",6","0","1,6","0","1,6","0","1,6","30","1,6","3","1,6","18930504",",1,6","18930531","+,,6","18930502",",,6","18930527",",1,6","10.6","1,6,04,","0",",,6,31,+","49.5",",,6,02,","33.9","1,6,27,","","","0.0","1,6","153.9",",,,6","0",",,,6","23.61","2,6","29.33","1,,,6","17.89","1,,,6"
"USC00168004","1893-06","30.766667","-90.516667",,"ROSELAND, LA US","541.2","6","247.2",",6","15",",6","8",",6","2",",6","0",",6","0",",6","0",",6","0",",6","30",",6","14",",6","18930607",",,6","18930630","+,,6","18930619",",,6","18930626",",,6","16.7",",6,07,","0",",,6,30,+","59.4",",,6,19,","36.7",",6,26,","","","0.0",",6","174.5",",,,6","0",",,,6","26.57",",6","31.91",",,,6","21.24",",,,6"
"USC00168004","1893-07","30.766667","-90.516667",,"ROSELAND, LA US","839.7","6","298.5",",6","","","","","","","0",",6","0",",6","0",",6","0",",6","31",",6","28",",6","18930723",",,6","18930731","+,,6","","","18930727",",,6","20.0",",6,23,","0",",,6,31,+","","","36.1",",6,27,","0.0","6","0.0",",6","","","0",",,,6","27.96",",6","33.74",",,,6","22.19",",,,6"
"USC00168004","1893-08","30.766667","-90.516667",,"ROSELAND, LA US","1085.1","6","245.4","2,6","13",",6","11",",6","3",",6","0",",6","0","2,6","0","2,6","0",",6","31",",6","22",",6","18930822",",2,6","18930831","+,,6","18930809",",,6","18930827",",,6","15.6","2,6,22,","0",",,6,31,+","49.3",",,6,09,","35.0",",6,27,","0.0","6","0.0",",6","180.8",",,,6","0",",,,6","26.78","2,6","32.52",",,,6","21.04","2,,,6"
"USC00168004","1893-09","30.766667","-90.516667",,"ROSELAND, LA US","1295.8","6","210.7","2,6","10",",6","6",",6","2",",6","0",",6","0","1,6","0","1,6","0","1,6","29","1,6","17","1,6","18930918",",1,6","18930930","+,,6","18930907",",,6","18930916",",1,6","14.4","1,6,18,","0",",,6,30,+","69.9",",,6,07,","36.1","1,6,16,","0.0","6","0.0","1,6","152.5",",,,6","0",",,,6","25.72","2,6","31.91","1,,,6","19.54","1,,,6"
"USC00168004","1893-10","30.766667","-90.516667",,"ROSELAND, LA US","1350.4","6","54.6","1,6","3",",6","2",",6","0",",6","0",",6","0","1,6","0","1,6","0","1,6","30","1,6","0","1,6","18931031",",1,6","18931031","+,,6","18931005",",,6","18931011",",1,6","2.2","1,6,31,","0",",,6,31,+","21.6",",,6,05,","31.7","1,6,11,","37.2","6","37.2","1,6","38.8",",,,6","0",",,,6","18.91","1,6","26.92","1,,,6","10.90","1,,,6"
"USC00168004","1893-11","30.766667","-90.516667",,"ROSELAND, LA US","1354.6","6","4.2","1,6","7",",6","7",",6","2",",6","0",",6","0",",6","4",",6","0","1,6","15","1,6","0","1,6","18931125","+,,6","18931130","+,,6","18931127",",,6","18931102",",1,6","-1.1",",6,25,+","0",",,6,30,+","80.8",",,6,27,","27.2","1,6,02,","170.3","6","133.1","1,6","175.2",",,,6","0",",,,6","13.93","1,6","20.57","1,,,6","7.30",",,,6"
"USC00168004","1893-12","30.766667","-90.516667",,"ROSELAND, LA US","1365.1","6","10.5","3,6","8",",6","5",",6","1",",6","0",",6","0","2,6","6","2,6","0","2,6","17","2,6","0","2,6","18931205",",2,6","18931231","+,,6","18931203",",,6","18931225","+,2,6","-5.0","2,6,05,","0",",,6,31,+","39.1",",,6,03,","26.1","2,6,25,+","321.5","6","151.2","2,6","119.1",",,,6","0",",,,6","13.24","3,6","20.38","2,,,6","6.11","2,,,6"
"USC00168004","1894-01","30.766667","-90.516667",,"ROSELAND, LA US","13.6","","13.6","4,6","9",",6","9",",6","1",",6","0",",6","0","2,6","7","2,6","0","2,6","15","2,6","0","2,6","18940125",",2,6","18940131","+,,6","18940115",",,6","18940106",",2,6","-6.7","2,6,25,","0",",,6,31,+","31.8",",,6,15,","27.2","2,6,06,","463.4","","141.9","2,6","111.8",",,,6","0",",,,6","13.27","4,6","20.10","2,,,6","6.45","2,,,6"
"USC00168004","1894-02","30.766667","-90.516667",,"ROSELAND, LA US","20.3","","6.7","4,6","14",",6","10",",6","3",",6","0",",6","0","2,6","7","2,6","0","2,6","6","2,6","0","2,6","18940216",",2,6","18940228","+,,6","18940223",",,6","18940203",",2,6","-5.6","2,6,16,","0",",,6,28,+","47.5",",,6,23,","28.3","2,6,03,","647.2","","183.8","2,6","211.4",",,,6","0",",,,6","11.28","4,6","16.56","2,,,6","6.00","2,,,6"
"USC00168004","1894-03","30.766667","-90.516667",,"ROSELAND, LA US","66.4","","46.1","1,6","10",",6","8",",6","2",",6","0",",6","0",",6","4",",6","0","1,6","19","1,6","0","1,6","18940327",",,6","18940331","+,,6","18940324",",,6","18940311",",1,6","-2.2",",6,27,","0",",,6,31,+","48.8",",,6,24,","28.9","1,6,11,","748.0","","100.8","1,6","153.1",",,,6","0",",,,6","16.58","1,6","22.13","1,,,6","11.03",",,,6"
"USC00168004","1894-04","30.766667","-90.516667",,"ROSELAND, LA US","162.5","","96.1",",6","6",",6","5",",6","1",",6","0",",6","0",",6","0",",6","0",",6","30",",6","0",",6","18940411",",,6","18940430","+,,6","18940409",",,6","18940415",",,6","7.2",",6,11,","0",",,6,30,+","32.5",",,6,09,","30.6",",6,15,","754.2","","6.2",",6","71.6",",,,6","0",",,,6","21.33",",6","27.12",",,,6","15.54",",,,6"
"USC00168004","1894-05","30.766667","-90.516667",,"ROSELAND, LA US","315.6","","153.1",",6","6",",6","4",",6","0",",6","0",",6","0",",6","0",",6","0",",6","31",",6","4",",6","18940520",",,6","18940531","+,,6","18940524",",,6","18940529","+,,6","6.1",",6,20,","0",",,6,31,+","21.8",",,6,24,","33.9",",6,29,+","757.8","","3.6",",6","43.5",",,,6","0",",,,6","23.16",",6","29.88",",,,6","16.44",",,,6"
"USC00168004","1894-06","30.766667","-90.516667",,"ROSELAND, LA US","523.4","","207.8",",6","8",",6","7",",6","2",",6","0",",6","0",",6","0",",6","0",",6","30",",6","15",",6","18940603",",,6","18940630","+,,6","18940621",",,6","18940630",",,6","12.2",",6,03,","0",",,6,30,+","63.2",",,6,21,","36.7",",6,30,","757.8","","0.0",",6","179.1",",,,6","0",",,,6","25.26",",6","31.54",",,,6","18.98",",,,6"
"USC00168004","1894-07","30.766667","-90.516667",,"ROSELAND, LA US","757.0","","233.6",",6","12",",6","9",",6","2",",6","0",",6","0",",6","0",",6","0",",6","31",",6","11",",6","18940724",",,6","18940731","+,,6","18940706",",,6","18940701",",,6","16.7",",6,24,","0",",,6,31,+","30.5",",,6,06,","37.2",",6,01,","0.0","","0.0",",6","154.7",",,,6","0",",,,6","25.87",",6","30.97",",,,6","20.76",",,,6"
"USC00168004","1894-09","30.766667","-90.516667",,"ROSELAND, LA US","","","213.3",",6","","","","","","","","","0",",6","0",",6","0",",6","30",",6","12",",6","18940928",",,6","","","","","18940910",",,6","11.7",",6,28,","","","","","33.3",",6,10,","","","0.0",",6","","","","","25.44",",6","31.34",",,,6","19.54",",,,6"
