"STATION","DATE","LATITUDE","LONGITUDE","ELEVATION","NAME","CDSD","CDSD_ATTRIBUTES","CLDD","CLDD_ATTRIBUTES","DP01","DP01_ATTRIBUTES","DP10","DP10_ATTRIBUTES","DP1X","DP1X_ATTRIBUTES","DSND","DSND_ATTRIBUTES","DSNW","DSNW_ATTRIBUTES","DT00","DT00_ATTRIBUTES","DT32","DT32_ATTRIBUTES","DX32","DX32_ATTRIBUTES","DX70","DX70_ATTRIBUTES","DX90","DX90_ATTRIBUTES","DYFG","DYFG_ATTRIBUTES","DYNT","DYNT_ATTRIBUTES","DYSD","DYSD_ATTRIBUTES","DYSN","DYSN_ATTRIBUTES","DYXP","DYXP_ATTRIBUTES","DYXT","DYXT_ATTRIBUTES","EMNT","EMNT_ATTRIBUTES","EMSD","EMSD_ATTRIBUTES","EMSN","EMSN_ATTRIBUTES","EMXP","EMXP_ATTRIBUTES","EMXT","EMXT_ATTRIBUTES","HDSD","HDSD_ATTRIBUTES","HTDD","HTDD_ATTRIBUTES","PRCP","PRCP_ATTRIBUTES","SNOW","SNOW_ATTRIBUTES","TAVG","TAVG_ATTRIBUTES","TMAX","TMAX_ATTRIBUTES","TMIN","TMIN_ATTRIBUTES"
"USC00208402","1896-06","43.18333","-82.93333","244.8","VALLEY CENTER, MI US","","","78.1",",6","7",",6","4",",6","1",",6","","","","","0",",6","0",",6","0",",6","30",",6","3",",6","","","18960630",",,6","","","","","18960605",",,6","18960606",",,6","3.3",",6,30,","","","","","39.9",",,6,05,","35.6",",6,06,","","","10.3",",6","76.6",",,,6","","","20.60",",6","29.11",",,,6","12.08",",,,6"
"USC00208402","1896-07","43.18333","-82.93333","244.8","VALLEY CENTER, MI US","","","91.4",",6","7",",6","7",",6","0",",6","","","","","0",",6","0",",6","0",",6","31",",6","5",",6","","","18960716",",,6","","","","","18960719",",,6","18960702","+,,6","3.3",",6,16,","","","","","16.5",",,6,19,","33.3",",6,02,+","16.1","","16.1",",6","67.2",",,,6","","","20.76",",6","28.42",",,,6","13.10",",,,6"
"USC00208402","1896-08","43.18333","-82.93333","244.8","VALLEY CENTER, MI US","","","71.4",",6","8",",6","8",",6","1",",6","","","","","0",",6","0",",6","0",",6","31",",6","4",",6","","","18960831",",,6","","","","","18960805",",,6","18960805",",,6","1.1",",6,31,","","","","","50.3",",,6,05,","33.9",",6,05,","52.5","","36.4",",6","123.8",",,,6","","","19.46",",6","26.66",",,,6","12.27",",,,6"
"USC00208402","1897-01","43.18333","-82.93333","244.8","VALLEY CENTER, MI US","0.0","6","0.0","3,6","5","1,6","5","1,6","0","1,6","","","2",",6","6","3,6","26","3,6","20","3,6","0","3,6","0","3,6","","","18970127",",3,6","","","18970111",",,6","18970102",",1,6","18970103",",3,6","-25.0","3,6,27,","","","51",",,6,11,","17.8","1,,6,02,","9.4","3,6,03,","","","722.0","3,6","37.6","1,,,6","76",",,,6","-7.45","3,6","-2.55","3,,,6","-12.36","3,,,6"
"USC00208402","1897-02","43.18333","-82.93333","244.8","VALLEY CENTER, MI US","0.0","6","0.0","1,6","3",",6","2",",6","0",",6","","","1",",6","2","1,6","27","1,6","13",",6","0",",6","0",",6","","","18970227",",1,6","","","18970211",",,6","18970211","+,,6","18970217",",,6","-22.8","1,6,27,","","","51",",,6,11,","5.1",",,6,11,+","7.8",",6,17,","","","614.4",",6","11.5",",,,6","72",",,,6","-4.54","1,6","-0.70",",,,6","-8.38","1,,,6"
"USC00208402","1897-03","43.18333","-82.93333","244.8","VALLEY CENTER, MI US","0.0","6","0.0",",6","9",",6","8",",6","0",",6","","","4",",6","0",",6","28",",6","12",",6","0",",6","0",",6","","","18970315",",,6","","","18970323",",,6","18970319",",,6","18970330",",,6","-15.0",",6,15,","","","102",",,6,23,","16.8",",,6,19,","11.7",",6,30,","","","597.4",",6","66.9",",,,6","229",",,,6","-0.94",",6","3.98",",,,6","-5.86",",,,6"
"USC00208402","1897-04","43.18333","-82.93333","244.8","VALLEY CENTER, MI US","0.0","6","0.0",",6","8","1,6","7","1,6","0","1,6","","","1",",6","0",",6","17",",6","1",",6","3",",6","0",",6","","","18970419","+,,6","","","18970409",",,6","18970430",",1,6","18970422",",,6","-9.4",",6,19,+","","","64",",,6,09,","22.9","1,,6,30,","23.9",",6,22,","","","377.5",",6","67.2","1,,,6","64",",,,6","5.75",",6","11.48",",,,6","0.02",",,,6"
"USC00208402","1897-05","43.18333","-82.93333","244.8","VALLEY CENTER, MI US","1.9","6","1.9",",6","","","","","","","","","","","0",",6","2",",6","0",",6","8",",6","0",",6","","","18970525",",,6","","","","","","","18970519","+,,6","-2.8",",6,25,","","","","","","","26.7",",6,19,+","","","211.3",",6","","","","","11.58",",6","17.96",",,,6","5.20",",,,6"
"USC00208402","1897-06","43.18333","-82.93333","244.8","VALLEY CENTER, MI US","26.1","6","24.2",",6","11","1,6","9","1,6","0","1,6","","","","","0",",6","1",",6","0",",6","23",",6","0",",6","","","18970608",",,6","","","","","18970619",",1,6","18970615",",,6","-0.6",",6,08,","","","","","20.3","1,,6,19,","30.6",",6,15,","","","80.7",",6","67.0","1,,,6","","","16.45",",6","23.50",",,,6","9.40",",,,6"
"USC00208402","1897-07","43.18333","-82.93333","244.8","VALLEY CENTER, MI US","141.8","6","115.7",",6","9",",6","6",",6","1",",6","","","","","0",",6","0",",6","0",",6","31",",6","8",",6","","","18970713",",,6","","","","","18970726",",,6","18970709","+,,6","9.4",",6,13,","","","","","96.5",",,6,26,","36.1",",6,09,+","3.6","6","3.6",",6","148.5",",,,6","","","21.95",",6","29.08",",,,6","14.82",",,,6"
"USC00208402","1897-08","43.18333","-82.93333","244.8","VALLEY CENTER, MI US","167.8","6","26.0",",6","9",",6","6",",6","0",",6","","","","","0",",6","1",",6","0",",6","29",",6","0",",6","","","18970817",",,6","","","","","18970804",",,6","18970803",",,6","0.0",",6,17,","","","","","16.5",",,6,04,","30.6",",6,03,","61.2","6","57.6",",6","40.6",",,,6","","","17.31",",6","25.03",",,,6","9.60",",,,6"
"USC00208402","1897-09","43.18333","-82.93333","244.8","VALLEY CENTER, MI US","208.1","6","40.3",",6","4",",6","2",",6","0",",6","","","","","0",",6","4",",6","0",",6","24",",6","4",",6","","","18970927",",,6","","","","","18970901",",,6","18970910",",,6","-5.0",",6,27,","","","","","7.6",",,6,01,","34.4",",6,10,","160.8","6","99.6",",6","14.2",",,,6","","","16.36",",6","24.69",",,,6","8.02",",,,6"
"USC00208402","1897-10","43.18333","-82.93333","244.8","VALLEY CENTER, MI US","208.9","6","0.8",",6","7",",6","4",",6","0",",6","","","","","0",",6","9",",6","0",",6","6",",6","0",",6","","","18971017",",,6","","","","","18971019",",,6","18971015",",,6","-7.2",",6,17,","","","","","10.2",",,6,19,","27.2",",6,15,","421.2","6","260.4",",6","30.9",",,,6","","","9.96",",6","17.23",",,,6","2.69",",,,6"
"USC00208402","1897-11","43.18333","-82.93333","244.8","VALLEY CENTER, MI US","208.9","6","0.0","2,6","11",",6","7",",6","1",",6","","","","","0","1,6","22","1,6","5","1,6","0","1,6","0","1,6","","","18971123",",1,6","","","","","18971130",",,6","18971104","+,1,6","-12.2","1,6,23,","","","","","25.7",",,6,30,","15.6","1,6,04,+","900.1","6","478.9","1,6","104.0",",,,6","","","1.13","2,6","5.81","1,,,6","-3.56","1,,,6"
"USC00208402","1897-12","43.18333","-82.93333","244.8","VALLEY CENTER, MI US","208.9","6","0.0","1,6","9",",6","5",",6","0",",6","","","","","3",",6","29",",6","14","1,6","0","1,6","0","1,6","","","18971224",",,6","","","","","18971210",",,6","18971210",",1,6","-23.3",",6,24,","","","","","13.0",",,6,10,","10.6","1,6,10,","1592.0","6","691.9","1,6","53.8",",,,6","","","-4.76","1,6","-0.37","1,,,6","-9.15",",,,6"
"USC00208402","1898-01","43.18333","-82.93333","244.8","VALLEY CENTER, MI US","0.0","","0.0",",6","8","1,6","7","1,6","0","1,6","","","","","5",",6","31",",6","18",",6","0",",6","0",",6","","","18980129",",,6","","","","","18980120",",1,6","18980112",",,6","-27.8",",6,29,","","","","","14.2","1,,6,20,","9.4",",6,12,","2318.1","","726.1",",6","48.0","1,,,6","","","-5.09",",6","-0.89",",,,6","-9.29",",,,6"
"USC00208402","1898-02","43.18333","-82.93333","244.8","VALLEY CENTER, MI US","0.0","","0.0",",6","8",",6","8",",6","0",",6","","","5",",6","10",",6","25",",6","18",",6","0",",6","0",",6","","","18980227","+,,6","","","18980221",",,6","18980221",",,6","18980211",",,6","-25.6",",6,27,+","","","135",",,6,21,","13.5",",,6,21,","10.0",",6,11,","3007.8","","689.7",",6","59.8",",,,6","435",",,,6","-6.30",",6","-1.16",",,,6","-11.44",",,,6"
"USC00208402","1898-03","43.18333","-82.93333","244.8","VALLEY CENTER, MI US","0.0","","0.0","2,6","10",",6","9",",6","0",",6","","","0",",6","0","2,6","23","2,6","3",",6","0",",6","0",",6","","","18980302",",2,6","","","18980315",",,6","18980321",",,6","18980320",",,6","-17.2","2,6,02,","","","0",",T,6,15,","15.5",",,6,21,","18.9",",6,20,","3488.7","","480.9",",6","72.1",",,,6","0",",T,,6","1.70","2,6","7.37",",,,6","-3.98","2,,,6"
"USC00208402","1898-04","43.18333","-82.93333","244.8","VALLEY CENTER, MI US","0.0","","0.0",",6","7",",6","4",",6","0",",6","","","0",",6","0",",6","16",",6","1",",6","1",",6","0",",6","","","18980404",",,6","","","18980402",",,6","18980422",",,6","18980412",",,6","-10.0",",6,04,","","","10",",,6,02,","9.4",",,6,22,","21.1",",6,12,","3871.8","","383.1",",6","28.0",",,,6","15",",,,6","5.56",",6","12.17",",,,6","-1.04",",,,6"
"USC00208402","1898-05","43.18333","-82.93333","244.8","VALLEY CENTER, MI US","3.0","","3.0","2,6","7",",6","5",",6","0",",6","","","","","0",",6","5",",6","0","2,6","13","2,6","0","2,6","","","18980505",",,6","","","","","18980502",",,6","18980527",",2,6","-3.3",",6,05,","","","","","11.9",",,6,02,","26.1","2,6,27,","4031.8","","160.0","2,6","39.9",",,,6","","","13.02","2,6","20.49","2,,,6","5.54",",,,6"
"USC00208402","1898-06","43.18333","-82.93333","244.8","VALLEY CENTER, MI US","59.4","","56.4",",6","4",",6","4",",6","0",",6","","","","","0",",6","0",",6","0",",6","25",",6","2",",6","","","18980621",",,6","","","","","18980626","+,,6","18980630","+,,6","1.7",",6,21,","","","","","15.2",",,6,26,+","33.3",",6,30,+","4092.3","","60.5",",6","46.9",",,,6","","","18.20",",6","26.49",",,,6","9.90",",,,6"
"USC00208402","1898-07","43.18333","-82.93333","244.8","VALLEY CENTER, MI US","115.0","","55.6",",6","1",",6","1",",6","0",",6","","","","","0",",6","0",",6","0",",6","31",",6","6",",6","","","18980711",",,6","","","","","18980719",",,6","18980717",",,6","0.6",",6,11,","","","","","15.2",",,6,19,","35.6",",6,17,","36.3","","36.3",",6","15.2",",,,6","","","18.95",",6","28.84",",,,6","9.07",",,,6"
"USC00208402","1899-02","43.18333","-82.93333","244.8","VALLEY CENTER, MI US","","","0.0",",6","2",",6","2",",6","0",",6","","","","","13",",6","28",",6","15",",6","0",",6","0",",6","","","18990211",",,6","","","","","18990226",",,6","18990223",",,6","-31.7",",6,11,","","","","","15.2",",,6,26,","13.3",",6,23,","","","788.4",",6","25.4",",,,6","","","-9.82",",6","-3.22",",,,6","-16.43",",,,6"
"USC00208402","1899-03","43.18333","-82.93333","244.8","VALLEY CENTER, MI US","","","0.0","5,6","9",",6","8",",6","2",",6","23","1,6","7",",6","0","3,6","28","3,6","9","2,6","0","2,6","0","2,6","1","","18990308",",3,6","18990323","+,1,6","18990321","+,,6","18990321","+,,6","18990315",",2,6","-16.7","3,6,08,","381","1,,6,23,+","305",",,6,21,+","50.8",",,6,21,+","13.9","2,6,15,","","","537.3","2,6","165.8",",,,6","918",",,,6","-2.15","5,6","3.73","2,,,6","-8.04","3,,,6"
"USC00208402","1899-04","43.18333","-82.93333","244.8","VALLEY CENTER, MI US","","","11.1",",6","5",",6","5",",6","0",",6","","","1",",6","0",",6","15",",6","2",",6","11",",6","0",",6","","","18990403",",,6","","","18990415",",,6","18990424",",,6","18990429",",,6","-11.1",",6,03,","","","25",",,6,15,","13.2",",,6,24,","29.4",",6,29,","","","326.7",",6","36.8",",,,6","25",",,,6","7.81",",6","14.23",",,,6","1.39",",,,6"
"USC00208402","1899-05","43.18333","-82.93333","244.8","VALLEY CENTER, MI US","","","5.0","5,6","9",",6","9",",6","1",",6","","","","","0","4,6","2","4,6","0","4,6","8","4,6","0","4,6","","","18990519",",4,6","","","","","18990527",",,6","18990501",",4,6","-0.6","4,6,19,","","","","","25.7",",,6,27,","28.3","4,6,01,","","","160.4","4,6","98.4",",,,6","","","12.21","5,6","16.72","4,,,6","7.69","4,,,6"
"USC00208402","1899-06","43.18333","-82.93333","244.8","VALLEY CENTER, MI US","","","","","4",",6","2",",6","2",",6","","","","","","","","","","","","","","","","","","","","","","","18990618",",,6","","","","","","","","","27.9",",,6,18,","","","","","","","56.1",",,,6","","","","","","","",""
