"STATION","DATE","LATITUDE","LONGITUDE","ELEVATION","NAME","CDSD","CDSD_ATTRIBUTES","CLDD","CLDD_ATTRIBUTES","DP01","DP01_ATTRIBUTES","DP10","DP10_ATTRIBUTES","DP1X","DP1X_ATTRIBUTES","DSND","DSND_ATTRIBUTES","DSNW","DSNW_ATTRIBUTES","DT00","DT00_ATTRIBUTES","DT32","DT32_ATTRIBUTES","DX32","DX32_ATTRIBUTES","DX70","DX70_ATTRIBUTES","DX90","DX90_ATTRIBUTES","DYNT","DYNT_ATTRIBUTES","DYSD","DYSD_ATTRIBUTES","DYSN","DYSN_ATTRIBUTES","DYTS","DYTS_ATTRIBUTES","DYXP","DYXP_ATTRIBUTES","DYXT","DYXT_ATTRIBUTES","EMNT","EMNT_ATTRIBUTES","EMSD","EMSD_ATTRIBUTES","EMSN","EMSN_ATTRIBUTES","EMXP","EMXP_ATTRIBUTES","EMXT","EMXT_ATTRIBUTES","HDSD","HDSD_ATTRIBUTES","HTDD","HTDD_ATTRIBUTES","PRCP","PRCP_ATTRIBUTES","SNOW","SNOW_ATTRIBUTES","TAVG","TAVG_ATTRIBUTES","TMAX","TMAX_ATTRIBUTES","TMIN","TMIN_ATTRIBUTES"
"USC00029109","1963-03","32.21667","-112.36667","580.0","WAHAK HOTRONTK, AZ US","","","","","1",",0","1",",0","0",",0","0",",0","0",",0","","","","","","","","","","","","","19630331","+,,0","19630331","+,,0","","","19630316",",,0","","","","","0",",,0,31,+","0",",,0,31,+","17.5",",,0,16,","","","","","","","17.5",",,,0","0",",,,0","","","","","",""
"USC00029109","1963-04","32.21667","-112.36667","580.0","WAHAK HOTRONTK, AZ US","","","14.2",",0","1",",0","1",",0","0",",0","0",",0","0",",0","0",",0","2",",0","0",",0","27",",0","6",",0","19630419",",,0","19630430","+,,0","19630430","+,,0","","","19630425",",,0","19630413",",,0","-0.6",",0,19,","0",",,0,30,+","0",",,0,30,+","6.6",",,0,25,","36.1",",0,13,","","","93.5",",0","6.6",",,,0","0",",,,0","15.69",",0","26.97",",,,0","4.41",",,,0"
"USC00029109","1963-05","32.21667","-112.36667","580.0","WAHAK HOTRONTK, AZ US","","","133.7",",0","0",",0","0",",0","0",",0","0",",0","0",",0","0",",0","0",",0","0",",0","31",",0","31",",0","19630512",",,0","19630531","+,,0","19630531","+,,0","","","19630531","+,,0","19630520",",,0","2.8",",0,12,","0",",,0,31,+","0",",,0,31,+","0.0",",,0,31,+","40.6",",0,20,","","","0.0",",0","0.0",",,,0","0",",,,0","22.65",",0","35.86",",,,0","9.43",",,,0"
"USC00029109","1963-06","32.21667","-112.36667","580.0","WAHAK HOTRONTK, AZ US","","","139.0","2,0","1",",0","1",",0","0",",0","0",",0","0",",0","0","2,0","0","2,0","0","2,0","28","2,0","24","2,0","19630608",",2,0","19630630","+,,0","19630630","+,,0","","","19630601",",,0","19630630",",2,0","5.0","2,0,08,","0",",,0,30,+","0",",,0,30,+","17.3",",,0,01,","42.8","2,0,30,","","","1.9","2,0","17.3",",,,0","0",",,,0","23.23","2,0","36.22","2,,,0","10.24","2,,,0"
"USC00029109","1963-07","32.21667","-112.36667","580.0","WAHAK HOTRONTK, AZ US","","","365.0",",0","5",",0","4",",0","0",",0","0",",0","0",",0","0",",0","0",",0","0",",0","31",",0","31",",0","19630706",",,0","19630731","+,,0","19630731","+,,0","5","","19630727",",,0","19630727","+,,0","13.3",",0,06,","0",",,0,31,+","0",",,0,31,+","11.2",",,0,27,","44.4",",0,27,+","0.0","0","0.0",",0","35.9",",,,0","0",",,,0","30.11",",0","41.30",",,,0","18.91",",,,0"
"USC00029109","1963-08","32.21667","-112.36667","580.0","WAHAK HOTRONTK, AZ US","","","291.5",",0","5",",0","5",",0","1",",0","0",",0","0",",0","0",",0","0",",0","0",",0","31",",0","29",",0","19630831","+,,0","19630831","+,,0","19630831","+,,0","3","","19630806",",,0","19630810",",,0","13.3",",0,31,+","0",",,0,31,+","0",",,0,31,+","71.6",",,0,06,","42.2",",0,10,","0.0","0","0.0",",0","110.4",",,,0","0",",,,0","27.74",",0","37.10",",,,0","18.37",",,,0"
"USC00029109","1963-09","32.21667","-112.36667","580.0","WAHAK HOTRONTK, AZ US","","","245.8",",0","4",",0","2",",0","0",",0","0",",0","0",",0","0",",0","0",",0","0",",0","30",",0","30",",0","19630920",",,0","19630930","+,,0","19630930","+,,0","","","19630903",",,0","19630911",",,0","5.6",",0,20,","0",",,0,30,+","0",",,0,30,+","3.8",",,0,03,","42.8",",0,11,","0.0","0","0.0",",0","8.1",",,,0","0",",,,0","26.53",",0","38.13",",,,0","14.92",",,,0"
"USC00029109","1963-10","32.21667","-112.36667","580.0","WAHAK HOTRONTK, AZ US","","","94.2",",0","4",",0","2",",0","1",",0","0",",0","0",",0","0",",0","0",",0","0",",0","31",",0","18",",0","19631014",",,0","19631031","+,,0","19631031","+,,0","","","19631019",",,0","19631005",",,0","5.0",",0,14,","0",",,0,31,+","0",",,0,31,+","35.1",",,0,19,","40.6",",0,05,","6.3","0","6.3",",0","41.7",",,,0","0",",,,0","21.17",",0","32.87",",,,0","9.47",",,,0"
"USC00029109","1963-11","32.21667","-112.36667","580.0","WAHAK HOTRONTK, AZ US","","","2.8","1,0","4",",0","1",",0","1",",0","0",",0","0",",0","0","1,0","13","1,0","0","1,0","20","1,0","0","1,0","19631120",",1,0","19631130","+,,0","19631130","+,,0","","","19631121",",,0","19631114",",1,0","-2.8","1,0,20,","0",",,0,30,+","0",",,0,30,+","25.4",",,0,21,","29.4","1,0,14,","162.7","0","156.4","1,0","29.2",",,,0","0",",,,0","13.04","1,0","22.82","1,,,0","3.25","1,,,0"
"USC00029109","1963-12","32.21667","-112.36667","580.0","WAHAK HOTRONTK, AZ US","","","0.0",",0","0",",0","0",",0","0",",0","0",",0","0",",0","0",",0","22",",0","0",",0","18",",0","0",",0","19631216",",,0","19631231","+,,0","19631231","+,,0","","","19631231","+,,0","19631224","+,,0","-7.2",",0,16,","0",",,0,31,+","0",",,0,31,+","0.0",",,0,31,+","22.8",",0,24,+","446.8","0","284.1",",0","0.0",",,,0","0",",,,0","9.17",",0","20.15",",,,0","-1.81",",,,0"
"USC00029109","1964-01","32.21667","-112.36667","580.0","WAHAK HOTRONTK, AZ US","0.0","0","0.0",",0","0",",0","0",",0","0",",0","0",",0","0",",0","0",",0","27",",0","0",",0","7",",0","0",",0","19640115","+,,0","19640131","+,,0","19640131","+,,0","","","19640128",",,0","19640102",",,0","-11.7",",0,15,+","0",",,0,31,+","0",",,0,31,+","0.0",",T,0,28,","25.0",",0,02,","820.0","0","373.2",",0","0.0",",T,,0","0",",,,0","6.29",",0","17.10",",,,0","-4.52",",,,0"
"USC00029109","1964-02","32.21667","-112.36667","580.0","WAHAK HOTRONTK, AZ US","0.0","0","0.0",",0","1",",0","1",",0","0",",0","0",",0","0",",0","0",",0","25",",0","0",",0","9",",0","0",",0","19640222",",,0","19640229","+,,0","19640229","+,,0","","","19640229",",,0","19640210",",,0","-11.1",",0,22,","0",",,0,29,+","0",",,0,29,+","9.1",",,0,29,","26.1",",0,10,","1139.1","0","319.1",",0","9.1",",,,0","0",",,,0","7.33",",0","18.87",",,,0","-4.21",",,,0"
"USC00029109","1964-03","32.21667","-112.36667","580.0","WAHAK HOTRONTK, AZ US","0.0","0","0.0",",0","1",",0","1",",0","0",",0","0",",0","0",",0","0",",0","14",",0","0",",0","18",",0","1",",0","19640309",",,0","19640331","+,,0","19640331","+,,0","","","19640303",",,0","19640330",",,0","-6.7",",0,09,","0",",,0,31,+","0",",,0,31,+","11.7",",,0,03,","32.2",",0,30,","1350.0","0","210.9",",0","11.7",",,,0","0",",,,0","11.53",",0","21.67",",,,0","1.39",",,,0"
"USC00029109","1964-04","32.21667","-112.36667","580.0","WAHAK HOTRONTK, AZ US","19.0","0","19.0",",0","0",",0","0",",0","0",",0","0",",0","0",",0","0",",0","3",",0","0",",0","27",",0","5",",0","19640425",",,0","19640430","+,,0","19640430","+,,0","","","19640429",",,0","19640415",",,0","-1.7",",0,25,","0",",,0,30,+","0",",,0,30,+","0.0",",T,0,29,","36.1",",0,15,","1442.3","0","92.3",",0","0.0",",T,,0","0",",,,0","15.89",",0","27.05",",,,0","4.72",",,,0"
"USC00029109","1964-05","32.21667","-112.36667","580.0","WAHAK HOTRONTK, AZ US","126.3","0","107.3",",0","0",",0","0",",0","0",",0","0",",0","0",",0","0",",0","1",",0","0",",0","30",",0","21",",0","19640506",",,0","19640531","+,,0","19640531","+,,0","","","19640531","+,,0","19640521",",,0","-0.6",",0,06,","0",",,0,31,+","0",",,0,31,+","0.0",",,0,31,+","41.7",",0,21,","1476.4","0","34.1",",0","0.0",",,,0","0",",,,0","20.70",",0","33.68",",,,0","7.71",",,,0"
"USC00029109","1964-06","32.21667","-112.36667","580.0","WAHAK HOTRONTK, AZ US","331.5","0","205.2",",0","0",",0","0",",0","0",",0","0",",0","0",",0","0",",0","0",",0","0",",0","30",",0","28",",0","19640611",",,0","19640630","+,,0","19640630","+,,0","","","19640627","+,,0","19640624",",,0","6.1",",0,11,","0",",,0,30,+","0",",,0,30,+","0.0",",T,0,27,+","43.3",",0,24,","1476.4","0","0.0",",0","0.0",",T,,0","0",",,,0","25.17",",0","37.67",",,,0","12.67",",,,0"
"USC00029109","1964-07","32.21667","-112.36667","580.0","WAHAK HOTRONTK, AZ US","732.9","0","401.4",",0","2",",0","2",",0","1",",0","0",",0","0",",0","0",",0","0",",0","0",",0","31",",0","31",",0","19640708",",,0","19640731","+,,0","19640731","+,,0","","","19640724",",,0","19640703","+,,0","16.7",",0,08,","0",",,0,31,+","0",",,0,31,+","25.4",",,0,24,","45.0",",0,03,+","0.0","0","0.0",",0","31.8",",,,0","0",",,,0","31.28",",0","41.18",",,,0","21.38",",,,0"
"USC00029109","1964-08","32.21667","-112.36667","580.0","WAHAK HOTRONTK, AZ US","1049.0","0","316.1",",0","2",",0","2",",0","1",",0","0",",0","0",",0","0",",0","0",",0","0",",0","31",",0","28",",0","19640823",",,0","19640831","+,,0","19640831","+,,0","","","19640802",",,0","19640807",",,0","15.0",",0,23,","0",",,0,31,+","0",",,0,31,+","31.8",",,0,02,","42.8",",0,07,","0.0","0","0.0",",0","51.6",",,,0","0",",,,0","28.53",",0","36.76",",,,0","20.30",",,,0"
"USC00029109","1964-09","32.21667","-112.36667","580.0","WAHAK HOTRONTK, AZ US","1253.5","0","204.5",",0","5",",0","4",",0","1",",0","0",",0","0",",0","0",",0","0",",0","0",",0","30",",0","25",",0","19640922",",,0","19640930","+,,0","19640930","+,,0","","","19640908",",,0","19640904",",,0","9.4",",0,22,","0",",,0,30,+","0",",,0,30,+","34.3",",,0,08,","40.6",",0,04,","0.0","0","0.0",",0","55.9",",,,0","0",",,,0","25.15",",0","34.78",",,,0","15.52",",,,0"
"USC00029109","1964-10","32.21667","-112.36667","580.0","WAHAK HOTRONTK, AZ US","1374.7","0","121.2",",0","2",",0","2",",0","0",",0","0",",0","0",",0","0",",0","0",",0","0",",0","31",",0","18",",0","19641031",",,0","19641031","+,,0","19641031","+,,0","","","19641017",",,0","19641010","+,,0","2.8",",0,31,","0",",,0,31,+","0",",,0,31,+","13.0",",,0,17,","38.3",",0,10,+","4.2","0","4.2",",0","20.6",",,,0","0",",,,0","22.11",",0","32.71",",,,0","11.50",",,,0"
"USC00029109","1964-11","32.21667","-112.36667","580.0","WAHAK HOTRONTK, AZ US","1374.7","0","0.0",",0","1",",0","1",",0","0",",0","0",",0","0",",0","0",",0","14",",0","0",",0","17",",0","0",",0","19641116",",,0","19641130","+,,0","19641130","+,,0","","","19641115",",,0","19641107",",,0","-3.9",",0,16,","0",",,0,30,+","0",",,0,30,+","14.0",",,0,15,","30.0",",0,07,","221.4","0","217.2",",0","14.0",",,,0","0",",,,0","11.09",",0","21.05",",,,0","1.14",",,,0"
"USC00029109","1964-12","32.21667","-112.36667","580.0","WAHAK HOTRONTK, AZ US","1374.7","0","0.0",",0","2",",0","2",",0","0",",0","0",",0","0",",0","0",",0","12",",0","0",",0","11",",0","0",",0","19641215",",,0","19641231","+,,0","19641231","+,,0","","","19641218",",,0","19641224",",,0","-9.4",",0,15,","0",",,0,31,+","0",",,0,31,+","11.2",",,0,18,","26.1",",0,24,","480.9","0","259.5",",0","13.7",",,,0","0",",,,0","9.96",",0","19.28",",,,0","0.65",",,,0"
"USC00029109","1965-01","32.21667","-112.36667","580.0","WAHAK HOTRONTK, AZ US","0.0","0","0.0",",0","1",",0","0",",0","0",",0","0",",0","0",",0","0",",0","17",",0","0",",0","17",",0","0",",0","19650126",",,0","19650131","+,,0","19650131","+,,0","","","19650106",",,0","19650119",",,0","-8.3",",0,26,","0",",,0,31,+","0",",,0,31,+","1.8",",,0,06,","26.7",",0,19,","710.7","0","229.8",",0","1.8",",,,0","0",",,,0","10.92",",0","20.09",",,,0","1.75",",,,0"
"USC00029109","1965-03","32.21667","-112.36667","580.0","WAHAK HOTRONTK, AZ US","","","0.0",",0","3",",0","1",",0","0",",0","0",",0","0",",0","0",",0","13",",0","0",",0","23",",0","0",",0","19650303",",,0","19650331","+,,0","19650331","+,,0","","","19650311",",,0","19650331","+,,0","-5.6",",0,03,","0",",,0,31,+","0",",,0,31,+","4.1",",,0,11,","29.4",",0,31,+","","","211.4",",0","7.1",",,,0","0",",,,0","11.51",",0","22.13",",,,0","0.90",",,,0"
"USC00029109","1965-04","32.21667","-112.36667","580.0","WAHAK HOTRONTK, AZ US","","","36.3",",0","3",",0","2",",0","0",",0","0",",0","0",",0","0",",0","2",",0","0",",0","23",",0","13",",0","19650411",",,0","19650430","+,,0","19650430","+,,0","","","19650404",",,0","19650421",",,0","-1.7",",0,11,","0",",,0,30,+","0",",,0,30,+","8.6",",,0,04,","39.4",",0,21,","","","81.5",",0","14.0",",,,0","0",",,,0","16.83",",0","27.66",",,,0","5.99",",,,0"
"USC00029109","1965-05","32.21667","-112.36667","580.0","WAHAK HOTRONTK, AZ US","","","56.2",",0","0",",0","0",",0","0",",0","0",",0","0",",0","0",",0","0",",0","0",",0","31",",0","15",",0","19650510","+,,0","19650531","+,,0","19650531","+,,0","","","19650531","+,,0","19650529",",,0","1.7",",0,10,+","0",",,0,31,+","0",",,0,31,+","0.0",",,0,31,+","40.0",",0,29,","","","25.5",",0","0.0",",,,0","0",",,,0","19.32",",0","31.45",",,,0","7.20",",,,0"
"USC00029109","1965-06","32.21667","-112.36667","580.0","WAHAK HOTRONTK, AZ US","","","128.6",",0","0",",0","0",",0","0",",0","0",",0","0",",0","0",",0","0",",0","0",",0","30",",0","24",",0","19650617",",,0","19650630","+,,0","19650630","+,,0","","","19650630","+,,0","19650630","+,,0","4.4",",0,17,","0",",,0,30,+","0",",,0,30,+","0.0",",,0,30,+","41.7",",0,30,+","","","1.4",",0","0.0",",,,0","0",",,,0","22.58",",0","35.47",",,,0","9.68",",,,0"
"USC00029109","1965-07","32.21667","-112.36667","580.0","WAHAK HOTRONTK, AZ US","","","364.4",",0","3",",0","3",",0","0",",0","0",",0","0",",0","0",",0","0",",0","0",",0","31",",0","31",",0","19650701",",,0","19650731","+,,0","19650731","+,,0","","","19650728",",,0","19650704",",,0","14.4",",0,01,","0",",,0,31,+","0",",,0,31,+","3.6",",,0,28,","45.0",",0,04,","0.0","0","0.0",",0","9.2",",,,0","0",",,,0","30.09",",0","40.19",",,,0","19.98",",,,0"
"USC00029109","1965-08","32.21667","-112.36667","580.0","WAHAK HOTRONTK, AZ US","","","353.0",",0","4",",0","3",",0","0",",0","0",",0","0",",0","0",",0","0",",0","0",",0","31",",0","31",",0","19650824","+,,0","19650831","+,,0","19650831","+,,0","","","19650813",",,0","19650809","+,,0","15.0",",0,24,+","0",",,0,31,+","0",",,0,31,+","14.0",",,0,13,","43.9",",0,09,+","0.0","0","0.0",",0","29.0",",,,0","0",",,,0","29.72",",0","39.53",",,,0","19.91",",,,0"
"USC00029109","1965-09","32.21667","-112.36667","580.0","WAHAK HOTRONTK, AZ US","","","194.4",",0","1",",0","1",",0","1",",0","0",",0","0",",0","0",",0","0",",0","0",",0","30",",0","23",",0","19650930","+,,0","19650930","+,,0","19650930","+,,0","","","19650904",",,0","19650913",",,0","5.6",",0,30,+","0",",,0,30,+","0",",,0,30,+","54.1",",,0,04,","40.6",",0,13,","6.0","0","6.0",",0","54.1",",,,0","0",",,,0","24.61",",0","34.96",",,,0","14.26",",,,0"
"USC00029109","1965-10","32.21667","-112.36667","580.0","WAHAK HOTRONTK, AZ US","","","112.7",",0","1",",0","1",",0","0",",0","0",",0","0",",0","0",",0","0",",0","0",",0","31",",0","24",",0","19651018",",,0","19651031","+,,0","19651031","+,,0","","","19651016",",,0","19651012",",,0","1.7",",0,18,","0",",,0,31,+","0",",,0,31,+","5.3",",,0,16,","40.0",",0,12,","18.0","0","12.0",",0","5.3",",,,0","0",",,,0","21.58",",0","33.76",",,,0","9.40",",,,0"
"USC00029109","1965-11","32.21667","-112.36667","580.0","WAHAK HOTRONTK, AZ US","","","9.2",",0","3",",0","1",",0","0",",0","0",",0","0",",0","0",",0","4",",0","0",",0","22",",0","1",",0","19651126",",,0","19651130","+,,0","19651130","+,,0","","","19651122",",,0","19651105",",,0","-1.1",",0,26,","0",",,0,30,+","0",",,0,30,+","3.0",",,0,22,","32.2",",0,05,","110.1","0","92.1",",0","7.3",",,,0","0",",,,0","15.57",",0","25.01",",,,0","6.13",",,,0"
"USC00029109","1965-12","32.21667","-112.36667","580.0","WAHAK HOTRONTK, AZ US","","","0.0",",0","11",",0","11",",0","0",",0","0",",0","0",",0","0",",0","8",",0","0",",0","9",",0","0",",0","19651224",",,0","19651231","+,,0","19651231","+,,0","","","19651222","+,,0","19651205",",,0","-2.2",",0,24,","0",",,0,31,+","0",",,0,31,+","21.1",",,0,22,+","27.2",",0,05,","352.6","0","242.5",",0","122.6",",,,0","0",",,,0","10.51",",0","17.72",",,,0","3.30",",,,0"
"USC00029109","1966-01","32.21667","-112.36667","580.0","WAHAK HOTRONTK, AZ US","0.0","","0.0",",0","5",",0","5",",0","0",",0","0",",0","0",",0","0",",0","21",",0","0",",0","4",",0","0",",0","19660124","+,,0","19660131","+,,0","19660131","+,,0","","","19660118",",,0","19660110","+,,0","-5.6",",0,24,+","0",",,0,31,+","0",",,0,31,+","20.8",",,0,18,","23.9",",0,10,+","678.8","","326.2",",0","47.0",",,,0","0",",,,0","7.81",",0","16.54",",,,0","-0.92",",,,0"
"USC00029109","1966-02","32.21667","-112.36667","580.0","WAHAK HOTRONTK, AZ US","0.0","","0.0",",0","4",",0","3",",0","0",",0","0",",0","0",",0","0",",0","16",",0","0",",0","7",",0","0",",0","19660215",",,0","19660228","+,,0","19660228","+,,0","","","19660208",",,0","19660219",",,0","-5.6",",0,15,","0",",,0,28,+","0",",,0,28,+","20.1",",,0,08,","23.9",",0,19,","952.7","","273.9",",0","44.7",",,,0","0",",,,0","8.55",",0","17.30",",,,0","-0.20",",,,0"
"USC00029109","1966-03","32.21667","-112.36667","580.0","WAHAK HOTRONTK, AZ US","1.7","","1.7",",0","0",",0","0",",0","0",",0","0",",0","0",",0","0",",0","7",",0","0",",0","26",",0","1",",0","19660304",",,0","19660331","+,,0","19660331","+,,0","","","19660331","+,,0","19660331",",,0","-5.6",",0,04,","0",",,0,31,+","0",",,0,31,+","0.0",",,0,31,+","33.3",",0,31,","1085.3","","132.6",",0","0.0",",,,0","0",",,,0","14.11",",0","25.66",",,,0","2.56",",,,0"
"USC00029109","1966-04","32.21667","-112.36667","580.0","WAHAK HOTRONTK, AZ US","17.2","","15.5",",0","0",",0","0",",0","0",",0","0",",0","0",",0","0",",0","2",",0","0",",0","30",",0","13",",0","19660422","+,,0","19660430","+,,0","19660430","+,,0","","","19660430","+,,0","19660401",",,0","-0.6",",0,22,+","0",",,0,30,+","0",",,0,30,+","0.0",",,0,30,+","34.4",",0,01,","1125.9","","40.6",",0","0.0",",,,0","0",",,,0","17.50",",0","30.22",",,,0","4.77",",,,0"
