"STATION","DATE","LATITUDE","LONGITUDE","ELEVATION","NAME","DP01","DP01_ATTRIBUTES","DP10","DP10_ATTRIBUTES","DP1X","DP1X_ATTRIBUTES","DSND","DSND_ATTRIBUTES","DSNW","DSNW_ATTRIBUTES","DYSD","DYSD_ATTRIBUTES","DYSN","DYSN_ATTRIBUTES","DYXP","DYXP_ATTRIBUTES","EMSD","EMSD_ATTRIBUTES","EMSN","EMSN_ATTRIBUTES","EMXP","EMXP_ATTRIBUTES","PRCP","PRCP_ATTRIBUTES","SNOW","SNOW_ATTRIBUTES"
"USC00333120","1948-08","39.6361","-84.4015","224.9","GERMANTOWN DAM, OH US","7",",0","5",",0","1",",0","0",",0","0",",0","19480831","+,,0","19480831","+,,0","19480804",",,0","0",",,0,31,+","0",",,0,31,+","35.3",",,0,04,","68.4",",,,0","0",",,,0"
"USC00333120","1948-09","39.6361","-84.4015","224.9","GERMANTOWN DAM, OH US","8",",0","7",",0","0",",0","0",",0","0",",0","19480930","+,,0","19480930","+,,0","19480921",",,0","0",",,0,30,+","0",",,0,30,+","19.1",",,0,21,","62.5",",,,0","0",",,,0"
"USC00333120","1948-10","39.6361","-84.4015","224.9","GERMANTOWN DAM, OH US","6",",0","4",",0","1",",0","0",",0","0",",0","19481031","+,,0","19481031","+,,0","19481017",",,0","0",",,0,31,+","0",",,0,31,+","30.7",",,0,17,","49.6",",,,0","0",",,,0"
"USC00333120","1948-11","39.6361","-84.4015","224.9","GERMANTOWN DAM, OH US","10",",0","7",",0","1",",0","0",",0","0",",0","19481130","+,,0","19481130","+,,0","19481105",",,0","0",",,0,30,+","0",",,0,30,+","68.8",",,0,05,","140.5",",,,0","0",",,,0"
"USC00333120","1949-01","39.6361","-84.4015","224.9","GERMANTOWN DAM, OH US","16",",0","12",",0","2",",0","","","","","","","","","19490104",",,0","","","","","96.0",",,0,04,","248.0",",,,0","",""
"USC00333120","1949-02","39.6361","-84.4015","224.9","GERMANTOWN DAM, OH US","9",",0","5",",0","0",",0","","","","","","","","","19490215",",,0","","","","","19.6",",,0,15,","57.6",",,,0","",""
"USC00333120","1949-04","39.6361","-84.4015","224.9","GERMANTOWN DAM, OH US","7","3,0","3","3,0","0","3,0","","","","","","","","","19490417",",3,0","","","","","9.4","3,,0,17,","30.3",",a,,0","",""
"USC00333120","1949-05","39.6361","-84.4015","224.9","GERMANTOWN DAM, OH US","9",",0","4",",0","0",",0","","","","","","","","","19490522",",,0","","","","","16.8",",,0,22,","43.6",",,,0","",""
"USC00333120","1949-06","39.6361","-84.4015","224.9","GERMANTOWN DAM, OH US","","","","","","","","","","","","","","","","","","","","","","","122.4","3,a,,0","",""
"USC00333120","1949-07","39.6361","-84.4015","224.9","GERMANTOWN DAM, OH US","8",",0","6",",0","0",",0","","","","","","","","","19490710",",,0","","","","","10.7",",,0,10,","45.3",",,,0","",""
"USC00333120","1949-08","39.6361","-84.4015","224.9","GERMANTOWN DAM, OH US","8",",0","8",",0","2",",0","","","","","","","","","19490817",",,0","","","","","45.7",",,0,17,","135.9",",,,0","",""
"USC00333120","1949-10","39.6361","-84.4015","224.9","GERMANTOWN DAM, OH US","8",",0","6",",0","0",",0","","","","","","","","","19491021",",,0","","","","","15.0",",,0,21,","56.6",",,,0","",""
"USC00333120","1949-12","39.6361","-84.4015","224.9","GERMANTOWN DAM, OH US","","","","","","","0",",","","","19491231","+,,0","","","","","0",",,0,31,+","","","","","","","",""
"USC00333120","1950-01","39.6361","-84.4015","224.9","GERMANTOWN DAM, OH US","13","5,0","11","5,0","4","5,0","","","","","","","","","19500106",",5,0","","","","","34.8","5,,0,06,","193.3","5,,,0","",""
"USC00333120","1950-02","39.6361","-84.4015","224.9","GERMANTOWN DAM, OH US","","","","","","","","","","","","","","","","","","","","","","","126.9","1,a,,0","",""
"USC00333120","1950-03","39.6361","-84.4015","224.9","GERMANTOWN DAM, OH US","9",",0","6",",0","0",",0","","","","","","","","","19500320",",,0","","","","","20.8",",,0,20,","55.3",",,,0","",""
"USC00333120","1950-04","39.6361","-84.4015","224.9","GERMANTOWN DAM, OH US","11",",0","8",",0","1",",0","","","","","","","","","19500405",",,0","","","","","32.0",",,0,05,","105.1",",,,0","",""
"USC00333120","1950-05","39.6361","-84.4015","224.9","GERMANTOWN DAM, OH US","11","2,0","8","2,0","0","2,0","","","","","","","","","19500524",",2,0","","","","","17.3","2,,0,24,","80.8",",a,,0","",""
"USC00333120","1950-06","39.6361","-84.4015","224.9","GERMANTOWN DAM, OH US","11",",0","11",",0","0",",0","","","","","","","","","19500603",",,0","","","","","23.1",",,0,03,","115.1",",,,0","",""
"USC00333120","1950-07","39.6361","-84.4015","224.9","GERMANTOWN DAM, OH US","11",",0","4",",0","0",",0","","","","","","","","","19500703",",,0","","","","","21.1",",,0,03,","64.9",",,,0","",""
"USC00333120","1950-08","39.6361","-84.4015","224.9","GERMANTOWN DAM, OH US","8",",0","7",",0","1",",0","","","","","","","","","19500828",",,0","","","","","34.8",",,0,28,","104.6",",,,0","",""
"USC00333120","1950-09","39.6361","-84.4015","224.9","GERMANTOWN DAM, OH US","10",",0","8",",0","1",",0","","","","","","","","","19500921",",,0","","","","","64.5",",,0,21,","124.8",",,,0","",""
"USC00333120","1951-01","39.6361","-84.4015","224.9","GERMANTOWN DAM, OH US","11",",0","9",",0","2",",0","","","","","","","","","19510103",",,0","","","","","40.9",",,0,03,","132.7",",,,0","",""
"USC00333120","1951-02","39.6361","-84.4015","224.9","GERMANTOWN DAM, OH US","11","5,0","6","5,0","1","5,0","","","","","","","","","19510220",",5,0","","","","","45.2","5,,0,20,","85.5","5,,,0","",""
"USC00333120","2011-10","39.6361","-84.4015","224.9","GERMANTOWN DAM, OH US","11",",7","6",",7","1",",7","","","","","","","","","20111020",",,7","","","","","43.7",",,7,20,","86.9",",,,7","",""
"USC00333120","2012-01","39.6361","-84.4015","224.9","GERMANTOWN DAM, OH US","10",",7","7",",7","1",",7","","","","","","","","","20120127",",,7","","","","","29.0",",,7,27,","115.1",",,,7","",""
"USC00333120","2012-02","39.6361","-84.4015","224.9","GERMANTOWN DAM, OH US","11",",7","3",",7","0",",7","","","","","","","","","20120229",",,7","","","","","8.6",",,7,29,","23.5",",,,7","",""
"USC00333120","2012-05","39.6361","-84.4015","224.9","GERMANTOWN DAM, OH US","6",",7","6",",7","1",",7","","","","","","","","","20120502",",,7","","","","","36.8",",,7,02,","85.8",",,,7","",""
"USC00333120","2012-07","39.6361","-84.4015","224.9","GERMANTOWN DAM, OH US","5",",7","5",",7","0",",7","","","","","","","","","20120727","+,,7","","","","","16.5",",,7,27,+","56.1",",,,7","",""
"USC00333120","2013-02","39.6361","-84.4015","224.9","GERMANTOWN DAM, OH US","11",",7","3",",7","0",",7","","","","","","","","","20130227",",,7","","","","","18.3",",,7,27,","38.4",",,,7","",""
"USC00333120","2013-03","39.6361","-84.4015","224.9","GERMANTOWN DAM, OH US","10",",7","6",",7","1",",7","","","","","","","","","20130306",",,7","","","","","28.4",",,7,06,","101.8",",,,7","",""
"USC00333120","2013-04","39.6361","-84.4015","224.9","GERMANTOWN DAM, OH US","8",",7","5",",7","1",",7","","","","","","","","","20130417",",,7","","","","","26.2",",,7,17,","93.5",",,,7","",""
"USC00333120","2013-11","39.6361","-84.4015","224.9","GERMANTOWN DAM, OH US","9",",7","5",",7","1",",7","","","","","","","","","20131101",",,7","","","","","35.6",",,7,01,","81.5",",,,7","",""
"USC00333120","2013-12","39.6361","-84.4015","224.9","GERMANTOWN DAM, OH US","11",",7","8",",7","1",",7","","","","","","","","","20131222",",,7","","","","","61.2",",,7,22,","114.6",",,,7","",""
"USC00333120","2014-01","39.6361","-84.4015","224.9","GERMANTOWN DAM, OH US","13",",7","8",",7","0",",7","","","","","","","","","20140106",",,7","","","","","22.6",",,7,06,","60.5",",,,7","",""
"USC00333120","2014-02","39.6361","-84.4015","224.9","GERMANTOWN DAM, OH US","8",",7","5",",7","0",",7","","","","","","","","","20140221",",,7","","","","","15.5",",,7,21,","58.9",",,,7","",""
"USC00333120","2014-03","39.6361","-84.4015","224.9","GERMANTOWN DAM, OH US","8",",7","4",",7","1",",7","","","","","","","","","20140330",",,7","","","","","29.2",",,7,30,","62.8",",,,7","",""
"USC00333120","2014-04","39.6361","-84.4015","224.9","GERMANTOWN DAM, OH US","9",",7","9",",7","2",",7","","","","","","","","","20140404",",,7","","","","","46.5",",,7,04,","145.5",",,,7","",""
"USC00333120","2014-05","39.6361","-84.4015","224.9","GERMANTOWN DAM, OH US","7",",7","7",",7","1",",7","","","","","","","","","20140512",",,7","","","","","32.5",",,7,12,","79.1",",,,7","",""
"USC00333120","2014-06","39.6361","-84.4015","224.9","GERMANTOWN DAM, OH US","15",",7","11",",7","3",",7","","","","","","","","","20140620",",,7","","","","","54.1",",,7,20,","209.1",",,,7","",""
"USC00333120","2014-07","39.6361","-84.4015","224.9","GERMANTOWN DAM, OH US","11",",7","8",",7","1",",7","","","","","","","","","20140708",",,7","","","","","26.2",",,7,08,","105.4",",,,7","",""
"USC00333120","2014-08","39.6361","-84.4015","224.9","GERMANTOWN DAM, OH US","8",",7","5",",7","1",",7","","","","","","","","","20140822",",,7","","","","","44.5",",,7,22,","69.0",",,,7","",""
"USC00333120","2014-09","39.6361","-84.4015","224.9","GERMANTOWN DAM, OH US","7",",7","4",",7","2",",7","","","","","","","","","20140902",",,7","","","","","26.9",",,7,02,","75.1",",,,7","",""
"USC00333120","2014-10","39.6361","-84.4015","224.9","GERMANTOWN DAM, OH US","15",",7","9",",7","0",",7","","","","","","","","","20141016","+,,7","","","","","11.2",",,7,16,+","56.5",",,,7","",""
"USC00333120","2014-11","39.6361","-84.4015","224.9","GERMANTOWN DAM, OH US","8",",7","5",",7","0",",7","","","","","","","","","20141124",",,7","","","","","22.6",",,7,24,","55.4",",,,7","",""
"USC00333120","2014-12","39.6361","-84.4015","224.9","GERMANTOWN DAM, OH US","11","1,7","7","1,7","1","1,7","","","","","","","","","20141206",",1,7","","","","","40.6","1,,7,06,","82.8","1,,,7","",""
"USC00333120","2015-01","39.6361","-84.4015","224.9","GERMANTOWN DAM, OH US","7",",7","5",",7","1",",7","","","","","","","","","20150104",",,7","","","","","48.3",",,7,04,","92.9",",,,7","",""
"USC00333120","2015-02","39.6361","-84.4015","224.9","GERMANTOWN DAM, OH US","7",",7","2",",7","0",",7","","","","","","","","","20150222",",,7","","","","","13.0",",,7,22,","31.8",",,,7","",""
"USC00333120","2015-03","39.6361","-84.4015","224.9","GERMANTOWN DAM, OH US","12",",7","6",",7","0",",7","","","","","","","","","20150314",",,7","","","","","21.6",",,7,14,","84.2",",,,7","",""
"USC00333120","2015-04","39.6361","-84.4015","224.9","GERMANTOWN DAM, OH US","13",",7","8",",7","1",",7","","","","","","","","","20150410",",,7","","","","","36.8",",,7,10,","156.3",",,,7","",""
"USC00333120","2015-05","39.6361","-84.4015","224.9","GERMANTOWN DAM, OH US","9",",7","6",",7","0",",7","","","","","","","","","20150527",",,7","","","","","14.0",",,7,27,","48.3",",,,7","",""
"USC00333120","2015-06","39.6361","-84.4015","224.9","GERMANTOWN DAM, OH US","15",",7","13",",7","2",",7","","","","","","","","","20150627",",,7","","","","","63.8",",,7,27,","222.4",",,,7","",""
"USC00333120","2015-07","39.6361","-84.4015","224.9","GERMANTOWN DAM, OH US","13","1,7","9","1,7","1","1,7","","","","","","","","","20150714",",1,7","","","","","36.1","1,,7,14,","85.2","1,,,7","",""
"USC00333120","2015-08","39.6361","-84.4015","224.9","GERMANTOWN DAM, OH US","10","1,7","6","1,7","1","1,7","","","","","","","","","20150830",",1,7","","","","","61.5","1,,7,30,","127.5","1,,,7","",""
"USC00333120","2015-09","39.6361","-84.4015","224.9","GERMANTOWN DAM, OH US","5",",7","3",",7","1",",7","","","","","","","","","20150905",",,7","","","","","30.7",",,7,05,","50.8",",,,7","",""
"USC00333120","2015-10","39.6361","-84.4015","224.9","GERMANTOWN DAM, OH US","6",",7","5",",7","1",",7","","","","","","","","","20151028",",,7","","","","","83.8",",,7,28,","119.1",",,,7","",""
"USC00333120","2015-11","39.6361","-84.4015","224.9","GERMANTOWN DAM, OH US","8",",7","7",",7","0",",7","","","","","","","","","20151119",",,7","","","","","25.1",",,7,19,","85.2",",,,7","",""
"USC00333120","2015-12","39.6361","-84.4015","224.9","GERMANTOWN DAM, OH US","11",",7","8",",7","1",",7","","","","","","","","","20151229",",,7","","","","","33.5",",,7,29,","124.5",",,,7","",""
"USC00333120","2016-01","39.6361","-84.4015","224.9","GERMANTOWN DAM, OH US","10",",7","4",",7","0",",7","","","","","","","","","20160110",",,7","","","","","12.4",",,7,10,","31.3",",,,7","",""
"USC00333120","2016-02","39.6361","-84.4015","224.9","GERMANTOWN DAM, OH US","12",",7","7",",7","2",",7","","","","","","","","","20160203",",,7","","","","","39.6",",,7,03,","97.7",",,,7","",""
"USC00333120","2016-03","39.6361","-84.4015","224.9","GERMANTOWN DAM, OH US","11",",7","10",",7","0",",7","","","","","","","","","20160311",",,7","","","","","23.1",",,7,11,","94.0",",,,7","",""
"USC00333120","2016-04","39.6361","-84.4015","224.9","GERMANTOWN DAM, OH US","12",",7","8",",7","0",",7","","","","","","","","","20160412",",,7","","","","","16.0",",,7,12,","68.0",",,,7","",""
"USC00333120","2016-05","39.6361","-84.4015","224.9","GERMANTOWN DAM, OH US","13",",7","9",",7","0",",7","","","","","","","","","20160529",",,7","","","","","14.0",",,7,29,","77.4",",,,7","",""
"USC00333120","2016-06","39.6361","-84.4015","224.9","GERMANTOWN DAM, OH US","8",",7","4",",7","1",",7","","","","","","","","","20160605",",,7","","","","","35.6",",,7,05,","79.3",",,,7","",""
"USC00333120","2016-07","39.6361","-84.4015","224.9","GERMANTOWN DAM, OH US","12",",7","9",",7","0",",7","","","","","","","","","20160707",",,7","","","","","20.3",",,7,07,","82.5",",,,7","",""
"USC00333120","2016-08","39.6361","-84.4015","224.9","GERMANTOWN DAM, OH US","9",",7","8",",7","1",",7","","","","","","","","","20160815",",,7","","","","","49.0",",,7,15,","149.6",",,,7","",""
"USC00333120","2016-09","39.6361","-84.4015","224.9","GERMANTOWN DAM, OH US","10",",7","7",",7","2",",7","","","","","","","","","20160929",",,7","","","","","28.2",",,7,29,","115.8",",,,7","",""
"USC00333120","2016-10","39.6361","-84.4015","224.9","GERMANTOWN DAM, OH US","6",",7","5",",7","1",",7","","","","","","","","","20161020",",,7","","","","","26.2",",,7,20,","61.0",",,,7","",""
"USC00333120","2016-11","39.6361","-84.4015","224.9","GERMANTOWN DAM, OH US","6",",7","2",",7","0",",7","","","","","","","","","20161129",",,7","","","","","20.1",",,7,29,","28.8",",,,7","",""
"USC00333120","2016-12","39.6361","-84.4015","224.9","GERMANTOWN DAM, OH US","10",",7","8",",7","0",",7","","","","","","","","","20161218",",,7","","","","","15.2",",,7,18,","68.8",",,,7","",""
"USC00333120","2017-01","39.6361","-84.4015","224.9","GERMANTOWN DAM, OH US","10",",7","9",",7","0",",7","","","","","","","","","20170120",",,7","","","","","19.1",",,7,20,","83.0",",,,7","",""
"USC00333120","2017-02","39.6361","-84.4015","224.9","GERMANTOWN DAM, OH US","6",",7","4",",7","0",",7","","","","","","","","","20170207",",,7","","","","","20.8",",,7,07,","43.6",",,,7","",""
"USC00333120","2017-03","39.6361","-84.4015","224.9","GERMANTOWN DAM, OH US","11",",7","8",",7","1",",7","","","","","","","","","20170301",",,7","","","","","34.0",",,7,01,","128.2",",,,7","",""
"USC00333120","2017-04","39.6361","-84.4015","224.9","GERMANTOWN DAM, OH US","10",",7","8",",7","2",",7","","","","","","","","","20170421",",,7","","","","","28.2",",,7,21,","116.3",",,,7","",""
"USC00333120","2017-05","39.6361","-84.4015","224.9","GERMANTOWN DAM, OH US","16",",7","12",",7","2",",7","","","","","","","","","20170525",",,7","","","","","35.6",",,7,25,","179.7",",,,7","",""
"USC00333120","2017-06","39.6361","-84.4015","224.9","GERMANTOWN DAM, OH US","9",",7","4",",7","2",",7","","","","","","","","","20170624",",,7","","","","","58.2",",,7,24,","111.9",",,,7","",""
"USC00333120","2017-07","39.6361","-84.4015","224.9","GERMANTOWN DAM, OH US","14",",7","12",",7","1",",7","","","","","","","","","20170708",",,7","","","","","27.2",",,7,08,","150.3",",,,7","",""
"USC00333120","2017-08","39.6361","-84.4015","224.9","GERMANTOWN DAM, OH US","7",",7","5",",7","0",",7","","","","","","","","","20170829",",,7","","","","","16.5",",,7,29,","35.9",",,,7","",""
"USC00333120","2017-09","39.6361","-84.4015","224.9","GERMANTOWN DAM, OH US","8",",7","7",",7","1",",7","","","","","","","","","20170905",",,7","","","","","37.1",",,7,05,","81.0",",,,7","",""
"USC00333120","2017-10","39.6361","-84.4015","224.9","GERMANTOWN DAM, OH US","10",",7","8",",7","3",",7","","","","","","","","","20171006",",,7","","","","","27.7",",,7,06,","137.3",",,,7","",""
"USC00333120","2017-11","39.6361","-84.4015","224.9","GERMANTOWN DAM, OH US","9",",7","6",",7","1",",7","","","","","","","","","20171106",",,7","","","","","65.8",",,7,06,","126.1",",,,7","",""
"USC00333120","2017-12","39.6361","-84.4015","224.9","GERMANTOWN DAM, OH US","8",",7","5",",7","0",",7","","","","","","","","","20171223",",,7","","","","","22.9",",,7,23,","53.2",",,,7","",""
"USC00333120","2018-01","39.6361","-84.4015","224.9","GERMANTOWN DAM, OH US","10","2,7","6","2,7","1","2,7","","","","","","","","","20180112",",2,7","","","","","25.9","2,,7,12,","72.1",",a,,7","",""
"USC00333120","2018-02","39.6361","-84.4015","224.9","GERMANTOWN DAM, OH US","17",",7","7",",7","2",",7","","","","","","","","","20180225",",,7","","","","","45.5",",,7,25,","138.9",",,,7","",""
"USC00333120","2018-03","39.6361","-84.4015","224.9","GERMANTOWN DAM, OH US","12",",7","7",",7","1",",7","","","","","","","","","20180330",",,7","","","","","29.2",",,7,30,","90.1",",,,7","",""
"USC00333120","2018-04","39.6361","-84.4015","224.9","GERMANTOWN DAM, OH US","10",",7","6",",7","2",",7","","","","","","","","","20180403",",,7","","","","","33.3",",,7,03,","120.6",",,,7","",""
"USC00333120","2018-05","39.6361","-84.4015","224.9","GERMANTOWN DAM, OH US","11",",7","8",",7","1",",7","","","","","","","","","20180531",",,7","","","","","27.2",",,7,31,","86.7",",,,7","",""
"USC00333120","2018-06","39.6361","-84.4015","224.9","GERMANTOWN DAM, OH US","16",",7","10",",7","0",",7","","","","","","","","","20180617",",,7","","","","","24.6",",,7,17,","117.3",",,,7","",""
"USC00333120","2018-07","39.6361","-84.4015","224.9","GERMANTOWN DAM, OH US","7",",7","5",",7","1",",7","","","","","","","","","20180721",",,7","","","","","29.0",",,7,21,","80.3",",,,7","",""
"USC00333120","2018-08","39.6361","-84.4015","224.9","GERMANTOWN DAM, OH US","11",",7","7",",7","0",",7","","","","","","","","","20180818",",,7","","","","","16.3",",,7,18,","68.8",",,,7","",""
"USC00333120","2018-09","39.6361","-84.4015","224.9","GERMANTOWN DAM, OH US","13",",7","9",",7","4",",7","","","","","","","","","20180909",",,7","","","","","62.5",",,7,09,","199.0",",,,7","",""
"USC00333120","2018-10","39.6361","-84.4015","224.9","GERMANTOWN DAM, OH US","12",",7","7",",7","0",",7","","","","","","","","","20181006",",,7","","","","","15.7",",,7,06,","53.2",",,,7","",""
"USC00333120","2018-11","39.6361","-84.4015","224.9","GERMANTOWN DAM, OH US","14",",7","9",",7","2",",7","","","","","","","","","20181102",",,7","","","","","51.3",",,7,02,","158.6",",,,7","",""
"USC00333120","2018-12","39.6361","-84.4015","224.9","GERMANTOWN DAM, OH US","12",",7","6",",7","1",",7","","","","","","","","","20181202",",,7","","","","","31.0",",,7,02,","99.4",",,,7","",""
"USC00333120","2019-01","39.6361","-84.4015","224.9","GERMANTOWN DAM, OH US","12",",7","8",",7","2",",7","","","","","","","","","20190101",",,7","","","","","29.5",",,7,01,","125.2",",,,7","",""
"USC00333120","2019-02","39.6361","-84.4015","224.9","GERMANTOWN DAM, OH US","12",",7","10",",7","3",",7","","","","","","","","","20190206",",,7","","","","","39.1",",,7,06,","161.4",",,,7","",""
"USC00333120","2019-03","39.6361","-84.4015","224.9","GERMANTOWN DAM, OH US","11",",7","9",",7","2",",7","","","","","","","","","20190331",",,7","","","","","30.0",",,7,31,","98.7",",,,7","",""
"USC00333120","2019-04","39.6361","-84.4015","224.9","GERMANTOWN DAM, OH US","12",",7","8",",7","1",",7","","","","","","","","","20190420",",,7","","","","","35.6",",,7,20,","106.0",",,,7","",""
"USC00333120","2019-05","39.6361","-84.4015","224.9","GERMANTOWN DAM, OH US","14",",7","12",",7","2",",7","","","","","","","","","20190504",",,7","","","","","37.8",",,7,04,","125.7",",,,7","",""
"USC00333120","2019-06","39.6361","-84.4015","224.9","GERMANTOWN DAM, OH US","15",",7","8",",7","2",",7","","","","","","","","","20190618",",,7","","","","","49.8",",,7,18,","121.6",",,,7","",""
"USC00333120","2019-07","39.6361","-84.4015","224.9","GERMANTOWN DAM, OH US","7",",7","6",",7","2",",7","","","","","","","","","20190722",",,7","","","","","50.3",",,7,22,","119.6",",,,7","",""
"USC00333120","2019-08","39.6361","-84.4015","224.9","GERMANTOWN DAM, OH US","8",",7","8",",7","1",",7","","","","","","","","","20190813",",,7","","","","","29.2",",,7,13,","72.9",",,,7","",""
"USC00333120","2019-09","39.6361","-84.4015","224.9","GERMANTOWN DAM, OH US","5",",7","3",",7","0",",7","","","","","","","","","20190902",",,7","","","","","5.1",",,7,02,","14.5",",,,7","",""
"USC00333120","2019-10","39.6361","-84.4015","224.9","GERMANTOWN DAM, OH US","8",",7","8",",7","0",",7","","","","","","","","","20191027",",,7","","","","","23.1",",,7,27,","72.3",",,,7","",""
"USC00333120","2019-11","39.6361","-84.4015","224.9","GERMANTOWN DAM, OH US","9",",7","6",",7","0",",7","","","","","","","","","20191127",",,7","","","","","12.2",",,7,27,","54.7",",,,7","",""
"USC00333120","2019-12","39.6361","-84.4015","224.9","GERMANTOWN DAM, OH US","9",",7","9",",7","1",",7","","","","","","","","","20191230",",,7","","","","","30.0",",,7,30,","84.7",",,,7","",""
"USC00333120","2020-01","39.6361","-84.4015","224.9","GERMANTOWN DAM, OH US","11",",7","9",",7","0",",7","","","","","","","","","20200110",",,7","","","","","14.7",",,7,10,","104.7",",,,7","",""
"USC00333120","2020-02","39.6361","-84.4015","224.9","GERMANTOWN DAM, OH US","14",",7","8",",7","0",",7","","","","","","","","","20200213",",,7","","","","","15.0",",,7,13,","66.8",",,,7","",""
"USC00333120","2020-03","39.6361","-84.4015","224.9","GERMANTOWN DAM, OH US","12",",7","10",",7","2",",7","","","","","","","","","20200320",",,7","","","","","46.7",",,7,20,","144.8",",,,7","",""
"USC00333120","2020-04","39.6361","-84.4015","224.9","GERMANTOWN DAM, OH US","9",",7","7",",7","0",",7","","","","","","","","","20200413",",,7","","","","","11.4",",,7,13,","53.5",",,,7","",""
"USC00333120","2020-05","39.6361","-84.4015","224.9","GERMANTOWN DAM, OH US","17",",7","9",",7","2",",7","","","","","","","","","20200519",",,7","","","","","94.2",",,7,19,","193.4",",,,7","",""
"USC00333120","2020-06","39.6361","-84.4015","224.9","GERMANTOWN DAM, OH US","8",",7","4",",7","0",",7","","","","","","","","","20200622",",,7","","","","","23.6",",,7,22,","41.1",",,,7","",""
"USC00333120","2020-07","39.6361","-84.4015","224.9","GERMANTOWN DAM, OH US","9",",7","8",",7","0",",7","","","","","","","","","20200724",",,7","","","","","22.1",",,7,24,","92.2",",,,7","",""
"USC00333120","2020-08","39.6361","-84.4015","224.9","GERMANTOWN DAM, OH US","7",",7","7",",7","0",",7","","","","","","","","","20200811",",,7","","","","","21.1",",,7,11,","77.5",",,,7","",""
"USC00333120","2020-09","39.6361","-84.4015","224.9","GERMANTOWN DAM, OH US","5",",7","5",",7","0",",7","","","","","","","","","20200913",",,7","","","","","9.9",",,7,13,","26.9",",,,7","",""
"USC00333120","2020-10","39.6361","-84.4015","224.9","GERMANTOWN DAM, OH US","10",",7","8",",7","2",",7","","","","","","","","","20201029",",,7","","","","","31.5",",,7,29,","133.7",",,,7","",""
"USC00333120","2020-11","39.6361","-84.4015","224.9","GERMANTOWN DAM, OH US","9",",7","8",",7","0",",7","","","","","","","","","20201126",",,7","","","","","18.3",",,7,26,","76.6",",,,7","",""
"USC00333120","2020-12","39.6361","-84.4015","224.9","GERMANTOWN DAM, OH US","7",",7","4",",7","0",",7","","","","","","","","","20201231",",,7","","","","","21.8",",,7,31,","36.5",",,,7","",""
"USC00333120","2021-01","39.6361","-84.4015","224.9","GERMANTOWN DAM, OH US","10",",7","4",",7","1",",7","","","","","","","","","20210102",",,7","","","","","28.7",",,7,02,","59.3",",,,7","",""
"USC00333120","2021-02","39.6361","-84.4015","224.9","GERMANTOWN DAM, OH US","11",",7","6",",7","0",",7","","","","","","","","","20210201",",,7","","","","","18.8",",,7,01,","61.1",",,,7","",""
"USC00333120","2021-03","39.6361","-84.4015","224.9","GERMANTOWN DAM, OH US","8",",7","8",",7","0",",7","","","","","","","","","20210312",",,7","","","","","21.6",",,7,12,","100.1",",,,7","",""
"USC00333120","2021-04","39.6361","-84.4015","224.9","GERMANTOWN DAM, OH US","9",",7","7",",7","0",",7","","","","","","","","","20210429",",,7","","","","","17.8",",,7,29,","65.0",",,,7","",""
"USC00333120","2021-05","39.6361","-84.4015","224.9","GERMANTOWN DAM, OH US","12",",7","8",",7","0",",7","","","","","","","","","20210505",",,7","","","","","21.1",",,7,05,","86.7",",,,7","",""
"USC00333120","2021-06","39.6361","-84.4015","224.9","GERMANTOWN DAM, OH US","10",",7","8",",7","2",",7","","","","","","","","","20210619",",,7","","","","","100.1",",,7,19,","210.3",",,,7","",""
"USC00333120","2021-07","39.6361","-84.4015","224.9","GERMANTOWN DAM, OH US","10",",7","5",",7","2",",7","","","","","","","","","20210717",",,7","","","","","64.8",",,7,17,","142.4",",,,7","",""
"USC00333120","2021-08","39.6361","-84.4015","224.9","GERMANTOWN DAM, OH US","9",",7","3",",7","0",",7","","","","","","","","","20210827",",,7","","","","","18.3",",,7,27,","38.1",",,,7","",""
"USC00333120","2021-09","39.6361","-84.4015","224.9","GERMANTOWN DAM, OH US","9",",7","6",",7","0",",7","","","","","","","","","20210901",",,7","","","","","21.8",",,7,01,","79.8",",,,7","",""
"USC00333120","2021-10","39.6361","-84.4015","224.9","GERMANTOWN DAM, OH US","10",",7","6",",7","0",",7","","","","","","","","","20211008",",,7","","","","","25.1",",,7,08,","83.6",",,,7","",""
"USC00333120","2021-11","39.6361","-84.4015","224.9","GERMANTOWN DAM, OH US","7",",7","4",",7","0",",7","","","","","","","","","20211112",",,7","","","","","17.8",",,7,12,","49.1",",,,7","",""
"USC00333120","2021-12","39.6361","-84.4015","224.9","GERMANTOWN DAM, OH US","12",",7","9",",7","1",",7","","","","","","","","","20211211",",,7","","","","","25.4",",,7,11,","102.3",",,,7","",""
"USC00333120","2022-01","39.6361","-84.4015","224.9","GERMANTOWN DAM, OH US","6",",7","4",",7","0",",7","","","","","","","","","20220102",",,7","","","","","22.9",",,7,02,","54.4",",,,7","",""
"USC00333120","2022-02","39.6361","-84.4015","224.9","GERMANTOWN DAM, OH US","10",",7","7",",7","3",",7","","","","","","","","","20220203",",,7","","","","","30.7",",,7,03,","151.2",",,,7","",""
"USC00333120","2022-03","39.6361","-84.4015","224.9","GERMANTOWN DAM, OH US","7","2,7","5","2,7","0","2,7","","","","","","","","","20220319",",2,7","","","","","15.5","2,,7,19,","109.0",",a,,7","",""
"USC00333120","2022-04","39.6361","-84.4015","224.9","GERMANTOWN DAM, OH US","15",",7","10",",7","0",",7","","","","","","","","","20220414",",,7","","","","","24.6",",,7,14,","74.3",",,,7","",""
"USC00333120","2022-05","39.6361","-84.4015","224.9","GERMANTOWN DAM, OH US","13",",7","12",",7","0",",7","","","","","","","","","20220520",",,7","","","","","21.6",",,7,20,","117.4",",,,7","",""
"USC00333120","2022-06","39.6361","-84.4015","224.9","GERMANTOWN DAM, OH US","8",",7","5",",7","0",",7","","","","","","","","","20220609",",,7","","","","","15.2",",,7,09,","52.5",",,,7","",""
"USC00333120","2022-07","39.6361","-84.4015","224.9","GERMANTOWN DAM, OH US","11",",7","7",",7","0",",7","","","","","","","","","20220707",",,7","","","","","20.3",",,7,07,","88.5",",,,7","",""
"USC00333120","2022-08","39.6361","-84.4015","224.9","GERMANTOWN DAM, OH US","7",",7","5",",7","1",",7","","","","","","","","","20220822",",,7","","","","","31.8",",,7,22,","66.7",",,,7","",""
"USC00333120","2022-09","39.6361","-84.4015","224.9","GERMANTOWN DAM, OH US","6",",7","4",",7","2",",7","","","","","","","","","20220905",",,7","","","","","60.5",",,7,05,","116.3",",,,7","",""
"USC00333120","2022-10","39.6361","-84.4015","224.9","GERMANTOWN DAM, OH US","3",",7","3",",7","0",",7","","","","","","","","","20221031",",,7","","","","","11.4",",,7,31,","24.1",",,,7","",""
"USC00333120","2022-11","39.6361","-84.4015","224.9","GERMANTOWN DAM, OH US","9",",7","7",",7","0",",7","","","","","","","","","20221127",",,7","","","","","16.3",",,7,27,","54.3",",,,7","",""
"USC00333120","2022-12","39.6361","-84.4015","224.9","GERMANTOWN DAM, OH US","10",",7","5",",7","0",",7","","","","","","","","","20221215",",,7","","","","","15.5",",,7,15,","50.2",",,,7","",""
"USC00333120","2023-01","39.6361","-84.4015","224.9","GERMANTOWN DAM, OH US","","","","","","","","","","","","","","","","","","","","","","","104.4",",a,,7","",""
"USC00333120","2023-02","39.6361","-84.4015","224.9","GERMANTOWN DAM, OH US","6",",7","5",",7","0",",7","","","","","","","","","20230228",",,7","","","","","14.2",",,7,28,","50.8",",,,7","",""
"USC00333120","2023-03","39.6361","-84.4015","224.9","GERMANTOWN DAM, OH US","14",",7","11",",7","3",",7","","","","","","","","","20230304",",,7","","","","","80.0",",,7,04,","228.7",",,,7","",""
"USC00333120","2023-04","39.6361","-84.4015","224.9","GERMANTOWN DAM, OH US","8",",7","6",",7","1",",7","","","","","","","","","20230406",",,7","","","","","36.8",",,7,06,","94.7",",,,7","",""
"USC00333120","2023-05","39.6361","-84.4015","224.9","GERMANTOWN DAM, OH US","9",",7","5",",7","0",",7","","","","","","","","","20230507",",,7","","","","","24.4",",,7,07,","48.6",",,,7","",""
"USC00333120","2023-06","39.6361","-84.4015","224.9","GERMANTOWN DAM, OH US","7",",7","4",",7","1",",7","","","","","","","","","20230612",",,7","","","","","41.9",",,7,12,","82.1",",,,7","",""
"USC00333120","2023-07","39.6361","-84.4015","224.9","GERMANTOWN DAM, OH US","10",",7","9",",7","1",",7","","","","","","","","","20230702",",,7","","","","","28.4",",,7,02,","114.0",",,,7","",""
"USC00333120","2023-08","39.6361","-84.4015","224.9","GERMANTOWN DAM, OH US","7",",7","7",",7","2",",7","","","","","","","","","20230815",",,7","","","","","27.9",",,7,15,","108.6",",,,7","",""
"USC00333120","2023-09","39.6361","-84.4015","224.9","GERMANTOWN DAM, OH US","2","2,7","2","2,7","0","2,7","","","","","","","","","20230929",",2,7","","","","","23.4","2,,7,29,","53.1",",a,,7","",""
"USC00333120","2023-10","39.6361","-84.4015","224.9","GERMANTOWN DAM, OH US","10",",7","8",",7","0",",7","","","","","","","","","20231029",",,7","","","","","17.8",",,7,29,","65.3",",,,7","",""
"USC00333120","2023-11","39.6361","-84.4015","224.9","GERMANTOWN DAM, OH US","4",",7","3",",7","0",",7","","","","","","","","","20231118",",,7","","","","","12.7",",,7,18,","29.2",",,,7","",""
"USC00333120","2023-12","39.6361","-84.4015","224.9","GERMANTOWN DAM, OH US","14",",7","8",",7","0",",7","","","","","","","","","20231210",",,7","","","","","15.2",",,7,10,","53.6",",,,7","",""
"USC00333120","2024-01","39.6361","-84.4015","224.9","GERMANTOWN DAM, OH US","17",",7","11",",7","1",",7","","","","","","","","","20240128",",,7","","","","","35.6",",,7,28,","177.5",",,,7","",""
"USC00333120","2024-02","39.6361","-84.4015","224.9","GERMANTOWN DAM, OH US","4",",7","4",",7","0",",7","","","","","","","","","20240223",",,7","","","","","15.2",",,7,23,","39.3",",,,7","",""
"USC00333120","2024-03","39.6361","-84.4015","224.9","GERMANTOWN DAM, OH US","9",",7","8",",7","1",",7","","","","","","","","","20240306",",,7","","","","","25.4",",,7,06,","73.8",",,,7","",""
"USC00333120","2024-04","39.6361","-84.4015","224.9","GERMANTOWN DAM, OH US","14",",7","12",",7","2",",7","","","","","","","","","20240402",",,7","","","","","38.6",",,7,02,","148.3",",,,7","",""
"USC00333120","2024-05","39.6361","-84.4015","224.9","GERMANTOWN DAM, OH US","11",",7","8",",7","0",",7","","","","","","","","","20240527",",,7","","","","","23.6",",,7,27,","91.1",",,,7","",""
