"STATION","DATE","LATITUDE","LONGITUDE","ELEVATION","NAME","CDSD","CDSD_ATTRIBUTES","CLDD","CLDD_ATTRIBUTES","DP01","DP01_ATTRIBUTES","DP10","DP10_ATTRIBUTES","DP1X","DP1X_ATTRIBUTES","DSND","DSND_ATTRIBUTES","DSNW","DSNW_ATTRIBUTES","DT00","DT00_ATTRIBUTES","DT32","DT32_ATTRIBUTES","DX32","DX32_ATTRIBUTES","DX70","DX70_ATTRIBUTES","DX90","DX90_ATTRIBUTES","DYFG","DYFG_ATTRIBUTES","DYNT","DYNT_ATTRIBUTES","DYSD","DYSD_ATTRIBUTES","DYSN","DYSN_ATTRIBUTES","DYTS","DYTS_ATTRIBUTES","DYXP","DYXP_ATTRIBUTES","DYXT","DYXT_ATTRIBUTES","EMNT","EMNT_ATTRIBUTES","EMSD","EMSD_ATTRIBUTES","EMSN","EMSN_ATTRIBUTES","EMXP","EMXP_ATTRIBUTES","EMXT","EMXT_ATTRIBUTES","HDSD","HDSD_ATTRIBUTES","HTDD","HTDD_ATTRIBUTES","PRCP","PRCP_ATTRIBUTES","SNOW","SNOW_ATTRIBUTES","TAVG","TAVG_ATTRIBUTES","TMAX","TMAX_ATTRIBUTES","TMIN","TMIN_ATTRIBUTES"
"USC00043130","1930-01","40.38333","-123.33333","712.9","FOREST GLEN, CA US","0.0","6","0.0",",6","17","2,6","15","2,6","3","2,6","","","6","2,6","0",",6","30",",6","2",",6","0",",6","0",",6","","","19300111",",,6","","","19300106",",2,6","","","19300105",",2,6","19300103",",,6","-13.9",",6,11,","","","356","2,,6,06,","51.6","2,,6,05,","12.2",",6,03,","","","548.1",",6","238.2","2,,,6","941","2,,,6","0.65",",6","4.76",",,,6","-3.45",",,,6"
"USC00043130","1930-02","40.38333","-123.33333","712.9","FOREST GLEN, CA US","0.0","6","0.0",",6","11",",6","10",",6","3",",6","","","3",",6","0",",6","12",",6","0",",6","0",",6","0",",6","","","19300228",",,6","","","19300223",",,6","","","19300222",",,6","19300217",",,6","-3.3",",6,28,","","","76",",,6,23,","69.1",",,6,22,","19.4",",6,17,","","","337.0",",6","241.0",",,,6","152",",,,6","6.30",",6","11.28",",,,6","1.32",",,,6"
"USC00043130","1930-03","40.38333","-123.33333","712.9","FOREST GLEN, CA US","0.0","6","0.0","1,6","6",",6","4",",6","2",",6","","","0",",6","0","1,6","20","1,6","0","1,6","6","1,6","0","1,6","","","19300317","+,1,6","","","19300305",",,6","","","19300305",",,6","19300329",",1,6","-3.3","1,6,17,+","","","0",",T,6,05,","30.7",",,6,05,","25.6","1,6,29,","","","325.5","1,6","77.9",",,,6","0",",T,,6","7.48","1,6","15.13","1,,,6","-0.17","1,,,6"
"USC00043130","1930-04","40.38333","-123.33333","712.9","FOREST GLEN, CA US","0.0","6","0.0",",6","8",",6","7",",6","1",",6","","","","","0",",6","6",",6","0",",6","8",",6","0",",6","","","19300409","+,,6","","","","","","","19300414",",,6","19300420","+,,6","-1.1",",6,09,+","","","","","61.5",",,6,14,","23.3",",6,20,+","","","228.5",",6","113.0",",,,6","","","10.72",",6","17.56",",,,6","3.87",",,,6"
"USC00043130","1930-05","40.38333","-123.33333","712.9","FOREST GLEN, CA US","0.0","6","0.0",",6","5",",6","3",",6","0",",6","","","","","0",",6","4",",6","0",",6","14",",6","0",",6","","","19300510","+,,6","","","","","","","19300528",",,6","19300523","+,,6","-1.1",",6,10,+","","","","","11.4",",,6,28,","26.7",",6,23,+","","","204.7",",6","21.0",",,,6","","","11.73",",6","19.74",",,,6","3.73",",,,6"
"USC00043130","1930-06","40.38333","-123.33333","712.9","FOREST GLEN, CA US","17.6","6","17.6",",6","0",",6","0",",6","0",",6","","","","","0",",6","0",",6","0",",6","27",",6","6",",6","","","19300624",",,6","","","","","","","19300630","+,,6","19300615","+,,6","3.9",",6,24,","","","","","0.0",",,6,30,+","35.6",",6,15,+","","","49.8",",6","0.0",",,,6","","","17.26",",6","27.58",",,,6","6.94",",,,6"
"USC00043130","1930-07","40.38333","-123.33333","712.9","FOREST GLEN, CA US","88.0","6","70.4",",6","0",",6","0",",6","0",",6","","","","","0",",6","0",",6","0",",6","31",",6","14",",6","","","19300730",",,6","","","","","","","19300731","+,,6","19300721",",,6","6.7",",6,30,","","","","","0.0",",,6,31,+","36.1",",6,21,","0.5","6","0.5",",6","0.0",",,,6","","","20.59",",6","31.44",",,,6","9.73",",,,6"
"USC00043130","1930-08","40.38333","-123.33333","712.9","FOREST GLEN, CA US","125.0","6","37.0",",6","1",",6","1",",6","0",",6","","","","","0",",6","0",",6","0",",6","31",",6","8",",6","","","19300820",",,6","","","","","1","","19300813",",,6","19300813",",,6","4.4",",6,20,","","","","","2.5",",,6,13,","35.0",",6,13,","13.7","6","13.2",",6","2.5",",,,6","","","19.10",",6","29.89",",,,6","8.31",",,,6"
"USC00043130","1930-09","40.38333","-123.33333","712.9","FOREST GLEN, CA US","127.1","6","2.1",",6","5",",6","3",",6","0",",6","","","","","0",",6","0",",6","0",",6","20",",6","0",",6","","","19300907",",,6","","","","","","","19300908",",,6","19300903","+,,6","2.8",",6,07,","","","","","17.3",",,6,08,","31.1",",6,03,+","104.9","6","91.2",",6","29.0",",,,6","","","15.36",",6","23.42",",,,6","7.31",",,,6"
"USC00043130","1930-10","40.38333","-123.33333","712.9","FOREST GLEN, CA US","127.1","6","0.0",",6","5",",6","4",",6","0",",6","","","","","0",",6","17",",6","0",",6","11",",6","0",",6","","","19301029",",,6","","","","","","","19301011",",,6","19301006",",,6","-3.9",",6,29,","","","","","13.7",",,6,11,","26.7",",6,06,","351.3","6","246.4",",6","25.8",",,,6","","","10.38",",6","19.59",",,,6","1.18",",,,6"
"USC00043130","1930-11","40.38333","-123.33333","712.9","FOREST GLEN, CA US","127.1","6","0.0",",6","7",",6","4",",6","2",",6","","","1",",6","0",",6","27",",6","0",",6","1",",6","0",",6","","","19301114","+,,6","","","19301115",",,6","","","19301115",",,6","19301107",",,6","-5.6",",6,14,+","","","25",",,6,15,","52.1",",,6,15,","23.3",",6,07,","746.2","6","394.9",",6","131.4",",,,6","25",",,,6","5.17",",6","12.57",",,,6","-2.24",",,,6"
"USC00043130","1930-12","40.38333","-123.33333","712.9","FOREST GLEN, CA US","127.1","6","0.0",",6","6",",6","6",",6","1",",6","","","","","0",",6","23",",6","0",",6","0",",6","0",",6","","","19301224",",,6","","","","","","","19301231",",,6","19301212","+,,6","-11.1",",6,24,","","","","","39.1",",,6,31,","11.1",",6,12,+","1269.8","6","523.6",",6","92.9",",,,6","","","1.44",",6","6.57",",,,6","-3.69",",,,6"
"USC00043130","1931-01","40.38333","-123.33333","712.9","FOREST GLEN, CA US","0.0","6","0.0",",6","14","1,6","11","1,6","5","1,6","","","2",",6","0",",6","24",",6","0",",6","0",",6","0",",6","","","19310118",",,6","","","19310107",",,6","","","19310122",",1,6","19310131","+,,6","-6.7",",6,18,","","","51",",,6,07,","55.9","1,,6,22,","12.2",",6,31,+","1753.8","6","484.0",",6","292.7","1,,,6","76",",,,6","2.72",",6","6.99",",,,6","-1.55",",,,6"
"USC00043130","1931-02","40.38333","-123.33333","712.9","FOREST GLEN, CA US","0.0","6","0.0",",6","13",",6","7",",6","1",",6","","","0",",6","0",",6","15",",6","0",",6","0",",6","0",",6","","","19310224","+,,6","","","19310219",",,6","","","19310218",",,6","19310222",",,6","-3.9",",6,24,+","","","0",",T,6,19,","28.4",",,6,18,","16.7",",6,22,","2102.8","6","349.0",",6","82.9",",,,6","0",",T,,6","5.87",",6","11.65",",,,6","0.09",",,,6"
"USC00043130","1931-03","40.38333","-123.33333","712.9","FOREST GLEN, CA US","0.0","6","0.0",",6","14",",6","9",",6","2",",6","","","","","0",",6","15",",6","0",",6","2",",6","0",",6","","","19310306",",,6","","","","","","","19310311",",,6","19310320","+,,6","-6.7",",6,06,","","","","","80.8",",,6,11,","21.1",",6,20,+","2420.8","6","318.0",",6","184.2",",,,6","","","8.08",",6","15.50",",,,6","0.65",",,,6"
"USC00043130","1931-04","40.38333","-123.33333","712.9","FOREST GLEN, CA US","0.0","6","0.0",",6","4",",6","2",",6","0",",6","","","","","0",",6","13",",6","0",",6","18",",6","0",",6","","","19310403",",,6","","","","","","","19310413",",,6","19310421",",,6","-4.4",",6,03,","","","","","6.6",",,6,13,","31.1",",6,21,","2636.2","6","215.4",",6","12.5",",,,6","","","11.15",",6","21.14",",,,6","1.17",",,,6"
"USC00043130","1931-05","40.38333","-123.33333","712.9","FOREST GLEN, CA US","5.3","6","5.3",",6","4",",6","3",",6","0",",6","","","","","0",",6","4",",6","0",",6","28",",6","2",",6","","","19310518","+,,6","","","","","","","19310524",",,6","19310529",",,6","-0.6",",6,18,+","","","","","17.8",",,6,24,","34.4",",6,29,","2731.3","6","95.1",",6","30.1",",,,6","","","15.44",",6","26.18",",,,6","4.69",",,,6"
"USC00043130","1931-06","40.38333","-123.33333","712.9","FOREST GLEN, CA US","5.6","6","0.3",",6","3",",6","3",",6","0",",6","","","","","0",",6","1",",6","0",",6","25",",6","1",",6","","","19310629",",,6","","","","","","","19310615",",,6","19310605",",,6","-0.6",",6,29,","","","","","24.1",",,6,15,","32.2",",6,05,","2820.3","6","89.0",",6","45.5",",,,6","","","15.38",",6","24.79",",,,6","5.96",",,,6"
"USC00043130","1931-07","40.38333","-123.33333","712.9","FOREST GLEN, CA US","86.8","6","81.2",",6","0",",6","0",",6","0",",6","","","","","0",",6","0",",6","0",",6","31",",6","23",",6","","","19310710",",,6","","","","","","","19310731","+,,6","19310725","+,,6","2.2",",6,10,","","","","","0.0",",,6,31,+","38.9",",6,25,+","9.7","6","9.7",",6","0.0",",,,6","","","20.64",",6","34.20",",,,6","7.08",",,,6"
"USC00043130","1931-08","40.38333","-123.33333","712.9","FOREST GLEN, CA US","124.1","6","37.3",",6","0",",6","0",",6","0",",6","","","","","0",",6","0",",6","0",",6","31",",6","24",",6","","","19310818",",,6","","","","","","","19310831","+,,6","19310827","+,,6","1.7",",6,18,","","","","","0.0",",,6,31,+","37.8",",6,27,+","22.5","6","12.8",",6","0.0",",,,6","","","19.12",",6","33.26",",,,6","4.98",",,,6"
"USC00043130","1931-09","40.38333","-123.33333","712.9","FOREST GLEN, CA US","137.7","6","13.6",",6","2",",6","1",",6","0",",6","","","","","0",",6","7",",6","0",",6","26",",6","5",",6","","","19310924","+,,6","","","","","","","19310929",",,6","19310902",",,6","-2.8",",6,24,+","","","","","4.3",",,6,29,","38.3",",6,02,","131.9","6","109.4",",6","5.6",",,,6","","","15.14",",6","27.15",",,,6","3.13",",,,6"
"USC00043130","1931-10","40.38333","-123.33333","712.9","FOREST GLEN, CA US","137.7","6","0.0",",6","6",",6","3",",6","2",",6","","","","","0",",6","22",",6","0",",6","19",",6","1",",6","","","19311012","+,,6","","","","","","","19311022",",,6","19311001",",,6","-3.3",",6,12,+","","","","","74.4",",,6,22,","32.2",",6,01,","364.0","6","232.1",",6","143.8",",,,6","","","10.85",",6","21.54",",,,6","0.15",",,,6"
"USC00043130","1931-11","40.38333","-123.33333","712.9","FOREST GLEN, CA US","137.7","6","0.0",",6","11",",6","8",",6","3",",6","","","2",",6","0",",6","23",",6","0",",6","0",",6","0",",6","","","19311130","+,,6","","","19311114",",,6","","","19311114",",,6","19311107",",,6","-9.4",",6,30,+","","","102",",,6,14,","37.8",",,6,14,","20.0",",6,07,","814.9","6","450.9",",6","136.8",",,,6","127",",,,6","3.30",",6","9.46",",,,6","-2.85",",,,6"
"USC00043130","1931-12","40.38333","-123.33333","712.9","FOREST GLEN, CA US","137.7","6","0.0",",6","20",",6","19",",6","6",",6","","","7",",6","0",",6","26",",6","3",",6","0",",6","0",",6","","","19311215",",,6","","","19311213",",,6","","","19311226",",,6","19311203",",,6","-13.9",",6,15,","","","279",",,6,13,","84.8",",,6,26,","10.6",",6,03,","1351.7","6","536.8",",6","456.9",",,,6","762",",,,6","1.02",",6","4.76",",,,6","-2.73",",,,6"
"USC00043130","1932-01","40.38333","-123.33333","712.9","FOREST GLEN, CA US","0.0","6","0.0",",6","15",",6","13",",6","1",",6","","","7",",6","0",",6","31",",6","1",",6","0",",6","0",",6","2","","19320124","+,,6","","","19320112",",,6","","","19320116",",,6","19320130",",,6","-11.1",",6,24,+","","","203",",,6,12,","27.4",",,6,16,","10.0",",6,30,","1908.2","6","556.5",",6","140.6",",,,6","966",",,,6","0.38",",6","5.09",",,,6","-4.33",",,,6"
"USC00043130","1932-02","40.38333","-123.33333","712.9","FOREST GLEN, CA US","0.0","6","0.0",",6","6",",6","4",",6","0",",6","24","5,6","3",",6","0",",6","28",",6","0",",6","0",",6","0",",6","","","19320219","+,,6","19320205",",5,6","19320205",",,6","","","19320205",",,6","19320227",",,6","-10.0",",6,19,+","381","5,,6,05,","178",",,6,05,","21.6",",,6,05,","18.3",",6,27,","2370.0","6","461.8",",6","46.5",",,,6","305",",,,6","2.41",",6","9.92",",,,6","-5.10",",,,6"
"USC00043130","1932-03","40.38333","-123.33333","712.9","FOREST GLEN, CA US","0.0","6","0.0",",6","12",",6","8",",6","1",",6","","","","","0",",6","18",",6","0",",6","4",",6","0",",6","","","19320303",",,6","","","","","","","19320319",",,6","19320331","+,,6","-8.3",",6,03,","","","","","30.7",",,6,19,","23.3",",6,31,+","2693.9","6","323.9",",6","93.9",",,,6","","","7.88",",6","15.49",",,,6","0.28",",,,6"
"USC00043130","1932-04","40.38333","-123.33333","712.9","FOREST GLEN, CA US","0.0","6","0.0",",6","16",",6","9",",6","0",",6","","","","","0",",6","13",",6","0",",6","9",",6","0",",6","","","19320422","+,,6","","","","","","","19320424",",,6","19320410",",,6","-4.4",",6,22,+","","","","","23.6",",,6,24,","25.6",",6,10,","2989.1","6","295.2",",6","118.5",",,,6","","","8.49",",6","16.25",",,,6","0.73",",,,6"
"USC00043130","1932-05","40.38333","-123.33333","712.9","FOREST GLEN, CA US","0.0","6","0.0",",6","12",",6","9",",6","1",",6","","","","","0",",6","0",",6","0",",6","18",",6","0",",6","","","19320524",",,6","","","","","","","19320501",",,6","19320512","+,,6","0.6",",6,24,","","","","","28.4",",,6,01,","30.0",",6,12,+","3172.7","6","183.6",",6","90.7",",,,6","","","12.41",",6","21.18",",,,6","3.64",",,,6"
"USC00043130","1932-06","40.38333","-123.33333","712.9","FOREST GLEN, CA US","36.5","6","36.5",",6","1",",6","1",",6","0",",6","","","","","0",",6","1",",6","0",",6","27",",6","9",",6","","","19320606",",,6","","","","","","","19320602",",,6","19320630","+,,6","-1.1",",6,06,","","","","","12.7",",,6,02,","37.8",",6,30,+","3234.9","6","62.2",",6","12.7",",,,6","","","17.48",",6","28.98",",,,6","5.97",",,,6"
"USC00043130","1932-07","40.38333","-123.33333","712.9","FOREST GLEN, CA US","52.1","6","15.6",",6","1",",6","1",",6","0",",6","","","","","0",",6","0",",6","0",",6","31",",6","8",",6","","","19320729",",,6","","","","","","","19320718",",,6","19320706",",,6","2.2",",6,29,","","","","","5.1",",,6,18,","35.6",",6,06,","41.1","6","41.1",",6","5.1",",,,6","","","17.51",",6","29.13",",,,6","5.90",",,,6"
"USC00043130","1932-08","40.38333","-123.33333","712.9","FOREST GLEN, CA US","89.2","6","37.1",",6","0",",6","0",",6","0",",6","","","","","0",",6","0",",6","0",",6","31",",6","12",",6","","","19320830",",,6","","","","","","","19320831","+,,6","19320805",",,6","0.6",",6,30,","","","","","0.0",",,6,31,+","40.0",",6,05,","87.9","6","46.8",",6","0.0",",,,6","","","18.02",",6","30.90",",,,6","5.14",",,,6"
"USC00043130","1932-09","40.38333","-123.33333","712.9","FOREST GLEN, CA US","105.0","6","15.8",",6","0",",6","0",",6","0",",6","","","","","0",",6","0",",6","0",",6","30",",6","20",",6","","","19320926",",,6","","","","","","","19320930","+,,6","19320909",",,6","0.6",",6,26,","","","","","0.0",",,6,30,+","37.8",",6,09,","119.9","6","32.0",",6","0.0",",,,6","","","17.79",",6","32.65",",,,6","2.94",",,,6"
"USC00043130","1932-10","40.38333","-123.33333","712.9","FOREST GLEN, CA US","106.1","6","1.1",",6","4",",6","2",",6","0",",6","","","","","0",",6","20",",6","0",",6","16",",6","4",",6","","","19321030",",,6","","","","","","","19321006",",,6","19321002",",,6","-6.7",",6,30,","","","","","14.7",",,6,06,","32.8",",6,02,","355.5","6","235.6",",6","22.3",",,,6","","","10.77",",6","22.01",",,,6","-0.46",",,,6"
"USC00043130","1932-11","40.38333","-123.33333","712.9","FOREST GLEN, CA US","106.1","6","0.0",",6","12",",6","8",",6","3",",6","","","","","0",",6","18",",6","0",",6","0",",6","0",",6","","","19321123",",,6","","","","","","","19321128",",,6","19321101",",,6","-5.6",",6,23,","","","","","65.0",",,6,28,","17.8",",6,01,","712.9","6","357.4",",6","191.3",",,,6","","","6.42",",6","12.92",",,,6","-0.08",",,,6"
"USC00043130","1932-12","40.38333","-123.33333","712.9","FOREST GLEN, CA US","106.1","6","0.0",",6","11",",6","9",",6","3",",6","","","3",",6","2",",6","28",",6","6",",6","0",",6","0",",6","","","19321211",",,6","","","19321221",",,6","","","19321219",",,6","19321204","+,,6","-18.9",",6,11,","","","178",",,6,21,","81.3",",,6,19,","10.0",",6,04,+","1299.9","6","587.0",",6","229.9",",,,6","254",",,,6","-0.60",",6","4.05",",,,6","-5.25",",,,6"
"USC00043130","1933-01","40.38333","-123.33333","712.9","FOREST GLEN, CA US","0.0","6","0.0",",6","17",",6","14",",6","3",",6","","","","","0",",6","31",",6","0",",6","0",",6","0",",6","","","19330120",",,6","","","","","","","19330127",",,6","19330123",",,6","-12.2",",6,20,","","","","","49.3",",,6,27,","7.8",",6,23,","1875.0","6","575.1",",6","263.1",",,,6","","","-0.22",",6","4.08",",,,6","-4.51",",,,6"
"USC00043130","1933-02","40.38333","-123.33333","712.9","FOREST GLEN, CA US","0.0","6","0.0",",6","8",",6","7",",6","1",",6","28",",6","1",",6","0",",6","28",",6","0",",6","0",",6","0",",6","","","19330207",",,6","19330211",",,6","19330211",",,6","","","19330228",",,6","19330220",",,6","-11.7",",6,07,","483",",,6,11,","152",",,6,11,","30.2",",,6,28,","12.2",",6,20,","2374.9","6","499.9",",6","87.8",",,,6","152",",,,6","0.48",",6","6.81",",,,6","-5.85",",,,6"
"USC00043130","1933-03","40.38333","-123.33333","712.9","FOREST GLEN, CA US","0.0","6","0.0",",6","17",",6","13",",6","4",",6","","","1",",6","0",",6","21",",6","0",",6","0",",6","0",",6","","","19330321",",,6","","","19330313",",,6","","","19330327",",,6","19330319",",,6","-5.6",",6,21,","","","25",",,6,13,","75.2",",,6,27,","20.0",",6,19,","2792.0","6","417.1",",6","373.2",",,,6","25",",,,6","4.88",",6","10.55",",,,6","-0.79",",,,6"
"USC00043130","1933-04","40.38333","-123.33333","712.9","FOREST GLEN, CA US","0.0","6","0.0",",6","3",",6","1",",6","0",",6","","","","","0",",6","22",",6","0",",6","14",",6","0",",6","","","19330408",",,6","","","","","","","19330425",",,6","19330427","+,,6","-7.8",",6,08,","","","","","4.8",",,6,25,","26.7",",6,27,+","3079.3","6","287.3",",6","7.8",",,,6","","","8.76",",6","19.18",",,,6","-1.67",",,,6"
"USC00043130","1933-05","40.38333","-123.33333","712.9","FOREST GLEN, CA US","0.0","6","0.0",",6","15",",6","8",",6","2",",6","","","0",",6","0",",6","12",",6","0",",6","8",",6","1",",6","","","19330522","+,,6","","","19330507",",,6","","","19330501",",,6","19330528",",,6","-2.8",",6,22,+","","","0",",T,6,07,","51.3",",,6,01,","32.2",",6,28,","3384.4","6","305.1",",6","134.0",",,,6","0",",T,,6","8.49",",6","15.58",",,,6","1.41",",,,6"
"USC00043130","1933-06","40.38333","-123.33333","712.9","FOREST GLEN, CA US","5.1","6","5.1",",6","1",",6","1",",6","0",",6","","","","","0",",6","0",",6","0",",6","27",",6","3",",6","","","19330602",",,6","","","","","","","19330605",",,6","19330613",",,6","0.6",",6,02,","","","","","2.5",",,6,05,","35.6",",6,13,","3492.2","6","107.8",",6","2.5",",,,6","","","14.91",",6","25.09",",,,6","4.73",",,,6"
"USC00043130","1933-07","40.38333","-123.33333","712.9","FOREST GLEN, CA US","77.0","6","71.9","1,6","0",",6","0",",6","0",",6","","","","","0","1,6","0","1,6","0",",6","31",",6","23",",6","","","19330719",",1,6","","","","","","","19330731","+,,6","19330714",",,6","2.8","1,6,19,","","","","","0.0",",,6,31,+","38.3",",6,14,","1.7","6","1.7",",6","0.0",",,,6","","","20.59","1,6","33.85",",,,6","7.33","1,,,6"
"USC00043130","1933-08","40.38333","-123.33333","712.9","FOREST GLEN, CA US","154.0","6","77.0",",6","1",",6","1",",6","0",",6","","","","","0",",6","0",",6","0",",6","31",",6","21",",6","","","19330828",",,6","","","","","","","19330801",",,6","19330814",",,6","1.7",",6,28,","","","","","6.6",",,6,01,","40.6",",6,14,","20.0","6","18.3",",6","6.6",",,,6","","","20.23",",6","33.13",",,,6","7.33",",,,6"
"USC00043130","1933-09","40.38333","-123.33333","712.9","FOREST GLEN, CA US","157.3","6","3.3",",6","3",",6","3",",6","0",",6","","","","","0",",6","2",",6","0",",6","25",",6","3",",6","","","19330915",",,6","","","","","","","19330920",",,6","19330901",",,6","-0.6",",6,15,","","","","","6.1",",,6,20,","34.4",",6,01,","127.5","6","107.5",",6","13.2",",,,6","","","14.86",",6","25.76",",,,6","3.96",",,,6"
"USC00043130","1933-10","40.38333","-123.33333","712.9","FOREST GLEN, CA US","159.6","6","2.3",",6","3",",6","3",",6","1",",6","","","","","0",",6","8",",6","0",",6","25",",6","4",",6","","","19331021",",,6","","","","","","","19331030",",,6","19331002",",,6","-3.9",",6,21,","","","","","66.8",",,6,30,","32.8",",6,02,","281.5","6","154.0",",6","106.1",",,,6","","","13.44",",6","25.05",",,,6","1.82",",,,6"
"USC00043130","1933-11","40.38333","-123.33333","712.9","FOREST GLEN, CA US","159.6","6","0.0",",6","1",",6","1",",6","0",",6","","","0",",6","0",",6","25",",6","0",",6","0",",6","0",",6","","","19331130","+,,6","","","19331128",",,6","","","19331128",",,6","19331104","+,,6","-7.2",",6,30,+","","","0",",T,6,28,","5.1",",,6,28,","16.7",",6,04,+","670.0","6","388.5",",6","5.1",",,,6","0",",T,,6","5.38",",6","13.14",",,,6","-2.38",",,,6"
"USC00043130","1933-12","40.38333","-123.33333","712.9","FOREST GLEN, CA US","159.6","6","0.0","2,6","17",",6","15",",6","6",",6","","","2",",6","0","1,6","25","1,6","0","1,6","0","1,6","0","1,6","","","19331201",",1,6","","","19331217",",,6","","","19331212",",,6","19331210","+,1,6","-5.6","1,6,01,","","","127",",,6,17,","102.9",",,6,12,","11.1","1,6,10,+","1127.5","6","457.5","1,6","492.4",",,,6","152",",,,6","2.64","2,6","6.57","1,,,6","-1.29","1,,,6"
"USC00043130","1934-01","40.38333","-123.33333","712.9","FOREST GLEN, CA US","0.0","6","0.0",",6","9",",6","8",",6","3",",6","","","","","0",",6","17",",6","0",",6","0",",6","0",",6","","","19340111",",,6","","","","","","","19340101",",,6","19340122",",,6","-4.4",",6,11,","","","","","43.4",",,6,01,","14.4",",6,22,","1542.4","6","414.9",",6","155.5",",,,6","","","4.95",",6","9.75",",,,6","0.15",",,,6"
"USC00043130","1934-02","40.38333","-123.33333","712.9","FOREST GLEN, CA US","0.0","6","0.0",",6","16",",6","11",",6","2",",6","","","","","0",",6","12",",6","0",",6","0",",6","0",",6","","","19340212",",,6","","","","","","","19340207",",,6","19340213","+,,6","-5.6",",6,12,","","","","","35.8",",,6,07,","16.7",",6,13,+","1874.1","6","331.7",",6","157.3",",,,6","","","6.49",",6","12.39",",,,6","0.59",",,,6"
"USC00043130","1934-03","40.38333","-123.33333","712.9","FOREST GLEN, CA US","0.0","6","0.0",",6","7",",6","4",",6","2",",6","","","0",",6","0",",6","10",",6","0",",6","17",",6","0",",6","","","19340308","+,,6","","","19340331","+,,6","","","19340328",",,6","19340318","+,,6","-3.3",",6,08,+","","","0",",,6,31,+","59.9",",,6,28,","26.7",",6,18,+","2079.5","6","205.4",",6","114.3",",,,6","0",",,,6","11.71",",6","20.79",",,,6","2.63",",,,6"
"USC00043130","1934-04","40.38333","-123.33333","712.9","FOREST GLEN, CA US","0.0","6","0.0",",6","7",",6","5",",6","0",",6","","","","","0",",6","6",",6","0",",6","23",",6","0",",6","","","19340403",",,6","","","","","","","19340430",",,6","19340420","+,,6","-3.9",",6,03,","","","","","21.6",",,6,30,","29.4",",6,20,+","2242.9","6","163.4",",6","64.0",",,,6","","","12.89",",6","23.28",",,,6","2.49",",,,6"
"USC00043130","1934-05","40.38333","-123.33333","712.9","FOREST GLEN, CA US","0.0","6","0.0",",6","9",",6","7",",6","0",",6","","","","","0",",6","1",",6","0",",6","22",",6","1",",6","","","19340519",",,6","","","","","","","19340524",",,6","19340521",",,6","0.0",",6,19,","","","","","16.0",",,6,24,","32.2",",6,21,","2363.8","6","120.9",",6","50.3",",,,6","","","14.43",",6","23.47",",,,6","5.40",",,,6"
"USC00043130","1934-06","40.38333","-123.33333","712.9","FOREST GLEN, CA US","15.5","6","15.5",",6","5",",6","3",",6","0",",6","","","","","0",",6","2",",6","0",",6","23",",6","5",",6","","","19340603",",,6","","","","","","","19340625",",,6","19340630",",,6","-0.6",",6,03,","","","","","9.1",",,6,25,","38.3",",6,30,","2451.8","6","88.0",",6","19.5",",,,6","","","15.92",",6","26.19",",,,6","5.64",",,,6"
"USC00043130","1934-07","40.38333","-123.33333","712.9","FOREST GLEN, CA US","45.5","6","30.0",",6","0",",6","0",",6","0",",6","","","","","0",",6","0",",6","0",",6","31",",6","12",",6","","","19340704",",,6","","","","","","","19340731","+,,6","19340702",",,6","2.8",",6,04,","","","","","0.0",",,6,31,+","36.1",",6,02,","23.3","6","23.3",",6","0.0",",,,6","","","18.55",",6","30.88",",,,6","6.22",",,,6"
"USC00043130","1934-08","40.38333","-123.33333","712.9","FOREST GLEN, CA US","116.3","6","70.8",",6","0",",6","0",",6","0",",6","","","","","0",",6","0",",6","0",",6","31",",6","23",",6","","","19340817",",,6","","","","","","","19340826",",,6","19340823",",,6","3.3",",6,17,","","","","","0.0",",T,6,26,","38.3",",6,23,","32.5","6","9.2",",6","0.0",",T,,6","","","20.32",",6","33.55",",,,6","7.09",",,,6"
"USC00043130","1934-09","40.38333","-123.33333","712.9","FOREST GLEN, CA US","137.5","6","21.2",",6","2",",6","1",",6","1",",6","","","","","0",",6","3",",6","0",",6","26",",6","14",",6","","","19340926","+,,6","","","","","","","19340923",",,6","19340902",",,6","-1.7",",6,26,+","","","","","43.4",",,6,23,","37.2",",6,02,","110.9","6","78.4",",6","44.7",",,,6","","","16.43",",6","29.55",",,,6","3.30",",,,6"
"USC00043130","1934-10","40.38333","-123.33333","712.9","FOREST GLEN, CA US","137.5","6","0.0",",6","10",",6","7",",6","2",",6","","","","","0",",6","8",",6","0",",6","10",",6","0",",6","","","19341016",",,6","","","","","","","19341031",",,6","19341001",",,6","-2.8",",6,16,","","","","","59.2",",,6,31,","28.9",",6,01,","344.9","6","234.0",",6","198.0",",,,6","","","10.78",",6","18.93",",,,6","2.64",",,,6"
"USC00043130","1934-11","40.38333","-123.33333","712.9","FOREST GLEN, CA US","137.5","6","0.0",",6","17",",6","13",",6","4",",6","","","","","0",",6","7",",6","0",",6","0",",6","0",",6","","","19341110","+,,6","","","","","","","19341118",",,6","19341105",",,6","-2.2",",6,10,+","","","","","43.9",",,6,18,","18.3",",6,05,","681.6","6","336.7",",6","252.2",",,,6","","","7.11",",6","11.85",",,,6","2.37",",,,6"
"USC00043130","1934-12","40.38333","-123.33333","712.9","FOREST GLEN, CA US","137.5","6","0.0",",6","13",",6","8",",6","2",",6","","","2",",6","0",",6","26",",6","0",",6","0",",6","0",",6","","","19341208",",,6","","","19341228",",,6","","","19341229",",,6","19341221","+,,6","-6.1",",6,08,","","","229",",,6,28,","49.5",",,6,29,","12.8",",6,21,+","1158.0","6","476.4",",6","164.4",",,,6","305",",,,6","2.96",",6","7.53",",,,6","-1.60",",,,6"
"USC00043130","1935-01","40.38333","-123.33333","712.9","FOREST GLEN, CA US","0.0","6","0.0",",6","18",",6","13",",6","4",",6","31",",6","9",",6","0",",6","31",",6","0",",6","0",",6","0",",6","","","19350119",",,6","19350120","+,,6","19350116","+,,6","","","19350104",",,6","19350130",",,6","-11.7",",6,19,","432",",,6,20,+","152",",,6,16,+","57.4",",,6,04,","10.0",",6,30,","1696.0","6","538.0",",6","287.2",",,,6","710",",,,6","0.98",",6","4.98",",,,6","-3.03",",,,6"
"USC00043130","1935-02","40.38333","-123.33333","712.9","FOREST GLEN, CA US","0.0","6","0.0",",6","15",",6","10",",6","2",",6","","","0",",6","0",",6","19",",6","0",",6","0",",6","0",",6","","","19350225",",,6","","","19350212",",,6","","","19350227",",,6","19350219",",,6","-7.8",",6,25,","","","0",",T,6,12,","57.9",",,6,27,","17.2",",6,19,","2093.1","6","397.1",",6","141.3",",,,6","0",",T,,6","4.15",",6","9.94",",,,6","-1.64",",,,6"
"USC00043130","1935-03","40.38333","-123.33333","712.9","FOREST GLEN, CA US","0.0","6","0.0",",6","17",",6","13",",6","0",",6","","","5",",6","0",",6","28",",6","0",",6","5",",6","0",",6","","","19350310",",,6","","","19350322",",,6","","","19350306",",,6","19350329",",,6","-6.1",",6,10,","","","102",",,6,22,","24.1",",,6,06,","23.3",",6,29,","2517.9","6","424.8",",6","140.2",",,,6","304",",,,6","4.63",",6","11.82",",,,6","-2.56",",,,6"
"USC00043130","1935-04","40.38333","-123.33333","712.9","FOREST GLEN, CA US","0.0","6","0.0",",6","","","","","","","","","0",",6","0",",6","8",",6","0",",6","8",",6","0",",6","","","19350401",",,6","","","19350412","+,,6","","","","","19350427",",,6","-3.3",",6,01,","","","0",",T,6,12,+","","","28.3",",6,27,","2786.4","6","268.5",",6","","","0",",T,,6","9.38",",6","16.79",",,,6","1.98",",,,6"
"USC00043130","1935-05","40.38333","-123.33333","712.9","FOREST GLEN, CA US","0.0","6","0.0",",6","1",",6","1",",6","0",",6","","","0",",6","0",",6","8",",6","0",",6","25",",6","1",",6","","","19350514","+,,6","","","19350531","+,,6","","","19350516",",,6","19350521",",,6","-1.1",",6,14,+","","","0",",,6,31,+","4.1",",,6,16,","32.8",",6,21,","2941.2","6","154.8",",6","4.1",",,,6","0",",,,6","13.34",",6","24.88",",,,6","1.79",",,,6"
"USC00043130","1935-06","40.38333","-123.33333","712.9","FOREST GLEN, CA US","13.0","6","13.0",",6","0",",6","0",",6","0",",6","","","0",",6","0",",6","0",",6","0",",6","29",",6","7",",6","","","19350630",",,6","","","19350630","+,,6","","","19350630","+,,6","19350605",",,6","1.1",",6,30,","","","0",",,6,30,+","0.0",",,6,30,+","37.2",",6,05,","3006.8","6","65.6",",6","0.0",",,,6","0",",,,6","16.58",",6","28.51",",,,6","4.64",",,,6"
"USC00043130","1935-07","40.38333","-123.33333","712.9","FOREST GLEN, CA US","47.5","6","34.5",",6","1",",6","1",",6","0",",6","","","0",",6","0",",6","1",",6","0",",6","31",",6","10",",6","","","19350707",",,6","","","19350731","+,,6","","","19350721",",,6","19350716",",,6","0.0",",6,07,","","","0",",,6,31,+","7.1",",,6,21,","38.3",",6,16,","46.3","6","46.3",",6","7.1",",,,6","0",",,,6","17.95",",6","30.27",",,,6","5.63",",,,6"
"USC00043130","1935-08","40.38333","-123.33333","712.9","FOREST GLEN, CA US","100.4","6","52.9",",6","2",",6","0",",6","0",",6","","","0",",6","0",",6","0",",6","0",",6","31",",6","22",",6","","","19350817",",,6","","","19350831","+,,6","","","19350826",",,6","19350812",",,6","1.7",",6,17,","","","0",",,6,31,+","1.5",",,6,26,","40.6",",6,12,","59.7","6","13.4",",6","2.5",",,,6","0",",,,6","19.61",",6","33.30",",,,6","5.91",",,,6"
"USC00043130","1935-09","40.38333","-123.33333","712.9","FOREST GLEN, CA US","114.9","6","14.5",",6","1",",6","1",",6","0",",6","","","0",",6","0",",6","1",",6","0",",6","29",",6","12",",6","","","19350929",",,6","","","19350930","+,,6","","","19350914",",,6","19350904",",,6","-0.6",",6,29,","","","0",",,6,30,+","18.3",",,6,14,","37.8",",6,04,","95.6","6","35.9",",6","18.3",",,,6","0",",,,6","17.62",",6","31.28",",,,6","3.96",",,,6"
"USC00043130","1935-10","40.38333","-123.33333","712.9","FOREST GLEN, CA US","114.9","6","0.0",",6","7",",6","5",",6","2",",6","","","0",",6","0",",6","15",",6","0",",6","8",",6","0",",6","","","19351031",",,6","","","19351029",",,6","","","19351014",",,6","19351001",",,6","-7.2",",6,31,","","","0",",T,6,29,","30.2",",,6,14,","30.6",",6,01,","375.0","6","279.4",",6","100.1",",,,6","0",",T,,6","9.32",",6","17.74",",,,6","0.90",",,,6"
"USC00043130","1935-11","40.38333","-123.33333","712.9","FOREST GLEN, CA US","114.9","6","0.0",",6","9",",6","7",",6","1",",6","","","0",",6","0",",6","20",",6","0",",6","0",",6","0",",6","","","19351104",",,6","","","19351130","+,,6","","","19351119",",,6","19351108",",,6","-8.9",",6,04,","","","0",",,6,30,+","25.7",",,6,19,","16.7",",6,08,","808.2","6","433.2",",6","94.7",",,,6","0",",,,6","3.89",",6","9.92",",,,6","-2.13",",,,6"
"USC00043130","1935-12","40.38333","-123.33333","712.9","FOREST GLEN, CA US","114.9","6","0.0",",6","14",",6","11",",6","4",",6","","","0",",6","0",",6","25",",6","0",",6","0",",6","0",",6","","","19351222",",,6","","","19351231","+,,6","","","19351211",",,6","19351210",",,6","-11.1",",6,22,","","","0",",,6,31,+","61.0",",,6,11,","11.7",",6,10,","1303.9","6","495.7",",6","229.1",",,,6","0",",,,6","2.34",",6","7.35",",,,6","-2.67",",,,6"
"USC00043130","1936-02","40.38333","-123.33333","712.9","FOREST GLEN, CA US","","","0.0",",6","16",",6","15",",6","5",",6","","","0",",6","0",",6","17",",6","0",",6","0",",6","0",",6","","","19360203",",,6","","","19360224",",,6","","","19360212",",,6","19360229",",,6","-10.0",",6,03,","","","15",",,6,24,","87.1",",,6,12,","15.0",",6,29,","","","405.9",",6","353.9",",,,6","15",",,,6","4.34",",6","9.88",",,,6","-1.21",",,,6"
"USC00043130","1936-03","40.38333","-123.33333","712.9","FOREST GLEN, CA US","","","0.0",",6","6",",6","5",",6","0",",6","","","2",",6","0",",6","27",",6","0",",6","8",",6","0",",6","","","19360326",",,6","","","19360330",",,6","","","19360330",",,6","19360319",",,6","-6.7",",6,26,","","","102",",,6,30,","24.6",",,6,30,","24.4",",6,19,","","","358.3",",6","57.2",",,,6","127",",,,6","6.78",",6","16.42",",,,6","-2.87",",,,6"
"USC00043130","1936-04","40.38333","-123.33333","712.9","FOREST GLEN, CA US","","","0.0",",6","8",",6","7",",6","1",",6","","","0",",6","0",",6","11",",6","0",",6","16",",6","0",",6","","","19360401",",,6","","","19360430","+,,6","","","19360403",",,6","19360414","+,,6","-6.1",",6,01,","","","0",",,6,30,+","31.8",",,6,03,","29.4",",6,14,+","","","222.8",",6","90.3",",,,6","0",",,,6","10.91",",6","20.40",",,,6","1.41",",,,6"
"USC00043130","1936-05","40.38333","-123.33333","712.9","FOREST GLEN, CA US","","","6.9",",6","9",",6","7",",6","0",",6","","","","","0",",6","2",",6","0",",6","18",",6","6",",6","","","19360506",",,6","","","","","","","19360529","+,,6","19360509",",,6","-3.3",",6,06,","","","","","9.9",",,6,29,+","33.9",",6,09,","","","149.1",",6","47.4",",,,6","","","13.75",",6","23.73",",,,6","3.76",",,,6"
"USC00043130","1936-06","40.38333","-123.33333","712.9","FOREST GLEN, CA US","","","5.6",",6","6",",6","5",",6","2",",6","","","0",",6","0",",6","0",",6","0",",6","24",",6","6",",6","","","19360618",",,6","","","19360630","+,,6","","","19360607",",,6","19360625","+,,6","0.6",",6,18,","","","0",",,6,30,+","29.0",",,6,07,","33.9",",6,25,+","","","85.5",",6","78.3",",,,6","0",",,,6","15.67",",6","25.76",",,,6","5.58",",,,6"
"USC00043130","1936-07","40.38333","-123.33333","712.9","FOREST GLEN, CA US","","","43.4",",6","2",",6","2",",6","0",",6","","","","","0",",6","0",",6","0",",6","29",",6","18",",6","","","19360718",",,6","","","","","","","19360709",",,6","19360720",",,6","3.3",",6,18,","","","","","16.3",",,6,09,","38.3",",6,20,","23.3","6","23.3",",6","24.4",",,,6","","","18.98",",6","30.98",",,,6","6.98",",,,6"
"USC00043130","1936-08","40.38333","-123.33333","712.9","FOREST GLEN, CA US","","","41.6",",6","0",",6","0",",6","0",",6","","","","","0",",6","0",",6","0",",6","31",",6","23",",6","","","19360826",",,6","","","","","","","19360831","+,,6","19360804",",,6","1.1",",6,26,","","","","","0.0",",,6,31,+","37.8",",6,04,","37.8","6","14.5",",6","0.0",",,,6","","","19.21",",6","32.73",",,,6","5.69",",,,6"
"USC00043130","1936-09","40.38333","-123.33333","712.9","FOREST GLEN, CA US","","","5.3",",6","1",",6","0",",6","0",",6","","","","","0",",6","10",",6","0",",6","27",",6","14",",6","","","19360915","+,,6","","","","","","","19360903",",,6","19360919","+,,6","-3.3",",6,15,+","","","","","1.3",",,6,03,","36.1",",6,19,+","117.7","6","79.9",",6","1.3",",,,6","","","15.85",",6","29.90",",,,6","1.79",",,,6"
"USC00043130","1936-10","40.38333","-123.33333","712.9","FOREST GLEN, CA US","","","0.0",",6","1",",6","1",",6","0",",6","","","","","0",",6","16",",6","0",",6","29",",6","0",",6","","","19361029",",,6","","","","","","","19361030",",,6","19361010","+,,6","-5.0",",6,29,","","","","","4.6",",,6,30,","31.1",",6,10,+","314.2","6","196.5",",6","4.6",",,,6","","","12.00",",6","24.46",",,,6","-0.47",",,,6"
"USC00043130","1936-11","40.38333","-123.33333","712.9","FOREST GLEN, CA US","","","0.0",",6","2",",6","0",",6","0",",6","","","","","0",",6","27",",6","0",",6","0",",6","0",",6","","","19361130",",,6","","","","","","","19361114",",,6","19361109",",,6","-8.9",",6,30,","","","","","2.3",",,6,14,","18.3",",6,09,","708.6","6","394.4",",6","2.8",",,,6","","","5.19",",6","14.03",",,,6","-3.66",",,,6"
"USC00043130","1936-12","40.38333","-123.33333","712.9","FOREST GLEN, CA US","","","0.0",",6","10",",6","7",",6","2",",6","","","3",",6","0",",6","24",",6","0",",6","0",",6","0",",6","","","19361204",",,6","","","19361226",",,6","","","19361226",",,6","19361222",",,6","-11.1",",6,04,","","","203",",,6,26,","53.3",",,6,26,","15.6",",6,22,","1194.4","6","485.8",",6","138.4",",,,6","330",",,,6","2.66",",6","7.53",",,,6","-2.20",",,,6"
"USC00043130","1937-01","40.38333","-123.33333","712.9","FOREST GLEN, CA US","0.0","6","0.0",",6","13",",6","12",",6","1",",6","31",",6","10",",6","1",",6","31",",6","3",",6","0",",6","0",",6","","","19370121",",,6","19370128",",,6","19370110",",,6","","","19370110",",,6","19370124",",,6","-17.8",",6,21,","965",",,6,28,","635",",,6,10,","33.5",",,6,10,","6.7",",6,24,","1823.9","6","629.5",",6","144.9",",,,6","1498",",,,6","-1.97",",6","3.15",",,,6","-7.10",",,,6"
"USC00043130","1937-02","40.38333","-123.33333","712.9","FOREST GLEN, CA US","0.0","6","0.0",",6","16",",6","13",",6","5",",6","26","2,6","5","1,6","0",",6","24",",6","0",",6","0",",6","0",",6","","","19370210",",,6","19370202",",2,6","19370201",",1,6","","","19370201",",,6","19370223",",,6","-6.7",",6,10,","1092","2,,6,02,","203","1,,6,01,","57.4",",,6,01,","14.4",",6,23,","2262.8","6","438.9",",6","303.2",",,,6","482","1,,,6","2.66",",6","7.02",",,,6","-1.70",",,,6"
"USC00043130","1937-03","40.38333","-123.33333","712.9","FOREST GLEN, CA US","0.0","6","0.0",",6","16",",6","16",",6","2",",6","","","5","1,6","0",",6","17",",6","0",",6","0",",6","0",",6","","","19370304",",,6","","","19370324",",1,6","","","19370324",",,6","19370304",",,6","-3.9",",6,04,","","","102","1,,6,24,","46.7",",,6,24,","18.3",",6,04,","2646.7","6","383.9",",6","255.3",",,,6","305","1,,,6","5.95",",6","11.72",",,,6","0.18",",,,6"
"USC00043130","1937-04","40.38333","-123.33333","712.9","FOREST GLEN, CA US","0.0","6","0.0","2,6","13",",6","11",",6","1",",6","","","","","0","1,6","12","1,6","0","1,6","6","1,6","0","1,6","","","19370422",",1,6","","","","","","","19370413",",,6","19370420",",1,6","-2.8","1,6,22,","","","","","49.8",",,6,13,","25.6","1,6,20,","2912.5","6","265.8","1,6","145.0",",,,6","","","8.76","2,6","16.22","1,,,6","1.31","1,,,6"
"USC00043130","1937-05","40.38333","-123.33333","712.9","FOREST GLEN, CA US","0.3","6","0.3",",6","3",",6","3",",6","0",",6","","","","","0",",6","1",",6","0",",6","26",",6","0",",6","","","19370530",",,6","","","","","","","19370518",",,6","19370527","+,,6","-1.1",",6,30,","","","","","8.4",",,6,18,","31.7",",6,27,+","3049.1","6","136.6",",6","23.6",",,,6","","","13.94",",6","24.60",",,,6","3.27",",,,6"
"USC00043130","1937-06","40.38333","-123.33333","712.9","FOREST GLEN, CA US","35.1","6","34.8",",6","7",",6","5",",6","1",",6","","","","","0",",6","0",",6","0",",6","23",",6","7",",6","","","19370624",",,6","","","","","","","19370616",",,6","19370627",",,6","4.4",",6,24,","","","","","27.9",",,6,16,","37.8",",6,27,","3116.0","6","66.9",",6","70.1",",,,6","","","17.26",",6","25.96",",,,6","8.56",",,,6"
"USC00043130","1937-07","40.38333","-123.33333","712.9","FOREST GLEN, CA US","124.9","6","89.8",",6","0",",6","0",",6","0",",6","","","","","0",",6","0",",6","0",",6","31",",6","23",",6","","","19370731","+,,6","","","","","","","19370724",",,6","19370723",",,6","4.4",",6,31,+","","","","","0.0",",T,6,24,","37.2",",6,23,","7.3","6","7.3",",6","0.0",",T,,6","","","21.00",",6","33.39",",,,6","8.61",",,,6"
"USC00043130","1937-08","40.38333","-123.33333","712.9","FOREST GLEN, CA US","183.1","6","58.2",",6","0",",6","0",",6","0",",6","","","","","0",",6","0",",6","0",",6","31",",6","19",",6","","","19370828",",,6","","","","","","","19370831","+,,6","19370811",",,6","2.2",",6,28,","","","","","0.0",",,6,31,+","38.9",",6,11,","29.2","6","21.9",",6","0.0",",,,6","","","19.50",",6","32.02",",,,6","6.99",",,,6"
"USC00043130","1937-09","40.38333","-123.33333","712.9","FOREST GLEN, CA US","205.3","6","22.2",",6","1",",6","0",",6","0",",6","","","","","0",",6","0",",6","0",",6","27",",6","9",",6","","","19370930",",,6","","","","","","","19370904",",,6","19370916","+,,6","0.6",",6,30,","","","","","0.3",",,6,04,","37.8",",6,16,+","89.2","6","60.0",",6","0.3",",,,6","","","17.07",",6","29.02",",,,6","5.12",",,,6"
"USC00043130","1937-10","40.38333","-123.33333","712.9","FOREST GLEN, CA US","205.3","6","0.0",",6","10",",6","8",",6","2",",6","","","","","0",",6","4",",6","0",",6","11",",6","0",",6","","","19371008",",,6","","","","","","","19371014",",,6","19371008",",,6","-1.1",",6,08,","","","","","45.5",",,6,14,","23.9",",6,08,","283.5","6","194.3",",6","135.5",",,,6","","","12.06",",6","19.18",",,,6","4.95",",,,6"
"USC00043130","1937-11","40.38333","-123.33333","712.9","FOREST GLEN, CA US","205.3","6","0.0",",6","14",",6","13",",6","9",",6","","","","","0",",6","5",",6","0",",6","0",",6","0",",6","","","19371107",",,6","","","","","","","19371119",",,6","19371102","+,,6","-4.4",",6,07,","","","","","80.5",",,6,19,","17.2",",6,02,+","598.2","6","314.7",",6","502.7",",,,6","","","7.84",",6","11.82",",,,6","3.87",",,,6"
"USC00043130","1937-12","40.38333","-123.33333","712.9","FOREST GLEN, CA US","205.3","6","0.0","2,6","11",",6","9",",6","2",",6","","","1",",6","0","1,6","16","1,6","0","1,6","0","1,6","0","1,6","","","19371221","+,1,6","","","19371224",",,6","","","19371210",",,6","19371210",",1,6","-3.3","1,6,21,+","","","51",",,6,24,","125.5",",,6,10,","16.1","1,6,10,","1002.4","6","404.2","1,6","281.0",",,,6","51",",,,6","4.57","2,6","8.57","1,,,6","0.57","1,,,6"
"USC00043130","1938-01","40.38333","-123.33333","712.9","FOREST GLEN, CA US","0.0","6","0.0",",6","14",",6","13",",6","4",",6","","","0",",6","0",",6","16",",6","0",",6","0",",6","0",",6","","","19380124","+,,6","","","19380119","+,,6","","","19380131",",,6","19380112",",,6","-5.0",",6,24,+","","","0",",T,6,19,+","54.4",",,6,31,","12.8",",6,12,","1454.1","6","451.7",",6","291.4",",,,6","0",",T,,6","3.76",",6","7.59",",,,6","-0.07",",,,6"
"USC00043130","1938-02","40.38333","-123.33333","712.9","FOREST GLEN, CA US","0.0","6","0.0",",6","18",",6","15",",6","12",",6","","","8",",6","0",",6","15",",6","0",",6","0",",6","0",",6","","","19380217",",,6","","","19380218","+,,6","","","19380206",",,6","19380226",",,6","-4.4",",6,17,","","","203",",,6,18,+","71.6",",,6,06,","16.1",",6,26,","1866.0","6","411.9",",6","632.7",",,,6","940",",,,6","3.62",",6","7.50",",,,6","-0.25",",,,6"
"USC00043130","1938-03","40.38333","-123.33333","712.9","FOREST GLEN, CA US","0.0","6","0.0",",6","24",",6","17",",6","8",",6","","","3",",6","0",",6","11",",6","0",",6","0",",6","0",",6","","","19380331","+,,6","","","19380322",",,6","","","19380323",",,6","19380327",",,6","-3.3",",6,31,+","","","76",",,6,22,","84.8",",,6,23,","19.4",",6,27,","2260.4","6","394.4",",6","436.5",",,,6","152",",,,6","5.61",",6","10.22",",,,6","1.00",",,,6"
"USC00043130","1938-04","40.38333","-123.33333","712.9","FOREST GLEN, CA US","0.0","6","0.0",",6","12",",6","8",",6","1",",6","","","","","0",",6","8",",6","0",",6","8",",6","0",",6","","","19380401",",,6","","","","","","","19380404",",,6","19380420",",,6","-1.7",",6,01,","","","","","42.2",",,6,04,","26.7",",6,20,","2491.5","6","231.1",",6","83.9",",,,6","","","10.63",",6","18.55",",,,6","2.71",",,,6"
"USC00043130","1938-05","40.38333","-123.33333","712.9","FOREST GLEN, CA US","5.0","6","5.0",",6","4",",6","2",",6","1",",6","","","","","0",",6","7",",6","0",",6","24",",6","3",",6","","","19380503",",,6","","","","","","","19380528",",,6","19380513",",,6","-2.2",",6,03,","","","","","45.0",",,6,28,","34.4",",6,13,","2635.2","6","143.7",",6","52.6",",,,6","","","13.86",",6","24.59",",,,6","3.12",",,,6"
"USC00043130","1938-06","40.38333","-123.33333","712.9","FOREST GLEN, CA US","41.5","6","36.5",",6","2",",6","0",",6","0",",6","","","","","0",",6","1",",6","0",",6","29",",6","13",",6","","","19380617",",,6","","","","","","","19380605","+,,6","19380605","+,,6","0.0",",6,17,","","","","","0.5",",,6,05,+","36.1",",6,05,+","2680.1","6","44.9",",6","1.0",",,,6","","","18.05",",6","30.17",",,,6","5.93",",,,6"
"USC00043130","1938-07","40.38333","-123.33333","712.9","FOREST GLEN, CA US","139.1","6","97.6",",6","1",",6","1",",6","1",",6","","","","","0",",6","0",",6","0",",6","31",",6","25",",6","","","19380704",",,6","","","","","","","19380718",",,6","19380722",",,6","1.1",",6,04,","","","","","53.8",",,6,18,","39.4",",6,22,","12.4","6","12.4",",6","53.8",",,,6","","","21.08",",6","34.09",",,,6","8.06",",,,6"
"USC00043130","1938-08","40.38333","-123.33333","712.9","FOREST GLEN, CA US","174.1","6","35.0",",6","0",",6","0",",6","0",",6","","","","","0",",6","0",",6","0",",6","31",",6","19",",6","","","19380813","+,,6","","","","","","","19380831","+,,6","19380805",",,6","2.2",",6,13,+","","","","","0.0",",,6,31,+","37.8",",6,05,","25.0","6","12.6",",6","0.0",",,,6","","","19.06",",6","32.88",",,,6","5.23",",,,6"
"USC00043130","1938-09","40.38333","-123.33333","712.9","FOREST GLEN, CA US","194.7","6","20.6",",6","4",",6","2",",6","0",",6","","","","","0",",6","0",",6","0",",6","27",",6","13",",6","","","19380905",",,6","","","","","","","19380927",",,6","19380916","+,,6","0.6",",6,05,","","","","","17.8",",,6,27,","37.8",",6,16,+","77.1","6","52.1",",6","33.2",",,,6","","","17.28",",6","29.72",",,,6","4.85",",,,6"
"USC00043130","1938-10","40.38333","-123.33333","712.9","FOREST GLEN, CA US","194.7","6","0.0",",6","8",",6","6",",6","2",",6","","","","","0",",6","9",",6","0",",6","12",",6","0",",6","","","19381018",",,6","","","","","","","19381002",",,6","19381001",",,6","-4.4",",6,18,","","","","","39.6",",,6,02,","25.0",",6,01,","306.1","6","229.0",",6","129.6",",,,6","","","10.95",",6","18.97",",,,6","2.92",",,,6"
"USC00043130","1938-11","40.38333","-123.33333","712.9","FOREST GLEN, CA US","194.7","6","0.0",",6","9",",6","8",",6","3",",6","","","","","0",",6","23",",6","0",",6","0",",6","0",",6","","","19381112",",,6","","","","","","","19381129",",,6","19381103",",,6","-8.9",",6,12,","","","","","63.5",",,6,29,","16.1",",6,03,","747.6","6","441.5",",6","182.6",",,,6","","","3.62",",6","10.37",",,,6","-3.14",",,,6"
"USC00043130","1938-12","40.38333","-123.33333","712.9","FOREST GLEN, CA US","194.7","6","0.0",",6","5",",6","4",",6","2",",6","","","","","0",",6","23",",6","0",",6","0",",6","0",",6","","","19381212",",,6","","","","","","","19381202",",,6","19381231",",,6","-9.4",",6,12,","","","","","79.2",",,6,02,","15.6",",6,31,","1216.3","6","468.7",",6","178.8",",,,6","","","3.21",",6","8.61",",,,6","-2.18",",,,6"
"USC00043130","1939-01","40.38333","-123.33333","712.9","FOREST GLEN, CA US","0.0","6","0.0",",6","10",",6","8",",6","3",",6","","","1",",6","0",",6","29",",6","0",",6","0",",6","0",",6","","","19390124",",,6","","","19390128",",,6","","","19390105",",,6","19390101",",,6","-9.4",",6,24,","","","25",",,6,28,","47.0",",,6,05,","15.6",",6,01,","1707.1","6","490.8",",6","193.3",",,,6","25",",,,6","2.50",",6","8.26",",,,6","-3.26",",,,6"
"USC00043130","1939-02","40.38333","-123.33333","712.9","FOREST GLEN, CA US","0.0","6","0.0",",6","11",",6","9",",6","1",",6","","","7",",6","0",",6","28",",6","0",",6","0",",6","0",",6","","","19390209",",,6","","","19390207",",,6","","","19390206",",,6","19390222",",,6","-10.6",",6,09,","","","254",",,6,07,","33.5",",,6,06,","15.6",",6,22,","2158.4","6","451.3",",6","108.2",",,,6","736",",,,6","2.22",",6","9.10",",,,6","-4.66",",,,6"
"USC00043130","1939-03","40.38333","-123.33333","712.9","FOREST GLEN, CA US","0.0","6","0.0",",6","13",",6","10",",6","3",",6","","","0",",6","0",",6","22",",6","0",",6","13",",6","0",",6","","","19390301",",,6","","","19390308",",,6","","","19390312",",,6","19390322","+,,6","-10.6",",6,01,","","","8",",,6,08,","93.5",",,6,12,","27.2",",6,22,+","2476.1","6","317.7",",6","191.8",",,,6","13",",,,6","8.09",",6","17.36",",,,6","-1.19",",,,6"
"USC00043130","1939-04","40.38333","-123.33333","712.9","FOREST GLEN, CA US","0.0","6","0.0",",6","1",",6","0",",6","0",",6","","","","","0",",6","17",",6","0",",6","22",",6","0",",6","","","19390413",",,6","","","","","","","19390425",",,6","19390420","+,,6","-5.0",",6,13,","","","","","1.5",",,6,25,","31.1",",6,20,+","2674.9","6","198.8",",6","1.5",",,,6","","","11.71",",6","23.31",",,,6","0.10",",,,6"
"USC00043130","1939-05","40.38333","-123.33333","712.9","FOREST GLEN, CA US","0.0","6","0.0",",6","9",",6","7",",6","2",",6","","","","","0",",6","4",",6","0",",6","24",",6","0",",6","","","19390518","+,,6","","","","","","","19390521",",,6","19390507",",,6","-1.7",",6,18,+","","","","","31.2",",,6,21,","31.7",",6,07,","2836.0","6","161.1",",6","115.6",",,,6","","","13.14",",6","23.55",",,,6","2.73",",,,6"
"USC00043130","1939-06","40.38333","-123.33333","712.9","FOREST GLEN, CA US","6.4","6","6.4",",6","2",",6","2",",6","0",",6","","","","","0",",6","5",",6","0",",6","25",",6","6",",6","","","19390617",",,6","","","","","","","19390616",",,6","19390621",",,6","-4.4",",6,17,","","","","","4.3",",,6,16,","35.6",",6,21,","2940.8","6","104.8",",6","7.9",",,,6","","","15.05",",6","27.16",",,,6","2.94",",,,6"
"USC00043130","1939-07","40.38333","-123.33333","712.9","FOREST GLEN, CA US","82.4","6","76.0",",6","2",",6","2",",6","0",",6","","","","","0",",6","0",",6","0",",6","31",",6","19",",6","","","19390718",",,6","","","","","","","19390704",",,6","19390725","+,,6","1.1",",6,18,","","","","","15.2",",,6,04,","40.6",",6,25,+","23.4","6","23.4",",6","22.8",",,,6","","","20.03",",6","33.31",",,,6","6.75",",,,6"
"USC00043130","1939-08","40.38333","-123.33333","712.9","FOREST GLEN, CA US","158.7","6","76.3",",6","0",",6","0",",6","0",",6","","","","","0",",6","0",",6","0",",6","31",",6","23",",6","","","19390828",",,6","","","","","","","19390831","+,,6","19390818",",,6","0.6",",6,28,","","","","","0.0",",,6,31,+","38.9",",6,18,","42.6","6","19.2",",6","0.0",",,,6","","","20.18",",6","34.44",",,,6","5.91",",,,6"
"USC00043130","1939-09","40.38333","-123.33333","712.9","FOREST GLEN, CA US","172.9","6","14.2",",6","4",",6","0",",6","0",",6","","","","","0",",6","7",",6","0",",6","27",",6","12",",6","","","19390915",",,6","","","","","","","19390919","+,,6","19390923",",,6","-1.7",",6,15,","","","","","2.3",",,6,19,+","36.1",",6,23,","115.2","6","72.6",",6","6.4",",,,6","","","16.39",",6","29.37",",,,6","3.40",",,,6"
"USC00043130","1939-10","40.38333","-123.33333","712.9","FOREST GLEN, CA US","172.9","6","0.0",",6","3",",6","3",",6","0",",6","","","","","0",",6","20",",6","0",",6","20",",6","0",",6","","","19391016",",,6","","","","","","","19391024",",,6","19391014",",,6","-4.4",",6,16,","","","","","13.2",",,6,24,","29.4",",6,14,","344.0","6","228.8",",6","20.3",",,,6","","","10.95",",6","22.14",",,,6","-0.23",",,,6"
"USC00043130","1939-11","40.38333","-123.33333","712.9","FOREST GLEN, CA US","172.9","6","0.0",",6","2",",6","2",",6","0",",6","","","","","0",",6","28",",6","0",",6","0",",6","0",",6","","","19391105",",,6","","","","","","","19391125",",,6","19391101",",,6","-7.8",",6,05,","","","","","18.8",",,6,25,","20.0",",6,01,","736.8","6","392.8",",6","22.1",",,,6","","","5.24",",6","14.87",",,,6","-4.39",",,,6"
"USC00043130","1939-12","40.38333","-123.33333","712.9","FOREST GLEN, CA US","172.9","6","0.0",",6","15",",6","14",",6","6",",6","","","1",",6","0",",6","19",",6","0",",6","0",",6","0",",6","","","19391204",",,6","","","19391223",",,6","","","19391210",",,6","19391210",",,6","-7.2",",6,04,","","","51",",,6,23,","91.9",",,6,10,","14.4",",6,10,","1180.1","6","443.3",",6","461.0",",,,6","51",",,,6","4.03",",6","9.25",",,,6","-1.18",",,,6"
"USC00043130","1940-01","40.38333","-123.33333","712.9","FOREST GLEN, CA US","0.0","","0.0",",6","18",",6","18",",6","6",",6","","","2",",6","0",",6","18",",6","0",",6","0",",6","0",",6","","","19400115",",,6","","","19400107","+,,6","","","19400126",",,6","19400129",",,6","-12.8",",6,15,","","","25",",,6,07,+","61.0",",,6,26,","15.0",",6,29,","1638.4","","458.3",",6","451.0",",,,6","50",",,,6","3.55",",6","8.45",",,,6","-1.35",",,,6"
"USC00043130","1940-02","40.38333","-123.33333","712.9","FOREST GLEN, CA US","0.0","","0.0",",6","19",",6","17",",6","9",",6","","","1",",6","0",",6","13",",6","0",",6","0",",6","0",",6","","","19400208",",,6","","","19400213",",,6","","","19400228",",,6","19400205",",,6","-6.7",",6,08,","","","25",",,6,13,","144.3",",,6,28,","16.1",",6,05,","2008.6","","370.2",",6","696.9",",,,6","25",",,,6","5.57",",6","10.37",",,,6","0.77",",,,6"
"USC00043130","1940-03","40.38333","-123.33333","712.9","FOREST GLEN, CA US","0.0","","0.0",",6","13",",6","10",",6","4",",6","","","0",",6","0",",6","19",",6","0",",6","7",",6","0",",6","","","19400312",",,6","","","19400331","+,,6","","","19400326",",,6","19400321",",,6","-7.2",",6,12,","","","0",",,6,31,+","79.8",",,6,26,","27.8",",6,21,","2335.1","","326.5",",6","280.4",",,,6","0",",,,6","7.80",",6","16.35",",,,6","-0.75",",,,6"
"USC00043130","1940-04","40.38333","-123.33333","712.9","FOREST GLEN, CA US","0.0","","0.0",",6","5",",6","4",",6","0",",6","","","0",",6","0",",6","12",",6","0",",6","12",",6","0",",6","","","19400423","+,,6","","","19400430","+,,6","","","19400407",",,6","19400411",",,6","-3.3",",6,23,+","","","0",",,6,30,+","18.5",",,6,07,","28.3",",6,11,","2579.1","","244.0",",6","32.4",",,,6","0",",,,6","10.20",",6","19.91",",,,6","0.49",",,,6"
"USC00043130","1940-05","40.38333","-123.33333","712.9","FOREST GLEN, CA US","0.0","","0.0",",6","5",",6","5",",6","1",",6","","","","","0",",6","4",",6","0",",6","24",",6","6",",6","","","19400508","+,,6","","","","","","","19400504",",,6","19400520",",,6","-1.1",",6,08,+","","","","","55.6",",,6,04,","33.9",",6,20,","2704.7","","125.6",",6","90.9",",,,6","","","14.28",",6","25.73",",,,6","2.84",",,,6"
"USC00043130","1940-06","40.38333","-123.33333","712.9","FOREST GLEN, CA US","52.0","","52.0",",6","1",",6","1",",6","0",",6","","","0",",6","0",",6","0",",6","0",",6","30",",6","21",",6","","","19400608","+,,6","","","19400630","+,,6","","","19400601",",,6","19400623","+,,6","1.1",",6,08,+","","","0",",,6,30,+","3.0",",,6,01,","37.8",",6,23,+","2732.7","","28.0",",6","3.0",",,,6","0",",,,6","19.13",",6","32.38",",,,6","5.88",",,,6"
"USC00043130","1940-07","40.38333","-123.33333","712.9","FOREST GLEN, CA US","63.6","","11.6",",6","0",",6","0",",6","0",",6","","","","","0",",6","0",",6","0",",6","31",",6","11",",6","","","19400725",",,6","","","","","","","19400731","+,,6","19400703",",,6","2.2",",6,25,","","","","","0.0",",,6,31,+","35.0",",6,03,","22.6","","22.6",",6","0.0",",,,6","","","17.98",",6","30.95",",,,6","5.01",",,,6"
"USC00043130","1940-08","40.38333","-123.33333","712.9","FOREST GLEN, CA US","113.5","","49.9",",6","1",",6","1",",6","0",",6","","","","","0",",6","0",",6","0",",6","31",",6","28",",6","","","19400827","+,,6","","","","","","","19400823",",,6","19400811",",,6","2.2",",6,27,+","","","","","6.1",",,6,23,","40.0",",6,11,","27.4","","4.8",",6","6.1",",,,6","","","19.79",",6","34.69",",,,6","4.89",",,,6"
"USC00043130","1940-09","40.38333","-123.33333","712.9","FOREST GLEN, CA US","113.5","","0.0",",6","12",",6","7",",6","0",",6","","","","","0",",6","1",",6","0",",6","24",",6","0",",6","","","19400930",",,6","","","","","","","19400916",",,6","19400925","+,,6","0.0",",6,30,","","","","","18.3",",,6,16,","29.4",",6,25,+","133.2","","105.8",",6","54.4",",,,6","","","14.81",",6","24.06",",,,6","5.56",",,,6"
"USC00043130","1940-10","40.38333","-123.33333","712.9","FOREST GLEN, CA US","113.5","","0.0",",6","10",",6","5",",6","1",",6","","","","","0",",6","3",",6","0",",6","17",",6","0",",6","","","19401013",",,6","","","","","","","19401024",",,6","19401018",",,6","-0.6",",6,13,","","","","","66.8",",,6,24,","28.9",",6,18,","331.3","","198.1",",6","129.4",",,,6","","","11.94",",6","20.19",",,,6","3.69",",,,6"
"USC00043130","1940-11","40.38333","-123.33333","712.9","FOREST GLEN, CA US","113.5","","0.0",",6","8",",6","6",",6","0",",6","","","","","0",",6","16",",6","0",",6","0",",6","0",",6","","","19401122",",,6","","","","","","","19401102",",,6","19401130",",,6","-7.2",",6,22,","","","","","22.6",",,6,02,","15.0",",6,30,","706.4","","375.1",",6","83.6",",,,6","","","5.83",",6","11.90",",,,6","-0.24",",,,6"
"USC00043130","1940-12","40.38333","-123.33333","712.9","FOREST GLEN, CA US","","","","","","","","","","","","","0",",6","","","","","","","","","","","","","","","","","19401231","+,,6","","","","","","","","","","","0",",,6,31,+","","","","","","","","","","","0",",,,6","","","","","",""
"USC00043130","1941-01","40.38333","-123.33333","712.9","FOREST GLEN, CA US","0.0","6","0.0",",6","19",",6","18",",6","10",",6","","","2",",6","0",",6","22",",6","0",",6","0",",6","0",",6","","","19410102",",,6","","","19410105",",,6","","","19410119",",,6","19410131",",,6","-6.7",",6,02,","","","102",",,6,05,","63.5",",,6,19,","13.3",",6,31,","","","453.2",",6","478.3",",,,6","127",",,,6","3.71",",6","7.97",",,,6","-0.54",",,,6"
"USC00043130","1941-02","40.38333","-123.33333","712.9","FOREST GLEN, CA US","0.0","6","0.0",",6","19",",6","16",",6","4",",6","","","","","0",",6","7",",6","0",",6","0",",6","0",",6","","","19410203",",,6","","","","","","","19410210",",,6","19410209",",,6","-4.4",",6,03,","","","","","51.3",",,6,10,","16.1",",6,09,","","","314.5",",6","296.1",",,,6","","","7.10",",6","12.38",",,,6","1.83",",,,6"
"USC00043130","1941-03","40.38333","-123.33333","712.9","FOREST GLEN, CA US","0.0","6","0.0",",6","8",",6","7",",6","3",",6","","","","","0",",6","17",",6","0",",6","12",",6","0",",6","","","19410315",",,6","","","","","","","19410301",",,6","19410311","+,,6","-3.9",",6,15,","","","","","67.6",",,6,01,","23.9",",6,11,+","","","292.4",",6","183.6",",,,6","","","8.90",",6","17.71",",,,6","0.09",",,,6"
"USC00043130","1941-04","40.38333","-123.33333","712.9","FOREST GLEN, CA US","0.0","6","0.0",",6","11",",6","8",",6","1",",6","","","","","0",",6","11",",6","0",",6","11",",6","0",",6","","","19410419",",,6","","","","","","","19410404",",,6","19410425",",,6","-6.1",",6,19,","","","","","74.9",",,6,04,","26.7",",6,25,","","","264.2",",6","146.0",",,,6","","","9.53",",6","17.87",",,,6","1.18",",,,6"
"USC00043130","1941-05","40.38333","-123.33333","712.9","FOREST GLEN, CA US","10.2","6","10.2",",6","15",",6","10",",6","1",",6","","","","","0",",6","1",",6","0",",6","15",",6","5",",6","","","19410519",",,6","","","","","","","19410530",",,6","19410522","+,,6","-0.6",",6,19,","","","","","32.5",",,6,30,","35.0",",6,22,+","","","149.4",",6","118.0",",,,6","","","13.85",",6","22.31",",,,6","5.38",",,,6"
"USC00043130","1941-06","40.38333","-123.33333","712.9","FOREST GLEN, CA US","16.7","6","6.5",",6","6",",6","2",",6","0",",6","","","","","0",",6","0",",6","0",",6","24",",6","2",",6","","","19410608",",,6","","","","","","","19410622",",,6","19410611",",,6","1.1",",6,08,","","","","","15.7",",,6,22,","35.6",",6,11,","","","95.4",",6","28.7",",,,6","","","15.37",",6","24.70",",,,6","6.04",",,,6"
"USC00043130","1941-07","40.38333","-123.33333","712.9","FOREST GLEN, CA US","103.3","6","86.6",",6","2",",6","0",",6","0",",6","","","","","0",",6","0",",6","0",",6","31",",6","20",",6","","","19410703",",,6","","","","","","","19410715",",,6","19410722",",,6","5.6",",6,03,","","","","","1.0",",,6,15,","37.8",",6,22,","2.1","6","2.1",",6","1.5",",,,6","","","21.06",",6","33.07",",,,6","9.05",",,,6"
"USC00043130","1941-08","40.38333","-123.33333","712.9","FOREST GLEN, CA US","133.6","6","30.3",",6","1",",6","0",",6","0",",6","","","","","0",",6","0",",6","0",",6","31",",6","11",",6","","","19410828",",,6","","","","","","","19410818",",,6","19410807",",,6","1.7",",6,28,","","","","","0.8",",,6,18,","35.6",",6,07,","33.5","6","31.4",",6","0.8",",,,6","","","18.30",",6","29.59",",,,6","7.00",",,,6"
"USC00043130","1941-09","40.38333","-123.33333","712.9","FOREST GLEN, CA US","136.1","6","2.5","1,6","2",",6","1",",6","0",",6","","","","","0","1,6","7","1,6","0",",6","26",",6","2",",6","","","19410922",",1,6","","","","","","","19410901",",,6","19410909","+,,6","-3.3","1,6,22,","","","","","7.1",",,6,01,","32.2",",6,09,+","142.7","6","109.2",",6","8.6",",,,6","","","14.54","1,6","26.70",",,,6","2.38","1,,,6"
"USC00043130","1941-10","40.38333","-123.33333","712.9","FOREST GLEN, CA US","136.1","6","0.0",",6","7",",6","5",",6","1",",6","","","","","0",",6","18",",6","0",",6","14",",6","0",",6","","","19411009","+,,6","","","","","","","19411026",",,6","19411003",",,6","-4.4",",6,09,+","","","","","30.5",",,6,26,","28.3",",6,03,","408.8","6","266.1",",6","65.5",",,,6","","","9.75",",6","19.87",",,,6","-0.38",",,,6"
"USC00043130","1941-11","40.38333","-123.33333","712.9","FOREST GLEN, CA US","136.1","6","0.0","1,6","11",",6","9",",6","2",",6","","","0",",6","0","1,6","12","1,6","0",",6","0",",6","0",",6","","","19411121",",1,6","","","19411116",",,6","","","19411129",",,6","19411106",",,6","-7.8","1,6,21,","","","13",",,6,16,","39.9",",,6,29,","20.6",",6,06,","739.1","6","330.3",",6","180.3",",,,6","13",",,,6","6.94","1,6","13.37",",,,6","0.51","1,,,6"
"USC00043130","1941-12","40.38333","-123.33333","712.9","FOREST GLEN, CA US","136.1","6","0.0",",6","24",",6","18",",6","10",",6","","","3",",6","0",",6","15",",6","0",",6","0",",6","0",",6","","","19411228",",,6","","","19411227",",,6","","","19411202",",,6","19411204",",,6","-5.0",",6,28,","","","343",",,6,27,","174.5",",,6,02,","15.0",",6,04,","1175.7","6","436.6",",6","723.6",",,,6","419",",,,6","4.25",",6","8.31",",,,6","0.19",",,,6"
"USC00043130","1942-01","40.38333","-123.33333","712.9","FOREST GLEN, CA US","0.0","6","0.0","1,6","14",",6","13",",6","4",",6","","","0",",6","0",",6","22",",6","0","1,6","0","1,6","0","1,6","","","19420101",",,6","","","19420131","+,,6","","","19420107",",,6","19420121",",1,6","-13.3",",6,01,","","","0",",,6,31,+","67.8",",,6,07,","18.3","1,6,21,","1634.1","6","458.4","1,6","306.5",",,,6","0",",,,6","2.87","1,6","8.12","1,,,6","-2.38",",,,6"
"USC00043130","1942-02","40.38333","-123.33333","712.9","FOREST GLEN, CA US","0.0","6","0.0",",6","13",",6","9",",6","6",",6","","","1",",6","0",",6","22",",6","0",",6","0",",6","0",",6","","","19420214",",,6","","","19420224",",,6","","","19420204",",,6","19420228",",,6","-8.3",",6,14,","","","25",",,6,24,","74.4",",,6,04,","15.6",",6,28,","2040.4","6","406.3",",6","305.3",",,,6","30",",,,6","3.82",",6","10.34",",,,6","-2.70",",,,6"
"USC00043130","1942-03","40.38333","-123.33333","712.9","FOREST GLEN, CA US","0.0","6","0.0","1,6","7",",6","4",",6","0",",6","","","","","0",",6","28",",6","0","1,6","4","1,6","0","1,6","","","19420326",",,6","","","","","","","19420331",",,6","19420330",",1,6","-8.3",",6,26,","","","","","15.2",",,6,31,","26.1","1,6,30,","2405.2","6","364.8","1,6","42.5",",,,6","","","6.15","1,6","15.82","1,,,6","-3.53",",,,6"
"USC00043130","1942-04","40.38333","-123.33333","712.9","FOREST GLEN, CA US","0.0","6","0.0",",6","15",",6","14",",6","3",",6","","","0",",6","0",",6","13",",6","0",",6","7",",6","0",",6","","","19420402",",,6","","","19420413",",,6","","","19420414",",,6","19420421",",,6","-6.7",",6,02,","","","13",",,6,13,","44.7",",,6,14,","24.4",",6,21,","2687.7","6","282.5",",6","230.1",",,,6","13",",,,6","8.92",",6","17.14",",,,6","0.69",",,,6"
"USC00043130","1942-05","40.38333","-123.33333","712.9","FOREST GLEN, CA US","1.4","6","1.4",",6","13",",6","8",",6","1",",6","","","","","0",",6","7",",6","0",",6","12",",6","2",",6","","","19420505","+,,6","","","","","","","19420525",",,6","19420521",",,6","-1.1",",6,05,+","","","","","59.4",",,6,25,","33.9",",6,21,","2916.3","6","228.6",",6","124.0",",,,6","","","11.00",",6","19.90",",,,6","2.11",",,,6"
"USC00043130","1942-06","40.38333","-123.33333","712.9","FOREST GLEN, CA US","11.1","6","9.7",",6","2",",6","0",",6","0",",6","","","","","0",",6","1",",6","0",",6","28",",6","4",",6","","","19420620",",,6","","","","","","","19420625","+,,6","19420630",",,6","0.0",",6,20,","","","","","0.5",",,6,25,+","37.8",",6,30,","3012.7","6","96.4",",6","1.0",",,,6","","","15.45",",6","26.46",",,,6","4.43",",,,6"
"USC00043130","1942-07","40.38333","-123.33333","712.9","FOREST GLEN, CA US","92.2","6","81.1",",6","1",",6","1",",6","0",",6","","","","","0",",6","0",",6","0",",6","31",",6","16",",6","","","19420708",",,6","","","","","","","19420701",",,6","19420725",",,6","3.3",",6,08,","","","","","3.0",",,6,01,","40.0",",6,25,","17.1","6","17.1",",6","3.0",",,,6","","","20.40",",6","32.55",",,,6","8.25",",,,6"
"USC00043130","1942-09","40.38333","-123.33333","712.9","FOREST GLEN, CA US","","","3.6",",6","1",",6","1",",6","1",",6","","","","","0",",6","1",",6","0",",6","30",",6","12",",6","","","19420919",",,6","","","","","","","19420908",",,6","19420915",",,6","-1.7",",6,19,","","","","","38.9",",,6,08,","34.4",",6,15,","","","46.9",",6","38.9",",,,6","","","16.89",",6","30.44",",,,6","3.34",",,,6"
"USC00043130","1942-10","40.38333","-123.33333","712.9","FOREST GLEN, CA US","","","0.0",",6","3",",6","2",",6","0",",6","","","","","0",",6","14",",6","0",",6","16",",6","1",",6","","","19421031","+,,6","","","","","","","19421028",",,6","19421005",",,6","-2.8",",6,31,+","","","","","10.7",",,6,28,","32.2",",6,05,","","","209.7",",6","17.6",",,,6","","","11.57",",6","22.59",",,,6","0.55",",,,6"
"USC00043130","1942-11","40.38333","-123.33333","712.9","FOREST GLEN, CA US","","","0.0",",6","18",",6","13",",6","4",",6","","","","","0",",6","17",",6","0",",6","0",",6","0",",6","","","19421111","+,,6","","","","","","","19421115",",,6","19421102",",,6","-4.4",",6,11,+","","","","","59.7",",,6,15,","18.9",",6,02,","","","349.1",",6","254.1",",,,6","","","6.70",",6","13.01",",,,6","0.38",",,,6"
"USC00043130","1942-12","40.38333","-123.33333","712.9","FOREST GLEN, CA US","","","0.0",",6","21",",6","15",",6","5",",6","","","","","0",",6","16",",6","0",",6","0",",6","0",",6","","","19421205",",,6","","","","","","","19421223",",,6","19421231",",,6","-5.6",",6,05,","","","","","66.0",",,6,23,","15.0",",6,31,","","","422.9",",6","312.7",",,,6","","","4.69",",6","9.03",",,,6","0.35",",,,6"
"USC00043130","1943-01","40.38333","-123.33333","712.9","FOREST GLEN, CA US","0.0","6","0.0",",6","14",",6","12",",6","5",",6","","","3",",6","0",",6","28",",6","0",",6","0",",6","0",",6","","","19430118",",,6","","","19430120",",,6","","","19430121",",,6","19430121",",,6","-12.8",",6,18,","","","102",",,6,20,","147.8",",,6,21,","13.3",",6,21,","","","510.7",",6","407.1",",,,6","178",",,,6","1.86",",6","7.35",",,,6","-3.63",",,,6"
"USC00043130","1943-02","40.38333","-123.33333","712.9","FOREST GLEN, CA US","0.0","6","0.0",",6","10",",6","8",",6","1",",6","","","","","0",",6","18",",6","0",",6","0",",6","0",",6","","","19430211",",,6","","","","","","","19430207",",,6","19430217",",,6","-6.7",",6,11,","","","","","29.5",",,6,07,","20.6",",6,17,","","","338.7",",6","91.0",",,,6","","","6.24",",6","13.02",",,,6","-0.55",",,,6"
"USC00043130","1943-03","40.38333","-123.33333","712.9","FOREST GLEN, CA US","0.0","6","0.0",",6","16",",6","10",",6","1",",6","","","","","0",",6","15",",6","0",",6","2",",6","0",",6","","","19430316",",,6","","","","","","","19430329",",,6","19430327",",,6","-5.6",",6,16,","","","","","43.7",",,6,29,","22.2",",6,27,","","","316.9",",6","160.6",",,,6","","","8.11",",6","15.55",",,,6","0.66",",,,6"
"USC00043130","1943-04","40.38333","-123.33333","712.9","FOREST GLEN, CA US","0.0","6","0.0",",6","13",",6","9",",6","3",",6","","","","","0",",6","7",",6","0",",6","8",",6","0",",6","","","19430410","+,,6","","","","","","","19430427",",,6","19430414",",,6","-2.2",",6,10,+","","","","","48.3",",,6,27,","25.6",",6,14,","","","237.9",",6","169.6",",,,6","","","10.40",",6","18.41",",,,6","2.40",",,,6"
"USC00043130","1943-05","40.38333","-123.33333","712.9","FOREST GLEN, CA US","5.0","6","5.0",",6","3",",6","2",",6","0",",6","","","","","0",",6","8",",6","0",",6","23",",6","5",",6","","","19430514","+,,6","","","","","","","19430530",",,6","19430524",",,6","-3.9",",6,14,+","","","","","16.5",",,6,30,","34.4",",6,24,","","","169.3",",6","23.4",",,,6","","","13.03",",6","24.17",",,,6","1.89",",,,6"
"USC00043130","1943-06","40.38333","-123.33333","712.9","FOREST GLEN, CA US","8.6","6","3.6",",6","5",",6","4",",6","0",",6","","","","","0",",6","2",",6","0",",6","24",",6","3",",6","","","19430624","+,,6","","","","","","","19430621",",,6","19430616",",,6","0.0",",6,24,+","","","","","19.1",",,6,21,","34.4",",6,16,","","","124.2",",6","39.9",",,,6","","","14.32",",6","24.94",",,,6","3.69",",,,6"
"USC00043130","1943-07","40.38333","-123.33333","712.9","FOREST GLEN, CA US","82.8","6","74.2",",6","1",",6","0",",6","0",",6","","","","","0",",6","0",",6","0",",6","31",",6","25",",6","","","19430715",",,6","","","","","","","19430722",",,6","19430729",",,6","1.1",",6,15,","","","","","1.8",",,6,22,","38.9",",6,29,","2.5","6","2.5",",6","1.8",",,,6","","","20.65",",6","34.16",",,,6","7.13",",,,6"
"USC00043130","1943-08","40.38333","-123.33333","712.9","FOREST GLEN, CA US","114.9","6","32.1",",6","0",",6","0",",6","0",",6","","","","","0",",6","0",",6","0",",6","31",",6","15",",6","","","19430823",",,6","","","","","","","19430823",",,6","19430815",",,6","0.6",",6,23,","","","","","0.0",",T,6,23,","38.9",",6,15,","21.6","6","19.1",",6","0.0",",T,,6","","","18.75",",6","32.05",",,,6","5.45",",,,6"
"USC00043130","1943-09","40.38333","-123.33333","712.9","FOREST GLEN, CA US","172.2","6","57.3",",6","1",",6","1",",6","0",",6","","","0",",6","0",",6","0",",6","0",",6","30",",6","24",",6","1","","19430930","+,,6","","","19430930","+,,6","1","","19430913",",,6","19430923","+,,6","2.2",",6,30,+","","","0",",,6,30,+","7.1",",,6,13,","38.9",",6,23,+","38.3","6","16.7",",6","7.1",",,,6","0",",,,6","19.69",",6","34.04",",,,6","5.34",",,,6"
"USC00043130","1943-10","40.38333","-123.33333","712.9","FOREST GLEN, CA US","172.2","6","0.0","1,6","13",",6","7",",6","1",",6","","","","","0","1,6","6","1,6","0",",6","16",",6","3",",6","","","19431019",",1,6","","","","","","","19431025",",,6","19431004",",,6","-2.8","1,6,19,","","","","","51.1",",,6,25,","35.0",",6,04,","211.2","6","172.9",",6","125.9",",,,6","","","12.46","1,6","22.21",",,,6","2.71","1,,,6"
"USC00043130","1943-11","40.38333","-123.33333","712.9","FOREST GLEN, CA US","172.2","6","0.0",",6","7",",6","6",",6","0",",6","","","","","0",",6","15",",6","0",",6","2",",6","0",",6","","","19431126","+,,6","","","","","","","19431120","+,,6","19431105","+,,6","-4.4",",6,26,+","","","","","24.6",",,6,20,+","21.1",",6,05,+","526.6","6","315.4",",6","79.2",",,,6","","","7.82",",6","15.50",",,,6","0.14",",,,6"
"USC00043130","1943-12","40.38333","-123.33333","712.9","FOREST GLEN, CA US","172.2","6","0.0",",6","6",",6","5",",6","1",",6","","","","","0",",6","24",",6","0",",6","0",",6","0",",6","","","19431214","+,,6","","","","","","","19431220",",,6","19431220",",,6","-8.3",",6,14,+","","","","","32.3",",,6,20,","15.6",",6,20,","966.4","6","439.8",",6","81.5",",,,6","","","4.15",",6","11.13",",,,6","-2.84",",,,6"
"USC00043130","1944-01","40.38333","-123.33333","712.9","FOREST GLEN, CA US","0.0","6","0.0",",6","15",",6","12",",6","2",",6","","","3",",6","0",",6","25",",6","0",",6","0",",6","0",",6","","","19440119",",,6","","","19440109","+,,6","","","19440105",",,6","19440131",",,6","-7.2",",6,19,","","","51",",,6,09,+","64.5",",,6,05,","14.4",",6,31,","1431.6","6","465.2",",6","229.5",",,,6","127",",,,6","3.33",",6","9.21",",,,6","-2.56",",,,6"
"USC00043130","1944-02","40.38333","-123.33333","712.9","FOREST GLEN, CA US","0.0","6","0.0",",6","13",",6","9",",6","3",",6","","","2",",6","0",",6","20",",6","0",",6","0",",6","0",",6","","","19440218",",,6","","","19440222",",,6","","","19440203",",,6","19440207","+,,6","-7.2",",6,18,","","","76",",,6,22,","40.9",",,6,03,","19.4",",6,07,+","1784.7","6","353.1",",6","185.2",",,,6","101",",,,6","6.16",",6","14.47",",,,6","-2.15",",,,6"
"USC00043130","1944-03","40.38333","-123.33333","712.9","FOREST GLEN, CA US","0.0","6","0.0",",6","7",",6","7",",6","1",",6","","","","","0",",6","22",",6","0",",6","13",",6","0",",6","","","19440327","+,,6","","","","","","","19440304",",,6","19440317",",,6","-7.8",",6,27,+","","","","","37.8",",,6,04,","27.2",",6,17,","2079.9","6","295.2",",6","94.8",",,,6","","","8.81",",6","19.95",",,,6","-2.33",",,,6"
"USC00043130","1944-04","40.38333","-123.33333","712.9","FOREST GLEN, CA US","0.0","6","0.0",",6","16",",6","8",",6","1",",6","","","","","0",",6","13",",6","0",",6","16",",6","0",",6","","","19440425",",,6","","","","","","","19440426",",,6","19440402","+,,6","-4.4",",6,25,","","","","","32.8",",,6,26,","27.2",",6,02,+","2313.8","6","233.9",",6","89.6",",,,6","","","10.54",",6","20.73",",,,6","0.34",",,,6"
"USC00043130","1944-05","40.38333","-123.33333","712.9","FOREST GLEN, CA US","0.0","6","0.0",",6","4",",6","4",",6","0",",6","","","","","0",",6","4",",6","0",",6","22",",6","0",",6","","","19440523",",,6","","","","","","","19440517",",,6","19440503",",,6","-1.7",",6,23,","","","","","21.6",",,6,17,","30.6",",6,03,","2476.2","6","162.4",",6","67.8",",,,6","","","13.10",",6","23.24",",,,6","2.95",",,,6"
"USC00043130","1944-06","40.38333","-123.33333","712.9","FOREST GLEN, CA US","3.2","6","3.2",",6","7",",6","4",",6","0",",6","","","","","0",",6","0",",6","0",",6","21",",6","4",",6","","","19440607",",,6","","","","","","","19440624",",,6","19440628",",,6","3.3",",6,07,","","","","","23.4",",,6,24,","34.4",",6,28,","2576.7","6","100.5",",6","50.6",",,,6","","","15.09",",6","24.34",",,,6","5.85",",,,6"
"USC00043130","1944-07","40.38333","-123.33333","712.9","FOREST GLEN, CA US","38.6","6","35.4",",6","1",",6","1",",6","0",",6","","","","","0",",6","0",",6","0",",6","31",",6","14",",6","","","19440708",",,6","","","","","","","19440726",",,6","19440712",",,6","1.7",",6,08,","","","","","5.1",",,6,26,","36.1",",6,12,","12.2","6","12.2",",6","5.1",",,,6","","","19.08",",6","31.86",",,,6","6.30",",,,6"
"USC00043130","1944-08","40.38333","-123.33333","712.9","FOREST GLEN, CA US","53.5","6","14.9",",6","0",",6","0",",6","0",",6","","","","","0",",6","0",",6","0",",6","31",",6","8",",6","","","19440824","+,,6","","","","","","","19440831",",,6","19440829","+,,6","0.6",",6,24,+","","","","","0.0",",T,6,31,","36.7",",6,29,+","65.5","6","53.3",",6","0.0",",T,,6","","","17.09",",6","29.97",",,,6","4.22",",,,6"
"USC00043130","1944-09","40.38333","-123.33333","712.9","FOREST GLEN, CA US","84.0","6","30.5",",6","1",",6","1",",6","0",",6","","","0",",6","0",",6","6",",6","0",",6","28",",6","14",",6","","","19440918",",,6","","","19440930","+,,6","","","19440930",",,6","19440905","+,,6","-2.2",",6,18,","","","0",",,6,30,+","2.5",",,6,30,","37.8",",6,05,+","140.0","6","74.5",",6","2.5",",,,6","0",",,,6","16.87",",6","30.70",",,,6","3.03",",,,6"
"USC00043130","1944-10","40.38333","-123.33333","712.9","FOREST GLEN, CA US","84.0","6","0.0",",6","6",",6","3",",6","2",",6","","","","","0",",6","16",",6","0",",6","20",",6","0",",6","","","19441019",",,6","","","","","","","19441030",",,6","19441003","+,,6","-2.8",",6,19,","","","","","52.1",",,6,30,","27.8",",6,03,+","341.8","6","201.8",",6","88.7",",,,6","","","11.82",",6","22.27",",,,6","1.37",",,,6"
"USC00043130","1944-11","40.38333","-123.33333","712.9","FOREST GLEN, CA US","84.0","6","0.0",",6","18",",6","17",",6","7",",6","","","0",",6","0",",6","17",",6","0",",6","0",",6","0",",6","","","19441115",",,6","","","19441130","+,,6","","","19441109",",,6","19441101",",,6","-7.2",",6,15,","","","0",",,6,30,+","66.8",",,6,09,","14.4",",6,01,","720.6","6","378.8",",6","426.5",",,,6","0",",,,6","5.71",",6","12.02",",,,6","-0.61",",,,6"
"USC00043130","1944-12","40.38333","-123.33333","712.9","FOREST GLEN, CA US","84.0","6","0.0",",6","11",",6","10",",6","4",",6","","","4",",6","0",",6","23",",6","0",",6","0",",6","0",",6","","","19441213",",,6","","","19441229",",,6","","","19441219",",,6","19441206",",,6","-6.7",",6,13,","","","51",",,6,29,","58.9",",,6,19,","11.1",",6,06,","1196.0","6","475.4",",6","238.6",",,,6","126",",,,6","3.00",",6","7.81",",,,6","-1.81",",,,6"
"USC00043130","1945-01","40.38333","-123.33333","712.9","FOREST GLEN, CA US","0.0","6","0.0",",6","8",",6","7",",6","1",",6","","","0",",6","0",",6","21",",6","0",",6","0",",6","0",",6","","","19450123",",,6","","","19450131","+,,6","","","19450131",",,6","19450129","+,,6","-10.6",",6,23,","","","0",",,6,31,+","48.0",",,6,31,","14.4",",6,29,+","1672.4","6","476.4",",6","108.5",",,,6","0",",,,6","2.97",",6","8.53",",,,6","-2.60",",,,6"
"USC00043130","1945-02","40.38333","-123.33333","712.9","FOREST GLEN, CA US","0.0","6","0.0",",6","12",",6","9",",6","4",",6","","","0",",6","0",",6","17",",6","0",",6","0",",6","0",",6","","","19450225",",,6","","","19450228","+,,6","","","19450202",",,6","19450211",",,6","-8.3",",6,25,","","","0",",,6,28,+","76.7",",,6,02,","14.4",",6,11,","2055.0","6","382.6",",6","251.3",",,,6","0",",,,6","4.67",",6","11.16",",,,6","-1.82",",,,6"
"USC00043130","1945-03","40.38333","-123.33333","712.9","FOREST GLEN, CA US","0.0","6","0.0",",6","15",",6","14",",6","2",",6","","","3",",6","0",",6","27",",6","0",",6","1",",6","0",",6","","","19450305",",,6","","","19450316",",,6","","","19450316",",,6","19450330",",,6","-7.8",",6,05,","","","102",",,6,16,","40.6",",,6,16,","21.1",",6,30,","2481.9","6","426.9",",6","188.9",",,,6","178",",,,6","4.56",",6","11.10",",,,6","-1.97",",,,6"
"USC00043130","1945-04","40.38333","-123.33333","712.9","FOREST GLEN, CA US","0.0","6","0.0",",6","4",",6","2",",6","1",",6","","","0",",6","0",",6","22",",6","0",",6","14",",6","0",",6","","","19450405","+,,6","","","19450430","+,,6","","","19450408",",,6","19450430",",,6","-8.3",",6,05,+","","","0",",,6,30,+","45.5",",,6,08,","30.0",",6,30,","2782.7","6","300.8",",6","51.6",",,,6","0",",,,6","8.31",",6","19.00",",,,6","-2.38",",,,6"
"USC00043130","1945-05","40.38333","-123.33333","712.9","FOREST GLEN, CA US","0.0","6","0.0","1,6","13",",6","11",",6","2",",6","","","0",",6","0","1,6","5","1,6","0",",6","13",",6","0",",6","","","19450523",",1,6","","","19450531","+,,6","","","19450513",",,6","19450504",",,6","-1.7","1,6,23,","","","0",",,6,31,+","34.0",",,6,13,","31.1",",6,04,","2972.7","6","190.0",",6","127.2",",,,6","0",",,,6","12.00","1,6","21.16",",,,6","2.83","1,,,6"
"USC00043130","1945-06","40.38333","-123.33333","712.9","FOREST GLEN, CA US","8.7","6","8.7",",6","2",",6","2",",6","0",",6","","","0",",6","0",",6","4",",6","0",",6","27",",6","5",",6","","","19450615",",,6","","","19450630","+,,6","","","19450625",",,6","19450620","+,,6","-1.7",",6,15,","","","0",",,6,30,+","5.1",",,6,25,","35.6",",6,20,+","3070.6","6","97.9",",6","9.4",",,,6","0",",,,6","15.36",",6","26.85",",,,6","3.87",",,,6"
"USC00043130","1945-07","40.38333","-123.33333","712.9","FOREST GLEN, CA US","82.4","6","73.7",",6","1",",6","1",",6","0",",6","","","0",",6","0",",6","0",",6","0",",6","31",",6","21",",6","","","19450704",",,6","","","19450731","+,,6","","","19450709",",,6","19450727",",,6","5.0",",6,04,","","","0",",,6,31,+","7.6",",,6,09,","38.9",",6,27,","2.2","6","2.2",",6","7.6",",,,6","0",",,,6","20.64",",6","33.41",",,,6","7.87",",,,6"
"USC00043130","1945-08","40.38333","-123.33333","712.9","FOREST GLEN, CA US","126.7","6","44.3",",6","0",",6","0",",6","0",",6","","","0",",6","0",",6","0",",6","0",",6","31",",6","16",",6","","","19450826",",,6","","","19450831","+,,6","","","19450831","+,,6","19450821","+,,6","2.8",",6,26,","","","0",",,6,31,+","0.0",",,6,31,+","36.7",",6,21,+","19.1","6","16.9",",6","0.0",",,,6","0",",,,6","19.22",",6","32.03",",,,6","6.40",",,,6"
"USC00043130","1945-09","40.38333","-123.33333","712.9","FOREST GLEN, CA US","151.4","6","24.7",",6","","","","","","","","","0",",6","0",",6","7",",6","0",",6","28",",6","11",",6","","","19450927","+,,6","","","19450930","+,,6","","","","","19450911",",,6","-2.8",",6,27,+","","","0",",,6,30,+","","","38.9",",6,11,","91.1","6","72.0",",6","","","0",",,,6","16.76",",6","30.13",",,,6","3.38",",,,6"
"USC00043130","1945-10","40.38333","-123.33333","712.9","FOREST GLEN, CA US","151.4","6","0.0","1,6","8",",6","5",",6","4",",6","","","0",",6","0",",6","8",",6","0","1,6","24","1,6","1","1,6","","","19451024",",,6","","","19451031","+,,6","","","19451030",",,6","19451001",",1,6","-5.0",",6,24,","","","0",",,6,31,+","100.3",",,6,30,","32.2","1,6,01,","234.0","6","142.9","1,6","272.6",",,,6","0",",,,6","13.60","1,6","24.00","1,,,6","3.20",",,,6"
"USC00043130","1945-11","40.38333","-123.33333","712.9","FOREST GLEN, CA US","","","","","15",",6","13",",6","3",",6","","","0",",6","","","","","","","","","","","","","","","","","19451130","+,,6","","","19451128",",,6","","","","","","","0",",,6,30,+","50.8",",,6,28,","","","","","","","240.4",",,,6","0",",,,6","","","","","",""
"USC00043130","1946-01","40.38333","-123.33333","712.9","FOREST GLEN, CA US","0.0","6","0.0",",6","9",",6","7",",6","4",",6","","","0",",6","0",",6","24",",6","0",",6","0",",6","0",",6","","","19460131",",,6","","","19460129","+,,6","","","19460104",",,6","19460123",",,6","-8.9",",6,31,","","","0",",T,6,29,+","43.2",",,6,04,","14.4",",6,23,","","","507.9",",6","155.1",",,,6","0",",T,,6","1.95",",6","7.12",",,,6","-3.22",",,,6"
"USC00043130","1946-02","40.38333","-123.33333","712.9","FOREST GLEN, CA US","0.0","6","0.0",",6","11",",6","9",",6","2",",6","","","3",",6","0",",6","24",",6","0",",6","1",",6","0",",6","","","19460211",",,6","","","19460202",",,6","","","19460206",",,6","19460228",",,6","-8.9",",6,11,","","","102",",,6,02,","49.5",",,6,06,","21.7",",6,28,","","","423.8",",6","166.2",",,,6","229",",,,6","3.20",",6","9.63",",,,6","-3.24",",,,6"
"USC00043130","1946-03","40.38333","-123.33333","712.9","FOREST GLEN, CA US","0.0","6","0.0",",6","14",",6","9",",6","1",",6","","","0",",6","0",",6","23",",6","0",",6","3",",6","0",",6","","","19460307","+,,6","","","19460330","+,,6","","","19460313",",,6","19460326",",,6","-3.9",",6,07,+","","","0",",T,6,30,+","26.4",",,6,13,","23.3",",6,26,","","","367.0",",6","95.1",",,,6","0",",T,,6","6.49",",6","13.48",",,,6","-0.49",",,,6"
"USC00043130","1946-04","40.38333","-123.33333","712.9","FOREST GLEN, CA US","0.0","6","0.0",",6","2",",6","1",",6","0",",6","","","0",",6","0",",6","13",",6","0",",6","16",",6","0",",6","","","19460430",",,6","","","19460430","+,,6","","","19460408",",,6","19460424",",,6","-4.4",",6,30,","","","0",",,6,30,+","7.6",",,6,08,","31.1",",6,24,","","","227.9",",6","8.9",",,,6","0",",,,6","10.74",",6","20.79",",,,6","0.69",",,,6"
"USC00043130","1946-05","40.38333","-123.33333","712.9","FOREST GLEN, CA US","0.0","6","0.0",",6","2",",6","2",",6","0",",6","","","0",",6","0",",6","5",",6","0",",6","23",",6","1",",6","","","19460508",",,6","","","19460531","+,,6","","","19460526",",,6","19460518",",,6","-2.8",",6,08,","","","0",",,6,31,+","6.6",",,6,26,","32.2",",6,18,","","","161.9",",6","10.9",",,,6","0",",,,6","13.11",",6","24.18",",,,6","2.04",",,,6"
"USC00043130","1946-06","40.38333","-123.33333","712.9","FOREST GLEN, CA US","0.0","6","0.0","1,6","1",",6","0",",6","0",",6","","","0",",6","0",",6","7",",6","0","1,6","25","1,6","4","1,6","","","19460627",",,6","","","19460630","+,,6","","","19460613",",,6","19460619",",1,6","-3.3",",6,27,","","","0",",,6,30,+","1.5",",,6,13,","35.0","1,6,19,","","","139.9","1,6","1.5",",,,6","0",",,,6","13.57","1,6","24.99","1,,,6","2.14",",,,6"
"USC00043130","1946-07","40.38333","-123.33333","712.9","FOREST GLEN, CA US","49.0","6","49.0",",6","1",",6","1",",6","0",",6","","","0",",6","0",",6","0",",6","0",",6","31",",6","7",",6","","","19460717",",,6","","","19460731","+,,6","","","19460724",",,6","19460720",",,6","3.3",",6,17,","","","0",",,6,31,+","6.4",",,6,24,","40.6",",6,20,","10.5","6","10.5",",6","6.4",",,,6","0",",,,6","19.57",",6","31.30",",,,6","7.85",",,,6"
"USC00043130","1946-08","40.38333","-123.33333","712.9","FOREST GLEN, CA US","92.1","6","43.1",",6","0",",6","0",",6","0",",6","","","0",",6","0",",6","1",",6","0",",6","31",",6","18",",6","","","19460831",",,6","","","19460831","+,,6","","","19460831","+,,6","19460806",",,6","-0.6",",6,31,","","","0",",,6,31,+","0.0",",,6,31,+","38.3",",6,06,","20.0","6","9.5",",6","0.0",",,,6","0",",,,6","19.42",",6","32.62",",,,6","6.22",",,,6"
"USC00043130","1946-09","40.38333","-123.33333","712.9","FOREST GLEN, CA US","92.4","6","0.3",",6","1",",6","1",",6","0",",6","","","0",",6","0",",6","2",",6","0",",6","30",",6","4",",6","","","19460927","+,,6","","","19460930","+,,6","","","19460915",",,6","19460924",",,6","0.0",",6,27,+","","","0",",,6,30,+","14.2",",,6,15,","33.3",",6,24,","121.1","6","101.1",",6","14.2",",,,6","0",",,,6","14.97",",6","27.78",",,,6","2.17",",,,6"
"USC00043130","1946-10","40.38333","-123.33333","712.9","FOREST GLEN, CA US","92.4","6","0.0","1,6","7",",6","5",",6","0",",6","","","0",",6","0","1,6","20","1,6","0",",6","11",",6","0",",6","","","19461028",",1,6","","","19461031","+,,6","","","19461022",",,6","19461013",",,6","-7.8","1,6,28,","","","0",",,6,31,+","19.1",",,6,22,","28.3",",6,13,","386.1","6","265.0",",6","37.6",",,,6","0",",,,6","9.43","1,6","19.47",",,,6","-0.60","1,,,6"
"USC00043130","1946-11","40.38333","-123.33333","712.9","FOREST GLEN, CA US","92.4","6","0.0",",6","9",",6","8",",6","4",",6","","","1",",6","0",",6","19",",6","0",",6","0",",6","0",",6","","","19461115","+,,6","","","19461120",",,6","","","19461119",",,6","19461103",",,6","-7.8",",6,15,+","","","64",",,6,20,","73.7",",,6,19,","20.0",",6,03,","781.8","6","395.7",",6","281.0",",,,6","64",",,,6","5.14",",6","11.92",",,,6","-1.64",",,,6"
"USC00043130","1946-12","40.38333","-123.33333","712.9","FOREST GLEN, CA US","92.4","6","0.0","2,6","11",",6","8",",6","2",",6","","","0",",6","0","2,6","14","2,6","0","2,6","0","2,6","0","2,6","","","19461231",",2,6","","","19461229",",,6","","","19461201",",,6","19461222",",2,6","-8.9","2,6,31,","","","0",",T,6,29,","31.8",",,6,01,","14.4","2,6,22,","1202.9","6","421.1","2,6","126.4",",,,6","0",",T,,6","3.81","2,6","8.54","2,,,6","-0.91","2,,,6"
"USC00043130","1947-01","40.38333","-123.33333","712.9","FOREST GLEN, CA US","0.0","6","0.0",",6","5",",6","5",",6","1",",6","","","2",",6","0",",6","29",",6","0",",6","0",",6","0",",6","","","19470115",",,6","","","19470128","+,,6","","","19470128",",,6","19470123",",,6","-12.2",",6,15,","","","51",",,6,28,+","57.2",",,6,28,","15.6",",6,23,","1755.0","6","552.1",",6","102.2",",,,6","102",",,,6","0.52",",6","6.48",",,,6","-5.43",",,,6"
"USC00043130","1947-02","40.38333","-123.33333","712.9","FOREST GLEN, CA US","0.0","6","0.0","3,6","5",",6","5",",6","2",",6","","","0",",6","0","3,6","18","3,6","0","3,6","1","3,6","0","3,6","","","19470205","+,3,6","","","19470228","+,,6","","","19470212",",,6","19470224",",3,6","-5.0","3,6,05,+","","","0",",,6,28,+","66.0",",,6,12,","21.1","3,6,24,","2061.5","6","306.5","3,6","141.0",",,,6","0",",,,6","6.07","3,6","13.49","3,,,6","-1.34","3,,,6"
"USC00043130","1947-03","40.38333","-123.33333","712.9","FOREST GLEN, CA US","0.0","6","0.0",",6","12",",6","12",",6","7",",6","","","0",",6","0",",6","20",",6","0",",6","10",",6","0",",6","","","19470306",",,6","","","19470331","+,,6","","","19470302",",,6","19470317",",,6","-3.3",",6,06,","","","0",",,6,31,+","66.3",",,6,02,","25.0",",6,17,","2379.7","6","318.2",",6","358.3",",,,6","0",",,,6","8.07",",6","15.97",",,,6","0.17",",,,6"
"USC00043130","1947-04","40.38333","-123.33333","712.9","FOREST GLEN, CA US","","","","","5",",6","5",",6","0",",6","","","0",",6","","","","","0",",6","16",",6","2",",6","","","","","","","19470430","+,,6","","","19470402",",,6","19470415","+,,6","","","","","0",",,6,30,+","12.7",",,6,02,","32.2",",6,15,+","","","","","29.7",",,,6","0",",,,6","","","21.05",",,,6","",""
"USC00043130","1947-11","40.38333","-123.33333","712.9","FOREST GLEN, CA US","","","","","4",",6","3",",6","1",",6","","","0",",6","","","","","","","","","","","","","","","","","19471130","+,,6","","","19471116",",,6","","","","","","","0",",,6,30,+","38.1",",,6,16,","","","","","","","57.7",",,,6","0",",,,6","","","","","",""
"USC00043130","1947-12","40.38333","-123.33333","712.9","FOREST GLEN, CA US","","","0.0","3,6","7",",6","2",",6","0",",6","","","1",",6","0","3,6","24","3,6","0","3,6","0","3,6","0","3,6","","","19471207","+,3,6","","","19471208",",,6","","","19471203",",,6","19471217",",3,6","-6.7","3,6,07,+","","","25",",,6,08,","19.1",",,6,03,","16.7","3,6,17,","","","420.7","3,6","24.9",",,,6","25",",,,6","3.31","3,6","9.24","3,,,6","-2.63","3,,,6"
"USC00043130","1948-01","40.38333","-123.33333","712.9","FOREST GLEN, CA US","0.0","0","0.0","1,6","8",",6","7",",6","7",",6","","","0",",6","0",",6","25",",6","0","1,6","0","1,6","0","1,6","","","19480128",",,6","","","19480131","+,,6","","","19480104",",,6","19480106",",1,6","-8.9",",6,28,","","","0",",,6,31,+","76.2",",,6,04,","13.9","1,6,06,","","","470.9","1,6","369.3",",,,6","0",",,,6","2.74","1,6","9.22","1,,,6","-3.75",",,,6"
"USC00043130","1948-02","40.38333","-123.33333","712.9","FOREST GLEN, CA US","0.0","0","0.0","1,6","9",",6","7",",6","1",",6","","","1",",6","0","1,6","23","1,6","0",",6","0",",6","0",",6","","","19480212","+,1,6","","","19480208",",,6","","","19480208",",,6","19480216",",,6","-11.1","1,6,12,+","","","38",",,6,08,","38.1",",,6,08,","17.8",",6,16,","","","427.5",",6","109.4",",,,6","38",",,,6","3.10","1,6","10.06",",,,6","-3.85","1,,,6"
"USC00043130","1948-03","40.38333","-123.33333","712.9","FOREST GLEN, CA US","","","","","16",",6","8",",6","2",",6","","","0",",6","0",",6","24",",6","","","","","","","","","19480304",",,6","","","19480319","+,,6","","","19480322",",,6","","","-6.7",",6,04,","","","0",",T,6,19,+","44.5",",,6,22,","","","","","","","160.0",",,,6","0",",T,,6","","","","","-1.73",",,,6"
"USC00043130","1948-04","40.38333","-123.33333","712.9","FOREST GLEN, CA US","","","0.0",",6","20",",6","15",",6","7",",6","","","4",",6","0",",6","18",",6","0",",6","4",",6","0",",6","","","19480413","+,,6","","","19480403",",,6","","","19480408",",,6","19480419",",,6","-3.9",",6,13,+","","","152",",,6,03,","43.2",",,6,08,","23.9",",6,19,","","","363.9",",6","355.8",",,,6","253",",,,6","6.20",",6","12.81",",,,6","-0.41",",,,6"
"USC00043130","1948-05","40.38333","-123.33333","712.9","FOREST GLEN, CA US","","","0.0",",6","9",",6","9",",6","0",",6","","","0",",6","0",",6","4",",6","0",",6","9",",6","0",",6","","","19480509",",,6","","","19480531","+,,6","","","19480512",",,6","19480523",",,6","-1.1",",6,09,","","","0",",,6,31,+","17.8",",,6,12,","29.4",",6,23,","","","260.4",",6","94.3",",,,6","0",",,,6","9.93",",6","17.92",",,,6","1.94",",,,6"
"USC00043130","1948-07","40.38333","-123.33333","712.9","FOREST GLEN, CA US","","","27.9",",0","1",",0","1",",0","0",",0","0",",0","0",",0","0",",0","0",",0","0",",0","29",",0","13",",0","","","19480729","+,,0","19480731","+,,0","19480731","+,,0","1","","19480705",",,0","19480715",",,0","4.4",",0,29,+","0",",,0,31,+","0",",,0,31,+","19.1",",,0,05,","36.7",",0,15,","33.9","0","33.9",",0","19.1",",,,0","0",",,,0","18.14",",0","29.72",",,,0","6.56",",,,0"
"USC00043130","1948-08","40.38333","-123.33333","712.9","FOREST GLEN, CA US","","","0.6",",0","0",",0","0",",0","0",",0","0",",0","0",",0","0",",0","1",",0","0",",0","27",",0","3",",0","","","19480810",",,0","19480831","+,,0","19480831","+,,0","","","19480821",",,0","19480826",",,0","0.0",",0,10,","0",",,0,31,+","0",",,0,31,+","0.0",",T,0,21,","34.4",",0,26,","159.8","0","125.9",",0","0.0",",T,,0","0",",,,0","14.29",",0","25.72",",,,0","2.86",",,,0"
"USC00043130","1948-09","40.38333","-123.33333","712.9","FOREST GLEN, CA US","","","14.2",",0","5",",0","5",",0","1",",0","0",",0","0",",0","0",",0","3",",0","0",",0","22",",0","9",",0","6","","19480925",",,0","19480930","+,,0","19480930","+,,0","","","19480917",",,0","19480910",",,0","-2.2",",0,25,","0",",,0,30,+","0",",,0,30,+","31.2",",,0,17,","36.7",",0,10,","270.4","0","110.6",",0","55.3",",,,0","0",",,,0","15.12",",0","26.20",",,,0","4.04",",,,0"
"USC00043130","1948-10","40.38333","-123.33333","712.9","FOREST GLEN, CA US","","","","","","","","","","","","","","","","","","","","","","","","","","","","","","","","","1","","","","","","","","","","","","","","","","","","","","","","","","","","","","",""
"USC00043130","1948-12","40.38333","-123.33333","712.9","FOREST GLEN, CA US","","","0.0",",0","13",",0","12",",0","7",",0","19",",0","4",",0","0",",0","25",",0","3",",0","0",",0","0",",0","","","19481223",",,0","19481225",",,0","19481225",",,0","","","19481225",",,0","19481216","+,,0","-13.9",",0,23,","610",",,0,25,","533",",,0,25,","71.1",",,0,25,","10.0",",0,16,+","","","546.6",",0","327.3",",,,0","813",",,,0","0.70",",0","5.28",",,,0","-3.88",",,,0"
"USC00043130","1949-01","40.38333","-123.33333","712.9","FOREST GLEN, CA US","0.0","0","0.0",",0","1","4,0","1","4,0","0","4,0","","","1","4,0","2",",0","31",",0","1",",0","0",",0","0",",0","","","19490110",",,0","","","19490122",",4,0","","","19490122",",4,0","19490108",",,0","-18.9",",0,10,","","","127","4,,0,22,","7.6","4,,0,22,","12.2",",0,08,","","","656.0",",0","7.6","4,,,0","127","4,,,0","-2.83",",0","5.54",",,,0","-11.20",",,,0"
"USC00043130","1949-02","40.38333","-123.33333","712.9","FOREST GLEN, CA US","0.0","0","0.0",",0","10","1,0","5","1,0","3","1,0","","","5","1,0","0",",0","26",",0","0",",0","0",",0","0",",0","","","19490213",",,0","","","19490204",",1,0","","","19490222",",1,0","19490227",",,0","-15.6",",0,13,","","","178","1,,0,04,","50.8","1,,0,22,","12.8",",0,27,","","","477.1",",0","156.3","1,,,0","457","1,,,0","1.29",",0","6.48",",,,0","-3.89",",,,0"
"USC00043130","1949-03","40.38333","-123.33333","712.9","FOREST GLEN, CA US","0.0","0","0.0",",0","16",",0","15",",0","8",",0","1","1,0","1",",0","0",",0","29",",0","0",",0","0",",0","0",",0","","","19490329",",,0","19490309",",1,0","19490309",",,0","","","19490318",",,0","19490331",",,0","-5.6",",0,29,","76","1,,0,09,","76",",,0,09,","78.7",",,0,18,","19.4",",0,31,","","","436.9",",0","375.2",",,,0","76",",,,0","4.24",",0","9.51",",,,0","-1.03",",,,0"
"USC00043130","1949-10","40.38333","-123.33333","712.9","FOREST GLEN, CA US","","","0.0",",0","3",",0","1",",0","0",",0","0",",0","0",",0","0",",0","22",",0","0",",0","8",",0","0",",0","","","19491019",",,0","19491031","+,,0","19491031","+,,0","","","19491007",",,0","19491003",",,0","-7.8",",0,19,","0",",,0,31,+","0",",,0,31,+","6.4",",,0,07,","26.1",",0,03,","","","321.0",",0","9.0",",,,0","0",",,,0","7.98",",0","17.85",",,,0","-1.89",",,,0"
"USC00043130","1949-11","40.38333","-123.33333","712.9","FOREST GLEN, CA US","","","0.0",",0","7",",0","6",",0","2",",0","1",",0","1",",0","0",",0","19",",0","0",",0","2",",0","0",",0","","","19491102",",,0","19491110",",,0","19491110",",,0","","","19491109",",,0","19491105","+,,0","-4.4",",0,02,","25",",,0,10,","25",",,0,10,","62.7",",,0,09,","21.1",",0,05,+","","","346.6",",0","134.1",",,,0","25",",,,0","6.78",",0","13.31",",,,0","0.25",",,,0"
"USC00043130","1949-12","40.38333","-123.33333","712.9","FOREST GLEN, CA US","","","0.0",",0","10",",0","8",",0","0",",0","0",",0","0",",0","0",",0","26",",0","0",",0","0",",0","0",",0","","","19491220",",,0","19491216","+,,0","19491216","+,,0","","","19491205",",,0","19491201",",,0","-7.2",",0,20,","0",",T,0,16,+","0",",T,0,16,+","24.9",",,0,05,","15.0",",0,01,","","","520.6",",0","95.8",",,,0","0",",T,,0","1.54",",0","5.60",",,,0","-2.52",",,,0"
"USC00043130","1950-08","40.38333","-123.33333","712.9","FOREST GLEN, CA US","","","","","0",",0","0",",0","0",",0","0",",0","0",",0","","","","","","","","","","","","","","","19500831","+,,0","19500831","+,,0","","","19500831","+,,0","","","","","0",",,0,31,+","0",",,0,31,+","0.0",",,0,31,+","","","","","","","0.0",",,,0","0",",,,0","","","","","",""
"USC00043130","1951-01","40.38333","-123.33333","712.9","FOREST GLEN, CA US","0.0","0","0.0",",0","13",",0","12",",0","3",",0","4",",0","2",",0","0",",0","20",",0","0",",0","0",",0","0",",0","","","19510129",",,0","19510119",",,0","19510119",",,0","","","19510117",",,0","19510130","+,,0","-10.0",",0,29,","203",",,0,19,","203",",,0,19,","43.2",",,0,17,","11.1",",0,30,+","","","472.6",",0","215.0",",,,0","228",",,,0","3.09",",0","6.81",",,,0","-0.64",",,,0"
"USC00043130","1951-04","40.38333","-123.33333","712.9","FOREST GLEN, CA US","","","0.0",",0","3",",0","3",",0","1",",0","0",",0","0",",0","0",",0","14",",0","0",",0","16",",0","0",",0","","","19510412",",,0","19510430","+,,0","19510430","+,,0","5","","19510428",",,0","19510412","+,,0","-3.3",",0,12,","0",",,0,30,+","0",",,0,30,+","41.9",",,0,28,","30.0",",0,12,+","","","230.9",",0","62.2",",,,0","0",",,,0","10.64",",0","20.79",",,,0","0.48",",,,0"
"USC00043130","1951-05","40.38333","-123.33333","712.9","FOREST GLEN, CA US","","","","","","","","","","","0","5,0","0","5,0","","","","","","","","","","","","","","","19510531","+,5,0","19510531","+,5,0","","","","","","","","","0","5,,0,31,+","0","5,,0,31,+","","","","","","","","","56.4","5,a,,0","0","5,,,0","","","","","",""
"USC00043130","1951-11","40.38333","-123.33333","712.9","FOREST GLEN, CA US","","","","","","","","","","","0","4,0","0","4,0","","","","","","","","","","","","","","","19511130","+,4,0","19511130","+,4,0","","","","","","","","","0","4,,0,30,+","0","4,,0,30,+","","","","","","","","","223.5","4,a,,0","0","4,,,0","","","","","",""
"USC00043130","1951-12","40.38333","-123.33333","712.9","FOREST GLEN, CA US","","","0.0","1,0","11","2,0","11","2,0","5","2,0","0",",0","0",",0","0","1,0","22","1,0","0","1,0","0","1,0","0","1,0","","","19511209",",1,0","19511231","+,,0","19511230","+,,0","","","19511201",",2,0","19511223","+,1,0","-8.3","1,0,09,","0",",,0,31,+","0",",T,0,30,+","59.7","2,,0,01,","8.9","1,0,23,+","","","495.3","1,0","360.3",",a,,0","0",",T,,0","1.82","1,0","5.74","1,,,0","-2.09","1,,,0"
"USC00043130","1952-01","40.38333","-123.33333","712.9","FOREST GLEN, CA US","0.0","0","0.0","1,0","21",",0","20",",0","2",",0","25","1,0","10",",0","0","1,0","29","1,0","0","1,0","0","1,0","0","1,0","","","19520102",",1,0","19520116",",1,0","19520115",",,0","","","19520124",",,0","19520129","+,1,0","-9.4","1,0,02,","813","1,,0,16,","254",",,0,15,","46.2",",,0,24,","9.4","1,0,29,+","","","517.7","1,0","261.3",",,,0","1322",",,,0","1.08","1,0","4.26","1,,,0","-2.11","1,,,0"
"USC00043130","1952-02","40.38333","-123.33333","712.9","FOREST GLEN, CA US","0.0","0","0.0","3,0","8","5,0","6","5,0","1","5,0","2","3,0","2","3,0","0","3,0","22","3,0","0","3,0","0","3,0","0","3,0","","","19520218","+,3,0","19520201",",3,0","19520201",",3,0","","","19520201",",5,0","19520229",",3,0","-5.0","3,0,18,+","254","3,,0,01,","254","3,,0,01,","50.8","5,,0,01,","16.1","3,0,29,","","","380.9","3,0","120.8","3,a,,0","330","3,,,0","3.68","3,0","9.03","3,,,0","-1.67","3,,,0"
"USC00043130","1952-06","40.38333","-123.33333","712.9","FOREST GLEN, CA US","","","13.9",",0","6",",0","3",",0","0",",0","0",",0","0",",0","0",",0","1",",0","0",",0","23",",0","6",",0","","","19520612",",,0","19520630","+,,0","19520630","+,,0","","","19520609",",,0","19520608",",,0","0.0",",0,12,","0",",,0,30,+","0",",,0,30,+","7.6",",,0,09,","36.1",",0,08,","","","79.0",",0","16.7",",,,0","0",",,,0","16.16",",0","26.26",",,,0","6.06",",,,0"
"USC00043130","1952-07","40.38333","-123.33333","712.9","FOREST GLEN, CA US","","","150.9",",0","0",",0","0",",0","0",",0","0",",0","0",",0","0",",0","0",",0","0",",0","31",",0","29",",0","","","19520701",",,0","19520731","+,,0","19520731","+,,0","","","19520731","+,,0","19520729",",,0","5.6",",0,01,","0",",,0,31,+","0",",,0,31,+","0.0",",,0,31,+","40.6",",0,29,","0.0","0","0.0",",0","0.0",",,,0","0",",,,0","23.20",",0","36.39",",,,0","10.01",",,,0"
"USC00043130","1952-08","40.38333","-123.33333","712.9","FOREST GLEN, CA US","","","65.3","1,0","0",",0","0",",0","0",",0","0",",0","0",",0","0",",0","0",",0","0","1,0","30","1,0","23","1,0","","","19520819","+,,0","19520831","+,,0","19520831","+,,0","","","19520831","+,,0","19520807","+,1,0","2.8",",0,19,+","0",",,0,31,+","0",",,0,31,+","0.0",",,0,31,+","37.8","1,0,07,+","8.3","0","8.3","1,0","0.0",",,,0","0",",,,0","20.18","1,0","33.74","1,,,0","6.61",",,,0"
"USC00043130","1952-09","40.38333","-123.33333","712.9","FOREST GLEN, CA US","","","","","0",",0","0",",0","0",",0","0",",0","0",",0","","","","","","","","","","","","","","","19520930","+,,0","19520930","+,,0","","","19520909",",,0","","","","","0",",,0,30,+","0",",,0,30,+","0.0",",T,0,09,","","","","","","","0.0",",T,,0","0",",,,0","","","","","",""
"USC00043130","1952-10","40.38333","-123.33333","712.9","FOREST GLEN, CA US","","","9.2",",0","1",",0","1",",0","0",",0","0",",0","0",",0","0",",0","6",",0","0",",0","26",",0","6",",0","","","19521028","+,,0","19521031","+,,0","19521031","+,,0","","","19521018",",,0","19521001",",,0","-1.7",",0,28,+","0",",,0,31,+","0",",,0,31,+","22.9",",,0,18,","37.2",",0,01,","","","122.7",",0","22.9",",,,0","0",",,,0","14.67",",0","26.82",",,,0","2.52",",,,0"
"USC00043130","1952-11","40.38333","-123.33333","712.9","FOREST GLEN, CA US","","","0.0",",0","4",",0","4",",0","2",",0","0",",0","0",",0","0",",0","26",",0","0",",0","1",",0","0",",0","","","19521128",",,0","19521130","+,,0","19521130","+,,0","","","19521113",",,0","19521104",",,0","-10.0",",0,28,","0",",,0,30,+","0",",,0,30,+","47.0",",,0,13,","22.2",",0,04,","","","431.1",",0","109.9",",,,0","0",",,,0","3.96",",0","12.55",",,,0","-4.62",",,,0"
"USC00043130","1952-12","40.38333","-123.33333","712.9","FOREST GLEN, CA US","","","0.0",",0","17",",0","16",",0","8",",0","2","2,0","3",",0","0",",0","28",",0","0",",0","0",",0","0",",0","","","19521215","+,,0","19521205",",2,0","19521205",",,0","","","19521206",",,0","19521212",",,0","-5.0",",0,15,+","102","2,,0,05,","102",",,0,05,","81.3",",,0,06,","16.1",",0,12,","","","474.5",",0","498.7",",,,0","204",",,,0","3.03",",0","7.30",",,,0","-1.24",",,,0"
"USC00043130","1953-01","40.38333","-123.33333","712.9","FOREST GLEN, CA US","0.0","0","0.0",",0","16",",0","15",",0","9",",0","0",",0","0",",0","0",",0","16",",0","0",",0","0",",0","0",",0","1","","19530105",",,0","19530131","+,,0","19530111","+,,0","","","19530109",",,0","19530110",",,0","-4.4",",0,05,","0",",,0,31,+","0",",T,0,11,+","78.7",",,0,09,","18.9",",0,10,","","","398.4",",0","541.3",",,,0","0",",T,,0","5.48",",0","10.30",",,,0","0.66",",,,0"
"USC00043130","1953-02","40.38333","-123.33333","712.9","FOREST GLEN, CA US","0.0","0","0.0",",0","2","2,0","2","2,0","0","2,0","0",",0","0",",0","0",",0","22",",0","0",",0","3",",0","0",",0","","","19530225","+,,0","19530228","+,,0","19530228","+,,0","","","19530207",",2,0","19530228","+,,0","-7.8",",0,25,+","0",",,0,28,+","0",",,0,28,+","9.4","2,,0,07,","21.1",",0,28,+","","","362.8",",0","27.1",",a,,0","0",",,,0","5.38",",0","14.38",",,,0","-3.62",",,,0"
"USC00043130","1953-03","40.38333","-123.33333","712.9","FOREST GLEN, CA US","0.0","0","0.0",",0","7","3,0","7","3,0","2","3,0","","","2",",0","0",",0","26",",0","0",",0","5",",0","0",",0","1","","19530302",",,0","","","19530320","+,,0","","","19530319",",3,0","19530307",",,0","-11.1",",0,02,","","","51",",,0,20,+","55.9","3,,0,19,","25.0",",0,07,","","","383.6",",0","209.1",",a,,0","102",",,,0","5.96",",0","14.32",",,,0","-2.40",",,,0"
"USC00043130","1953-04","40.38333","-123.33333","712.9","FOREST GLEN, CA US","0.0","0","0.0","1,0","6",",0","6",",0","2",",0","0","1,0","0",",0","0","1,0","16","1,0","0","1,0","12","1,0","0","1,0","","","19530412","+,1,0","19530430","+,1,0","19530424","+,,0","","","19530427",",,0","19530423",",1,0","-6.7","1,0,12,+","0","1,,0,30,+","0",",T,0,24,+","52.8",",,0,27,","28.3","1,0,23,","","","273.8","1,0","112.9",",,,0","0",",T,,0","8.89","1,0","18.36","1,,,0","-0.57","1,,,0"
"USC00043130","1953-05","40.38333","-123.33333","712.9","FOREST GLEN, CA US","0.0","0","0.0",",0","8",",0","7",",0","0",",0","0",",0","0",",0","0",",0","7",",0","0",",0","13",",0","0",",0","","","19530510",",,0","19530531","+,,0","19530531","+,,0","","","19530523",",,0","19530504",",,0","-2.2",",0,10,","0",",,0,31,+","0",",,0,31,+","21.6",",,0,23,","30.6",",0,04,","","","227.6",",0","77.5",",,,0","0",",,,0","10.99",",0","18.95",",,,0","3.04",",,,0"
"USC00043130","1953-06","40.38333","-123.33333","712.9","FOREST GLEN, CA US","2.2","0","2.2",",0","7",",0","5",",0","0",",0","0",",0","0",",0","0",",0","0",",0","0",",0","20",",0","1",",0","","","19530604","+,,0","19530630","+,,0","19530630","+,,0","","","19530606",",,0","19530617",",,0","1.1",",0,04,+","0",",,0,30,+","0",",,0,30,+","13.7",",,0,06,","35.0",",0,17,","","","126.7",",0","38.6",",,,0","0",",,,0","14.18",",0","23.63",",,,0","4.73",",,,0"
"USC00043130","1953-07","40.38333","-123.33333","712.9","FOREST GLEN, CA US","79.1","0","76.9","3,0","0",",0","0",",0","0",",0","0",",0","0",",0","0","3,0","0","3,0","0","3,0","28","3,0","24","3,0","","","19530726","+,3,0","19530731","+,,0","19530731","+,,0","","","19530731","+,,0","19530721","+,3,0","2.8","3,0,26,+","0",",,0,31,+","0",",,0,31,+","0.0",",,0,31,+","37.8","3,0,21,+","3.0","0","3.0","3,0","0.0",",,,0","0",",,,0","20.97","3,0","34.46","3,,,0","7.48","3,,,0"
"USC00043130","1953-08","40.38333","-123.33333","712.9","FOREST GLEN, CA US","","","","","2",",0","2",",0","0",",0","0",",0","0",",0","","","","","","","","","","","","","","","19530831","+,,0","19530831","+,,0","","","19530829",",,0","","","","","0",",,0,31,+","0",",,0,31,+","16.5",",,0,29,","","","","","","","19.8",",,,0","0",",,,0","","","","","",""
"USC00043130","1953-10","40.38333","-123.33333","712.9","FOREST GLEN, CA US","","","","","5",",0","4",",0","1",",0","0",",0","0",",0","0",",","16",",0","","","","","","","","","19531025","+,,0","19531031","+,,0","19531031","+,,0","","","19531018",",,0","","","-3.9",",0,25,+","0",",,0,31,+","0",",,0,31,+","40.6",",,0,18,","","","","","","","86.4",",,,0","0",",,,0","","","","","0.69",",,,0"
"USC00043130","1953-11","40.38333","-123.33333","712.9","FOREST GLEN, CA US","","","","","","","","","","","0",",0","0",",0","0",",","10",",0","","","","","","","","","19531129","+,,0","19531130","+,,0","19531130","+,,0","","","","","","","-4.4",",0,29,+","0",",,0,30,+","0",",,0,30,+","","","","","","","","","137.3",",a,,0","0",",,,0","","","","","1.88",",,,0"
"USC00043130","1953-12","40.38333","-123.33333","712.9","FOREST GLEN, CA US","","","","","5",",0","5",",0","1",",0","","","","","","","","","","","","","","","","","","","","","","","","","19531206",",,0","","","","","","","","","31.8",",,0,06,","","","","","","","76.4",",,,0","","","","","","","",""
"USC00043130","1954-01","40.38333","-123.33333","712.9","FOREST GLEN, CA US","","","","","16","2,0","15","2,0","11","2,0","1",",0","1",",0","","","","","","","","","","","","","","","19540125",",,0","19540125",",,0","","","19540116",",2,0","","","","","76",",,0,25,","76",",,0,25,","187.5","2,,0,16,","","","","","","","773.9",",a,,0","76",",,,0","","","","","",""
"USC00043130","1954-02","40.38333","-123.33333","712.9","FOREST GLEN, CA US","","","0.0",",0","4",",0","4",",0","2",",0","0",",0","0",",0","0",",0","24",",0","0",",0","0",",0","0",",0","","","19540214","+,,0","19540218",",,0","19540218",",,0","1","","19540212",",,0","19540228",",,0","-3.9",",0,14,+","0",",T,0,18,","0",",T,0,18,","45.7",",,0,12,","20.6",",0,28,","","","353.7",",0","99.0",",,,0","0",",T,,0","5.70",",0","12.74",",,,0","-1.33",",,,0"
"USC00043130","1954-03","40.38333","-123.33333","712.9","FOREST GLEN, CA US","","","0.0","2,0","11","2,0","9","2,0","2","2,0","1","1,0","2",",0","0","1,0","21","1,0","0","1,0","1","1,0","0","1,0","","","19540313","+,1,0","19540310",",1,0","19540319",",,0","","","19540309",",2,0","19540305",",1,0","-4.4","1,0,13,+","76","1,,0,10,","102",",,0,19,","77.7","2,,0,09,","21.7","1,0,05,","","","334.4","1,0","226.6",",a,,0","178",",,,0","6.73","2,0","14.05","1,,,0","-0.59","1,,,0"
"USC00043130","1954-04","40.38333","-123.33333","712.9","FOREST GLEN, CA US","","","0.0",",0","8",",0","7",",0","3",",0","0",",0","0",",0","0",",0","5",",0","0",",0","15",",0","0",",0","","","19540401",",,0","19540430","+,,0","19540430","+,,0","","","19540404",",,0","19540417",",,0","-2.8",",0,01,","0",",,0,30,+","0",",,0,30,+","87.1",",,0,04,","31.7",",0,17,","","","193.7",",0","213.8",",,,0","0",",,,0","11.88",",0","21.19",",,,0","2.56",",,,0"
"USC00043130","1954-05","40.38333","-123.33333","712.9","FOREST GLEN, CA US","","","11.6","2,0","0",",0","0",",0","0",",0","0",",0","0",",0","0","2,0","4","2,0","0","2,0","26","2,0","6","2,0","","","19540501",",2,0","19540531","+,,0","19540531","+,,0","","","19540531","+,,0","19540517","+,2,0","-3.3","2,0,01,","0",",,0,31,+","0",",,0,31,+","0.0",",,0,31,+","35.0","2,0,17,+","","","95.3","2,0","0.0",",,,0","0",",,,0","15.45","2,0","27.08","2,,,0","3.81","2,,,0"
"USC00043130","1954-06","40.38333","-123.33333","712.9","FOREST GLEN, CA US","","","13.9","1,0","6",",0","5",",0","0",",0","0",",0","0",",0","0",",0","2",",0","0","1,0","23","1,0","6","1,0","","","19540601",",,0","19540630","+,,0","19540630","+,,0","","","19540608",",,0","19540622",",1,0","-2.8",",0,01,","0",",,0,30,+","0",",,0,30,+","15.2",",,0,08,","37.2","1,0,22,","","","99.5","1,0","44.5",",,,0","0",",,,0","15.35","1,0","25.55","1,,,0","5.15",",,,0"
"USC00043130","1954-07","40.38333","-123.33333","712.9","FOREST GLEN, CA US","","","66.3",",0","0",",0","0",",0","0",",0","0",",0","0",",0","0",",0","0",",0","0",",0","31",",0","21",",0","","","19540722","+,,0","19540731","+,,0","19540731","+,,0","","","19540731","+,,0","19540731","+,,0","1.7",",0,22,+","0",",,0,31,+","0",",,0,31,+","0.0",",,0,31,+","38.3",",0,31,+","11.2","","11.2",",0","0.0",",,,0","0",",,,0","20.11",",0","33.33",",,,0","6.90",",,,0"
"USC00043130","1954-08","40.38333","-123.33333","712.9","FOREST GLEN, CA US","","","15.6","2,0","3",",0","2",",0","0",",0","0",",0","0",",0","0","2,0","0","2,0","0","2,0","28","2,0","8","2,0","","","19540811",",2,0","19540831","+,,0","19540831","+,,0","","","19540827",",,0","19540801",",2,0","2.8","2,0,11,","0",",,0,31,+","0",",,0,31,+","15.2",",,0,27,","38.9","2,0,01,","44.5","","33.3","2,0","29.4",",,,0","0",",,,0","17.72","2,0","29.28","2,,,0","6.17","2,,,0"
"USC00043130","1954-09","40.38333","-123.33333","712.9","FOREST GLEN, CA US","","","","","0","2,0","0","2,0","0","2,0","0",",0","0",",0","","","","","","","","","","","","","","","19540930","+,,0","19540930","+,,0","","","19540930","+,2,0","","","","","0",",,0,30,+","0",",,0,30,+","0.0","2,,0,30,+","","","","","","","12.7",",a,,0","0",",,,0","","","","","",""
"USC00043130","1954-10","40.38333","-123.33333","712.9","FOREST GLEN, CA US","","","","","2","2,0","2","2,0","0","2,0","0",",0","0",",0","","","","","","","","","","","","","","","19541031","+,,0","19541031","+,,0","","","19541019",",2,0","","","","","0",",,0,31,+","0",",,0,31,+","23.1","2,,0,19,","","","","","","","64.5",",a,,0","0",",,,0","","","","","",""
"USC00043130","1954-11","40.38333","-123.33333","712.9","FOREST GLEN, CA US","","","","","5","2,0","4","2,0","2","2,0","0",",0","0",",0","","","","","","","","","","","","","","","19541130","+,,0","19541130","+,,0","","","19541115",",2,0","","","","","0",",,0,30,+","0",",,0,30,+","75.7","2,,0,15,","","","","","","","151.7","2,,,0","0",",,,0","","","","","",""
"USC00043130","1955-08","40.38333","-123.33333","712.9","FOREST GLEN, CA US","","","78.0",",0","0",",0","0",",0","0",",0","0",",0","0",",0","0",",0","0",",0","0",",0","31",",0","31",",0","","","19550826",",,0","19550831","+,,0","19550831","+,,0","","","19550831","+,,0","19550806","+,,0","1.7",",0,26,","0",",,0,31,+","0",",,0,31,+","0.0",",,0,31,+","38.3",",0,06,+","","","1.4",",0","0.0",",,,0","0",",,,0","20.81",",0","35.51",",,,0","6.11",",,,0"
"USC00043130","1955-09","40.38333","-123.33333","712.9","FOREST GLEN, CA US","","","34.4",",0","6",",0","3",",0","0",",0","0",",0","0",",0","0",",0","4",",0","0",",0","26",",0","12",",0","","","19550928",",,0","19550930","+,,0","19550930","+,,0","","","19550914",",,0","19550905","+,,0","-2.2",",0,28,","0",",,0,30,+","0",",,0,30,+","17.8",",,0,14,","42.2",",0,05,+","","","84.3",",0","25.0",",,,0","0",",,,0","16.67",",0","30.00",",,,0","3.33",",,,0"
"USC00043130","1955-10","40.38333","-123.33333","712.9","FOREST GLEN, CA US","","","0.0","1,0","7",",0","4",",0","0",",0","0",",0","0",",0","0",",0","15",",0","0","1,0","14","1,0","0","1,0","1","","19551031",",,0","19551031","+,,0","19551031","+,,0","1","","19551026",",,0","19551016",",1,0","-5.6",",0,31,","0",",,0,31,+","0",",,0,31,+","15.5",",,0,26,","30.0","1,0,16,","","","204.2","1,0","50.1",",,,0","0",",,,0","11.59","1,0","21.64","1,,,0","1.55",",,,0"
"USC00043130","1956-07","40.38333","-123.33333","712.9","FOREST GLEN, CA US","","","","","0","4,0","0","4,0","0","4,0","0",",0","0",",0","","","","","","","","","","","","","","","19560731","+,,0","19560731","+,,0","","","19560731","+,4,0","","","","","0",",,0,31,+","0",",,0,31,+","0.0","4,,0,31,+","","","","","","","0.0","4,,,0","0",",,,0","","","","","",""
"USC00043130","1956-11","40.38333","-123.33333","712.9","FOREST GLEN, CA US","","","","","0",",0","0",",0","0",",0","0",",0","0",",0","","","","","","","","","","","","","","","19561130","+,,0","19561130","+,,0","","","19561130","+,,0","","","","","0",",,0,30,+","0",",,0,30,+","0.0",",,0,30,+","","","","","","","0.0",",,,0","0",",,,0","","","","","",""
"USC00043130","1956-12","40.38333","-123.33333","712.9","FOREST GLEN, CA US","","","0.0","3,0","7",",0","6",",0","0",",0","","","2",",0","0","3,0","24","3,0","0","2,0","0","2,0","0","2,0","4","","19561208",",3,0","","","19561205",",,0","","","19561205",",,0","19561215",",2,0","-12.2","3,0,08,","","","89",",,0,05,","12.2",",,0,05,","12.2","2,0,15,","","","496.3","2,0","43.8",",,,0","135",",,,0","0.59","3,0","6.70","2,,,0","-5.52","3,,,0"
"USC00043130","1957-01","40.38333","-123.33333","712.9","FOREST GLEN, CA US","0.0","0","0.0",",0","10",",0","7",",0","4",",0","","","","","0",",0","30",",0","2",",0","0",",0","0",",0","","","19570130",",,0","","","","","","","19570120",",,0","19570103","+,,0","-15.0",",0,30,","","","","","70.1",",,0,20,","10.0",",0,03,+","","","605.3",",0","193.2",",,,0","","","-1.19",",0","4.20",",,,0","-6.59",",,,0"
"USC00043130","1957-02","40.38333","-123.33333","712.9","FOREST GLEN, CA US","0.0","0","0.0","3,0","13",",0","11",",0","4",",0","","","0","2,0","0","3,0","17","3,0","0","1,0","0","1,0","0","1,0","1","","19570205","+,3,0","","","19570228","+,2,0","","","19570224",",,0","19570220","+,1,0","-7.2","3,0,05,+","","","0","2,,0,28,+","92.5",",,0,24,","17.8","1,0,20,+","","","335.8","1,0","301.5",",,,0","0","2,,,0","4.92","3,0","10.80","1,,,0","-0.96","3,,,0"
"USC00043130","1957-03","40.38333","-123.33333","712.9","FOREST GLEN, CA US","0.0","0","0.0","1,0","21",",0","16",",0","3",",0","2",",0","2",",0","0","1,0","13","1,0","0",",0","1",",0","0",",0","1","","19570322",",1,0","19570313",",,0","19570313",",,0","","","19570312",",,0","19570328",",,0","-5.6","1,0,22,","51",",,0,13,","51",",,0,13,","64.8",",,0,12,","22.2",",0,28,","","","347.6",",0","295.4",",,,0","79",",,,0","6.83","1,0","12.38",",,,0","1.27","1,,,0"
"USC00043130","1957-04","40.38333","-123.33333","712.9","FOREST GLEN, CA US","0.0","0","0.0","3,0","8",",0","6",",0","1",",0","0",",0","0",",0","0","3,0","10","3,0","0","2,0","10","2,0","0","2,0","3","","19570407",",3,0","19570430","+,,0","19570430","+,,0","","","19570414",",,0","19570429",",2,0","-4.4","3,0,07,","0",",,0,30,+","0",",,0,30,+","52.1",",,0,14,","30.0","2,0,29,","","","243.1","2,0","104.0",",,,0","0",",,,0","9.31","3,0","17.56","2,,,0","1.07","3,,,0"
"USC00043130","1957-05","40.38333","-123.33333","712.9","FOREST GLEN, CA US","1.1","0","1.1",",0","15",",0","11",",0","2",",0","0",",0","0",",0","0",",0","1",",0","0",",0","16",",0","1",",0","1","","19570525",",,0","19570531","+,,0","19570531","+,,0","","","19570518",",,0","19570528",",,0","0.0",",0,25,","0",",,0,31,+","0",",,0,31,+","76.2",",,0,18,","32.8",",0,28,","","","164.3",",0","198.1",",,,0","0",",,,0","13.07",",0","20.86",",,,0","5.28",",,,0"
"USC00043130","1957-06","40.38333","-123.33333","712.9","FOREST GLEN, CA US","35.6","0","34.5",",0","0",",0","0",",0","0",",0","0",",0","0",",0","0",",0","0",",0","0",",0","29",",0","12",",0","","","19570615",",,0","19570630","+,,0","19570630","+,,0","","","19570630","+,,0","19570625",",,0","1.1",",0,15,","0",",,0,30,+","0",",,0,30,+","0.0",",,0,30,+","37.8",",0,25,","","","47.5",",0","0.0",",,,0","0",",,,0","17.90",",0","29.48",",,,0","6.32",",,,0"
"USC00043130","1957-07","40.38333","-123.33333","712.9","FOREST GLEN, CA US","74.2","0","38.6",",0","1",",0","0",",0","0",",0","0",",0","0",",0","0",",0","0",",0","0",",0","31",",0","17",",0","","","19570731",",,0","19570731","+,,0","19570731","+,,0","","","19570714",",,0","19570705",",,0","3.9",",0,31,","0",",,0,31,+","0",",,0,31,+","2.3",",,0,14,","37.2",",0,05,","3.6","0","3.6",",0","2.3",",,,0","0",",,,0","19.46",",0","31.75",",,,0","7.18",",,,0"
"USC00043130","1957-08","40.38333","-123.33333","712.9","FOREST GLEN, CA US","","","","","0",",0","0",",0","0",",0","0",",0","0",",0","","","","","","","","","","","","","","","19570831","+,,0","19570831","+,,0","","","19570831","+,,0","","","","","0",",,0,31,+","0",",,0,31,+","0.0",",,0,31,+","","","","","","","0.0",",,,0","0",",,,0","","","","","",""
"USC00043130","1957-09","40.38333","-123.33333","712.9","FOREST GLEN, CA US","","","39.0",",0","5",",0","5",",0","1",",0","0",",0","0",",0","0",",0","0",",0","0",",0","27",",0","19",",0","1","","19570920",",,0","19570930","+,,0","19570930","+,,0","","","19570927",",,0","19570910",",,0","0.6",",0,20,","0",",,0,30,+","0",",,0,30,+","65.5",",,0,27,","39.4",",0,10,","","","35.0",",0","99.6",",,,0","0",",,,0","18.47",",0","30.99",",,,0","5.94",",,,0"
"USC00043130","1957-10","40.38333","-123.33333","712.9","FOREST GLEN, CA US","","","0.0","1,0","16",",0","12",",0","3",",0","0",",0","0",",0","0","1,0","3","1,0","0",",0","0",",0","0",",0","2","","19571030","+,1,0","19571031","+,,0","19571031","+,,0","","","19571013",",,0","19571003","+,,0","-0.6","1,0,30,+","0",",,0,31,+","0",",,0,31,+","74.4",",,0,13,","20.6",",0,03,+","","","241.3",",0","263.0",",,,0","0",",,,0","10.24","1,0","15.88",",,,0","4.59","1,,,0"
"USC00043130","1957-11","40.38333","-123.33333","712.9","FOREST GLEN, CA US","","","0.0",",0","12",",0","8",",0","2",",0","0",",0","0",",0","0",",0","17",",0","0",",0","0",",0","0",",0","","","19571130",",,0","19571130","+,,0","19571130","+,,0","","","19571114",",,0","19571110","+,,0","-6.7",",0,30,","0",",,0,30,+","0",",,0,30,+","40.4",",,0,14,","14.4",",0,10,+","","","400.4",",0","144.0",",,,0","0",",,,0","4.99",",0","10.83",",,,0","-0.86",",,,0"
"USC00043130","1957-12","40.38333","-123.33333","712.9","FOREST GLEN, CA US","","","0.0",",0","15",",0","12",",0","5",",0","0","1,0","1",",0","0",",0","21",",0","0",",0","0",",0","0",",0","4","","19571201",",,0","19571231","+,1,0","19571222",",,0","1","","19571218",",,0","19571208",",,0","-6.1",",0,01,","0","1,,0,31,+","25",",,0,22,","64.8",",,0,18,","12.2",",0,08,","","","463.6",",0","315.5",",,,0","25",",,,0","3.38",",0","8.08",",,,0","-1.32",",,,0"
"USC00043130","1958-01","40.38333","-123.33333","712.9","FOREST GLEN, CA US","0.0","0","0.0",",0","17",",0","15",",0","9",",0","0","1,0","0",",0","0",",0","23",",0","0",",0","0",",0","0",",0","2","","19580108","+,,0","19580131","+,1,0","19580126",",,0","","","19580129",",,0","19580119",",,0","-5.6",",0,08,+","0","1,,0,31,+","13",",,0,26,","70.6",",,0,29,","11.1",",0,19,","","","466.1",",0","448.9",",,,0","13",",,,0","3.30",",0","7.66",",,,0","-1.07",",,,0"
"USC00043130","1958-02","40.38333","-123.33333","712.9","FOREST GLEN, CA US","","","","","","","","","","","0",",0","0",",0","","","","","","","","","","","","","","","19580228","+,,0","19580225",",,0","","","","","","","","","0",",,0,28,+","0",",T,0,25,","","","","","","","","","774.7",",a,,0","0",",T,,0","","","","","",""
"USC00043130","1958-03","40.38333","-123.33333","712.9","FOREST GLEN, CA US","","","0.0",",0","17",",0","15",",0","2",",0","4",",0","","","0",",0","22",",0","0",",0","0",",0","0",",0","","","19580307","+,,0","19580331","+,,0","","","","","19580321",",,0","19580305",",,0","-5.6",",0,07,+","76",",,0,31,+","","","97.0",",,0,21,","16.1",",0,05,","","","426.2",",0","314.3",",,,0","","","4.59",",0","10.37",",,,0","-1.20",",,,0"
"USC00043130","1958-04","40.38333","-123.33333","712.9","FOREST GLEN, CA US","","","0.0",",0","8",",0","7",",0","3",",0","1","1,0","0","4,0","0",",0","15",",0","0",",0","12",",0","0",",0","3","","19580424",",,0","19580403",",1,0","19580430","+,4,0","","","19580402",",,0","19580416","+,,0","-3.3",",0,24,","25","1,,0,03,","0","4,,0,30,+","51.6",",,0,02,","23.3",",0,16,+","","","293.9",",0","156.6",",,,0","0","4,,,0","8.54",",0","16.17",",,,0","0.91",",,,0"
"USC00043130","1958-05","40.38333","-123.33333","712.9","FOREST GLEN, CA US","","","3.6","1,0","6",",0","4",",0","0",",0","0",",0","0",",0","0","1,0","2","1,0","0",",0","29",",0","3",",0","","","19580503",",1,0","19580531","+,,0","19580531","+,,0","","","19580523",",,0","19580518","+,,0","-0.6","1,0,03,","0",",,0,31,+","0",",,0,31,+","11.7",",,0,23,","32.2",",0,18,+","","","91.6",",0","40.0",",,,0","0",",,,0","15.50","1,0","26.15",",,,0","4.85","1,,,0"
"USC00043130","1958-06","40.38333","-123.33333","712.9","FOREST GLEN, CA US","","","30.0","1,0","6",",0","5",",0","0",",0","0",",0","0",",0","0","1,0","0","1,0","0",",0","28",",0","6",",0","1","","19580630",",1,0","19580630","+,,0","19580630","+,,0","","","19580602",",,0","19580618",",,0","3.3","1,0,30,","0",",,0,30,+","0",",,0,30,+","15.2",",,0,02,","35.6",",0,18,","","","57.0",",0","44.1",",,,0","0",",,,0","17.49","1,0","26.95",",,,0","8.04","1,,,0"
"USC00043130","1958-07","40.38333","-123.33333","712.9","FOREST GLEN, CA US","","","128.3",",0","2",",0","1",",0","0",",0","0",",0","0",",0","0",",0","0",",0","0",",0","31",",0","23",",0","1","","19580701",",,0","19580731","+,,0","19580731","+,,0","2","","19580723",",,0","19580729","+,,0","3.3",",0,01,","0",",,0,31,+","0",",,0,31,+","10.7",",,0,23,","39.4",",0,29,+","7.8","0","7.8",",0","13.0",",,,0","0",",,,0","22.22",",0","33.78",",,,0","10.66",",,,0"
"USC00043130","1958-08","40.38333","-123.33333","712.9","FOREST GLEN, CA US","","","120.8","1,0","5",",0","2",",0","0",",0","0",",0","0",",0","0","1,0","0","1,0","0",",0","31",",0","28",",0","","","19580829","+,1,0","19580831","+,,0","19580831","+,,0","11","","19580821",",,0","19580824","+,,0","6.1","1,0,29,+","0",",,0,31,+","0",",,0,31,+","5.3",",,0,21,","38.3",",0,24,+","7.8","0","0.0",",0","11.1",",,,0","0",",,,0","22.38","1,0","35.05",",,,0","9.70","1,,,0"
"USC00043130","1958-09","40.38333","-123.33333","712.9","FOREST GLEN, CA US","","","19.2","1,0","3",",0","3",",0","0",",0","0",",0","0",",0","0","1,0","2","1,0","0",",0","26",",0","9",",0","","","19580924",",1,0","19580930","+,,0","19580930","+,,0","","","19580909",",,0","19580907","+,,0","-2.8","1,0,24,","0",",,0,30,+","0",",,0,30,+","4.6",",,0,09,","37.8",",0,07,+","76.1","0","68.3",",0","13.0",",,,0","0",",,,0","16.64","1,0","28.32",",,,0","4.96","1,,,0"
"USC00043130","1958-10","40.38333","-123.33333","712.9","FOREST GLEN, CA US","","","3.6",",0","1",",0","1",",0","0",",0","0",",0","0",",0","0",",0","11",",0","0",",0","25",",0","7",",0","1","","19581029","+,,0","19581031","+,,0","19581031","+,,0","","","19581018",",,0","19581005",",,0","-3.3",",0,29,+","0",",,0,31,+","0",",,0,31,+","3.0",",,0,18,","35.0",",0,05,","228.2","0","152.1",",0","3.0",",,,0","0",",,,0","13.54",",0","25.88",",,,0","1.20",",,,0"
"USC00043130","1958-11","40.38333","-123.33333","712.9","FOREST GLEN, CA US","","","0.0",",0","11",",0","6",",0","1",",0","0",",0","0",",0","0",",0","9",",0","0",",0","0",",0","0",",0","4","","19581116",",,0","19581130","+,,0","19581115",",,0","","","19581114",",,0","19581108",",,0","-9.4",",0,16,","0",",,0,30,+","0",",T,0,15,","29.5",",,0,14,","20.6",",0,08,","566.2","0","338.0",",0","101.4",",,,0","0",",T,,0","7.07",",0","12.93",",,,0","1.20",",,,0"
"USC00043130","1958-12","40.38333","-123.33333","712.9","FOREST GLEN, CA US","","","0.0","1,0","9",",0","5",",0","3",",0","0",",0","0",",0","0","1,0","19","1,0","0",",0","0",",0","0",",0","1","","19581214","+,1,0","19581231","+,,0","19581231","+,,0","","","19581227",",,0","19581211",",,0","-3.9","1,0,14,+","0",",,0,31,+","0",",,0,31,+","69.9",",,0,27,","20.0",",0,11,","954.4","0","388.2",",0","169.3",",,,0","0",",,,0","5.41","1,0","11.16",",,,0","-0.34","1,,,0"
"USC00043130","1959-01","40.38333","-123.33333","712.9","FOREST GLEN, CA US","","","","","15",",0","14",",0","8",",0","7",",0","2",",0","0",",0","22",",0","","","","","","","2","","19590103",",,0","19590106",",,0","19590105",",,0","","","19590109",",,0","","","-8.3",",0,03,","660",",,0,06,","483",",,0,05,","88.9",",,0,09,","","","","","","","542.8",",,,0","661",",,,0","","","","","-1.66",",,,0"
"USC00043130","1959-02","40.38333","-123.33333","712.9","FOREST GLEN, CA US","","","0.0",",0","11",",0","11",",0","6",",0","6",",0","1",",0","0",",0","23",",0","0",",0","0",",0","0",",0","2","","19590209","+,,0","19590210",",,0","19590210",",,0","1","","19590216",",,0","19590228",",,0","-5.0",",0,09,+","254",",,0,10,","254",",,0,10,","82.6",",,0,16,","17.2",",0,28,","","","420.8",",0","406.1",",,,0","254",",,,0","3.30",",0","8.82",",,,0","-2.21",",,,0"
"USC00043130","1959-03","40.38333","-123.33333","712.9","FOREST GLEN, CA US","","","0.0",",0","10",",0","5",",0","2",",0","1",",0","1",",0","0",",0","26",",0","0",",0","7",",0","0",",0","1","","19590315",",,0","19590323",",,0","19590323",",,0","","","19590330",",,0","19590317",",,0","-5.6",",0,15,","25",",,0,23,","25",",,0,23,","40.9",",,0,30,","23.9",",0,17,","","","326.6",",0","121.7",",,,0","25",",,,0","7.80",",0","17.53",",,,0","-1.93",",,,0"
"USC00043130","1959-04","40.38333","-123.33333","712.9","FOREST GLEN, CA US","","","","","1","2,0","0","2,0","0","2,0","0",",0","0",",0","0","3,0","13","3,0","","","","","","","1","","19590413",",3,0","19590430","+,,0","19590430","+,,0","","","19590427",",2,0","","","-3.9","3,0,13,","0",",,0,30,+","0",",,0,30,+","1.8","2,,0,27,","","","","","","","22.1",",a,,0","0",",,,0","","","","","0.74","3,,,0"
"USC00043130","1959-05","40.38333","-123.33333","712.9","FOREST GLEN, CA US","","","1.1",",0","8",",0","2",",0","0",",0","0",",0","0",",0","0",",0","10",",0","0",",0","15",",0","1",",0","1","","19590504","+,,0","19590531","+,,0","19590531","+,,0","","","19590523",",,0","19590513",",,0","-3.9",",0,04,+","0",",,0,31,+","0",",,0,31,+","9.4",",,0,23,","33.3",",0,13,","","","217.0",",0","22.3",",,,0","0",",,,0","11.37",",0","21.13",",,,0","1.61",",,,0"
"USC00043130","1959-06","40.38333","-123.33333","712.9","FOREST GLEN, CA US","","","28.4",",0","0",",0","0",",0","0",",0","0",",0","0",",0","0",",0","0",",0","0",",0","29",",0","7",",0","1","","19590610","+,,0","19590630","+,,0","19590630","+,,0","","","19590626","+,,0","19590620",",,0","1.7",",0,10,+","0",",,0,30,+","0",",,0,30,+","0.0",",T,0,26,+","37.8",",0,20,","","","67.1",",0","0.0",",T,,0","0",",,,0","17.04",",0","28.43",",,,0","5.65",",,,0"
"USC00043130","1959-07","40.38333","-123.33333","712.9","FOREST GLEN, CA US","","","135.9",",0","0",",0","0",",0","0",",0","0",",0","0",",0","0",",0","0",",0","0",",0","31",",0","26",",0","","","19590707",",,0","19590731","+,,0","19590731","+,,0","","","19590731","+,,0","19590720","+,,0","2.2",",0,07,","0",",,0,31,+","0",",,0,31,+","0.0",",,0,31,+","40.6",",0,20,+","9.8","0","9.8",",0","0.0",",,,0","0",",,,0","22.40",",0","36.09",",,,0","8.71",",,,0"
"USC00043130","1959-08","40.38333","-123.33333","712.9","FOREST GLEN, CA US","","","71.8","1,0","1",",0","0",",0","0",",0","0",",0","0",",0","0","1,0","0","1,0","0",",0","30",",0","23",",0","","","19590831","+,1,0","19590831","+,,0","19590831","+,,0","","","19590820",",,0","19590808",",,0","3.3","1,0,31,+","0",",,0,31,+","0",",,0,31,+","2.0",",,0,20,","43.3",",0,08,","24.5","0","14.7",",0","2.0",",,,0","0",",,,0","20.26","1,0","34.02",",,,0","6.50","1,,,0"
"USC00043130","1959-09","40.38333","-123.33333","712.9","FOREST GLEN, CA US","","","17.6","1,0","4",",0","4",",0","1",",0","0",",0","0",",0","0","1,0","1","1,0","0",",0","23",",0","8",",0","5","","19590930",",1,0","19590930","+,,0","19590930","+,,0","","","19590918",",,0","19590903",",,0","0.0","1,0,30,","0",",,0,30,+","0",",,0,30,+","54.1",",,0,18,","36.7",",0,03,","113.5","0","89.0",",0","81.3",",,,0","0",",,,0","15.82","1,0","26.22",",,,0","5.42","1,,,0"
"USC00043130","1959-10","40.38333","-123.33333","712.9","FOREST GLEN, CA US","","","0.0",",0","3",",0","1",",0","0",",0","0",",0","0",",0","0",",0","7",",0","0",",0","22",",0","0",",0","1","","19591030",",,0","19591031","+,,0","19591031","+,,0","","","19591022",",,0","19591018",",,0","-7.2",",0,30,","0",",,0,31,+","0",",,0,31,+","4.1",",,0,22,","30.0",",0,18,","288.3","0","174.8",",0","7.9",",,,0","0",",,,0","12.69",",0","23.07",",,,0","2.32",",,,0"
"USC00043130","1959-11","40.38333","-123.33333","712.9","FOREST GLEN, CA US","","","0.0",",0","2",",0","1",",0","0",",0","0",",0","0",",0","0",",0","29",",0","0",",0","2",",0","0",",0","","","19591129","+,,0","19591130","+,,0","19591104",",,0","","","19591104",",,0","19591101",",,0","-7.8",",0,29,+","0",",,0,30,+","0",",T,0,04,","2.8",",,0,04,","24.4",",0,01,","684.0","0","395.7",",0","5.1",",,,0","0",",T,,0","5.14",",0","15.39",",,,0","-5.10",",,,0"
"USC00043130","1959-12","40.38333","-123.33333","712.9","FOREST GLEN, CA US","","","0.0",",0","8",",0","6",",0","2",",0","0",",0","1",",0","0",",0","29",",0","0",",0","0",",0","0",",0","2","","19591208","+,,0","19591231","+,,0","19591225",",,0","","","19591224",",,0","19591203",",,0","-10.0",",0,08,+","0",",,0,31,+","25",",,0,25,","40.1",",,0,24,","15.0",",0,03,","1208.0","0","524.0",",0","124.7",",,,0","25",",,,0","1.43",",0","7.87",",,,0","-5.01",",,,0"
"USC00043130","1960-01","40.38333","-123.33333","712.9","FOREST GLEN, CA US","0.0","0","0.0",",0","20",",0","18",",0","3",",0","8",",0","2",",0","0",",0","19",",0","1",",0","0",",0","0",",0","","","19600105","+,,0","19600114",",,0","19600114",",,0","","","19600108",",,0","19600130",",,0","-11.1",",0,05,+","152",",,0,14,","152",",,0,14,","63.0",",,0,08,","13.3",",0,30,","1721.7","0","513.7",",0","278.4",",,,0","203",",,,0","1.76",",0","5.84",",,,0","-2.32",",,,0"
"USC00043130","1960-02","40.38333","-123.33333","712.9","FOREST GLEN, CA US","0.0","0","0.0",",0","11",",0","11",",0","7",",0","1",",0","1",",0","0",",0","21",",0","0",",0","0",",0","0",",0","2","","19600227",",,0","19600218",",,0","19600218",",,0","","","19600208",",,0","19600225",",,0","-7.2",",0,27,","25",",,0,18,","25",",,0,18,","104.9",",,0,08,","16.1",",0,25,","2124.8","0","403.1",",0","450.2",",,,0","25",",,,0","4.43",",0","10.65",",,,0","-1.78",",,,0"
"USC00043130","1960-03","40.38333","-123.33333","712.9","FOREST GLEN, CA US","0.0","0","0.0",",0","16",",0","12",",0","6",",0","0",",0","0",",0","0",",0","11",",0","0",",0","9",",0","0",",0","2","","19600301",",,0","19600331","+,,0","19600331","+,,0","","","19600330",",,0","19600325",",,0","-6.7",",0,01,","0",",,0,31,+","0",",,0,31,+","63.2",",,0,30,","28.9",",0,25,","2432.1","0","307.3",",0","344.6",",,,0","0",",,,0","8.42",",0","15.68",",,,0","1.16",",,,0"
"USC00043130","1960-04","40.38333","-123.33333","712.9","FOREST GLEN, CA US","0.0","0","0.0",",0","15",",0","10",",0","0",",0","0",",0","0",",0","0",",0","8",",0","0",",0","8",",0","0",",0","1","","19600422",",,0","19600430","+,,0","19600425","+,,0","","","19600414",",,0","19600405",",,0","-3.9",",0,22,","0",",,0,30,+","0",",T,0,25,+","19.6",",,0,14,","28.9",",0,05,","2711.1","0","279.0",",0","70.7",",,,0","0",",T,,0","9.03",",0","16.33",",,,0","1.74",",,,0"
"USC00043130","1960-05","40.38333","-123.33333","712.9","FOREST GLEN, CA US","0.0","0","0.0","1,0","13",",0","8",",0","2",",0","0","1,0","1",",0","0","1,0","1","1,0","0",",0","13",",0","0",",0","","","19600524",",1,0","19600531","+,1,0","19600524",",,0","","","19600524",",,0","19600531",",,0","0.0","1,0,24,","0","1,,0,31,+","25",",,0,24,","59.2",",,0,24,","30.0",",0,31,","2914.3","0","203.2",",0","140.8",",,,0","25",",,,0","11.58","1,0","19.54",",,,0","3.63","1,,,0"
"USC00043130","1960-06","40.38333","-123.33333","712.9","FOREST GLEN, CA US","58.0","0","58.0",",0","0",",0","0",",0","0",",0","0",",0","0",",0","0",",0","0",",0","0",",0","30",",0","17",",0","","","19600619",",,0","19600630","+,,0","19600630","+,,0","","","19600630","+,,0","19600604",",,0","2.2",",0,19,","0",",,0,30,+","0",",,0,30,+","0.0",",,0,30,+","38.3",",0,04,","2926.0","0","11.7",",0","0.0",",,,0","0",",,,0","19.88",",0","32.85",",,,0","6.91",",,,0"
"USC00043130","1960-07","40.38333","-123.33333","712.9","FOREST GLEN, CA US","177.6","0","119.6","1,0","0",",0","0",",0","0",",0","0",",0","0",",0","0","1,0","0","1,0","0",",0","31",",0","25",",0","","","19600701",",1,0","19600731","+,,0","19600731","+,,0","","","19600726",",,0","19600721","+,,0","4.4","1,0,01,","0",",,0,31,+","0",",,0,31,+","0.0",",T,0,26,","40.0",",0,21,+","2.0","0","2.0",",0","0.0",",T,,0","0",",,,0","22.29","1,0","35.54",",,,0","9.04","1,,,0"
"USC00043130","1960-08","40.38333","-123.33333","712.9","FOREST GLEN, CA US","240.3","0","62.7",",0","0",",0","0",",0","0",",0","0",",0","0",",0","0",",0","0",",0","0",",0","31",",0","20",",0","","","19600825",",,0","19600831","+,,0","19600831","+,,0","","","19600831","+,,0","19600819","+,,0","2.8",",0,25,","0",",,0,31,+","0",",,0,31,+","0.0",",,0,31,+","38.9",",0,19,+","32.5","0","30.5",",0","0.0",",,,0","0",",,,0","19.37",",0","32.57",",,,0","6.17",",,,0"
"USC00043130","1960-09","40.38333","-123.33333","712.9","FOREST GLEN, CA US","259.2","0","18.9","1,0","1",",0","0",",0","0",",0","0",",0","0",",0","0","1,0","1","1,0","0",",0","30",",0","19",",0","","","19600922",",1,0","19600930","+,,0","19600930","+,,0","","","19600910",",,0","19600924",",,0","-1.7","1,0,22,","0",",,0,30,+","0",",,0,30,+","0.5",",,0,10,","36.7",",0,24,","55.7","0","23.2",",0","0.5",",,,0","0",",,,0","18.15","1,0","32.42",",,,0","3.89","1,,,0"
"USC00043130","1960-10","40.38333","-123.33333","712.9","FOREST GLEN, CA US","259.5","0","0.3",",0","4",",0","4",",0","1",",0","0",",0","0",",0","0",",0","13",",0","0",",0","18",",0","2",",0","","","19601014",",,0","19601031","+,,0","19601031","+,,0","","","19601006",",,0","19601002","+,,0","-3.3",",0,14,","0",",,0,31,+","0",",,0,31,+","26.7",",,0,06,","33.3",",0,02,+","257.6","0","201.9",",0","36.3",",,,0","0",",,,0","11.83",",0","22.33",",,,0","1.33",",,,0"
"USC00043130","1960-11","40.38333","-123.33333","712.9","FOREST GLEN, CA US","259.5","0","0.0","1,0","16",",0","12",",0","4",",0","0",",0","0",",0","0","1,0","20","1,0","0",",0","1",",0","0",",0","5","","19601105",",1,0","19601130","+,,0","19601126","+,,0","","","19601125","+,,0","19601101",",,0","-5.0","1,0,05,","0",",,0,30,+","0",",T,0,26,+","75.4",",,0,25,+","22.2",",0,01,","617.1","0","359.5",",0","293.1",",,,0","0",",T,,0","5.99","1,0","12.27",",,,0","-0.28","1,,,0"
"USC00043130","1960-12","40.38333","-123.33333","712.9","FOREST GLEN, CA US","259.5","0","0.0",",0","10",",0","8",",0","4",",0","2",",0","1",",0","0",",0","24",",0","0",",0","0",",0","0",",0","2","","19601231",",,0","19601211",",,0","19601211",",,0","","","19601217",",,0","19601218",",,0","-7.8",",0,31,","51",",,0,11,","25",",,0,11,","104.9",",,0,17,","11.7",",0,18,","1093.5","0","476.4",",0","318.5",",,,0","38",",,,0","2.96",",0","8.21",",,,0","-2.28",",,,0"
"USC00043130","1961-01","40.38333","-123.33333","712.9","FOREST GLEN, CA US","0.0","0","0.0",",0","11",",0","8",",0","4",",0","0",",0","0",",0","0",",0","22",",0","0",",0","0",",0","0",",0","","","19610105","+,,0","19610131","+,,0","19610131","+,,0","","","19610131",",,0","19610108",",,0","-10.0",",0,05,+","0",",,0,31,+","0",",,0,31,+","88.1",",,0,31,","14.4",",0,08,","1559.7","0","466.2",",0","230.9",",,,0","0",",,,0","3.30",",0","9.56",",,,0","-2.97",",,,0"
"USC00043130","1961-02","40.38333","-123.33333","712.9","FOREST GLEN, CA US","0.0","0","0.0",",0","18",",0","13",",0","3",",0","0",",0","0",",0","0",",0","11",",0","0",",0","0",",0","0",",0","1","","19610226","+,,0","19610228","+,,0","19610228","+,,0","","","19610211",",,0","19610222",",,0","-3.9",",0,26,+","0",",,0,28,+","0",",T,0,28,+","85.1",",,0,11,","17.2",",0,22,","1899.8","0","340.1",",0","256.9",",,,0","0",",T,,0","6.19",",0","11.80",",,,0","0.57",",,,0"
"USC00043130","1961-03","40.38333","-123.33333","712.9","FOREST GLEN, CA US","0.0","0","0.0",",0","22",",0","19",",0","3",",0","1",",0","1",",0","0",",0","16",",0","0",",0","2",",0","0",",0","5","","19610303",",,0","19610306",",,0","19610306",",,0","","","19610317","+,,0","19610330",",,0","-5.0",",0,03,","76",",,0,06,","64",",,0,06,","38.1",",,0,17,+","23.3",",0,30,","2280.6","0","380.8",",0","272.0",",,,0","64",",,,0","6.05",",0","11.91",",,,0","0.19",",,,0"
"USC00043130","1961-04","40.38333","-123.33333","712.9","FOREST GLEN, CA US","0.0","0","0.0","1,0","9",",0","8",",0","2",",0","2",",0","2",",0","0","1,0","14","1,0","0",",0","17",",0","0",",0","1","","19610426","+,1,0","19610423","+,,0","19610423","+,,0","","","19610422",",,0","19610403",",,0","-2.2","1,0,26,+","127",",,0,23,+","127",",,0,23,+","40.1",",,0,22,","27.8",",0,03,","2521.4","0","240.8",",0","112.8",",,,0","254",",,,0","9.98","1,0","19.56",",,,0","0.40","1,,,0"
"USC00043130","1961-05","40.38333","-123.33333","712.9","FOREST GLEN, CA US","2.5","0","2.5","1,0","12",",0","8",",0","0",",0","0",",0","0",",0","0","1,0","2","1,0","0",",0","14",",0","0",",0","","","19610504",",1,0","19610531","+,,0","19610531","+,,0","1","","19610510",",,0","19610519",",,0","-2.8","1,0,04,","0",",,0,31,+","0",",,0,31,+","21.1",",,0,10,","30.6",",0,19,","2715.9","0","194.5",",0","81.9",",,,0","0",",,,0","11.97","1,0","19.90",",,,0","4.04","1,,,0"
"USC00043130","1961-06","40.38333","-123.33333","712.9","FOREST GLEN, CA US","76.4","0","73.9",",0","3",",0","1",",0","0",",0","0",",0","0",",0","0",",0","0",",0","0",",0","28",",0","14",",0","","","19610629",",,0","19610630","+,,0","19610630","+,,0","","","19610604",",,0","19610616",",,0","2.2",",0,29,","0",",,0,30,+","0",",,0,30,+","13.5",",,0,04,","41.1",",0,16,","2751.6","0","35.7",",0","15.0",",,,0","0",",,,0","19.61",",0","31.01",",,,0","8.20",",,,0"
"USC00043130","1961-07","40.38333","-123.33333","712.9","FOREST GLEN, CA US","161.5","0","85.1",",0","0",",0","0",",0","0",",0","0",",0","0",",0","0",",0","0",",0","0",",0","30",",0","24",",0","","","19610706",",,0","19610731","+,,0","19610731","+,,0","","","19610713",",,0","19610711",",,0","2.8",",0,06,","0",",,0,31,+","0",",,0,31,+","0.0",",T,0,13,","40.0",",0,11,","18.0","0","18.0",",0","0.0",",T,,0","0",",,,0","20.50",",0","33.82",",,,0","7.17",",,,0"
"USC00043130","1961-08","40.38333","-123.33333","712.9","FOREST GLEN, CA US","260.2","0","98.7","1,0","3",",0","3",",0","0",",0","0",",0","0",",0","0","1,0","0","1,0","0","1,0","30","1,0","23","1,0","","","19610823",",1,0","19610831","+,,0","19610831","+,,0","1","","19610810",",,0","19610804",",1,0","3.9","1,0,23,","0",",,0,31,+","0",",,0,31,+","11.9",",,0,10,","40.6","1,0,04,","21.3","0","3.3","1,0","24.4",",,,0","0",",,,0","21.51","1,0","33.60","1,,,0","9.42","1,,,0"
"USC00043130","1961-09","40.38333","-123.33333","712.9","FOREST GLEN, CA US","262.7","0","2.5",",0","2",",0","1",",0","0",",0","0",",0","0",",0","0",",0","3",",0","0",",0","27",",0","4",",0","","","19610930",",,0","19610930","+,,0","19610930","+,,0","","","19610916",",,0","19610905",",,0","-1.1",",0,30,","0",",,0,30,+","0",",,0,30,+","11.9",",,0,16,","33.9",",0,05,","110.4","0","89.1",",0","12.4",",,,0","0",",,,0","15.45",",0","27.43",",,,0","3.46",",,,0"
"USC00043130","1961-10","40.38333","-123.33333","712.9","FOREST GLEN, CA US","262.7","0","0.0",",0","6",",0","5",",0","0",",0","0",",0","0",",0","0",",0","11",",0","0",",0","16",",0","1",",0","","","19611029",",,0","19611021",",,0","19611021",",,0","","","19611028",",,0","19611003",",,0","-6.1",",0,29,","0",",T,0,21,","0",",T,0,21,","16.5",",,0,28,","32.2",",0,03,","329.0","0","218.6",",0","50.9",",,,0","0",",T,,0","11.28",",0","21.60",",,,0","0.96",",,,0"
"USC00043130","1961-11","40.38333","-123.33333","712.9","FOREST GLEN, CA US","262.7","0","0.0",",0","11",",0","8",",0","4",",0","6",",0","2",",0","0",",0","25",",0","0",",0","0",",0","0",",0","","","19611117",",,0","19611125",",,0","19611125",",,0","","","19611125",",,0","19611101",",,0","-10.6",",0,17,","229",",,0,25,","330",",,0,25,","79.0",",,0,25,","18.3",",0,01,","742.0","0","413.0",",0","275.8",",,,0","432",",,,0","4.57",",0","11.73",",,,0","-2.59",",,,0"
"USC00043130","1961-12","40.38333","-123.33333","712.9","FOREST GLEN, CA US","262.7","0","0.0","1,0","9",",0","8",",0","2",",0","0",",0","0",",0","0","1,0","22","1,0","0",",0","0",",0","0",",0","1","","19611211",",1,0","19611210",",,0","19611210",",,0","","","19611201",",,0","19611226",",,0","-9.4","1,0,11,","0",",T,0,10,","0",",T,0,10,","46.5",",,0,01,","11.1",",0,26,","1226.9","0","484.9",",0","145.5",",,,0","0",",T,,0","2.13","1,0","6.79",",,,0","-2.53","1,,,0"
"USC00043130","1962-01","40.38333","-123.33333","712.9","FOREST GLEN, CA US","0.0","0","0.0","1,0","5",",0","5",",0","3",",0","2",",0","2",",0","0","1,0","30","1,0","1","1,0","0","1,0","0","1,0","2","","19620122",",1,0","19620120","+,,0","19620120","+,,0","","","19620119",",,0","19620111",",1,0","-15.0","1,0,22,","25",",,0,20,+","25",",,0,20,+","46.7",",,0,19,","14.4","1,0,11,","1768.7","0","541.8","1,0","129.0",",,,0","50",",,,0","0.27","1,0","7.66","1,,,0","-7.11","1,,,0"
"USC00043130","1962-02","40.38333","-123.33333","712.9","FOREST GLEN, CA US","0.0","0","0.0",",0","14",",0","13",",0","6",",0","1",",0","1",",0","0",",0","22",",0","0",",0","0",",0","0",",0","","","19620227",",,0","19620228",",,0","19620228",",,0","","","19620208",",,0","19620223","+,,0","-12.8",",0,27,","76",",,0,28,","64",",,0,28,","83.1",",,0,08,","13.9",",0,23,+","2187.3","0","418.6",",0","401.8",",,,0","64",",,,0","3.38",",0","9.26",",,,0","-2.49",",,,0"
"USC00043130","1962-04","40.38333","-123.33333","712.9","FOREST GLEN, CA US","","","0.0",",0","5",",0","1",",0","1",",0","0",",0","0",",0","0",",0","9",",0","0",",0","20",",0","0",",0","2","","19620402",",,0","19620430","+,,0","19620430","+,,0","","","19620427",",,0","19620414","+,,0","-3.3",",0,02,","0",",,0,30,+","0",",,0,30,+","28.2",",,0,27,","30.0",",0,14,+","","","186.5",",0","32.3",",,,0","0",",,,0","12.12",",0","23.04",",,,0","1.19",",,,0"
"USC00043130","1962-05","40.38333","-123.33333","712.9","FOREST GLEN, CA US","","","","","7","3,0","3","3,0","0","3,0","0",",0","0",",0","","","","","","","","","","","","","","","19620531","+,,0","19620531","+,,0","1","","19620509",",3,0","","","","","0",",,0,31,+","0",",,0,31,+","11.9","3,,0,09,","","","","","","","25.4",",a,,0","0",",,,0","","","","","",""
"USC00043130","1962-06","40.38333","-123.33333","712.9","FOREST GLEN, CA US","","","20.9",",0","0",",0","0",",0","0",",0","0",",0","0",",0","0",",0","4",",0","0",",0","28",",0","10",",0","","","19620605","+,,0","19620630","+,,0","19620630","+,,0","","","19620614",",,0","19620623",",,0","-1.1",",0,05,+","0",",,0,30,+","0",",,0,30,+","0.0",",T,0,14,","36.7",",0,23,","","","64.4",",0","0.0",",T,,0","0",",,,0","16.88",",0","29.54",",,,0","4.22",",,,0"
"USC00043130","1962-07","40.38333","-123.33333","712.9","FOREST GLEN, CA US","","","80.8",",0","2",",0","2",",0","0",",0","0",",0","0",",0","0",",0","0",",0","0",",0","31",",0","26",",0","","","19620713","+,,0","19620731","+,,0","19620731","+,,0","3","","19620727",",,0","19620727","+,,0","3.3",",0,13,+","0",",,0,31,+","0",",,0,31,+","6.6",",,0,27,","39.4",",0,27,+","5.3","0","5.3",",0","12.2",",,,0","0",",,,0","20.77",",0","34.61",",,,0","6.93",",,,0"
"USC00043130","1962-08","40.38333","-123.33333","712.9","FOREST GLEN, CA US","","","50.2",",0","3",",0","3",",0","1",",0","0",",0","0",",0","0",",0","0",",0","0",",0","29",",0","20",",0","","","19620824",",,0","19620831","+,,0","19620831","+,,0","","","19620807",",,0","19620825","+,,0","3.3",",0,24,","0",",,0,31,+","0",",,0,31,+","30.0",",,0,07,","36.1",",0,25,+","21.0","0","15.7",",0","56.9",",,,0","0",",,,0","19.45",",0","31.40",",,,0","7.49",",,,0"
"USC00043130","1962-09","40.38333","-123.33333","712.9","FOREST GLEN, CA US","","","25.7","1,0","3",",0","2",",0","0",",0","0",",0","0",",0","0","1,0","0","1,0","0","1,0","26","1,0","14","1,0","3","","19620919",",1,0","19620930","+,,0","19620930","+,,0","","","19620929",",,0","19620908","+,1,0","1.7","1,0,19,","0",",,0,30,+","0",",,0,30,+","15.5",",,0,29,","36.7","1,0,08,+","67.0","0","46.0","1,0","19.8",",,,0","0",",,,0","17.63","1,0","30.14","1,,,0","5.12","1,,,0"
"USC00043130","1962-10","40.38333","-123.33333","712.9","FOREST GLEN, CA US","","","0.0","3,0","9",",0","8",",0","5",",0","0",",0","0",",0","0","3,0","3","3,0","0","2,0","14","2,0","0","2,0","2","","19621018","+,3,0","19621031","+,,0","19621031","+,,0","","","19621012",",,0","19621002",",2,0","-1.7","3,0,18,+","0",",,0,31,+","0",",,0,31,+","116.8",",,0,12,","28.9","2,0,02,","268.2","0","201.2","2,0","409.9",",,,0","0",",,,0","11.17","3,0","18.89","2,,,0","3.45","3,,,0"
"USC00043130","1962-11","40.38333","-123.33333","712.9","FOREST GLEN, CA US","","","","","","","","","","","0",",0","0",",0","","","","","","","","","","","","","","","19621130","+,,0","19621130","+,,0","","","","","","","","","0",",,0,30,+","0",",,0,30,+","","","","","","","","","191.8",",a,,0","0",",,,0","","","","","",""
"USC00043130","1962-12","40.38333","-123.33333","712.9","FOREST GLEN, CA US","","","","","5","3,0","5","3,0","2","3,0","0",",0","0",",0","","","","","","","","","","","","","","","19621231","+,,0","19621231","+,,0","","","19621202",",3,0","","","","","0",",,0,31,+","0",",,0,31,+","49.8","3,,0,02,","","","","","","","172.7",",a,,0","0",",,,0","","","","","",""
"USC00043130","1963-01","40.38333","-123.33333","712.9","FOREST GLEN, CA US","","","","","3",",0","3",",0","1",",0","0","1,0","1",",0","0","5,0","26","5,0","0","4,0","0","4,0","0","4,0","","","19630112","+,5,0","19630131","+,1,0","19630130",",,0","","","19630131",",,0","19630105",",4,0","-10.6","5,0,12,+","0","1,,0,31,+","76",",,0,30,","101.6",",,0,31,","12.8","4,0,05,","","","","","113.5",",,,0","76",",,,0","0.76","6,0","8.65","4,,,0","-7.14","5,,,0"
"USC00043130","1963-02","40.38333","-123.33333","712.9","FOREST GLEN, CA US","","","0.0","1,0","13",",0","11",",0","2",",0","0",",0","0",",0","0","1,0","8","1,0","0","1,0","0","1,0","0","1,0","","","19630201",",1,0","19630228","+,,0","19630228","+,,0","","","19630201",",,0","19630221","+,1,0","-5.0","1,0,01,","0",",,0,28,+","0",",,0,28,+","127.0",",,0,01,","17.8","1,0,21,+","","","269.4","1,0","274.2",",,,0","0",",,,0","8.35","1,0","14.59","1,,,0","2.11","1,,,0"
"USC00043130","1963-03","40.38333","-123.33333","712.9","FOREST GLEN, CA US","","","0.0","3,0","10",",0","9",",0","5",",0","0",",0","0",",0","0","3,0","22","3,0","0","3,0","0","3,0","0","3,0","","","19630304",",3,0","19630331","+,,0","19630329","+,,0","","","19630328",",,0","19630321",",3,0","-6.7","3,0,04,","0",",,0,31,+","0",",T,0,29,+","98.3",",,0,28,","20.0","3,0,21,","","","336.3","3,0","354.2",",,,0","0",",T,,0","6.32","3,0","14.21","3,,,0","-1.57","3,,,0"
"USC00043130","1963-04","40.38333","-123.33333","712.9","FOREST GLEN, CA US","","","0.0",",0","21",",0","16",",0","4",",0","0",",0","1",",0","0",",0","18",",0","0",",0","3",",0","0",",0","","","19630416",",,0","19630410",",,0","19630416",",,0","","","19630414",",,0","19630430",",,0","-2.2",",0,16,","0",",T,0,10,","38",",,0,16,","47.5",",,0,14,","22.8",",0,30,","","","355.6",",0","339.0",",,,0","38",",,,0","6.48",",0","11.96",",,,0","1.00",",,,0"
"USC00043130","1963-05","40.38333","-123.33333","712.9","FOREST GLEN, CA US","","","8.3","2,0","7",",0","3",",0","1",",0","0",",0","0",",0","0","2,0","1","2,0","0","2,0","15","2,0","2","2,0","","","19630509",",2,0","19630531","+,,0","19630531","+,,0","4","","19630505",",,0","19630520",",2,0","0.0","2,0,09,","0",",,0,31,+","0",",,0,31,+","26.9",",,0,05,","35.0","2,0,20,","","","127.5","2,0","45.2",",,,0","0",",,,0","14.22","2,0","22.59","2,,,0","5.86","2,,,0"
"USC00043130","1963-06","40.38333","-123.33333","712.9","FOREST GLEN, CA US","","","31.5",",0","3",",0","2",",0","0",",0","0",",0","0",",0","0",",0","0",",0","0",",0","27",",0","7",",0","","","19630629",",,0","19630630","+,,0","19630630","+,,0","5","","19630617",",,0","19630618","+,,0","1.1",",0,29,","0",",,0,30,+","0",",,0,30,+","3.8",",,0,17,","35.6",",0,18,+","","","91.4",",0","8.3",",,,0","0",",,,0","16.34",",0","26.43",",,,0","6.24",",,,0"
"USC00043130","1963-07","40.38333","-123.33333","712.9","FOREST GLEN, CA US","","","38.1","1,0","0",",0","0",",0","0",",0","0",",0","0",",0","0","1,0","0","1,0","0","1,0","30","1,0","14","1,0","","","19630708",",1,0","19630731","+,,0","19630731","+,,0","","","19630705",",,0","19630713",",1,0","3.9","1,0,08,","0",",,0,31,+","0",",,0,31,+","0.0",",T,0,05,","37.2","1,0,13,","27.0","0","27.0","1,0","0.0",",T,,0","0",",,,0","18.70","1,0","30.56","1,,,0","6.85","1,,,0"
"USC00043130","1963-08","40.38333","-123.33333","712.9","FOREST GLEN, CA US","","","43.5","1,0","1",",0","0",",0","0",",0","0",",0","0",",0","0","1,0","0","1,0","0","1,0","30","1,0","18","1,0","","","19630830",",1,0","19630831","+,,0","19630831","+,,0","","","19630809",",,0","19630808",",1,0","2.8","1,0,30,","0",",,0,31,+","0",",,0,31,+","0.8",",,0,09,","37.8","1,0,08,","44.2","0","17.2","1,0","0.8",",,,0","0",",,,0","19.21","1,0","31.53","1,,,0","6.89","1,,,0"
"USC00043130","1963-09","40.38333","-123.33333","712.9","FOREST GLEN, CA US","","","31.4",",0","2",",0","0",",0","0",",0","0",",0","0",",0","0",",0","0",",0","0",",0","27",",0","12",",0","1","","19630924","+,,0","19630930","+,,0","19630930","+,,0","","","19630923",",,0","19630927",",,0","2.2",",0,24,+","0",",,0,30,+","0",",,0,30,+","1.8",",,0,23,","36.7",",0,27,","82.5","0","38.3",",0","3.3",",,,0","0",",,,0","18.10",",0","29.98",",,,0","6.22",",,,0"
"USC00043130","1963-10","40.38333","-123.33333","712.9","FOREST GLEN, CA US","","","1.7",",0","13",",0","9",",0","2",",0","0",",0","0",",0","0",",0","2",",0","0",",0","12",",0","2",",0","","","19631031",",,0","19631031","+,,0","19631031","+,,0","","","19631011",",,0","19631002",",,0","-2.8",",0,31,","0",",,0,31,+","0",",,0,31,+","32.3",",,0,11,","34.4",",0,02,","255.0","0","172.5",",0","143.7",",,,0","0",",,,0","12.82",",0","20.09",",,,0","5.55",",,,0"
"USC00043130","1963-11","40.38333","-123.33333","712.9","FOREST GLEN, CA US","","","0.0",",0","17",",0","11",",0","5",",0","0",",0","0",",0","0",",0","11",",0","0",",0","0",",0","0",",0","","","19631101",",,0","19631107",",,0","19631123","+,,0","","","19631124",",,0","19631102",",,0","-3.3",",0,01,","0",",T,0,07,","0",",T,0,23,+","91.2",",,0,24,","17.2",",0,02,","614.8","0","359.8",",0","414.5",",,,0","0",",T,,0","6.34",",0","11.46",",,,0","1.22",",,,0"
"USC00043130","1963-12","40.38333","-123.33333","712.9","FOREST GLEN, CA US","","","0.0",",0","10",",0","7",",0","0",",0","0",",0","0",",0","0",",0","25",",0","0",",0","0",",0","0",",0","","","19631211",",,0","19631231","+,,0","19631231","+,,0","","","19631220",",,0","19631226",",,0","-6.1",",0,11,","0",",,0,31,+","0",",,0,31,+","18.8",",,0,20,","13.3",",0,26,","1077.6","0","462.8",",0","72.1",",,,0","0",",,,0","3.40",",0","8.69",",,,0","-1.88",",,,0"
"USC00043130","1964-02","40.38333","-123.33333","712.9","FOREST GLEN, CA US","","","0.0",",0","3",",0","2",",0","0",",0","0",",0","0",",0","0",",0","29",",0","0",",0","0",",0","0",",0","","","19640226",",,0","19640229","+,,0","19640229","+,,0","","","19640201",",,0","19640221",",,0","-7.8",",0,26,","0",",,0,29,+","0",",,0,29,+","8.1",",,0,01,","18.9",",0,21,","","","395.7",",0","17.2",",,,0","0",",,,0","4.69",",0","14.14",",,,0","-4.77",",,,0"
"USC00043130","1964-03","40.38333","-123.33333","712.9","FOREST GLEN, CA US","","","0.0",",0","15",",0","10",",0","1",",0","0",",0","0",",0","0",",0","31",",0","0",",0","2",",0","0",",0","","","19640308",",,0","19640331","+,,0","19640323","+,,0","","","19640312",",,0","19640331","+,,0","-5.6",",0,08,","0",",,0,31,+","0",",T,0,23,+","26.7",",,0,12,","21.1",",0,31,+","","","395.0",",0","110.7",",,,0","0",",T,,0","5.59",",0","13.87",",,,0","-2.69",",,,0"
"USC00043130","1964-05","40.38333","-123.33333","712.9","FOREST GLEN, CA US","","","0.0","1,0","8",",0","6",",0","1",",0","0",",0","0",",0","0","1,0","13","1,0","0","1,0","19","1,0","0","1,0","","","19640509",",1,0","19640531","+,,0","19640505","+,,0","","","19640517",",,0","19640531",",1,0","-6.1","1,0,09,","0",",,0,31,+","0",",T,0,05,+","29.2",",,0,17,","28.3","1,0,31,","","","207.8","1,0","65.0",",,,0","0",",T,,0","11.41","1,0","21.21","1,,,0","1.60","1,,,0"
"USC00043130","1964-06","40.38333","-123.33333","712.9","FOREST GLEN, CA US","","","13.6",",0","6",",0","2",",0","0",",0","0",",0","0",",0","0",",0","0",",0","0",",0","25",",0","4",",0","","","19640627",",,0","19640630","+,,0","19640630","+,,0","","","19640605",",,0","19640624",",,0","0.6",",0,27,","0",",,0,30,+","0",",,0,30,+","5.3",",,0,05,","37.2",",0,24,","","","88.6",",0","11.9",",,,0","0",",,,0","15.83",",0","25.70",",,,0","5.97",",,,0"
"USC00043130","1964-07","40.38333","-123.33333","712.9","FOREST GLEN, CA US","","","82.6",",0","4",",0","2",",0","0",",0","0",",0","0",",0","0",",0","0",",0","0",",0","31",",0","14",",0","","","19640731","+,,0","19640731","+,,0","19640731","+,,0","2","","19640704",",,0","19640725","+,,0","3.9",",0,31,+","0",",,0,31,+","0",",,0,31,+","8.4",",,0,04,","40.0",",0,25,+","16.5","0","16.5",",0","12.7",",,,0","0",",,,0","20.47",",0","32.29",",,,0","8.64",",,,0"
"USC00043130","1964-08","40.38333","-123.33333","712.9","FOREST GLEN, CA US","","","66.2","1,0","0",",0","0",",0","0",",0","0",",0","0",",0","0","1,0","0","1,0","0","1,0","30","1,0","20","1,0","","","19640831",",1,0","19640831","+,,0","19640831","+,,0","","","19640831","+,,0","19640823","+,1,0","1.7","1,0,31,","0",",,0,31,+","0",",,0,31,+","0.0",",,0,31,+","40.0","1,0,23,+","32.1","0","15.6","1,0","0.0",",,,0","0",",,,0","20.02","1,0","33.72","1,,,0","6.31","1,,,0"
"USC00043130","1964-09","40.38333","-123.33333","712.9","FOREST GLEN, CA US","","","5.5",",0","1",",0","0",",0","0",",0","0",",0","0",",0","0",",0","4",",0","0",",0","29",",0","10",",0","","","19640921",",,0","19640930","+,,0","19640930","+,,0","","","19640902",",,0","19640925",",,0","-0.6",",0,21,","0",",,0,30,+","0",",,0,30,+","0.5",",,0,02,","36.1",",0,25,","115.4","0","83.3",",0","0.5",",,,0","0",",,,0","15.74",",0","29.30",",,,0","2.19",",,,0"
"USC00043130","1964-10","40.38333","-123.33333","712.9","FOREST GLEN, CA US","","","1.7","1,0","4",",0","4",",0","1",",0","0",",0","0",",0","0","1,0","10","1,0","0","1,0","25","1,0","3","1,0","","","19641017",",1,0","19641031","+,,0","19641031","+,,0","","","19641028",",,0","19641005",",1,0","-3.9","1,0,17,","0",",,0,31,+","0",",,0,31,+","38.1",",,0,28,","32.8","1,0,05,","277.8","0","162.4","1,0","65.5",",,,0","0",",,,0","12.98","1,0","24.69","1,,,0","1.26","1,,,0"
"USC00043130","1964-11","40.38333","-123.33333","712.9","FOREST GLEN, CA US","","","0.0",",0","16",",0","16",",0","4",",0","1",",0","1",",0","0",",0","15",",0","0",",0","0",",0","0",",0","","","19641117","+,,0","19641110",",,0","19641110",",,0","","","19641110",",,0","19641108",",,0","-8.3",",0,17,+","51",",,0,10,","38",",,0,10,","59.7",",,0,10,","16.1",",0,08,","702.9","0","425.1",",0","302.8",",,,0","41",",,,0","4.16",",0","9.03",",,,0","-0.71",",,,0"
"USC00043130","1964-12","40.38333","-123.33333","712.9","FOREST GLEN, CA US","","","0.0",",0","23",",0","20",",0","11",",0","4",",0","4",",0","0",",0","16",",0","0",",0","0",",0","0",",0","","","19641231",",,0","19641231",",,0","19641230",",,0","","","19641222",",,0","19641223",",,0","-7.8",",0,31,","660",",,0,31,","457",",,0,30,","185.4",",,0,22,","15.6",",0,23,","1133.7","0","430.8",",0","854.2",",,,0","1118",",,,0","4.44",",0","7.98",",,,0","0.89",",,,0"
"USC00043130","1965-01","40.38333","-123.33333","712.9","FOREST GLEN, CA US","0.0","0","0.0",",0","13",",0","11",",0","6",",0","26",",0","4",",0","0",",0","23",",0","0",",0","0",",0","0",",0","","","19650101",",,0","19650103",",,0","19650103","+,,0","","","19650124",",,0","19650130",",,0","-11.1",",0,01,","1092",",,0,03,","356",",,0,03,+","70.6",",,0,24,","13.3",",0,30,","1623.4","0","489.7",",0","341.1",",,,0","877",",,,0","2.54",",0","7.02",",,,0","-1.95",",,,0"
"USC00043130","1965-02","40.38333","-123.33333","712.9","FOREST GLEN, CA US","0.0","0","0.0",",0","5",",0","2",",0","0",",0","0",",0","0",",0","0",",0","28",",0","0",",0","0",",0","0",",0","","","19650210",",,0","19650228","+,,0","19650228","+,,0","","","19650227",",,0","19650225",",,0","-7.2",",0,10,","0",",,0,28,+","0",",,0,28,+","25.1",",,0,27,","19.4",",0,25,","2008.5","0","385.1",",0","45.8",",,,0","0",",,,0","4.58",",0","12.74",",,,0","-3.58",",,,0"
"USC00043130","1965-03","40.38333","-123.33333","712.9","FOREST GLEN, CA US","0.0","0","0.0","1,0","5",",0","4",",0","0",",0","0",",0","0",",0","0","1,0","23","1,0","0",",0","4",",0","0",",0","","","19650325",",1,0","19650331","+,,0","19650327",",,0","","","19650327",",,0","19650322",",,0","-5.0","1,0,25,","0",",,0,31,+","0",",T,0,27,","17.8",",,0,27,","24.4",",0,22,","2330.9","0","322.4",",0","44.5",",,,0","0",",T,,0","7.60","1,0","16.97",",,,0","-1.78","1,,,0"
"USC00043130","1965-04","40.38333","-123.33333","712.9","FOREST GLEN, CA US","0.0","0","0.0","1,0","12",",0","11",",0","3",",0","0",",0","0",",0","0","1,0","10","1,0","0","1,0","7","1,0","0","1,0","","","19650407",",1,0","19650430","+,,0","19650430","+,,0","","","19650416",",,0","19650427",",1,0","-3.9","1,0,07,","0",",,0,30,+","0",",,0,30,+","55.1",",,0,16,","29.4","1,0,27,","2595.7","0","264.8","1,0","191.7",",,,0","0",",,,0","9.20","1,0","16.13","1,,,0","2.27","1,,,0"
"USC00043130","1965-05","40.38333","-123.33333","712.9","FOREST GLEN, CA US","0.0","0","0.0",",0","1",",0","0",",0","0",",0","0",",0","0",",0","0",",0","14",",0","0",",0","19",",0","0",",0","","","19650507","+,,0","19650531","+,,0","19650531","+,,0","","","19650520",",,0","19650531",",,0","-4.4",",0,07,+","0",",,0,31,+","0",",,0,31,+","2.0",",,0,20,","31.1",",0,31,","2803.1","0","207.4",",0","2.0",",,,0","0",",,,0","11.64",",0","22.38",",,,0","0.91",",,,0"
"USC00043130","1965-06","40.38333","-123.33333","712.9","FOREST GLEN, CA US","16.9","0","16.9","1,0","3",",0","2",",0","0",",0","0",",0","0",",0","0","1,0","1","1,0","0","1,0","26","1,0","8","1,0","","","19650613",",1,0","19650630","+,,0","19650630","+,,0","1","","19650630",",,0","19650621",",1,0","-1.1","1,0,13,","0",",,0,30,+","0",",,0,30,+","11.4",",,0,30,","36.1","1,0,21,","2888.1","0","85.0","1,0","15.9",",,,0","0",",,,0","15.98","1,0","27.31","1,,,0","4.66","1,,,0"
"USC00043130","1965-07","40.38333","-123.33333","712.9","FOREST GLEN, CA US","87.6","0","70.7",",0","0",",0","0",",0","0",",0","0",",0","0",",0","0",",0","0",",0","0",",0","31",",0","20",",0","","","19650709",",,0","19650731","+,,0","19650731","+,,0","","","19650724",",,0","19650717","+,,0","1.7",",0,09,","0",",,0,31,+","0",",,0,31,+","0.0",",T,0,24,","37.2",",0,17,+","14.1","0","14.1",",0","0.0",",T,,0","0",",,,0","20.16",",0","33.66",",,,0","6.65",",,,0"
"USC00043130","1965-08","40.38333","-123.33333","712.9","FOREST GLEN, CA US","131.6","0","44.0",",0","4",",0","3",",0","0",",0","0",",0","0",",0","0",",0","0",",0","0",",0","30",",0","15",",0","","","19650830","+,,0","19650831","+,,0","19650831","+,,0","3","","19650812",",,0","19650806",",,0","2.8",",0,30,+","0",",,0,31,+","0",",,0,31,+","10.2",",,0,12,","36.7",",0,06,","30.7","0","16.6",",0","18.8",",,,0","0",",,,0","19.21",",0","31.01",",,,0","7.42",",,,0"
"USC00043130","1965-09","40.38333","-123.33333","712.9","FOREST GLEN, CA US","139.1","0","7.5",",0","0",",0","0",",0","0",",0","0",",0","0",",0","0",",0","7",",0","0",",0","30",",0","10",",0","","","19650919",",,0","19650930","+,,0","19650930","+,,0","","","19650930","+,,0","19650901",",,0","-2.8",",0,19,","0",",,0,30,+","0",",,0,30,+","0.0",",,0,30,+","35.6",",0,01,","107.7","0","77.0",",0","0.0",",,,0","0",",,,0","16.02",",0","29.63",",,,0","2.40",",,,0"
"USC00043130","1965-10","40.38333","-123.33333","712.9","FOREST GLEN, CA US","139.1","0","0.0",",0","4",",0","2",",0","0",",0","0",",0","0",",0","0",",0","15",",0","0",",0","26",",0","0",",0","","","19651031",",,0","19651031","+,,0","19651031","+,,0","","","19651015",",,0","19651001",",,0","-3.3",",0,31,","0",",,0,31,+","0",",,0,31,+","8.9",",,0,15,","31.7",",0,01,","282.1","0","174.4",",0","13.7",",,,0","0",",,,0","12.71",",0","24.62",",,,0","0.79",",,,0"
"USC00043130","1965-12","40.38333","-123.33333","712.9","FOREST GLEN, CA US","","","0.0","3,0","4","4,0","4","4,0","2","4,0","4","2,0","4",",0","0","3,0","26","3,0","0","2,0","0","2,0","0","2,0","","","19651223","+,3,0","19651231",",2,0","19651229",",,0","","","19651224",",4,0","19651206",",2,0","-11.7","3,0,23,+","229","2,,0,31,","127",",,0,29,","38.9","4,,0,24,","12.2","2,0,06,","","","504.7","2,0","163.4",",a,,0","356",",,,0","0.38","3,0","6.50","2,,,0","-5.74","3,,,0"
"USC00043130","1966-01","40.38333","-123.33333","712.9","FOREST GLEN, CA US","0.0","0","0.0","1,0","11",",0","9",",0","3",",0","7",",0","3",",0","0","1,0","27","1,0","0",",0","0",",0","0",",0","","","19660120",",1,0","19660101",",,0","19660101",",,0","","","19660104",",,0","19660129",",,0","-11.1","1,0,20,","254",",,0,01,","254",",,0,01,","84.6",",,0,04,","13.3",",0,29,","","","516.0",",0","234.4",",,,0","304",",,,0","1.24","1,0","6.77",",,,0","-4.29","1,,,0"
"USC00043130","1966-02","40.38333","-123.33333","712.9","FOREST GLEN, CA US","0.0","0","0.0","2,0","8",",0","7",",0","1",",0","1",",0","0","1,0","0","2,0","24","2,0","0","1,0","0","1,0","0","1,0","","","19660213",",2,0","19660201",",,0","19660224","+,1,0","","","19660204",",,0","19660228","+,1,0","-9.4","2,0,13,","51",",,0,01,","0","1,T,0,24,+","36.3",",,0,04,","12.8","1,0,28,+","","","408.6","1,0","109.2",",,,0","0","1,T,,0","2.70","2,0","8.76","1,,,0","-3.37","2,,,0"
"USC00043130","1966-03","40.38333","-123.33333","712.9","FOREST GLEN, CA US","0.0","0","0.0",",0","14",",0","13",",0","2",",0","6",",0","3",",0","0",",0","24",",0","0",",0","7",",0","0",",0","","","19660303",",,0","19660302",",,0","19660302",",,0","","","19660309",",,0","19660330",",,0","-11.1",",0,03,","229",",,0,02,","229",",,0,02,","36.8",",,0,09,","26.7",",0,30,","","","386.1",",0","202.4",",,,0","407",",,,0","5.88",",0","13.75",",,,0","-1.99",",,,0"
"USC00043130","1966-04","40.38333","-123.33333","712.9","FOREST GLEN, CA US","0.0","0","0.0","2,0","2","2,0","2","2,0","0","2,0","0",",0","0",",0","0","2,0","17","2,0","0","2,0","20","2,0","0","2,0","","","19660419",",2,0","19660430","+,,0","19660430","+,,0","","","19660412",",2,0","19660417",",2,0","-3.9","2,0,19,","0",",,0,30,+","0",",,0,30,+","17.8","2,,0,12,","29.4","2,0,17,","","","192.3","2,0","54.1",",a,,0","0",",,,0","11.46","2,0","23.09","2,,,0","-0.16","2,,,0"
"USC00043130","1966-05","40.38333","-123.33333","712.9","FOREST GLEN, CA US","6.6","0","6.6",",0","1",",0","1",",0","0",",0","0",",0","0",",0","0",",0","6",",0","0",",0","29",",0","6",",0","","","19660502",",,0","19660531","+,,0","19660531","+,,0","1","","19660530",",,0","19660520",",,0","-1.1",",0,02,","0",",,0,31,+","0",",,0,31,+","7.4",",,0,30,","34.4",",0,20,","","","96.4",",0","7.4",",,,0","0",",,,0","15.44",",0","27.17",",,,0","3.71",",,,0"
"USC00043130","1966-06","40.38333","-123.33333","712.9","FOREST GLEN, CA US","22.5","0","15.9","1,0","2",",0","0",",0","0",",0","0",",0","0",",0","0","1,0","1","1,0","0","1,0","23","1,0","5","1,0","","","19660604",",1,0","19660630","+,,0","19660630","+,,0","","","19660603",",,0","19660615",",1,0","-1.1","1,0,04,","0",",,0,30,+","0",",,0,30,+","1.3",",,0,03,","37.8","1,0,15,","","","88.9","1,0","1.8",",,,0","0",",,,0","15.82","1,0","26.44","1,,,0","5.19","1,,,0"
"USC00043130","1966-07","40.38333","-123.33333","712.9","FOREST GLEN, CA US","63.1","0","40.6",",0","2",",0","1",",0","0",",0","0",",0","0",",0","0",",0","1",",0","0",",0","31",",0","14",",0","","","19660702",",,0","19660731","+,,0","19660731","+,,0","","","19660711",",,0","19660730",",,0","-1.1",",0,02,","0",",,0,31,+","0",",,0,31,+","5.6",",,0,11,","38.9",",0,30,","26.4","0","26.4",",0","6.4",",,,0","0",",,,0","18.79",",0","31.50",",,,0","6.07",",,,0"
"USC00043130","1966-08","40.38333","-123.33333","712.9","FOREST GLEN, CA US","170.8","0","107.7","1,0","2",",0","1",",0","0",",0","0",",0","0",",0","0","1,0","0","1,0","0","1,0","29","1,0","23","1,0","","","19660829",",1,0","19660831","+,,0","19660831","+,,0","","","19660830",",,0","19660816",",1,0","2.2","1,0,29,","0",",,0,31,+","0",",,0,31,+","5.1",",,0,30,","40.0","1,0,16,","46.7","0","20.3","1,0","6.1",",,,0","0",",,,0","21.25","1,0","34.61","1,,,0","7.88","1,,,0"
"USC00043130","1966-09","40.38333","-123.33333","712.9","FOREST GLEN, CA US","191.7","0","20.9",",0","2",",0","1",",0","0",",0","0",",0","0",",0","0",",0","2",",0","0",",0","28",",0","9",",0","","","19660912",",,0","19660930","+,,0","19660930","+,,0","","","19660918",",,0","19660930","+,,0","-1.1",",0,12,","0",",,0,30,+","0",",,0,30,+","17.8",",,0,18,","37.2",",0,30,+","105.3","0","58.6",",0","18.6",",,,0","0",",,,0","17.08",",0","29.10",",,,0","5.05",",,,0"
"USC00043130","1966-10","40.38333","-123.33333","712.9","FOREST GLEN, CA US","193.9","0","2.2","3,0","1",",0","1",",0","0",",0","0",",0","0",",0","0","2,0","14","2,0","0","2,0","22","2,0","2","2,0","","","19661014",",2,0","19661031","+,,0","19661031","+,,0","","","19661021",",,0","19661001",",2,0","-6.1","2,0,14,","0",",,0,31,+","0",",,0,31,+","3.8",",,0,21,","35.0","2,0,01,","277.7","0","172.4","2,0","3.8",",,,0","0",",,,0","12.10","3,0","24.28","2,,,0","-0.07","2,,,0"
"USC00043130","1966-11","40.38333","-123.33333","712.9","FOREST GLEN, CA US","193.9","0","0.0",",0","16",",0","13",",0","10",",0","0",",0","0",",0","0",",0","15",",0","0",",0","5",",0","0",",0","","","19661109","+,,0","19661130","+,,0","19661130","+,,0","","","19661121",",,0","19661101",",,0","-3.9",",0,09,+","0",",,0,30,+","0",",,0,30,+","68.6",",,0,21,","24.4",",0,01,","619.6","0","341.9",",0","440.1",",,,0","0",",,,0","6.94",",0","12.96",",,,0","0.92",",,,0"
"USC00043130","1966-12","40.38333","-123.33333","712.9","FOREST GLEN, CA US","193.9","0","0.0","3,0","15",",0","13",",0","6",",0","0",",0","1",",0","0","3,0","16","3,0","0","3,0","0","3,0","0","3,0","","","19661227",",3,0","19661231","+,,0","19661203",",,0","","","19661202",",,0","19661213",",3,0","-8.3","3,0,27,","0",",,0,31,+","25",",,0,03,","72.4",",,0,02,","13.9","3,0,13,","1033.1","0","413.5","3,0","341.4",",,,0","25",",,,0","3.56","3,0","7.91","3,,,0","-0.78","3,,,0"
"USC00043130","1967-01","40.38333","-123.33333","712.9","FOREST GLEN, CA US","0.0","0","0.0","1,0","13",",0","11",",0","5",",0","3",",0","6",",0","0","1,0","26","1,0","0","1,0","0","1,0","0","1,0","","","19670117",",1,0","19670124",",,0","19670126","+,,0","","","19670128",",,0","19670114",",1,0","-6.7","1,0,17,","51",",,0,24,","76",",,0,26,+","141.7",",,0,28,","12.8","1,0,14,","1510.5","0","477.4","1,0","482.4",",,,0","303",",,,0","2.42","1,0","7.32","1,,,0","-2.48","1,,,0"
"USC00043130","1967-02","40.38333","-123.33333","712.9","FOREST GLEN, CA US","0.0","0","0.0",",0","5",",0","3",",0","0",",0","1",",0","1",",0","0",",0","25",",0","0",",0","0",",0","0",",0","","","19670222","+,,0","19670215",",,0","19670215",",,0","","","19670225","+,,0","19670213",",,0","-6.7",",0,22,+","25",",,0,15,","25",",,0,15,","7.1",",,0,25,+","16.7",",0,13,","1882.8","0","372.3",",0","20.8",",,,0","25",",,,0","5.04",",0","12.55",",,,0","-2.48",",,,0"
"USC00043130","1967-03","40.38333","-123.33333","712.9","FOREST GLEN, CA US","0.0","0","0.0","1,0","17",",0","14",",0","3",",0","8","1,0","3",",0","0","1,0","27","1,0","0","1,0","0","1,0","0","1,0","","","19670304",",1,0","19670312",",1,0","19670312",",,0","","","19670316",",,0","19670308",",1,0","-9.4","1,0,04,","254","1,,0,12,","152",",,0,12,","61.0",",,0,16,","20.6","1,0,08,","2291.0","0","408.2","1,0","274.2",",,,0","356",",,,0","4.73","1,0","11.61","1,,,0","-2.16","1,,,0"
"USC00043130","1967-04","40.38333","-123.33333","712.9","FOREST GLEN, CA US","0.0","0","0.0",",0","23",",0","15",",0","0",",0","1",",0","1",",0","0",",0","25",",0","0",",0","0",",0","0",",0","","","19670402",",,0","19670401",",,0","19670401",",,0","","","19670406",",,0","19670413",",,0","-4.4",",0,02,","25",",,0,01,","25",",,0,01,","23.4",",,0,06,","15.0",",0,13,","2721.4","0","430.4",",0","149.7",",,,0","25",",,,0","3.99",",0","9.14",",,,0","-1.17",",,,0"
"USC00043130","1967-05","40.38333","-123.33333","712.9","FOREST GLEN, CA US","3.7","0","3.7",",0","4",",0","2",",0","0",",0","0",",0","0",",0","0",",0","7",",0","0",",0","19",",0","4",",0","","","19670507","+,,0","19670531","+,,0","19670531","+,,0","","","19670510",",,0","19670521",",,0","-1.7",",0,07,+","0",",,0,31,+","0",",,0,31,+","14.7",",,0,10,","33.9",",0,21,","2889.4","0","168.0",",0","23.1",",,,0","0",",,,0","13.03",",0","23.91",",,,0","2.15",",,,0"
"USC00043130","1967-06","40.38333","-123.33333","712.9","FOREST GLEN, CA US","38.9","0","35.2",",0","1",",0","1",",0","0",",0","0",",0","0",",0","0",",0","1",",0","0",",0","27",",0","10",",0","","","19670611",",,0","19670630","+,,0","19670630","+,,0","1","","19670602",",,0","19670630",",,0","0.0",",0,11,","0",",,0,30,+","0",",,0,30,+","15.5",",,0,02,","38.9",",0,30,","2970.3","0","80.9",",0","15.5",",,,0","0",",,,0","16.81",",0","27.83",",,,0","5.79",",,,0"
"USC00043130","1967-07","40.38333","-123.33333","712.9","FOREST GLEN, CA US","118.7","0","79.8","2,0","0",",0","0",",0","0",",0","0",",0","0",",0","0",",0","0",",0","0","2,0","29","2,0","24","2,0","","","19670718",",,0","19670731","+,,0","19670731","+,,0","","","19670731","+,,0","19670701",",2,0","2.8",",0,18,","0",",,0,31,+","0",",,0,31,+","0.0",",,0,31,+","39.4","2,0,01,","3.0","0","3.0","2,0","0.0",",,,0","0",",,,0","20.92","2,0","34.17","2,,,0","7.66",",,,0"
"USC00043130","1967-08","40.38333","-123.33333","712.9","FOREST GLEN, CA US","233.9","0","115.2",",0","0",",0","0",",0","0",",0","0",",0","0",",0","0",",0","0",",0","0",",0","31",",0","30",",0","","","19670806","+,,0","19670831","+,,0","19670831","+,,0","1","","19670826",",,0","19670815",",,0","4.4",",0,06,+","0",",,0,31,+","0",",,0,31,+","0.0",",T,0,26,","39.4",",0,15,","4.4","0","1.4",",0","0.0",",T,,0","0",",,,0","22.00",",0","35.88",",,,0","8.13",",,,0"
"USC00043130","1967-09","40.38333","-123.33333","712.9","FOREST GLEN, CA US","255.9","0","22.0",",0","2",",0","1",",0","0",",0","0",",0","0",",0","0",",0","0",",0","0",",0","29",",0","18",",0","","","19670915","+,,0","19670930","+,,0","19670930","+,,0","","","19670918",",,0","19670929","+,,0","2.2",",0,15,+","0",",,0,30,+","0",",,0,30,+","5.6",",,0,18,","35.6",",0,29,+","21.7","0","17.3",",0","7.4",",,,0","0",",,,0","18.49",",0","31.50",",,,0","5.48",",,,0"
"USC00043130","1967-10","40.38333","-123.33333","712.9","FOREST GLEN, CA US","255.9","0","0.0","3,0","5",",0","3",",0","0",",0","0",",0","0",",0","0","2,0","8","2,0","0","2,0","12","2,0","0","2,0","","","19671015",",2,0","19671031","+,,0","19671031","+,,0","","","19671005",",,0","19671019",",2,0","-3.3","2,0,15,","0",",,0,31,+","0",",,0,31,+","7.6",",,0,05,","24.4","2,0,19,","225.5","0","203.8","2,0","16.3",",,,0","0",",,,0","10.99","3,0","19.60","2,,,0","2.38","2,,,0"
"USC00043130","1967-11","40.38333","-123.33333","712.9","FOREST GLEN, CA US","255.9","0","0.0",",0","6",",0","4",",0","2",",0","1",",0","1",",0","0",",0","11",",0","0",",0","0",",0","0",",0","","","19671126",",,0","19671130",",,0","19671130",",,0","","","19671114",",,0","19671106",",,0","-6.7",",0,26,","127",",,0,30,","127",",,0,30,","70.4",",,0,14,","20.0",",0,06,","557.2","0","331.7",",0","141.7",",,,0","127",",,,0","7.28",",0","13.74",",,,0","0.82",",,,0"
"USC00043130","1967-12","40.38333","-123.33333","712.9","FOREST GLEN, CA US","255.9","0","0.0","2,0","8",",0","8",",0","4",",0","22",",0","1",",0","0","2,0","29","2,0","0","1,0","0","1,0","0","1,0","","","19671215",",2,0","19671219","+,,0","19671218",",,0","","","19671203",",,0","19671205",",1,0","-12.8","2,0,15,","102",",,0,19,+","102",",,0,18,","101.6",",,0,03,","6.7","1,0,05,","1107.0","0","549.8","1,0","274.3",",,,0","102",",,,0","-0.63","2,0","4.28","1,,,0","-5.54","2,,,0"
"USC00043130","1968-01","40.38333","-123.33333","712.9","FOREST GLEN, CA US","0.0","0","0.0",",0","12",",0","12",",0","6",",0","5",",0","0","5,0","0",",0","29",",0","0",",0","0",",0","0",",0","","","19680128",",,0","19680131",",,0","19680131","+,5,0","","","19680110",",,0","19680123",",,0","-11.7",",0,28,","203",",,0,31,","0","5,,0,31,+","84.6",",,0,10,","10.6",",0,23,","1659.0","0","552.0",",0","422.1",",,,0","0","5,,,0","0.53",",0","5.89",",,,0","-4.84",",,,0"
"USC00043130","1968-02","40.38333","-123.33333","712.9","FOREST GLEN, CA US","0.0","0","0.0","1,0","12",",0","10",",0","5",",0","7",",0","0",",0","0","1,0","20","1,0","0",",0","0",",0","0",",0","","","19680208",",1,0","19680202","+,,0","19680229","+,,0","","","19680220",",,0","19680229","+,,0","-4.4","1,0,08,","178",",,0,02,+","0",",,0,29,+","61.0",",,0,20,","18.3",",0,29,+","2010.1","0","351.1",",0","269.1",",,,0","0",",,,0","5.86","1,0","11.51",",,,0","0.20","1,,,0"
"USC00043130","1968-03","40.38333","-123.33333","712.9","FOREST GLEN, CA US","0.0","0","0.0","1,0","9","2,0","7","2,0","3","2,0","0",",0","0",",0","0","1,0","20","1,0","0","1,0","3","1,0","0","1,0","","","19680310",",1,0","19680331","+,,0","19680331","+,,0","","","19680313",",2,0","19680331",",1,0","-6.1","1,0,10,","0",",,0,31,+","0",",,0,31,+","30.0","2,,0,13,","24.4","1,0,31,","2345.9","0","335.8","1,0","164.7",",a,,0","0",",,,0","7.14","1,0","15.17","1,,,0","-0.89","1,,,0"
"USC00043130","1968-04","40.38333","-123.33333","712.9","FOREST GLEN, CA US","0.0","0","0.0",",0","4",",0","2",",0","0",",0","0",",0","0",",0","0",",0","22",",0","0",",0","14",",0","0",",0","","","19680420",",,0","19680430","+,,0","19680430","+,,0","","","19680402","+,,0","19680429",",,0","-6.7",",0,20,","0",",,0,30,+","0",",,0,30,+","4.1",",,0,02,+","27.8",",0,29,","2627.0","0","281.1",",0","10.8",",,,0","0",",,,0","8.96",",0","19.76",",,,0","-1.83",",,,0"
"USC00043130","1968-05","40.38333","-123.33333","712.9","FOREST GLEN, CA US","0.0","0","0.0",",0","6",",0","5",",0","0",",0","0",",0","0",",0","0",",0","12",",0","0",",0","20",",0","0",",0","","","19680506",",,0","19680531","+,,0","19680531","+,,0","","","19680520",",,0","19680504","+,,0","-5.0",",0,06,","0",",,0,31,+","0",",,0,31,+","23.1",",,0,20,","28.3",",0,04,+","2853.1","0","226.1",",0","38.8",",,,0","0",",,,0","11.04",",0","21.21",",,,0","0.87",",,,0"
"USC00043130","1968-07","40.38333","-123.33333","712.9","FOREST GLEN, CA US","","","77.0","1,0","0",",0","0",",0","0",",0","0",",0","0",",0","0","1,0","0","1,0","0",",0","31",",0","22",",0","","","19680716",",1,0","19680731","+,,0","19680731","+,,0","","","19680731","+,,0","19680727",",,0","1.7","1,0,16,","0",",,0,31,+","0",",,0,31,+","0.0",",,0,31,+","41.1",",0,27,","12.7","0","12.7",",0","0.0",",,,0","0",",,,0","20.44","1,0","33.47",",,,0","7.40","1,,,0"
"USC00043130","1968-09","40.38333","-123.33333","712.9","FOREST GLEN, CA US","","","21.1",",0","1",",0","1",",0","0",",0","0",",0","0",",0","0",",0","3",",0","0",",0","28",",0","12",",0","","","19680922","+,,0","19680930","+,,0","19680930","+,,0","","","19680914",",,0","19680907",",,0","-1.7",",0,22,+","0",",,0,30,+","0",",,0,30,+","6.1",",,0,14,","36.1",",0,07,","","","56.9",",0","6.1",",,,0","0",",,,0","17.14",",0","29.61",",,,0","4.66",",,,0"
"USC00043130","1968-10","40.38333","-123.33333","712.9","FOREST GLEN, CA US","","","0.0","1,0","9",",0","8",",0","1",",0","0",",0","0",",0","0","1,0","7","1,0","0",",0","15",",0","0",",0","","","19681008",",1,0","19681031","+,,0","19681031","+,,0","","","19681012",",,0","19681002",",,0","-3.9","1,0,08,","0",",,0,31,+","0",",,0,31,+","50.8",",,0,12,","30.6",",0,02,","","","213.6",",0","105.7",",,,0","0",",,,0","11.19","1,0","20.21",",,,0","2.17","1,,,0"
"USC00043130","1968-11","40.38333","-123.33333","712.9","FOREST GLEN, CA US","","","0.0","2,0","16",",0","10",",0","5",",0","2",",0","1",",0","0","2,0","9","2,0","0",",0","0",",0","0",",0","","","19681128",",2,0","19681115",",,0","19681115",",,0","","","19681102",",,0","19681110",",,0","-2.8","2,0,28,","76",",,0,15,","76",",,0,15,","50.3",",,0,02,","18.3",",0,10,","","","345.3",",0","210.5",",,,0","76",",,,0","6.08","2,0","10.37",",,,0","1.79","2,,,0"
"USC00043130","1968-12","40.38333","-123.33333","712.9","FOREST GLEN, CA US","","","","","12","3,0","12","3,0","6","3,0","8","2,0","5",",0","","","","","1","3,0","0","3,0","0","3,0","","","","","19681228",",2,0","19681224",",,0","","","19681224",",3,0","19681208",",3,0","","","610","2,,0,28,","254",",,0,24,","101.6","3,,0,24,","14.4","3,0,08,","","","","","564.0",",a,,0","711",",,,0","","","5.23","3,,,0","",""
"USC00043130","1969-01","40.38333","-123.33333","712.9","FOREST GLEN, CA US","0.0","0","0.0","3,0","18",",0","14",",0","8",",0","30","1,0","4",",0","0","3,0","24","3,0","0","1,0","0","1,0","0","1,0","","","19690109",",3,0","19690130",",1,0","19690127",",,0","","","19690112",",,0","19690126",",1,0","-11.7","3,0,09,","610","1,,0,30,","152",",,0,27,","162.6",",,0,12,","10.0","1,0,26,","","","483.6","1,0","678.8",",,,0","355",",,,0","0.99","3,0","4.77","1,,,0","-2.80","3,,,0"
"USC00043130","1969-02","40.38333","-123.33333","712.9","FOREST GLEN, CA US","0.0","0","0.0","2,0","16",",0","15",",0","5",",0","28",",0","6",",0","0","2,0","22","2,0","0","1,0","0","1,0","0","1,0","","","19690204",",2,0","19690206",",,0","19690225","+,,0","","","19690209",",,0","19690211",",1,0","-5.0","2,0,04,","559",",,0,06,","178",",,0,25,+","65.5",",,0,09,","8.9","1,0,11,","","","409.6","1,0","335.0",",,,0","712",",,,0","2.56","2,0","6.06","1,,,0","-0.94","2,,,0"
"USC00043130","1969-03","40.38333","-123.33333","712.9","FOREST GLEN, CA US","0.0","0","0.0",",0","8",",0","5",",0","0",",0","15",",0","1",",0","0",",0","25",",0","0",",0","3",",0","0",",0","","","19690311","+,,0","19690301",",,0","19690313",",,0","","","19690319",",,0","19690329",",,0","-6.7",",0,11,+","457",",,0,01,","51",",,0,13,","19.6",",,0,19,","22.8",",0,29,","","","398.5",",0","51.3",",,,0","51",",,,0","5.48",",0","13.19",",,,0","-2.23",",,,0"
"USC00043130","1969-04","40.38333","-123.33333","712.9","FOREST GLEN, CA US","0.0","0","0.0","2,0","8","2,0","6","2,0","2","2,0","0",",0","0",",0","0","2,0","12","2,0","0","2,0","7","2,0","0","2,0","","","19690403",",2,0","19690430","+,,0","19690423",",,0","","","19690403",",2,0","19690421",",2,0","-1.1","2,0,03,","0",",,0,30,+","0",",T,0,23,","33.0","2,,0,03,","25.6","2,0,21,","","","258.8","2,0","116.7",",a,,0","0",",T,,0","9.09","2,0","17.25","2,,,0","0.93","2,,,0"
"USC00043130","1969-05","40.38333","-123.33333","712.9","FOREST GLEN, CA US","5.3","0","5.3","1,0","4",",0","2",",0","0",",0","0",",0","0",",0","0",",0","4",",0","0","1,0","23","1,0","2","1,0","","","19690504","+,,0","19690531","+,,0","19690531","+,,0","","","19690527",",,0","19690523",",1,0","-2.8",",0,04,+","0",",,0,31,+","0",",,0,31,+","14.2",",,0,27,","32.8","1,0,23,","","","105.3","1,0","21.6",",,,0","0",",,,0","15.02","1,0","25.27","1,,,0","4.77",",,,0"
"USC00043130","1969-06","40.38333","-123.33333","712.9","FOREST GLEN, CA US","34.7","0","29.4",",0","2",",0","1",",0","1",",0","0",",0","0",",0","0",",0","0",",0","0",",0","25",",0","5",",0","","","19690629",",,0","19690630","+,,0","19690630","+,,0","","","19690619",",,0","19690604",",,0","2.8",",0,29,","0",",,0,30,+","0",",,0,30,+","33.8",",,0,19,","36.1",",0,04,","","","46.4",",0","34.3",",,,0","0",",,,0","17.77",",0","26.91",",,,0","8.62",",,,0"
"USC00043130","1969-07","40.38333","-123.33333","712.9","FOREST GLEN, CA US","109.5","0","74.8","1,0","0",",0","0",",0","0",",0","0",",0","0",",0","0","1,0","0","1,0","0",",0","31",",0","21",",0","","","19690715",",1,0","19690731","+,,0","19690731","+,,0","","","19690723",",,0","19690723",",,0","3.3","1,0,15,","0",",,0,31,+","0",",,0,31,+","0.0",",T,0,23,","40.0",",0,23,","8.6","0","8.6",",0","0.0",",T,,0","0",",,,0","20.65","1,0","33.63",",,,0","7.67","1,,,0"
"USC00043130","1969-08","40.38333","-123.33333","712.9","FOREST GLEN, CA US","163.8","0","54.3","2,0","0",",0","0",",0","0",",0","0",",0","0",",0","0","1,0","0","1,0","0","2,0","29","2,0","19","2,0","","","19690825",",1,0","19690831","+,,0","19690831","+,,0","","","19690831","+,,0","19690814",",2,0","2.2","1,0,25,","0",",,0,31,+","0",",,0,31,+","0.0",",,0,31,+","37.8","2,0,14,","23.4","0","14.8","2,0","0.0",",,,0","0",",,,0","19.70","2,0","33.43","2,,,0","5.96","1,,,0"
"USC00043130","1969-09","40.38333","-123.33333","712.9","FOREST GLEN, CA US","195.9","0","32.1","1,0","3",",0","1",",0","0",",0","0",",0","0",",0","0","1,0","0","1,0","0",",0","28",",0","14",",0","","","19690930","+,1,0","19690930","+,,0","19690930","+,,0","","","19690918",",,0","19690901",",,0","3.3","1,0,30,+","0",",,0,30,+","0",",,0,30,+","4.6",",,0,18,","37.2",",0,01,","57.9","0","34.5",",0","6.2",",,,0","0",",,,0","18.35","1,0","30.80",",,,0","5.90","1,,,0"
"USC00043130","1969-10","40.38333","-123.33333","712.9","FOREST GLEN, CA US","195.9","0","0.0",",0","6",",0","3",",0","3",",0","0",",0","0",",0","0",",0","14",",0","0",",0","7",",0","0",",0","","","19691013","+,,0","19691031","+,,0","19691031","+,,0","","","19691016",",,0","19691002",",,0","-3.9",",0,13,+","0",",,0,31,+","0",",,0,31,+","66.0",",,0,16,","27.2",",0,02,","330.0","0","272.1",",0","129.1",",,,0","0",",,,0","9.56",",0","18.43",",,,0","0.68",",,,0"
"USC00043130","1969-11","40.38333","-123.33333","712.9","FOREST GLEN, CA US","195.9","0","0.0",",0","5",",0","2",",0","1",",0","0",",0","0",",0","0",",0","19",",0","0",",0","0",",0","0",",0","","","19691130",",,0","19691130","+,,0","19691130","+,,0","","","19691105",",,0","19691101",",,0","-6.7",",0,30,","0",",,0,30,+","0",",,0,30,+","58.9",",,0,05,","20.6",",0,01,","712.1","0","382.1",",0","65.8",",,,0","0",",,,0","5.60",",0","12.43",",,,0","-1.23",",,,0"
"USC00043130","1969-12","40.38333","-123.33333","712.9","FOREST GLEN, CA US","195.9","0","0.0","1,0","20",",0","17",",0","9",",0","0",",0","0",",0","0","1,0","15","1,0","0",",0","0",",0","0",",0","","","19691201",",1,0","19691231","+,,0","19691226","+,,0","","","19691221",",,0","19691221",",,0","-6.7","1,0,01,","0",",,0,31,+","0",",T,0,26,+","132.1",",,0,21,","14.4",",0,21,","1133.4","0","421.3",",0","669.9",",,,0","0",",T,,0","4.29","1,0","8.33",",,,0","0.25","1,,,0"
"USC00043130","1970-01","40.38333","-123.33333","712.9","FOREST GLEN, CA US","0.0","0","0.0","2,0","22",",0","20",",0","11",",0","0",",0","0",",0","0","2,0","10","2,0","0","2,0","0","2,0","0","2,0","","","19700106","+,2,0","19700131","+,,0","19700131","+,,0","","","19700124",",,0","19700123",",2,0","-8.9","2,0,06,+","0",",,0,31,+","0",",,0,31,+","106.2",",,0,24,","13.9","2,0,23,","1528.3","0","394.9","2,0","806.9",",,,0","0",",,,0","4.72","2,0","8.08","2,,,0","1.36","2,,,0"
"USC00043130","1970-02","40.38333","-123.33333","712.9","FOREST GLEN, CA US","0.0","0","0.0",",0","6",",0","5",",0","2",",0","0",",0","0",",0","0",",0","18",",0","0",",0","0",",0","0",",0","","","19700223",",,0","19700228","+,,0","19700228","+,,0","","","19700217",",,0","19700228",",,0","-5.0",",0,23,","0",",,0,28,+","0",",,0,28,+","59.7",",,0,17,","18.9",",0,28,","1873.4","0","345.1",",0","132.7",",,,0","0",",,,0","6.01",",0","12.43",",,,0","-0.41",",,,0"
"USC00043130","1970-03","40.38333","-123.33333","712.9","FOREST GLEN, CA US","0.0","0","0.0","1,0","9",",0","7",",0","0",",0","0",",0","0",",0","0","1,0","17","1,0","0","1,0","7","1,0","0","1,0","","","19700319",",1,0","19700331","+,,0","19700331","+,,0","","","19700301",",,0","19700326","+,1,0","-5.0","1,0,19,","0",",,0,31,+","0",",,0,31,+","24.4",",,0,01,","23.9","1,0,26,+","2194.2","0","320.8","1,0","116.6",",,,0","0",",,,0","7.64","1,0","15.33","1,,,0","-0.05","1,,,0"
"USC00043130","1970-04","40.38333","-123.33333","712.9","FOREST GLEN, CA US","0.0","0","0.0","2,0","8",",0","2",",0","0",",0","0",",0","0",",0","0","2,0","23","2,0","0",",0","4",",0","0",",0","","","19700420","+,2,0","19700430","+,,0","19700426",",,0","","","19700426",",,0","19700406","+,,0","-5.0","2,0,20,+","0",",,0,30,+","0",",T,0,26,","8.1",",,0,26,","23.3",",0,06,+","2514.5","0","320.3",",0","18.1",",,,0","0",",T,,0","6.86","2,0","15.55",",,,0","-1.82","2,,,0"
"USC00043130","1970-05","40.38333","-123.33333","712.9","FOREST GLEN, CA US","5.3","0","5.3","1,0","5",",0","4",",0","0",",0","0",",0","0",",0","0","1,0","3","1,0","0",",0","22",",0","4",",0","","","19700511","+,1,0","19700531","+,,0","19700531","+,,0","","","19700512",",,0","19700516",",,0","-1.1","1,0,11,+","0",",,0,31,+","0",",,0,31,+","14.0",",,0,12,","33.9",",0,16,","2654.9","0","140.4",",0","25.4",",,,0","0",",,,0","13.74","1,0","24.38",",,,0","3.10","1,,,0"
"USC00043130","1970-06","40.38333","-123.33333","712.9","FOREST GLEN, CA US","","","","","4",",0","1",",0","0",",0","0",",0","0",",0","","","","","","","","","","","","","","","19700630","+,,0","19700630","+,,0","","","19700609",",,0","","","","","0",",,0,30,+","0",",,0,30,+","7.4",",,0,09,","","","","","","","10.0",",,,0","0",",,,0","","","","","",""
"USC00043130","1970-07","40.38333","-123.33333","712.9","FOREST GLEN, CA US","","","118.6",",0","0",",0","0",",0","0",",0","0",",0","0",",0","0",",0","0",",0","0",",0","31",",0","26",",0","","","19700729",",,0","19700731","+,,0","19700731","+,,0","","","19700731","+,,0","19700715",",,0","4.4",",0,29,","0",",,0,31,+","0",",,0,31,+","0.0",",,0,31,+","40.0",",0,15,","2.0","0","2.0",",0","0.0",",,,0","0",",,,0","22.10",",0","35.31",",,,0","8.88",",,,0"
"USC00043130","1970-08","40.38333","-123.33333","712.9","FOREST GLEN, CA US","","","78.4",",0","0",",0","0",",0","0",",0","0",",0","0",",0","0",",0","0",",0","0",",0","31",",0","27",",0","","","19700808","+,,0","19700831","+,,0","19700831","+,,0","","","19700831","+,,0","19700811",",,0","4.4",",0,08,+","0",",,0,31,+","0",",,0,31,+","0.0",",,0,31,+","40.0",",0,11,","4.0","0","2.0",",0","0.0",",,,0","0",",,,0","20.80",",0","34.86",",,,0","6.74",",,,0"
"USC00043130","1970-10","40.38333","-123.33333","712.9","FOREST GLEN, CA US","","","0.0",",0","8",",0","5",",0","2",",0","0",",0","0",",0","0",",0","16",",0","0",",0","17",",0","4",",0","","","19701027",",,0","19701031","+,,0","19701031","+,,0","","","19701020",",,0","19701005","+,,0","-4.4",",0,27,","0",",,0,31,+","0",",,0,31,+","34.0",",,0,20,","32.2",",0,05,+","","","229.8",",0","94.0",",,,0","0",",,,0","10.92",",0","21.66",",,,0","0.18",",,,0"
"USC00043130","1970-11","40.38333","-123.33333","712.9","FOREST GLEN, CA US","","","0.0","1,0","19",",0","19",",0","6",",0","1",",0","1",",0","0","1,0","14","1,0","0",",0","0",",0","0",",0","","","19701108","+,1,0","19701128",",,0","19701128",",,0","","","19701128",",,0","19701103",",,0","-1.1","1,0,08,+","51",",,0,28,","51",",,0,28,","80.3",",,0,28,","18.3",",0,03,","","","339.4",",0","502.2",",,,0","51",",,,0","6.59","1,0","11.28",",,,0","1.90","1,,,0"
"USC00043130","1970-12","40.38333","-123.33333","712.9","FOREST GLEN, CA US","","","0.0","2,0","20",",0","19",",0","7",",0","5",",","","","0","1,0","17","1,0","0","2,0","0","2,0","0","2,0","","","19701226",",1,0","19701222","+,,0","","","","","19701204",",,0","19701207",",2,0","-7.8","1,0,26,","102",",,0,22,+","","","94.7",",,0,04,","11.1","2,0,07,","","","450.9","2,0","513.0",",,,0","","","2.79","2,0","5.96","2,,,0","-0.37","1,,,0"
"USC00043130","1971-01","40.38333","-123.33333","712.9","FOREST GLEN, CA US","","","","","11",",0","10",",0","4",",0","1",",0","2",",0","","","","","","","","","","","","","","","19710115",",,0","19710115",",,0","","","19710116",",,0","","","","","51",",,0,15,","127",",,0,15,","120.7",",,0,16,","","","","","","","319.0",",,,0","152",",,,0","","","","","",""
"USC00043130","1971-02","40.38333","-123.33333","712.9","FOREST GLEN, CA US","","","","","5",",0","4",",0","0",",0","2",",0","1",",0","","","","","","","","","","","","","","","19710225",",,0","19710225",",,0","","","19710225",",,0","","","","","76",",,0,25,","127",",,0,25,","12.7",",,0,25,","","","","","","","33.8",",,,0","127",",,,0","","","","","",""
"USC00043130","1971-03","40.38333","-123.33333","712.9","FOREST GLEN, CA US","","","","","16",",0","10",",0","4",",0","0",",0","0",",0","","","","","","","","","","","","","","","19710331","+,,0","19710331","+,,0","","","19710325",",,0","","","","","0",",,0,31,+","0",",,0,31,+","139.7",",,0,25,","","","","","","","377.7",",,,0","0",",,,0","","","","","",""
"USC00043130","1971-04","40.38333","-123.33333","712.9","FOREST GLEN, CA US","","","0.0",",0","7",",0","5",",0","1",",0","0",",0","0",",0","0",",0","19",",0","0",",0","3",",0","0",",0","","","19710421",",,0","19710430","+,,0","19710418","+,,0","","","19710411",",,0","19710411",",,0","-3.9",",0,21,","0",",,0,30,+","0",",T,0,18,+","58.2",",,0,11,","26.1",",0,11,","","","303.0",",0","100.2",",,,0","0",",T,,0","8.23",",0","16.69",",,,0","-0.23",",,,0"
"USC00043130","1971-05","40.38333","-123.33333","712.9","FOREST GLEN, CA US","","","0.0",",0","6",",0","3",",0","0",",0","0",",0","0",",0","0",",0","7",",0","0",",0","13",",0","0",",0","","","19710521",",,0","19710531","+,,0","19710531","+,,0","","","19710526",",,0","19710524",",,0","-3.3",",0,21,","0",",,0,31,+","0",",,0,31,+","7.6",",,0,26,","29.4",",0,24,","","","207.7",",0","18.5",",,,0","0",",,,0","11.63",",0","20.47",",,,0","2.80",",,,0"
"USC00043130","1971-06","40.38333","-123.33333","712.9","FOREST GLEN, CA US","","","2.2",",0","3",",0","2",",0","0",",0","0",",0","0",",0","0",",0","1",",0","0",",0","24",",0","1",",0","","","19710628",",,0","19710630","+,,0","19710630","+,,0","","","19710619",",,0","19710622",",,0","-0.6",",0,28,","0",",,0,30,+","0",",,0,30,+","4.3",",,0,19,","32.2",",0,22,","","","93.8",",0","8.6",",,,0","0",",,,0","15.28",",0","25.00",",,,0","5.55",",,,0"
"USC00043130","1971-07","40.38333","-123.33333","712.9","FOREST GLEN, CA US","","","96.0","1,0","0",",0","0",",0","0",",0","0",",0","0",",0","0","1,0","0","1,0","0","1,0","30","1,0","17","1,0","","","19710710",",1,0","19710731","+,,0","19710731","+,,0","","","19710718",",,0","19710717",",1,0","1.7","1,0,10,","0",",,0,31,+","0",",,0,31,+","0.0",",T,0,18,","38.9","1,0,17,","21.1","0","21.1","1,0","0.0",",T,,0","0",",,,0","20.83","1,0","33.03","1,,,0","8.63","1,,,0"
"USC00043130","1971-08","40.38333","-123.33333","712.9","FOREST GLEN, CA US","","","92.9",",0","2",",0","2",",0","0",",0","0",",0","0",",0","0",",0","0",",0","0",",0","30",",0","25",",0","","","19710816",",,0","19710831","+,,0","19710831","+,,0","","","19710827",",,0","19710811",",,0","4.4",",0,16,","0",",,0,31,+","0",",,0,31,+","10.4",",,0,27,","40.0",",0,11,","29.1","0","8.0",",0","17.5",",,,0","0",",,,0","21.07",",0","33.43",",,,0","8.71",",,,0"
"USC00043130","1971-09","40.38333","-123.33333","712.9","FOREST GLEN, CA US","","","17.6",",0","4",",0","3",",0","1",",0","0",",0","0",",0","0",",0","0",",0","0",",0","22",",0","9",",0","","","19710919",",,0","19710930","+,,0","19710930","+,,0","","","19710930",",,0","19710916",",,0","0.6",",0,19,","0",",,0,30,+","0",",,0,30,+","26.4",",,0,30,","37.2",",0,16,","116.1","0","87.0",",0","43.2",",,,0","0",",,,0","16.02",",0","27.50",",,,0","4.54",",,,0"
"USC00043130","1971-10","40.38333","-123.33333","712.9","FOREST GLEN, CA US","","","0.0",",0","4",",0","3",",0","0",",0","0",",0","0",",0","0",",0","14",",0","0",",0","12",",0","0",",0","","","19711029",",,0","19711031","+,,0","19711031","+,,0","","","19711020",",,0","19711008",",,0","-8.9",",0,29,","0",",,0,31,+","0",",,0,31,+","16.5",",,0,20,","30.0",",0,08,","401.3","0","285.2",",0","27.4",",,,0","0",",,,0","9.13",",0","18.17",",,,0","0.09",",,,0"
"USC00043130","1971-11","40.38333","-123.33333","712.9","FOREST GLEN, CA US","","","0.0","4,0","9","3,0","9","3,0","3","3,0","0",",0","0",",0","0","4,0","17","4,0","0","4,0","0","4,0","0","4,0","","","19711106",",4,0","19711130","+,,0","19711130","+,,0","","","19711113",",3,0","19711106",",4,0","-7.2","4,0,06,","0",",,0,30,+","0",",,0,30,+","40.1","3,,0,13,","16.7","4,0,06,","744.9","0","343.6","4,0","212.2",",a,,0","0",",,,0","5.12","4,0","11.30","4,,,0","-1.07","4,,,0"
"USC00043130","1971-12","40.38333","-123.33333","712.9","FOREST GLEN, CA US","","","0.0","1,0","13",",0","12",",0","4",",0","23","1,","","","0","1,0","30","1,0","0","1,0","0","1,0","0","1,0","","","19711216","+,1,0","19711229","+,1,0","","","","","19711222",",,0","19711201",",1,0","-7.8","1,0,16,+","152","1,,0,29,+","","","65.5",",,0,22,","8.9","1,0,01,","1276.2","0","531.3","1,0","239.3",",,,0","","","0.62","1,0","4.34","1,,,0","-3.10","1,,,0"
"USC00043130","1972-01","40.38333","-123.33333","712.9","FOREST GLEN, CA US","0.0","","0.0","2,0","10",",0","8",",0","3",",0","","","","","0","2,0","24","2,0","0","1,0","0","1,0","0","1,0","","","19720129",",2,0","","","","","","","19720121",",,0","19720119",",1,0","-12.2","2,0,29,","","","","","34.8",",,0,21,","13.3","1,0,19,","1773.8","","497.6","1,0","149.4",",,,0","","","1.13","2,0","6.55","1,,,0","-4.29","2,,,0"
"USC00043130","1972-02","40.38333","-123.33333","712.9","FOREST GLEN, CA US","","","","","10",",0","9",",0","5",",0","7",",0","0",",0","","","","","","","","","","","","","","","19720201",",,0","19720229","+,,0","","","19720224",",,0","","","","","178",",,0,01,","0",",,0,29,+","83.8",",,0,24,","","","","","","","278.0",",,,0","0",",,,0","","","","","",""
"USC00043130","1972-03","40.38333","-123.33333","712.9","FOREST GLEN, CA US","","","0.0","2,0","11",",0","8",",0","4",",0","0",",0","0",",0","0","1,0","11","1,0","0","1,0","7","1,0","0","1,0","","","19720326",",1,0","19720331","+,,0","19720331","+,,0","","","19720322",",,0","19720318",",1,0","-6.1","1,0,26,","0",",,0,31,+","0",",,0,31,+","32.3",",,0,22,","25.6","1,0,18,","","","277.7","1,0","175.0",",,,0","0",",,,0","8.86","2,0","16.18","1,,,0","1.54","1,,,0"
"USC00043130","1972-04","40.38333","-123.33333","712.9","FOREST GLEN, CA US","","","0.0","1,0","10",",0","7",",0","1",",0","0",",0","0",",0","0","1,0","12","1,0","0",",0","7",",0","0",",0","","","19720418",",1,0","19720430","+,,0","19720411",",,0","","","19720405",",,0","19720428",",,0","-5.6","1,0,18,","0",",,0,30,+","0",",T,0,11,","39.4",",,0,05,","25.0",",0,28,","","","296.9",",0","132.4",",,,0","0",",T,,0","8.11","1,0","15.85",",,,0","0.37","1,,,0"
"USC00043130","1972-05","40.38333","-123.33333","712.9","FOREST GLEN, CA US","","","3.4",",0","5",",0","4",",0","0",",0","0",",0","0",",0","0",",0","5",",0","0",",0","21",",0","2",",0","","","19720501",",,0","19720531","+,,0","19720531","+,,0","","","19720517",",,0","19720528","+,,0","-1.1",",0,01,","0",",,0,31,+","0",",,0,31,+","11.9",",,0,17,","32.2",",0,28,+","","","147.8",",0","35.7",",,,0","0",",,,0","13.68",",0","23.73",",,,0","3.63",",,,0"
"USC00043130","1972-06","40.38333","-123.33333","712.9","FOREST GLEN, CA US","","","36.4",",0","3",",0","3",",0","0",",0","0",",0","0",",0","0",",0","0",",0","0",",0","28",",0","9",",0","","","19720610",",,0","19720630","+,,0","19720630","+,,0","","","19720610",",,0","19720630",",,0","2.2",",0,10,","0",",,0,30,+","0",",,0,30,+","14.5",",,0,10,","36.7",",0,30,","","","54.9",",0","29.0",",,,0","0",",,,0","17.72",",0","28.40",",,,0","7.04",",,,0"
"USC00043130","1972-07","40.38333","-123.33333","712.9","FOREST GLEN, CA US","","","93.1",",0","0",",0","0",",0","0",",0","0",",0","0",",0","0",",0","0",",0","0",",0","31",",0","18",",0","","","19720707",",,0","19720731","+,,0","19720731","+,,0","","","19720731",",,0","19720716",",,0","4.4",",0,07,","0",",,0,31,+","0",",,0,31,+","0.0",",T,0,31,","42.8",",0,16,","5.6","","5.6",",0","0.0",",T,,0","0",",,,0","21.16",",0","33.60",",,,0","8.71",",,,0"
"USC00043130","1972-09","40.38333","-123.33333","712.9","FOREST GLEN, CA US","","","17.8","1,0","3",",0","3",",0","2",",0","0",",0","0",",0","0","1,0","3","1,0","0",",0","25",",0","7",",0","","","19720924",",1,0","19720930","+,,0","19720930","+,,0","","","19720927",",,0","19720902",",,0","-1.7","1,0,24,","0",",,0,30,+","0",",,0,30,+","44.5",",,0,27,","36.7",",0,02,","","","100.4",",0","77.2",",,,0","0",",,,0","15.48","1,0","26.78",",,,0","4.19","1,,,0"
"USC00043130","1972-10","40.38333","-123.33333","712.9","FOREST GLEN, CA US","","","0.0",",0","9",",0","5",",0","1",",0","0",",0","0",",0","0",",0","8",",0","0",",0","10",",0","0",",0","","","19721030",",,0","19721031","+,,0","19721031","+,,0","","","19721011",",,0","19721003",",,0","-5.6",",0,30,","0",",,0,31,+","0",",,0,31,+","31.8",",,0,11,","28.3",",0,03,","","","223.0",",0","70.9",",,,0","0",",,,0","11.14",",0","18.86",",,,0","3.42",",,,0"
"USC00043130","1972-11","40.38333","-123.33333","712.9","FOREST GLEN, CA US","","","0.0",",0","18",",0","12",",0","3",",0","0",",0","0",",0","0",",0","9",",0","0",",0","0",",0","0",",0","","","19721130",",,0","19721130","+,,0","19721130","+,,0","","","19721104",",,0","19721129","+,,0","-3.9",",0,30,","0",",,0,30,+","0",",,0,30,+","46.2",",,0,04,","12.8",",0,29,+","","","384.7",",0","195.8",",,,0","0",",,,0","5.51",",0","9.84",",,,0","1.18",",,,0"
"USC00043130","1973-01","40.38333","-123.33333","712.9","FOREST GLEN, CA US","0.0","0","0.0","1,0","18",",0","16",",0","8",",0","11",",0","4",",0","0","1,0","26","1,0","0","1,0","0","1,0","0","1,0","","","19730107",",1,0","19730109",",,0","19730109",",,0","","","19730116",",,0","19730129",",1,0","-10.6","1,0,07,","406",",,0,09,","279",",,0,09,","119.4",",,0,16,","12.8","1,0,29,","","","512.7","1,0","509.8",",,,0","623",",,,0","1.24","1,0","5.49","1,,,0","-3.01","1,,,0"
"USC00043130","1973-02","40.38333","-123.33333","712.9","FOREST GLEN, CA US","0.0","0","0.0",",0","18",",0","12",",0","3",",0","0",",0","0",",0","0",",0","13",",0","0",",0","0",",0","0",",0","","","19730219",",,0","19730228","+,,0","19730205",",,0","","","19730205",",,0","19730222",",,0","-5.6",",0,19,","0",",,0,28,+","0",",T,0,05,","50.8",",,0,05,","18.3",",0,22,","","","363.2",",0","236.6",",,,0","0",",T,,0","5.36",",0","10.43",",,,0","0.30",",,,0"
"USC00043130","1973-03","40.38333","-123.33333","712.9","FOREST GLEN, CA US","0.0","0","0.0",",0","15",",0","11",",0","0",",0","0",",0","1",",0","0",",0","20",",0","0",",0","0",",0","0",",0","","","19730329","+,,0","19730331","+,,0","19730321",",,0","","","19730320",",,0","19730316",",,0","-3.9",",0,29,+","0",",,0,31,+","51",",,0,21,","23.9",",,0,20,","20.6",",0,16,","","","394.2",",0","118.8",",,,0","51",",,,0","5.62",",0","11.72",",,,0","-0.48",",,,0"
"USC00043130","1973-04","40.38333","-123.33333","712.9","FOREST GLEN, CA US","0.0","0","0.0",",0","5",",0","4",",0","0",",0","0",",0","0",",0","0",",0","19",",0","0",",0","16",",0","0",",0","","","19730403",",,0","19730401",",,0","19730401",",,0","","","19730419",",,0","19730427",",,0","-3.9",",0,03,","0",",T,0,01,","0",",T,0,01,","15.5",",,0,19,","29.4",",0,27,","","","249.7",",0","35.9",",,,0","0",",T,,0","10.01",",0","20.03",",,,0","-0.02",",,,0"
"USC00043130","1973-06","40.38333","-123.33333","712.9","FOREST GLEN, CA US","","","36.1",",0","2",",0","0",",0","0",",0","0",",0","0",",0","0",",0","0",",0","0",",0","26",",0","12",",0","","","19730618",",,0","19730630","+,,0","19730630","+,,0","","","19730601",",,0","19730628",",,0","0.6",",0,18,","0",",,0,30,+","0",",,0,30,+","1.8",",,0,01,","37.2",",0,28,","","","55.2",",0","3.3",",,,0","0",",,,0","17.70",",0","28.85",",,,0","6.54",",,,0"
"USC00043130","1973-07","40.38333","-123.33333","712.9","FOREST GLEN, CA US","","","90.5",",0","0",",0","0",",0","0",",0","0",",0","0",",0","0",",0","0",",0","0",",0","31",",0","23",",0","","","19730723",",,0","19730731","+,,0","19730731","+,,0","","","19730731","+,,0","19730727",",,0","2.2",",0,23,","0",",,0,31,+","0",",,0,31,+","0.0",",,0,31,+","40.6",",0,27,","14.7","0","14.7",",0","0.0",",,,0","0",",,,0","20.78",",0","33.67",",,,0","7.88",",,,0"
"USC00043130","1973-08","40.38333","-123.33333","712.9","FOREST GLEN, CA US","","","61.9",",0","0",",0","0",",0","0",",0","0",",0","0",",0","0",",0","0",",0","0",",0","31",",0","21",",0","","","19730823",",,0","19730831","+,,0","19730831","+,,0","","","19730831","+,,0","19730815","+,,0","1.7",",0,23,","0",",,0,31,+","0",",,0,31,+","0.0",",,0,31,+","37.8",",0,15,+","39.2","0","24.5",",0","0.0",",,,0","0",",,,0","19.54",",0","32.75",",,,0","6.33",",,,0"
"USC00043130","1973-09","40.38333","-123.33333","712.9","FOREST GLEN, CA US","","","16.5",",0","5",",0","2",",0","1",",0","0",",0","0",",0","0",",0","0",",0","0",",0","25",",0","9",",0","","","19730902",",,0","19730930","+,,0","19730930","+,,0","","","19730920",",,0","19730905",",,0","1.7",",0,02,","0",",,0,30,+","0",",,0,30,+","35.3",",,0,20,","36.7",",0,05,","104.8","0","65.6",",0","63.4",",,,0","0",",,,0","16.70",",0","27.83",",,,0","5.57",",,,0"
"USC00043130","1973-10","40.38333","-123.33333","712.9","FOREST GLEN, CA US","","","0.0",",0","6","3,0","2","3,0","2","3,0","0",",0","0",",0","0",",0","5",",0","0",",0","16",",0","0",",0","","","19731004",",,0","19731031","+,,0","19731031","+,,0","","","19731023",",3,0","19731001",",,0","-2.8",",0,04,","0",",,0,31,+","0",",,0,31,+","77.5","3,,0,23,","27.2",",0,01,","340.0","0","235.2",",0","193.0",",a,,0","0",",,,0","10.75",",0","19.21",",,,0","2.28",",,,0"
"USC00043130","1973-11","40.38333","-123.33333","712.9","FOREST GLEN, CA US","","","0.0",",0","27",",0","23",",0","11",",0","0",",0","0",",0","0",",0","12",",0","0",",0","0",",0","0",",0","","","19731102",",,0","19731130","+,,0","19731122","+,,0","","","19731111",",,0","19731101",",,0","-3.3",",0,02,","0",",,0,30,+","0",",T,0,22,+","106.7",",,0,11,","20.0",",0,01,","689.8","0","349.8",",0","765.5",",,,0","0",",T,,0","6.67",",0","10.48",",,,0","2.86",",,,0"
"USC00043130","1973-12","40.38333","-123.33333","712.9","FOREST GLEN, CA US","","","0.0","1,0","23",",0","20",",0","6",",0","0",",0","0",",0","0","1,0","7","1,0","0","1,0","0","1,0","0","1,0","","","19731202",",1,0","19731201",",,0","19731201",",,0","","","19731221",",,0","19731213",",1,0","-1.1","1,0,02,","0",",T,0,01,","0",",T,0,01,","81.8",",,0,21,","14.4","1,0,13,","1083.9","0","394.1","1,0","426.7",",,,0","0",",T,,0","5.20","1,0","8.31","1,,,0","2.09","1,,,0"
"USC00043130","1974-01","40.38333","-123.33333","712.9","FOREST GLEN, CA US","0.0","0","0.0",",0","11",",0","9",",0","8",",0","0",",0","0",",0","0",",0","24",",0","0",",0","0",",0","0",",0","","","19740110","+,,0","19740105","+,,0","19740105","+,,0","","","19740116",",,0","19740117",",,0","-10.0",",0,10,+","0",",T,0,05,+","0",",T,0,05,+","153.2",",,0,16,","15.0",",0,17,","1583.1","0","499.2",",0","514.4",",,,0","0",",T,,0","2.23",",0","7.56",",,,0","-3.10",",,,0"
"USC00043130","1974-02","40.38333","-123.33333","712.9","FOREST GLEN, CA US","0.0","0","0.0","1,0","13",",0","10",",0","2",",0","0",",0","0",",0","0","1,0","25","1,0","0",",0","0",",0","0",",0","","","19740207","+,1,0","19740228","+,,0","19740228","+,,0","","","19740219",",,0","19740225","+,,0","-5.6","1,0,07,+","0",",,0,28,+","0",",,0,28,+","59.2",",,0,19,","15.0",",0,25,+","1972.7","0","389.6",",0","218.5",",,,0","0",",,,0","3.96","1,0","9.98",",,,0","-2.07","1,,,0"
"USC00043130","1974-03","40.38333","-123.33333","712.9","FOREST GLEN, CA US","0.0","0","0.0","1,0","18",",0","13",",0","7",",0","0",",0","0",",0","0","1,0","14","1,0","0",",0","3",",0","0",",0","","","19740308",",1,0","19740331","+,,0","19740331","+,,0","","","19740330",",,0","19740321","+,,0","-8.3","1,0,08,","0",",,0,31,+","0",",T,0,31,+","142.0",",,0,30,","21.7",",0,21,+","2312.5","0","339.8",",0","515.8",",,,0","0",",T,,0","7.01","1,0","13.10",",,,0","0.92","1,,,0"
"USC00043130","1974-04","40.38333","-123.33333","712.9","FOREST GLEN, CA US","0.0","0","0.0",",0","12",",0","8",",0","1",",0","0",",0","0",",0","0",",0","16",",0","0",",0","6",",0","0",",0","","","19740413",",,0","19740409",",,0","19740409",",,0","","","19740401",",,0","19740430",",,0","-2.8",",0,13,","0",",T,0,09,","13",",,0,09,","52.1",",,0,01,","25.6",",0,30,","2609.2","0","296.7",",0","99.9",",,,0","13",",,,0","8.44",",0","16.61",",,,0","0.27",",,,0"
"USC00043130","1974-05","40.38333","-123.33333","712.9","FOREST GLEN, CA US","0.0","0","0.0","1,0","2",",0","1",",0","0",",0","0",",0","1",",0","0","1,0","7","1,0","0","1,0","20","1,0","0","1,0","","","19740516",",1,0","19740531","+,,0","19740518",",,0","","","19740518",",,0","19740527",",1,0","-3.3","1,0,16,","0",",,0,31,+","25",",,0,18,","7.6",",,0,18,","30.6","1,0,27,","2798.2","0","189.0","1,0","8.9",",,,0","25",",,,0","12.03","1,0","22.45","1,,,0","1.62","1,,,0"
"USC00043130","1974-06","40.38333","-123.33333","712.9","FOREST GLEN, CA US","30.3","0","30.3",",0","3",",0","2",",0","0",",0","0",",0","0",",0","0",",0","0",",0","0",",0","29",",0","9",",0","","","19740607",",,0","19740630","+,,0","19740630","+,,0","3","","19740619",",,0","19740630",",,0","1.7",",0,07,","0",",,0,30,+","0",",,0,30,+","12.2",",,0,19,","39.4",",0,30,","2835.5","0","37.3",",0","17.0",",,,0","0",",,,0","18.10",",0","29.30",",,,0","6.90",",,,0"
"USC00043130","1974-07","40.38333","-123.33333","712.9","FOREST GLEN, CA US","98.6","0","68.3",",0","2",",0","2",",0","0",",0","0",",0","0",",0","0",",0","0",",0","0",",0","29",",0","14",",0","","","19740707",",,0","19740731","+,,0","19740731","+,,0","","","19740708",",,0","19740726",",,0","3.9",",0,07,","0",",,0,31,+","0",",,0,31,+","20.3",",,0,08,","39.4",",0,26,","39.9","0","39.9",",0","25.6",",,,0","0",",,,0","19.25",",0","30.11",",,,0","8.39",",,,0"
"USC00043130","1974-08","40.38333","-123.33333","712.9","FOREST GLEN, CA US","181.0","0","82.4",",0","3",",0","2",",0","0",",0","0",",0","0",",0","0",",0","0",",0","0",",0","31",",0","23",",0","","","19740818","+,,0","19740831","+,,0","19740831","+,,0","2","","19740806",",,0","19740802",",,0","2.8",",0,18,+","0",",,0,31,+","0",",,0,31,+","3.0",",,0,06,","38.9",",0,02,","55.1","0","15.2",",0","6.5",",,,0","0",",,,0","20.50",",0","33.08",",,,0","7.92",",,,0"
"USC00043130","1974-09","40.38333","-123.33333","712.9","FOREST GLEN, CA US","225.7","0","44.7",",0","0",",0","0",",0","0",",0","0",",0","0",",0","0",",0","0",",0","0",",0","30",",0","24",",0","","","19740928",",,0","19740930","+,,0","19740930","+,,0","","","19740930","+,,0","19740920",",,0","1.1",",0,28,","0",",,0,30,+","0",",,0,30,+","0.0",",,0,30,+","37.8",",0,20,","65.9","0","10.8",",0","0.0",",,,0","0",",,,0","19.46",",0","33.89",",,,0","5.04",",,,0"
"USC00043130","1974-10","40.38333","-123.33333","712.9","FOREST GLEN, CA US","226.0","0","0.3",",0","4",",0","3",",0","1",",0","0",",0","0",",0","0",",0","15",",0","0",",0","24",",0","1",",0","","","19741021",",,0","19741031","+,,0","19741031","+,,0","","","19741028",",,0","19741002",",,0","-3.9",",0,21,","0",",,0,31,+","0",",,0,31,+","40.4",",,0,28,","32.8",",0,02,","249.2","0","183.3",",0","59.0",",,,0","0",",,,0","12.43",",0","24.24",",,,0","0.61",",,,0"
"USC00043130","1974-11","40.38333","-123.33333","712.9","FOREST GLEN, CA US","226.0","0","0.0","2,0","5",",0","5",",0","1",",0","0",",0","0",",0","0","2,0","19","2,0","0",",0","0",",0","0",",0","","","19741130","+,2,0","19741130","+,,0","19741130","+,,0","","","19741107",",,0","19741107",",,0","-3.9","2,0,30,+","0",",,0,30,+","0",",,0,30,+","25.9",",,0,07,","17.8",",0,07,","593.5","0","344.3",",0","74.7",",,,0","0",",,,0","6.12","2,0","12.75",",,,0","-0.51","2,,,0"
"USC00043130","1974-12","40.38333","-123.33333","712.9","FOREST GLEN, CA US","226.0","0","0.0","2,0","15",",0","13",",0","3",",0","0",",0","0",",0","0","2,0","17","2,0","0","2,0","0","2,0","0","2,0","","","19741229","+,2,0","19741231","+,,0","19741228","+,,0","","","19741227",",,0","19741215",",2,0","-8.9","2,0,29,+","0",",,0,31,+","0",",T,0,28,+","61.0",",,0,27,","14.4","2,0,15,","1019.7","0","426.2","2,0","237.4",",,,0","0",",T,,0","3.64","2,0","8.22","2,,,0","-0.95","2,,,0"
"USC00043130","1975-01","40.38333","-123.33333","712.9","FOREST GLEN, CA US","0.0","0","0.0",",0","10",",0","8",",0","3",",0","1",",0","1",",0","0",",0","28",",0","0",",0","0",",0","0",",0","","","19750130",",,0","19750131",",,0","19750131",",,0","","","19750106",",,0","19750125","+,,0","-10.6",",0,30,","203",",,0,31,","203",",,0,31,","44.7",",,0,06,","13.9",",0,25,+","1519.2","0","499.5",",0","154.4",",,,0","203",",,,0","2.22",",0","7.93",",,,0","-3.49",",,,0"
"USC00043130","1975-02","40.38333","-123.33333","712.9","FOREST GLEN, CA US","0.0","0","0.0","1,0","14","2,0","12","2,0","8","2,0","25",",0","4",",0","0","1,0","22","1,0","0","1,0","0","1,0","0","1,0","","","19750221",",1,0","19750205",",,0","19750201",",,0","","","19750212",",2,0","19750226",",1,0","-7.2","1,0,21,","559",",,0,05,","229",",,0,01,","80.8","2,,0,12,","14.4","1,0,26,","1945.6","0","426.4","1,0","448.6",",a,,0","356",",,,0","2.54","1,0","7.01","1,,,0","-1.93","1,,,0"
"USC00043130","1975-03","40.38333","-123.33333","712.9","FOREST GLEN, CA US","0.0","0","0.0","1,0","19",",0","15",",0","9",",0","6",",0","3",",0","0","1,0","18","1,0","0","1,0","0","1,0","0","1,0","","","19750326",",1,0","19750322",",,0","19750322",",,0","","","19750318",",,0","19750331","+,1,0","-3.9","1,0,26,","254",",,0,22,","191",",,0,22,","127.0",",,0,18,","20.0","1,0,31,+","2340.9","0","395.3","1,0","562.9",",,,0","280",",,,0","5.16","1,0","10.54","1,,,0","-0.23","1,,,0"
"USC00043130","1975-04","40.38333","-123.33333","712.9","FOREST GLEN, CA US","0.0","0","0.0",",0","11",",0","9",",0","1",",0","2",",0","4",",0","0",",0","24",",0","0",",0","3",",0","0",",0","","","19750415",",,0","19750405","+,,0","19750404",",,0","2","","19750424",",,0","19750430","+,,0","-5.6",",0,15,","51",",,0,05,+","51",",,0,04,","38.1",",,0,24,","21.1",",0,30,+","2702.6","0","361.7",",0","119.3",",,,0","139",",,,0","6.28",",0","13.58",",,,0","-1.02",",,,0"
"USC00043130","1975-05","40.38333","-123.33333","712.9","FOREST GLEN, CA US","6.7","0","6.7",",0","0",",0","0",",0","0",",0","0",",0","0",",0","0",",0","7",",0","0",",0","24",",0","2",",0","","","19750520",",,0","19750531","+,,0","19750505",",,0","","","19750505",",,0","19750531",",,0","-1.7",",0,20,","0",",,0,31,+","0",",T,0,05,","0.0",",T,0,05,","36.1",",0,31,","2870.1","0","167.5",",0","0.0",",T,,0","0",",T,,0","13.14",",0","23.57",",,,0","2.72",",,,0"
"USC00043130","1975-06","40.38333","-123.33333","712.9","FOREST GLEN, CA US","33.8","0","27.1",",0","1",",0","1",",0","0",",0","0",",0","0",",0","0",",0","1",",0","0",",0","27",",0","9",",0","","","19750626",",,0","19750630","+,,0","19750630","+,,0","1","","19750625",",,0","19750615",",,0","0.0",",0,26,","0",",,0,30,+","0",",,0,30,+","5.1",",,0,25,","36.7",",0,15,","2946.2","0","76.1",",0","5.1",",,,0","0",",,,0","16.70",",0","28.24",",,,0","5.15",",,,0"
"USC00043130","1975-07","40.38333","-123.33333","712.9","FOREST GLEN, CA US","97.9","0","64.1",",0","0",",0","0",",0","0",",0","0",",0","0",",0","0",",0","0",",0","0",",0","31",",0","15",",0","","","19750701",",,0","19750731","+,,0","19750731","+,,0","","","19750716","+,,0","19750727",",,0","1.1",",0,01,","0",",,0,31,+","0",",,0,31,+","0.0",",T,0,16,+","40.0",",0,27,","28.7","0","28.7",",0","0.0",",T,,0","0",",,,0","19.48",",0","31.34",",,,0","7.61",",,,0"
"USC00043130","1975-08","40.38333","-123.33333","712.9","FOREST GLEN, CA US","150.3","0","52.4",",0","2",",0","2",",0","0",",0","0",",0","0",",0","0",",0","0",",0","0",",0","31",",0","18",",0","","","19750807",",,0","19750831","+,,0","19750831","+,,0","","","19750818",",,0","19750810","+,,0","2.8",",0,07,","0",",,0,31,+","0",",,0,31,+","5.6",",,0,18,","36.7",",0,10,+","54.0","0","25.3",",0","8.4",",,,0","0",",,,0","19.21",",0","31.08",",,,0","7.34",",,,0"
"USC00043130","1975-09","40.38333","-123.33333","712.9","FOREST GLEN, CA US","191.4","0","41.1","1,0","0",",0","0",",0","0",",0","0",",0","0",",0","0","1,0","0","1,0","0",",0","30",",0","19",",0","","","19750928",",1,0","19750930","+,,0","19750930","+,,0","","","19750930","+,,0","19750909",",,0","2.2","1,0,28,","0",",,0,30,+","0",",,0,30,+","0.0",",,0,30,+","37.8",",0,09,","67.7","0","13.7",",0","0.0",",,,0","0",",,,0","19.26","1,0","32.34",",,,0","6.17","1,,,0"
"USC00043130","1975-10","40.38333","-123.33333","712.9","FOREST GLEN, CA US","194.2","0","2.8","1,0","11",",0","9",",0","3",",0","0",",0","0",",0","0","1,0","3","1,0","0",",0","7",",0","2",",0","","","19751024","+,1,0","19751031","+,,0","19751031","+,,0","","","19751010",",,0","19751001",",,0","-2.2","1,0,24,+","0",",,0,31,+","0",",,0,31,+","80.0",",,0,10,","33.9",",0,01,","300.8","0","233.1",",0","242.3",",,,0","0",",,,0","10.63","1,0","17.70",",,,0","3.55","1,,,0"
"USC00043130","1975-11","40.38333","-123.33333","712.9","FOREST GLEN, CA US","","","","","8",",0","4",",0","1",",0","1",",0","1",",0","0",",0","18",",0","","","","","","","","","19751118",",,0","19751120",",,0","19751120",",,0","","","19751110",",,0","","","-6.1",",0,18,","102",",,0,20,","102",",,0,20,","33.5",",,0,10,","","","","","","","70.8",",,,0","102",",,,0","","","","","-0.51",",,,0"
"USC00043130","1975-12","40.38333","-123.33333","712.9","FOREST GLEN, CA US","","","0.0",",0","7",",0","6",",0","1",",0","0",",0","0",",0","0",",0","18",",0","0",",0","0",",0","0",",0","","","19751231",",,0","19751231","+,,0","19751222","+,,0","","","19751205",",,0","19751231","+,,0","-7.2",",0,31,","0",",,0,31,+","0",",T,0,22,+","66.0",",,0,05,","12.8",",0,31,+","","","438.8",",0","132.0",",,,0","0",",T,,0","4.18",",0","9.22",",,,0","-0.86",",,,0"
"USC00043130","1976-01","40.38333","-123.33333","712.9","FOREST GLEN, CA US","0.0","0","0.0",",0","4",",0","3",",0","0",",0","0",",0","0",",0","0",",0","28",",0","0",",0","0",",0","0",",0","","","19760102",",,0","19760131","+,,0","19760106","+,,0","","","19760109",",,0","19760131",",,0","-8.9",",0,02,","0",",,0,31,+","0",",T,0,06,+","21.1",",,0,09,","13.3",",0,31,","","","470.6",",0","36.6",",,,0","0",",T,,0","3.15",",0","9.33",",,,0","-3.03",",,,0"
"USC00043130","1976-02","40.38333","-123.33333","712.9","FOREST GLEN, CA US","0.0","0","0.0",",0","13",",0","13",",0","5",",0","1",",0","2",",0","0",",0","23",",0","0",",0","0",",0","0",",0","","","19760205",",,0","19760219",",,0","19760219",",,0","","","19760226",",,0","19760213",",,0","-8.3",",0,05,","25",",,0,19,","51",",,0,19,","109.7",",,0,26,","16.7",",0,13,","","","397.4",",0","340.2",",,,0","76",",,,0","4.63",",0","11.80",",,,0","-2.54",",,,0"
"USC00043130","1976-03","40.38333","-123.33333","712.9","FOREST GLEN, CA US","0.0","0","0.0",",0","11",",0","6",",0","0",",0","4",",0","2",",0","0",",0","28",",0","0",",0","2",",0","0",",0","","","19760303",",,0","19760302",",,0","19760302",",,0","","","19760318",",,0","19760331","+,,0","-7.8",",0,03,","254",",,0,02,","254",",,0,02,","15.7",",,0,18,","21.1",",0,31,+","","","398.8",",0","50.6",",,,0","279",",,,0","5.47",",0","13.27",",,,0","-2.33",",,,0"
"USC00043130","1976-04","40.38333","-123.33333","712.9","FOREST GLEN, CA US","0.0","0","0.0","1,0","10",",0","8",",0","1",",0","0",",0","0",",0","0",",0","22",",0","0","1,0","5","1,0","0","1,0","","","19760427",",,0","19760430","+,,0","19760430","+,,0","","","19760408",",,0","19760405",",1,0","-6.1",",0,27,","0",",,0,30,+","0",",,0,30,+","36.1",",,0,08,","24.4","1,0,05,","","","312.0","1,0","85.8",",,,0","0",",,,0","7.56","1,0","15.80","1,,,0","-0.68",",,,0"
"USC00043130","1976-05","40.38333","-123.33333","712.9","FOREST GLEN, CA US","3.3","0","3.3",",0","0",",0","0",",0","0",",0","0",",0","0",",0","0",",0","10",",0","0",",0","28",",0","1",",0","","","19760530",",,0","19760531","+,,0","19760531","+,,0","","","19760531","+,,0","19760513",",,0","-2.2",",0,30,","0",",,0,31,+","0",",,0,31,+","0.0",",,0,31,+","35.0",",0,13,","","","159.5",",0","0.0",",,,0","0",",,,0","13.29",",0","24.78",",,,0","1.80",",,,0"
"USC00043130","1976-09","40.38333","-123.33333","712.9","FOREST GLEN, CA US","","","","","3",",0","3",",0","0",",0","0",",0","0",",0","","","","","","","","","","","","","","","19760930","+,,0","19760930","+,,0","","","19760916",",,0","","","","","0",",,0,30,+","0",",,0,30,+","6.6",",,0,16,","","","","","","","14.9",",,,0","0",",,,0","","","","","",""
"USC00043130","1976-10","40.38333","-123.33333","712.9","FOREST GLEN, CA US","","","0.0","2,0","2",",0","1",",0","0",",0","0",",0","0",",0","0","2,0","13","2,0","0",",0","20",",0","0",",0","","","19761028","+,2,0","19761031","+,,0","19761031","+,,0","","","19761001",",,0","19761008",",,0","-3.9","2,0,28,+","0",",,0,31,+","0",",,0,31,+","5.1",",,0,01,","30.0",",0,08,","","","195.8",",0","6.9",",,,0","0",",,,0","11.71","2,0","22.42",",,,0","1.00","2,,,0"
"USC00043130","1976-11","40.38333","-123.33333","712.9","FOREST GLEN, CA US","","","0.0",",0","4",",0","4",",0","1",",0","0",",0","0",",0","0",",0","16",",0","0",",0","3",",0","0",",0","","","19761128",",,0","19761130","+,,0","19761130","+,,0","","","19761114",",,0","19761108","+,,0","-7.2",",0,28,","0",",,0,30,+","0",",,0,30,+","31.5",",,0,14,","22.2",",0,08,+","","","329.1",",0","46.2",",,,0","0",",,,0","7.36",",0","14.15",",,,0","0.57",",,,0"
"USC00043130","1976-12","40.38333","-123.33333","712.9","FOREST GLEN, CA US","","","0.0",",0","3",",0","3",",0","0",",0","0",",0","0",",0","0",",0","31",",0","0",",0","0",",0","0",",0","","","19761225","+,,0","19761231","+,,0","19761231","+,,0","","","19761230",",,0","19761211",",,0","-8.3",",0,25,+","0",",,0,31,+","0",",,0,31,+","7.4",",,0,30,","12.2",",0,11,","","","549.1",",0","15.0",",,,0","0",",,,0","0.62",",0","7.09",",,,0","-5.85",",,,0"
"USC00043130","1977-01","40.38333","-123.33333","712.9","FOREST GLEN, CA US","0.0","","0.0",",0","4",",0","3",",0","2",",0","27",",0","2",",0","0",",0","31",",0","1",",0","0",",0","0",",0","","","19770107",",,0","19770105","+,,0","19770102",",,0","","","19770103",",,0","19770126",",,0","-11.7",",0,07,","203",",,0,05,+","157",",,0,02,","44.2",",,0,03,","8.9",",0,26,","","","565.5",",0","101.9",",,,0","256",",,,0","0.09",",0","5.28",",,,0","-5.10",",,,0"
"USC00043130","1977-02","40.38333","-123.33333","712.9","FOREST GLEN, CA US","0.0","","0.0","1,0","7",",0","6",",0","1",",0","0",",0","0",",0","0","1,0","22","1,0","0",",0","1",",0","0",",0","","","19770202",",1,0","19770205","+,,0","19770223","+,,0","","","19770221",",,0","19770220",",,0","-6.7","1,0,02,","0",",T,0,05,+","0",",T,0,23,+","44.5",",,0,21,","21.1",",0,20,","","","354.1",",0","109.8",",,,0","0",",T,,0","5.15","1,0","11.76",",,,0","-1.45","1,,,0"
"USC00043130","1977-03","40.38333","-123.33333","712.9","FOREST GLEN, CA US","0.0","","0.0",",0","13",",0","11",",0","1",",0","3",",0","2",",0","0",",0","26",",0","0",",0","0",",0","0",",0","","","19770331","+,,0","19770324","+,,0","19770324",",,0","","","19770309",",,0","19770322",",,0","-5.0",",0,31,+","25",",,0,24,+","30",",,0,24,","30.0",",,0,09,","20.6",",0,22,","","","445.5",",0","100.2",",,,0","68",",,,0","3.96",",0","9.61",",,,0","-1.69",",,,0"
"USC00043130","1977-04","40.38333","-123.33333","712.9","FOREST GLEN, CA US","0.0","","0.0",",0","6",",0","5",",0","0",",0","0",",0","0",",0","0",",0","17",",0","0",",0","16",",0","0",",0","","","19770401",",,0","19770430","+,,0","19770430","+,,0","","","19770426",",,0","19770413",",,0","-4.4",",0,01,","0",",,0,30,+","0",",,0,30,+","5.1",",,0,26,","26.7",",0,13,","","","254.2",",0","18.5",",,,0","0",",,,0","9.86",",0","19.53",",,,0","0.18",",,,0"
"USC00043130","1977-05","40.38333","-123.33333","712.9","FOREST GLEN, CA US","0.0","","0.0",",0","18",",0","7",",0","0",",0","0",",0","0",",0","0",",0","4",",0","0",",0","5",",0","0",",0","","","19770528",",,0","19770531","+,,0","19770506",",,0","3","","19770501",",,0","19770531",",,0","-1.7",",0,28,","0",",,0,31,+","0",",T,0,06,","24.4",",,0,01,","26.1",",0,31,","","","301.7",",0","69.6",",,,0","0",",T,,0","8.60",",0","14.12",",,,0","3.09",",,,0"
"USC00043130","1977-06","40.38333","-123.33333","712.9","FOREST GLEN, CA US","45.3","","45.3","1,0","1",",0","0",",0","0",",0","0",",0","0",",0","0","1,0","0","1,0","0",",0","28",",0","8",",0","","","19770602",",1,0","19770630","+,,0","19770630","+,,0","1","","19770611",",,0","19770629",",,0","0.6","1,0,02,","0",",,0,30,+","0",",,0,30,+","2.0",",,0,11,","37.8",",0,29,","","","31.7",",0","2.0",",,,0","0",",,,0","18.92","1,0","28.92",",,,0","8.93","1,,,0"
"USC00043130","1977-07","40.38333","-123.33333","712.9","FOREST GLEN, CA US","100.8","","55.5",",0","1",",0","0",",0","0",",0","0",",0","0",",0","0",",0","0",",0","0",",0","30",",0","10",",0","","","19770705",",,0","19770731","+,,0","19770731","+,,0","1","","19770701",",,0","19770731",",,0","1.7",",0,05,","0",",,0,31,+","0",",,0,31,+","0.5",",,0,01,","37.2",",0,31,","21.9","","21.9",",0","0.5",",,,0","0",",,,0","19.42",",0","30.57",",,,0","8.26",",,,0"
"USC00043130","1977-08","40.38333","-123.33333","712.9","FOREST GLEN, CA US","201.6","","100.8",",0","3",",0","0",",0","0",",0","0",",0","0",",0","0",",0","0",",0","0",",0","31",",0","21",",0","","","19770827",",,0","19770831","+,,0","19770831","+,,0","","","19770825",",,0","19770803",",,0","6.1",",0,27,","0",",,0,31,+","0",",,0,31,+","1.5",",,0,25,","39.4",",0,03,","34.4","","12.5",",0","3.3",",,,0","0",",,,0","21.18",",0","32.45",",,,0","9.91",",,,0"
"USC00043130","1977-09","40.38333","-123.33333","712.9","FOREST GLEN, CA US","219.0","","17.4",",0","8",",0","5",",0","3",",0","0",",0","0",",0","0",",0","0",",0","0",",0","17",",0","6",",0","","","19770925",",,0","19770930","+,,0","19770930","+,,0","","","19770928",",,0","19770907",",,0","2.8",",0,25,","0",",,0,30,+","0",",,0,30,+","35.3",",,0,28,","35.6",",0,07,","122.8","","88.4",",0","127.0",",,,0","0",",,,0","15.97",",0","25.03",",,,0","6.91",",,,0"
"USC00043130","1977-10","40.38333","-123.33333","712.9","FOREST GLEN, CA US","219.0","","0.0","1,0","7",",0","7",",0","0",",0","0",",0","0",",0","0","1,0","5","1,0","0",",0","13",",0","0",",0","","","19771024","+,1,0","19771031","+,,0","19771031","+,,0","","","19771029",",,0","19771016",",,0","-1.1","1,0,24,+","0",",,0,31,+","0",",,0,31,+","21.3",",,0,29,","23.9",",0,16,","369.1","","246.3",",0","68.0",",,,0","0",",,,0","10.16","1,0","18.30",",,,0","2.02","1,,,0"
"USC00043130","1977-11","40.38333","-123.33333","712.9","FOREST GLEN, CA US","219.0","","0.0",",0","9",",0","6",",0","4",",0","5",",0","1",",0","0",",0","12",",0","0",",0","0",",0","0",",0","","","19771119",",,0","19771121",",,0","19771121",",,0","","","19771105",",,0","19771116",",,0","-8.3",",0,19,","203",",,0,21,","216",",,0,21,","58.4",",,0,05,","15.6",",0,16,","759.7","","390.6",",0","197.5",",,,0","216",",,,0","5.31",",0","10.33",",,,0","0.30",",,,0"
"USC00043130","1978-01","40.38333","-123.33333","712.9","FOREST GLEN, CA US","0.0","0","0.0",",0","18",",0","16",",0","11",",0","0",",0","0",",0","0",",0","10",",0","0",",0","0",",0","0",",0","","","19780124",",,0","19780131","+,,0","19780131","+,,0","","","19780116",",,0","19780131","+,,0","-4.4",",0,24,","0",",,0,31,+","0",",,0,31,+","68.3",",,0,16,","12.8",",0,31,+","","","409.4",",0","570.6",",,,0","0",",,,0","5.13",",0","8.85",",,,0","1.40",",,,0"
"USC00043130","1978-02","40.38333","-123.33333","712.9","FOREST GLEN, CA US","0.0","0","0.0","2,0","14",",0","11",",0","5",",0","3",",0","3",",0","0","1,0","9","1,0","0","1,0","0","1,0","0","1,0","","","19780228",",1,0","19780213","+,,0","19780212",",,0","","","19780207",",,0","19780224",",1,0","-4.4","1,0,28,","76",",,0,13,+","76",",,0,12,","50.3",",,0,07,","18.9","1,0,24,","","","327.1","1,0","276.0",",,,0","147",",,,0","5.80","2,0","10.90","1,,,0","0.70","1,,,0"
"USC00043130","1978-04","40.38333","-123.33333","712.9","FOREST GLEN, CA US","","","0.0","1,0","14",",0","10",",0","1",",0","0",",0","0",",0","0",",0","10",",0","0","1,0","5","1,0","0","1,0","","","19780416","+,,0","19780420","+,,0","19780420","+,,0","","","19780406",",,0","19780411",",1,0","-0.6",",0,16,+","0",",T,0,20,+","0",",T,0,20,+","41.9",",,0,06,","27.2","1,0,11,","","","288.1","1,0","164.0",",,,0","0",",T,,0","8.37","1,0","14.90","1,,,0","1.83",",,,0"
"USC00043130","1978-05","40.38333","-123.33333","712.9","FOREST GLEN, CA US","","","0.0",",0","5",",0","3",",0","1",",0","0",",0","0",",0","0",",0","4",",0","0",",0","19",",0","0",",0","","","19780506",",,0","19780531","+,,0","19780531","+,,0","","","19780515",",,0","19780530",",,0","-2.8",",0,06,","0",",,0,31,+","0",",,0,31,+","30.7",",,0,15,","28.9",",0,30,","","","186.4",",0","44.7",",,,0","0",",,,0","12.32",",0","21.61",",,,0","3.03",",,,0"
"USC00043130","1978-06","40.38333","-123.33333","712.9","FOREST GLEN, CA US","","","17.0","1,0","4",",0","1",",0","0",",0","0",",0","0",",0","0","1,0","0","1,0","0",",0","28",",0","5",",0","","","19780614",",1,0","19780630","+,,0","19780630","+,,0","3","","19780629",",,0","19780607",",,0","0.6","1,0,14,","0",",,0,30,+","0",",,0,30,+","12.4",",,0,29,","34.4",",0,07,","","","54.2",",0","15.2",",,,0","0",",,,0","17.05","1,0","27.53",",,,0","6.58","1,,,0"
"USC00043130","1978-07","40.38333","-123.33333","712.9","FOREST GLEN, CA US","","","104.5",",0","0",",0","0",",0","0",",0","0",",0","0",",0","0",",0","0",",0","0",",0","31",",0","20",",0","","","19780705","+,,0","19780731","+,,0","19780731","+,,0","1","","19780708",",,0","19780725","+,,0","6.1",",0,05,+","0",",,0,31,+","0",",,0,31,+","0.0",",T,0,08,","39.4",",0,25,+","13.1","0","13.1",",0","0.0",",T,,0","0",",,,0","21.28",",0","33.29",",,,0","9.27",",,,0"
"USC00043130","1978-08","40.38333","-123.33333","712.9","FOREST GLEN, CA US","","","94.1","1,0","3",",0","2",",0","0",",0","0",",0","0",",0","0","1,0","0","1,0","0",",0","28",",0","17",",0","","","19780817",",1,0","19780831","+,,0","19780831","+,,0","2","","19780825",",,0","19780808","+,,0","2.8","1,0,17,","0",",,0,31,+","0",",,0,31,+","8.9",",,0,25,","42.8",",0,08,+","44.9","0","31.8",",0","17.3",",,,0","0",",,,0","20.30","1,0","31.65",",,,0","8.95","1,,,0"
"USC00043130","1978-09","40.38333","-123.33333","712.9","FOREST GLEN, CA US","","","3.9",",0","6",",0","4",",0","1",",0","0",",0","0",",0","0",",0","2",",0","0",",0","22",",0","2",",0","","","19780920","+,,0","19780930","+,,0","19780930","+,,0","","","19780910",",,0","19780903",",,0","0.0",",0,20,+","0",",,0,30,+","0",",,0,30,+","43.2",",,0,10,","32.8",",0,03,","148.9","0","104.0",",0","78.3",",,,0","0",",,,0","15.00",",0","24.47",",,,0","5.52",",,,0"
"USC00043130","1978-10","40.38333","-123.33333","712.9","FOREST GLEN, CA US","","","0.0",",0","0",",0","0",",0","0",",0","0",",0","0",",0","0",",0","10",",0","0",",0","27",",0","0",",0","","","19781031","+,,0","19781031","+,,0","19781031","+,,0","","","19781031","+,,0","19781006",",,0","-3.9",",0,31,+","0",",,0,31,+","0",",,0,31,+","0.0",",,0,31,+","31.7",",0,06,","297.9","0","149.0",",0","0.0",",,,0","0",",,,0","13.53",",0","26.00",",,,0","1.05",",,,0"
"USC00043130","1978-11","40.38333","-123.33333","712.9","FOREST GLEN, CA US","","","0.0",",0","9",",0","3",",0","1",",0","1",",0","1",",0","0",",0","22",",0","0",",0","0",",0","0",",0","","","19781115",",,0","19781113",",,0","19781113",",,0","","","19781120",",,0","19781109","+,,0","-8.9",",0,15,","25",",,0,13,","25",",,0,13,","32.3",",,0,20,","20.6",",0,09,+","702.3","0","404.4",",0","66.1",",,,0","25",",,,0","4.85",",0","12.00",",,,0","-2.29",",,,0"
"USC00043130","1978-12","40.38333","-123.33333","712.9","FOREST GLEN, CA US","","","0.0",",0","6",",0","4",",0","0",",0","10",",0","1",",0","0",",0","31",",0","0",",0","0",",0","0",",0","","","19781230",",,0","19781222","+,,0","19781217",",,0","","","19781201",",,0","19781211","+,,0","-11.7",",0,30,","51",",,0,22,+","64",",,0,17,","18.8",",,0,01,","10.6",",0,11,+","1247.8","0","545.5",",0","45.2",",,,0","64",",,,0","0.74",",0","6.69",",,,0","-5.22",",,,0"
"USC00043130","1979-01","40.38333","-123.33333","712.9","FOREST GLEN, CA US","0.0","0","0.0",",0","11",",0","9",",0","2",",0","5",",0","2",",0","0",",0","27",",0","0",",0","0",",0","0",",0","","","19790130","+,,0","19790128","+,,0","19790128","+,,0","","","19790111",",,0","19790112","+,,0","-12.2",",0,30,+","25",",,0,28,+","25",",,0,28,+","56.6",",,0,11,","11.7",",0,12,+","1770.0","0","522.2",",0","190.4",",,,0","83",",,,0","1.49",",0","6.33",",,,0","-3.35",",,,0"
"USC00043130","1979-02","40.38333","-123.33333","712.9","FOREST GLEN, CA US","0.0","0","0.0",",0","14",",0","13",",0","4",",0","7",",0","3",",0","0",",0","22",",0","0",",0","0",",0","0",",0","","","19790203","+,,0","19790216",",,0","19790216",",,0","","","19790213",",,0","19790212","+,,0","-9.4",",0,03,+","102",",,0,16,","107",",,0,16,","106.9",",,0,13,","13.9",",0,12,+","2180.7","0","410.7",",0","324.2",",,,0","239",",,,0","3.67",",0","8.44",",,,0","-1.11",",,,0"
"USC00043130","1979-04","40.38333","-123.33333","712.9","FOREST GLEN, CA US","","","0.0",",0","12",",0","7",",0","0",",0","0",",0","0",",0","0",",0","10",",0","0",",0","5",",0","0",",0","","","19790419",",,0","19790430","+,,0","19790430","+,,0","","","19790417",",,0","19790405",",,0","-2.8",",0,19,","0",",,0,30,+","0",",,0,30,+","17.8",",,0,17,","23.9",",0,05,","","","272.0",",0","100.6",",,,0","0",",,,0","9.27",",0","16.46",",,,0","2.08",",,,0"
"USC00043130","1979-05","40.38333","-123.33333","712.9","FOREST GLEN, CA US","","","10.5",",0","5",",0","5",",0","2",",0","0",",0","0",",0","0",",0","1",",0","0",",0","23",",0","4",",0","","","19790529",",,0","19790531","+,,0","19790531","+,,0","","","19790507",",,0","19790520",",,0","-0.6",",0,29,","0",",,0,31,+","0",",,0,31,+","37.3",",,0,07,","33.9",",0,20,","","","131.9",",0","86.9",",,,0","0",",,,0","14.42",",0","24.70",",,,0","4.14",",,,0"
"USC00043130","1979-06","40.38333","-123.33333","712.9","FOREST GLEN, CA US","","","18.3",",0","1",",0","0",",0","0",",0","0",",0","0",",0","0",",0","1",",0","0",",0","28",",0","13",",0","","","19790614",",,0","19790630","+,,0","19790630","+,,0","","","19790617",",,0","19790603",",,0","-1.1",",0,14,","0",",,0,30,+","0",",,0,30,+","1.0",",,0,17,","35.0",",0,03,","","","62.1",",0","1.0",",,,0","0",",,,0","16.87",",0","29.55",",,,0","4.20",",,,0"
"USC00043130","1979-07","40.38333","-123.33333","712.9","FOREST GLEN, CA US","","","90.0",",0","1",",0","1",",0","0",",0","0",",0","0",",0","0",",0","0",",0","0",",0","31",",0","18",",0","","","19790728","+,,0","19790731","+,,0","19790731","+,,0","","","19790710",",,0","19790720",",,0","5.6",",0,28,+","0",",,0,31,+","0",",,0,31,+","9.1",",,0,10,","40.6",",0,20,","21.5","0","21.5",",0","9.1",",,,0","0",",,,0","20.54",",0","32.23",",,,0","8.86",",,,0"
"USC00043130","1979-08","40.38333","-123.33333","712.9","FOREST GLEN, CA US","","","43.9",",0","1",",0","0",",0","0",",0","0",",0","0",",0","0",",0","0",",0","0",",0","31",",0","11",",0","","","19790826",",,0","19790831","+,,0","19790831","+,,0","","","19790829",",,0","19790802",",,0","5.0",",0,26,","0",",,0,31,+","0",",,0,31,+","1.3",",,0,29,","38.9",",0,02,","38.2","0","16.7",",0","1.3",",,,0","0",",,,0","19.21",",0","30.89",",,,0","7.53",",,,0"
"USC00043130","1979-09","40.38333","-123.33333","712.9","FOREST GLEN, CA US","","","26.4",",0","3",",0","2",",0","0",",0","0",",0","0",",0","0",",0","0",",0","0",",0","29",",0","9",",0","","","19790919","+,,0","19790930","+,,0","19790930","+,,0","1","","19790902",",,0","19790914",",,0","3.9",",0,19,+","0",",,0,30,+","0",",,0,30,+","11.4",",,0,02,","38.3",",0,14,","60.8","0","22.6",",0","22.1",",,,0","0",",,,0","18.46",",0","30.19",",,,0","6.72",",,,0"
"USC00043130","1979-10","40.38333","-123.33333","712.9","FOREST GLEN, CA US","","","6.1",",0","12",",0","9",",0","2",",0","0",",0","0",",0","0",",0","1",",0","0",",0","14",",0","3",",0","","","19791029",",,0","19791031","+,,0","19791031","+,,0","2","","19791025",",,0","19791003",",,0","-0.6",",0,29,","0",",,0,31,+","0",",,0,31,+","91.4",",,0,25,","33.3",",0,03,","242.6","0","181.8",",0","237.2",",,,0","0",",,,0","12.67",",0","20.19",",,,0","5.15",",,,0"
"USC00043130","1979-11","40.38333","-123.33333","712.9","FOREST GLEN, CA US","","","0.0",",0","14",",0","13",",0","3",",0","0",",0","0",",0","0",",0","15",",0","0",",0","0",",0","0",",0","","","19791121",",,0","19791130","+,,0","19791130","+,,0","","","19791116",",,0","19791108","+,,0","-6.7",",0,21,","0",",,0,30,+","0",",,0,30,+","55.6",",,0,16,","15.6",",0,08,+","634.4","0","391.8",",0","250.1",",,,0","0",",,,0","5.27",",0","10.18",",,,0","0.37",",,,0"
"USC00043130","1979-12","40.38333","-123.33333","712.9","FOREST GLEN, CA US","","","0.0",",0","10",",0","9",",0","4",",0","9",",0","3",",0","0",",0","26",",0","0",",0","0",",0","0",",0","","","19791212","+,,0","19791224",",,0","19791224",",,0","","","19791224",",,0","19791204",",,0","-7.2",",0,12,+","305",",,0,24,","226",",,0,24,","58.4",",,0,24,","18.9",",0,04,","1098.5","0","464.1",",0","223.5",",,,0","337",",,,0","3.36",",0","8.80",",,,0","-2.07",",,,0"
"USC00043130","1980-01","40.38333","-123.33333","712.9","FOREST GLEN, CA US","0.0","","0.0",",0","12",",0","12",",0","3",",0","8",",0","1",",0","0",",0","16",",0","0",",0","0",",0","0",",0","","","19800129",",,0","19800101",",,0","19800111",",,0","","","19800113",",,0","19800112",",,0","-11.1",",0,29,","178",",,0,01,","89",",,0,11,","51.3",",,0,13,","13.3",",0,12,","1563.3","","464.8",",0","239.9",",,,0","102",",,,0","3.34",",0","8.30",",,,0","-1.62",",,,0"
"USC00043130","1980-02","40.38333","-123.33333","712.9","FOREST GLEN, CA US","0.0","","0.0",",0","15",",0","14",",0","7",",0","0",",0","0",",0","0",",0","13",",0","0",",0","0",",0","0",",0","","","19800201",",,0","19800229","+,,0","19800229","+,,0","","","19800219",",,0","19800227",",,0","-7.2",",0,01,","0",",,0,29,+","0",",,0,29,+","87.1",",,0,19,","16.7",",0,27,","1916.0","","352.7",",0","429.1",",,,0","0",",,,0","6.17",",0","11.55",",,,0","0.79",",,,0"
"USC00043130","1980-09","40.38333","-123.33333","712.9","FOREST GLEN, CA US","","","18.9",",0","3",",0","0",",0","0",",0","0",",0","0",",0","0",",0","0",",0","0",",0","28",",0","9",",0","","","19800922","+,,0","19800930","+,,0","19800930","+,,0","2","","19800918",",,0","19800905",",,0","0.6",",0,22,+","0",",,0,30,+","0",",,0,30,+","1.5",",,0,18,","35.0",",0,05,","","","50.4",",0","3.3",",,,0","0",",,,0","17.28",",0","29.50",",,,0","5.07",",,,0"
"USC00043130","1980-10","40.38333","-123.33333","712.9","FOREST GLEN, CA US","","","13.9",",0","4",",0","4",",0","1",",0","0",",0","0",",0","0",",0","7",",0","0",",0","11",",0","10",",0","","","19801029",",,0","19801031","+,,0","19801031","+,,0","","","19801012",",,0","19801003",",,0","-2.8",",0,29,","0",",,0,31,+","0",",,0,31,+","32.5",",,0,12,","37.2",",0,03,","","","183.3",",0","63.5",",,,0","0",",,,0","12.87",",0","23.01",",,,0","2.73",",,,0"
"USC00043130","1980-11","40.38333","-123.33333","712.9","FOREST GLEN, CA US","","","0.0",",0","7",",0","6",",0","0",",0","0",",0","0",",0","0",",0","16",",0","0",",0","2",",0","0",",0","","","19801113",",,0","19801130","+,,0","19801130","+,,0","","","19801122",",,0","19801101",",,0","-6.7",",0,13,","0",",,0,30,+","0",",,0,30,+","21.6",",,0,22,","22.2",",0,01,","","","365.1",",0","72.4",",,,0","0",",,,0","6.16",",0","12.59",",,,0","-0.27",",,,0"
"USC00043130","1981-12","40.38333","-123.33333","712.9","FOREST GLEN, CA US","","","0.0",",0","10","4,0","9","4,0","6","4,0","0",",0","0",",0","0",",0","9",",0","0",",0","0",",0","0",",0","","","19811228","+,,0","19811231","+,,0","19811231","+,,0","","","19811219",",4,0","19811209",",,0","-1.1",",0,28,+","0",",,0,31,+","0",",,0,31,+","113.0","4,,0,19,","15.6",",0,09,","","","381.0",",0","456.8",",a,,0","0",",,,0","6.04",",0","10.41",",,,0","1.67",",,,0"
"USC00043130","1982-01","40.38333","-123.33333","712.9","FOREST GLEN, CA US","0.0","0","0.0","2,0","9",",0","9",",0","3",",0","","","","","0","2,0","29","2,0","0",",0","0",",0","0",",0","","","19820107",",2,0","","","","","","","19820102",",,0","19820126",",,0","-12.2","2,0,07,","","","","","37.3",",,0,02,","12.8",",0,26,","","","513.5",",0","203.7",",,,0","","","0.60","2,0","5.41",",,,0","-4.20","2,,,0"
"USC00043130","1982-02","40.38333","-123.33333","712.9","FOREST GLEN, CA US","0.0","0","0.0","2,0","9",",0","8",",0","4",",0","","","0",",0","0","2,0","16","2,0","0",",0","0",",0","0",",0","","","19820208",",2,0","","","19820228","+,,0","","","19820214",",,0","19820220",",,0","-7.8","2,0,08,","","","0",",,0,28,+","55.9",",,0,14,","18.9",",0,20,","","","346.3",",0","252.1",",,,0","0",",,,0","5.00","2,0","11.18",",,,0","-1.17","2,,,0"
"USC00043130","1982-03","40.38333","-123.33333","712.9","FOREST GLEN, CA US","0.0","0","0.0","5,0","14",",0","12",",0","2",",0","0",",0","0",",0","0","5,0","18","5,0","0",",0","0",",0","0",",0","","","19820307",",5,0","19820331","+,,0","19820331","+,,0","","","19820301",",,0","19820325","+,,0","-3.9","5,0,07,","0",",,0,31,+","0",",,0,31,+","76.2",",,0,01,","19.4",",0,25,+","","","338.1",",0","172.1",",,,0","0",",,,0","5.52","5,0","11.62",",,,0","-0.57","5,,,0"
"USC00043130","1982-04","40.38333","-123.33333","712.9","FOREST GLEN, CA US","0.0","0","0.0","3,0","9",",0","9",",0","6",",0","0",",0","0",",0","0","3,0","15","3,0","0",",0","10",",0","0",",0","","","19820409",",3,0","19820430","+,,0","19820430","+,,0","","","19820412",",,0","19820422",",,0","-3.9","3,0,09,","0",",,0,30,+","0",",,0,30,+","111.5",",,0,12,","26.1",",0,22,","","","288.3",",0","397.6",",,,0","0",",,,0","7.62","3,0","15.18",",,,0","0.05","3,,,0"
"USC00043130","1982-05","40.38333","-123.33333","712.9","FOREST GLEN, CA US","3.4","0","3.4","3,0","0",",0","0",",0","0",",0","0",",0","0",",0","0","3,0","4","3,0","0",",0","29",",0","2",",0","","","19820510",",3,0","19820531","+,,0","19820531","+,,0","","","19820531","+,,0","19820526",",,0","-1.1","3,0,10,","0",",,0,31,+","0",",,0,31,+","0.0",",,0,31,+","35.6",",0,26,","","","114.1",",0","0.0",",,,0","0",",,,0","14.52","3,0","26.38",",,,0","2.66","3,,,0"
"USC00043130","1982-06","40.38333","-123.33333","712.9","FOREST GLEN, CA US","43.8","0","40.4","2,0","3",",0","3",",0","0",",0","0",",0","0",",0","0","2,0","1","2,0","0",",0","29",",0","9",",0","","","19820602",",2,0","19820630","+,,0","19820630","+,,0","","","19820621",",,0","19820618",",,0","0.0","2,0,02,","0",",,0,30,+","0",",,0,30,+","20.6",",,0,21,","36.7",",0,18,","","","59.7",",0","46.8",",,,0","0",",,,0","17.77","2,0","28.03",",,,0","7.52","2,,,0"
"USC00043130","1982-07","40.38333","-123.33333","712.9","FOREST GLEN, CA US","92.9","0","49.1",",0","0",",0","0",",0","0",",0","0",",0","0",",0","0",",0","0",",0","0",",0","31",",0","12",",0","","","19820728","+,,0","19820731","+,,0","19820731","+,,0","","","19820731","+,,0","19820730",",,0","5.6",",0,28,+","0",",,0,31,+","0",",,0,31,+","0.0",",,0,31,+","37.2",",0,30,","10.3","0","10.3",",0","0.0",",,,0","0",",,,0","19.58",",0","30.78",",,,0","8.39",",,,0"
"USC00043130","1982-08","40.38333","-123.33333","712.9","FOREST GLEN, CA US","154.8","0","61.9",",0","1",",0","1",",0","0",",0","0",",0","0",",0","0",",0","0",",0","0",",0","31",",0","17",",0","","","19820804",",,0","19820831","+,,0","19820831","+,,0","","","19820831",",,0","19820823",",,0","4.4",",0,04,","0",",,0,31,+","0",",,0,31,+","7.6",",,0,31,","39.4",",0,23,","16.9","0","6.6",",0","7.6",",,,0","0",",,,0","20.11",",0","32.84",",,,0","7.39",",,,0"
"USC00043130","1982-09","40.38333","-123.33333","712.9","FOREST GLEN, CA US","173.7","0","18.9",",0","3",",0","2",",0","0",",0","0",",0","0",",0","0",",0","1",",0","0",",0","23",",0","9",",0","","","19820930",",,0","19820930","+,,0","19820930","+,,0","","","19820920",",,0","19820906",",,0","-0.6",",0,30,","0",",,0,30,+","0",",,0,30,+","9.1",",,0,20,","35.6",",0,06,","102.0","0","85.1",",0","14.2",",,,0","0",",,,0","16.13",",0","27.41",",,,0","4.85",",,,0"
"USC00043130","1982-10","40.38333","-123.33333","712.9","FOREST GLEN, CA US","173.7","0","0.0","1,0","6",",0","6",",0","2",",0","0",",0","0",",0","0","1,0","9","1,0","0",",0","16",",0","0",",0","","","19821019","+,1,0","19821031","+,,0","19821031","+,,0","","","19821025",",,0","19821013",",,0","-2.2","1,0,19,+","0",",,0,31,+","0",",,0,31,+","36.1",",,0,25,","27.8",",0,13,","313.6","0","211.6",",0","108.2",",,,0","0",",,,0","11.17","1,0","20.29",",,,0","2.06","1,,,0"
"USC00043130","1982-11","40.38333","-123.33333","712.9","FOREST GLEN, CA US","173.7","0","0.0","1,0","12",",0","11",",0","4",",0","0",",0","0",",0","0","1,0","21","1,0","0",",0","0",",0","0",",0","","","19821115","+,1,0","19821130","+,,0","19821130","+,,0","","","19821118",",,0","19821105","+,,0","-6.1","1,0,15,+","0",",,0,30,+","0",",,0,30,+","101.6",",,0,18,","16.7",",0,05,+","701.1","0","387.5",",0","339.9",",,,0","0",",,,0","4.88","1,0","11.10",",,,0","-1.34","1,,,0"
"USC00043130","1982-12","40.38333","-123.33333","712.9","FOREST GLEN, CA US","","","","","12",",0","12",",0","7",",0","0",",0","0",",0","","","","","0",",0","0",",0","0",",0","","","","","19821231","+,,0","19821231","+,,0","","","19821217",",,0","19821206",",,0","","","0",",,0,31,+","0",",,0,31,+","98.6",",,0,17,","13.9",",0,06,","","","","","506.5",",,,0","0",",,,0","","","7.62",",,,0","",""
"USC00043130","1983-01","40.38333","-123.33333","712.9","FOREST GLEN, CA US","0.0","0","0.0","1,0","10",",0","10",",0","6",",0","0",",0","0",",0","0","1,0","24","1,0","0",",0","0",",0","0",",0","","","19830101",",1,0","19830131","+,,0","19830131","+,,0","","","19830127",",,0","19830126",",,0","-7.8","1,0,01,","0",",,0,31,+","0",",,0,31,+","112.5",",,0,27,","11.7",",0,26,","","","448.1",",0","406.6",",,,0","0",",,,0","3.35","1,0","8.33",",,,0","-1.63","1,,,0"
"USC00043130","1983-02","40.38333","-123.33333","712.9","FOREST GLEN, CA US","","","","","16",",0","16",",0","8",",0","0",",0","0",",0","","","","","0",",0","0",",0","0",",0","","","","","19830228","+,,0","19830228","+,,0","","","19830228",",,0","19830221",",,0","","","0",",,0,28,+","0",",,0,28,+","95.5",",,0,28,","15.6",",0,21,","","","","","527.1",",,,0","0",",,,0","","","9.15",",,,0","",""
"USC00043130","1983-03","40.38333","-123.33333","712.9","FOREST GLEN, CA US","","","","","21",",0","21",",0","8",",0","0",",0","0",",0","","","","","0",",0","0",",0","0",",0","","","","","19830331","+,,0","19830331","+,,0","","","19830314",",,0","19830303",",,0","","","0",",,0,31,+","0",",,0,31,+","107.7",",,0,14,","20.0",",0,03,","","","","","516.4",",,,0","0",",,,0","","","11.30",",,,0","",""
"USC00043130","1983-04","40.38333","-123.33333","712.9","FOREST GLEN, CA US","","","0.0",",0","11",",0","9",",0","2",",0","0",",0","0",",0","0",",0","19",",0","0",",0","4",",0","0",",0","","","19830413",",,0","19830430","+,,0","19830430","+,,0","","","19830423",",,0","19830418",",,0","-3.9",",0,13,","0",",,0,30,+","0",",,0,30,+","45.7",",,0,23,","21.7",",0,18,","","","312.6",",0","181.1",",,,0","0",",,,0","7.91",",0","15.53",",,,0","0.30",",,,0"
"USC00043130","1983-05","40.38333","-123.33333","712.9","FOREST GLEN, CA US","","","20.0","2,0","4",",0","4",",0","1",",0","0",",0","0",",0","0","2,0","6","2,0","0",",0","19",",0","9",",0","","","19830513","+,2,0","19830531","+,,0","19830531","+,,0","","","19830531",",,0","19830528",",,0","-2.2","2,0,13,+","0",",,0,31,+","0",",,0,31,+","25.7",",,0,31,","35.6",",0,28,","","","155.6",",0","51.4",",,,0","0",",,,0","13.65","2,0","23.98",",,,0","3.33","2,,,0"
"USC00043130","1983-06","40.38333","-123.33333","712.9","FOREST GLEN, CA US","","","","","1",",0","1",",0","0",",0","0",",0","0",",0","","","","","0",",0","28",",0","4",",0","","","","","19830630","+,,0","19830630","+,,0","","","19830611",",,0","19830617","+,,0","","","0",",,0,30,+","0",",,0,30,+","5.3",",,0,11,","32.8",",0,17,+","","","","","5.3",",,,0","0",",,,0","","","27.60",",,,0","",""
"USC00043130","1983-07","40.38333","-123.33333","712.9","FOREST GLEN, CA US","","","33.6","1,0","2",",0","1",",0","0",",0","0",",0","0",",0","0","1,0","0","1,0","0",",0","31",",0","16",",0","","","19830710",",1,0","19830731","+,,0","19830731","+,,0","","","19830719",",,0","19830714",",,0","2.2","1,0,10,","0",",,0,31,+","0",",,0,31,+","19.1",",,0,19,","36.7",",0,14,","20.2","0","20.2",",0","20.4",",,,0","0",",,,0","18.62","1,0","30.52",",,,0","6.73","1,,,0"
"USC00043130","1983-08","40.38333","-123.33333","712.9","FOREST GLEN, CA US","","","63.8",",0","5",",0","5",",0","1",",0","0",",0","0",",0","0",",0","0",",0","0",",0","29",",0","15",",0","","","19830801",",,0","19830831","+,,0","19830831","+,,0","","","19830831",",,0","19830808",",,0","5.6",",0,01,","0",",,0,31,+","0",",,0,31,+","30.0",",,0,31,","37.8",",0,08,","33.0","0","12.8",",0","75.2",",,,0","0",",,,0","19.98",",0","30.27",",,,0","9.68",",,,0"
"USC00043130","1983-09","40.38333","-123.33333","712.9","FOREST GLEN, CA US","","","20.2","5,0","2",",0","2",",0","0",",0","0",",0","0",",0","0","5,0","0","5,0","0",",0","28",",0","10",",0","","","19830920",",5,0","19830930","+,,0","19830930","+,,0","","","19830901",",,0","19830917","+,,0","2.8","5,0,20,","0",",,0,30,+","0",",,0,30,+","24.9",",,0,01,","34.4",",0,17,+","63.0","0","30.0",",0","33.0",",,,0","0",",,,0","18.05","5,0","29.03",",,,0","7.06","5,,,0"
"USC00043130","1983-10","40.38333","-123.33333","712.9","FOREST GLEN, CA US","","","0.0","2,0","3",",0","3",",0","1",",0","0",",0","0",",0","0","2,0","1","2,0","0",",0","20",",0","0",",0","","","19831015",",2,0","19831031","+,,0","19831031","+,,0","","","19831031",",,0","19831011","+,,0","0.0","2,0,15,","0",",,0,31,+","0",",,0,31,+","33.8",",,0,31,","27.2",",0,11,+","231.8","0","168.8",",0","54.4",",,,0","0",",,,0","12.54","2,0","22.33",",,,0","2.74","2,,,0"
"USC00043130","1983-11","40.38333","-123.33333","712.9","FOREST GLEN, CA US","","","0.0",",0","14",",0","14",",0","8",",0","0",",0","0",",0","0",",0","14",",0","0",",0","0",",0","0",",0","","","19831129",",,0","19831130","+,,0","19831130","+,,0","","","19831112",",,0","19831104",",,0","-3.3",",0,29,","0",",,0,30,+","0",",,0,30,+","94.2",",,0,12,","17.2",",0,04,","582.4","0","350.6",",0","515.5",",,,0","0",",,,0","6.65",",0","11.02",",,,0","2.27",",,,0"
"USC00043130","1983-12","40.38333","-123.33333","712.9","FOREST GLEN, CA US","","","0.0",",0","19",",0","18",",0","9",",0","0",",0","0",",0","0",",0","11",",0","0",",0","0",",0","0",",0","","","19831223","+,,0","19831231","+,,0","19831231","+,,0","","","19831225",",,0","19831213",",,0","-5.0",",0,23,+","0",",,0,31,+","0",",,0,31,+","78.7",",,0,25,","15.0",",0,13,","999.0","0","416.6",",0","520.0",",,,0","0",",,,0","4.90",",0","8.52",",,,0","1.27",",,,0"
"USC00043130","1984-01","40.38333","-123.33333","712.9","FOREST GLEN, CA US","0.0","0","0.0","3,0","2",",0","2",",0","0",",0","0",",0","0",",0","0","3,0","20","3,0","0",",0","0",",0","0",",0","","","19840114",",3,0","19840131","+,,0","19840131","+,,0","","","19840115",",,0","19840126","+,,0","-7.8","3,0,14,","0",",,0,31,+","0",",,0,31,+","7.9",",,0,15,","15.0",",0,26,+","1385.7","0","386.7",",0","10.9",",,,0","0",",,,0","4.51","3,0","10.96",",,,0","-1.94","3,,,0"
"USC00043130","1984-02","40.38333","-123.33333","712.9","FOREST GLEN, CA US","0.0","0","0.0","1,0","12",",0","10",",0","3",",0","0",",0","0",",0","0","1,0","25","1,0","0",",0","0",",0","0",",0","","","19840206",",1,0","19840229","+,,0","19840229","+,,0","","","19840212",",,0","19840203",",,0","-4.4","1,0,06,","0",",,0,29,+","0",",,0,29,+","48.3",",,0,12,","20.6",",0,03,","1748.3","0","362.6",",0","200.3",",,,0","0",",,,0","5.33","1,0","11.82",",,,0","-1.16","1,,,0"
"USC00043130","1984-03","40.38333","-123.33333","712.9","FOREST GLEN, CA US","0.0","0","0.0",",0","8","1,0","5","1,0","2","1,0","0",",0","0",",0","0",",0","13",",0","0",",0","1",",0","0",",0","","","19840329","+,,0","19840331","+,,0","19840331","+,,0","","","19840314",",1,0","19840320",",,0","-2.8",",0,29,+","0",",,0,31,+","0",",,0,31,+","41.7","1,,0,14,","21.1",",0,20,","2048.5","0","300.2",",0","129.7","1,,,0","0",",,,0","8.65",",0","16.81",",,,0","0.49",",,,0"
"USC00043130","1984-04","40.38333","-123.33333","712.9","FOREST GLEN, CA US","0.0","0","0.0","1,0","11",",0","9",",0","1",",0","","","","","0","1,0","9","1,0","0",",0","7",",0","0",",0","","","19840427","+,1,0","","","","","","","19840410",",,0","19840416",",,0","-2.8","1,0,27,+","","","","","30.2",",,0,10,","28.9",",0,16,","2324.7","0","276.2",",0","112.9",",,,0","","","8.85","1,0","16.86",",,,0","0.84","1,,,0"
"USC00043130","1984-05","40.38333","-123.33333","712.9","FOREST GLEN, CA US","8.6","0","8.6","2,0","4",",0","2",",0","0",",0","0",",0","0",",0","0","2,0","5","2,0","0",",0","24",",0","4",",0","","","19840505",",2,0","19840531","+,,0","19840531","+,,0","","","19840502",",,0","19840529",",,0","-1.7","2,0,05,","0",",,0,31,+","0",",,0,31,+","14.5",",,0,02,","37.8",",0,29,","2477.6","0","152.9",",0","24.9",",,,0","0",",,,0","13.79","2,0","24.25",",,,0","3.32","2,,,0"
"USC00043130","1984-06","40.38333","-123.33333","712.9","FOREST GLEN, CA US","24.8","0","16.2","2,0","3",",0","2",",0","0",",0","0",",0","0",",0","0","2,0","1","2,0","0",",0","26",",0","6",",0","","","19840610",",2,0","19840630","+,,0","19840630","+,,0","","","19840606",",,0","19840630",",,0","0.0","2,0,10,","0",",,0,30,+","0",",,0,30,+","9.9",",,0,06,","35.6",",0,30,","2549.4","0","71.8",",0","17.3",",,,0","0",",,,0","16.24","2,0","26.87",",,,0","5.60","2,,,0"
"USC00043130","1984-07","40.38333","-123.33333","712.9","FOREST GLEN, CA US","127.8","0","103.0","1,0","0",",0","0",",0","0",",0","0",",0","0",",0","0","1,0","0","1,0","0",",0","31",",0","23",",0","","","19840711","+,1,0","19840731","+,,0","19840731","+,,0","","","19840731","+,,0","19840717","+,,0","5.6","1,0,11,+","0",",,0,31,+","0",",,0,31,+","0.0",",,0,31,+","40.6",",0,17,+","1.4","0","1.4",",0","0.0",",,,0","0",",,,0","21.77","1,0","34.39",",,,0","9.14","1,,,0"
"USC00043130","1984-08","40.38333","-123.33333","712.9","FOREST GLEN, CA US","200.2","0","72.4","1,0","1",",0","1",",0","0",",0","0",",0","0",",0","0","1,0","0","1,0","0",",0","30",",0","25",",0","","","19840828","+,1,0","19840831","+,,0","19840831","+,,0","","","19840831",",,0","19840809",",,0","6.7","1,0,28,+","0",",,0,31,+","0",",,0,31,+","12.7",",,0,31,","39.4",",0,09,","5.9","0","4.5",",0","12.7",",,,0","0",",,,0","20.62","1,0","33.25",",,,0","7.98","1,,,0"
"USC00043130","1984-09","40.38333","-123.33333","712.9","FOREST GLEN, CA US","227.4","0","27.2",",0","3",",0","1",",0","0",",0","0",",0","0",",0","0",",0","3",",0","0",",0","30",",0","13",",0","","","19840926","+,,0","19840930","+,,0","19840930","+,,0","","","19840919",",,0","19840918",",,0","-0.6",",0,26,+","0",",,0,30,+","0",",,0,30,+","10.7",",,0,19,","36.7",",0,18,","53.2","0","47.3",",0","13.3",",,,0","0",",,,0","17.67",",0","30.26",",,,0","5.07",",,,0"
"USC00043130","1984-10","40.38333","-123.33333","712.9","FOREST GLEN, CA US","227.4","0","0.0",",0","9",",0","7",",0","1",",0","0",",0","0",",0","0",",0","4",",0","0",",0","11",",0","0",",0","","","19841016","+,,0","19841031","+,,0","19841031","+,,0","","","19841011",",,0","19841006","+,,0","-1.7",",0,16,+","0",",,0,31,+","0",",,0,31,+","34.5",",,0,11,","29.4",",0,06,+","296.6","0","243.4",",0","79.9",",,,0","0",",,,0","10.48",",0","18.21",",,,0","2.76",",,,0"
"USC00043130","1984-11","40.38333","-123.33333","712.9","FOREST GLEN, CA US","227.4","0","0.0","3,0","21",",0","18",",0","9",",0","0",",0","0",",0","0","3,0","9","3,0","0",",0","0",",0","0",",0","","","19841101",",3,0","19841130","+,,0","19841130","+,,0","","","19841113",",,0","19841103","+,,0","-2.8","3,0,01,","0",",,0,30,+","0",",,0,30,+","87.9",",,0,13,","15.6",",0,03,+","639.7","0","343.1",",0","628.1",",,,0","0",",,,0","5.64","3,0","10.06",",,,0","1.22","3,,,0"
"USC00043130","1984-12","40.38333","-123.33333","712.9","FOREST GLEN, CA US","227.4","0","0.0","3,0","11",",0","9",",0","0",",0","0",",0","0",",0","0","3,0","27","3,0","0",",0","0",",0","0",",0","","","19841220","+,3,0","19841231","+,,0","19841231","+,,0","","","19841203",",,0","19841210","+,,0","-7.8","3,0,20,+","0",",,0,31,+","0",",,0,31,+","20.6",",,0,03,","10.0",",0,10,+","1094.3","0","454.6",",0","84.4",",,,0","0",",,,0","2.14","3,0","6.41",",,,0","-2.13","3,,,0"
"USC00043130","1985-01","40.38333","-123.33333","712.9","FOREST GLEN, CA US","0.0","","0.0","4,0","4",",0","4",",0","0",",0","0",",0","0",",0","0","4,0","22","4,0","0",",0","0",",0","0",",0","","","19850102","+,4,0","19850131","+,,0","19850131","+,,0","","","19850107",",,0","19850122","+,,0","-6.1","4,0,02,+","0",",,0,31,+","0",",,0,31,+","12.7",",,0,07,","14.4",",0,22,+","1487.4","","393.1",",0","26.1",",,,0","0",",,,0","3.73","4,0","9.81",",,,0","-2.36","4,,,0"
"USC00043130","1985-02","40.38333","-123.33333","712.9","FOREST GLEN, CA US","0.0","","0.0","4,0","5",",0","5",",0","1",",0","0",",0","0",",0","0","4,0","22","4,0","0",",0","1",",0","0",",0","","","19850204",",4,0","19850228","+,,0","19850228","+,,0","","","19850208",",,0","19850228",",,0","-5.0","4,0,04,","0",",,0,28,+","0",",,0,28,+","90.7",",,0,08,","21.1",",0,28,","1780.2","","292.8",",0","124.5",",,,0","0",",,,0","5.80","4,0","13.41",",,,0","-1.81","4,,,0"
"USC00043130","1985-03","40.38333","-123.33333","712.9","FOREST GLEN, CA US","0.0","","0.0","5,0","7",",0","7",",0","2",",0","0",",0","0",",0","0","5,0","24","5,0","0",",0","6",",0","0",",0","","","19850304",",5,0","19850331","+,,0","19850331","+,,0","","","19850329",",,0","19850318","+,,0","-5.6","5,0,04,","0",",,0,31,+","0",",,0,31,+","54.1",",,0,29,","22.2",",0,18,+","2122.0","","341.8",",0","118.4",",,,0","0",",,,0","5.59","5,0","12.71",",,,0","-1.53","5,,,0"
"USC00043130","1985-04","40.38333","-123.33333","712.9","FOREST GLEN, CA US","0.5","","0.5","4,0","3","1,0","1","1,0","0","1,0","","","0","1,0","0","4,0","5","4,0","0",",0","18",",0","1",",0","","","19850424","+,4,0","","","19850430","+,1,0","","","19850422",",1,0","19850415",",,0","-2.2","4,0,24,+","","","0","1,,0,30,+","7.6","1,,0,22,","33.3",",0,15,","2281.4","","159.4",",0","9.7","1,,,0","0","1,,,0","12.31","4,0","22.15",",,,0","2.48","4,,,0"
"USC00043130","1985-05","40.38333","-123.33333","712.9","FOREST GLEN, CA US","","","","","2",",0","1",",0","0",",0","0",",0","0",",0","","","","","0",",0","23",",0","0",",0","","","","","19850531","+,,0","19850531","+,,0","","","19850529",",,0","19850522",",,0","","","0",",,0,31,+","0",",,0,31,+","7.6",",,0,29,","30.0",",0,22,","","","","","8.4",",,,0","0",",,,0","","","23.57",",,,0","",""
"USC00043130","1985-06","40.38333","-123.33333","712.9","FOREST GLEN, CA US","","","68.9","5,0","1",",0","0",",0","0",",0","0",",0","0",",0","0","5,0","0","5,0","0",",0","30",",0","19",",0","","","19850629","+,5,0","19850630","+,,0","19850630","+,,0","","","19850603",",,0","19850620","+,,0","4.4","5,0,29,+","0",",,0,30,+","0",",,0,30,+","1.0",",,0,03,","40.0",",0,20,+","","","15.3",",0","1.0",",,,0","0",",,,0","20.16","5,0","32.58",",,,0","7.75","5,,,0"
"USC00043130","1985-07","40.38333","-123.33333","712.9","FOREST GLEN, CA US","","","","","","","","","","","0",",0","0",",0","","","","","","","","","","","","","","","19850731","+,,0","19850731","+,,0","","","","","","","","","0",",,0,31,+","0",",,0,31,+","","","","","","","","","","","0",",,,0","","","","","",""
