"STATION","DATE","LATITUDE","LONGITUDE","ELEVATION","NAME","CDSD","CDSD_ATTRIBUTES","CLDD","CLDD_ATTRIBUTES","DP01","DP01_ATTRIBUTES","DP10","DP10_ATTRIBUTES","DP1X","DP1X_ATTRIBUTES","DSND","DSND_ATTRIBUTES","DSNW","DSNW_ATTRIBUTES","DT00","DT00_ATTRIBUTES","DT32","DT32_ATTRIBUTES","DX32","DX32_ATTRIBUTES","DX70","DX70_ATTRIBUTES","DX90","DX90_ATTRIBUTES","DYFG","DYFG_ATTRIBUTES","DYNT","DYNT_ATTRIBUTES","DYSD","DYSD_ATTRIBUTES","DYSN","DYSN_ATTRIBUTES","DYTS","DYTS_ATTRIBUTES","DYXP","DYXP_ATTRIBUTES","DYXT","DYXT_ATTRIBUTES","EMNT","EMNT_ATTRIBUTES","EMSD","EMSD_ATTRIBUTES","EMSN","EMSN_ATTRIBUTES","EMXP","EMXP_ATTRIBUTES","EMXT","EMXT_ATTRIBUTES","HDSD","HDSD_ATTRIBUTES","HTDD","HTDD_ATTRIBUTES","PRCP","PRCP_ATTRIBUTES","SNOW","SNOW_ATTRIBUTES","TAVG","TAVG_ATTRIBUTES","TMAX","TMAX_ATTRIBUTES","TMIN","TMIN_ATTRIBUTES"
"USC00183855","1948-08","39.0","-77.25","61.0","GREAT FALLS, MD US","","","159.1",",0","8",",0","6",",0","2",",0","0",",0","0",",0","0",",0","0",",0","0",",0","31",",0","7",",0","","","19480806",",,0","19480831","+,,0","19480831","+,,0","","","19480803",",,0","19480827",",,0","11.7",",0,06,","0",",,0,31,+","0",",,0,31,+","53.3",",,0,03,","37.2",",0,27,","","","0.0",",0","130.0",",,,0","0",",,,0","23.47",",0","30.02",",,,0","16.92",",,,0"
"USC00183855","1948-09","39.0","-77.25","61.0","GREAT FALLS, MD US","","","67.4","1,0","6",",0","6",",0","0",",0","0",",0","0",",0","0","1,0","0","1,0","0",",0","28",",0","2",",0","","","19480927","+,1,0","19480930","+,,0","19480930","+,,0","","","19480922",",,0","19480913",",,0","6.1","1,0,27,+","0",",,0,30,+","0",",,0,30,+","24.4",",,0,22,","33.3",",0,13,","","","29.8",",0","68.9",",,,0","0",",,,0","19.74","1,0","26.82",",,,0","12.66","1,,,0"
"USC00183855","1948-10","39.0","-77.25","61.0","GREAT FALLS, MD US","","","4.7",",0","7",",0","6",",0","1",",0","0",",0","0",",0","0",",0","2",",0","0",",0","8",",0","0",",0","","","19481019",",,0","19481031","+,,0","19481031","+,,0","","","19481006",",,0","19481001",",,0","-2.2",",0,19,","0",",,0,31,+","0",",,0,31,+","50.8",",,0,06,","26.7",",0,01,","","","183.0",",0","92.7",",,,0","0",",,,0","12.58",",0","19.17",",,,0","6.00",",,,0"
"USC00183855","1948-11","39.0","-77.25","61.0","GREAT FALLS, MD US","","","2.5",",0","14",",0","11",",0","2",",0","0",",0","0",",0","0",",0","9",",0","0",",0","7",",0","0",",0","","","19481118",",,0","19481130","+,,0","19481129",",,0","","","19481129",",,0","19481106",",,0","-2.2",",0,18,","0",",,0,30,+","5",",,0,29,","45.7",",,0,29,","25.0",",0,06,","","","244.7",",0","157.5",",,,0","5",",,,0","10.26",",0","16.42",",,,0","4.10",",,,0"
"USC00183855","1948-12","39.0","-77.25","61.0","GREAT FALLS, MD US","","","0.0",",0","12",",0","8",",0","3",",0","1",",0","1",",0","0",",0","26",",0","1",",0","1",",0","0",",0","","","19481227",",,0","19481219",",,0","19481219",",,0","","","19481229",",,0","19481213",",,0","-14.4",",0,27,","102",",,0,19,","102",",,0,19,","32.0",",,0,29,","21.7",",0,13,","","","467.7",",0","128.5",",,,0","102",",,,0","3.25",",0","9.00",",,,0","-2.51",",,,0"
"USC00183855","1949-01","39.0","-77.25","61.0","GREAT FALLS, MD US","0.0","0","0.0",",0","11","2,0","7","2,0","2","2,0","2",",0","2",",0","0",",0","22",",0","0",",0","1",",0","0",",0","","","19490130",",,0","19490131",",,0","19490131","+,,0","","","19490106",",2,0","19490128",",,0","-7.8",",0,30,","102",",,0,31,","127",",,0,31,+","31.8","2,,0,06,","21.1",",0,28,","","","410.0",",0","120.7",",a,,0","254",",,,0","5.11",",0","11.16",",,,0","-0.95",",,,0"
"USC00183855","1949-02","39.0","-77.25","61.0","GREAT FALLS, MD US","0.0","0","0.0",",0","","","","","","","0","3,0","2",",0","0",",0","16",",0","0",",0","2",",0","0",",0","","","19490203",",,0","19490228","+,3,0","19490228",",,0","","","","","19490215",",,0","-11.1",",0,03,","0","3,,0,28,+","102",",,0,28,","","","25.0",",0,15,","","","344.7",",0","86.6",",a,,0","166",",,,0","6.02",",0","12.78",",,,0","-0.74",",,,0"
"USC00183855","1949-03","39.0","-77.25","61.0","GREAT FALLS, MD US","3.3","0","3.3",",0","7",",0","6",",0","1",",0","0",",0","0",",0","0",",0","19",",0","0",",0","4",",0","0",",0","","","19490319",",,0","19490331","+,,0","19490318",",,0","","","19490323",",,0","19490327",",,0","-7.2",",0,19,","0",",,0,31,+","0",",T,0,18,","31.2",",,0,23,","28.3",",0,27,","","","357.8",",0","97.5",",,,0","0",",T,,0","6.90",",0","14.19",",,,0","-0.40",",,,0"
"USC00183855","1949-04","39.0","-77.25","61.0","GREAT FALLS, MD US","4.4","0","1.1",",0","10",",0","7",",0","0",",0","0",",0","0",",0","0",",0","9",",0","0",",0","9",",0","0",",0","","","19490410",",,0","19490430","+,,0","19490430","+,,0","","","19490406",",,0","19490426",",,0","-2.2",",0,10,","0",",,0,30,+","0",",,0,30,+","18.3",",,0,06,","30.6",",0,26,","","","215.9",",0","67.3",",,,0","0",",,,0","11.18",",0","19.31",",,,0","3.04",",,,0"
"USC00183855","1949-05","39.0","-77.25","61.0","GREAT FALLS, MD US","41.0","0","36.6","1,0","13",",0","10",",0","2",",0","0","1,0","0",",0","0",",0","0",",0","0","1,0","22","1,0","4","1,0","","","19490526",",,0","19490531","+,1,0","19490515",",,0","","","19490523",",,0","19490506",",1,0","3.3",",0,26,","0","1,,0,31,+","0",",T,0,15,","52.8",",,0,23,","34.4","1,0,06,","","","59.7","1,0","144.2",",,,0","0",",T,,0","17.56","1,0","24.78","1,,,0","10.34",",,,0"
"USC00183855","1949-06","39.0","-77.25","61.0","GREAT FALLS, MD US","176.5","0","135.5",",0","6",",0","4",",0","1",",0","0",",0","0",",0","0",",0","0",",0","0",",0","30",",0","8",",0","","","19490610",",,0","19490630","+,,0","19490630","+,,0","","","19490617",",,0","19490626","+,,0","6.1",",0,10,","0",",,0,30,+","0",",,0,30,+","32.0",",,0,17,","34.4",",0,26,+","","","4.4",",0","63.1",",,,0","0",",,,0","22.70",",0","29.98",",,,0","15.42",",,,0"
"USC00183855","1949-07","39.0","-77.25","61.0","GREAT FALLS, MD US","412.2","0","235.7",",0","10",",0","7",",0","2",",0","0",",0","0",",0","0",",0","0",",0","0",",0","31",",0","13",",0","","","19490721","+,,0","19490731","+,,0","19490731","+,,0","6","","19490715",",,0","19490729",",,0","16.1",",0,21,+","0",",,0,31,+","0",",,0,31,+","51.3",",,0,15,","36.1",",0,29,","0.0","0","0.0",",0","184.8",",,,0","0",",,,0","25.94",",0","31.80",",,,0","20.07",",,,0"
"USC00183855","1949-08","39.0","-77.25","61.0","GREAT FALLS, MD US","579.0","0","166.8",",0","8",",0","7",",0","2",",0","0",",0","0",",0","0",",0","0",",0","0",",0","31",",0","9",",0","","","19490831",",,0","19490831","+,,0","19490831","+,,0","2","","19490817",",,0","19490811",",,0","10.6",",0,31,","0",",,0,31,+","0",",,0,31,+","34.5",",,0,17,","35.6",",0,11,","1.4","0","1.4",",0","117.2",",,,0","0",",,,0","23.67",",0","29.95",",,,0","17.39",",,,0"
"USC00183855","1949-09","39.0","-77.25","61.0","GREAT FALLS, MD US","608.5","0","29.5","1,0","10",",0","8",",0","0",",0","0",",0","0",",0","0","1,0","0","1,0","0",",0","29",",0","0",",0","","","19490912",",1,0","19490930","+,,0","19490930","+,,0","2","","19490922",",,0","19490905",",,0","4.4","1,0,12,","0",",,0,30,+","0",",,0,30,+","19.1",",,0,22,","31.7",",0,05,","51.4","0","50.0",",0","70.4",",,,0","0",",,,0","17.57","1,0","25.43",",,,0","9.71","1,,,0"
"USC00183855","1949-10","39.0","-77.25","61.0","GREAT FALLS, MD US","640.8","0","32.3","4,0","6","3,0","4","3,0","2","3,0","0",",0","0",",0","0","4,0","1","4,0","0",",0","23",",0","0",",0","","","19491027",",4,0","19491031","+,,0","19491031","+,,0","","","19491028",",3,0","19491012",",,0","0.0","4,0,27,","0",",,0,31,+","0",",,0,31,+","39.1","3,,0,28,","31.7",",0,12,","113.8","0","62.4",",0","105.4","1,a,,0","0",",,,0","17.09","4,0","24.35",",,,0","9.83","4,,,0"
"USC00183855","1949-11","39.0","-77.25","61.0","GREAT FALLS, MD US","640.8","0","0.0",",0","4","1,0","1","1,0","0","1,0","0",",0","0",",0","0",",0","16",",0","0",",0","2",",0","0",",0","2","","19491123",",,0","19491125",",,0","19491125",",,0","","","19491128",",1,0","19491111",",,0","-7.2",",0,23,","0",",T,0,25,","5",",,0,25,","18.8","1,,0,28,","24.4",",0,11,","449.1","0","335.3",",0","21.6","1,,,0","5",",,,0","7.16",",0","14.52",",,,0","-0.20",",,,0"
"USC00183855","1949-12","39.0","-77.25","61.0","GREAT FALLS, MD US","640.8","0","0.0","1,0","10","3,0","6","3,0","0","3,0","0",",0","0",",0","0",",0","20",",0","0","1,0","0","1,0","0","1,0","","","19491217",",,0","19491231","+,,0","19491231","+,,0","","","19491212",",3,0","19491223","+,1,0","-11.1",",0,17,","0",",,0,31,+","0",",,0,31,+","18.0","3,,0,12,","19.4","1,0,23,+","879.9","0","430.8","1,0","59.2","1,a,,0","0",",,,0","3.99","1,0","10.34","1,,,0","-2.36",",,,0"
"USC00183855","1950-01","39.0","-77.25","61.0","GREAT FALLS, MD US","2.5","","2.5","1,0","7","4,0","2","4,0","0","4,0","0",",0","0",",0","0",",0","13",",0","0","1,0","7","1,0","0","1,0","","","19500128","+,,0","19500119",",,0","19500119",",,0","","","19500131",",4,0","19500126",",1,0","-7.2",",0,28,+","0",",T,0,19,","13",",,0,19,","20.3","4,,0,31,","26.7","1,0,26,","1182.7","","302.8","1,0","45.5",",a,,0","13",",,,0","8.31","1,0","15.35","1,,,0","1.28",",,,0"
"USC00183855","1950-02","39.0","-77.25","61.0","GREAT FALLS, MD US","2.5","","0.0",",0","9","3,0","9","3,0","0","3,0","0",",0","0",",0","0",",0","18",",0","0",",0","0",",0","0",",0","","","19500228",",,0","19500228","+,,0","19500228","+,,0","","","19500201",",3,0","19500224",",,0","-10.6",",0,28,","0",",,0,28,+","0",",,0,28,+","13.0","3,,0,01,","12.8",",0,24,","1611.1","","428.4",",0","95.0","1,a,,0","0",",,,0","3.03",",0","8.45",",,,0","-2.38",",,,0"
"USC00183855","1950-03","39.0","-77.25","61.0","GREAT FALLS, MD US","4.8","","2.3",",0","10","2,0","6","2,0","1","2,0","1",",0","1",",0","0",",0","21",",0","0",",0","3",",0","0",",0","1","","19500303",",,0","19500317",",,0","19500317",",,0","","","19500322",",2,0","19500327",",,0","-13.9",",0,03,","25",",,0,17,","25",",,0,17,","44.2","2,,0,22,","26.1",",0,27,","2016.5","","405.4",",0","106.3",",a,,0","38",",,,0","5.33",",0","12.30",",,,0","-1.65",",,,0"
"USC00183855","1950-04","39.0","-77.25","61.0","GREAT FALLS, MD US","9.5","","4.7",",0","7","1,0","3","1,0","0","1,0","0",",0","0",",0","0",",0","9",",0","0",",0","11",",0","0",",0","","","19500414",",,0","19500430","+,,0","19500430","+,,0","2","","19500413",",1,0","19500404",",,0","-5.6",",0,14,","0",",,0,30,+","0",",,0,30,+","4.8","1,,0,13,","28.3",",0,04,","2240.1","","223.6",",0","18.8","1,,,0","0",",,,0","11.04",",0","18.05",",,,0","4.03",",,,0"
"USC00183855","1950-05","39.0","-77.25","61.0","GREAT FALLS, MD US","41.2","","31.7",",0","8","5,0","8","5,0","0","5,0","0",",0","0",",0","0",",0","0",",0","0",",0","27",",0","1",",0","","","19500509",",,0","19500531","+,,0","19500531","+,,0","6","","19500519",",5,0","19500506",",,0","1.1",",0,09,","0",",,0,31,+","0",",,0,31,+","23.4","5,,0,19,","32.2",",0,06,","2286.2","","46.1",",0","127.4",",a,,0","0",",,,0","17.87",",0","24.20",",,,0","11.54",",,,0"
"USC00183855","1950-06","39.0","-77.25","61.0","GREAT FALLS, MD US","145.4","","104.2","1,0","6","3,0","6","3,0","2","3,0","0",",0","0",",0","0","1,0","0","1,0","0","1,0","29","1,0","4","1,0","","","19500605",",1,0","19500630","+,,0","19500630","+,,0","2","","19500629",",3,0","19500626",",1,0","6.1","1,0,05,","0",",,0,30,+","0",",,0,30,+","44.7","3,,0,29,","34.4","1,0,26,","2289.9","","3.7","1,0","145.0","1,a,,0","0",",,,0","21.80","1,0","28.79","1,,,0","14.81","1,,,0"
"USC00183855","1950-07","39.0","-77.25","61.0","GREAT FALLS, MD US","284.0","","138.6",",0","12",",0","9",",0","0",",0","0",",0","0",",0","0",",0","0",",0","0",",0","31",",0","3",",0","","","19500723",",,0","19500731","+,,0","19500731","+,,0","6","","19500712",",,0","19500703",",,0","12.2",",0,23,","0",",,0,31,+","0",",,0,31,+","18.8",",,0,12,","33.9",",0,03,","0.0","","0.0",",0","79.8",",,,0","0",",,,0","22.80",",0","28.78",",,,0","16.82",",,,0"
"USC00183855","1950-08","39.0","-77.25","61.0","GREAT FALLS, MD US","426.3","","142.3",",0","7",",0","3",",0","0",",0","0",",0","0",",0","0",",0","0",",0","0",",0","31",",0","2",",0","","","19500814",",,0","19500831","+,,0","19500831","+,,0","2","","19500823",",,0","19500801",",,0","10.0",",0,14,","0",",,0,31,+","0",",,0,31,+","6.6",",,0,23,","33.9",",0,01,","0.0","","0.0",",0","19.4",",,,0","0",",,,0","22.92",",0","29.35",",,,0","16.50",",,,0"
"USC00183855","1950-09","39.0","-77.25","61.0","GREAT FALLS, MD US","469.2","","42.9",",0","10",",0","9",",0","0",",0","0",",0","0",",0","0",",0","0",",0","0",",0","23",",0","0",",0","","","19500925",",,0","19500930","+,,0","19500930","+,,0","2","","19500912",",,0","19500901",",,0","3.9",",0,25,","0",",,0,30,+","0",",,0,30,+","23.9",",,0,12,","31.1",",0,01,","46.0","","46.0",",0","117.9",",,,0","0",",,,0","18.23",",0","23.18",",,,0","13.27",",,,0"
