"STATION","DATE","LATITUDE","LONGITUDE","ELEVATION","NAME","CDSD","CDSD_ATTRIBUTES","CLDD","CLDD_ATTRIBUTES","DP01","DP01_ATTRIBUTES","DP10","DP10_ATTRIBUTES","DP1X","DP1X_ATTRIBUTES","DSND","DSND_ATTRIBUTES","DSNW","DSNW_ATTRIBUTES","DT00","DT00_ATTRIBUTES","DT32","DT32_ATTRIBUTES","DX32","DX32_ATTRIBUTES","DX70","DX70_ATTRIBUTES","DX90","DX90_ATTRIBUTES","DYFG","DYFG_ATTRIBUTES","DYNT","DYNT_ATTRIBUTES","DYSD","DYSD_ATTRIBUTES","DYSN","DYSN_ATTRIBUTES","DYTS","DYTS_ATTRIBUTES","DYXP","DYXP_ATTRIBUTES","DYXT","DYXT_ATTRIBUTES","EMNT","EMNT_ATTRIBUTES","EMSD","EMSD_ATTRIBUTES","EMSN","EMSN_ATTRIBUTES","EMXP","EMXP_ATTRIBUTES","EMXT","EMXT_ATTRIBUTES","HDSD","HDSD_ATTRIBUTES","HTDD","HTDD_ATTRIBUTES","PRCP","PRCP_ATTRIBUTES","SNOW","SNOW_ATTRIBUTES","TAVG","TAVG_ATTRIBUTES","TMAX","TMAX_ATTRIBUTES","TMIN","TMIN_ATTRIBUTES"
"USC00225772","1948-01","32.35","-88.66667","116.1","MERIDIAN, MS US","0.0","","0.0",",0","12",",0","9",",0","0",",0","4",",0","2",",0","0",",0","20",",0","2",",0","3",",0","0",",0","","","19480118",",,0","19480124",",,0","19480123",",,0","2","","19480112",",,0","19480109",",,0","-11.7",",0,18,","102",",,0,24,","119",",,0,23,","23.1",",,0,12,","22.8",",0,09,","","","439.4",",0","99.9",",,,0","147",",,,0","4.16",",0","9.59",",,,0","-1.27",",,,0"
"USC00225772","1948-02","32.35","-88.66667","116.1","MERIDIAN, MS US","5.0","","5.0",",0","11",",0","10",",0","2",",0","0",",0","0",",0","0",",0","7",",0","0",",0","9",",0","0",",0","6","","19480201",",,0","19480229","+,,0","19480229","+,,0","1","","19480213",",,0","19480228",",,0","-3.9",",0,01,","0",",,0,29,+","0",",,0,29,+","37.3",",,0,13,","26.7",",0,28,","","","229.3",",0","139.1",",,,0","0",",,,0","10.60",",0","15.73",",,,0","5.47",",,,0"
"USC00225772","1948-03","32.35","-88.66667","116.1","MERIDIAN, MS US","39.7","","34.7",",0","11",",0","9",",0","5",",0","0",",0","0",",0","0",",0","3",",0","0",",0","15",",0","0",",0","","","19480313",",,0","19480331","+,,0","19480331","+,,0","5","","19480302",",,0","19480321","+,,0","-2.8",",0,13,","0",",,0,31,+","0",",,0,31,+","65.5",",,0,02,","29.4",",0,21,+","","","129.9",",0","270.7",",,,0","0",",,,0","15.26",",0","20.61",",,,0","9.92",",,,0"
"USC00225772","1948-04","32.35","-88.66667","116.1","MERIDIAN, MS US","112.0","","72.3",",0","8",",0","6",",0","3",",0","0",",0","0",",0","0",",0","0",",0","0",",0","28",",0","0",",0","1","","19480415",",,0","19480430","+,,0","19480430","+,,0","5","","19480413",",,0","19480421",",,0","5.6",",0,15,","0",",,0,30,+","0",",,0,30,+","72.1",",,0,13,","30.6",",0,21,","","","22.7",",0","174.7",",,,0","0",",,,0","19.99",",0","26.30",",,,0","13.67",",,,0"
"USC00225772","1948-05","32.35","-88.66667","116.1","MERIDIAN, MS US","248.3","","136.3",",0","7",",0","5",",0","3",",0","0",",0","0",",0","0",",0","0",",0","0",",0","31",",0","3",",0","1","","19480508",",,0","19480531","+,,0","19480531","+,,0","8","","19480528",",,0","19480523","+,,0","8.9",",0,08,","0",",,0,31,+","0",",,0,31,+","48.5",",,0,28,","32.8",",0,23,+","","","2.2",",0","120.0",",,,0","0",",,,0","22.66",",0","28.90",",,,0","16.41",",,,0"
"USC00225772","1948-06","32.35","-88.66667","116.1","MERIDIAN, MS US","498.5","","250.2",",0","10",",0","8",",0","0",",0","0",",0","0",",0","0",",0","0",",0","0",",0","30",",0","23",",0","","","19480603","+,,0","19480630","+,,0","19480630","+,,0","","","19480625",",,0","19480625",",,0","14.4",",0,03,+","0",",,0,30,+","0",",,0,30,+","24.1",",,0,25,","36.7",",0,25,","","","0.0",",0","108.9",",,,0","0",",,,0","26.67",",0","33.04",",,,0","20.31",",,,0"
"USC00225772","1948-07","32.35","-88.66667","116.1","MERIDIAN, MS US","800.2","","301.7",",0","9",",0","6",",0","0",",0","0",",0","0",",0","0",",0","0",",0","0",",0","31",",0","27",",0","","","19480724","+,,0","19480731","+,,0","19480731","+,,0","","","19480711",",,0","19480706",",,0","20.0",",0,24,+","0",",,0,31,+","0",",,0,31,+","25.1",",,0,11,","37.2",",0,06,","0.0","","0.0",",0","102.8",",,,0","0",",,,0","28.06",",0","33.92",",,,0","22.21",",,,0"
"USC00225772","1948-08","32.35","-88.66667","116.1","MERIDIAN, MS US","1057.3","","257.1",",0","11",",0","8",",0","1",",0","0",",0","0",",0","0",",0","0",",0","0",",0","31",",0","22",",0","","","19480806",",,0","19480831","+,,0","19480831","+,,0","","","19480816",",,0","19480830",",,0","16.7",",0,06,","0",",,0,31,+","0",",,0,31,+","41.7",",,0,16,","36.7",",0,30,","0.0","","0.0",",0","141.5",",,,0","0",",,,0","26.63",",0","32.51",",,,0","20.75",",,,0"
"USC00225772","1948-09","32.35","-88.66667","116.1","MERIDIAN, MS US","1189.3","","132.0",",0","10",",0","5",",0","3",",0","0",",0","0",",0","0",",0","0",",0","0",",0","28",",0","6",",0","","","19480930",",,0","19480930","+,,0","19480930","+,,0","","","19480904",",,0","19480908","+,,0","11.7",",0,30,","0",",,0,30,+","0",",,0,30,+","63.8",",,0,04,","33.3",",0,08,+","6.4","","6.4",",0","144.8",",,,0","0",",,,0","22.52",",0","27.59",",,,0","17.44",",,,0"
