"STATION","DATE","LATITUDE","LONGITUDE","ELEVATION","NAME","CDSD","CDSD_ATTRIBUTES","CLDD","CLDD_ATTRIBUTES","DP01","DP01_ATTRIBUTES","DP10","DP10_ATTRIBUTES","DP1X","DP1X_ATTRIBUTES","DSNW","DSNW_ATTRIBUTES","DT00","DT00_ATTRIBUTES","DT32","DT32_ATTRIBUTES","DX32","DX32_ATTRIBUTES","DX70","DX70_ATTRIBUTES","DX90","DX90_ATTRIBUTES","DYNT","DYNT_ATTRIBUTES","DYSN","DYSN_ATTRIBUTES","DYXP","DYXP_ATTRIBUTES","DYXT","DYXT_ATTRIBUTES","EMNT","EMNT_ATTRIBUTES","EMSN","EMSN_ATTRIBUTES","EMXP","EMXP_ATTRIBUTES","EMXT","EMXT_ATTRIBUTES","HDSD","HDSD_ATTRIBUTES","HTDD","HTDD_ATTRIBUTES","PRCP","PRCP_ATTRIBUTES","SNOW","SNOW_ATTRIBUTES","TAVG","TAVG_ATTRIBUTES","TMAX","TMAX_ATTRIBUTES","TMIN","TMIN_ATTRIBUTES"
"USC00316304","1943-05","33.9","-78.03333","4.6","OAK ISLAND, NC US","","","","","7",",6","3",",6","2",",6","0",",6","","","","","","","","","","","","","19430531","+,,6","19430512",",,6","","","","","0",",,6,31,+","54.4",",,6,12,","","","","","","","102.4",",,,6","0",",,,6","","","","","",""
"USC00316304","1943-06","33.9","-78.03333","4.6","OAK ISLAND, NC US","","","","","9",",6","4",",6","0",",6","","","","","","","","","","","","","","","","","19430623",",,6","","","","","","","23.4",",,6,23,","","","","","","","41.7",",,,6","","","","","","","",""
"USC00316304","1943-07","33.9","-78.03333","4.6","OAK ISLAND, NC US","","","","","19",",6","14",",6","4",",6","0",",6","","","","","","","","","","","","","19430731","+,,6","19430714",",,6","","","","","0",",,6,31,+","96.8",",,6,14,","","","","","","","291.4",",,,6","0",",,,6","","","","","",""
"USC00316304","1943-08","33.9","-78.03333","4.6","OAK ISLAND, NC US","","","","","8",",6","5",",6","2",",6","0",",6","","","","","","","","","","","","","19430831","+,,6","19430818",",,6","","","","","0",",,6,31,+","70.4",",,6,18,","","","","","","","150.0",",,,6","0",",,,6","","","","","",""
"USC00316304","1943-09","33.9","-78.03333","4.6","OAK ISLAND, NC US","","","","","4",",6","4",",6","1",",6","0",",6","","","","","","","","","","","","","19430930","+,,6","19430921",",,6","","","","","0",",,6,30,+","25.4",",,6,21,","","","","","","","64.0",",,,6","0",",,,6","","","","","",""
"USC00316304","1943-10","33.9","-78.03333","4.6","OAK ISLAND, NC US","","","","","0",",6","0",",6","0",",6","0",",6","","","","","","","","","","","","","19431031","+,,6","19431027",",,6","","","","","0",",,6,31,+","0.0",",T,6,27,","","","","","","","0.0",",T,,6","0",",,,6","","","","","",""
"USC00316304","1943-11","33.9","-78.03333","4.6","OAK ISLAND, NC US","","","3.9",",6","2",",6","2",",6","1",",6","0",",6","0",",6","2",",6","0",",6","5",",6","0",",6","19431111",",,6","19431130","+,,6","19431129",",,6","19431107",",,6","-0.6",",6,11,","0",",,6,30,+","45.7",",,6,29,","25.6",",6,07,","","","215.2",",6","59.9",",,,6","0",",,,6","11.29",",6","16.71",",,,6","5.87",",,,6"
"USC00316304","1943-12","33.9","-78.03333","4.6","OAK ISLAND, NC US","","","","","11",",6","5",",6","0",",6","1",",6","","","","","","","","","","","","","19431215",",,6","19431215",",,6","","","","","89",",,6,15,","22.4",",,6,15,","","","","","","","73.0",",,,6","89",",,,6","","","","","",""
"USC00316304","1944-01","33.9","-78.03333","4.6","OAK ISLAND, NC US","0.0","6","0.0",",6","8",",6","7",",6","0",",6","0",",6","0",",6","5",",6","0",",6","0",",6","0",",6","19440110",",,6","19440131","+,,6","19440103",",,6","19440129","+,,6","-6.7",",6,10,","0",",,6,31,+","20.3",",,6,03,","18.9",",6,29,+","","","332.3",",6","71.9",",,,6","0",",,,6","7.61",",6","11.65",",,,6","3.58",",,,6"
"USC00316304","1944-02","33.9","-78.03333","4.6","OAK ISLAND, NC US","0.0","6","0.0",",6","13",",6","9",",6","1",",6","0",",6","0",",6","3",",6","0",",6","1",",6","0",",6","19440213",",,6","19440229","+,,6","19440214",",,6","19440229",",,6","-5.6",",6,13,","0",",,6,29,+","77.2",",,6,14,","23.3",",6,29,","","","260.9",",6","146.9",",,,6","0",",,,6","9.34",",6","13.43",",,,6","5.25",",,,6"
"USC00316304","1944-03","33.9","-78.03333","4.6","OAK ISLAND, NC US","0.0","6","0.0",",6","12",",6","11",",6","3",",6","0",",6","0",",6","2",",6","0",",6","2",",6","0",",6","19440302",",,6","19440331","+,,6","19440323",",,6","19440316","+,,6","-1.1",",6,02,","0",",,6,31,+","53.8",",,6,23,","21.1",",6,16,+","","","198.0",",6","169.6",",,,6","0",",,,6","11.95",",6","16.22",",,,6","7.67",",,,6"
"USC00316304","1944-04","33.9","-78.03333","4.6","OAK ISLAND, NC US","11.4","6","11.4",",6","10",",6","8",",6","1",",6","0",",6","0",",6","1",",6","0",",6","14",",6","0",",6","19440406",",,6","19440430","+,,6","19440420",",,6","19440423",",,6","-1.1",",6,06,","0",",,6,30,+","32.3",",,6,20,","24.4",",6,23,","","","86.8",",6","126.4",",,,6","0",",,,6","15.82",",6","19.73",",,,6","11.90",",,,6"
"USC00316304","1944-05","33.9","-78.03333","4.6","OAK ISLAND, NC US","153.2","6","141.8",",6","3",",6","3",",6","1",",6","0",",6","0",",6","0",",6","0",",6","29",",6","0",",6","19440508",",,6","19440531","+,,6","19440528",",,6","19440525",",,6","10.6",",6,08,","0",",,6,31,+","39.4",",,6,28,","28.9",",6,25,","","","5.2",",6","73.7",",,,6","0",",,,6","22.74",",6","25.66",",,,6","19.81",",,,6"
"USC00316304","1944-06","33.9","-78.03333","4.6","OAK ISLAND, NC US","396.0","6","242.8",",6","4",",6","4",",6","0",",6","0",",6","0",",6","0",",6","0",",6","30",",6","4",",6","19440621",",,6","19440630","+,,6","19440623",",,6","19440618",",,6","16.1",",6,21,","0",",,6,30,+","16.3",",,6,23,","36.7",",6,18,","","","0.0",",6","35.3",",,,6","0",",,,6","26.43",",6","29.82",",,,6","23.03",",,,6"
"USC00316304","1944-07","33.9","-78.03333","4.6","OAK ISLAND, NC US","625.1","6","229.1","1,6","11",",6","7",",6","3",",6","0",",6","0","1,6","0","1,6","0",",6","31",",6","1",",6","19440724","+,1,6","19440731","+,,6","19440718",",,6","19440717",",,6","18.9","1,6,24,+","0",",,6,31,+","52.1",",,6,18,","32.8",",6,17,","0.0","6","0.0",",6","170.8",",,,6","0",",,,6","25.94","1,6","28.99",",,,6","22.89","1,,,6"
"USC00316304","1944-08","33.9","-78.03333","4.6","OAK ISLAND, NC US","850.2","6","225.1","1,6","7",",6","5",",6","2",",6","0",",6","0",",6","0",",6","0","1,6","30","1,6","0","1,6","19440810",",,6","19440831","+,,6","19440801",",,6","19440831","+,1,6","16.7",",6,10,","0",",,6,31,+","98.3",",,6,01,","30.0","1,6,31,+","0.0","6","0.0","1,6","164.5",",,,6","0",",,,6","25.83","1,6","28.22","1,,,6","23.44",",,,6"
"USC00316304","1944-09","33.9","-78.03333","4.6","OAK ISLAND, NC US","1042.0","6","191.8",",6","10",",6","7",",6","0",",6","0",",6","0",",6","0",",6","0",",6","30",",6","1",",6","19440925",",,6","19440930","+,,6","19440917",",,6","19440903",",,6","15.0",",6,25,","0",",,6,30,+","23.1",",,6,17,","33.3",",6,03,","0.0","6","0.0",",6","61.8",",,,6","0",",,,6","24.73",",6","27.68",",,,6","21.77",",,,6"
"USC00316304","1944-10","33.9","-78.03333","4.6","OAK ISLAND, NC US","1088.1","6","46.1",",6","4",",6","4",",6","3",",6","0",",6","0",",6","0",",6","0",",6","21",",6","0",",6","19441028",",,6","19441031","+,,6","19441019",",,6","19441007","+,,6","2.2",",6,28,","0",",,6,31,+","72.6",",,6,19,","28.3",",6,07,+","56.9","6","56.9",",6","155.2",",,,6","0",",,,6","17.98",",6","22.45",",,,6","13.51",",,,6"
"USC00316304","1944-11","33.9","-78.03333","4.6","OAK ISLAND, NC US","1088.1","6","0.0",",6","6",",6","5",",6","0",",6","0",",6","0",",6","0",",6","0",",6","4",",6","0",",6","19441125",",,6","19441130","+,,6","19441129",",,6","19441116",",,6","0.6",",6,25,","0",",,6,30,+","23.1",",,6,29,","23.3",",6,16,","246.3","6","189.4",",6","60.9",",,,6","0",",,,6","12.02",",6","16.16",",,,6","7.89",",,,6"
"USC00316304","1944-12","33.9","-78.03333","4.6","OAK ISLAND, NC US","1088.1","6","0.0",",6","4",",6","2",",6","1",",6","0",",6","0",",6","12",",6","0",",6","0",",6","0",",6","19441215",",,6","19441231","+,,6","19441207",",,6","19441225",",,6","-5.0",",6,15,","0",",,6,31,+","52.8",",,6,07,","17.2",",6,25,","625.9","6","379.6",",6","74.2",",,,6","0",",,,6","6.09",",6","10.77",",,,6","1.41",",,,6"
"USC00316304","1945-01","33.9","-78.03333","4.6","OAK ISLAND, NC US","0.0","6","0.0",",6","8","2,6","6","2,6","0","2,6","0",",6","0",",6","9",",6","0",",6","0",",6","0",",6","19450102",",,6","19450131","+,,6","19450107",",2,6","19450128",",,6","-2.2",",6,02,","0",",,6,31,+","17.3","2,,6,07,","15.6",",6,28,","980.7","6","354.8",",6","59.5","2,,,6","0",",,,6","6.89",",6","10.68",",,,6","3.10",",,,6"
"USC00316304","1945-02","33.9","-78.03333","4.6","OAK ISLAND, NC US","0.0","6","0.0",",6","10",",6","6",",6","2",",6","0",",6","0",",6","5",",6","0",",6","0",",6","0",",6","19450201",",,6","19450228","+,,6","19450222",",,6","19450228","+,,6","-7.2",",6,01,","0",",,6,28,+","45.0",",,6,22,","17.8",",6,28,+","1245.3","6","264.6",",6","130.3",",,,6","0",",,,6","8.88",",6","12.54",",,,6","5.22",",,,6"
"USC00316304","1945-03","33.9","-78.03333","4.6","OAK ISLAND, NC US","11.5","6","11.5",",6","4",",6","2",",6","0",",6","0",",6","0",",6","0",",6","0",",6","10",",6","0",",6","19450323",",,6","19450331","+,,6","19450314",",,6","19450318","+,,6","5.0",",6,23,","0",",,6,31,+","12.4",",,6,14,","23.9",",6,18,+","1342.3","6","97.0",",6","20.9",",,,6","0",",,,6","15.57",",6","18.68",",,,6","12.47",",,,6"
"USC00316304","1945-04","33.9","-78.03333","4.6","OAK ISLAND, NC US","47.9","6","36.4","2,6","13",",6","6",",6","1",",6","0",",6","0","1,6","0","1,6","0","1,6","23","1,6","0","1,6","19450406",",1,6","19450430","+,,6","19450423",",,6","19450413",",1,6","7.2","1,6,06,","0",",,6,30,+","31.8",",,6,23,","25.0","1,6,13,","1367.3","6","25.0","1,6","82.4",",,,6","0",",,,6","18.72","2,6","21.90","1,,,6","15.55","1,,,6"
"USC00316304","1945-05","33.9","-78.03333","4.6","OAK ISLAND, NC US","122.4","6","74.5",",6","9",",6","5",",6","0",",6","0",",6","0",",6","0",",6","0",",6","26",",6","0",",6","19450506",",,6","19450531","+,,6","19450503",",,6","19450531",",,6","9.4",",6,06,","0",",,6,31,+","23.4",",,6,03,","28.3",",6,31,","1386.0","6","18.7",",6","49.1",",,,6","0",",,,6","20.13",",6","23.48",",,,6","16.78",",,,6"
"USC00316304","1945-06","33.9","-78.03333","4.6","OAK ISLAND, NC US","323.0","6","200.6",",6","8",",6","4",",6","1",",6","0",",6","0",",6","0",",6","0",",6","30",",6","0",",6","19450606",",,6","19450630","+,,6","19450625",",,6","19450623",",,6","13.3",",6,06,","0",",,6,30,+","173.2",",,6,25,","30.0",",6,23,","1386.6","6","0.6",",6","221.0",",,,6","0",",,,6","25.00",",6","27.39",",,,6","22.61",",,,6"
"USC00316304","1945-07","33.9","-78.03333","4.6","OAK ISLAND, NC US","571.5","6","248.5",",6","16",",6","11",",6","3",",6","0",",6","0",",6","0",",6","0",",6","31",",6","0",",6","19450713",",,6","19450731","+,,6","19450717",",,6","19450711","+,,6","21.1",",6,13,","0",",,6,31,+","57.2",",,6,17,","30.0",",6,11,+","0.0","6","0.0",",6","231.7",",,,6","0",",,,6","26.35",",6","28.71",",,,6","23.98",",,,6"
"USC00316304","1945-08","33.9","-78.03333","4.6","OAK ISLAND, NC US","798.4","6","226.9",",6","17",",6","11",",6","1",",6","0",",6","0",",6","0",",6","0",",6","31",",6","0",",6","19450827",",,6","19450831","+,,6","19450816",",,6","19450807","+,,6","17.2",",6,27,","0",",,6,31,+","64.3",",,6,16,","30.0",",6,07,+","0.0","6","0.0",",6","180.9",",,,6","0",",,,6","25.65",",6","28.38",",,,6","22.93",",,,6"
"USC00316304","1945-09","33.9","-78.03333","4.6","OAK ISLAND, NC US","1026.1","6","227.7",",6","14",",6","11",",6","5",",6","0",",6","0",",6","0",",6","0",",6","30",",6","0",",6","19450930","+,,6","19450930","+,,6","19450905",",,6","19450909",",,6","20.6",",6,30,+","0",",,6,30,+","72.9",",,6,05,","31.7",",6,09,","0.0","6","0.0",",6","274.1",",,,6","0",",,,6","25.92",",6","29.22",",,,6","22.63",",,,6"
"USC00316304","1945-10","33.9","-78.03333","4.6","OAK ISLAND, NC US","1070.9","6","44.8",",6","9",",6","5",",6","0",",6","0",",6","0",",6","0",",6","0",",6","26",",6","0",",6","19451016",",,6","19451031","+,,6","19451002",",,6","19451002","+,,6","5.0",",6,16,","0",",,6,31,+","17.0",",,6,02,","27.8",",6,02,+","36.2","6","36.2",",6","49.1",",,,6","0",",,,6","18.61",",6","23.42",",,,6","13.80",",,,6"
"USC00316304","1945-11","33.9","-78.03333","4.6","OAK ISLAND, NC US","1087.8","6","16.9",",6","9",",6","4",",6","0",",6","0",",6","0",",6","1",",6","0",",6","15",",6","0",",6","19451124",",,6","19451130","+,,6","19451104",",,6","19451113","+,,6","-3.9",",6,24,","0",",,6,30,+","15.2",",,6,04,","26.1",",6,13,+","164.9","6","128.7",",6","35.2",",,,6","0",",,,6","14.61",",6","20.09",",,,6","9.12",",,,6"
"USC00316304","1945-12","33.9","-78.03333","4.6","OAK ISLAND, NC US","1087.8","6","0.0",",6","13",",6","10",",6","3",",6","0",",6","0",",6","11",",6","0",",6","0",",6","0",",6","19451217",",,6","19451231","+,,6","19451204",",,6","19451204",",,6","-4.4",",6,17,","0",",,6,31,+","62.2",",,6,04,","18.3",",6,04,","529.0","6","364.1",",6","170.1",",,,6","0",",,,6","6.59",",6","11.11",",,,6","2.06",",,,6"
"USC00316304","1946-01","33.9","-78.03333","4.6","OAK ISLAND, NC US","0.0","","0.0",",6","11",",6","5",",6","1",",6","0",",6","0",",6","10",",6","0",",6","0",",6","0",",6","19460128","+,,6","19460131","+,,6","19460116",",,6","19460130",",,6","-3.3",",6,28,+","0",",,6,31,+","33.3",",,6,16,","19.4",",6,30,","840.6","","311.6",",6","77.8",",,,6","0",",,,6","8.28",",6","12.13",",,,6","4.44",",,,6"
"USC00316304","1946-02","33.9","-78.03333","4.6","OAK ISLAND, NC US","0.0","","0.0",",6","9",",6","8",",6","1",",6","0",",6","0",",6","2",",6","0",",6","0",",6","0",",6","19460202",",,6","19460228","+,,6","19460219",",,6","19460209",",,6","-0.6",",6,02,","0",",,6,28,+","27.4",",,6,19,","18.3",",6,09,","1105.6","","265.0",",6","89.5",",,,6","0",",,,6","8.87",",6","13.89",",,,6","3.85",",,,6"
"USC00316304","1946-03","33.9","-78.03333","4.6","OAK ISLAND, NC US","0.3","","0.3",",6","14",",6","7",",6","0",",6","0",",6","0",",6","0",",6","0",",6","6",",6","0",",6","19460311",",,6","19460331","+,,6","19460317",",,6","19460322",",,6","1.1",",6,11,","0",",,6,31,+","10.7",",,6,17,","23.9",",6,22,","1234.3","","128.7",",6","61.3",",,,6","0",",,,6","14.19",",6","18.41",",,,6","9.96",",,,6"
"USC00316304","1946-04","33.9","-78.03333","4.6","OAK ISLAND, NC US","2.6","","2.3","3,6","6",",6","3",",6","1",",6","0",",6","0","3,6","0","3,6","0","3,6","10","3,6","0","3,6","19460413",",3,6","19460430","+,,6","19460417",",,6","19460405",",3,6","4.4","3,6,13,","0",",,6,30,+","29.7",",,6,17,","23.9","3,6,05,","1318.8","","84.5","3,6","61.2",",,,6","0",",,,6","15.29","3,6","19.94","3,,,6","10.64","3,,,6"
