"STATION","DATE","LATITUDE","LONGITUDE","ELEVATION","NAME","CDSD","CDSD_ATTRIBUTES","CLDD","CLDD_ATTRIBUTES","DT00","DT00_ATTRIBUTES","DT32","DT32_ATTRIBUTES","DX32","DX32_ATTRIBUTES","DX70","DX70_ATTRIBUTES","DX90","DX90_ATTRIBUTES","DYNT","DYNT_ATTRIBUTES","DYXT","DYXT_ATTRIBUTES","EMNT","EMNT_ATTRIBUTES","EMXT","EMXT_ATTRIBUTES","HDSD","HDSD_ATTRIBUTES","HTDD","HTDD_ATTRIBUTES","TAVG","TAVG_ATTRIBUTES","TMAX","TMAX_ATTRIBUTES","TMIN","TMIN_ATTRIBUTES"
"USR0000HKAU","2013-01","20.6842","-156.1519","1228.3","KAUPO GAP HAWAII, HI US","0.0","U","0.0",",U","0",",U","0",",U","0",",U","6",",U","0",",U","20130119","+,,U","20130103",",,U","8.9",",U,19,+","22.8",",U,03,","","","94.5",",U","15.28",",U","18.87",",,,U","11.70",",,,U"
"USR0000HKAU","2013-02","20.6842","-156.1519","1228.3","KAUPO GAP HAWAII, HI US","2.2","U","2.2",",U","0",",U","0",",U","0",",U","11",",U","0",",U","20130214","+,,U","20130203",",,U","7.2",",U,14,+","25.0",",U,03,","","","73.4",",U","15.79",",U","20.06",",,,U","11.53",",,,U"
"USR0000HKAU","2013-03","20.6842","-156.1519","1228.3","KAUPO GAP HAWAII, HI US","2.2","U","0.0",",U","0",",U","0",",U","0",",U","5",",U","0",",U","20130331",",,U","20130303",",,U","7.2",",U,31,","25.0",",U,03,","","","115.4",",U","14.61",",U","18.69",",,,U","10.53",",,,U"
"USR0000HKAU","2013-04","20.6842","-156.1519","1228.3","KAUPO GAP HAWAII, HI US","2.5","U","0.3",",U","0",",U","0",",U","0",",U","15",",U","0",",U","20130401",",,U","20130425",",,U","6.1",",U,01,","23.3",",U,25,","","","69.7",",U","16.02",",U","20.30",",,,U","11.74",",,,U"
"USR0000HKAU","2013-05","20.6842","-156.1519","1228.3","KAUPO GAP HAWAII, HI US","7.3","U","4.8",",U","0",",U","0",",U","0",",U","19",",U","0",",U","20130520","+,,U","20130531",",,U","11.1",",U,20,+","23.9",",U,31,","","","39.0",",U","17.23",",U","20.94",",,,U","13.52",",,,U"
"USR0000HKAU","2013-06","20.6842","-156.1519","1228.3","KAUPO GAP HAWAII, HI US","26.9","U","19.6",",U","0",",U","0",",U","0",",U","30",",U","0",",U","20130627","+,,U","20130602",",,U","12.2",",U,27,+","26.7",",U,02,","","","5.3",",U","18.81",",U","23.63",",,,U","13.99",",,,U"
"USR0000HKAU","2013-07","20.6842","-156.1519","1228.3","KAUPO GAP HAWAII, HI US","46.9","U","20.0",",U","0",",U","0",",U","0",",U","26",",U","0",",U","20130728","+,,U","20130731","+,,U","11.7",",U,28,+","26.7",",U,31,+","15.0","U","15.0",",U","18.50",",U","23.17",",,,U","13.82",",,,U"
"USR0000HKAU","2013-08","20.6842","-156.1519","1228.3","KAUPO GAP HAWAII, HI US","75.3","U","28.4",",U","0",",U","0",",U","0",",U","31",",U","0",",U","20130819",",,U","20130827","+,,U","11.1",",U,19,","26.7",",U,27,+","21.1","U","6.1",",U","19.05",",U","24.12",",,,U","13.98",",,,U"
"USR0000HKAU","2013-09","20.6842","-156.1519","1228.3","KAUPO GAP HAWAII, HI US","124.5","U","49.2",",U","0",",U","0",",U","0",",U","30",",U","0",",U","20130906","+,,U","20130929","+,,U","13.3",",U,06,+","26.7",",U,29,+","21.1","U","0.0",",U","19.97",",U","24.69",",,,U","15.25",",,,U"
"USR0000HKAU","2013-10","20.6842","-156.1519","1228.3","KAUPO GAP HAWAII, HI US","150.4","U","25.9",",U","0",",U","0",",U","0",",U","29",",U","0",",U","20131022","+,,U","20131009",",,U","11.7",",U,22,+","27.2",",U,09,","31.4","U","10.3",",U","18.84",",U","23.54",",,,U","14.14",",,,U"
"USR0000HKAU","2013-11","20.6842","-156.1519","1228.3","KAUPO GAP HAWAII, HI US","162.3","U","11.9",",U","0",",U","0",",U","0",",U","23",",U","0",",U","20131127","+,,U","20131116",",,U","10.0",",U,27,+","27.2",",U,16,","59.1","U","27.7",",U","17.81",",U","22.43",",,,U","13.19",",,,U"
"USR0000HKAU","2013-12","20.6842","-156.1519","1228.3","KAUPO GAP HAWAII, HI US","170.9","U","8.6",",U","0",",U","0",",U","0",",U","23",",U","0",",U","20131217",",,U","20131210",",,U","10.0",",U,17,","26.1",",U,10,","93.9","U","34.8",",U","17.49",",U","22.14",",,,U","12.83",",,,U"
"USR0000HKAU","2014-01","20.6842","-156.1519","1228.3","KAUPO GAP HAWAII, HI US","0.0","U","0.0",",U","0",",U","0",",U","0",",U","7",",U","0",",U","20140124","+,,U","20140112",",,U","7.8",",U,24,+","23.3",",U,12,","195.1","U","101.2",",U","15.07",",U","19.18",",,,U","10.95",",,,U"
"USR0000HKAU","2014-02","20.6842","-156.1519","1228.3","KAUPO GAP HAWAII, HI US","2.0","U","2.0",",U","0",",U","0",",U","0",",U","16",",U","0",",U","20140227",",,U","20140209",",,U","8.9",",U,27,","25.0",",U,09,","237.9","U","42.8",",U","16.88",",U","20.98",",,,U","12.78",",,,U"
"USR0000HKAU","2014-03","20.6842","-156.1519","1228.3","KAUPO GAP HAWAII, HI US","6.2","U","4.2",",U","0",",U","0",",U","0",",U","17",",U","0",",U","20140305",",,U","20140313",",,U","7.8",",U,05,","25.6",",U,13,","301.3","U","63.4",",U","16.42",",U","20.55",",,,U","12.30",",,,U"
"USR0000HKAU","2014-04","20.6842","-156.1519","1228.3","KAUPO GAP HAWAII, HI US","62.2","U","56.0",",U","0",",U","0",",U","0",",U","20",",U","0",",U","20140410",",,U","20140423","+,,U","7.8",",U,10,","28.3",",U,23,+","337.0","U","35.7",",U","19.01",",U","23.11",",,,U","14.92",",,,U"
"USR0000HKAU","2014-05","20.6842","-156.1519","1228.3","KAUPO GAP HAWAII, HI US","121.0","U","58.8",",U","0",",U","0",",U","0",",U","30",",U","0",",U","20140521","+,,U","20140521",",,U","14.4",",U,21,+","26.7",",U,21,","337.0","U","0.0",",U","20.23",",U","24.52",",,,U","15.94",",,,U"
"USR0000HKAU","2014-06","20.6842","-156.1519","1228.3","KAUPO GAP HAWAII, HI US","142.5","U","21.5",",U","0",",U","0",",U","0",",U","28",",U","0",",U","20140622",",,U","20140613",",,U","11.1",",U,22,","27.8",",U,13,","348.4","U","11.4",",U","18.67",",U","23.45",",,,U","13.89",",,,U"
"USR0000HKAU","2014-07","20.6842","-156.1519","1228.3","KAUPO GAP HAWAII, HI US","201.0","U","58.5",",U","0",",U","0",",U","0",",U","31",",U","0",",U","20140725","+,,U","20140711",",,U","12.2",",U,25,+","28.9",",U,11,","0.3","U","0.3",",U","20.21",",U","25.56",",,,U","14.86",",,,U"
"USR0000HKAU","2014-08","20.6842","-156.1519","1228.3","KAUPO GAP HAWAII, HI US","244.2","U","43.2",",U","0",",U","0",",U","0",",U","31",",U","0",",U","20140830","+,,U","20140803",",,U","12.8",",U,30,+","29.4",",U,03,","2.5","U","2.2",",U","19.65",",U","24.74",",,,U","14.57",",,,U"
"USR0000HKAU","2014-09","20.6842","-156.1519","1228.3","KAUPO GAP HAWAII, HI US","298.1","U","53.9","3,U","0","3,U","0","3,U","0","3,U","27","3,U","0","3,U","20140914",",3,U","20140923",",3,U","13.3","3,U,14,","28.3","3,U,23,","2.8","U","0.3","3,U","20.32","3,U","25.02","3,,,U","15.62","3,,,U"
"USR0000HKAU","2014-10","20.6842","-156.1519","1228.3","KAUPO GAP HAWAII, HI US","348.7","U","50.6",",U","0",",U","0",",U","0",",U","30",",U","0",",U","20141016",",,U","20141025","+,,U","13.3",",U,16,","26.1",",U,25,+","3.7","U","0.9",",U","19.94",",U","24.15",",,,U","15.73",",,,U"
"USR0000HKAU","2014-11","20.6842","-156.1519","1228.3","KAUPO GAP HAWAII, HI US","358.4","U","9.7",",U","0",",U","0",",U","0",",U","18",",U","0",",U","20141130",",,U","20141121",",,U","10.6",",U,30,","27.2",",U,21,","38.6","U","34.9",",U","17.49",",U","21.85",",,,U","13.14",",,,U"
"USR0000HKAU","2014-12","20.6842","-156.1519","1228.3","KAUPO GAP HAWAII, HI US","360.4","U","2.0",",U","0",",U","0",",U","0",",U","15",",U","0",",U","20141231","+,,U","20141219",",,U","8.9",",U,31,+","25.6",",U,19,","116.7","U","78.1",",U","15.88",",U","20.55",",,,U","11.20",",,,U"
"USR0000HKAU","2015-01","20.6842","-156.1519","1228.3","KAUPO GAP HAWAII, HI US","0.0","U","0.0",",U","0",",U","0",",U","0",",U","6",",U","0",",U","20150104",",,U","20150119",",,U","6.7",",U,04,","23.9",",U,19,","232.8","U","116.1",",U","14.59",",U","19.35",",,,U","9.83",",,,U"
"USR0000HKAU","2015-02","20.6842","-156.1519","1228.3","KAUPO GAP HAWAII, HI US","152.8","U","152.8","3,U","0","2,U","0","2,U","0","2,U","19","2,U","9","2,U","20150223","+,2,U","20150215","+,2,U","10.6","2,U,23,+","55.6","2,U,15,+","255.5","U","22.7","2,U","24.14","3,U","29.95","2,,,U","18.33","2,,,U"
"USR0000HKAU","2015-03","20.6842","-156.1519","1228.3","KAUPO GAP HAWAII, HI US","153.3","U","0.5",",U","0",",U","0",",U","0",",U","13",",U","0",",U","20150314",",,U","20150329","+,,U","6.1",",U,14,","23.9",",U,29,+","345.5","U","90.0",",U","15.45",",U","19.71",",,,U","11.18",",,,U"
"USR0000HKAU","2015-04","20.6842","-156.1519","1228.3","KAUPO GAP HAWAII, HI US","161.5","U","8.2",",U","0",",U","0",",U","0",",U","23",",U","0",",U","20150412","+,,U","20150418",",,U","11.7",",U,12,+","26.1",",U,18,","366.8","U","21.3",",U","17.90",",U","22.12",",,,U","13.67",",,,U"
"USR0000HKAU","2015-05","20.6842","-156.1519","1228.3","KAUPO GAP HAWAII, HI US","166.7","U","5.2",",U","0",",U","0",",U","0",",U","21",",U","0",",U","20150525","+,,U","20150518","+,,U","10.6",",U,25,+","23.9",",U,18,+","401.8","U","35.0",",U","17.37",",U","21.25",",,,U","13.49",",,,U"
"USR0000HKAU","2015-06","20.6842","-156.1519","1228.3","KAUPO GAP HAWAII, HI US","198.3","U","31.6",",U","0",",U","0",",U","0",",U","30",",U","0",",U","20150612","+,,U","20150626",",,U","12.2",",U,12,+","26.7",",U,26,","404.9","U","3.1",",U","19.29",",U","24.24",",,,U","14.33",",,,U"
"USR0000HKAU","2015-07","20.6842","-156.1519","1228.3","KAUPO GAP HAWAII, HI US","281.7","U","83.4",",U","0",",U","0",",U","0",",U","31",",U","0",",U","20150706",",,U","20150730","+,,U","13.9",",U,06,","28.3",",U,30,+","0.0","U","0.0",",U","21.02",",U","25.50",",,,U","16.55",",,,U"
"USR0000HKAU","2015-08","20.6842","-156.1519","1228.3","KAUPO GAP HAWAII, HI US","382.8","U","101.1",",U","0",",U","0",",U","0",",U","31",",U","0",",U","20150810",",,U","20150813","+,,U","15.0",",U,10,","28.3",",U,13,+","0.0","U","0.0",",U","21.60",",U","25.72",",,,U","17.47",",,,U"
"USR0000HKAU","2015-09","20.6842","-156.1519","1228.3","KAUPO GAP HAWAII, HI US","470.2","U","87.4",",U","0",",U","0",",U","0",",U","30",",U","0",",U","20150917","+,,U","20150925",",,U","15.6",",U,17,+","28.9",",U,25,","0.0","U","0.0",",U","21.25",",U","25.34",",,,U","17.15",",,,U"
"USR0000HKAU","2015-10","20.6842","-156.1519","1228.3","KAUPO GAP HAWAII, HI US","518.1","U","47.9",",U","0",",U","0",",U","0",",U","30",",U","0",",U","20151025","+,,U","20151010",",,U","12.8",",U,25,+","27.2",",U,10,","3.9","U","3.9",",U","19.75",",U","24.30",",,,U","15.21",",,,U"
"USR0000HKAU","2015-11","20.6842","-156.1519","1228.3","KAUPO GAP HAWAII, HI US","539.9","U","21.8",",U","0",",U","0",",U","0",",U","23",",U","0",",U","20151130",",,U","20151126",",,U","11.7",",U,30,","25.0",",U,26,","11.9","U","8.0",",U","18.79",",U","22.02",",,,U","15.56",",,,U"
"USR0000HKAU","2015-12","20.6842","-156.1519","1228.3","KAUPO GAP HAWAII, HI US","544.3","U","4.4",",U","0",",U","0",",U","0",",U","20",",U","0",",U","20151231","+,,U","20151209",",,U","10.6",",U,31,+","27.2",",U,09,","57.2","U","45.3",",U","17.02",",U","21.28",",,,U","12.75",",,,U"
"USR0000HKAU","2016-01","20.6842","-156.1519","1228.3","KAUPO GAP HAWAII, HI US","0.3","U","0.3",",U","0",",U","0",",U","0",",U","11",",U","0",",U","20160104","+,,U","20160123",",,U","8.9",",U,04,+","24.4",",U,23,","133.1","U","75.9",",U","15.89",",U","20.53",",,,U","11.26",",,,U"
"USR0000HKAU","2016-02","20.6842","-156.1519","1228.3","KAUPO GAP HAWAII, HI US","0.4","U","0.1",",U","0",",U","0",",U","0",",U","15",",U","0",",U","20160208",",,U","20160227","+,,U","7.2",",U,08,","23.9",",U,27,+","205.7","U","72.6",",U","15.83",",U","20.70",",,,U","10.96",",,,U"
"USR0000HKAU","2016-03","20.6842","-156.1519","1228.3","KAUPO GAP HAWAII, HI US","0.4","U","0.0",",U","0",",U","0",",U","0",",U","9",",U","0",",U","20160310","+,,U","20160307",",,U","7.8",",U,10,+","23.9",",U,07,","290.9","U","85.2",",U","15.58",",U","19.96",",,,U","11.21",",,,U"
"USR0000HKAU","2016-04","20.6842","-156.1519","1228.3","KAUPO GAP HAWAII, HI US","5.8","U","5.4",",U","0",",U","0",",U","0",",U","28",",U","0",",U","20160417",",,U","20160407",",,U","10.6",",U,17,","23.9",",U,07,","312.2","U","21.3",",U","17.80",",U","22.15",",,,U","13.45",",,,U"
"USR0000HKAU","2016-05","20.6842","-156.1519","1228.3","KAUPO GAP HAWAII, HI US","16.8","U","11.0",",U","0",",U","0",",U","0",",U","21",",U","0",",U","20160512",",,U","20160526","+,,U","11.1",",U,12,","24.4",",U,26,+","337.6","U","25.4",",U","17.87",",U","21.85",",,,U","13.88",",,,U"
"USR0000HKAU","2016-06","20.6842","-156.1519","1228.3","KAUPO GAP HAWAII, HI US","118.3","U","101.5",",U","0",",U","0",",U","0",",U","24",",U","1",",U","20160608",",,U","20160614",",,U","11.1",",U,08,","33.3",",U,14,","352.1","U","14.5",",U","21.23",",U","25.39",",,,U","17.07",",,,U"
"USR0000HKAU","2016-07","20.6842","-156.1519","1228.3","KAUPO GAP HAWAII, HI US","269.0","U","150.7",",U","0",",U","0",",U","0",",U","31",",U","1",",U","20160709","+,,U","20160727",",,U","16.1",",U,09,+","32.2",",U,27,","0.0","U","0.0",",U","23.19",",U","27.36",",,,U","19.03",",,,U"
"USR0000HKAU","2016-08","20.6842","-156.1519","1228.3","KAUPO GAP HAWAII, HI US","404.8","U","135.8",",U","0",",U","0",",U","0",",U","31",",U","0",",U","20160827",",,U","20160818","+,,U","16.1",",U,27,","28.9",",U,18,+","0.0","U","0.0",",U","22.71",",U","27.05",",,,U","18.38",",,,U"
"USR0000HKAU","2016-09","20.6842","-156.1519","1228.3","KAUPO GAP HAWAII, HI US","534.2","U","129.4",",U","0",",U","0",",U","0",",U","30",",U","0",",U","20160927",",,U","20160929",",,U","15.6",",U,27,","30.6",",U,29,","0.0","U","0.0",",U","22.65",",U","26.85",",,,U","18.44",",,,U"
"USR0000HKAU","2016-10","20.6842","-156.1519","1228.3","KAUPO GAP HAWAII, HI US","764.6","U","230.4",",U","0",",U","0",",U","0",",U","31",",U","12",",U","20161012","+,,U","20161013",",,U","15.6",",U,12,+","35.6",",U,13,","0.0","U","0.0",",U","25.77",",U","30.11",",,,U","21.42",",,,U"
"USR0000HKAU","2016-11","20.6842","-156.1519","1228.3","KAUPO GAP HAWAII, HI US","990.0","U","225.4",",U","0",",U","0",",U","0",",U","30",",U","10",",U","20161126",",,U","20161105",",,U","19.4",",U,26,","36.1",",U,05,","0.0","U","0.0",",U","25.85",",U","29.74",",,,U","21.95",",,,U"
"USR0000HKAU","2016-12","20.6842","-156.1519","1228.3","KAUPO GAP HAWAII, HI US","1129.5","U","139.5",",U","0",",U","0",",U","0",",U","31",",U","0",",U","20161213",",,U","20161220",",,U","15.6",",U,13,","31.1",",U,20,","0.0","U","0.0",",U","22.83",",U","26.01",",,,U","19.66",",,,U"
"USR0000HKAU","2017-01","20.6842","-156.1519","1228.3","KAUPO GAP HAWAII, HI US","88.7","","88.7",",U","0",",U","0",",U","0",",U","31",",U","0",",U","20170131","+,,U","20170116",",,U","13.9",",U,31,+","31.7",",U,16,","0.0","","0.0",",U","21.19",",U","25.56",",,,U","16.83",",,,U"
"USR0000HKAU","2017-02","20.6842","-156.1519","1228.3","KAUPO GAP HAWAII, HI US","185.1","","96.4",",U","0",",U","0",",U","0",",U","28",",U","1",",U","20170202",",,U","20170211",",,U","12.8",",U,02,","32.2",",U,11,","0.3","","0.3",",U","21.76",",U","25.93",",,,U","17.60",",,,U"
"USR0000HKAU","2017-03","20.6842","-156.1519","1228.3","KAUPO GAP HAWAII, HI US","371.9","","186.8",",U","0",",U","0",",U","0",",U","31",",U","2",",U","20170307","+,,U","20170325","+,,U","18.3",",U,07,+","32.8",",U,25,+","0.3","","0.0",",U","24.36",",U","28.85",",,,U","19.87",",,,U"
