"STATION","DATE","LATITUDE","LONGITUDE","ELEVATION","NAME","CDSD","CDSD_ATTRIBUTES","CLDD","CLDD_ATTRIBUTES","DT00","DT00_ATTRIBUTES","DT32","DT32_ATTRIBUTES","DX32","DX32_ATTRIBUTES","DX70","DX70_ATTRIBUTES","DX90","DX90_ATTRIBUTES","DYNT","DYNT_ATTRIBUTES","DYXT","DYXT_ATTRIBUTES","EMNT","EMNT_ATTRIBUTES","EMXT","EMXT_ATTRIBUTES","HDSD","HDSD_ATTRIBUTES","HTDD","HTDD_ATTRIBUTES","TAVG","TAVG_ATTRIBUTES","TMAX","TMAX_ATTRIBUTES","TMIN","TMIN_ATTRIBUTES"
"USR0000MCBT","2001-10","47.8667","-115.625","716.3","CABINET TROUT CREEK MONTANA, MT US","","","0.0","1,U","0","1,U","6","1,U","0","1,U","4","1,U","0","1,U","20011005",",1,U","20011001",",1,U","-3.9","1,U,05,","30.0","1,U,01,","","","339.6","1,U","7.01","1,U","12.71","1,,,U","1.32","1,,,U"
"USR0000MCBT","2002-05","47.8667","-115.625","716.3","CABINET TROUT CREEK MONTANA, MT US","","","0.0",",U","0",",U","12",",U","0",",U","11",",U","0",",U","20020509",",,U","20020519",",,U","-4.4",",U,09,","30.6",",U,19,","","","254.6",",U","10.12",",U","17.75",",,,U","2.49",",,,U"
"USR0000MCBT","2002-06","47.8667","-115.625","716.3","CABINET TROUT CREEK MONTANA, MT US","","","24.5",",U","0",",U","0",",U","0",",U","21",",U","6",",U","20020607",",,U","20020626",",,U","0.6",",U,07,","35.6",",U,26,","","","100.6",",U","15.80",",U","24.59",",,,U","7.00",",,,U"
"USR0000MCBT","2002-07","47.8667","-115.625","716.3","CABINET TROUT CREEK MONTANA, MT US","","","96.4",",U","0",",U","0",",U","0",",U","31",",U","15",",U","20020702",",,U","20020712",",,U","2.8",",U,02,","41.7",",U,12,","18.9","","18.9",",U","20.84",",U","31.58",",,,U","10.09",",,,U"
"USR0000MCBT","2002-08","47.8667","-115.625","716.3","CABINET TROUT CREEK MONTANA, MT US","","","22.8",",U","0",",U","0",",U","0",",U","31",",U","6",",U","20020803","+,,U","20020813",",,U","2.8",",U,03,+","34.4",",U,13,","39.4","","20.5",",U","18.41",",U","28.95",",,,U","7.86",",,,U"
"USR0000MCBT","2002-09","47.8667","-115.625","716.3","CABINET TROUT CREEK MONTANA, MT US","","","3.6",",U","0",",U","2",",U","0",",U","21",",U","4",",U","20020921",",,U","20020912",",,U","-1.7",",U,21,","34.4",",U,12,","152.4","","113.0",",U","14.69",",U","23.99",",,,U","5.38",",,,U"
"USR0000MCBT","2002-10","47.8667","-115.625","716.3","CABINET TROUT CREEK MONTANA, MT US","","","0.0","3,U","0","2,U","3","2,U","1","2,U","3","2,U","0","2,U","20021031",",2,U","20021007",",2,U","-9.4","2,U,31,","21.7","2,U,07,","392.6","","240.2","2,U","9.52","3,U","15.04","2,,,U","3.99","2,,,U"
"USR0000MCBT","2003-05","47.8667","-115.625","716.3","CABINET TROUT CREEK MONTANA, MT US","","","5.8",",U","0",",U","9",",U","0",",U","12",",U","1",",U","20030517","+,,U","20030524",",,U","-2.8",",U,17,+","34.4",",U,24,","","","218.3",",U","11.48",",U","19.41",",,,U","3.55",",,,U"
"USR0000MCBT","2003-06","47.8667","-115.625","716.3","CABINET TROUT CREEK MONTANA, MT US","","","20.6",",U","0",",U","0",",U","0",",U","27",",U","4",",U","20030604",",,U","20030618",",,U","2.2",",U,04,","38.3",",U,18,","","","64.8",",U","16.86",",U","26.48",",,,U","7.24",",,,U"
"USR0000MCBT","2003-07","47.8667","-115.625","716.3","CABINET TROUT CREEK MONTANA, MT US","","","117.7",",U","0",",U","0",",U","0",",U","31",",U","20",",U","20030703",",,U","20030730","+,,U","3.3",",U,03,","40.0",",U,30,+","11.7","U","11.7",",U","21.75",",U","33.89",",,,U","9.62",",,,U"
"USR0000MCBT","2003-08","47.8667","-115.625","716.3","CABINET TROUT CREEK MONTANA, MT US","","","97.2",",U","0",",U","0",",U","0",",U","31",",U","20",",U","20030830",",,U","20030814","+,,U","5.0",",U,30,","38.9",",U,14,+","11.7","U","0.0",",U","21.47",",U","32.80",",,,U","10.14",",,,U"
"USR0000MCBT","2003-10","47.8667","-115.625","716.3","CABINET TROUT CREEK MONTANA, MT US","","","0.0",",U","0",",U","7",",U","0",",U","11",",U","0",",U","20031031",",,U","20031003",",,U","-9.4",",U,31,","30.0",",U,03,","","","272.5",",U","9.54",",U","17.15",",,,U","1.94",",,,U"
"USR0000MCBT","2003-11","47.8667","-115.625","716.3","CABINET TROUT CREEK MONTANA, MT US","","","0.0",",U","0",",U","28",",U","5",",U","0",",U","0",",U","20031106","+,,U","20031119",",,U","-12.2",",U,06,+","11.7",",U,19,","","","584.3",",U","-1.15",",U","2.71",",,,U","-5.00",",,,U"
"USR0000MCBT","2003-12","47.8667","-115.625","716.3","CABINET TROUT CREEK MONTANA, MT US","","","0.0",",U","0",",U","31",",U","12",",U","0",",U","0",",U","20031230",",,U","20031206",",,U","-17.2",",U,30,","10.0",",U,06,","","","624.2",",U","-1.80",",U","1.26",",,,U","-4.86",",,,U"
"USR0000MCBT","2004-02","47.8667","-115.625","716.3","CABINET TROUT CREEK MONTANA, MT US","","","0.0",",U","0",",U","27",",U","0",",U","0",",U","0",",U","20040213",",,U","20040223",",,U","-13.9",",U,13,","13.3",",U,23,","","","489.1",",U","1.47",",U","6.97",",,,U","-4.03",",,,U"
"USR0000MCBT","2004-03","47.8667","-115.625","716.3","CABINET TROUT CREEK MONTANA, MT US","","","0.0",",U","0",",U","27",",U","0",",U","3",",U","0",",U","20040303",",,U","20040330",",,U","-6.1",",U,03,","27.2",",U,30,","","","395.3",",U","5.58",",U","13.06",",,,U","-1.90",",,,U"
"USR0000MCBT","2004-04","47.8667","-115.625","716.3","CABINET TROUT CREEK MONTANA, MT US","","","0.0",",U","0",",U","20",",U","0",",U","13",",U","0",",U","20040402",",,U","20040426",",,U","-2.8",",U,02,","27.8",",U,26,","","","269.8",",U","9.34",",U","18.65",",,,U","0.03",",,,U"
"USR0000MCBT","2004-05","47.8667","-115.625","716.3","CABINET TROUT CREEK MONTANA, MT US","","","0.0","3,U","0","3,U","6","3,U","0","3,U","8","3,U","0","3,U","20040515",",3,U","20040501",",3,U","-0.6","3,U,15,","28.9","3,U,01,","","","196.0","3,U","11.33","3,U","18.45","3,,,U","4.21","3,,,U"
"USR0000MCBT","2004-06","47.8667","-115.625","716.3","CABINET TROUT CREEK MONTANA, MT US","","","23.0","2,U","0","2,U","0","2,U","0","2,U","20","2,U","4","2,U","20040616",",2,U","20040623",",2,U","1.7","2,U,16,","35.0","2,U,23,","","","89.6","2,U","15.96","2,U","24.57","2,,,U","7.34","2,,,U"
"USR0000MCBT","2004-08","47.8667","-115.625","716.3","CABINET TROUT CREEK MONTANA, MT US","","","80.1",",U","0",",U","0",",U","0",",U","24",",U","13",",U","20040809",",,U","20040814",",,U","7.2",",U,09,","39.4",",U,14,","","","33.6",",U","19.83",",U","28.94",",,,U","10.72",",,,U"
"USR0000MCBT","2004-09","47.8667","-115.625","716.3","CABINET TROUT CREEK MONTANA, MT US","","","0.0",",U","0",",U","0",",U","0",",U","15",",U","0",",U","20040921",",,U","20040927","+,,U","0.6",",U,21,","27.8",",U,27,+","","","147.3",",U","13.42",",U","20.70",",,,U","6.14",",,,U"
"USR0000MCBT","2004-10","47.8667","-115.625","716.3","CABINET TROUT CREEK MONTANA, MT US","","","0.0",",U","0",",U","8",",U","0",",U","9",",U","0",",U","20041031",",,U","20041005","+,,U","-3.3",",U,31,","24.4",",U,05,+","","","309.1",",U","8.36",",U","14.73",",,,U","2.00",",,,U"
"USR0000MCBT","2004-11","47.8667","-115.625","716.3","CABINET TROUT CREEK MONTANA, MT US","","","0.0","2,U","0","2,U","24","2,U","0","2,U","0","2,U","0","2,U","20041128","+,2,U","20041107",",2,U","-5.6","2,U,28,+","13.3","2,U,07,","","","451.7","2,U","2.20","2,U","6.55","2,,,U","-2.15","2,,,U"
"USR0000MCBT","2004-12","47.8667","-115.625","716.3","CABINET TROUT CREEK MONTANA, MT US","","","0.0","1,U","0","1,U","26","1,U","2","1,U","0","1,U","0","1,U","20041223",",1,U","20041211",",1,U","-10.0","1,U,23,","10.0","1,U,11,","","","545.4","1,U","0.15","1,U","3.06","1,,,U","-2.76","1,,,U"
"USR0000MCBT","2005-01","47.8667","-115.625","716.3","CABINET TROUT CREEK MONTANA, MT US","0.0","U","0.0","2,U","3","2,U","24","2,U","15",",U","0",",U","0",",U","20050113",",2,U","20050126","+,,U","-19.4","2,U,13,","11.7",",U,26,+","","","601.5",",U","-2.75","2,U","1.07",",,,U","-6.57","2,,,U"
"USR0000MCBT","2005-02","47.8667","-115.625","716.3","CABINET TROUT CREEK MONTANA, MT US","0.0","U","0.0",",U","0",",U","28",",U","0",",U","0",",U","0",",U","20050216",",,U","20050227",",,U","-11.7",",U,16,","17.2",",U,27,","","","476.4",",U","1.32",",U","9.55",",,,U","-6.91",",,,U"
"USR0000MCBT","2005-03","47.8667","-115.625","716.3","CABINET TROUT CREEK MONTANA, MT US","0.0","U","0.0",",U","0",",U","27",",U","0",",U","1",",U","0",",U","20050314",",,U","20050311",",,U","-6.1",",U,14,","21.1",",U,11,","","","425.9",",U","4.59",",U","11.63",",,,U","-2.44",",,,U"
"USR0000MCBT","2005-04","47.8667","-115.625","716.3","CABINET TROUT CREEK MONTANA, MT US","0.0","U","0.0",",U","0",",U","17",",U","0",",U","7",",U","0",",U","20050409",",,U","20050426","+,,U","-4.4",",U,09,","26.7",",U,26,+","","","309.4",",U","8.02",",U","16.06",",,,U","-0.02",",,,U"
"USR0000MCBT","2005-05","47.8667","-115.625","716.3","CABINET TROUT CREEK MONTANA, MT US","0.0","U","0.0",",U","0",",U","3",",U","0",",U","12",",U","1",",U","20050501",",,U","20050528",",,U","-2.2",",U,01,","32.2",",U,28,","","","175.1",",U","12.68",",U","20.63",",,,U","4.74",",,,U"
"USR0000MCBT","2005-08","47.8667","-115.625","716.3","CABINET TROUT CREEK MONTANA, MT US","","","52.3",",U","0",",U","0",",U","0",",U","31",",U","14",",U","20050830","+,,U","20050821",",,U","4.4",",U,30,+","37.8",",U,21,","","","26.5",",U","19.16",",U","30.69",",,,U","7.64",",,,U"
"USR0000MCBT","2005-09","47.8667","-115.625","716.3","CABINET TROUT CREEK MONTANA, MT US","","","0.3",",U","0",",U","4",",U","0",",U","20",",U","0",",U","20050925",",,U","20050908",",,U","-1.7",",U,25,","31.7",",U,08,","","","145.7",",U","13.49",",U","22.34",",,,U","4.63",",,,U"
"USR0000MCBT","2005-10","47.8667","-115.625","716.3","CABINET TROUT CREEK MONTANA, MT US","","","0.0",",U","0",",U","4",",U","0",",U","4",",U","0",",U","20051030",",,U","20051018",",,U","-1.1",",U,30,","21.7",",U,18,","","","311.3",",U","8.29",",U","13.82",",,,U","2.76",",,,U"
"USR0000MCBT","2005-12","47.8667","-115.625","716.3","CABINET TROUT CREEK MONTANA, MT US","","","0.0",",U","5",",U","27",",U","17",",U","0",",U","0",",U","20051207",",,U","20051224",",,U","-20.0",",U,07,","6.7",",U,24,","","","707.6",",U","-4.49",",U","-0.39",",,,U","-8.59",",,,U"
"USR0000MCBT","2006-01","47.8667","-115.625","716.3","CABINET TROUT CREEK MONTANA, MT US","0.0","U","0.0",",U","0",",U","27",",U","0",",U","0",",U","0",",U","20060116",",,U","20060105",",,U","-5.0",",U,16,","7.2",",U,05,","","","530.7",",U","1.21",",U","3.42",",,,U","-0.99",",,,U"
"USR0000MCBT","2006-02","47.8667","-115.625","716.3","CABINET TROUT CREEK MONTANA, MT US","0.0","U","0.0",",U","3",",U","26",",U","5",",U","0",",U","0",",U","20060218",",,U","20060209",",,U","-22.8",",U,18,","8.3",",U,09,","","","564.5",",U","-1.83",",U","3.81",",,,U","-7.46",",,,U"
"USR0000MCBT","2006-03","47.8667","-115.625","716.3","CABINET TROUT CREEK MONTANA, MT US","0.0","U","0.0",",U","0",",U","27",",U","0",",U","0",",U","0",",U","20060313","+,,U","20060323",",,U","-9.4",",U,13,+","17.8",",U,23,","","","471.1",",U","3.14",",U","9.19",",,,U","-2.92",",,,U"
"USR0000MCBT","2006-05","47.8667","-115.625","716.3","CABINET TROUT CREEK MONTANA, MT US","","","8.9",",U","0",",U","9",",U","0",",U","16",",U","4",",U","20060503",",,U","20060517",",,U","-3.3",",U,03,","35.0",",U,17,","","","182.7",",U","12.73",",U","21.84",",,,U","3.62",",,,U"
"USR0000MCBT","2006-06","47.8667","-115.625","716.3","CABINET TROUT CREEK MONTANA, MT US","","","25.0",",U","0",",U","0",",U","0",",U","24",",U","5",",U","20060621","+,,U","20060627","+,,U","3.9",",U,21,+","36.1",",U,27,+","","","62.9",",U","17.07",",U","25.75",",,,U","8.39",",,,U"
"USR0000MCBT","2006-07","47.8667","-115.625","716.3","CABINET TROUT CREEK MONTANA, MT US","","","114.0",",U","0",",U","0",",U","0",",U","31",",U","20",",U","20060731",",,U","20060722",",,U","4.4",",U,31,","41.1",",U,22,","5.3","U","5.3",",U","21.84",",U","33.09",",,,U","10.59",",,,U"
"USR0000MCBT","2006-08","47.8667","-115.625","716.3","CABINET TROUT CREEK MONTANA, MT US","","","53.5",",U","0",",U","0",",U","0",",U","30",",U","12",",U","20060801",",,U","20060807",",,U","4.4",",U,01,","38.3",",U,07,","25.3","U","20.0",",U","19.41",",U","30.83",",,,U","7.99",",,,U"
"USR0000MCBT","2006-09","47.8667","-115.625","716.3","CABINET TROUT CREEK MONTANA, MT US","","","16.1",",U","0",",U","1",",U","0",",U","21",",U","9",",U","20060915",",,U","20060906",",,U","-1.7",",U,15,","36.1",",U,06,","134.8","U","109.5",",U","15.22",",U","25.83",",,,U","4.60",",,,U"
"USR0000MCBT","2006-10","47.8667","-115.625","716.3","CABINET TROUT CREEK MONTANA, MT US","","","0.0",",U","0",",U","17",",U","0",",U","7",",U","0",",U","20061030",",,U","20061005",",,U","-8.9",",U,30,","25.6",",U,05,","467.1","U","332.3",",U","7.61",",U","15.26",",,,U","-0.04",",,,U"
"USR0000MCBT","2006-11","47.8667","-115.625","716.3","CABINET TROUT CREEK MONTANA, MT US","","","0.0",",U","0",",U","25",",U","4",",U","0",",U","0",",U","20061129",",,U","20061107",",,U","-11.1",",U,29,","15.0",",U,07,","975.2","U","508.1",",U","1.40",",U","4.96",",,,U","-2.17",",,,U"
"USR0000MCBT","2006-12","47.8667","-115.625","716.3","CABINET TROUT CREEK MONTANA, MT US","","","0.0",",U","0",",U","31",",U","11",",U","0",",U","0",",U","20061218",",,U","20061213",",,U","-15.0",",U,18,","7.8",",U,13,","1615.6","U","640.4",",U","-2.32",",U","1.70",",,,U","-6.35",",,,U"
"USR0000MCBT","2007-01","47.8667","-115.625","716.3","CABINET TROUT CREEK MONTANA, MT US","0.0","U","0.0",",U","6",",U","30",",U","13",",U","0",",U","0",",U","20070114","+,,U","20070109",",,U","-22.2",",U,14,+","10.0",",U,09,","2300.8","U","685.2",",U","-3.77",",U","0.46",",,,U","-8.01",",,,U"
"USR0000MCBT","2007-02","47.8667","-115.625","716.3","CABINET TROUT CREEK MONTANA, MT US","0.0","U","0.0",",U","0",",U","26",",U","2",",U","0",",U","0",",U","20070203",",,U","20070205",",,U","-17.2",",U,03,","12.2",",U,05,","2783.3","U","482.5",",U","1.10",",U","5.07",",,,U","-2.87",",,,U"
"USR0000MCBT","2007-03","47.8667","-115.625","716.3","CABINET TROUT CREEK MONTANA, MT US","0.0","U","0.0",",U","0",",U","20",",U","0",",U","2",",U","0",",U","20070302",",,U","20070330","+,,U","-12.2",",U,02,","21.1",",U,30,+","3193.3","U","410.0",",U","5.11",",U","11.53",",,,U","-1.31",",,,U"
"USR0000MCBT","2007-04","47.8667","-115.625","716.3","CABINET TROUT CREEK MONTANA, MT US","0.0","U","0.0",",U","0",",U","15",",U","0",",U","5",",U","0",",U","20070412",",,U","20070407",",,U","-5.0",",U,12,","23.3",",U,07,","3514.7","U","321.4",",U","7.62",",U","15.32",",,,U","-0.08",",,,U"
"USR0000MCBT","2007-05","47.8667","-115.625","716.3","CABINET TROUT CREEK MONTANA, MT US","0.0","U","0.0",",U","0",",U","3",",U","0",",U","19",",U","0",",U","20070506",",,U","20070531","+,,U","-2.2",",U,06,","31.7",",U,31,+","3687.2","U","172.5",",U","12.77",",U","22.30",",,,U","3.24",",,,U"
"USR0000MCBT","2007-06","47.8667","-115.625","716.3","CABINET TROUT CREEK MONTANA, MT US","21.1","U","21.1",",U","0",",U","0",",U","0",",U","23",",U","7",",U","20070626",",,U","20070603",",,U","1.7",",U,26,","36.1",",U,03,","3781.0","U","93.8",",U","15.91",",U","25.02",",,,U","6.80",",,,U"
"USR0000MCBT","2007-07","47.8667","-115.625","716.3","CABINET TROUT CREEK MONTANA, MT US","190.1","U","169.0",",U","0",",U","0",",U","0",",U","31",",U","29",",U","20070701",",,U","20070714","+,,U","5.0",",U,01,","42.2",",U,14,+","0.0","U","0.0",",U","23.78",",U","36.11",",,,U","11.45",",,,U"
"USR0000MCBT","2007-08","47.8667","-115.625","716.3","CABINET TROUT CREEK MONTANA, MT US","241.5","U","51.4",",U","0",",U","0",",U","0",",U","30",",U","14",",U","20070828",",,U","20070815","+,,U","2.8",",U,28,","38.9",",U,15,+","14.2","U","14.2",",U","19.53",",U","30.87",",,,U","8.19",",,,U"
"USR0000MCBT","2007-09","47.8667","-115.625","716.3","CABINET TROUT CREEK MONTANA, MT US","251.5","U","10.0","4,U","0","2,U","3","2,U","0","4,U","17","4,U","4","4,U","20070930",",2,U","20070903",",4,U","-1.7","2,U,30,","36.1","4,U,03,","146.3","U","132.1","4,U","13.89","4,U","23.49","4,,,U","4.29","2,,,U"
"USR0000MCBT","2007-10","47.8667","-115.625","716.3","CABINET TROUT CREEK MONTANA, MT US","251.5","U","0.0",",U","0",",U","7",",U","0",",U","3",",U","0",",U","20071027",",,U","20071024",",,U","-6.1",",U,27,","24.4",",U,24,","476.9","U","330.6",",U","7.67",",U","13.62",",,,U","1.72",",,,U"
"USR0000MCBT","2007-11","47.8667","-115.625","716.3","CABINET TROUT CREEK MONTANA, MT US","251.5","U","0.0",",U","0",",U","23",",U","4",",U","0",",U","0",",U","20071130",",,U","20071105","+,,U","-12.8",",U,30,","13.3",",U,05,+","977.6","U","500.7",",U","1.64",",U","5.99",",,,U","-2.71",",,,U"
"USR0000MCBT","2007-12","47.8667","-115.625","716.3","CABINET TROUT CREEK MONTANA, MT US","251.5","U","0.0",",U","0",",U","29",",U","9",",U","0",",U","0",",U","20071209",",,U","20071220",",,U","-13.3",",U,09,","6.7",",U,20,","1610.4","U","632.8",",U","-2.08",",U","1.59",",,,U","-5.75",",,,U"
"USR0000MCBT","2008-01","47.8667","-115.625","716.3","CABINET TROUT CREEK MONTANA, MT US","0.0","","0.0","3,U","4","2,U","29","2,U","14","1,U","0","1,U","0","1,U","20080123",",2,U","20080113",",1,U","-21.7","2,U,23,","5.6","1,U,13,","2226.8","","616.4","1,U","-3.91","3,U","0.43","1,,,U","-8.26","2,,,U"
"USR0000MCBT","2008-02","47.8667","-115.625","716.3","CABINET TROUT CREEK MONTANA, MT US","0.0","","0.0",",U","0",",U","27",",U","0",",U","0",",U","0",",U","20080219",",,U","20080221",",,U","-11.7",",U,19,","13.9",",U,21,","2708.5","","481.7",",U","1.72",",U","7.47",",,,U","-4.02",",,,U"
"USR0000MCBT","2008-03","47.8667","-115.625","716.3","CABINET TROUT CREEK MONTANA, MT US","0.0","","0.0",",U","0",",U","31",",U","0",",U","0",",U","0",",U","20080328","+,,U","20080310",",,U","-7.8",",U,28,+","18.9",",U,10,","3185.9","","477.4",",U","2.93",",U","9.15",",,,U","-3.28",",,,U"
"USR0000MCBT","2008-04","47.8667","-115.625","716.3","CABINET TROUT CREEK MONTANA, MT US","0.0","","0.0",",U","0",",U","28",",U","0",",U","4",",U","0",",U","20080402",",,U","20080413",",,U","-8.9",",U,02,","27.8",",U,13,","3597.1","","411.2",",U","4.63",",U","11.77",",,,U","-2.52",",,,U"
"USR0000MCBT","2008-05","47.8667","-115.625","716.3","CABINET TROUT CREEK MONTANA, MT US","2.2","","2.2",",U","0",",U","7",",U","0",",U","13",",U","1",",U","20080502",",,U","20080517",",,U","-3.9",",U,02,","34.4",",U,17,","3797.5","","200.4",",U","11.94",",U","20.33",",,,U","3.55",",,,U"
"USR0000MCBT","2008-06","47.8667","-115.625","716.3","CABINET TROUT CREEK MONTANA, MT US","19.4","","17.2",",U","0",",U","0",",U","0",",U","18",",U","5",",U","20080615","+,,U","20080629",",,U","2.2",",U,15,+","39.4",",U,29,","3936.1","","138.6",",U","14.29",",U","23.17",",,,U","5.40",",,,U"
"USR0000MCBT","2008-07","47.8667","-115.625","716.3","CABINET TROUT CREEK MONTANA, MT US","59.0","","39.6","1,U","0",",U","0",",U","0","1,U","29","1,U","6","1,U","20080731",",,U","20080703",",1,U","2.2",",U,31,","36.1","1,U,03,","15.3","","15.3","1,U","19.17","1,U","30.08","1,,,U","8.26",",,,U"
"USR0000MCBT","2008-09","47.8667","-115.625","716.3","CABINET TROUT CREEK MONTANA, MT US","","","1.1","1,U","0",",U","0",",U","0","1,U","23","1,U","4","1,U","20080929","+,,U","20080919",",1,U","1.7",",U,29,+","33.9","1,U,19,","","","119.4","1,U","14.29","1,U","24.58","1,,,U","4.00",",,,U"
"USR0000MCBT","2008-10","47.8667","-115.625","716.3","CABINET TROUT CREEK MONTANA, MT US","","","0.0",",U","0",",U","21",",U","0",",U","2",",U","0",",U","20081012",",,U","20081001",",,U","-6.1",",U,12,","28.9",",U,01,","","","335.0",",U","7.53",",U","15.13",",,,U","-0.08",",,,U"
"USR0000MCBT","2009-05","47.8667","-115.625","716.3","CABINET TROUT CREEK MONTANA, MT US","","","3.1",",U","0",",U","6",",U","0",",U","16",",U","1",",U","20090501",",,U","20090529",",,U","-3.9",",U,01,","33.9",",U,29,","","","201.7",",U","11.93",",U","21.20",",,,U","2.65",",,,U"
"USR0000MCBT","2009-06","47.8667","-115.625","716.3","CABINET TROUT CREEK MONTANA, MT US","","","4.8",",U","0",",U","0",",U","0",",U","24",",U","2",",U","20090607",",,U","20090604",",,U","0.6",",U,07,","32.8",",U,04,","","","81.9",",U","15.76",",U","24.87",",,,U","6.66",",,,U"
"USR0000MCBT","2009-07","47.8667","-115.625","716.3","CABINET TROUT CREEK MONTANA, MT US","","","75.3",",U","0",",U","0",",U","0",",U","30",",U","18",",U","20090701",",,U","20090723","+,,U","3.9",",U,01,","36.7",",U,23,+","14.7","","14.7",",U","20.29",",U","31.18",",,,U","9.39",",,,U"
"USR0000MCBT","2009-08","47.8667","-115.625","716.3","CABINET TROUT CREEK MONTANA, MT US","","","61.5",",U","0",",U","0",",U","0",",U","26",",U","12",",U","20090824",",,U","20090828",",,U","5.0",",U,24,","37.2",",U,28,","40.0","","25.3",",U","19.50",",U","28.97",",,,U","10.03",",,,U"
"USR0000MCBT","2009-09","47.8667","-115.625","716.3","CABINET TROUT CREEK MONTANA, MT US","","","16.1",",U","0",",U","2",",U","0",",U","26",",U","7",",U","20090928","+,,U","20090902",",,U","-0.6",",U,28,+","36.7",",U,02,","125.3","","85.3",",U","16.03",",U","26.93",",,,U","5.12",",,,U"
"USR0000MCBT","2010-06","47.8667","-115.625","716.3","CABINET TROUT CREEK MONTANA, MT US","","","7.5","1,U","0","1,U","0","1,U","0","1,U","18","1,U","1","1,U","20100615","+,1,U","20100628",",1,U","3.3","1,U,15,+","33.9","1,U,28,","","","100.6","1,U","15.12","1,U","22.52","1,,,U","7.72","1,,,U"
"USR0000MCBT","2010-07","47.8667","-115.625","716.3","CABINET TROUT CREEK MONTANA, MT US","","","47.8",",U","0",",U","0",",U","0",",U","26",",U","6",",U","20100714",",,U","20100726",",,U","3.9",",U,14,","36.1",",U,26,","37.0","U","37.0",",U","18.68",",U","28.69",",,,U","8.67",",,,U"
"USR0000MCBT","2010-08","47.8667","-115.625","716.3","CABINET TROUT CREEK MONTANA, MT US","","","39.7",",U","0",",U","0",",U","0",",U","28",",U","7",",U","20100830",",,U","20100825",",,U","3.3",",U,30,","35.6",",U,25,","73.4","U","36.4",",U","18.44",",U","28.15",",,,U","8.72",",,,U"
"USR0000MCBT","2010-09","47.8667","-115.625","716.3","CABINET TROUT CREEK MONTANA, MT US","","","0.0",",U","0",",U","0",",U","0",",U","13",",U","0",",U","20100923","+,,U","20100903",",,U","2.8",",U,23,+","30.0",",U,03,","210.6","U","137.2",",U","13.76",",U","21.07",",,,U","6.45",",,,U"
"USR0000MCBT","2010-10","47.8667","-115.625","716.3","CABINET TROUT CREEK MONTANA, MT US","","","0.0",",U","0",",U","9",",U","0",",U","3",",U","0",",U","20101018","+,,U","20101002","+,,U","-2.8",",U,18,+","28.3",",U,02,+","500.5","U","289.9",",U","8.98",",U","15.14",",,,U","2.83",",,,U"
"USR0000MCBT","2010-11","47.8667","-115.625","716.3","CABINET TROUT CREEK MONTANA, MT US","","","0.0",",U","2",",U","22",",U","9",",U","0",",U","0",",U","20101123",",,U","20101102",",,U","-20.0",",U,23,","16.1",",U,02,","1040.0","U","539.5",",U","0.35",",U","3.93",",,,U","-3.23",",,,U"
"USR0000MCBT","2010-12","47.8667","-115.625","716.3","CABINET TROUT CREEK MONTANA, MT US","","","0.0",",U","2",",U","29",",U","13",",U","0",",U","0",",U","20101231",",,U","20101214",",,U","-22.2",",U,31,","6.1",",U,14,","1686.2","U","646.2",",U","-2.51",",U","1.01",",,,U","-6.04",",,,U"
"USR0000MCBT","2011-01","47.8667","-115.625","716.3","CABINET TROUT CREEK MONTANA, MT US","0.0","U","0.0",",U","4",",U","26",",U","12",",U","0",",U","0",",U","20110111",",,U","20110115",",,U","-22.8",",U,11,","9.4",",U,15,","2338.9","U","652.7",",U","-2.72",",U","0.91",",,,U","-6.36",",,,U"
"USR0000MCBT","2011-02","47.8667","-115.625","716.3","CABINET TROUT CREEK MONTANA, MT US","0.0","U","0.0",",U","4",",U","28",",U","8",",U","0",",U","0",",U","20110226",",,U","20110213",",,U","-22.8",",U,26,","12.2",",U,13,","2933.6","U","594.7",",U","-2.91",",U","2.10",",,,U","-7.91",",,,U"
"USR0000MCBT","2011-03","47.8667","-115.625","716.3","CABINET TROUT CREEK MONTANA, MT US","0.0","U","0.0","4,U","0","3,U","23","3,U","0","2,U","0","2,U","0","2,U","20110312",",3,U","20110326",",2,U","-7.2","3,U,12,","12.8","2,U,26,","3342.8","U","409.2","2,U","3.35","4,U","8.15","2,,,U","-1.44","3,,,U"
"USR0000MCBT","2011-06","47.8667","-115.625","716.3","CABINET TROUT CREEK MONTANA, MT US","","","2.0","1,U","0","1,U","0","1,U","0","1,U","15","1,U","0","1,U","20110604",",1,U","20110628","+,1,U","1.1","1,U,04,","31.7","1,U,28,+","","","137.2","1,U","13.67","1,U","20.90","1,,,U","6.44","1,,,U"
"USR0000MCBT","2011-07","47.8667","-115.625","716.3","CABINET TROUT CREEK MONTANA, MT US","","","26.5",",U","0",",U","0",",U","0",",U","28",",U","8",",U","20110709",",,U","20110730",",,U","2.2",",U,09,","35.0",",U,30,","45.7","U","45.7",",U","17.71",",U","27.93",",,,U","7.50",",,,U"
"USR0000MCBT","2011-08","47.8667","-115.625","716.3","CABINET TROUT CREEK MONTANA, MT US","","","64.7",",U","0",",U","0",",U","0",",U","31",",U","14",",U","20110820",",,U","20110828",",,U","3.9",",U,20,","37.2",",U,28,","54.3","U","8.6",",U","20.14",",U","31.50",",,,U","8.78",",,,U"
"USR0000MCBT","2011-09","47.8667","-115.625","716.3","CABINET TROUT CREEK MONTANA, MT US","","","21.1","3,U","0","3,U","0","3,U","0","3,U","22","3,U","11","3,U","20110903",",3,U","20110911",",3,U","1.1","3,U,03,","35.6","3,U,11,","113.3","U","59.0","3,U","16.93","3,U","27.43","3,,,U","6.43","3,,,U"
"USR0000MCBT","2012-01","47.8667","-115.625","716.3","CABINET TROUT CREEK MONTANA, MT US","0.0","U","0.0",",U","0",",U","30",",U","8",",U","0",",U","0",",U","20120124",",,U","20120105",",,U","-13.3",",U,24,","11.7",",U,05,","","","612.9",",U","-1.44",",U","2.62",",,,U","-5.50",",,,U"
"USR0000MCBT","2012-02","47.8667","-115.625","716.3","CABINET TROUT CREEK MONTANA, MT US","0.0","U","0.0",",U","0",",U","28",",U","0",",U","0",",U","0",",U","20120208",",,U","20120214","+,,U","-11.1",",U,08,","7.8",",U,14,+","","","519.8",",U","0.41",",U","4.94",",,,U","-4.13",",,,U"
"USR0000MCBT","2012-04","47.8667","-115.625","716.3","CABINET TROUT CREEK MONTANA, MT US","","","0.3",",U","0",",U","14",",U","0",",U","6",",U","0",",U","20120408",",,U","20120423",",,U","-6.1",",U,08,","31.7",",U,23,","","","295.9",",U","8.48",",U","15.81",",,,U","1.15",",,,U"
"USR0000MCBT","2012-05","47.8667","-115.625","716.3","CABINET TROUT CREEK MONTANA, MT US","","","0.0",",U","0",",U","8",",U","0",",U","8",",U","1",",U","20120511",",,U","20120515",",,U","-3.9",",U,11,","32.8",",U,15,","","","236.6",",U","10.70",",U","18.58",",,,U","2.83",",,,U"
"USR0000MCBT","2012-06","47.8667","-115.625","716.3","CABINET TROUT CREEK MONTANA, MT US","","","5.0",",U","0",",U","0",",U","0",",U","18",",U","0",",U","20120609",",,U","20120628","+,,U","1.7",",U,09,","31.1",",U,28,+","","","122.5",",U","14.42",",U","21.62",",,,U","7.22",",,,U"
"USR0000MCBT","2012-07","47.8667","-115.625","716.3","CABINET TROUT CREEK MONTANA, MT US","","","90.9",",U","0",",U","0",",U","0",",U","30",",U","12",",U","20120704",",,U","20120708",",,U","3.3",",U,04,","37.8",",U,08,","16.4","U","16.4",",U","20.73",",U","30.85",",,,U","10.62",",,,U"
"USR0000MCBT","2012-08","47.8667","-115.625","716.3","CABINET TROUT CREEK MONTANA, MT US","","","55.6","3,U","0","2,U","0","2,U","0","3,U","28","3,U","13","3,U","20120825",",2,U","20120819","+,3,U","2.2","2,U,25,","36.7","3,U,19,+","33.5","U","17.1","3,U","19.63","3,U","31.04","3,,,U","8.23","2,,,U"
"USR0000MCBT","2012-09","47.8667","-115.625","716.3","CABINET TROUT CREEK MONTANA, MT US","","","","","0","2,U","1","2,U","","","","","","","20120912",",2,U","","","-1.1","2,U,12,","","","","","","","","","","","4.63","2,,,U"
"USR0000MCBT","2012-10","47.8667","-115.625","716.3","CABINET TROUT CREEK MONTANA, MT US","","","0.0",",U","0",",U","15",",U","0",",U","6",",U","0",",U","20121006",",,U","20121001",",,U","-4.4",",U,06,","26.7",",U,01,","","","326.0",",U","7.82",",U","13.87",",,,U","1.76",",,,U"
"USR0000MCBT","2012-11","47.8667","-115.625","716.3","CABINET TROUT CREEK MONTANA, MT US","","","0.0",",U","0",",U","18",",U","2",",U","0",",U","0",",U","20121127","+,,U","20121105",",,U","-5.6",",U,27,+","17.2",",U,05,","","","462.2",",U","2.93",",U","6.09",",,,U","-0.24",",,,U"
"USR0000MCBT","2012-12","47.8667","-115.625","716.3","CABINET TROUT CREEK MONTANA, MT US","","","0.0",",U","0",",U","27",",U","8",",U","0",",U","0",",U","20121209",",,U","20121201",",,U","-6.7",",U,09,","8.9",",U,01,","","","575.1",",U","-0.22",",U","1.78",",,,U","-2.22",",,,U"
"USR0000MCBT","2013-01","47.8667","-115.625","716.3","CABINET TROUT CREEK MONTANA, MT US","0.0","U","0.0",",U","0",",U","31",",U","9",",U","0",",U","0",",U","20130103",",,U","20130126",",,U","-13.9",",U,03,","7.2",",U,26,","","","646.7",",U","-2.53",",U","1.24",",,,U","-6.30",",,,U"
"USR0000MCBT","2013-02","47.8667","-115.625","716.3","CABINET TROUT CREEK MONTANA, MT US","0.0","U","0.0",",U","0",",U","28",",U","1",",U","0",",U","0",",U","20130221",",,U","20130213",",,U","-5.6",",U,21,","9.4",",U,13,","","","481.4",",U","1.14",",U","4.78",",,,U","-2.50",",,,U"
"USR0000MCBT","2013-03","47.8667","-115.625","716.3","CABINET TROUT CREEK MONTANA, MT US","0.0","U","0.0",",U","0",",U","24",",U","0",",U","1",",U","0",",U","20130325","+,,U","20130331",",,U","-7.8",",U,25,+","22.8",",U,31,","","","462.1",",U","3.43",",U","9.14",",,,U","-2.28",",,,U"
"USR0000MCBT","2013-04","47.8667","-115.625","716.3","CABINET TROUT CREEK MONTANA, MT US","0.0","U","0.0",",U","0",",U","18",",U","0",",U","3",",U","0",",U","20130417",",,U","20130426",",,U","-6.7",",U,17,","23.3",",U,26,","","","368.0",",U","6.07",",U","12.44",",,,U","-0.30",",,,U"
"USR0000MCBT","2013-06","47.8667","-115.625","716.3","CABINET TROUT CREEK MONTANA, MT US","","","16.1",",U","0",",U","0",",U","0",",U","22",",U","2",",U","20130601",",,U","20130630",",,U","1.1",",U,01,","34.4",",U,30,","","","88.3",",U","15.93",",U","24.28",",,,U","7.58",",,,U"
"USR0000MCBT","2013-07","47.8667","-115.625","716.3","CABINET TROUT CREEK MONTANA, MT US","","","77.2",",U","0",",U","0",",U","0",",U","31",",U","16",",U","20130712",",,U","20130702","+,,U","4.4",",U,12,","37.2",",U,02,+","4.8","U","4.8",",U","20.67",",U","32.14",",,,U","9.20",",,,U"
"USR0000MCBT","2013-08","47.8667","-115.625","716.3","CABINET TROUT CREEK MONTANA, MT US","","","80.7",",U","0",",U","0",",U","0",",U","30",",U","12",",U","20130821",",,U","20130815",",,U","5.6",",U,21,","35.6",",U,15,","9.8","U","5.0",",U","20.77",",U","30.61",",,,U","10.94",",,,U"
"USR0000MCBT","2013-09","47.8667","-115.625","716.3","CABINET TROUT CREEK MONTANA, MT US","","","33.2",",U","0",",U","0",",U","0",",U","20",",U","8",",U","20130926",",,U","20130912",",,U","0.6",",U,26,","35.0",",U,12,","123.7","U","113.9",",U","15.64",",U","23.15",",,,U","8.14",",,,U"
"USR0000MCBT","2013-10","47.8667","-115.625","716.3","CABINET TROUT CREEK MONTANA, MT US","","","0.0",",U","0",",U","16",",U","0",",U","0",",U","0",",U","20131030",",,U","20131006",",,U","-6.1",",U,30,","20.6",",U,06,","480.3","U","356.6",",U","6.83",",U","13.66",",,,U","0.00",",,,U"
"USR0000MCBT","2013-11","47.8667","-115.625","716.3","CABINET TROUT CREEK MONTANA, MT US","","","0.0",",U","0",",U","21",",U","2",",U","0",",U","0",",U","20131121",",,U","20131101",",,U","-11.7",",U,21,","11.1",",U,01,","999.6","U","519.3",",U","1.02",",U","4.60",",,,U","-2.56",",,,U"
"USR0000MCBT","2013-12","47.8667","-115.625","716.3","CABINET TROUT CREEK MONTANA, MT US","","","0.0",",U","3",",U","30",",U","12",",U","0",",U","0",",U","20131208","+,,U","20131216",",,U","-21.1",",U,08,+","8.3",",U,16,","1683.1","U","683.5",",U","-3.72",",U","-0.50",",,,U","-6.93",",,,U"
"USR0000MCBT","2014-01","47.8667","-115.625","716.3","CABINET TROUT CREEK MONTANA, MT US","0.0","U","0.0",",U","0",",U","29",",U","9",",U","0",",U","0",",U","20140106",",,U","20140113",",,U","-12.8",",U,06,","9.4",",U,13,","2279.2","U","596.1",",U","-0.90",",U","2.38",",,,U","-4.17",",,,U"
"USR0000MCBT","2014-02","47.8667","-115.625","716.3","CABINET TROUT CREEK MONTANA, MT US","0.0","U","0.0",",U","4",",U","27",",U","14",",U","0",",U","0",",U","20140206",",,U","20140212",",,U","-25.6",",U,06,","11.1",",U,12,","2911.4","U","632.2",",U","-4.24",",U","0.77",",,,U","-9.26",",,,U"
"USR0000MCBT","2014-03","47.8667","-115.625","716.3","CABINET TROUT CREEK MONTANA, MT US","0.0","U","0.0",",U","0",",U","25",",U","2",",U","0",",U","0",",U","20140301",",,U","20140325",",,U","-13.9",",U,01,","16.1",",U,25,","3391.2","U","479.8",",U","2.85",",U","8.67",",,,U","-2.96",",,,U"
"USR0000MCBT","2014-04","47.8667","-115.625","716.3","CABINET TROUT CREEK MONTANA, MT US","0.0","U","0.0",",U","0",",U","23",",U","0",",U","2",",U","0",",U","20140414",",,U","20140430",",,U","-6.1",",U,14,","25.0",",U,30,","3738.7","U","347.5",",U","6.75",",U","14.71",",,,U","-1.21",",,,U"
"USR0000MCBT","2014-06","47.8667","-115.625","716.3","CABINET TROUT CREEK MONTANA, MT US","","","1.4",",U","0",",U","0",",U","0",",U","21",",U","0",",U","20140606",",,U","20140623",",,U","0.6",",U,06,","31.1",",U,23,","","","109.0",",U","14.75",",U","22.96",",,,U","6.53",",,,U"
"USR0000MCBT","2014-07","47.8667","-115.625","716.3","CABINET TROUT CREEK MONTANA, MT US","","","96.7","1,U","0","1,U","0","1,U","0","1,U","29","1,U","18","1,U","20140701",",1,U","20140729",",1,U","6.1","1,U,01,","38.9","1,U,29,","4.5","U","4.5","1,U","21.41","1,U","31.72","1,,,U","11.09","1,,,U"
"USR0000MCBT","2014-09","47.8667","-115.625","716.3","CABINET TROUT CREEK MONTANA, MT US","","","4.7",",U","0",",U","1",",U","0",",U","23",",U","1",",U","20140912",",,U","20140921",",,U","-2.8",",U,12,","32.8",",U,21,","","","104.3",",U","15.01",",U","24.82",",,,U","5.21",",,,U"
"USR0000MCBT","2014-10","47.8667","-115.625","716.3","CABINET TROUT CREEK MONTANA, MT US","","","0.0",",U","0",",U","4",",U","0",",U","8",",U","0",",U","20141028","+,,U","20141007",",,U","-2.2",",U,28,+","28.9",",U,07,","","","249.8",",U","10.27",",U","17.06",",,,U","3.48",",,,U"
"USR0000MCBT","2014-11","47.8667","-115.625","716.3","CABINET TROUT CREEK MONTANA, MT US","","","0.0",",U","0",",U","23",",U","8",",U","0",",U","0",",U","20141114",",,U","20141105",",,U","-15.6",",U,14,","15.0",",U,05,","","","551.2",",U","-0.04",",U","4.13",",,,U","-4.21",",,,U"
"USR0000MCBT","2014-12","47.8667","-115.625","716.3","CABINET TROUT CREEK MONTANA, MT US","","","0.0",",U","1",",U","27",",U","7",",U","0",",U","0",",U","20141230",",,U","20141222","+,,U","-20.6",",U,30,","8.3",",U,22,+","","","605.5",",U","-1.20",",U","1.74",",,,U","-4.14",",,,U"
"USR0000MCBT","2015-01","47.8667","-115.625","716.3","CABINET TROUT CREEK MONTANA, MT US","0.0","U","0.0",",U","1",",U","30",",U","7",",U","0",",U","0",",U","20150101",",,U","20150126",",,U","-18.3",",U,01,","10.0",",U,26,","","","591.0",",U","-0.73",",U","2.71",",,,U","-4.17",",,,U"
"USR0000MCBT","2015-02","47.8667","-115.625","716.3","CABINET TROUT CREEK MONTANA, MT US","0.0","U","0.0",",U","0",",U","17",",U","0",",U","0",",U","0",",U","20150222",",,U","20150213",",,U","-10.0",",U,22,","14.4",",U,13,","","","441.7",",U","2.56",",U","7.86",",,,U","-2.75",",,,U"
"USR0000MCBT","2015-03","47.8667","-115.625","716.3","CABINET TROUT CREEK MONTANA, MT US","0.0","U","0.0",",U","0",",U","15",",U","0",",U","3",",U","0",",U","20150304",",,U","20150327",",,U","-12.2",",U,04,","25.0",",U,27,","","","378.6",",U","6.12",",U","13.57",",,,U","-1.34",",,,U"
"USR0000MCBT","2015-04","47.8667","-115.625","716.3","CABINET TROUT CREEK MONTANA, MT US","0.0","U","0.0",",U","0",",U","25",",U","0",",U","7",",U","0",",U","20150405",",,U","20150428",",,U","-5.0",",U,05,","28.9",",U,28,","","","322.1",",U","7.60",",U","16.50",",,,U","-1.31",",,,U"
"USR0000MCBT","2015-05","47.8667","-115.625","716.3","CABINET TROUT CREEK MONTANA, MT US","2.8","U","2.8",",U","0",",U","7",",U","0",",U","24",",U","0",",U","20150506","+,,U","20150522",",,U","-2.2",",U,06,+","30.6",",U,22,","","","141.5",",U","13.86",",U","23.28",",,,U","4.44",",,,U"
"USR0000MCBT","2015-06","47.8667","-115.625","716.3","CABINET TROUT CREEK MONTANA, MT US","71.8","U","69.0",",U","0",",U","0",",U","0",",U","28",",U","10",",U","20150613",",,U","20150628",",,U","2.8",",U,13,","42.2",",U,28,","","","26.9",",U","19.74",",U","30.43",",,,U","9.04",",,,U"
"USR0000MCBT","2015-07","47.8667","-115.625","716.3","CABINET TROUT CREEK MONTANA, MT US","156.2","U","84.4",",U","0",",U","0",",U","0",",U","31",",U","14",",U","20150729","+,,U","20150731",",,U","6.1",",U,29,+","39.4",",U,31,","7.5","U","7.5",",U","20.81",",U","31.21",",,,U","10.42",",,,U"
"USR0000MCBT","2015-08","47.8667","-115.625","716.3","CABINET TROUT CREEK MONTANA, MT US","236.5","U","80.3",",U","0",",U","0",",U","0",",U","30",",U","16",",U","20150823",",,U","20150813",",,U","3.9",",U,23,","40.6",",U,13,","24.6","U","17.1",",U","20.37",",U","31.24",",,,U","9.50",",,,U"
"USR0000MCBT","2015-09","47.8667","-115.625","716.3","CABINET TROUT CREEK MONTANA, MT US","239.9","U","3.4",",U","0",",U","4",",U","0",",U","20",",U","2",",U","20150928",",,U","20150912",",,U","-2.8",",U,28,","33.9",",U,12,","163.0","U","138.4",",U","13.83",",U","23.10",",,,U","4.56",",,,U"
"USR0000MCBT","2015-10","47.8667","-115.625","716.3","CABINET TROUT CREEK MONTANA, MT US","240.7","U","0.8",",U","0",",U","7",",U","0",",U","12",",U","0",",U","20151024","+,,U","20151009",",,U","-2.2",",U,24,+","28.3",",U,09,","389.6","U","226.6",",U","11.05",",U","18.46",",,,U","3.64",",,,U"
"USR0000MCBT","2015-11","47.8667","-115.625","716.3","CABINET TROUT CREEK MONTANA, MT US","240.7","U","0.0",",U","0",",U","21",",U","4",",U","0",",U","0",",U","20151128",",,U","20151115","+,,U","-14.4",",U,28,","11.7",",U,15,+","911.7","U","522.1",",U","0.93",",U","5.30",",,,U","-3.44",",,,U"
"USR0000MCBT","2015-12","47.8667","-115.625","716.3","CABINET TROUT CREEK MONTANA, MT US","240.7","U","0.0",",U","0",",U","28",",U","10",",U","0",",U","0",",U","20151201",",,U","20151209",",,U","-14.4",",U,01,","8.9",",U,09,","1508.9","U","597.2",",U","-0.93",",U","1.81",",,,U","-3.67",",,,U"
"USR0000MCBT","2016-01","47.8667","-115.625","716.3","CABINET TROUT CREEK MONTANA, MT US","0.0","U","0.0",",U","0",",U","29",",U","5",",U","0",",U","0",",U","20160103",",,U","20160130","+,,U","-16.1",",U,03,","6.7",",U,30,+","2087.0","U","578.1",",U","-0.32",",U","2.37",",,,U","-3.00",",,,U"
"USR0000MCBT","2016-02","47.8667","-115.625","716.3","CABINET TROUT CREEK MONTANA, MT US","0.0","U","0.0","2,U","0","2,U","20","2,U","1","2,U","0","2,U","0","2,U","20160207","+,2,U","20160226",",2,U","-6.7","2,U,07,+","15.0","2,U,26,","2501.9","U","414.9","2,U","2.97","2,U","7.88","2,,,U","-1.94","2,,,U"
"USR0000MCBT","2016-03","47.8667","-115.625","716.3","CABINET TROUT CREEK MONTANA, MT US","0.0","U","0.0",",U","0",",U","19",",U","0",",U","0",",U","0",",U","20160318",",,U","20160331","+,,U","-6.1",",U,18,","18.9",",U,31,+","2923.7","U","421.8",",U","4.73",",U","10.16",",,,U","-0.71",",,,U"
"USR0000MCBT","2016-04","47.8667","-115.625","716.3","CABINET TROUT CREEK MONTANA, MT US","0.0","U","0.0",",U","0",",U","11",",U","0",",U","14",",U","0",",U","20160401",",,U","20160420",",,U","-1.7",",U,01,","30.0",",U,20,","3146.0","U","222.3",",U","10.92",",U","20.09",",,,U","1.75",",,,U"
"USR0000MCBT","2016-05","47.8667","-115.625","716.3","CABINET TROUT CREEK MONTANA, MT US","0.0","U","0.0",",U","0",",U","2",",U","0",",U","18",",U","0",",U","20160520","+,,U","20160503",",,U","0.0",",U,20,+","30.6",",U,03,","3306.8","U","160.8",",U","13.15",",U","21.53",",,,U","4.76",",,,U"
"USR0000MCBT","2016-06","47.8667","-115.625","716.3","CABINET TROUT CREEK MONTANA, MT US","20.0","U","20.0",",U","0",",U","1",",U","0",",U","19",",U","4",",U","20160617",",,U","20160606",",,U","-1.1",",U,17,","37.2",",U,06,","3433.3","U","126.5",",U","14.78",",U","24.12",",,,U","5.44",",,,U"
"USR0000MCBT","2016-07","47.8667","-115.625","716.3","CABINET TROUT CREEK MONTANA, MT US","25.1","U","5.1",",U","0",",U","0",",U","0",",U","21",",U","0",",U","20160705",",,U","20160729",",,U","1.7",",U,05,","31.7",",U,29,","112.2","U","112.2",",U","14.88",",U","23.77",",,,U","5.98",",,,U"
"USR0000MCBT","2016-08","47.8667","-115.625","716.3","CABINET TROUT CREEK MONTANA, MT US","28.7","U","3.6",",U","0",",U","0",",U","0",",U","26",",U","1",",U","20160825","+,,U","20160817",",,U","2.2",",U,25,+","32.2",",U,17,","204.1","U","91.9",",U","15.49",",U","25.58",",,,U","5.39",",,,U"
"USR0000MCBT","2016-09","47.8667","-115.625","716.3","CABINET TROUT CREEK MONTANA, MT US","28.7","U","0.0",",U","0",",U","5",",U","0",",U","10",",U","0",",U","20160913",",,U","20160930","+,,U","-3.9",",U,13,","24.4",",U,30,+","442.8","U","238.7",",U","10.38",",U","18.18",",,,U","2.58",",,,U"
"USR0000MCBT","2016-10","47.8667","-115.625","716.3","CABINET TROUT CREEK MONTANA, MT US","28.7","U","0.0",",U","0",",U","8",",U","0",",U","0",",U","0",",U","20161011",",,U","20161002",",,U","-5.0",",U,11,","16.7",",U,02,","852.2","U","409.4",",U","5.13",",U","8.90",",,,U","1.35",",,,U"
"USR0000MCBT","2016-11","47.8667","-115.625","716.3","CABINET TROUT CREEK MONTANA, MT US","28.7","U","0.0",",U","0",",U","26",",U","2",",U","0",",U","0",",U","20161127",",,U","20161109",",,U","-4.4",",U,27,","13.3",",U,09,","1343.2","U","491.0",",U","1.97",",U","5.53",",,,U","-1.59",",,,U"
"USR0000MCBT","2017-02","47.8667","-115.625","716.3","CABINET TROUT CREEK MONTANA, MT US","","","0.0",",U","2",",U","28",",U","9",",U","0",",U","0",",U","20170202",",,U","20170210",",,U","-19.4",",U,02,","7.8",",U,10,","","","599.6",",U","-3.08",",U","1.56",",,,U","-7.72",",,,U"
"USR0000MCBT","2017-03","47.8667","-115.625","716.3","CABINET TROUT CREEK MONTANA, MT US","","","0.0",",U","0",",U","31",",U","0",",U","0",",U","0",",U","20170306","+,,U","20170331",",,U","-8.9",",U,06,+","12.8",",U,31,","","","532.1",",U","1.17",",U","5.70",",,,U","-3.36",",,,U"
"USR0000MCBT","2017-04","47.8667","-115.625","716.3","CABINET TROUT CREEK MONTANA, MT US","","","0.0",",U","0",",U","28",",U","0",",U","0",",U","0",",U","20170416",",,U","20170430","+,,U","-7.2",",U,16,","17.2",",U,30,+","","","458.1",",U","3.06",",U","8.65",",,,U","-2.52",",,,U"
"USR0000MCBT","2017-05","47.8667","-115.625","716.3","CABINET TROUT CREEK MONTANA, MT US","","","16.9",",U","0",",U","2",",U","0",",U","20",",U","5",",U","20170510","+,,U","20170530",",,U","-0.6",",U,10,+","35.0",",U,30,","","","120.0",",U","15.01",",U","23.64",",,,U","6.37",",,,U"
"USR0000MCBT","2017-06","47.8667","-115.625","716.3","CABINET TROUT CREEK MONTANA, MT US","","","31.7",",U","0",",U","0",",U","0",",U","24",",U","6",",U","20170623","+,,U","20170625",",,U","3.9",",U,23,+","36.1",",U,25,","","","39.7",",U","18.07",",U","26.54",",,,U","9.60",",,,U"
"USR0000MCBT","2017-07","47.8667","-115.625","716.3","CABINET TROUT CREEK MONTANA, MT US","","","108.1",",U","0",",U","0",",U","0",",U","31",",U","24",",U","20170717",",,U","20170707","+,,U","5.0",",U,17,","38.9",",U,07,+","1.2","U","1.2",",U","21.78",",U","33.99",",,,U","9.57",",,,U"
"USR0000MCBT","2017-08","47.8667","-115.625","716.3","CABINET TROUT CREEK MONTANA, MT US","","","104.0",",U","0",",U","0",",U","0",",U","31",",U","20",",U","20170826",",,U","20170829",",,U","5.0",",U,26,","38.3",",U,29,","5.4","U","4.2",",U","21.55",",U","33.25",",,,U","9.85",",,,U"
"USR0000MCBT","2017-09","47.8667","-115.625","716.3","CABINET TROUT CREEK MONTANA, MT US","","","22.3",",U","0",",U","0",",U","0",",U","19",",U","5",",U","20170916",",,U","20170903",",,U","0.6",",U,16,","37.2",",U,03,","127.0","U","121.6",",U","15.02",",U","23.59",",,,U","6.45",",,,U"
"USR0000MCBT","2017-10","47.8667","-115.625","716.3","CABINET TROUT CREEK MONTANA, MT US","","","0.0",",U","0",",U","16",",U","0",",U","2",",U","0",",U","20171031",",,U","20171017","+,,U","-5.0",",U,31,","21.1",",U,17,+","472.6","U","345.6",",U","7.19",",U","13.82",",,,U","0.55",",,,U"
"USR0000MCBT","2017-11","47.8667","-115.625","716.3","CABINET TROUT CREEK MONTANA, MT US","","","0.0",",U","0",",U","16",",U","0",",U","0",",U","0",",U","20171108",",,U","20171123",",,U","-6.1",",U,08,","14.4",",U,23,","964.2","U","491.6",",U","1.95",",U","4.72",",,,U","-0.83",",,,U"
"USR0000MCBT","2017-12","47.8667","-115.625","716.3","CABINET TROUT CREEK MONTANA, MT US","","","0.0",",U","2",",U","31",",U","13",",U","0",",U","0",",U","20171224",",,U","20171206",",,U","-19.4",",U,24,","5.0",",U,06,","1632.2","U","668.0",",U","-3.22",",U","-0.08",",,,U","-6.35",",,,U"
"USR0000MCBT","2018-01","47.8667","-115.625","716.3","CABINET TROUT CREEK MONTANA, MT US","0.0","U","0.0",",U","0",",U","30",",U","4",",U","0",",U","0",",U","20180102","+,,U","20180130",",,U","-10.0",",U,02,+","8.3",",U,30,","2176.4","U","544.2",",U","0.78",",U","3.43",",,,U","-1.87",",,,U"
"USR0000MCBT","2018-02","47.8667","-115.625","716.3","CABINET TROUT CREEK MONTANA, MT US","0.0","U","0.0",",U","4",",U","24",",U","5",",U","0",",U","0",",U","20180221","+,,U","20180208",",,U","-21.7",",U,21,+","12.8",",U,08,","2755.2","U","578.8",",U","-2.34",",U","2.65",",,,U","-7.32",",,,U"
"USR0000MCBT","2018-03","47.8667","-115.625","716.3","CABINET TROUT CREEK MONTANA, MT US","0.0","U","0.0",",U","0",",U","28",",U","0",",U","0",",U","0",",U","20180304",",,U","20180313","+,,U","-12.2",",U,04,","18.3",",U,13,+","3229.7","U","474.5",",U","3.03",",U","9.68",",,,U","-3.63",",,,U"
"USR0000MCBT","2018-04","47.8667","-115.625","716.3","CABINET TROUT CREEK MONTANA, MT US","0.0","U","0.0",",U","0",",U","14",",U","0",",U","4",",U","0",",U","20180401",",,U","20180427",",,U","-3.9",",U,01,","31.1",",U,27,","3576.9","U","347.2",",U","6.76",",U","13.46",",,,U","0.06",",,,U"
"USR0000MCBT","2018-05","47.8667","-115.625","716.3","CABINET TROUT CREEK MONTANA, MT US","1.7","U","1.7",",U","0",",U","0",",U","0",",U","22",",U","1",",U","20180503",",,U","20180515",",,U","1.1",",U,03,","32.2",",U,15,","3676.2","U","99.3",",U","15.19",",U","23.71",",,,U","6.66",",,,U"
"USR0000MCBT","2018-06","47.8667","-115.625","716.3","CABINET TROUT CREEK MONTANA, MT US","5.6","U","3.9",",U","0",",U","0",",U","0",",U","21",",U","0",",U","20180612","+,,U","20180603",",,U","1.7",",U,12,+","31.7",",U,03,","3770.3","U","94.1",",U","15.32",",U","23.45",",,,U","7.20",",,,U"
"USR0000MCBT","2018-07","47.8667","-115.625","716.3","CABINET TROUT CREEK MONTANA, MT US","86.1","U","80.5",",U","0",",U","0",",U","0",",U","29",",U","22",",U","20180704","+,,U","20180716",",,U","3.3",",U,04,+","38.3",",U,16,","19.2","U","19.2",",U","20.31",",U","32.29",",,,U","8.34",",,,U"
"USR0000MCBT","2018-08","47.8667","-115.625","716.3","CABINET TROUT CREEK MONTANA, MT US","152.2","U","66.1",",U","0",",U","0",",U","0",",U","29",",U","12",",U","20180825",",,U","20180810",",,U","5.6",",U,25,","42.8",",U,10,","46.8","U","27.6",",U","19.58",",U","30.31",",,,U","8.84",",,,U"
"USR0000MCBT","2018-09","47.8667","-115.625","716.3","CABINET TROUT CREEK MONTANA, MT US","155.5","U","3.3",",U","0",",U","1",",U","0",",U","21",",U","1",",U","20180919",",,U","20180906",",,U","0.0",",U,19,","33.3",",U,06,","193.7","U","146.9",",U","13.55",",U","22.60",",,,U","4.50",",,,U"
"USR0000MCBT","2018-10","47.8667","-115.625","716.3","CABINET TROUT CREEK MONTANA, MT US","155.5","U","0.0",",U","0",",U","17",",U","0",",U","2",",U","0",",U","20181015","+,,U","20181020",",,U","-3.3",",U,15,+","21.7",",U,20,","521.4","U","327.7",",U","7.76",",U","15.13",",,,U","0.40",",,,U"
"USR0000MCBT","2018-11","47.8667","-115.625","716.3","CABINET TROUT CREEK MONTANA, MT US","155.5","U","0.0",",U","0",",U","18",",U","1",",U","0",",U","0",",U","20181120","+,,U","20181102",",,U","-7.2",",U,20,+","12.2",",U,02,","1010.1","U","488.7",",U","2.04",",U","5.52",",,,U","-1.43",",,,U"
"USR0000MCBT","2018-12","47.8667","-115.625","716.3","CABINET TROUT CREEK MONTANA, MT US","155.5","U","0.0",",U","0",",U","29",",U","9",",U","0",",U","0",",U","20181207",",,U","20181219",",,U","-12.2",",U,07,","7.2",",U,19,","1602.8","U","592.7",",U","-0.79",",U","2.19",",,,U","-3.76",",,,U"
"USR0000MCBT","2019-01","47.8667","-115.625","716.3","CABINET TROUT CREEK MONTANA, MT US","0.0","U","0.0","2,U","0","2,U","29","2,U","7","2,U","0","2,U","0","2,U","20190130",",2,U","20190127",",2,U","-12.2","2,U,30,","9.4","2,U,27,","2158.6","U","555.8","2,U","-0.83","2,U","2.45","2,,,U","-4.12","2,,,U"
"USR0000MCBT","2019-02","47.8667","-115.625","716.3","CABINET TROUT CREEK MONTANA, MT US","0.0","U","0.0","4,U","5","3,U","24","3,U","13","3,U","0","3,U","0","3,U","20190218",",3,U","20190202",",3,U","-21.7","3,U,18,","5.0","3,U,02,","2738.5","U","579.9","3,U","-6.03","4,U","-0.93","3,,,U","-11.13","3,,,U"
"USR0000MCBT","2019-03","47.8667","-115.625","716.3","CABINET TROUT CREEK MONTANA, MT US","0.0","U","0.0","3,U","3","2,U","28","2,U","0","3,U","2","3,U","0","3,U","20190304",",2,U","20190320",",3,U","-24.4","2,U,04,","22.8","3,U,20,","3170.3","U","431.8","3,U","2.72","3,U","12.30","3,,,U","-6.86","2,,,U"
"USR0000MCBT","2019-04","47.8667","-115.625","716.3","CABINET TROUT CREEK MONTANA, MT US","0.0","U","0.0",",U","0",",U","13",",U","0",",U","1",",U","0",",U","20190429",",,U","20190421",",,U","-5.6",",U,29,","21.7",",U,21,","3501.3","U","331.0",",U","7.30",",U","13.79",",,,U","0.81",",,,U"
"USR0000MCBT","2019-05","47.8667","-115.625","716.3","CABINET TROUT CREEK MONTANA, MT US","0.3","U","0.3",",U","0",",U","2",",U","0",",U","19",",U","0",",U","20190501",",,U","20190529","+,,U","-1.7",",U,01,","28.9",",U,29,+","3657.2","U","155.9",",U","13.31",",U","21.67",",,,U","4.96",",,,U"
"USR0000MCBT","2019-06","47.8667","-115.625","716.3","CABINET TROUT CREEK MONTANA, MT US","15.6","U","15.3",",U","0",",U","0",",U","0",",U","21",",U","1",",U","20190607",",,U","20190612",",,U","2.8",",U,07,","33.3",",U,12,","3742.8","U","85.6",",U","15.99",",U","24.47",",,,U","7.51",",,,U"
"USR0000MCBT","2019-07","47.8667","-115.625","716.3","CABINET TROUT CREEK MONTANA, MT US","57.3","U","41.7",",U","0",",U","0",",U","0",",U","30",",U","8",",U","20190720",",,U","20190723",",,U","3.9",",U,20,","36.7",",U,23,","19.8","U","19.8",",U","19.04",",U","28.98",",,,U","9.10",",,,U"
"USR0000MCBT","2019-08","47.8667","-115.625","716.3","CABINET TROUT CREEK MONTANA, MT US","120.4","U","63.1",",U","0",",U","0",",U","0",",U","30",",U","11",",U","20190827",",,U","20190807",",,U","4.4",",U,27,","37.8",",U,07,","28.6","U","8.8",",U","20.09",",U","30.31",",,,U","9.86",",,,U"
"USR0000MCBT","2019-09","47.8667","-115.625","716.3","CABINET TROUT CREEK MONTANA, MT US","135.2","U","14.8",",U","0",",U","1",",U","0",",U","16",",U","3",",U","20190930",",,U","20190905","+,,U","-2.2",",U,30,","34.4",",U,05,+","160.8","U","132.2",",U","14.42",",U","21.55",",,,U","7.28",",,,U"
"USR0000MCBT","2019-10","47.8667","-115.625","716.3","CABINET TROUT CREEK MONTANA, MT US","135.2","U","0.0",",U","0",",U","16",",U","0",",U","1",",U","0",",U","20191030","+,,U","20191025",",,U","-12.2",",U,30,+","21.1",",U,25,","574.8","U","414.0",",U","4.98",",U","11.29",",,,U","-1.34",",,,U"
"USR0000MCBT","2019-12","47.8667","-115.625","716.3","CABINET TROUT CREEK MONTANA, MT US","","","0.0","2,U","0","2,U","24","2,U","6","2,U","0","2,U","0","2,U","20191201",",2,U","20191208",",2,U","-12.8","2,U,01,","8.3","2,U,08,","","","533.7","2,U","-0.07","2,U","1.99","2,,,U","-2.13","2,,,U"
"USR0000MCBT","2020-01","47.8667","-115.625","716.3","CABINET TROUT CREEK MONTANA, MT US","0.0","U","0.0",",U","0",",U","23",",U","2",",U","0",",U","0",",U","20200115",",,U","20200124",",,U","-11.1",",U,15,","7.4",",U,24,","","","554.8",",U","0.44",",U","3.23",",,,U","-2.36",",,,U"
"USR0000MCBT","2020-02","47.8667","-115.625","716.3","CABINET TROUT CREEK MONTANA, MT US","0.0","U","0.0",",U","0",",U","27",",U","2",",U","0",",U","0",",U","20200204",",,U","20200228",",,U","-11.6",",U,04,","14.9",",U,28,","","","501.6",",U","1.04",",U","6.42",",,,U","-4.35",",,,U"
"USR0000MCBT","2020-03","47.8667","-115.625","716.3","CABINET TROUT CREEK MONTANA, MT US","0.0","U","0.0",",U","0",",U","24",",U","1",",U","0",",U","0",",U","20200315",",,U","20200320",",,U","-10.6",",U,15,","16.7",",U,20,","","","479.2",",U","2.87",",U","8.96",",,,U","-3.22",",,,U"
"USR0000MCBT","2020-04","47.8667","-115.625","716.3","CABINET TROUT CREEK MONTANA, MT US","0.0","U","0.0",",U","0",",U","19",",U","0",",U","3",",U","0",",U","20200413",",,U","20200429",",,U","-7.3",",U,13,","24.7",",U,29,","","","336.6",",U","7.11",",U","14.96",",,,U","-0.73",",,,U"
"USR0000MCBT","2020-05","47.8667","-115.625","716.3","CABINET TROUT CREEK MONTANA, MT US","5.3","U","5.3",",U","0",",U","3",",U","0",",U","11",",U","2",",U","20200505","+,,U","20200529",",,U","-1.1",",U,05,+","33.9",",U,29,","","","198.6",",U","12.10",",U","19.52",",,,U","4.68",",,,U"
"USR0000MCBT","2020-06","47.8667","-115.625","716.3","CABINET TROUT CREEK MONTANA, MT US","18.1","U","12.8",",U","0",",U","0",",U","0",",U","20",",U","1",",U","20200615","+,,U","20200623",",,U","2.8",",U,15,+","33.3",",U,23,","","","102.5",",U","15.34",",U","22.81",",,,U","7.87",",,,U"
"USR0000MCBT","2020-07","47.8667","-115.625","716.3","CABINET TROUT CREEK MONTANA, MT US","70.9","U","52.8",",U","0",",U","0",",U","0",",U","29",",U","12",",U","20200714",",,U","20200731",",,U","3.9",",U,14,","40.0",",U,31,","30.8","U","30.8",",U","19.04",",U","29.64",",,,U","8.45",",,,U"
"USR0000MCBT","2020-08","47.8667","-115.625","716.3","CABINET TROUT CREEK MONTANA, MT US","143.6","U","72.7",",U","0",",U","0",",U","0",",U","30",",U","13",",U","20200814",",,U","20200816",",,U","4.4",",U,14,","38.9",",U,16,","53.6","U","22.8",",U","19.94",",U","30.80",",,,U","9.08",",,,U"
"USR0000MCBT","2020-09","47.8667","-115.625","716.3","CABINET TROUT CREEK MONTANA, MT US","157.8","U","14.2",",U","0",",U","1",",U","0",",U","20",",U","6",",U","20200908",",,U","20200904",",,U","0.0",",U,08,","36.7",",U,04,","152.8","U","99.2",",U","15.50",",U","24.91",",,,U","6.08",",,,U"
"USR0000MCBT","2020-10","47.8667","-115.625","716.3","CABINET TROUT CREEK MONTANA, MT US","157.8","U","0.0",",U","0",",U","11",",U","2",",U","9",",U","0",",U","20201025",",,U","20201007",",,U","-14.4",",U,25,","29.4",",U,07,","488.4","U","335.6",",U","7.51",",U","14.08",",,,U","0.93",",,,U"
"USR0000MCBT","2020-11","47.8667","-115.625","716.3","CABINET TROUT CREEK MONTANA, MT US","157.8","U","0.0",",U","0",",U","21",",U","1",",U","0",",U","0",",U","20201109",",,U","20201105",",,U","-8.9",",U,09,","16.1",",U,05,","982.8","U","494.4",",U","1.85",",U","5.20",",,,U","-1.50",",,,U"
"USR0000MCBT","2020-12","47.8667","-115.625","716.3","CABINET TROUT CREEK MONTANA, MT US","157.8","U","0.0",",U","0",",U","28",",U","8",",U","0",",U","0",",U","20201225","+,,U","20201220",",,U","-10.0",",U,25,+","9.1",",U,20,","1578.6","U","595.8",",U","-0.89",",U","2.32",",,,U","-4.09",",,,U"
"USR0000MCBT","2021-01","47.8667","-115.625","716.3","CABINET TROUT CREEK MONTANA, MT US","0.0","U","0.0",",U","0",",U","30",",U","4",",U","0",",U","0",",U","20210125","+,,U","20210113","+,,U","-10.6",",U,25,+","8.3",",U,13,+","2151.0","U","572.4",",U","-0.13",",U","3.16",",,,U","-3.43",",,,U"
"USR0000MCBT","2021-02","47.8667","-115.625","716.3","CABINET TROUT CREEK MONTANA, MT US","0.0","U","0.0",",U","2",",U","27",",U","9",",U","0",",U","0",",U","20210212",",,U","20210205",",,U","-20.6",",U,12,","8.3",",U,05,","2726.9","U","575.9",",U","-2.24",",U","1.80",",,,U","-6.27",",,,U"
"USR0000MCBT","2021-03","47.8667","-115.625","716.3","CABINET TROUT CREEK MONTANA, MT US","0.0","U","0.0",",U","0",",U","29",",U","0",",U","0",",U","0",",U","20210311",",,U","20210318",",,U","-7.8",",U,11,","20.6",",U,18,","3168.2","U","441.3",",U","4.10",",U","11.83",",,,U","-3.64",",,,U"
"USR0000MCBT","2021-04","47.8667","-115.625","716.3","CABINET TROUT CREEK MONTANA, MT US","0.0","U","0.0",",U","0",",U","20",",U","0",",U","8",",U","0",",U","20210412","+,,U","20210429",",,U","-5.6",",U,12,+","26.1",",U,29,","3484.6","U","316.4",",U","7.79",",U","16.60",",,,U","-1.03",",,,U"
"USR0000MCBT","2021-05","47.8667","-115.625","716.3","CABINET TROUT CREEK MONTANA, MT US","0.0","U","0.0",",U","0",",U","3",",U","0",",U","14",",U","0",",U","20210509",",,U","20210531",",,U","-2.3",",U,09,","30.1",",U,31,","3690.1","U","205.5",",U","11.70",",U","20.64",",,,U","2.77",",,,U"
"USR0000MCBT","2021-06","47.8667","-115.625","716.3","CABINET TROUT CREEK MONTANA, MT US","77.5","U","77.5",",U","0",",U","0",",U","0",",U","25",",U","15",",U","20210611",",,U","20210630","+,,U","1.8",",U,11,","42.1",",U,30,+","3742.1","U","52.0",",U","19.18",",U","29.56",",,,U","8.80",",,,U"
"USR0000MCBT","2021-07","47.8667","-115.625","716.3","CABINET TROUT CREEK MONTANA, MT US","223.9","U","146.4",",U","0",",U","0",",U","0",",U","31",",U","26",",U","20210723",",,U","20210730",",,U","5.9",",U,23,","40.6",",U,30,","0.5","U","0.5",",U","23.04",",U","35.11",",,,U","10.97",",,,U"
"USR0000MCBT","2021-08","47.8667","-115.625","716.3","CABINET TROUT CREEK MONTANA, MT US","298.3","U","74.4",",U","0",",U","0",",U","0",",U","28",",U","10",",U","20210824",",,U","20210811",",,U","3.4",",U,24,","37.9",",U,11,","36.0","U","35.5",",U","19.59",",U","28.98",",,,U","10.20",",,,U"
"USR0000MCBT","2021-09","47.8667","-115.625","716.3","CABINET TROUT CREEK MONTANA, MT US","302.6","U","4.3",",U","0",",U","1",",U","0",",U","21",",U","1",",U","20210917",",,U","20210907",",,U","-0.2",",U,17,","32.5",",U,07,","152.5","U","116.5",",U","14.59",",U","23.35",",,,U","5.83",",,,U"
"USR0000MCBT","2021-10","47.8667","-115.625","716.3","CABINET TROUT CREEK MONTANA, MT US","302.6","U","0.0",",U","0",",U","13",",U","0",",U","7",",U","0",",U","20211012",",,U","20211005",",,U","-5.1",",U,12,","27.4",",U,05,","474.0","U","321.5",",U","7.96",",U","15.11",",,,U","0.81",",,,U"
"USR0000MCBT","2021-11","47.8667","-115.625","716.3","CABINET TROUT CREEK MONTANA, MT US","302.6","U","0.0",",U","0",",U","15",",U","0",",U","0",",U","0",",U","20211117",",,U","20211115",",,U","-6.8",",U,17,","15.9",",U,15,","923.3","U","449.3",",U","3.36",",U","6.89",",,,U","-0.18",",,,U"
"USR0000MCBT","2021-12","47.8667","-115.625","716.3","CABINET TROUT CREEK MONTANA, MT US","302.6","U","0.0",",U","0",",U","28",",U","11",",U","0",",U","0",",U","20211229",",,U","20211201",",,U","-17.2",",U,29,","16.2",",U,01,","1564.3","U","641.0",",U","-2.35",",U","0.89",",,,U","-5.58",",,,U"
"USR0000MCBT","2022-01","47.8667","-115.625","716.3","CABINET TROUT CREEK MONTANA, MT US","0.0","U","0.0",",U","0",",U","30",",U","4",",U","0",",U","0",",U","20220110",",,U","20220123",",,U","-13.9",",U,10,","6.6",",U,23,","2197.0","U","632.7",",U","-2.08",",U","1.71",",,,U","-5.86",",,,U"
"USR0000MCBT","2022-02","47.8667","-115.625","716.3","CABINET TROUT CREEK MONTANA, MT US","0.0","U","0.0",",U","1",",U","27",",U","6",",U","0",",U","0",",U","20220223",",,U","20220210",",,U","-21.2",",U,23,","15.2",",U,10,","2745.9","U","548.9",",U","-1.27",",U","4.84",",,,U","-7.38",",,,U"
"USR0000MCBT","2022-03","47.8667","-115.625","716.3","CABINET TROUT CREEK MONTANA, MT US","0.0","U","0.0",",U","0",",U","23",",U","0",",U","1",",U","0",",U","20220310",",,U","20220327",",,U","-12.9",",U,10,","21.4",",U,27,","3174.1","U","428.2",",U","4.52",",U","10.92",",,,U","-1.88",",,,U"
"USR0000MCBT","2022-04","47.8667","-115.625","716.3","CABINET TROUT CREEK MONTANA, MT US","0.0","U","0.0",",U","0",",U","26",",U","0",",U","1",",U","0",",U","20220416",",,U","20220425",",,U","-7.2",",U,16,","21.8",",U,25,","3589.8","U","415.7",",U","4.48",",U","11.03",",,,U","-2.08",",,,U"
"USR0000MCBT","2022-05","47.8667","-115.625","716.3","CABINET TROUT CREEK MONTANA, MT US","0.0","U","0.0",",U","0",",U","6",",U","0",",U","4",",U","0",",U","20220511",",,U","20220526",",,U","-2.6",",U,11,","25.1",",U,26,","3853.7","U","263.9",",U","9.82",",U","16.61",",,,U","3.03",",,,U"
"USR0000MCBT","2022-06","47.8667","-115.625","716.3","CABINET TROUT CREEK MONTANA, MT US","6.4","U","6.4",",U","0",",U","0",",U","0",",U","21",",U","1",",U","20220625",",,U","20220627",",,U","3.6",",U,25,","35.9",",U,27,","3931.0","U","77.3",",U","15.97",",U","23.56",",,,U","8.37",",,,U"
"USR0000MCBT","2022-07","47.8667","-115.625","716.3","CABINET TROUT CREEK MONTANA, MT US","102.7","U","96.3",",U","0",",U","0",",U","0",",U","31",",U","16",",U","20220705",",,U","20220728",",,U","5.7",",U,05,","38.8",",U,28,","6.6","U","6.6",",U","21.23",",U","32.17",",,,U","10.29",",,,U"
"USR0000MCBT","2022-08","47.8667","-115.625","716.3","CABINET TROUT CREEK MONTANA, MT US","217.2","U","114.5",",U","0",",U","0",",U","0",",U","31",",U","19",",U","20220828",",,U","20220831",",,U","5.6",",U,28,","38.9",",U,31,","10.5","U","3.9",",U","21.90",",U","33.03",",,,U","10.77",",,,U"
"USR0000MCBT","2022-09","47.8667","-115.625","716.3","CABINET TROUT CREEK MONTANA, MT US","232.8","U","15.6",",U","0",",U","0",",U","0",",U","26",",U","4",",U","20220910",",,U","20220902",",,U","1.7",",U,10,","36.1",",U,02,","86.6","U","76.1",",U","16.32",",U","25.87",",,,U","6.76",",,,U"
"USR0000MCBT","2022-10","47.8667","-115.625","716.3","CABINET TROUT CREEK MONTANA, MT US","232.8","U","0.0",",U","0",",U","6",",U","0",",U","18",",U","0",",U","20221028","+,,U","20221006","+,,U","-1.1",",U,28,+","27.2",",U,06,+","316.1","U","229.5",",U","10.93",",U","18.97",",,,U","2.89",",,,U"
"USR0000MCBT","2022-11","47.8667","-115.625","716.3","CABINET TROUT CREEK MONTANA, MT US","232.8","U","0.0",",U","0",",U","27",",U","11",",U","0",",U","0",",U","20221119",",,U","20221105",",,U","-15.0",",U,19,","10.0",",U,05,","935.9","U","619.8",",U","-2.33",",U","1.50",",,,U","-6.15",",,,U"
"USR0000MCBT","2022-12","47.8667","-115.625","716.3","CABINET TROUT CREEK MONTANA, MT US","232.8","U","0.0",",U","4",",U","30",",U","18",",U","0",",U","0",",U","20221222",",,U","20221231","+,,U","-27.2",",U,22,","5.6",",U,31,+","1651.7","U","715.8",",U","-4.76",",U","-1.73",",,,U","-7.78",",,,U"
"USR0000MCBT","2023-01","47.8667","-115.625","716.3","CABINET TROUT CREEK MONTANA, MT US","0.0","U","0.0",",U","2",",U","30",",U","9",",U","0",",U","0",",U","20230129",",,U","20230121","+,,U","-20.6",",U,29,","6.7",",U,21,+","2268.9","U","617.2",",U","-1.58",",U","1.58",",,,U","-4.73",",,,U"
"USR0000MCBT","2023-02","47.8667","-115.625","716.3","CABINET TROUT CREEK MONTANA, MT US","0.0","U","0.0",",U","0",",U","26",",U","3",",U","0",",U","0",",U","20230224",",,U","20230211",",,U","-17.2",",U,24,","10.0",",U,11,","2813.6","U","544.7",",U","-1.12",",U","4.16",",,,U","-6.41",",,,U"
"USR0000MCBT","2023-03","47.8667","-115.625","716.3","CABINET TROUT CREEK MONTANA, MT US","0.0","U","0.0",",U","0",",U","29",",U","0",",U","0",",U","0",",U","20230308",",,U","20230330","+,,U","-10.0",",U,08,","15.6",",U,30,+","3310.8","U","497.2",",U","2.30",",U","9.07",",,,U","-4.48",",,,U"
"USR0000MCBT","2023-04","47.8667","-115.625","716.3","CABINET TROUT CREEK MONTANA, MT US","0.0","U","0.0",",U","0",",U","22",",U","0",",U","4",",U","0",",U","20230413",",,U","20230430",",,U","-5.6",",U,13,","31.1",",U,30,","3659.1","U","348.3",",U","6.72",",U","14.22",",,,U","-0.78",",,,U"
"USR0000MCBT","2023-05","47.8667","-115.625","716.3","CABINET TROUT CREEK MONTANA, MT US","14.8","U","14.8",",U","0",",U","0",",U","0",",U","24",",U","2",",U","20230511","+,,U","20230502",",,U","1.7",",U,11,+","33.9",",U,02,","3744.5","U","85.4",",U","16.05",",U","25.11",",,,U","7.00",",,,U"
"USR0000MCBT","2023-06","47.8667","-115.625","716.3","CABINET TROUT CREEK MONTANA, MT US","43.4","U","28.6",",U","0",",U","0",",U","0",",U","25",",U","3",",U","20230622",",,U","20230630",",,U","2.2",",U,22,","33.3",",U,30,","3794.7","U","50.2",",U","17.61",",U","26.38",",,,U","8.84",",,,U"
"USR0000MCBT","2023-07","47.8667","-115.625","716.3","CABINET TROUT CREEK MONTANA, MT US","139.1","U","95.7",",U","0",",U","0",",U","0",",U","31",",U","20",",U","20230703",",,U","20230721","+,,U","5.6",",U,03,","38.3",",U,21,+","1.4","U","1.4",",U","21.38",",U","32.99",",,,U","9.77",",,,U"
"USR0000MCBT","2023-08","47.8667","-115.625","716.3","CABINET TROUT CREEK MONTANA, MT US","236.3","U","97.2",",U","0",",U","0",",U","0",",U","30",",U","15",",U","20230824",",,U","20230815","+,,U","5.0",",U,24,","40.6",",U,15,+","15.5","U","14.1",",U","21.01",",U","31.26",",,,U","10.76",",,,U"
"USR0000MCBT","2023-09","47.8667","-115.625","716.3","CABINET TROUT CREEK MONTANA, MT US","240.6","U","4.3",",U","0",",U","0",",U","0",",U","21",",U","1",",U","20230920",",,U","20230916",",,U","2.8",",U,20,","33.3",",U,16,","98.4","U","82.9",",U","15.71",",U","24.00",",,,U","7.42",",,,U"
"USR0000MCBT","2023-10","47.8667","-115.625","716.3","CABINET TROUT CREEK MONTANA, MT US","240.6","U","0.0",",U","0",",U","7",",U","0",",U","12",",U","0",",U","20231028",",,U","20231009",",,U","-10.6",",U,28,","29.4",",U,09,","366.9","U","268.5",",U","9.67",",U","16.88",",,,U","2.47",",,,U"
"USR0000MCBT","2023-11","47.8667","-115.625","716.3","CABINET TROUT CREEK MONTANA, MT US","240.6","U","0.0",",U","0",",U","21",",U","4",",U","0",",U","0",",U","20231128","+,,U","20231112","+,,U","-8.3",",U,28,+","12.2",",U,12,+","866.8","U","499.9",",U","1.67",",U","5.09",",,,U","-1.75",",,,U"
"USR0000MCBT","2023-12","47.8667","-115.625","716.3","CABINET TROUT CREEK MONTANA, MT US","240.6","U","0.0",",U","0",",U","25",",U","6",",U","0",",U","0",",U","20231225",",,U","20231206",",,U","-9.4",",U,25,","7.2",",U,06,","1438.7","U","571.9",",U","-0.11",",U","2.44",",,,U","-2.67",",,,U"
"USR0000MCBT","2024-01","47.8667","-115.625","716.3","CABINET TROUT CREEK MONTANA, MT US","","","","","","","","","12","1,U","0","1,U","0","1,U","","","20240125",",1,U","","","8.3","1,U,25,","","","","","","","-0.41","1,,,U","",""
"USR0000MCBT","2024-02","47.8667","-115.625","716.3","CABINET TROUT CREEK MONTANA, MT US","","","0.0",",U","0",",U","22",",U","2",",U","0",",U","0",",U","20240217",",,U","20240223",",,U","-12.8",",U,17,","12.2",",U,23,","","","500.1",",U","1.09",",U","4.40",",,,U","-2.22",",,,U"
"USR0000MCBT","2024-03","47.8667","-115.625","716.3","CABINET TROUT CREEK MONTANA, MT US","","","0.0",",U","0",",U","24",",U","0",",U","4",",U","0",",U","20240307",",,U","20240318",",,U","-10.6",",U,07,","23.9",",U,18,","","","427.4",",U","4.55",",U","11.35",",,,U","-2.25",",,,U"
"USR0000MCBT","2024-04","47.8667","-115.625","716.3","CABINET TROUT CREEK MONTANA, MT US","","","0.0",",U","0",",U","14",",U","0",",U","5",",U","0",",U","20240423","+,,U","20240414",",,U","-3.9",",U,23,+","27.2",",U,14,","","","301.7",",U","8.28",",U","15.41",",,,U","1.15",",,,U"
"USR0000MCBT","2024-05","47.8667","-115.625","716.3","CABINET TROUT CREEK MONTANA, MT US","","","0.0",",U","0",",U","4",",U","0",",U","11",",U","0",",U","20240504",",,U","20240510",",,U","-0.6",",U,04,","29.4",",U,10,","","","215.8",",U","11.37",",U","19.03",",,,U","3.72",",,,U"
"USR0000MCBT","2024-06","47.8667","-115.625","716.3","CABINET TROUT CREEK MONTANA, MT US","","","4.4",",U","0",",U","0",",U","0",",U","22",",U","1",",U","20240616",",,U","20240625",",,U","1.7",",U,16,","32.2",",U,25,","","","86.5",",U","15.60",",U","24.61",",,,U","6.59",",,,U"
