"STATION","DATE","LATITUDE","LONGITUDE","ELEVATION","NAME","CDSD","CDSD_ATTRIBUTES","CLDD","CLDD_ATTRIBUTES","DT00","DT00_ATTRIBUTES","DT32","DT32_ATTRIBUTES","DX32","DX32_ATTRIBUTES","DX70","DX70_ATTRIBUTES","DX90","DX90_ATTRIBUTES","DYNT","DYNT_ATTRIBUTES","DYXT","DYXT_ATTRIBUTES","EMNT","EMNT_ATTRIBUTES","EMXT","EMXT_ATTRIBUTES","HDSD","HDSD_ATTRIBUTES","HTDD","HTDD_ATTRIBUTES","TAVG","TAVG_ATTRIBUTES","TMAX","TMAX_ATTRIBUTES","TMIN","TMIN_ATTRIBUTES"
"USR0000ALIV","1998-09","65.4236","-148.7217","137.2","LIVENGOOD ALASKA, AK US","","","0.0",",U","0",",U","14",",U","0",",U","0",",U","0",",U","19980929",",,U","19980901",",,U","-8.3",",U,29,","20.0",",U,01,","","","355.9",",U","6.47",",U","11.98",",,,U","0.96",",,,U"
"USR0000ALIV","1998-10","65.4236","-148.7217","137.2","LIVENGOOD ALASKA, AK US","","","0.0",",U","1",",U","31",",U","16",",U","0",",U","0",",U","19981026",",,U","19981004",",,U","-20.0",",U,26,","5.6",",U,04,","","","714.0",",U","-4.70",",U","-0.17",",,,U","-9.23",",,,U"
"USR0000ALIV","1998-11","65.4236","-148.7217","137.2","LIVENGOOD ALASKA, AK US","","","0.0",",U","17",",U","30",",U","30",",U","0",",U","0",",U","19981112",",,U","19981107",",,U","-28.9",",U,12,","-2.8",",U,07,","","","1018.3",",U","-15.61",",U","-12.67",",,,U","-18.55",",,,U"
"USR0000ALIV","1998-12","65.4236","-148.7217","137.2","LIVENGOOD ALASKA, AK US","","","0.0",",U","28",",U","31",",U","31",",U","0",",U","0",",U","19981217",",,U","19981223",",,U","-43.9",",U,17,","-6.7",",U,23,","","","1230.1",",U","-21.35",",U","-17.10",",,,U","-25.59",",,,U"
"USR0000ALIV","1999-01","65.4236","-148.7217","137.2","LIVENGOOD ALASKA, AK US","0.0","U","0.0",",U","30",",U","31",",U","31",",U","0",",U","0",",U","19990129",",,U","19990124",",,U","-48.3",",U,29,","-6.1",",U,24,","","","1431.8",",U","-27.85",",U","-23.34",",,,U","-32.37",",,,U"
"USR0000ALIV","1999-02","65.4236","-148.7217","137.2","LIVENGOOD ALASKA, AK US","0.0","U","0.0",",U","28",",U","28",",U","28",",U","0",",U","0",",U","19990204",",,U","19990217",",,U","-53.3",",U,04,","-7.8",",U,17,","","","1271.7",",U","-27.09",",U","-20.95",",,,U","-33.23",",,,U"
"USR0000ALIV","1999-03","65.4236","-148.7217","137.2","LIVENGOOD ALASKA, AK US","0.0","U","0.0","2,U","23","1,U","30","1,U","23","1,U","0","1,U","0","1,U","19990310",",1,U","19990321",",1,U","-41.7","1,U,10,","5.6","1,U,21,","","","999.6","1,U","-15.84","2,U","-7.54","1,,,U","-24.13","1,,,U"
"USR0000ALIV","1999-04","65.4236","-148.7217","137.2","LIVENGOOD ALASKA, AK US","0.0","U","0.0",",U","3",",U","29",",U","7",",U","0",",U","0",",U","19990403",",,U","19990417",",,U","-27.8",",U,03,","16.7",",U,17,","","","609.2",",U","-1.98",",U","5.66",",,,U","-9.61",",,,U"
"USR0000ALIV","1999-05","65.4236","-148.7217","137.2","LIVENGOOD ALASKA, AK US","0.0","U","0.0",",U","0",",U","21",",U","0",",U","3",",U","0",",U","19990505",",,U","19990514",",,U","-6.7",",U,05,","21.7",",U,14,","","","358.2",",U","6.78",",U","14.45",",,,U","-0.90",",,,U"
"USR0000ALIV","1999-06","65.4236","-148.7217","137.2","LIVENGOOD ALASKA, AK US","3.0","U","3.0",",U","0",",U","3",",U","0",",U","20",",U","1",",U","19990603",",,U","19990613",",,U","-2.8",",U,03,","33.3",",U,13,","","","107.9",",U","14.84",",U","22.81",",,,U","6.87",",,,U"
"USR0000ALIV","1999-07","65.4236","-148.7217","137.2","LIVENGOOD ALASKA, AK US","9.4","U","6.4",",U","0",",U","2",",U","0",",U","18",",U","1",",U","19990729",",,U","19990702",",,U","-0.6",",U,29,","32.2",",U,02,","112.9","U","112.9",",U","14.90",",U","22.72",",,,U","7.07",",,,U"
"USR0000ALIV","1999-08","65.4236","-148.7217","137.2","LIVENGOOD ALASKA, AK US","9.7","U","0.3",",U","0",",U","4",",U","0",",U","14",",U","0",",U","19990827",",,U","19990804",",,U","-4.4",",U,27,","30.6",",U,04,","286.1","U","173.2",",U","12.75",",U","20.64",",,,U","4.87",",,,U"
"USR0000ALIV","1999-09","65.4236","-148.7217","137.2","LIVENGOOD ALASKA, AK US","9.7","U","0.0",",U","0",",U","24",",U","0",",U","1",",U","0",",U","19990929","+,,U","19990912",",,U","-7.2",",U,29,+","22.2",",U,12,","672.5","U","386.4",",U","5.45",",U","12.93",",,,U","-2.02",",,,U"
"USR0000ALIV","1999-10","65.4236","-148.7217","137.2","LIVENGOOD ALASKA, AK US","9.7","U","0.0",",U","4",",U","31",",U","24",",U","0",",U","0",",U","19991031",",,U","19991008",",,U","-27.8",",U,31,","4.4",",U,08,","1460.1","U","787.6",",U","-7.07",",U","-4.25",",,,U","-9.89",",,,U"
"USR0000ALIV","1999-11","65.4236","-148.7217","137.2","LIVENGOOD ALASKA, AK US","9.7","U","0.0","2,U","22","1,U","29","1,U","29","1,U","0","1,U","0","1,U","19991111",",1,U","19991121","+,1,U","-35.6","1,U,11,","-9.4","1,U,21,+","2527.2","U","1067.1","1,U","-19.61","2,U","-15.70","1,,,U","-23.52","1,,,U"
"USR0000ALIV","1999-12","65.4236","-148.7217","137.2","LIVENGOOD ALASKA, AK US","9.7","U","0.0","1,U","28",",U","31",",U","30","1,U","0","1,U","0","1,U","19991230","+,,U","19991222",",1,U","-49.4",",U,30,+","-6.7","1,U,22,","3826.2","U","1299.0","1,U","-25.19","1,U","-21.31","1,,,U","-29.06",",,,U"
"USR0000ALIV","2000-01","65.4236","-148.7217","137.2","LIVENGOOD ALASKA, AK US","0.0","U","0.0",",U","24",",U","31",",U","29",",U","0",",U","0",",U","20000101",",,U","20000124",",,U","-48.9",",U,01,","1.1",",U,24,","5082.9","U","1256.7",",U","-22.21",",U","-18.17",",,,U","-26.24",",,,U"
"USR0000ALIV","2000-02","65.4236","-148.7217","137.2","LIVENGOOD ALASKA, AK US","0.0","U","0.0",",U","15",",U","29",",U","29",",U","0",",U","0",",U","20000201",",,U","20000205",",,U","-26.1",",U,01,","-2.2",",U,05,","6015.1","U","932.2",",U","-13.81",",U","-9.83",",,,U","-17.79",",,,U"
"USR0000ALIV","2000-03","65.4236","-148.7217","137.2","LIVENGOOD ALASKA, AK US","0.0","U","0.0",",U","8",",U","31",",U","27",",U","0",",U","0",",U","20000328",",,U","20000331",",,U","-29.4",",U,28,","11.1",",U,31,","6906.1","U","891.0",",U","-10.41",",U","-5.37",",,,U","-15.45",",,,U"
"USR0000ALIV","2000-04","65.4236","-148.7217","137.2","LIVENGOOD ALASKA, AK US","0.0","U","0.0",",U","5",",U","27",",U","9",",U","0",",U","0",",U","20000409",",,U","20000422",",,U","-23.3",",U,09,","15.0",",U,22,","7533.6","U","627.5",",U","-2.58",",U","3.67",",,,U","-8.83",",,,U"
"USR0000ALIV","2000-05","65.4236","-148.7217","137.2","LIVENGOOD ALASKA, AK US","0.0","U","0.0",",U","0",",U","20",",U","0",",U","0",",U","0",",U","20000509",",,U","20000530","+,,U","-8.3",",U,09,","17.8",",U,30,+","7936.1","U","402.5",",U","5.35",",U","12.03",",,,U","-1.33",",,,U"
"USR0000ALIV","2000-06","65.4236","-148.7217","137.2","LIVENGOOD ALASKA, AK US","0.3","U","0.3",",U","0",",U","1",",U","0",",U","23",",U","0",",U","20000621",",,U","20000624",",,U","0.0",",U,21,","29.4",",U,24,","8041.0","U","104.9",",U","14.85",",U","23.45",",,,U","6.25",",,,U"
"USR0000ALIV","2000-07","65.4236","-148.7217","137.2","LIVENGOOD ALASKA, AK US","3.6","U","3.3",",U","0",",U","0",",U","0",",U","17",",U","0",",U","20000728","+,,U","20000708",",,U","0.6",",U,28,+","29.4",",U,08,","130.1","U","130.1",",U","14.24",",U","21.55",",,,U","6.93",",,,U"
"USR0000ALIV","2000-08","65.4236","-148.7217","137.2","LIVENGOOD ALASKA, AK US","3.6","U","0.0",",U","0",",U","5",",U","0",",U","3",",U","0",",U","20000817",",,U","20000803",",,U","-3.3",",U,17,","27.2",",U,03,","394.5","U","264.4",",U","9.80",",U","15.63",",,,U","3.98",",,,U"
"USR0000ALIV","2000-09","65.4236","-148.7217","137.2","LIVENGOOD ALASKA, AK US","3.6","U","0.0",",U","0",",U","23",",U","1",",U","0",",U","0",",U","20000930",",,U","20000920","+,,U","-11.1",",U,30,","15.0",",U,20,+","836.9","U","442.4",",U","3.59",",U","9.03",",,,U","-1.86",",,,U"
"USR0000ALIV","2000-10","65.4236","-148.7217","137.2","LIVENGOOD ALASKA, AK US","3.6","U","0.0",",U","1",",U","31",",U","21",",U","0",",U","0",",U","20001027",",,U","20001004",",,U","-20.0",",U,27,","8.9",",U,04,","1593.6","U","756.7",",U","-6.08",",U","-1.75",",,,U","-10.40",",,,U"
"USR0000ALIV","2000-11","65.4236","-148.7217","137.2","LIVENGOOD ALASKA, AK US","3.6","U","0.0",",U","15",",U","30",",U","30",",U","0",",U","0",",U","20001102",",,U","20001112",",,U","-26.1",",U,02,","-1.7",",U,12,","2553.2","U","959.6",",U","-13.65",",U","-9.99",",,,U","-17.32",",,,U"
"USR0000ALIV","2000-12","65.4236","-148.7217","137.2","LIVENGOOD ALASKA, AK US","3.6","U","0.0","2,U","19","1,U","30","1,U","30","1,U","0","1,U","0","1,U","20001215",",1,U","20001207",",1,U","-33.3","1,U,15,","-7.2","1,U,07,","3568.5","U","1015.3","1,U","-16.74","2,U","-13.65","1,,,U","-19.83","1,,,U"
"USR0000ALIV","2001-06","65.4236","-148.7217","137.2","LIVENGOOD ALASKA, AK US","","","1.6",",U","0",",U","1",",U","0",",U","19",",U","0",",U","20010609",",,U","20010624","+,,U","0.0",",U,09,","28.3",",U,24,+","","","122.1",",U","14.32",",U","22.64",",,,U","6.00",",,,U"
"USR0000ALIV","2001-07","65.4236","-148.7217","137.2","LIVENGOOD ALASKA, AK US","","","3.3",",U","0",",U","1",",U","0",",U","17",",U","0",",U","20010710",",,U","20010721","+,,U","0.0",",U,10,","27.2",",U,21,+","133.9","U","133.9",",U","14.12",",U","20.59",",,,U","7.65",",,,U"
"USR0000ALIV","2001-08","65.4236","-148.7217","137.2","LIVENGOOD ALASKA, AK US","","","0.0",",U","0",",U","2",",U","0",",U","9",",U","0",",U","20010831","+,,U","20010808",",,U","0.0",",U,31,+","24.4",",U,08,","328.1","U","194.2",",U","12.07",",U","18.48",",,,U","5.65",",,,U"
"USR0000ALIV","2001-09","65.4236","-148.7217","137.2","LIVENGOOD ALASKA, AK US","","","0.0",",U","0",",U","24",",U","0",",U","0",",U","0",",U","20010925",",,U","20010910",",,U","-6.1",",U,25,","20.6",",U,10,","681.3","U","353.2",",U","6.56",",U","14.82",",,,U","-1.70",",,,U"
"USR0000ALIV","2001-10","65.4236","-148.7217","137.2","LIVENGOOD ALASKA, AK US","","","0.0",",U","1",",U","30",",U","21",",U","0",",U","0",",U","20011031",",,U","20011005",",,U","-23.9",",U,31,","8.9",",U,05,","1435.1","U","753.8",",U","-5.98",",U","-2.76",",,,U","-9.20",",,,U"
"USR0000ALIV","2001-11","65.4236","-148.7217","137.2","LIVENGOOD ALASKA, AK US","","","0.0",",U","15",",U","30",",U","30",",U","0",",U","0",",U","20011117",",,U","20011102",",,U","-29.4",",U,17,","-7.2",",U,02,","2465.1","U","1030.0",",U","-16.00",",U","-13.40",",,,U","-18.60",",,,U"
"USR0000ALIV","2001-12","65.4236","-148.7217","137.2","LIVENGOOD ALASKA, AK US","","","0.0",",U","27",",U","31",",U","31",",U","0",",U","0",",U","20011219",",,U","20011230",",,U","-39.4",",U,19,","-6.7",",U,30,","3729.7","U","1264.6",",U","-22.46",",U","-18.44",",,,U","-26.48",",,,U"
"USR0000ALIV","2002-01","65.4236","-148.7217","137.2","LIVENGOOD ALASKA, AK US","0.0","U","0.0",",U","25",",U","31",",U","31",",U","0",",U","0",",U","20020125",",,U","20020117",",,U","-43.9",",U,25,","-6.1",",U,17,","4890.8","U","1161.1",",U","-19.12",",U","-15.40",",,,U","-22.85",",,,U"
"USR0000ALIV","2002-02","65.4236","-148.7217","137.2","LIVENGOOD ALASKA, AK US","0.0","U","0.0",",U","22",",U","28",",U","28",",U","0",",U","0",",U","20020221",",,U","20020228","+,,U","-36.7",",U,21,","-6.7",",U,28,+","5930.1","U","1039.3",",U","-18.79",",U","-14.40",",,,U","-23.17",",,,U"
"USR0000ALIV","2002-03","65.4236","-148.7217","137.2","LIVENGOOD ALASKA, AK US","0.0","U","0.0",",U","21",",U","31",",U","26",",U","0",",U","0",",U","20020331",",,U","20020319",",,U","-31.1",",U,31,","7.2",",U,19,","6880.9","U","950.8",",U","-12.34",",U","-4.30",",,,U","-20.37",",,,U"
"USR0000ALIV","2002-04","65.4236","-148.7217","137.2","LIVENGOOD ALASKA, AK US","0.0","U","0.0",",U","13",",U","25",",U","10",",U","0",",U","0",",U","20020412",",,U","20020430",",,U","-28.3",",U,12,","12.8",",U,30,","7579.2","U","698.3",",U","-4.95",",U","2.81",",,,U","-12.70",",,,U"
"USR0000ALIV","2002-05","65.4236","-148.7217","137.2","LIVENGOOD ALASKA, AK US","3.1","U","3.1",",U","0",",U","17",",U","0",",U","9",",U","0",",U","20020504",",,U","20020524",",,U","-9.4",",U,04,","30.0",",U,24,","7890.1","U","310.9",",U","8.40",",U","16.40",",,,U","0.41",",,,U"
"USR0000ALIV","2002-06","65.4236","-148.7217","137.2","LIVENGOOD ALASKA, AK US","3.1","U","0.0",",U","0",",U","4",",U","0",",U","19",",U","0",",U","20020622",",,U","20020616",",,U","-2.8",",U,22,","27.8",",U,16,","8057.6","U","167.5",",U","12.75",",U","21.18",",,,U","4.31",",,,U"
"USR0000ALIV","2002-07","65.4236","-148.7217","137.2","LIVENGOOD ALASKA, AK US","10.3","U","7.2",",U","0",",U","0",",U","0",",U","22",",U","0",",U","20020710",",,U","20020724","+,,U","1.1",",U,10,","28.9",",U,24,+","111.9","U","111.9",",U","14.96",",U","22.65",",,,U","7.26",",,,U"
"USR0000ALIV","2002-08","65.4236","-148.7217","137.2","LIVENGOOD ALASKA, AK US","10.3","U","0.0",",U","0",",U","10",",U","0",",U","7",",U","0",",U","20020815",",,U","20020804",",,U","-3.9",",U,15,","30.6",",U,04,","355.0","U","243.1",",U","10.49",",U","18.25",",,,U","2.74",",,,U"
"USR0000ALIV","2002-09","65.4236","-148.7217","137.2","LIVENGOOD ALASKA, AK US","10.3","U","0.0",",U","0",",U","18",",U","0",",U","0",",U","0",",U","20020921",",,U","20020905",",,U","-7.8",",U,21,","20.6",",U,05,","699.3","U","344.3",",U","6.86",",U","13.48",",,,U","0.23",",,,U"
"USR0000ALIV","2002-10","65.4236","-148.7217","137.2","LIVENGOOD ALASKA, AK US","10.3","U","0.0",",U","0",",U","30",",U","11",",U","0",",U","0",",U","20021017",",,U","20021006",",,U","-17.2",",U,17,","8.3",",U,06,","1360.2","U","660.9",",U","-2.99",",U","1.74",",,,U","-7.71",",,,U"
"USR0000ALIV","2002-11","65.4236","-148.7217","137.2","LIVENGOOD ALASKA, AK US","10.3","U","0.0",",U","1",",U","30",",U","27",",U","0",",U","0",",U","20021111",",,U","20021129",",,U","-21.7",",U,11,","2.8",",U,29,","2203.2","U","843.0",",U","-9.77",",U","-7.12",",,,U","-12.41",",,,U"
"USR0000ALIV","2002-12","65.4236","-148.7217","137.2","LIVENGOOD ALASKA, AK US","10.3","U","0.0",",U","13",",U","31",",U","31",",U","0",",U","0",",U","20021231","+,,U","20021201",",,U","-28.9",",U,31,+","-1.7",",U,01,","3220.4","U","1017.2",",U","-14.48",",U","-11.66",",,,U","-17.30",",,,U"
"USR0000ALIV","2003-01","65.4236","-148.7217","137.2","LIVENGOOD ALASKA, AK US","0.0","U","0.0","2,U","24","1,U","30","1,U","30","1,U","0","1,U","0","1,U","20030107",",1,U","20030119","+,1,U","-43.3","1,U,07,","-8.3","1,U,19,+","4322.2","U","1101.8","1,U","-20.01","2,U","-16.14","1,,,U","-23.89","1,,,U"
"USR0000ALIV","2003-02","65.4236","-148.7217","137.2","LIVENGOOD ALASKA, AK US","0.0","U","0.0",",U","15",",U","28",",U","25",",U","0",",U","0",",U","20030222",",,U","20030209",",,U","-28.9",",U,22,","2.2",",U,09,","5230.9","U","908.7",",U","-14.12",",U","-10.78",",,,U","-17.46",",,,U"
"USR0000ALIV","2003-03","65.4236","-148.7217","137.2","LIVENGOOD ALASKA, AK US","0.0","U","0.0",",U","20",",U","31",",U","27",",U","0",",U","0",",U","20030312",",,U","20030324","+,,U","-38.3",",U,12,","3.3",",U,24,+","6222.5","U","991.6",",U","-13.65",",U","-7.27",",,,U","-20.04",",,,U"
"USR0000ALIV","2003-04","65.4236","-148.7217","137.2","LIVENGOOD ALASKA, AK US","0.0","U","0.0",",U","5",",U","28",",U","8",",U","0",",U","0",",U","20030402",",,U","20030425",",,U","-30.0",",U,02,","18.9",",U,25,","6822.3","U","599.8",",U","-1.66",",U","5.90",",,,U","-9.23",",,,U"
"USR0000ALIV","2003-05","65.4236","-148.7217","137.2","LIVENGOOD ALASKA, AK US","0.0","U","0.0",",U","0",",U","20",",U","0",",U","2",",U","0",",U","20030517",",,U","20030531",",,U","-8.3",",U,17,","21.7",",U,31,","7194.6","U","372.3",",U","6.32",",U","13.62",",,,U","-0.97",",,,U"
"USR0000ALIV","2003-06","65.4236","-148.7217","137.2","LIVENGOOD ALASKA, AK US","0.0","U","0.0",",U","0",",U","1",",U","0",",U","20",",U","0",",U","20030604",",,U","20030610",",,U","0.0",",U,04,","28.9",",U,10,","7332.6","U","138.0",",U","13.73",",U","21.67",",,,U","5.80",",,,U"
"USR0000ALIV","2003-07","65.4236","-148.7217","137.2","LIVENGOOD ALASKA, AK US","2.3","U","2.3",",U","0",",U","3",",U","0",",U","16",",U","0",",U","20030718",",,U","20030720",",,U","-2.8",",U,18,","30.6",",U,20,","130.6","U","130.6",",U","14.19",",U","21.29",",,,U","7.09",",,,U"
"USR0000ALIV","2003-08","65.4236","-148.7217","137.2","LIVENGOOD ALASKA, AK US","2.9","U","0.6",",U","0",",U","6",",U","0",",U","11",",U","0",",U","20030820","+,,U","20030810",",,U","-1.7",",U,20,+","27.8",",U,10,","330.9","U","200.3",",U","11.89",",U","19.05",",,,U","4.73",",,,U"
"USR0000ALIV","2003-09","65.4236","-148.7217","137.2","LIVENGOOD ALASKA, AK US","2.9","U","0.0",",U","0",",U","19",",U","0",",U","0",",U","0",",U","20030923","+,,U","20030930",",,U","-10.0",",U,23,+","17.8",",U,30,","761.5","U","430.6",",U","3.98",",U","9.83",",,,U","-1.87",",,,U"
"USR0000ALIV","2003-10","65.4236","-148.7217","137.2","LIVENGOOD ALASKA, AK US","2.9","U","0.0",",U","0",",U","26",",U","16",",U","1",",U","0",",U","20031029",",,U","20031001",",,U","-14.4",",U,29,","21.7",",U,01,","1354.9","U","593.4",",U","-0.81",",U","2.87",",,,U","-4.49",",,,U"
"USR0000ALIV","2003-11","65.4236","-148.7217","137.2","LIVENGOOD ALASKA, AK US","2.9","U","0.0","2,U","15","1,U","29","1,U","25","1,U","0","1,U","0","1,U","20031126",",1,U","20031108","+,1,U","-38.3","1,U,26,","1.1","1,U,08,+","2278.3","U","923.4","1,U","-14.88","2,U","-11.32","1,,,U","-18.43","1,,,U"
"USR0000ALIV","2003-12","65.4236","-148.7217","137.2","LIVENGOOD ALASKA, AK US","2.9","U","0.0",",U","28",",U","31",",U","31",",U","0",",U","0",",U","20031202",",,U","20031230",",,U","-43.9",",U,02,","-10.0",",U,30,","3511.6","U","1233.3",",U","-21.45",",U","-17.79",",,,U","-25.11",",,,U"
"USR0000ALIV","2004-01","65.4236","-148.7217","137.2","LIVENGOOD ALASKA, AK US","","","","","26","4,U","27","4,U","27","4,U","0","4,U","0","4,U","20040106",",4,U","20040111",",4,U","-37.2","4,U,06,","-13.3","4,U,11,","","","","","-24.12","7,U","-20.00","4,,,U","-28.23","4,,,U"
"USR0000ALIV","2004-02","65.4236","-148.7217","137.2","LIVENGOOD ALASKA, AK US","","","0.0",",U","23",",U","29",",U","29",",U","0",",U","0",",U","20040207",",,U","20040226",",,U","-31.7",",U,07,","-9.4",",U,26,","","","1088.0",",U","-19.18",",U","-16.46",",,,U","-21.91",",,,U"
"USR0000ALIV","2004-03","65.4236","-148.7217","137.2","LIVENGOOD ALASKA, AK US","","","0.0",",U","26",",U","31",",U","26",",U","0",",U","0",",U","20040320",",,U","20040322",",,U","-33.9",",U,20,","10.0",",U,22,","","","1060.3",",U","-15.87",",U","-9.53",",,,U","-22.21",",,,U"
"USR0000ALIV","2004-04","65.4236","-148.7217","137.2","LIVENGOOD ALASKA, AK US","","","0.0",",U","2",",U","29",",U","3",",U","0",",U","0",",U","20040401",",,U","20040426","+,,U","-33.9",",U,01,","15.0",",U,26,+","","","552.5",",U","-0.09",",U","6.88",",,,U","-7.05",",,,U"
"USR0000ALIV","2004-05","65.4236","-148.7217","137.2","LIVENGOOD ALASKA, AK US","","","0.0",",U","0",",U","11",",U","0",",U","8",",U","0",",U","20040505",",,U","20040515",",,U","-3.9",",U,05,","25.0",",U,15,","","","263.9",",U","9.82",",U","17.06",",,,U","2.58",",,,U"
"USR0000ALIV","2004-06","65.4236","-148.7217","137.2","LIVENGOOD ALASKA, AK US","","","34.1",",U","0",",U","0",",U","0",",U","28",",U","1",",U","20040602",",,U","20040620",",,U","1.7",",U,02,","32.8",",U,20,","","","40.0",",U","18.14",",U","26.51",",,,U","9.76",",,,U"
"USR0000ALIV","2004-07","65.4236","-148.7217","137.2","LIVENGOOD ALASKA, AK US","","","19.9","1,U","0","1,U","1","1,U","0","1,U","29","1,U","2","1,U","20040709",",1,U","20040714","+,1,U","0.0","1,U,09,","32.2","1,U,14,+","51.7","U","51.7","1,U","17.28","1,U","25.37","1,,,U","9.18","1,,,U"
"USR0000ALIV","2004-08","65.4236","-148.7217","137.2","LIVENGOOD ALASKA, AK US","","","9.2",",U","0",",U","4",",U","0",",U","22",",U","0",",U","20040829",",,U","20040816",",,U","-5.6",",U,29,","31.1",",U,16,","169.5","U","117.8",",U","14.83",",U","23.17",",,,U","6.48",",,,U"
"USR0000ALIV","2004-09","65.4236","-148.7217","137.2","LIVENGOOD ALASKA, AK US","","","0.0",",U","0",",U","28",",U","0",",U","0",",U","0",",U","20040929",",,U","20040909",",,U","-15.0",",U,29,","18.9",",U,09,","670.9","U","501.4",",U","1.62",",U","8.67",",,,U","-5.43",",,,U"
"USR0000ALIV","2004-10","65.4236","-148.7217","137.2","LIVENGOOD ALASKA, AK US","","","0.0",",U","1",",U","30",",U","19",",U","0",",U","0",",U","20041030",",,U","20041004",",,U","-20.0",",U,30,","7.2",",U,04,","1330.6","U","659.7",",U","-2.95",",U","-0.21",",,,U","-5.68",",,,U"
"USR0000ALIV","2004-11","65.4236","-148.7217","137.2","LIVENGOOD ALASKA, AK US","","","0.0",",U","18",",U","30",",U","30",",U","0",",U","0",",U","20041109","+,,U","20041130",",,U","-29.4",",U,09,+","-6.7",",U,30,","2380.4","U","1049.8",",U","-16.66",",U","-12.75",",,,U","-20.58",",,,U"
"USR0000ALIV","2004-12","65.4236","-148.7217","137.2","LIVENGOOD ALASKA, AK US","","","0.0","4,U","21","2,U","29","2,U","29","2,U","0","2,U","0","2,U","20041224",",2,U","20041201",",2,U","-47.8","2,U,24,","-6.7","2,U,01,","3409.2","U","1028.8","2,U","-20.29","4,U","-16.62","2,,,U","-23.97","2,,,U"
"USR0000ALIV","2005-01","65.4236","-148.7217","137.2","LIVENGOOD ALASKA, AK US","","","","","","","","","27","4,U","0","4,U","0","4,U","","","20050106",",4,U","","","0.0","4,U,06,","","","","","","","-15.75","4,,,U","",""
"USR0000ALIV","2005-02","65.4236","-148.7217","137.2","LIVENGOOD ALASKA, AK US","","","0.0","1,U","17","1,U","27","1,U","28",",U","0",",U","0",",U","20050202",",1,U","20050209",",,U","-45.6","1,U,02,","-6.1",",U,09,","","","1041.4",",U","-20.16","1,U","-15.43",",,,U","-24.89","1,,,U"
"USR0000ALIV","2005-03","65.4236","-148.7217","137.2","LIVENGOOD ALASKA, AK US","","","0.0","1,U","11",",U","31",",U","23","1,U","0","1,U","0","1,U","20050324","+,,U","20050314",",1,U","-23.9",",U,24,+","5.0","1,U,14,","","","861.8","1,U","-10.42","1,U","-4.88","1,,,U","-15.97",",,,U"
"USR0000ALIV","2005-04","65.4236","-148.7217","137.2","LIVENGOOD ALASKA, AK US","","","0.0",",U","3",",U","26",",U","7",",U","0",",U","0",",U","20050419",",,U","20050430",",,U","-28.3",",U,19,","18.9",",U,30,","","","599.2",",U","-1.64",",U","5.96",",,,U","-9.24",",,,U"
"USR0000ALIV","2005-05","65.4236","-148.7217","137.2","LIVENGOOD ALASKA, AK US","","","0.0","1,U","0",",U","8",",U","0","1,U","12","1,U","0","1,U","20050506","+,,U","20050527",",1,U","-3.3",",U,06,+","26.1","1,U,27,","","","196.8","1,U","11.76","1,U","19.75","1,,,U","3.76",",,,U"
"USR0000ALIV","2005-06","65.4236","-148.7217","137.2","LIVENGOOD ALASKA, AK US","","","14.5",",U","0",",U","0",",U","0",",U","21",",U","0",",U","20050603",",,U","20050628",",,U","0.6",",U,03,","30.6",",U,28,","","","94.0",",U","15.68",",U","23.83",",,,U","7.54",",,,U"
"USR0000ALIV","2005-07","65.4236","-148.7217","137.2","LIVENGOOD ALASKA, AK US","","","1.7",",U","0",",U","0",",U","0",",U","24",",U","0",",U","20050723",",,U","20050726","+,,U","1.7",",U,23,","27.2",",U,26,+","91.8","U","91.8",",U","15.43",",U","22.95",",,,U","7.90",",,,U"
"USR0000ALIV","2005-08","65.4236","-148.7217","137.2","LIVENGOOD ALASKA, AK US","","","2.5",",U","0",",U","7",",U","0",",U","14",",U","0",",U","20050826",",,U","20050810",",,U","-2.2",",U,26,","30.6",",U,10,","290.2","U","198.4",",U","12.01",",U","20.32",",,,U","3.71",",,,U"
"USR0000ALIV","2005-09","65.4236","-148.7217","137.2","LIVENGOOD ALASKA, AK US","","","0.0",",U","0",",U","11",",U","0",",U","0",",U","0",",U","20050902",",,U","20050911",",,U","-7.8",",U,02,","18.3",",U,11,","654.8","U","364.6",",U","6.18",",U","11.38",",,,U","0.98",",,,U"
"USR0000ALIV","2005-10","65.4236","-148.7217","137.2","LIVENGOOD ALASKA, AK US","","","0.0",",U","1",",U","29",",U","16",",U","0",",U","0",",U","20051031",",,U","20051019","+,,U","-22.8",",U,31,","6.1",",U,19,+","1338.0","U","683.2",",U","-3.71",",U","-0.41",",,,U","-7.01",",,,U"
"USR0000ALIV","2005-11","65.4236","-148.7217","137.2","LIVENGOOD ALASKA, AK US","","","0.0",",U","26",",U","30",",U","30",",U","0",",U","0",",U","20051128",",,U","20051109",",,U","-40.0",",U,28,","-10.6",",U,09,","2505.8","U","1167.8",",U","-20.60",",U","-17.22",",,,U","-23.97",",,,U"
"USR0000ALIV","2005-12","65.4236","-148.7217","137.2","LIVENGOOD ALASKA, AK US","","","0.0","2,U","15","2,U","29","2,U","30","1,U","0","1,U","0","1,U","20051213",",2,U","20051211",",1,U","-35.6","2,U,13,","-1.1","1,U,11,","3488.5","U","982.7","1,U","-15.54","2,U","-12.44","1,,,U","-18.64","2,,,U"
"USR0000ALIV","2006-06","65.4236","-148.7217","137.2","LIVENGOOD ALASKA, AK US","","","2.5",",U","0",",U","6",",U","0",",U","21",",U","0",",U","20060606",",,U","20060615","+,,U","-3.9",",U,06,","26.1",",U,15,+","","","154.4",",U","13.27",",U","20.94",",,,U","5.60",",,,U"
"USR0000ALIV","2006-07","65.4236","-148.7217","137.2","LIVENGOOD ALASKA, AK US","","","0.0",",U","0",",U","0",",U","0",",U","17",",U","0",",U","20060728",",,U","20060724",",,U","0.6",",U,28,","29.4",",U,24,","115.0","","115.0",",U","14.62",",U","21.59",",,,U","7.66",",,,U"
"USR0000ALIV","2006-08","65.4236","-148.7217","137.2","LIVENGOOD ALASKA, AK US","","","0.0",",U","0",",U","8",",U","0",",U","6",",U","0",",U","20060830",",,U","20060803",",,U","-2.8",",U,30,","24.4",",U,03,","344.5","","229.5",",U","10.93",",U","18.05",",,,U","3.81",",,,U"
"USR0000ALIV","2006-09","65.4236","-148.7217","137.2","LIVENGOOD ALASKA, AK US","","","0.0",",U","0",",U","20",",U","0",",U","5",",U","0",",U","20060925",",,U","20060914","+,,U","-5.6",",U,25,","22.2",",U,14,+","665.3","","320.8",",U","7.64",",U","15.54",",,,U","-0.26",",,,U"
"USR0000ALIV","2006-10","65.4236","-148.7217","137.2","LIVENGOOD ALASKA, AK US","","","0.0",",U","0",",U","30",",U","10",",U","0",",U","0",",U","20061027",",,U","20061010",",,U","-15.0",",U,27,","15.6",",U,10,","1265.5","","600.2",",U","-1.03",",U","2.89",",,,U","-4.94",",,,U"
"USR0000ALIV","2007-06","65.4236","-148.7217","137.2","LIVENGOOD ALASKA, AK US","","","9.1","1,U","0",",U","0",",U","0","1,U","22","1,U","0","1,U","20070627",",,U","20070629","+,1,U","2.8",",U,27,","29.4","1,U,29,+","","","94.1","1,U","15.54","1,U","23.25","1,,,U","7.83",",,,U"
"USR0000ALIV","2007-07","65.4236","-148.7217","137.2","LIVENGOOD ALASKA, AK US","","","10.3",",U","0",",U","0",",U","0",",U","27",",U","0",",U","20070717",",,U","20070720","+,,U","2.8",",U,17,","29.4",",U,20,+","48.8","U","48.8",",U","17.09",",U","25.12",",,,U","9.07",",,,U"
"USR0000ALIV","2007-08","65.4236","-148.7217","137.2","LIVENGOOD ALASKA, AK US","","","2.2",",U","0",",U","4",",U","0",",U","23",",U","0",",U","20070831","+,,U","20070818","+,,U","-1.7",",U,31,+","28.9",",U,18,+","177.4","U","128.6",",U","14.26",",U","22.56",",,,U","5.96",",,,U"
"USR0000ALIV","2007-09","65.4236","-148.7217","137.2","LIVENGOOD ALASKA, AK US","","","0.0",",U","0",",U","17",",U","0",",U","4",",U","0",",U","20070922",",,U","20070912",",,U","-8.3",",U,22,","22.8",",U,12,","521.8","U","344.4",",U","6.85",",U","13.22",",,,U","0.48",",,,U"
"USR0000ALIV","2007-10","65.4236","-148.7217","137.2","LIVENGOOD ALASKA, AK US","","","0.0",",U","0",",U","31",",U","27",",U","0",",U","0",",U","20071016",",,U","20071002","+,,U","-13.9",",U,16,","4.4",",U,02,+","1264.5","U","742.7",",U","-5.63",",U","-2.94",",,,U","-8.31",",,,U"
"USR0000ALIV","2008-02","65.4236","-148.7217","137.2","LIVENGOOD ALASKA, AK US","","","0.0","2,U","23","1,U","28","1,U","25","1,U","0","1,U","0","1,U","20080207",",1,U","20080220",",1,U","-41.1","1,U,07,","8.9","1,U,20,","","","1035.3","1,U","-20.41","2,U","-15.30","1,,,U","-25.52","1,,,U"
"USR0000ALIV","2008-03","65.4236","-148.7217","137.2","LIVENGOOD ALASKA, AK US","","","0.0",",U","16",",U","31",",U","29",",U","0",",U","0",",U","20080301",",,U","20080331",",,U","-26.7",",U,01,","5.0",",U,31,","","","976.5",",U","-13.17",",U","-8.65",",,,U","-17.68",",,,U"
"USR0000ALIV","2008-04","65.4236","-148.7217","137.2","LIVENGOOD ALASKA, AK US","","","0.0",",U","6",",U","26",",U","8",",U","0",",U","0",",U","20080417",",,U","20080420",",,U","-25.0",",U,17,","15.6",",U,20,","","","593.6",",U","-1.45",",U","4.84",",,,U","-7.75",",,,U"
"USR0000ALIV","2008-05","65.4236","-148.7217","137.2","LIVENGOOD ALASKA, AK US","","","0.0",",U","0",",U","14",",U","0",",U","1",",U","0",",U","20080528",",,U","20080523",",,U","-3.9",",U,28,","21.7",",U,23,","","","322.8",",U","7.92",",U","15.20",",,,U","0.64",",,,U"
"USR0000ALIV","2008-06","65.4236","-148.7217","137.2","LIVENGOOD ALASKA, AK US","","","0.0",",U","0",",U","1",",U","0",",U","18",",U","0",",U","20080602",",,U","20080622",",,U","0.0",",U,02,","28.9",",U,22,","","","136.3",",U","13.79",",U","21.48",",,,U","6.10",",,,U"
"USR0000ALIV","2008-07","65.4236","-148.7217","137.2","LIVENGOOD ALASKA, AK US","","","5.6",",U","0",",U","1",",U","0",",U","14",",U","0",",U","20080723",",,U","20080707",",,U","-1.1",",U,23,","29.4",",U,07,","128.8","U","128.8",",U","14.36",",U","20.68",",,,U","8.04",",,,U"
"USR0000ALIV","2008-08","65.4236","-148.7217","137.2","LIVENGOOD ALASKA, AK US","","","0.0",",U","0",",U","9",",U","0",",U","4",",U","0",",U","20080831",",,U","20080812",",,U","-3.3",",U,31,","22.2",",U,12,","369.2","U","240.4",",U","10.58",",U","17.57",",,,U","3.59",",,,U"
"USR0000ALIV","2008-09","65.4236","-148.7217","137.2","LIVENGOOD ALASKA, AK US","","","0.0",",U","0",",U","20",",U","1",",U","1",",U","0",",U","20080929","+,,U","20080902",",,U","-7.8",",U,29,+","22.8",",U,02,","771.3","U","402.1",",U","4.93",",U","11.15",",,,U","-1.29",",,,U"
"USR0000ALIV","2008-10","65.4236","-148.7217","137.2","LIVENGOOD ALASKA, AK US","","","0.0",",U","10",",U","31",",U","22",",U","0",",U","0",",U","20081027",",,U","20081011",",,U","-30.6",",U,27,","7.8",",U,11,","1645.8","U","874.5",",U","-9.88",",U","-5.77",",,,U","-13.98",",,,U"
"USR0000ALIV","2008-11","65.4236","-148.7217","137.2","LIVENGOOD ALASKA, AK US","","","0.0",",U","15",",U","30",",U","30",",U","0",",U","0",",U","20081119",",,U","20081104",",,U","-32.2",",U,19,","-6.1",",U,04,","2670.5","U","1024.7",",U","-15.82",",U","-12.39",",,,U","-19.26",",,,U"
"USR0000ALIV","2008-12","65.4236","-148.7217","137.2","LIVENGOOD ALASKA, AK US","","","0.0","2,U","26","1,U","30","1,U","30","1,U","0","1,U","0","1,U","20081231",",1,U","20081218",",1,U","-42.8","1,U,31,","-9.4","1,U,18,","3789.0","U","1118.5","1,U","-20.73","2,U","-17.02","1,,,U","-24.44","1,,,U"
"USR0000ALIV","2009-01","65.4236","-148.7217","137.2","LIVENGOOD ALASKA, AK US","0.0","U","0.0",",U","24",",U","31",",U","28",",U","0",",U","0",",U","20090128",",,U","20090117","+,,U","-43.3",",U,28,","6.7",",U,17,+","5093.0","U","1304.0",",U","-23.73",",U","-19.33",",,,U","-28.14",",,,U"
"USR0000ALIV","2009-02","65.4236","-148.7217","137.2","LIVENGOOD ALASKA, AK US","0.0","U","0.0",",U","24",",U","28",",U","28",",U","0",",U","0",",U","20090203",",,U","20090223",",,U","-45.0",",U,03,","-1.7",",U,23,","6171.7","U","1078.7",",U","-20.19",",U","-13.24",",,,U","-27.15",",,,U"
"USR0000ALIV","2009-03","65.4236","-148.7217","137.2","LIVENGOOD ALASKA, AK US","0.0","U","0.0",",U","22",",U","31",",U","31",",U","0",",U","0",",U","20090302",",,U","20090331",",,U","-38.3",",U,02,","-0.6",",U,31,","7289.8","U","1118.1",",U","-17.74",",U","-12.89",",,,U","-22.58",",,,U"
"USR0000ALIV","2009-04","65.4236","-148.7217","137.2","LIVENGOOD ALASKA, AK US","0.0","U","0.0",",U","3",",U","28",",U","6",",U","1",",U","0",",U","20090402",",,U","20090430",",,U","-31.1",",U,02,","23.3",",U,30,","7883.2","U","593.4",",U","-1.45",",U","5.93",",,,U","-8.82",",,,U"
"USR0000ALIV","2009-05","65.4236","-148.7217","137.2","LIVENGOOD ALASKA, AK US","0.0","U","0.0",",U","0",",U","16",",U","0",",U","10",",U","0",",U","20090517",",,U","20090526",",,U","-5.0",",U,17,","26.7",",U,26,","8185.8","U","302.6",",U","8.57",",U","16.39",",,,U","0.75",",,,U"
"USR0000ALIV","2009-06","65.4236","-148.7217","137.2","LIVENGOOD ALASKA, AK US","0.0","U","0.0","2,U","0","1,U","3","1,U","0","1,U","18","1,U","0","1,U","20090626",",1,U","20090604",",1,U","-0.6","1,U,26,","30.0","1,U,04,","8319.3","U","133.5","1,U","13.56","2,U","21.83","1,,,U","5.28","1,,,U"
"USR0000ALIV","2009-07","65.4236","-148.7217","137.2","LIVENGOOD ALASKA, AK US","11.8","U","11.8",",U","0",",U","2",",U","0",",U","30",",U","2",",U","20090717","+,,U","20090713",",,U","0.0",",U,17,+","32.8",",U,13,","62.7","U","62.7",",U","16.69",",U","26.59",",,,U","6.79",",,,U"
"USR0000ALIV","2009-08","65.4236","-148.7217","137.2","LIVENGOOD ALASKA, AK US","11.8","U","0.0",",U","0",",U","11",",U","0",",U","4",",U","0",",U","20090820",",,U","20090803",",,U","-5.0",",U,20,","25.6",",U,03,","313.5","U","250.8",",U","10.24",",U","17.15",",,,U","3.34",",,,U"
"USR0000ALIV","2009-09","65.4236","-148.7217","137.2","LIVENGOOD ALASKA, AK US","11.8","U","0.0","1,U","0","1,U","14","1,U","0",",U","4",",U","0",",U","20090924",",1,U","20090905",",,U","-7.8","1,U,24,","25.0",",U,05,","626.2","U","312.7",",U","7.53","1,U","13.34",",,,U","1.72","1,,,U"
"USR0000ALIV","2009-10","65.4236","-148.7217","137.2","LIVENGOOD ALASKA, AK US","11.8","U","0.0",",U","0",",U","31",",U","13",",U","0",",U","0",",U","20091025",",,U","20091001",",,U","-15.0",",U,25,","10.6",",U,01,","1253.7","U","627.5",",U","-1.91",",U","1.63",",,,U","-5.45",",,,U"
"USR0000ALIV","2009-11","65.4236","-148.7217","137.2","LIVENGOOD ALASKA, AK US","11.8","U","0.0",",U","22",",U","30",",U","30",",U","0",",U","0",",U","20091117",",,U","20091112",",,U","-37.8",",U,17,","-6.1",",U,12,","2372.8","U","1119.1",",U","-18.97",",U","-15.13",",,,U","-22.81",",,,U"
"USR0000ALIV","2009-12","65.4236","-148.7217","137.2","LIVENGOOD ALASKA, AK US","11.8","U","0.0","4,U","23","2,U","29","2,U","29","2,U","0","2,U","0","2,U","20091219",",2,U","20091206",",2,U","-41.1","2,U,19,","-5.6","2,U,06,","3382.3","U","1009.5","2,U","-19.34","4,U","-15.62","2,,,U","-23.07","2,,,U"
"USR0000ALIV","2010-01","65.4236","-148.7217","137.2","LIVENGOOD ALASKA, AK US","0.0","U","0.0",",U","28",",U","31",",U","31",",U","0",",U","0",",U","20100103",",,U","20100128",",,U","-38.9",",U,03,","-10.6",",U,28,","4674.1","U","1291.8",",U","-23.34",",U","-20.54",",,,U","-26.14",",,,U"
"USR0000ALIV","2010-02","65.4236","-148.7217","137.2","LIVENGOOD ALASKA, AK US","0.0","U","0.0",",U","17",",U","28",",U","26",",U","0",",U","0",",U","20100204",",,U","20100220","+,,U","-40.0",",U,04,","0.6",",U,20,+","5671.3","U","997.2",",U","-17.28",",U","-11.96",",,,U","-22.60",",,,U"
"USR0000ALIV","2010-03","65.4236","-148.7217","137.2","LIVENGOOD ALASKA, AK US","0.0","U","0.0",",U","15",",U","31",",U","28",",U","0",",U","0",",U","20100313",",,U","20100330",",,U","-36.7",",U,13,","6.1",",U,30,","6641.2","U","969.9",",U","-12.95",",U","-6.50",",,,U","-19.41",",,,U"
"USR0000ALIV","2010-04","65.4236","-148.7217","137.2","LIVENGOOD ALASKA, AK US","0.0","U","0.0",",U","2",",U","25",",U","1",",U","0",",U","0",",U","20100409",",,U","20100428","+,,U","-22.2",",U,09,","18.3",",U,28,+","7156.0","U","514.8",",U","1.17",",U","8.47",",,,U","-6.12",",,,U"
"USR0000ALIV","2010-05","65.4236","-148.7217","137.2","LIVENGOOD ALASKA, AK US","0.0","U","0.0",",U","0",",U","12",",U","0",",U","13",",U","0",",U","20100508",",,U","20100530",",,U","-6.7",",U,08,","28.9",",U,30,","7398.8","U","242.8",",U","10.50",",U","18.94",",,,U","2.06",",,,U"
"USR0000ALIV","2010-06","65.4236","-148.7217","137.2","LIVENGOOD ALASKA, AK US","0.0","U","0.0",",U","0",",U","0",",U","0",",U","17",",U","0",",U","20100617",",,U","20100624","+,,U","1.1",",U,17,","25.0",",U,24,+","7521.0","U","122.2",",U","14.26",",U","21.64",",,,U","6.87",",,,U"
"USR0000ALIV","2010-07","65.4236","-148.7217","137.2","LIVENGOOD ALASKA, AK US","5.3","U","5.3",",U","0",",U","0",",U","0",",U","21",",U","0",",U","20100716",",,U","20100709",",,U","0.6",",U,16,","31.1",",U,09,","107.2","U","107.2",",U","15.05",",U","22.75",",,,U","7.34",",,,U"
"USR0000ALIV","2010-08","65.4236","-148.7217","137.2","LIVENGOOD ALASKA, AK US","14.0","U","8.7",",U","0",",U","8",",U","0",",U","11",",U","1",",U","20100827",",,U","20100815",",,U","-3.9",",U,27,","34.4",",U,15,","273.5","U","166.3",",U","13.25",",U","21.63",",,,U","4.86",",,,U"
"USR0000ALIV","2010-09","65.4236","-148.7217","137.2","LIVENGOOD ALASKA, AK US","14.0","U","0.0",",U","1",",U","23",",U","0",",U","4",",U","0",",U","20100928",",,U","20100915","+,,U","-18.3",",U,28,","22.2",",U,15,+","644.6","U","371.1",",U","5.96",",U","14.30",",,,U","-2.38",",,,U"
"USR0000ALIV","2010-10","65.4236","-148.7217","137.2","LIVENGOOD ALASKA, AK US","14.0","U","0.0",",U","3",",U","31",",U","22",",U","0",",U","0",",U","20101014",",,U","20101003",",,U","-18.9",",U,14,","10.6",",U,03,","1360.4","U","715.8",",U","-4.76",",U","-0.59",",,,U","-8.93",",,,U"
"USR0000ALIV","2010-11","65.4236","-148.7217","137.2","LIVENGOOD ALASKA, AK US","14.0","U","0.0",",U","10",",U","30",",U","27",",U","0",",U","0",",U","20101116",",,U","20101125","+,,U","-31.1",",U,16,","0.6",",U,25,+","2232.9","U","872.5",",U","-10.75",",U","-6.76",",,,U","-14.74",",,,U"
"USR0000ALIV","2010-12","65.4236","-148.7217","137.2","LIVENGOOD ALASKA, AK US","14.0","U","0.0",",U","31",",U","31",",U","31",",U","0",",U","0",",U","20101223",",,U","20101205",",,U","-43.3",",U,23,","-15.0",",U,05,","3615.6","U","1382.7",",U","-26.27",",U","-23.03",",,,U","-29.51",",,,U"
"USR0000ALIV","2011-01","65.4236","-148.7217","137.2","LIVENGOOD ALASKA, AK US","0.0","U","0.0","2,U","24","1,U","30","1,U","30","1,U","0","1,U","0","1,U","20110123",",1,U","20110105","+,1,U","-46.7","1,U,23,","-6.1","1,U,05,+","4770.6","U","1155.0","1,U","-21.75","2,U","-17.24","1,,,U","-26.26","1,,,U"
"USR0000ALIV","2011-02","65.4236","-148.7217","137.2","LIVENGOOD ALASKA, AK US","0.0","U","0.0",",U","23",",U","28",",U","27",",U","0",",U","0",",U","20110215",",,U","20110225",",,U","-45.0",",U,15,","1.1",",U,25,","5887.7","U","1117.1",",U","-21.56",",U","-14.15",",,,U","-28.98",",,,U"
"USR0000ALIV","2011-03","65.4236","-148.7217","137.2","LIVENGOOD ALASKA, AK US","0.0","U","0.0",",U","23",",U","31",",U","23",",U","0",",U","0",",U","20110301",",,U","20110323",",,U","-35.0",",U,01,","7.2",",U,23,","6865.8","U","978.1",",U","-13.22",",U","-5.45",",,,U","-20.99",",,,U"
"USR0000ALIV","2011-04","65.4236","-148.7217","137.2","LIVENGOOD ALASKA, AK US","0.0","U","0.0","2,U","4","1,U","29","1,U","10","1,U","0","1,U","0","1,U","20110401",",1,U","20110426",",1,U","-30.6","1,U,01,","16.7","1,U,26,","7476.3","U","610.5","1,U","-3.73","2,U","2.91","1,,,U","-10.37","1,,,U"
"USR0000ALIV","2011-05","65.4236","-148.7217","137.2","LIVENGOOD ALASKA, AK US","0.0","U","0.0",",U","0",",U","18",",U","0",",U","14",",U","0",",U","20110508",",,U","20110528",",,U","-7.8",",U,08,","30.0",",U,28,","7769.6","U","293.3",",U","8.87",",U","17.58",",,,U","0.17",",,,U"
"USR0000ALIV","2011-06","65.4236","-148.7217","137.2","LIVENGOOD ALASKA, AK US","3.6","U","3.6",",U","0",",U","0",",U","0",",U","12",",U","0",",U","20110610",",,U","20110625",",,U","0.6",",U,10,","30.0",",U,25,","7909.6","U","140.0",",U","13.79",",U","20.46",",,,U","7.12",",,,U"
"USR0000ALIV","2011-07","65.4236","-148.7217","137.2","LIVENGOOD ALASKA, AK US","3.6","U","0.0",",U","0",",U","1",",U","0",",U","18",",U","0",",U","20110720",",,U","20110723","+,,U","0.0",",U,20,","26.7",",U,23,+","121.4","U","121.4",",U","14.42",",U","21.92",",,,U","6.91",",,,U"
"USR0000ALIV","2011-08","65.4236","-148.7217","137.2","LIVENGOOD ALASKA, AK US","3.6","U","0.0",",U","0",",U","5",",U","0",",U","10",",U","0",",U","20110806",",,U","20110804",",,U","-2.2",",U,06,","24.4",",U,04,","324.5","U","203.1",",U","11.78",",U","18.99",",,,U","4.57",",,,U"
"USR0000ALIV","2011-09","65.4236","-148.7217","137.2","LIVENGOOD ALASKA, AK US","3.6","U","0.0",",U","0",",U","15",",U","0",",U","2",",U","0",",U","20110928",",,U","20110914","+,,U","-6.7",",U,28,","21.1",",U,14,+","673.8","U","349.3",",U","6.69",",U","12.96",",,,U","0.41",",,,U"
"USR0000ALIV","2011-10","65.4236","-148.7217","137.2","LIVENGOOD ALASKA, AK US","3.6","U","0.0",",U","1",",U","31",",U","13",",U","0",",U","0",",U","20111031",",,U","20111004","+,,U","-23.3",",U,31,","11.1",",U,04,+","1345.5","U","671.7",",U","-3.34",",U","0.91",",,,U","-7.58",",,,U"
"USR0000ALIV","2011-11","65.4236","-148.7217","137.2","LIVENGOOD ALASKA, AK US","3.6","U","0.0",",U","26",",U","30",",U","30",",U","0",",U","0",",U","20111116",",,U","20111111",",,U","-41.1",",U,16,","-6.7",",U,11,","2550.3","U","1204.8",",U","-21.83",",U","-17.94",",,,U","-25.71",",,,U"
"USR0000ALIV","2011-12","65.4236","-148.7217","137.2","LIVENGOOD ALASKA, AK US","3.6","U","0.0","4,U","23","2,U","29","2,U","29","2,U","0","2,U","0","2,U","20111231",",2,U","20111204",",2,U","-43.9","2,U,31,","-1.1","2,U,04,","3539.0","U","988.7","2,U","-18.07","4,U","-13.36","2,,,U","-22.78","2,,,U"
"USR0000ALIV","2012-01","65.4236","-148.7217","137.2","LIVENGOOD ALASKA, AK US","0.0","U","0.0","4,U","29","2,U","29","2,U","29","2,U","0","2,U","0","2,U","20120128","+,2,U","20120120","+,2,U","-48.9","2,U,28,+","-15.0","2,U,20,+","4930.2","U","1391.2","2,U","-33.36","4,U","-27.78","2,,,U","-38.93","2,,,U"
"USR0000ALIV","2012-02","65.4236","-148.7217","137.2","LIVENGOOD ALASKA, AK US","0.0","U","0.0",",U","23",",U","29",",U","29",",U","0",",U","0",",U","20120204",",,U","20120210",",,U","-40.0",",U,04,","-1.7",",U,10,","5935.3","U","1005.1",",U","-16.33",",U","-11.23",",,,U","-21.42",",,,U"
"USR0000ALIV","2012-03","65.4236","-148.7217","137.2","LIVENGOOD ALASKA, AK US","0.0","U","0.0","1,U","22","1,U","30","1,U","30","1,U","0","1,U","0","1,U","20120305",",1,U","20120329",",1,U","-37.2","1,U,05,","-1.7","1,U,29,","6996.5","U","1061.2","1,U","-17.04","1,U","-12.65","1,,,U","-21.43","1,,,U"
"USR0000ALIV","2012-04","65.4236","-148.7217","137.2","LIVENGOOD ALASKA, AK US","0.0","U","0.0",",U","3",",U","30",",U","4",",U","0",",U","0",",U","20120404",",,U","20120423",",,U","-24.4",",U,04,","15.0",",U,23,","7534.8","U","538.3",",U","0.39",",U","7.28",",,,U","-6.50",",,,U"
"USR0000ALIV","2012-05","65.4236","-148.7217","137.2","LIVENGOOD ALASKA, AK US","0.0","U","0.0",",U","0",",U","19",",U","1",",U","6",",U","0",",U","20120502",",,U","20120531","+,,U","-13.3",",U,02,","21.7",",U,31,+","7884.7","U","349.9",",U","7.05",",U","14.84",",,,U","-0.75",",,,U"
"USR0000ALIV","2012-06","65.4236","-148.7217","137.2","LIVENGOOD ALASKA, AK US","2.0","U","2.0",",U","0",",U","0",",U","0",",U","21",",U","0",",U","20120617",",,U","20120623",",,U","2.8",",U,17,","30.0",",U,23,","7980.2","U","95.5",",U","15.21",",U","22.76",",,,U","7.67",",,,U"
"USR0000ALIV","2012-07","65.4236","-148.7217","137.2","LIVENGOOD ALASKA, AK US","4.5","U","2.5",",U","0",",U","1",",U","0",",U","18",",U","0",",U","20120709",",,U","20120726","+,,U","-1.1",",U,09,","27.8",",U,26,+","130.1","U","130.1",",U","14.22",",U","21.22",",,,U","7.22",",,,U"
"USR0000ALIV","2012-08","65.4236","-148.7217","137.2","LIVENGOOD ALASKA, AK US","4.5","U","0.0",",U","0",",U","6",",U","0",",U","12",",U","0",",U","20120822",",,U","20120814","+,,U","-3.3",",U,22,","25.6",",U,14,+","343.2","U","213.1",",U","11.46",",U","18.91",",,,U","4.01",",,,U"
"USR0000ALIV","2012-09","65.4236","-148.7217","137.2","LIVENGOOD ALASKA, AK US","4.5","U","0.0",",U","0",",U","15",",U","0",",U","0",",U","0",",U","20120930","+,,U","20120923",",,U","-7.8",",U,30,+","19.4",",U,23,","725.8","U","382.6",",U","5.58",",U","11.38",",,,U","-0.23",",,,U"
"USR0000ALIV","2012-10","65.4236","-148.7217","137.2","LIVENGOOD ALASKA, AK US","4.5","U","0.0","2,U","7","1,U","29","1,U","20","1,U","0","1,U","0","1,U","20121023",",1,U","20121003",",1,U","-26.1","1,U,23,","12.8","1,U,03,","1424.9","U","699.1","1,U","-5.95","2,U","-1.43","1,,,U","-10.47","1,,,U"
"USR0000ALIV","2012-11","65.4236","-148.7217","137.2","LIVENGOOD ALASKA, AK US","4.5","U","0.0",",U","24",",U","30",",U","30",",U","0",",U","0",",U","20121113",",,U","20121101",",,U","-33.3",",U,13,","-6.1",",U,01,","2568.4","U","1143.5",",U","-19.79",",U","-16.42",",,,U","-23.15",",,,U"
"USR0000ALIV","2012-12","65.4236","-148.7217","137.2","LIVENGOOD ALASKA, AK US","4.5","U","0.0","1,U","30",",U","31",",U","30","1,U","0","1,U","0","1,U","20121216",",,U","20121231","+,1,U","-46.7",",U,16,","-11.1","1,U,31,+","3852.8","U","1284.4","1,U","-24.79","1,U","-21.24","1,,,U","-28.33",",,,U"
"USR0000ALIV","2013-01","65.4236","-148.7217","137.2","LIVENGOOD ALASKA, AK US","0.0","U","0.0",",U","24",",U","31",",U","31",",U","0",",U","0",",U","20130128",",,U","20130114",",,U","-46.1",",U,28,","-3.3",",U,14,","5038.3","U","1185.5",",U","-19.91",",U","-16.08",",,,U","-23.74",",,,U"
"USR0000ALIV","2013-02","65.4236","-148.7217","137.2","LIVENGOOD ALASKA, AK US","0.0","U","0.0",",U","23",",U","28",",U","28",",U","0",",U","0",",U","20130218",",,U","20130211",",,U","-35.6",",U,18,","-8.9",",U,11,","6104.2","U","1065.9",",U","-19.74",",U","-16.51",",,,U","-22.96",",,,U"
"USR0000ALIV","2013-03","65.4236","-148.7217","137.2","LIVENGOOD ALASKA, AK US","0.0","U","0.0",",U","24",",U","31",",U","29",",U","0",",U","0",",U","20130328",",,U","20130330",",,U","-35.6",",U,28,","4.4",",U,30,","7163.4","U","1059.2",",U","-15.83",",U","-8.49",",,,U","-23.17",",,,U"
"USR0000ALIV","2013-04","65.4236","-148.7217","137.2","LIVENGOOD ALASKA, AK US","0.0","U","0.0",",U","12",",U","30",",U","18",",U","0",",U","0",",U","20130408",",,U","20130420",",,U","-31.7",",U,08,","14.4",",U,20,","7984.5","U","821.1",",U","-9.04",",U","-1.36",",,,U","-16.72",",,,U"
"USR0000ALIV","2013-05","65.4236","-148.7217","137.2","LIVENGOOD ALASKA, AK US","0.3","U","0.3",",U","0",",U","24",",U","3",",U","8",",U","0",",U","20130505",",,U","20130530","+,,U","-13.3",",U,05,","29.4",",U,30,+","8407.0","U","422.5",",U","4.71",",U","13.53",",,,U","-4.11",",,,U"
"USR0000ALIV","2013-06","65.4236","-148.7217","137.2","LIVENGOOD ALASKA, AK US","34.7","U","34.4",",U","0",",U","1",",U","0",",U","24",",U","0",",U","20130611",",,U","20130625","+,,U","-0.6",",U,11,","31.1",",U,25,+","8491.5","U","84.5",",U","16.67",",U","25.15",",,,U","8.18",",,,U"
"USR0000ALIV","2013-07","65.4236","-148.7217","137.2","LIVENGOOD ALASKA, AK US","39.4","U","4.7",",U","0",",U","0",",U","0",",U","22",",U","1",",U","20130722","+,,U","20130728",",,U","1.7",",U,22,+","32.2",",U,28,","90.1","U","90.1",",U","15.58",",U","23.49",",,,U","7.66",",,,U"
"USR0000ALIV","2013-08","65.4236","-148.7217","137.2","LIVENGOOD ALASKA, AK US","41.0","U","1.6",",U","0",",U","5",",U","0",",U","15",",U","0",",U","20130831",",,U","20130807",",,U","-5.6",",U,31,","30.6",",U,07,","267.8","U","177.7",",U","12.65",",U","20.88",",,,U","4.43",",,,U"
"USR0000ALIV","2013-09","65.4236","-148.7217","137.2","LIVENGOOD ALASKA, AK US","41.0","U","0.0",",U","0",",U","14",",U","0",",U","0",",U","0",",U","20130923",",,U","20130910",",,U","-7.2",",U,23,","20.0",",U,10,","679.0","U","411.2",",U","4.63",",U","9.00",",,,U","0.25",",,,U"
"USR0000ALIV","2013-10","65.4236","-148.7217","137.2","LIVENGOOD ALASKA, AK US","41.0","U","0.0",",U","0",",U","27",",U","5",",U","0",",U","0",",U","20131026",",,U","20131018",",,U","-12.2",",U,26,","14.4",",U,18,","1232.1","U","553.1",",U","0.49",",U","4.63",",,,U","-3.65",",,,U"
"USR0000ALIV","2013-11","65.4236","-148.7217","137.2","LIVENGOOD ALASKA, AK US","41.0","U","0.0","2,U","21","1,U","29","1,U","26","1,U","0","1,U","0","1,U","20131120",",1,U","20131113",",1,U","-39.4","1,U,20,","3.9","1,U,13,","2252.2","U","1020.1","1,U","-17.89","2,U","-12.43","1,,,U","-23.34","1,,,U"
"USR0000ALIV","2013-12","65.4236","-148.7217","137.2","LIVENGOOD ALASKA, AK US","41.0","U","0.0","2,U","24","1,U","30","1,U","30","1,U","0","1,U","0","1,U","20131217","+,1,U","20131208",",1,U","-42.2","1,U,17,+","-1.1","1,U,08,","3378.0","U","1125.8","1,U","-20.87","2,U","-17.30","1,,,U","-24.43","1,,,U"
"USR0000ALIV","2014-01","65.4236","-148.7217","137.2","LIVENGOOD ALASKA, AK US","0.0","U","0.0",",U","15",",U","31",",U","31",",U","0",",U","0",",U","20140112",",,U","20140124","+,,U","-36.7",",U,12,","0.0",",U,24,+","4432.8","U","1054.8",",U","-15.69",",U","-12.11",",,,U","-19.27",",,,U"
"USR0000ALIV","2014-02","65.4236","-148.7217","137.2","LIVENGOOD ALASKA, AK US","0.0","U","0.0",",U","23",",U","28",",U","28",",U","0",",U","0",",U","20140221",",,U","20140228",",,U","-35.0",",U,21,","-6.7",",U,28,","5503.9","U","1071.1",",U","-19.92",",U","-15.67",",,,U","-24.17",",,,U"
"USR0000ALIV","2014-03","65.4236","-148.7217","137.2","LIVENGOOD ALASKA, AK US","0.0","U","0.0",",U","24",",U","31",",U","20",",U","0",",U","0",",U","20140317","+,,U","20140325",",,U","-24.4",",U,17,+","6.7",",U,25,","6433.4","U","929.5",",U","-11.65",",U","-4.23",",,,U","-19.08",",,,U"
"USR0000ALIV","2014-04","65.4236","-148.7217","137.2","LIVENGOOD ALASKA, AK US","0.0","U","0.0",",U","3",",U","27",",U","8",",U","0",",U","0",",U","20140410",",,U","20140430","+,,U","-30.0",",U,10,","15.6",",U,30,+","7023.2","U","589.8",",U","-1.33",",U","5.71",",,,U","-8.37",",,,U"
"USR0000ALIV","2014-05","65.4236","-148.7217","137.2","LIVENGOOD ALASKA, AK US","0.0","U","0.0",",U","0",",U","22",",U","0",",U","5",",U","0",",U","20140523",",,U","20140512",",,U","-6.1",",U,23,","23.3",",U,12,","7344.4","U","321.2",",U","7.97",",U","16.54",",,,U","-0.59",",,,U"
"USR0000ALIV","2014-06","65.4236","-148.7217","137.2","LIVENGOOD ALASKA, AK US","0.0","U","0.0",",U","0",",U","1",",U","0",",U","14",",U","0",",U","20140612",",,U","20140629",",,U","-2.8",",U,12,","26.7",",U,29,","7508.5","U","164.1",",U","12.86",",U","19.57",",,,U","6.15",",,,U"
"USR0000ALIV","2014-07","65.4236","-148.7217","137.2","LIVENGOOD ALASKA, AK US","0.6","U","0.6",",U","0",",U","2",",U","0",",U","12",",U","0",",U","20140727","+,,U","20140706","+,,U","-1.7",",U,27,+","28.9",",U,06,+","145.2","U","145.2",",U","13.67",",U","19.85",",,,U","7.48",",,,U"
"USR0000ALIV","2014-08","65.4236","-148.7217","137.2","LIVENGOOD ALASKA, AK US","2.0","U","1.4",",U","0",",U","6",",U","0",",U","12",",U","0",",U","20140831","+,,U","20140808",",,U","-3.9",",U,31,+","25.6",",U,08,","312.1","U","166.9",",U","12.99",",U","19.71",",,,U","6.28",",,,U"
"USR0000ALIV","2014-09","65.4236","-148.7217","137.2","LIVENGOOD ALASKA, AK US","2.0","U","0.0",",U","0",",U","19",",U","0",",U","3",",U","0",",U","20140925",",,U","20140914",",,U","-10.0",",U,25,","23.9",",U,14,","689.7","U","377.6",",U","5.75",",U","13.09",",,,U","-1.60",",,,U"
"USR0000ALIV","2014-10","65.4236","-148.7217","137.2","LIVENGOOD ALASKA, AK US","2.0","U","0.0",",U","4",",U","30",",U","20",",U","0",",U","0",",U","20141030",",,U","20141002",",,U","-22.2",",U,30,","6.7",",U,02,","1407.6","U","717.9",",U","-4.82",",U","-1.46",",,,U","-8.18",",,,U"
"USR0000ALIV","2014-11","65.4236","-148.7217","137.2","LIVENGOOD ALASKA, AK US","2.0","U","0.0",",U","10",",U","30",",U","30",",U","0",",U","0",",U","20141128",",,U","20141113",",,U","-26.1",",U,28,","-2.2",",U,13,","2358.8","U","951.2",",U","-13.37",",U","-10.31",",,,U","-16.44",",,,U"
"USR0000ALIV","2014-12","65.4236","-148.7217","137.2","LIVENGOOD ALASKA, AK US","2.0","U","0.0",",U","10",",U","31",",U","31",",U","0",",U","0",",U","20141227",",,U","20141226",",,U","-33.3",",U,27,","-6.1",",U,26,","3384.6","U","1025.8",",U","-14.76",",U","-12.42",",,,U","-17.09",",,,U"
"USR0000ALIV","2015-01","65.4236","-148.7217","137.2","LIVENGOOD ALASKA, AK US","0.0","U","0.0",",U","19",",U","31",",U","31",",U","0",",U","0",",U","20150126",",,U","20150111",",,U","-43.9",",U,26,","-3.9",",U,11,","4578.5","U","1193.9",",U","-20.18",",U","-16.58",",,,U","-23.78",",,,U"
"USR0000ALIV","2015-02","65.4236","-148.7217","137.2","LIVENGOOD ALASKA, AK US","0.0","U","0.0","2,U","17","1,U","27","1,U","23","1,U","0","1,U","0","1,U","20150204","+,1,U","20150222",",1,U","-36.7","1,U,04,+","6.1","1,U,22,","5505.4","U","926.9","1,U","-16.84","2,U","-12.26","1,,,U","-21.42","1,,,U"
"USR0000ALIV","2015-03","65.4236","-148.7217","137.2","LIVENGOOD ALASKA, AK US","0.0","U","0.0",",U","14",",U","31",",U","19",",U","0",",U","0",",U","20150310",",,U","20150328",",,U","-39.4",",U,10,","13.3",",U,28,","6424.5","U","919.1",",U","-11.32",",U","-3.85",",,,U","-18.78",",,,U"
"USR0000ALIV","2015-04","65.4236","-148.7217","137.2","LIVENGOOD ALASKA, AK US","0.0","U","0.0",",U","1",",U","29",",U","5",",U","0",",U","0",",U","20150403",",,U","20150426",",,U","-18.9",",U,03,","14.4",",U,26,","6968.3","U","543.8",",U","0.21",",U","6.74",",,,U","-6.33",",,,U"
"USR0000ALIV","2015-05","65.4236","-148.7217","137.2","LIVENGOOD ALASKA, AK US","1.7","U","1.7",",U","0",",U","16",",U","0",",U","17",",U","0",",U","20150502",",,U","20150523",",,U","-6.1",",U,02,","30.6",",U,23,","7207.6","U","239.3",",U","10.67",",U","20.75",",,,U","0.58",",,,U"
"USR0000ALIV","2015-06","65.4236","-148.7217","137.2","LIVENGOOD ALASKA, AK US","8.4","U","6.7",",U","0",",U","3",",U","0",",U","15",",U","0",",U","20150613","+,,U","20150615",",,U","-1.1",",U,13,+","31.1",",U,15,","7354.3","U","146.7",",U","13.66",",U","21.85",",,,U","5.48",",,,U"
"USR0000ALIV","2015-07","65.4236","-148.7217","137.2","LIVENGOOD ALASKA, AK US","10.9","U","2.5",",U","0",",U","0",",U","0",",U","21",",U","0",",U","20150710",",,U","20150706",",,U","2.2",",U,10,","31.7",",U,06,","104.5","U","104.5",",U","15.04",",U","22.17",",,,U","7.91",",,,U"
"USR0000ALIV","2015-08","65.4236","-148.7217","137.2","LIVENGOOD ALASKA, AK US","10.9","U","0.0",",U","0",",U","4",",U","0",",U","7",",U","0",",U","20150831",",,U","20150804",",,U","-5.0",",U,31,","28.3",",U,04,","333.2","U","228.7",",U","10.95",",U","16.57",",,,U","5.34",",,,U"
"USR0000ALIV","2015-09","65.4236","-148.7217","137.2","LIVENGOOD ALASKA, AK US","10.9","U","0.0",",U","0",",U","22",",U","0",",U","0",",U","0",",U","20150926",",,U","20150903",",,U","-8.9",",U,26,","20.0",",U,03,","767.9","U","434.7",",U","3.84",",U","9.38",",,,U","-1.69",",,,U"
"USR0000ALIV","2015-10","65.4236","-148.7217","137.2","LIVENGOOD ALASKA, AK US","10.9","U","0.0",",U","1",",U","30",",U","13",",U","0",",U","0",",U","20151031",",,U","20151006","+,,U","-17.8",",U,31,","7.2",",U,06,+","1407.4","U","639.5",",U","-2.30",",U","0.84",",,,U","-5.44",",,,U"
"USR0000ALIV","2015-11","65.4236","-148.7217","137.2","LIVENGOOD ALASKA, AK US","10.9","U","0.0",",U","14",",U","30",",U","30",",U","0",",U","0",",U","20151118",",,U","20151105","+,,U","-36.7",",U,18,","-2.2",",U,05,+","2351.9","U","944.5",",U","-13.15",",U","-8.99",",,,U","-17.31",",,,U"
"USR0000ALIV","2015-12","65.4236","-148.7217","137.2","LIVENGOOD ALASKA, AK US","10.9","U","0.0","2,U","24","1,U","30","1,U","29","1,U","0","1,U","0","1,U","20151224",",1,U","20151231",",1,U","-38.3","1,U,24,","1.7","1,U,31,","3401.3","U","1049.4","1,U","-18.19","2,U","-15.39","1,,,U","-21.00","1,,,U"
"USR0000ALIV","2016-01","65.4236","-148.7217","137.2","LIVENGOOD ALASKA, AK US","0.0","U","0.0",",U","20",",U","31",",U","29",",U","0",",U","0",",U","20160107",",,U","20160102","+,,U","-26.1",",U,07,","2.2",",U,02,+","4422.3","U","1021.0",",U","-14.60",",U","-10.64",",,,U","-18.56",",,,U"
"USR0000ALIV","2016-02","65.4236","-148.7217","137.2","LIVENGOOD ALASKA, AK US","0.0","U","0.0",",U","10",",U","29",",U","26",",U","0",",U","0",",U","20160218",",,U","20160225",",,U","-25.6",",U,18,","2.8",",U,25,","5320.3","U","898.0",",U","-12.63",",U","-9.12",",,,U","-16.15",",,,U"
"USR0000ALIV","2016-03","65.4236","-148.7217","137.2","LIVENGOOD ALASKA, AK US","0.0","U","0.0",",U","6",",U","31",",U","24",",U","0",",U","0",",U","20160317",",,U","20160327",",,U","-29.4",",U,17,","8.3",",U,27,","6174.5","U","854.2",",U","-9.22",",U","-4.72",",,,U","-13.73",",,,U"
"USR0000ALIV","2016-04","65.4236","-148.7217","137.2","LIVENGOOD ALASKA, AK US","0.0","U","0.0",",U","0",",U","25",",U","7",",U","0",",U","0",",U","20160402",",,U","20160429",",,U","-13.3",",U,02,","16.7",",U,29,","6710.2","U","535.7",",U","0.48",",U","5.47",",,,U","-4.52",",,,U"
"USR0000ALIV","2016-05","65.4236","-148.7217","137.2","LIVENGOOD ALASKA, AK US","0.0","U","0.0",",U","0",",U","11",",U","0",",U","7",",U","0",",U","20160508","+,,U","20160513",",,U","-3.9",",U,08,+","25.6",",U,13,","6979.3","U","269.1",",U","9.65",",U","17.08",",,,U","2.23",",,,U"
"USR0000ALIV","2016-06","65.4236","-148.7217","137.2","LIVENGOOD ALASKA, AK US","3.1","U","3.1",",U","0",",U","3",",U","0",",U","16",",U","0",",U","20160607",",,U","20160617",",,U","-2.2",",U,07,","30.6",",U,17,","7125.6","U","146.3",",U","13.56",",U","21.35",",,,U","5.77",",,,U"
"USR0000ALIV","2016-07","65.4236","-148.7217","137.2","LIVENGOOD ALASKA, AK US","12.0","U","8.9",",U","0",",U","0",",U","0",",U","17",",U","2",",U","20160728",",,U","20160714","+,,U","4.4",",U,28,","32.2",",U,14,+","80.8","U","80.8",",U","16.01",",U","21.92",",,,U","10.10",",,,U"
"USR0000ALIV","2016-08","65.4236","-148.7217","137.2","LIVENGOOD ALASKA, AK US","12.0","U","0.0",",U","0",",U","1",",U","0",",U","15",",U","0",",U","20160831",",,U","20160813",",,U","-0.6",",U,31,","26.1",",U,13,","203.4","U","122.6",",U","14.38",",U","20.71",",,,U","8.04",",,,U"
"USR0000ALIV","2016-09","65.4236","-148.7217","137.2","LIVENGOOD ALASKA, AK US","12.0","U","0.0",",U","0",",U","19",",U","0",",U","0",",U","0",",U","20160926",",,U","20160904",",,U","-6.7",",U,26,","20.6",",U,04,","585.2","U","381.8",",U","5.61",",U","12.03",",,,U","-0.82",",,,U"
"USR0000ALIV","2016-10","65.4236","-148.7217","137.2","LIVENGOOD ALASKA, AK US","12.0","U","0.0",",U","7",",U","31",",U","17",",U","0",",U","0",",U","20161022",",,U","20161010",",,U","-22.8",",U,22,","10.6",",U,10,","1319.7","U","734.5",",U","-5.36",",U","-0.15",",,,U","-10.57",",,,U"
"USR0000ALIV","2016-11","65.4236","-148.7217","137.2","LIVENGOOD ALASKA, AK US","12.0","U","0.0",",U","14",",U","30",",U","30",",U","0",",U","0",",U","20161130",",,U","20161111",",,U","-31.1",",U,30,","-3.3",",U,11,","2312.8","U","993.1",",U","-14.77",",U","-12.16",",,,U","-17.38",",,,U"
"USR0000ALIV","2016-12","65.4236","-148.7217","137.2","LIVENGOOD ALASKA, AK US","12.0","U","0.0",",U","25",",U","31",",U","30",",U","0",",U","0",",U","20161212",",,U","20161231",",,U","-33.3",",U,12,","1.1",",U,31,","3495.7","U","1182.9",",U","-19.82",",U","-17.00",",,,U","-22.65",",,,U"
"USR0000ALIV","2017-01","65.4236","-148.7217","137.2","LIVENGOOD ALASKA, AK US","0.0","U","0.0","2,U","28","1,U","30","1,U","30","1,U","0","1,U","0","1,U","20170119",",1,U","20170101",",1,U","-49.4","1,U,19,","-5.6","1,U,01,","4740.2","U","1244.5","1,U","-25.06","2,U","-19.82","1,,,U","-30.29","1,,,U"
"USR0000ALIV","2017-02","65.4236","-148.7217","137.2","LIVENGOOD ALASKA, AK US","0.0","U","0.0","2,U","22","1,U","27","1,U","27","1,U","0","1,U","0","1,U","20170212",",1,U","20170226","+,1,U","-43.9","1,U,12,","0.0","1,U,26,+","5692.7","U","952.5","1,U","-18.46","2,U","-12.59","1,,,U","-24.32","1,,,U"
"USR0000ALIV","2017-03","65.4236","-148.7217","137.2","LIVENGOOD ALASKA, AK US","0.0","U","0.0",",U","24",",U","31",",U","30",",U","0",",U","0",",U","20170307","+,,U","20170330",",,U","-41.7",",U,07,+","2.2",",U,30,","6830.0","U","1137.3",",U","-18.35",",U","-9.64",",,,U","-27.06",",,,U"
"USR0000ALIV","2017-04","65.4236","-148.7217","137.2","LIVENGOOD ALASKA, AK US","0.0","U","0.0",",U","0",",U","29",",U","3",",U","0",",U","0",",U","20170412",",,U","20170430","+,,U","-13.3",",U,12,","12.2",",U,30,+","7394.3","U","564.3",",U","-0.48",",U","4.89",",,,U","-5.85",",,,U"
"USR0000ALIV","2017-05","65.4236","-148.7217","137.2","LIVENGOOD ALASKA, AK US","0.0","U","0.0",",U","0",",U","21",",U","0",",U","3",",U","0",",U","20170501",",,U","20170516",",,U","-5.0",",U,01,","23.3",",U,16,","7710.1","U","315.8",",U","8.15",",U","16.52",",,,U","-0.23",",,,U"
"USR0000ALIV","2017-06","65.4236","-148.7217","137.2","LIVENGOOD ALASKA, AK US","5.0","U","5.0",",U","0",",U","3",",U","0",",U","22",",U","0",",U","20170601",",,U","20170629",",,U","-2.2",",U,01,","28.3",",U,29,","7810.9","U","100.8",",U","15.14",",U","22.81",",,,U","7.46",",,,U"
"USR0000ALIV","2017-07","65.4236","-148.7217","137.2","LIVENGOOD ALASKA, AK US","18.6","U","13.6",",U","0",",U","0",",U","0",",U","28",",U","0",",U","20170722",",,U","20170706",",,U","2.2",",U,22,","30.6",",U,06,","34.8","U","34.8",",U","17.65",",U","25.26",",,,U","10.04",",,,U"
"USR0000ALIV","2017-08","65.4236","-148.7217","137.2","LIVENGOOD ALASKA, AK US","21.7","U","3.1",",U","0",",U","1",",U","0",",U","8",",U","0",",U","20170818",",,U","20170809",",,U","0.0",",U,18,","29.4",",U,09,","216.3","U","181.5",",U","12.58",",U","18.03",",,,U","7.12",",,,U"
"USR0000ALIV","2017-09","65.4236","-148.7217","137.2","LIVENGOOD ALASKA, AK US","21.7","U","0.0",",U","0",",U","16",",U","0",",U","0",",U","0",",U","20170903",",,U","20170916",",,U","-4.4",",U,03,","20.0",",U,16,","573.2","U","356.9",",U","6.44",",U","12.52",",,,U","0.35",",,,U"
"USR0000ALIV","2017-10","65.4236","-148.7217","137.2","LIVENGOOD ALASKA, AK US","21.7","U","0.0",",U","4",",U","27",",U","13",",U","0",",U","0",",U","20171023",",,U","20171003",",,U","-21.7",",U,23,","11.7",",U,03,","1220.2","U","647.0",",U","-2.54",",U","1.52",",,,U","-6.60",",,,U"
"USR0000ALIV","2017-11","65.4236","-148.7217","137.2","LIVENGOOD ALASKA, AK US","21.7","U","0.0","2,U","18","1,U","29","1,U","29","1,U","0","1,U","0","1,U","20171118",",1,U","20171103",",1,U","-30.0","1,U,18,","-1.1","1,U,03,","2163.6","U","943.4","1,U","-15.16","2,U","-11.58","1,,,U","-18.73","1,,,U"
"USR0000ALIV","2017-12","65.4236","-148.7217","137.2","LIVENGOOD ALASKA, AK US","21.7","U","0.0",",U","15",",U","31",",U","30",",U","0",",U","0",",U","20171230","+,,U","20171213",",,U","-33.3",",U,30,+","0.6",",U,13,","3156.8","U","993.2",",U","-13.71",",U","-9.82",",,,U","-17.59",",,,U"
"USR0000ALIV","2018-01","65.4236","-148.7217","137.2","LIVENGOOD ALASKA, AK US","0.0","U","0.0","2,U","24","1,U","30","1,U","30","1,U","0","1,U","0","1,U","20180124",",1,U","20180116",",1,U","-42.8","1,U,24,","-1.1","1,U,16,","4254.7","U","1097.9","1,U","-19.25","2,U","-15.18","1,,,U","-23.33","1,,,U"
"USR0000ALIV","2018-02","65.4236","-148.7217","137.2","LIVENGOOD ALASKA, AK US","0.0","U","0.0",",U","17",",U","28",",U","26",",U","0",",U","0",",U","20180228","+,,U","20180222","+,,U","-34.4",",U,28,+","1.1",",U,22,+","5231.2","U","976.5",",U","-16.54",",U","-11.04",",,,U","-22.05",",,,U"
"USR0000ALIV","2018-03","65.4236","-148.7217","137.2","LIVENGOOD ALASKA, AK US","0.0","U","0.0",",U","15",",U","31",",U","24",",U","0",",U","0",",U","20180301",",,U","20180329",",,U","-36.7",",U,01,","5.6",",U,29,","6116.2","U","885.0",",U","-10.21",",U","-3.02",",,,U","-17.41",",,,U"
"USR0000ALIV","2018-04","65.4236","-148.7217","137.2","LIVENGOOD ALASKA, AK US","0.0","U","0.0",",U","2",",U","29",",U","8",",U","0",",U","0",",U","20180403",",,U","20180425","+,,U","-21.7",",U,03,","11.7",",U,25,+","6764.5","U","648.3",",U","-3.28",",U","2.89",",,,U","-9.45",",,,U"
"USR0000ALIV","2018-05","65.4236","-148.7217","137.2","LIVENGOOD ALASKA, AK US","0.0","U","0.0",",U","0",",U","14",",U","0",",U","1",",U","0",",U","20180503",",,U","20180510",",,U","-7.2",",U,03,","22.8",",U,10,","7078.3","U","313.8",",U","8.21",",U","15.54",",,,U","0.88",",,,U"
"USR0000ALIV","2018-06","65.4236","-148.7217","137.2","LIVENGOOD ALASKA, AK US","3.9","U","3.9",",U","0",",U","4",",U","0",",U","18",",U","0",",U","20180612",",,U","20180621",",,U","-3.9",",U,12,","30.6",",U,21,","7240.8","U","162.5",",U","13.05",",U","20.92",",,,U","5.18",",,,U"
"USR0000ALIV","2018-07","65.4236","-148.7217","137.2","LIVENGOOD ALASKA, AK US","13.1","U","9.2",",U","0",",U","1",",U","0",",U","24",",U","1",",U","20180718",",,U","20180722",",,U","-0.6",",U,18,","32.2",",U,22,","93.9","U","93.9",",U","15.60",",U","23.84",",,,U","7.36",",,,U"
"USR0000ALIV","2018-08","65.4236","-148.7217","137.2","LIVENGOOD ALASKA, AK US","13.1","U","0.0",",U","0",",U","4",",U","0",",U","2",",U","0",",U","20180826","+,,U","20180804",",,U","-1.7",",U,26,+","21.7",",U,04,","329.5","U","235.6",",U","10.73",",U","16.44",",,,U","5.03",",,,U"
"USR0000ALIV","2018-09","65.4236","-148.7217","137.2","LIVENGOOD ALASKA, AK US","13.1","U","0.0",",U","0",",U","12",",U","0",",U","0",",U","0",",U","20180909",",,U","20180910",",,U","-6.1",",U,09,","20.0",",U,10,","672.3","U","342.8",",U","6.91",",U","12.11",",,,U","1.70",",,,U"
"USR0000ALIV","2018-10","65.4236","-148.7217","137.2","LIVENGOOD ALASKA, AK US","13.1","U","0.0",",U","2",",U","31",",U","5",",U","0",",U","0",",U","20181031",",,U","20181002",",,U","-23.3",",U,31,","11.7",",U,02,","1287.1","U","614.8",",U","-1.50",",U","2.88",",,,U","-5.88",",,,U"
"USR0000ALIV","2018-11","65.4236","-148.7217","137.2","LIVENGOOD ALASKA, AK US","13.1","U","0.0","2,U","13","1,U","29","1,U","29","1,U","0","1,U","0","1,U","20181106","+,1,U","20181110",",1,U","-21.7","1,U,06,+","-5.0","1,U,10,","2167.7","U","880.6","1,U","-13.22","2,U","-10.61","1,,,U","-15.83","1,,,U"
"USR0000ALIV","2018-12","65.4236","-148.7217","137.2","LIVENGOOD ALASKA, AK US","13.1","U","0.0",",U","23",",U","31",",U","31",",U","0",",U","0",",U","20181230","+,,U","20181203",",,U","-33.9",",U,30,+","-3.9",",U,03,","3282.8","U","1115.1",",U","-17.64",",U","-14.13",",,,U","-21.15",",,,U"
"USR0000ALIV","2019-01","65.4236","-148.7217","137.2","LIVENGOOD ALASKA, AK US","0.0","U","0.0","2,U","26","1,U","30","1,U","30","1,U","0","1,U","0","1,U","20190111",",1,U","20190101",",1,U","-44.4","1,U,11,","0.0","1,U,01,","4458.3","U","1175.5","1,U","-22.12","2,U","-18.04","1,,,U","-26.20","1,,,U"
"USR0000ALIV","2019-02","65.4236","-148.7217","137.2","LIVENGOOD ALASKA, AK US","0.0","U","0.0","2,U","23","1,U","27","1,U","25","1,U","0","1,U","0","1,U","20190222",",1,U","20190225","+,1,U","-35.0","1,U,22,","0.6","1,U,25,+","5362.8","U","904.5","1,U","-16.15","2,U","-8.92","1,,,U","-23.39","1,,,U"
"USR0000ALIV","2019-03","65.4236","-148.7217","137.2","LIVENGOOD ALASKA, AK US","0.0","U","0.0",",U","6",",U","29",",U","13",",U","0",",U","0",",U","20190303","+,,U","20190331",",,U","-22.2",",U,03,+","16.1",",U,31,","6078.9","U","716.1",",U","-4.77",",U","2.17",",,,U","-11.70",",,,U"
"USR0000ALIV","2019-04","65.4236","-148.7217","137.2","LIVENGOOD ALASKA, AK US","0.0","U","0.0",",U","0",",U","29",",U","4",",U","0",",U","0",",U","20190403",",,U","20190430",",,U","-12.8",",U,03,","20.0",",U,30,","6630.7","U","551.8",",U","-0.06",",U","5.58",",,,U","-5.71",",,,U"
"USR0000ALIV","2019-05","65.4236","-148.7217","137.2","LIVENGOOD ALASKA, AK US","0.0","U","0.0",",U","0",",U","11",",U","0",",U","11",",U","0",",U","20190505",",,U","20190525","+,,U","-8.3",",U,05,","23.9",",U,25,+","6898.2","U","267.5",",U","9.70",",U","17.18",",,,U","2.23",",,,U"
"USR0000ALIV","2019-06","65.4236","-148.7217","137.2","LIVENGOOD ALASKA, AK US","9.4","U","9.4",",U","0",",U","2",",U","0",",U","28",",U","2",",U","20190604",",,U","20190629",",,U","-1.1",",U,04,","33.3",",U,29,","6983.2","U","85.0",",U","15.81",",U","24.92",",,,U","6.70",",,,U"
"USR0000ALIV","2019-07","65.4236","-148.7217","137.2","LIVENGOOD ALASKA, AK US","19.7","U","10.3",",U","0",",U","0",",U","0",",U","26",",U","1",",U","20190731","+,,U","20190709",",,U","3.9",",U,31,+","32.8",",U,09,","59.6","U","59.6",",U","16.74",",U","24.55",",,,U","8.93",",,,U"
"USR0000ALIV","2019-08","65.4236","-148.7217","137.2","LIVENGOOD ALASKA, AK US","19.7","U","0.0",",U","0",",U","10",",U","0",",U","6",",U","0",",U","20190825","+,,U","20190811",",,U","-3.9",",U,25,+","23.3",",U,11,","286.0","U","226.4",",U","11.03",",U","18.26",",,,U","3.80",",,,U"
"USR0000ALIV","2019-09","65.4236","-148.7217","137.2","LIVENGOOD ALASKA, AK US","19.7","U","0.0",",U","0",",U","19",",U","0",",U","3",",U","0",",U","20190923",",,U","20190907",",,U","-7.2",",U,23,","22.8",",U,07,","639.9","U","353.9",",U","6.54",",U","13.34",",,,U","-0.27",",,,U"
"USR0000ALIV","2019-10","65.4236","-148.7217","137.2","LIVENGOOD ALASKA, AK US","19.7","U","0.0",",U","0",",U","29",",U","10",",U","0",",U","0",",U","20191031",",,U","20191001",",,U","-16.1",",U,31,","9.4",",U,01,","1278.7","U","638.8",",U","-2.27",",U","1.27",",,,U","-5.82",",,,U"
"USR0000ALIV","2019-11","65.4236","-148.7217","137.2","LIVENGOOD ALASKA, AK US","19.7","U","0.0","2,U","12","1,U","29","1,U","29","1,U","0","1,U","0","1,U","20191110",",1,U","20191128",",1,U","-26.1","1,U,10,","-0.6","1,U,28,","2168.0","U","889.3","1,U","-13.24","2,U","-10.13","1,,,U","-16.35","1,,,U"
"USR0000ALIV","2019-12","65.4236","-148.7217","137.2","LIVENGOOD ALASKA, AK US","19.7","U","0.0","4,U","25","2,U","29","2,U","29","2,U","0","2,U","0","2,U","20191222",",2,U","20191210",",2,U","-40.0","2,U,22,","-3.9","2,U,10,","3281.6","U","1113.6","2,U","-22.25","4,U","-19.21","2,,,U","-25.29","2,,,U"
"USR0000ALIV","2020-01","65.4236","-148.7217","137.2","LIVENGOOD ALASKA, AK US","0.0","U","0.0","2,U","30","1,U","30","1,U","30","1,U","0","1,U","0","1,U","20200108",",1,U","20200124","+,1,U","-42.8","1,U,08,","-16.7","1,U,24,+","4594.7","U","1313.1","1,U","-26.80","2,U","-23.83","1,,,U","-29.76","1,,,U"
"USR0000ALIV","2020-02","65.4236","-148.7217","137.2","LIVENGOOD ALASKA, AK US","0.0","U","0.0",",U","25",",U","29",",U","29",",U","0",",U","0",",U","20200211","+,,U","20200220",",,U","-43.3",",U,11,+","-6.1",",U,20,","5794.8","U","1200.1",",U","-23.05",",U","-17.42",",,,U","-28.68",",,,U"
"USR0000ALIV","2020-03","65.4236","-148.7217","137.2","LIVENGOOD ALASKA, AK US","0.0","U","0.0",",U","18",",U","31",",U","21",",U","0",",U","0",",U","20200305","+,,U","20200318",",,U","-43.9",",U,05,+","5.0",",U,18,","6798.8","U","1004.0",",U","-14.05",",U","-7.35",",,,U","-20.76",",,,U"
"USR0000ALIV","2020-04","65.4236","-148.7217","137.2","LIVENGOOD ALASKA, AK US","0.0","U","0.0",",U","4",",U","26",",U","3",",U","0",",U","0",",U","20200408",",,U","20200415",",,U","-25.6",",U,08,","17.2",",U,15,","7386.7","U","587.9",",U","-1.27",",U","5.69",",,,U","-8.22",",,,U"
"USR0000ALIV","2020-05","65.4236","-148.7217","137.2","LIVENGOOD ALASKA, AK US","1.9","U","1.9",",U","0",",U","11",",U","0",",U","10",",U","0",",U","20200502",",,U","20200510",",,U","-10.0",",U,02,","27.8",",U,10,","7647.9","U","261.2",",U","9.97",",U","17.86",",,,U","2.07",",,,U"
"USR0000ALIV","2020-06","65.4236","-148.7217","137.2","LIVENGOOD ALASKA, AK US","1.9","U","0.0",",U","0",",U","1",",U","0",",U","20",",U","0",",U","20200604",",,U","20200610",",,U","-0.6",",U,04,","27.2",",U,10,","7773.9","U","126.0",",U","14.13",",U","21.97",",,,U","6.30",",,,U"
"USR0000ALIV","2020-07","65.4236","-148.7217","137.2","LIVENGOOD ALASKA, AK US","3.0","U","1.1",",U","0",",U","3",",U","0",",U","16",",U","0",",U","20200701",",,U","20200731","+,,U","-2.2",",U,01,","26.1",",U,31,+","136.4","U","136.4",",U","13.97",",U","21.27",",,,U","6.66",",,,U"
"USR0000ALIV","2020-08","65.4236","-148.7217","137.2","LIVENGOOD ALASKA, AK US","6.4","U","3.4",",U","0",",U","4",",U","0",",U","18",",U","0",",U","20200818",",,U","20200801",",,U","-0.6",",U,18,","27.8",",U,01,","292.2","U","155.8",",U","13.41",",U","21.63",",,,U","5.20",",,,U"
"USR0000ALIV","2020-09","65.4236","-148.7217","137.2","LIVENGOOD ALASKA, AK US","6.4","U","0.0",",U","0",",U","12",",U","0",",U","0",",U","0",",U","20200921",",,U","20200906",",,U","-6.1",",U,21,","18.3",",U,06,","644.1","U","351.9",",U","6.60",",U","12.06",",,,U","1.14",",,,U"
"USR0000ALIV","2020-10","65.4236","-148.7217","137.2","LIVENGOOD ALASKA, AK US","6.4","U","0.0",",U","4",",U","27",",U","19",",U","0",",U","0",",U","20201031",",,U","20201002",",,U","-23.3",",U,31,","20.6",",U,02,","1331.4","U","687.3",",U","-3.84",",U","0.93",",,,U","-8.61",",,,U"
"USR0000ALIV","2020-11","65.4236","-148.7217","137.2","LIVENGOOD ALASKA, AK US","6.4","U","0.0","2,U","18","1,U","29","1,U","27","1,U","0","1,U","0","1,U","20201116","+,1,U","20201107","+,1,U","-35.0","1,U,16,+","1.1","1,U,07,+","2335.2","U","1003.8","1,U","-17.45","2,U","-12.66","1,,,U","-22.23","1,,,U"
"USR0000ALIV","2020-12","65.4236","-148.7217","137.2","LIVENGOOD ALASKA, AK US","6.4","U","0.0",",U","22",",U","31",",U","31",",U","0",",U","0",",U","20201211",",,U","20201225","+,,U","-31.7",",U,11,","-9.4",",U,25,+","3455.6","U","1120.4",",U","-17.81",",U","-14.81",",,,U","-20.81",",,,U"
"USR0000ALIV","2021-01","65.4236","-148.7217","137.2","LIVENGOOD ALASKA, AK US","0.0","U","0.0",",U","26",",U","31",",U","31",",U","0",",U","0",",U","20210131",",,U","20210119",",,U","-30.0",",U,31,","-5.6",",U,19,","4593.4","U","1137.8",",U","-18.37",",U","-14.97",",,,U","-21.77",",,,U"
"USR0000ALIV","2021-02","65.4236","-148.7217","137.2","LIVENGOOD ALASKA, AK US","0.0","U","0.0",",U","28",",U","28",",U","28",",U","0",",U","0",",U","20210220",",,U","20210212",",,U","-43.3",",U,20,","-11.1",",U,12,","5801.4","U","1208.0",",U","-24.81",",U","-20.16",",,,U","-29.46",",,,U"
"USR0000ALIV","2021-03","65.4236","-148.7217","137.2","LIVENGOOD ALASKA, AK US","0.0","U","0.0",",U","20",",U","31",",U","28",",U","0",",U","0",",U","20210313","+,,U","20210330",",,U","-41.1",",U,13,+","3.9",",U,30,","6843.4","U","1042.0",",U","-15.28",",U","-8.52",",,,U","-22.05",",,,U"
"USR0000ALIV","2021-04","65.4236","-148.7217","137.2","LIVENGOOD ALASKA, AK US","0.0","U","0.0",",U","9",",U","29",",U","10",",U","0",",U","0",",U","20210410",",,U","20210425",",,U","-40.0",",U,10,","20.0",",U,25,","7538.3","U","694.9",",U","-4.83",",U","4.54",",,,U","-14.20",",,,U"
"USR0000ALIV","2021-05","65.4236","-148.7217","137.2","LIVENGOOD ALASKA, AK US","0.0","U","0.0",",U","0",",U","16",",U","0",",U","2",",U","0",",U","20210502",",,U","20210524",",,U","-6.1",",U,02,","22.8",",U,24,","7861.0","U","322.7",",U","7.92",",U","15.40",",,,U","0.45",",,,U"
"USR0000ALIV","2021-06","65.4236","-148.7217","137.2","LIVENGOOD ALASKA, AK US","3.4","U","3.4",",U","0",",U","0",",U","0",",U","22",",U","0",",U","20210605",",,U","20210623",",,U","0.6",",U,05,","30.0",",U,23,","7976.5","U","115.5",",U","14.60",",U","22.84",",,,U","6.35",",,,U"
"USR0000ALIV","2021-07","65.4236","-148.7217","137.2","LIVENGOOD ALASKA, AK US","7.1","U","3.7","1,U","0","1,U","3","1,U","0","1,U","23","1,U","0","1,U","20210710",",1,U","20210702","+,1,U","-0.6","1,U,10,","30.6","1,U,02,+","98.5","U","98.5","1,U","15.17","1,U","23.60","1,,,U","6.75","1,,,U"
"USR0000ALIV","2021-08","65.4236","-148.7217","137.2","LIVENGOOD ALASKA, AK US","15.6","U","8.5",",U","0",",U","3",",U","0",",U","5",",U","0",",U","20210818",",,U","20210802",",,U","-2.8",",U,18,","30.0",",U,02,","307.4","U","208.9",",U","11.87",",U","16.80",",,,U","6.94",",,,U"
"USR0000ALIV","2021-09","65.4236","-148.7217","137.2","LIVENGOOD ALASKA, AK US","15.6","U","0.0","1,U","0","1,U","19","1,U","1",",U","1",",U","0",",U","20210929",",1,U","20210901",",,U","-13.9","1,U,29,","22.2",",U,01,","703.2","U","395.8",",U","4.52","1,U","11.16",",,,U","-2.12","1,,,U"
"USR0000ALIV","2021-10","65.4236","-148.7217","137.2","LIVENGOOD ALASKA, AK US","15.6","U","0.0",",U","0",",U","30",",U","16",",U","0",",U","0",",U","20211018",",,U","20211006","+,,U","-13.9",",U,18,","7.2",",U,06,+","1359.1","U","655.9",",U","-2.83",",U","0.87",",,,U","-6.52",",,,U"
"USR0000ALIV","2021-11","65.4236","-148.7217","137.2","LIVENGOOD ALASKA, AK US","15.6","U","0.0",",U","21",",U","30",",U","29",",U","0",",U","0",",U","20211127",",,U","20211103",",,U","-33.3",",U,27,","1.7",",U,03,","2421.4","U","1062.3",",U","-17.08",",U","-13.95",",,,U","-20.20",",,,U"
"USR0000ALIV","2021-12","65.4236","-148.7217","137.2","LIVENGOOD ALASKA, AK US","15.6","U","0.0",",U","24",",U","31",",U","30",",U","0",",U","0",",U","20211213",",,U","20211220",",,U","-38.3",",U,13,","1.7",",U,20,","3613.3","U","1191.9",",U","-20.11",",U","-15.24",",,,U","-24.99",",,,U"
"USR0000ALIV","2022-01","65.4236","-148.7217","137.2","LIVENGOOD ALASKA, AK US","0.0","U","0.0",",U","23",",U","31",",U","31",",U","0",",U","0",",U","20220107",",,U","20220125",",,U","-40.6",",U,07,","-3.9",",U,25,","4829.0","U","1215.7",",U","-20.88",",U","-18.01",",,,U","-23.76",",,,U"
"USR0000ALIV","2022-02","65.4236","-148.7217","137.2","LIVENGOOD ALASKA, AK US","0.0","U","0.0",",U","21",",U","28",",U","28",",U","0",",U","0",",U","20220211",",,U","20220223",",,U","-41.7",",U,11,","0.0",",U,23,","5914.1","U","1085.1",",U","-20.42",",U","-16.75",",,,U","-24.09",",,,U"
"USR0000ALIV","2022-03","65.4236","-148.7217","137.2","LIVENGOOD ALASKA, AK US","0.0","U","0.0",",U","12",",U","31",",U","27",",U","0",",U","0",",U","20220314",",,U","20220302",",,U","-33.3",",U,14,","1.1",",U,02,","6861.0","U","946.9",",U","-12.21",",U","-7.00",",,,U","-17.42",",,,U"
"USR0000ALIV","2022-04","65.4236","-148.7217","137.2","LIVENGOOD ALASKA, AK US","0.0","U","0.0",",U","7",",U","30",",U","10",",U","0",",U","0",",U","20220409",",,U","20220430",",,U","-31.1",",U,09,","15.6",",U,30,","7534.5","U","673.5",",U","-4.12",",U","4.09",",,,U","-12.33",",,,U"
"USR0000ALIV","2022-05","65.4236","-148.7217","137.2","LIVENGOOD ALASKA, AK US","0.0","U","0.0",",U","0",",U","17",",U","0",",U","8",",U","0",",U","20220511","+,,U","20220531",",,U","-5.6",",U,11,+","26.7",",U,31,","7875.6","U","341.1",",U","7.33",",U","15.17",",,,U","-0.52",",,,U"
"USR0000ALIV","2022-06","65.4236","-148.7217","137.2","LIVENGOOD ALASKA, AK US","0.0","U","0.0",",U","0",",U","3",",U","0",",U","22",",U","0",",U","20220613","+,,U","20220630","+,,U","-0.6",",U,13,+","27.2",",U,30,+","8005.0","U","129.4",",U","14.02",",U","22.82",",,,U","5.22",",,,U"
"USR0000ALIV","2022-07","65.4236","-148.7217","137.2","LIVENGOOD ALASKA, AK US","17.5","U","17.5",",U","0",",U","1",",U","0",",U","19",",U","0",",U","20220729",",,U","20220706",",,U","-1.7",",U,29,","31.7",",U,06,","108.2","U","108.2",",U","15.41",",U","23.22",",,,U","7.60",",,,U"
"USR0000ALIV","2022-08","65.4236","-148.7217","137.2","LIVENGOOD ALASKA, AK US","18.3","U","0.8",",U","0",",U","4",",U","0",",U","11",",U","0",",U","20220811","+,,U","20220804",",,U","-1.7",",U,11,+","26.7",",U,04,","297.9","U","189.7",",U","12.24",",U","19.48",",,,U","5.00",",,,U"
"USR0000ALIV","2022-09","65.4236","-148.7217","137.2","LIVENGOOD ALASKA, AK US","18.3","U","0.0",",U","0",",U","17",",U","0",",U","0",",U","0",",U","20220921",",,U","20220912",",,U","-7.2",",U,21,","18.9",",U,12,","655.5","U","357.6",",U","6.41",",U","12.24",",,,U","0.58",",,,U"
"USR0000ALIV","2022-10","65.4236","-148.7217","137.2","LIVENGOOD ALASKA, AK US","18.3","U","0.0",",U","4",",U","31",",U","14",",U","0",",U","0",",U","20221031","+,,U","20221006",",,U","-23.3",",U,31,+","10.0",",U,06,","1370.6","U","715.1",",U","-4.73",",U","-0.51",",,,U","-8.95",",,,U"
"USR0000ALIV","2022-11","65.4236","-148.7217","137.2","LIVENGOOD ALASKA, AK US","18.3","U","0.0",",U","15",",U","30",",U","30",",U","0",",U","0",",U","20221129",",,U","20221114",",,U","-33.3",",U,29,","-3.9",",U,14,","2362.7","U","992.1",",U","-14.74",",U","-11.01",",,,U","-18.46",",,,U"
"USR0000ALIV","2022-12","65.4236","-148.7217","137.2","LIVENGOOD ALASKA, AK US","18.3","U","0.0","2,U","25","1,U","30","1,U","30","1,U","0","1,U","0","1,U","20221216",",1,U","20221204",",1,U","-38.3","1,U,16,","0.0","1,U,04,","3511.1","U","1148.4","1,U","-20.96","2,U","-17.35","1,,,U","-24.58","1,,,U"
"USR0000ALIV","2023-01","65.4236","-148.7217","137.2","LIVENGOOD ALASKA, AK US","0.0","U","0.0",",U","20",",U","31",",U","31",",U","0",",U","0",",U","20230122",",,U","20230129",",,U","-42.2",",U,22,","-6.1",",U,29,","4632.4","U","1121.3",",U","-17.84",",U","-14.44",",,,U","-21.24",",,,U"
"USR0000ALIV","2023-02","65.4236","-148.7217","137.2","LIVENGOOD ALASKA, AK US","0.0","U","0.0",",U","26",",U","28",",U","28",",U","0",",U","0",",U","20230227",",,U","20230224",",,U","-42.8",",U,27,","-2.2",",U,24,","5712.4","U","1080.0",",U","-20.24",",U","-15.12",",,,U","-25.36",",,,U"
"USR0000ALIV","2023-03","65.4236","-148.7217","137.2","LIVENGOOD ALASKA, AK US","0.0","U","0.0",",U","22",",U","31",",U","25",",U","0",",U","0",",U","20230304",",,U","20230320",",,U","-42.8",",U,04,","6.7",",U,20,","6710.6","U","998.2",",U","-13.87",",U","-6.25",",,,U","-21.48",",,,U"
"USR0000ALIV","2023-04","65.4236","-148.7217","137.2","LIVENGOOD ALASKA, AK US","0.0","U","0.0",",U","10",",U","29",",U","19",",U","0",",U","0",",U","20230411",",,U","20230428",",,U","-36.1",",U,11,","13.9",",U,28,","7516.1","U","805.5",",U","-8.52",",U","-1.43",",,,U","-15.61",",,,U"
"USR0000ALIV","2023-05","65.4236","-148.7217","137.2","LIVENGOOD ALASKA, AK US","0.0","U","0.0",",U","0",",U","16",",U","0",",U","7",",U","0",",U","20230503",",,U","20230519",",,U","-6.7",",U,03,","22.8",",U,19,","7816.6","U","300.5",",U","8.64",",U","16.35",",,,U","0.92",",,,U"
"USR0000ALIV","2023-06","65.4236","-148.7217","137.2","LIVENGOOD ALASKA, AK US","6.2","U","6.2",",U","0",",U","1",",U","0",",U","14",",U","0",",U","20230615",",,U","20230606",",,U","0.0",",U,15,","28.3",",U,06,","7952.4","U","135.8",",U","14.01",",U","21.37",",,,U","6.65",",,,U"
"USR0000ALIV","2023-07","65.4236","-148.7217","137.2","LIVENGOOD ALASKA, AK US","24.5","U","18.3",",U","0",",U","0",",U","0",",U","29",",U","0",",U","20230705",",,U","20230724","+,,U","1.1",",U,05,","31.7",",U,24,+","59.8","U","59.8",",U","17.00",",U","25.29",",,,U","8.70",",,,U"
"USR0000ALIV","2023-08","65.4236","-148.7217","137.2","LIVENGOOD ALASKA, AK US","25.6","U","1.1",",U","0",",U","0",",U","0",",U","16",",U","0",",U","20230828",",,U","20230805",",,U","0.6",",U,28,","28.9",",U,05,","187.2","U","127.4",",U","14.26",",U","20.55",",,,U","7.96",",,,U"
"USR0000ALIV","2023-09","65.4236","-148.7217","137.2","LIVENGOOD ALASKA, AK US","25.6","U","0.0",",U","0",",U","19",",U","0",",U","0",",U","0",",U","20230930",",,U","20230909",",,U","-10.6",",U,30,","18.9",",U,09,","574.6","U","387.4",",U","5.42",",U","11.09",",,,U","-0.25",",,,U"
"USR0000ALIV","2023-10","65.4236","-148.7217","137.2","LIVENGOOD ALASKA, AK US","25.6","U","0.0",",U","3",",U","31",",U","20",",U","0",",U","0",",U","20231027",",,U","20231013",",,U","-20.6",",U,27,","6.1",",U,13,","1295.3","U","720.7",",U","-4.92",",U","-0.46",",,,U","-9.37",",,,U"
"USR0000ALIV","2023-11","65.4236","-148.7217","137.2","LIVENGOOD ALASKA, AK US","25.6","U","0.0",",U","6",",U","30",",U","30",",U","0",",U","0",",U","20231118",",,U","20231101",",,U","-27.2",",U,18,","-1.1",",U,01,","2152.0","U","856.7",",U","-10.23",",U","-6.88",",,,U","-13.57",",,,U"
"USR0000ALIV","2023-12","65.4236","-148.7217","137.2","LIVENGOOD ALASKA, AK US","25.6","U","0.0","2,U","26","1,U","30","1,U","30","1,U","0","1,U","0","1,U","20231226",",1,U","20231224",",1,U","-38.9","1,U,26,","-8.9","1,U,24,","3264.2","U","1112.2","1,U","-20.16","2,U","-16.41","1,,,U","-23.90","1,,,U"
"USR0000ALIV","2024-01","65.4236","-148.7217","137.2","LIVENGOOD ALASKA, AK US","0.0","","0.0",",U","28",",U","31",",U","31",",U","0",",U","0",",U","20240128","+,,U","20240116",",,U","-48.9",",U,28,+","-7.2",",U,16,","4634.6","","1370.4",",U","-25.87",",U","-21.99",",,,U","-29.76",",,,U"
"USR0000ALIV","2024-02","65.4236","-148.7217","137.2","LIVENGOOD ALASKA, AK US","0.0","","0.0",",U","23",",U","29",",U","28",",U","0",",U","0",",U","20240202",",,U","20240214",",,U","-48.9",",U,02,","1.7",",U,14,","5740.5","","1105.9",",U","-19.80",",U","-14.51",",,,U","-25.09",",,,U"
"USR0000ALIV","2024-03","65.4236","-148.7217","137.2","LIVENGOOD ALASKA, AK US","0.0","","0.0",",U","16",",U","31",",U","22",",U","0",",U","0",",U","20240302",",,U","20240323",",,U","-36.7",",U,02,","10.0",",U,23,","6692.9","","952.4",",U","-12.39",",U","-7.13",",,,U","-17.65",",,,U"
"USR0000ALIV","2024-04","65.4236","-148.7217","137.2","LIVENGOOD ALASKA, AK US","0.0","","0.0","2,U","2","1,U","27","1,U","3","1,U","0","1,U","0","1,U","20240403",",1,U","20240420",",1,U","-25.6","1,U,03,","17.8","1,U,20,","7179.7","","486.8","1,U","0.58","2,U","8.03","1,,,U","-6.87","1,,,U"
"USR0000ALIV","2024-05","65.4236","-148.7217","137.2","LIVENGOOD ALASKA, AK US","0.0","","0.0",",U","0",",U","17",",U","0",",U","3",",U","0",",U","20240507",",,U","20240529",",,U","-7.8",",U,07,","22.2",",U,29,","7520.2","","340.5",",U","7.35",",U","14.45",",,,U","0.25",",,,U"
"USR0000ALIV","2024-06","65.4236","-148.7217","137.2","LIVENGOOD ALASKA, AK US","10.6","","10.6",",U","0",",U","0",",U","0",",U","29",",U","0",",U","20240601",",,U","20240626",",,U","1.7",",U,01,","31.1",",U,26,","7576.6","","56.4",",U","16.81",",U","25.71",",,,U","7.90",",,,U"
