"STATION","DATE","LATITUDE","LONGITUDE","ELEVATION","NAME","CLDD","CLDD_ATTRIBUTES","DT00","DT00_ATTRIBUTES","DT32","DT32_ATTRIBUTES","DX32","DX32_ATTRIBUTES","DX70","DX70_ATTRIBUTES","DX90","DX90_ATTRIBUTES","DYNT","DYNT_ATTRIBUTES","DYXT","DYXT_ATTRIBUTES","EMNT","EMNT_ATTRIBUTES","EMXT","EMXT_ATTRIBUTES","HDSD","HDSD_ATTRIBUTES","HTDD","HTDD_ATTRIBUTES","TAVG","TAVG_ATTRIBUTES","TMAX","TMAX_ATTRIBUTES","TMIN","TMIN_ATTRIBUTES"
"USR0000IEAG","2000-08","46.8008","-115.5367","1737.4","EAGLE IDAHO, ID US","49.4",",U","0",",U","0",",U","0",",U","26",",U","1",",U","20000827","+,,U","20000809",",,U","4.4",",U,27,+","32.8",",U,09,","","","55.6",",U","18.13",",U","25.21",",,,U","11.05",",,,U"
"USR0000IEAG","2000-09","46.8008","-115.5367","1737.4","EAGLE IDAHO, ID US","5.0",",U","0",",U","4",",U","0",",U","8",",U","0",",U","20000923",",,U","20000914",",,U","-6.7",",U,23,","31.1",",U,14,","","","251.0",",U","10.13",",U","15.54",",,,U","4.72",",,,U"
"USR0000IEAG","2001-07","46.8008","-115.5367","1737.4","EAGLE IDAHO, ID US","27.3",",U","0",",U","0",",U","0",",U","19",",U","0",",U","20010729",",,U","20010704",",,U","3.9",",U,29,","31.1",",U,04,","94.9","","94.9",",U","16.15",",U","21.92",",,,U","10.38",",,,U"
"USR0000IEAG","2001-08","46.8008","-115.5367","1737.4","EAGLE IDAHO, ID US","63.6","1,U","0",",U","0",",U","0","1,U","26","1,U","2","1,U","20010824",",,U","20010812",",1,U","6.1",",U,24,","33.3","1,U,12,","132.1","","37.2","1,U","19.18","1,U","25.86","1,,,U","12.50",",,,U"
"USR0000IEAG","2001-09","46.8008","-115.5367","1737.4","EAGLE IDAHO, ID US","17.3",",U","0",",U","0",",U","0",",U","20",",U","0",",U","20010906",",,U","20010924",",,U","1.1",",U,06,","30.6",",U,24,","241.8","","109.7",",U","15.25",",U","22.08",",,,U","8.43",",,,U"
"USR0000IEAG","2002-08","46.8008","-115.5367","1737.4","EAGLE IDAHO, ID US","4.5",",U","0",",U","0",",U","0",",U","22",",U","0",",U","20020805",",,U","20020830",",,U","3.3",",U,05,","27.2",",U,30,","","","95.4",",U","15.40",",U","22.13",",,,U","8.68",",,,U"
"USR0000IEAG","2002-09","46.8008","-115.5367","1737.4","EAGLE IDAHO, ID US","13.1",",U","0",",U","2",",U","0",",U","10",",U","0",",U","20020930",",,U","20020914",",,U","-1.7",",U,30,","31.1",",U,14,","","","188.1",",U","12.50",",U","18.66",",,,U","6.34",",,,U"
"USR0000IEAG","2003-07","46.8008","-115.5367","1737.4","EAGLE IDAHO, ID US","104.8",",U","0",",U","0",",U","0",",U","28",",U","7",",U","20030702",",,U","20030722","+,,U","5.6",",U,02,","32.8",",U,22,+","30.3","","30.3",",U","20.74",",U","27.65",",,,U","13.82",",,,U"
"USR0000IEAG","2003-08","46.8008","-115.5367","1737.4","EAGLE IDAHO, ID US","69.8",",U","0",",U","0",",U","0",",U","28",",U","4",",U","20030829","+,,U","20030815",",,U","8.3",",U,29,+","37.2",",U,15,","55.9","","25.6",",U","19.76",",U","26.73",",,,U","12.78",",,,U"
"USR0000IEAG","2003-09","46.8008","-115.5367","1737.4","EAGLE IDAHO, ID US","27.8","2,U","0","1,U","3","1,U","0","1,U","14","1,U","0","1,U","20030918","+,1,U","20030904",",1,U","0.0","1,U,18,+","31.7","1,U,04,","211.5","","155.6","1,U","13.70","2,U","20.07","1,,,U","7.33","1,,,U"
"USR0000IEAG","2004-07","46.8008","-115.5367","1737.4","EAGLE IDAHO, ID US","59.6","1,U","0","1,U","0","1,U","0","1,U","25","1,U","1","1,U","20040708",",1,U","20040717",",1,U","2.8","1,U,08,","32.8","1,U,17,","47.4","","47.4","1,U","18.74","1,U","25.60","1,,,U","11.88","1,,,U"
"USR0000IEAG","2004-08","46.8008","-115.5367","1737.4","EAGLE IDAHO, ID US","55.3",",U","0",",U","0",",U","0",",U","23",",U","1",",U","20040826","+,,U","20040814",",,U","5.0",",U,26,+","33.9",",U,14,","137.0","","89.6",",U","17.23",",U","23.45",",,,U","11.00",",,,U"
"USR0000IEAG","2004-09","46.8008","-115.5367","1737.4","EAGLE IDAHO, ID US","0.0",",U","0",",U","0",",U","0",",U","6",",U","0",",U","20040921","+,,U","20040927",",,U","0.6",",U,21,+","24.4",",U,27,","389.6","","252.6",",U","9.91",",U","14.80",",,,U","5.02",",,,U"
"USR0000IEAG","2005-08","46.8008","-115.5367","1737.4","EAGLE IDAHO, ID US","60.7",",U","0",",U","0",",U","0",",U","24",",U","1",",U","20050830",",,U","20050821",",,U","3.3",",U,30,","33.3",",U,21,","","","62.7",",U","18.27",",U","25.17",",,,U","11.36",",,,U"
"USR0000IEAG","2005-09","46.8008","-115.5367","1737.4","EAGLE IDAHO, ID US","3.9",",U","0",",U","3",",U","0",",U","8",",U","0",",U","20050925","+,,U","20050902",",,U","0.0",",U,25,+","28.9",",U,02,","","","216.1",",U","11.26",",U","17.20",",,,U","5.32",",,,U"
"USR0000IEAG","2006-07","46.8008","-115.5367","1737.4","EAGLE IDAHO, ID US","92.5",",U","0",",U","0",",U","0",",U","30",",U","4",",U","20060731",",,U","20060722",",,U","4.4",",U,31,","34.4",",U,22,","20.9","","20.9",",U","20.64",",U","27.48",",,,U","13.80",",,,U"
"USR0000IEAG","2006-08","46.8008","-115.5367","1737.4","EAGLE IDAHO, ID US","34.5",",U","0",",U","0",",U","0",",U","26",",U","0",",U","20060831",",,U","20060821","+,,U","1.7",",U,31,","31.7",",U,21,+","86.5","","65.6",",U","17.33",",U","24.30",",,,U","10.36",",,,U"
"USR0000IEAG","2006-09","46.8008","-115.5367","1737.4","EAGLE IDAHO, ID US","30.5",",U","0",",U","3",",U","0",",U","14",",U","0",",U","20060921","+,,U","20060905",",,U","0.0",",U,21,+","31.1",",U,05,","262.0","","175.5",",U","13.50",",U","19.33",",,,U","7.67",",,,U"
"USR0000IEAG","2007-08","46.8008","-115.5367","1737.4","EAGLE IDAHO, ID US","41.2",",U","0",",U","0",",U","0",",U","25",",U","0",",U","20070819",",,U","20070802",",,U","5.0",",U,19,","31.7",",U,02,","","","58.7",",U","17.77",",U","24.49",",,,U","11.05",",,,U"
"USR0000IEAG","2007-09","46.8008","-115.5367","1737.4","EAGLE IDAHO, ID US","5.9",",U","0",",U","4",",U","0",",U","12",",U","0",",U","20070930",",,U","20070903",",,U","-2.2",",U,30,","28.9",",U,03,","","","201.1",",U","11.82",",U","18.05",",,,U","5.60",",,,U"
"USR0000IEAG","2008-08","46.8008","-115.5367","1737.4","EAGLE IDAHO, ID US","49.1",",U","0",",U","0",",U","0",",U","19",",U","3",",U","20080826",",,U","20080818",",,U","1.7",",U,26,","36.1",",U,18,","","","104.6",",U","16.54",",U","23.09",",,,U","10.00",",,,U"
"USR0000IEAG","2008-09","46.8008","-115.5367","1737.4","EAGLE IDAHO, ID US","17.3",",U","0",",U","2",",U","0",",U","10",",U","0",",U","20080923",",,U","20080930","+,,U","-2.2",",U,23,","28.9",",U,30,+","","","170.1",",U","13.24",",U","19.30",",,,U","7.17",",,,U"
"USR0000IEAG","2009-08","46.8008","-115.5367","1737.4","EAGLE IDAHO, ID US","40.3",",U","0",",U","0",",U","0",",U","23",",U","0",",U","20090815","+,,U","20090828",",,U","3.9",",U,15,+","31.1",",U,28,","","","83.5",",U","16.94",",U","22.80",",,,U","11.08",",,,U"
"USR0000IEAG","2009-09","46.8008","-115.5367","1737.4","EAGLE IDAHO, ID US","25.3",",U","0",",U","2",",U","0",",U","21",",U","0",",U","20090930",",,U","20090923",",,U","-2.2",",U,30,","31.1",",U,23,","","","116.9",",U","15.28",",U","21.94",",,,U","8.61",",,,U"
"USR0000IEAG","2010-08","46.8008","-115.5367","1737.4","EAGLE IDAHO, ID US","29.0","2,U","0","2,U","0","2,U","0","2,U","21","2,U","1","2,U","20100827",",2,U","20100826",",2,U","2.2","2,U,27,","33.3","2,U,26,","","","90.1","2,U","16.23","2,U","22.97","2,,,U","9.48","2,,,U"
"USR0000IEAG","2010-09","46.8008","-115.5367","1737.4","EAGLE IDAHO, ID US","1.4","3,U","0","3,U","0","3,U","0","3,U","6","3,U","0","3,U","20100906","+,3,U","20100903",",3,U","0.6","3,U,06,+","27.2","3,U,03,","","","182.9","3,U","11.61","3,U","17.13","3,,,U","6.10","3,,,U"
"USR0000IEAG","2011-08","46.8008","-115.5367","1737.4","EAGLE IDAHO, ID US","43.9",",U","0",",U","0",",U","0",",U","28",",U","0",",U","20110831",",,U","20110824",",,U","5.6",",U,31,","31.1",",U,24,","","","31.3",",U","18.74",",U","25.17",",,,U","12.32",",,,U"
"USR0000IEAG","2011-09","46.8008","-115.5367","1737.4","EAGLE IDAHO, ID US","46.5",",U","0",",U","0",",U","0",",U","19",",U","1",",U","20110928",",,U","20110924",",,U","1.7",",U,28,","32.8",",U,24,","","","101.1",",U","16.51",",U","23.13",",,,U","9.90",",,,U"
"USR0000IEAG","2012-07","46.8008","-115.5367","1737.4","EAGLE IDAHO, ID US","70.0",",U","0",",U","0",",U","0",",U","27",",U","1",",U","20120704",",,U","20120708",",,U","2.8",",U,04,","32.8",",U,08,","36.4","","36.4",",U","19.42",",U","26.03",",,,U","12.81",",,,U"
"USR0000IEAG","2012-08","46.8008","-115.5367","1737.4","EAGLE IDAHO, ID US","69.2",",U","0",",U","0",",U","0",",U","29",",U","1",",U","20120824",",,U","20120807",",,U","2.8",",U,24,","32.2",",U,07,","65.1","","28.7",",U","19.64",",U","26.47",",,,U","12.81",",,,U"
"USR0000IEAG","2012-09","46.8008","-115.5367","1737.4","EAGLE IDAHO, ID US","12.5",",U","0",",U","1",",U","0",",U","21",",U","0",",U","20120911",",,U","20120914",",,U","-0.6",",U,11,","30.0",",U,14,","157.3","","92.2",",U","15.68",",U","22.38",",,,U","8.97",",,,U"
