"STATION","DATE","LATITUDE","LONGITUDE","ELEVATION","NAME","CDSD","CDSD_ATTRIBUTES","CLDD","CLDD_ATTRIBUTES","DT00","DT00_ATTRIBUTES","DT32","DT32_ATTRIBUTES","DX32","DX32_ATTRIBUTES","DX70","DX70_ATTRIBUTES","DX90","DX90_ATTRIBUTES","DYNT","DYNT_ATTRIBUTES","DYXT","DYXT_ATTRIBUTES","EMNT","EMNT_ATTRIBUTES","EMXT","EMXT_ATTRIBUTES","HDSD","HDSD_ATTRIBUTES","HTDD","HTDD_ATTRIBUTES","TAVG","TAVG_ATTRIBUTES","TMAX","TMAX_ATTRIBUTES","TMIN","TMIN_ATTRIBUTES"
"USR0000CTEM","1985-02","34.4833","-118.6","323.1","TEMESCAL CALIFORNIA, CA US","","","0.0","1,U","0","1,U","7","1,U","0","1,U","11","1,U","0","1,U","19850203",",1,U","19850215",",1,U","-3.8","1,U,03,","28.0","1,U,15,","","","197.5","1,U","11.02","1,U","18.54","1,,,U","3.49","1,,,U"
"USR0000CTEM","1985-04","34.4833","-118.6","323.1","TEMESCAL CALIFORNIA, CA US","","","12.6","3,U","0","3,U","0","3,U","0","3,U","21","3,U","1","3,U","19850418",",3,U","19850413",",3,U","4.9","3,U,18,","35.8","3,U,13,","","","61.1","3,U","16.54","3,U","24.85","3,,,U","8.23","3,,,U"
"USR0000CTEM","1985-05","34.4833","-118.6","323.1","TEMESCAL CALIFORNIA, CA US","","","12.1","2,U","0","1,U","0","1,U","0","2,U","21","2,U","1","2,U","19850512",",1,U","19850523",",2,U","4.5","1,U,12,","32.3","2,U,23,","","","74.1","2,U","16.18","2,U","23.98","2,,,U","8.39","1,,,U"
"USR0000CTEM","1985-10","34.4833","-118.6","323.1","TEMESCAL CALIFORNIA, CA US","","","30.9","2,U","0","2,U","0","2,U","0","2,U","25","2,U","2","2,U","19851022",",2,U","19851003",",2,U","4.9","2,U,22,","37.1","2,U,03,","","","46.3","2,U","17.80","2,U","25.74","2,,,U","9.87","2,,,U"
"USR0000CTEM","1986-02","34.4833","-118.6","323.1","TEMESCAL CALIFORNIA, CA US","","","10.0","2,U","0","2,U","2","2,U","0","1,U","8","1,U","0","1,U","19860210",",2,U","19860227","+,1,U","-2.2","2,U,10,","30.8","1,U,27,+","","","181.2","1,U","12.02","2,U","16.99","1,,,U","7.05","2,,,U"
"USR0000CTEM","1986-03","34.4833","-118.6","323.1","TEMESCAL CALIFORNIA, CA US","","","2.5","1,U","0","1,U","0","1,U","0","1,U","14","1,U","0","1,U","19860317",",1,U","19860326",",1,U","1.8","1,U,17,","30.4","1,U,26,","","","147.8","1,U","13.49","1,U","20.46","1,,,U","6.52","1,,,U"
"USR0000CTEM","1986-04","34.4833","-118.6","323.1","TEMESCAL CALIFORNIA, CA US","","","5.2",",U","0",",U","0",",U","0",",U","15",",U","1",",U","19860404",",,U","19860420",",,U","2.9",",U,04,","32.3",",U,20,","","","130.5",",U","14.16",",U","21.30",",,,U","7.02",",,,U"
"USR0000CTEM","1986-05","34.4833","-118.6","323.1","TEMESCAL CALIFORNIA, CA US","","","24.5",",U","0",",U","0",",U","0",",U","22",",U","3",",U","19860504",",,U","19860525","+,,U","4.5",",U,04,","34.7",",U,25,+","","","67.6",",U","16.94",",U","25.12",",,,U","8.76",",,,U"
"USR0000CTEM","1986-07","34.4833","-118.6","323.1","TEMESCAL CALIFORNIA, CA US","","","102.6",",U","0",",U","0",",U","0",",U","31",",U","8",",U","19860728",",,U","19860720",",,U","9.2",",U,28,","37.4",",U,20,","0.0","U","0.0",",U","21.64",",U","30.74",",,,U","12.55",",,,U"
"USR0000CTEM","1986-08","34.4833","-118.6","323.1","TEMESCAL CALIFORNIA, CA US","","","187.9",",U","0",",U","0",",U","0",",U","31",",U","24",",U","19860816",",,U","19860818",",,U","10.8",",U,16,","38.6",",U,18,","0.0","U","0.0",",U","24.39",",U","34.00",",,,U","14.79",",,,U"
"USR0000CTEM","1986-09","34.4833","-118.6","323.1","TEMESCAL CALIFORNIA, CA US","","","30.8",",U","0",",U","0",",U","0",",U","25",",U","4",",U","19860921",",,U","19860906",",,U","5.7",",U,21,","35.5",",U,06,","53.7","U","53.7",",U","17.57",",U","25.20",",,,U","9.94",",,,U"
"USR0000CTEM","1986-10","34.4833","-118.6","323.1","TEMESCAL CALIFORNIA, CA US","","","21.3",",U","0",",U","0",",U","0",",U","26",",U","0",",U","19861019",",,U","19861007",",,U","4.1",",U,19,","31.6",",U,07,","102.0","U","48.3",",U","17.46",",U","25.84",",,,U","9.08",",,,U"
"USR0000CTEM","1986-11","34.4833","-118.6","323.1","TEMESCAL CALIFORNIA, CA US","","","0.6",",U","0",",U","0",",U","0",",U","22",",U","0",",U","19861114",",,U","19861104","+,,U","2.9",",U,14,","28.8",",U,04,+","190.9","U","88.9",",U","15.39",",U","23.04",",,,U","7.74",",,,U"
"USR0000CTEM","1986-12","34.4833","-118.6","323.1","TEMESCAL CALIFORNIA, CA US","","","0.0",",U","0",",U","1",",U","0",",U","3",",U","0",",U","19861211",",,U","19861203",",,U","-0.2",",U,11,","24.9",",U,03,","417.9","U","227.0",",U","11.01",",U","18.66",",,,U","3.36",",,,U"
"USR0000CTEM","1987-01","34.4833","-118.6","323.1","TEMESCAL CALIFORNIA, CA US","0.0","U","0.0",",U","0",",U","10",",U","0",",U","3",",U","0",",U","19870117",",,U","19870126",",,U","-3.7",",U,17,","26.1",",U,26,","701.3","U","283.4",",U","9.19",",U","16.20",",,,U","2.19",",,,U"
"USR0000CTEM","1987-02","34.4833","-118.6","323.1","TEMESCAL CALIFORNIA, CA US","0.9","U","0.9",",U","0",",U","5",",U","0",",U","7",",U","0",",U","19870224",",,U","19870207",",,U","-2.9",",U,24,","23.7",",U,07,","911.8","U","210.5",",U","10.85",",U","17.41",",,,U","4.29",",,,U"
"USR0000CTEM","1987-03","34.4833","-118.6","323.1","TEMESCAL CALIFORNIA, CA US","0.9","U","0.0",",U","0",",U","1",",U","0",",U","10",",U","0",",U","19870322",",,U","19870331",",,U","-1.0",",U,22,","27.3",",U,31,","1126.2","U","214.4",",U","11.42",",U","18.43",",,,U","4.40",",,,U"
"USR0000CTEM","1987-04","34.4833","-118.6","323.1","TEMESCAL CALIFORNIA, CA US","29.3","U","28.4","3,U","0","2,U","0","2,U","0","3,U","22","3,U","2","3,U","19870402","+,2,U","19870415",",3,U","2.6","2,U,02,+","33.9","3,U,15,","1172.5","U","46.3","3,U","17.72","3,U","26.13","3,,,U","9.31","2,,,U"
"USR0000CTEM","1987-05","34.4833","-118.6","323.1","TEMESCAL CALIFORNIA, CA US","82.5","U","53.2",",U","0",",U","0",",U","0",",U","23",",U","6",",U","19870526",",,U","19870505",",,U","5.7",",U,26,","36.3",",U,05,","1229.9","U","57.4",",U","18.20",",U","26.11",",,,U","10.29",",,,U"
"USR0000CTEM","1987-06","34.4833","-118.6","323.1","TEMESCAL CALIFORNIA, CA US","136.7","U","54.2","2,U","0","1,U","0","1,U","0","2,U","28","2,U","5","2,U","19870616",",1,U","19870605",",2,U","9.2","1,U,16,","36.3","2,U,05,","1238.8","U","8.9","2,U","19.99","2,U","28.45","2,,,U","11.52","1,,,U"
"USR0000CTEM","1987-07","34.4833","-118.6","323.1","TEMESCAL CALIFORNIA, CA US","189.8","U","53.1","2,U","0","2,U","0","2,U","0",",U","30",",U","7",",U","19870720",",2,U","19870731",",,U","8.4","2,U,20,","38.2",",U,31,","6.1","U","6.1",",U","20.01","2,U","28.55",",,,U","11.46","2,,,U"
"USR0000CTEM","1987-08","34.4833","-118.6","323.1","TEMESCAL CALIFORNIA, CA US","310.9","U","121.1",",U","0",",U","0",",U","0",",U","30",",U","13",",U","19870824","+,,U","19870801",",,U","8.4",",U,24,+","37.1",",U,01,","7.3","U","1.2",",U","22.20",",U","31.07",",,,U","13.33",",,,U"
"USR0000CTEM","1987-09","34.4833","-118.6","323.1","TEMESCAL CALIFORNIA, CA US","417.9","U","107.0",",U","0",",U","0",",U","0",",U","30",",U","12",",U","19870906",",,U","19870901",",,U","8.4",",U,06,","40.6",",U,01,","11.7","U","4.4",",U","21.75",",U","31.17",",,,U","12.33",",,,U"
"USR0000CTEM","1987-10","34.4833","-118.6","323.1","TEMESCAL CALIFORNIA, CA US","480.7","U","62.8","1,U","0","1,U","0","1,U","0","1,U","26","1,U","5","1,U","19871017","+,1,U","19871004","+,1,U","8.1","1,U,17,+","39.4","1,U,04,+","38.4","U","26.7","1,U","19.54","1,U","26.66","1,,,U","12.41","1,,,U"
"USR0000CTEM","1987-11","34.4833","-118.6","323.1","TEMESCAL CALIFORNIA, CA US","480.7","U","0.0",",U","0",",U","1",",U","0",",U","8",",U","0",",U","19871128",",,U","19871109",",,U","-0.2",",U,28,","26.1",",U,09,","197.8","U","159.4",",U","13.02",",U","19.64",",,,U","6.40",",,,U"
"USR0000CTEM","1987-12","34.4833","-118.6","323.1","TEMESCAL CALIFORNIA, CA US","480.7","U","0.0",",U","0",",U","10",",U","0",",U","2",",U","0",",U","19871225",",,U","19871210",",,U","-6.1",",U,25,","24.9",",U,10,","526.0","U","328.2",",U","7.75",",U","13.47",",,,U","2.03",",,,U"
"USR0000CTEM","1988-01","34.4833","-118.6","323.1","TEMESCAL CALIFORNIA, CA US","0.0","U","0.0",",U","0",",U","1",",U","0",",U","8",",U","0",",U","19880121",",,U","19880127",",,U","-1.4",",U,21,","24.1",",U,27,","777.9","U","251.9",",U","10.21",",U","16.96",",,,U","3.45",",,,U"
"USR0000CTEM","1988-02","34.4833","-118.6","323.1","TEMESCAL CALIFORNIA, CA US","0.0","U","0.0",",U","0",",U","0",",U","0",",U","18",",U","0",",U","19880218",",,U","19880225","+,,U","0.6",",U,18,","26.9",",U,25,+","919.1","U","141.2",",U","13.46",",U","21.01",",,,U","5.92",",,,U"
"USR0000CTEM","1988-03","34.4833","-118.6","323.1","TEMESCAL CALIFORNIA, CA US","9.4","U","9.4",",U","0",",U","0",",U","0",",U","20",",U","1",",U","19880315","+,,U","19880326",",,U","1.4",",U,15,+","34.3",",U,26,","1054.0","U","134.9",",U","14.28",",U","22.13",",,,U","6.44",",,,U"
"USR0000CTEM","1988-04","34.4833","-118.6","323.1","TEMESCAL CALIFORNIA, CA US","23.4","U","14.0",",U","0",",U","0",",U","0",",U","17",",U","1",",U","19880424",",,U","19880405",",,U","2.2",",U,24,","32.7",",U,05,","1178.8","U","124.8",",U","14.64",",U","22.30",",,,U","6.98",",,,U"
"USR0000CTEM","1988-05","34.4833","-118.6","323.1","TEMESCAL CALIFORNIA, CA US","64.6","U","41.2",",U","0",",U","0",",U","0",",U","22",",U","7",",U","19880506",",,U","19880511",",,U","1.8",",U,06,","36.3",",U,11,","1249.9","U","71.1",",U","17.37",",U","25.73",",,,U","9.01",",,,U"
"USR0000CTEM","1988-06","34.4833","-118.6","323.1","TEMESCAL CALIFORNIA, CA US","114.8","U","50.2",",U","0",",U","0",",U","0",",U","26",",U","6",",U","19880607",",,U","19880627",",,U","3.3",",U,07,","36.3",",U,27,","1280.9","U","31.0",",U","18.97",",U","27.75",",,,U","10.19",",,,U"
"USR0000CTEM","1988-07","34.4833","-118.6","323.1","TEMESCAL CALIFORNIA, CA US","270.6","U","155.8",",U","0",",U","0",",U","0",",U","31",",U","15",",U","19880705","+,,U","19880717",",,U","11.6",",U,05,+","37.8",",U,17,","0.0","U","0.0",",U","23.36",",U","32.22",",,,U","14.50",",,,U"
"USR0000CTEM","1988-08","34.4833","-118.6","323.1","TEMESCAL CALIFORNIA, CA US","394.8","U","124.2",",U","0",",U","0",",U","0",",U","31",",U","10",",U","19880812","+,,U","19880830","+,,U","10.0",",U,12,+","36.3",",U,30,+","0.0","U","0.0",",U","22.34",",U","30.89",",,,U","13.79",",,,U"
"USR0000CTEM","1988-09","34.4833","-118.6","323.1","TEMESCAL CALIFORNIA, CA US","501.9","U","107.1",",U","0",",U","0",",U","0",",U","28",",U","10",",U","19880925","+,,U","19880903",",,U","7.7",",U,25,+","43.3",",U,03,","16.6","U","16.6",",U","21.35",",U","30.07",",,,U","12.62",",,,U"
"USR0000CTEM","1988-10","34.4833","-118.6","323.1","TEMESCAL CALIFORNIA, CA US","552.8","U","50.9","1,U","0","1,U","0","1,U","0","1,U","27","1,U","6","1,U","19881025",",1,U","19881017",",1,U","5.7","1,U,25,","37.1","1,U,17,","54.7","U","38.1","1,U","18.76","1,U","27.34","1,,,U","10.18","1,,,U"
"USR0000CTEM","1988-11","34.4833","-118.6","323.1","TEMESCAL CALIFORNIA, CA US","561.7","U","8.9","2,U","0","2,U","0","2,U","0","2,U","10","2,U","1","2,U","19881120",",2,U","19881105",",2,U","1.0","2,U,20,","33.2","2,U,05,","208.4","U","153.7","2,U","13.16","2,U","19.79","2,,,U","6.54","2,,,U"
"USR0000CTEM","1988-12","34.4833","-118.6","323.1","TEMESCAL CALIFORNIA, CA US","561.8","U","0.1",",U","0",",U","5",",U","0",",U","10",",U","0",",U","19881227",",,U","19881206",",,U","-3.7",",U,27,","28.8",",U,06,","463.6","U","255.2",",U","10.10",",U","15.97",",,,U","4.24",",,,U"
"USR0000CTEM","1989-01","34.4833","-118.6","323.1","TEMESCAL CALIFORNIA, CA US","0.0","U","0.0",",U","0",",U","7",",U","0",",U","5",",U","0",",U","19890107",",,U","19890130",",,U","-3.3",",U,07,","23.7",",U,30,","728.8","U","265.2",",U","9.78",",U","16.34",",,,U","3.22",",,,U"
"USR0000CTEM","1989-02","34.4833","-118.6","323.1","TEMESCAL CALIFORNIA, CA US","0.0","U","0.0",",U","0",",U","9",",U","0",",U","9",",U","0",",U","19890213",",,U","19890222",",,U","-2.6",",U,13,","27.7",",U,22,","983.6","U","254.8",",U","9.23",",U","15.82",",,,U","2.65",",,,U"
"USR0000CTEM","1989-03","34.4833","-118.6","323.1","TEMESCAL CALIFORNIA, CA US","2.8","U","2.8","1,U","0","1,U","0","1,U","0",",U","20",",U","0",",U","19890304",",1,U","19890331","+,,U","1.0","1,U,04,","30.0",",U,31,+","1123.7","U","140.1",",U","13.76","1,U","21.52",",,,U","6.00","1,,,U"
"USR0000CTEM","1989-04","34.4833","-118.6","323.1","TEMESCAL CALIFORNIA, CA US","36.7","U","33.9",",U","0",",U","0",",U","0",",U","24",",U","4",",U","19890427","+,,U","19890406",",,U","2.6",",U,27,+","37.8",",U,06,","1195.4","U","71.7",",U","17.07",",U","24.93",",,,U","9.22",",,,U"
"USR0000CTEM","1989-05","34.4833","-118.6","323.1","TEMESCAL CALIFORNIA, CA US","52.6","U","15.9",",U","0",",U","0",",U","0",",U","23",",U","0",",U","19890513","+,,U","19890504",",,U","5.3",",U,13,+","31.6",",U,04,","1263.0","U","67.6",",U","16.66",",U","24.79",",,,U","8.54",",,,U"
"USR0000CTEM","1989-06","34.4833","-118.6","323.1","TEMESCAL CALIFORNIA, CA US","107.4","U","54.8","1,U","0","1,U","0","1,U","0","1,U","25","1,U","8","1,U","19890606",",1,U","19890621",",1,U","7.3","1,U,06,","37.4","1,U,21,","1289.2","U","26.2","1,U","19.32","1,U","27.73","1,,,U","10.90","1,,,U"
"USR0000CTEM","1990-01","34.4833","-118.6","323.1","TEMESCAL CALIFORNIA, CA US","0.5","U","0.5",",U","0",",U","1",",U","0",",U","11",",U","0",",U","19900119",",,U","19900110","+,,U","-0.2",",U,19,","30.4",",U,10,+","","","194.8",",U","12.06",",U","19.76",",,,U","4.37",",,,U"
"USR0000CTEM","1990-02","34.4833","-118.6","323.1","TEMESCAL CALIFORNIA, CA US","10.0","U","9.5",",U","0",",U","4",",U","0",",U","10",",U","1",",U","19900215",",,U","19900223",",,U","-4.9",",U,15,","32.7",",U,23,","","","198.4",",U","11.59",",U","18.97",",,,U","4.20",",,,U"
"USR0000CTEM","1990-03","34.4833","-118.6","323.1","TEMESCAL CALIFORNIA, CA US","16.2","U","6.2","1,U","0","1,U","1","1,U","0",",U","15",",U","0",",U","19900312",",1,U","19900321",",,U","-1.0","1,U,12,","30.8",",U,21,","","","138.1",",U","13.93","1,U","21.57",",,,U","6.28","1,,,U"
"USR0000CTEM","1990-04","34.4833","-118.6","323.1","TEMESCAL CALIFORNIA, CA US","37.2","U","21.0",",U","0",",U","0",",U","0",",U","20",",U","3",",U","19900409",",,U","19900412",",,U","4.9",",U,09,","34.3",",U,12,","","","66.2",",U","16.83",",U","24.28",",,,U","9.38",",,,U"
"USR0000CTEM","1990-05","34.4833","-118.6","323.1","TEMESCAL CALIFORNIA, CA US","62.3","U","25.1",",U","0",",U","0",",U","0",",U","27",",U","3",",U","19900501",",,U","19900505",",,U","4.9",",U,01,","38.2",",U,05,","","","58.4",",U","17.26",",U","25.59",",,,U","8.93",",,,U"
"USR0000CTEM","1990-06","34.4833","-118.6","323.1","TEMESCAL CALIFORNIA, CA US","157.9","U","95.6","2,U","0","2,U","0","2,U","0","1,U","27","1,U","9","1,U","19900601",",2,U","19900626",",1,U","8.1","2,U,01,","42.6","1,U,26,","","","7.8","1,U","21.57","2,U","28.64","1,,,U","14.50","2,,,U"
"USR0000CTEM","1990-07","34.4833","-118.6","323.1","TEMESCAL CALIFORNIA, CA US","386.4","U","228.5",",U","0",",U","0",",U","0",",U","31",",U","24",",U","19900709",",,U","19900712",",,U","11.2",",U,09,","41.4",",U,12,","0.0","U","0.0",",U","25.70",",U","34.56",",,,U","16.85",",,,U"
"USR0000CTEM","1990-08","34.4833","-118.6","323.1","TEMESCAL CALIFORNIA, CA US","528.1","U","141.7","3,U","0","3,U","0","3,U","0","2,U","25","2,U","16","2,U","19900826",",3,U","19900805",",2,U","10.4","3,U,26,","39.8","2,U,05,","4.2","U","4.2","2,U","23.40","3,U","30.84","2,,,U","15.96","3,,,U"
"USR0000CTEM","1990-09","34.4833","-118.6","323.1","TEMESCAL CALIFORNIA, CA US","655.0","U","126.9",",U","0",",U","0",",U","0",",U","28",",U","10",",U","19900925",",,U","19900907",",,U","11.6",",U,25,","41.0",",U,07,","7.7","U","3.5",",U","22.45",",U","29.46",",,,U","15.43",",,,U"
"USR0000CTEM","1990-12","34.4833","-118.6","323.1","TEMESCAL CALIFORNIA, CA US","","","11.1","2,U","0","2,U","12","2,U","0","2,U","11","2,U","0","2,U","19901223",",2,U","19901205",",2,U","-6.1","2,U,23,","26.1","2,U,05,","","","242.3","2,U","10.36","2,U","17.09","2,,,U","3.63","2,,,U"
"USR0000CTEM","1991-01","34.4833","-118.6","323.1","TEMESCAL CALIFORNIA, CA US","0.5","","0.5",",U","0",",U","4",",U","0",",U","6",",U","0",",U","19910128",",,U","19910113",",,U","-1.4",",U,28,","24.9",",U,13,","","","216.8",",U","11.35",",U","18.76",",,,U","3.95",",,,U"
"USR0000CTEM","1991-03","34.4833","-118.6","323.1","TEMESCAL CALIFORNIA, CA US","","","8.0",",U","0",",U","2",",U","0",",U","3",",U","0",",U","19910316",",,U","19910330",",,U","-1.8",",U,16,","31.9",",U,30,","","","260.9",",U","10.17",",U","16.43",",,,U","3.92",",,,U"
"USR0000CTEM","1991-04","34.4833","-118.6","323.1","TEMESCAL CALIFORNIA, CA US","","","66.6",",U","0",",U","0",",U","0",",U","18",",U","6",",U","19910418",",,U","19910405","+,,U","3.7",",U,18,","37.4",",U,05,+","","","76.9",",U","17.99",",U","25.16",",,,U","10.82",",,,U"
"USR0000CTEM","1991-05","34.4833","-118.6","323.1","TEMESCAL CALIFORNIA, CA US","","","12.8",",U","0",",U","0",",U","0",",U","20",",U","1",",U","19910502",",,U","19910507",",,U","2.9",",U,02,","33.9",",U,07,","","","107.4",",U","15.28",",U","23.08",",,,U","7.48",",,,U"
"USR0000CTEM","1991-06","34.4833","-118.6","323.1","TEMESCAL CALIFORNIA, CA US","","","20.5",",U","0",",U","0",",U","0",",U","29",",U","1",",U","19910601",",,U","19910630",",,U","7.7",",U,01,","35.9",",U,30,","","","24.3",",U","18.21",",U","26.19",",,,U","10.22",",,,U"
"USR0000CTEM","1991-07","34.4833","-118.6","323.1","TEMESCAL CALIFORNIA, CA US","","","107.5",",U","0",",U","0",",U","0",",U","31",",U","10",",U","19910716",",,U","19910705",",,U","9.6",",U,16,","37.1",",U,05,","1.9","","1.9",",U","21.74",",U","30.07",",,,U","13.40",",,,U"
"USR0000CTEM","1991-08","34.4833","-118.6","323.1","TEMESCAL CALIFORNIA, CA US","","","145.9",",U","0",",U","0",",U","0",",U","31",",U","16",",U","19910806",",,U","19910823",",,U","10.0",",U,06,","39.4",",U,23,","2.4","","0.5",",U","23.02",",U","31.94",",,,U","14.11",",,,U"
"USR0000CTEM","1991-09","34.4833","-118.6","323.1","TEMESCAL CALIFORNIA, CA US","","","138.4","2,U","0","1,U","0","1,U","0","1,U","28","1,U","17","1,U","19910911",",1,U","19910917",",1,U","9.2","1,U,11,","40.2","1,U,17,","5.0","","2.6","1,U","23.23","2,U","32.10","1,,,U","14.35","1,,,U"
