"STATION","DATE","LATITUDE","LONGITUDE","ELEVATION","NAME","CLDD","CLDD_ATTRIBUTES","DT00","DT00_ATTRIBUTES","DT32","DT32_ATTRIBUTES","DX32","DX32_ATTRIBUTES","DX70","DX70_ATTRIBUTES","DX90","DX90_ATTRIBUTES","DYNT","DYNT_ATTRIBUTES","DYXT","DYXT_ATTRIBUTES","EMNT","EMNT_ATTRIBUTES","EMXT","EMXT_ATTRIBUTES","HDSD","HDSD_ATTRIBUTES","HTDD","HTDD_ATTRIBUTES","TAVG","TAVG_ATTRIBUTES","TMAX","TMAX_ATTRIBUTES","TMIN","TMIN_ATTRIBUTES"
"USR0000CRTL","1992-08","36.4069","-118.4217","2621.3","RATTLESNAKE CALIFORNIA, CA US","20.7",",U","0",",U","0",",U","0",",U","26",",U","0",",U","19920831","+,,U","19920810",",,U","4.4",",U,31,+","27.8",",U,10,","","","52.9",",U","17.30",",U","23.75",",,,U","10.85",",,,U"
"USR0000CRTL","1992-09","36.4069","-118.4217","2621.3","RATTLESNAKE CALIFORNIA, CA US","0.3",",U","0",",U","1",",U","0",",U","17",",U","0",",U","19920904",",,U","19920921","+,,U","0.0",",U,04,","24.4",",U,21,+","","","95.1",",U","15.17",",U","21.46",",,,U","8.88",",,,U"
"USR0000CRTL","1992-10","36.4069","-118.4217","2621.3","RATTLESNAKE CALIFORNIA, CA US","0.0",",U","0",",U","5",",U","0",",U","3",",U","0",",U","19921031",",,U","19921011",",,U","-4.4",",U,31,","22.2",",U,11,","","","252.5",",U","10.19",",U","16.25",",,,U","4.12",",,,U"
"USR0000CRTL","1993-08","36.4069","-118.4217","2621.3","RATTLESNAKE CALIFORNIA, CA US","12.2",",U","0",",U","0",",U","0",",U","24",",U","0",",U","19930816",",,U","19930802","+,,U","2.8",",U,16,","28.3",",U,02,+","","","86.0",",U","15.95",",U","22.65",",,,U","9.25",",,,U"
"USR0000CRTL","1993-09","36.4069","-118.4217","2621.3","RATTLESNAKE CALIFORNIA, CA US","4.7",",U","0",",U","1",",U","0",",U","16",",U","0",",U","19930917",",,U","19930909",",,U","-0.6",",U,17,","27.2",",U,09,","","","130.6",",U","14.14",",U","20.79",",,,U","7.49",",,,U"
"USR0000CRTL","1994-08","36.4069","-118.4217","2621.3","RATTLESNAKE CALIFORNIA, CA US","27.2","2,U","0","2,U","0","2,U","0","2,U","28","2,U","0","2,U","19940822",",2,U","19940815",",2,U","7.2","2,U,22,","29.4","2,U,15,","","","16.5","2,U","18.70","2,U","25.47","2,,,U","11.94","2,,,U"
"USR0000CRTL","1994-09","36.4069","-118.4217","2621.3","RATTLESNAKE CALIFORNIA, CA US","0.0",",U","0",",U","2",",U","0",",U","8",",U","0",",U","19940913",",,U","19940907",",,U","-2.2",",U,13,","24.4",",U,07,","","","168.5",",U","12.72",",U","19.09",",,,U","6.34",",,,U"
"USR0000CRTL","1995-08","36.4069","-118.4217","2621.3","RATTLESNAKE CALIFORNIA, CA US","8.6",",U","0",",U","0",",U","0",",U","29",",U","0",",U","19950817",",,U","19950802",",,U","6.1",",U,17,","26.7",",U,02,","","","49.2",",U","17.02",",U","23.36",",,,U","10.69",",,,U"
"USR0000CRTL","1995-09","36.4069","-118.4217","2621.3","RATTLESNAKE CALIFORNIA, CA US","0.0",",U","0",",U","2",",U","0",",U","21",",U","0",",U","19950929",",,U","19950913",",,U","-1.7",",U,29,","25.0",",U,13,","","","108.3",",U","14.72",",U","21.27",",,,U","8.18",",,,U"
"USR0000CRTL","1997-09","36.4069","-118.4217","2621.3","RATTLESNAKE CALIFORNIA, CA US","0.0","2,U","0","2,U","0","2,U","0","2,U","15","2,U","0","2,U","19970919",",2,U","19970928","+,2,U","1.1","2,U,19,","23.3","2,U,28,+","","","122.6","2,U","13.95","2,U","20.36","2,,,U","7.55","2,,,U"
"USR0000CRTL","1999-07","36.4069","-118.4217","2621.3","RATTLESNAKE CALIFORNIA, CA US","8.8",",U","0",",U","0",",U","0",",U","24",",U","0",",U","19990721",",,U","19990701",",,U","3.9",",U,21,","30.6",",U,01,","68.3","","68.3",",U","16.41",",U","23.24",",,,U","9.59",",,,U"
"USR0000CRTL","1999-08","36.4069","-118.4217","2621.3","RATTLESNAKE CALIFORNIA, CA US","0.6",",U","0",",U","0",",U","0",",U","23",",U","0",",U","19990811",",,U","19990828","+,,U","2.8",",U,11,","26.7",",U,28,+","156.0","","87.7",",U","15.52",",U","22.67",",,,U","8.37",",,,U"
"USR0000CRTL","1999-09","36.4069","-118.4217","2621.3","RATTLESNAKE CALIFORNIA, CA US","0.0",",U","0",",U","1",",U","0",",U","22",",U","0",",U","19990902",",,U","19990927","+,,U","0.0",",U,02,","25.6",",U,27,+","259.3","","103.3",",U","14.89",",U","21.82",",,,U","7.96",",,,U"
"USR0000CRTL","2000-06","36.4069","-118.4217","2621.3","RATTLESNAKE CALIFORNIA, CA US","7.5","1,U","0","1,U","2","1,U","0","1,U","25","1,U","0","1,U","20000609",",1,U","20000615",",1,U","-1.7","1,U,09,","30.0","1,U,15,","","","78.0","1,U","15.90","1,U","22.99","1,,,U","8.82","1,,,U"
"USR0000CRTL","2000-07","36.4069","-118.4217","2621.3","RATTLESNAKE CALIFORNIA, CA US","26.3","1,U","0",",U","0",",U","0","1,U","25","1,U","0","1,U","20000704",",,U","20000731","+,1,U","3.3",",U,04,","29.4","1,U,31,+","63.3","","63.3","1,U","17.11","1,U","24.57","1,,,U","9.65",",,,U"
"USR0000CRTL","2000-08","36.4069","-118.4217","2621.3","RATTLESNAKE CALIFORNIA, CA US","12.3",",U","0",",U","0",",U","0",",U","27",",U","0",",U","20000831",",,U","20000815",",,U","5.0",",U,31,","28.3",",U,15,","118.4","","55.1",",U","16.95",",U","23.78",",,,U","10.13",",,,U"
"USR0000CRTL","2000-09","36.4069","-118.4217","2621.3","RATTLESNAKE CALIFORNIA, CA US","6.5",",U","0",",U","4",",U","0",",U","18",",U","0",",U","20000923",",,U","20000917",",,U","-1.1",",U,23,","27.8",",U,17,","240.2","","121.8",",U","14.49",",U","21.93",",,,U","7.04",",,,U"
"USR0000CRTL","2001-07","36.4069","-118.4217","2621.3","RATTLESNAKE CALIFORNIA, CA US","14.7",",U","0",",U","0",",U","0",",U","24",",U","0",",U","20010716",",,U","20010726","+,,U","3.9",",U,16,","28.3",",U,26,+","92.3","","92.3",",U","15.83",",U","22.79",",,,U","8.86",",,,U"
"USR0000CRTL","2001-08","36.4069","-118.4217","2621.3","RATTLESNAKE CALIFORNIA, CA US","37.4",",U","0",",U","0",",U","0",",U","31",",U","0",",U","20010821","+,,U","20010827",",,U","7.2",",U,21,+","29.4",",U,27,","106.8","","14.5",",U","19.07",",U","26.63",",,,U","11.51",",,,U"
"USR0000CRTL","2001-09","36.4069","-118.4217","2621.3","RATTLESNAKE CALIFORNIA, CA US","0.0",",U","0",",U","0",",U","0",",U","27",",U","0",",U","20010913","+,,U","20010921",",,U","6.1",",U,13,+","25.0",",U,21,","188.4","","81.6",",U","15.61",",U","22.73",",,,U","8.50",",,,U"
"USR0000CRTL","2002-07","36.4069","-118.4217","2621.3","RATTLESNAKE CALIFORNIA, CA US","41.1",",U","0",",U","0",",U","0",",U","31",",U","0",",U","20020703",",,U","20020710","+,,U","8.9",",U,03,","31.7",",U,10,+","13.4","","13.4",",U","19.23",",U","26.25",",,,U","12.21",",,,U"
"USR0000CRTL","2002-08","36.4069","-118.4217","2621.3","RATTLESNAKE CALIFORNIA, CA US","33.1",",U","0",",U","0",",U","0",",U","30",",U","0",",U","20020821","+,,U","20020814",",,U","4.4",",U,21,+","31.7",",U,14,","70.7","","57.3",",U","17.55",",U","25.40",",,,U","9.71",",,,U"
"USR0000CRTL","2002-09","36.4069","-118.4217","2621.3","RATTLESNAKE CALIFORNIA, CA US","1.4",",U","0",",U","2",",U","0",",U","21",",U","0",",U","20020930",",,U","20020902","+,,U","-0.6",",U,30,","26.1",",U,02,+","192.0","","121.3",",U","14.34",",U","21.72",",,,U","6.95",",,,U"
"USR0000CRTL","2003-07","36.4069","-118.4217","2621.3","RATTLESNAKE CALIFORNIA, CA US","44.9",",U","0",",U","0",",U","0",",U","30",",U","0",",U","20030701",",,U","20030711",",,U","6.7",",U,01,","30.0",",U,11,","17.4","","17.4",",U","19.22",",U","26.06",",,,U","12.38",",,,U"
"USR0000CRTL","2003-08","36.4069","-118.4217","2621.3","RATTLESNAKE CALIFORNIA, CA US","6.3",",U","0",",U","0",",U","0",",U","25",",U","0",",U","20030805",",,U","20030818","+,,U","6.7",",U,05,","26.7",",U,18,+","73.2","","55.8",",U","16.73",",U","23.31",",,,U","10.16",",,,U"
"USR0000CRTL","2003-09","36.4069","-118.4217","2621.3","RATTLESNAKE CALIFORNIA, CA US","2.0",",U","0",",U","0",",U","0",",U","24",",U","0",",U","20030910",",,U","20030925",",,U","2.2",",U,10,","27.2",",U,25,","153.1","","79.9",",U","15.74",",U","22.67",",,,U","8.80",",,,U"
"USR0000CRTL","2003-10","36.4069","-118.4217","2621.3","RATTLESNAKE CALIFORNIA, CA US","0.0",",U","0",",U","2",",U","0",",U","17",",U","0",",U","20031031",",,U","20031009",",,U","-10.6",",U,31,","25.0",",U,09,","315.8","","162.7",",U","13.09",",U","20.13",",,,U","6.05",",,,U"
"USR0000CRTL","2004-07","36.4069","-118.4217","2621.3","RATTLESNAKE CALIFORNIA, CA US","10.5","1,U","0","1,U","0","1,U","0","1,U","30","1,U","0","1,U","20040702","+,1,U","20040706",",1,U","5.6","1,U,02,+","28.3","1,U,06,","25.4","","25.4","1,U","17.84","1,U","25.56","1,,,U","10.11","1,,,U"
"USR0000CRTL","2004-08","36.4069","-118.4217","2621.3","RATTLESNAKE CALIFORNIA, CA US","13.6",",U","0",",U","0",",U","0",",U","29",",U","0",",U","20040824",",,U","20040811",",,U","3.3",",U,24,","29.4",",U,11,","72.4","","47.0",",U","17.25",",U","24.96",",,,U","9.55",",,,U"
"USR0000CRTL","2004-09","36.4069","-118.4217","2621.3","RATTLESNAKE CALIFORNIA, CA US","2.5",",U","0",",U","3",",U","0",",U","18",",U","0",",U","20040920",",,U","20040901",",,U","-5.0",",U,20,","28.3",",U,01,","215.7","","143.3",",U","13.64",",U","21.44",",,,U","5.84",",,,U"
"USR0000CRTL","2005-07","36.4069","-118.4217","2621.3","RATTLESNAKE CALIFORNIA, CA US","48.9",",U","0",",U","0",",U","0",",U","31",",U","0",",U","20050709",",,U","20050719",",,U","8.9",",U,09,","31.7",",U,19,","4.9","","4.9",",U","19.75",",U","26.86",",,,U","12.65",",,,U"
"USR0000CRTL","2005-08","36.4069","-118.4217","2621.3","RATTLESNAKE CALIFORNIA, CA US","4.0",",U","0",",U","0",",U","0",",U","29",",U","0",",U","20050825","+,,U","20050828","+,,U","6.7",",U,25,+","27.8",",U,28,+","53.0","","48.1",",U","16.91",",U","24.00",",,,U","9.82",",,,U"
"USR0000CRTL","2005-09","36.4069","-118.4217","2621.3","RATTLESNAKE CALIFORNIA, CA US","0.0",",U","0",",U","2",",U","0",",U","12",",U","0",",U","20050911",",,U","20050901",",,U","-2.8",",U,11,","25.6",",U,01,","249.1","","196.1",",U","11.80",",U","19.07",",,,U","4.52",",,,U"
"USR0000CRTL","2006-08","36.4069","-118.4217","2621.3","RATTLESNAKE CALIFORNIA, CA US","0.6","1,U","0","1,U","0","1,U","0","1,U","29","1,U","0","1,U","20060801",",1,U","20060822",",1,U","4.4","1,U,01,","26.7","1,U,22,","","","63.1","1,U","16.25","1,U","23.65","1,,,U","8.85","1,,,U"
"USR0000CRTL","2006-09","36.4069","-118.4217","2621.3","RATTLESNAKE CALIFORNIA, CA US","0.0",",U","0",",U","2",",U","0",",U","15",",U","0",",U","20060916",",,U","20060913",",,U","-3.9",",U,16,","26.1",",U,13,","","","143.0",",U","13.57",",U","20.94",",,,U","6.20",",,,U"
"USR0000CRTL","2006-10","36.4069","-118.4217","2621.3","RATTLESNAKE CALIFORNIA, CA US","0.0",",U","0",",U","16",",U","0",",U","0",",U","0",",U","20061017",",,U","20061027",",,U","-4.4",",U,17,","18.9",",U,27,","","","328.9",",U","7.72",",U","14.41",",,,U","1.04",",,,U"
"USR0000CRTL","2007-07","36.4069","-118.4217","2621.3","RATTLESNAKE CALIFORNIA, CA US","49.5",",U","0",",U","0",",U","0",",U","31",",U","2",",U","20070719",",,U","20070704",",,U","6.1",",U,19,","32.8",",U,04,","8.3","","8.3",",U","19.66",",U","27.38",",,,U","11.95",",,,U"
"USR0000CRTL","2007-08","36.4069","-118.4217","2621.3","RATTLESNAKE CALIFORNIA, CA US","29.8",",U","0",",U","0",",U","0",",U","30",",U","0",",U","20070806",",,U","20070822",",,U","6.1",",U,06,","30.0",",U,22,","30.3","","22.0",",U","18.58",",U","26.30",",,,U","10.86",",,,U"
"USR0000CRTL","2007-09","36.4069","-118.4217","2621.3","RATTLESNAKE CALIFORNIA, CA US","8.9",",U","0",",U","7",",U","0",",U","14",",U","0",",U","20070929","+,,U","20070902","+,,U","-2.2",",U,29,+","27.8",",U,02,+","200.4","","170.1",",U","12.96",",U","20.33",",,,U","5.59",",,,U"
"USR0000CRTL","2007-10","36.4069","-118.4217","2621.3","RATTLESNAKE CALIFORNIA, CA US","0.0",",U","0",",U","12",",U","1",",U","4",",U","0",",U","20071006",",,U","20071023",",,U","-8.9",",U,06,","26.1",",U,23,","489.0","","288.6",",U","9.02",",U","16.17",",,,U","1.87",",,,U"
"USR0000CRTL","2008-07","36.4069","-118.4217","2621.3","RATTLESNAKE CALIFORNIA, CA US","49.2","3,U","0","2,U","0","2,U","0","1,U","27","1,U","0","1,U","20080704",",2,U","20080709",",1,U","7.8","2,U,04,","29.4","1,U,09,","9.7","","9.7","1,U","19.77","3,U","25.46","1,,,U","14.07","2,,,U"
"USR0000CRTL","2008-08","36.4069","-118.4217","2621.3","RATTLESNAKE CALIFORNIA, CA US","24.1",",U","0",",U","0",",U","0",",U","31",",U","0",",U","20080831",",,U","20080828",",,U","5.6",",U,31,","29.4",",U,28,","33.0","","23.3",",U","18.36",",U","25.84",",,,U","10.87",",,,U"
"USR0000CRTL","2008-09","36.4069","-118.4217","2621.3","RATTLESNAKE CALIFORNIA, CA US","1.4",",U","0",",U","0",",U","0",",U","20",",U","0",",U","20080901",",,U","20080907","+,,U","2.2",",U,01,","26.1",",U,07,+","145.0","","112.0",",U","14.64",",U","21.88",",,,U","7.41",",,,U"
"USR0000CRTL","2008-10","36.4069","-118.4217","2621.3","RATTLESNAKE CALIFORNIA, CA US","0.0",",U","0",",U","7",",U","0",",U","4",",U","0",",U","20081012",",,U","20081026",",,U","-10.6",",U,12,","21.7",",U,26,","419.0","","274.0",",U","9.50",",U","16.30",",,,U","2.69",",,,U"
"USR0000CRTL","2009-07","36.4069","-118.4217","2621.3","RATTLESNAKE CALIFORNIA, CA US","30.2",",U","0",",U","0",",U","0",",U","31",",U","0",",U","20090708",",,U","20090727","+,,U","6.7",",U,08,","29.4",",U,27,+","16.4","","16.4",",U","18.78",",U","26.22",",,,U","11.34",",,,U"
"USR0000CRTL","2009-08","36.4069","-118.4217","2621.3","RATTLESNAKE CALIFORNIA, CA US","6.2",",U","0",",U","1",",U","0",",U","26",",U","0",",U","20090807",",,U","20090821",",,U","0.0",",U,07,","27.8",",U,21,","87.3","","70.9",",U","16.25",",U","23.62",",,,U","8.87",",,,U"
"USR0000CRTL","2009-09","36.4069","-118.4217","2621.3","RATTLESNAKE CALIFORNIA, CA US","1.7",",U","0",",U","2",",U","0",",U","26",",U","0",",U","20090930",",,U","20090927",",,U","-3.9",",U,30,","26.7",",U,27,","162.6","","75.3",",U","15.88",",U","23.43",",,,U","8.33",",,,U"
"USR0000CRTL","2010-08","36.4069","-118.4217","2621.3","RATTLESNAKE CALIFORNIA, CA US","13.4",",U","0",",U","2",",U","0",",U","27",",U","0",",U","20100830",",,U","20100825","+,,U","-0.6",",U,30,","29.4",",U,25,+","","","65.7",",U","16.65",",U","24.61",",,,U","8.68",",,,U"
"USR0000CRTL","2010-09","36.4069","-118.4217","2621.3","RATTLESNAKE CALIFORNIA, CA US","3.7",",U","0",",U","2",",U","0",",U","25",",U","0",",U","20100909",",,U","20100927","+,,U","-1.1",",U,09,","26.7",",U,27,+","","","98.3",",U","15.18",",U","23.16",",,,U","7.19",",,,U"
"USR0000CRTL","2011-09","36.4069","-118.4217","2621.3","RATTLESNAKE CALIFORNIA, CA US","0.0",",U","0",",U","0",",U","0",",U","18",",U","0",",U","20110917",",,U","20110922",",,U","3.9",",U,17,","25.0",",U,22,","","","110.7",",U","14.64",",U","21.34",",,,U","7.95",",,,U"
"USR0000CRTL","2012-08","36.4069","-118.4217","2621.3","RATTLESNAKE CALIFORNIA, CA US","26.0",",U","0",",U","0",",U","0",",U","31",",U","0",",U","20120831","+,,U","20120810",",,U","6.7",",U,31,+","30.6",",U,10,","","","18.5",",U","18.57",",U","25.62",",,,U","11.53",",,,U"
"USR0000CRTL","2012-09","36.4069","-118.4217","2621.3","RATTLESNAKE CALIFORNIA, CA US","0.3",",U","0",",U","0",",U","0",",U","26",",U","0",",U","20120926",",,U","20120903",",,U","5.0",",U,26,","25.6",",U,03,","","","88.1",",U","15.41",",U","22.28",",,,U","8.54",",,,U"
