"STATION","DATE","LATITUDE","LONGITUDE","ELEVATION","NAME","CLDD","CLDD_ATTRIBUTES","DT00","DT00_ATTRIBUTES","DT32","DT32_ATTRIBUTES","DX32","DX32_ATTRIBUTES","DX70","DX70_ATTRIBUTES","DX90","DX90_ATTRIBUTES","DYNT","DYNT_ATTRIBUTES","DYXT","DYXT_ATTRIBUTES","EMNT","EMNT_ATTRIBUTES","EMXT","EMXT_ATTRIBUTES","HDSD","HDSD_ATTRIBUTES","HTDD","HTDD_ATTRIBUTES","TAVG","TAVG_ATTRIBUTES","TMAX","TMAX_ATTRIBUTES","TMIN","TMIN_ATTRIBUTES"
"USR0000IROU","1993-07","46.5833","-114.5","1981.2","ROUNDTOP IDAHO, ID US","0.3","2,U","0","1,U","0","1,U","0","1,U","1","1,U","0","1,U","19930713",",1,U","19930728",",1,U","0.6","1,U,13,","27.2","1,U,28,","274.8","","274.8","1,U","8.95","2,U","13.79","1,,,U","4.11","1,,,U"
"USR0000IROU","1993-08","46.5833","-114.5","1981.2","ROUNDTOP IDAHO, ID US","","","0","2,U","2","2,U","","","","","","","19930825",",2,U","","","-1.7","2,U,25,","","","","","","","","","","","6.05","2,,,U"
"USR0000IROU","1994-07","46.5833","-114.5","1981.2","ROUNDTOP IDAHO, ID US","33.1",",U","0",",U","0",",U","0",",U","20",",U","0",",U","19940702",",,U","19940722",",,U","0.6",",U,02,","30.0",",U,22,","95.8","","95.8",",U","16.31",",U","22.33",",,,U","10.29",",,,U"
"USR0000IROU","1994-08","46.5833","-114.5","1981.2","ROUNDTOP IDAHO, ID US","21.5",",U","0",",U","0",",U","0",",U","21",",U","0",",U","19940831",",,U","19940814",",,U","3.3",",U,31,","30.0",",U,14,","172.0","","76.2",",U","16.57",",U","23.33",",,,U","9.81",",,,U"
"USR0000IROU","1994-09","46.5833","-114.5","1981.2","ROUNDTOP IDAHO, ID US","0.9","2,U","0","1,U","0","1,U","0","1,U","15","1,U","0","1,U","19940910","+,1,U","19940924",",1,U","0.6","1,U,10,+","25.6","1,U,24,","327.8","","155.8","1,U","12.82","2,U","18.94","1,,,U","6.70","1,,,U"
"USR0000IROU","1995-07","46.5833","-114.5","1981.2","ROUNDTOP IDAHO, ID US","1.4","2,U","0","2,U","0","2,U","0","2,U","11","2,U","0","2,U","19950730",",2,U","19950728",",2,U","2.2","2,U,30,","25.6","2,U,28,","132.7","","132.7","2,U","13.80","2,U","19.19","2,,,U","8.42","2,,,U"
"USR0000IROU","1995-08","46.5833","-114.5","1981.2","ROUNDTOP IDAHO, ID US","1.7",",U","0",",U","0",",U","0",",U","13",",U","0",",U","19950817","+,,U","19950821",",,U","0.6",",U,17,+","25.6",",U,21,","302.8","","170.1",",U","12.90",",U","18.90",",,,U","6.90",",,,U"
"USR0000IROU","1995-09","46.5833","-114.5","1981.2","ROUNDTOP IDAHO, ID US","6.9",",U","0",",U","3",",U","0",",U","8",",U","0",",U","19950921",",,U","19950903","+,,U","-3.9",",U,21,","27.2",",U,03,+","531.3","","228.5",",U","10.95",",U","15.86",",,,U","6.04",",,,U"
"USR0000IROU","1996-08","46.5833","-114.5","1981.2","ROUNDTOP IDAHO, ID US","21.9",",U","0",",U","0",",U","0",",U","19",",U","0",",U","19960805",",,U","19960826",",,U","0.6",",U,05,","28.9",",U,26,","","","120.8",",U","15.14",",U","21.25",",,,U","9.04",",,,U"
"USR0000IROU","1996-09","46.5833","-114.5","1981.2","ROUNDTOP IDAHO, ID US","1.1",",U","0",",U","13",",U","1",",U","4",",U","0",",U","19960923",",,U","19960911",",,U","-5.6",",U,23,","25.6",",U,11,","","","324.7",",U","7.55",",U","12.33",",,,U","2.76",",,,U"
"USR0000IROU","1997-08","46.5833","-114.5","1981.2","ROUNDTOP IDAHO, ID US","10.8",",U","0",",U","0",",U","0",",U","19",",U","0",",U","19970810",",,U","19970804",",,U","2.8",",U,10,","29.4",",U,04,","","","101.3",",U","15.41",",U","21.86",",,,U","8.97",",,,U"
"USR0000IROU","1997-09","46.5833","-114.5","1981.2","ROUNDTOP IDAHO, ID US","0.8",",U","0",",U","7",",U","0",",U","11",",U","0",",U","19970928",",,U","19970902","+,,U","-1.1",",U,28,","26.1",",U,02,+","","","208.2",",U","11.42",",U","17.30",",,,U","5.54",",,,U"
"USR0000IROU","1998-07","46.5833","-114.5","1981.2","ROUNDTOP IDAHO, ID US","37.5","1,U","0","1,U","0","1,U","0","1,U","26","1,U","0","1,U","19980712","+,1,U","19980717",",1,U","7.2","1,U,12,+","31.1","1,U,17,","35.5","","35.5","1,U","18.40","1,U","25.33","1,,,U","11.47","1,,,U"
"USR0000IROU","1998-08","46.5833","-114.5","1981.2","ROUNDTOP IDAHO, ID US","42.1",",U","0",",U","0",",U","0",",U","24",",U","0",",U","19980824","+,,U","19980805",",,U","4.4",",U,24,+","31.1",",U,05,","95.7","","60.2",",U","17.75",",U","24.53",",,,U","10.97",",,,U"
"USR0000IROU","1998-09","46.5833","-114.5","1981.2","ROUNDTOP IDAHO, ID US","31.7",",U","0",",U","0",",U","0",",U","13",",U","0",",U","19980919",",,U","19980905",",,U","0.6",",U,19,","31.1",",U,05,","249.3","","153.6",",U","14.27",",U","20.05",",,,U","8.48",",,,U"
"USR0000IROU","1999-08","46.5833","-114.5","1981.2","ROUNDTOP IDAHO, ID US","22.8",",U","0",",U","2",",U","0",",U","23",",U","0",",U","19990831",",,U","19990827",",,U","-1.7",",U,31,","31.1",",U,27,","","","88.9",",U","16.20",",U","23.01",",,,U","9.39",",,,U"
"USR0000IROU","1999-09","46.5833","-114.5","1981.2","ROUNDTOP IDAHO, ID US","0.0",",U","0",",U","6",",U","0",",U","11",",U","0",",U","19990928",",,U","19990914","+,,U","-6.7",",U,28,","23.9",",U,14,+","","","252.7",",U","9.91",",U","16.17",",,,U","3.65",",,,U"
"USR0000IROU","2000-07","46.5833","-114.5","1981.2","ROUNDTOP IDAHO, ID US","36.1",",U","0",",U","2",",U","0",",U","22",",U","1",",U","20000704",",,U","20000730",",,U","-0.6",",U,04,","33.3",",U,30,","92.9","","92.9",",U","16.50",",U","23.45",",,,U","9.55",",,,U"
"USR0000IROU","2000-08","46.5833","-114.5","1981.2","ROUNDTOP IDAHO, ID US","25.1",",U","0",",U","0",",U","0",",U","22",",U","1",",U","20000828",",,U","20000809",",,U","1.1",",U,28,","32.2",",U,09,","168.6","","75.7",",U","16.70",",U","23.78",",,,U","9.62",",,,U"
"USR0000IROU","2000-09","46.5833","-114.5","1981.2","ROUNDTOP IDAHO, ID US","3.6",",U","0",",U","9",",U","0",",U","6",",U","0",",U","20000923",",,U","20000914",",,U","-10.6",",U,23,","28.9",",U,14,","464.1","","295.5",",U","8.61",",U","14.20",",,,U","3.01",",,,U"
"USR0000IROU","2001-07","46.5833","-114.5","1981.2","ROUNDTOP IDAHO, ID US","12.0","2,U","0","1,U","0","1,U","0","1,U","19","1,U","0","1,U","20010729","+,1,U","20010704","+,1,U","3.3","1,U,29,+","30.0","1,U,04,+","116.0","","116.0","1,U","14.92","2,U","21.03","1,,,U","8.81","1,,,U"
"USR0000IROU","2001-08","46.5833","-114.5","1981.2","ROUNDTOP IDAHO, ID US","46.6",",U","0",",U","0",",U","0",",U","27",",U","1",",U","20010824","+,,U","20010817",",,U","6.1",",U,24,+","32.2",",U,17,","159.1","","43.1",",U","18.45",",U","25.70",",,,U","11.19",",,,U"
"USR0000IROU","2001-09","46.5833","-114.5","1981.2","ROUNDTOP IDAHO, ID US","8.6",",U","0",",U","1",",U","0",",U","16",",U","0",",U","20010908",",,U","20010925",",,U","0.0",",U,08,","30.6",",U,25,","299.0","","139.9",",U","13.96",",U","20.72",",,,U","7.20",",,,U"
"USR0000IROU","2002-09","46.5833","-114.5","1981.2","ROUNDTOP IDAHO, ID US","6.1",",U","0",",U","6",",U","0",",U","9",",U","0",",U","20020930",",,U","20020911",",,U","-4.4",",U,30,","27.8",",U,11,","","","228.0",",U","10.94",",U","17.41",",,,U","4.47",",,,U"
"USR0000IROU","2003-07","46.5833","-114.5","1981.2","ROUNDTOP IDAHO, ID US","55.6","1,U","0","1,U","0","1,U","0",",U","25",",U","0",",U","20030702",",1,U","20030723","+,,U","5.6","1,U,02,","31.1",",U,23,+","54.4","","54.4",",U","18.44","1,U","25.35",",,,U","11.53","1,,,U"
"USR0000IROU","2003-08","46.5833","-114.5","1981.2","ROUNDTOP IDAHO, ID US","35.6",",U","0",",U","0",",U","0",",U","25",",U","1",",U","20030829",",,U","20030815",",,U","5.0",",U,29,","34.4",",U,15,","107.1","","52.7",",U","17.78",",U","24.98",",,,U","10.58",",,,U"
"USR0000IROU","2003-09","46.5833","-114.5","1981.2","ROUNDTOP IDAHO, ID US","10.9",",U","0",",U","5",",U","0",",U","10",",U","0",",U","20030918","+,,U","20030904",",,U","-2.2",",U,18,+","28.9",",U,04,","330.7","","223.6",",U","11.24",",U","17.02",",,,U","5.47",",,,U"
"USR0000IROU","2004-07","46.5833","-114.5","1981.2","ROUNDTOP IDAHO, ID US","29.7","1,U","0","1,U","0","1,U","0","1,U","22","1,U","1","1,U","20040708","+,1,U","20040714",",1,U","2.2","1,U,08,+","32.2","1,U,14,","83.2","","83.2","1,U","16.55","1,U","23.14","1,,,U","9.96","1,,,U"
"USR0000IROU","2004-08","46.5833","-114.5","1981.2","ROUNDTOP IDAHO, ID US","20.8",",U","0",",U","0",",U","0",",U","22",",U","0",",U","20040825","+,,U","20040814",",,U","2.8",",U,25,+","31.1",",U,14,","204.0","","120.8",",U","15.11",",U","21.45",",,,U","8.76",",,,U"
"USR0000IROU","2004-09","46.5833","-114.5","1981.2","ROUNDTOP IDAHO, ID US","0.0","3,U","0","2,U","6","2,U","0","2,U","3","2,U","0","2,U","20040920","+,2,U","20040926",",2,U","-0.6","2,U,20,+","23.9","2,U,26,","486.2","","282.2","2,U","7.99","3,U","12.52","2,,,U","3.45","2,,,U"
"USR0000IROU","2005-07","46.5833","-114.5","1981.2","ROUNDTOP IDAHO, ID US","16.5",",U","0",",U","0",",U","0",",U","24",",U","0",",U","20050709",",,U","20050721",",,U","3.3",",U,09,","30.0",",U,21,","82.7","","82.7",",U","16.20",",U","23.26",",,,U","9.13",",,,U"
"USR0000IROU","2005-08","46.5833","-114.5","1981.2","ROUNDTOP IDAHO, ID US","27.8",",U","0",",U","0",",U","0",",U","23",",U","0",",U","20050813",",,U","20050821",",,U","1.1",",U,13,","31.1",",U,21,","180.0","","97.3",",U","16.09",",U","23.24",",,,U","8.94",",,,U"
"USR0000IROU","2005-09","46.5833","-114.5","1981.2","ROUNDTOP IDAHO, ID US","0.5",",U","0",",U","5",",U","0",",U","6",",U","0",",U","20050911",",,U","20050908","+,,U","-2.2",",U,11,","26.1",",U,08,+","456.4","","276.4",",U","9.14",",U","14.62",",,,U","3.65",",,,U"
"USR0000IROU","2006-07","46.5833","-114.5","1981.2","ROUNDTOP IDAHO, ID US","49.9",",U","0",",U","0",",U","0",",U","28",",U","1",",U","20060731",",,U","20060721",",,U","1.7",",U,31,","32.2",",U,21,","37.5","","37.5",",U","18.73",",U","26.02",",,,U","11.45",",,,U"
"USR0000IROU","2006-08","46.5833","-114.5","1981.2","ROUNDTOP IDAHO, ID US","15.3","2,U","0","1,U","1","1,U","0","1,U","22","1,U","0","1,U","20060831",",1,U","20060807",",1,U","0.0","1,U,31,","31.7","1,U,07,","133.3","","95.8","1,U","15.48","2,U","22.85","1,,,U","8.11","1,,,U"
"USR0000IROU","2006-09","46.5833","-114.5","1981.2","ROUNDTOP IDAHO, ID US","15.0",",U","0",",U","8",",U","0",",U","12",",U","0",",U","20060923","+,,U","20060905","+,,U","-1.1",",U,23,+","30.0",",U,05,+","348.7","","215.4",",U","11.65",",U","17.52",",,,U","5.78",",,,U"
"USR0000IROU","2007-07","46.5833","-114.5","1981.2","ROUNDTOP IDAHO, ID US","93.9",",U","0",",U","0",",U","0",",U","31",",U","7",",U","20070710",",,U","20070723",",,U","8.9",",U,10,","34.4",",U,23,","3.3","","3.3",",U","21.26",",U","29.18",",,,U","13.34",",,,U"
"USR0000IROU","2007-08","46.5833","-114.5","1981.2","ROUNDTOP IDAHO, ID US","23.3",",U","0",",U","0",",U","0",",U","23",",U","0",",U","20070820","+,,U","20070815","+,,U","3.3",",U,20,+","30.6",",U,15,+","88.3","","85.0",",U","16.34",",U","23.47",",,,U","9.21",",,,U"
"USR0000IROU","2007-09","46.5833","-114.5","1981.2","ROUNDTOP IDAHO, ID US","3.4","2,U","0","1,U","10","1,U","1","1,U","10","1,U","0","1,U","20070929",",1,U","20070903",",1,U","-4.4","1,U,29,","28.9","1,U,03,","318.1","","229.8","1,U","10.16","2,U","16.72","1,,,U","3.61","1,,,U"
"USR0000IROU","2008-08","46.5833","-114.5","1981.2","ROUNDTOP IDAHO, ID US","27.4",",U","0",",U","0",",U","0",",U","19",",U","0",",U","20080826","+,,U","20080817",",,U","1.1",",U,26,+","31.7",",U,17,","","","130.5",",U","15.01",",U","21.67",",,,U","8.34",",,,U"
"USR0000IROU","2008-09","46.5833","-114.5","1981.2","ROUNDTOP IDAHO, ID US","5.9",",U","0",",U","4",",U","0",",U","8",",U","0",",U","20080923",",,U","20080930",",,U","-2.2",",U,23,","27.2",",U,30,","","","209.8",",U","11.54",",U","17.85",",,,U","5.23",",,,U"
"USR0000IROU","2009-07","46.5833","-114.5","1981.2","ROUNDTOP IDAHO, ID US","26.6","2,U","0","1,U","0","1,U","0","1,U","25","1,U","1","1,U","20090709",",1,U","20090723",",1,U","3.3","1,U,09,","32.2","1,U,23,","56.7","","56.7","1,U","17.27","2,U","24.82","1,,,U","9.71","1,,,U"
"USR0000IROU","2009-08","46.5833","-114.5","1981.2","ROUNDTOP IDAHO, ID US","23.7",",U","0",",U","0",",U","0",",U","21",",U","0",",U","20090815",",,U","20090828",",,U","2.2",",U,15,","30.6",",U,28,","167.2","","110.5",",U","15.53",",U","22.03",",,,U","9.03",",,,U"
"USR0000IROU","2009-09","46.5833","-114.5","1981.2","ROUNDTOP IDAHO, ID US","11.4",",U","0",",U","2",",U","1",",U","19",",U","0",",U","20090930",",,U","20090923",",,U","-2.8",",U,30,","31.1",",U,23,","303.3","","136.1",",U","14.18",",U","21.55",",,,U","6.80",",,,U"
"USR0000IROU","2010-07","46.5833","-114.5","1981.2","ROUNDTOP IDAHO, ID US","10.1",",U","0",",U","0",",U","0",",U","21",",U","0",",U","20100706",",,U","20100730","+,,U","0.6",",U,06,","28.3",",U,30,+","107.8","","107.8",",U","15.18",",U","22.46",",,,U","7.90",",,,U"
"USR0000IROU","2010-09","46.5833","-114.5","1981.2","ROUNDTOP IDAHO, ID US","0.0",",U","0",",U","2",",U","0",",U","7",",U","0",",U","20100905",",,U","20100930","+,,U","-0.6",",U,05,","24.4",",U,30,+","","","242.1",",U","10.26",",U","16.18",",,,U","4.35",",,,U"
"USR0000IROU","2011-08","46.5833","-114.5","1981.2","ROUNDTOP IDAHO, ID US","24.1","3,U","0","3,U","0","3,U","0","3,U","24","3,U","0","3,U","20110816",",3,U","20110828",",3,U","3.3","3,U,16,","31.1","3,U,28,","","","49.8","3,U","17.42","3,U","24.48","3,,,U","10.36","3,,,U"
"USR0000IROU","2011-09","46.5833","-114.5","1981.2","ROUNDTOP IDAHO, ID US","","","0","3,U","0","3,U","0","3,U","17","3,U","0","3,U","20110917",",3,U","20110924","+,3,U","1.7","3,U,17,","28.3","3,U,24,+","","","","","16.20","6,U","21.78","3,,,U","10.62","3,,,U"
"USR0000IROU","2012-08","46.5833","-114.5","1981.2","ROUNDTOP IDAHO, ID US","36.0","3,U","0","3,U","0","3,U","0","2,U","26","2,U","0","2,U","20120824",",3,U","20120807",",2,U","2.2","3,U,24,","30.6","2,U,07,","","","41.7","2,U","18.04","3,U","25.31","2,,,U","10.78","3,,,U"
"USR0000IROU","2012-09","46.5833","-114.5","1981.2","ROUNDTOP IDAHO, ID US","0.3",",U","0",",U","2",",U","0",",U","14",",U","0",",U","20120912","+,,U","20120921",",,U","-0.6",",U,12,+","26.1",",U,21,","","","147.3",",U","13.43",",U","20.31",",,,U","6.55",",,,U"
