"STATION","DATE","LATITUDE","LONGITUDE","ELEVATION","NAME","CDSD","CDSD_ATTRIBUTES","CLDD","CLDD_ATTRIBUTES","DP01","DP01_ATTRIBUTES","DP10","DP10_ATTRIBUTES","DP1X","DP1X_ATTRIBUTES","DT00","DT00_ATTRIBUTES","DT32","DT32_ATTRIBUTES","DX32","DX32_ATTRIBUTES","DX70","DX70_ATTRIBUTES","DX90","DX90_ATTRIBUTES","DYNT","DYNT_ATTRIBUTES","DYXP","DYXP_ATTRIBUTES","DYXT","DYXT_ATTRIBUTES","EMNT","EMNT_ATTRIBUTES","EMXP","EMXP_ATTRIBUTES","EMXT","EMXT_ATTRIBUTES","HDSD","HDSD_ATTRIBUTES","HTDD","HTDD_ATTRIBUTES","PRCP","PRCP_ATTRIBUTES","TAVG","TAVG_ATTRIBUTES","TMAX","TMAX_ATTRIBUTES","TMIN","TMIN_ATTRIBUTES"
"USW00053019","2011-07","33.8209","-109.9831","1576.7","WHITERIVER A 1 SW, AZ US","","","176.4",",R","16",",R","6",",R","0",",R","0",",R","0",",R","0",",R","31",",R","18",",R","20110714",",,R","20110720",",,R","20110701",",,R","9.3",",R,14,","10.3",",,R,20,","36.7",",R,01,","0.0","R","0.0",",R","45.3",",,,R","24.02",",R","32.76",",,,R","15.29",",,,R"
"USW00053019","2011-08","33.8209","-109.9831","1576.7","WHITERIVER A 1 SW, AZ US","","","186.9",",R","13",",R","8",",R","0",",R","0",",R","0",",R","0",",R","31",",R","25",",R","20110802",",,R","20110816",",,R","20110828",",,R","13.3",",R,02,","13.6",",,R,16,","36.0",",R,28,","0.0","R","0.0",",R","62.9",",,,R","24.36",",R","33.23",",,,R","15.50",",,,R"
"USW00053019","2011-09","33.8209","-109.9831","1576.7","WHITERIVER A 1 SW, AZ US","","","53.0",",R","8",",R","4",",R","0",",R","0",",R","0",",R","0",",R","30",",R","4",",R","20110924",",,R","20110906",",,R","20110903",",,R","6.8",",R,24,","20.8",",,R,06,","33.8",",R,03,","4.9","R","4.9",",R","53.0",",,,R","19.94",",R","29.08",",,,R","10.79",",,,R"
"USW00053019","2011-10","33.8209","-109.9831","1576.7","WHITERIVER A 1 SW, AZ US","","","0.2",",R","7",",R","4",",R","0",",R","0",",R","3",",R","0",",R","24",",R","0",",R","20111008",",,R","20111004",",,R","20111015",",,R","-1.8",",R,08,","9.1",",,R,04,","30.1",",R,15,","144.3","R","139.4",",R","28.3",",,,R","13.84",",R","23.81",",,,R","3.87",",,,R"
"USW00053019","2011-11","33.8209","-109.9831","1576.7","WHITERIVER A 1 SW, AZ US","","","0.0",",R","6",",R","4",",R","0",",R","0",",R","22",",R","0",",R","2",",R","0",",R","20111127",",,R","20111105",",,R","20111101",",,R","-6.3",",R,27,","11.5",",,R,05,","23.2",",R,01,","481.6","R","337.3",",R","34.1",",,,R","7.09",",R","15.55",",,,R","-1.37",",,,R"
"USW00053019","2011-12","33.8209","-109.9831","1576.7","WHITERIVER A 1 SW, AZ US","","","0.0",",R","10",",R","7",",R","0",",R","0",",R","27",",R","0",",R","0",",R","0",",R","20111206",",,R","20111202",",,R","20111231",",,R","-13.6",",R,06,","19.0",",,R,02,","20.2",",R,31,","990.5","R","508.9",",R","86.9",",,,R","1.92",",R","8.95",",,,R","-5.11",",,,R"
"USW00053019","2012-01","33.8209","-109.9831","1576.7","WHITERIVER A 1 SW, AZ US","0.0","R","0.0",",R","3",",R","1",",R","0",",R","0",",R","28",",R","0",",R","0",",R","0",",R","20120113",",,R","20120116",",,R","20120101",",,R","-10.3",",R,13,","13.4",",,R,16,","20.0",",R,01,","1407.6","R","417.1",",R","14.6",",,,R","4.88",",R","14.35",",,,R","-4.59",",,,R"
"USW00053019","2012-02","33.8209","-109.9831","1576.7","WHITERIVER A 1 SW, AZ US","0.0","R","0.0",",R","4",",R","3",",R","0",",R","0",",R","26",",R","0",",R","0",",R","0",",R","20120204",",,R","20120214",",,R","20120211",",,R","-7.9",",R,04,","8.1",",,R,14,","19.0",",R,11,","1788.2","R","380.6",",R","15.0",",,,R","5.21",",R","14.04",",,,R","-3.62",",,,R"
"USW00053019","2012-03","33.8209","-109.9831","1576.7","WHITERIVER A 1 SW, AZ US","0.0","R","0.0",",R","2",",R","1",",R","0",",R","0",",R","25",",R","0",",R","15",",R","0",",R","20120320",",,R","20120318",",,R","20120331",",,R","-8.9",",R,20,","16.7",",,R,18,","25.0",",R,31,","2124.8","R","336.6",",R","18.0",",,,R","7.48",",R","17.92",",,,R","-2.96",",,,R"
"USW00053019","2012-04","33.8209","-109.9831","1576.7","WHITERIVER A 1 SW, AZ US","0.3","R","0.3",",R","2",",R","1",",R","0",",R","0",",R","7",",R","0",",R","22",",R","0",",R","20120403",",,R","20120414",",,R","20120423",",,R","-3.6",",R,03,","6.8",",,R,14,","31.2",",R,23,","2295.8","R","171.0",",R","9.2",",,,R","12.65",",R","23.26",",,,R","2.03",",,,R"
"USW00053019","2012-05","33.8209","-109.9831","1576.7","WHITERIVER A 1 SW, AZ US","12.6","R","12.3",",R","1",",R","1",",R","0",",R","0",",R","1",",R","0",",R","31",",R","3",",R","20120527",",,R","20120509",",,R","20120521",",,R","-0.5",",R,27,","9.6",",,R,09,","33.6",",R,21,","2361.1","R","65.3",",R","9.6",",,,R","16.62",",R","27.91",",,,R","5.34",",,,R"
"USW00053019","2012-06","33.8209","-109.9831","1576.7","WHITERIVER A 1 SW, AZ US","140.1","R","127.5",",R","0",",R","0",",R","0",",R","0",",R","0",",R","0",",R","30",",R","23",",R","20120609",",,R","20120630","+,,R","20120630",",,R","7.5",",R,09,","0.0",",,R,30,+","37.9",",R,30,","2361.1","R","0.0",",R","0.0",",,,R","22.58",",R","34.14",",,,R","11.03",",,,R"
"USW00053019","2012-07","33.8209","-109.9831","1576.7","WHITERIVER A 1 SW, AZ US","305.0","R","164.9",",R","16",",R","6",",R","0",",R","0",",R","0",",R","0",",R","31",",R","15",",R","20120722",",,R","20120728",",,R","20120701",",,R","12.7",",R,22,","23.7",",,R,28,","36.3",",R,01,","0.0","R","0.0",",R","68.8",",,,R","23.65",",R","31.35",",,,R","15.96",",,,R"
"USW00053019","2012-08","33.8209","-109.9831","1576.7","WHITERIVER A 1 SW, AZ US","467.2","R","162.2",",R","13",",R","7",",R","0",",R","0",",R","0",",R","0",",R","31",",R","12",",R","20120829",",,R","20120818",",,R","20120812",",,R","12.7",",R,29,","15.9",",,R,18,","37.1",",R,12,","0.0","R","0.0",",R","65.5",",,,R","23.57",",R","31.95",",,,R","15.18",",,,R"
"USW00053019","2012-09","33.8209","-109.9831","1576.7","WHITERIVER A 1 SW, AZ US","514.6","R","47.4",",R","7",",R","2",",R","0",",R","0",",R","0",",R","0",",R","30",",R","5",",R","20120915",",,R","20120911",",,R","20120902",",,R","5.3",",R,15,","11.0",",,R,11,","33.3",",R,02,","10.8","R","10.8",",R","22.9",",,,R","19.56",",R","28.82",",,,R","10.29",",,,R"
"USW00053019","2012-10","33.8209","-109.9831","1576.7","WHITERIVER A 1 SW, AZ US","514.6","R","0.0",",R","2",",R","0",",R","0",",R","0",",R","6",",R","0",",R","29",",R","0",",R","20121027",",,R","20121012",",,R","20121002",",,R","-2.6",",R,27,","0.5",",,R,12,","30.0",",R,02,","135.9","R","125.1",",R","0.8",",,,R","14.30",",R","25.44",",,,R","3.15",",,,R"
"USW00053019","2012-11","33.8209","-109.9831","1576.7","WHITERIVER A 1 SW, AZ US","514.6","R","0.0",",R","3",",R","2",",R","0",",R","0",",R","17",",R","0",",R","11",",R","0",",R","20121112",",,R","20121110",",,R","20121105",",,R","-7.9",",R,12,","6.7",",,R,10,","25.9",",R,05,","400.4","R","264.5",",R","10.0",",,,R","9.52",",R","19.76",",,,R","-0.73",",,,R"
"USW00053019","2012-12","33.8209","-109.9831","1576.7","WHITERIVER A 1 SW, AZ US","514.6","R","0.0",",R","11",",R","5",",R","0",",R","0",",R","29",",R","0",",R","1",",R","0",",R","20121229",",,R","20121214",",,R","20121205",",,R","-11.5",",R,29,","23.1",",,R,14,","21.5",",R,05,","853.6","R","453.2",",R","56.2",",,,R","3.71",",R","11.84",",,,R","-4.41",",,,R"
"USW00053019","2013-01","33.8209","-109.9831","1576.7","WHITERIVER A 1 SW, AZ US","0.0","R","0.0",",R","7",",R","4",",R","0",",R","0",",R","27",",R","2",",R","0",",R","0",",R","20130115",",,R","20130127",",,R","20130123",",,R","-16.4",",R,15,","14.2",",,R,27,","20.3",",R,23,","1368.2","R","514.6",",R","40.8",",,,R","1.73",",R","10.34",",,,R","-6.87",",,,R"
"USW00053019","2013-02","33.8209","-109.9831","1576.7","WHITERIVER A 1 SW, AZ US","0.0","R","0.0",",R","6",",R","3",",R","0",",R","0",",R","27",",R","0",",R","0",",R","0",",R","20130212",",,R","20130220",",,R","20130216",",,R","-11.3",",R,12,","9.6",",,R,20,","18.7",",R,16,","1804.5","R","436.3",",R","21.5",",,,R","2.75",",R","11.16",",,,R","-5.66",",,,R"
"USW00053019","2013-03","33.8209","-109.9831","1576.7","WHITERIVER A 1 SW, AZ US","0.0","R","0.0",",R","2",",R","2",",R","0",",R","0",",R","17",",R","0",",R","11",",R","0",",R","20130301",",,R","20130308",",,R","20130315",",,R","-6.4",",R,01,","16.6",",,R,08,","26.2",",R,15,","2081.4","R","276.9",",R","23.0",",,,R","9.40",",R","19.32",",,,R","-0.52",",,,R"
"USW00053019","2013-04","33.8209","-109.9831","1576.7","WHITERIVER A 1 SW, AZ US","0.0","R","0.0","1,R","3",",R","1",",R","0",",R","0","1,R","6","1,R","0","1,R","21","1,R","0","1,R","20130419",",1,R","20130409",",,R","20130429",",1,R","-5.0","1,R,19,","21.5",",,R,09,","29.0","1,R,29,","2278.4","R","197.0","1,R","22.3",",,,R","11.54","1,R","21.57","1,,,R","1.51","1,,,R"
"USW00053019","2013-05","33.8209","-109.9831","1576.7","WHITERIVER A 1 SW, AZ US","1.9","R","1.9",",R","2",",R","1",",R","0",",R","0",",R","0",",R","0",",R","29",",R","0",",R","20130503",",,R","20130506",",,R","20130531",",,R","1.1",",R,03,","4.7",",,R,06,","31.7",",R,31,","2357.8","R","79.4",",R","5.1",",,,R","15.83",",R","26.21",",,,R","5.45",",,,R"
"USW00053019","2013-06","33.8209","-109.9831","1576.7","WHITERIVER A 1 SW, AZ US","132.5","R","130.6",",R","2",",R","1",",R","0",",R","0",",R","0",",R","0",",R","30",",R","25",",R","20130619",",,R","20130630",",,R","20130627",",,R","7.9",",R,19,","2.6",",,R,30,","38.9",",R,27,","2357.8","R","0.0",",R","4.9",",,,R","22.69",",R","34.28",",,,R","11.09",",,,R"
"USW00053019","2013-07","33.8209","-109.9831","1576.7","WHITERIVER A 1 SW, AZ US","278.0","R","145.5",",R","18",",R","9",",R","0",",R","0",",R","0",",R","0",",R","31",",R","12",",R","20130730",",,R","20130715",",,R","20130707",",,R","12.5",",R,30,","21.5",",,R,15,","35.4",",R,07,","0.0","R","0.0",",R","110.8",",,,R","23.03",",R","30.27",",,,R","15.78",",,,R"
"USW00053019","2013-08","33.8209","-109.9831","1576.7","WHITERIVER A 1 SW, AZ US","409.8","R","131.8",",R","10",",R","8",",R","0",",R","0",",R","0",",R","0",",R","31",",R","9",",R","20130809",",,R","20130802",",,R","20130817",",,R","10.6",",R,09,","16.0",",,R,02,","34.7",",R,17,","0.0","R","0.0",",R","55.9",",,,R","22.58",",R","30.50",",,,R","14.67",",,,R"
"USW00053019","2013-09","33.8209","-109.9831","1576.7","WHITERIVER A 1 SW, AZ US","458.2","R","48.4",",R","8",",R","6",",R","0",",R","0",",R","1",",R","0",",R","29",",R","1",",R","20130928",",,R","20130908",",,R","20130902",",,R","-0.5",",R,28,","25.2",",,R,08,","32.7",",R,02,","29.4","R","29.4",",R","76.8",",,,R","18.97",",R","27.36",",,,R","10.57",",,,R"
"USW00053019","2013-10","33.8209","-109.9831","1576.7","WHITERIVER A 1 SW, AZ US","458.2","R","0.0",",R","2",",R","2",",R","0",",R","0",",R","13",",R","0",",R","19",",R","0",",R","20131031",",,R","20131010",",,R","20131001",",,R","-3.3",",R,31,","6.9",",,R,10,","26.7",",R,01,","229.1","R","199.7",",R","9.5",",,,R","11.89",",R","22.19",",,,R","1.59",",,,R"
"USW00053019","2013-11","33.8209","-109.9831","1576.7","WHITERIVER A 1 SW, AZ US","458.2","R","0.0",",R","9",",R","2",",R","0",",R","0",",R","17",",R","0",",R","5",",R","0",",R","20131106",",,R","20131122",",,R","20131111",",,R","-6.5",",R,06,","5.3",",,R,22,","23.7",",R,11,","522.8","R","293.7",",R","18.9",",,,R","8.54",",R","17.15",",,,R","-0.07",",,,R"
"USW00053019","2013-12","33.8209","-109.9831","1576.7","WHITERIVER A 1 SW, AZ US","458.2","R","0.0",",R","4",",R","2",",R","0",",R","0",",R","29",",R","0",",R","0",",R","0",",R","20131210",",,R","20131208",",,R","20131216",",,R","-12.0",",R,10,","6.0",",,R,08,","18.5",",R,16,","989.7","R","466.9",",R","12.1",",,,R","3.27",",R","11.92",",,,R","-5.37",",,,R"
"USW00053019","2014-01","33.8209","-109.9831","1576.7","WHITERIVER A 1 SW, AZ US","0.0","","0.0",",R","0",",R","0",",R","0",",R","0",",R","29",",R","0",",R","0",",R","0",",R","20140106",",,R","20140131","+,,R","20140120",",,R","-10.0",",R,06,","0.0",",,R,31,+","20.0",",R,20,","1395.0","","405.3",",R","0.0",",,,R","5.26",",R","15.99",",,,R","-5.47",",,,R"
"USW00053019","2014-02","33.8209","-109.9831","1576.7","WHITERIVER A 1 SW, AZ US","0.0","","0.0",",R","3",",R","0",",R","0",",R","0",",R","25",",R","0",",R","6",",R","0",",R","20140202",",,R","20140205",",,R","20140215",",,R","-8.0",",R,02,","2.0",",,R,05,","24.6",",R,15,","1701.2","","306.2",",R","3.6",",,,R","7.40",",R","16.93",",,,R","-2.14",",,,R"
"USW00053019","2014-03","33.8209","-109.9831","1576.7","WHITERIVER A 1 SW, AZ US","0.0","","0.0",",R","4",",R","2",",R","1",",R","0",",R","18",",R","0",",R","3",",R","0",",R","20140319",",,R","20140301",",,R","20140329",",,R","-3.9",",R,19,","27.9",",,R,01,","23.4",",R,29,","1984.3","","283.1",",R","39.7",",,,R","9.20",",R","18.43",",,,R","-0.03",",,,R"
"USW00053019","2014-04","33.8209","-109.9831","1576.7","WHITERIVER A 1 SW, AZ US","0.0","","0.0",",R","4",",R","2",",R","0",",R","0",",R","8",",R","0",",R","19",",R","0",",R","20140404",",,R","20140426",",,R","20140421",",,R","-3.4",",R,04,","3.1",",,R,26,","28.0",",R,21,","2182.1","","197.8",",R","9.5",",,,R","11.74",",R","21.73",",,,R","1.75",",,,R"
"USW00053019","2014-05","33.8209","-109.9831","1576.7","WHITERIVER A 1 SW, AZ US","21.4","","21.4",",R","0",",R","0",",R","0",",R","0",",R","1",",R","0",",R","26",",R","3",",R","20140513",",,R","20140531","+,,R","20140528",",,R","-0.1",",R,13,","0.0",",,R,31,+","34.7",",R,28,","2278.9","","96.8",",R","0.0",",,,R","15.90",",R","26.23",",,,R","5.57",",,,R"
