"STATION","DATE","LATITUDE","LONGITUDE","ELEVATION","NAME","CDSD","CDSD_ATTRIBUTES","CLDD","CLDD_ATTRIBUTES","DP01","DP01_ATTRIBUTES","DP10","DP10_ATTRIBUTES","DP1X","DP1X_ATTRIBUTES","DT00","DT00_ATTRIBUTES","DT32","DT32_ATTRIBUTES","DX32","DX32_ATTRIBUTES","DX70","DX70_ATTRIBUTES","DX90","DX90_ATTRIBUTES","DYNT","DYNT_ATTRIBUTES","DYXP","DYXP_ATTRIBUTES","DYXT","DYXT_ATTRIBUTES","EMNT","EMNT_ATTRIBUTES","EMXP","EMXP_ATTRIBUTES","EMXT","EMXT_ATTRIBUTES","HDSD","HDSD_ATTRIBUTES","HTDD","HTDD_ATTRIBUTES","PRCP","PRCP_ATTRIBUTES","TAVG","TAVG_ATTRIBUTES","TMAX","TMAX_ATTRIBUTES","TMIN","TMIN_ATTRIBUTES"
"USW00053006","2010-10","31.6922","-111.4481","1005.8","AMADO 23 W, AZ US","","","36.2",",R","7",",R","3",",R","0",",R","0",",R","0",",R","0",",R","29",",R","3",",R","20101031",",,R","20101005",",,R","20101001",",,R","4.5",",R,31,","18.9",",,R,05,","35.8",",R,01,","","","40.5",",R","46.0",",,,R","18.20",",R","27.08",",,,R","9.31",",,,R"
"USW00053006","2010-11","31.6922","-111.4481","1005.8","AMADO 23 W, AZ US","","","0.0",",R","0",",R","0",",R","0",",R","0",",R","15",",R","0",",R","15",",R","0",",R","20101130",",,R","20101130","+,,R","20101103",",,R","-9.3",",R,30,","0.0",",,R,30,+","29.4",",R,03,","","","234.2",",R","0.0",",,,R","10.53",",R","20.82",",,,R","0.23",",,,R"
"USW00053006","2010-12","31.6922","-111.4481","1005.8","AMADO 23 W, AZ US","","","0.0",",R","3",",R","3",",R","0",",R","0",",R","11",",R","0",",R","17",",R","0",",R","20101201",",,R","20101230","+,,R","20101213",",,R","-6.1",",R,01,","6.2",",,R,30,+","27.5",",R,13,","","","237.2",",R","17.4",",,,R","10.68",",R","20.44",",,,R","0.92",",,,R"
"USW00053006","2011-01","31.6922","-111.4481","1005.8","AMADO 23 W, AZ US","0.0","R","0.0",",R","0",",R","0",",R","0",",R","0",",R","26",",R","0",",R","6",",R","0",",R","20110125","+,,R","20110131","+,,R","20110118",",,R","-7.4",",R,25,+","0.0",",,R,31,+","24.5",",R,18,","","","323.2",",R","0.0",",,,R","7.91",",R","18.20",",,,R","-2.39",",,,R"
"USW00053006","2011-02","31.6922","-111.4481","1005.8","AMADO 23 W, AZ US","0.0","R","0.0",",R","2",",R","1",",R","0",",R","0",",R","22",",R","0",",R","7",",R","0",",R","20110204","+,,R","20110227",",,R","20110215",",,R","-11.9",",R,04,+","6.8",",,R,27,","26.5",",R,15,","","","309.5",",R","7.1",",,,R","7.28",",R","17.44",",,,R","-2.88",",,,R"
"USW00053006","2011-03","31.6922","-111.4481","1005.8","AMADO 23 W, AZ US","0.0","R","0.0","1,R","1",",R","0",",R","0",",R","0","1,R","6","1,R","0","1,R","24","1,R","0","1,R","20110323","+,1,R","20110321",",,R","20110331",",1,R","-2.2","1,R,23,+","1.6",",,R,21,","30.2","1,R,31,","","","133.5","1,R","1.6",",,,R","13.88","1,R","24.93","1,,,R","2.84","1,,,R"
"USW00053006","2011-04","31.6922","-111.4481","1005.8","AMADO 23 W, AZ US","15.0","R","15.0",",R","1",",R","1",",R","0",",R","0",",R","1",",R","0",",R","28",",R","2",",R","20110410",",,R","20110409",",,R","20110401",",,R","-0.7",",R,10,","8.0",",,R,09,","33.2",",R,01,","","","56.2",",R","8.0",",,,R","16.96",",R","26.92",",,,R","7.00",",,,R"
"USW00053006","2011-05","31.6922","-111.4481","1005.8","AMADO 23 W, AZ US","60.6","R","45.6",",R","0",",R","0",",R","0",",R","0",",R","1",",R","0",",R","30",",R","10",",R","20110501",",,R","20110531","+,,R","20110527",",,R","-0.7",",R,01,","0.0",",,R,31,+","35.9",",R,27,","","","36.3",",R","0.0",",,,R","18.64",",R","29.27",",,,R","8.00",",,,R"
"USW00053006","2011-06","31.6922","-111.4481","1005.8","AMADO 23 W, AZ US","270.8","R","210.2",",R","0",",R","0",",R","0",",R","0",",R","0",",R","0",",R","30",",R","30",",R","20110609",",,R","20110630","+,,R","20110627",",,R","7.3",",R,09,","0.0",",,R,30,+","42.2",",R,27,","","","0.0",",R","0.0",",,,R","25.34",",R","36.53",",,,R","14.14",",,,R"
"USW00053006","2011-07","31.6922","-111.4481","1005.8","AMADO 23 W, AZ US","539.8","R","269.0",",R","12",",R","9",",R","1",",R","0",",R","0",",R","0",",R","31",",R","25",",R","20110715",",,R","20110707",",,R","20110702",",,R","11.0",",R,15,","30.4",",,R,07,","41.6",",R,02,","0.0","R","0.0",",R","90.1",",,,R","27.01",",R","34.51",",,,R","19.52",",,,R"
"USW00053006","2011-08","31.6922","-111.4481","1005.8","AMADO 23 W, AZ US","832.9","R","293.1",",R","13",",R","7",",R","0",",R","0",",R","0",",R","0",",R","31",",R","25",",R","20110820",",,R","20110802",",,R","20110831",",,R","17.7",",R,20,","12.6",",,R,02,","40.1",",R,31,","0.0","R","0.0",",R","63.7",",,,R","27.79",",R","35.40",",,,R","20.18",",,,R"
"USW00053006","2011-09","31.6922","-111.4481","1005.8","AMADO 23 W, AZ US","1026.6","R","193.7",",R","4",",R","2",",R","0",",R","0",",R","0",",R","0",",R","30",",R","25",",R","20110926",",,R","20110913",",,R","20110904",",,R","10.7",",R,26,","8.1",",,R,13,","38.2",",R,04,","0.0","R","0.0",",R","16.6",",,,R","24.79",",R","34.14",",,,R","15.44",",,,R"
"USW00053006","2011-10","31.6922","-111.4481","1005.8","AMADO 23 W, AZ US","1079.4","R","52.8",",R","1",",R","1",",R","0",",R","0",",R","0",",R","0",",R","30",",R","9",",R","20111027","+,,R","20111001",",,R","20111015",",,R","0.5",",R,27,+","4.7",",,R,01,","35.0",",R,15,","39.9","R","39.9",",R","4.7",",,,R","18.75",",R","29.51",",,,R","7.98",",,,R"
"USW00053006","2011-11","31.6922","-111.4481","1005.8","AMADO 23 W, AZ US","1079.4","R","0.0",",R","5",",R","2",",R","0",",R","0",",R","7",",R","0",",R","13",",R","0",",R","20111108",",,R","20111105",",,R","20111101",",,R","-3.5",",R,08,","7.8",",,R,05,","28.7",",R,01,","242.6","R","202.7",",R","18.9",",,,R","11.58",",R","20.62",",,,R","2.54",",,,R"
"USW00053006","2011-12","31.6922","-111.4481","1005.8","AMADO 23 W, AZ US","1079.4","R","0.0",",R","6",",R","3",",R","1",",R","0",",R","19",",R","0",",R","4",",R","0",",R","20111207",",,R","20111213",",,R","20111230",",,R","-7.4",",R,07,","36.3",",,R,13,","26.0",",R,30,","608.6","R","366.0",",R","50.6",",,,R","6.53",",R","14.74",",,,R","-1.69",",,,R"
"USW00053006","2012-01","31.6922","-111.4481","1005.8","AMADO 23 W, AZ US","0.0","R","0.0","1,R","1",",R","0",",R","0",",R","0","1,R","20","1,R","0","1,R","14","1,R","0","1,R","20120113",",1,R","20120116",",,R","20120101",",1,R","-5.6","1,R,13,","0.7",",,R,16,","27.5","1,R,01,","864.2","R","255.6","1,R","0.7",",,,R","9.81","1,R","20.38","1,,,R","-0.75","1,,,R"
"USW00053006","2012-02","31.6922","-111.4481","1005.8","AMADO 23 W, AZ US","0.0","R","0.0",",R","3",",R","2",",R","0",",R","0",",R","16",",R","0",",R","12",",R","0",",R","20120203",",,R","20120216",",,R","20120211",",,R","-4.8",",R,03,","7.4",",,R,16,","24.4",",R,11,","1119.1","R","254.9",",R","11.3",",,,R","9.54",",R","19.30",",,,R","-0.22",",,,R"
"USW00053006","2012-03","31.6922","-111.4481","1005.8","AMADO 23 W, AZ US","0.0","R","0.0",",R","2",",R","2",",R","0",",R","0",",R","11",",R","0",",R","20",",R","0",",R","20120308",",,R","20120318",",,R","20120331",",,R","-6.3",",R,08,","6.5",",,R,18,","29.7",",R,31,","1322.1","R","203.0",",R","10.3",",,,R","11.78",",R","22.57",",,,R","1.00",",,,R"
"USW00053006","2012-04","31.6922","-111.4481","1005.8","AMADO 23 W, AZ US","28.4","R","28.4",",R","1",",R","0",",R","0",",R","0",",R","2",",R","0",",R","26",",R","6",",R","20120415",",,R","20120414",",,R","20120422",",,R","-1.8",",R,15,","2.2",",,R,14,","36.4",",R,22,","1399.6","R","77.5",",R","2.2",",,,R","16.70",",R","27.62",",,,R","5.77",",,,R"
"USW00053006","2012-05","31.6922","-111.4481","1005.8","AMADO 23 W, AZ US","114.7","R","86.3",",R","1",",R","1",",R","0",",R","0",",R","0",",R","0",",R","31",",R","18",",R","20120527","+,,R","20120509",",,R","20120521",",,R","2.5",",R,27,+","2.7",",,R,09,","38.9",",R,21,","1409.9","R","10.3",",R","2.7",",,,R","20.79",",R","32.69",",,,R","8.88",",,,R"
"USW00053006","2012-06","31.6922","-111.4481","1005.8","AMADO 23 W, AZ US","355.4","R","240.7",",R","4",",R","2",",R","0",",R","0",",R","0",",R","0",",R","30",",R","30",",R","20120607",",,R","20120626",",,R","20120613",",,R","9.2",",R,07,","17.2",",,R,26,","43.5",",R,13,","1409.9","R","0.0",",R","21.7",",,,R","26.36",",R","37.07",",,,R","15.64",",,,R"
"USW00053006","2012-07","31.6922","-111.4481","1005.8","AMADO 23 W, AZ US","614.8","R","259.4",",R","12",",R","6",",R","0",",R","0",",R","0",",R","0",",R","31",",R","20",",R","20120707",",,R","20120713",",,R","20120710",",,R","17.4",",R,07,","10.3",",,R,13,","37.8",",R,10,","0.0","R","0.0",",R","54.9",",,,R","26.70",",R","33.16",",,,R","20.24",",,,R"
"USW00053006","2012-08","31.6922","-111.4481","1005.8","AMADO 23 W, AZ US","890.3","R","275.5",",R","11",",R","8",",R","0",",R","0",",R","0",",R","0",",R","31",",R","25",",R","20120829",",,R","20120808",",,R","20120808",",,R","16.9",",R,29,","19.5",",,R,08,","39.3",",R,08,","0.0","R","0.0",",R","66.1",",,,R","27.22",",R","34.58",",,,R","19.85",",,,R"
"USW00053006","2012-09","31.6922","-111.4481","1005.8","AMADO 23 W, AZ US","1059.0","R","168.7",",R","9",",R","4",",R","0",",R","0",",R","0",",R","0",",R","30",",R","14",",R","20120929",",,R","20120911","+,,R","20120922",",,R","11.5",",R,29,","5.1",",,R,11,+","36.4",",R,22,","0.0","R","0.0",",R","22.9",",,,R","23.96",",R","32.02",",,,R","15.89",",,,R"
"USW00053006","2012-10","31.6922","-111.4481","1005.8","AMADO 23 W, AZ US","1097.4","R","38.4",",R","0",",R","0",",R","0",",R","0",",R","0",",R","0",",R","31",",R","3",",R","20121025",",,R","20121031","+,,R","20121002","+,,R","2.5",",R,25,","0.0",",,R,31,+","35.1",",R,02,+","23.1","R","23.1",",R","0.0",",,,R","18.83",",R","29.31",",,,R","8.34",",,,R"
"USW00053006","2012-11","31.6922","-111.4481","1005.8","AMADO 23 W, AZ US","1098.6","R","1.2",",R","3",",R","0",",R","0",",R","0",",R","3",",R","0",",R","27",",R","0",",R","20121111",",,R","20121117",",,R","20121107",",,R","-4.7",",R,11,","2.3",",,R,17,","30.6",",R,07,","149.8","R","126.7",",R","4.8",",,,R","14.15",",R","24.47",",,,R","3.83",",,,R"
"USW00053006","2012-12","31.6922","-111.4481","1005.8","AMADO 23 W, AZ US","1098.6","R","0.0",",R","6",",R","2",",R","0",",R","0",",R","14",",R","0",",R","7",",R","0",",R","20121228",",,R","20121213",",,R","20121205",",,R","-6.0",",R,28,","14.3",",,R,13,","27.1",",R,05,","455.0","R","305.2",",R","32.1",",,,R","8.49",",R","17.23",",,,R","-0.25",",,,R"
"USW00053006","2013-01","31.6922","-111.4481","1005.8","AMADO 23 W, AZ US","0.0","R","0.0","1,R","5","1,R","1","1,R","0","1,R","0","1,R","21","1,R","0","1,R","8","1,R","0","1,R","20130115",",1,R","20130126",",1,R","20130123",",1,R","-11.4","1,R,15,","14.9","1,,R,26,","25.5","1,R,23,","806.1","R","351.1","1,R","19.6","1,,,R","6.63","1,R","15.54","1,,,R","-2.28","1,,,R"
"USW00053006","2013-02","31.6922","-111.4481","1005.8","AMADO 23 W, AZ US","0.0","R","0.0",",R","3",",R","2",",R","0",",R","0",",R","19",",R","0",",R","3",",R","0",",R","20130225",",,R","20130220",",,R","20130216",",,R","-6.6",",R,25,","8.5",",,R,20,","22.8",",R,16,","1116.4","R","310.3",",R","17.2",",,,R","7.25",",R","16.08",",,,R","-1.58",",,,R"
"USW00053006","2013-03","31.6922","-111.4481","1005.8","AMADO 23 W, AZ US","0.3","R","0.3",",R","1",",R","0",",R","0",",R","0",",R","3",",R","0",",R","26",",R","0",",R","20130301",",,R","20130308",",,R","20130315",",,R","-4.2",",R,01,","2.0",",,R,08,","31.5",",R,15,","1241.9","R","125.5",",R","2.0",",,,R","14.29",",R","24.51",",,,R","4.07",",,,R"
"USW00053006","2013-04","31.6922","-111.4481","1005.8","AMADO 23 W, AZ US","14.4","R","14.1",",R","1",",R","0",",R","0",",R","0",",R","0",",R","0",",R","26",",R","3",",R","20130420",",,R","20130408",",,R","20130429",",,R","1.6",",R,20,","0.4",",,R,08,","33.4",",R,29,","1306.5","R","64.6",",R","0.4",",,,R","16.65",",R","26.60",",,,R","6.69",",,,R"
"USW00053006","2013-05","31.6922","-111.4481","1005.8","AMADO 23 W, AZ US","86.4","R","72.0",",R","0",",R","0",",R","0",",R","0",",R","0",",R","0",",R","31",",R","12",",R","20130509",",,R","20130531","+,,R","20130531",",,R","6.0",",R,09,","0.0",",,R,31,+","35.1",",R,31,","1311.7","R","5.2",",R","0.0",",,,R","20.49",",R","30.92",",,,R","10.05",",,,R"
"USW00053006","2013-06","31.6922","-111.4481","1005.8","AMADO 23 W, AZ US","339.3","R","252.9",",R","1",",R","0",",R","0",",R","0",",R","0",",R","0",",R","30",",R","30",",R","20130619",",,R","20130630",",,R","20130628",",,R","11.1",",R,19,","2.0",",,R,30,","41.3",",R,28,","1311.7","R","0.0",",R","2.0",",,,R","26.76",",R","37.57",",,,R","15.95",",,,R"
"USW00053006","2013-07","31.6922","-111.4481","1005.8","AMADO 23 W, AZ US","621.8","R","282.5",",R","15",",R","6",",R","0",",R","0",",R","0",",R","0",",R","31",",R","23",",R","20130729",",,R","20130710",",,R","20130701",",,R","18.1",",R,29,","11.0",",,R,10,","38.6",",R,01,","0.0","R","0.0",",R","45.3",",,,R","27.45",",R","34.13",",,,R","20.76",",,,R"
"USW00053006","2013-08","31.6922","-111.4481","1005.8","AMADO 23 W, AZ US","875.3","R","253.5",",R","13",",R","11",",R","1",",R","0",",R","0",",R","0",",R","31",",R","22",",R","20130810",",,R","20130822",",,R","20130817",",,R","14.5",",R,10,","31.2",",,R,22,","39.0",",R,17,","0.0","R","0.0",",R","108.0",",,,R","26.51",",R","33.81",",,,R","19.21",",,,R"
"USW00053006","2013-09","31.6922","-111.4481","1005.8","AMADO 23 W, AZ US","1023.0","R","147.7",",R","5",",R","3",",R","1",",R","0",",R","0",",R","0",",R","30",",R","14",",R","20130928",",,R","20130909",",,R","20130905",",,R","5.6",",R,28,","66.3",",,R,09,","35.4",",R,05,","2.5","R","2.5",",R","80.3",",,,R","23.17",",R","31.66",",,,R","14.68",",,,R"
"USW00053006","2013-10","31.6922","-111.4481","1005.8","AMADO 23 W, AZ US","1029.2","R","6.2",",R","0",",R","0",",R","0",",R","0",",R","1",",R","0",",R","29",",R","0",",R","20131031",",,R","20131031","+,,R","20131007",",,R","-1.1",",R,31,","0.0",",,R,31,+","31.8",",R,07,","75.9","R","73.4",",R","0.0",",,,R","16.16",",R","26.97",",,,R","5.36",",,,R"
"USW00053006","2013-11","31.6922","-111.4481","1005.8","AMADO 23 W, AZ US","1029.8","R","0.6",",R","4",",R","3",",R","1",",R","0",",R","2",",R","0",",R","21",",R","0",",R","20131101",",,R","20131122",",,R","20131112","+,,R","-1.2",",R,01,","26.3",",,R,22,","29.1",",R,12,+","228.6","R","152.7",",R","47.6",",,,R","13.26",",R","22.52",",,,R","4.00",",,,R"
"USW00053006","2013-12","31.6922","-111.4481","1005.8","AMADO 23 W, AZ US","1029.8","R","0.0",",R","2",",R","2",",R","0",",R","0",",R","20",",R","0",",R","6",",R","0",",R","20131207",",,R","20131205",",,R","20131217",",,R","-4.9",",R,07,","16.7",",,R,05,","27.0",",R,17,","537.5","R","308.9",",R","29.8",",,,R","8.37",",R","16.94",",,,R","-0.20",",,,R"
"USW00053006","2014-01","31.6922","-111.4481","1005.8","AMADO 23 W, AZ US","0.0","","0.0",",R","0",",R","0",",R","0",",R","0",",R","17",",R","0",",R","15",",R","0",",R","20140106",",,R","20140131","+,,R","20140121",",,R","-5.5",",R,06,","0.0",",,R,31,+","24.2",",R,21,","781.4","","243.9",",R","0.0",",,,R","10.47",",R","21.08",",,,R","-0.15",",,,R"
"USW00053006","2014-02","31.6922","-111.4481","1005.8","AMADO 23 W, AZ US","0.0","","0.0",",R","2",",R","0",",R","0",",R","0",",R","8",",R","0",",R","20",",R","0",",R","20140202",",,R","20140203",",,R","20140215",",,R","-6.2",",R,02,","2.0",",,R,03,","29.6",",R,15,","959.1","","177.7",",R","2.4",",,,R","11.99",",R","22.11",",,,R","1.87",",,,R"
"USW00053006","2014-03","31.6922","-111.4481","1005.8","AMADO 23 W, AZ US","0.0","","0.0",",R","2",",R","2",",R","1",",R","0",",R","0",",R","0",",R","24",",R","0",",R","20140317",",,R","20140301",",,R","20140329",",,R","1.2",",R,17,","30.3",",,R,01,","27.6",",R,29,","1107.5","","148.4",",R","34.2",",,,R","13.55",",R","23.10",",,,R","3.99",",,,R"
"USW00053006","2014-04","31.6922","-111.4481","1005.8","AMADO 23 W, AZ US","8.5","","8.5",",R","2",",R","0",",R","0",",R","0",",R","2",",R","0",",R","26",",R","2",",R","20140403",",,R","20140426",",,R","20140410","+,,R","-1.8",",R,03,","1.1",",,R,26,","32.4",",R,10,+","1194.2","","86.7",",R","1.6",",,,R","15.73",",R","26.33",",,,R","5.12",",,,R"
"USW00053006","2014-05","31.6922","-111.4481","1005.8","AMADO 23 W, AZ US","81.7","","73.2",",R","1",",R","0",",R","0",",R","0",",R","0",",R","0",",R","31",",R","12",",R","20140512",",,R","20140529",",,R","20140531",",,R","2.9",",R,12,","0.8",",,R,29,","37.5",",R,31,","1215.2","","21.0",",R","0.8",",,,R","20.02",",R","30.79",",,,R","9.25",",,,R"
