"STATION","DATE","LATITUDE","LONGITUDE","ELEVATION","NAME","CDSD","CDSD_ATTRIBUTES","CLDD","CLDD_ATTRIBUTES","DP01","DP01_ATTRIBUTES","DP10","DP10_ATTRIBUTES","DP1X","DP1X_ATTRIBUTES","DSND","DSND_ATTRIBUTES","DSNW","DSNW_ATTRIBUTES","DT00","DT00_ATTRIBUTES","DT32","DT32_ATTRIBUTES","DX32","DX32_ATTRIBUTES","DX70","DX70_ATTRIBUTES","DX90","DX90_ATTRIBUTES","DYFG","DYFG_ATTRIBUTES","DYNT","DYNT_ATTRIBUTES","DYSD","DYSD_ATTRIBUTES","DYSN","DYSN_ATTRIBUTES","DYTS","DYTS_ATTRIBUTES","DYXP","DYXP_ATTRIBUTES","DYXT","DYXT_ATTRIBUTES","EMNT","EMNT_ATTRIBUTES","EMSD","EMSD_ATTRIBUTES","EMSN","EMSN_ATTRIBUTES","EMXP","EMXP_ATTRIBUTES","EMXT","EMXT_ATTRIBUTES","HDSD","HDSD_ATTRIBUTES","HTDD","HTDD_ATTRIBUTES","PRCP","PRCP_ATTRIBUTES","SNOW","SNOW_ATTRIBUTES","TAVG","TAVG_ATTRIBUTES","TMAX","TMAX_ATTRIBUTES","TMIN","TMIN_ATTRIBUTES"
"USW00093113","1945-03","33.75","-118.25888","13.1","SAN PEDRO NAS, CA US","","","2.5",",X","","","","","","","","","","","0",",X","0",",X","0",",X","6",",X","0",",X","15","","19450305",",,X","","","","","2","","","","19450330",",,X","4.4",",X,05,","","","","","","","28.3",",X,30,","","","176.4",",X","","","","","12.72",",X","16.89",",,,X","8.55",",,,X"
"USW00093113","1945-04","33.75","-118.25888","13.1","SAN PEDRO NAS, CA US","","","1.1",",X","0",",X","0",",X","0",",X","","","0",",X","0",",X","0",",X","0",",X","8",",X","0",",X","18","","19450411","+,,X","","","19450430","+,,X","","","19450425","+,,X","19450407",",,X","6.7",",X,11,+","","","0",",,X,30,+","0.0",",T,X,25,+","26.7",",X,07,","","","113.5",",X","0.0",",T,,X","0",",,,X","14.59",",X","18.56",",,,X","10.61",",,,X"
"USW00093113","1945-05","33.75","-118.25888","13.1","SAN PEDRO NAS, CA US","","","4.2",",X","","","","","","","","","","","0",",X","0",",X","0",",X","9",",X","0",",X","16","","19450520","+,,X","","","","","","","","","19450516",",,X","10.0",",X,20,+","","","","","","","27.2",",X,16,","","","70.7",",X","","","","","16.19",",X","19.80",",,,X","12.58",",,,X"
"USW00093113","1945-06","33.75","-118.25888","13.1","SAN PEDRO NAS, CA US","","","5.1","1,X","1",",X","0",",X","0",",X","0",",X","0",",X","0","1,X","0","1,X","0",",X","9",",X","0",",X","21","","19450601",",1,X","19450630","+,,X","19450630","+,,X","","","19450604",",,X","19450616",",,X","12.8","1,X,01,","0",",,X,30,+","0",",,X,30,+","0.3",",,X,04,","24.4",",X,16,","","","26.2",",X","0.3",",,,X","0",",,,X","17.60","1,X","20.21",",,,X","14.99","1,,,X"
"USW00093113","1945-07","33.75","-118.25888","13.1","SAN PEDRO NAS, CA US","","","64.0",",X","0",",X","0",",X","0",",X","","","0",",X","0",",X","0",",X","0",",X","29",",X","0",",X","26","","19450715","+,,X","","","19450731","+,,X","1","","19450731","+,,X","19450721","+,,X","15.6",",X,15,+","","","0",",,X,31,+","0.0",",T,X,31,+","28.3",",X,21,+","1.3","X","1.3",",X","0.0",",T,,X","0",",,,X","20.35",",X","23.78",",,,X","16.93",",,,X"
"USW00093113","1945-08","33.75","-118.25888","13.1","SAN PEDRO NAS, CA US","","","117.4","1,X","1","1,X","0","1,X","0","1,X","","","0","1,X","0","1,X","0","1,X","0","1,X","30","1,X","1","1,X","23","","19450814",",1,X","","","19450831","+,1,X","","","19450818",",1,X","19450817",",1,X","14.4","1,X,14,","","","0","1,,X,31,+","0.3","1,,X,18,","32.2","1,X,17,","1.3","X","0.0","1,X","0.3","1,,,X","0","1,,,X","22.25","1,X","26.70","1,,,X","17.79","1,,,X"
"USW00093113","1945-09","33.75","-118.25888","13.1","SAN PEDRO NAS, CA US","","","108.8",",X","0",",X","0",",X","0",",X","","","0",",X","0",",X","0",",X","0",",X","28",",X","3",",X","13","","19450928","+,,X","","","19450930","+,,X","","","19450920","+,,X","19450903",",,X","12.8",",X,28,+","","","0",",,X,30,+","0.0",",T,X,20,+","35.6",",X,03,","2.1","X","0.8",",X","0.0",",T,,X","0",",,,X","21.93",",X","26.39",",,,X","17.47",",,,X"
"USW00093113","1945-10","33.75","-118.25888","13.1","SAN PEDRO NAS, CA US","","","39.8",",X","3",",X","0",",X","0",",X","0",",X","0",",X","0",",X","0",",X","0",",X","21",",X","2",",X","10","","19451026","+,,X","19451031","+,,X","19451031","+,,X","","","19451029",",,X","19451001",",,X","11.7",",X,26,+","0",",,X,31,+","0",",,X,31,+","1.8",",,X,29,","36.1",",X,01,","14.1","X","12.0",",X","2.6",",,,X","0",",,,X","19.23",",X","22.85",",,,X","15.61",",,,X"
"USW00093113","1945-11","33.75","-118.25888","13.1","SAN PEDRO NAS, CA US","","","12.5",",X","2",",X","1",",X","0",",X","","","0","1,X","0",",X","0",",X","0",",X","14",",X","1",",X","11","","19451130",",,X","","","19451130","+,1,X","","","19451129",",,X","19451103",",,X","6.1",",X,30,","","","0","1,,X,30,+","6.6",",,X,29,","34.4",",X,03,","112.3","X","98.2",",X","7.1",",,,X","0","1,,,X","15.48",",X","20.52",",,,X","10.44",",,,X"
"USW00093113","1945-12","33.75","-118.25888","13.1","SAN PEDRO NAS, CA US","","","0.3",",X","3",",X","3",",X","1",",X","","","0","2,X","0",",X","0",",X","0",",X","4",",X","0",",X","15","","19451213",",,X","","","19451231","+,2,X","","","19451222",",,X","19451230",",,X","4.4",",X,13,","","","0","2,,X,31,+","46.2",",,X,22,","27.8",",X,30,","252.0","X","139.7",",X","55.3",",,,X","0","2,,,X","13.84",",X","18.05",",,,X","9.62",",,,X"
"USW00093113","1946-01","33.75","-118.25888","13.1","SAN PEDRO NAS, CA US","0.0","X","0.0",",X","2","4,X","0","4,X","0","4,X","","","0","4,X","0",",X","0",",X","0",",X","8",",X","0",",X","15","","19460113",",,X","","","19460131","+,4,X","","","19460105",",4,X","19460124",",,X","3.9",",X,13,","","","0","4,,X,31,+","2.0","4,,X,05,","25.0",",X,24,","405.4","X","153.4",",X","3.3","4,,,X","0","4,,,X","13.38",",X","18.55",",,,X","8.22",",,,X"
"USW00093113","1946-02","33.75","-118.25888","13.1","SAN PEDRO NAS, CA US","0.0","X","0.0","1,X","1",",X","0",",X","0",",X","0",",X","0",",X","0","1,X","0","1,X","0",",X","2",",X","0",",X","13","","19460205",",1,X","19460228","+,,X","19460228","+,,X","","","19460203",",,X","19460201",",,X","4.4","1,X,05,","0",",,X,28,+","0",",,X,28,+","1.0",",,X,03,","23.3",",X,01,","563.2","X","157.8",",X","1.0",",,,X","0",",,,X","12.51","1,X","17.12",",,,X","7.90","1,,,X"
"USW00093113","1946-03","33.75","-118.25888","13.1","SAN PEDRO NAS, CA US","1.4","X","1.4","1,X","6","1,X","5","1,X","0","1,X","","","0","1,X","0","1,X","0","1,X","0","1,X","6","1,X","0","1,X","10","","19460315","+,1,X","","","19460331","+,1,X","1","","19460319",",1,X","19460309","+,1,X","6.7","1,X,15,+","","","0","1,,X,31,+","16.3","1,,X,19,","27.8","1,X,09,+","705.0","X","141.8","1,X","50.6","1,,,X","0","1,,,X","13.65","1,X","17.69","1,,,X","9.61","1,,,X"
"USW00093113","1946-04","33.75","-118.25888","13.1","SAN PEDRO NAS, CA US","7.6","X","6.2",",X","2",",X","2",",X","0",",X","","","0",",X","0",",X","0",",X","0",",X","6",",X","0",",X","12","","19460409","+,,X","","","19460430","+,,X","1","","19460401",",,X","19460411",",,X","8.9",",X,09,+","","","0",",,X,30,+","7.9",",,X,01,","31.1",",X,11,","783.1","X","78.1",",X","14.5",",,,X","0",",,,X","15.94",",X","19.65",",,,X","12.22",",,,X"
"USW00093113","1946-05","33.75","-118.25888","13.1","SAN PEDRO NAS, CA US","9.0","X","1.4","1,X","1","1,X","0","1,X","0","1,X","","","0","2,X","0",",X","0",",X","0","1,X","6","1,X","0","1,X","8","","19460527",",,X","","","19460531","+,2,X","","","19460526",",1,X","19460531","+,1,X","10.0",",X,27,","","","0","2,,X,31,+","0.3","1,,X,26,","23.9","1,X,31,+","850.0","X","66.9","1,X","0.3","1,,,X","0","2,,,X","16.15","1,X","18.83","1,,,X","13.46",",,,X"
"USW00093113","1946-06","33.75","-118.25888","13.1","SAN PEDRO NAS, CA US","47.6","X","38.6",",X","0",",X","0",",X","0",",X","","","0",",X","0",",X","0",",X","0",",X","26",",X","0",",X","16","","19460612","+,,X","","","19460630","+,,X","","","19460630","+,,X","19460611",",,X","12.8",",X,12,+","","","0",",,X,30,+","0.0",",,X,30,+","27.8",",X,11,","851.1","X","1.1",",X","0.0",",,,X","0",",,,X","19.59",",X","23.60",",,,X","15.57",",,,X"
"USW00093113","1946-07","33.75","-118.25888","13.1","SAN PEDRO NAS, CA US","135.8","X","88.2",",X","0",",X","0",",X","0",",X","","","0",",X","0",",X","0",",X","0",",X","27",",X","0",",X","24","","19460716","+,,X","","","19460731","+,,X","","","19460705","+,,X","19460725",",,X","15.6",",X,16,+","","","0",",,X,31,+","0.0",",T,X,05,+","30.0",",X,25,","0.6","X","0.6",",X","0.0",",T,,X","0",",,,X","21.16",",X","25.23",",,,X","17.09",",,,X"
"USW00093113","1946-08","33.75","-118.25888","13.1","SAN PEDRO NAS, CA US","235.4","X","99.6","2,X","0","2,X","0","2,X","0","2,X","","","0","2,X","0","2,X","0","2,X","0","2,X","28","2,X","1","2,X","23","","19460830",",2,X","","","19460831","+,2,X","","","19460831","+,2,X","19460811",",2,X","14.4","2,X,30,","","","0","2,,X,31,+","0.0","2,,X,31,+","33.3","2,X,11,","0.6","X","0.0","2,X","0.0","2,,,X","0","2,,,X","21.77","2,X","26.19","2,,,X","17.34","2,,,X"
"USW00093113","1946-09","33.75","-118.25888","13.1","SAN PEDRO NAS, CA US","348.2","X","112.8",",X","1",",X","1",",X","0",",X","","","0",",X","0",",X","0",",X","0",",X","30",",X","3",",X","24","","19460907",",,X","","","19460930","+,,X","1","","19460930",",,X","19460903",",,X","14.4",",X,07,","","","0",",,X,30,+","4.6",",,X,30,","33.3",",X,03,","0.6","X","0.0",",X","4.6",",,,X","0",",,,X","22.09",",X","26.98",",,,X","17.21",",,,X"
"USW00093113","1946-10","33.75","-118.25888","13.1","SAN PEDRO NAS, CA US","367.7","X","19.5",",X","2",",X","0",",X","0",",X","","","0","1,X","0",",X","0",",X","0",",X","23",",X","1",",X","20","","19461031",",,X","","","19461031","+,1,X","","","19461027",",,X","19461024",",,X","8.3",",X,31,","","","0","1,,X,31,+","2.0",",,X,27,","32.2",",X,24,","33.1","X","32.5",",X","3.8",",,,X","0","1,,,X","17.91",",X","23.19",",,,X","12.63",",,,X"
"USW00093113","1946-11","33.75","-118.25888","13.1","SAN PEDRO NAS, CA US","368.8","X","1.1",",X","8",",X","7",",X","1",",X","","","0",",X","0",",X","0",",X","0",",X","8",",X","0",",X","20","","19461125","+,,X","","","19461130","+,,X","1","","19461112",",,X","19461104",",,X","7.2",",X,25,+","","","0",",,X,30,+","37.8",",,X,12,","26.7",",X,04,","142.0","X","108.9",",X","101.3",",,,X","0",",,,X","14.74",",X","19.29",",,,X","10.19",",,,X"
"USW00093113","1946-12","33.75","-118.25888","13.1","SAN PEDRO NAS, CA US","368.8","X","0.0","2,X","5","1,X","3","1,X","1","1,X","","","0","1,X","0","1,X","0","1,X","0","2,X","2","2,X","0","2,X","27","","19461219",",1,X","","","19461231","+,1,X","","","19461226",",1,X","19461210",",2,X","4.4","1,X,19,","","","0","1,,X,31,+","33.0","1,,X,26,","23.3","2,X,10,","289.2","X","147.2","2,X","48.0","1,,,X","0","1,,,X","13.40","2,X","17.44","2,,,X","9.37","1,,,X"
"USW00093113","1947-01","33.75","-118.25888","13.1","SAN PEDRO NAS, CA US","0.0","","0.0",",X","1",",X","1",",X","0",",X","","","0",",X","0",",X","0",",X","0",",X","9",",X","0",",X","18","","19470116",",,X","","","19470131","+,,X","","","19470128",",,X","19470121",",,X","1.7",",X,16,","","","0",",,X,31,+","2.8",",,X,28,","27.2",",X,21,","476.1","","186.9",",X","2.8",",,,X","0",",,,X","12.30",",X","18.19",",,,X","6.42",",,,X"
"USW00093113","1947-02","33.75","-118.25888","13.1","SAN PEDRO NAS, CA US","3.3","","3.3",",X","2",",X","2",",X","0",",X","0",",X","0",",X","0",",X","0",",X","0",",X","9",",X","0",",X","18","","19470218",",,X","19470228","+,,X","19470228","+,,X","","","19470209",",,X","19470204",",,X","7.2",",X,18,","0",",,X,28,+","0",",,X,28,+","4.1",",,X,09,","28.3",",X,04,","582.6","","106.5",",X","6.9",",,,X","0",",,,X","14.65",",X","18.95",",,,X","10.35",",,,X"
"USW00093113","1947-03","33.75","-118.25888","13.1","SAN PEDRO NAS, CA US","11.4","","8.1",",X","7",",X","2",",X","0",",X","0",",X","0",",X","0",",X","0",",X","0",",X","9",",X","0",",X","9","","19470306",",,X","19470331","+,,X","19470331","+,,X","1","","19470305",",,X","19470314",",,X","7.8",",X,06,","0",",,X,31,+","0",",,X,31,+","10.7",",,X,05,","29.4",",X,14,","677.2","","94.6",",X","21.2",",,,X","0",",,,X","15.54",",X","19.38",",,,X","11.70",",,,X"
"USW00093113","1947-04","33.75","-118.25888","13.1","SAN PEDRO NAS, CA US","33.1","","21.7",",X","1",",X","0",",X","0",",X","","","0",",X","0",",X","0",",X","0",",X","10",",X","2",",X","9","","19470405",",,X","","","19470430","+,,X","","","19470422",",,X","19470413","+,,X","8.9",",X,05,","","","0",",,X,30,+","1.0",",,X,22,","32.2",",X,13,+","748.2","","71.0",",X","1.0",",,,X","0",",,,X","16.69",",X","20.78",",,,X","12.60",",,,X"
"USW00093113","1947-05","33.75","-118.25888","13.1","SAN PEDRO NAS, CA US","43.1","","10.0",",X","1",",X","0",",X","0",",X","","","0",",X","0",",X","0",",X","0",",X","10",",X","0",",X","7","","19470513",",,X","","","19470531","+,,X","1","","19470530",",,X","19470502",",,X","12.2",",X,13,","","","0",",,X,31,+","0.5",",,X,30,","29.4",",X,02,","783.2","","35.0",",X","0.5",",,,X","0",",,,X","17.53",",X","20.41",",,,X","14.64",",,,X"
