"STATION","DATE","LATITUDE","LONGITUDE","ELEVATION","NAME","CDSD","CDSD_ATTRIBUTES","CLDD","CLDD_ATTRIBUTES","DP01","DP01_ATTRIBUTES","DP10","DP10_ATTRIBUTES","DP1X","DP1X_ATTRIBUTES","DT00","DT00_ATTRIBUTES","DT32","DT32_ATTRIBUTES","DX32","DX32_ATTRIBUTES","DX70","DX70_ATTRIBUTES","DX90","DX90_ATTRIBUTES","DYNT","DYNT_ATTRIBUTES","DYXP","DYXP_ATTRIBUTES","DYXT","DYXT_ATTRIBUTES","EMNT","EMNT_ATTRIBUTES","EMXP","EMXP_ATTRIBUTES","EMXT","EMXT_ATTRIBUTES","HDSD","HDSD_ATTRIBUTES","HTDD","HTDD_ATTRIBUTES","PRCP","PRCP_ATTRIBUTES","TAVG","TAVG_ATTRIBUTES","TMAX","TMAX_ATTRIBUTES","TMIN","TMIN_ATTRIBUTES"
"USW00053026","2011-10","32.5122","-105.3357","1663.0","PINON 8 SSE, NM US","","","5.2","1,R","3","1,R","2","1,R","0","1,R","0","1,R","1","1,R","0","1,R","21","1,R","0","1,R","20111028",",1,R","20111027",",1,R","20111014",",1,R","-0.7","1,R,28,","5.2","1,,R,27,","28.9","1,R,14,","","","99.6","1,R","9.5","1,,,R","15.19","1,R","22.78","1,,,R","7.59","1,,,R"
"USW00053026","2011-11","32.5122","-105.3357","1663.0","PINON 8 SSE, NM US","","","0.0",",R","1",",R","0",",R","0",",R","0",",R","17",",R","0",",R","1",",R","0",",R","20111127",",,R","20111125",",,R","20111101",",,R","-8.9",",R,27,","0.8",",,R,25,","24.1",",R,01,","","","318.5",",R","0.8",",,,R","7.72",",R","14.96",",,,R","0.47",",,,R"
"USW00053026","2011-12","32.5122","-105.3357","1663.0","PINON 8 SSE, NM US","","","0.0",",R","8",",R","3",",R","0",",R","0",",R","27",",R","5",",R","0",",R","0",",R","20111206",",,R","20111219",",,R","20111231",",,R","-12.6",",R,06,","3.5",",,R,19,","17.5",",R,31,","","","523.8",",R","11.9",",,,R","1.44",",R","6.63",",,,R","-3.76",",,,R"
"USW00053026","2012-01","32.5122","-105.3357","1663.0","PINON 8 SSE, NM US","0.0","R","0.0","1,R","0",",R","0",",R","0",",R","0","1,R","25","1,R","0","1,R","0","1,R","0","1,R","20120129",",1,R","20120131","+,,R","20120119",",1,R","-9.0","1,R,29,","0.0",",,R,31,+","19.6","1,R,19,","","","391.3","1,R","0.0",",,,R","5.29","1,R","12.69","1,,,R","-2.11","1,,,R"
"USW00053026","2012-02","32.5122","-105.3357","1663.0","PINON 8 SSE, NM US","0.0","R","0.0",",R","2",",R","1",",R","0",",R","0",",R","22",",R","0",",R","0",",R","0",",R","20120212",",,R","20120217",",,R","20120223",",,R","-6.1",",R,12,","3.3",",,R,17,","21.0",",R,23,","","","381.3",",R","3.7",",,,R","5.19",",R","12.07",",,,R","-1.70",",,,R"
"USW00053026","2012-03","32.5122","-105.3357","1663.0","PINON 8 SSE, NM US","0.7","R","0.7",",R","1",",R","0",",R","0",",R","0",",R","12",",R","0",",R","18",",R","0",",R","20120303",",,R","20120319",",,R","20120325",",,R","-7.5",",R,03,","1.1",",,R,19,","28.5",",R,25,","","","240.1",",R","1.1",",,,R","10.61",",R","19.43",",,,R","1.79",",,,R"
"USW00053026","2012-04","32.5122","-105.3357","1663.0","PINON 8 SSE, NM US","19.1","R","18.4",",R","1",",R","1",",R","0",",R","0",",R","0",",R","0",",R","24",",R","0",",R","20120403",",,R","20120411",",,R","20120425",",,R","0.8",",R,03,","20.1",",,R,11,","31.6",",R,25,","","","88.8",",R","20.1",",,,R","15.99",",R","24.19",",,,R","7.79",",,,R"
"USW00053026","2012-05","32.5122","-105.3357","1663.0","PINON 8 SSE, NM US","72.5","R","53.4",",R","4",",R","4",",R","0",",R","0",",R","0",",R","0",",R","24",",R","0",",R","20120503",",,R","20120510",",,R","20120523",",,R","7.3",",R,03,","13.5",",,R,10,","32.0",",R,23,","","","45.8",",R","31.0",",,,R","18.58",",R","25.50",",,,R","11.66",",,,R"
"USW00053026","2012-06","32.5122","-105.3357","1663.0","PINON 8 SSE, NM US","264.4","R","191.9",",R","1",",R","0",",R","0",",R","0",",R","0",",R","0",",R","30",",R","21",",R","20120602",",,R","20120616",",,R","20120627",",,R","13.2",",R,02,","0.3",",,R,16,","35.9",",R,27,","","","0.0",",R","0.3",",,,R","24.73",",R","33.11",",,,R","16.35",",,,R"
"USW00053026","2012-07","32.5122","-105.3357","1663.0","PINON 8 SSE, NM US","412.1","R","147.7",",R","12",",R","9",",R","1",",R","0",",R","0",",R","0",",R","31",",R","3",",R","20120718",",,R","20120706",",,R","20120731",",,R","14.9",",R,18,","38.4",",,R,06,","33.4",",R,31,","0.0","R","0.0",",R","86.5",",,,R","23.10",",R","29.22",",,,R","16.98",",,,R"
"USW00053026","2012-08","32.5122","-105.3357","1663.0","PINON 8 SSE, NM US","591.8","R","179.7",",R","9",",R","3",",R","0",",R","0",",R","0",",R","0",",R","31",",R","9",",R","20120830",",,R","20120817",",,R","20120802",",,R","14.2",",R,30,","14.5",",,R,17,","35.7",",R,02,","0.0","R","0.0",",R","28.7",",,,R","24.13",",R","30.75",",,,R","17.51",",,,R"
"USW00053026","2012-09","32.5122","-105.3357","1663.0","PINON 8 SSE, NM US","657.2","R","65.4",",R","9",",R","5",",R","0",",R","0",",R","0",",R","0",",R","25",",R","1",",R","20120916",",,R","20120928",",,R","20120903",",,R","6.0",",R,16,","18.2",",,R,28,","33.3",",R,03,","28.0","R","28.0",",R","35.8",",,,R","19.58",",R","26.70",",,,R","12.45",",,,R"
"USW00053026","2012-10","32.5122","-105.3357","1663.0","PINON 8 SSE, NM US","658.2","R","1.0",",R","4",",R","1",",R","0",",R","0",",R","1",",R","0",",R","25",",R","0",",R","20121027",",,R","20121011",",,R","20121003",",,R","-1.3",",R,27,","3.0",",,R,11,","28.8",",R,03,","122.4","R","94.4",",R","4.5",",,,R","15.32",",R","23.08",",,,R","7.55",",,,R"
"USW00053026","2012-11","32.5122","-105.3357","1663.0","PINON 8 SSE, NM US","658.2","R","0.0",",R","0",",R","0",",R","0",",R","0",",R","6",",R","0",",R","6",",R","0",",R","20121112",",,R","20121118",",,R","20121107",",,R","-4.5",",R,12,","0.2",",,R,18,","23.8",",R,07,","355.7","R","233.3",",R","0.2",",,,R","10.56",",R","18.06",",,,R","3.05",",,,R"
"USW00053026","2012-12","32.5122","-105.3357","1663.0","PINON 8 SSE, NM US","658.2","R","0.0",",R","3",",R","0",",R","0",",R","0",",R","22",",R","0",",R","0",",R","0",",R","20121210",",,R","20121214",",,R","20121202",",,R","-10.1",",R,10,","2.3",",,R,14,","20.3",",R,02,","782.1","R","426.4",",R","4.5",",,,R","4.58",",R","11.78",",,,R","-2.62",",,,R"
"USW00053026","2013-01","32.5122","-105.3357","1663.0","PINON 8 SSE, NM US","0.0","R","0.0",",R","1",",R","0",",R","0",",R","0",",R","24",",R","3",",R","0",",R","0",",R","20130116",",,R","20130103",",,R","20130124",",,R","-12.2",",R,16,","0.8",",,R,03,","18.1",",R,24,","1269.4","R","487.3",",R","0.8",",,,R","2.61",",R","8.88",",,,R","-3.65",",,,R"
"USW00053026","2013-02","32.5122","-105.3357","1663.0","PINON 8 SSE, NM US","0.0","R","0.0",",R","1",",R","1",",R","0",",R","0",",R","22",",R","0",",R","0",",R","0",",R","20130213",",,R","20130219",",,R","20130205",",,R","-7.8",",R,13,","5.8",",,R,19,","16.8",",R,05,","1653.1","R","383.7",",R","5.8",",,,R","4.63",",R","12.17",",,,R","-2.91",",,,R"
"USW00053026","2013-03","32.5122","-105.3357","1663.0","PINON 8 SSE, NM US","0.0","R","0.0",",R","1",",R","0",",R","0",",R","0",",R","12",",R","0",",R","12",",R","0",",R","20130324",",,R","20130308",",,R","20130316","+,,R","-6.6",",R,24,","0.8",",,R,08,","25.0",",R,16,+","1908.9","R","255.8",",R","0.8",",,,R","10.08",",R","18.39",",,,R","1.77",",,,R"
"USW00053026","2013-04","32.5122","-105.3357","1663.0","PINON 8 SSE, NM US","2.0","R","2.0",",R","0",",R","0",",R","0",",R","0",",R","5",",R","0",",R","21",",R","0",",R","20130424",",,R","20130430","+,,R","20130430",",,R","-2.5",",R,24,","0.0",",,R,30,+","29.7",",R,30,","2048.2","R","139.3",",R","0.0",",,,R","13.76",",R","22.00",",,,R","5.51",",,,R"
"USW00053026","2013-05","32.5122","-105.3357","1663.0","PINON 8 SSE, NM US","52.2","R","50.2",",R","2",",R","2",",R","0",",R","0",",R","1",",R","0",",R","27",",R","1",",R","20130503",",,R","20130524",",,R","20130523",",,R","-1.8",",R,03,","13.5",",,R,24,","32.6",",R,23,","2109.9","R","61.7",",R","20.1",",,,R","17.96",",R","25.79",",,,R","10.14",",,,R"
"USW00053026","2013-06","32.5122","-105.3357","1663.0","PINON 8 SSE, NM US","237.2","R","185.0",",R","4",",R","4",",R","0",",R","0",",R","0",",R","0",",R","30",",R","18",",R","20130608",",,R","20130616",",,R","20130627",",,R","12.4",",R,08,","12.5",",,R,16,","37.1",",R,27,","2109.9","R","0.0",",R","23.3",",,,R","24.50",",R","32.21",",,,R","16.79",",,,R"
"USW00053026","2013-07","32.5122","-105.3357","1663.0","PINON 8 SSE, NM US","365.2","R","128.0",",R","10",",R","8",",R","1",",R","0",",R","0",",R","0",",R","29",",R","3",",R","20130716",",,R","20130725",",,R","20130714",",,R","12.0",",R,16,","27.1",",,R,25,","33.3",",R,14,","2.8","R","2.8",",R","118.8",",,,R","22.37",",R","28.11",",,,R","16.63",",,,R"
"USW00053026","2013-08","32.5122","-105.3357","1663.0","PINON 8 SSE, NM US","513.9","R","148.7",",R","5",",R","3",",R","0",",R","0",",R","0",",R","0",",R","31",",R","2",",R","20130822",",,R","20130810",",,R","20130831",",,R","14.2",",R,22,","11.9",",,R,10,","32.5",",R,31,","2.8","R","0.0",",R","30.1",",,,R","23.13",",R","29.48",",,,R","16.78",",,,R"
"USW00053026","2013-09","32.5122","-105.3357","1663.0","PINON 8 SSE, NM US","566.2","R","52.3",",R","9",",R","7",",R","1",",R","0",",R","0",",R","0",",R","27",",R","0",",R","20130930",",,R","20130911",",,R","20130901",",,R","6.4",",R,30,","66.9",",,R,11,","31.1",",R,01,","18.0","R","15.2",",R","134.0",",,,R","19.57",",R","25.21",",,,R","13.93",",,,R"
"USW00053026","2013-10","32.5122","-105.3357","1663.0","PINON 8 SSE, NM US","566.2","R","0.0",",R","1",",R","0",",R","0",",R","0",",R","1",",R","0",",R","14",",R","0",",R","20131031",",,R","20131025",",,R","20131001",",,R","-0.9",",R,31,","1.5",",,R,25,","27.0",",R,01,","172.0","R","154.0",",R","1.5",",,,R","13.37",",R","20.87",",,,R","5.86",",,,R"
"USW00053026","2013-11","32.5122","-105.3357","1663.0","PINON 8 SSE, NM US","566.2","R","0.0",",R","2",",R","0",",R","0",",R","0",",R","9",",R","2",",R","0",",R","0",",R","20131124",",,R","20131124",",,R","20131111",",,R","-7.1",",R,24,","1.6",",,R,24,","20.9",",R,11,","494.6","R","322.6",",R","2.4",",,,R","7.58",",R","14.00",",,,R","1.16",",,,R"
"USW00053026","2013-12","32.5122","-105.3357","1663.0","PINON 8 SSE, NM US","566.2","R","0.0",",R","5",",R","2",",R","0",",R","0",",R","25",",R","1",",R","0",",R","0",",R","20131210",",,R","20131205",",,R","20131202",",,R","-8.9",",R,10,","10.7",",,R,05,","18.8",",R,02,","962.2","R","467.6",",R","19.0",",,,R","3.25",",R","9.56",",,,R","-3.06",",,,R"
"USW00053026","2014-01","32.5122","-105.3357","1663.0","PINON 8 SSE, NM US","0.0","","0.0",",R","0",",R","0",",R","0",",R","0",",R","26",",R","1",",R","0",",R","0",",R","20140129",",,R","20140131","+,,R","20140130",",,R","-12.0",",R,29,","0.0",",,R,31,+","18.1",",R,30,","1414.1","","451.9",",R","0.0",",,,R","3.76",",R","11.63",",,,R","-4.12",",,,R"
"USW00053026","2014-02","32.5122","-105.3357","1663.0","PINON 8 SSE, NM US","0.0","","0.0",",R","1",",R","0",",R","0",",R","0",",R","14",",R","1",",R","4",",R","0",",R","20140206",",,R","20140203",",,R","20140216",",,R","-11.3",",R,06,","0.6",",,R,03,","24.2",",R,16,","1711.4","","297.3",",R","0.8",",,,R","7.72",",R","15.56",",,,R","-0.13",",,,R"
"USW00053026","2014-03","32.5122","-105.3357","1663.0","PINON 8 SSE, NM US","0.0","","0.0",",R","3",",R","1",",R","0",",R","0",",R","10",",R","0",",R","5",",R","0",",R","20140310",",,R","20140325",",,R","20140330",",,R","-4.2",",R,10,","4.3",",,R,25,","24.0",",R,30,","1979.4","","268.0",",R","9.1",",,,R","9.69",",R","17.32",",,,R","2.06",",,,R"
"USW00053026","2014-04","32.5122","-105.3357","1663.0","PINON 8 SSE, NM US","0.0","","0.0","1,R","2",",R","1",",R","0",",R","0",",R","3",",R","0","1,R","17","1,R","0","1,R","20140415",",,R","20140419",",,R","20140410",",1,R","-5.6",",R,15,","6.5",",,R,19,","26.2","1,R,10,","2123.3","","143.9","1,R","7.3",",,,R","13.23","1,R","20.99","1,,,R","5.47",",,,R"
"USW00053026","2014-05","32.5122","-105.3357","1663.0","PINON 8 SSE, NM US","38.4","","38.4",",R","1",",R","1",",R","1",",R","0",",R","0",",R","0",",R","25",",R","1",",R","20140502",",,R","20140523",",,R","20140531",",,R","1.0",",R,02,","37.5",",,R,23,","32.4",",R,31,","2188.1","","64.8",",R","37.5",",,,R","17.48",",R","25.27",",,,R","9.68",",,,R"
