"STATION","DATE","LATITUDE","LONGITUDE","ELEVATION","NAME","CDSD","CDSD_ATTRIBUTES","CLDD","CLDD_ATTRIBUTES","DP01","DP01_ATTRIBUTES","DP10","DP10_ATTRIBUTES","DP1X","DP1X_ATTRIBUTES","DT00","DT00_ATTRIBUTES","DT32","DT32_ATTRIBUTES","DX32","DX32_ATTRIBUTES","DX70","DX70_ATTRIBUTES","DX90","DX90_ATTRIBUTES","DYNT","DYNT_ATTRIBUTES","DYXP","DYXP_ATTRIBUTES","DYXT","DYXT_ATTRIBUTES","EMNT","EMNT_ATTRIBUTES","EMXP","EMXP_ATTRIBUTES","EMXT","EMXT_ATTRIBUTES","HDSD","HDSD_ATTRIBUTES","HTDD","HTDD_ATTRIBUTES","PRCP","PRCP_ATTRIBUTES","TAVG","TAVG_ATTRIBUTES","TMAX","TMAX_ATTRIBUTES","TMIN","TMIN_ATTRIBUTES"
"USW00003094","2010-06","36.4701","-103.1238","1488.9","CLAYTON 3 ENE, NM US","","","138.4",",R","7",",R","4",",R","0",",R","0",",R","0",",R","0",",R","30",",R","13",",R","20100615",",,R","20100616",",,R","20100610",",,R","10.0",",R,15,","11.5",",,R,16,","35.8",",R,10,","","","1.5",",R","28.2",",,,R","22.90",",R","30.89",",,,R","14.91",",,,R"
"USW00003094","2010-07","36.4701","-103.1238","1488.9","CLAYTON 3 ENE, NM US","","","172.5",",R","9",",R","5",",R","2",",R","0",",R","0",",R","0",",R","31",",R","10",",R","20100701",",,R","20100703",",,R","20100719",",,R","14.1",",R,01,","35.4",",,R,03,","36.2",",R,19,","0.0","R","0.0",",R","92.2",",,,R","23.90",",R","30.94",",,,R","16.85",",,,R"
"USW00003094","2010-08","36.4701","-103.1238","1488.9","CLAYTON 3 ENE, NM US","","","178.9",",R","9",",R","4",",R","0",",R","0",",R","0",",R","0",",R","31",",R","18",",R","20100825",",,R","20100816",",,R","20100812","+,,R","9.9",",R,25,","6.4",",,R,16,","35.9",",R,12,+","1.7","R","1.7",",R","25.3",",,,R","24.05",",R","31.90",",,,R","16.20",",,,R"
"USW00003094","2010-09","36.4701","-103.1238","1488.9","CLAYTON 3 ENE, NM US","","","99.7",",R","4",",R","3",",R","3",",R","0",",R","0",",R","0",",R","30",",R","8",",R","20100903",",,R","20100922",",,R","20100905",",,R","7.3",",R,03,","50.2",",,R,22,","36.1",",R,05,","8.5","R","6.8",",R","104.0",",,,R","21.43",",R","29.77",",,,R","13.09",",,,R"
"USW00003094","2010-10","36.4701","-103.1238","1488.9","CLAYTON 3 ENE, NM US","","","2.2",",R","2",",R","1",",R","0",",R","0",",R","3",",R","0",",R","17",",R","0",",R","20101028",",,R","20101021",",,R","20101006",",,R","-1.9",",R,28,","10.1",",,R,21,","27.3",",R,06,","141.1","R","132.6",",R","10.9",",,,R","14.13",",R","21.80",",,,R","6.45",",,,R"
"USW00003094","2010-11","36.4701","-103.1238","1488.9","CLAYTON 3 ENE, NM US","","","0.0",",R","0",",R","0",",R","0",",R","0",",R","21",",R","0",",R","6",",R","0",",R","20101125",",,R","20101130","+,,R","20101119",",,R","-12.5",",R,25,","0.0",",,R,30,+","24.5",",R,19,","507.7","R","366.6",",R","0.0",",,,R","6.11",",R","14.47",",,,R","-2.24",",,,R"
"USW00003094","2010-12","36.4701","-103.1238","1488.9","CLAYTON 3 ENE, NM US","","","0.0",",R","3",",R","1",",R","0",",R","0",",R","25",",R","3",",R","3",",R","0",",R","20101231",",,R","20101217",",,R","20101213","+,,R","-16.7",",R,31,","5.3",",,R,17,","21.4",",R,13,+","958.3","R","450.6",",R","6.6",",,,R","3.80",",R","10.43",",,,R","-2.83",",,,R"
"USW00003094","2011-01","36.4701","-103.1238","1488.9","CLAYTON 3 ENE, NM US","0.0","R","0.0",",R","1",",R","0",",R","0",",R","1",",R","30",",R","2",",R","0",",R","0",",R","20110101",",,R","20110117",",,R","20110117",",,R","-18.3",",R,01,","0.5",",,R,17,","20.9",",R,17,","1486.3","R","528.0",",R","0.7",",,,R","1.30",",R","9.64",",,,R","-7.03",",,,R"
"USW00003094","2011-02","36.4701","-103.1238","1488.9","CLAYTON 3 ENE, NM US","0.0","R","0.0",",R","2",",R","0",",R","0",",R","5",",R","22",",R","5",",R","3",",R","0",",R","20110203",",,R","20110205",",,R","20110213",",,R","-25.5",",R,03,","1.8",",,R,05,","25.1",",R,13,","1970.5","R","484.2",",R","2.3",",,,R","1.04",",R","9.58",",,,R","-7.50",",,,R"
"USW00003094","2011-03","36.4701","-103.1238","1488.9","CLAYTON 3 ENE, NM US","0.0","R","0.0",",R","1",",R","0",",R","0",",R","0",",R","18",",R","0",",R","10",",R","0",",R","20110309",",,R","20110304",",,R","20110317",",,R","-5.2",",R,09,","1.3",",,R,04,","27.3",",R,17,","2269.8","R","299.3",",R","1.3",",,,R","8.68",",R","17.82",",,,R","-0.46",",,,R"
"USW00003094","2011-04","36.4701","-103.1238","1488.9","CLAYTON 3 ENE, NM US","0.0","R","0.0",",R","3",",R","1",",R","0",",R","0",",R","5",",R","0",",R","17",",R","0",",R","20110404",",,R","20110426",",,R","20110429",",,R","-2.9",",R,04,","5.2",",,R,26,","29.8",",R,29,","2442.6","R","172.8",",R","8.0",",,,R","12.57",",R","21.77",",,,R","3.37",",,,R"
"USW00003094","2011-05","36.4701","-103.1238","1488.9","CLAYTON 3 ENE, NM US","30.0","R","30.0",",R","3",",R","1",",R","0",",R","0",",R","1",",R","0",",R","24",",R","2",",R","20110501",",,R","20110524",",,R","20110529",",,R","-0.6",",R,01,","3.7",",,R,24,","35.1",",R,29,","2540.8","R","98.2",",R","6.5",",,,R","16.13",",R","25.09",",,,R","7.17",",,,R"
"USW00003094","2011-06","36.4701","-103.1238","1488.9","CLAYTON 3 ENE, NM US","201.1","R","171.1",",R","2",",R","2",",R","0",",R","0",",R","0",",R","0",",R","30",",R","22",",R","20110612",",,R","20110604",",,R","20110626",",,R","8.5",",R,12,","17.4",",,R,04,","38.9",",R,26,","2540.8","R","0.0",",R","25.2",",,,R","24.04",",R","33.31",",,,R","14.77",",,,R"
"USW00003094","2011-07","36.4701","-103.1238","1488.9","CLAYTON 3 ENE, NM US","458.4","R","257.3",",R","8",",R","4",",R","1",",R","0",",R","0",",R","0",",R","31",",R","30",",R","20110713","+,,R","20110713",",,R","20110709",",,R","15.4",",R,13,+","30.3",",,R,13,","38.9",",R,09,","0.0","R","0.0",",R","61.9",",,,R","26.63",",R","35.01",",,,R","18.25",",,,R"
"USW00003094","2011-08","36.4701","-103.1238","1488.9","CLAYTON 3 ENE, NM US","696.7","R","238.3",",R","10",",R","4",",R","0",",R","0",",R","0",",R","0",",R","31",",R","24",",R","20110809",",,R","20110821",",,R","20110807",",,R","15.5",",R,09,","12.5",",,R,21,","37.5",",R,07,","0.0","R","0.0",",R","37.8",",,,R","26.02",",R","33.85",",,,R","18.19",",,,R"
"USW00003094","2011-09","36.4701","-103.1238","1488.9","CLAYTON 3 ENE, NM US","755.8","R","59.1",",R","6",",R","2",",R","0",",R","0",",R","0",",R","0",",R","27",",R","5",",R","20110922",",,R","20110914",",,R","20110901",",,R","7.3",",R,22,","11.6",",,R,14,","35.6",",R,01,","28.2","R","28.2",",R","20.2",",,,R","19.36",",R","26.74",",,,R","11.99",",,,R"
"USW00003094","2011-10","36.4701","-103.1238","1488.9","CLAYTON 3 ENE, NM US","764.1","R","8.3","1,R","2",",R","0",",R","0",",R","0","1,R","4","1,R","0","1,R","22","1,R","0","1,R","20111027",",1,R","20111026",",,R","20111001",",1,R","-1.7","1,R,27,","0.9",",,R,26,","30.3","1,R,01,","183.3","R","155.1","1,R","1.5",",,,R","13.44","1,R","21.52","1,,,R","5.37","1,,,R"
"USW00003094","2011-11","36.4701","-103.1238","1488.9","CLAYTON 3 ENE, NM US","764.1","R","0.0",",R","3",",R","2",",R","0",",R","0",",R","19",",R","0",",R","4",",R","0",",R","20111103",",,R","20111125",",,R","20111101",",,R","-7.5",",R,03,","8.1",",,R,25,","24.3",",R,01,","512.3","R","329.0",",R","13.3",",,,R","7.37",",R","15.03",",,,R","-0.30",",,,R"
"USW00003094","2011-12","36.4701","-103.1238","1488.9","CLAYTON 3 ENE, NM US","764.1","R","0.0",",R","4",",R","3",",R","0",",R","2",",R","27",",R","8",",R","0",",R","0",",R","20111206",",,R","20111213",",,R","20111218",",,R","-19.5",",R,06,","17.2",",,R,13,","17.5",",R,18,","1124.5","R","612.2",",R","36.1",",,,R","-1.41",",R","3.90",",,,R","-6.73",",,,R"
"USW00003094","2012-01","36.4701","-103.1238","1488.9","CLAYTON 3 ENE, NM US","0.0","R","0.0",",R","1",",R","0",",R","0",",R","0",",R","24",",R","1",",R","0",",R","0",",R","20120112",",,R","20120122",",,R","20120130",",,R","-13.5",",R,12,","1.5",",,R,22,","20.1",",R,30,","1566.5","R","442.0",",R","1.5",",,,R","4.08",",R","11.65",",,,R","-3.49",",,,R"
"USW00003094","2012-02","36.4701","-103.1238","1488.9","CLAYTON 3 ENE, NM US","0.0","R","0.0",",R","4",",R","0",",R","0",",R","0",",R","27",",R","2",",R","1",",R","0",",R","20120211",",,R","20120202",",,R","20120222",",,R","-11.8",",R,11,","0.7",",,R,02,","21.2",",R,22,","2039.0","R","472.5",",R","2.4",",,,R","2.04",",R","9.17",",,,R","-5.08",",,,R"
"USW00003094","2012-03","36.4701","-103.1238","1488.9","CLAYTON 3 ENE, NM US","0.0","R","0.0",",R","2",",R","2",",R","0",",R","0",",R","11",",R","0",",R","18",",R","0",",R","20120303",",,R","20120310",",,R","20120325",",,R","-8.9",",R,03,","3.5",",,R,10,","29.5",",R,25,","2276.1","R","237.1",",R","6.7",",,,R","10.69",",R","19.33",",,,R","2.04",",,,R"
"USW00003094","2012-04","36.4701","-103.1238","1488.9","CLAYTON 3 ENE, NM US","11.8","R","11.8",",R","6",",R","4",",R","1",",R","0",",R","0",",R","0",",R","18",",R","0",",R","20120403",",,R","20120411",",,R","20120424",",,R","0.8",",R,03,","25.7",",,R,11,","32.1",",R,24,","2410.7","R","134.6",",R","43.0",",,,R","14.24",",R","22.27",",,,R","6.21",",,,R"
"USW00003094","2012-05","36.4701","-103.1238","1488.9","CLAYTON 3 ENE, NM US","61.1","R","49.3",",R","3",",R","0",",R","0",",R","0",",R","0",",R","0",",R","25",",R","6",",R","20120509",",,R","20120507",",,R","20120523",",,R","3.5",",R,09,","1.3",",,R,07,","34.5",",R,23,","2463.5","R","52.8",",R","3.4",",,,R","18.22",",R","26.59",",,,R","9.85",",,,R"
"USW00003094","2012-06","36.4701","-103.1238","1488.9","CLAYTON 3 ENE, NM US","248.3","R","187.2",",R","7",",R","3",",R","0",",R","0",",R","0",",R","0",",R","30",",R","16",",R","20120601",",,R","20120612",",,R","20120628",",,R","11.1",",R,01,","7.4",",,R,12,","39.9",",R,28,","2463.5","R","0.0",",R","19.6",",,,R","24.57",",R","33.13",",,,R","16.01",",,,R"
"USW00003094","2012-07","36.4701","-103.1238","1488.9","CLAYTON 3 ENE, NM US","472.5","R","224.2","1,R","5",",R","4",",R","0",",R","0","1,R","0","1,R","0","1,R","30","1,R","27","1,R","20120711",",1,R","20120725",",,R","20120729",",1,R","14.2","1,R,11,","6.3",",,R,25,","36.4","1,R,29,","0.0","R","0.0","1,R","17.3",",,,R","25.81","1,R","33.82","1,,,R","17.79","1,,,R"
"USW00003094","2012-08","36.4701","-103.1238","1488.9","CLAYTON 3 ENE, NM US","645.9","R","173.4",",R","7",",R","3",",R","0",",R","0",",R","0",",R","0",",R","31",",R","14",",R","20120817",",,R","20120802",",,R","20120811","+,,R","11.7",",R,17,","18.0",",,R,02,","37.6",",R,11,+","0.0","R","0.0",",R","29.1",",,,R","23.93",",R","32.04",",,,R","15.82",",,,R"
"USW00003094","2012-09","36.4701","-103.1238","1488.9","CLAYTON 3 ENE, NM US","710.1","R","64.2",",R","3",",R","1",",R","0",",R","0",",R","0",",R","0",",R","27",",R","7",",R","20120915",",,R","20120912",",,R","20120906",",,R","5.2",",R,15,","4.6",",,R,12,","35.3",",R,06,","27.7","R","27.7",",R","8.3",",,,R","19.55",",R","27.71",",,,R","11.38",",,,R"
"USW00003094","2012-10","36.4701","-103.1238","1488.9","CLAYTON 3 ENE, NM US","715.9","R","5.8",",R","2",",R","1",",R","1",",R","0",",R","6",",R","0",",R","17",",R","0",",R","20121026",",,R","20121012",",,R","20121003",",,R","-4.2",",R,26,","53.0",",,R,12,","30.8",",R,03,","210.9","R","183.2",",R","54.4",",,,R","12.61",",R","20.44",",,,R","4.78",",,,R"
"USW00003094","2012-11","36.4701","-103.1238","1488.9","CLAYTON 3 ENE, NM US","715.9","R","0.0",",R","0",",R","0",",R","0",",R","0",",R","9",",R","0",",R","7",",R","0",",R","20121112",",,R","20121130","+,,R","20121101",",,R","-8.9",",R,12,","0.0",",,R,30,+","24.8",",R,01,","477.2","R","266.3",",R","0.0",",,,R","9.46",",R","17.73",",,,R","1.18",",,,R"
"USW00003094","2012-12","36.4701","-103.1238","1488.9","CLAYTON 3 ENE, NM US","715.9","R","0.0",",R","2",",R","2",",R","0",",R","0",",R","25",",R","2",",R","0",",R","0",",R","20121225",",,R","20121214",",,R","20121202",",,R","-14.6",",R,25,","6.6",",,R,14,","20.6",",R,02,","952.0","R","474.8",",R","11.0",",,,R","3.02",",R","10.57",",,,R","-4.53",",,,R"
"USW00003094","2013-01","36.4701","-103.1238","1488.9","CLAYTON 3 ENE, NM US","0.0","","0.0",",R","1",",R","0",",R","0",",R","0",",R","28",",R","8",",R","1",",R","0",",R","20130115",",,R","20130110",",,R","20130123",",,R","-15.2",",R,15,","2.1",",,R,10,","21.9",",R,23,","1498.2","","546.2",",R","2.5",",,,R","0.71",",R","7.58",",,,R","-6.15",",,,R"
"USW00003094","2013-02","36.4701","-103.1238","1488.9","CLAYTON 3 ENE, NM US","0.0","","0.0",",R","6",",R","1",",R","0",",R","0",",R","26",",R","2",",R","0",",R","0",",R","20130223",",,R","20130222",",,R","20130217",",,R","-10.7",",R,23,","3.0",",,R,22,","19.6",",R,17,","1947.2","","449.0",",R","7.7",",,,R","2.30",",R","8.98",",,,R","-4.39",",,,R"
"USW00003094","2013-03","36.4701","-103.1238","1488.9","CLAYTON 3 ENE, NM US","0.0","","0.0",",R","5",",R","0",",R","0",",R","0",",R","20",",R","1",",R","8",",R","0",",R","20130324",",,R","20130308",",,R","20130315",",,R","-10.3",",R,24,","1.1",",,R,08,","26.2",",R,15,","2297.5","","350.3",",R","3.4",",,,R","7.03",",R","15.57",",,,R","-1.50",",,,R"
"USW00003094","2013-04","36.4701","-103.1238","1488.9","CLAYTON 3 ENE, NM US","5.7","","5.7",",R","1",",R","0",",R","0",",R","0",",R","14",",R","1",",R","13",",R","1",",R","20130410",",,R","20130417",",,R","20130430",",,R","-9.8",",R,10,","0.3",",,R,17,","33.0",",R,30,","2582.6","","285.1",",R","0.5",",,,R","9.02",",R","17.80",",,,R","0.23",",,,R"
"USW00003094","2013-05","36.4701","-103.1238","1488.9","CLAYTON 3 ENE, NM US","57.1","","51.4","1,R","3","1,R","2","1,R","0","1,R","0","1,R","3","1,R","0","1,R","20","1,R","5","1,R","20130503",",1,R","20130524",",1,R","20130526","+,1,R","-3.4","1,R,03,","11.1","1,,R,24,","33.7","1,R,26,+","2675.7","","93.1","1,R","15.6","1,,,R","16.95","1,R","25.65","1,,,R","8.24","1,,,R"
"USW00003094","2013-06","36.4701","-103.1238","1488.9","CLAYTON 3 ENE, NM US","235.6","","178.5",",R","6",",R","4",",R","0",",R","0",",R","0",",R","0",",R","30",",R","18",",R","20130601",",,R","20130618",",,R","20130627",",,R","6.8",",R,01,","9.5",",,R,18,","39.2",",R,27,","2681.7","","6.0",",R","22.4",",,,R","24.08",",R","32.62",",,,R","15.54",",,,R"
"USW00003094","2013-07","36.4701","-103.1238","1488.9","CLAYTON 3 ENE, NM US","405.2","","169.6",",R","11",",R","6",",R","2",",R","0",",R","0",",R","0",",R","31",",R","14",",R","20130702",",,R","20130702",",,R","20130723",",,R","10.7",",R,02,","34.3",",,R,02,","37.2",",R,23,","2.2","","2.2",",R","90.4",",,,R","23.73",",R","30.77",",,,R","16.70",",,,R"
"USW00003094","2013-08","36.4701","-103.1238","1488.9","CLAYTON 3 ENE, NM US","574.3","","169.1",",R","6",",R","4",",R","1",",R","0",",R","0",",R","0",",R","31",",R","12",",R","20130809",",,R","20130807",",,R","20130831",",,R","13.7",",R,09,","36.0",",,R,07,","35.6",",R,31,","2.3","","0.1",",R","75.4",",,,R","23.78",",R","31.13",",,,R","16.44",",,,R"
"USW00003094","2013-09","36.4701","-103.1238","1488.9","CLAYTON 3 ENE, NM US","643.5","","69.2",",R","11",",R","8",",R","2",",R","0",",R","0",",R","0",",R","26",",R","5",",R","20130928",",,R","20130915",",,R","20130904",",,R","4.2",",R,28,","46.1",",,R,15,","33.8",",R,04,","19.8","","17.5",",R","131.3",",,,R","20.05",",R","26.46",",,,R","13.64",",,,R"
"USW00003094","2013-10","36.4701","-103.1238","1488.9","CLAYTON 3 ENE, NM US","645.6","","2.1",",R","4",",R","2",",R","0",",R","0",",R","2",",R","0",",R","12",",R","0",",R","20131019",",,R","20131013",",,R","20131002",",,R","-2.4",",R,19,","5.0",",,R,13,","28.0",",R,02,","230.7","","210.9",",R","10.4",",,,R","11.60",",R","19.39",",,,R","3.81",",,,R"
"USW00003094","2013-11","36.4701","-103.1238","1488.9","CLAYTON 3 ENE, NM US","645.6","","0.0","1,R","6",",R","1",",R","0",",R","0","1,R","18","1,R","3","1,R","1","1,R","0","1,R","20131125",",1,R","20131130",",,R","20131111",",1,R","-9.7","1,R,25,","5.4",",,R,30,","21.5","1,R,11,","605.2","","374.5","1,R","10.1",",,,R","5.42","1,R","12.35","1,,,R","-1.51","1,,,R"
"USW00003094","2014-01","36.4701","-103.1238","1488.9","CLAYTON 3 ENE, NM US","","","","","25","5,R","13","5,R","0","5,R","","","","","","","","","","","","","20140125",",5,R","","","","","15.5","5,,R,25,","","","","","","","123.5","5,,,R","","","","","",""
"USW00003094","2014-04","36.4701","-103.1238","1488.9","CLAYTON 3 ENE, NM US","","","","","9","1,R","7","1,R","4","1,R","","","","","","","","","","","","","20140407",",1,R","","","","","55.4","1,,R,07,","","","","","","","217.2","1,,,R","","","","","",""
"USW00003094","2014-05","36.4701","-103.1238","1488.9","CLAYTON 3 ENE, NM US","","","35.1",",R","4",",R","4",",R","0",",R","0",",R","0",",R","0",",R","24",",R","1",",R","20140514",",,R","20140522",",,R","20140519",",,R","0.4",",R,14,","14.7",",,R,22,","32.2",",R,19,","","","85.3",",R","31.4",",,,R","16.71",",R","24.89",",,,R","8.53",",,,R"
