"STATION","DATE","LATITUDE","LONGITUDE","ELEVATION","NAME","CDSD","CDSD_ATTRIBUTES","CLDD","CLDD_ATTRIBUTES","DP01","DP01_ATTRIBUTES","DP10","DP10_ATTRIBUTES","DP1X","DP1X_ATTRIBUTES","DT00","DT00_ATTRIBUTES","DT32","DT32_ATTRIBUTES","DX32","DX32_ATTRIBUTES","DX70","DX70_ATTRIBUTES","DX90","DX90_ATTRIBUTES","DYNT","DYNT_ATTRIBUTES","DYXP","DYXP_ATTRIBUTES","DYXT","DYXT_ATTRIBUTES","EMNT","EMNT_ATTRIBUTES","EMXP","EMXP_ATTRIBUTES","EMXT","EMXT_ATTRIBUTES","HDSD","HDSD_ATTRIBUTES","HTDD","HTDD_ATTRIBUTES","PRCP","PRCP_ATTRIBUTES","TAVG","TAVG_ATTRIBUTES","TMAX","TMAX_ATTRIBUTES","TMIN","TMIN_ATTRIBUTES"
"USW00003091","2010-06","37.2168","-103.5042","1789.2","KIM 9 WSW, CO US","","","111.4",",R","5",",R","3",",R","0",",R","0",",R","0",",R","0",",R","27",",R","8",",R","20100614",",,R","20100613",",,R","20100610",",,R","6.2",",R,14,","20.6",",,R,13,","34.6",",R,10,","","","18.3",",R","34.1",",,,R","21.44",",R","28.78",",,,R","14.09",",,,R"
"USW00003091","2010-07","37.2168","-103.5042","1789.2","KIM 9 WSW, CO US","","","134.7",",R","9",",R","8",",R","1",",R","0",",R","0",",R","0",",R","30",",R","6",",R","20100705",",,R","20100731",",,R","20100719",",,R","12.4",",R,05,","25.8",",,R,31,","34.6",",R,19,","2.0","R","2.0",",R","94.2",",,,R","22.61",",R","29.49",",,,R","15.74",",,,R"
"USW00003091","2010-08","37.2168","-103.5042","1789.2","KIM 9 WSW, CO US","","","121.5",",R","12",",R","8",",R","0",",R","0",",R","0",",R","0",",R","31",",R","3",",R","20100825",",,R","20100806",",,R","20100822",",,R","11.8",",R,25,","14.1",",,R,06,","33.5",",R,22,","3.0","R","1.0",",R","41.9",",,,R","22.22",",R","29.35",",,,R","15.09",",,,R"
"USW00003091","2010-09","37.2168","-103.5042","1789.2","KIM 9 WSW, CO US","","","62.0",",R","2",",R","2",",R","0",",R","0",",R","0",",R","0",",R","29",",R","2",",R","20100930",",,R","20100908",",,R","20100905",",,R","4.9",",R,30,","21.4",",,R,08,","33.7",",R,05,","19.2","R","16.2",",R","38.2",",,,R","19.86",",R","27.95",",,,R","11.76",",,,R"
"USW00003091","2010-10","37.2168","-103.5042","1789.2","KIM 9 WSW, CO US","","","0.0",",R","2",",R","0",",R","0",",R","0",",R","5",",R","0",",R","14",",R","0",",R","20101027",",,R","20101021",",,R","20101007",",,R","-6.6",",R,27,","1.6",",,R,21,","27.3",",R,07,","204.2","R","185.0",",R","3.0",",,,R","12.37",",R","20.43",",,,R","4.30",",,,R"
"USW00003091","2010-11","37.2168","-103.5042","1789.2","KIM 9 WSW, CO US","","","0.0",",R","3",",R","1",",R","0",",R","0",",R","23",",R","1",",R","3",",R","0",",R","20101125",",,R","20101101",",,R","20101108",",,R","-15.6",",R,25,","4.4",",,R,01,","24.6",",R,08,","637.3","R","433.1",",R","5.5",",,,R","3.90",",R","12.30",",,,R","-4.50",",,,R"
"USW00003091","2010-12","37.2168","-103.5042","1789.2","KIM 9 WSW, CO US","","","0.0",",R","3",",R","1",",R","0",",R","1",",R","27",",R","3",",R","0",",R","0",",R","20101231",",,R","20101217",",,R","20101213",",,R","-22.9",",R,31,","3.1",",,R,17,","18.3",",R,13,","1141.5","R","504.2",",R","5.8",",,,R","2.07",",R","9.52",",,,R","-5.38",",,,R"
"USW00003091","2011-01","37.2168","-103.5042","1789.2","KIM 9 WSW, CO US","0.0","R","0.0",",R","5",",R","0",",R","0",",R","4",",R","30",",R","4",",R","0",",R","0",",R","20110110",",,R","20110126",",,R","20110128",",,R","-21.5",",R,10,","1.6",",,R,26,","16.8",",R,28,","1738.9","R","597.4",",R","4.9",",,,R","-0.94",",R","7.07",",,,R","-8.94",",,,R"
"USW00003091","2011-02","37.2168","-103.5042","1789.2","KIM 9 WSW, CO US","0.0","R","0.0",",R","1",",R","1",",R","0",",R","5",",R","23",",R","7",",R","1",",R","0",",R","20110202",",,R","20110205",",,R","20110216",",,R","-27.4",",R,02,","3.9",",,R,05,","21.6",",R,16,","2286.8","R","547.9",",R","3.9",",,,R","-1.24",",R","6.88",",,,R","-9.35",",,,R"
"USW00003091","2011-03","37.2168","-103.5042","1789.2","KIM 9 WSW, CO US","0.0","R","0.0",",R","4",",R","0",",R","0",",R","0",",R","23",",R","1",",R","5",",R","0",",R","20110305",",,R","20110304",",,R","20110316",",,R","-8.4",",R,05,","2.2",",,R,04,","24.3",",R,16,","2663.5","R","376.7",",R","4.8",",,,R","6.18",",R","14.74",",,,R","-2.38",",,,R"
"USW00003091","2011-04","37.2168","-103.5042","1789.2","KIM 9 WSW, CO US","0.0","R","0.0",",R","5",",R","2",",R","0",",R","0",",R","11",",R","0",",R","10",",R","0",",R","20110404",",,R","20110424",",,R","20110402",",,R","-7.8",",R,04,","3.9",",,R,24,","28.2",",R,02,","2917.0","R","253.5",",R","10.3",",,,R","9.88",",R","18.63",",,,R","1.13",",,,R"
"USW00003091","2011-05","37.2168","-103.5042","1789.2","KIM 9 WSW, CO US","6.2","R","6.2",",R","3",",R","2",",R","0",",R","0",",R","5",",R","0",",R","18",",R","1",",R","20110503","+,,R","20110501",",,R","20110529",",,R","-2.7",",R,03,+","3.1",",,R,01,","32.3",",R,29,","3076.6","R","159.6",",R","6.7",",,,R","13.38",",R","22.49",",,,R","4.28",",,,R"
"USW00003091","2011-06","37.2168","-103.5042","1789.2","KIM 9 WSW, CO US","123.5","R","117.3",",R","5",",R","3",",R","0",",R","0",",R","0",",R","0",",R","29",",R","12",",R","20110612",",,R","20110620",",,R","20110626",",,R","7.1",",R,12,","13.7",",,R,20,","36.3",",R,26,","3085.2","R","8.6",",R","31.0",",,,R","21.96",",R","30.85",",,,R","13.06",",,,R"
"USW00003091","2011-07","37.2168","-103.5042","1789.2","KIM 9 WSW, CO US","321.7","R","198.2",",R","15",",R","6",",R","0",",R","0",",R","0",",R","0",",R","31",",R","20",",R","20110701",",,R","20110728",",,R","20110719",",,R","13.1",",R,01,","25.3",",,R,28,","35.8",",R,19,","0.0","R","0.0",",R","80.4",",,,R","24.73",",R","32.66",",,,R","16.79",",,,R"
"USW00003091","2011-08","37.2168","-103.5042","1789.2","KIM 9 WSW, CO US","484.4","R","162.7",",R","8",",R","3",",R","1",",R","0",",R","0",",R","0",",R","31",",R","14",",R","20110829",",,R","20110829",",,R","20110824",",,R","13.1",",R,29,","27.2",",,R,29,","35.0",",R,24,","0.0","R","0.0",",R","54.9",",,,R","23.58",",R","31.14",",,,R","16.03",",,,R"
"USW00003091","2011-09","37.2168","-103.5042","1789.2","KIM 9 WSW, CO US","506.7","R","22.3",",R","5",",R","0",",R","0",",R","0",",R","0",",R","0",",R","23",",R","1",",R","20110921",",,R","20110913",",,R","20110901",",,R","5.3",",R,21,","2.3",",,R,13,","32.7",",R,01,","55.9","R","55.9",",R","7.1",",,,R","17.21",",R","24.39",",,,R","10.04",",,,R"
"USW00003091","2011-10","37.2168","-103.5042","1789.2","KIM 9 WSW, CO US","508.9","R","2.2","1,R","2","1,R","1","1,R","0","1,R","0","1,R","9","1,R","0","1,R","13","1,R","0","1,R","20111027",",1,R","20111026",",1,R","20111002",",1,R","-7.5","1,R,27,","4.9","1,,R,26,","28.8","1,R,02,","273.4","R","217.5","1,R","6.1","1,,,R","11.16","1,R","19.30","1,,,R","3.01","1,,,R"
"USW00003091","2011-11","37.2168","-103.5042","1789.2","KIM 9 WSW, CO US","508.9","R","0.0",",R","3",",R","2",",R","0",",R","0",",R","25",",R","1",",R","2",",R","0",",R","20111109",",,R","20111108",",,R","20111104",",,R","-11.1",",R,09,","9.7",",,R,08,","21.6",",R,04,","702.4","R","429.0",",R","17.6",",,,R","4.03",",R","11.66",",,,R","-3.60",",,,R"
"USW00003091","2011-12","37.2168","-103.5042","1789.2","KIM 9 WSW, CO US","508.9","R","0.0",",R","5",",R","1",",R","0",",R","2",",R","30",",R","11",",R","0",",R","0",",R","20111206",",,R","20111219",",,R","20111218",",,R","-24.2",",R,06,","3.2",",,R,19,","18.4",",R,18,","1385.8","R","683.4",",R","7.8",",,,R","-3.71",",R","1.93",",,,R","-9.36",",,,R"
"USW00003091","2012-01","37.2168","-103.5042","1789.2","KIM 9 WSW, CO US","0.0","R","0.0",",R","2",",R","0",",R","0",",R","0",",R","28",",R","2",",R","0",",R","0",",R","20120112",",,R","20120122",",,R","20120130",",,R","-15.6",",R,12,","1.4",",,R,22,","16.9",",R,30,","1916.1","R","530.3",",R","2.1",",,,R","1.23",",R","7.96",",,,R","-5.51",",,,R"
"USW00003091","2012-02","37.2168","-103.5042","1789.2","KIM 9 WSW, CO US","0.0","R","0.0",",R","5",",R","0",",R","0",",R","0",",R","28",",R","4",",R","0",",R","0",",R","20120207",",,R","20120220",",,R","20120225",",,R","-12.2",",R,07,","1.5",",,R,20,","19.0",",R,25,","2430.8","R","514.7",",R","4.9",",,,R","0.59",",R","7.43",",,,R","-6.26",",,,R"
"USW00003091","2012-03","37.2168","-103.5042","1789.2","KIM 9 WSW, CO US","0.0","R","0.0",",R","3",",R","1",",R","0",",R","0",",R","14",",R","0",",R","13",",R","0",",R","20120303",",,R","20120310",",,R","20120325",",,R","-12.5",",R,03,","4.7",",,R,10,","27.6",",R,25,","2740.1","R","309.3",",R","6.3",",,,R","8.35",",R","16.84",",,,R","-0.13",",,,R"
"USW00003091","2012-04","37.2168","-103.5042","1789.2","KIM 9 WSW, CO US","0.6","R","0.6",",R","8",",R","5",",R","0",",R","0",",R","6",",R","1",",R","15",",R","0",",R","20120407",",,R","20120403",",,R","20120424",",,R","-2.2",",R,07,","17.4",",,R,03,","28.6",",R,24,","2942.8","R","202.7",",R","34.7",",,,R","11.60",",R","19.42",",,,R","3.78",",,,R"
"USW00003091","2012-05","37.2168","-103.5042","1789.2","KIM 9 WSW, CO US","13.7","R","13.1",",R","7",",R","5",",R","0",",R","0",",R","0",",R","0",",R","22",",R","0",",R","20120509",",,R","20120513",",,R","20120523",",,R","2.8",",R,09,","17.1",",,R,13,","31.0",",R,23,","3043.7","R","100.9",",R","31.0",",,,R","15.50",",R","23.66",",,,R","7.35",",,,R"
"USW00003091","2012-06","37.2168","-103.5042","1789.2","KIM 9 WSW, CO US","175.7","R","162.0",",R","4",",R","1",",R","0",",R","0",",R","0",",R","0",",R","30",",R","13",",R","20120611",",,R","20120606",",,R","20120627",",,R","9.5",",R,11,","2.8",",,R,06,","38.1",",R,27,","3044.7","R","1.0",",R","5.4",",,,R","23.70",",R","31.78",",,,R","15.62",",,,R"
"USW00003091","2012-07","37.2168","-103.5042","1789.2","KIM 9 WSW, CO US","362.4","R","186.7","1,R","7",",R","4",",R","1",",R","0","1,R","0","1,R","0","1,R","30","1,R","19","1,R","20120710",",1,R","20120708",",,R","20120729",",1,R","12.6","1,R,10,","31.8",",,R,08,","34.9","1,R,29,","0.3","R","0.3","1,R","51.0",",,,R","24.55","1,R","32.06","1,,,R","17.04","1,,,R"
"USW00003091","2012-08","37.2168","-103.5042","1789.2","KIM 9 WSW, CO US","498.1","R","135.7",",R","3",",R","2",",R","0",",R","0",",R","0",",R","0",",R","31",",R","11",",R","20120816",",,R","20120811",",,R","20120811",",,R","10.5",",R,16,","6.4",",,R,11,","36.1",",R,11,","1.4","R","1.1",",R","11.1",",,,R","22.67",",R","30.57",",,,R","14.77",",,,R"
"USW00003091","2012-09","37.2168","-103.5042","1789.2","KIM 9 WSW, CO US","536.9","R","38.8",",R","4",",R","3",",R","1",",R","0",",R","0",",R","0",",R","24",",R","1",",R","20120915",",,R","20120927",",,R","20120901",",,R","3.8",",R,15,","48.4",",,R,27,","33.6",",R,01,","66.5","R","65.1",",R","75.3",",,,R","17.46",",R","25.36",",,,R","9.56",",,,R"
"USW00003091","2012-10","37.2168","-103.5042","1789.2","KIM 9 WSW, CO US","536.9","R","0.0",",R","4",",R","1",",R","0",",R","0",",R","8",",R","0",",R","13",",R","0",",R","20121026","+,,R","20121012",",,R","20121003",",,R","-3.6",",R,26,+","7.5",",,R,12,","27.3",",R,03,","319.7","R","253.2",",R","10.5",",,,R","10.16",",R","18.24",",,,R","2.09",",,,R"
"USW00003091","2012-11","37.2168","-103.5042","1789.2","KIM 9 WSW, CO US","536.9","R","0.0",",R","0",",R","0",",R","0",",R","0",",R","15",",R","0",",R","4",",R","0",",R","20121112",",,R","20121130","+,,R","20121101",",,R","-11.2",",R,12,","0.0",",,R,30,+","23.7",",R,01,","648.1","R","328.4",",R","0.0",",,,R","7.39",",R","15.91",",,,R","-1.14",",,,R"
"USW00003091","2012-12","37.2168","-103.5042","1789.2","KIM 9 WSW, CO US","536.9","R","0.0",",R","2",",R","2",",R","0",",R","3",",R","27",",R","4",",R","0",",R","0",",R","20121225",",,R","20121231",",,R","20121205",",,R","-18.5",",R,25,","3.2",",,R,31,","20.3",",R,05,","1201.8","R","553.7",",R","6.8",",,,R","0.47",",R","8.06",",,,R","-7.12",",,,R"
"USW00003091","2013-01","37.2168","-103.5042","1789.2","KIM 9 WSW, CO US","0.0","R","0.0",",R","3",",R","0",",R","0",",R","1",",R","29",",R","7",",R","0",",R","0",",R","20130115",",,R","20130129",",,R","20130123",",,R","-18.6",",R,15,","0.4",",,R,29,","20.4",",R,23,","1785.3","R","583.5",",R","1.0",",,,R","-0.49",",R","7.33",",,,R","-8.31",",,,R"
"USW00003091","2013-02","37.2168","-103.5042","1789.2","KIM 9 WSW, CO US","0.0","R","0.0",",R","5",",R","1",",R","0",",R","0",",R","28",",R","3",",R","0",",R","0",",R","20130228",",,R","20130220",",,R","20130217",",,R","-13.3",",R,28,","2.7",",,R,20,","17.8",",R,17,","2312.6","R","527.3",",R","5.1",",,,R","-0.50",",R","6.49",",,,R","-7.48",",,,R"
"USW00003091","2013-03","37.2168","-103.5042","1789.2","KIM 9 WSW, CO US","0.0","R","0.0",",R","4",",R","0",",R","0",",R","1",",R","22",",R","3",",R","1",",R","0",",R","20130324",",,R","20130309",",,R","20130315",",,R","-18.6",",R,24,","1.5",",,R,09,","24.0",",R,15,","2748.9","R","436.3",",R","3.6",",,,R","4.26",",R","12.64",",,,R","-4.13",",,,R"
"USW00003091","2013-04","37.2168","-103.5042","1789.2","KIM 9 WSW, CO US","0.0","R","0.0",",R","4",",R","0",",R","0",",R","0",",R","18",",R","3",",R","8",",R","0",",R","20130410",",,R","20130417",",,R","20130430",",,R","-15.1",",R,10,","1.5",",,R,17,","27.4",",R,30,","3101.3","R","352.4",",R","2.7",",,,R","6.59",",R","15.19",",,,R","-2.02",",,,R"
"USW00003091","2013-05","37.2168","-103.5042","1789.2","KIM 9 WSW, CO US","22.5","R","22.5",",R","3",",R","1",",R","0",",R","0",",R","5",",R","0",",R","17",",R","0",",R","20130502",",,R","20130508",",,R","20130517",",,R","-5.8",",R,02,","5.6",",,R,08,","31.2",",R,17,","3252.4","R","151.1",",R","9.1",",,,R","14.19",",R","22.33",",,,R","6.04",",,,R"
"USW00003091","2013-06","37.2168","-103.5042","1789.2","KIM 9 WSW, CO US","150.0","R","127.5",",R","7",",R","3",",R","0",",R","0",",R","0",",R","0",",R","28",",R","13",",R","20130601",",,R","20130614",",,R","20130611",",,R","4.2",",R,01,","16.3",",,R,14,","37.5",",R,11,","3268.0","R","15.6",",R","34.2",",,,R","22.06",",R","30.37",",,,R","13.75",",,,R"
"USW00003091","2013-07","37.2168","-103.5042","1789.2","KIM 9 WSW, CO US","280.0","R","130.0",",R","11",",R","8",",R","0",",R","0",",R","0",",R","0",",R","31",",R","10",",R","20130716","+,,R","20130719",",,R","20130723",",,R","11.8",",R,16,+","17.3",",,R,19,","34.9",",R,23,","3.1","R","3.1",",R","68.3",",,,R","22.43",",R","29.80",",,,R","15.05",",,,R"
"USW00003091","2013-08","37.2168","-103.5042","1789.2","KIM 9 WSW, CO US","400.2","R","120.2",",R","10",",R","5",",R","0",",R","0",",R","0",",R","0",",R","30",",R","6",",R","20130812",",,R","20130807",",,R","20130829",",,R","11.7",",R,12,","19.9",",,R,07,","33.7",",R,29,","6.2","R","3.1",",R","53.0",",,,R","22.11",",R","29.24",",,,R","14.99",",,,R"
"USW00003091","2013-09","37.2168","-103.5042","1789.2","KIM 9 WSW, CO US","461.3","R","61.1",",R","7",",R","6",",R","0",",R","0",",R","0",",R","0",",R","24",",R","5",",R","20130928",",,R","20130913",",,R","20130904",",,R","1.1",",R,28,","20.3",",,R,13,","33.7",",R,04,","42.6","R","36.4",",R","68.4",",,,R","19.16",",R","25.78",",,,R","12.53",",,,R"
"USW00003091","2013-10","37.2168","-103.5042","1789.2","KIM 9 WSW, CO US","461.6","R","0.3",",R","5",",R","1",",R","0",",R","0",",R","14",",R","0",",R","7",",R","0",",R","20131018",",,R","20131010",",,R","20131008",",,R","-5.4",",R,18,","3.1",",,R,10,","27.0",",R,08,","313.2","R","270.6",",R","6.3",",,,R","9.61",",R","17.47",",,,R","1.76",",,,R"
"USW00003091","2013-11","37.2168","-103.5042","1789.2","KIM 9 WSW, CO US","461.6","R","0.0",",R","2",",R","1",",R","0",",R","0",",R","23",",R","4",",R","1",",R","0",",R","20131122",",,R","20131122",",,R","20131108",",,R","-11.8",",R,22,","7.5",",,R,22,","22.4",",R,08,","742.3","R","429.1",",R","8.0",",,,R","4.03",",R","11.16",",,,R","-3.11",",,,R"
"USW00003091","2013-12","37.2168","-103.5042","1789.2","KIM 9 WSW, CO US","461.6","R","0.0",",R","0",",R","0",",R","0",",R","1",",R","29",",R","7",",R","0",",R","0",",R","20131209",",,R","20131229",",,R","20131219",",,R","-19.6",",R,09,","0.2",",,R,29,","18.0",",R,19,","1331.2","R","588.9",",R","0.2",",,,R","-0.66",",R","6.68",",,,R","-8.01",",,,R"
"USW00003091","2014-01","37.2168","-103.5042","1789.2","KIM 9 WSW, CO US","0.0","","0.0",",R","4",",R","0",",R","0",",R","2",",R","30",",R","5",",R","0",",R","0",",R","20140106",",,R","20140104",",,R","20140119",",,R","-22.2",",R,06,","1.6",",,R,04,","16.9",",R,19,","1918.6","","587.4",",R","3.7",",,,R","-0.61",",R","7.37",",,,R","-8.60",",,,R"
"USW00003091","2014-02","37.2168","-103.5042","1789.2","KIM 9 WSW, CO US","0.0","","0.0",",R","3",",R","1",",R","0",",R","3",",R","22",",R","5",",R","0",",R","0",",R","20140205",",,R","20140204",",,R","20140215",",,R","-24.3",",R,05,","4.6",",,R,04,","20.3",",R,15,","2409.4","","490.8",",R","6.4",",,,R","0.81",",R","8.77",",,,R","-7.16",",,,R"
"USW00003091","2014-03","37.2168","-103.5042","1789.2","KIM 9 WSW, CO US","0.0","","0.0",",R","6",",R","1",",R","0",",R","0",",R","24",",R","1",",R","4",",R","0",",R","20140302",",,R","20140307",",,R","20140330",",,R","-15.0",",R,02,","4.8",",,R,07,","22.6",",R,30,","2822.3","","412.9",",R","9.7",",,,R","5.01",",R","13.31",",,,R","-3.28",",,,R"
"USW00003091","2014-04","37.2168","-103.5042","1789.2","KIM 9 WSW, CO US","0.0","","0.0",",R","8",",R","2",",R","0",",R","0",",R","12",",R","1",",R","11",",R","0",",R","20140414",",,R","20140427",",,R","20140423",",,R","-8.4",",R,14,","4.6",",,R,27,","25.6",",R,23,","3103.6","","281.3",",R","12.9",",,,R","8.96",",R","16.58",",,,R","1.33",",,,R"
"USW00003091","2014-05","37.2168","-103.5042","1789.2","KIM 9 WSW, CO US","13.6","","13.6",",R","8",",R","5",",R","1",",R","0",",R","7",",R","0",",R","20",",R","0",",R","20140514",",,R","20140526",",,R","20140519",",,R","-3.4",",R,14,","28.4",",,R,26,","30.6",",R,19,","3248.5","","144.9",",R","76.0",",,,R","14.10",",R","22.26",",,,R","5.94",",,,R"
