"STATION","DATE","LATITUDE","LONGITUDE","ELEVATION","NAME","CDSD","CDSD_ATTRIBUTES","CLDD","CLDD_ATTRIBUTES","DP01","DP01_ATTRIBUTES","DP10","DP10_ATTRIBUTES","DP1X","DP1X_ATTRIBUTES","DT00","DT00_ATTRIBUTES","DT32","DT32_ATTRIBUTES","DX32","DX32_ATTRIBUTES","DX70","DX70_ATTRIBUTES","DX90","DX90_ATTRIBUTES","DYNT","DYNT_ATTRIBUTES","DYXP","DYXP_ATTRIBUTES","DYXT","DYXT_ATTRIBUTES","EMNT","EMNT_ATTRIBUTES","EMXP","EMXP_ATTRIBUTES","EMXT","EMXT_ATTRIBUTES","HDSD","HDSD_ATTRIBUTES","HTDD","HTDD_ATTRIBUTES","PRCP","PRCP_ATTRIBUTES","TAVG","TAVG_ATTRIBUTES","TMAX","TMAX_ATTRIBUTES","TMIN","TMIN_ATTRIBUTES"
"USW00053015","2010-09","33.0875","-104.1617","1082.6","HAGERMAN 10 ESE, NM US","","","","","5","4,R","4","4,R","0","4,R","","","","","","","","","","","","","20100916",",4,R","","","","","16.1","4,,R,16,","","","","","","","40.6","4,,,R","","","","","",""
"USW00053015","2010-10","33.0875","-104.1617","1082.6","HAGERMAN 10 ESE, NM US","","","12.1",",R","2",",R","0",",R","0",",R","0",",R","1",",R","0",",R","30",",R","0",",R","20101028",",,R","20101021","+,,R","20101030",",,R","-1.8",",R,28,","0.8",",,R,21,+","31.8",",R,30,","","","46.9",",R","1.8",",,,R","17.21",",R","26.65",",,,R","7.78",",,,R"
"USW00053015","2010-11","33.0875","-104.1617","1082.6","HAGERMAN 10 ESE, NM US","","","0.0",",R","1",",R","0",",R","0",",R","0",",R","20",",R","0",",R","13",",R","0",",R","20101126",",,R","20101112",",,R","20101108",",,R","-14.1",",R,26,","1.1",",,R,12,","27.7",",R,08,","","","285.7",",R","1.1",",,,R","8.81",",R","19.47",",,,R","-1.85",",,,R"
"USW00053015","2010-12","33.0875","-104.1617","1082.6","HAGERMAN 10 ESE, NM US","","","0.0",",R","1",",R","0",",R","0",",R","0",",R","25",",R","0",",R","8",",R","0",",R","20101201",",,R","20101230",",,R","20101215",",,R","-9.1",",R,01,","0.4",",,R,30,","25.5",",R,15,","","","359.6",",R","0.4",",,,R","6.73",",R","16.81",",,,R","-3.35",",,,R"
"USW00053015","2011-01","33.0875","-104.1617","1082.6","HAGERMAN 10 ESE, NM US","0.0","R","0.0",",R","0",",R","0",",R","0",",R","0",",R","30",",R","0",",R","4",",R","0",",R","20110102",",,R","20110131","+,,R","20110119",",,R","-15.3",",R,02,","0.0",",,R,31,+","26.0",",R,19,","","","444.9",",R","0.0",",,,R","3.98",",R","15.24",",,,R","-7.28",",,,R"
"USW00053015","2011-02","33.0875","-104.1617","1082.6","HAGERMAN 10 ESE, NM US","0.1","R","0.1",",R","0",",R","0",",R","0",",R","3",",R","20",",R","4",",R","11",",R","0",",R","20110204",",,R","20110209","+,,R","20110216",",,R","-23.7",",R,04,","0.2",",,R,09,+","28.9",",R,16,","","","377.4",",R","0.4",",,,R","4.86",",R","15.63",",,,R","-5.91",",,,R"
"USW00053015","2011-03","33.0875","-104.1617","1082.6","HAGERMAN 10 ESE, NM US","6.3","R","6.2","1,R","0","1,R","0","1,R","0","1,R","0","1,R","10","1,R","0","1,R","26","1,R","0","1,R","20110301",",1,R","20110331","+,1,R","20110317",",1,R","-5.3","1,R,01,","0.0","1,,R,31,+","31.9","1,R,17,","","","126.3","1,R","0.0","1,,,R","14.33","1,R","25.64","1,,,R","3.01","1,,,R"
"USW00053015","2011-04","33.0875","-104.1617","1082.6","HAGERMAN 10 ESE, NM US","57.4","R","51.1",",R","0",",R","0",",R","0",",R","0",",R","0",",R","0",",R","29",",R","8",",R","20110405",",,R","20110430","+,,R","20110429",",,R","2.0",",R,05,","0.0",",,R,30,+","35.1",",R,29,","","","33.7",",R","0.0",",,,R","18.91",",R","29.45",",,,R","8.38",",,,R"
"USW00053015","2011-05","33.0875","-104.1617","1082.6","HAGERMAN 10 ESE, NM US","148.5","R","91.1",",R","1",",R","1",",R","0",",R","0",",R","2",",R","0",",R","29",",R","14",",R","20110503",",,R","20110531",",,R","20110528",",,R","-0.5",",R,03,","7.6",",,R,31,","40.1",",R,28,","","","28.4",",R","7.6",",,,R","20.35",",R","30.89",",,,R","9.82",",,,R"
"USW00053015","2011-06","33.0875","-104.1617","1082.6","HAGERMAN 10 ESE, NM US","455.0","R","306.5",",R","2",",R","1",",R","0",",R","0",",R","0",",R","0",",R","30",",R","30",",R","20110611",",,R","20110602",",,R","20110626",",,R","12.3",",R,11,","7.8",",,R,02,","42.7",",R,26,","","","0.0",",R","9.2",",,,R","28.55",",R","38.72",",,,R","18.38",",,,R"
"USW00053015","2011-07","33.0875","-104.1617","1082.6","HAGERMAN 10 ESE, NM US","809.3","R","354.3",",R","4",",R","3",",R","0",",R","0",",R","0",",R","0",",R","31",",R","31",",R","20110718",",,R","20110722",",,R","20110720",",,R","18.4",",R,18,","10.7",",,R,22,","39.9",",R,20,","0.0","R","0.0",",R","25.3",",,,R","29.76",",R","37.57",",,,R","21.95",",,,R"
"USW00053015","2011-08","33.0875","-104.1617","1082.6","HAGERMAN 10 ESE, NM US","1170.0","R","360.7",",R","5",",R","2",",R","0",",R","0",",R","0",",R","0",",R","31",",R","31",",R","20110815",",,R","20110816",",,R","20110810",",,R","18.2",",R,15,","4.0",",,R,16,","41.2",",R,10,","0.0","R","0.0",",R","11.0",",,,R","29.97",",R","38.29",",,,R","21.65",",,,R"
"USW00053015","2011-09","33.0875","-104.1617","1082.6","HAGERMAN 10 ESE, NM US","1297.1","R","127.1",",R","5",",R","4",",R","1",",R","0",",R","0",",R","0",",R","30",",R","14",",R","20110925",",,R","20110915",",,R","20110903",",,R","9.8",",R,25,","45.1",",,R,15,","37.3",",R,03,","0.1","R","0.1",",R","63.5",",,,R","22.57",",R","30.93",",,,R","14.21",",,,R"
"USW00053015","2011-10","33.0875","-104.1617","1082.6","HAGERMAN 10 ESE, NM US","1333.4","R","36.3",",R","3",",R","1",",R","0",",R","0",",R","0",",R","0",",R","25",",R","4",",R","20111029",",,R","20111027",",,R","20111016",",,R","0.6",",R,29,","7.8",",,R,27,","33.2",",R,16,","75.6","R","75.5",",R","11.7",",,,R","17.07",",R","26.48",",,,R","7.65",",,,R"
"USW00053015","2011-11","33.0875","-104.1617","1082.6","HAGERMAN 10 ESE, NM US","1333.6","R","0.2",",R","0",",R","0",",R","0",",R","0",",R","16",",R","0",",R","11",",R","0",",R","20111127",",,R","20111130","+,,R","20111101",",,R","-11.1",",R,27,","0.0",",,R,30,+","28.7",",R,01,","330.0","R","254.4",",R","0.0",",,,R","9.86",",R","19.20",",,,R","0.52",",,,R"
"USW00053015","2011-12","33.0875","-104.1617","1082.6","HAGERMAN 10 ESE, NM US","1333.6","R","0.0",",R","8",",R","5",",R","0",",R","0",",R","26",",R","3",",R","1",",R","0",",R","20111206",",,R","20111219",",,R","20111231",",,R","-13.7",",R,06,","12.8",",,R,19,","22.0",",R,31,","846.8","R","516.8",",R","39.6",",,,R","1.66",",R","7.51",",,,R","-4.19",",,,R"
"USW00053015","2012-01","33.0875","-104.1617","1082.6","HAGERMAN 10 ESE, NM US","0.0","R","0.0","1,R","1","1,R","0","1,R","0","1,R","0","1,R","26","1,R","0","1,R","7","1,R","0","1,R","20120113",",1,R","20120109",",1,R","20120119",",1,R","-9.9","1,R,13,","1.4","1,,R,09,","25.8","1,R,19,","1211.6","R","364.8","1,R","1.6","1,,,R","6.17","1,R","16.36","1,,,R","-4.02","1,,,R"
"USW00053015","2012-02","33.0875","-104.1617","1082.6","HAGERMAN 10 ESE, NM US","0.0","R","0.0",",R","3",",R","1",",R","0",",R","0",",R","20",",R","1",",R","7",",R","0",",R","20120208",",,R","20120216",",,R","20120222",",,R","-9.7",",R,08,","2.7",",,R,16,","26.3",",R,22,","1555.7","R","344.1",",R","5.3",",,,R","6.47",",R","15.52",",,,R","-2.58",",,,R"
"USW00053015","2012-03","33.0875","-104.1617","1082.6","HAGERMAN 10 ESE, NM US","8.8","R","8.8",",R","0",",R","0",",R","0",",R","0",",R","11",",R","0",",R","23",",R","2",",R","20120303",",,R","20120327","+,,R","20120331","+,,R","-5.9",",R,03,","0.2",",,R,27,+","32.9",",R,31,+","1714.1","R","158.4",",R","0.6",",,,R","13.51",",R","24.34",",,,R","2.67",",,,R"
"USW00053015","2012-04","33.0875","-104.1617","1082.6","HAGERMAN 10 ESE, NM US","65.5","R","56.7",",R","3",",R","2",",R","0",",R","0",",R","1",",R","0",",R","28",",R","8",",R","20120403",",,R","20120410",",,R","20120425",",,R","-1.5",",R,03,","2.8",",,R,10,","36.8",",R,25,","1756.5","R","42.4",",R","6.6",",,,R","18.81",",R","29.10",",,,R","8.51",",,,R"
"USW00053015","2012-05","33.0875","-104.1617","1082.6","HAGERMAN 10 ESE, NM US","186.2","R","120.7",",R","7",",R","4",",R","0",",R","0",",R","0",",R","0",",R","28",",R","17",",R","20120529",",,R","20120510",",,R","20120523",",,R","6.5",",R,29,","13.9",",,R,10,","38.6",",R,23,","1774.0","R","17.5",",R","29.8",",,,R","21.66",",R","30.72",",,,R","12.61",",,,R"
"USW00053015","2012-06","33.0875","-104.1617","1082.6","HAGERMAN 10 ESE, NM US","485.7","R","299.5",",R","1",",R","1",",R","0",",R","0",",R","0",",R","0",",R","30",",R","29",",R","20120610",",,R","20120616",",,R","20120618",",,R","14.6",",R,10,","14.7",",,R,16,","41.4",",R,18,","1774.0","R","0.0",",R","14.7",",,,R","28.32",",R","37.40",",,,R","19.24",",,,R"
"USW00053015","2012-07","33.0875","-104.1617","1082.6","HAGERMAN 10 ESE, NM US","775.3","R","289.6",",R","5",",R","2",",R","0",",R","0",",R","0",",R","0",",R","31",",R","28",",R","20120707",",,R","20120709",",,R","20120731",",,R","15.8",",R,07,","4.9",",,R,09,","38.4",",R,31,","0.0","R","0.0",",R","9.7",",,,R","27.67",",R","35.21",",,,R","20.14",",,,R"
"USW00053015","2012-08","33.0875","-104.1617","1082.6","HAGERMAN 10 ESE, NM US","1058.6","R","283.3",",R","5",",R","2",",R","0",",R","0",",R","0",",R","0",",R","31",",R","29",",R","20120830",",,R","20120817",",,R","20120802",",,R","11.6",",R,30,","14.7",",,R,17,","41.5",",R,02,","0.0","R","0.0",",R","22.4",",,,R","27.47",",R","35.83",",,,R","19.11",",,,R"
"USW00053015","2012-09","33.0875","-104.1617","1082.6","HAGERMAN 10 ESE, NM US","1194.9","R","136.3",",R","7",",R","3",",R","1",",R","0",",R","0",",R","0",",R","29",",R","19",",R","20120916",",,R","20120928",",,R","20120904",",,R","8.6",",R,16,","55.2",",,R,28,","39.8",",R,04,","7.4","R","7.4",",R","67.6",",,,R","22.63",",R","30.97",",,,R","14.29",",,,R"
"USW00053015","2012-10","33.0875","-104.1617","1082.6","HAGERMAN 10 ESE, NM US","1224.4","R","29.5",",R","1",",R","1",",R","1",",R","0",",R","2",",R","0",",R","26",",R","1",",R","20121027",",,R","20121012",",,R","20121003",",,R","-2.6",",R,27,","39.4",",,R,12,","34.2",",R,03,","91.4","R","84.0",",R","39.4",",,,R","16.57",",R","25.33",",,,R","7.82",",,,R"
"USW00053015","2012-11","33.0875","-104.1617","1082.6","HAGERMAN 10 ESE, NM US","1224.4","R","0.0",",R","1",",R","0",",R","0",",R","0",",R","11",",R","0",",R","17",",R","0",",R","20121127","+,,R","20121118",",,R","20121108",",,R","-6.0",",R,27,+","1.5",",,R,18,","28.8",",R,08,","298.6","R","207.2",",R","1.5",",,,R","11.43",",R","21.35",",,,R","1.50",",,,R"
"USW00053015","2012-12","33.0875","-104.1617","1082.6","HAGERMAN 10 ESE, NM US","1224.4","R","0.0",",R","2",",R","1",",R","0",",R","0",",R","28",",R","0",",R","5",",R","0",",R","20121210",",,R","20121230",",,R","20121202",",,R","-12.3",",R,10,","4.6",",,R,30,","25.1",",R,02,","703.1","R","404.5",",R","6.9",",,,R","5.28",",R","15.02",",,,R","-4.45",",,,R"
"USW00053015","2013-01","33.0875","-104.1617","1082.6","HAGERMAN 10 ESE, NM US","0.0","R","0.0",",R","3",",R","1",",R","0",",R","0",",R","25",",R","2",",R","3",",R","0",",R","20130116",",,R","20130109",",,R","20130124",",,R","-10.2",",R,16,","10.0",",,R,09,","23.9",",R,24,","1135.3","R","432.2",",R","12.1",",,,R","4.39",",R","12.51",",,,R","-3.72",",,,R"
"USW00053015","2013-02","33.0875","-104.1617","1082.6","HAGERMAN 10 ESE, NM US","0.0","R","0.0",",R","0",",R","0",",R","0",",R","0",",R","22",",R","0",",R","3",",R","0",",R","20130213",",,R","20130225",",,R","20130206",",,R","-9.9",",R,13,","0.2",",,R,25,","23.2",",R,06,","1457.5","R","322.2",",R","0.2",",,,R","6.83",",R","16.43",",,,R","-2.78",",,,R"
"USW00053015","2013-03","33.0875","-104.1617","1082.6","HAGERMAN 10 ESE, NM US","0.7","R","0.7",",R","0",",R","0",",R","0",",R","0",",R","11",",R","0",",R","19",",R","0",",R","20130301",",,R","20130331","+,,R","20130315",",,R","-7.2",",R,01,","0.0",",,R,31,+","30.8",",R,15,","1656.0","R","198.5",",R","0.0",",,,R","11.95",",R","22.32",",,,R","1.59",",,,R"
"USW00053015","2013-04","33.0875","-104.1617","1082.6","HAGERMAN 10 ESE, NM US","32.9","R","32.2",",R","0",",R","0",",R","0",",R","0",",R","4",",R","0",",R","22",",R","3",",R","20130424",",,R","20130430","+,,R","20130430",",,R","-3.5",",R,24,","0.0",",,R,30,+","35.3",",R,30,","1758.8","R","102.8",",R","0.0",",,,R","15.98",",R","25.65",",,,R","6.31",",,,R"
"USW00053015","2013-05","33.0875","-104.1617","1082.6","HAGERMAN 10 ESE, NM US","163.2","R","130.3",",R","4",",R","3",",R","0",",R","0",",R","1",",R","0",",R","28",",R","16",",R","20130503",",,R","20130525",",,R","20130523",",,R","-1.1",",R,03,","5.2",",,R,25,","38.2",",R,23,","1794.3","R","35.5",",R","12.3",",,,R","21.39",",R","30.63",",,,R","12.15",",,,R"
"USW00053015","2013-06","33.0875","-104.1617","1082.6","HAGERMAN 10 ESE, NM US","455.6","R","292.4",",R","5",",R","1",",R","0",",R","0",",R","0",",R","0",",R","30",",R","27",",R","20130608",",,R","20130614",",,R","20130627",",,R","15.0",",R,08,","10.7",",,R,14,","41.6",",R,27,","1794.3","R","0.0",",R","14.2",",,,R","28.08",",R","36.62",",,,R","19.54",",,,R"
"USW00053015","2013-07","33.0875","-104.1617","1082.6","HAGERMAN 10 ESE, NM US","711.6","R","256.0",",R","8",",R","5",",R","0",",R","0",",R","0",",R","0",",R","31",",R","23",",R","20130716",",,R","20130701",",,R","20130731",",,R","14.3",",R,16,","10.9",",,R,01,","38.8",",R,31,","0.0","R","0.0",",R","38.9",",,,R","26.59",",R","33.23",",,,R","19.95",",,,R"
"USW00053015","2013-08","33.0875","-104.1617","1082.6","HAGERMAN 10 ESE, NM US","999.6","R","288.0",",R","3",",R","2",",R","0",",R","0",",R","0",",R","0",",R","31",",R","26",",R","20130809",",,R","20130809",",,R","20130803",",,R","14.3",",R,09,","24.0",",,R,09,","38.7",",R,03,","0.0","R","0.0",",R","31.5",",,,R","27.62",",R","35.03",",,,R","20.22",",,,R"
"USW00053015","2013-09","33.0875","-104.1617","1082.6","HAGERMAN 10 ESE, NM US","1145.3","R","145.7",",R","9",",R","5",",R","1",",R","0",",R","0",",R","0",",R","30",",R","9",",R","20130929",",,R","20130911",",,R","20130901",",,R","9.3",",R,29,","32.0",",,R,11,","37.1",",R,01,","0.7","R","0.7",",R","95.5",",,,R","23.17",",R","29.72",",,,R","16.61",",,,R"
"USW00053015","2013-10","33.0875","-104.1617","1082.6","HAGERMAN 10 ESE, NM US","1166.7","R","21.4",",R","3",",R","1",",R","0",",R","0",",R","1",",R","0",",R","23",",R","1",",R","20131019",",,R","20131013",",,R","20131001",",,R","-1.5",",R,19,","9.6",",,R,13,","32.7",",R,01,","100.0","R","99.3",",R","11.0",",,,R","15.82",",R","24.45",",,,R","7.19",",,,R"
"USW00053015","2013-11","33.0875","-104.1617","1082.6","HAGERMAN 10 ESE, NM US","1166.7","R","0.0",",R","3",",R","1",",R","0",",R","0",",R","13",",R","2",",R","11",",R","0",",R","20131125","+,,R","20131123",",,R","20131109",",,R","-4.4",",R,25,+","10.7",",,R,23,","25.1",",R,09,","385.2","R","285.2",",R","13.6",",,,R","8.83",",R","16.40",",,,R","1.25",",,,R"
"USW00053015","2013-12","33.0875","-104.1617","1082.6","HAGERMAN 10 ESE, NM US","1166.7","R","0.0",",R","4",",R","1",",R","0",",R","0",",R","25",",R","2",",R","4",",R","0",",R","20131210",",,R","20131220",",,R","20131203",",,R","-10.7",",R,10,","3.1",",,R,20,","24.5",",R,03,","811.0","R","425.8",",R","7.8",",,,R","4.60",",R","12.49",",,,R","-3.29",",,,R"
"USW00053015","2014-01","33.0875","-104.1617","1082.6","HAGERMAN 10 ESE, NM US","0.0","","0.0",",R","0",",R","0",",R","0",",R","0",",R","27",",R","2",",R","3",",R","0",",R","20140106",",,R","20140131","+,,R","20140130",",,R","-12.7",",R,06,","0.0",",,R,31,+","23.4",",R,30,","1232.3","","421.3",",R","0.0",",,,R","4.74",",R","14.58",",,,R","-5.10",",,,R"
"USW00053015","2014-02","33.0875","-104.1617","1082.6","HAGERMAN 10 ESE, NM US","0.0","","0.0",",R","2",",R","1",",R","0",",R","0",",R","15",",R","2",",R","13",",R","0",",R","20140206",",,R","20140202",",,R","20140215",",,R","-8.3",",R,06,","3.4",",,R,02,","28.8",",R,15,","1523.1","","290.8",",R","4.2",",,,R","7.95",",R","16.63",",,,R","-0.74",",,,R"
"USW00053015","2014-03","33.0875","-104.1617","1082.6","HAGERMAN 10 ESE, NM US","0.6","","0.6",",R","3",",R","1",",R","0",",R","0",",R","11",",R","0",",R","18",",R","0",",R","20140304",",,R","20140326",",,R","20140330",",,R","-6.0",",R,04,","13.0",",,R,26,","28.9",",R,30,","1742.8","","219.7",",R","14.6",",,,R","11.26",",R","20.72",",,,R","1.81",",,,R"
"USW00053015","2014-04","33.0875","-104.1617","1082.6","HAGERMAN 10 ESE, NM US","23.4","","22.8",",R","1",",R","1",",R","0",",R","0",",R","1",",R","0",",R","21",",R","0",",R","20140415",",,R","20140419",",,R","20140425","+,,R","-0.9",",R,15,","15.1",",,R,19,","31.6",",R,25,+","1830.2","","87.4",",R","15.1",",,,R","16.18",",R","24.71",",,,R","7.65",",,,R"
"USW00053015","2014-05","33.0875","-104.1617","1082.6","HAGERMAN 10 ESE, NM US","129.9","","106.5",",R","3",",R","3",",R","0",",R","0",",R","0",",R","0",",R","28",",R","14",",R","20140514",",,R","20140522",",,R","20140518",",,R","1.5",",R,14,","12.6",",,R,22,","36.7",",R,18,","1860.0","","29.8",",R","19.2",",,,R","20.81",",R","29.88",",,,R","11.73",",,,R"
