"STATION","DATE","LATITUDE","LONGITUDE","ELEVATION","NAME","CDSD","CDSD_ATTRIBUTES","CLDD","CLDD_ATTRIBUTES","DP01","DP01_ATTRIBUTES","DP10","DP10_ATTRIBUTES","DP1X","DP1X_ATTRIBUTES","DT00","DT00_ATTRIBUTES","DT32","DT32_ATTRIBUTES","DX32","DX32_ATTRIBUTES","DX70","DX70_ATTRIBUTES","DX90","DX90_ATTRIBUTES","DYNT","DYNT_ATTRIBUTES","DYXP","DYXP_ATTRIBUTES","DYXT","DYXT_ATTRIBUTES","EMNT","EMNT_ATTRIBUTES","EMXP","EMXP_ATTRIBUTES","EMXT","EMXT_ATTRIBUTES","HDSD","HDSD_ATTRIBUTES","HTDD","HTDD_ATTRIBUTES","PRCP","PRCP_ATTRIBUTES","TAVG","TAVG_ATTRIBUTES","TMAX","TMAX_ATTRIBUTES","TMIN","TMIN_ATTRIBUTES"
"USW00053162","2010-03","32.9918","-111.5326","434.3","COOLIDGE 5 W, AZ US","","","3.4",",R","6",",R","2",",R","0",",R","0",",R","1",",R","0",",R","21",",R","0",",R","20100321",",,R","20100308",",,R","20100330",",,R","-0.1",",R,21,","7.3",",,R,08,","30.1",",R,30,","","","143.1",",R","17.9",",,,R","13.83",",R","22.15",",,,R","5.50",",,,R"
"USW00053162","2010-04","32.9918","-111.5326","434.3","COOLIDGE 5 W, AZ US","","","32.0",",R","1",",R","0",",R","0",",R","0",",R","0",",R","0",",R","26",",R","4",",R","20100407",",,R","20100422",",,R","20100427",",,R","1.4",",R,07,","0.3",",,R,22,","34.1",",R,27,","","","48.9",",R","0.3",",,,R","17.77",",R","27.25",",,,R","8.29",",,,R"
"USW00053162","2010-05","32.9918","-111.5326","434.3","COOLIDGE 5 W, AZ US","","","126.6",",R","0",",R","0",",R","0",",R","0",",R","0",",R","0",",R","31",",R","19",",R","20100501",",,R","20100531","+,,R","20100528",",,R","3.8",",R,01,","0.0",",,R,31,+","37.7",",R,28,","","","10.4",",R","0.0",",,,R","22.08",",R","32.40",",,,R","11.76",",,,R"
"USW00053162","2010-06","32.9918","-111.5326","434.3","COOLIDGE 5 W, AZ US","","","327.9",",R","0",",R","0",",R","0",",R","0",",R","0",",R","0",",R","30",",R","29",",R","20100613",",,R","20100630","+,,R","20100624",",,R","14.5",",R,13,","0.0",",,R,30,+","43.6",",R,24,","","","0.0",",R","0.0",",,,R","29.26",",R","39.34",",,,R","19.18",",,,R"
"USW00053162","2010-07","32.9918","-111.5326","434.3","COOLIDGE 5 W, AZ US","","","470.1",",R","3",",R","1",",R","0",",R","0",",R","0",",R","0",",R","31",",R","30",",R","20100707",",,R","20100731",",,R","20100702",",,R","21.4",",R,07,","19.5",",,R,31,","44.3",",R,02,","0.0","R","0.0",",R","22.5",",,,R","33.50",",R","39.98",",,,R","27.01",",,,R"
"USW00053162","2010-08","32.9918","-111.5326","434.3","COOLIDGE 5 W, AZ US","","","426.7",",R","4",",R","2",",R","0",",R","0",",R","0",",R","0",",R","31",",R","29",",R","20100828",",,R","20100821",",,R","20100824",",,R","21.4",",R,28,","12.1",",,R,21,","43.4",",R,24,","0.0","R","0.0",",R","17.7",",,,R","32.10",",R","38.94",",,,R","25.25",",,,R"
"USW00053162","2010-09","32.9918","-111.5326","434.3","COOLIDGE 5 W, AZ US","","","342.1",",R","0",",R","0",",R","0",",R","0",",R","0",",R","0",",R","30",",R","30",",R","20100911",",,R","20100930","+,,R","20100919","+,,R","13.8",",R,11,","0.0",",,R,30,+","42.2",",R,19,+","0.0","R","0.0",",R","0.0",",,,R","29.74",",R","38.75",",,,R","20.72",",,,R"
"USW00053162","2010-10","32.9918","-111.5326","434.3","COOLIDGE 5 W, AZ US","","","127.3",",R","4",",R","3",",R","0",",R","0",",R","0",",R","0",",R","31",",R","11",",R","20101027",",,R","20101005",",,R","20101002","+,,R","7.2",",R,27,","17.4",",,R,05,","38.7",",R,02,+","6.6","R","6.6",",R","27.6",",,,R","22.23",",R","30.45",",,,R","14.00",",,,R"
"USW00053162","2010-11","32.9918","-111.5326","434.3","COOLIDGE 5 W, AZ US","","","16.5",",R","0",",R","0",",R","0",",R","0",",R","7",",R","0",",R","21",",R","1",",R","20101130",",,R","20101130","+,,R","20101103",",,R","-7.1",",R,30,","0.0",",,R,30,+","33.9",",R,03,","166.3","R","159.7",",R","0.0",",,,R","13.56",",R","23.12",",,,R","4.00",",,,R"
"USW00053162","2010-12","32.9918","-111.5326","434.3","COOLIDGE 5 W, AZ US","","","0.0",",R","5",",R","4",",R","0",",R","0",",R","3",",R","0",",R","19",",R","0",",R","20101231",",,R","20101230","+,,R","20101213",",,R","-3.3",",R,31,","8.8",",,R,30,+","28.2",",R,13,","351.7","R","185.4",",R","32.1",",,,R","12.35",",R","20.84",",,,R","3.87",",,,R"
"USW00053162","2011-01","32.9918","-111.5326","434.3","COOLIDGE 5 W, AZ US","0.0","R","0.0",",R","0",",R","0",",R","0",",R","0",",R","17",",R","0",",R","13",",R","0",",R","20110102",",,R","20110131","+,,R","20110119",",,R","-5.5",",R,02,","0.0",",,R,31,+","24.0",",R,19,","623.8","R","272.1",",R","0.0",",,,R","9.56",",R","19.00",",,,R","0.11",",,,R"
"USW00053162","2011-02","32.9918","-111.5326","434.3","COOLIDGE 5 W, AZ US","0.0","R","0.0",",R","2",",R","2",",R","0",",R","0",",R","13",",R","0",",R","8",",R","0",",R","20110204",",,R","20110227",",,R","20110213",",,R","-8.4",",R,04,","8.8",",,R,27,","26.2",",R,13,","868.5","R","244.7",",R","14.2",",,,R","9.59",",R","18.74",",,,R","0.45",",,,R"
"USW00053162","2011-03","32.9918","-111.5326","434.3","COOLIDGE 5 W, AZ US","9.7","R","9.7","1,R","2",",R","1",",R","0",",R","0","1,R","0","1,R","0","1,R","27","1,R","1","1,R","20110309",",1,R","20110321",",,R","20110331",",1,R","1.2","1,R,09,","3.3",",,R,21,","33.0","1,R,31,","933.5","R","65.0","1,R","3.8",",,,R","16.49","1,R","26.48","1,,,R","6.50","1,,,R"
"USW00053162","2011-04","32.9918","-111.5326","434.3","COOLIDGE 5 W, AZ US","90.0","R","80.3",",R","1",",R","1",",R","0",",R","0",",R","0",",R","0",",R","28",",R","8",",R","20110410",",,R","20110409",",,R","20110401",",,R","2.2",",R,10,","17.9",",,R,09,","36.3",",R,01,","956.4","R","22.9",",R","17.9",",,,R","20.25",",R","29.43",",,,R","11.06",",,,R"
"USW00053162","2011-05","32.9918","-111.5326","434.3","COOLIDGE 5 W, AZ US","226.1","R","136.1",",R","0",",R","0",",R","0",",R","0",",R","0",",R","0",",R","31",",R","19",",R","20110502",",,R","20110531","+,,R","20110527",",,R","5.3",",R,02,","0.0",",,R,31,+","38.7",",R,27,","962.7","R","6.3",",R","0.0",",,,R","22.52",",R","32.41",",,,R","12.62",",,,R"
"USW00053162","2011-06","32.9918","-111.5326","434.3","COOLIDGE 5 W, AZ US","549.1","R","323.0",",R","0",",R","0",",R","0",",R","0",",R","0",",R","0",",R","30",",R","30",",R","20110603",",,R","20110630","+,,R","20110627",",,R","11.6",",R,03,","0.0",",,R,30,+","45.2",",R,27,","962.7","R","0.0",",R","0.0",",,,R","29.10",",R","39.68",",,,R","18.52",",,,R"
"USW00053162","2011-07","32.9918","-111.5326","434.3","COOLIDGE 5 W, AZ US","995.7","R","446.6",",R","4",",R","2",",R","0",",R","0",",R","0",",R","0",",R","31",",R","31",",R","20110715",",,R","20110731",",,R","20110702",",,R","17.8",",R,15,","10.7",",,R,31,","46.5",",R,02,","0.0","R","0.0",",R","17.1",",,,R","32.74",",R","40.29",",,,R","25.19",",,,R"
"USW00053162","2011-08","32.9918","-111.5326","434.3","COOLIDGE 5 W, AZ US","1472.0","R","476.3",",R","2",",R","1",",R","0",",R","0",",R","0",",R","0",",R","31",",R","31",",R","20110819",",,R","20110818",",,R","20110824",",,R","23.5",",R,19,","5.8",",,R,18,","44.5",",R,24,","0.0","R","0.0",",R","6.9",",,,R","33.70",",R","40.93",",,,R","26.47",",,,R"
"USW00053162","2011-09","32.9918","-111.5326","434.3","COOLIDGE 5 W, AZ US","1811.5","R","339.5",",R","3",",R","2",",R","0",",R","0",",R","0",",R","0",",R","30",",R","30",",R","20110926","+,,R","20110913",",,R","20110904",",,R","15.6",",R,26,+","3.7",",,R,13,","42.3",",R,04,","0.0","R","0.0",",R","8.3",",,,R","29.65",",R","37.98",",,,R","21.32",",,,R"
"USW00053162","2011-10","32.9918","-111.5326","434.3","COOLIDGE 5 W, AZ US","1944.0","R","132.5",",R","1",",R","0",",R","0",",R","0",",R","0",",R","0",",R","31",",R","17",",R","20111008",",,R","20111006",",,R","20111015",",,R","5.6",",R,08,","2.0",",,R,06,","37.2",",R,15,","7.7","R","7.7",",R","2.0",",,,R","22.36",",R","31.96",",,,R","12.75",",,,R"
"USW00053162","2011-11","32.9918","-111.5326","434.3","COOLIDGE 5 W, AZ US","1947.5","R","3.5",",R","5",",R","4",",R","0",",R","0",",R","1",",R","0",",R","21",",R","0",",R","20111109",",,R","20111105",",,R","20111101",",,R","-0.8",",R,09,","4.4",",,R,05,","31.0",",R,01,","140.3","R","132.6",",R","13.1",",,,R","14.03",",R","22.54",",,,R","5.52",",,,R"
"USW00053162","2011-12","32.9918","-111.5326","434.3","COOLIDGE 5 W, AZ US","1947.5","R","0.0",",R","4",",R","3",",R","1",",R","0",",R","13",",R","0",",R","2",",R","0",",R","20111209","+,,R","20111213",",,R","20111230",",,R","-3.9",",R,09,+","25.8",",,R,13,","23.3",",R,30,","437.6","R","297.3",",R","46.7",",,,R","8.74",",R","15.85",",,,R","1.63",",,,R"
"USW00053162","2012-01","32.9918","-111.5326","434.3","COOLIDGE 5 W, AZ US","2.1","R","2.1","1,R","2",",R","1",",R","0",",R","0","1,R","3","1,R","0","1,R","12","1,R","0","1,R","20120113",",1,R","20120116",",,R","20120101",",1,R","-4.1","1,R,13,","14.3",",,R,16,","26.8","1,R,01,","643.2","R","205.6","1,R","16.0",",,,R","11.55","1,R","20.42","1,,,R","2.68","1,,,R"
"USW00053162","2012-02","32.9918","-111.5326","434.3","COOLIDGE 5 W, AZ US","2.1","R","0.0",",R","1",",R","1",",R","0",",R","0",",R","2",",R","0",",R","14",",R","0",",R","20120204",",,R","20120214",",,R","20120211",",,R","-2.2",",R,04,","9.4",",,R,14,","26.2",",R,11,","827.2","R","184.0",",R","9.4",",,,R","11.99",",R","20.85",",,,R","3.13",",,,R"
"USW00053162","2012-03","32.9918","-111.5326","434.3","COOLIDGE 5 W, AZ US","8.8","R","6.7",",R","2",",R","1",",R","0",",R","0",",R","3",",R","0",",R","23",",R","1",",R","20120308",",,R","20120318",",,R","20120331",",,R","-1.8",",R,08,","22.8",",,R,18,","32.8",",R,31,","945.5","R","118.3",",R","24.3",",,,R","14.73",",R","24.73",",,,R","4.74",",,,R"
"USW00053162","2012-04","32.9918","-111.5326","434.3","COOLIDGE 5 W, AZ US","85.7","R","76.9",",R","1",",R","1",",R","0",",R","0",",R","0",",R","0",",R","29",",R","15",",R","20120403",",,R","20120414",",,R","20120422",",,R","2.9",",R,03,","2.5",",,R,14,","39.9",",R,22,","970.4","R","24.9",",R","2.5",",,,R","20.07",",R","30.03",",,,R","10.11",",,,R"
"USW00053162","2012-05","32.9918","-111.5326","434.3","COOLIDGE 5 W, AZ US","300.7","R","215.0",",R","1",",R","0",",R","0",",R","0",",R","0",",R","0",",R","31",",R","29",",R","20120527",",,R","20120509",",,R","20120522",",,R","9.1",",R,27,","1.5",",,R,09,","42.2",",R,22,","970.4","R","0.0",",R","1.5",",,,R","25.27",",R","35.91",",,,R","14.63",",,,R"
"USW00053162","2012-06","32.9918","-111.5326","434.3","COOLIDGE 5 W, AZ US","671.5","R","370.8",",R","1",",R","0",",R","0",",R","0",",R","0",",R","0",",R","30",",R","30",",R","20120606",",,R","20120627",",,R","20120601",",,R","14.9",",R,06,","0.8",",,R,27,","43.2",",R,01,","970.4","R","0.0",",R","0.8",",,,R","30.69",",R","40.64",",,,R","20.75",",,,R"
"USW00053162","2012-07","32.9918","-111.5326","434.3","COOLIDGE 5 W, AZ US","1080.2","R","408.7",",R","10",",R","5",",R","0",",R","0",",R","0",",R","0",",R","31",",R","30",",R","20120705",",,R","20120712",",,R","20120709",",,R","21.0",",R,05,","19.0",",,R,12,","43.2",",R,09,","0.0","R","0.0",",R","56.7",",,,R","31.52",",R","38.27",",,,R","24.77",",,,R"
"USW00053162","2012-08","32.9918","-111.5326","434.3","COOLIDGE 5 W, AZ US","1515.0","R","434.8",",R","8",",R","2",",R","1",",R","0",",R","0",",R","0",",R","31",",R","30",",R","20120821",",,R","20120821",",,R","20120812","+,,R","20.9",",R,21,","73.1",",,R,21,","44.3",",R,12,+","0.0","R","0.0",",R","83.8",",,,R","32.36",",R","39.30",",,,R","25.42",",,,R"
"USW00053162","2012-09","32.9918","-111.5326","434.3","COOLIDGE 5 W, AZ US","1816.8","R","301.8",",R","3",",R","1",",R","0",",R","0",",R","0",",R","0",",R","30",",R","28",",R","20120916",",,R","20120907",",,R","20120922","+,,R","15.4",",R,16,","11.8",",,R,07,","40.4",",R,22,+","0.0","R","0.0",",R","14.5",",,,R","28.39",",R","35.86",",,,R","20.93",",,,R"
"USW00053162","2012-10","32.9918","-111.5326","434.3","COOLIDGE 5 W, AZ US","1934.0","R","117.2",",R","0",",R","0",",R","0",",R","0",",R","0",",R","0",",R","31",",R","16",",R","20121026",",,R","20121031","+,,R","20121002",",,R","5.0",",R,26,","0.0",",,R,31,+","38.5",",R,02,","4.3","R","4.3",",R","0.0",",,,R","21.98",",R","31.99",",,,R","11.96",",,,R"
"USW00053162","2012-11","32.9918","-111.5326","434.3","COOLIDGE 5 W, AZ US","1943.7","R","9.7",",R","2",",R","1",",R","0",",R","0",",R","2",",R","0",",R","28",",R","1",",R","20121111",",,R","20121110",",,R","20121106",",,R","-0.4",",R,11,","2.8",",,R,10,","32.2",",R,06,","78.6","R","74.3",",R","4.6",",,,R","16.18",",R","26.51",",,,R","5.85",",,,R"
"USW00053162","2012-12","32.9918","-111.5326","434.3","COOLIDGE 5 W, AZ US","1943.7","R","0.0",",R","7",",R","4",",R","0",",R","0",",R","7",",R","0",",R","11",",R","0",",R","20121211",",,R","20121215",",,R","20121205",",,R","-3.5",",R,11,","18.9",",,R,15,","26.3",",R,05,","325.1","R","246.5",",R","33.7",",,,R","10.38",",R","18.23",",,,R","2.53",",,,R"
"USW00053162","2013-01","32.9918","-111.5326","434.3","COOLIDGE 5 W, AZ US","0.0","R","0.0",",R","4",",R","2",",R","1",",R","0",",R","18",",R","0",",R","8",",R","0",",R","20130115",",,R","20130126",",,R","20130123",",,R","-10.4",",R,15,","26.2",",,R,26,","27.1",",R,23,","624.1","R","299.0",",R","31.4",",,,R","8.69",",R","17.14",",,,R","0.24",",,,R"
"USW00053162","2013-02","32.9918","-111.5326","434.3","COOLIDGE 5 W, AZ US","0.0","R","0.0",",R","1",",R","1",",R","0",",R","0",",R","11",",R","0",",R","9",",R","0",",R","20130213",",,R","20130220",",,R","20130216",",,R","-3.4",",R,13,","13.7",",,R,20,","25.5",",R,16,","859.0","R","234.9",",R","13.7",",,,R","9.94",",R","18.28",",,,R","1.61",",,,R"
"USW00053162","2013-03","32.9918","-111.5326","434.3","COOLIDGE 5 W, AZ US","10.6","R","10.6",",R","1",",R","1",",R","1",",R","0",",R","1",",R","0",",R","28",",R","0",",R","20130301",",,R","20130308",",,R","20130314",",,R","-0.1",",R,01,","30.3",",,R,08,","32.0",",R,14,","927.7","R","68.7",",R","30.3",",,,R","16.46",",R","26.24",",,,R","6.68",",,,R"
"USW00053162","2013-04","32.9918","-111.5326","434.3","COOLIDGE 5 W, AZ US","70.6","R","60.0",",R","1",",R","1",",R","0",",R","0",",R","0",",R","0",",R","30",",R","8",",R","20130418",",,R","20130408",",,R","20130429",",,R","2.7",",R,18,","5.2",",,R,08,","38.1",",R,29,","946.6","R","18.9",",R","5.2",",,,R","19.70",",R","29.98",",,,R","9.42",",,,R"
"USW00053162","2013-05","32.9918","-111.5326","434.3","COOLIDGE 5 W, AZ US","280.2","R","209.6",",R","0",",R","0",",R","0",",R","0",",R","0",",R","0",",R","31",",R","27",",R","20130501",",,R","20130531","+,,R","20130514","+,,R","12.1",",R,01,","0.0",",,R,31,+","38.4",",R,14,+","946.6","R","0.0",",R","0.0",",,,R","25.09",",R","34.70",",,,R","15.49",",,,R"
"USW00053162","2013-06","32.9918","-111.5326","434.3","COOLIDGE 5 W, AZ US","649.6","R","369.4",",R","0",",R","0",",R","0",",R","0",",R","0",",R","0",",R","30",",R","30",",R","20130619",",,R","20130630","+,,R","20130629",",,R","16.4",",R,19,","0.0",",,R,30,+","45.6",",R,29,","946.6","R","0.0",",R","0.0",",,,R","30.65",",R","41.29",",,,R","20.00",",,,R"
"USW00053162","2013-07","32.9918","-111.5326","434.3","COOLIDGE 5 W, AZ US","1091.1","R","441.5",",R","11",",R","5",",R","1",",R","0",",R","0",",R","0",",R","31",",R","30",",R","20130713",",,R","20130720",",,R","20130707",",,R","22.4",",R,13,","40.6",",,R,20,","43.5",",R,07,","0.0","R","0.0",",R","80.2",",,,R","32.58",",R","39.07",",,,R","26.08",",,,R"
"USW00053162","2013-08","32.9918","-111.5326","434.3","COOLIDGE 5 W, AZ US","1491.8","R","400.7",",R","6",",R","3",",R","0",",R","0",",R","0",",R","0",",R","31",",R","30",",R","20130809",",,R","20130806",",,R","20130816",",,R","18.3",",R,09,","8.2",",,R,06,","43.2",",R,16,","0.0","R","0.0",",R","25.1",",,,R","31.26",",R","38.43",",,,R","24.09",",,,R"
"USW00053162","2013-09","32.9918","-111.5326","434.3","COOLIDGE 5 W, AZ US","1786.0","R","294.2",",R","3",",R","2",",R","0",",R","0",",R","0",",R","0",",R","30",",R","25",",R","20130928",",,R","20130909",",,R","20130905",",,R","8.3",",R,28,","7.7",",,R,09,","42.1",",R,05,","0.0","R","0.0",",R","15.2",",,,R","28.14",",R","36.12",",,,R","20.16",",,,R"
"USW00053162","2013-10","32.9918","-111.5326","434.3","COOLIDGE 5 W, AZ US","1838.9","R","52.9",",R","1",",R","0",",R","0",",R","0",",R","0",",R","0",",R","30",",R","9",",R","20131031",",,R","20131010",",,R","20131007",",,R","3.2",",R,31,","2.4",",,R,10,","34.3",",R,07,","25.4","R","25.4",",R","2.4",",,,R","19.22",",R","29.59",",,,R","8.85",",,,R"
"USW00053162","2013-11","32.9918","-111.5326","434.3","COOLIDGE 5 W, AZ US","1852.3","R","13.4",",R","5",",R","2",",R","0",",R","0",",R","0",",R","0",",R","23",",R","1",",R","20131125",",,R","20131122",",,R","20131112",",,R","2.3",",R,25,","22.7",",,R,22,","32.7",",R,12,","105.6","R","80.2",",R","42.4",",,,R","16.11",",R","24.10",",,,R","8.11",",,,R"
"USW00053162","2013-12","32.9918","-111.5326","434.3","COOLIDGE 5 W, AZ US","1852.3","R","0.0",",R","1",",R","1",",R","0",",R","0",",R","12",",R","0",",R","10",",R","0",",R","20131207",",,R","20131220",",,R","20131217",",,R","-3.8",",R,07,","5.8",",,R,20,","27.1",",R,17,","354.8","R","249.2",",R","5.8",",,,R","10.29",",R","18.56",",,,R","2.03",",,,R"
"USW00053162","2014-01","32.9918","-111.5326","434.3","COOLIDGE 5 W, AZ US","0.0","","0.0",",R","0",",R","0",",R","0",",R","0",",R","19",",R","0",",R","18",",R","0",",R","20140106",",,R","20140131","+,,R","20140130",",,R","-3.9",",R,06,","0.0",",,R,31,+","26.4",",R,30,","569.5","","214.7",",R","0.0",",,,R","11.41",",R","21.71",",,,R","1.10",",,,R"
"USW00053162","2014-02","32.9918","-111.5326","434.3","COOLIDGE 5 W, AZ US","0.0","","0.0",",R","0",",R","0",",R","0",",R","0",",R","2",",R","0",",R","20",",R","0",",R","20140204",",,R","20140228","+,,R","20140215",",,R","-2.3",",R,04,","0.0",",,R,28,+","30.0",",R,15,","693.4","","123.9",",R","0.0",",,,R","13.91",",R","23.55",",,,R","4.26",",,,R"
"USW00053162","2014-03","32.9918","-111.5326","434.3","COOLIDGE 5 W, AZ US","2.3","","2.3",",R","2",",R","2",",R","1",",R","0",",R","0",",R","0",",R","30",",R","0",",R","20140320",",,R","20140301",",,R","20140325",",,R","3.1",",R,20,","26.1",",,R,01,","29.6",",R,25,","744.6","","51.2",",R","30.7",",,,R","16.76",",R","26.03",",,,R","7.49",",,,R"
"USW00053162","2014-04","32.9918","-111.5326","434.3","COOLIDGE 5 W, AZ US","69.1","","66.8",",R","0",",R","0",",R","0",",R","0",",R","0",",R","0",",R","29",",R","9",",R","20140404",",,R","20140430","+,,R","20140411",",,R","3.4",",R,04,","0.0",",,R,30,+","35.4",",R,11,","767.1","","22.5",",R","0.0",",,,R","19.81",",R","29.61",",,,R","10.01",",,,R"
"USW00053162","2014-05","32.9918","-111.5326","434.3","COOLIDGE 5 W, AZ US","262.3","","193.2",",R","0",",R","0",",R","0",",R","0",",R","0",",R","0",",R","31",",R","21",",R","20140512",",,R","20140531","+,,R","20140531","+,,R","7.7",",R,12,","0.0",",,R,31,+","40.5",",R,31,+","768.4","","1.3",",R","0.0",",,,R","24.52",",R","34.35",",,,R","14.69",",,,R"
