"STATION","DATE","LATITUDE","LONGITUDE","ELEVATION","NAME","CDSD","CDSD_ATTRIBUTES","CLDD","CLDD_ATTRIBUTES","DP01","DP01_ATTRIBUTES","DP10","DP10_ATTRIBUTES","DP1X","DP1X_ATTRIBUTES","DSND","DSND_ATTRIBUTES","DSNW","DSNW_ATTRIBUTES","DT00","DT00_ATTRIBUTES","DT32","DT32_ATTRIBUTES","DX32","DX32_ATTRIBUTES","DX70","DX70_ATTRIBUTES","DX90","DX90_ATTRIBUTES","DYFG","DYFG_ATTRIBUTES","DYNT","DYNT_ATTRIBUTES","DYSD","DYSD_ATTRIBUTES","DYSN","DYSN_ATTRIBUTES","DYTS","DYTS_ATTRIBUTES","DYXP","DYXP_ATTRIBUTES","DYXT","DYXT_ATTRIBUTES","EMNT","EMNT_ATTRIBUTES","EMSD","EMSD_ATTRIBUTES","EMSN","EMSN_ATTRIBUTES","EMXP","EMXP_ATTRIBUTES","EMXT","EMXT_ATTRIBUTES","HDSD","HDSD_ATTRIBUTES","HTDD","HTDD_ATTRIBUTES","PRCP","PRCP_ATTRIBUTES","SNOW","SNOW_ATTRIBUTES","TAVG","TAVG_ATTRIBUTES","TMAX","TMAX_ATTRIBUTES","TMIN","TMIN_ATTRIBUTES"
"USW00013853","1949-05","32.13333","-81.2","15.8","SAVANNAH CHATHAM FIELD ARMY AIR FIELD, GA US","","","","","","","","","","","","","","","","","","","","","","","","","3","","","","","","","","5","","","","","","","","","","","","","","","","","","","","","","","","","","","","",""
"USW00013853","1949-06","32.13333","-81.2","15.8","SAVANNAH CHATHAM FIELD ARMY AIR FIELD, GA US","","","231.3",",X","13",",X","11",",X","3",",X","0",",X","0",",X","0",",X","0",",X","0",",X","30",",X","14",",X","13","","19490602",",,X","19490630","+,,X","19490630","+,,X","11","","19490609",",,X","19490606",",,X","15.6",",X,02,","0",",,X,30,+","0",",,X,30,+","73.2",",,X,09,","35.6",",X,06,","","","0.0",",X","218.0",",,,X","0",",,,X","26.04",",X","30.91",",,,X","21.17",",,,X"
"USW00013853","1949-07","32.13333","-81.2","15.8","SAVANNAH CHATHAM FIELD ARMY AIR FIELD, GA US","","","287.0",",X","8",",X","4",",X","0",",X","0",",X","0",",X","0",",X","0",",X","0",",X","31",",X","18",",X","12","","19490712","+,,X","19490731","+,,X","19490731","+,,X","8","","19490731",",,X","19490728",",,X","20.0",",X,12,+","0",",,X,31,+","0",",,X,31,+","20.3",",,X,31,","37.8",",X,28,","0.0","X","0.0",",X","59.3",",,,X","0",",,,X","27.59",",X","32.48",",,,X","22.71",",,,X"
"USW00013853","1949-08","32.13333","-81.2","15.8","SAVANNAH CHATHAM FIELD ARMY AIR FIELD, GA US","","","278.5",",X","19",",X","13",",X","2",",X","0",",X","0",",X","0",",X","0",",X","0",",X","31",",X","20",",X","17","","19490810","+,,X","19490831","+,,X","19490831","+,,X","16","","19490828",",,X","19490818","+,,X","20.6",",X,10,+","0",",,X,31,+","0",",,X,31,+","124.5",",,X,28,","35.6",",X,18,+","0.0","X","0.0",",X","250.9",",,,X","0",",,,X","27.32",",X","32.33",",,,X","22.30",",,,X"
"USW00013853","1949-09","32.13333","-81.2","15.8","SAVANNAH CHATHAM FIELD ARMY AIR FIELD, GA US","","","186.6",",X","12",",X","2",",X","1",",X","0",",X","0",",X","0",",X","0",",X","0",",X","30",",X","7",",X","16","","19490930",",,X","19490930","+,,X","19490930","+,,X","5","","19490902",",,X","19490917",",,X","12.8",",X,30,","0",",,X,30,+","0",",,X,30,+","55.6",",,X,02,","35.6",",X,17,","0.3","X","0.3",",X","70.7",",,,X","0",",,,X","24.55",",X","29.05",",,,X","20.04",",,,X"
"USW00013853","1949-10","32.13333","-81.2","15.8","SAVANNAH CHATHAM FIELD ARMY AIR FIELD, GA US","","","123.1",",X","8",",X","5",",X","0",",X","0",",X","0",",X","0",",X","0",",X","0",",X","31",",X","0",",X","25","","19491022",",,X","19491031","+,,X","19491031","+,,X","2","","19491007",",,X","19491024","+,,X","11.1",",X,22,","0",",,X,31,+","0",",,X,31,+","18.5",",,X,07,","30.6",",X,24,+","0.3","X","0.0",",X","55.3",",,,X","0",",,,X","22.30",",X","26.90",",,,X","17.71",",,,X"
"USW00013853","1949-11","32.13333","-81.2","15.8","SAVANNAH CHATHAM FIELD ARMY AIR FIELD, GA US","","","2.8",",X","5",",X","3",",X","0",",X","0",",X","0",",X","0",",X","2",",X","0",",X","15",",X","0",",X","9","","19491119",",,X","19491130","+,,X","19491130","+,,X","1","","19491130",",,X","19491128",",,X","-1.1",",X,19,","0",",,X,30,+","0",",,X,30,+","16.0",",,X,30,","25.6",",X,28,","159.8","X","159.5",",X","31.4",",,,X","0",",,,X","13.11",",X","19.97",",,,X","6.25",",,,X"
"USW00013853","1949-12","32.13333","-81.2","15.8","SAVANNAH CHATHAM FIELD ARMY AIR FIELD, GA US","","","3.4",",X","4",",X","3",",X","0",",X","0",",X","0",",X","0",",X","1",",X","0",",X","8",",X","0",",X","13","","19491206",",,X","19491231","+,,X","19491231","+,,X","","","19491215",",,X","19491213",",,X","-1.1",",X,06,","0",",,X,31,+","0",",,X,31,+","21.1",",,X,15,","25.0",",X,13,","349.7","X","189.9",",X","34.3",",,,X","0",",,,X","12.32",",X","18.14",",,,X","6.50",",,,X"
"USW00013853","1950-01","32.13333","-81.2","15.8","SAVANNAH CHATHAM FIELD ARMY AIR FIELD, GA US","24.1","","24.1",",X","3",",X","1",",X","0",",X","0",",X","0",",X","0",",X","0",",X","0",",X","21",",X","0",",X","20","","19500108",",,X","19500131","+,,X","19500131","+,,X","1","","19500127",",,X","19500131","+,,X","1.7",",X,08,","0",",,X,31,+","0",",,X,31,+","7.4",",,X,27,","27.2",",X,31,+","415.5","","65.8",",X","9.2",",,,X","0",",,,X","16.99",",X","22.71",",,,X","11.26",",,,X"
"USW00013853","1950-02","32.13333","-81.2","15.8","SAVANNAH CHATHAM FIELD ARMY AIR FIELD, GA US","34.9","","10.8",",X","5",",X","1",",X","0",",X","0",",X","0",",X","0",",X","2",",X","0",",X","13",",X","0",",X","7","","19500227",",,X","19500228","+,,X","19500228","+,,X","1","","19500214",",,X","19500202",",,X","-1.1",",X,27,","0",",,X,28,+","0",",,X,28,+","5.3",",,X,14,","27.8",",X,02,","553.0","","137.5",",X","10.7",",,,X","0",",,,X","13.81",",X","20.14",",,,X","7.48",",,,X"
"USW00013853","1950-03","32.13333","-81.2","15.8","SAVANNAH CHATHAM FIELD ARMY AIR FIELD, GA US","48.5","","13.6","1,X","14","1,X","11","1,X","1","1,X","0","2,X","0","1,X","0","1,X","2","1,X","0","1,X","12","1,X","0","1,X","9","","19500303",",1,X","19500331","+,2,X","19500331","+,1,X","5","","19500305",",1,X","19500325",",1,X","-0.6","1,X,03,","0","2,,X,31,+","0","1,,X,31,+","30.2","1,,X,05,","28.3","1,X,25,","702.1","","149.1","1,X","124.9","1,,,X","0","1,,,X","13.82","1,X","19.38","1,,,X","8.26","1,,,X"
"USW00013853","1950-04","32.13333","-81.2","15.8","SAVANNAH CHATHAM FIELD ARMY AIR FIELD, GA US","90.5","","42.0",",X","4",",X","4",",X","0",",X","0",",X","0",",X","0",",X","0",",X","0",",X","22",",X","0",",X","6","","19500416",",,X","19500430","+,,X","19500430","+,,X","4","","19500425",",,X","19500427","+,,X","1.1",",X,16,","0",",,X,30,+","0",",,X,30,+","23.1",",,X,25,","30.6",",X,27,+","783.0","","80.9",",X","54.8",",,,X","0",",,,X","17.04",",X","23.94",",,,X","10.13",",,,X"
"USW00013853","1950-05","32.13333","-81.2","15.8","SAVANNAH CHATHAM FIELD ARMY AIR FIELD, GA US","263.9","","173.4",",X","12",",X","6",",X","3",",X","0",",X","0",",X","0",",X","0",",X","0",",X","31",",X","7",",X","9","","19500518","+,,X","19500531","+,,X","19500531","+,,X","10","","19500519",",,X","19500506","+,,X","15.0",",X,18,+","0",",,X,31,+","0",",,X,31,+","34.3",",,X,19,","33.9",",X,06,+","783.0","","0.0",",X","108.3",",,,X","0",",,,X","23.93",",X","29.56",",,,X","18.29",",,,X"
"USW00013853","1950-06","32.13333","-81.2","15.8","SAVANNAH CHATHAM FIELD ARMY AIR FIELD, GA US","532.5","","268.6",",X","8",",X","8",",X","0",",X","0",",X","0",",X","0",",X","0",",X","0",",X","30",",X","16",",X","4","","19500606",",,X","19500630","+,,X","19500630","+,,X","9","","19500605",",,X","19500625",",,X","17.2",",X,06,","0",",,X,30,+","0",",,X,30,+","11.2",",,X,05,","38.9",",X,25,","783.0","","0.0",",X","57.9",",,,X","0",",,,X","27.29",",X","32.77",",,,X","21.80",",,,X"
"USW00013853","1950-07","32.13333","-81.2","15.8","SAVANNAH CHATHAM FIELD ARMY AIR FIELD, GA US","783.0","","250.5",",X","22",",X","17",",X","3",",X","0",",X","0",",X","0",",X","0",",X","0",",X","31",",X","10",",X","10","","19500709","+,,X","19500731","+,,X","19500731","+,,X","21","","19500707",",,X","19500719",",,X","19.4",",X,09,+","0",",,X,31,+","0",",,X,31,+","76.5",",,X,07,","35.0",",X,19,","0.0","","0.0",",X","267.3",",,,X","0",",,,X","26.41",",X","30.96",",,,X","21.87",",,,X"
"USW00013853","1950-08","32.13333","-81.2","15.8","SAVANNAH CHATHAM FIELD ARMY AIR FIELD, GA US","1035.8","","252.8",",X","10",",X","8",",X","1",",X","0",",X","0",",X","0",",X","0",",X","0",",X","31",",X","14",",X","10","","19500808",",,X","19500831","+,,X","19500831","+,,X","10","","19500811",",,X","19500802",",,X","17.8",",X,08,","0",",,X,31,+","0",",,X,31,+","70.6",",,X,11,","35.6",",X,02,","0.0","","0.0",",X","112.6",",,,X","0",",,,X","26.49",",X","31.53",",,,X","21.45",",,,X"
"USW00013853","1950-09","32.13333","-81.2","15.8","SAVANNAH CHATHAM FIELD ARMY AIR FIELD, GA US","1204.7","","168.9",",X","7",",X","6",",X","5",",X","0",",X","0",",X","0",",X","0",",X","0",",X","29",",X","3",",X","8","","19500926",",,X","19500930","+,,X","19500930","+,,X","4","","19500905",",,X","19500914",",,X","12.8",",X,26,","0",",,X,30,+","0",",,X,30,+","160.3",",,X,05,","32.8",",X,14,","0.8","","0.8",",X","384.3",",,,X","0",",,,X","23.94",",X","28.48",",,,X","19.39",",,,X"
