"STATION","DATE","LATITUDE","LONGITUDE","ELEVATION","NAME","CDSD","CDSD_ATTRIBUTES","CLDD","CLDD_ATTRIBUTES","DP01","DP01_ATTRIBUTES","DP10","DP10_ATTRIBUTES","DP1X","DP1X_ATTRIBUTES","DT00","DT00_ATTRIBUTES","DT32","DT32_ATTRIBUTES","DX32","DX32_ATTRIBUTES","DX70","DX70_ATTRIBUTES","DX90","DX90_ATTRIBUTES","DYNT","DYNT_ATTRIBUTES","DYXP","DYXP_ATTRIBUTES","DYXT","DYXT_ATTRIBUTES","EMNT","EMNT_ATTRIBUTES","EMXP","EMXP_ATTRIBUTES","EMXT","EMXT_ATTRIBUTES","HDSD","HDSD_ATTRIBUTES","HTDD","HTDD_ATTRIBUTES","PRCP","PRCP_ATTRIBUTES","TAVG","TAVG_ATTRIBUTES","TMAX","TMAX_ATTRIBUTES","TMIN","TMIN_ATTRIBUTES"
"UZM00038812","1966-01","38.8","65.717","376.0","KARSHI, UZ","","","","","4","5,I","2","5,I","0","5,I","","","","","","","","","","","","","19660131",",5,I","","","","","5.6","5,,I,31,","","","","","","","13.0","5,,,I","","","","","",""
"UZM00038812","1966-02","38.8","65.717","376.0","KARSHI, UZ","","","","","8",",I","5",",I","0",",I","","","","","","","","","","","","","19660220",",,I","","","","","16.3",",,I,20,","","","","","","","35.1",",,,I","","","","","",""
"UZM00038812","1966-06","38.8","65.717","376.0","KARSHI, UZ","","","","","0",",I","0",",I","0",",I","","","","","","","","","","","","","19660604",",,I","","","","","0.2",",,I,04,","","","","","","","0.2",",,,I","","","","","",""
"UZM00038812","1966-07","38.8","65.717","376.0","KARSHI, UZ","","","","","0",",I","0",",I","0",",I","","","","","","","","","","","","","19660731","+,,I","","","","","0.0",",,I,31,+","","","","","","","0.0",",,,I","","","","","",""
"UZM00038812","1966-08","38.8","65.717","376.0","KARSHI, UZ","","","","","0",",I","0",",I","0",",I","","","","","","","","","","","","","19660831","+,,I","","","","","0.0",",,I,31,+","","","","","","","0.0",",,,I","","","","","",""
"UZM00038812","1966-09","38.8","65.717","376.0","KARSHI, UZ","","","","","1",",I","0",",I","0",",I","","","","","","","","","","","","","19660927",",,I","","","","","0.4",",,I,27,","","","","","","","0.4",",,,I","","","","","",""
"UZM00038812","1966-10","38.8","65.717","376.0","KARSHI, UZ","","","","","8",",I","3",",I","0",",I","","","","","","","","","","","","","19661017",",,I","","","","","5.7",",,I,17,","","","","","","","20.1",",,,I","","","","","",""
"UZM00038812","1966-11","38.8","65.717","376.0","KARSHI, UZ","","","","","2",",I","1",",I","0",",I","","","","","","","","","","","","","19661120",",,I","","","","","2.9",",,I,20,","","","","","","","5.3",",,,I","","","","","",""
"UZM00038812","1966-12","38.8","65.717","376.0","KARSHI, UZ","","","","","4","1,I","1","1,I","0","1,I","","","","","","","","","","","","","19661223",",1,I","","","","","9.4","1,,I,23,","","","","","","","13.6","1,,,I","","","","","",""
"UZM00038812","1967-01","38.8","65.717","376.0","KARSHI, UZ","","","","","3",",I","2",",I","0",",I","","","","","","","","","","","","","19670123",",,I","","","","","10.0",",,I,23,","","","","","","","14.9",",,,I","","","","","",""
"UZM00038812","1967-02","38.8","65.717","376.0","KARSHI, UZ","","","","","6",",I","3",",I","0",",I","","","","","","","","","","","","","19670216",",,I","","","","","3.4",",,I,16,","","","","","","","13.3",",,,I","","","","","",""
"UZM00038812","1967-03","38.8","65.717","376.0","KARSHI, UZ","","","","","10",",I","5",",I","1",",I","","","","","","","","","","","","","19670309",",,I","","","","","27.3",",,I,09,","","","","","","","69.1",",,,I","","","","","",""
"UZM00038812","1967-04","38.8","65.717","376.0","KARSHI, UZ","","","","","12",",I","7",",I","0",",I","","","","","","","","","","","","","19670416",",,I","","","","","13.8",",,I,16,","","","","","","","51.1",",,,I","","","","","",""
"UZM00038812","1967-05","38.8","65.717","376.0","KARSHI, UZ","","","","","5",",I","2",",I","0",",I","","","","","","","","","","","","","19670502",",,I","","","","","19.0",",,I,02,","","","","","","","24.8",",,,I","","","","","",""
"UZM00038812","1967-06","38.8","65.717","376.0","KARSHI, UZ","","","","","1",",I","1",",I","0",",I","","","","","","","","","","","","","19670602",",,I","","","","","4.4",",,I,02,","","","","","","","4.4",",,,I","","","","","",""
"UZM00038812","1967-07","38.8","65.717","376.0","KARSHI, UZ","","","","","0","1,I","0","1,I","0","1,I","","","","","","","","","","","","","19670731","+,1,I","","","","","0.0","1,,I,31,+","","","","","","","0.0","1,,,I","","","","","",""
"UZM00038812","1967-08","38.8","65.717","376.0","KARSHI, UZ","","","","","0",",I","0",",I","0",",I","","","","","","","","","","","","","19670831","+,,I","","","","","0.0",",,I,31,+","","","","","","","0.0",",,,I","","","","","",""
"UZM00038812","1967-09","38.8","65.717","376.0","KARSHI, UZ","","","","","1",",I","0",",I","0",",I","","","","","","","","","","","","","19670925",",,I","","","","","2.1",",,I,25,","","","","","","","2.1",",,,I","","","","","",""
"UZM00038812","1967-10","38.8","65.717","376.0","KARSHI, UZ","","","","","5",",I","2",",I","0",",I","","","","","","","","","","","","","19671023",",,I","","","","","7.6",",,I,23,","","","","","","","14.7",",,,I","","","","","",""
"UZM00038812","1967-11","38.8","65.717","376.0","KARSHI, UZ","","","","","7",",I","3",",I","0",",I","","","","","","","","","","","","","19671117",",,I","","","","","23.5",",,I,17,","","","","","","","45.5",",,,I","","","","","",""
"UZM00038812","1967-12","38.8","65.717","376.0","KARSHI, UZ","","","","","6",",I","4",",I","0",",I","","","","","","","","","","","","","19671225",",,I","","","","","15.8",",,I,25,","","","","","","","30.9",",,,I","","","","","",""
"UZM00038812","1968-01","38.8","65.717","376.0","KARSHI, UZ","","","","","4",",I","1",",I","0",",I","","","","","","","","","","","","","19680111",",,I","","","","","5.4",",,I,11,","","","","","","","9.2",",,,I","","","","","",""
"UZM00038812","1968-02","38.8","65.717","376.0","KARSHI, UZ","","","","","9",",I","3",",I","0",",I","","","","","","","","","","","","","19680223",",,I","","","","","9.8",",,I,23,","","","","","","","25.9",",,,I","","","","","",""
"UZM00038812","1968-03","38.8","65.717","376.0","KARSHI, UZ","","","","","10",",I","6",",I","0",",I","","","","","","","","","","","","","19680306",",,I","","","","","15.3",",,I,06,","","","","","","","58.7",",,,I","","","","","",""
"UZM00038812","1968-04","38.8","65.717","376.0","KARSHI, UZ","","","","","8",",I","7",",I","0",",I","","","","","","","","","","","","","19680406",",,I","","","","","18.4",",,I,06,","","","","","","","59.9",",,,I","","","","","",""
"UZM00038812","1968-05","38.8","65.717","376.0","KARSHI, UZ","","","","","1",",I","0",",I","0",",I","","","","","","","","","","","","","19680525",",,I","","","","","1.0",",,I,25,","","","","","","","1.0",",,,I","","","","","",""
"UZM00038812","1968-06","38.8","65.717","376.0","KARSHI, UZ","","","","","0",",I","0",",I","0",",I","","","","","","","","","","","","","19680620",",,I","","","","","0.0",",T,I,20,","","","","","","","0.0",",T,,I","","","","","",""
"UZM00038812","1968-07","38.8","65.717","376.0","KARSHI, UZ","","","","","1",",I","0",",I","0",",I","","","","","","","","","","","","","19680713",",,I","","","","","1.0",",,I,13,","","","","","","","1.0",",,,I","","","","","",""
"UZM00038812","1968-08","38.8","65.717","376.0","KARSHI, UZ","","","","","0","2,I","0","2,I","0","2,I","","","","","","","","","","","","","19680828",",2,I","","","","","0.0","2,T,I,28,","","","","","","","0.0","2,T,,I","","","","","",""
"UZM00038812","1968-09","38.8","65.717","376.0","KARSHI, UZ","","","","","0",",I","0",",I","0",",I","","","","","","","","","","","","","19680930","+,,I","","","","","0.0",",,I,30,+","","","","","","","0.0",",,,I","","","","","",""
"UZM00038812","1968-10","38.8","65.717","376.0","KARSHI, UZ","","","","","3",",I","1",",I","0",",I","","","","","","","","","","","","","19681028",",,I","","","","","3.2",",,I,28,","","","","","","","5.1",",,,I","","","","","",""
"UZM00038812","1968-11","38.8","65.717","376.0","KARSHI, UZ","","","","","6",",I","2",",I","0",",I","","","","","","","","","","","","","19681120",",,I","","","","","4.5",",,I,20,","","","","","","","10.9",",,,I","","","","","",""
"UZM00038812","1968-12","38.8","65.717","376.0","KARSHI, UZ","","","","","15",",I","9",",I","0",",I","","","","","","","","","","","","","19681214",",,I","","","","","9.0",",,I,14,","","","","","","","56.4",",,,I","","","","","",""
"UZM00038812","1969-01","38.8","65.717","376.0","KARSHI, UZ","","","","","15","1,I","14","1,I","1","1,I","","","","","","","","","","","","","19690124",",1,I","","","","","29.7","1,,I,24,","","","","","","","106.1","1,,,I","","","","","",""
"UZM00038812","1969-02","38.8","65.717","376.0","KARSHI, UZ","","","","","7",",I","4",",I","0",",I","","","","","","","","","","","","","19690222",",,I","","","","","12.0",",,I,22,","","","","","","","33.4",",,,I","","","","","",""
"UZM00038812","1969-03","38.8","65.717","376.0","KARSHI, UZ","","","","","17",",I","9",",I","0",",I","","","","","","","","","","","","","19690323",",,I","","","","","24.5",",,I,23,","","","","","","","120.2",",,,I","","","","","",""
"UZM00038812","1969-04","38.8","65.717","376.0","KARSHI, UZ","","","","","10",",I","5",",I","2",",I","","","","","","","","","","","","","19690409",",,I","","","","","31.2",",,I,09,","","","","","","","81.6",",,,I","","","","","",""
"UZM00038812","1969-05","38.8","65.717","376.0","KARSHI, UZ","","","","","4",",I","2",",I","0",",I","","","","","","","","","","","","","19690508",",,I","","","","","14.6",",,I,08,","","","","","","","19.1",",,,I","","","","","",""
"UZM00038812","1969-06","38.8","65.717","376.0","KARSHI, UZ","","","","","0",",I","0",",I","0",",I","","","","","","","","","","","","","19690619","+,,I","","","","","0.0",",T,I,19,+","","","","","","","0.0",",T,,I","","","","","",""
"UZM00038812","1969-07","38.8","65.717","376.0","KARSHI, UZ","","","","","2",",I","0",",I","0",",I","","","","","","","","","","","","","19690709",",,I","","","","","1.6",",,I,09,","","","","","","","2.5",",,,I","","","","","",""
"UZM00038812","1969-08","38.8","65.717","376.0","KARSHI, UZ","","","","","0","1,I","0","1,I","0","1,I","","","","","","","","","","","","","19690816",",1,I","","","","","0.0","1,T,I,16,","","","","","","","0.0","1,T,,I","","","","","",""
"UZM00038812","1969-09","38.8","65.717","376.0","KARSHI, UZ","","","","","1",",I","0",",I","0",",I","","","","","","","","","","","","","19690913",",,I","","","","","2.0",",,I,13,","","","","","","","2.1",",,,I","","","","","",""
"UZM00038812","1969-10","38.8","65.717","376.0","KARSHI, UZ","","","","","6",",I","1",",I","0",",I","","","","","","","","","","","","","19691031",",,I","","","","","6.9",",,I,31,","","","","","","","14.4",",,,I","","","","","",""
"UZM00038812","1969-11","38.8","65.717","376.0","KARSHI, UZ","","","","","7",",I","5",",I","1",",I","","","","","","","","","","","","","19691110",",,I","","","","","26.8",",,I,10,","","","","","","","64.3",",,,I","","","","","",""
"UZM00038812","1969-12","38.8","65.717","376.0","KARSHI, UZ","","","","","6",",I","3",",I","0",",I","","","","","","","","","","","","","19691208",",,I","","","","","20.3",",,I,08,","","","","","","","34.3",",,,I","","","","","",""
"UZM00038812","1970-02","38.8","65.717","376.0","KARSHI, UZ","","","","","6","1,I","2","1,I","0","1,I","","","","","","","","","","","","","19700221",",1,I","","","","","2.9","1,,I,21,","","","","","","","7.3","1,,,I","","","","","",""
"UZM00038812","1970-03","38.8","65.717","376.0","KARSHI, UZ","","","","","4",",I","3",",I","0",",I","","","","","","","","","","","","","19700321",",,I","","","","","16.7",",,I,21,","","","","","","","32.3",",,,I","","","","","",""
"UZM00038812","1970-04","38.8","65.717","376.0","KARSHI, UZ","","","","","7",",I","2",",I","0",",I","","","","","","","","","","","","","19700411",",,I","","","","","5.2",",,I,11,","","","","","","","13.0",",,,I","","","","","",""
"UZM00038812","1970-05","38.8","65.717","376.0","KARSHI, UZ","","","","","1",",I","0",",I","0",",I","","","","","","","","","","","","","19700525",",,I","","","","","1.1",",,I,25,","","","","","","","1.1",",,,I","","","","","",""
"UZM00038812","1970-06","38.8","65.717","376.0","KARSHI, UZ","","","","","0",",I","0",",I","0",",I","","","","","","","","","","","","","19700630","+,,I","","","","","0.0",",,I,30,+","","","","","","","0.0",",,,I","","","","","",""
"UZM00038812","1970-07","38.8","65.717","376.0","KARSHI, UZ","","","","","1",",I","1",",I","0",",I","","","","","","","","","","","","","19700720",",,I","","","","","5.7",",,I,20,","","","","","","","5.7",",,,I","","","","","",""
"UZM00038812","1970-08","38.8","65.717","376.0","KARSHI, UZ","","","","","0",",I","0",",I","0",",I","","","","","","","","","","","","","19700802",",,I","","","","","0.0",",T,I,02,","","","","","","","0.0",",T,,I","","","","","",""
"UZM00038812","1970-09","38.8","65.717","376.0","KARSHI, UZ","","","","","0",",I","0",",I","0",",I","","","","","","","","","","","","","19700930","+,,I","","","","","0.0",",,I,30,+","","","","","","","0.0",",,,I","","","","","",""
"UZM00038812","1970-10","38.8","65.717","376.0","KARSHI, UZ","","","","","1",",I","0",",I","0",",I","","","","","","","","","","","","","19701026",",,I","","","","","1.4",",,I,26,","","","","","","","1.4",",,,I","","","","","",""
"UZM00038812","1970-11","38.8","65.717","376.0","KARSHI, UZ","","","","","2",",I","1",",I","0",",I","","","","","","","","","","","","","19701114",",,I","","","","","4.0",",,I,14,","","","","","","","4.5",",,,I","","","","","",""
"UZM00038812","1970-12","38.8","65.717","376.0","KARSHI, UZ","","","","","6","1,I","4","1,I","0","1,I","","","","","","","","","","","","","19701215",",1,I","","","","","24.8","1,,I,15,","","","","","","","46.7","1,,,I","","","","","",""
"UZM00038812","1971-01","38.8","65.717","376.0","KARSHI, UZ","","","","","5","1,I","3","1,I","0","1,I","","","","","","","","","","","","","19710114",",1,I","","","","","3.8","1,,I,14,","","","","","","","11.9","1,,,I","","","","","",""
"UZM00038812","1971-02","38.8","65.717","376.0","KARSHI, UZ","","","","","7",",I","6",",I","0",",I","","","","","","","","","","","","","19710228",",,I","","","","","9.9",",,I,28,","","","","","","","44.6",",,,I","","","","","",""
"UZM00038812","1971-03","38.8","65.717","376.0","KARSHI, UZ","","","","","6",",I","3",",I","0",",I","","","","","","","","","","","","","19710301",",,I","","","","","13.7",",,I,01,","","","","","","","27.2",",,,I","","","","","",""
"UZM00038812","1971-04","38.8","65.717","376.0","KARSHI, UZ","","","","","5",",I","3",",I","0",",I","","","","","","","","","","","","","19710416",",,I","","","","","7.9",",,I,16,","","","","","","","19.7",",,,I","","","","","",""
"UZM00038812","1971-05","38.8","65.717","376.0","KARSHI, UZ","","","","","0",",I","0",",I","0",",I","","","","","","","","","","","","","19710519","+,,I","","","","","0.0",",T,I,19,+","","","","","","","0.0",",T,,I","","","","","",""
"UZM00038812","1971-06","38.8","65.717","376.0","KARSHI, UZ","","","","","0","2,I","0","2,I","0","2,I","","","","","","","","","","","","","19710607",",2,I","","","","","0.0","2,T,I,07,","","","","","","","0.0","2,T,,I","","","","","",""
"UZM00038812","1971-07","38.8","65.717","376.0","KARSHI, UZ","","","","","0",",I","0",",I","0",",I","","","","","","","","","","","","","19710731","+,,I","","","","","0.0",",,I,31,+","","","","","","","0.0",",,,I","","","","","",""
"UZM00038812","1971-08","38.8","65.717","376.0","KARSHI, UZ","","","","","0",",I","0",",I","0",",I","","","","","","","","","","","","","19710831","+,,I","","","","","0.0",",,I,31,+","","","","","","","0.0",",,,I","","","","","",""
"UZM00038812","1971-09","38.8","65.717","376.0","KARSHI, UZ","","","","","0",",I","0",",I","0",",I","","","","","","","","","","","","","19710930","+,,I","","","","","0.0",",,I,30,+","","","","","","","0.0",",,,I","","","","","",""
"UZM00038812","1971-10","38.8","65.717","376.0","KARSHI, UZ","","","","","1",",I","0",",I","0",",I","","","","","","","","","","","","","19711022",",,I","","","","","0.8",",,I,22,","","","","","","","0.8",",,,I","","","","","",""
"UZM00038812","1971-11","38.8","65.717","376.0","KARSHI, UZ","","","","","3",",I","1",",I","0",",I","","","","","","","","","","","","","19711106",",,I","","","","","4.7",",,I,06,","","","","","","","6.1",",,,I","","","","","",""
"UZM00038812","1971-12","38.8","65.717","376.0","KARSHI, UZ","","","","","4",",I","3",",I","0",",I","","","","","","","","","","","","","19711218",",,I","","","","","6.3",",,I,18,","","","","","","","17.4",",,,I","","","","","",""
"UZM00038812","1972-01","38.8","65.717","376.0","KARSHI, UZ","","","","","14","1,I","7","1,I","0","1,I","","","","","","","","","","","","","19720120",",1,I","","","","","15.3","1,,I,20,","","","","","","","56.7","1,,,I","","","","","",""
"UZM00038812","1972-02","38.8","65.717","376.0","KARSHI, UZ","","","","","7",",I","3",",I","0",",I","","","","","","","","","","","","","19720221",",,I","","","","","8.3",",,I,21,","","","","","","","24.6",",,,I","","","","","",""
"UZM00038812","1972-03","38.8","65.717","376.0","KARSHI, UZ","","","","","16",",I","13",",I","0",",I","","","","","","","","","","","","","19720324",",,I","","","","","21.3",",,I,24,","","","","","","","120.2",",,,I","","","","","",""
"UZM00038812","1972-04","38.8","65.717","376.0","KARSHI, UZ","","","","","7",",I","4",",I","0",",I","","","","","","","","","","","","","19720407",",,I","","","","","9.6",",,I,07,","","","","","","","34.5",",,,I","","","","","",""
"UZM00038812","1972-05","38.8","65.717","376.0","KARSHI, UZ","","","","","8",",I","6",",I","0",",I","","","","","","","","","","","","","19720522",",,I","","","","","25.2",",,I,22,","","","","","","","56.9",",,,I","","","","","",""
"UZM00038812","1972-06","38.8","65.717","376.0","KARSHI, UZ","","","","","1",",I","0",",I","0",",I","","","","","","","","","","","","","19720614",",,I","","","","","0.7",",,I,14,","","","","","","","0.7",",,,I","","","","","",""
"UZM00038812","1972-07","38.8","65.717","376.0","KARSHI, UZ","","","","","1",",I","0",",I","0",",I","","","","","","","","","","","","","19720717",",,I","","","","","0.4",",,I,17,","","","","","","","0.4",",,,I","","","","","",""
"UZM00038812","1972-08","38.8","65.717","376.0","KARSHI, UZ","","","","","0",",I","0",",I","0",",I","","","","","","","","","","","","","19720802",",,I","","","","","0.0",",T,I,02,","","","","","","","0.0",",T,,I","","","","","",""
"UZM00038812","1972-09","38.8","65.717","376.0","KARSHI, UZ","","","","","0",",I","0",",I","0",",I","","","","","","","","","","","","","19720930","+,,I","","","","","0.0",",,I,30,+","","","","","","","0.0",",,,I","","","","","",""
"UZM00038812","1972-10","38.8","65.717","376.0","KARSHI, UZ","","","","","2",",I","1",",I","0",",I","","","","","","","","","","","","","19721009",",,I","","","","","13.2",",,I,09,","","","","","","","15.6",",,,I","","","","","",""
"UZM00038812","1972-11","38.8","65.717","376.0","KARSHI, UZ","","","","","1",",I","1",",I","0",",I","","","","","","","","","","","","","19721109",",,I","","","","","2.6",",,I,09,","","","","","","","2.6",",,,I","","","","","",""
"UZM00038812","1972-12","38.8","65.717","376.0","KARSHI, UZ","","","","","7",",I","4",",I","0",",I","","","","","","","","","","","","","19721217",",,I","","","","","8.6",",,I,17,","","","","","","","25.4",",,,I","","","","","",""
"UZM00038812","1973-01","38.8","65.717","376.0","KARSHI, UZ","","","","","9","1,I","3","1,I","0","1,I","","","","","","","","","","","","","19730117",",1,I","","","","","9.2","1,,I,17,","","","","","","","23.1","1,,,I","","","","","",""
"UZM00038812","1973-02","38.8","65.717","376.0","KARSHI, UZ","","","","","9",",I","5",",I","0",",I","","","","","","","","","","","","","19730206",",,I","","","","","11.8",",,I,06,","","","","","","","45.5",",,,I","","","","","",""
"UZM00038812","1973-03","38.8","65.717","376.0","KARSHI, UZ","","","","","13",",I","9",",I","0",",I","","","","","","","","","","","","","19730323",",,I","","","","","19.2",",,I,23,","","","","","","","94.4",",,,I","","","","","",""
"UZM00038812","1973-04","38.8","65.717","376.0","KARSHI, UZ","","","","","10",",I","4",",I","0",",I","","","","","","","","","","","","","19730420",",,I","","","","","13.3",",,I,20,","","","","","","","31.1",",,,I","","","","","",""
"UZM00038812","1973-05","38.8","65.717","376.0","KARSHI, UZ","","","","","3",",I","2",",I","0",",I","","","","","","","","","","","","","19730501",",,I","","","","","18.4",",,I,01,","","","","","","","24.6",",,,I","","","","","",""
"UZM00038812","1973-06","38.8","65.717","376.0","KARSHI, UZ","","","","","0",",I","0",",I","0",",I","","","","","","","","","","","","","19730630","+,,I","","","","","0.0",",,I,30,+","","","","","","","0.0",",,,I","","","","","",""
"UZM00038812","1973-07","38.8","65.717","376.0","KARSHI, UZ","","","","","0",",I","0",",I","0",",I","","","","","","","","","","","","","19730731","+,,I","","","","","0.0",",,I,31,+","","","","","","","0.0",",,,I","","","","","",""
"UZM00038812","1973-08","38.8","65.717","376.0","KARSHI, UZ","","","","","0","1,I","0","1,I","0","1,I","","","","","","","","","","","","","19730831","+,1,I","","","","","0.0","1,,I,31,+","","","","","","","0.0","1,,,I","","","","","",""
"UZM00038812","1973-09","38.8","65.717","376.0","KARSHI, UZ","","","","","2",",I","1",",I","0",",I","","","","","","","","","","","","","19730927",",,I","","","","","2.8",",,I,27,","","","","","","","3.6",",,,I","","","","","",""
"UZM00038812","1973-10","38.8","65.717","376.0","KARSHI, UZ","","","","","0",",I","0",",I","0",",I","","","","","","","","","","","","","19731015","+,,I","","","","","0.0",",T,I,15,+","","","","","","","0.0",",T,,I","","","","","",""
"UZM00038812","1973-11","38.8","65.717","376.0","KARSHI, UZ","","","","","1","2,I","1","2,I","0","2,I","","","","","","","","","","","","","19731125",",2,I","","","","","2.7","2,,I,25,","","","","","","","2.7","2,,,I","","","","","",""
"UZM00038812","1973-12","38.8","65.717","376.0","KARSHI, UZ","","","","","6","1,I","1","1,I","0","1,I","","","","","","","","","","","","","19731211",",1,I","","","","","8.2","1,,I,11,","","","","","","","15.5","1,,,I","","","","","",""
"UZM00038812","1974-01","38.8","65.717","376.0","KARSHI, UZ","","","","","10","3,I","6","3,I","0","3,I","","","","","","","","","","","","","19740117",",3,I","","","","","9.2","3,,I,17,","","","","","","","45.7","3,,,I","","","","","",""
"UZM00038812","1974-02","38.8","65.717","376.0","KARSHI, UZ","","","","","8","1,I","4","1,I","0","1,I","","","","","","","","","","","","","19740220",",1,I","","","","","8.9","1,,I,20,","","","","","","","21.3","1,,,I","","","","","",""
"UZM00038812","1974-03","38.8","65.717","376.0","KARSHI, UZ","","","","","5","4,I","2","4,I","1","4,I","","","","","","","","","","","","","19740302",",4,I","","","","","26.6","4,,I,02,","","","","","","","37.9","4,,,I","","","","","",""
"UZM00038812","1974-04","38.8","65.717","376.0","KARSHI, UZ","","","","","9","2,I","5","2,I","1","2,I","","","","","","","","","","","","","19740412",",2,I","","","","","30.2","2,,I,12,","","","","","","","79.6","2,,,I","","","","","",""
"UZM00038812","1974-05","38.8","65.717","376.0","KARSHI, UZ","","","","","3",",I","2",",I","0",",I","","","","","","","","","","","","","19740502",",,I","","","","","21.7",",,I,02,","","","","","","","24.8",",,,I","","","","","",""
"UZM00038812","1974-06","38.8","65.717","376.0","KARSHI, UZ","","","","","0",",I","0",",I","0",",I","","","","","","","","","","","","","19740610","+,,I","","","","","0.0",",T,I,10,+","","","","","","","0.0",",T,,I","","","","","",""
"UZM00038812","1974-07","38.8","65.717","376.0","KARSHI, UZ","","","","","0",",I","0",",I","0",",I","","","","","","","","","","","","","19740731","+,,I","","","","","0.0",",,I,31,+","","","","","","","0.0",",,,I","","","","","",""
"UZM00038812","1974-08","38.8","65.717","376.0","KARSHI, UZ","","","","","0",",I","0",",I","0",",I","","","","","","","","","","","","","19740826","+,,I","","","","","0.0",",T,I,26,+","","","","","","","0.0",",T,,I","","","","","",""
"UZM00038812","1974-09","38.8","65.717","376.0","KARSHI, UZ","","","","","0",",I","0",",I","0",",I","","","","","","","","","","","","","19740925","+,,I","","","","","0.0",",T,I,25,+","","","","","","","0.0",",T,,I","","","","","",""
"UZM00038812","1974-10","38.8","65.717","376.0","KARSHI, UZ","","","","","0","4,I","0","4,I","0","4,I","","","","","","","","","","","","","19741031","+,4,I","","","","","0.0","4,,I,31,+","","","","","","","0.0","4,,,I","","","","","",""
"UZM00038812","1974-11","38.8","65.717","376.0","KARSHI, UZ","","","","","2","2,I","0","2,I","0","2,I","","","","","","","","","","","","","19741128",",2,I","","","","","1.8","2,,I,28,","","","","","","","2.5","2,,,I","","","","","",""
"UZM00038812","1974-12","38.8","65.717","376.0","KARSHI, UZ","","","","","5",",I","2",",I","0",",I","","","","","","","","","","","","","19741208",",,I","","","","","8.5",",,I,08,","","","","","","","18.2",",,,I","","","","","",""
"UZM00038812","1975-01","38.8","65.717","376.0","KARSHI, UZ","","","","","10","1,I","4","1,I","0","1,I","","","","","","","","","","","","","19750106",",1,I","","","","","5.2","1,,I,06,","","","","","","","24.5","1,,,I","","","","","",""
"UZM00038812","1975-02","38.8","65.717","376.0","KARSHI, UZ","","","","","7",",I","5",",I","0",",I","","","","","","","","","","","","","19750227",",,I","","","","","5.1",",,I,27,","","","","","","","23.0",",,,I","","","","","",""
"UZM00038812","1975-03","38.8","65.717","376.0","KARSHI, UZ","","","","","8","1,I","4","1,I","0","1,I","","","","","","","","","","","","","19750303",",1,I","","","","","18.4","1,,I,03,","","","","","","","52.9","1,,,I","","","","","",""
"UZM00038812","1975-04","38.8","65.717","376.0","KARSHI, UZ","","","","","0",",I","0",",I","0",",I","","","","","","","","","","","","","19750420","+,,I","","","","","0.0",",T,I,20,+","","","","","","","0.0",",T,,I","","","","","",""
"UZM00038812","1975-05","38.8","65.717","376.0","KARSHI, UZ","","","","","1",",I","1",",I","0",",I","","","","","","","","","","","","","19750503",",,I","","","","","13.4",",,I,03,","","","","","","","13.4",",,,I","","","","","",""
"UZM00038812","1975-06","38.8","65.717","376.0","KARSHI, UZ","","","","","0",",I","0",",I","0",",I","","","","","","","","","","","","","19750630","+,,I","","","","","0.0",",,I,30,+","","","","","","","0.0",",,,I","","","","","",""
"UZM00038812","1975-07","38.8","65.717","376.0","KARSHI, UZ","","","","","0",",I","0",",I","0",",I","","","","","","","","","","","","","19750731","+,,I","","","","","0.0",",,I,31,+","","","","","","","0.0",",,,I","","","","","",""
"UZM00038812","1975-08","38.8","65.717","376.0","KARSHI, UZ","","","","","0",",I","0",",I","0",",I","","","","","","","","","","","","","19750831","+,,I","","","","","0.0",",,I,31,+","","","","","","","0.0",",,,I","","","","","",""
"UZM00038812","1975-09","38.8","65.717","376.0","KARSHI, UZ","","","","","0",",I","0",",I","0",",I","","","","","","","","","","","","","19750930","+,,I","","","","","0.0",",,I,30,+","","","","","","","0.0",",,,I","","","","","",""
"UZM00038812","1975-10","38.8","65.717","376.0","KARSHI, UZ","","","","","1",",I","0",",I","0",",I","","","","","","","","","","","","","19751016",",,I","","","","","0.9",",,I,16,","","","","","","","0.9",",,,I","","","","","",""
"UZM00038812","1975-11","38.8","65.717","376.0","KARSHI, UZ","","","","","6",",I","2",",I","0",",I","","","","","","","","","","","","","19751113",",,I","","","","","10.8",",,I,13,","","","","","","","21.3",",,,I","","","","","",""
"UZM00038812","1975-12","38.8","65.717","376.0","KARSHI, UZ","","","","","9",",I","4",",I","0",",I","","","","","","","","","","","","","19751224",",,I","","","","","17.7",",,I,24,","","","","","","","35.5",",,,I","","","","","",""
"UZM00038812","1976-01","38.8","65.717","376.0","KARSHI, UZ","","","","","9",",I","6",",I","0",",I","","","","","","","","","","","","","19760126",",,I","","","","","23.2",",,I,26,","","","","","","","59.3",",,,I","","","","","",""
"UZM00038812","1976-02","38.8","65.717","376.0","KARSHI, UZ","","","","","7",",I","6",",I","0",",I","","","","","","","","","","","","","19760207",",,I","","","","","23.5",",,I,07,","","","","","","","44.1",",,,I","","","","","",""
"UZM00038812","1976-03","38.8","65.717","376.0","KARSHI, UZ","","","","","11",",I","5",",I","0",",I","","","","","","","","","","","","","19760303",",,I","","","","","13.3",",,I,03,","","","","","","","40.8",",,,I","","","","","",""
"UZM00038812","1976-04","38.8","65.717","376.0","KARSHI, UZ","","","","","10",",I","7",",I","0",",I","","","","","","","","","","","","","19760423",",,I","","","","","25.0",",,I,23,","","","","","","","99.8",",,,I","","","","","",""
"UZM00038812","1976-05","38.8","65.717","376.0","KARSHI, UZ","","","","","2",",I","0",",I","0",",I","","","","","","","","","","","","","19760512",",,I","","","","","2.2",",,I,12,","","","","","","","2.8",",,,I","","","","","",""
"UZM00038812","1976-06","38.8","65.717","376.0","KARSHI, UZ","","","","","0",",I","0",",I","0",",I","","","","","","","","","","","","","19760630","+,,I","","","","","0.0",",,I,30,+","","","","","","","0.0",",,,I","","","","","",""
"UZM00038812","1976-07","38.8","65.717","376.0","KARSHI, UZ","","","","","0",",I","0",",I","0",",I","","","","","","","","","","","","","19760731","+,,I","","","","","0.0",",,I,31,+","","","","","","","0.0",",,,I","","","","","",""
"UZM00038812","1976-08","38.8","65.717","376.0","KARSHI, UZ","","","","","0",",I","0",",I","0",",I","","","","","","","","","","","","","19760831","+,,I","","","","","0.0",",,I,31,+","","","","","","","0.0",",,,I","","","","","",""
"UZM00038812","1976-09","38.8","65.717","376.0","KARSHI, UZ","","","","","0",",I","0",",I","0",",I","","","","","","","","","","","","","19760930","+,,I","","","","","0.0",",,I,30,+","","","","","","","0.0",",,,I","","","","","",""
"UZM00038812","1976-10","38.8","65.717","376.0","KARSHI, UZ","","","","","8",",I","2",",I","0",",I","","","","","","","","","","","","","19761019",",,I","","","","","19.6",",,I,19,","","","","","","","39.4",",,,I","","","","","",""
"UZM00038812","1976-11","38.8","65.717","376.0","KARSHI, UZ","","","","","1",",I","1",",I","0",",I","","","","","","","","","","","","","19761130",",,I","","","","","9.0",",,I,30,","","","","","","","9.0",",,,I","","","","","",""
"UZM00038812","1976-12","38.8","65.717","376.0","KARSHI, UZ","","","","","4","1,I","3","1,I","0","1,I","","","","","","","","","","","","","19761201",",1,I","","","","","6.5","1,,I,01,","","","","","","","17.0","1,,,I","","","","","",""
"UZM00038812","1981-09","38.8","65.717","376.0","KARSHI, UZ","","","","","3","4,S","2","4,S","0","4,S","0","4,S","0","4,S","","","","","","","19810928","+,4,S","19810924",",4,S","","","5.0","4,S,28,+","9.9","4,,S,24,","","","","","","","13.9","4,,,S","","","","","12.54","4,,,S"
"UZM00038812","1981-12","38.8","65.717","376.0","KARSHI, UZ","","","","","4","5,S","2","5,S","0","5,S","","","","","","","","","","","","","19811230",",5,S","","","","","6.1","5,,S,30,","","","","","","","12.7","5,,,S","","","","","",""
"UZM00038812","1984-09","38.8","65.717","376.0","KARSHI, UZ","","","","","","","","","","","0","5,S","0","5,S","","","","","","","19840920",",5,S","","","","","6.2","5,S,20,","","","","","","","","","","","","","","","11.41","5,,,S"
"UZM00038812","1985-01","38.8","65.717","376.0","KARSHI, UZ","","","","","12",",I","8",",I","0",",I","","","","","","","","","","","","","19850114",",,I","","","","","23.6",",,I,14,","","","","","","","72.4",",,,I","","","","","",""
"UZM00038812","1985-02","38.8","65.717","376.0","KARSHI, UZ","","","","","5",",I","3",",I","0",",I","","","","","1","5,S","5","5,S","0","5,S","","","19850224",",,I","19850222",",5,S","","","7.9",",,I,24,","29.0","5,S,22,","","","","","17.0",",,,I","","","16.08","5,,,S","",""
"UZM00038812","1985-03","38.8","65.717","376.0","KARSHI, UZ","","","","","5",",I","4",",I","0",",I","","","","","0","5,S","6","5,S","0","5,S","","","19850325",",,I","19850320",",5,S","","","15.8",",,I,25,","26.4","5,S,20,","","","","","41.3",",,,I","","","13.87","5,,,S","",""
"UZM00038812","1985-04","38.8","65.717","376.0","KARSHI, UZ","","","","","3",",I","2",",I","0",",I","","","","","0","4,S","19","4,S","6","4,S","","","19850405",",,I","19850425",",4,S","","","7.3",",,I,05,","35.9","4,S,25,","","","","","14.1",",,,I","","","25.90","4,,,S","",""
"UZM00038812","1985-05","38.8","65.717","376.0","KARSHI, UZ","","","","","5",",I","4",",I","1",",I","","","","","","","","","","","","","19850506",",,I","","","","","29.3",",,I,06,","","","","","","","56.8",",,,I","","","","","",""
"UZM00038812","1985-06","38.8","65.717","376.0","KARSHI, UZ","","","","","0",",I","0",",I","0",",I","","","","","","","","","","","","","19850610",",,I","","","","","0.0",",T,I,10,","","","","","","","0.0",",T,,I","","","","","",""
"UZM00038812","1985-07","38.8","65.717","376.0","KARSHI, UZ","","","","","0",",I","0",",I","0",",I","","","","","","","","","","","","","19850731","+,,I","","","","","0.0",",,I,31,+","","","","","","","0.0",",,,I","","","","","",""
"UZM00038812","1985-08","38.8","65.717","376.0","KARSHI, UZ","","","","","0",",I","0",",I","0",",I","","","","","0","3,S","28","3,S","25","3,S","","","19850831","+,,I","19850830",",3,S","","","0.0",",,I,31,+","39.3","3,S,30,","","","","","0.0",",,,I","","","34.80","3,,,S","",""
"UZM00038812","1985-09","38.8","65.717","376.0","KARSHI, UZ","","","","","0",",I","0",",I","0",",I","","","","","0","1,S","29","1,S","14","1,S","","","19850930","+,,I","19850930",",1,S","","","0.0",",,I,30,+","35.5","1,S,30,","","","","","0.0",",,,I","","","31.70","1,,,S","",""
"UZM00038812","1985-10","38.8","65.717","376.0","KARSHI, UZ","","","","","2",",I","0",",I","0",",I","","","","","0","3,S","18","3,S","1","3,S","","","19851012",",,I","19851001",",3,S","","","0.6",",,I,12,","34.0","3,S,01,","","","","","1.1",",,,I","","","21.75","3,,,S","",""
"UZM00038812","1985-11","38.8","65.717","376.0","KARSHI, UZ","","","","","0",",I","0",",I","0",",I","","","","","0","4,S","9","4,S","0","4,S","","","19851124","+,,I","19851102",",4,S","","","0.0",",T,I,24,+","23.4","4,S,02,","","","","","0.0",",T,,I","","","17.60","4,,,S","",""
"UZM00038812","1985-12","38.8","65.717","376.0","KARSHI, UZ","","","","","3",",I","3",",I","0",",I","","","","","","","","","","","","","19851206",",,I","","","","","13.5",",,I,06,","","","","","","","25.4",",,,I","","","","","",""
"UZM00038812","1986-01","38.8","65.717","376.0","KARSHI, UZ","","","","","2",",I","0",",I","0",",I","","","","","0","5,S","0","5,S","0","5,S","","","19860122",",,I","19860113",",5,S","","","2.0",",,I,22,","20.8","5,S,13,","","","","","2.3",",,,I","","","13.26","5,,,S","",""
"UZM00038812","1986-02","38.8","65.717","376.0","KARSHI, UZ","","","","","6",",I","2",",I","0",",I","","","","","","","","","","","","","19860209",",,I","","","","","7.2",",,I,09,","","","","","","","13.6",",,,I","","","","","",""
"UZM00038812","1986-03","38.8","65.717","376.0","KARSHI, UZ","","","","","8",",I","3",",I","0",",I","","","","","0","3,S","4","3,S","0","3,S","","","19860310",",,I","19860309",",3,S","","","3.8",",,I,10,","22.7","3,S,09,","","","","","11.4",",,,I","","","12.49","3,,,S","",""
"UZM00038812","1986-04","38.8","65.717","376.0","KARSHI, UZ","","","","","","","","","","","","","","","0","2,S","23","2,S","0","2,S","","","","","19860417",",2,S","","","","","31.4","2,S,17,","","","","","","","","","24.37","2,,,S","",""
"UZM00038812","1986-05","38.8","65.717","376.0","KARSHI, UZ","","","","","3",",I","3",",I","0",",I","","","","","","","","","","","","","19860507",",,I","","","","","16.6",",,I,07,","","","","","","","31.5",",,,I","","","","","",""
"UZM00038812","1986-06","38.8","65.717","376.0","KARSHI, UZ","","","","","0",",I","0",",I","0",",I","","","","","","","","","","","","","19860630","+,,I","","","","","0.0",",,I,30,+","","","","","","","0.0",",,,I","","","","","",""
"UZM00038812","1986-07","38.8","65.717","376.0","KARSHI, UZ","","","","","1",",I","0",",I","0",",I","","","","","","","","","","","","","19860722",",,I","","","","","0.4",",,I,22,","","","","","","","0.4",",,,I","","","","","",""
"UZM00038812","1986-08","38.8","65.717","376.0","KARSHI, UZ","","","","","0",",I","0",",I","0",",I","","","","","","","","","","","","","19860831","+,,I","","","","","0.0",",,I,31,+","","","","","","","0.0",",,,I","","","","","",""
"UZM00038812","1986-09","38.8","65.717","376.0","KARSHI, UZ","","","","","1",",I","1",",I","0",",I","","","","","0","3,S","26","3,S","13","3,S","","","19860930",",,I","19860926",",3,S","","","14.3",",,I,30,","35.3","3,S,26,","","","","","14.3",",,,I","","","31.59","3,,,S","",""
"UZM00038812","1986-10","38.8","65.717","376.0","KARSHI, UZ","","","","","2",",I","1",",I","0",",I","","","","","0","3,S","24","3,S","1","3,S","","","19861015",",,I","19861005",",3,S","","","5.2",",,I,15,","32.3","3,S,05,","","","","","7.5",",,,I","","","25.24","3,,,S","",""
"UZM00038812","1986-11","38.8","65.717","376.0","KARSHI, UZ","","","","","0",",I","0",",I","0",",I","","","","","0","4,S","9","4,S","0","4,S","","","19861116","+,,I","19861109",",4,S","","","0.0",",T,I,16,+","29.9","4,S,09,","","","","","0.0",",T,,I","","","15.26","4,,,S","",""
"UZM00038812","1986-12","38.8","65.717","376.0","KARSHI, UZ","","","","","8",",I","7",",I","0",",I","","","","","2","3,S","0","3,S","0","3,S","","","19861221",",,I","19861201",",3,S","","","21.6",",,I,21,","19.3","3,S,01,","","","","","70.4",",,,I","","","10.48","3,,,S","",""
"UZM00038812","1987-01","38.8","65.717","376.0","KARSHI, UZ","","","","","7",",I","3",",I","0",",I","","","","","0","2,S","1","2,S","0","2,S","","","19870119",",,I","19870131",",2,S","","","7.0",",,I,19,","21.8","2,S,31,","","","","","18.9",",,,I","","","12.93","2,,,S","",""
"UZM00038812","1987-02","38.8","65.717","376.0","KARSHI, UZ","","","","","3",",I","1",",I","0",",I","","","","","","","","","","","","","19870222",",,I","","","","","17.9",",,I,22,","","","","","","","19.2",",,,I","","","","","",""
"UZM00038812","1987-03","38.8","65.717","376.0","KARSHI, UZ","","","","","16",",I","11",",I","1",",I","","","","","0","4,S","6","4,S","0","4,S","","","19870328",",,I","19870304",",4,S","","","26.1",",,I,28,","23.5","4,S,04,","","","","","102.6",",,,I","","","16.73","4,,,S","",""
"UZM00038812","1987-04","38.8","65.717","376.0","KARSHI, UZ","","","","","6",",I","6",",I","0",",I","","","","","","","","","","","","","19870406",",,I","","","","","19.3",",,I,06,","","","","","","","54.6",",,,I","","","","","",""
"UZM00038812","1987-05","38.8","65.717","376.0","KARSHI, UZ","","","","","0",",I","0",",I","0",",I","","","","","0","4,S","27","4,S","10","4,S","","","19870530","+,,I","19870527","+,4,S","","","0.0",",T,I,30,+","37.0","4,S,27,+","","","","","0.0",",T,,I","","","30.67","4,,,S","",""
"UZM00038812","1987-06","38.8","65.717","376.0","KARSHI, UZ","","","","","0",",I","0",",I","0",",I","","","","","0","3,S","27","3,S","25","3,S","","","19870630","+,,I","19870630",",3,S","","","0.0",",,I,30,+","39.6","3,S,30,","","","","","0.0",",,,I","","","35.62","3,,,S","",""
"UZM00038812","1987-07","38.8","65.717","376.0","KARSHI, UZ","","","","","","","","","","","","","","","0","1,S","30","1,S","26","1,S","","","","","19870722",",1,S","","","","","43.0","1,S,22,","","","","","","","","","36.02","1,,,S","",""
"UZM00038812","1987-08","38.8","65.717","376.0","KARSHI, UZ","","","","","0",",I","0",",I","0",",I","","","","","","","","","","","","","19870831","+,,I","","","","","0.0",",,I,31,+","","","","","","","0.0",",,,I","","","","","",""
"UZM00038812","1987-09","38.8","65.717","376.0","KARSHI, UZ","","","","","0",",I","0",",I","0",",I","","","","","0","4,S","24","4,S","8","4,S","","","19870924","+,,I","19870906",",4,S","","","0.0",",T,I,24,+","37.7","4,S,06,","","","","","0.0",",T,,I","","","29.59","4,,,S","",""
"UZM00038812","1987-10","38.8","65.717","376.0","KARSHI, UZ","","","","","4",",I","3",",I","0",",I","","","","","0","4,S","8","4,S","0","4,S","","","19871009",",,I","19871004",",4,S","","","13.3",",,I,09,","31.7","4,S,04,","","","","","30.0",",,,I","","","18.22","4,,,S","",""
"UZM00038812","1987-11","38.8","65.717","376.0","KARSHI, UZ","","","","","2",",I","2",",I","0",",I","","","","","1","4,S","8","4,S","1","4,S","","","19871130",",,I","19871107",",4,S","","","6.5",",,I,30,","33.0","4,S,07,","","","","","12.3",",,,I","","","16.96","4,,,S","",""
"UZM00038812","1987-12","38.8","65.717","376.0","KARSHI, UZ","","","","","4",",I","1",",I","0",",I","","","","","2","5,S","4","5,S","0","5,S","","","19871229",",,I","19871224",",5,S","","","17.8",",,I,29,","30.5","5,S,24,","","","","","19.4",",,,I","","","13.84","5,,,S","",""
"UZM00038812","1988-01","38.8","65.717","376.0","KARSHI, UZ","","","","","7",",I","5",",I","0",",I","","","","","","","","","","","","","19880120",",,I","","","","","20.2",",,I,20,","","","","","","","52.7",",,,I","","","","","",""
"UZM00038812","1988-02","38.8","65.717","376.0","KARSHI, UZ","","","","","7",",I","4",",I","0",",I","","","","","1","4,S","1","4,S","0","4,S","","","19880218",",,I","19880225",",4,S","","","15.3",",,I,18,","23.0","4,S,25,","","","","","41.1",",,,I","","","10.44","4,,,S","",""
"UZM00038812","1988-03","38.8","65.717","376.0","KARSHI, UZ","","","","","11",",I","7",",I","1",",I","","","","","","","","","","","","","19880306",",,I","","","","","25.9",",,I,06,","","","","","","","75.0",",,,I","","","","","",""
"UZM00038812","1988-04","38.8","65.717","376.0","KARSHI, UZ","","","","","4",",I","4",",I","0",",I","","","","","0","5,S","18","5,S","8","5,S","","","19880429",",,I","19880426",",5,S","","","24.8",",,I,29,","37.0","5,S,26,","","","","","37.7",",,,I","","","26.25","5,,,S","",""
"UZM00038812","1988-05","38.8","65.717","376.0","KARSHI, UZ","","","","","2",",I","1",",I","0",",I","","","","","0","5,S","25","5,S","9","5,S","","","19880503",",,I","19880526",",5,S","","","9.8",",,I,03,","36.2","5,S,26,","","","","","10.3",",,,I","","","29.52","5,,,S","",""
"UZM00038812","1988-06","38.8","65.717","376.0","KARSHI, UZ","","","","","0",",I","0",",I","0",",I","","","","","","","","","","","","","19880630","+,,I","","","","","0.0",",,I,30,+","","","","","","","0.0",",,,I","","","","","",""
"UZM00038812","1988-07","38.8","65.717","376.0","KARSHI, UZ","","","","","0",",I","0",",I","0",",I","","","","","0","4,S","27","4,S","27","4,S","","","19880731","+,,I","19880703",",4,S","","","0.0",",,I,31,+","41.5","4,S,03,","","","","","0.0",",,,I","","","38.56","4,,,S","",""
"UZM00038812","1988-08","38.8","65.717","376.0","KARSHI, UZ","","","","","0",",I","0",",I","0",",I","","","","","","","","","","","","","19880831","+,,I","","","","","0.0",",,I,31,+","","","","","","","0.0",",,,I","","","","","",""
"UZM00038812","1988-09","38.8","65.717","376.0","KARSHI, UZ","","","","","0",",I","0",",I","0",",I","","","","","","","","","","","","","19880921",",,I","","","","","0.0",",T,I,21,","","","","","","","0.0",",T,,I","","","","","",""
"UZM00038812","1988-10","38.8","65.717","376.0","KARSHI, UZ","","","","","0",",I","0",",I","0",",I","","","","","","","","","","","","","19881023","+,,I","","","","","0.0",",T,I,23,+","","","","","","","0.0",",T,,I","","","","","",""
"UZM00038812","1988-11","38.8","65.717","376.0","KARSHI, UZ","","","","","3",",I","2",",I","0",",I","","","","","","","","","","","","","19881115",",,I","","","","","4.1",",,I,15,","","","","","","","7.7",",,,I","","","","","",""
"UZM00038812","1988-12","38.8","65.717","376.0","KARSHI, UZ","","","","","9",",I","5",",I","0",",I","","","","","","","","","","","","","19881221",",,I","","","","","10.0",",,I,21,","","","","","","","29.3",",,,I","","","","","",""
"UZM00038812","1989-01","38.8","65.717","376.0","KARSHI, UZ","","","","","10",",I","3",",I","0",",I","","","","","","","","","","","","","19890130",",,I","","","","","9.5",",,I,30,","","","","","","","25.7",",,,I","","","","","",""
"UZM00038812","1989-02","38.8","65.717","376.0","KARSHI, UZ","","","","","6",",I","2",",I","0",",I","","","","","","","","","","","","","19890220",",,I","","","","","7.0",",,I,20,","","","","","","","14.1",",,,I","","","","","",""
"UZM00038812","1989-03","38.8","65.717","376.0","KARSHI, UZ","","","","","4",",I","3",",I","1",",I","","","","","","","","","","","","","19890329",",,I","","","","","30.9",",,I,29,","","","","","","","44.8",",,,I","","","","","",""
"UZM00038812","1989-04","38.8","65.717","376.0","KARSHI, UZ","","","","","3",",I","2",",I","0",",I","","","","","","","","","","","","","19890430",",,I","","","","","4.2",",,I,30,","","","","","","","8.0",",,,I","","","","","",""
"UZM00038812","1989-05","38.8","65.717","376.0","KARSHI, UZ","","","","","2",",I","2",",I","0",",I","","","","","0","4,S","22","4,S","9","4,S","","","19890509",",,I","19890528",",4,S","","","21.6",",,I,09,","38.4","4,S,28,","","","","","34.6",",,,I","","","27.78","4,,,S","",""
"UZM00038812","1989-06","38.8","65.717","376.0","KARSHI, UZ","","","","","0",",I","0",",I","0",",I","","","","","0","3,S","27","3,S","27","3,S","","","19890630","+,,I","19890625",",3,S","","","0.0",",,I,30,+","40.6","3,S,25,","","","","","0.0",",,,I","","","35.91","3,,,S","",""
"UZM00038812","1989-07","38.8","65.717","376.0","KARSHI, UZ","","","","","0",",I","0",",I","0",",I","","","","","","","","","","","","","19890720",",,I","","","","","0.0",",T,I,20,","","","","","","","0.0",",T,,I","","","","","",""
"UZM00038812","1989-08","38.8","65.717","376.0","KARSHI, UZ","","","","","0",",I","0",",I","0",",I","","","","","0","4,S","27","4,S","25","4,S","","","19890831","+,,I","19890811",",4,S","","","0.0",",,I,31,+","40.5","4,S,11,","","","","","0.0",",,,I","","","36.08","4,,,S","",""
"UZM00038812","1989-09","38.8","65.717","376.0","KARSHI, UZ","","","","","0",",I","0",",I","0",",I","","","","","0","5,S","25","5,S","13","5,S","","","19890930","+,,I","19890915",",5,S","","","0.0",",,I,30,+","38.2","5,S,15,","","","","","0.0",",,,I","","","30.61","5,,,S","",""
"UZM00038812","1989-10","38.8","65.717","376.0","KARSHI, UZ","","","","","0",",I","0",",I","0",",I","","","","","0","4,S","22","4,S","8","4,S","","","19891029",",,I","19891004","+,4,S","","","0.0",",T,I,29,","34.0","4,S,04,+","","","","","0.0",",T,,I","","","26.17","4,,,S","",""
"UZM00038812","1989-11","38.8","65.717","376.0","KARSHI, UZ","","","","","4",",I","4",",I","0",",I","","","","","0","2,S","10","2,S","0","2,S","","","19891117",",,I","19891116",",2,S","","","16.7",",,I,17,","26.0","2,S,16,","","","","","33.9",",,,I","","","17.38","2,,,S","",""
"UZM00038812","1989-12","38.8","65.717","376.0","KARSHI, UZ","","","","","10",",I","6",",I","0",",I","","","","","0","2,S","1","2,S","0","2,S","","","19891206",",,I","19891201",",2,S","","","19.7",",,I,06,","27.0","2,S,01,","","","","","58.0",",,,I","","","11.70","2,,,S","",""
"UZM00038812","1990-01","38.8","65.717","376.0","KARSHI, UZ","","","","","11",",I","5",",I","0",",I","","","","","6","5,S","0","5,S","0","5,S","","","19900107",",,I","19900105",",5,S","","","9.6",",,I,07,","16.5","5,S,05,","","","","","39.8",",,,I","","","5.18","5,,,S","",""
"UZM00038812","1990-02","38.8","65.717","376.0","KARSHI, UZ","","","","","9",",I","4",",I","0",",I","","","","","0","1,S","1","1,S","0","1,S","","","19900223",",,I","19900220",",1,S","","","6.2",",,I,23,","21.1","1,S,20,","","","","","23.3",",,,I","","","10.19","1,,,S","",""
"UZM00038812","1990-03","38.8","65.717","376.0","KARSHI, UZ","","","","","4",",I","2",",I","0",",I","","","","","0","2,S","8","2,S","0","2,S","","","19900315",",,I","19900314",",2,S","","","11.6",",,I,15,","28.1","2,S,14,","","","","","18.5",",,,I","","","16.93","2,,,S","",""
"UZM00038812","1990-04","38.8","65.717","376.0","KARSHI, UZ","","","","","10",",I","5",",I","0",",I","","","","","","","","","","","","","19900414",",,I","","","","","14.7",",,I,14,","","","","","","","37.5",",,,I","","","","","",""
"UZM00038812","1990-05","38.8","65.717","376.0","KARSHI, UZ","","","","","0",",I","0",",I","0",",I","","","","","0","4,S","27","4,S","16","4,S","","","19900531","+,,I","19900513",",4,S","","","0.0",",T,I,31,+","42.1","4,S,13,","","","","","0.0",",T,,I","","","32.41","4,,,S","",""
"UZM00038812","1990-06","38.8","65.717","376.0","KARSHI, UZ","","","","","1",",I","0",",I","0",",I","","","","","0","2,S","28","2,S","27","2,S","","","19900608",",,I","19900622",",2,S","","","0.5",",,I,08,","44.6","2,S,22,","","","","","0.5",",,,I","","","38.58","2,,,S","",""
"UZM00038812","1990-07","38.8","65.717","376.0","KARSHI, UZ","","","","","0",",I","0",",I","0",",I","","","","","","","","","","","","","19900731","+,,I","","","","","0.0",",,I,31,+","","","","","","","0.0",",,,I","","","","","",""
"UZM00038812","1990-08","38.8","65.717","376.0","KARSHI, UZ","","","","","0",",I","0",",I","0",",I","","","","","","","","","","","","","19900831","+,,I","","","","","0.0",",,I,31,+","","","","","","","0.0",",,,I","","","","","",""
"UZM00038812","1990-09","38.8","65.717","376.0","KARSHI, UZ","","","","","0",",I","0",",I","0",",I","","","","","","","","","","","","","19900930","+,,I","","","","","0.0",",,I,30,+","","","","","","","0.0",",,,I","","","","","",""
"UZM00038812","1990-10","38.8","65.717","376.0","KARSHI, UZ","","","","","3",",I","1",",I","0",",I","","","","","0","2,S","21","2,S","3","2,S","","","19901015",",,I","19901001",",2,S","","","5.2",",,I,15,","33.0","2,S,01,","","","","","6.7",",,,I","","","23.91","2,,,S","",""
"UZM00038812","1990-11","38.8","65.717","376.0","KARSHI, UZ","","","","","1",",I","1",",I","0",",I","","","","","0","3,S","11","3,S","0","3,S","","","19901102",",,I","19901110",",3,S","","","3.8",",,I,02,","31.9","3,S,10,","","","","","4.0",",,,I","","","20.34","3,,,S","",""
"UZM00038812","1990-12","38.8","65.717","376.0","KARSHI, UZ","","","","","11",",I","7",",I","0",",I","","","","","7","5,S","5","5,S","0","5,S","","","19901226",",,I","19901205",",5,S","","","13.9",",,I,26,","25.9","5,S,05,","","","","","52.0",",,,I","","","8.79","5,,,S","",""
"UZM00038812","1991-01","38.8","65.717","376.0","KARSHI, UZ","","","","","9",",I","6",",I","0",",I","","","","","2","3,S","0","3,S","0","3,S","","","19910105",",,I","19910131",",3,S","","","16.6",",,I,05,","17.5","3,S,31,","","","","","55.3",",,,I","","","6.84","3,,,S","",""
"UZM00038812","1991-02","38.8","65.717","376.0","KARSHI, UZ","","","","","7",",I","1",",I","0",",I","","","","","0","5,S","2","5,S","0","5,S","","","19910225",",,I","19910220",",5,S","","","4.1",",,I,25,","23.5","5,S,20,","","","","","9.5",",,,I","","","10.14","5,,,S","",""
"UZM00038812","1991-03","38.8","65.717","376.0","KARSHI, UZ","","","","","10",",I","5",",I","0",",I","","","","","","","","","","","","","19910312",",,I","","","","","12.8",",,I,12,","","","","","","","51.8",",,,I","","","","","",""
"UZM00038812","1991-04","38.8","65.717","376.0","KARSHI, UZ","","","","","5",",I","4",",I","0",",I","","","","","0","4,S","18","4,S","0","4,S","","","19910412",",,I","19910424",",4,S","","","7.0",",,I,12,","31.6","4,S,24,","","","","","18.7",",,,I","","","24.72","4,,,S","",""
"UZM00038812","1991-05","38.8","65.717","376.0","KARSHI, UZ","","","","","10",",I","6",",I","1",",I","0","5,S","0","5,S","0","5,S","25","5,S","4","5,S","19910505",",5,S","19910519",",,I","19910530",",5,S","7.8","5,S,05,","44.0",",,I,19,","34.4","5,S,30,","","","","","91.4",",,,I","21.69","8,S","28.71","5,,,S","14.67","5,,,S"
"UZM00038812","1991-06","38.8","65.717","376.0","KARSHI, UZ","","","230.6","5,S","0",",I","0",",I","0",",I","0","2,S","0","2,S","0","4,S","26","4,S","21","4,S","19910625",",2,S","19910624","+,,I","19910603",",4,S","13.1","2,S,25,","0.0",",T,I,24,+","40.3","4,S,03,","","","0.0","4,S","0.0",",T,,I","27.40","5,S","35.02","4,,,S","19.79","2,,,S"
"UZM00038812","1991-07","38.8","65.717","376.0","KARSHI, UZ","","","","","","","","","","","","","","","0","4,S","27","4,S","26","4,S","","","","","19910708",",4,S","","","","","41.7","4,S,08,","","","","","","","","","37.61","4,,,S","",""
"UZM00038812","1991-08","38.8","65.717","376.0","KARSHI, UZ","","","","","","","","","","","","","","","0","4,S","27","4,S","26","4,S","","","","","19910818",",4,S","","","","","40.7","4,S,18,","","","","","","","","","36.24","4,,,S","",""
"UZM00038812","1991-09","38.8","65.717","376.0","KARSHI, UZ","","","","","","","","","","","","","","","0","2,S","26","2,S","16","2,S","","","","","19910902",",2,S","","","","","39.2","2,S,02,","","","","","","","","","31.53","2,,,S","",""
"UZM00038812","1991-10","38.8","65.717","376.0","KARSHI, UZ","","","1.9","4,S","","","","","","","0","4,S","0","4,S","0","2,S","25","2,S","0","2,S","19911014",",4,S","","","19911025",",2,S","1.7","4,S,14,","","","28.4","2,S,25,","","","65.9","2,S","","","15.99","4,S","24.79","2,,,S","7.20","4,,,S"
"UZM00038812","1991-11","38.8","65.717","376.0","KARSHI, UZ","","","","","","","","","","","","","","","0","3,S","4","3,S","0","3,S","","","","","19911101",",3,S","","","","","26.4","3,S,01,","","","","","","","","","16.13","3,,,S","",""
"UZM00038812","1991-12","38.8","65.717","376.0","KARSHI, UZ","","","","","","","","","","","","","","","0","3,S","1","3,S","0","3,S","","","","","19911210",",3,S","","","","","21.4","3,S,10,","","","","","","","","","11.05","3,,,S","",""
"UZM00038812","1992-02","38.8","65.717","376.0","KARSHI, UZ","","","","","","","","","","","","","","","0","4,S","3","4,S","0","4,S","","","","","19920224",",4,S","","","","","24.1","4,S,24,","","","","","","","","","13.77","4,,,S","",""
"UZM00038812","1992-03","38.8","65.717","376.0","KARSHI, UZ","","","","","","","","","","","","","","","0","1,S","1","1,S","0","1,S","","","","","19920331",",1,S","","","","","26.3","1,S,31,","","","","","","","","","13.56","1,,,S","",""
"UZM00038812","1992-04","38.8","65.717","376.0","KARSHI, UZ","","","","","","","","","","","","","","","0","3,S","15","3,S","1","3,S","","","","","19920415",",3,S","","","","","33.4","3,S,15,","","","","","","","","","22.54","3,,,S","",""
"UZM00038812","1992-05","38.8","65.717","376.0","KARSHI, UZ","","","","","","","","","","","","","","","0","1,S","23","1,S","3","1,S","","","","","19920531",",1,S","","","","","34.5","1,S,31,","","","","","","","","","25.58","1,,,S","",""
"UZM00038812","1992-06","38.8","65.717","376.0","KARSHI, UZ","","","","","1","2,S","0","2,S","0","2,S","","","","","0","1,S","29","1,S","25","1,S","","","19920614",",2,S","19920620",",1,S","","","2.0","2,,S,14,","41.6","1,S,20,","","","","","2.0","2,,,S","","","34.99","1,,,S","",""
"UZM00038812","1992-07","38.8","65.717","376.0","KARSHI, UZ","","","","","0","3,S","0","3,S","0","3,S","","","","","0","3,S","28","3,S","27","3,S","","","19920731","+,3,S","19920728","+,3,S","","","0.0","3,,S,31,+","41.5","3,S,28,+","","","","","0.0","3,,,S","","","37.63","3,,,S","",""
"UZM00038812","1992-08","38.8","65.717","376.0","KARSHI, UZ","","","193.3","5,S","0","1,S","0","1,S","0","1,S","0","5,S","0","5,S","0",",S","31",",S","25",",S","19920831",",5,S","19920831","+,1,S","19920826",",,S","11.3","5,S,31,","0.0","1,,S,31,+","40.0",",S,26,","","","0.0",",S","0.0","1,,,S","25.50","5,S","34.02",",,,S","16.98","5,,,S"
"UZM00038812","1992-09","38.8","65.717","376.0","KARSHI, UZ","","","","","0","3,S","0","3,S","0","3,S","","","","","0","2,S","28","2,S","7","2,S","","","19920930","+,3,S","19920926",",2,S","","","0.0","3,,S,30,+","39.1","2,S,26,","","","","","0.0","3,,,S","","","30.14","2,,,S","",""
"UZM00038812","1992-10","38.8","65.717","376.0","KARSHI, UZ","","","","","1","4,S","0","4,S","0","4,S","","","","","0","2,S","22","2,S","1","2,S","","","19921009",",4,S","19921011",",2,S","","","0.3","4,,S,09,","32.6","2,S,11,","","","","","0.3","4,,,S","","","23.46","2,,,S","",""
"UZM00038812","1992-12","38.8","65.717","376.0","KARSHI, UZ","","","","","9","2,S","6","2,S","0","2,S","","","","","0","4,S","4","4,S","0","4,S","","","19921223",",2,S","19921216","+,4,S","","","18.0","2,,S,23,","22.0","4,S,16,+","","","","","56.9","2,,,S","","","12.33","4,,,S","",""
"UZM00038812","1993-01","38.8","65.717","376.0","KARSHI, UZ","","","","","","","","","","","","","","","2","1,S","1","1,S","0","1,S","","","","","19930127",",1,S","","","","","21.9","1,S,27,","","","","","","","","","8.54","1,,,S","",""
"UZM00038812","1993-02","38.8","65.717","376.0","KARSHI, UZ","","","","","","","","","","","","","","","1","3,S","1","3,S","0","3,S","","","","","19930203",",3,S","","","","","24.7","3,S,03,","","","","","","","","","10.43","3,,,S","",""
"UZM00038812","1993-03","38.8","65.717","376.0","KARSHI, UZ","","","","","","","","","","","","","","","0","4,S","3","4,S","0","4,S","","","","","19930308",",4,S","","","","","26.5","4,S,08,","","","","","","","","","14.54","4,,,S","",""
"UZM00038812","1993-04","38.8","65.717","376.0","KARSHI, UZ","","","","","","","","","","","","","","","0","1,S","21","1,S","1","1,S","","","","","19930421",",1,S","","","","","35.5","1,S,21,","","","","","","","","","24.62","1,,,S","",""
"UZM00038812","1993-05","38.8","65.717","376.0","KARSHI, UZ","","","","","","","","","","","","","","","0","1,S","25","1,S","3","1,S","","","","","19930520",",1,S","","","","","35.7","1,S,20,","","","","","","","","","27.47","1,,,S","",""
"UZM00038812","1993-06","38.8","65.717","376.0","KARSHI, UZ","","","250.9","5,S","","","","","","","0","5,S","0","5,S","0",",S","30",",S","27",",S","19930607",",5,S","","","19930620",",,S","17.0","5,S,07,","","","41.4",",S,20,","","","0.0",",S","","","28.24","5,S","36.09",",,,S","20.40","5,,,S"
"UZM00038812","1993-07","38.8","65.717","376.0","KARSHI, UZ","","","","","","","","","","","","","","","0","1,S","30","1,S","30","1,S","","","","","19930704",",1,S","","","","","43.0","1,S,04,","","","","","","","","","38.23","1,,,S","",""
"UZM00038812","1993-08","38.8","65.717","376.0","KARSHI, UZ","","","","","","","","","","","","","","","0","1,S","30","1,S","26","1,S","","","","","19930831","+,1,S","","","","","38.5","1,S,31,+","","","","","","","","","34.95","1,,,S","",""
"UZM00038812","1993-09","38.8","65.717","376.0","KARSHI, UZ","","","","","","","","","","","","","","","0",",S","30",",S","17",",S","","","","","19930901",",,S","","","","","39.0",",S,01,","","","","","","","","","31.69",",,,S","",""
"UZM00038812","1993-10","38.8","65.717","376.0","KARSHI, UZ","","","","","","","","","","","","","","","0","1,S","18","1,S","2","1,S","","","","","19931002",",1,S","","","","","36.5","1,S,02,","","","","","","","","","22.12","1,,,S","",""
"UZM00038812","1993-12","38.8","65.717","376.0","KARSHI, UZ","","","","","","","","","","","","","","","1","1,S","0","1,S","0","1,S","","","","","19931223",",1,S","","","","","20.0","1,S,23,","","","","","","","","","7.57","1,,,S","",""
"UZM00038812","1994-01","38.8","65.717","376.0","KARSHI, UZ","","","","","","","","","","","0","5,S","15","5,S","1","4,S","0","4,S","0","4,S","19940125",",5,S","","","19940130",",4,S","-5.6","5,S,25,","","","17.0","4,S,30,","","","","","","","3.59","7,S","8.01","4,,,S","-0.82","5,,,S"
"UZM00038812","1994-02","38.8","65.717","376.0","KARSHI, UZ","","","","","","","","","","","","","","","1","4,S","0","4,S","0","4,S","","","","","19940228",",4,S","","","","","21.0","4,S,28,","","","","","","","","","9.51","4,,,S","",""
"UZM00038812","1994-03","38.8","65.717","376.0","KARSHI, UZ","","","","","","","","","","","","","","","0",",S","12",",S","0",",S","","","","","19940323",",,S","","","","","28.0",",S,23,","","","","","","","","","18.09",",,,S","",""
"UZM00038812","1994-04","38.8","65.717","376.0","KARSHI, UZ","","","","","","","","","","","0","5,S","1","5,S","0","2,S","19","2,S","3","2,S","19940406",",5,S","","","19940426",",2,S","-0.4","5,S,06,","","","36.5","2,S,26,","","","","","","","14.62","6,S","21.92","2,,,S","7.31","5,,,S"
"UZM00038812","1994-05","38.8","65.717","376.0","KARSHI, UZ","","","","","","","","","","","","","","","0","1,S","29","1,S","15","1,S","","","","","19940529",",1,S","","","","","38.5","1,S,29,","","","","","","","","","31.30","1,,,S","",""
"UZM00038812","1994-06","38.8","65.717","376.0","KARSHI, UZ","","","","","","","","","","","0","4,S","0","4,S","0","2,S","28","2,S","28","2,S","19940602",",4,S","","","19940630","+,2,S","17.0","4,S,02,","","","43.0","2,S,30,+","","","","","","","29.11","6,S","37.80","2,,,S","20.42","4,,,S"
"UZM00038812","1994-07","38.8","65.717","376.0","KARSHI, UZ","","","314.2","4,S","","","","","","","0","4,S","0","4,S","0","1,S","30","1,S","30","1,S","19940715",",4,S","","","19940722",",1,S","15.7","4,S,15,","","","42.8","1,S,22,","0.0","S","0.0","1,S","","","30.06","4,S","38.70","1,,,S","21.42","4,,,S"
"UZM00038812","1994-08","38.8","65.717","376.0","KARSHI, UZ","","","307.9","4,S","","","","","","","0","4,S","0","4,S","0","1,S","30","1,S","30","1,S","19940817",",4,S","","","19940803",",1,S","16.1","4,S,17,","","","44.2","1,S,03,","0.0","S","0.0","1,S","","","29.82","4,S","38.61","1,,,S","21.03","4,,,S"
"UZM00038812","1994-09","38.8","65.717","376.0","KARSHI, UZ","","","38.3","5,S","","","","","","","0","3,S","0","3,S","0","2,S","28","2,S","2","2,S","19940907",",3,S","","","19940901",",2,S","7.1","3,S,07,","","","36.7","2,S,01,","13.5","S","13.5","2,S","","","19.44","5,S","28.71","2,,,S","10.17","3,,,S"
"UZM00038812","1994-10","38.8","65.717","376.0","KARSHI, UZ","","","","","","","","","","","0","5,S","0","5,S","0","1,S","22","1,S","2","1,S","19941030","+,5,S","","","19941020",",1,S","3.0","5,S,30,+","","","33.3","1,S,20,","","","","","","","15.87","6,S","23.46","1,,,S","8.28","5,,,S"
"UZM00038812","1994-11","38.8","65.717","376.0","KARSHI, UZ","","","","","","","","","","","","","","","0",",S","14",",S","0",",S","","","","","19941105",",,S","","","","","31.5",",S,05,","","","","","","","","","20.22",",,,S","",""
"UZM00038812","1994-12","38.8","65.717","376.0","KARSHI, UZ","","","","","","","","","","","","","","","4","5,S","1","5,S","0","5,S","","","","","19941220",",5,S","","","","","21.6","5,S,20,","","","","","","","","","9.27","5,,,S","",""
"UZM00038812","1995-02","38.8","65.717","376.0","KARSHI, UZ","","","","","","","","","","","","","","","0","2,S","1","2,S","0","2,S","","","","","19950205",",2,S","","","","","25.5","2,S,05,","","","","","","","","","11.87","2,,,S","",""
"UZM00038812","1995-03","38.8","65.717","376.0","KARSHI, UZ","","","","","","","","","","","","","","","0","2,S","3","2,S","0","2,S","","","","","19950326",",2,S","","","","","29.0","2,S,26,","","","","","","","","","16.17","2,,,S","",""
"UZM00038812","1995-04","38.8","65.717","376.0","KARSHI, UZ","","","","","","","","","","","","","","","0","2,S","25","2,S","0","2,S","","","","","19950430",",2,S","","","","","30.0","2,S,30,","","","","","","","","","25.50","2,,,S","",""
"UZM00038812","1995-05","38.8","65.717","376.0","KARSHI, UZ","","","","","","","","","","","","","","","0","1,S","30","1,S","13","1,S","","","","","19950507",",1,S","","","","","39.0","1,S,07,","","","","","","","","","31.88","1,,,S","",""
"UZM00038812","1995-06","38.8","65.717","376.0","KARSHI, UZ","","","","","","","","","","","","","","","0","1,S","29","1,S","26","1,S","","","","","19950616",",1,S","","","","","40.4","1,S,16,","","","","","","","","","36.34","1,,,S","",""
"UZM00038812","1995-08","38.8","65.717","376.0","KARSHI, UZ","","","","","","","","","","","","","","","0","2,S","29","2,S","29","2,S","","","","","19950803",",2,S","","","","","43.2","2,S,03,","","","","","","","","","38.04","2,,,S","",""
"UZM00038812","1995-09","38.8","65.717","376.0","KARSHI, UZ","","","124.2","4,S","","","","","","","0","2,S","0","2,S","0","3,S","26","3,S","17","3,S","19950929",",2,S","","","19950920",",3,S","8.5","2,S,29,","","","38.4","3,S,20,","","","3.8","3,S","","","22.73","4,S","31.65","3,,,S","13.82","2,,,S"
"UZM00038812","1995-10","38.8","65.717","376.0","KARSHI, UZ","","","","","","","","","","","","","","","0","1,S","20","1,S","0","1,S","","","","","19951005",",1,S","","","","","31.0","1,S,05,","","","","","","","","","23.91","1,,,S","",""
"UZM00038812","1995-11","38.8","65.717","376.0","KARSHI, UZ","","","12.6","3,S","","","","","","","0","3,S","7","3,S","0",",S","16",",S","2",",S","19951130",",3,S","","","19951109","+,,S","-4.6","3,S,30,","","","32.7",",S,09,+","","","152.6",",S","","","13.02","3,S","21.89",",,,S","4.14","3,,,S"
"UZM00038812","1995-12","38.8","65.717","376.0","KARSHI, UZ","","","","","","","","","","","","","","","1","2,S","0","2,S","0","2,S","","","","","19951228",",2,S","","","","","19.0","2,S,28,","","","","","","","","","10.41","2,,,S","",""
"UZM00038812","1996-01","38.8","65.717","376.0","KARSHI, UZ","","","","","","","","","","","","","","","2","1,S","2","1,S","0","1,S","","","","","19960106",",1,S","","","","","24.7","1,S,06,","","","","","","","","","8.86","1,,,S","",""
"UZM00038812","1996-02","38.8","65.717","376.0","KARSHI, UZ","","","","","","","","","","","","","","","2","3,S","2","3,S","0","3,S","","","","","19960221","+,3,S","","","","","22.6","3,S,21,+","","","","","","","","","11.07","3,,,S","",""
"UZM00038812","1996-03","38.8","65.717","376.0","KARSHI, UZ","","","","","","","","","","","","","","","0","1,S","3","1,S","0","1,S","","","","","19960331",",1,S","","","","","23.6","1,S,31,","","","","","","","","","14.11","1,,,S","",""
"UZM00038812","1996-04","38.8","65.717","376.0","KARSHI, UZ","","","","","","","","","","","","","","","0","1,S","18","1,S","2","1,S","","","","","19960427",",1,S","","","","","33.1","1,S,27,","","","","","","","","","23.72","1,,,S","",""
"UZM00038812","1996-05","38.8","65.717","376.0","KARSHI, UZ","","","","","","","","","","","","","","","0",",S","30",",S","13",",S","","","","","19960525",",,S","","","","","36.0",",S,25,","","","","","","","","","30.59",",,,S","",""
"UZM00038812","1996-06","38.8","65.717","376.0","KARSHI, UZ","","","256.8","5,S","","","","","","","0","5,S","0","5,S","0",",S","30",",S","27",",S","19960605",",5,S","","","19960622",",,S","17.6","5,S,05,","","","42.2",",S,22,","","","0.0",",S","","","28.49","5,S","36.60",",,,S","20.38","5,,,S"
"UZM00038812","1996-07","38.8","65.717","376.0","KARSHI, UZ","","","","","","","","","","","","","","","0",",S","31",",S","30",",S","","","","","19960729",",,S","","","","","43.2",",S,29,","","","","","","","","","38.41",",,,S","",""
"UZM00038812","1996-08","38.8","65.717","376.0","KARSHI, UZ","","","254.0","4,S","","","","","","","0","4,S","0","4,S","0",",S","31",",S","26",",S","19960817",",4,S","","","19960811",",,S","9.9","4,S,17,","","","42.6",",S,11,","","","0.0",",S","","","27.46","4,S","36.84",",,,S","18.09","4,,,S"
"UZM00038812","1996-09","38.8","65.717","376.0","KARSHI, UZ","","","","","","","","","","","","","","","0","1,S","29","1,S","16","1,S","","","","","19960909",",1,S","","","","","41.0","1,S,09,","","","","","","","","","32.60","1,,,S","",""
"UZM00038812","1996-10","38.8","65.717","376.0","KARSHI, UZ","","","","","","","","","","","","","","","0","1,S","23","1,S","0","1,S","","","","","19961026",",1,S","","","","","31.8","1,S,26,","","","","","","","","","23.64","1,,,S","",""
"UZM00038812","1996-11","38.8","65.717","376.0","KARSHI, UZ","","","","","","","","","","","","","","","0",",S","6",",S","0",",S","","","","","19961108",",,S","","","","","23.4",",S,08,","","","","","","","","","14.45",",,,S","",""
"UZM00038812","1996-12","38.8","65.717","376.0","KARSHI, UZ","","","","","","","","","","","","","","","0",",S","6",",S","0",",S","","","","","19961229",",,S","","","","","25.4",",S,29,","","","","","","","","","15.37",",,,S","",""
"UZM00038812","1997-01","38.8","65.717","376.0","KARSHI, UZ","","","","","","","","","","","","","","","0","4,S","1","4,S","0","4,S","","","","","19970110",",4,S","","","","","24.0","4,S,10,","","","","","","","","","11.24","4,,,S","",""
"UZM00038812","1997-02","38.8","65.717","376.0","KARSHI, UZ","","","","","","","","","","","","","","","1","2,S","0","2,S","0","2,S","","","","","19970219",",2,S","","","","","19.7","2,S,19,","","","","","","","","","11.03","2,,,S","",""
"UZM00038812","1997-03","38.8","65.717","376.0","KARSHI, UZ","","","","","","","","","","","","","","","0","4,S","7","4,S","0","4,S","","","","","19970325",",4,S","","","","","31.3","4,S,25,","","","","","","","","","16.07","4,,,S","",""
"UZM00038812","1997-04","38.8","65.717","376.0","KARSHI, UZ","","","","","","","","","","","","","","","0",",S","20",",S","2",",S","","","","","19970427",",,S","","","","","32.8",",S,27,","","","","","","","","","24.13",",,,S","",""
"UZM00038812","1997-05","38.8","65.717","376.0","KARSHI, UZ","","","","","","","","","","","","","","","0","1,S","27","1,S","13","1,S","","","","","19970529",",1,S","","","","","37.8","1,S,29,","","","","","","","","","29.04","1,,,S","",""
"UZM00038812","1997-06","38.8","65.717","376.0","KARSHI, UZ","","","","","","","","","","","","","","","0","2,S","28","2,S","28","2,S","","","","","19970625",",2,S","","","","","42.0","2,S,25,","","","","","","","","","36.96","2,,,S","",""
"UZM00038812","1997-07","38.8","65.717","376.0","KARSHI, UZ","","","352.8","5,S","","","","","","","0","5,S","0","5,S","0",",S","31",",S","31",",S","19970723",",5,S","","","19970718",",,S","20.2","5,S,23,","","","46.8",",S,18,","0.0","S","0.0",",S","","","31.82","5,S","39.80",",,,S","23.85","5,,,S"
"UZM00038812","1997-08","38.8","65.717","376.0","KARSHI, UZ","","","266.8","5,S","","","","","","","0","5,S","0","5,S","0",",S","31",",S","28",",S","19970830",",5,S","","","19970808",",,S","15.7","5,S,30,","","","42.0",",S,08,","0.0","S","0.0",",S","","","28.51","5,S","36.97",",,,S","20.04","5,,,S"
"UZM00038812","1997-09","38.8","65.717","376.0","KARSHI, UZ","","","","","","","","","","","","","","","0",",S","30",",S","14",",S","","","","","19970903",",,S","","","","","41.0",",S,03,","","","","","","","","","31.96",",,,S","",""
"UZM00038812","1997-10","38.8","65.717","376.0","KARSHI, UZ","","","47.9","3,S","","","","","","","0","3,S","0","3,S","0","1,S","28","1,S","5","1,S","19971022",",3,S","","","19971003",",1,S","7.7","3,S,22,","","","35.9","1,S,03,","","","13.6","1,S","","","19.44","3,S","27.85","1,,,S","11.04","3,,,S"
"UZM00038812","1997-11","38.8","65.717","376.0","KARSHI, UZ","","","","","","","","","","","","","","","0",",S","2",",S","0",",S","","","","","19971105",",,S","","","","","30.5",",S,05,","","","","","","","","","15.27",",,,S","",""
"UZM00038812","1998-01","38.8","65.717","376.0","KARSHI, UZ","","","","","","","","","","","","","","","0","3,S","0","3,S","0","3,S","","","","","19980101",",3,S","","","","","18.8","3,S,01,","","","","","","","","","8.73","3,,,S","",""
"UZM00038812","1998-02","38.8","65.717","376.0","KARSHI, UZ","","","","","","","","","","","","","","","1","4,S","1","4,S","0","4,S","","","","","19980207",",4,S","","","","","22.1","4,S,07,","","","","","","","","","9.00","4,,,S","",""
"UZM00038812","1998-03","38.8","65.717","376.0","KARSHI, UZ","","","","","","","","","","","","","","","0","2,S","6","2,S","0","2,S","","","","","19980330",",2,S","","","","","27.8","2,S,30,","","","","","","","","","15.69","2,,,S","",""
"UZM00038812","1998-04","38.8","65.717","376.0","KARSHI, UZ","","","","","","","","","","","","","","","0","1,S","20","1,S","5","1,S","","","","","19980419",",1,S","","","","","37.4","1,S,19,","","","","","","","","","25.48","1,,,S","",""
"UZM00038812","1998-05","38.8","65.717","376.0","KARSHI, UZ","","","","","","","","","","","","","","","0","1,S","26","1,S","9","1,S","","","","","19980522",",1,S","","","","","38.5","1,S,22,","","","","","","","","","28.97","1,,,S","",""
"UZM00038812","1998-06","38.8","65.717","376.0","KARSHI, UZ","","","","","","","","","","","","","","","0","3,S","27","3,S","23","3,S","","","","","19980629",",3,S","","","","","42.2","3,S,29,","","","","","","","","","35.64","3,,,S","",""
"UZM00038812","1998-07","38.8","65.717","376.0","KARSHI, UZ","","","","","","","","","","","","","","","0",",S","31",",S","30",",S","","","","","19980707",",,S","","","","","46.1",",S,07,","","","","","","","","","38.32",",,,S","",""
"UZM00038812","1998-08","38.8","65.717","376.0","KARSHI, UZ","","","","","","","","","","","","","","","0","3,S","28","3,S","28","3,S","","","","","19980802",",3,S","","","","","40.5","3,S,02,","","","","","","","","","36.81","3,,,S","",""
"UZM00038812","1998-12","38.8","65.717","376.0","KARSHI, UZ","","","","","","","","","","","","","","","0","2,S","2","2,S","0","2,S","","","","","19981211",",2,S","","","","","23.6","2,S,11,","","","","","","","","","11.92","2,,,S","",""
"UZM00038812","1999-01","38.8","65.717","376.0","KARSHI, UZ","","","","","","","","","","","","","","","3","2,S","0","2,S","0","2,S","","","","","19990116",",2,S","","","","","16.7","2,S,16,","","","","","","","","","8.22","2,,,S","",""
"UZM00038812","1999-02","38.8","65.717","376.0","KARSHI, UZ","","","","","","","","","","","","","","","0",",S","7",",S","0",",S","","","","","19990228",",,S","","","","","25.6",",S,28,","","","","","","","","","16.91",",,,S","",""
"UZM00038812","1999-03","38.8","65.717","376.0","KARSHI, UZ","","","","","","","","","","","","","","","0","1,S","5","1,S","0","1,S","","","","","19990330",",1,S","","","","","27.5","1,S,30,","","","","","","","","","15.69","1,,,S","",""
"UZM00038812","1999-04","38.8","65.717","376.0","KARSHI, UZ","","","","","","","","","","","","","","","0",",S","18",",S","0",",S","","","","","19990403",",,S","","","","","29.5",",S,03,","","","","","","","","","22.18",",,,S","",""
"UZM00038812","1999-05","38.8","65.717","376.0","KARSHI, UZ","","","","","","","","","","","","","","","0","2,S","29","2,S","12","2,S","","","","","19990520",",2,S","","","","","38.9","2,S,20,","","","","","","","","","31.09","2,,,S","",""
"UZM00038812","1999-06","38.8","65.717","376.0","KARSHI, UZ","","","246.6","4,S","","","","","","","0","2,S","0","2,S","0","2,S","28","2,S","24","2,S","19990602",",2,S","","","19990627",",2,S","15.3","2,S,02,","","","42.2","2,S,27,","","","0.0","2,S","","","27.74","4,S","35.81","2,,,S","19.67","2,,,S"
"UZM00038812","1999-07","38.8","65.717","376.0","KARSHI, UZ","","","279.4","5,S","","","","","","","0","5,S","0","5,S","0",",S","31",",S","29",",S","19990715",",5,S","","","19990705",",,S","16.6","5,S,15,","","","40.0",",S,05,","0.0","S","0.0",",S","","","28.89","5,S","36.10",",,,S","21.69","5,,,S"
"UZM00038812","1999-08","38.8","65.717","376.0","KARSHI, UZ","","","","","","","","","","","","","","","0","1,S","30","1,S","30","1,S","","","","","19990805",",1,S","","","","","41.7","1,S,05,","","","","","","","","","38.44","1,,,S","",""
"UZM00038812","1999-09","38.8","65.717","376.0","KARSHI, UZ","","","","","","","","","","","","","","","0","1,S","27","1,S","15","1,S","","","","","19990917",",1,S","","","","","37.4","1,S,17,","","","","","","","","","31.34","1,,,S","",""
"UZM00038812","1999-10","38.8","65.717","376.0","KARSHI, UZ","","","17.9","4,S","","","","","","","0","4,S","0","4,S","0","1,S","27","1,S","1","1,S","19991027",",4,S","","","19991013",",1,S","3.8","4,S,27,","","","32.6","1,S,13,","","","19.9","1,S","","","18.08","4,S","26.42","1,,,S","9.75","4,,,S"
"UZM00038812","1999-12","38.8","65.717","376.0","KARSHI, UZ","","","","","","","","","","","","","","","0","2,S","1","2,S","0","2,S","","","","","19991229",",2,S","","","","","21.1","2,S,29,","","","","","","","","","12.16","2,,,S","",""
"UZM00038812","2000-01","38.8","65.717","376.0","KARSHI, UZ","","","","","","","","","","","","","","","2","2,S","2","2,S","0","2,S","","","","","20000107",",2,S","","","","","23.5","2,S,07,","","","","","","","","","11.70","2,,,S","",""
"UZM00038812","2000-02","38.8","65.717","376.0","KARSHI, UZ","","","","","","","","","","","","","","","0",",S","2",",S","0",",S","","","","","20000226",",,S","","","","","23.0",",S,26,","","","","","","","","","12.28",",,,S","",""
"UZM00038812","2000-03","38.8","65.717","376.0","KARSHI, UZ","","","","","","","","","","","","","","","0","2,S","9","2,S","1","2,S","","","","","20000325",",2,S","","","","","36.4","2,S,25,","","","","","","","","","18.02","2,,,S","",""
"UZM00038812","2000-04","38.8","65.717","376.0","KARSHI, UZ","","","","","","","","","","","","","","","0",",S","27",",S","11",",S","","","","","20000411",",,S","","","","","38.8",",S,11,","","","","","","","","","29.38",",,,S","",""
"UZM00038812","2000-05","38.8","65.717","376.0","KARSHI, UZ","","","","","","","","","","","","","","","0",",S","31",",S","21",",S","","","","","20000509",",,S","","","","","38.5",",S,09,","","","","","","","","","33.26",",,,S","",""
"UZM00038812","2000-06","38.8","65.717","376.0","KARSHI, UZ","","","278.4","2,S","","","","","","","0","2,S","0","2,S","0",",S","30",",S","24",",S","20000614",",2,S","","","20000624",",,S","13.8","2,S,14,","","","44.1",",S,24,","","","0.0",",S","","","28.09","2,S","35.85",",,,S","20.33","2,,,S"
"UZM00038812","2000-07","38.8","65.717","376.0","KARSHI, UZ","","","325.1","4,S","","","","","","","0","4,S","0","4,S","0",",S","31",",S","31",",S","20000718",",4,S","","","20000730",",,S","18.8","4,S,18,","","","42.0",",S,30,","0.0","S","0.0",",S","","","30.30","4,S","38.42",",,,S","22.18","4,,,S"
"UZM00038812","2000-08","38.8","65.717","376.0","KARSHI, UZ","","","","","","","","","","","","","","","0",",S","31",",S","30",",S","","","","","20000828",",,S","","","","","41.4",",S,28,","","","","","","","","","38.32",",,,S","",""
"UZM00038812","2000-09","38.8","65.717","376.0","KARSHI, UZ","","","","","","","","","","","","","","","0","1,S","29","1,S","22","1,S","","","","","20000917",",1,S","","","","","38.1","1,S,17,","","","","","","","","","32.75","1,,,S","",""
"UZM00038812","2000-10","38.8","65.717","376.0","KARSHI, UZ","","","","","","","","","","","","","","","0","4,S","13","4,S","0","4,S","","","","","20001012",",4,S","","","","","31.0","4,S,12,","","","","","","","","","22.35","4,,,S","",""
"UZM00038812","2000-11","38.8","65.717","376.0","KARSHI, UZ","","","","","","","","","","","","","","","0","4,S","1","4,S","0","4,S","","","","","20001104",",4,S","","","","","21.3","4,S,04,","","","","","","","","","13.64","4,,,S","",""
"UZM00038812","2000-12","38.8","65.717","376.0","KARSHI, UZ","","","","","","","","","","","","","","","0","2,S","0","2,S","0","2,S","","","","","20001222",",2,S","","","","","21.0","2,S,22,","","","","","","","","","11.13","2,,,S","",""
"UZM00038812","2001-01","38.8","65.717","376.0","KARSHI, UZ","","","","","","","","","","","","","","","3","3,S","0","3,S","0","3,S","","","","","20010114",",3,S","","","","","16.0","3,S,14,","","","","","","","","","6.75","3,,,S","",""
"UZM00038812","2001-02","38.8","65.717","376.0","KARSHI, UZ","","","","","","","","","","","","","","","0",",S","3",",S","0",",S","","","","","20010215",",,S","","","","","25.0",",S,15,","","","","","","","","","13.30",",,,S","",""
"UZM00038812","2001-03","38.8","65.717","376.0","KARSHI, UZ","","","","","","","","","","","","","","","0","1,S","17","1,S","0","1,S","","","","","20010325",",1,S","","","","","30.7","1,S,25,","","","","","","","","","20.30","1,,,S","",""
"UZM00038812","2001-04","38.8","65.717","376.0","KARSHI, UZ","","","","","","","","","","","","","","","0",",S","28",",S","3",",S","","","","","20010413",",,S","","","","","37.0",",S,13,","","","","","","","","","28.41",",,,S","",""
"UZM00038812","2001-05","38.8","65.717","376.0","KARSHI, UZ","","","","","","","","","","","","","","","0",",S","31",",S","27",",S","","","","","20010510",",,S","","","","","42.8",",S,10,","","","","","","","","","35.78",",,,S","",""
"UZM00038812","2001-06","38.8","65.717","376.0","KARSHI, UZ","","","","","","","","","","","","","","","0",",S","30",",S","29",",S","","","","","20010629",",,S","","","","","44.2",",S,29,","","","","","","","","","38.56",",,,S","",""
"UZM00038812","2001-07","38.8","65.717","376.0","KARSHI, UZ","","","","","","","","","","","","","","","0","1,S","30","1,S","30","1,S","","","","","20010711",",1,S","","","","","42.2","1,S,11,","","","","","","","","","36.75","1,,,S","",""
"UZM00038812","2001-08","38.8","65.717","376.0","KARSHI, UZ","","","243.1","5,S","","","","","","","0","5,S","0","5,S","0",",S","31",",S","29",",S","20010829",",5,S","","","20010805",",,S","14.1","5,S,29,","","","40.1",",S,05,","","","0.0",",S","","","27.39","5,S","35.64",",,,S","19.15","5,,,S"
"UZM00038812","2001-09","38.8","65.717","376.0","KARSHI, UZ","","","","","","","","","","","","","","","0",",S","30",",S","13",",S","","","","","20010901",",,S","","","","","40.0",",S,01,","","","","","","","","","30.71",",,,S","",""
"UZM00038812","2001-10","38.8","65.717","376.0","KARSHI, UZ","","","","","","","","","","","","","","","0",",S","20",",S","4",",S","","","","","20011001",",,S","","","","","34.3",",S,01,","","","","","","","","","23.26",",,,S","",""
"UZM00038812","2001-11","38.8","65.717","376.0","KARSHI, UZ","","","","","","","","","","","","","","","0","2,S","8","2,S","0","2,S","","","","","20011118",",2,S","","","","","31.0","2,S,18,","","","","","","","","","17.89","2,,,S","",""
"UZM00038812","2001-12","38.8","65.717","376.0","KARSHI, UZ","","","","","","","","","","","","","","","1",",S","4",",S","0",",S","","","","","20011230",",,S","","","","","25.6",",S,30,","","","","","","","","","12.39",",,,S","",""
"UZM00038812","2002-01","38.8","65.717","376.0","KARSHI, UZ","","","","","","","","","","","","","","","2",",S","5",",S","0",",S","","","","","20020108",",,S","","","","","25.9",",S,08,","","","","","","","","","11.05",",,,S","",""
"UZM00038812","2002-02","38.8","65.717","376.0","KARSHI, UZ","","","","","","","","","","","","","","","1","1,S","5","1,S","0","1,S","","","","","20020227",",1,S","","","","","24.7","1,S,27,","","","","","","","","","12.93","1,,,S","",""
"UZM00038812","2002-03","38.8","65.717","376.0","KARSHI, UZ","","","","","","","","","","","","","","","0","2,S","14","2,S","0","2,S","","","","","20020328",",2,S","","","","","31.6","2,S,28,","","","","","","","","","20.14","2,,,S","",""
"UZM00038812","2002-04","38.8","65.717","376.0","KARSHI, UZ","","","","","","","","","","","","","","","0","1,S","17","1,S","0","1,S","","","","","20020410",",1,S","","","","","31.1","1,S,10,","","","","","","","","","22.26","1,,,S","",""
"UZM00038812","2002-05","38.8","65.717","376.0","KARSHI, UZ","","","","","","","","","","","","","","","0",",S","31",",S","8",",S","","","","","20020525",",,S","","","","","37.6",",S,25,","","","","","","","","","28.77",",,,S","",""
"UZM00038812","2002-06","38.8","65.717","376.0","KARSHI, UZ","","","","","","","","","","","","","","","0","1,S","29","1,S","23","1,S","","","","","20020621",",1,S","","","","","40.8","1,S,21,","","","","","","","","","35.58","1,,,S","",""
"UZM00038812","2002-07","38.8","65.717","376.0","KARSHI, UZ","","","307.2","4,S","","","","","","","0","4,S","0","4,S","0",",S","31",",S","30",",S","20020707",",4,S","","","20020719",",,S","14.3","4,S,07,","","","43.1",",S,19,","0.0","S","0.0",",S","","","29.46","4,S","37.15",",,,S","21.76","4,,,S"
"UZM00038812","2002-08","38.8","65.717","376.0","KARSHI, UZ","","","","","","","","","","","","","","","0",",S","31",",S","28",",S","","","","","20020810",",,S","","","","","43.7",",S,10,","","","","","","","","","37.53",",,,S","",""
"UZM00038812","2002-09","38.8","65.717","376.0","KARSHI, UZ","","","145.2","3,S","","","","","","","0","1,S","0","1,S","0","2,S","28","2,S","13","2,S","20020924",",1,S","","","20020914",",2,S","12.7","1,S,24,","","","37.7","2,S,14,","","","0.0","2,S","","","23.75","3,S","32.69","2,,,S","14.81","1,,,S"
"UZM00038812","2002-10","38.8","65.717","376.0","KARSHI, UZ","","","","","","","","","","","","","","","0","1,S","28","1,S","6","1,S","","","","","20021004",",1,S","","","","","35.2","1,S,04,","","","","","","","","","28.13","1,,,S","",""
"UZM00038812","2002-11","38.8","65.717","376.0","KARSHI, UZ","","","","","","","","","","","0","5,S","2","5,S","0","3,S","10","3,S","0","3,S","20021118",",5,S","","","20021112",",3,S","-0.4","5,S,18,","","","28.0","3,S,12,","","","","","","","12.14","6,S","18.66","3,,,S","5.62","5,,,S"
"UZM00038812","2002-12","38.8","65.717","376.0","KARSHI, UZ","","","","","","","","","","","","","","","6","5,S","1","5,S","0","5,S","","","","","20021209",",5,S","","","","","22.6","5,S,09,","","","","","","","","","3.93","5,,,S","",""
"UZM00038812","2003-01","38.8","65.717","376.0","KARSHI, UZ","","","","","","","","","","","","","","","0","1,S","0","1,S","0","1,S","","","","","20030113",",1,S","","","","","20.4","1,S,13,","","","","","","","","","9.93","1,,,S","",""
"UZM00038812","2003-02","38.8","65.717","376.0","KARSHI, UZ","","","","","","","","","","","","","","","0","1,S","3","1,S","0","1,S","","","","","20030204",",1,S","","","","","23.5","1,S,04,","","","","","","","","","12.51","1,,,S","",""
"UZM00038812","2003-03","38.8","65.717","376.0","KARSHI, UZ","","","","","","","","","","","","","","","0","1,S","4","1,S","0","1,S","","","","","20030326",",1,S","","","","","29.4","1,S,26,","","","","","","","","","15.42","1,,,S","",""
"UZM00038812","2003-04","38.8","65.717","376.0","KARSHI, UZ","","","","","","","","","","","","","","","0",",S","17",",S","0",",S","","","","","20030428",",,S","","","","","31.9",",S,28,","","","","","","","","","21.59",",,,S","",""
"UZM00038812","2003-05","38.8","65.717","376.0","KARSHI, UZ","","","","","","","","","","","","","","","0",",S","26",",S","8",",S","","","","","20030521",",,S","","","","","35.0",",S,21,","","","","","","","","","27.21",",,,S","",""
"UZM00038812","2003-06","38.8","65.717","376.0","KARSHI, UZ","","","215.7","4,S","","","","","","","0","4,S","0","4,S","0",",S","30",",S","26",",S","20030607",",4,S","","","20030625",",,S","10.5","4,S,07,","","","40.6",",S,25,","","","1.3",",S","","","26.71","4,S","34.83",",,,S","18.58","4,,,S"
"UZM00038812","2003-07","38.8","65.717","376.0","KARSHI, UZ","","","321.1","4,S","","","","","","","0","3,S","0","3,S","0","1,S","30","1,S","30","1,S","20030725",",3,S","","","20030720",",1,S","14.5","3,S,25,","","","46.0","1,S,20,","0.0","S","0.0","1,S","","","30.17","4,S","38.52","1,,,S","21.81","3,,,S"
"UZM00038812","2003-08","38.8","65.717","376.0","KARSHI, UZ","","","276.7","3,S","","","","","","","0","2,S","0","2,S","0","1,S","30","1,S","30","1,S","20030806",",2,S","","","20030817",",1,S","16.5","2,S,06,","","","42.5","1,S,17,","0.0","S","0.0","1,S","","","28.18","3,S","36.27","1,,,S","20.10","2,,,S"
"UZM00038812","2003-09","38.8","65.717","376.0","KARSHI, UZ","","","142.0","4,S","","","","","","","0","4,S","0","4,S","0",",S","30",",S","13",",S","20030928",",4,S","","","20030908",",,S","7.5","4,S,28,","","","37.4",",S,08,","11.1","S","11.1",",S","","","23.25","4,S","30.83",",,,S","15.67","4,,,S"
"UZM00038812","2003-10","38.8","65.717","376.0","KARSHI, UZ","","","","","","","","","","","","","","","0","3,S","26","3,S","4","3,S","","","","","20031030",",3,S","","","","","34.4","3,S,30,","","","","","","","","","27.09","3,,,S","",""
"UZM00038812","2003-11","38.8","65.717","376.0","KARSHI, UZ","","","","","","","","","","","","","","","0","2,S","6","2,S","0","2,S","","","","","20031111",",2,S","","","","","26.6","2,S,11,","","","","","","","","","15.45","2,,,S","",""
"UZM00038812","2003-12","38.8","65.717","376.0","KARSHI, UZ","","","","","","","","","","","","","","","2","2,S","2","2,S","0","2,S","","","","","20031219",",2,S","","","","","24.1","2,S,19,","","","","","","","","","10.72","2,,,S","",""
"UZM00038812","2004-02","38.8","65.717","376.0","KARSHI, UZ","","","","","","","","","","","","","","","0",",S","4",",S","0",",S","","","","","20040215",",,S","","","","","27.5",",S,15,","","","","","","","","","15.52",",,,S","",""
"UZM00038812","2004-03","38.8","65.717","376.0","KARSHI, UZ","","","","","","","","","","","0","5,S","2","5,S","0","1,S","11","1,S","1","1,S","20040317",",5,S","","","20040307",",1,S","-0.5","5,S,17,","","","32.9","1,S,07,","","","","","","","12.21","6,S","18.41","1,,,S","6.02","5,,,S"
"UZM00038812","2004-04","38.8","65.717","376.0","KARSHI, UZ","","","","","","","","","","","","","","","0","3,S","20","3,S","1","3,S","","","","","20040424",",3,S","","","","","36.1","3,S,24,","","","","","","","","","23.33","3,,,S","",""
"UZM00038812","2004-05","38.8","65.717","376.0","KARSHI, UZ","","","158.9","5,S","","","","","","","0","5,S","0","5,S","0",",S","31",",S","18",",S","20040501",",5,S","","","20040514",",,S","10.2","5,S,01,","","","39.8",",S,14,","","","0.5",",S","","","24.52","5,S","32.75",",,,S","16.29","5,,,S"
"UZM00038812","2004-06","38.8","65.717","376.0","KARSHI, UZ","","","","","","","","","","","","","","","0",",S","30",",S","28",",S","","","","","20040619",",,S","","","","","41.6",",S,19,","","","","","","","","","37.94",",,,S","",""
"UZM00038812","2004-07","38.8","65.717","376.0","KARSHI, UZ","","","307.1","2,S","","","","","","","0","2,S","0","2,S","0",",S","31",",S","27",",S","20040706",",2,S","","","20040701",",,S","16.8","2,S,06,","","","41.7",",S,01,","0.0","S","0.0",",S","","","28.91","2,S","36.71",",,,S","21.11","2,,,S"
"UZM00038812","2004-08","38.8","65.717","376.0","KARSHI, UZ","","","275.2","4,S","","","","","","","0","4,S","0","4,S","0",",S","31",",S","28",",S","20040809",",4,S","","","20040814",",,S","17.5","4,S,09,","","","40.1",",S,14,","0.0","S","0.0",",S","","","28.52","4,S","36.10",",,,S","20.93","4,,,S"
"UZM00038812","2004-09","38.8","65.717","376.0","KARSHI, UZ","","","137.8","1,S","","","","","","","0","1,S","0","1,S","0",",S","30",",S","12",",S","20040925",",1,S","","","20040906",",,S","9.1","1,S,25,","","","37.0",",S,06,","0.0","S","0.0",",S","","","22.99","1,S","31.68",",,,S","14.30","1,,,S"
"UZM00038812","2004-10","38.8","65.717","376.0","KARSHI, UZ","","","","","","","","","","","","","","","0","1,S","19","1,S","1","1,S","","","","","20041022",",1,S","","","","","32.7","1,S,22,","","","","","","","","","23.45","1,,,S","",""
"UZM00038812","2004-11","38.8","65.717","376.0","KARSHI, UZ","","","","","","","","","","","","","","","0","2,S","12","2,S","0","2,S","","","","","20041123",",2,S","","","","","27.1","2,S,23,","","","","","","","","","19.68","2,,,S","",""
"UZM00038812","2004-12","38.8","65.717","376.0","KARSHI, UZ","","","","","","","","","","","","","","","1","4,S","0","4,S","0","4,S","","","","","20041212",",4,S","","","","","18.5","4,S,12,","","","","","","","","","9.69","4,,,S","",""
"UZM00038812","2005-01","38.8","65.717","376.0","KARSHI, UZ","","","","","","","","","","","","","","","1","2,S","0","2,S","0","2,S","","","","","20050106",",2,S","","","","","18.9","2,S,06,","","","","","","","","","8.29","2,,,S","",""
"UZM00038812","2005-02","38.8","65.717","376.0","KARSHI, UZ","","","","","","","","","","","","","","","2","1,S","0","1,S","0","1,S","","","","","20050227",",1,S","","","","","18.5","1,S,27,","","","","","","","","","7.80","1,,,S","",""
"UZM00038812","2005-03","38.8","65.717","376.0","KARSHI, UZ","","","","","","","","","","","","","","","0","1,S","16","1,S","0","1,S","","","","","20050331",",1,S","","","","","27.1","1,S,31,","","","","","","","","","20.31","1,,,S","",""
"UZM00038812","2005-04","38.8","65.717","376.0","KARSHI, UZ","","","","","","","","","","","","","","","0","2,S","20","2,S","4","2,S","","","","","20050422",",2,S","","","","","34.0","2,S,22,","","","","","","","","","24.46","2,,,S","",""
"UZM00038812","2005-05","38.8","65.717","376.0","KARSHI, UZ","","","","","","","","","","","0","5,S","0","5,S","0","1,S","30","1,S","7","1,S","20050520",",5,S","","","20050506",",1,S","14.2","5,S,20,","","","36.5","1,S,06,","","","","","","","23.05","6,S","29.85","1,,,S","16.25","5,,,S"
"UZM00038812","2005-06","38.8","65.717","376.0","KARSHI, UZ","","","282.6","3,S","","","","","","","0","3,S","0","3,S","0",",S","30",",S","27",",S","20050619",",3,S","","","20050622",",,S","13.1","3,S,19,","","","45.6",",S,22,","","","0.0",",S","","","28.60","3,S","36.42",",,,S","20.79","3,,,S"
"UZM00038812","2005-07","38.8","65.717","376.0","KARSHI, UZ","","","334.9","4,S","","","","","","","0","4,S","0","4,S","0",",S","31",",S","31",",S","20050717",",4,S","","","20050708",",,S","19.9","4,S,17,","","","43.9",",S,08,","0.0","S","0.0",",S","","","30.73","4,S","38.67",",,,S","22.79","4,,,S"
"UZM00038812","2005-08","38.8","65.717","376.0","KARSHI, UZ","","","","","","","","","","","","","","","0","1,S","30","1,S","22","1,S","","","","","20050809",",1,S","","","","","39.8","1,S,09,","","","","","","","","","34.39","1,,,S","",""
"UZM00038812","2005-09","38.8","65.717","376.0","KARSHI, UZ","","","156.6","3,S","","","","","","","0","3,S","0","3,S","0",",S","30",",S","15",",S","20050927",",3,S","","","20050906",",,S","12.1","3,S,27,","","","38.0",",S,06,","","","0.0",",S","","","24.16","3,S","32.59",",,,S","15.73","3,,,S"
"UZM00038812","2005-10","38.8","65.717","376.0","KARSHI, UZ","","","","","","","","","","","","","","","0","2,S","22","2,S","1","2,S","","","","","20051001",",2,S","","","","","32.7","2,S,01,","","","","","","","","","24.91","2,,,S","",""
"UZM00038812","2005-11","38.8","65.717","376.0","KARSHI, UZ","","","","","","","","","","","","","","","0","3,S","7","3,S","0","3,S","","","","","20051106",",3,S","","","","","23.2","3,S,06,","","","","","","","","","16.33","3,,,S","",""
"UZM00038812","2005-12","38.8","65.717","376.0","KARSHI, UZ","","","","","","","","","","","","","","","1","2,S","2","2,S","0","2,S","","","","","20051217",",2,S","","","","","24.5","2,S,17,","","","","","","","","","12.53","2,,,S","",""
"UZM00038812","2006-01","38.8","65.717","376.0","KARSHI, UZ","","","","","","","","","","","","","","","6","1,S","0","1,S","0","1,S","","","","","20060108",",1,S","","","","","11.8","1,S,08,","","","","","","","","","3.33","1,,,S","",""
"UZM00038812","2006-02","38.8","65.717","376.0","KARSHI, UZ","","","","","","","","","","","","","","","0","1,S","6","1,S","0","1,S","","","","","20060209",",1,S","","","","","27.6","1,S,09,","","","","","","","","","16.35","1,,,S","",""
"UZM00038812","2006-03","38.8","65.717","376.0","KARSHI, UZ","","","","","","","","","","","","","","","0","2,S","9","2,S","0","2,S","","","","","20060310",",2,S","","","","","28.5","2,S,10,","","","","","","","","","18.19","2,,,S","",""
"UZM00038812","2006-04","38.8","65.717","376.0","KARSHI, UZ","","","49.2","5,S","","","","","","","0","5,S","0","5,S","0",",S","22",",S","4",",S","20060410",",5,S","","","20060426",",,S","1.5","5,S,10,","","","36.9",",S,26,","","","55.7",",S","","","17.74","5,S","25.26",",,,S","10.21","5,,,S"
"UZM00038812","2006-05","38.8","65.717","376.0","KARSHI, UZ","","","","","","","","","","","","","","","0","1,S","30","1,S","22","1,S","","","","","20060515",",1,S","","","","","39.4","1,S,15,","","","","","","","","","33.75","1,,,S","",""
"UZM00038812","2006-06","38.8","65.717","376.0","KARSHI, UZ","","","271.2","4,S","","","","","","","0","4,S","0","4,S","0",",S","30",",S","27",",S","20060609",",4,S","","","20060621",",,S","18.0","4,S,09,","","","40.8",",S,21,","","","0.0",",S","","","28.85","4,S","36.18",",,,S","21.52","4,,,S"
"UZM00038812","2006-07","38.8","65.717","376.0","KARSHI, UZ","","","312.6","5,S","","","","","","","0","4,S","0","4,S","0","1,S","30","1,S","27","1,S","20060712",",4,S","","","20060722",",1,S","15.4","4,S,12,","","","42.6","1,S,22,","0.0","S","0.0","1,S","","","30.42","5,S","37.88","1,,,S","22.96","4,,,S"
"UZM00038812","2006-08","38.8","65.717","376.0","KARSHI, UZ","","","289.6","5,S","","","","","","","0","5,S","0","5,S","0",",S","31",",S","31",",S","20060829","+,5,S","","","20060810",",,S","18.1","5,S,29,+","","","40.8",",S,10,","0.0","S","0.0",",S","","","29.47","5,S","37.70",",,,S","21.24","5,,,S"
"UZM00038812","2006-09","38.8","65.717","376.0","KARSHI, UZ","","","","","","","","","","","","","","","0","1,S","28","1,S","9","1,S","","","","","20060901",",1,S","","","","","36.5","1,S,01,","","","","","","","","","30.29","1,,,S","",""
"UZM00038812","2006-10","38.8","65.717","376.0","KARSHI, UZ","","","67.2","4,S","","","","","","","0","4,S","0","4,S","0","1,S","29","1,S","2","1,S","20061021",",4,S","","","20061031",",1,S","3.5","4,S,21,","","","34.5","1,S,31,","","","10.2","1,S","","","20.06","4,S","28.07","1,,,S","12.04","4,,,S"
"UZM00038812","2006-11","38.8","65.717","376.0","KARSHI, UZ","","","","","","","","","","","","","","","0",",S","11",",S","3",",S","","","","","20061104",",,S","","","","","33.3",",S,04,","","","","","","","","","17.35",",,,S","",""
"UZM00038812","2006-12","38.8","65.717","376.0","KARSHI, UZ","","","","","","","","","","","","","","","0","1,S","0","1,S","0","1,S","","","","","20061221",",1,S","","","","","18.4","1,S,21,","","","","","","","","","7.63","1,,,S","",""
"UZM00038812","2007-01","38.8","65.717","376.0","KARSHI, UZ","","","","","","","","","","","","","","","0","1,S","4","1,S","0","1,S","","","","","20070131",",1,S","","","","","25.6","1,S,31,","","","","","","","","","10.81","1,,,S","",""
"UZM00038812","2007-02","38.8","65.717","376.0","KARSHI, UZ","","","","","","","","","","","","","","","1","2,S","1","2,S","0","2,S","","","","","20070210",",2,S","","","","","25.0","2,S,10,","","","","","","","","","14.02","2,,,S","",""
"UZM00038812","2007-03","38.8","65.717","376.0","KARSHI, UZ","","","","","","","","","","","","","","","0",",S","9",",S","0",",S","","","","","20070325",",,S","","","","","27.5",",S,25,","","","","","","","","","16.68",",,,S","",""
"UZM00038812","2007-04","38.8","65.717","376.0","KARSHI, UZ","","","85.2","5,S","","","","","","","0","4,S","0","4,S","0","2,S","25","2,S","4","2,S","20070401",",4,S","","","20070420",",2,S","4.0","4,S,01,","","","38.4","2,S,20,","","","23.3","2,S","","","20.61","5,S","27.41","2,,,S","13.80","4,,,S"
"UZM00038812","2007-05","38.8","65.717","376.0","KARSHI, UZ","","","","","","","","","","","","","","","0",",S","31",",S","21",",S","","","","","20070501",",,S","","","","","40.5",",S,01,","","","","","","","","","32.50",",,,S","",""
"UZM00038812","2007-06","38.8","65.717","376.0","KARSHI, UZ","","","312.0","3,S","","","","","","","0","3,S","0","3,S","0",",S","30",",S","29",",S","20070606",",3,S","","","20070623",",,S","13.7","3,S,06,","","","43.3",",S,23,","","","0.0",",S","","","29.73","3,S","37.39",",,,S","22.07","3,,,S"
"UZM00038812","2007-07","38.8","65.717","376.0","KARSHI, UZ","","","324.2","3,S","","","","","","","0","3,S","0","3,S","0",",S","31",",S","31",",S","20070728",",3,S","","","20070710",",,S","15.6","3,S,28,","","","41.6",",S,10,","0.0","S","0.0",",S","","","30.01","3,S","37.85",",,,S","22.18","3,,,S"
"UZM00038812","2007-08","38.8","65.717","376.0","KARSHI, UZ","","","","","","","","","","","","","","","0","1,S","30","1,S","30","1,S","","","","","20070810",",1,S","","","","","39.6","1,S,10,","","","","","","","","","36.29","1,,,S","",""
"UZM00038812","2007-09","38.8","65.717","376.0","KARSHI, UZ","","","157.0","2,S","","","","","","","0","2,S","0","2,S","0",",S","30",",S","19",",S","20070927",",2,S","","","20070902",",,S","6.4","2,S,27,","","","38.5",",S,02,","","","10.7",",S","","","23.35","2,S","32.27",",,,S","14.43","2,,,S"
"UZM00038812","2007-10","38.8","65.717","376.0","KARSHI, UZ","","","","","","","","","","","","","","","0",",S","25",",S","0",",S","","","","","20071018",",,S","","","","","27.7",",S,18,","","","","","","","","","23.05",",,,S","",""
"UZM00038812","2007-11","38.8","65.717","376.0","KARSHI, UZ","","","","","","","","","","","","","","","0","1,S","12","1,S","0","1,S","","","","","20071122",",1,S","","","","","28.8","1,S,22,","","","","","","","","","19.66","1,,,S","",""
"UZM00038812","2007-12","38.8","65.717","376.0","KARSHI, UZ","","","","","","","","","","","","","","","1","3,S","0","3,S","0","3,S","","","","","20071208",",3,S","","","","","17.0","3,S,08,","","","","","","","","","7.54","3,,,S","",""
"UZM00038812","2008-01","38.8","65.717","376.0","KARSHI, UZ","","","","","","","","","","","","","","","20","2,S","0","2,S","0","2,S","","","","","20080131",",2,S","","","","","6.5","2,S,31,","","","","","","","","","-2.18","2,,,S","",""
"UZM00038812","2008-02","38.8","65.717","376.0","KARSHI, UZ","","","","","","","","","","","","","","","8","2,S","1","2,S","0","2,S","","","","","20080227",",2,S","","","","","23.0","2,S,27,","","","","","","","","","6.36","2,,,S","",""
"UZM00038812","2008-03","38.8","65.717","376.0","KARSHI, UZ","","","","","","","","","","","","","","","0","2,S","21","2,S","0","2,S","","","","","20080314",",2,S","","","","","31.4","2,S,14,","","","","","","","","","24.82","2,,,S","",""
"UZM00038812","2008-04","38.8","65.717","376.0","KARSHI, UZ","","","","","","","","","","","","","","","0","2,S","25","2,S","4","2,S","","","","","20080430",",2,S","","","","","36.4","2,S,30,","","","","","","","","","26.51","2,,,S","",""
"UZM00038812","2008-05","38.8","65.717","376.0","KARSHI, UZ","","","187.2","5,S","","","","","","","0","4,S","0","4,S","0","2,S","29","2,S","19","2,S","20080516",",4,S","","","20080531",",2,S","11.5","4,S,16,","","","37.8","2,S,31,","","","0.0","2,S","","","25.61","5,S","33.62","2,,,S","17.61","4,,,S"
"UZM00038812","2008-06","38.8","65.717","376.0","KARSHI, UZ","","","","","","","","","","","","","","","0",",S","30",",S","30",",S","","","","","20080613",",,S","","","","","42.6",",S,13,","","","","","","","","","37.75",",,,S","",""
"UZM00038812","2008-07","38.8","65.717","376.0","KARSHI, UZ","","","297.4","5,S","","","","","","","0","5,S","0","5,S","0","1,S","30","1,S","30","1,S","20080701",",5,S","","","20080731",",1,S","18.7","5,S,01,","","","42.2","1,S,31,","0.0","S","0.0","1,S","","","29.96","5,S","37.82","1,,,S","22.09","5,,,S"
"UZM00038812","2008-08","38.8","65.717","376.0","KARSHI, UZ","","","","","","","","","","","","","","","0",",S","31",",S","31",",S","","","","","20080801",",,S","","","","","45.0",",S,01,","","","","","","","","","37.38",",,,S","",""
"UZM00038812","2008-09","38.8","65.717","376.0","KARSHI, UZ","","","","","","","","","","","","","","","0",",S","29",",S","11",",S","","","","","20080910",",,S","","","","","37.0",",S,10,","","","","","","","","","31.12",",,,S","",""
"UZM00038812","2008-10","38.8","65.717","376.0","KARSHI, UZ","","","","","","","","","","","","","","","0",",S","23",",S","1",",S","","","","","20081007",",,S","","","","","32.7",",S,07,","","","","","","","","","23.56",",,,S","",""
"UZM00038812","2008-11","38.8","65.717","376.0","KARSHI, UZ","","","","","","","","","","","0","4,S","10","4,S","0","2,S","9","2,S","0","2,S","20081111",",4,S","","","20081123",",2,S","-5.0","4,S,11,","","","24.5","2,S,23,","","","","","","","9.76","6,S","16.64","2,,,S","2.88","4,,,S"
"UZM00038812","2008-12","38.8","65.717","376.0","KARSHI, UZ","","","","","","","","","","","","","","","0","1,S","0","1,S","0","1,S","","","","","20081201",",1,S","","","","","20.0","1,S,01,","","","","","","","","","10.73","1,,,S","",""
"UZM00038812","2009-01","38.8","65.717","376.0","KARSHI, UZ","","","","","","","","","","","","","","","0","3,S","0","3,S","0","3,S","","","","","20090128",",3,S","","","","","18.0","3,S,28,","","","","","","","","","9.82","3,,,S","",""
"UZM00038812","2009-02","38.8","65.717","376.0","KARSHI, UZ","","","","","","","","","","","","","","","0",",S","1",",S","0",",S","","","","","20090208",",,S","","","","","22.7",",S,08,","","","","","","","","","13.40",",,,S","",""
"UZM00038812","2009-03","38.8","65.717","376.0","KARSHI, UZ","","","","","","","","","","","","","","","0","4,S","13","4,S","0","4,S","","","","","20090315",",4,S","","","","","31.0","4,S,15,","","","","","","","","","19.83","4,,,S","",""
"UZM00038812","2009-04","38.8","65.717","376.0","KARSHI, UZ","","","","","","","","","","","","","","","0","3,S","9","3,S","0","3,S","","","","","20090430",",3,S","","","","","27.6","3,S,30,","","","","","","","","","19.13","3,,,S","",""
"UZM00038812","2009-05","38.8","65.717","376.0","KARSHI, UZ","","","","","","","","","","","","","","","0",",S","31",",S","8",",S","","","","","20090529",",,S","","","","","37.5",",S,29,","","","","","","","","","29.33",",,,S","",""
"UZM00038812","2009-06","38.8","65.717","376.0","KARSHI, UZ","","","","","","","","","","","","","","","0","1,S","29","1,S","21","1,S","","","","","20090621",",1,S","","","","","38.8","1,S,21,","","","","","","","","","34.52","1,,,S","",""
"UZM00038812","2009-07","38.8","65.717","376.0","KARSHI, UZ","","","300.2","4,S","","","","","","","0","4,S","0","4,S","0",",S","31",",S","30",",S","20090702",",4,S","","","20090727","+,,S","16.0","4,S,02,","","","41.2",",S,27,+","0.0","S","0.0",",S","","","29.36","4,S","37.78",",,,S","20.95","4,,,S"
"UZM00038812","2009-08","38.8","65.717","376.0","KARSHI, UZ","","","228.8","4,S","","","","","","","0","3,S","0","3,S","0","1,S","30","1,S","24","1,S","20090820",",3,S","","","20090814",",1,S","12.4","3,S,20,","","","41.0","1,S,14,","0.0","S","0.0","1,S","","","26.68","4,S","35.31","1,,,S","18.05","3,,,S"
"UZM00038812","2009-09","38.8","65.717","376.0","KARSHI, UZ","","","108.0","3,S","","","","","","","0","3,S","0","3,S","0",",S","30",",S","9",",S","20090910","+,3,S","","","20090914",",,S","9.0","3,S,10,+","","","35.4",",S,14,","0.4","S","0.4",",S","","","22.16","3,S","30.61",",,,S","13.72","3,,,S"
"UZM00038812","2009-10","38.8","65.717","376.0","KARSHI, UZ","","","14.9","4,S","","","","","","","0","4,S","0","4,S","0",",S","29",",S","0",",S","20091028","+,4,S","","","20091001",",,S","1.0","4,S,28,+","","","30.5",",S,01,","67.7","S","67.3",",S","","","16.19","4,S","25.18",",,,S","7.20","4,,,S"
"UZM00038812","2009-11","38.8","65.717","376.0","KARSHI, UZ","","","","","","","","","","","","","","","0",",S","8",",S","1",",S","","","","","20091103",",,S","","","","","32.5",",S,03,","","","","","","","","","16.98",",,,S","",""
"UZM00038812","2009-12","38.8","65.717","376.0","KARSHI, UZ","","","","","","","","","","","","","","","0","2,S","1","2,S","0","2,S","","","","","20091231",",2,S","","","","","22.0","2,S,31,","","","","","","","","","12.21","2,,,S","",""
"UZM00038812","2010-01","38.8","65.717","376.0","KARSHI, UZ","","","","","","","","","","","","","","","0","1,S","0","1,S","0","1,S","","","","","20100105",",1,S","","","","","20.5","1,S,05,","","","","","","","","","12.56","1,,,S","",""
"UZM00038812","2010-02","38.8","65.717","376.0","KARSHI, UZ","","","","","","","","","","","","","","","3","1,S","1","1,S","0","1,S","","","","","20100223",",1,S","","","","","22.2","1,S,23,","","","","","","","","","11.37","1,,,S","",""
"UZM00038812","2010-03","38.8","65.717","376.0","KARSHI, UZ","","","","","","","","","","","","","","","0",",S","11",",S","1",",S","","","","","20100316",",,S","","","","","34.0",",S,16,","","","","","","","","","19.62",",,,S","",""
"UZM00038812","2010-04","38.8","65.717","376.0","KARSHI, UZ","","","36.5","5,S","","","","","","","0","5,S","0","5,S","0",",S","23",",S","1",",S","20100408",",5,S","","","20100425",",,S","8.6","5,S,08,","","","32.7",",S,25,","","","14.1",",S","","","18.61","5,S","25.41",",,,S","11.82","5,,,S"
"UZM00038812","2010-05","38.8","65.717","376.0","KARSHI, UZ","","","139.9","5,S","","","","","","","0","5,S","0","5,S","0",",S","31",",S","9",",S","20100501",",5,S","","","20100525",",,S","12.4","5,S,01,","","","39.0",",S,25,","","","0.9",",S","","","23.42","5,S","31.12",",,,S","15.73","5,,,S"
"UZM00038812","2010-06","38.8","65.717","376.0","KARSHI, UZ","","","291.6","1,S","","","","","","","0","1,S","0","1,S","0",",S","30",",S","27",",S","20100605",",1,S","","","20100620",",,S","14.3","1,S,05,","","","41.4",",S,20,","","","0.0",",S","","","28.34","1,S","37.10",",,,S","19.59","1,,,S"
"UZM00038812","2010-07","38.8","65.717","376.0","KARSHI, UZ","","","338.4",",S","","","","","","","0",",S","0",",S","0",",S","31",",S","31",",S","20100731",",,S","","","20100716",",,S","16.3",",S,31,","","","45.4",",S,16,","0.0","S","0.0",",S","","","29.25",",S","37.73",",,,S","20.77",",,,S"
"UZM00038812","2010-08","38.8","65.717","376.0","KARSHI, UZ","","","269.9","3,S","","","","","","","0","3,S","0","3,S","0",",S","31",",S","28",",S","20100824",",3,S","","","20100807",",,S","11.4","3,S,24,","","","40.4",",S,07,","0.0","S","0.0",",S","","","27.92","3,S","36.80",",,,S","19.05","3,,,S"
"UZM00038812","2010-09","38.8","65.717","376.0","KARSHI, UZ","","","101.6","3,S","","","","","","","0","3,S","0","3,S","0",",S","30",",S","11",",S","20100928",",3,S","","","20100902",",,S","7.0","3,S,28,","","","39.3",",S,02,","7.4","S","7.4",",S","","","21.70","3,S","30.55",",,,S","12.85","3,,,S"
"UZM00038812","2010-10","38.8","65.717","376.0","KARSHI, UZ","","","","","","","","","","","","","","","0","1,S","26","1,S","5","1,S","","","","","20101012",",1,S","","","","","34.3","1,S,12,","","","","","","","","","26.44","1,,,S","",""
"UZM00038812","2010-11","38.8","65.717","376.0","KARSHI, UZ","","","","","","","","","","","","","","","0",",S","6",",S","0",",S","","","","","20101108",",,S","","","","","25.8",",S,08,","","","","","","","","","18.45",",,,S","",""
"UZM00038812","2010-12","38.8","65.717","376.0","KARSHI, UZ","","","0.0","5,S","","","","","","","0","5,S","18","5,S","0",",S","4",",S","0",",S","20101228",",5,S","","","20101214",",,S","-7.0","5,S,28,","","","24.0",",S,14,","","","330.6",",S","","","5.47","5,S","12.76",",,,S","-1.82","5,,,S"
"UZM00038812","2011-01","38.8","65.717","376.0","KARSHI, UZ","","","","","","","","","","","","","","","1",",S","1",",S","0",",S","","","","","20110127",",,S","","","","","22.0",",S,27,","","","","","","","","","9.02",",,,S","",""
"UZM00038812","2011-02","38.8","65.717","376.0","KARSHI, UZ","","","","","","","","","","","","","","","0","3,S","1","3,S","0","3,S","","","","","20110201",",3,S","","","","","22.4","3,S,01,","","","","","","","","","9.53","3,,,S","",""
"UZM00038812","2011-03","38.8","65.717","376.0","KARSHI, UZ","","","","","","","","","","","","","","","0","1,S","11","1,S","0","1,S","","","","","20110324",",1,S","","","","","27.6","1,S,24,","","","","","","","","","17.81","1,,,S","",""
"UZM00038812","2011-04","38.8","65.717","376.0","KARSHI, UZ","","","75.4","4,S","","","","","","","0","4,S","1","4,S","0","1,S","25","1,S","9","1,S","20110404",",4,S","","","20110427",",1,S","-0.6","4,S,04,","","","38.0","1,S,27,","","","37.8","1,S","","","19.34","4,S","27.83","1,,,S","10.85","4,,,S"
"UZM00038812","2011-05","38.8","65.717","376.0","KARSHI, UZ","","","","","","","","","","","","","","","0",",S","30",",S","19",",S","","","","","20110515",",,S","","","","","39.7",",S,15,","","","","","","","","","32.48",",,,S","",""
"UZM00038812","2011-06","38.8","65.717","376.0","KARSHI, UZ","","","","","","","","","","","","","","","0",",S","30",",S","27",",S","","","","","20110615",",,S","","","","","41.8",",S,15,","","","","","","","","","36.89",",,,S","",""
"UZM00038812","2011-07","38.8","65.717","376.0","KARSHI, UZ","","","280.3","5,S","","","","","","","0","5,S","0","5,S","0",",S","31",",S","31",",S","20110724",",5,S","","","20110712",",,S","15.1","5,S,24,","","","42.5",",S,12,","0.0","S","0.0",",S","","","29.04","5,S","37.91",",,,S","20.18","5,,,S"
"UZM00038812","2011-08","38.8","65.717","376.0","KARSHI, UZ","","","314.5","3,S","","","","","","","0","3,S","0","3,S","0",",S","31",",S","26",",S","20110830",",3,S","","","20110806",",,S","12.0","3,S,30,","","","44.6",",S,06,","0.0","S","0.0",",S","","","29.47","3,S","37.55",",,,S","21.40","3,,,S"
"UZM00038812","2011-09","38.8","65.717","376.0","KARSHI, UZ","","","118.2","3,S","","","","","","","0","3,S","0","3,S","0",",S","30",",S","12",",S","20110923",",3,S","","","20110905",",,S","10.4","3,S,23,","","","37.0",",S,05,","0.0","S","0.0",",S","","","22.73","3,S","31.47",",,,S","13.99","3,,,S"
"UZM00038812","2011-10","38.8","65.717","376.0","KARSHI, UZ","","","","","","","","","","","0","5,S","0","5,S","0","1,S","20","1,S","2","1,S","20111028",",5,S","","","20111001",",1,S","4.0","5,S,28,","","","34.2","1,S,01,","","","","","","","16.54","6,S","23.49","1,,,S","9.59","5,,,S"
"UZM00038812","2011-11","38.8","65.717","376.0","KARSHI, UZ","","","","","","","","","","","","","","","1","3,S","1","3,S","0","3,S","","","","","20111106",",3,S","","","","","21.2","3,S,06,","","","","","","","","","11.48","3,,,S","",""
"UZM00038812","2011-12","38.8","65.717","376.0","KARSHI, UZ","","","","","","","","","","","","","","","3","3,S","0","3,S","0","3,S","","","","","20111211",",3,S","","","","","15.7","3,S,11,","","","","","","","","","5.39","3,,,S","",""
"UZM00038812","2012-01","38.8","65.717","376.0","KARSHI, UZ","","","","","","","","","","","","","","","5","2,S","0","2,S","0","2,S","","","","","20120112",",2,S","","","","","15.1","2,S,12,","","","","","","","","","6.56","2,,,S","",""
"UZM00038812","2012-02","38.8","65.717","376.0","KARSHI, UZ","","","","","","","","","","","","","","","5","4,S","0","4,S","0","4,S","","","","","20120229",",4,S","","","","","16.7","4,S,29,","","","","","","","","","6.20","4,,,S","",""
"UZM00038812","2012-03","38.8","65.717","376.0","KARSHI, UZ","","","","","","","","","","","","","","","0","3,S","8","3,S","0","3,S","","","","","20120331",",3,S","","","","","30.1","3,S,31,","","","","","","","","","16.04","3,,,S","",""
"UZM00038812","2012-04","38.8","65.717","376.0","KARSHI, UZ","","","40.5","5,S","","","","","","","0","5,S","0","5,S","0",",S","30",",S","1",",S","20120405",",5,S","","","20120418",",,S","8.3","5,S,05,","","","32.7",",S,18,","","","3.1",",S","","","19.69","5,S","27.08",",,,S","12.30","5,,,S"
"UZM00038812","2012-05","38.8","65.717","376.0","KARSHI, UZ","","","136.4","5,S","","","","","","","0","5,S","0","5,S","0",",S","31",",S","8",",S","20120523",",5,S","","","20120527",",,S","10.2","5,S,23,","","","35.4",",S,27,","","","0.0",",S","","","23.38","5,S","30.61",",,,S","16.15","5,,,S"
"UZM00038812","2012-06","38.8","65.717","376.0","KARSHI, UZ","","","276.8","1,S","","","","","","","0",",S","0",",S","0","1,S","29","1,S","29","1,S","20120612",",,S","","","20120619",",1,S","14.9",",S,12,","","","39.5","1,S,19,","","","0.0","1,S","","","27.90","1,S","36.06","1,,,S","19.73",",,,S"
"UZM00038812","2012-07","38.8","65.717","376.0","KARSHI, UZ","","","333.6","2,S","","","","","","","0","2,S","0","2,S","0",",S","31",",S","29",",S","20120728",",2,S","","","20120710",",,S","14.3","2,S,28,","","","40.9",",S,10,","0.0","S","0.0",",S","","","29.69","2,S","38.25",",,,S","21.12","2,,,S"
"UZM00038812","2012-08","38.8","65.717","376.0","KARSHI, UZ","","","279.7","3,S","","","","","","","0","3,S","0","3,S","0",",S","31",",S","31",",S","20120802",",3,S","","","20120818",",,S","12.6","3,S,02,","","","41.7",",S,18,","0.0","S","0.0",",S","","","28.20","3,S","37.53",",,,S","18.88","3,,,S"
"UZM00038812","2012-09","38.8","65.717","376.0","KARSHI, UZ","","","94.0","4,S","","","","","","","0","4,S","0","4,S","0",",S","30",",S","7",",S","20120930","+,4,S","","","20120902",",,S","8.5","4,S,30,+","","","38.7",",S,02,","2.2","S","2.2",",S","","","21.84","4,S","31.00",",,,S","12.68","4,,,S"
"UZM00038812","2012-10","38.8","65.717","376.0","KARSHI, UZ","","","22.5","4,S","","","","","","","0","4,S","0","4,S","0","1,S","24","1,S","0","1,S","20121020",",4,S","","","20121029",",1,S","2.0","4,S,20,","","","30.8","1,S,29,","52.2","S","50.0","1,S","","","17.03","4,S","25.10","1,,,S","8.96","4,,,S"
"UZM00038812","2012-11","38.8","65.717","376.0","KARSHI, UZ","","","","","","","","","","","","","","","0","1,S","8","1,S","0","1,S","","","","","20121102",",1,S","","","","","31.8","1,S,02,","","","","","","","","","16.18","1,,,S","",""
"UZM00038812","2012-12","38.8","65.717","376.0","KARSHI, UZ","","","","","","","","","","","","","","","6","3,S","2","3,S","0","3,S","","","","","20121206",",3,S","","","","","24.3","3,S,06,","","","","","","","","","10.20","3,,,S","",""
"UZM00038812","2013-01","38.8","65.717","376.0","KARSHI, UZ","","","","","","","","","","","","","","","3",",S","2",",S","0",",S","","","","","20130126",",,S","","","","","22.9",",S,26,","","","","","","","","","11.04",",,,S","",""
"UZM00038812","2013-02","38.8","65.717","376.0","KARSHI, UZ","","","","","","","","","","","","","","","0","1,S","0","1,S","0","1,S","","","","","20130217",",1,S","","","","","19.3","1,S,17,","","","","","","","","","13.41","1,,,S","",""
"UZM00038812","2013-03","38.8","65.717","376.0","KARSHI, UZ","","","","","","","","","","","","","","","1","1,S","13","1,S","0","1,S","","","","","20130305",",1,S","","","","","27.8","1,S,05,","","","","","","","","","18.18","1,,,S","",""
"UZM00038812","2013-04","38.8","65.717","376.0","KARSHI, UZ","","","","","","","","","","","","","","","0",",S","17",",S","0",",S","","","","","20130411",",,S","","","","","31.2",",S,11,","","","","","","","","","22.59",",,,S","",""
"UZM00038812","2013-05","38.8","65.717","376.0","KARSHI, UZ","","","","","","","","","","","","","","","0",",S","31",",S","13",",S","","","","","20130531",",,S","","","","","39.0",",S,31,","","","","","","","","","31.70",",,,S","",""
"UZM00038812","2013-06","38.8","65.717","376.0","KARSHI, UZ","","","250.4","5,S","","","","","","","0","5,S","0","5,S","0",",S","30",",S","30",",S","20130614",",5,S","","","20130622",",,S","14.7","5,S,14,","","","42.4",",S,22,","","","0.0",",S","","","28.48","5,S","37.61",",,,S","19.34","5,,,S"
"UZM00038812","2013-07","38.8","65.717","376.0","KARSHI, UZ","","","","","","","","","","","","","","","0",",S","31",",S","31",",S","","","","","20130729",",,S","","","","","44.6",",S,29,","","","","","","","","","38.71",",,,S","",""
"UZM00038812","2013-08","38.8","65.717","376.0","KARSHI, UZ","","","243.8","5,S","","","","","","","0","5,S","0","5,S","0",",S","31",",S","27",",S","20130830",",5,S","","","20130801",",,S","10.2","5,S,30,","","","40.9",",S,01,","","","0.0",",S","","","27.44","5,S","35.61",",,,S","19.27","5,,,S"
"UZM00038812","2013-09","38.8","65.717","376.0","KARSHI, UZ","","","","","","","","","","","","","","","0",",S","30",",S","21",",S","","","","","20130910",",,S","","","","","38.7",",S,10,","","","","","","","","","33.91",",,,S","",""
"UZM00038812","2013-10","38.8","65.717","376.0","KARSHI, UZ","","","","","","","","","","","","","","","0",",S","21",",S","5",",S","","","","","20131005",",,S","","","","","36.5",",S,05,","","","","","","","","","23.99",",,,S","",""
"UZM00038812","2013-11","38.8","65.717","376.0","KARSHI, UZ","","","","","","","","","","","","","","","0",",S","7",",S","0",",S","","","","","20131130",",,S","","","","","27.3",",S,30,","","","","","","","","","18.39",",,,S","",""
"UZM00038812","2013-12","38.8","65.717","376.0","KARSHI, UZ","","","","","","","","","","","","","","","3","3,S","0","3,S","0","3,S","","","","","20131214",",3,S","","","","","17.1","3,S,14,","","","","","","","","","7.09","3,,,S","",""
"UZM00038812","2014-01","38.8","65.717","376.0","KARSHI, UZ","","","","","","","","","","","","","","","0","1,S","1","1,S","0","1,S","","","","","20140128",",1,S","","","","","22.8","1,S,28,","","","","","","","","","10.69","1,,,S","",""
"UZM00038812","2014-02","38.8","65.717","376.0","KARSHI, UZ","","","","","","","","","","","","","","","7","1,S","0","1,S","0","1,S","","","","","20140222",",1,S","","","","","15.7","1,S,22,","","","","","","","","","5.50","1,,,S","",""
"UZM00038812","2014-03","38.8","65.717","376.0","KARSHI, UZ","","","","","","","","","","","","","","","0","1,S","8","1,S","0","1,S","","","","","20140331",",1,S","","","","","29.6","1,S,31,","","","","","","","","","17.52","1,,,S","",""
"UZM00038812","2014-04","38.8","65.717","376.0","KARSHI, UZ","","","","","","","","","","","","","","","0","1,S","18","1,S","1","1,S","","","","","20140427",",1,S","","","","","33.5","1,S,27,","","","","","","","","","22.68","1,,,S","",""
"UZM00038812","2014-05","38.8","65.717","376.0","KARSHI, UZ","","","","","","","","","","","","","","","0",",S","31",",S","25",",S","","","","","20140528",",,S","","","","","40.1",",S,28,","","","","","","","","","34.15",",,,S","",""
"UZM00038812","2014-06","38.8","65.717","376.0","KARSHI, UZ","","","","","","","","","","","","","","","0",",S","30",",S","28",",S","","","","","20140628",",,S","","","","","43.1",",S,28,","","","","","","","","","38.02",",,,S","",""
"UZM00038812","2014-07","38.8","65.717","376.0","KARSHI, UZ","","","","","","","","","","","","","","","0","1,S","30","1,S","28","1,S","","","","","20140722",",1,S","","","","","42.4","1,S,22,","","","","","","","","","37.65","1,,,S","",""
"UZM00038812","2014-08","38.8","65.717","376.0","KARSHI, UZ","","","287.2","3,S","","","","","","","0","3,S","0","3,S","0",",S","31",",S","30",",S","20140817",",3,S","","","20140813",",,S","16.1","3,S,17,","","","41.0",",S,13,","","","0.0",",S","","","28.49","3,S","37.27",",,,S","19.70","3,,,S"
"UZM00038812","2014-09","38.8","65.717","376.0","KARSHI, UZ","","","","","","","","","","","","","","","0",",S","30",",S","19",",S","","","","","20140901",",,S","","","","","37.8",",S,01,","","","","","","","","","32.37",",,,S","",""
"UZM00038812","2014-10","38.8","65.717","376.0","KARSHI, UZ","","","","","","","","","","","","","","","0",",S","20",",S","1",",S","","","","","20141022",",,S","","","","","32.3",",S,22,","","","","","","","","","22.87",",,,S","",""
"UZM00038812","2014-11","38.8","65.717","376.0","KARSHI, UZ","","","","","","","","","","","","","","","0","3,S","5","3,S","0","3,S","","","","","20141102",",3,S","","","","","25.1","3,S,02,","","","","","","","","","13.06","3,,,S","",""
"UZM00038812","2014-12","38.8","65.717","376.0","KARSHI, UZ","","","0.0","5,S","","","","","","","0","5,S","13","5,S","0",",S","0",",S","0",",S","20141208",",5,S","","","20141202",",,S","-5.6","5,S,08,","","","17.9",",S,02,","","","340.5",",S","","","4.84","5,S","10.27",",,,S","-0.59","5,,,S"
"UZM00038812","2015-01","38.8","65.717","376.0","KARSHI, UZ","","","","","","","","","","","","","","","2",",S","2",",S","0",",S","","","","","20150108",",,S","","","","","25.7",",S,08,","","","","","","","","","9.26",",,,S","",""
"UZM00038812","2015-02","38.8","65.717","376.0","KARSHI, UZ","","","","","","","","","","","","","","","0","2,S","2","2,S","0","2,S","","","","","20150211",",2,S","","","","","22.4","2,S,11,","","","","","","","","","12.60","2,,,S","",""
"UZM00038812","2015-03","38.8","65.717","376.0","KARSHI, UZ","","","","","","","","","","","","","","","0","1,S","3","1,S","0","1,S","","","","","20150323",",1,S","","","","","29.2","1,S,23,","","","","","","","","","15.03","1,,,S","",""
"UZM00038812","2015-04","38.8","65.717","376.0","KARSHI, UZ","","","","","","","","","","","","","","","0","1,S","25","1,S","4","1,S","","","","","20150425",",1,S","","","","","38.4","1,S,25,","","","","","","","","","25.49","1,,,S","",""
"UZM00038812","2015-05","38.8","65.717","376.0","KARSHI, UZ","","","","","","","","","","","","","","","0",",S","31",",S","14",",S","","","","","20150515",",,S","","","","","37.8",",S,15,","","","","","","","","","31.91",",,,S","",""
"UZM00038812","2015-06","38.8","65.717","376.0","KARSHI, UZ","","","","","","","","","","","","","","","0",",S","30",",S","30",",S","","","","","20150630",",,S","","","","","41.8",",S,30,","","","","","","","","","38.23",",,,S","",""
"UZM00038812","2015-07","38.8","65.717","376.0","KARSHI, UZ","","","","","","","","","","","","","","","0",",S","31",",S","30",",S","","","","","20150703",",,S","","","","","44.5",",S,03,","","","","","","","","","39.38",",,,S","",""
"UZM00038812","2015-08","38.8","65.717","376.0","KARSHI, UZ","","","","","","","","","","","","","","","0",",S","31",",S","24",",S","","","","","20150819",",,S","","","","","43.8",",S,19,","","","","","","","","","35.92",",,,S","",""
"UZM00038812","2015-09","38.8","65.717","376.0","KARSHI, UZ","","","","","","","","","","","","","","","0",",S","30",",S","7",",S","","","","","20150911",",,S","","","","","36.0",",S,11,","","","","","","","","","30.42",",,,S","",""
"UZM00038812","2015-10","38.8","65.717","376.0","KARSHI, UZ","","","","","","","","","","","","","","","0",",S","18",",S","3",",S","","","","","20151008",",,S","","","","","38.5",",S,08,","","","","","","","","","23.97",",,,S","",""
"UZM00038812","2015-11","38.8","65.717","376.0","KARSHI, UZ","","","","","","","","","","","","","","","0","3,S","2","3,S","0","3,S","","","","","20151110",",3,S","","","","","23.3","3,S,10,","","","","","","","","","14.26","3,,,S","",""
"UZM00038812","2015-12","38.8","65.717","376.0","KARSHI, UZ","","","","","","","","","","","","","","","0",",S","2",",S","0",",S","","","","","20151204",",,S","","","","","29.1",",S,04,","","","","","","","","","11.08",",,,S","",""
"UZM00038812","2016-01","38.8","65.717","376.0","KARSHI, UZ","","","","","","","","","","","","","","","0","3,S","4","3,S","0","3,S","","","","","20160109",",3,S","","","","","22.2","3,S,09,","","","","","","","","","12.78","3,,,S","",""
"UZM00038812","2016-02","38.8","65.717","376.0","KARSHI, UZ","","","","","","","","","","","","","","","1","1,S","10","1,S","0","1,S","","","","","20160223",",1,S","","","","","26.8","1,S,23,","","","","","","","","","15.36","1,,,S","",""
"UZM00038812","2016-03","38.8","65.717","376.0","KARSHI, UZ","","","","","","","","","","","","","","","0","2,S","12","2,S","0","2,S","","","","","20160307",",2,S","","","","","29.8","2,S,07,","","","","","","","","","19.21","2,,,S","",""
"UZM00038812","2016-04","38.8","65.717","376.0","KARSHI, UZ","","","","","","","","","","","","","","","0",",S","17",",S","3",",S","","","","","20160430",",,S","","","","","36.1",",S,30,","","","","","","","","","23.06",",,,S","",""
"UZM00038812","2016-05","38.8","65.717","376.0","KARSHI, UZ","","","","","","","","","","","","","","","0",",S","30",",S","19",",S","","","","","20160531",",,S","","","","","38.0",",S,31,","","","","","","","","","32.34",",,,S","",""
"UZM00038812","2016-06","38.8","65.717","376.0","KARSHI, UZ","","","297.3","3,S","","","","","","","0","3,S","0","3,S","0",",S","30",",S","28",",S","20160615",",3,S","","","20160608",",,S","16.4","3,S,15,","","","43.5",",S,08,","","","0.0",",S","","","29.33","3,S","37.22",",,,S","21.44","3,,,S"
"UZM00038812","2016-07","38.8","65.717","376.0","KARSHI, UZ","","","","","","","","","","","","","","","0",",S","31",",S","30",",S","","","","","20160726",",,S","","","","","44.0",",S,26,","","","","","","","","","38.43",",,,S","",""
"UZM00038812","2016-08","38.8","65.717","376.0","KARSHI, UZ","","","287.1","2,S","","","","","","","0","2,S","0","2,S","0",",S","31",",S","31",",S","20160825","+,2,S","","","20160810",",,S","16.0","2,S,25,+","","","40.0",",S,10,","","","0.0",",S","","","28.21","2,S","37.00",",,,S","19.41","2,,,S"
"UZM00038812","2016-09","38.8","65.717","376.0","KARSHI, UZ","","","","","","","","","","","","","","","0",",S","30",",S","24",",S","","","","","20160916",",,S","","","","","39.8",",S,16,","","","","","","","","","33.61",",,,S","",""
"UZM00038812","2016-10","38.8","65.717","376.0","KARSHI, UZ","","","","","","","","","","","","","","","0",",S","20",",S","0",",S","","","","","20161015",",,S","","","","","28.6",",S,15,","","","","","","","","","22.00",",,,S","",""
"UZM00038812","2016-11","38.8","65.717","376.0","KARSHI, UZ","","","","","","","","","","","","","","","4","1,S","5","1,S","1","1,S","","","","","20161102",",1,S","","","","","32.7","1,S,02,","","","","","","","","","14.13","1,,,S","",""
"UZM00038812","2016-12","38.8","65.717","376.0","KARSHI, UZ","","","","","","","","","","","","","","","1","1,S","3","1,S","0","1,S","","","","","20161201",",1,S","","","","","23.9","1,S,01,","","","","","","","","","11.83","1,,,S","",""
"UZM00038812","2017-01","38.8","65.717","376.0","KARSHI, UZ","","","","","","","","","","","","","","","1","1,S","0","1,S","0","1,S","","","","","20170127",",1,S","","","","","17.0","1,S,27,","","","","","","","","","8.28","1,,,S","",""
"UZM00038812","2017-02","38.8","65.717","376.0","KARSHI, UZ","","","","","","","","","","","","","","","0","1,S","1","1,S","0","1,S","","","","","20170227",",1,S","","","","","21.1","1,S,27,","","","","","","","","","9.28","1,,,S","",""
"UZM00038812","2017-03","38.8","65.717","376.0","KARSHI, UZ","","","","","","","","","","","","","","","0",",S","7",",S","0",",S","","","","","20170320",",,S","","","","","26.6",",S,20,","","","","","","","","","15.70",",,,S","",""
"UZM00038812","2017-04","38.8","65.717","376.0","KARSHI, UZ","","","","","","","","","","","","","","","0","1,S","20","1,S","0","1,S","","","","","20170419","+,1,S","","","","","30.6","1,S,19,+","","","","","","","","","23.02","1,,,S","",""
"UZM00038812","2017-05","38.8","65.717","376.0","KARSHI, UZ","","","","","","","","","","","","","","","0",",S","31",",S","19",",S","","","","","20170528",",,S","","","","","40.2",",S,28,","","","","","","","","","33.76",",,,S","",""
"UZM00038812","2017-06","38.8","65.717","376.0","KARSHI, UZ","","","","","","","","","","","","","","","0",",S","30",",S","30",",S","","","","","20170617",",,S","","","","","41.4",",S,17,","","","","","","","","","36.93",",,,S","",""
"UZM00038812","2017-07","38.8","65.717","376.0","KARSHI, UZ","","","","","","","","","","","","","","","0",",S","31",",S","31",",S","","","","","20170708",",,S","","","","","44.6",",S,08,","","","","","","","","","39.39",",,,S","",""
"UZM00038812","2017-08","38.8","65.717","376.0","KARSHI, UZ","","","231.2","4,S","","","","","","","0","3,S","0","3,S","0","1,S","30","1,S","28","1,S","20170812",",3,S","","","20170809",",1,S","11.9","3,S,12,","","","41.9","1,S,09,","","","0.0","1,S","","","26.94","4,S","35.79","1,,,S","18.09","3,,,S"
"UZM00038812","2017-09","38.8","65.717","376.0","KARSHI, UZ","","","","","","","","","","","","","","","0",",S","28",",S","12",",S","","","","","20170901",",,S","","","","","38.6",",S,01,","","","","","","","","","31.66",",,,S","",""
"UZM00038812","2017-10","38.8","65.717","376.0","KARSHI, UZ","","","","","","","","","","","","","","","0","4,S","22","4,S","3","4,S","","","","","20171031",",4,S","","","","","33.6","4,S,31,","","","","","","","","","25.64","4,,,S","",""
"UZM00038812","2017-11","38.8","65.717","376.0","KARSHI, UZ","","","","","","","","","","","0","5,S","2","5,S","0","3,S","11","3,S","1","3,S","20171130",",5,S","","","20171101",",3,S","-0.2","5,S,30,","","","33.5","3,S,01,","","","","","","","12.20","7,S","19.24","3,,,S","5.16","5,,,S"
"UZM00038812","2017-12","38.8","65.717","376.0","KARSHI, UZ","","","","","","","","","","","","","","","3","2,S","2","2,S","0","2,S","","","","","20171224",",2,S","","","","","23.5","2,S,24,","","","","","","","","","10.86","2,,,S","",""
"UZM00038812","2018-01","38.8","65.717","376.0","KARSHI, UZ","","","","","","","","","","","","","","","4","2,S","1","2,S","0","2,S","","","","","20180120",",2,S","","","","","22.6","2,S,20,","","","","","","","","","10.16","2,,,S","",""
"UZM00038812","2018-02","38.8","65.717","376.0","KARSHI, UZ","","","","","","","","","","","","","","","0","1,S","2","1,S","0","1,S","","","","","20180228",",1,S","","","","","23.1","1,S,28,","","","","","","","","","12.99","1,,,S","",""
"UZM00038812","2018-03","38.8","65.717","376.0","KARSHI, UZ","","","","","","","","","","","","","","","0","2,S","18","2,S","3","2,S","","","","","20180330",",2,S","","","","","36.3","2,S,30,","","","","","","","","","23.30","2,,,S","",""
"UZM00038812","2018-04","38.8","65.717","376.0","KARSHI, UZ","","","","","","","","","","","","","","","0",",S","21",",S","3",",S","","","","","20180429",",,S","","","","","34.5",",S,29,","","","","","","","","","24.45",",,,S","",""
"UZM00038812","2018-05","38.8","65.717","376.0","KARSHI, UZ","","","","","","","","","","","","","","","0","1,S","30","1,S","10","1,S","","","","","20180510",",1,S","","","","","41.4","1,S,10,","","","","","","","","","31.21","1,,,S","",""
"UZM00038812","2018-06","38.8","65.717","376.0","KARSHI, UZ","","","","","","","","","","","","","","","0",",S","30",",S","28",",S","","","","","20180607",",,S","","","","","42.2",",S,07,","","","","","","","","","36.25",",,,S","",""
"UZM00038812","2018-07","38.8","65.717","376.0","KARSHI, UZ","","","","","","","","","","","","","","","0",",S","31",",S","31",",S","","","","","20180722",",,S","","","","","45.1",",S,22,","","","","","","","","","40.60",",,,S","",""
"UZM00038812","2018-08","38.8","65.717","376.0","KARSHI, UZ","","","233.3","5,S","","","","","","","0","4,S","0","4,S","0","2,S","29","2,S","24","2,S","20180827",",4,S","","","20180810","+,2,S","13.0","4,S,27,","","","40.8","2,S,10,+","","","0.0","2,S","","","27.30","5,S","35.56","2,,,S","19.04","4,,,S"
"UZM00038812","2018-09","38.8","65.717","376.0","KARSHI, UZ","","","","","","","","","","","","","","","0","1,S","29","1,S","8","1,S","","","","","20180911","+,1,S","","","","","36.8","1,S,11,+","","","","","","","","","31.08","1,,,S","",""
"UZM00038812","2018-10","38.8","65.717","376.0","KARSHI, UZ","","","","","","","","","","","","","","","0","2,S","15","2,S","2","2,S","","","","","20181027",",2,S","","","","","34.9","2,S,27,","","","","","","","","","22.91","2,,,S","",""
"UZM00038812","2018-11","38.8","65.717","376.0","KARSHI, UZ","","","","","","","","","","","","","","","0",",S","1",",S","0",",S","","","","","20181123",",,S","","","","","22.2",",S,23,","","","","","","","","","12.75",",,,S","",""
"UZM00038812","2018-12","38.8","65.717","376.0","KARSHI, UZ","","","","","","","","","","","","","","","0","1,S","1","1,S","0","1,S","","","","","20181207",",1,S","","","","","21.6","1,S,07,","","","","","","","","","11.52","1,,,S","",""
"UZM00038812","2019-01","38.8","65.717","376.0","KARSHI, UZ","","","","","","","","","","","","","","","0",",S","1",",S","0",",S","","","","","20190117",",,S","","","","","21.3",",S,17,","","","","","","","","","12.33",",,,S","",""
"UZM00038812","2019-02","38.8","65.717","376.0","KARSHI, UZ","","","","","","","","","","","","","","","0","2,S","0","2,S","0","2,S","","","","","20190216",",2,S","","","","","18.8","2,S,16,","","","","","","","","","11.70","2,,,S","",""
"UZM00038812","2019-03","38.8","65.717","376.0","KARSHI, UZ","","","","","","","","","","","","","","","0",",S","9",",S","0",",S","","","","","20190318",",,S","","","","","28.3",",S,18,","","","","","","","","","19.21",",,,S","",""
"UZM00038812","2019-04","38.8","65.717","376.0","KARSHI, UZ","","","","","","","","","","","","","","","0","1,S","21","1,S","0","1,S","","","","","20190418",",1,S","","","","","31.7","1,S,18,","","","","","","","","","22.94","1,,,S","",""
"UZM00038812","2019-05","38.8","65.717","376.0","KARSHI, UZ","","","178.8","2,S","","","","","","","0","2,S","0","2,S","0",",S","31",",S","18",",S","20190503",",2,S","","","20190511",",,S","12.0","2,S,03,","","","37.1",",S,11,","","","0.0",",S","","","24.25","2,S","32.16",",,,S","16.34","2,,,S"
"UZM00038812","2019-06","38.8","65.717","376.0","KARSHI, UZ","","","","","","","","","","","","","","","0","2,S","28","2,S","22","2,S","","","","","20190627",",2,S","","","","","39.5","2,S,27,","","","","","","","","","34.99","2,,,S","",""
"UZM00038812","2019-07","38.8","65.717","376.0","KARSHI, UZ","","","","","","","","","","","","","","","0","3,S","28","3,S","28","3,S","","","","","20190719",",3,S","","","","","43.7","3,S,19,","","","","","","","","","40.60","3,,,S","",""
"UZM00038812","2019-08","38.8","65.717","376.0","KARSHI, UZ","","","","","","","","","","","","","","","0","1,S","30","1,S","25","1,S","","","","","20190807",",1,S","","","","","42.6","1,S,07,","","","","","","","","","36.42","1,,,S","",""
"UZM00038812","2019-09","38.8","65.717","376.0","KARSHI, UZ","","","","","","","","","","","","","","","0",",S","30",",S","8",",S","","","","","20190922",",,S","","","","","38.6",",S,22,","","","","","","","","","30.71",",,,S","",""
"UZM00038812","2019-10","38.8","65.717","376.0","KARSHI, UZ","","","12.7","5,S","","","","","","","0","5,S","0","5,S","0",",S","29",",S","0",",S","20191024",",5,S","","","20191007",",,S","6.6","5,S,24,","","","31.5",",S,07,","","","30.9",",S","","","17.44","5,S","25.00",",,,S","9.87","5,,,S"
"UZM00038812","2019-11","38.8","65.717","376.0","KARSHI, UZ","","","","","","","","","","","","","","","0","3,S","0","3,S","0","3,S","","","","","20191102",",3,S","","","","","18.9","3,S,02,","","","","","","","","","12.39","3,,,S","",""
"UZM00038812","2019-12","38.8","65.717","376.0","KARSHI, UZ","","","","","","","","","","","","","","","0",",S","2",",S","0",",S","","","","","20191202",",,S","","","","","23.9",",S,02,","","","","","","","","","13.42",",,,S","",""
"UZM00038812","2020-01","38.8","65.717","376.0","KARSHI, UZ","","","","","","","","","","","","","","","2","1,S","0","1,S","0","1,S","","","","","20200131",",1,S","","","","","14.2","1,S,31,","","","","","","","","","7.05","1,,,S","",""
"UZM00038812","2020-02","38.8","65.717","376.0","KARSHI, UZ","","","","","","","","","","","","","","","0",",S","4",",S","0",",S","","","","","20200208",",,S","","","","","25.0",",S,08,","","","","","","","","","14.08",",,,S","",""
"UZM00038812","2020-03","38.8","65.717","376.0","KARSHI, UZ","","","","","","","","","","","","","","","0","5,S","12","5,S","0","5,S","","","","","20200322","+,5,S","","","","","27.0","5,S,22,+","","","","","","","","","19.14","5,,,S","",""
"UZM00038812","2020-04","38.8","65.717","376.0","KARSHI, UZ","","","","","","","","","","","","","","","0","5,S","18","5,S","2","5,S","","","","","20200427",",5,S","","","","","35.7","5,S,27,","","","","","","","","","23.67","5,,,S","",""
"UZM00038812","2020-05","38.8","65.717","376.0","KARSHI, UZ","","","","","","","","","","","","","","","0","1,S","29","1,S","12","1,S","","","","","20200528",",1,S","","","","","39.6","1,S,28,","","","","","","","","","31.13","1,,,S","",""
"UZM00038812","2020-06","38.8","65.717","376.0","KARSHI, UZ","","","269.3","5,S","","","","","","","0","5,S","0","5,S","0",",S","30",",S","27",",S","20200628",",5,S","","","20200605",",,S","15.6","5,S,28,","","","42.4",",S,05,","","","0.0",",S","","","28.86","5,S","37.19",",,,S","20.53","5,,,S"
"UZM00038812","2020-07","38.8","65.717","376.0","KARSHI, UZ","","","","","","","","","","","","","","","0","1,S","30","1,S","30","1,S","","","","","20200719",",1,S","","","","","41.9","1,S,19,","","","","","","","","","38.42","1,,,S","",""
"UZM00038812","2020-08","38.8","65.717","376.0","KARSHI, UZ","","","","","","","","","","","","","","","0",",S","31",",S","27",",S","","","","","20200816",",,S","","","","","40.7",",S,16,","","","","","","","","","35.24",",,,S","",""
"UZM00038812","2020-09","38.8","65.717","376.0","KARSHI, UZ","","","","","","","","","","","","","","","0",",S","29",",S","6",",S","","","","","20200905","+,,S","","","","","35.0",",S,05,+","","","","","","","","","28.99",",,,S","",""
"UZM00038812","2020-10","38.8","65.717","376.0","KARSHI, UZ","","","","","","","","","","","","","","","0",",S","19",",S","0",",S","","","","","20201004",",,S","","","","","26.7",",S,04,","","","","","","","","","22.36",",,,S","",""
"UZM00038812","2020-11","38.8","65.717","376.0","KARSHI, UZ","","","","","","","","","","","","","","","2","4,S","7","4,S","0","4,S","","","","","20201107",",4,S","","","","","31.2","4,S,07,","","","","","","","","","12.68","4,,,S","",""
"UZM00038812","2020-12","38.8","65.717","376.0","KARSHI, UZ","","","","","","","","","","","","","","","6","2,S","0","2,S","0","2,S","","","","","20201224",",2,S","","","","","12.6","2,S,24,","","","","","","","","","4.69","2,,,S","",""
"UZM00038812","2021-01","38.8","65.717","376.0","KARSHI, UZ","0.0","S","0.0","5,S","","","","","","","0","4,S","17","4,S","8","2,S","1","2,S","0","2,S","20210109",",4,S","","","20210129",",2,S","-9.5","4,S,09,","","","21.1","2,S,29,","","","394.2","2,S","","","3.18","5,S","8.62","2,,,S","-2.26","4,,,S"
"UZM00038812","2021-03","38.8","65.717","376.0","KARSHI, UZ","","","","","","","","","","","","","","","1","3,S","10","3,S","0","3,S","","","","","20210319",",3,S","","","","","31.0","3,S,19,","","","","","","","","","18.28","3,,,S","",""
"UZM00038812","2021-04","38.8","65.717","376.0","KARSHI, UZ","","","44.5","5,S","","","","","","","0","5,S","0","5,S","0","1,S","25","1,S","5","1,S","20210401",",5,S","","","20210429",",1,S","2.9","5,S,01,","","","38.0","1,S,29,","","","35.2","1,S","","","18.92","5,S","26.88","1,,,S","10.96","5,,,S"
"UZM00038812","2021-05","38.8","65.717","376.0","KARSHI, UZ","","","213.2","5,S","","","","","","","0","4,S","0","4,S","0","1,S","30","1,S","21","1,S","20210502",",4,S","","","20210531",",1,S","14.9","4,S,02,","","","41.0","1,S,31,","","","0.0","1,S","","","26.36","5,S","33.92","1,,,S","18.80","4,,,S"
"UZM00038812","2021-06","38.8","65.717","376.0","KARSHI, UZ","","","","","","","","","","","","","","","0","1,S","29","1,S","29","1,S","","","","","20210606",",1,S","","","","","44.6","1,S,06,","","","","","","","","","38.47","1,,,S","",""
"UZM00038812","2021-07","38.8","65.717","376.0","KARSHI, UZ","","","","","","","","","","","","","","","0",",S","31",",S","31",",S","","","","","20210708",",,S","","","","","45.7",",S,08,","","","","","","","","","39.33",",,,S","",""
"UZM00038812","2021-08","38.8","65.717","376.0","KARSHI, UZ","","","","","","","","","","","","","","","0",",S","31",",S","31",",S","","","","","20210808",",,S","","","","","40.3",",S,08,","","","","","","","","","36.61",",,,S","",""
"UZM00038812","2021-09","38.8","65.717","376.0","KARSHI, UZ","","","164.7","5,S","","","","","","","0","5,S","0","5,S","0",",S","30",",S","18",",S","20210911",",5,S","","","20210908",",,S","12.2","5,S,11,","","","38.5",",S,08,","","","0.0",",S","","","24.64","5,S","32.95",",,,S","16.33","5,,,S"
"UZM00038812","2021-10","38.8","65.717","376.0","KARSHI, UZ","","","","","","","","","","","","","","","0",",S","20",",S","0",",S","","","","","20211001",",,S","","","","","26.0",",S,01,","","","","","","","","","20.93",",,,S","",""
"UZM00038812","2021-11","38.8","65.717","376.0","KARSHI, UZ","","","","","","","","","","","","","","","0","2,S","4","2,S","0","2,S","","","","","20211125",",2,S","","","","","22.5","2,S,25,","","","","","","","","","14.60","2,,,S","",""
"UZM00038812","2021-12","38.8","65.717","376.0","KARSHI, UZ","","","","","","","","","","","","","","","0","2,S","3","2,S","0","2,S","","","","","20211202",",2,S","","","","","28.3","2,S,02,","","","","","","","","","14.13","2,,,S","",""
"UZM00038812","2022-01","38.8","65.717","376.0","KARSHI, UZ","","","","","","","","","","","","","","","0","3,S","0","3,S","0","3,S","","","","","20220114",",3,S","","","","","21.0","3,S,14,","","","","","","","","","11.94","3,,,S","",""
"UZM00038812","2022-02","38.8","65.717","376.0","KARSHI, UZ","","","","","","","","","","","","","","","0","1,S","2","1,S","0","1,S","","","","","20220227",",1,S","","","","","24.8","1,S,27,","","","","","","","","","14.91","1,,,S","",""
"UZM00038812","2022-03","38.8","65.717","376.0","KARSHI, UZ","","","","","","","","","","","","","","","0","4,S","7","4,S","0","4,S","","","","","20220325",",4,S","","","","","29.3","4,S,25,","","","","","","","","","16.75","4,,,S","",""
"UZM00038812","2022-04","38.8","65.717","376.0","KARSHI, UZ","","","114.3","3,S","","","","","","","0","3,S","0","3,S","0",",S","27",",S","6",",S","20220402",",3,S","","","20220430",",,S","7.0","3,S,02,","","","34.8",",S,30,","","","7.8",",S","","","22.06","3,S","29.16",",,,S","14.95","3,,,S"
"UZM00038812","2022-05","38.8","65.717","376.0","KARSHI, UZ","","","","","","","","","","","","","","","0",",S","31",",S","13",",S","","","","","20220508",",,S","","","","","39.3",",S,08,","","","","","","","","","30.91",",,,S","",""
"UZM00038812","2022-06","38.8","65.717","376.0","KARSHI, UZ","","","303.0","3,S","","","","","","","0","3,S","0","3,S","0",",S","30",",S","29",",S","20220604",",3,S","","","20220629",",,S","14.7","3,S,04,","","","45.6",",S,29,","","","0.0",",S","","","29.40","3,S","37.39",",,,S","21.41","3,,,S"
"UZM00038812","2022-07","38.8","65.717","376.0","KARSHI, UZ","","","","","","","","","","","","","","","0",",S","31",",S","30",",S","","","","","20220718",",,S","","","","","44.2",",S,18,","","","","","","","","","39.27",",,,S","",""
"UZM00038812","2022-09","38.8","65.717","376.0","KARSHI, UZ","","","174.2","4,S","","","","","","","0","4,S","0","4,S","0",",S","30",",S","18",",S","20220913",",4,S","","","20220907",",,S","11.5","4,S,13,","","","37.3",",S,07,","","","0.0",",S","","","24.91","4,S","33.04",",,,S","16.78","4,,,S"
"UZM00038812","2022-10","38.8","65.717","376.0","KARSHI, UZ","","","","","","","","","","","","","","","0",",S","22",",S","0",",S","","","","","20221022",",,S","","","","","30.5",",S,22,","","","","","","","","","23.96",",,,S","",""
"UZM00038812","2022-11","38.8","65.717","376.0","KARSHI, UZ","","","","","","","","","","","","","","","0","1,S","4","1,S","0","1,S","","","","","20221101",",1,S","","","","","25.3","1,S,01,","","","","","","","","","16.92","1,,,S","",""
"UZM00038812","2022-12","38.8","65.717","376.0","KARSHI, UZ","","","","","","","","","","","","","","","0",",S","0",",S","0",",S","","","","","20221215",",,S","","","","","18.4",",S,15,","","","","","","","","","8.03",",,,S","",""
"UZM00038812","2023-01","38.8","65.717","376.0","KARSHI, UZ","","","","","","","","","","","","","","","7","1,S","0","1,S","0","1,S","","","","","20230107",",1,S","","","","","20.6","1,S,07,","","","","","","","","","4.07","1,,,S","",""
"UZM00038812","2023-02","38.8","65.717","376.0","KARSHI, UZ","","","","","","","","","","","","","","","0","4,S","4","4,S","0","4,S","","","","","20230223",",4,S","","","","","24.1","4,S,23,","","","","","","","","","14.38","4,,,S","",""
"UZM00038812","2023-03","38.8","65.717","376.0","KARSHI, UZ","","","","","","","","","","","","","","","0",",S","26",",S","0",",S","","","","","20230310",",,S","","","","","31.0",",S,10,","","","","","","","","","24.85",",,,S","",""
"UZM00038812","2023-04","38.8","65.717","376.0","KARSHI, UZ","","","","","","","","","","","","","","","0",",S","24",",S","9",",S","","","","","20230413",",,S","","","","","38.4",",S,13,","","","","","","","","","27.45",",,,S","",""
"UZM00038812","2023-05","38.8","65.717","376.0","KARSHI, UZ","","","","","","","","","","","","","","","0","1,S","28","1,S","16","1,S","","","","","20230522",",1,S","","","","","37.6","1,S,22,","","","","","","","","","31.58","1,,,S","",""
"UZM00038812","2023-06","38.8","65.717","376.0","KARSHI, UZ","","","","","","","","","","","","","","","0",",S","30",",S","30",",S","","","","","20230617",",,S","","","","","41.9",",S,17,","","","","","","","","","38.63",",,,S","",""
"UZM00038812","2023-07","38.8","65.717","376.0","KARSHI, UZ","","","","","","","","","","","","","","","0",",S","31",",S","31",",S","","","","","20230713",",,S","","","","","44.1",",S,13,","","","","","","","","","39.79",",,,S","",""
"UZM00038812","2023-08","38.8","65.717","376.0","KARSHI, UZ","","","","","","","","","","","","","","","0",",S","31",",S","27",",S","","","","","20230801",",,S","","","","","41.3",",S,01,","","","","","","","","","36.00",",,,S","",""
"UZM00038812","2023-09","38.8","65.717","376.0","KARSHI, UZ","","","","","","","","","","","","","","","0","1,S","29","1,S","5","1,S","","","","","20230910",",1,S","","","","","38.2","1,S,10,","","","","","","","","","30.24","1,,,S","",""
"UZM00038812","2023-10","38.8","65.717","376.0","KARSHI, UZ","","","","","","","","","","","","","","","0",",S","24",",S","0",",S","","","","","20231010",",,S","","","","","31.5",",S,10,","","","","","","","","","24.71",",,,S","",""
"UZM00038812","2023-11","38.8","65.717","376.0","KARSHI, UZ","","","","","","","","","","","","","","","0","3,S","16","3,S","0","3,S","","","","","20231116",",3,S","","","","","28.6","3,S,16,","","","","","","","","","21.70","3,,,S","",""
"UZM00038812","2023-12","38.8","65.717","376.0","KARSHI, UZ","","","","","","","","","","","","","","","0","4,S","5","4,S","0","4,S","","","","","20231225",",4,S","","","","","26.2","4,S,25,","","","","","","","","","13.10","4,,,S","",""
"UZM00038812","2024-01","38.8","65.717","376.0","KARSHI, UZ","","","","","","","","","","","","","","","0","2,S","0","2,S","0","2,S","","","","","20240113","+,2,S","","","","","19.8","2,S,13,+","","","","","","","","","12.74","2,,,S","",""
"UZM00038812","2024-02","38.8","65.717","376.0","KARSHI, UZ","","","","","","","","","","","","","","","1","2,S","5","2,S","0","2,S","","","","","20240214",",2,S","","","","","25.2","2,S,14,","","","","","","","","","12.04","2,,,S","",""
"UZM00038812","2024-04","38.8","65.717","376.0","KARSHI, UZ","","","","","","","","","","","","","","","0","2,S","21","2,S","1","2,S","","","","","20240423",",2,S","","","","","32.3","2,S,23,","","","","","","","","","24.64","2,,,S","",""
"UZM00038812","2024-05","38.8","65.717","376.0","KARSHI, UZ","","","","","","","","","","","","","","","0","1,S","28","1,S","7","1,S","","","","","20240514",",1,S","","","","","39.1","1,S,14,","","","","","","","","","28.99","1,,,S","",""
"UZM00038812","2024-06","38.8","65.717","376.0","KARSHI, UZ","","","327.6","2,S","","","","","","","0","2,S","0","2,S","0",",S","30",",S","30",",S","20240605",",2,S","","","20240627",",,S","17.3","2,S,05,","","","40.8",",S,27,","","","0.0",",S","","","29.96","2,S","37.38",",,,S","22.54","2,,,S"
