"STATION","DATE","LATITUDE","LONGITUDE","ELEVATION","NAME","CDSD","CDSD_ATTRIBUTES","CLDD","CLDD_ATTRIBUTES","DP01","DP01_ATTRIBUTES","DP10","DP10_ATTRIBUTES","DP1X","DP1X_ATTRIBUTES","DSND","DSND_ATTRIBUTES","DSNW","DSNW_ATTRIBUTES","DT00","DT00_ATTRIBUTES","DT32","DT32_ATTRIBUTES","DX32","DX32_ATTRIBUTES","DX70","DX70_ATTRIBUTES","DX90","DX90_ATTRIBUTES","DYFG","DYFG_ATTRIBUTES","DYNT","DYNT_ATTRIBUTES","DYSD","DYSD_ATTRIBUTES","DYSN","DYSN_ATTRIBUTES","DYTS","DYTS_ATTRIBUTES","DYXP","DYXP_ATTRIBUTES","DYXT","DYXT_ATTRIBUTES","EMNT","EMNT_ATTRIBUTES","EMSD","EMSD_ATTRIBUTES","EMSN","EMSN_ATTRIBUTES","EMXP","EMXP_ATTRIBUTES","EMXT","EMXT_ATTRIBUTES","HDSD","HDSD_ATTRIBUTES","HTDD","HTDD_ATTRIBUTES","PRCP","PRCP_ATTRIBUTES","SNOW","SNOW_ATTRIBUTES","TAVG","TAVG_ATTRIBUTES","TMAX","TMAX_ATTRIBUTES","TMIN","TMIN_ATTRIBUTES","WDFG","WDFG_ATTRIBUTES","WSFG","WSFG_ATTRIBUTES"
"VMW00041022","1966-01","11.61667","108.95","17.1","PHAN RANG, VM","","","","","","","","","","","0","2,","","","","","","","","","","","","","","","","","19660131","+,2,X","","","","","","","","","","","0","2,,X,31,+","","","","","","","","","","","","","","","","","","","","","","","",""
"VMW00041022","1966-02","11.61667","108.95","17.1","PHAN RANG, VM","","","","","","","","","","","0",",X","","","","","","","","","","","","","","","","","19660228","+,,X","","","","","","","","","","","0",",,X,28,+","","","","","","","","","","","","","","","","","","","","","","","",""
"VMW00041022","1966-03","11.61667","108.95","17.1","PHAN RANG, VM","","","335.1",",X","5",",X","3",",X","0",",X","0",",X","0",",X","0",",X","0",",X","0",",X","31",",X","31",",X","","","19660317","+,,X","19660331","+,,X","19660331","+,,X","4","","19660326",",,X","19660325",",,X","22.2",",X,17,+","0",",,X,31,+","0",",,X,31,+","14.5",",,X,26,","38.3",",X,25,","","","0.0",",X","24.4",",,,X","0",",,,X","29.14",",X","34.37",",,,X","23.92",",,,X","","","",""
"VMW00041022","1966-04","11.61667","108.95","17.1","PHAN RANG, VM","","","369.8",",X","3",",X","1",",X","0",",X","0",",X","0",",X","0",",X","0",",X","0",",X","30",",X","30",",X","","","19660406",",,X","19660430","+,,X","19660430","+,,X","2","","19660430",",,X","19660425","+,,X","23.3",",X,06,","0",",,X,30,+","0",",,X,30,+","15.0",",,X,30,","37.2",",X,25,+","","","0.0",",X","16.5",",,,X","0",",,,X","30.66",",X","35.63",",,,X","25.69",",,,X","","","",""
"VMW00041022","1966-05","11.61667","108.95","17.1","PHAN RANG, VM","","","347.7",",X","24",",X","15",",X","2",",X","0",",X","0",",X","0",",X","0",",X","0",",X","31",",X","25",",X","3","","19660524","+,,X","19660531","+,,X","19660531","+,,X","9","","19660522",",,X","19660513",",,X","23.9",",X,24,+","0",",,X,31,+","0",",,X,31,+","27.7",",,X,22,","38.3",",X,13,","","","0.0",",X","186.7",",,,X","0",",,,X","29.55",",X","33.89",",,,X","25.20",",,,X","","","",""
"VMW00041022","1966-06","11.61667","108.95","17.1","PHAN RANG, VM","","","344.3",",X","7",",X","5",",X","0",",X","0",",X","0",",X","0",",X","0",",X","0",",X","30",",X","29",",X","","","19660624",",,X","19660630","+,,X","19660630","+,,X","10","","19660607",",,X","19660628",",,X","22.8",",X,24,","0",",,X,30,+","0",",,X,30,+","18.3",",,X,07,","38.3",",X,28,","","","0.0",",X","45.1",",,,X","0",",,,X","29.81",",X","34.88",",,,X","24.74",",,,X","","","",""
"VMW00041022","1966-07","11.61667","108.95","17.1","PHAN RANG, VM","","","336.9",",X","14",",X","9",",X","0",",X","0",",X","0",",X","0",",X","0",",X","0",",X","31",",X","26",",X","","","19660711",",,X","19660731","+,,X","19660731","+,,X","5","","19660730",",,X","19660702",",,X","23.3",",X,11,","0",",,X,31,+","0",",,X,31,+","17.3",",,X,30,","36.1",",X,02,","0.0","","0.0",",X","76.4",",,,X","0",",,,X","29.20",",X","33.47",",,,X","24.93",",,,X","","","",""
"VMW00041022","1966-08","11.61667","108.95","17.1","PHAN RANG, VM","","","353.8",",X","11",",X","5",",X","0",",X","0",",X","0",",X","0",",X","0",",X","0",",X","31",",X","29",",X","","","19660831",",,X","19660831","+,,X","19660831","+,,X","14","","19660807",",,X","19660824",",,X","23.3",",X,31,","0",",,X,31,+","0",",,X,31,+","10.9",",,X,07,","36.7",",X,24,","0.0","","0.0",",X","33.7",",,,X","0",",,,X","29.75",",X","34.40",",,,X","25.09",",,,X","","","",""
"VMW00041022","1966-09","11.61667","108.95","17.1","PHAN RANG, VM","","","309.5",",X","12",",X","7",",X","1",",X","0",",X","0",",X","0",",X","0",",X","0",",X","30",",X","17",",X","","","19660902",",,X","19660930","+,,X","19660930","+,,X","6","","19660919",",,X","19660913",",,X","22.8",",X,02,","0",",,X,30,+","0",",,X,30,+","25.4",",,X,19,","37.8",",X,13,","0.0","","0.0",",X","82.1",",,,X","0",",,,X","28.65",",X","32.76",",,,X","24.54",",,,X","","","",""
"VMW00041022","1966-10","11.61667","108.95","17.1","PHAN RANG, VM","","","278.6",",X","20",",X","10",",X","1",",X","0",",X","0",",X","0",",X","0",",X","0",",X","31",",X","2",",X","2","","19661022",",,X","19661031","+,,X","19661031","+,,X","2","","19661022",",,X","19661025",",,X","22.8",",X,22,","0",",,X,31,+","0",",,X,31,+","43.4",",,X,22,","32.8",",X,25,","0.0","","0.0",",X","137.1",",,,X","0",",,,X","27.32",",X","30.38",",,,X","24.26",",,,X","","","",""
"VMW00041022","1966-11","11.61667","108.95","17.1","PHAN RANG, VM","","","256.9",",X","11",",X","5",",X","3",",X","0",",X","0",",X","0",",X","0",",X","0",",X","30",",X","2",",X","1","","19661123",",,X","19661130","+,,X","19661130","+,,X","4","","19661118",",,X","19661105",",,X","21.1",",X,23,","0",",,X,30,+","0",",,X,30,+","40.6",",,X,18,","33.3",",X,05,","0.0","","0.0",",X","145.4",",,,X","0",",,,X","26.90",",X","30.21",",,,X","23.58",",,,X","","","",""
"VMW00041022","1966-12","11.61667","108.95","17.1","PHAN RANG, VM","","","227.5",",X","14",",X","10",",X","3",",X","0",",X","0",",X","0",",X","0",",X","0",",X","31",",X","0",",X","3","","19661212",",,X","19661231","+,,X","19661231","+,,X","2","","19661205",",,X","19661222","+,,X","20.6",",X,12,","0",",,X,31,+","0",",,X,31,+","43.4",",,X,05,","31.1",",X,22,+","0.0","","0.0",",X","162.1",",,,X","0",",,,X","25.67",",X","28.58",",,,X","22.76",",,,X","","","",""
"VMW00041022","1967-01","11.61667","108.95","17.1","PHAN RANG, VM","191.3","X","191.3",",X","10",",X","6",",X","1",",X","0",",X","0",",X","0",",X","0",",X","0",",X","31",",X","0",",X","4","","19670113",",,X","19670131","+,,X","19670131","+,,X","","","19670123",",,X","19670128","+,,X","17.2",",X,13,","0",",,X,31,+","0",",,X,31,+","34.3",",,X,23,","30.6",",X,28,+","0.0","X","0.0",",X","68.4",",,,X","0",",,,X","24.50",",X","27.31",",,,X","21.70",",,,X","","","",""
"VMW00041022","1967-02","11.61667","108.95","17.1","PHAN RANG, VM","379.0","X","187.7",",X","0",",X","0",",X","0",",X","0",",X","0",",X","0",",X","0",",X","0",",X","28",",X","0",",X","","","19670206",",,X","19670228","+,,X","19670228","+,,X","","","19670218",",,X","19670224",",,X","18.3",",X,06,","0",",,X,28,+","0",",,X,28,+","0.0",",T,X,18,","31.7",",X,24,","0.0","X","0.0",",X","0.0",",T,,X","0",",,,X","25.04",",X","28.55",",,,X","21.53",",,,X","","","",""
"VMW00041022","1967-03","11.61667","108.95","17.1","PHAN RANG, VM","631.5","X","252.5",",X","2",",X","1",",X","0",",X","0",",X","0",",X","0",",X","0",",X","0",",X","31",",X","7",",X","","","19670313",",,X","19670331","+,,X","19670331","+,,X","","","19670309",",,X","19670331","+,,X","20.0",",X,13,","0",",,X,31,+","0",",,X,31,+","3.0",",,X,09,","33.3",",X,31,+","0.0","X","0.0",",X","4.3",",,,X","0",",,,X","26.48",",X","30.22",",,,X","22.74",",,,X","","","",""
"VMW00041022","1967-04","11.61667","108.95","17.1","PHAN RANG, VM","952.7","X","321.2",",X","3",",X","1",",X","0",",X","0",",X","0",",X","0",",X","0",",X","0",",X","30",",X","23",",X","1","","19670429",",,X","19670430","+,,X","19670430","+,,X","1","","19670422",",,X","19670430","+,,X","21.7",",X,29,","0",",,X,30,+","0",",,X,30,+","18.5",",,X,22,","36.1",",X,30,+","0.0","X","0.0",",X","19.6",",,,X","0",",,,X","29.04",",X","33.54",",,,X","24.54",",,,X","","","",""
"VMW00041022","1967-05","11.61667","108.95","17.1","PHAN RANG, VM","1345.6","X","392.9",",X","5",",X","4",",X","0",",X","0",",X","0",",X","0",",X","0",",X","0",",X","31",",X","31",",X","","","19670527","+,,X","19670531","+,,X","19670531","+,,X","6","","19670522",",,X","19670525",",,X","24.4",",X,27,+","0",",,X,31,+","0",",,X,31,+","23.4",",,X,22,","40.6",",X,25,","0.0","X","0.0",",X","39.7",",,,X","0",",,,X","31.01",",X","36.62",",,,X","25.40",",,,X","","","",""
"VMW00041022","1967-06","11.61667","108.95","17.1","PHAN RANG, VM","1721.9","X","376.3",",X","10",",X","4",",X","0",",X","0",",X","0",",X","0",",X","0",",X","0",",X","30",",X","30",",X","","","19670614","+,,X","19670630","+,,X","19670630","+,,X","6","","19670612",",,X","19670601",",,X","23.3",",X,14,+","0",",,X,30,+","0",",,X,30,+","4.6",",,X,12,","40.0",",X,01,","0.0","X","0.0",",X","22.1",",,,X","0",",,,X","30.88",",X","36.42",",,,X","25.33",",,,X","","","",""
"VMW00041022","1967-07","11.61667","108.95","17.1","PHAN RANG, VM","2110.3","X","388.4",",X","10",",X","5",",X","0",",X","0",",X","0",",X","0",",X","0",",X","0",",X","31",",X","31",",X","","","19670730","+,,X","19670731","+,,X","19670731","+,,X","4","","19670730",",,X","19670723","+,,X","23.9",",X,30,+","0",",,X,31,+","0",",,X,31,+","18.5",",,X,30,","38.9",",X,23,+","0.0","X","0.0",",X","37.6",",,,X","0",",,,X","30.86",",X","36.40",",,,X","25.32",",,,X","","","",""
"VMW00041022","1967-08","11.61667","108.95","17.1","PHAN RANG, VM","2482.9","X","372.6",",X","9",",X","5",",X","0",",X","0",",X","0",",X","0",",X","0",",X","0",",X","31",",X","28",",X","1","","19670809",",,X","19670831","+,,X","19670831","+,,X","1","","19670809",",,X","19670807","+,,X","23.9",",X,09,","0",",,X,31,+","0",",,X,31,+","11.7",",,X,09,","38.9",",X,07,+","0.0","X","0.0",",X","41.8",",,,X","0",",,,X","30.35",",X","34.91",",,,X","25.80",",,,X","","","",""
"VMW00041022","1967-09","11.61667","108.95","17.1","PHAN RANG, VM","2831.4","X","348.5",",X","10",",X","8",",X","2",",X","0",",X","0",",X","0",",X","0",",X","0",",X","30",",X","30",",X","1","","19670926",",,X","19670930","+,,X","19670930","+,,X","14","","19670921",",,X","19670901",",,X","23.3",",X,26,","0",",,X,30,+","0",",,X,30,+","50.3",",,X,21,","37.2",",X,01,","0.0","X","0.0",",X","176.5",",,,X","0",",,,X","29.95",",X","34.67",",,,X","25.23",",,,X","","","",""
"VMW00041022","1967-10","11.61667","108.95","17.1","PHAN RANG, VM","3122.3","X","290.9",",X","8",",X","7",",X","1",",X","0",",X","0",",X","0",",X","0",",X","0",",X","31",",X","13",",X","4","","19671031","+,,X","19671031","+,,X","19671031","+,,X","1","","19671016",",,X","19671023","+,,X","22.8",",X,31,+","0",",,X,31,+","0",",,X,31,+","34.5",",,X,16,","33.3",",X,23,+","0.0","X","0.0",",X","118.2",",,,X","0",",,,X","27.72",",X","31.40",",,,X","24.03",",,,X","68","3,X","13.9","3,X"
"VMW00041022","1967-11","11.61667","108.95","17.1","PHAN RANG, VM","3390.8","X","268.5",",X","5",",X","5",",X","2",",X","0",",X","0",",X","0",",X","0",",X","0",",X","30",",X","4",",X","4","","19671118",",,X","19671130","+,,X","19671130","+,,X","1","","19671110",",,X","19671103","+,,X","20.0",",X,18,","0",",,X,30,+","0",",,X,30,+","50.8",",,X,10,","32.8",",X,03,+","0.0","X","0.0",",X","105.2",",,,X","0",",,,X","27.28",",X","30.93",",,,X","23.63",",,,X","45","1,X","14.4","1,X"
"VMW00041022","1967-12","11.61667","108.95","17.1","PHAN RANG, VM","3621.2","X","230.4",",X","3",",X","0",",X","0",",X","0",",X","0",",X","0",",X","0",",X","0",",X","31",",X","0",",X","1","","19671221",",,X","19671231","+,,X","19671231","+,,X","","","19671203",",,X","19671228","+,,X","18.9",",X,21,","0",",,X,31,+","0",",,X,31,+","2.3",",,X,03,","31.1",",X,28,+","0.0","X","0.0",",X","4.1",",,,X","0",",,,X","25.76",",X","29.74",",,,X","21.79",",,,X","45",",X","19.0",",X"
