"STATION","DATE","LATITUDE","LONGITUDE","ELEVATION","NAME","CDSD","CDSD_ATTRIBUTES","CLDD","CLDD_ATTRIBUTES","DP01","DP01_ATTRIBUTES","DP10","DP10_ATTRIBUTES","DP1X","DP1X_ATTRIBUTES","DSND","DSND_ATTRIBUTES","DSNW","DSNW_ATTRIBUTES","DT00","DT00_ATTRIBUTES","DT32","DT32_ATTRIBUTES","DX32","DX32_ATTRIBUTES","DX70","DX70_ATTRIBUTES","DX90","DX90_ATTRIBUTES","DYFG","DYFG_ATTRIBUTES","DYNT","DYNT_ATTRIBUTES","DYSD","DYSD_ATTRIBUTES","DYSN","DYSN_ATTRIBUTES","DYTS","DYTS_ATTRIBUTES","DYXP","DYXP_ATTRIBUTES","DYXT","DYXT_ATTRIBUTES","EMNT","EMNT_ATTRIBUTES","EMSD","EMSD_ATTRIBUTES","EMSN","EMSN_ATTRIBUTES","EMXP","EMXP_ATTRIBUTES","EMXT","EMXT_ATTRIBUTES","HDSD","HDSD_ATTRIBUTES","HTDD","HTDD_ATTRIBUTES","PRCP","PRCP_ATTRIBUTES","SNOW","SNOW_ATTRIBUTES","TAVG","TAVG_ATTRIBUTES","TMAX","TMAX_ATTRIBUTES","TMIN","TMIN_ATTRIBUTES"
"VMW00041008","1966-01","10.81667","106.65","10.1","SAIGON, VM","291.8","X","291.8",",X","1","2,X","0","2,X","0","2,X","0",",X","0",",X","0",",X","0",",X","0",",X","31",",X","25",",X","20","","19660102","+,,X","19660131","+,,X","19660131","+,,X","","","19660109",",2,X","19660131","+,,X","20.0",",X,02,+","0",",,X,31,+","0",",,X,31,+","0.3","2,,X,09,","33.9",",X,31,+","","","0.0",",X","0.3","2,,,X","0",",,,X","27.75",",X","32.56",",,,X","22.93",",,,X"
"VMW00041008","1966-02","10.81667","106.65","10.1","SAIGON, VM","586.3","X","294.5",",X","0",",X","0",",X","0",",X","0",",X","0",",X","0",",X","0",",X","0",",X","28",",X","27",",X","24","","19660215","+,,X","19660228","+,,X","19660228","+,,X","","","19660220",",,X","19660226","+,,X","22.2",",X,15,+","0",",,X,28,+","0",",,X,28,+","0.0",",T,X,20,","35.0",",X,26,+","","","0.0",",X","0.0",",T,,X","0",",,,X","28.85",",X","33.82",",,,X","23.89",",,,X"
"VMW00041008","1966-03","10.81667","106.65","10.1","SAIGON, VM","937.7","X","351.4",",X","5",",X","0",",X","0",",X","0",",X","0",",X","0",",X","0",",X","0",",X","31",",X","31",",X","23","","19660313","+,,X","19660331","+,,X","19660331","+,,X","4","","19660330",",,X","19660325","+,,X","23.3",",X,13,+","0",",,X,31,+","0",",,X,31,+","2.3",",,X,30,","36.1",",X,25,+","","","0.0",",X","6.7",",,,X","0",",,,X","29.67",",X","34.38",",,,X","24.96",",,,X"
"VMW00041008","1966-04","10.81667","106.65","10.1","SAIGON, VM","1305.7","X","368.0",",X","7",",X","1",",X","0",",X","0",",X","0",",X","0",",X","0",",X","0",",X","30",",X","30",",X","21","","19660422","+,,X","19660430","+,,X","19660430","+,,X","10","","19660414",",,X","19660430",",,X","25.0",",X,22,+","0",",,X,30,+","0",",,X,30,+","5.8",",,X,14,","37.2",",X,30,","","","0.0",",X","9.5",",,,X","0",",,,X","30.60",",X","34.76",",,,X","26.44",",,,X"
"VMW00041008","1966-05","10.81667","106.65","10.1","SAIGON, VM","1629.8","X","324.1",",X","","","","","","","0",",X","0",",X","0",",X","0",",X","0",",X","31",",X","20",",X","22","","19660531","+,,X","19660531","+,,X","19660531","+,,X","17","","","","19660502",",,X","23.9",",X,31,+","0",",,X,31,+","0",",,X,31,+","","","36.1",",X,02,","","","0.0",",X","","","0",",,,X","28.79",",X","32.36",",,,X","25.21",",,,X"
"VMW00041008","1966-06","10.81667","106.65","10.1","SAIGON, VM","1947.3","X","317.5",",X","19","1,X","16","1,X","6","1,X","0",",X","0",",X","0",",X","0",",X","0",",X","30",",X","25",",X","19","","19660624","+,,X","19660630","+,,X","19660630","+,,X","13","","19660622",",1,X","19660630","+,,X","23.3",",X,24,+","0",",,X,30,+","0",",,X,30,+","59.7","1,,X,22,","33.9",",X,30,+","","","0.0",",X","362.1","1,,,X","0",",,,X","28.92",",X","32.69",",,,X","25.14",",,,X"
"VMW00041008","1966-07","10.81667","106.65","10.1","SAIGON, VM","2256.2","X","308.9",",X","22",",X","18",",X","6",",X","0",",X","0",",X","0",",X","0",",X","0",",X","31",",X","20",",X","12","","19660731",",,X","19660731","+,,X","19660731","+,,X","4","","19660714",",,X","19660729","+,,X","23.3",",X,31,","0",",,X,31,+","0",",,X,31,+","49.0",",,X,14,","32.8",",X,29,+","0.0","","0.0",",X","355.6",",,,X","0",",,,X","28.30",",X","31.69",",,,X","24.91",",,,X"
"VMW00041008","1966-08","10.81667","106.65","10.1","SAIGON, VM","2570.6","X","314.4",",X","20",",X","18",",X","5",",X","0",",X","0",",X","0",",X","0",",X","0",",X","31",",X","18",",X","24","","19660831","+,,X","19660831","+,,X","19660831","+,,X","9","","19660817",",,X","19660825","+,,X","23.9",",X,31,+","0",",,X,31,+","0",",,X,31,+","116.1",",,X,17,","33.9",",X,25,+","0.0","","0.0",",X","412.2",",,,X","0",",,,X","28.48",",X","31.81",",,,X","25.14",",,,X"
"VMW00041008","1966-09","10.81667","106.65","10.1","SAIGON, VM","2861.7","X","291.1",",X","18",",X","15",",X","5",",X","0",",X","0",",X","0",",X","0",",X","0",",X","30",",X","18",",X","16","","19660901",",,X","19660930","+,,X","19660930","+,,X","6","","19660929",",,X","19660930","+,,X","22.2",",X,01,","0",",,X,30,+","0",",,X,30,+","51.3",",,X,29,","33.9",",X,30,+","0.0","","0.0",",X","313.2",",,,X","0",",,,X","28.04",",X","31.69",",,,X","24.39",",,,X"
"VMW00041008","1966-10","10.81667","106.65","10.1","SAIGON, VM","3166.2","X","304.5",",X","21",",X","16",",X","5",",X","0",",X","0",",X","0",",X","0",",X","0",",X","31",",X","20",",X","17","","19661019","+,,X","19661031","+,,X","19661031","+,,X","8","","19661022",",,X","19661012",",,X","23.3",",X,19,+","0",",,X,31,+","0",",,X,31,+","52.6",",,X,22,","36.1",",X,12,","0.0","","0.0",",X","305.1",",,,X","0",",,,X","28.16",",X","31.85",",,,X","24.46",",,,X"
"VMW00041008","1966-11","10.81667","106.65","10.1","SAIGON, VM","3462.4","X","296.2",",X","14",",X","11",",X","3",",X","0",",X","0",",X","0",",X","0",",X","0",",X","30",",X","26",",X","12","","19661129","+,,X","19661130","+,,X","19661130","+,,X","11","","19661130",",,X","19661129","+,,X","23.3",",X,29,+","0",",,X,30,+","0",",,X,30,+","69.9",",,X,30,","33.9",",X,29,+","0.0","","0.0",",X","197.2",",,,X","0",",,,X","28.21",",X","32.39",",,,X","24.02",",,,X"
"VMW00041008","1966-12","10.81667","106.65","10.1","SAIGON, VM","3742.5","X","280.1",",X","9","1,X","7","1,X","0","1,X","0",",X","0",",X","0",",X","0",",X","0",",X","31",",X","15",",X","17","","19661230","+,,X","19661231","+,,X","19661231","+,,X","4","","19661220",",1,X","19661227","+,,X","21.1",",X,30,+","0",",,X,31,+","0",",,X,31,+","22.4","1,,X,20,","32.8",",X,27,+","0.0","","0.0",",X","70.7","1,,,X","0",",,,X","27.37",",X","31.32",",,,X","23.42",",,,X"
"VMW00041008","1967-01","10.81667","106.65","10.1","SAIGON, VM","233.3","X","233.3",",X","7",",X","5",",X","0",",X","0",",X","0",",X","0",",X","0",",X","0",",X","31",",X","12",",X","12","","19670117",",,X","19670131","+,,X","19670131","+,,X","","","19670102",",,X","19670129","+,,X","17.2",",X,17,","0",",,X,31,+","0",",,X,31,+","23.6",",,X,02,","32.8",",X,29,+","0.0","X","0.0",",X","51.4",",,,X","0",",,,X","25.86",",X","30.03",",,,X","21.69",",,,X"
"VMW00041008","1967-02","10.81667","106.65","10.1","SAIGON, VM","485.1","X","251.8",",X","0",",X","0",",X","0",",X","0",",X","0",",X","0",",X","0",",X","0",",X","28",",X","23",",X","15","","19670206","+,,X","19670228","+,,X","19670228","+,,X","","","19670218",",,X","19670228","+,,X","18.9",",X,06,+","0",",,X,28,+","0",",,X,28,+","0.0",",T,X,18,","33.9",",X,28,+","0.0","X","0.0",",X","0.0",",T,,X","0",",,,X","27.33",",X","32.51",",,,X","22.14",",,,X"
"VMW00041008","1967-03","10.81667","106.65","10.1","SAIGON, VM","792.9","X","307.8",",X","0",",X","0",",X","0",",X","0",",X","0",",X","0",",X","0",",X","0",",X","31",",X","27",",X","18","","19670311","+,,X","19670331","+,,X","19670331","+,,X","","","19670310","+,,X","19670328","+,,X","22.2",",X,11,+","0",",,X,31,+","0",",,X,31,+","0.0",",T,X,10,+","33.9",",X,28,+","0.0","X","0.0",",X","0.0",",T,,X","0",",,,X","28.26",",X","32.73",",,,X","23.79",",,,X"
"VMW00041008","1967-04","10.81667","106.65","10.1","SAIGON, VM","1126.6","X","333.7",",X","6",",X","4",",X","1",",X","0",",X","0",",X","0",",X","0",",X","0",",X","30",",X","28",",X","22","","19670421",",,X","19670430","+,,X","19670430","+,,X","3","","19670409",",,X","19670410",",,X","23.3",",X,21,","0",",,X,30,+","0",",,X,30,+","27.9",",,X,09,","36.1",",X,10,","0.0","X","0.0",",X","58.2",",,,X","0",",,,X","29.46",",X","33.49",",,,X","25.42",",,,X"
"VMW00041008","1967-05","10.81667","106.65","10.1","SAIGON, VM","1456.3","X","329.7",",X","18","2,X","12","2,X","4","2,X","0",",X","0",",X","0",",X","0",",X","0",",X","31",",X","29",",X","16","","19670517","+,,X","19670531","+,,X","19670531","+,,X","12","","19670517",",2,X","19670503",",,X","23.3",",X,17,+","0",",,X,31,+","0",",,X,31,+","82.0","2,,X,17,","35.0",",X,03,","0.0","X","0.0",",X","293.9","2,,,X","0",",,,X","28.97",",X","32.76",",,,X","25.17",",,,X"
"VMW00041008","1967-06","10.81667","106.65","10.1","SAIGON, VM","1762.9","X","306.6",",X","18",",X","13",",X","1",",X","0",",X","0",",X","0",",X","0",",X","0",",X","30",",X","18",",X","22","","19670622",",,X","19670630","+,,X","19670630","+,,X","9","","19670630",",,X","19670619","+,,X","23.3",",X,22,","0",",,X,30,+","0",",,X,30,+","51.3",",,X,30,","33.9",",X,19,+","0.0","X","0.0",",X","175.8",",,,X","0",",,,X","28.55",",X","31.87",",,,X","25.24",",,,X"
"VMW00041008","1967-07","10.81667","106.65","10.1","SAIGON, VM","2058.1","X","295.2",",X","27","1,X","20","1,X","6","1,X","0",",X","0",",X","0",",X","0",",X","0",",X","31",",X","14",",X","23","","19670727","+,,X","19670731","+,,X","19670731","+,,X","10","","19670719",",1,X","19670705",",,X","23.3",",X,27,+","0",",,X,31,+","0",",,X,31,+","60.2","1,,X,19,","33.9",",X,05,","0.0","X","0.0",",X","406.0","1,,,X","0",",,,X","27.85",",X","31.16",",,,X","24.55",",,,X"
"VMW00041008","1967-08","10.81667","106.65","10.1","SAIGON, VM","2348.2","X","290.1",",X","18",",X","12",",X","1",",X","0",",X","0",",X","0",",X","0",",X","0",",X","31",",X","10",",X","7","","19670829",",,X","19670831","+,,X","19670831","+,,X","1","","19670808",",,X","19670824","+,,X","23.3",",X,29,","0",",,X,31,+","0",",,X,31,+","25.7",",,X,08,","32.8",",X,24,+","0.0","X","0.0",",X","145.6",",,,X","0",",,,X","27.69",",X","30.86",",,,X","24.52",",,,X"
"VMW00041008","1967-09","10.81667","106.65","10.1","SAIGON, VM","2641.3","X","293.1",",X","23",",X","17",",X","5",",X","0",",X","0",",X","0",",X","0",",X","0",",X","30",",X","17",",X","19","","19670906",",,X","19670930","+,,X","19670930","+,,X","13","","19670905",",,X","19670928","+,,X","23.3",",X,06,","0",",,X,30,+","0",",,X,30,+","62.0",",,X,05,","32.8",",X,28,+","0.0","X","0.0",",X","315.9",",,,X","0",",,,X","28.10",",X","31.48",",,,X","24.72",",,,X"
"VMW00041008","1967-10","10.81667","106.65","10.1","SAIGON, VM","2932.0","X","290.7",",X","24",",X","16",",X","6",",X","0",",X","0",",X","0",",X","0",",X","0",",X","31",",X","12",",X","26","","19671015",",,X","19671031","+,,X","19671031","+,,X","11","","19671010",",,X","19671024","+,,X","22.2",",X,15,","0",",,X,31,+","0",",,X,31,+","69.1",",,X,10,","32.8",",X,24,+","0.0","X","0.0",",X","402.2",",,,X","0",",,,X","27.71",",X","31.21",",,,X","24.21",",,,X"
"VMW00041008","1967-11","10.81667","106.65","10.1","SAIGON, VM","3201.5","X","269.5",",X","10",",X","7",",X","1",",X","0",",X","0",",X","0",",X","0",",X","0",",X","30",",X","9",",X","22","","19671128","+,,X","19671130","+,,X","19671130","+,,X","4","","19671105",",,X","19671125","+,,X","22.2",",X,28,+","0",",,X,30,+","0",",,X,30,+","32.8",",,X,05,","32.8",",X,25,+","0.0","X","0.0",",X","111.8",",,,X","0",",,,X","27.32",",X","30.88",",,,X","23.75",",,,X"
"VMW00041008","1967-12","10.81667","106.65","10.1","SAIGON, VM","3432.2","X","230.7",",X","3",",X","1",",X","0",",X","0",",X","0",",X","0",",X","0",",X","0",",X","31",",X","5",",X","24","","19671224","+,,X","19671231","+,,X","19671231","+,,X","","","19671201",",,X","19671228","+,,X","18.9",",X,24,+","0",",,X,31,+","0",",,X,31,+","8.4",",,X,01,","32.2",",X,28,+","0.0","X","0.0",",X","10.2",",,,X","0",",,,X","25.77",",X","30.39",",,,X","21.16",",,,X"
