"STATION","DATE","LATITUDE","LONGITUDE","ELEVATION","NAME","CDSD","CDSD_ATTRIBUTES","CLDD","CLDD_ATTRIBUTES","DP01","DP01_ATTRIBUTES","DP10","DP10_ATTRIBUTES","DP1X","DP1X_ATTRIBUTES","DSND","DSND_ATTRIBUTES","DSNW","DSNW_ATTRIBUTES","DT00","DT00_ATTRIBUTES","DT32","DT32_ATTRIBUTES","DX32","DX32_ATTRIBUTES","DX70","DX70_ATTRIBUTES","DX90","DX90_ATTRIBUTES","DYFG","DYFG_ATTRIBUTES","DYHF","DYHF_ATTRIBUTES","DYNT","DYNT_ATTRIBUTES","DYSD","DYSD_ATTRIBUTES","DYSN","DYSN_ATTRIBUTES","DYTS","DYTS_ATTRIBUTES","DYXP","DYXP_ATTRIBUTES","DYXT","DYXT_ATTRIBUTES","EMNT","EMNT_ATTRIBUTES","EMSD","EMSD_ATTRIBUTES","EMSN","EMSN_ATTRIBUTES","EMXP","EMXP_ATTRIBUTES","EMXT","EMXT_ATTRIBUTES","HDSD","HDSD_ATTRIBUTES","HTDD","HTDD_ATTRIBUTES","PRCP","PRCP_ATTRIBUTES","SNOW","SNOW_ATTRIBUTES","TAVG","TAVG_ATTRIBUTES","TMAX","TMAX_ATTRIBUTES","TMIN","TMIN_ATTRIBUTES"
"VMW00041013","1965-09","15.46667","108.7","18.3","KY HA, VM","","","","","","","","","","","","","","","","","","","","","","","","","1","","","","","","","","","","","","","","","","","","","","","","","","","","","","","","","","","","","","","","",""
"VMW00041013","1965-10","15.46667","108.7","18.3","KY HA, VM","","","277.9",",X","","","","","","","0",",X","0",",X","0",",X","0",",X","0",",X","31",",X","5",",X","6","","","","19651024","+,,X","19651031","+,,X","19651031","+,,X","4","","","","19651002",",,X","22.8",",X,24,+","0",",,X,31,+","0",",,X,31,+","","","32.8",",X,02,","","","0.0",",X","","","0",",,,X","27.30",",X","30.15",",,,X","24.45",",,,X"
"VMW00041013","1965-11","15.46667","108.7","18.3","KY HA, VM","","","","","","","","","","","0",",X","0",",X","","","","","","","","","","","","","","","","","19651130","+,,X","19651130","+,,X","","","","","","","","","0",",,X,30,+","0",",,X,30,+","","","","","","","","","","","0",",,,X","","","","","",""
"VMW00041013","1965-12","15.46667","108.7","18.3","KY HA, VM","","","197.7",",X","","","","","","","0",",X","0",",X","0",",X","0",",X","0",",X","29",",X","1",",X","7","","","","19651231",",,X","19651231","+,,X","19651231","+,,X","","","","","19651209",",,X","16.7",",X,31,","0",",,X,31,+","0",",,X,31,+","","","32.2",",X,09,","","","0.0",",X","","","0",",,,X","24.71",",X","27.40",",,,X","22.02",",,,X"
"VMW00041013","1966-01","15.46667","108.7","18.3","KY HA, VM","188.9","X","188.9",",X","16",",X","7",",X","1",",X","0",",X","0",",X","0",",X","0",",X","0",",X","31",",X","0",",X","1","","","","19660102","+,,X","19660131","+,,X","19660131","+,,X","","","19660128",",,X","19660114","+,,X","18.3",",X,02,+","0",",,X,31,+","0",",,X,31,+","28.2",",,X,28,","31.1",",X,14,+","","","0.0",",X","80.0",",,,X","0",",,,X","24.43",",X","27.45",",,,X","21.40",",,,X"
"VMW00041013","1966-02","15.46667","108.7","18.3","KY HA, VM","","","","","7","2,X","5","2,X","3","2,X","0","1,X","0",",X","","","","","","","","","","","5","","","","","","19660228","+,1,X","19660228","+,,X","","","19660223",",2,X","","","","","0","1,,X,28,+","0",",,X,28,+","63.5","2,,X,23,","","","","","","","158.2","2,,,X","0",",,,X","","","","","",""
"VMW00041013","1966-03","15.46667","108.7","18.3","KY HA, VM","","","261.4",",X","5",",X","4",",X","0",",X","0",",X","0",",X","0",",X","0",",X","0",",X","31",",X","7",",X","8","","","","19660313","+,,X","19660331","+,,X","19660331","+,,X","","","19660311",",,X","19660325","+,,X","21.7",",X,13,+","0",",,X,31,+","0",",,X,31,+","24.4",",,X,11,","33.3",",X,25,+","","","0.0",",X","53.5",",,,X","0",",,,X","26.77",",X","30.10",",,,X","23.43",",,,X"
"VMW00041013","1966-04","15.46667","108.7","18.3","KY HA, VM","","","290.8",",X","1",",X","0",",X","0",",X","0",",X","0",",X","0",",X","0",",X","0",",X","30",",X","11",",X","","","","","19660417",",,X","19660430","+,,X","19660430","+,,X","2","","19660416",",,X","19660429",",,X","22.8",",X,17,","0",",,X,30,+","0",",,X,30,+","0.8",",,X,16,","33.9",",X,29,","","","0.0",",X","0.8",",,,X","0",",,,X","28.03",",X","31.73",",,,X","24.32",",,,X"
"VMW00041013","1966-05","15.46667","108.7","18.3","KY HA, VM","","","307.9",",X","13",",X","11",",X","4",",X","0",",X","0",",X","0",",X","0",",X","0",",X","31",",X","12",",X","5","","","","19660525",",,X","19660531","+,,X","19660531","+,,X","6","","19660523",",,X","19660512",",,X","23.3",",X,25,","0",",,X,31,+","0",",,X,31,+","69.9",",,X,23,","36.7",",X,12,","","","0.0",",X","228.9",",,,X","0",",,,X","28.26",",X","31.27",",,,X","25.26",",,,X"
"VMW00041013","1966-06","15.46667","108.7","18.3","KY HA, VM","","","337.9",",X","4",",X","4",",X","0",",X","0",",X","0",",X","0",",X","0",",X","0",",X","30",",X","28",",X","","","","","19660623","+,,X","19660630","+,,X","19660630","+,,X","2","","19660608",",,X","19660614",",,X","25.0",",X,23,+","0",",,X,30,+","0",",,X,30,+","18.8",",,X,08,","36.1",",X,14,","","","0.0",",X","28.7",",,,X","0",",,,X","29.60",",X","33.24",",,,X","25.95",",,,X"
"VMW00041013","1966-07","15.46667","108.7","18.3","KY HA, VM","","","347.7",",X","9",",X","7",",X","3",",X","0",",X","0",",X","0",",X","0",",X","0",",X","31",",X","28",",X","","","","","19660723","+,,X","19660731","+,,X","19660731","+,,X","5","","19660721",",,X","19660728","+,,X","23.3",",X,23,+","0",",,X,31,+","0",",,X,31,+","61.0",",,X,21,","35.6",",X,28,+","0.0","X","0.0",",X","194.2",",,,X","0",",,,X","29.55",",X","33.26",",,,X","25.84",",,,X"
"VMW00041013","1966-08","15.46667","108.7","18.3","KY HA, VM","","","342.2",",X","13",",X","8",",X","2",",X","0",",X","0",",X","0",",X","0",",X","0",",X","31",",X","26",",X","","","","","19660801",",,X","19660831","+,,X","19660831","+,,X","4","","19660801",",,X","19660820","+,,X","23.3",",X,01,","0",",,X,31,+","0",",,X,31,+","54.6",",,X,01,","35.0",",X,20,+","0.0","X","0.0",",X","190.0",",,,X","0",",,,X","29.37",",X","33.00",",,,X","25.74",",,,X"
"VMW00041013","1966-09","15.46667","108.7","18.3","KY HA, VM","","","301.0",",X","15",",X","11",",X","2",",X","0",",X","0",",X","0",",X","0",",X","0",",X","30",",X","19",",X","","","","","19660930","+,,X","19660930","+,,X","19660930","+,,X","5","","19660901",",,X","19660906",",,X","23.3",",X,30,+","0",",,X,30,+","0",",,X,30,+","36.1",",,X,01,","35.6",",X,06,","0.0","X","0.0",",X","172.9",",,,X","0",",,,X","28.37",",X","32.06",",,,X","24.67",",,,X"
"VMW00041013","1966-10","15.46667","108.7","18.3","KY HA, VM","","","263.8",",X","20",",X","18",",X","11",",X","0",",X","0",",X","0",",X","0",",X","0",",X","31",",X","0",",X","12","","","","19661019","+,,X","19661031","+,,X","19661031","+,,X","6","","19661022",",,X","19661026","+,,X","22.8",",X,19,+","0",",,X,31,+","0",",,X,31,+","103.4",",,X,22,","31.7",",X,26,+","0.0","X","0.0",",X","742.5",",,,X","0",",,,X","26.84",",X","29.33",",,,X","24.35",",,,X"
"VMW00041013","1966-11","15.46667","108.7","18.3","KY HA, VM","","","204.6",",X","25",",X","20",",X","6",",X","0",",X","0",",X","0",",X","0",",X","0",",X","30",",X","0",",X","19","","","","19661124","+,,X","19661130","+,,X","19661130","+,,X","","","19661112",",,X","19661118","+,,X","21.7",",X,24,+","0",",,X,30,+","0",",,X,30,+","80.3",",,X,12,","29.4",",X,18,+","0.0","X","0.0",",X","444.5",",,,X","0",",,,X","25.15",",X","26.99",",,,X","23.32",",,,X"
"VMW00041013","1966-12","15.46667","108.7","18.3","KY HA, VM","","","176.9",",X","23",",X","17",",X","5",",X","0",",X","0",",X","0",",X","0",",X","0",",X","30",",X","0",",X","19","","","","19661203",",,X","19661231","+,,X","19661231","+,,X","","","19661222",",,X","19661218",",,X","17.8",",X,03,","0",",,X,31,+","0",",,X,31,+","90.4",",,X,22,","28.9",",X,18,","0.0","X","0.0",",X","448.8",",,,X","0",",,,X","24.04",",X","25.79",",,,X","22.29",",,,X"
"VMW00041013","1967-01","15.46667","108.7","18.3","KY HA, VM","72.5","","72.5",",X","23",",X","21",",X","8",",X","0",",X","0",",X","0",",X","0",",X","0",",X","19",",X","0",",X","25","","2","","19670116",",,X","19670131","+,,X","19670131","+,,X","","","19670101",",,X","19670129",",,X","14.4",",X,16,","0",",,X,31,+","0",",,X,31,+","175.0",",,X,01,","28.3",",X,29,","7.2","","7.2",",X","608.2",",,,X","0",",,,X","20.44",",X","22.16",",,,X","18.72",",,,X"
"VMW00041013","1967-02","15.46667","108.7","18.3","KY HA, VM","162.9","","90.4",",X","13",",X","9",",X","2",",X","0",",X","0",",X","0",",X","0",",X","0",",X","26",",X","0",",X","21","","","","19670215","+,,X","19670228","+,,X","19670228","+,,X","","","19670211",",,X","19670222",",,X","16.7",",X,15,+","0",",,X,28,+","0",",,X,28,+","40.9",",,X,11,","30.6",",X,22,","8.0","","0.8",",X","119.9",",,,X","0",",,,X","21.53",",X","24.08",",,,X","18.99",",,,X"
"VMW00041013","1967-03","15.46667","108.7","18.3","KY HA, VM","329.8","","166.9",",X","8",",X","4",",X","0",",X","0",",X","0",",X","0",",X","0",",X","0",",X","29",",X","2",",X","30","","3","","19670307",",,X","19670331","+,,X","19670331","+,,X","","","19670306",",,X","19670330","+,,X","15.6",",X,07,","0",",,X,31,+","0",",,X,31,+","25.1",",,X,06,","32.2",",X,30,+","9.4","","1.4",",X","45.5",",,,X","0",",,,X","23.67",",X","26.55",",,,X","20.79",",,,X"
"VMW00041013","1967-04","15.46667","108.7","18.3","KY HA, VM","556.6","","226.8",",X","9",",X","5",",X","2",",X","0",",X","0",",X","0",",X","0",",X","0",",X","30",",X","1",",X","20","","","","19670406",",,X","19670430","+,,X","19670430","+,,X","1","","19670418",",,X","19670403",",,X","21.7",",X,06,","0",",,X,30,+","0",",,X,30,+","31.2",",,X,18,","32.2",",X,03,","9.4","","0.0",",X","93.5",",,,X","0",",,,X","25.89",",X","28.05",",,,X","23.73",",,,X"
"VMW00041013","1967-05","15.46667","108.7","18.3","KY HA, VM","864.2","","307.6",",X","5",",X","1",",X","0",",X","0",",X","0",",X","0",",X","0",",X","0",",X","31",",X","9",",X","1","","","","19670514","+,,X","19670531","+,,X","19670531","+,,X","","","19670529",",,X","19670525",",,X","24.4",",X,14,+","0",",,X,31,+","0",",,X,31,+","17.8",",,X,29,","35.6",",X,25,","9.4","","0.0",",X","20.2",",,,X","0",",,,X","28.26",",X","30.96",",,,X","25.55",",,,X"
"VMW00041013","1967-06","15.46667","108.7","18.3","KY HA, VM","1173.6","","309.4",",X","7",",X","2",",X","0",",X","0",",X","0",",X","0",",X","0",",X","0",",X","30",",X","10",",X","1","","","","19670611","+,,X","19670630","+,,X","19670630","+,,X","2","","19670601",",,X","19670601",",,X","23.3",",X,11,+","0",",,X,30,+","0",",,X,30,+","17.0",",,X,01,","33.9",",X,01,","9.4","","0.0",",X","28.0",",,,X","0",",,,X","28.65",",X","31.38",",,,X","25.91",",,,X"
"VMW00041013","1967-07","15.46667","108.7","18.3","KY HA, VM","1507.7","","334.1",",X","6",",X","3",",X","0",",X","0",",X","0",",X","0",",X","0",",X","0",",X","31",",X","13",",X","","","","","19670713",",,X","19670731","+,,X","19670731","+,,X","6","","19670713",",,X","19670706",",,X","23.9",",X,13,","0",",,X,31,+","0",",,X,31,+","23.6",",,X,13,","36.1",",X,06,","0.0","","0.0",",X","54.7",",,,X","0",",,,X","29.11",",X","31.97",",,,X","26.25",",,,X"
"VMW00041013","1967-08","15.46667","108.7","18.3","KY HA, VM","1841.4","","333.7",",X","12",",X","8",",X","5",",X","0",",X","0",",X","0",",X","0",",X","0",",X","31",",X","18",",X","1","","","","19670829","+,,X","19670831","+,,X","19670831","+,,X","6","","19670829",",,X","19670802",",,X","23.9",",X,29,+","0",",,X,31,+","0",",,X,31,+","72.6",",,X,29,","35.6",",X,02,","0.0","","0.0",",X","254.2",",,,X","0",",,,X","29.10",",X","31.95",",,,X","26.24",",,,X"
"VMW00041013","1967-09","15.46667","108.7","18.3","KY HA, VM","2123.7","","282.3",",X","16",",X","10",",X","3",",X","0",",X","0",",X","0",",X","0",",X","0",",X","30",",X","2",",X","1","","","","19670924",",,X","19670930","+,,X","19670930","+,,X","11","","19670924",",,X","19670911","+,,X","23.3",",X,24,","0",",,X,30,+","0",",,X,30,+","52.3",",,X,24,","32.2",",X,11,+","0.0","","0.0",",X","186.5",",,,X","0",",,,X","27.74",",X","30.39",",,,X","25.10",",,,X"
"VMW00041013","1967-10","15.46667","108.7","18.3","KY HA, VM","2356.2","","232.5",",X","20",",X","7",",X","4",",X","0",",X","0",",X","0",",X","0",",X","0",",X","31",",X","0",",X","8","","1","","19671020",",,X","19671031","+,,X","19671031","+,,X","3","","19671008",",,X","19671001",",,X","21.7",",X,20,","0",",,X,31,+","0",",,X,31,+","251.5",",,X,08,","31.1",",X,01,","0.0","","0.0",",X","388.9",",,,X","0",",,,X","25.83",",X","27.97",",,,X","23.69",",,,X"
